# This file was generated by Animated Java via MC-Build. It is not recommended to edit this file directly.
execute unless entity @s[type=item_display,tag=aj.aska.root] run return run function animated_java:global/errors/function_not_executed_as_root_entity {'export_namespace': 'aska', 'function_path': 'animated_java:aska/set_default_pose'}
execute on passengers if entity @s[tag=aj.aska.bone.guide9] run data merge entity @s {transformation: [0.5294238980367186f,-0.2333443870333858f,0.8156351716469933f,-0.22812499999999994f,-0.24463065139325962f,-0.9625805500193003f,-0.11659557934781029f,0.953125f,0.8123214761327663f,-0.13780087722708986f,-0.566696336364484f,-0.44375f,0f,0f,0f,1f], start_interpolation: -1}
execute on passengers if entity @s[tag=aj.aska.bone.guide10] run data merge entity @s {transformation: [0.2911778392576755f,-0.06461206448701912f,0.9544845452116849f,-0.24999999999999994f,-0.298747878386079f,-0.9539624007189151f,0.026560180240748382f,0.78125f,0.9088262601207385f,-0.2928839687270879f,-0.2970754277580395f,-0.453125f,0f,0f,0f,1f], start_interpolation: -1}
execute on passengers if entity @s[tag=aj.aska.bone.guide18] run data merge entity @s {transformation: [-0.007818429323011699f,-0.01122839687027554f,0.9999063932522108f,0.22812500000000005f,-0.11058825023759386f,-0.9937935657156465f,-0.012024460552065887f,1.09375f,0.9938355553472156f,-0.11067191082611907f,0.006528175992354457f,-0.4625f,0f,0f,0f,1f], start_interpolation: -1}
execute on passengers if entity @s[tag=aj.aska.bone.guide21] run data merge entity @s {transformation: [-0.006810047252886598f,-0.011867061274905891f,0.9999063936754835f,0.19687500000000008f,-0.023552546936308594f,-0.9996502841490393f,-0.01202443069579766f,0.359375f,0.9996994052160011f,-0.023632229210184326f,0.006528166153743198f,-0.571875f,0f,0f,0f,1f], start_interpolation: -1}
execute on passengers if entity @s[tag=aj.aska.bone.guide22] run data merge entity @s {transformation: [-0.005749859098215915f,-0.012415529105421357f,0.9999063924975093f,0.16562500000000008f,0.06366235443506497f,-0.997899050770708f,-0.012024520726607618f,0.203125f,0.9979549307198872f,0.06358725586116205f,0.006528180750583379f,-0.571875f,0f,0f,0f,1f], start_interpolation: -1}
execute on passengers if entity @s[tag=aj.aska.bone.guide23] run data merge entity @s {transformation: [0.3372787972043406f,0.07573546104599509f,0.9383534264319303f,-0.23437499999999992f,-0.1870898418488166f,-0.9714842178880025f,0.14565646388513478f,0.59375f,0.9226269040264209f,-0.2246832310936607f,-0.3134916930828221f,-0.515625f,0f,0f,0f,1f], start_interpolation: -1}
execute on passengers if entity @s[tag=aj.aska.bone.guide24] run data merge entity @s {transformation: [0.23524429589131024f,-0.09090269726071673f,0.9676759896170454f,-0.17187499999999992f,-0.1387330634876982f,-0.9885624834762461f,-0.05913842539834309f,0.390625f,0.9619840218766215f,-0.12033667726010874f,-0.24516489504020844f,-0.578125f,0f,0f,0f,1f], start_interpolation: -1}
execute on passengers if entity @s[tag=aj.aska.bone.guide25] run data merge entity @s {transformation: [0.7786630340348125f,-0.2354883828999181f,0.581574673577592f,-0.29687499999999994f,-0.2359690486005225f,-0.9687582322793391f,-0.07632886409200094f,0.40625f,0.5813798134870742f,-0.0777991575159555f,-0.8099041940622004f,-0.546875f,0f,0f,0f,1f], start_interpolation: -1}
execute on passengers if entity @s[tag=aj.aska.bone.guide26] run data merge entity @s {transformation: [0.9264515661274346f,-0.23048288784094662f,0.2975989483054672f,-0.39062499999999994f,-0.21327021534912127f,-0.9728812059952545f,-0.08954314192699347f,0.453125f,0.3101665856680277f,0.019488392281455304f,-0.950482452074378f,-0.46875000000000006f,0f,0f,0f,1f], start_interpolation: -1}
execute on passengers if entity @s[tag=aj.aska.bone.guide27] run data merge entity @s {transformation: [0.857407567369248f,-0.20366847292366966f,0.4726218536577509f,-0.33749999999999997f,-0.2092644184242052f,-0.9769832781066985f,-0.04137725802259498f,0.625f,0.47017089084664443f,-0.0634257631946962f,-0.8802934203796158f,-0.50625f,0f,0f,0f,1f], start_interpolation: -1}
execute on passengers if entity @s[tag=aj.aska.bone.guide28] run data merge entity @s {transformation: [0.9077642250541851f,-0.2636154569341293f,0.3262989466381796f,-0.33749999999999997f,-0.22947361063046245f,-0.963224277451072f,-0.13978860237186624f,0.671875f,0.3511495033970492f,0.05201809487352508f,-0.934873330494423f,-0.44375000000000003f,0f,0f,0f,1f], start_interpolation: -1}
execute on passengers if entity @s[tag=aj.aska.bone.guide29] run data merge entity @s {transformation: [0.9077642250541853f,-0.20294932834422755f,0.36711807615044284f,-0.30624999999999997f,-0.22947361063046248f,-0.9728647723838799f,0.02959724106536967f,0.828125f,0.35114950339704926f,-0.11111122706139837f,-0.9297033513357452f,-0.38125000000000003f,0f,0f,0f,1f], start_interpolation: -1}
execute on passengers if entity @s[tag=aj.aska.bone.guide30] run data merge entity @s {transformation: [0.9652115707147666f,-0.15787666227852365f,0.20842644569757854f,-0.30624999999999997f,-0.15178917112687096f,-0.9873884856056352f,-0.04498917672093243f,1.0625f,0.21290061363685678f,0.011787196494620187f,-0.9770027588046244f,-0.38125000000000003f,0f,0f,0f,1f], start_interpolation: -1}
execute on passengers if entity @s[tag=aj.aska.bone.guide46] run data merge entity @s {transformation: [-0.007818429323011699f,-0.01122839687027554f,0.9999063932522108f,0.22812500000000005f,-0.11058825023759386f,-0.9937935657156465f,-0.012024460552065887f,0.84375f,0.9938355553472156f,-0.11067191082611907f,0.006528175992354457f,-0.5093749999999999f,0f,0f,0f,1f], start_interpolation: -1}
execute on passengers if entity @s[tag=aj.aska.bone.guide94] run data merge entity @s {transformation: [-0.007818429323011456f,0.011228396870275568f,-0.9999063932522108f,-0.22812499999999994f,0.11058825023759386f,-0.9937935657156465f,-0.012024460552065887f,0.84375f,-0.9938355553472156f,-0.11067191082611907f,0.0065281759923542125f,-0.5093750000000001f,0f,0f,0f,1f], start_interpolation: -1}
execute on passengers if entity @s[tag=aj.aska.bone.guide15] run data merge entity @s {transformation: [0.23524429589131046f,0.09090269726071676f,-0.9676759896170454f,0.17187500000000008f,0.1387330634876982f,-0.9885624834762461f,-0.05913842539834309f,0.390625f,-0.9619840218766215f,-0.12033667726010872f,-0.24516489504020866f,-0.578125f,0f,0f,0f,1f], start_interpolation: -1}
execute on passengers if entity @s[tag=aj.aska.bone.guide19] run data merge entity @s {transformation: [0.7786630340348127f,0.2354883828999181f,-0.5815746735775917f,0.29687500000000006f,0.2359690486005225f,-0.9687582322793391f,-0.07632886409200094f,0.40625f,-0.581379813487074f,-0.07779915751595544f,-0.8099041940622006f,-0.546875f,0f,0f,0f,1f], start_interpolation: -1}
execute on passengers if entity @s[tag=aj.aska.bone.guide43] run data merge entity @s {transformation: [0.9264515661274346f,0.23048288784094662f,-0.29759894830546696f,0.39062500000000006f,0.21327021534912127f,-0.9728812059952545f,-0.08954314192699347f,0.453125f,-0.31016658566802746f,0.01948839228145536f,-0.950482452074378f,-0.46874999999999994f,0f,0f,0f,1f], start_interpolation: -1}
execute on passengers if entity @s[tag=aj.aska.bone.guide44] run data merge entity @s {transformation: [0.8574075673692482f,0.20366847292366966f,-0.47262185365775067f,0.3375000000000001f,0.2092644184242052f,-0.9769832781066985f,-0.04137725802259498f,0.625f,-0.4701708908466442f,-0.06342576319469614f,-0.880293420379616f,-0.50625f,0f,0f,0f,1f], start_interpolation: -1}
execute on passengers if entity @s[tag=aj.aska.bone.guide45] run data merge entity @s {transformation: [0.33727879720434084f,-0.07573546104599503f,-0.9383534264319303f,0.23437500000000008f,0.1870898418488166f,-0.9714842178880025f,0.14565646388513478f,0.59375f,-0.9226269040264209f,-0.2246832310936607f,-0.3134916930828223f,-0.515625f,0f,0f,0f,1f], start_interpolation: -1}
execute on passengers if entity @s[tag=aj.aska.bone.guide47] run data merge entity @s {transformation: [0.9077642250541851f,0.2636154569341293f,-0.3262989466381794f,0.3375000000000001f,0.22947361063046245f,-0.963224277451072f,-0.13978860237186624f,0.671875f,-0.351149503397049f,0.05201809487352515f,-0.934873330494423f,-0.4437499999999999f,0f,0f,0f,1f], start_interpolation: -1}
execute on passengers if entity @s[tag=aj.aska.bone.guide48] run data merge entity @s {transformation: [0.2911778392576757f,0.0646120644870192f,-0.9544845452116849f,0.25000000000000006f,0.298747878386079f,-0.9539624007189151f,0.026560180240748382f,0.78125f,-0.9088262601207385f,-0.2928839687270879f,-0.29707542775803975f,-0.453125f,0f,0f,0f,1f], start_interpolation: -1}
execute on passengers if entity @s[tag=aj.aska.bone.guide42] run data merge entity @s {transformation: [0.5294238980367189f,0.23334438703338586f,-0.8156351716469931f,0.22812500000000005f,0.24463065139325962f,-0.9625805500193003f,-0.11659557934781029f,0.953125f,-0.8123214761327661f,-0.1378008772270898f,-0.5666963363644842f,-0.44375f,0f,0f,0f,1f], start_interpolation: -1}
execute on passengers if entity @s[tag=aj.aska.bone.guide41] run data merge entity @s {transformation: [0.9652115707147666f,0.15787666227852365f,-0.20842644569757832f,0.3062500000000001f,0.15178917112687096f,-0.9873884856056352f,-0.04498917672093243f,1.0625f,-0.21290061363685656f,0.011787196494620225f,-0.9770027588046244f,-0.3812499999999999f,0f,0f,0f,1f], start_interpolation: -1}
execute on passengers if entity @s[tag=aj.aska.bone.guide40] run data merge entity @s {transformation: [0.9077642250541853f,0.20294932834422755f,-0.3671180761504426f,0.3062500000000001f,0.22947361063046248f,-0.9728647723838799f,0.02959724106536967f,0.828125f,-0.35114950339704903f,-0.11111122706139831f,-0.9297033513357452f,-0.3812499999999999f,0f,0f,0f,1f], start_interpolation: -1}
execute on passengers if entity @s[tag=aj.aska.bone.guide91] run data merge entity @s {transformation: [-0.007818429323011456f,0.011228396870275568f,-0.9999063932522108f,-0.2281249999999999f,0.11058825023759386f,-0.9937935657156465f,-0.012024460552065887f,0.59375f,-0.9938355553472156f,-0.11067191082611907f,0.0065281759923542125f,-0.55625f,0f,0f,0f,1f], start_interpolation: -1}
execute on passengers if entity @s[tag=aj.aska.bone.guide61] run data merge entity @s {transformation: [-0.007818429323011456f,0.011228396870275568f,-0.9999063932522108f,-0.22812499999999994f,0.11058825023759386f,-0.9937935657156465f,-0.012024460552065887f,1.09375f,-0.9938355553472156f,-0.11067191082611907f,0.0065281759923542125f,-0.4625f,0f,0f,0f,1f], start_interpolation: -1}
execute on passengers if entity @s[tag=aj.aska.bone.guide90] run data merge entity @s {transformation: [-0.006810047252886353f,0.011867061274905898f,-0.9999063936754835f,-0.1968749999999999f,0.023552546936308594f,-0.9996502841490393f,-0.01202443069579766f,0.359375f,-0.9996994052160011f,-0.023632229210184326f,0.0065281661537429534f,-0.571875f,0f,0f,0f,1f], start_interpolation: -1}
execute on passengers if entity @s[tag=aj.aska.bone.guide92] run data merge entity @s {transformation: [-0.00574985909821567f,0.012415529105421343f,-0.9999063924975093f,-0.1656249999999999f,-0.06366235443506497f,-0.997899050770708f,-0.012024520726607618f,0.203125f,-0.9979549307198872f,0.06358725586116205f,0.0065281807505831345f,-0.571875f,0f,0f,0f,1f], start_interpolation: -1}
execute on passengers if entity @s[tag=aj.aska.bone.guide93] run data merge entity @s {transformation: [-0.007818429323011699f,-0.01122839687027554f,0.9999063932522108f,0.22812500000000008f,-0.11058825023759386f,-0.9937935657156465f,-0.012024460552065887f,0.59375f,0.9938355553472156f,-0.11067191082611907f,0.006528175992354457f,-0.55625f,0f,0f,0f,1f], start_interpolation: -1}
execute on passengers if entity @s[tag=aj.aska.bone.guide17] run data merge entity @s {transformation: [-0.007818429323011699f,-0.01122839687027554f,0.9999063932522108f,0.20312500000000006f,-0.11058825023759386f,-0.9937935657156465f,-0.012024460552065887f,1.328125f,0.9938355553472156f,-0.11067191082611907f,0.006528175992354457f,-0.421875f,0f,0f,0f,1f], start_interpolation: -1}
execute on passengers if entity @s[tag=aj.aska.bone.guide89] run data merge entity @s {transformation: [-0.007818429323011456f,0.011228396870275568f,-0.9999063932522108f,-0.20312499999999994f,0.11058825023759386f,-0.9937935657156465f,-0.012024460552065887f,1.328125f,-0.9938355553472156f,-0.11067191082611907f,0.0065281759923542125f,-0.421875f,0f,0f,0f,1f], start_interpolation: -1}
execute on passengers if entity @s[tag=aj.aska.bone.guide11] run data merge entity @s {transformation: [-0.007818429323011699f,-0.01122839687027554f,0.9999063932522108f,0.17187500000000006f,-0.11058825023759386f,-0.9937935657156465f,-0.012024460552065887f,1.515625f,0.9938355553472156f,-0.11067191082611907f,0.006528175992354457f,-0.390625f,0f,0f,0f,1f], start_interpolation: -1}
execute on passengers if entity @s[tag=aj.aska.bone.guide60] run data merge entity @s {transformation: [-0.007818429323011456f,0.011228396870275568f,-0.9999063932522108f,-0.17187499999999994f,0.11058825023759386f,-0.9937935657156465f,-0.012024460552065887f,1.515625f,-0.9938355553472156f,-0.11067191082611907f,0.0065281759923542125f,-0.390625f,0f,0f,0f,1f], start_interpolation: -1}
execute on passengers if entity @s[tag=aj.aska.bone.guide5] run data merge entity @s {transformation: [0.8526593044529732f,-0.18324818288007838f,0.489277236340422f,-0.24999999999999994f,-0.2538328113965592f,-0.9638189914755031f,0.08137478436016071f,1.515625f,0.4566629111152892f,-0.19357958348517343f,-0.8683236323338298f,-0.32812500000000006f,0f,0f,0f,1f], start_interpolation: -1}
execute on passengers if entity @s[tag=aj.aska.bone.guide7] run data merge entity @s {transformation: [0.7483834128086276f,-0.14741296348244473f,0.646677420071426f,-0.21874999999999994f,-0.24076844621984267f,-0.9688612581476792f,0.05777904261390494f,1.1875f,0.6180233189272026f,-0.198940394736263f,-0.7605720850809509f,-0.40625f,0f,0f,0f,1f], start_interpolation: -1}
execute on passengers if entity @s[tag=aj.aska.bone.guide6] run data merge entity @s {transformation: [-0.010063323534430629f,-0.18276097677916667f,0.9831058716568457f,-0.14062499999999994f,-0.32306315369043836f,-0.9298365777242172f,-0.17616508579654544f,1.390625f,0.9463239023965471f,-0.31937808956288927f,-0.04968609121403599f,-0.328125f,0f,0f,0f,1f], start_interpolation: -1}
execute on passengers if entity @s[tag=aj.aska.bone.guide31] run data merge entity @s {transformation: [0.9652115707147666f,-0.15787666227852365f,0.20842644569757854f,-0.30624999999999997f,-0.15178917112687096f,-0.9873884856056352f,-0.04498917672093243f,1.234375f,0.21290061363685678f,0.011787196494620187f,-0.9770027588046244f,-0.33437500000000003f,0f,0f,0f,1f], start_interpolation: -1}
execute on passengers if entity @s[tag=aj.aska.bone.guide32] run data merge entity @s {transformation: [0.9477788311724309f,-0.2586464907413588f,0.18659389059827222f,-0.29062499999999997f,-0.23726806619503288f,-0.9627881680828136f,-0.12939400358520453f,1.375f,0.21311769505484354f,0.07836412589264696f,-0.9738787972985099f,-0.30312500000000003f,0f,0f,0f,1f], start_interpolation: -1}
execute on passengers if entity @s[tag=aj.aska.bone.guide4] run data merge entity @s {transformation: [0.9427228240748242f,-0.2697264079487292f,0.1962685451708063f,-0.26562499999999994f,-0.2664861068811421f,-0.9628679536028018f,-0.043248800724254986f,1.515625f,0.20064603611265694f,-0.011531208949174815f,-0.9795959368088707f,-0.21875000000000006f,0f,0f,0f,1f], start_interpolation: -1}
execute on passengers if entity @s[tag=aj.aska.bone.guide49] run data merge entity @s {transformation: [0.7483834128086279f,0.1474129634824448f,-0.6466774200714258f,0.21875000000000006f,0.24076844621984267f,-0.9688612581476792f,0.05777904261390494f,1.1875f,-0.6180233189272024f,-0.19894039473626293f,-0.7605720850809511f,-0.40625f,0f,0f,0f,1f], start_interpolation: -1}
execute on passengers if entity @s[tag=aj.aska.bone.guide50] run data merge entity @s {transformation: [0.9652115707147666f,0.15787666227852365f,-0.20842644569757832f,0.3062500000000001f,0.15178917112687096f,-0.9873884856056352f,-0.04498917672093243f,1.234375f,-0.21290061363685656f,0.011787196494620225f,-0.9770027588046244f,-0.3343749999999999f,0f,0f,0f,1f], start_interpolation: -1}
execute on passengers if entity @s[tag=aj.aska.bone.guide39] run data merge entity @s {transformation: [0.9477788311724309f,0.2586464907413588f,-0.186593890598272f,0.2906250000000001f,0.23726806619503288f,-0.9627881680828136f,-0.12939400358520453f,1.375f,-0.21311769505484332f,0.07836412589264702f,-0.9738787972985099f,-0.3031249999999999f,0f,0f,0f,1f], start_interpolation: -1}
execute on passengers if entity @s[tag=aj.aska.bone.guide51] run data merge entity @s {transformation: [-0.010063323534430397f,0.18276097677916672f,-0.9831058716568457f,0.14062500000000006f,0.32306315369043836f,-0.9298365777242172f,-0.17616508579654544f,1.390625f,-0.9463239023965471f,-0.31937808956288927f,-0.04968609121403623f,-0.328125f,0f,0f,0f,1f], start_interpolation: -1}
execute on passengers if entity @s[tag=aj.aska.bone.guide52] run data merge entity @s {transformation: [0.8526593044529734f,0.18324818288007844f,-0.48927723634042175f,0.25000000000000006f,0.2538328113965592f,-0.9638189914755031f,0.08137478436016071f,1.515625f,-0.456662911115289f,-0.19357958348517337f,-0.86832363233383f,-0.32812499999999994f,0f,0f,0f,1f], start_interpolation: -1}
execute on passengers if entity @s[tag=aj.aska.bone.guide38] run data merge entity @s {transformation: [0.9427228240748242f,0.2697264079487292f,-0.19626854517080608f,0.26562500000000006f,0.2664861068811421f,-0.9628679536028018f,-0.043248800724254986f,1.515625f,-0.20064603611265672f,-0.011531208949174749f,-0.9795959368088707f,-0.21874999999999994f,0f,0f,0f,1f], start_interpolation: -1}
execute on passengers if entity @s[tag=aj.aska.bone.guide20] run data merge entity @s {transformation: [-0.007818429323011699f,-0.01122839687027554f,0.9999063932522108f,0.22812500000000008f,-0.11058825023759386f,-0.9937935657156465f,-0.012024460552065887f,1.09375f,0.9938355553472156f,-0.11067191082611907f,0.006528175992354457f,-0.4625f,0f,0f,0f,1f], start_interpolation: -1}
execute on passengers if entity @s[tag=aj.aska.bone.guide97] run data merge entity @s {transformation: [-0.007818429323011456f,0.011228396870275568f,-0.9999063932522108f,-0.2281249999999999f,0.11058825023759386f,-0.9937935657156465f,-0.012024460552065887f,1.09375f,-0.9938355553472156f,-0.11067191082611907f,0.0065281759923542125f,-0.4625f,0f,0f,0f,1f], start_interpolation: -1}
execute on passengers if entity @s[tag=aj.aska.bone.layer] run data merge entity @s {transformation: [-1f,0f,1.2246467991473532e-16f,1.5308084989341915e-17f,0f,1f,0f,1.515625f,-1.2246467991473532e-16f,0f,-1f,-0.125f,0f,0f,0f,1f], start_interpolation: -1}
execute on passengers if entity @s[tag=aj.aska.bone.head] run data merge entity @s {transformation: [-1f,0f,1.2246467991473532e-16f,1.5308084989341915e-17f,0f,1f,0f,1.515625f,-1.2246467991473532e-16f,0f,-1f,-0.125f,0f,0f,0f,1f], start_interpolation: -1}
execute on passengers if entity @s[tag=aj.aska.bone.6] run data merge entity @s {transformation: [-1f,0f,1.2246467991473532e-16f,0.11875000000000001f,0f,1f,0f,0.390625f,-1.2246467991473532e-16f,0f,-1f,-0.12499999999999999f,0f,0f,0f,1f], start_interpolation: -1}
execute on passengers if entity @s[tag=aj.aska.bone.12] run data merge entity @s {transformation: [-1f,0f,1.2246467991473532e-16f,0.11875000000000001f,0f,1f,0f,0.765625f,-1.2246467991473532e-16f,0f,-1f,-0.12499999999999999f,0f,0f,0f,1f], start_interpolation: -1}
execute on passengers if entity @s[tag=aj.aska.bone.10] run data merge entity @s {transformation: [-1f,0f,1.2246467991473532e-16f,1.5308084989341915e-17f,0f,1f,0f,1.140625f,-1.2246467991473532e-16f,0f,-1f,-0.125f,0f,0f,0f,1f], start_interpolation: -1}
execute on passengers if entity @s[tag=aj.aska.bone.9] run data merge entity @s {transformation: [-1f,0f,1.2246467991473532e-16f,1.5308084989341915e-17f,0f,1f,0f,1.515625f,-1.2246467991473532e-16f,0f,-1f,-0.125f,0f,0f,0f,1f], start_interpolation: -1}
execute on passengers if entity @s[tag=aj.aska.bone.item_display] run data merge entity @s {transformation: [3.3306690738754696e-16f,-5.551115123125783e-17f,-0.9999999999999999f,-0.375f,-0.7660444431189779f,-0.6427876096865388f,-5.551115123125783e-17f,0.953125f,-0.6427876096865391f,0.7660444431189779f,0f,0.24999999999999994f,0f,0f,0f,1f], start_interpolation: -1}
execute on passengers if entity @s[tag=aj.aska.bone.2] run data merge entity @s {transformation: [1f,0f,0f,-0.375f,0f,1f,0f,1.140625f,0f,0f,1f,-0.12500000000000006f,0f,0f,0f,1f], start_interpolation: -1}
execute on passengers if entity @s[tag=aj.aska.bone.1] run data merge entity @s {transformation: [1f,0f,0f,-0.375f,0f,1f,0f,1.515625f,0f,0f,1f,-0.12500000000000006f,0f,0f,0f,1f], start_interpolation: -1}
execute on passengers if entity @s[tag=aj.aska.bone.4] run data merge entity @s {transformation: [-1f,0f,1.2246467991473532e-16f,0.375f,0f,1f,0f,1.140625f,-1.2246467991473532e-16f,0f,-1f,-0.12499999999999996f,0f,0f,0f,1f], start_interpolation: -1}
execute on passengers if entity @s[tag=aj.aska.bone.3] run data merge entity @s {transformation: [-1f,0f,1.2246467991473532e-16f,0.375f,0f,1f,0f,1.515625f,-1.2246467991473532e-16f,0f,-1f,-0.12499999999999996f,0f,0f,0f,1f], start_interpolation: -1}
execute on passengers if entity @s[tag=aj.aska.bone.8] run data merge entity @s {transformation: [-1f,0f,1.2246467991473532e-16f,-0.13124999999999998f,0f,1f,0f,0.390625f,-1.2246467991473532e-16f,0f,-1f,-0.12500000000000003f,0f,0f,0f,1f], start_interpolation: -1}
execute on passengers if entity @s[tag=aj.aska.bone.7] run data merge entity @s {transformation: [-1f,0f,1.2246467991473532e-16f,-0.13124999999999998f,0f,1f,0f,0.765625f,-1.2246467991473532e-16f,0f,-1f,-0.12500000000000003f,0f,0f,0f,1f], start_interpolation: -1}