# This file was generated by Animated Java via MC-Build. It is not recommended to edit this file directly.

execute on passengers \
    if entity @s[tag=aj.sophia.node.guide16] run data merge entity @s { transformation: [0f,0f,-1f,-0.225f,0f,1f,0f,2.0188f,1f,0f,0f,0.0875f,0f,0f,0f,1f], start_interpolation: -1 }

execute on passengers \
    if entity @s[tag=aj.sophia.node.guide13] run data merge entity @s { transformation: [-0.0068f,-0.0119f,0.9999f,0.25f,-0.0236f,-0.9997f,-0.012f,1.9688f,0.9997f,-0.0236f,0.0065f,-0.4375f,0f,0f,0f,1f], start_interpolation: -1 }

execute on passengers \
    if entity @s[tag=aj.sophia.node.guide14] run data merge entity @s { transformation: [0f,0f,-1f,-0.2562f,0f,1f,0f,1.925f,1f,0f,0f,0.1187f,0f,0f,0f,1f], start_interpolation: -1 }

execute on passengers \
    if entity @s[tag=aj.sophia.node.guide8] run data merge entity @s { transformation: [-1f,0f,0f,0.25f,0f,1f,0f,2.0219f,0f,0f,-1f,-0.35f,0f,0f,0f,1f], start_interpolation: -1 }

execute on passengers \
    if entity @s[tag=aj.sophia.node.guide9] run data merge entity @s { transformation: [0.5294f,-0.2333f,0.8156f,-0.2281f,-0.2446f,-0.9626f,-0.1166f,1.1875f,0.8123f,-0.1378f,-0.5667f,-0.5531f,0f,0f,0f,1f], start_interpolation: -1 }

execute on passengers \
    if entity @s[tag=aj.sophia.node.guide10] run data merge entity @s { transformation: [0.2912f,-0.0646f,0.9545f,-0.25f,-0.2987f,-0.954f,0.0266f,1.0156f,0.9088f,-0.2929f,-0.2971f,-0.5625f,0f,0f,0f,1f], start_interpolation: -1 }

execute on passengers \
    if entity @s[tag=aj.sophia.node.guide18] run data merge entity @s { transformation: [-0.0078f,-0.0112f,0.9999f,0.2281f,-0.1106f,-0.9938f,-0.012f,1.3281f,0.9938f,-0.1107f,0.0065f,-0.5719f,0f,0f,0f,1f], start_interpolation: -1 }

execute on passengers \
    if entity @s[tag=aj.sophia.node.guide21] run data merge entity @s { transformation: [-0.0068f,-0.0119f,0.9999f,0.1969f,-0.0236f,-0.9997f,-0.012f,0.5938f,0.9997f,-0.0236f,0.0065f,-0.6812f,0f,0f,0f,1f], start_interpolation: -1 }

execute on passengers \
    if entity @s[tag=aj.sophia.node.guide22] run data merge entity @s { transformation: [-0.0057f,-0.0124f,0.9999f,0.1656f,0.0637f,-0.9979f,-0.012f,0.4375f,0.998f,0.0636f,0.0065f,-0.6812f,0f,0f,0f,1f], start_interpolation: -1 }

execute on passengers \
    if entity @s[tag=aj.sophia.node.guide23] run data merge entity @s { transformation: [0.3373f,0.0757f,0.9384f,-0.2344f,-0.1871f,-0.9715f,0.1457f,0.8281f,0.9226f,-0.2247f,-0.3135f,-0.625f,0f,0f,0f,1f], start_interpolation: -1 }

execute on passengers \
    if entity @s[tag=aj.sophia.node.guide24] run data merge entity @s { transformation: [0.2352f,-0.0909f,0.9677f,-0.1719f,-0.1387f,-0.9886f,-0.0591f,0.625f,0.962f,-0.1203f,-0.2452f,-0.6875f,0f,0f,0f,1f], start_interpolation: -1 }

execute on passengers \
    if entity @s[tag=aj.sophia.node.guide25] run data merge entity @s { transformation: [0.7787f,-0.2355f,0.5816f,-0.2969f,-0.236f,-0.9688f,-0.0763f,0.6406f,0.5814f,-0.0778f,-0.8099f,-0.6562f,0f,0f,0f,1f], start_interpolation: -1 }

execute on passengers \
    if entity @s[tag=aj.sophia.node.guide26] run data merge entity @s { transformation: [0.9265f,-0.2305f,0.2976f,-0.3906f,-0.2133f,-0.9729f,-0.0895f,0.6875f,0.3102f,0.0195f,-0.9505f,-0.5781f,0f,0f,0f,1f], start_interpolation: -1 }

execute on passengers \
    if entity @s[tag=aj.sophia.node.guide27] run data merge entity @s { transformation: [0.8574f,-0.2037f,0.4726f,-0.3375f,-0.2093f,-0.977f,-0.0414f,0.8594f,0.4702f,-0.0634f,-0.8803f,-0.6156f,0f,0f,0f,1f], start_interpolation: -1 }

execute on passengers \
    if entity @s[tag=aj.sophia.node.guide28] run data merge entity @s { transformation: [0.9078f,-0.2636f,0.3263f,-0.3375f,-0.2295f,-0.9632f,-0.1398f,0.9063f,0.3511f,0.052f,-0.9349f,-0.5531f,0f,0f,0f,1f], start_interpolation: -1 }

execute on passengers \
    if entity @s[tag=aj.sophia.node.guide29] run data merge entity @s { transformation: [0.9078f,-0.2029f,0.3671f,-0.3062f,-0.2295f,-0.9729f,0.0296f,1.0625f,0.3511f,-0.1111f,-0.9297f,-0.4906f,0f,0f,0f,1f], start_interpolation: -1 }

execute on passengers \
    if entity @s[tag=aj.sophia.node.guide30] run data merge entity @s { transformation: [0.9652f,-0.1579f,0.2084f,-0.3062f,-0.1518f,-0.9874f,-0.045f,1.2969f,0.2129f,0.0118f,-0.977f,-0.4906f,0f,0f,0f,1f], start_interpolation: -1 }

execute on passengers \
    if entity @s[tag=aj.sophia.node.guide46] run data merge entity @s { transformation: [-0.0078f,-0.0112f,0.9999f,0.2281f,-0.1106f,-0.9938f,-0.012f,1.0781f,0.9938f,-0.1107f,0.0065f,-0.6187f,0f,0f,0f,1f], start_interpolation: -1 }

execute on passengers \
    if entity @s[tag=aj.sophia.node.guide94] run data merge entity @s { transformation: [-0.0078f,0.0112f,-0.9999f,-0.2281f,0.1106f,-0.9938f,-0.012f,1.0781f,-0.9938f,-0.1107f,0.0065f,-0.6188f,0f,0f,0f,1f], start_interpolation: -1 }

execute on passengers \
    if entity @s[tag=aj.sophia.node.bone2] run data merge entity @s { transformation: [-1f,0f,0f,0f,0f,1f,0f,1.6875f,0f,0f,-1f,-0.125f,0f,0f,0f,1f], start_interpolation: -1 }

execute on passengers \
    if entity @s[tag=aj.sophia.node.guide15] run data merge entity @s { transformation: [0.2352f,0.0909f,-0.9677f,0.1719f,0.1387f,-0.9886f,-0.0591f,0.625f,-0.962f,-0.1203f,-0.2452f,-0.6875f,0f,0f,0f,1f], start_interpolation: -1 }

execute on passengers \
    if entity @s[tag=aj.sophia.node.guide19] run data merge entity @s { transformation: [0.7787f,0.2355f,-0.5816f,0.2969f,0.236f,-0.9688f,-0.0763f,0.6406f,-0.5814f,-0.0778f,-0.8099f,-0.6562f,0f,0f,0f,1f], start_interpolation: -1 }

execute on passengers \
    if entity @s[tag=aj.sophia.node.guide43] run data merge entity @s { transformation: [0.9265f,0.2305f,-0.2976f,0.3906f,0.2133f,-0.9729f,-0.0895f,0.6875f,-0.3102f,0.0195f,-0.9505f,-0.5781f,0f,0f,0f,1f], start_interpolation: -1 }

execute on passengers \
    if entity @s[tag=aj.sophia.node.guide44] run data merge entity @s { transformation: [0.8574f,0.2037f,-0.4726f,0.3375f,0.2093f,-0.977f,-0.0414f,0.8594f,-0.4702f,-0.0634f,-0.8803f,-0.6156f,0f,0f,0f,1f], start_interpolation: -1 }

execute on passengers \
    if entity @s[tag=aj.sophia.node.guide45] run data merge entity @s { transformation: [0.3373f,-0.0757f,-0.9384f,0.2344f,0.1871f,-0.9715f,0.1457f,0.8281f,-0.9226f,-0.2247f,-0.3135f,-0.625f,0f,0f,0f,1f], start_interpolation: -1 }

execute on passengers \
    if entity @s[tag=aj.sophia.node.guide47] run data merge entity @s { transformation: [0.9078f,0.2636f,-0.3263f,0.3375f,0.2295f,-0.9632f,-0.1398f,0.9063f,-0.3511f,0.052f,-0.9349f,-0.5531f,0f,0f,0f,1f], start_interpolation: -1 }

execute on passengers \
    if entity @s[tag=aj.sophia.node.guide48] run data merge entity @s { transformation: [0.2912f,0.0646f,-0.9545f,0.25f,0.2987f,-0.954f,0.0266f,1.0156f,-0.9088f,-0.2929f,-0.2971f,-0.5625f,0f,0f,0f,1f], start_interpolation: -1 }

execute on passengers \
    if entity @s[tag=aj.sophia.node.guide42] run data merge entity @s { transformation: [0.5294f,0.2333f,-0.8156f,0.2281f,0.2446f,-0.9626f,-0.1166f,1.1875f,-0.8123f,-0.1378f,-0.5667f,-0.5531f,0f,0f,0f,1f], start_interpolation: -1 }

execute on passengers \
    if entity @s[tag=aj.sophia.node.guide41] run data merge entity @s { transformation: [0.9652f,0.1579f,-0.2084f,0.3063f,0.1518f,-0.9874f,-0.045f,1.2969f,-0.2129f,0.0118f,-0.977f,-0.4906f,0f,0f,0f,1f], start_interpolation: -1 }

execute on passengers \
    if entity @s[tag=aj.sophia.node.guide40] run data merge entity @s { transformation: [0.9078f,0.2029f,-0.3671f,0.3063f,0.2295f,-0.9729f,0.0296f,1.0625f,-0.3511f,-0.1111f,-0.9297f,-0.4906f,0f,0f,0f,1f], start_interpolation: -1 }

execute on passengers \
    if entity @s[tag=aj.sophia.node.guide91] run data merge entity @s { transformation: [-0.0078f,0.0112f,-0.9999f,-0.2281f,0.1106f,-0.9938f,-0.012f,0.8281f,-0.9938f,-0.1107f,0.0065f,-0.6656f,0f,0f,0f,1f], start_interpolation: -1 }

execute on passengers \
    if entity @s[tag=aj.sophia.node.guide61] run data merge entity @s { transformation: [-0.0078f,0.0112f,-0.9999f,-0.2281f,0.1106f,-0.9938f,-0.012f,1.3281f,-0.9938f,-0.1107f,0.0065f,-0.5719f,0f,0f,0f,1f], start_interpolation: -1 }

execute on passengers \
    if entity @s[tag=aj.sophia.node.guide90] run data merge entity @s { transformation: [-0.0068f,0.0119f,-0.9999f,-0.1969f,0.0236f,-0.9997f,-0.012f,0.5938f,-0.9997f,-0.0236f,0.0065f,-0.6812f,0f,0f,0f,1f], start_interpolation: -1 }

execute on passengers \
    if entity @s[tag=aj.sophia.node.guide92] run data merge entity @s { transformation: [-0.0057f,0.0124f,-0.9999f,-0.1656f,-0.0637f,-0.9979f,-0.012f,0.4375f,-0.998f,0.0636f,0.0065f,-0.6812f,0f,0f,0f,1f], start_interpolation: -1 }

execute on passengers \
    if entity @s[tag=aj.sophia.node.guide93] run data merge entity @s { transformation: [-0.0078f,-0.0112f,0.9999f,0.2281f,-0.1106f,-0.9938f,-0.012f,0.8281f,0.9938f,-0.1107f,0.0065f,-0.6656f,0f,0f,0f,1f], start_interpolation: -1 }

execute on passengers \
    if entity @s[tag=aj.sophia.node.hair_2] run data merge entity @s { transformation: [-1f,0f,0f,0f,0f,1f,0f,1.125f,0f,0f,-1f,-0.5f,0f,0f,0f,1f], start_interpolation: -1 }

execute on passengers \
    if entity @s[tag=aj.sophia.node.guide56] run data merge entity @s { transformation: [0f,0f,1f,0.225f,0f,1f,0f,2.0188f,-1f,0f,0f,0.0875f,0f,0f,0f,1f], start_interpolation: -1 }

execute on passengers \
    if entity @s[tag=aj.sophia.node.guide57] run data merge entity @s { transformation: [-0.0078f,0.0112f,-0.9999f,-0.1406f,0.1106f,-0.9938f,-0.012f,1.8438f,-0.9938f,-0.1107f,0.0065f,-0.4687f,0f,0f,0f,1f], start_interpolation: -1 }

execute on passengers \
    if entity @s[tag=aj.sophia.node.guide58] run data merge entity @s { transformation: [-0.0068f,0.0119f,-0.9999f,-0.25f,0.0236f,-0.9997f,-0.012f,1.9688f,-0.9997f,-0.0236f,0.0065f,-0.4375f,0f,0f,0f,1f], start_interpolation: -1 }

execute on passengers \
    if entity @s[tag=aj.sophia.node.guide59] run data merge entity @s { transformation: [0f,0f,1f,0.2563f,0f,1f,0f,1.925f,-1f,0f,0f,0.1188f,0f,0f,0f,1f], start_interpolation: -1 }

execute on passengers \
    if entity @s[tag=aj.sophia.node.guide17] run data merge entity @s { transformation: [-0.0078f,-0.0112f,0.9999f,0.2031f,-0.1106f,-0.9938f,-0.012f,1.5625f,0.9938f,-0.1107f,0.0065f,-0.5312f,0f,0f,0f,1f], start_interpolation: -1 }

execute on passengers \
    if entity @s[tag=aj.sophia.node.guide89] run data merge entity @s { transformation: [-0.0078f,0.0112f,-0.9999f,-0.2031f,0.1106f,-0.9938f,-0.012f,1.5625f,-0.9938f,-0.1107f,0.0065f,-0.5312f,0f,0f,0f,1f], start_interpolation: -1 }

execute on passengers \
    if entity @s[tag=aj.sophia.node.guide11] run data merge entity @s { transformation: [-0.0078f,-0.0112f,0.9999f,0.1719f,-0.1106f,-0.9938f,-0.012f,1.75f,0.9938f,-0.1107f,0.0065f,-0.5f,0f,0f,0f,1f], start_interpolation: -1 }

execute on passengers \
    if entity @s[tag=aj.sophia.node.guide60] run data merge entity @s { transformation: [-0.0078f,0.0112f,-0.9999f,-0.1719f,0.1106f,-0.9938f,-0.012f,1.75f,-0.9938f,-0.1107f,0.0065f,-0.5f,0f,0f,0f,1f], start_interpolation: -1 }

execute on passengers \
    if entity @s[tag=aj.sophia.node.guide12] run data merge entity @s { transformation: [-0.0078f,-0.0112f,0.9999f,0.1406f,-0.1106f,-0.9938f,-0.012f,1.8438f,0.9938f,-0.1107f,0.0065f,-0.4687f,0f,0f,0f,1f], start_interpolation: -1 }

execute on passengers \
    if entity @s[tag=aj.sophia.node.guide124] run data merge entity @s { transformation: [-1f,0f,0f,-0.2812f,0f,1f,0f,1.8656f,0f,0f,-1f,-0.2875f,0f,0f,0f,1f], start_interpolation: -1 }

execute on passengers \
    if entity @s[tag=aj.sophia.node.guide5] run data merge entity @s { transformation: [0.8527f,-0.1832f,0.4893f,-0.25f,-0.2538f,-0.9638f,0.0814f,1.75f,0.4567f,-0.1936f,-0.8683f,-0.4375f,0f,0f,0f,1f], start_interpolation: -1 }

execute on passengers \
    if entity @s[tag=aj.sophia.node.guide7] run data merge entity @s { transformation: [0.7484f,-0.1474f,0.6467f,-0.2187f,-0.2408f,-0.9689f,0.0578f,1.4219f,0.618f,-0.1989f,-0.7606f,-0.5156f,0f,0f,0f,1f], start_interpolation: -1 }

execute on passengers \
    if entity @s[tag=aj.sophia.node.guide6] run data merge entity @s { transformation: [-0.0101f,-0.1828f,0.9831f,-0.1406f,-0.3231f,-0.9298f,-0.1762f,1.625f,0.9463f,-0.3194f,-0.0497f,-0.4375f,0f,0f,0f,1f], start_interpolation: -1 }

execute on passengers \
    if entity @s[tag=aj.sophia.node.guide31] run data merge entity @s { transformation: [0.9652f,-0.1579f,0.2084f,-0.3062f,-0.1518f,-0.9874f,-0.045f,1.4688f,0.2129f,0.0118f,-0.977f,-0.4437f,0f,0f,0f,1f], start_interpolation: -1 }

execute on passengers \
    if entity @s[tag=aj.sophia.node.guide32] run data merge entity @s { transformation: [0.9478f,-0.2586f,0.1866f,-0.2906f,-0.2373f,-0.9628f,-0.1294f,1.6094f,0.2131f,0.0784f,-0.9739f,-0.4125f,0f,0f,0f,1f], start_interpolation: -1 }

execute on passengers \
    if entity @s[tag=aj.sophia.node.guide4] run data merge entity @s { transformation: [0.9427f,-0.2697f,0.1963f,-0.2656f,-0.2665f,-0.9629f,-0.0432f,1.75f,0.2006f,-0.0115f,-0.9796f,-0.3281f,0f,0f,0f,1f], start_interpolation: -1 }

execute on passengers \
    if entity @s[tag=aj.sophia.node.guide33] run data merge entity @s { transformation: [0.9478f,-0.2586f,0.1866f,-0.2906f,-0.2373f,-0.9628f,-0.1294f,1.7031f,0.2131f,0.0784f,-0.9739f,-0.35f,0f,0f,0f,1f], start_interpolation: -1 }

execute on passengers \
    if entity @s[tag=aj.sophia.node.guide3] run data merge entity @s { transformation: [0.943f,-0.2293f,0.2411f,-0.25f,-0.2527f,-0.965f,0.0705f,1.7813f,0.2164f,-0.1274f,-0.9679f,-0.25f,0f,0f,0f,1f], start_interpolation: -1 }

execute on passengers \
    if entity @s[tag=aj.sophia.node.guide116] run data merge entity @s { transformation: [-0.9973f,-0.0336f,0.0647f,-0.246f,0.0399f,-0.9943f,0.0992f,1.8181f,0.061f,0.1015f,0.993f,-0.0512f,0f,0f,0f,1f], start_interpolation: -1 }

execute on passengers \
    if entity @s[tag=aj.sophia.node.guide2] run data merge entity @s { transformation: [0.943f,-0.2588f,0.2091f,-0.2812f,-0.2527f,-0.9659f,-0.056f,1.8438f,0.2164f,0f,-0.9763f,-0.1563f,0f,0f,0f,1f], start_interpolation: -1 }

execute on passengers \
    if entity @s[tag=aj.sophia.node.guide117] run data merge entity @s { transformation: [0.9662f,-0.2342f,-0.1078f,-0.2656f,-0.239f,-0.9704f,-0.0347f,1.8438f,-0.0965f,0.0593f,-0.9936f,-0.0469f,0f,0f,0f,1f], start_interpolation: -1 }

execute on passengers \
    if entity @s[tag=aj.sophia.node.guide118] run data merge entity @s { transformation: [0.9193f,-0.1698f,0.3549f,-0.2812f,-0.1242f,-0.9812f,-0.1477f,1.9063f,0.3733f,0.0917f,-0.9231f,-0.0156f,0f,0f,0f,1f], start_interpolation: -1 }

execute on passengers \
    if entity @s[tag=aj.sophia.node.guide49] run data merge entity @s { transformation: [0.7484f,0.1474f,-0.6467f,0.2188f,0.2408f,-0.9689f,0.0578f,1.4219f,-0.618f,-0.1989f,-0.7606f,-0.5156f,0f,0f,0f,1f], start_interpolation: -1 }

execute on passengers \
    if entity @s[tag=aj.sophia.node.guide50] run data merge entity @s { transformation: [0.9652f,0.1579f,-0.2084f,0.3063f,0.1518f,-0.9874f,-0.045f,1.4688f,-0.2129f,0.0118f,-0.977f,-0.4437f,0f,0f,0f,1f], start_interpolation: -1 }

execute on passengers \
    if entity @s[tag=aj.sophia.node.guide39] run data merge entity @s { transformation: [0.9478f,0.2586f,-0.1866f,0.2906f,0.2373f,-0.9628f,-0.1294f,1.6094f,-0.2131f,0.0784f,-0.9739f,-0.4125f,0f,0f,0f,1f], start_interpolation: -1 }

execute on passengers \
    if entity @s[tag=aj.sophia.node.guide51] run data merge entity @s { transformation: [-0.0101f,0.1828f,-0.9831f,0.1406f,0.3231f,-0.9298f,-0.1762f,1.625f,-0.9463f,-0.3194f,-0.0497f,-0.4375f,0f,0f,0f,1f], start_interpolation: -1 }

execute on passengers \
    if entity @s[tag=aj.sophia.node.guide52] run data merge entity @s { transformation: [0.8527f,0.1832f,-0.4893f,0.25f,0.2538f,-0.9638f,0.0814f,1.75f,-0.4567f,-0.1936f,-0.8683f,-0.4375f,0f,0f,0f,1f], start_interpolation: -1 }

execute on passengers \
    if entity @s[tag=aj.sophia.node.guide38] run data merge entity @s { transformation: [0.9427f,0.2697f,-0.1963f,0.2656f,0.2665f,-0.9629f,-0.0432f,1.75f,-0.2006f,-0.0115f,-0.9796f,-0.3281f,0f,0f,0f,1f], start_interpolation: -1 }

execute on passengers \
    if entity @s[tag=aj.sophia.node.guide34] run data merge entity @s { transformation: [0.9478f,0.2586f,-0.1866f,0.2906f,0.2373f,-0.9628f,-0.1294f,1.7031f,-0.2131f,0.0784f,-0.9739f,-0.35f,0f,0f,0f,1f], start_interpolation: -1 }

execute on passengers \
    if entity @s[tag=aj.sophia.node.guide37] run data merge entity @s { transformation: [0.943f,0.2293f,-0.2411f,0.25f,0.2527f,-0.965f,0.0705f,1.7813f,-0.2164f,-0.1274f,-0.9679f,-0.25f,0f,0f,0f,1f], start_interpolation: -1 }

execute on passengers \
    if entity @s[tag=aj.sophia.node.guide95] run data merge entity @s { transformation: [-0.9973f,0.0336f,-0.0647f,0.246f,-0.0399f,-0.9943f,0.0992f,1.8181f,-0.061f,0.1015f,0.993f,-0.0512f,0f,0f,0f,1f], start_interpolation: -1 }

execute on passengers \
    if entity @s[tag=aj.sophia.node.guide36] run data merge entity @s { transformation: [0.943f,0.2588f,-0.2091f,0.2813f,0.2527f,-0.9659f,-0.056f,1.8438f,-0.2164f,0f,-0.9763f,-0.1562f,0f,0f,0f,1f], start_interpolation: -1 }

execute on passengers \
    if entity @s[tag=aj.sophia.node.guide35] run data merge entity @s { transformation: [-0.9585f,0.1771f,0.2235f,0.3125f,-0.168f,-0.984f,0.0592f,1.8594f,0.2304f,0.0192f,0.9729f,-0.0937f,0f,0f,0f,1f], start_interpolation: -1 }

execute on passengers \
    if entity @s[tag=aj.sophia.node.guide53] run data merge entity @s { transformation: [0.9662f,0.2342f,0.1078f,0.2656f,0.239f,-0.9704f,-0.0347f,1.8438f,0.0965f,0.0593f,-0.9936f,-0.0469f,0f,0f,0f,1f], start_interpolation: -1 }

execute on passengers \
    if entity @s[tag=aj.sophia.node.guide54] run data merge entity @s { transformation: [0.9193f,0.1698f,-0.3549f,0.2813f,0.1242f,-0.9812f,-0.1477f,1.9063f,-0.3733f,0.0917f,-0.9231f,-0.0156f,0f,0f,0f,1f], start_interpolation: -1 }

execute on passengers \
    if entity @s[tag=aj.sophia.node.guide55] run data merge entity @s { transformation: [0.9803f,0.0451f,0.1922f,0.3031f,0.0605f,-0.9953f,-0.0751f,1.8906f,0.188f,0.0853f,-0.9785f,0.0313f,0f,0f,0f,1f], start_interpolation: -1 }

execute on passengers \
    if entity @s[tag=aj.sophia.node.guide119] run data merge entity @s { transformation: [0.9803f,-0.0451f,-0.1922f,-0.3031f,-0.0605f,-0.9953f,-0.0751f,1.8906f,-0.188f,0.0853f,-0.9785f,0.0312f,0f,0f,0f,1f], start_interpolation: -1 }

execute on passengers \
    if entity @s[tag=aj.sophia.node.guide20] run data merge entity @s { transformation: [-0.0078f,-0.0112f,0.9999f,0.2281f,-0.1106f,-0.9938f,-0.012f,1.3281f,0.9938f,-0.1107f,0.0065f,-0.5719f,0f,0f,0f,1f], start_interpolation: -1 }

execute on passengers \
    if entity @s[tag=aj.sophia.node.guide96] run data merge entity @s { transformation: [-0.9585f,-0.1771f,-0.2235f,-0.3125f,0.168f,-0.984f,0.0592f,1.8594f,-0.2304f,0.0192f,0.9729f,-0.0938f,0f,0f,0f,1f], start_interpolation: -1 }

execute on passengers \
    if entity @s[tag=aj.sophia.node.guide97] run data merge entity @s { transformation: [-0.0078f,0.0112f,-0.9999f,-0.2281f,0.1106f,-0.9938f,-0.012f,1.3281f,-0.9938f,-0.1107f,0.0065f,-0.5719f,0f,0f,0f,1f], start_interpolation: -1 }

execute on passengers \
    if entity @s[tag=aj.sophia.node.hair] run data merge entity @s { transformation: [-1f,0f,0f,0f,0f,1f,0f,1.875f,0f,0f,-1f,0f,0f,0f,0f,1f], start_interpolation: -1 }

execute on passengers \
    if entity @s[tag=aj.sophia.node.layer] run data merge entity @s { transformation: [-1f,0f,0f,0f,0f,1f,0f,1.5156f,0f,0f,-1f,-0.125f,0f,0f,0f,1f], start_interpolation: -1 }

execute on passengers \
    if entity @s[tag=aj.sophia.node.l_1] run data merge entity @s { transformation: [-1f,0f,0f,-0.1094f,0f,1f,0f,1.625f,0f,0f,-1f,0.1234f,0f,0f,0f,1f], start_interpolation: -1 }

execute on passengers \
    if entity @s[tag=aj.sophia.node.eye_l] run data merge entity @s { transformation: [-1f,0f,0f,0f,0f,1f,0f,1.5156f,0f,0f,-1f,-0.125f,0f,0f,0f,1f], start_interpolation: -1 }

execute on passengers \
    if entity @s[tag=aj.sophia.node.r_1] run data merge entity @s { transformation: [-1f,0f,0f,0.1094f,0f,1f,0f,1.625f,0f,0f,-1f,0.1234f,0f,0f,0f,1f], start_interpolation: -1 }

execute on passengers \
    if entity @s[tag=aj.sophia.node.eye_r] run data merge entity @s { transformation: [-1f,0f,0f,0.125f,0f,1f,0f,1.6406f,0f,0f,-1f,0.1172f,0f,0f,0f,1f], start_interpolation: -1 }

execute on passengers \
    if entity @s[tag=aj.sophia.node.eyes_up] run data merge entity @s { transformation: [-1f,0f,0f,0f,0f,1f,0f,1.5469f,0f,0f,-1f,-0.125f,0f,0f,0f,1f], start_interpolation: -1 }

execute on passengers \
    if entity @s[tag=aj.sophia.node.bone] run data merge entity @s { transformation: [-1f,0f,0f,0f,0f,1f,0f,1.5156f,0f,0f,-1f,-0.125f,0f,0f,0f,1f], start_interpolation: -1 }

execute on passengers \
    if entity @s[tag=aj.sophia.node.l] run data merge entity @s { transformation: [-1f,0f,0f,-0.125f,0f,1f,0f,1.7266f,0f,0f,-1f,0.1469f,0f,0f,0f,1f], start_interpolation: -1 }

execute on passengers \
    if entity @s[tag=aj.sophia.node.r] run data merge entity @s { transformation: [-1f,0f,0f,0.125f,0f,1f,0f,1.7266f,0f,0f,-1f,0.1469f,0f,0f,0f,1f], start_interpolation: -1 }

execute on passengers \
    if entity @s[tag=aj.sophia.node.eyebrow] run data merge entity @s { transformation: [-1f,0f,0f,0f,0f,1f,0f,1.5156f,0f,0f,-1f,-0.1094f,0f,0f,0f,1f], start_interpolation: -1 }

execute on passengers \
    if entity @s[tag=aj.sophia.node.eyes_down] run data merge entity @s { transformation: [-1f,0f,0f,0f,0f,1f,0f,1.5469f,0f,0f,-1f,-0.125f,0f,0f,0f,1f], start_interpolation: -1 }

execute on passengers \
    if entity @s[tag=aj.sophia.node.up] run data merge entity @s { transformation: [-1f,0f,0f,0f,0f,1f,0f,1.5156f,0f,0f,-1f,-0.1249f,0f,0f,0f,1f], start_interpolation: -1 }

execute on passengers \
    if entity @s[tag=aj.sophia.node.down] run data merge entity @s { transformation: [-1f,0f,0f,0f,0f,1f,0f,1.5625f,0f,0f,-1f,-0.1249f,0f,0f,0f,1f], start_interpolation: -1 }

execute on passengers \
    if entity @s[tag=aj.sophia.node.mowse] run data merge entity @s { transformation: [-1f,0f,0f,0f,0f,1f,0f,1.5469f,0f,0f,-1f,-0.1249f,0f,0f,0f,1f], start_interpolation: -1 }

execute on passengers \
    if entity @s[tag=aj.sophia.node.mouse_r] run data merge entity @s { transformation: [-1f,0f,0f,0.0344f,0f,1f,0f,1.5156f,0f,0f,-1f,0.0625f,0f,0f,0f,1f], start_interpolation: -1 }

execute on passengers \
    if entity @s[tag=aj.sophia.node.mouse_l] run data merge entity @s { transformation: [-1f,0f,0f,0.0219f,0f,1f,0f,1.5156f,0f,0f,-1f,0.0625f,0f,0f,0f,1f], start_interpolation: -1 }

execute on passengers \
    if entity @s[tag=aj.sophia.node.bone1] run data merge entity @s { transformation: [-1f,0f,0f,0.0219f,0f,1f,0f,1.5156f,0f,0f,-1f,0.0625f,0f,0f,0f,1f], start_interpolation: -1 }

execute on passengers \
    if entity @s[tag=aj.sophia.node.face] run data merge entity @s { transformation: [-1f,0f,0f,0f,0f,1f,0f,1.5156f,0f,0f,-1f,-0.125f,0f,0f,0f,1f], start_interpolation: -1 }

execute on passengers \
    if entity @s[tag=aj.sophia.node.head] run data merge entity @s { transformation: [-1f,0f,0f,0f,0f,1f,0f,1.5156f,0f,0f,-1f,-0.125f,0f,0f,0f,1f], start_interpolation: -1 }

execute on passengers \
    if entity @s[tag=aj.sophia.node.6] run data merge entity @s { transformation: [-1f,0f,0f,0.1188f,0f,1f,0f,0.3906f,0f,0f,-1f,-0.125f,0f,0f,0f,1f], start_interpolation: -1 }

execute on passengers \
    if entity @s[tag=aj.sophia.node.12] run data merge entity @s { transformation: [-1f,0f,0f,0.1188f,0f,1f,0f,0.7656f,0f,0f,-1f,-0.125f,0f,0f,0f,1f], start_interpolation: -1 }

execute on passengers \
    if entity @s[tag=aj.sophia.node.leftleg1] run data merge entity @s { transformation: [-1f,0f,0f,0.1188f,0f,1f,0f,0.7656f,0f,0f,-1f,-0.125f,0f,0f,0f,1f], start_interpolation: -1 }

execute on passengers \
    if entity @s[tag=aj.sophia.node.10] run data merge entity @s { transformation: [-1f,0f,0f,0f,0f,1f,0f,1.1406f,0f,0f,-1f,-0.125f,0f,0f,0f,1f], start_interpolation: -1 }

execute on passengers \
    if entity @s[tag=aj.sophia.node.9] run data merge entity @s { transformation: [-1f,0f,0f,0f,0f,1f,0f,1.5156f,0f,0f,-1f,-0.125f,0f,0f,0f,1f], start_interpolation: -1 }

execute on passengers \
    if entity @s[tag=aj.sophia.node.body] run data merge entity @s { transformation: [-1f,0f,0f,0f,0f,1f,0f,1.5156f,0f,0f,-1f,-0.125f,0f,0f,0f,1f], start_interpolation: -1 }

execute on passengers \
    if entity @s[tag=aj.sophia.node.item_display] run data merge entity @s { transformation: [0f,0f,-1f,-0.375f,-0.766f,-0.6428f,0f,0.9531f,-0.6428f,0.766f,0f,0.25f,0f,0f,0f,1f], start_interpolation: -1 }

execute on passengers \
    if entity @s[tag=aj.sophia.node.2] run data merge entity @s { transformation: [1f,0f,0f,-0.375f,0f,1f,0f,1.1406f,0f,0f,1f,-0.125f,0f,0f,0f,1f], start_interpolation: -1 }

execute on passengers \
    if entity @s[tag=aj.sophia.node.1] run data merge entity @s { transformation: [1f,0f,0f,-0.375f,0f,1f,0f,1.5156f,0f,0f,1f,-0.125f,0f,0f,0f,1f], start_interpolation: -1 }

execute on passengers \
    if entity @s[tag=aj.sophia.node.rightarm] run data merge entity @s { transformation: [1f,0f,0f,-0.375f,0f,1f,0f,1.5156f,0f,0f,1f,-0.125f,0f,0f,0f,1f], start_interpolation: -1 }

execute on passengers \
    if entity @s[tag=aj.sophia.node.4] run data merge entity @s { transformation: [-1f,0f,0f,0.375f,0f,1f,0f,1.1406f,0f,0f,-1f,-0.125f,0f,0f,0f,1f], start_interpolation: -1 }

execute on passengers \
    if entity @s[tag=aj.sophia.node.3] run data merge entity @s { transformation: [-1f,0f,0f,0.375f,0f,1f,0f,1.5156f,0f,0f,-1f,-0.125f,0f,0f,0f,1f], start_interpolation: -1 }

execute on passengers \
    if entity @s[tag=aj.sophia.node.leftarm] run data merge entity @s { transformation: [-1f,0f,0f,0.375f,0f,1f,0f,1.5156f,0f,0f,-1f,-0.125f,0f,0f,0f,1f], start_interpolation: -1 }

execute on passengers \
    if entity @s[tag=aj.sophia.node.8] run data merge entity @s { transformation: [-1f,0f,0f,-0.1312f,0f,1f,0f,0.3906f,0f,0f,-1f,-0.125f,0f,0f,0f,1f], start_interpolation: -1 }

execute on passengers \
    if entity @s[tag=aj.sophia.node.7] run data merge entity @s { transformation: [-1f,0f,0f,-0.1312f,0f,1f,0f,0.7656f,0f,0f,-1f,-0.125f,0f,0f,0f,1f], start_interpolation: -1 }

execute on passengers \
    if entity @s[tag=aj.sophia.node.rightleg] run data merge entity @s { transformation: [-1f,0f,0f,-0.1312f,0f,1f,0f,0.7656f,0f,0f,-1f,-0.125f,0f,0f,0f,1f], start_interpolation: -1 }

execute on passengers \
    if entity @s[tag=aj.sophia.node.group] run data merge entity @s { transformation: [-1f,0f,0f,0f,0f,1f,0f,0.5156f,0f,0f,-1f,-0.125f,0f,0f,0f,1f], start_interpolation: -1 }