# This file was generated by Animated Java via MC-Build. It is not recommended to edit this file directly.
$data merge entity $(bone_layer) { transformation: [-1f,0f,1.2246467991473532e-16f,1.5308084989341915e-17f,0f,1f,0f,1.578125f,-1.2246467991473532e-16f,0f,-1f,-0.125f,0f,0f,0f,1f], start_interpolation: 0, interpolation_duration: 1 }
$data merge entity $(bone_head) { transformation: [-1f,0f,1.2246467991473532e-16f,1.5308084989341915e-17f,0f,1f,0f,1.578125f,-1.2246467991473532e-16f,0f,-1f,-0.125f,0f,0f,0f,1f], start_interpolation: 0, interpolation_duration: 1 }
$data merge entity $(bone_6) { transformation: [-0.9859213722297095f,-0.10802079274573802f,-0.1276344628823607f,0.16695370227608017f,-0.10693779478758969f,0.9941475584248421f,-0.015327756649040847f,0.4619815301880824f,0.1285432060696082f,-0.0014630148690873424f,-0.9917028303684723f,-0.05988193337507318f,0f,0f,0f,1f], start_interpolation: 0, interpolation_duration: 1 }
$data merge entity $(bone_12) { transformation: [-0.9859213722297095f,-0.12854320606954708f,-0.10693779478766313f,0.11875000000000001f,-0.10693779478758969f,0.9763825861651136f,-0.18772680543676187f,0.828125f,0.1285432060696082f,-0.1736481776664715f,-0.9763825861651055f,-0.12499999999999999f,0f,0f,0f,1f], start_interpolation: 0, interpolation_duration: 1 }
$data merge entity $(bone_group3) { transformation: [1.1042292571744916f,-0.36172996875750296f,-0.2797288742904414f,-1.3183272008616502f,0.48312634393071596f,0.8594306529441941f,-0.07591262803733753f,1.6462355210836828f,0.3895011268847042f,-0.04051535009997091f,0.8871866437812159f,-0.6121122349785691f,0f,0f,0f,1f], start_interpolation: 0, interpolation_duration: 1 }
$data merge entity $(bone_group1) { transformation: [1.1042292571744916f,-0.36172996875750296f,-0.2797288742904414f,-1.3183272008616502f,0.48312634393071596f,0.8594306529441941f,-0.07591262803733753f,1.6462355210836828f,0.3895011268847042f,-0.04051535009997091f,0.8871866437812159f,-0.6121122349785691f,0f,0f,0f,1f], start_interpolation: 0, interpolation_duration: 1 }
$data merge entity $(bone_group4) { transformation: [1.0697220928877889f,-0.35042590723383105f,-0.2709873469688652f,-1.3183272008616502f,0.46802864568288116f,0.8325734450396881f,-0.07354035841117074f,1.6462355210836828f,0.3773292166695572f,-0.03924924540934683f,0.859462061163053f,-0.6121122349785691f,0f,0f,0f,1f], start_interpolation: 0, interpolation_duration: 1 }
$data merge entity $(bone_group2) { transformation: [1.0697220928877889f,-0.35042590723383105f,-0.2709873469688652f,-1.3183272008616502f,0.46802864568288116f,0.8325734450396881f,-0.07354035841117074f,1.6462355210836828f,0.3773292166695572f,-0.03924924540934683f,0.859462061163053f,-0.6121122349785691f,0f,0f,0f,1f], start_interpolation: 0, interpolation_duration: 1 }
$data merge entity $(bone_10) { transformation: [-1f,0f,1.2246467991473532e-16f,1.5308084989341915e-17f,0f,1f,0f,1.203125f,-1.2246467991473532e-16f,0f,-1f,-0.125f,0f,0f,0f,1f], start_interpolation: 0, interpolation_duration: 1 }
$data merge entity $(bone_9) { transformation: [-1f,0f,1.2246467991473532e-16f,1.5308084989341915e-17f,0f,1f,0f,1.578125f,-1.2246467991473532e-16f,0f,-1f,-0.125f,0f,0f,0f,1f], start_interpolation: 0, interpolation_duration: 1 }
$data merge entity $(bone_bone12) { transformation: [-1.1900300104368529f,0.913142143513081f,1.2246467991473532e-16f,6.888638245203862e-17f,0.913142143513081f,1.1900300104368529f,0f,1.890625f,-1.4573664431707832e-16f,1.1182766032198476e-16f,-1f,-0.5625f,0f,0f,0f,1f], start_interpolation: 0, interpolation_duration: 1 }
$data merge entity $(bone_bone1) { transformation: [0.7920408934160458f,0.941878584031822f,0.5235462137462823f,-0.6048245678531933f,-0.6104229910921737f,1.2531879335273997f,0.6729680486699764f,0.7204080359443213f,-0.007415868310287399f,-2.557808580837028f,0.522506810999872f,0.6948714560006497f,0f,0f,0f,1f], start_interpolation: 0, interpolation_duration: 1 }
$data merge entity $(bone_2) { transformation: [0.965925826289068f,0.18301270189221922f,0.1830127018922191f,-0.4675650414340289f,-0.2588190451025206f,0.6830127018922192f,0.6830127018922194f,1.2326675623634857f,1.2523069104177416e-16f,-0.7071067811865475f,0.7071067811865471f,-0.012235325185897594f,0f,0f,0f,1f], start_interpolation: 0, interpolation_duration: 1 }
$data merge entity $(bone_bone2) { transformation: [1.9937992471648682f,-0.0231415246258867f,0.0778283878844859f,-0.24151109176743338f,-0.023141524625886256f,1.913634654331585f,0.2904594978560801f,1.1103865614817696f,-0.15565677576897186f,-0.5809189957121602f,0.9537169507482266f,0.00655878728311951f,0f,0f,0f,1f], start_interpolation: 0, interpolation_duration: 1 }
$data merge entity $(bone_1) { transformation: [0.965925826289068f,0.24684011049074372f,0.0778283878844859f,-0.375f,-0.2588190451025206f,0.9212198336973717f,0.2904594978560801f,1.578125f,1.2523069104177416e-16f,-0.30070579950427323f,0.9537169507482266f,-0.12500000000000006f,0f,0f,0f,1f], start_interpolation: 0, interpolation_duration: 1 }
$data merge entity $(bone_4) { transformation: [-0.9094455644519409f,-0.27569415956838184f,0.3112900507221107f,0.5180327339215132f,-0.37813241971780104f,0.8597479356639379f,-0.3432919461332554f,1.2471458645530014f,-0.17298739392525514f,-0.42991419783659257f,-0.8861428462959388f,-0.119324586536985f,0f,0f,0f,1f], start_interpolation: 0, interpolation_duration: 1 }
$data merge entity $(bone_group5) { transformation: [-3.6377822578077637f,-1.029835684234895f,0.6624448420305205f,0.4376117520407466f,-1.5125296788712042f,2.495549775218391f,0.20886805639165024f,1.06000241702412f,-0.6919495757010206f,-0.040862976933707766f,-3.939231012048714f,-0.04429160514893875f,0f,0f,0f,1f], start_interpolation: 0, interpolation_duration: 1 }
$data merge entity $(bone_group7) { transformation: [-3.6377822578077637f,-1.029835684234895f,0.6624448420305205f,0.4376117520407466f,-1.5125296788712042f,2.495549775218391f,0.20886805639165024f,1.06000241702412f,-0.6919495757010206f,-0.040862976933707766f,-3.939231012048714f,-0.04429160514893875f,0f,0f,0f,1f], start_interpolation: 0, interpolation_duration: 1 }
$data merge entity $(bone_group6) { transformation: [-2.6354940065803882f,-2.7107549931750303f,0.6624448420305205f,0.8291915930039588f,-2.5576640134895774f,1.4049446623120703f,0.20886805639165024f,1.1326517432887622f,-0.5788144222280935f,-0.3813631639493587f,-3.939231012048714f,0.025410874503674907f,0f,0f,0f,1f], start_interpolation: 0, interpolation_duration: 1 }
$data merge entity $(bone_group8) { transformation: [-2.6354940065803882f,-2.7107549931750303f,0.6624448420305205f,0.8291915930039588f,-2.5576640134895774f,1.4049446623120703f,0.20886805639165024f,1.1326517432887622f,-0.5788144222280935f,-0.3813631639493587f,-3.939231012048714f,0.025410874503674907f,0f,0f,0f,1f], start_interpolation: 0, interpolation_duration: 1 }
$data merge entity $(bone_group9) { transformation: [-2.6354940065803882f,-2.7107549931750303f,0.6624448420305205f,0.8774651407024695f,-2.5576640134895774f,1.4049446623120703f,0.20886805639165024f,1.0156728475754f,-0.5788144222280935f,-0.3813631639493587f,-3.939231012048714f,0.02732632654744245f,0f,0f,0f,1f], start_interpolation: 0, interpolation_duration: 1 }
$data merge entity $(bone_group10) { transformation: [-2.6354940065803882f,-2.7107549931750303f,0.6624448420305205f,0.8774651407024695f,-2.5576640134895774f,1.4049446623120703f,0.20886805639165024f,1.0156728475754f,-0.5788144222280935f,-0.3813631639493587f,-3.939231012048714f,0.02732632654744245f,0f,0f,0f,1f], start_interpolation: 0, interpolation_duration: 1 }
$data merge entity $(bone_group11) { transformation: [-2.6354940065803882f,-2.7107549931750303f,0.6624448420305205f,0.9257386884009802f,-2.5576640134895774f,1.4049446623120703f,0.20886805639165024f,0.8986939518620382f,-0.5788144222280935f,-0.3813631639493587f,-3.939231012048714f,0.029241778591210008f,0f,0f,0f,1f], start_interpolation: 0, interpolation_duration: 1 }
$data merge entity $(bone_group12) { transformation: [-2.6354940065803882f,-2.7107549931750303f,0.6624448420305205f,0.9257386884009802f,-2.5576640134895774f,1.4049446623120703f,0.20886805639165024f,0.8986939518620382f,-0.5788144222280935f,-0.3813631639493587f,-3.939231012048714f,0.029241778591210008f,0f,0f,0f,1f], start_interpolation: 0, interpolation_duration: 1 }
$data merge entity $(bone_group13) { transformation: [-2.8127955793762944f,-1.9666837485711068f,0.2649779368122082f,0.6752520096201027f,-2.048698964284071f,1.9707043203386907f,0.0835472225566601f,1.1303722826697602f,-0.5816439013192208f,-0.226237639099747f,-1.5756924048194856f,-0.048195519388740296f,0f,0f,0f,1f], start_interpolation: 0, interpolation_duration: 1 }
$data merge entity $(bone_group14) { transformation: [-2.8127955793762944f,-1.9666837485711068f,0.2649779368122082f,0.6752520096201027f,-2.048698964284071f,1.9707043203386907f,0.0835472225566601f,1.1303722826697602f,-0.5816439013192208f,-0.226237639099747f,-1.5756924048194856f,-0.048195519388740296f,0f,0f,0f,1f], start_interpolation: 0, interpolation_duration: 1 }
$data merge entity $(bone_group15) { transformation: [-2.7243328809951644f,-2.087504321380225f,0.2649779368122082f,0.7356493834864578f,-2.1327099719559897f,1.8794656527799831f,0.0835472225566601f,1.0605186881865019f,-0.5712219579903901f,-0.25139326163780873f,-1.5756924048194856f,-0.041742548186869385f,0f,0f,0f,1f], start_interpolation: 0, interpolation_duration: 1 }
$data merge entity $(bone_group16) { transformation: [-2.7243328809951644f,-2.087504321380225f,0.2649779368122082f,0.7356493834864578f,-2.1327099719559897f,1.8794656527799831f,0.0835472225566601f,1.0605186881865019f,-0.5712219579903901f,-0.25139326163780873f,-1.5756924048194856f,-0.041742548186869385f,0f,0f,0f,1f], start_interpolation: 0, interpolation_duration: 1 }
$data merge entity $(bone_group17) { transformation: [-2.532027982265553f,-2.3170019929375885f,0.2649779368122082f,0.8523406548757719f,-2.288400591566704f,1.6864357968737989f,0.0835472225566601f,0.9861828007388105f,-0.5471379195438129f,-0.3002219084020002f,-1.5756924048194856f,-0.0260605182877498f,0f,0f,0f,1f], start_interpolation: 0, interpolation_duration: 1 }
$data merge entity $(bone_group18) { transformation: [-2.532027982265553f,-2.3170019929375885f,0.2649779368122082f,0.8523406548757719f,-2.288400591566704f,1.6864357968737989f,0.0835472225566601f,0.9861828007388105f,-0.5471379195438129f,-0.3002219084020002f,-1.5756924048194856f,-0.0260605182877498f,0f,0f,0f,1f], start_interpolation: 0, interpolation_duration: 1 }
$data merge entity $(bone_group19) { transformation: [-2.532027982265553f,-2.3170019929375885f,0.2649779368122082f,0.9006142025742827f,-2.288400591566704f,1.6864357968737989f,0.0835472225566601f,0.8692039050254483f,-0.5471379195438129f,-0.3002219084020002f,-1.5756924048194856f,-0.024145066243982244f,0f,0f,0f,1f], start_interpolation: 0, interpolation_duration: 1 }
$data merge entity $(bone_group20) { transformation: [-2.532027982265553f,-2.3170019929375885f,0.2649779368122082f,0.9006142025742827f,-2.288400591566704f,1.6864357968737989f,0.0835472225566601f,0.8692039050254483f,-0.5471379195438129f,-0.3002219084020002f,-1.5756924048194856f,-0.024145066243982244f,0f,0f,0f,1f], start_interpolation: 0, interpolation_duration: 1 }
$data merge entity $(bone_bone11) { transformation: [-0.8868896261704937f,0.057995733177868436f,0.1656112105076301f,0.31037519476187053f,0.043121048494267955f,1.4962286067922952f,0.05221701409791256f,1.346922902718636f,-0.14685832005002963f,0.08908676192088501f,-0.9848077530121785f,-0.14895509800835463f,0f,0f,0f,1f], start_interpolation: 0, interpolation_duration: 1 }
$data merge entity $(bone_3) { transformation: [-0.9094455644519409f,-0.3814206237907018f,0.1656112105076301f,0.375f,-0.37813241971780104f,0.9242776945253299f,0.05221701409791256f,1.59375f,-0.17298739392525514f,-0.015134435901373247f,-0.9848077530121785f,-0.12499999999999996f,0f,0f,0f,1f], start_interpolation: 0, interpolation_duration: 1 }
$data merge entity $(bone_8) { transformation: [-0.9859213722297095f,0.1023506438088597f,0.13222478395746537f,-0.17945370227608015f,0.10693779478758969f,0.9938699375890008f,0.02805093942817244f,0.4619815301880824f,-0.12854320606960842f,0.041795847506033046f,-0.9908227648296131f,-0.059881933375073235f,0f,0f,0f,1f], start_interpolation: 0, interpolation_duration: 1 }
$data merge entity $(bone_7) { transformation: [-0.9859213722297095f,0.12854320606954714f,0.10693779478766338f,-0.13124999999999998f,0.10693779478758969f,0.9763825861651136f,-0.18772680543676187f,0.828125f,-0.12854320606960842f,-0.17364817766647145f,-0.9763825861651055f,-0.12500000000000003f,0f,0f,0f,1f], start_interpolation: 0, interpolation_duration: 1 }