# This file was generated by Animated Java via MC-Build. It is not recommended to edit this file directly.
execute on passengers if entity @s[tag=aj.elina.bone.l_ear] run data merge entity @s {transformation: [-0.9468f,0.0107f,0.3216f,-0.1406f,-0.0693f,0.9693f,-0.2361f,2.0547f,-0.3142f,-0.2458f,-0.917f,0.0077f,0f,0f,0f,1f], start_interpolation: 0}
execute on passengers if entity @s[tag=aj.elina.bone.r_ear] run data merge entity @s {transformation: [-0.9715f,0.0039f,-0.2372f,0.1406f,0.0647f,0.9663f,-0.2491f,2.0547f,0.2282f,-0.2574f,-0.939f,0.0077f,0f,0f,0f,1f], start_interpolation: 0}
execute on passengers if entity @s[tag=aj.elina.bone.guide204] run data merge entity @s {transformation: [0f,0f,-1f,-0.225f,0f,1f,0f,2.0188f,1f,0f,0f,0.0875f,0f,0f,0f,1f], start_interpolation: 0}
execute on passengers if entity @s[tag=aj.elina.bone.guide205] run data merge entity @s {transformation: [-0.0068f,-0.0119f,0.9999f,0.25f,-0.0236f,-0.9997f,-0.012f,1.9688f,0.9997f,-0.0236f,0.0065f,-0.4375f,0f,0f,0f,1f], start_interpolation: 0}
execute on passengers if entity @s[tag=aj.elina.bone.guide206] run data merge entity @s {transformation: [0f,0f,-1f,-0.2562f,0f,1f,0f,1.925f,1f,0f,0f,0.1187f,0f,0f,0f,1f], start_interpolation: 0}
execute on passengers if entity @s[tag=aj.elina.bone.guide207] run data merge entity @s {transformation: [-1f,0f,0f,0.25f,0f,1f,0f,2.0219f,0f,0f,-1f,-0.35f,0f,0f,0f,1f], start_interpolation: 0}
execute on passengers if entity @s[tag=aj.elina.bone.guide235] run data merge entity @s {transformation: [0.5294f,-0.2333f,0.8156f,-0.2281f,-0.2446f,-0.9626f,-0.1166f,1.1875f,0.8123f,-0.1378f,-0.5667f,-0.5531f,0f,0f,0f,1f], start_interpolation: 0}
execute on passengers if entity @s[tag=aj.elina.bone.guide236] run data merge entity @s {transformation: [0.2912f,-0.0646f,0.9545f,-0.25f,-0.2987f,-0.954f,0.0266f,1.0156f,0.9088f,-0.2929f,-0.2971f,-0.5625f,0f,0f,0f,1f], start_interpolation: 0}
execute on passengers if entity @s[tag=aj.elina.bone.guide237] run data merge entity @s {transformation: [-0.0078f,-0.0112f,0.9999f,0.2281f,-0.1106f,-0.9938f,-0.012f,1.3281f,0.9938f,-0.1107f,0.0065f,-0.5719f,0f,0f,0f,1f], start_interpolation: 0}
execute on passengers if entity @s[tag=aj.elina.bone.guide238] run data merge entity @s {transformation: [-0.0068f,-0.0119f,0.9999f,0.1969f,-0.0236f,-0.9997f,-0.012f,0.5938f,0.9997f,-0.0236f,0.0065f,-0.6812f,0f,0f,0f,1f], start_interpolation: 0}
execute on passengers if entity @s[tag=aj.elina.bone.guide239] run data merge entity @s {transformation: [-0.0057f,-0.0124f,0.9999f,0.1656f,0.0637f,-0.9979f,-0.012f,0.4375f,0.998f,0.0636f,0.0065f,-0.6812f,0f,0f,0f,1f], start_interpolation: 0}
execute on passengers if entity @s[tag=aj.elina.bone.guide240] run data merge entity @s {transformation: [0.3373f,0.0757f,0.9384f,-0.2344f,-0.1871f,-0.9715f,0.1457f,0.8281f,0.9226f,-0.2247f,-0.3135f,-0.625f,0f,0f,0f,1f], start_interpolation: 0}
execute on passengers if entity @s[tag=aj.elina.bone.guide241] run data merge entity @s {transformation: [0.2352f,-0.0909f,0.9677f,-0.1719f,-0.1387f,-0.9886f,-0.0591f,0.625f,0.962f,-0.1203f,-0.2452f,-0.6875f,0f,0f,0f,1f], start_interpolation: 0}
execute on passengers if entity @s[tag=aj.elina.bone.guide242] run data merge entity @s {transformation: [0.7787f,-0.2355f,0.5816f,-0.2969f,-0.236f,-0.9688f,-0.0763f,0.6406f,0.5814f,-0.0778f,-0.8099f,-0.6562f,0f,0f,0f,1f], start_interpolation: 0}
execute on passengers if entity @s[tag=aj.elina.bone.guide243] run data merge entity @s {transformation: [0.9265f,-0.2305f,0.2976f,-0.3906f,-0.2133f,-0.9729f,-0.0895f,0.6875f,0.3102f,0.0195f,-0.9505f,-0.5781f,0f,0f,0f,1f], start_interpolation: 0}
execute on passengers if entity @s[tag=aj.elina.bone.guide244] run data merge entity @s {transformation: [0.8574f,-0.2037f,0.4726f,-0.3375f,-0.2093f,-0.977f,-0.0414f,0.8594f,0.4702f,-0.0634f,-0.8803f,-0.6156f,0f,0f,0f,1f], start_interpolation: 0}
execute on passengers if entity @s[tag=aj.elina.bone.guide245] run data merge entity @s {transformation: [0.9078f,-0.2636f,0.3263f,-0.3375f,-0.2295f,-0.9632f,-0.1398f,0.9063f,0.3511f,0.052f,-0.9349f,-0.5531f,0f,0f,0f,1f], start_interpolation: 0}
execute on passengers if entity @s[tag=aj.elina.bone.guide246] run data merge entity @s {transformation: [0.9078f,-0.2029f,0.3671f,-0.3062f,-0.2295f,-0.9729f,0.0296f,1.0625f,0.3511f,-0.1111f,-0.9297f,-0.4906f,0f,0f,0f,1f], start_interpolation: 0}
execute on passengers if entity @s[tag=aj.elina.bone.guide247] run data merge entity @s {transformation: [0.9652f,-0.1579f,0.2084f,-0.3062f,-0.1518f,-0.9874f,-0.045f,1.2969f,0.2129f,0.0118f,-0.977f,-0.4906f,0f,0f,0f,1f], start_interpolation: 0}
execute on passengers if entity @s[tag=aj.elina.bone.guide248] run data merge entity @s {transformation: [-0.0078f,-0.0112f,0.9999f,0.2281f,-0.1106f,-0.9938f,-0.012f,1.0781f,0.9938f,-0.1107f,0.0065f,-0.6187f,0f,0f,0f,1f], start_interpolation: 0}
execute on passengers if entity @s[tag=aj.elina.bone.guide249] run data merge entity @s {transformation: [-0.0078f,0.0112f,-0.9999f,-0.2281f,0.1106f,-0.9938f,-0.012f,1.0781f,-0.9938f,-0.1107f,0.0065f,-0.6188f,0f,0f,0f,1f], start_interpolation: 0}
execute on passengers if entity @s[tag=aj.elina.bone.guide250] run data merge entity @s {transformation: [0.2352f,0.0909f,-0.9677f,0.1719f,0.1387f,-0.9886f,-0.0591f,0.625f,-0.962f,-0.1203f,-0.2452f,-0.6875f,0f,0f,0f,1f], start_interpolation: 0}
execute on passengers if entity @s[tag=aj.elina.bone.guide251] run data merge entity @s {transformation: [0.7787f,0.2355f,-0.5816f,0.2969f,0.236f,-0.9688f,-0.0763f,0.6406f,-0.5814f,-0.0778f,-0.8099f,-0.6562f,0f,0f,0f,1f], start_interpolation: 0}
execute on passengers if entity @s[tag=aj.elina.bone.guide252] run data merge entity @s {transformation: [0.9265f,0.2305f,-0.2976f,0.3906f,0.2133f,-0.9729f,-0.0895f,0.6875f,-0.3102f,0.0195f,-0.9505f,-0.5781f,0f,0f,0f,1f], start_interpolation: 0}
execute on passengers if entity @s[tag=aj.elina.bone.guide253] run data merge entity @s {transformation: [0.8574f,0.2037f,-0.4726f,0.3375f,0.2093f,-0.977f,-0.0414f,0.8594f,-0.4702f,-0.0634f,-0.8803f,-0.6156f,0f,0f,0f,1f], start_interpolation: 0}
execute on passengers if entity @s[tag=aj.elina.bone.guide254] run data merge entity @s {transformation: [0.3373f,-0.0757f,-0.9384f,0.2344f,0.1871f,-0.9715f,0.1457f,0.8281f,-0.9226f,-0.2247f,-0.3135f,-0.625f,0f,0f,0f,1f], start_interpolation: 0}
execute on passengers if entity @s[tag=aj.elina.bone.guide255] run data merge entity @s {transformation: [0.9078f,0.2636f,-0.3263f,0.3375f,0.2295f,-0.9632f,-0.1398f,0.9063f,-0.3511f,0.052f,-0.9349f,-0.5531f,0f,0f,0f,1f], start_interpolation: 0}
execute on passengers if entity @s[tag=aj.elina.bone.guide256] run data merge entity @s {transformation: [0.2912f,0.0646f,-0.9545f,0.25f,0.2987f,-0.954f,0.0266f,1.0156f,-0.9088f,-0.2929f,-0.2971f,-0.5625f,0f,0f,0f,1f], start_interpolation: 0}
execute on passengers if entity @s[tag=aj.elina.bone.guide257] run data merge entity @s {transformation: [0.5294f,0.2333f,-0.8156f,0.2281f,0.2446f,-0.9626f,-0.1166f,1.1875f,-0.8123f,-0.1378f,-0.5667f,-0.5531f,0f,0f,0f,1f], start_interpolation: 0}
execute on passengers if entity @s[tag=aj.elina.bone.guide258] run data merge entity @s {transformation: [0.9652f,0.1579f,-0.2084f,0.3063f,0.1518f,-0.9874f,-0.045f,1.2969f,-0.2129f,0.0118f,-0.977f,-0.4906f,0f,0f,0f,1f], start_interpolation: 0}
execute on passengers if entity @s[tag=aj.elina.bone.guide259] run data merge entity @s {transformation: [0.9078f,0.2029f,-0.3671f,0.3063f,0.2295f,-0.9729f,0.0296f,1.0625f,-0.3511f,-0.1111f,-0.9297f,-0.4906f,0f,0f,0f,1f], start_interpolation: 0}
execute on passengers if entity @s[tag=aj.elina.bone.guide260] run data merge entity @s {transformation: [-0.0078f,0.0112f,-0.9999f,-0.2281f,0.1106f,-0.9938f,-0.012f,0.8281f,-0.9938f,-0.1107f,0.0065f,-0.6656f,0f,0f,0f,1f], start_interpolation: 0}
execute on passengers if entity @s[tag=aj.elina.bone.guide261] run data merge entity @s {transformation: [-0.0078f,0.0112f,-0.9999f,-0.2281f,0.1106f,-0.9938f,-0.012f,1.3281f,-0.9938f,-0.1107f,0.0065f,-0.5719f,0f,0f,0f,1f], start_interpolation: 0}
execute on passengers if entity @s[tag=aj.elina.bone.guide262] run data merge entity @s {transformation: [-0.0068f,0.0119f,-0.9999f,-0.1969f,0.0236f,-0.9997f,-0.012f,0.5938f,-0.9997f,-0.0236f,0.0065f,-0.6812f,0f,0f,0f,1f], start_interpolation: 0}
execute on passengers if entity @s[tag=aj.elina.bone.guide263] run data merge entity @s {transformation: [-0.0057f,0.0124f,-0.9999f,-0.1656f,-0.0637f,-0.9979f,-0.012f,0.4375f,-0.998f,0.0636f,0.0065f,-0.6812f,0f,0f,0f,1f], start_interpolation: 0}
execute on passengers if entity @s[tag=aj.elina.bone.guide264] run data merge entity @s {transformation: [-0.0078f,-0.0112f,0.9999f,0.2281f,-0.1106f,-0.9938f,-0.012f,0.8281f,0.9938f,-0.1107f,0.0065f,-0.6656f,0f,0f,0f,1f], start_interpolation: 0}
execute on passengers if entity @s[tag=aj.elina.bone.guide265] run data merge entity @s {transformation: [0f,0f,1f,0.225f,0f,1f,0f,2.0188f,-1f,0f,0f,0.0875f,0f,0f,0f,1f], start_interpolation: 0}
execute on passengers if entity @s[tag=aj.elina.bone.guide266] run data merge entity @s {transformation: [-0.0078f,0.0112f,-0.9999f,-0.1406f,0.1106f,-0.9938f,-0.012f,1.8438f,-0.9938f,-0.1107f,0.0065f,-0.4687f,0f,0f,0f,1f], start_interpolation: 0}
execute on passengers if entity @s[tag=aj.elina.bone.guide267] run data merge entity @s {transformation: [-0.0068f,0.0119f,-0.9999f,-0.25f,0.0236f,-0.9997f,-0.012f,1.9688f,-0.9997f,-0.0236f,0.0065f,-0.4375f,0f,0f,0f,1f], start_interpolation: 0}
execute on passengers if entity @s[tag=aj.elina.bone.guide268] run data merge entity @s {transformation: [0f,0f,1f,0.2563f,0f,1f,0f,1.925f,-1f,0f,0f,0.1188f,0f,0f,0f,1f], start_interpolation: 0}
execute on passengers if entity @s[tag=aj.elina.bone.guide269] run data merge entity @s {transformation: [-0.0078f,-0.0112f,0.9999f,0.2031f,-0.1106f,-0.9938f,-0.012f,1.5625f,0.9938f,-0.1107f,0.0065f,-0.5312f,0f,0f,0f,1f], start_interpolation: 0}
execute on passengers if entity @s[tag=aj.elina.bone.guide270] run data merge entity @s {transformation: [-0.0078f,0.0112f,-0.9999f,-0.2031f,0.1106f,-0.9938f,-0.012f,1.5625f,-0.9938f,-0.1107f,0.0065f,-0.5312f,0f,0f,0f,1f], start_interpolation: 0}
execute on passengers if entity @s[tag=aj.elina.bone.guide271] run data merge entity @s {transformation: [-0.0078f,-0.0112f,0.9999f,0.1719f,-0.1106f,-0.9938f,-0.012f,1.75f,0.9938f,-0.1107f,0.0065f,-0.5f,0f,0f,0f,1f], start_interpolation: 0}
execute on passengers if entity @s[tag=aj.elina.bone.guide272] run data merge entity @s {transformation: [-0.0078f,0.0112f,-0.9999f,-0.1719f,0.1106f,-0.9938f,-0.012f,1.75f,-0.9938f,-0.1107f,0.0065f,-0.5f,0f,0f,0f,1f], start_interpolation: 0}
execute on passengers if entity @s[tag=aj.elina.bone.guide273] run data merge entity @s {transformation: [-0.0078f,-0.0112f,0.9999f,0.1406f,-0.1106f,-0.9938f,-0.012f,1.8438f,0.9938f,-0.1107f,0.0065f,-0.4687f,0f,0f,0f,1f], start_interpolation: 0}
execute on passengers if entity @s[tag=aj.elina.bone.guide274] run data merge entity @s {transformation: [-1f,0f,0f,-0.2812f,0f,1f,0f,1.8656f,0f,0f,-1f,-0.2875f,0f,0f,0f,1f], start_interpolation: 0}
execute on passengers if entity @s[tag=aj.elina.bone.guide275] run data merge entity @s {transformation: [0.8527f,-0.1832f,0.4893f,-0.25f,-0.2538f,-0.9638f,0.0814f,1.75f,0.4567f,-0.1936f,-0.8683f,-0.4375f,0f,0f,0f,1f], start_interpolation: 0}
execute on passengers if entity @s[tag=aj.elina.bone.guide276] run data merge entity @s {transformation: [0.7484f,-0.1474f,0.6467f,-0.2187f,-0.2408f,-0.9689f,0.0578f,1.4219f,0.618f,-0.1989f,-0.7606f,-0.5156f,0f,0f,0f,1f], start_interpolation: 0}
execute on passengers if entity @s[tag=aj.elina.bone.guide277] run data merge entity @s {transformation: [-0.0101f,-0.1828f,0.9831f,-0.1406f,-0.3231f,-0.9298f,-0.1762f,1.625f,0.9463f,-0.3194f,-0.0497f,-0.4375f,0f,0f,0f,1f], start_interpolation: 0}
execute on passengers if entity @s[tag=aj.elina.bone.guide278] run data merge entity @s {transformation: [0.9652f,-0.1579f,0.2084f,-0.3062f,-0.1518f,-0.9874f,-0.045f,1.4688f,0.2129f,0.0118f,-0.977f,-0.4437f,0f,0f,0f,1f], start_interpolation: 0}
execute on passengers if entity @s[tag=aj.elina.bone.guide279] run data merge entity @s {transformation: [0.9478f,-0.2586f,0.1866f,-0.2906f,-0.2373f,-0.9628f,-0.1294f,1.6094f,0.2131f,0.0784f,-0.9739f,-0.4125f,0f,0f,0f,1f], start_interpolation: 0}
execute on passengers if entity @s[tag=aj.elina.bone.guide280] run data merge entity @s {transformation: [0.9427f,-0.2697f,0.1963f,-0.2656f,-0.2665f,-0.9629f,-0.0432f,1.75f,0.2006f,-0.0115f,-0.9796f,-0.3281f,0f,0f,0f,1f], start_interpolation: 0}
execute on passengers if entity @s[tag=aj.elina.bone.guide281] run data merge entity @s {transformation: [0.9478f,-0.2586f,0.1866f,-0.2906f,-0.2373f,-0.9628f,-0.1294f,1.7031f,0.2131f,0.0784f,-0.9739f,-0.35f,0f,0f,0f,1f], start_interpolation: 0}
execute on passengers if entity @s[tag=aj.elina.bone.guide282] run data merge entity @s {transformation: [0.943f,-0.2293f,0.2411f,-0.25f,-0.2527f,-0.965f,0.0705f,1.7813f,0.2164f,-0.1274f,-0.9679f,-0.25f,0f,0f,0f,1f], start_interpolation: 0}
execute on passengers if entity @s[tag=aj.elina.bone.guide284] run data merge entity @s {transformation: [-0.9973f,-0.0336f,0.0647f,-0.246f,0.0399f,-0.9943f,0.0992f,1.8181f,0.061f,0.1015f,0.993f,-0.0512f,0f,0f,0f,1f], start_interpolation: 0}
execute on passengers if entity @s[tag=aj.elina.bone.guide283] run data merge entity @s {transformation: [0.943f,-0.2588f,0.2091f,-0.2812f,-0.2527f,-0.9659f,-0.056f,1.8438f,0.2164f,0f,-0.9763f,-0.1563f,0f,0f,0f,1f], start_interpolation: 0}
execute on passengers if entity @s[tag=aj.elina.bone.guide285] run data merge entity @s {transformation: [0.9662f,-0.2342f,-0.1078f,-0.2656f,-0.239f,-0.9704f,-0.0347f,1.8438f,-0.0965f,0.0593f,-0.9936f,-0.0469f,0f,0f,0f,1f], start_interpolation: 0}
execute on passengers if entity @s[tag=aj.elina.bone.guide286] run data merge entity @s {transformation: [0.9193f,-0.1698f,0.3549f,-0.2812f,-0.1242f,-0.9812f,-0.1477f,1.9063f,0.3733f,0.0917f,-0.9231f,-0.0156f,0f,0f,0f,1f], start_interpolation: 0}
execute on passengers if entity @s[tag=aj.elina.bone.guide287] run data merge entity @s {transformation: [0.7484f,0.1474f,-0.6467f,0.2188f,0.2408f,-0.9689f,0.0578f,1.4219f,-0.618f,-0.1989f,-0.7606f,-0.5156f,0f,0f,0f,1f], start_interpolation: 0}
execute on passengers if entity @s[tag=aj.elina.bone.guide288] run data merge entity @s {transformation: [0.9652f,0.1579f,-0.2084f,0.3063f,0.1518f,-0.9874f,-0.045f,1.4688f,-0.2129f,0.0118f,-0.977f,-0.4437f,0f,0f,0f,1f], start_interpolation: 0}
execute on passengers if entity @s[tag=aj.elina.bone.guide289] run data merge entity @s {transformation: [0.9478f,0.2586f,-0.1866f,0.2906f,0.2373f,-0.9628f,-0.1294f,1.6094f,-0.2131f,0.0784f,-0.9739f,-0.4125f,0f,0f,0f,1f], start_interpolation: 0}
execute on passengers if entity @s[tag=aj.elina.bone.guide290] run data merge entity @s {transformation: [-0.0101f,0.1828f,-0.9831f,0.1406f,0.3231f,-0.9298f,-0.1762f,1.625f,-0.9463f,-0.3194f,-0.0497f,-0.4375f,0f,0f,0f,1f], start_interpolation: 0}
execute on passengers if entity @s[tag=aj.elina.bone.guide291] run data merge entity @s {transformation: [0.8527f,0.1832f,-0.4893f,0.25f,0.2538f,-0.9638f,0.0814f,1.75f,-0.4567f,-0.1936f,-0.8683f,-0.4375f,0f,0f,0f,1f], start_interpolation: 0}
execute on passengers if entity @s[tag=aj.elina.bone.guide292] run data merge entity @s {transformation: [0.9427f,0.2697f,-0.1963f,0.2656f,0.2665f,-0.9629f,-0.0432f,1.75f,-0.2006f,-0.0115f,-0.9796f,-0.3281f,0f,0f,0f,1f], start_interpolation: 0}
execute on passengers if entity @s[tag=aj.elina.bone.guide293] run data merge entity @s {transformation: [0.9478f,0.2586f,-0.1866f,0.2906f,0.2373f,-0.9628f,-0.1294f,1.7031f,-0.2131f,0.0784f,-0.9739f,-0.35f,0f,0f,0f,1f], start_interpolation: 0}
execute on passengers if entity @s[tag=aj.elina.bone.guide294] run data merge entity @s {transformation: [0.943f,0.2293f,-0.2411f,0.25f,0.2527f,-0.965f,0.0705f,1.7813f,-0.2164f,-0.1274f,-0.9679f,-0.25f,0f,0f,0f,1f], start_interpolation: 0}
execute on passengers if entity @s[tag=aj.elina.bone.guide296] run data merge entity @s {transformation: [-0.9973f,0.0336f,-0.0647f,0.246f,-0.0399f,-0.9943f,0.0992f,1.8181f,-0.061f,0.1015f,0.993f,-0.0512f,0f,0f,0f,1f], start_interpolation: 0}
execute on passengers if entity @s[tag=aj.elina.bone.guide295] run data merge entity @s {transformation: [0.943f,0.2588f,-0.2091f,0.2813f,0.2527f,-0.9659f,-0.056f,1.8438f,-0.2164f,0f,-0.9763f,-0.1562f,0f,0f,0f,1f], start_interpolation: 0}
execute on passengers if entity @s[tag=aj.elina.bone.guide297] run data merge entity @s {transformation: [-0.9585f,0.1771f,0.2235f,0.3125f,-0.168f,-0.984f,0.0592f,1.8594f,0.2304f,0.0192f,0.9729f,-0.0937f,0f,0f,0f,1f], start_interpolation: 0}
execute on passengers if entity @s[tag=aj.elina.bone.guide298] run data merge entity @s {transformation: [0.9662f,0.2342f,0.1078f,0.2656f,0.239f,-0.9704f,-0.0347f,1.8438f,0.0965f,0.0593f,-0.9936f,-0.0469f,0f,0f,0f,1f], start_interpolation: 0}
execute on passengers if entity @s[tag=aj.elina.bone.guide299] run data merge entity @s {transformation: [0.9193f,0.1698f,-0.3549f,0.2813f,0.1242f,-0.9812f,-0.1477f,1.9063f,-0.3733f,0.0917f,-0.9231f,-0.0156f,0f,0f,0f,1f], start_interpolation: 0}
execute on passengers if entity @s[tag=aj.elina.bone.guide300] run data merge entity @s {transformation: [0.9803f,0.0451f,0.1922f,0.3031f,0.0605f,-0.9953f,-0.0751f,1.8906f,0.188f,0.0853f,-0.9785f,0.0313f,0f,0f,0f,1f], start_interpolation: 0}
execute on passengers if entity @s[tag=aj.elina.bone.guide301] run data merge entity @s {transformation: [0.9803f,-0.0451f,-0.1922f,-0.3031f,-0.0605f,-0.9953f,-0.0751f,1.8906f,-0.188f,0.0853f,-0.9785f,0.0312f,0f,0f,0f,1f], start_interpolation: 0}
execute on passengers if entity @s[tag=aj.elina.bone.guide302] run data merge entity @s {transformation: [-0.0078f,-0.0112f,0.9999f,0.2281f,-0.1106f,-0.9938f,-0.012f,1.3281f,0.9938f,-0.1107f,0.0065f,-0.5719f,0f,0f,0f,1f], start_interpolation: 0}
execute on passengers if entity @s[tag=aj.elina.bone.guide303] run data merge entity @s {transformation: [-0.9585f,-0.1771f,-0.2235f,-0.3125f,0.168f,-0.984f,0.0592f,1.8594f,-0.2304f,0.0192f,0.9729f,-0.0938f,0f,0f,0f,1f], start_interpolation: 0}
execute on passengers if entity @s[tag=aj.elina.bone.guide304] run data merge entity @s {transformation: [-0.0078f,0.0112f,-0.9999f,-0.2281f,0.1106f,-0.9938f,-0.012f,1.3281f,-0.9938f,-0.1107f,0.0065f,-0.5719f,0f,0f,0f,1f], start_interpolation: 0}
execute on passengers if entity @s[tag=aj.elina.bone.layer] run data merge entity @s {transformation: [-1f,0f,0f,0f,0f,1f,0f,1.5156f,0f,0f,-1f,-0.125f,0f,0f,0f,1f], start_interpolation: 0}
execute on passengers if entity @s[tag=aj.elina.bone.l_1] run data merge entity @s {transformation: [-1f,0f,0f,-0.1094f,0f,1f,0f,1.625f,0f,0f,-1f,0.1234f,0f,0f,0f,1f], start_interpolation: 0}
execute on passengers if entity @s[tag=aj.elina.bone.eye_l] run data merge entity @s {transformation: [-1f,0f,0f,0f,0f,1f,0f,1.5156f,0f,0f,-1f,-0.125f,0f,0f,0f,1f], start_interpolation: 0}
execute on passengers if entity @s[tag=aj.elina.bone.r_1] run data merge entity @s {transformation: [-1f,0f,0f,0.1094f,0f,1f,0f,1.625f,0f,0f,-1f,0.1234f,0f,0f,0f,1f], start_interpolation: 0}
execute on passengers if entity @s[tag=aj.elina.bone.eye_r] run data merge entity @s {transformation: [-1f,0f,0f,0.125f,0f,1f,0f,1.6406f,0f,0f,-1f,0.1172f,0f,0f,0f,1f], start_interpolation: 0}
execute on passengers if entity @s[tag=aj.elina.bone.eyes_up] run data merge entity @s {transformation: [1f,0f,0f,0f,0f,-1f,0f,1.5469f,0f,0f,-1f,-0.125f,0f,0f,0f,1f], start_interpolation: 0}
execute on passengers if entity @s[tag=aj.elina.bone.l] run data merge entity @s {transformation: [-1f,0f,0f,-0.125f,0f,1f,0f,1.7266f,0f,0f,-1f,0.1469f,0f,0f,0f,1f], start_interpolation: 0}
execute on passengers if entity @s[tag=aj.elina.bone.r] run data merge entity @s {transformation: [-1f,0f,0f,0.125f,0f,1f,0f,1.7266f,0f,0f,-1f,0.1469f,0f,0f,0f,1f], start_interpolation: 0}
execute on passengers if entity @s[tag=aj.elina.bone.eyes_down] run data merge entity @s {transformation: [-1f,0f,0f,0f,0f,1f,0f,1.5469f,0f,0f,-1f,-0.125f,0f,0f,0f,1f], start_interpolation: 0}
execute on passengers if entity @s[tag=aj.elina.bone.up] run data merge entity @s {transformation: [-1f,0f,0f,0f,0f,1f,0f,1.5156f,0f,0f,-1f,-0.1249f,0f,0f,0f,1f], start_interpolation: 0}
execute on passengers if entity @s[tag=aj.elina.bone.down] run data merge entity @s {transformation: [-1f,0f,0f,0f,0f,1f,0f,1.5625f,0f,0f,-1f,-0.1249f,0f,0f,0f,1f], start_interpolation: 0}
execute on passengers if entity @s[tag=aj.elina.bone.mowse] run data merge entity @s {transformation: [-1f,0f,0f,0f,0f,1f,0f,1.5469f,0f,0f,-1f,-0.1249f,0f,0f,0f,1f], start_interpolation: 0}
execute on passengers if entity @s[tag=aj.elina.bone.mouse_r] run data merge entity @s {transformation: [-1f,0f,0f,0.0344f,0f,1f,0f,1.5156f,0f,0f,-1f,0.0625f,0f,0f,0f,1f], start_interpolation: 0}
execute on passengers if entity @s[tag=aj.elina.bone.mouse_l] run data merge entity @s {transformation: [-1f,0f,0f,0.0219f,0f,1f,0f,1.5156f,0f,0f,-1f,0.0625f,0f,0f,0f,1f], start_interpolation: 0}
execute on passengers if entity @s[tag=aj.elina.bone.head] run data merge entity @s {transformation: [-1f,0f,0f,0f,0f,1f,0f,1.5156f,0f,0f,-1f,-0.125f,0f,0f,0f,1f], start_interpolation: 0}
execute on passengers if entity @s[tag=aj.elina.bone.6] run data merge entity @s {transformation: [-1f,0f,0f,0.1188f,0f,1f,0f,0.3906f,0f,0f,-1f,-0.125f,0f,0f,0f,1f], start_interpolation: 0}
execute on passengers if entity @s[tag=aj.elina.bone.12] run data merge entity @s {transformation: [-1f,0f,0f,0.1188f,0f,1f,0f,0.7656f,0f,0f,-1f,-0.125f,0f,0f,0f,1f], start_interpolation: 0}
execute on passengers if entity @s[tag=aj.elina.bone.10] run data merge entity @s {transformation: [-1f,0f,0f,0f,0f,1f,0f,1.1406f,0f,0f,-1f,-0.125f,0f,0f,0f,1f], start_interpolation: 0}
execute on passengers if entity @s[tag=aj.elina.bone.9] run data merge entity @s {transformation: [-1f,0f,0f,0f,0f,1f,0f,1.5156f,0f,0f,-1f,-0.125f,0f,0f,0f,1f], start_interpolation: 0}
execute on passengers if entity @s[tag=aj.elina.bone.guide13] run data merge entity @s {transformation: [-0.9997f,0.0236f,-0.0065f,0.1875f,-0.0236f,-0.9997f,-0.012f,1.7188f,-0.0068f,-0.0119f,0.9999f,0.125f,0f,0f,0f,1f], start_interpolation: 0}
execute on passengers if entity @s[tag=aj.elina.bone.guide9] run data merge entity @s {transformation: [-0.8123f,0.1378f,0.5667f,0.3031f,-0.2446f,-0.9626f,-0.1166f,0.9375f,0.5294f,-0.2333f,0.8156f,-0.3531f,0f,0f,0f,1f], start_interpolation: 0}
execute on passengers if entity @s[tag=aj.elina.bone.guide10] run data merge entity @s {transformation: [-0.9088f,0.2929f,0.2971f,0.3125f,-0.2987f,-0.954f,0.0266f,0.7656f,0.2912f,-0.0646f,0.9545f,-0.375f,0f,0f,0f,1f], start_interpolation: 0}
execute on passengers if entity @s[tag=aj.elina.bone.guide18] run data merge entity @s {transformation: [-0.9938f,0.1107f,-0.0065f,0.3219f,-0.1106f,-0.9938f,-0.012f,1.0781f,-0.0078f,-0.0112f,0.9999f,0.1031f,0f,0f,0f,1f], start_interpolation: 0}
execute on passengers if entity @s[tag=aj.elina.bone.guide21] run data merge entity @s {transformation: [-0.9997f,0.0236f,-0.0065f,0.4313f,-0.0236f,-0.9997f,-0.012f,0.3438f,-0.0068f,-0.0119f,0.9999f,0.0719f,0f,0f,0f,1f], start_interpolation: 0}
execute on passengers if entity @s[tag=aj.elina.bone.guide22] run data merge entity @s {transformation: [-0.998f,-0.0636f,-0.0065f,0.4313f,0.0637f,-0.9979f,-0.012f,0.1875f,-0.0057f,-0.0124f,0.9999f,0.0406f,0f,0f,0f,1f], start_interpolation: 0}
execute on passengers if entity @s[tag=aj.elina.bone.guide23] run data merge entity @s {transformation: [-0.9226f,0.2247f,0.3135f,0.375f,-0.1871f,-0.9715f,0.1457f,0.5781f,0.3373f,0.0757f,0.9384f,-0.3594f,0f,0f,0f,1f], start_interpolation: 0}
execute on passengers if entity @s[tag=aj.elina.bone.guide24] run data merge entity @s {transformation: [-0.962f,0.1203f,0.2452f,0.4375f,-0.1387f,-0.9886f,-0.0591f,0.375f,0.2352f,-0.0909f,0.9677f,-0.2969f,0f,0f,0f,1f], start_interpolation: 0}
execute on passengers if entity @s[tag=aj.elina.bone.guide25] run data merge entity @s {transformation: [-0.5814f,0.0778f,0.8099f,0.4063f,-0.236f,-0.9688f,-0.0763f,0.3906f,0.7787f,-0.2355f,0.5816f,-0.4219f,0f,0f,0f,1f], start_interpolation: 0}
execute on passengers if entity @s[tag=aj.elina.bone.guide26] run data merge entity @s {transformation: [-0.3102f,-0.0195f,0.9505f,0.3281f,-0.2133f,-0.9729f,-0.0895f,0.4375f,0.9265f,-0.2305f,0.2976f,-0.5156f,0f,0f,0f,1f], start_interpolation: 0}
execute on passengers if entity @s[tag=aj.elina.bone.guide27] run data merge entity @s {transformation: [-0.4702f,0.0634f,0.8803f,0.3656f,-0.2093f,-0.977f,-0.0414f,0.6094f,0.8574f,-0.2037f,0.4726f,-0.4625f,0f,0f,0f,1f], start_interpolation: 0}
execute on passengers if entity @s[tag=aj.elina.bone.guide28] run data merge entity @s {transformation: [-0.3511f,-0.052f,0.9349f,0.3031f,-0.2295f,-0.9632f,-0.1398f,0.6563f,0.9078f,-0.2636f,0.3263f,-0.4625f,0f,0f,0f,1f], start_interpolation: 0}
execute on passengers if entity @s[tag=aj.elina.bone.guide29] run data merge entity @s {transformation: [-0.3511f,0.1111f,0.9297f,0.2406f,-0.2295f,-0.9729f,0.0296f,0.8125f,0.9078f,-0.2029f,0.3671f,-0.4313f,0f,0f,0f,1f], start_interpolation: 0}
execute on passengers if entity @s[tag=aj.elina.bone.guide30] run data merge entity @s {transformation: [-0.2129f,-0.0118f,0.977f,0.2406f,-0.1518f,-0.9874f,-0.045f,1.0469f,0.9652f,-0.1579f,0.2084f,-0.4313f,0f,0f,0f,1f], start_interpolation: 0}
execute on passengers if entity @s[tag=aj.elina.bone.guide46] run data merge entity @s {transformation: [-0.9938f,0.1107f,-0.0065f,0.3688f,-0.1106f,-0.9938f,-0.012f,0.8281f,-0.0078f,-0.0112f,0.9999f,0.1031f,0f,0f,0f,1f], start_interpolation: 0}
execute on passengers if entity @s[tag=aj.elina.bone.guide94] run data merge entity @s {transformation: [0.9938f,0.1107f,-0.0065f,0.3688f,0.1106f,-0.9938f,-0.012f,0.8281f,-0.0078f,0.0112f,-0.9999f,-0.3531f,0f,0f,0f,1f], start_interpolation: 0}
execute on passengers if entity @s[tag=aj.elina.bone.guide15] run data merge entity @s {transformation: [0.962f,0.1203f,0.2452f,0.4375f,0.1387f,-0.9886f,-0.0591f,0.375f,0.2352f,0.0909f,-0.9677f,0.0469f,0f,0f,0f,1f], start_interpolation: 0}
execute on passengers if entity @s[tag=aj.elina.bone.guide19] run data merge entity @s {transformation: [0.5814f,0.0778f,0.8099f,0.4063f,0.236f,-0.9688f,-0.0763f,0.3906f,0.7787f,0.2355f,-0.5816f,0.1719f,0f,0f,0f,1f], start_interpolation: 0}
execute on passengers if entity @s[tag=aj.elina.bone.guide43] run data merge entity @s {transformation: [0.3102f,-0.0195f,0.9505f,0.3281f,0.2133f,-0.9729f,-0.0895f,0.4375f,0.9265f,0.2305f,-0.2976f,0.2656f,0f,0f,0f,1f], start_interpolation: 0}
execute on passengers if entity @s[tag=aj.elina.bone.guide44] run data merge entity @s {transformation: [0.4702f,0.0634f,0.8803f,0.3656f,0.2093f,-0.977f,-0.0414f,0.6094f,0.8574f,0.2037f,-0.4726f,0.2125f,0f,0f,0f,1f], start_interpolation: 0}
execute on passengers if entity @s[tag=aj.elina.bone.guide45] run data merge entity @s {transformation: [0.9226f,0.2247f,0.3135f,0.375f,0.1871f,-0.9715f,0.1457f,0.5781f,0.3373f,-0.0757f,-0.9384f,0.1094f,0f,0f,0f,1f], start_interpolation: 0}
execute on passengers if entity @s[tag=aj.elina.bone.guide47] run data merge entity @s {transformation: [0.3511f,-0.052f,0.9349f,0.3031f,0.2295f,-0.9632f,-0.1398f,0.6563f,0.9078f,0.2636f,-0.3263f,0.2125f,0f,0f,0f,1f], start_interpolation: 0}
execute on passengers if entity @s[tag=aj.elina.bone.guide48] run data merge entity @s {transformation: [0.9088f,0.2929f,0.2971f,0.3125f,0.2987f,-0.954f,0.0266f,0.7656f,0.2912f,0.0646f,-0.9545f,0.125f,0f,0f,0f,1f], start_interpolation: 0}
execute on passengers if entity @s[tag=aj.elina.bone.guide42] run data merge entity @s {transformation: [0.8123f,0.1378f,0.5667f,0.3031f,0.2446f,-0.9626f,-0.1166f,0.9375f,0.5294f,0.2333f,-0.8156f,0.1031f,0f,0f,0f,1f], start_interpolation: 0}
execute on passengers if entity @s[tag=aj.elina.bone.guide41] run data merge entity @s {transformation: [0.2129f,-0.0118f,0.977f,0.2406f,0.1518f,-0.9874f,-0.045f,1.0469f,0.9652f,0.1579f,-0.2084f,0.1812f,0f,0f,0f,1f], start_interpolation: 0}
execute on passengers if entity @s[tag=aj.elina.bone.guide40] run data merge entity @s {transformation: [0.3511f,0.1111f,0.9297f,0.2406f,0.2295f,-0.9729f,0.0296f,0.8125f,0.9078f,0.2029f,-0.3671f,0.1812f,0f,0f,0f,1f], start_interpolation: 0}
execute on passengers if entity @s[tag=aj.elina.bone.guide91] run data merge entity @s {transformation: [0.9938f,0.1107f,-0.0065f,0.4156f,0.1106f,-0.9938f,-0.012f,0.5781f,-0.0078f,0.0112f,-0.9999f,-0.3531f,0f,0f,0f,1f], start_interpolation: 0}
execute on passengers if entity @s[tag=aj.elina.bone.guide61] run data merge entity @s {transformation: [0.9938f,0.1107f,-0.0065f,0.3219f,0.1106f,-0.9938f,-0.012f,1.0781f,-0.0078f,0.0112f,-0.9999f,-0.3531f,0f,0f,0f,1f], start_interpolation: 0}
execute on passengers if entity @s[tag=aj.elina.bone.guide90] run data merge entity @s {transformation: [0.9997f,0.0236f,-0.0065f,0.4313f,0.0236f,-0.9997f,-0.012f,0.3438f,-0.0068f,0.0119f,-0.9999f,-0.3219f,0f,0f,0f,1f], start_interpolation: 0}
execute on passengers if entity @s[tag=aj.elina.bone.guide92] run data merge entity @s {transformation: [0.998f,-0.0636f,-0.0065f,0.4313f,-0.0637f,-0.9979f,-0.012f,0.1875f,-0.0057f,0.0124f,-0.9999f,-0.2906f,0f,0f,0f,1f], start_interpolation: 0}
execute on passengers if entity @s[tag=aj.elina.bone.guide93] run data merge entity @s {transformation: [-0.9938f,0.1107f,-0.0065f,0.4156f,-0.1106f,-0.9938f,-0.012f,0.5781f,-0.0078f,-0.0112f,0.9999f,0.1031f,0f,0f,0f,1f], start_interpolation: 0}
execute on passengers if entity @s[tag=aj.elina.bone.guide57] run data merge entity @s {transformation: [0.9938f,0.1107f,-0.0065f,0.2188f,0.1106f,-0.9938f,-0.012f,1.5938f,-0.0078f,0.0112f,-0.9999f,-0.2656f,0f,0f,0f,1f], start_interpolation: 0}
execute on passengers if entity @s[tag=aj.elina.bone.guide58] run data merge entity @s {transformation: [0.9997f,0.0236f,-0.0065f,0.1875f,0.0236f,-0.9997f,-0.012f,1.7188f,-0.0068f,0.0119f,-0.9999f,-0.375f,0f,0f,0f,1f], start_interpolation: 0}
execute on passengers if entity @s[tag=aj.elina.bone.guide17] run data merge entity @s {transformation: [-0.9938f,0.1107f,-0.0065f,0.2813f,-0.1106f,-0.9938f,-0.012f,1.3125f,-0.0078f,-0.0112f,0.9999f,0.0781f,0f,0f,0f,1f], start_interpolation: 0}
execute on passengers if entity @s[tag=aj.elina.bone.guide89] run data merge entity @s {transformation: [0.9938f,0.1107f,-0.0065f,0.2813f,0.1106f,-0.9938f,-0.012f,1.3125f,-0.0078f,0.0112f,-0.9999f,-0.3281f,0f,0f,0f,1f], start_interpolation: 0}
execute on passengers if entity @s[tag=aj.elina.bone.guide11] run data merge entity @s {transformation: [-0.9938f,0.1107f,-0.0065f,0.25f,-0.1106f,-0.9938f,-0.012f,1.5f,-0.0078f,-0.0112f,0.9999f,0.0469f,0f,0f,0f,1f], start_interpolation: 0}
execute on passengers if entity @s[tag=aj.elina.bone.guide60] run data merge entity @s {transformation: [0.9938f,0.1107f,-0.0065f,0.25f,0.1106f,-0.9938f,-0.012f,1.5f,-0.0078f,0.0112f,-0.9999f,-0.2969f,0f,0f,0f,1f], start_interpolation: 0}
execute on passengers if entity @s[tag=aj.elina.bone.guide12] run data merge entity @s {transformation: [-0.9938f,0.1107f,-0.0065f,0.2188f,-0.1106f,-0.9938f,-0.012f,1.5938f,-0.0078f,-0.0112f,0.9999f,0.0156f,0f,0f,0f,1f], start_interpolation: 0}
execute on passengers if entity @s[tag=aj.elina.bone.guide7] run data merge entity @s {transformation: [-0.618f,0.1989f,0.7606f,0.2656f,-0.2408f,-0.9689f,0.0578f,1.1719f,0.7484f,-0.1474f,0.6467f,-0.3438f,0f,0f,0f,1f], start_interpolation: 0}
execute on passengers if entity @s[tag=aj.elina.bone.guide6] run data merge entity @s {transformation: [-0.9463f,0.3194f,0.0497f,0.1875f,-0.3231f,-0.9298f,-0.1762f,1.375f,-0.0101f,-0.1828f,0.9831f,-0.2656f,0f,0f,0f,1f], start_interpolation: 0}
execute on passengers if entity @s[tag=aj.elina.bone.guide31] run data merge entity @s {transformation: [-0.2129f,-0.0118f,0.977f,0.1937f,-0.1518f,-0.9874f,-0.045f,1.2188f,0.9652f,-0.1579f,0.2084f,-0.4313f,0f,0f,0f,1f], start_interpolation: 0}
execute on passengers if entity @s[tag=aj.elina.bone.guide32] run data merge entity @s {transformation: [-0.2131f,-0.0784f,0.9739f,0.1625f,-0.2373f,-0.9628f,-0.1294f,1.3594f,0.9478f,-0.2586f,0.1866f,-0.4156f,0f,0f,0f,1f], start_interpolation: 0}
execute on passengers if entity @s[tag=aj.elina.bone.guide49] run data merge entity @s {transformation: [0.618f,0.1989f,0.7606f,0.2656f,0.2408f,-0.9689f,0.0578f,1.1719f,0.7484f,0.1474f,-0.6467f,0.0937f,0f,0f,0f,1f], start_interpolation: 0}
execute on passengers if entity @s[tag=aj.elina.bone.guide50] run data merge entity @s {transformation: [0.2129f,-0.0118f,0.977f,0.1937f,0.1518f,-0.9874f,-0.045f,1.2188f,0.9652f,0.1579f,-0.2084f,0.1812f,0f,0f,0f,1f], start_interpolation: 0}
execute on passengers if entity @s[tag=aj.elina.bone.guide39] run data merge entity @s {transformation: [0.2131f,-0.0784f,0.9739f,0.1625f,0.2373f,-0.9628f,-0.1294f,1.3594f,0.9478f,0.2586f,-0.1866f,0.1656f,0f,0f,0f,1f], start_interpolation: 0}
execute on passengers if entity @s[tag=aj.elina.bone.guide51] run data merge entity @s {transformation: [0.9463f,0.3194f,0.0497f,0.1875f,0.3231f,-0.9298f,-0.1762f,1.375f,-0.0101f,0.1828f,-0.9831f,0.0156f,0f,0f,0f,1f], start_interpolation: 0}
execute on passengers if entity @s[tag=aj.elina.bone.guide52] run data merge entity @s {transformation: [0.4567f,0.1936f,0.8683f,0.1875f,0.2538f,-0.9638f,0.0814f,1.5f,0.8527f,0.1832f,-0.4893f,0.125f,0f,0f,0f,1f], start_interpolation: 0}
execute on passengers if entity @s[tag=aj.elina.bone.guide20] run data merge entity @s {transformation: [-0.9938f,0.1107f,-0.0065f,0.3219f,-0.1106f,-0.9938f,-0.012f,1.0781f,-0.0078f,-0.0112f,0.9999f,0.1031f,0f,0f,0f,1f], start_interpolation: 0}
execute on passengers if entity @s[tag=aj.elina.bone.guide97] run data merge entity @s {transformation: [0.9938f,0.1107f,-0.0065f,0.3219f,0.1106f,-0.9938f,-0.012f,1.0781f,-0.0078f,0.0112f,-0.9999f,-0.3531f,0f,0f,0f,1f], start_interpolation: 0}
execute on passengers if entity @s[tag=aj.elina.bone.guide99] run data merge entity @s {transformation: [0.9997f,-0.0236f,0.0065f,-0.1875f,-0.0236f,-0.9997f,-0.012f,1.6875f,0.0068f,0.0119f,-0.9999f,-0.3906f,0f,0f,0f,1f], start_interpolation: 0}
execute on passengers if entity @s[tag=aj.elina.bone.guide134] run data merge entity @s {transformation: [0.8123f,-0.1378f,-0.5667f,-0.3031f,-0.2446f,-0.9626f,-0.1166f,0.9063f,-0.5294f,0.2333f,-0.8156f,0.0875f,0f,0f,0f,1f], start_interpolation: 0}
execute on passengers if entity @s[tag=aj.elina.bone.guide135] run data merge entity @s {transformation: [0.9088f,-0.2929f,-0.2971f,-0.3125f,-0.2987f,-0.954f,0.0266f,0.7344f,-0.2912f,0.0646f,-0.9545f,0.1094f,0f,0f,0f,1f], start_interpolation: 0}
execute on passengers if entity @s[tag=aj.elina.bone.guide136] run data merge entity @s {transformation: [0.9938f,-0.1107f,0.0065f,-0.3219f,-0.1106f,-0.9938f,-0.012f,1.0469f,0.0078f,0.0112f,-0.9999f,-0.3688f,0f,0f,0f,1f], start_interpolation: 0}
execute on passengers if entity @s[tag=aj.elina.bone.guide137] run data merge entity @s {transformation: [0.9997f,-0.0236f,0.0065f,-0.4312f,-0.0236f,-0.9997f,-0.012f,0.3125f,0.0068f,0.0119f,-0.9999f,-0.3375f,0f,0f,0f,1f], start_interpolation: 0}
execute on passengers if entity @s[tag=aj.elina.bone.guide138] run data merge entity @s {transformation: [0.998f,0.0636f,0.0065f,-0.4312f,0.0637f,-0.9979f,-0.012f,0.1563f,0.0057f,0.0124f,-0.9999f,-0.3063f,0f,0f,0f,1f], start_interpolation: 0}
execute on passengers if entity @s[tag=aj.elina.bone.guide139] run data merge entity @s {transformation: [0.9226f,-0.2247f,-0.3135f,-0.375f,-0.1871f,-0.9715f,0.1457f,0.5469f,-0.3373f,-0.0757f,-0.9384f,0.0937f,0f,0f,0f,1f], start_interpolation: 0}
execute on passengers if entity @s[tag=aj.elina.bone.guide140] run data merge entity @s {transformation: [0.962f,-0.1203f,-0.2452f,-0.4375f,-0.1387f,-0.9886f,-0.0591f,0.3438f,-0.2352f,0.0909f,-0.9677f,0.0312f,0f,0f,0f,1f], start_interpolation: 0}
execute on passengers if entity @s[tag=aj.elina.bone.guide141] run data merge entity @s {transformation: [0.5814f,-0.0778f,-0.8099f,-0.4063f,-0.236f,-0.9688f,-0.0763f,0.3594f,-0.7787f,0.2355f,-0.5816f,0.1562f,0f,0f,0f,1f], start_interpolation: 0}
execute on passengers if entity @s[tag=aj.elina.bone.guide142] run data merge entity @s {transformation: [0.3102f,0.0195f,-0.9505f,-0.3281f,-0.2133f,-0.9729f,-0.0895f,0.4063f,-0.9265f,0.2305f,-0.2976f,0.25f,0f,0f,0f,1f], start_interpolation: 0}
execute on passengers if entity @s[tag=aj.elina.bone.guide143] run data merge entity @s {transformation: [0.4702f,-0.0634f,-0.8803f,-0.3656f,-0.2093f,-0.977f,-0.0414f,0.5781f,-0.8574f,0.2037f,-0.4726f,0.1969f,0f,0f,0f,1f], start_interpolation: 0}
execute on passengers if entity @s[tag=aj.elina.bone.guide144] run data merge entity @s {transformation: [0.3511f,0.052f,-0.9349f,-0.3031f,-0.2295f,-0.9632f,-0.1398f,0.625f,-0.9078f,0.2636f,-0.3263f,0.1969f,0f,0f,0f,1f], start_interpolation: 0}
execute on passengers if entity @s[tag=aj.elina.bone.guide145] run data merge entity @s {transformation: [0.3511f,-0.1111f,-0.9297f,-0.2406f,-0.2295f,-0.9729f,0.0296f,0.7813f,-0.9078f,0.2029f,-0.3671f,0.1656f,0f,0f,0f,1f], start_interpolation: 0}
execute on passengers if entity @s[tag=aj.elina.bone.guide146] run data merge entity @s {transformation: [0.2129f,0.0118f,-0.977f,-0.2406f,-0.1518f,-0.9874f,-0.045f,1.0156f,-0.9652f,0.1579f,-0.2084f,0.1656f,0f,0f,0f,1f], start_interpolation: 0}
execute on passengers if entity @s[tag=aj.elina.bone.guide147] run data merge entity @s {transformation: [0.9938f,-0.1107f,0.0065f,-0.3687f,-0.1106f,-0.9938f,-0.012f,0.7969f,0.0078f,0.0112f,-0.9999f,-0.3688f,0f,0f,0f,1f], start_interpolation: 0}
execute on passengers if entity @s[tag=aj.elina.bone.guide148] run data merge entity @s {transformation: [-0.9938f,-0.1107f,0.0065f,-0.3687f,0.1106f,-0.9938f,-0.012f,0.7969f,0.0078f,-0.0112f,0.9999f,0.0875f,0f,0f,0f,1f], start_interpolation: 0}
execute on passengers if entity @s[tag=aj.elina.bone.guide149] run data merge entity @s {transformation: [-0.962f,-0.1203f,-0.2452f,-0.4375f,0.1387f,-0.9886f,-0.0591f,0.3438f,-0.2352f,-0.0909f,0.9677f,-0.3125f,0f,0f,0f,1f], start_interpolation: 0}
execute on passengers if entity @s[tag=aj.elina.bone.guide150] run data merge entity @s {transformation: [-0.5814f,-0.0778f,-0.8099f,-0.4062f,0.236f,-0.9688f,-0.0763f,0.3594f,-0.7787f,-0.2355f,0.5816f,-0.4375f,0f,0f,0f,1f], start_interpolation: 0}
execute on passengers if entity @s[tag=aj.elina.bone.guide151] run data merge entity @s {transformation: [-0.3102f,0.0195f,-0.9505f,-0.3281f,0.2133f,-0.9729f,-0.0895f,0.4063f,-0.9265f,-0.2305f,0.2976f,-0.5313f,0f,0f,0f,1f], start_interpolation: 0}
execute on passengers if entity @s[tag=aj.elina.bone.guide152] run data merge entity @s {transformation: [-0.4702f,-0.0634f,-0.8803f,-0.3656f,0.2093f,-0.977f,-0.0414f,0.5781f,-0.8574f,-0.2037f,0.4726f,-0.4781f,0f,0f,0f,1f], start_interpolation: 0}
execute on passengers if entity @s[tag=aj.elina.bone.guide153] run data merge entity @s {transformation: [-0.9226f,-0.2247f,-0.3135f,-0.375f,0.1871f,-0.9715f,0.1457f,0.5469f,-0.3373f,0.0757f,0.9384f,-0.375f,0f,0f,0f,1f], start_interpolation: 0}
execute on passengers if entity @s[tag=aj.elina.bone.guide154] run data merge entity @s {transformation: [-0.3511f,0.052f,-0.9349f,-0.3031f,0.2295f,-0.9632f,-0.1398f,0.625f,-0.9078f,-0.2636f,0.3263f,-0.4781f,0f,0f,0f,1f], start_interpolation: 0}
execute on passengers if entity @s[tag=aj.elina.bone.guide155] run data merge entity @s {transformation: [-0.9088f,-0.2929f,-0.2971f,-0.3125f,0.2987f,-0.954f,0.0266f,0.7344f,-0.2912f,-0.0646f,0.9545f,-0.3906f,0f,0f,0f,1f], start_interpolation: 0}
execute on passengers if entity @s[tag=aj.elina.bone.guide156] run data merge entity @s {transformation: [-0.8123f,-0.1378f,-0.5667f,-0.3031f,0.2446f,-0.9626f,-0.1166f,0.9063f,-0.5294f,-0.2333f,0.8156f,-0.3688f,0f,0f,0f,1f], start_interpolation: 0}
