# This file was generated by Animated Java via MC-Build. It is not recommended to edit this file directly.
$data merge entity $(bone_layer) { transformation: [-1.001f,0f,1.2258714459465004e-16f,-1.1481063742006436e-17f,0f,1.001f,0f,1.34375f,-1.2258714459465004e-16f,0f,-1.001f,0.09375f,0f,0f,0f,1f], start_interpolation: 0, interpolation_duration: 1 }
$data merge entity $(bone_head) { transformation: [-1f,0f,1.2246467991473532e-16f,-1.1481063742006436e-17f,0f,1f,0f,1.34375f,-1.2246467991473532e-16f,0f,-1f,0.09375f,0f,0f,0f,1f], start_interpolation: 0, interpolation_duration: 1 }
$data merge entity $(bone_6) { transformation: [-0.9951985036622507f,-0.08418599378959528f,-0.02255751333522434f,0.1487097855131064f,-0.08574582566378879f,0.9925299567960003f,0.08635354209179541f,0.3821083217260925f,0.015119248977785976f,0.08753910956407246f,-0.9950724254893455f,0.06290153264934555f,0f,0f,0f,1f], start_interpolation: 0, interpolation_duration: 1 }
$data merge entity $(bone_12) { transformation: [-0.9951985036622507f,-0.08715573967449133f,5.381627654662069e-8f,0.11875f,-0.08574582566378879f,0.9810602599402486f,-0.17347453915558164f,0.7193477860805529f,0.015119248977785976f,-0.17298740823471564f,-0.9838229435547616f,0.003437111068662041f,0f,0f,0f,1f], start_interpolation: 0, interpolation_duration: 1 }
$data merge entity $(bone_10) { transformation: [-0.999f,-5.341834311772725e-18f,1.2222577255473234e-16f,-3.0732739393764116e-18f,0f,0.9990482215818577f,0.043575767977970664f,1.0992097137612378f,-1.2234221523482057e-16f,0.04361938736533599f,-0.9980491733602758f,0.025095186150946906f,0f,0f,0f,1f], start_interpolation: 0, interpolation_duration: 1 }
$data merge entity $(bone_9) { transformation: [-1f,-2.1265768495757713e-17f,1.2060416625018976e-16f,-1.071565949253934e-17f,0f,0.984807753012208f,0.17364817766693033f,1.453125f,-1.2246467991473532e-16f,0.17364817766693033f,-0.984807753012208f,0.0875f,0f,0f,0f,1f], start_interpolation: 0, interpolation_duration: 1 }
$data merge entity $(item_display_item_display) { transformation: [-0.5338972726438289f,-0.8632625664870962f,-0.720733250572715f,-0.7755433368090929f,-1.2033545195373838f,-0.2862186916606628f,0.5466591094291253f,0.8342193309582828f,-0.687107417055319f,1.1720381209974233f,-0.39735736595365073f,0.1369077928567352f,0f,0f,0f,1f], start_interpolation: 0, interpolation_duration: 1 }
$data merge entity $(bone_2) { transformation: [0.7207332399651291f,0.5658038734332757f,-0.37116455689013694f,-0.4705757450490804f,-0.5466591333376314f,0.8077138636145647f,0.16610490395295996f,1.0955858038255046f,0.3973573523020527f,0.08493740354472573f,0.901740950330604f,-0.056675918396643626f,0f,0f,0f,1f], start_interpolation: 0, interpolation_duration: 1 }
$data merge entity $(bone_1) { transformation: [0.7214546946597888f,0.3559315365754102f,-0.5755083776580645f,-0.351821206711646f,-0.5472063396773087f,0.8022363300665444f,-0.19081246110710928f,1.3701619644039598f,0.3977551074094622f,0.45807162321238554f,0.781358747331615f,0.1056696942534365f,0f,0f,0f,1f], start_interpolation: 0, interpolation_duration: 1 }
$data merge entity $(bone_4) { transformation: [-0.9782360214721328f,-0.06431171872892708f,0.12480494259366964f,0.39190097455149353f,-0.09520080957144955f,0.9684926051879029f,-0.2280093062267476f,1.06967262033678f,-0.10684264733438552f,-0.23213839893459814f,-0.9556830931033478f,0.056206355517803105f,0f,0f,0f,1f], start_interpolation: 0, interpolation_duration: 1 }
$data merge entity $(bone_3) { transformation: [-0.9792152367088417f,-0.11103105937732183f,0.08593238455452892f,0.35720376849608043f,-0.09529610567712668f,0.9741132864274591f,0.20265605156310756f,1.3740830223453608f,-0.10694959693131684f,0.19350028895766522f,-0.9642489558598448f,0.11667519581707349f,0f,0f,0f,1f], start_interpolation: 0, interpolation_duration: 1 }
$data merge entity $(bone_8) { transformation: [-0.9958209930870588f,0.049039638152280615f,0.06347911185644364f,-0.1516404414831789f,0.05362638336093329f,0.9953852370311531f,0.07889437389390434f,0.392700231497273f,-0.05934644213087333f,0.08214058372257951f,-0.9938546719530904f,0.06276787683119428f,0f,0f,0f,1f], start_interpolation: 0, interpolation_duration: 1 }
$data merge entity $(bone_7) { transformation: [-0.9958209930870588f,0.059317647951065894f,0.05399907771196569f,-0.13125f,0.05362638336093329f,0.9939629629170239f,-0.09515104140726428f,0.734375f,-0.05934644213087333f,-0.09168836896347433f,-0.993019348982732f,0.031249999999999983f,0f,0f,0f,1f], start_interpolation: 0, interpolation_duration: 1 }