# This file was generated by Animated Java via MC-Build. It is not recommended to edit this file directly.
$data merge entity $(bone_layer) {transformation: [-0.7143f,-0.292f,0.6361f,0f,0.082f,0.8676f,0.4904f,1.4219f,-0.6951f,0.4024f,-0.5958f,-0.125f,0f,0f,0f,1f],start_interpolation: 0,interpolation_duration: 1}
$data merge entity $(bone_head) {transformation: [-0.7143f,-0.292f,0.6361f,0f,0.082f,0.8676f,0.4904f,1.4219f,-0.6951f,0.4024f,-0.5958f,-0.125f,0f,0f,0f,1f],start_interpolation: 0,interpolation_duration: 1}
$data merge entity $(bone_6) {transformation: [-0.9726f,-0.0271f,0.2269f,0.0931f,-0.0196f,0.9992f,0.0352f,0.3803f,-0.2275f,0.0298f,-0.9733f,-0.0045f,0f,0f,0f,1f],start_interpolation: 0,interpolation_duration: 1}
$data merge entity $(bone_12) {transformation: [-0.9735f,0.0227f,0.2274f,0.1002f,-0.0196f,0.9831f,-0.1819f,0.6875f,-0.2277f,-0.1816f,-0.9567f,-0.0612f,0f,0f,0f,1f],start_interpolation: 0,interpolation_duration: 1}
$data merge entity $(bone_10) {transformation: [-0.8425f,0.0933f,0.5291f,0.0378f,0f,0.9848f,-0.1736f,1.0635f,-0.5368f,-0.1465f,-0.8306f,-0.1844f,0f,0f,0f,1f],start_interpolation: 0,interpolation_duration: 1}
$data merge entity $(bone_9) {transformation: [-0.8434f,-0.0933f,0.5291f,0f,0f,0.9848f,0.1736f,1.3906f,-0.5373f,0.1465f,-0.8306f,-0.125f,0f,0f,0f,1f],start_interpolation: 0,interpolation_duration: 1}
$data merge entity $(bone_2) {transformation: [0.4648f,0.6561f,-0.5941f,-0.2984f,-0.7536f,0.6451f,0.1216f,1.1995f,0.4626f,0.3916f,0.7951f,-0.5617f,0f,0f,0f,1f],start_interpolation: 0,interpolation_duration: 1}
$data merge entity $(bone_1) {transformation: [0.4653f,0.1207f,-0.8769f,-0.2899f,-0.7544f,0.5724f,-0.3215f,1.3594f,0.4631f,0.8111f,0.3574f,-0.3097f,0f,0f,0f,1f],start_interpolation: 0,interpolation_duration: 1}
$data merge entity $(bone_4) {transformation: [-0.0259f,0.4821f,0.8757f,0.3473f,-0.7785f,0.5389f,-0.3197f,1.1644f,-0.6255f,-0.6907f,0.3618f,0.3f,0f,0f,0f,1f],start_interpolation: 0,interpolation_duration: 1}
$data merge entity $(bone_3) {transformation: [-0.0259f,-0.0639f,0.9976f,0.2899f,-0.7793f,0.6263f,0.0199f,1.3594f,-0.6261f,-0.777f,-0.066f,0.0597f,0f,0f,0f,1f],start_interpolation: 0,interpolation_duration: 1}
$data merge entity $(bone_8) {transformation: [-0.7608f,-0.0146f,0.6479f,-0.2777f,0.0614f,0.9936f,0.0947f,0.5097f,-0.6445f,0.1119f,-0.7558f,-0.0449f,0f,0f,0f,1f],start_interpolation: 0,interpolation_duration: 1}
$data merge entity $(bone_7) {transformation: [-0.7616f,0.4269f,0.4875f,-0.1403f,0.0615f,0.7965f,-0.6015f,0.733f,-0.6451f,-0.4281f,-0.6329f,-0.1858f,0f,0f,0f,1f],start_interpolation: 0,interpolation_duration: 1}
$data merge entity $(item_display_item_display) {transformation: [0f,0f,0f,0f,0f,0f,0f,0f,0f,0f,0f,0f,0f,0f,0f,1f],start_interpolation: 0,interpolation_duration: 1}
$data merge entity $(block_display_block_display) {transformation: [-1f,0f,0f,0f,0f,1f,0f,0f,0f,0f,-1f,0f,0f,0f,0f,1f],start_interpolation: 0,interpolation_duration: 1}
data modify entity @s data merge value {"cameras":{"camera":{"posx":-1.3750000000000002,"posy":0.9375,"posz":0.9374999999999998,"roty":232.9362076505783,"rotx":-9.726345109616844}},"locators":{}}