# This file was generated by Animated Java via MC-Build. It is not recommended to edit this file directly.
$data merge entity $(bone_layer) {transformation: [-0.7665f,-0.271f,0.5822f,-0.0003f,0.0824f,0.8576f,0.5077f,1.4193f,-0.6369f,0.4371f,-0.635f,-0.1244f,0f,0f,0f,1f],start_interpolation: 0,interpolation_duration: 1}
$data merge entity $(bone_head) {transformation: [-0.7665f,-0.271f,0.5822f,-0.0003f,0.0824f,0.8576f,0.5077f,1.4193f,-0.6369f,0.4371f,-0.635f,-0.1244f,0f,0f,0f,1f],start_interpolation: 0,interpolation_duration: 1}
$data merge entity $(bone_6) {transformation: [-0.9874f,-0.0247f,0.1502f,0.1017f,-0.0196f,0.9992f,0.0352f,0.3803f,-0.1508f,0.0318f,-0.988f,-0.0088f,0f,0f,0f,1f],start_interpolation: 0,interpolation_duration: 1}
$data merge entity $(bone_12) {transformation: [-0.9883f,0.0101f,0.1519f,0.1048f,-0.0196f,0.9811f,-0.1927f,0.6868f,-0.151f,-0.1934f,-0.9694f,-0.0692f,0f,0f,0f,1f],start_interpolation: 0,interpolation_duration: 1}
$data merge entity $(bone_10) {transformation: [-0.8819f,0.0849f,0.462f,0.0348f,0f,0.9835f,-0.1808f,1.0623f,-0.4693f,-0.1596f,-0.8682f,-0.1903f,0f,0f,0f,1f],start_interpolation: 0,interpolation_duration: 1}
$data merge entity $(bone_9) {transformation: [-0.8828f,-0.0849f,0.462f,0.0004f,0f,0.9835f,0.1808f,1.3875f,-0.4698f,0.1596f,-0.8682f,-0.1257f,0f,0f,0f,1f],start_interpolation: 0,interpolation_duration: 1}
$data merge entity $(bone_2) {transformation: [0.5146f,0.6979f,-0.4975f,-0.3334f,-0.7516f,0.6463f,0.1275f,1.1958f,0.4101f,0.3086f,0.858f,-0.5355f,0f,0f,0f,1f],start_interpolation: 0,interpolation_duration: 1}
$data merge entity $(bone_1) {transformation: [0.5152f,0.1981f,-0.8339f,-0.3006f,-0.7524f,0.5705f,-0.3292f,1.3549f,0.4105f,0.797f,0.443f,-0.285f,0f,0f,0f,1f],start_interpolation: 0,interpolation_duration: 1}
$data merge entity $(bone_4) {transformation: [-0.0709f,0.45f,0.8902f,0.3794f,-0.7759f,0.5351f,-0.3324f,1.1608f,-0.6253f,-0.715f,0.3115f,0.2682f,0f,0f,0f,1f],start_interpolation: 0,interpolation_duration: 1}
$data merge entity $(bone_3) {transformation: [-0.071f,-0.1151f,0.9908f,0.3062f,-0.7767f,0.6297f,0.0175f,1.3562f,-0.6259f,-0.7683f,-0.1341f,0.0341f,0f,0f,0f,1f],start_interpolation: 0,interpolation_duration: 1}
$data merge entity $(bone_8) {transformation: [-0.8099f,0.0015f,0.5854f,-0.2738f,0.0625f,0.9945f,0.0841f,0.5195f,-0.5815f,0.1048f,-0.8064f,-0.0161f,0f,0f,0f,1f],start_interpolation: 0,interpolation_duration: 1}
$data merge entity $(bone_7) {transformation: [-0.8107f,0.4044f,0.4233f,-0.1436f,0.0626f,0.7788f,-0.6242f,0.7349f,-0.5821f,-0.4795f,-0.6567f,-0.1742f,0f,0f,0f,1f],start_interpolation: 0,interpolation_duration: 1}
data modify entity @s data merge value {"cameras":{"camera":{"posx":-1.2910000000000001,"posy":0.93321875,"posz":1.0374999999999999,"roty":229.54971904649693,"rotx":-9.43574024822236}},"locators":{}}