# This file was generated by Animated Java via MC-Build. It is not recommended to edit this file directly.
$data merge entity $(bone_layer) {transformation: [-0.8947f,0.3914f,-0.215f,0.0074f,0.0894f,0.6286f,0.7726f,1.3733f,0.4375f,0.672f,-0.5974f,-0.1154f,0f,0f,0f,1f],start_interpolation: 0,interpolation_duration: 1}
$data merge entity $(bone_head) {transformation: [-0.8947f,0.3914f,-0.215f,0.0074f,0.0894f,0.6286f,0.7726f,1.3733f,0.4375f,0.672f,-0.5974f,-0.1154f,0f,0f,0f,1f],start_interpolation: 0,interpolation_duration: 1}
$data merge entity $(bone_6) {transformation: [-0.5464f,0.0187f,-0.837f,0.1959f,-0.0196f,0.9992f,0.0352f,0.386f,0.8361f,0.0356f,-0.5461f,-0.1376f,0f,0f,0f,1f],start_interpolation: 0,interpolation_duration: 1}
$data merge entity $(bone_12) {transformation: [-0.547f,-0.3256f,-0.7713f,0.0942f,-0.0196f,0.926f,-0.377f,0.6753f,0.8369f,-0.1911f,-0.5129f,-0.1973f,0f,0f,0f,1f],start_interpolation: 0,interpolation_duration: 1}
$data merge entity $(bone_10) {transformation: [-0.7926f,-0.1859f,-0.5797f,-0.0812f,0f,0.9522f,-0.3053f,1.0468f,0.6082f,-0.2422f,-0.7555f,-0.2328f,0f,0f,0f,1f],start_interpolation: 0,interpolation_duration: 1}
$data merge entity $(bone_9) {transformation: [-0.7934f,0.1859f,-0.5797f,-0.0093f,0f,0.9522f,0.3053f,1.3345f,0.6088f,0.2422f,-0.7555f,-0.139f,0f,0f,0f,1f],start_interpolation: 0,interpolation_duration: 1}
$data merge entity $(bone_2) {transformation: [0.42f,-0.0036f,0.9073f,-0.4774f,-0.6624f,0.6814f,0.3099f,1.113f,-0.6187f,-0.7319f,0.2841f,0.0525f,0f,0f,0f,1f],start_interpolation: 0,interpolation_duration: 1}
$data merge entity $(bone_1) {transformation: [0.4204f,0.7948f,0.4376f,-0.2278f,-0.6631f,0.5984f,-0.4497f,1.2766f,-0.6193f,-0.1011f,0.7786f,0.0468f,0f,0f,0f,1f],start_interpolation: 0,interpolation_duration: 1}
$data merge entity $(bone_4) {transformation: [-0.6266f,-0.0828f,0.7744f,0.4585f,-0.7276f,0.4146f,-0.5456f,1.1018f,-0.2756f,-0.9062f,-0.3203f,-0.3411f,0f,0f,0f,1f],start_interpolation: 0,interpolation_duration: 1}
$data merge entity $(bone_3) {transformation: [-0.6272f,-0.6465f,0.4344f,0.2522f,-0.7283f,0.6844f,-0.0331f,1.3021f,-0.2759f,-0.3371f,-0.9001f,-0.4009f,0f,0f,0f,1f],start_interpolation: 0,interpolation_duration: 1}
$data merge entity $(bone_8) {transformation: [-0.8473f,0.0189f,-0.5293f,0.056f,0.0857f,0.9911f,-0.102f,0.7176f,0.5222f,-0.1319f,-0.8422f,0.2182f,0f,0f,0f,1f],start_interpolation: 0,interpolation_duration: 1}
$data merge entity $(bone_7) {transformation: [-0.8482f,-0.4583f,-0.2656f,-0.0932f,0.0857f,0.3761f,-0.9226f,0.7596f,0.5227f,-0.8053f,-0.2797f,-0.0308f,0f,0f,0f,1f],start_interpolation: 0,interpolation_duration: 1}
data modify entity @s data merge value {"cameras":{"camera":{"posx":-0.0625000000000003,"posy":0.875,"posz":2.5,"roty":180.00000000000003,"rotx":-4.999999999999988}},"locators":{}}