# This file was generated by Animated Java via MC-Build. It is not recommended to edit this file directly.
$data merge entity $(bone_layer) {transformation: [-0.8526f,0.4587f,-0.2506f,0.009f,0.0901f,0.6012f,0.794f,1.3687f,0.5148f,0.6544f,-0.5538f,-0.1152f,0f,0f,0f,1f],start_interpolation: 0,interpolation_duration: 1}
$data merge entity $(bone_head) {transformation: [-0.8526f,0.4587f,-0.2506f,0.009f,0.0901f,0.6012f,0.794f,1.3687f,0.5148f,0.6544f,-0.5538f,-0.1152f,0f,0f,0f,1f],start_interpolation: 0,interpolation_duration: 1}
$data merge entity $(bone_6) {transformation: [-0.4708f,0.0218f,-0.8817f,0.1989f,-0.0196f,0.9992f,0.0352f,0.3871f,0.8809f,0.0339f,-0.4705f,-0.1521f,0f,0f,0f,1f],start_interpolation: 0,interpolation_duration: 1}
$data merge entity $(bone_12) {transformation: [-0.4713f,-0.3565f,-0.8067f,0.0875f,-0.0196f,0.9187f,-0.3946f,0.6742f,0.8817f,-0.1702f,-0.44f,-0.2053f,0f,0f,0f,1f],start_interpolation: 0,interpolation_duration: 1}
$data merge entity $(bone_10) {transformation: [-0.7361f,-0.2146f,-0.6411f,-0.0938f,0f,0.9483f,-0.3174f,1.045f,0.6754f,-0.2339f,-0.6987f,-0.2289f,0f,0f,0f,1f],start_interpolation: 0,interpolation_duration: 1}
$data merge entity $(bone_9) {transformation: [-0.7368f,0.2146f,-0.6411f,-0.0112f,0f,0.9483f,0.3174f,1.3286f,0.6761f,0.2339f,-0.6987f,-0.1389f,0f,0f,0f,1f],start_interpolation: 0,interpolation_duration: 1}
$data merge entity $(bone_2) {transformation: [0.3412f,-0.1352f,0.9301f,-0.4532f,-0.6487f,0.6815f,0.3375f,1.1027f,-0.6788f,-0.7192f,0.145f,0.0974f,0f,0f,0f,1f],start_interpolation: 0,interpolation_duration: 1}
$data merge entity $(bone_1) {transformation: [0.3415f,0.7711f,0.5374f,-0.2075f,-0.6493f,0.607f,-0.4582f,1.2686f,-0.6795f,-0.1925f,0.708f,0.0623f,0f,0f,0f,1f],start_interpolation: 0,interpolation_duration: 1}
$data merge entity $(bone_4) {transformation: [-0.652f,-0.1209f,0.7479f,0.4316f,-0.7217f,0.397f,-0.5662f,1.0953f,-0.2283f,-0.9098f,-0.3464f,-0.3829f,0f,0f,0f,1f],start_interpolation: 0,interpolation_duration: 1}
$data merge entity $(bone_3) {transformation: [-0.6527f,-0.6615f,0.3694f,0.2249f,-0.7224f,0.6903f,-0.0401f,1.2963f,-0.2285f,-0.293f,-0.9284f,-0.4277f,0f,0f,0f,1f],start_interpolation: 0,interpolation_duration: 1}
$data merge entity $(bone_8) {transformation: [-0.7963f,-0.0022f,-0.6038f,0.0906f,0.0883f,0.9888f,-0.1203f,0.7386f,0.5967f,-0.1493f,-0.788f,0.2112f,0f,0f,0f,1f],start_interpolation: 0,interpolation_duration: 1}
$data merge entity $(bone_7) {transformation: [-0.7971f,-0.5426f,-0.2649f,-0.0832f,0.0884f,0.3292f,-0.9401f,0.7613f,0.5973f,-0.7728f,-0.2144f,-0.0241f,0f,0f,0f,1f],start_interpolation: 0,interpolation_duration: 1}
data modify entity @s data merge value {"cameras":{"camera3":{"posx":0.007470845481049304,"posy":0.8744533527696793,"posz":2.581997084548105,"roty":177.95264609566436,"rotx":4.890436280830328}},"locators":{}}