# This file was generated by Animated Java via MC-Build. It is not recommended to edit this file directly.
$data merge entity $(bone_layer) {transformation: [-0.8368f,0.4858f,-0.2523f,0.0099f,0.0906f,0.5775f,0.8113f,1.3649f,0.5399f,0.6561f,-0.5273f,-0.1148f,0f,0f,0f,1f],start_interpolation: 0,interpolation_duration: 1}
$data merge entity $(bone_head) {transformation: [-0.8368f,0.4858f,-0.2523f,0.0099f,0.0906f,0.5775f,0.8113f,1.3649f,0.5399f,0.6561f,-0.5273f,-0.1148f,0f,0f,0f,1f],start_interpolation: 0,interpolation_duration: 1}
$data merge entity $(bone_6) {transformation: [-0.4448f,0.0228f,-0.8951f,0.2021f,-0.0196f,0.9992f,0.0352f,0.3882f,0.8943f,0.0332f,-0.4445f,-0.1559f,0f,0f,0f,1f],start_interpolation: 0,interpolation_duration: 1}
$data merge entity $(bone_12) {transformation: [-0.4453f,-0.3745f,-0.8133f,0.0851f,-0.0196f,0.9122f,-0.4093f,0.6733f,0.8952f,-0.1663f,-0.4135f,-0.2078f,0f,0f,0f,1f],start_interpolation: 0,interpolation_duration: 1}
$data merge entity $(bone_10) {transformation: [-0.716f,-0.2284f,-0.6589f,-0.0995f,0f,0.9448f,-0.3275f,1.0431f,0.6967f,-0.2347f,-0.6771f,-0.2287f,0f,0f,0f,1f],start_interpolation: 0,interpolation_duration: 1}
$data merge entity $(bone_9) {transformation: [-0.7167f,0.2284f,-0.6589f,-0.012f,0f,0.9448f,0.3275f,1.3234f,0.6974f,0.2347f,-0.6771f,-0.1388f,0f,0f,0f,1f],start_interpolation: 0,interpolation_duration: 1}
$data merge entity $(bone_2) {transformation: [0.3009f,-0.2124f,0.9296f,-0.4401f,-0.6365f,0.6805f,0.362f,1.0936f,-0.7087f,-0.7013f,0.0696f,0.1132f,0f,0f,0f,1f],start_interpolation: 0,interpolation_duration: 1}
$data merge entity $(bone_1) {transformation: [0.3012f,0.7535f,0.5843f,-0.1981f,-0.6372f,0.615f,-0.4646f,1.2616f,-0.7094f,-0.2324f,0.6653f,0.065f,0f,0f,0f,1f],start_interpolation: 0,interpolation_duration: 1}
$data merge entity $(bone_4) {transformation: [-0.6619f,-0.1116f,0.7406f,0.4187f,-0.7161f,0.3812f,-0.5838f,1.0896f,-0.2169f,-0.9177f,-0.3326f,-0.3967f,0f,0f,0f,1f],start_interpolation: 0,interpolation_duration: 1}
$data merge entity $(bone_3) {transformation: [-0.6626f,-0.6588f,0.3564f,0.2143f,-0.7168f,0.6957f,-0.0467f,1.2911f,-0.2171f,-0.2864f,-0.9332f,-0.4385f,0f,0f,0f,1f],start_interpolation: 0,interpolation_duration: 1}
$data merge entity $(bone_8) {transformation: [-0.7769f,-0.0149f,-0.6285f,0.104f,0.0906f,0.9866f,-0.1357f,0.7563f,0.6215f,-0.1625f,-0.7659f,0.2072f,0f,0f,0f,1f],start_interpolation: 0,interpolation_duration: 1}
$data merge entity $(bone_7) {transformation: [-0.7777f,-0.5772f,-0.249f,-0.0788f,0.0907f,0.289f,-0.953f,0.7628f,0.6221f,-0.7637f,-0.1724f,-0.0222f,0f,0f,0f,1f],start_interpolation: 0,interpolation_duration: 1}
data modify entity @s data merge value {"cameras":{"camera":{"posx":0.033163265306122125,"posy":0.8873906705539358,"posz":2.613884839650146,"roty":176.2784947407481,"rotx":-4.646872440017356}},"locators":{}}