# This file was generated by Animated Java via MC-Build. It is not recommended to edit this file directly.
$data merge entity $(bone_layer) {transformation: [-0.8445f,0.482f,-0.2336f,0.0103f,0.0911f,0.559f,0.8242f,1.3619f,0.5278f,0.6747f,-0.516f,-0.1141f,0f,0f,0f,1f],start_interpolation: 0,interpolation_duration: 1}
$data merge entity $(bone_head) {transformation: [-0.8445f,0.482f,-0.2336f,0.0103f,0.0911f,0.559f,0.8242f,1.3619f,0.5278f,0.6747f,-0.516f,-0.1141f,0f,0f,0f,1f],start_interpolation: 0,interpolation_duration: 1}
$data merge entity $(bone_6) {transformation: [-0.4579f,0.0223f,-0.8885f,0.2057f,-0.0196f,0.9992f,0.0352f,0.389f,0.8877f,0.0335f,-0.4575f,-0.1512f,0f,0f,0f,1f],start_interpolation: 0,interpolation_duration: 1}
$data merge entity $(bone_12) {transformation: [-0.4583f,-0.3819f,-0.8025f,0.0863f,-0.0196f,0.9071f,-0.4205f,0.6725f,0.8886f,-0.177f,-0.4232f,-0.2066f,0f,0f,0f,1f],start_interpolation: 0,interpolation_duration: 1}
$data merge entity $(bone_10) {transformation: [-0.7261f,-0.2303f,-0.6471f,-0.0998f,0f,0.9421f,-0.3353f,1.0413f,0.6861f,-0.2437f,-0.6847f,-0.2317f,0f,0f,0f,1f],start_interpolation: 0,interpolation_duration: 1}
$data merge entity $(bone_9) {transformation: [-0.7268f,0.2303f,-0.6471f,-0.0119f,0f,0.9421f,0.3353f,1.3188f,0.6868f,0.2437f,-0.6847f,-0.1387f,0f,0f,0f,1f],start_interpolation: 0,interpolation_duration: 1}
$data merge entity $(bone_2) {transformation: [0.2957f,-0.2452f,0.9232f,-0.4381f,-0.6268f,0.6788f,0.3815f,1.0862f,-0.7195f,-0.6922f,0.047f,0.1087f,0f,0f,0f,1f],start_interpolation: 0,interpolation_duration: 1}
$data merge entity $(bone_1) {transformation: [0.296f,0.7475f,0.5946f,-0.1976f,-0.6275f,0.6215f,-0.469f,1.256f,-0.7202f,-0.2343f,0.653f,0.0596f,0f,0f,0f,1f],start_interpolation: 0,interpolation_duration: 1}
$data merge entity $(bone_4) {transformation: [-0.6616f,-0.0683f,0.7462f,0.4186f,-0.7112f,0.3681f,-0.5981f,1.0845f,-0.2336f,-0.9273f,-0.2924f,-0.3908f,0f,0f,0f,1f],start_interpolation: 0,interpolation_duration: 1}
$data merge entity $(bone_3) {transformation: [-0.6623f,-0.6443f,0.3824f,0.218f,-0.7119f,0.7003f,-0.0528f,1.2868f,-0.2338f,-0.3072f,-0.9225f,-0.4384f,0f,0f,0f,1f],start_interpolation: 0,interpolation_duration: 1}
$data merge entity $(bone_8) {transformation: [-0.7765f,-0.0986f,-0.6213f,0.0926f,0.2254f,0.8783f,-0.4216f,0.7291f,0.5867f,-0.4679f,-0.6605f,0.1619f,0f,0f,0f,1f],start_interpolation: 0,interpolation_duration: 1}
$data merge entity $(bone_7) {transformation: [-0.7773f,-0.609f,-0.1576f,-0.092f,0.2256f,-0.0361f,-0.9736f,0.6393f,0.5873f,-0.7923f,0.1654f,-0.0479f,0f,0f,0f,1f],start_interpolation: 0,interpolation_duration: 1}
$data merge entity $(item_display_item_display) {transformation: [0f,0f,0f,0.0359f,0f,0f,0f,0.887f,0f,0f,0f,2.6093f,0f,0f,0f,1f],start_interpolation: 0,interpolation_duration: 1}
data modify entity @s data merge value {"cameras":{"camera3":{"px":0.03589650145772562,"py":0.8870262390670554,"pz":2.60932944606414,"ry":176.86581037591196,"rx":4.815515230493912}},"locators":{}}