# This file was generated by Animated Java via MC-Build. It is not recommended to edit this file directly.
$data merge entity $(bone_layer) {transformation: [-0.8445f,0.482f,-0.2336f,0.0103f,0.0911f,0.559f,0.8242f,1.3619f,0.5278f,0.6747f,-0.516f,-0.1141f,0f,0f,0f,1f],start_interpolation: 0,interpolation_duration: 1}
$data merge entity $(bone_head) {transformation: [-0.8445f,0.482f,-0.2336f,0.0103f,0.0911f,0.559f,0.8242f,1.3619f,0.5278f,0.6747f,-0.516f,-0.1141f,0f,0f,0f,1f],start_interpolation: 0,interpolation_duration: 1}
$data merge entity $(bone_6) {transformation: [-0.4579f,0.0223f,-0.8885f,0.2057f,-0.0196f,0.9992f,0.0352f,0.389f,0.8877f,0.0335f,-0.4575f,-0.1512f,0f,0f,0f,1f],start_interpolation: 0,interpolation_duration: 1}
$data merge entity $(bone_12) {transformation: [-0.4583f,-0.3819f,-0.8025f,0.0863f,-0.0196f,0.9071f,-0.4205f,0.6725f,0.8886f,-0.177f,-0.4232f,-0.2066f,0f,0f,0f,1f],start_interpolation: 0,interpolation_duration: 1}
$data merge entity $(bone_10) {transformation: [-0.7261f,-0.2303f,-0.6471f,-0.0998f,0f,0.9421f,-0.3353f,1.0413f,0.6861f,-0.2437f,-0.6847f,-0.2317f,0f,0f,0f,1f],start_interpolation: 0,interpolation_duration: 1}
$data merge entity $(bone_9) {transformation: [-0.7268f,0.2303f,-0.6471f,-0.0119f,0f,0.9421f,0.3353f,1.3188f,0.6868f,0.2437f,-0.6847f,-0.1387f,0f,0f,0f,1f],start_interpolation: 0,interpolation_duration: 1}
$data merge entity $(bone_2) {transformation: [0.2957f,-0.2452f,0.9232f,-0.4381f,-0.6268f,0.6788f,0.3815f,1.0862f,-0.7195f,-0.6922f,0.047f,0.1087f,0f,0f,0f,1f],start_interpolation: 0,interpolation_duration: 1}
$data merge entity $(bone_1) {transformation: [0.296f,0.7475f,0.5946f,-0.1976f,-0.6275f,0.6215f,-0.469f,1.256f,-0.7202f,-0.2343f,0.653f,0.0596f,0f,0f,0f,1f],start_interpolation: 0,interpolation_duration: 1}
$data merge entity $(bone_4) {transformation: [-0.6616f,-0.0683f,0.7462f,0.4186f,-0.7112f,0.3681f,-0.5981f,1.0845f,-0.2336f,-0.9273f,-0.2924f,-0.3908f,0f,0f,0f,1f],start_interpolation: 0,interpolation_duration: 1}
$data merge entity $(bone_3) {transformation: [-0.6623f,-0.6443f,0.3824f,0.218f,-0.7119f,0.7003f,-0.0528f,1.2868f,-0.2338f,-0.3072f,-0.9225f,-0.4384f,0f,0f,0f,1f],start_interpolation: 0,interpolation_duration: 1}
$data merge entity $(bone_8) {transformation: [-0.7847f,-0.0189f,-0.6186f,0.1021f,0.0924f,0.9847f,-0.1474f,0.7699f,0.6113f,-0.173f,-0.7718f,0.2079f,0f,0f,0f,1f],start_interpolation: 0,interpolation_duration: 1}
$data merge entity $(bone_7) {transformation: [-0.7855f,-0.5747f,-0.2296f,-0.0787f,0.0924f,0.2579f,-0.9618f,0.7639f,0.6119f,-0.7767f,-0.1494f,-0.0232f,0f,0f,0f,1f],start_interpolation: 0,interpolation_duration: 1}
data modify entity @s data merge value {"cameras":{"camera":{"posx":0.029336734693877195,"posy":0.8995991253644315,"posz":2.60932944606414,"roty":176.12343886767815,"rotx":-4.632090966781613}},"locators":{}}