# This file was generated by Animated Java via MC-Build. It is not recommended to edit this file directly.
$data merge entity $(bone_layer) {transformation: [-0.8668f,0.4551f,-0.204f,0.0101f,0.0914f,0.547f,0.8322f,1.36f,0.4903f,0.7026f,-0.5157f,-0.1133f,0f,0f,0f,1f],start_interpolation: 0,interpolation_duration: 1}
$data merge entity $(bone_head) {transformation: [-0.8668f,0.4551f,-0.204f,0.0101f,0.0914f,0.547f,0.8322f,1.36f,0.4903f,0.7026f,-0.5157f,-0.1133f,0f,0f,0f,1f],start_interpolation: 0,interpolation_duration: 1}
$data merge entity $(bone_6) {transformation: [-0.4965f,0.0208f,-0.8675f,0.2085f,-0.0196f,0.9992f,0.0352f,0.3896f,0.8667f,0.0345f,-0.4962f,-0.141f,0f,0f,0f,1f],start_interpolation: 0,interpolation_duration: 1}
$data merge entity $(bone_12) {transformation: [-0.497f,-0.38f,-0.7802f,0.0898f,-0.0196f,0.9037f,-0.4277f,0.672f,0.8675f,-0.1972f,-0.4566f,-0.2027f,0f,0f,0f,1f],start_interpolation: 0,interpolation_duration: 1}
$data merge entity $(bone_10) {transformation: [-0.7556f,-0.2226f,-0.6152f,-0.0957f,0f,0.9403f,-0.3403f,1.0393f,0.6536f,-0.2573f,-0.7112f,-0.2363f,0f,0f,0f,1f],start_interpolation: 0,interpolation_duration: 1}
$data merge entity $(bone_9) {transformation: [-0.7563f,0.2226f,-0.6152f,-0.011f,0f,0.9403f,0.3403f,1.3151f,0.6542f,0.2573f,-0.7112f,-0.1384f,0f,0f,0f,1f],start_interpolation: 0,interpolation_duration: 1}
$data merge entity $(bone_2) {transformation: [0.3173f,-0.2424f,0.9167f,-0.4439f,-0.6205f,0.6773f,0.3943f,1.081f,-0.7158f,-0.6946f,0.0645f,0.0907f,0f,0f,0f,1f],start_interpolation: 0,interpolation_duration: 1}
$data merge entity $(bone_1) {transformation: [0.3176f,0.7512f,0.5786f,-0.2028f,-0.6211f,0.6259f,-0.4716f,1.2521f,-0.7165f,-0.2096f,0.6654f,0.0492f,0f,0f,0f,1f],start_interpolation: 0,interpolation_duration: 1}
$data merge entity $(bone_4) {transformation: [-0.6528f,-0.005f,0.7569f,0.4273f,-0.7069f,0.359f,-0.6086f,1.0804f,-0.2684f,-0.9333f,-0.2381f,-0.3713f,0f,0f,0f,1f],start_interpolation: 0,interpolation_duration: 1}
$data merge entity $(bone_3) {transformation: [-0.6535f,-0.6211f,0.4327f,0.2316f,-0.7076f,0.7042f,-0.058f,1.2834f,-0.2687f,-0.344f,-0.8997f,-0.4299f,0f,0f,0f,1f],start_interpolation: 0,interpolation_duration: 1}
$data merge entity $(bone_8) {transformation: [-0.8001f,-0.0846f,-0.5927f,0.0804f,0.2304f,0.87f,-0.4358f,0.7389f,0.552f,-0.4858f,-0.6773f,0.1611f,0f,0f,0f,1f],start_interpolation: 0,interpolation_duration: 1}
$data merge entity $(bone_7) {transformation: [-0.8009f,-0.5793f,-0.1514f,-0.0953f,0.2307f,-0.0652f,-0.9708f,0.6393f,0.5525f,-0.8125f,0.1858f,-0.052f,0f,0f,0f,1f],start_interpolation: 0,interpolation_duration: 1}
$data merge entity $(item_display_item_display) {transformation: [0f,0f,0f,0.0151f,0f,0f,0f,0.8936f,0f,0f,0f,2.582f,0f,0f,0f,1f],start_interpolation: 0,interpolation_duration: 1}
data modify entity @s data merge value {"cameras":{"camera3":{"px":0.01512390670553911,"py":0.8935860058309038,"pz":2.581997084548105,"ry":177.32564984847514,"rx":4.846893800943991}},"locators":{}}