# This file was generated by Animated Java via MC-Build. It is not recommended to edit this file directly.
$data merge entity $(bone_layer) {transformation: [-0.894f,0.4141f,-0.1712f,0.0095f,0.0915f,0.5427f,0.8349f,1.3594f,0.4387f,0.7307f,-0.523f,-0.1126f,0f,0f,0f,1f],start_interpolation: 0,interpolation_duration: 1}
$data merge entity $(bone_head) {transformation: [-0.894f,0.4141f,-0.1712f,0.0095f,0.0915f,0.5427f,0.8349f,1.3594f,0.4387f,0.7307f,-0.523f,-0.1126f,0f,0f,0f,1f],start_interpolation: 0,interpolation_duration: 1}
$data merge entity $(bone_6) {transformation: [-0.5464f,0.0187f,-0.8369f,0.2098f,-0.0196f,0.9992f,0.0352f,0.3898f,0.8361f,0.0356f,-0.5462f,-0.1284f,0f,0f,0f,1f],start_interpolation: 0,interpolation_duration: 1}
$data merge entity $(bone_12) {transformation: [-0.547f,-0.3698f,-0.751f,0.0942f,-0.0196f,0.9025f,-0.4302f,0.6719f,0.8369f,-0.2206f,-0.5009f,-0.1973f,0f,0f,0f,1f],start_interpolation: 0,interpolation_duration: 1}
$data merge entity $(bone_10) {transformation: [-0.7926f,-0.2082f,-0.572f,-0.0887f,0f,0.9397f,-0.342f,1.0373f,0.6082f,-0.2713f,-0.7455f,-0.2406f,0f,0f,0f,1f],start_interpolation: 0,interpolation_duration: 1}
$data merge entity $(bone_9) {transformation: [-0.7934f,0.2082f,-0.572f,-0.0095f,0f,0.9397f,0.342f,1.3125f,0.6088f,0.2713f,-0.7455f,-0.1374f,0f,0f,0f,1f],start_interpolation: 0,interpolation_duration: 1}
$data merge entity $(bone_2) {transformation: [0.3555f,-0.2113f,0.9104f,-0.4534f,-0.6182f,0.6767f,0.3989f,1.0785f,-0.6996f,-0.7053f,0.11f,0.065f,0f,0f,0f,1f],start_interpolation: 0,interpolation_duration: 1}
$data merge entity $(bone_1) {transformation: [0.3558f,0.7602f,0.5436f,-0.2107f,-0.6188f,0.6275f,-0.4725f,1.25f,-0.7003f,-0.1682f,0.6937f,0.0367f,0f,0f,0f,1f],start_interpolation: 0,interpolation_duration: 1}
$data merge entity $(bone_4) {transformation: [-0.6374f,0.0634f,0.7674f,0.4399f,-0.7036f,0.3548f,-0.6149f,1.0774f,-0.3109f,-0.9328f,-0.1817f,-0.3434f,0f,0f,0f,1f],start_interpolation: 0,interpolation_duration: 1}
$data merge entity $(bone_3) {transformation: [-0.638f,-0.5923f,0.4921f,0.2499f,-0.7044f,0.7071f,-0.0621f,1.2813f,-0.3112f,-0.3862f,-0.8683f,-0.4153f,0f,0f,0f,1f],start_interpolation: 0,interpolation_duration: 1}
$data merge entity $(bone_8) {transformation: [-0.8423f,-0.0056f,-0.5377f,0.0721f,0.0939f,0.983f,-0.1576f,0.7823f,0.5289f,-0.1834f,-0.8283f,0.2187f,0f,0f,0f,1f],start_interpolation: 0,interpolation_duration: 1}
$data merge entity $(bone_7) {transformation: [-0.8431f,-0.4989f,-0.2006f,-0.0851f,0.094f,0.2306f,-0.9685f,0.7655f,0.5294f,-0.8354f,-0.1475f,-0.0287f,0f,0f,0f,1f],start_interpolation: 0,interpolation_duration: 1}
data modify entity @s data merge value {"cameras":{"camera":{"posx":-0.024234693877551373,"posy":0.9251093294460642,"posz":2.5455539358600583,"roty":177.6740226207751,"rotx":-4.779661819221787}},"locators":{}}