# This file was generated by Animated Java via MC-Build. It is not recommended to edit this file directly.
$data merge entity $(bone_layer) {transformation: [-0.9838f,-0.0084f,0.1793f,0f,0.082f,0.8676f,0.4904f,1.4219f,-0.1597f,0.4971f,-0.8529f,-0.125f,0f,0f,0f,1f],start_interpolation: 0,interpolation_duration: 1}
$data merge entity $(bone_head) {transformation: [-0.9838f,-0.0084f,0.1793f,0f,0.082f,0.8676f,0.4904f,1.4219f,-0.1597f,0.4971f,-0.8529f,-0.125f,0f,0f,0f,1f],start_interpolation: 0,interpolation_duration: 1}
$data merge entity $(bone_6) {transformation: [-0.9271f,-0.0051f,-0.3724f,0.1454f,-0.0196f,0.9992f,0.0352f,0.3803f,0.3715f,0.0399f,-0.9274f,-0.0796f,0f,0f,0f,1f],start_interpolation: 0,interpolation_duration: 1}
$data merge entity $(bone_12) {transformation: [-0.9281f,-0.0856f,-0.3624f,0.1186f,-0.0196f,0.9831f,-0.1819f,0.6875f,0.3719f,-0.1618f,-0.9141f,-0.1302f,0f,0f,0f,1f],start_interpolation: 0,interpolation_duration: 1}
$data merge entity $(bone_10) {transformation: [-0.998f,-0.0076f,-0.043f,-0.016f,0f,0.9848f,-0.1736f,1.001f,0.0436f,-0.1735f,-0.9839f,-0.1322f,0f,0f,0f,1f],start_interpolation: 0,interpolation_duration: 1}
$data merge entity $(bone_9) {transformation: [-0.999f,0.0076f,-0.043f,-0.0129f,0f,0.9848f,0.1736f,1.3281f,0.0436f,0.1735f,-0.9839f,-0.0619f,0f,0f,0f,1f],start_interpolation: 0,interpolation_duration: 1}
$data merge entity $(bone_2) {transformation: [0.6461f,0.7621f,-0.0306f,-0.4623f,-0.7536f,0.6451f,0.1216f,1.1683f,0.1123f,-0.0556f,0.9921f,-0.2817f,0f,0f,0f,1f],start_interpolation: 0,interpolation_duration: 1}
$data merge entity $(bone_1) {transformation: [0.6468f,0.5641f,-0.5133f,-0.3108f,-0.7544f,0.5724f,-0.3215f,1.3281f,0.1125f,0.5952f,0.7957f,-0.0801f,0f,0f,0f,1f],start_interpolation: 0,interpolation_duration: 1}
$data merge entity $(bone_4) {transformation: [-0.3438f,0.2618f,0.9017f,0.4623f,-0.7036f,0.563f,-0.4323f,1.0892f,-0.6202f,-0.7839f,-0.0094f,0.1114f,0f,0f,0f,1f],start_interpolation: 0,interpolation_duration: 1}
$data merge entity $(bone_3) {transformation: [-0.3441f,-0.2637f,0.9011f,0.3461f,-0.7044f,0.7071f,-0.0621f,1.3125f,-0.6209f,-0.6561f,-0.4291f,-0.0776f,0f,0f,0f,1f],start_interpolation: 0,interpolation_duration: 1}
$data merge entity $(bone_8) {transformation: [-0.9929f,0.0522f,0.0972f,-0.1517f,0.0614f,0.9936f,0.0947f,0.416f,-0.0915f,0.1001f,-0.9908f,0.0673f,0f,0f,0f,1f],start_interpolation: 0,interpolation_duration: 1}
$data merge entity $(bone_7) {transformation: [-0.9939f,0.1042f,0.0364f,-0.12f,0.0615f,0.7965f,-0.6015f,0.6393f,-0.0916f,-0.5956f,-0.7981f,-0.1269f,0f,0f,0f,1f],start_interpolation: 0,interpolation_duration: 1}
$data merge entity $(item_display_item_display) {transformation: [0f,0f,0f,-0.0445f,0f,0f,0f,0.8909f,0f,0f,0f,2.5137f,0f,0f,0f,1f],start_interpolation: 0,interpolation_duration: 1}
data modify entity @s data merge value {"cameras":{"camera3":{"posx":-0.04446064139941727,"posy":0.8908527696793003,"posz":2.513666180758017,"roty":178.9974926543957,"rotx":4.964940882697255}},"locators":{}}