# This file was generated by Animated Java via MC-Build. It is not recommended to edit this file directly.
$data merge entity $(bone_layer) {transformation: [-0.8306f,-0.2359f,0.5045f,-0.0006f,0.0829f,0.8434f,0.5309f,1.4157f,-0.5507f,0.4828f,-0.681f,-0.1236f,0f,0f,0f,1f],start_interpolation: 0,interpolation_duration: 1}
$data merge entity $(bone_head) {transformation: [-0.8306f,-0.2359f,0.5045f,-0.0006f,0.0829f,0.8434f,0.5309f,1.4157f,-0.5507f,0.4828f,-0.681f,-0.1236f,0f,0f,0f,1f],start_interpolation: 0,interpolation_duration: 1}
$data merge entity $(bone_6) {transformation: [-0.9978f,-0.0211f,0.0433f,0.1133f,-0.0196f,0.9992f,0.0352f,0.3803f,-0.044f,0.0343f,-0.9984f,-0.0158f,0f,0f,0f,1f],start_interpolation: 0,interpolation_duration: 1}
$data merge entity $(bone_12) {transformation: [-0.9988f,-0.01f,0.0471f,0.1102f,-0.0196f,0.9781f,-0.2073f,0.686f,-0.044f,-0.208f,-0.9771f,-0.0808f,0f,0f,0f,1f],start_interpolation: 0,interpolation_duration: 1}
$data merge entity $(bone_10) {transformation: [-0.9272f,0.071f,0.3655f,0.0295f,0f,0.9817f,-0.1906f,1.0609f,-0.372f,-0.1769f,-0.9111f,-0.1982f,0f,0f,0f,1f],start_interpolation: 0,interpolation_duration: 1}
$data merge entity $(bone_9) {transformation: [-0.9281f,-0.071f,0.3655f,0.0009f,0f,0.9817f,0.1906f,1.3834f,-0.3723f,0.1769f,-0.9111f,-0.1268f,0f,0f,0f,1f],start_interpolation: 0,interpolation_duration: 1}
$data merge entity $(bone_2) {transformation: [0.5736f,0.7379f,-0.3548f,-0.3777f,-0.7484f,0.6483f,0.1361f,1.1906f,0.3301f,0.1876f,0.925f,-0.4949f,0f,0f,0f,1f],start_interpolation: 0,interpolation_duration: 1}
$data merge entity $(bone_1) {transformation: [0.5742f,0.3015f,-0.7612f,-0.312f,-0.7491f,0.5687f,-0.3398f,1.3488f,0.3304f,0.7653f,0.5524f,-0.2504f,0f,0f,0f,1f],start_interpolation: 0,interpolation_duration: 1}
$data merge entity $(bone_4) {transformation: [-0.1334f,0.4027f,0.9055f,0.4193f,-0.7724f,0.5292f,-0.3493f,1.1562f,-0.6193f,-0.7468f,0.2407f,0.2205f,0f,0f,0f,1f],start_interpolation: 0,interpolation_duration: 1}
$data merge entity $(bone_3) {transformation: [-0.1335f,-0.1848f,0.9737f,0.3249f,-0.7732f,0.634f,0.0143f,1.352f,-0.6199f,-0.751f,-0.2275f,-0.0035f,0f,0f,0f,1f],start_interpolation: 0,interpolation_duration: 1}
$data merge entity $(bone_8) {transformation: [-0.8669f,0.0494f,0.4944f,-0.2309f,0.0785f,0.9962f,0.0383f,0.4421f,-0.4902f,0.0721f,-0.8684f,0.0086f,0f,0f,0f,1f],start_interpolation: 0,interpolation_duration: 1}
$data merge entity $(bone_7) {transformation: [-0.8678f,0.3844f,0.3149f,-0.1085f,0.0786f,0.7319f,-0.6769f,0.6393f,-0.4906f,-0.5627f,-0.6653f,-0.1763f,0f,0f,0f,1f],start_interpolation: 0,interpolation_duration: 1}
$data merge entity $(item_display_item_display) {transformation: [0f,0f,0f,-1.1755f,0f,0f,0f,0.928f,0f,0f,0f,1.175f,0f,0f,0f,1f],start_interpolation: 0,interpolation_duration: 1}
data modify entity @s data merge value {"cameras":{"camera3":{"px":-1.1755000000000002,"py":0.928,"pz":1.1749999999999998,"ry":219.59778083250671,"rx":9.61007062085324}},"locators":{}}