# This file was generated by Animated Java via MC-Build. It is not recommended to edit this file directly.
$data merge entity $(bone_layer) {transformation: [-0.8949f,-0.1845f,0.4064f,-0.0007f,0.0836f,0.8252f,0.5586f,1.4114f,-0.4384f,0.5338f,-0.7231f,-0.1225f,0f,0f,0f,1f],start_interpolation: 0,interpolation_duration: 1}
$data merge entity $(bone_head) {transformation: [-0.8949f,-0.1845f,0.4064f,-0.0007f,0.0836f,0.8252f,0.5586f,1.4114f,-0.4384f,0.5338f,-0.7231f,-0.1225f,0f,0f,0f,1f],start_interpolation: 0,interpolation_duration: 1}
$data merge entity $(bone_6) {transformation: [-0.9952f,-0.0165f,-0.086f,0.1269f,-0.0196f,0.9992f,0.0352f,0.3804f,0.0852f,0.0367f,-0.9957f,-0.0258f,0f,0f,0f,1f],start_interpolation: 0,interpolation_duration: 1}
$data merge entity $(bone_12) {transformation: [-0.9962f,-0.0382f,-0.0788f,0.115f,-0.0196f,0.9742f,-0.225f,0.6849f,0.0853f,-0.2226f,-0.9712f,-0.0954f,0f,0f,0f,1f],start_interpolation: 0,interpolation_duration: 1}
$data merge entity $(bone_10) {transformation: [-0.9674f,0.0505f,0.2442f,0.0215f,0f,0.9793f,-0.2024f,1.0593f,-0.2491f,-0.1961f,-0.9484f,-0.2073f,0f,0f,0f,1f],start_interpolation: 0,interpolation_duration: 1}
$data merge entity $(bone_9) {transformation: [-0.9684f,-0.0505f,0.2442f,0.0011f,0f,0.9793f,0.2024f,1.3785f,-0.2494f,0.1961f,-0.9484f,-0.1284f,0f,0f,0f,1f],start_interpolation: 0,interpolation_duration: 1}
$data merge entity $(bone_2) {transformation: [0.6289f,0.7579f,-0.1711f,-0.4246f,-0.7435f,0.6514f,0.1475f,1.1841f,0.223f,0.0345f,0.9742f,-0.4394f,0f,0f,0f,1f],start_interpolation: 0,interpolation_duration: 1}
$data merge entity $(bone_1) {transformation: [0.6295f,0.4193f,-0.6541f,-0.3205f,-0.7442f,0.5673f,-0.3526f,1.3415f,0.2232f,0.7088f,0.6692f,-0.2081f,0f,0f,0f,1f],start_interpolation: 0,interpolation_duration: 1}
$data merge entity $(bone_4) {transformation: [-0.208f,0.3428f,0.9161f,0.4596f,-0.7683f,0.5213f,-0.3699f,1.1507f,-0.6037f,-0.7815f,0.1551f,0.1575f,0f,0f,0f,1f],start_interpolation: 0,interpolation_duration: 1}
$data merge entity $(bone_3) {transformation: [-0.2082f,-0.2657f,0.9413f,0.3415f,-0.769f,0.6391f,0.0103f,1.347f,-0.6044f,-0.7217f,-0.3374f,-0.0517f,0f,0f,0f,1f],start_interpolation: 0,interpolation_duration: 1}
$data merge entity $(bone_8) {transformation: [-0.9257f,0.0419f,0.3735f,-0.2434f,0.066f,0.9965f,0.0521f,0.5503f,-0.3697f,0.073f,-0.9261f,0.0668f,0f,0f,0f,1f],start_interpolation: 0,interpolation_duration: 1}
$data merge entity $(bone_7) {transformation: [-0.9267f,0.3006f,0.2257f,-0.1477f,0.0661f,0.7213f,-0.6894f,0.7402f,-0.37f,-0.624f,-0.6883f,-0.1391f,0f,0f,0f,1f],start_interpolation: 0,interpolation_duration: 1}
data modify entity @s data merge value {"cameras":{"camera":{"posx":-1.0363750000000003,"posy":0.91940625,"posz":1.3406249999999997,"roty":219.28188871707187,"rotx":-8.548903990009956}},"locators":{}}