# This file was generated by Animated Java via MC-Build. It is not recommended to edit this file directly.
$data merge entity $(bone_layer) {transformation: [-0.9487f,-0.1162f,0.2941f,-0.0004f,0.0843f,0.8034f,0.5895f,1.4064f,-0.3048f,0.584f,-0.7523f,-0.1212f,0f,0f,0f,1f],start_interpolation: 0,interpolation_duration: 1}
$data merge entity $(bone_head) {transformation: [-0.9487f,-0.1162f,0.2941f,-0.0004f,0.0843f,0.8034f,0.5895f,1.4064f,-0.3048f,0.584f,-0.7523f,-0.1212f,0f,0f,0f,1f],start_interpolation: 0,interpolation_duration: 1}
$data merge entity $(bone_6) {transformation: [-0.9726f,-0.0111f,-0.2281f,0.1413f,-0.0196f,0.9992f,0.0352f,0.3807f,0.2273f,0.0387f,-0.973f,-0.039f,0f,0f,0f,1f],start_interpolation: 0,interpolation_duration: 1}
$data merge entity $(bone_12) {transformation: [-0.9736f,-0.0743f,-0.216f,0.1181f,-0.0196f,0.9693f,-0.2451f,0.6836f,0.2276f,-0.2344f,-0.9451f,-0.1122f,0f,0f,0f,1f],start_interpolation: 0,interpolation_duration: 1}
$data merge entity $(bone_10) {transformation: [-0.9932f,0.0232f,0.1051f,0.0103f,0f,0.9764f,-0.2159f,1.0575f,-0.1075f,-0.2147f,-0.9707f,-0.2164f,0f,0f,0f,1f],start_interpolation: 0,interpolation_duration: 1}
$data merge entity $(bone_9) {transformation: [-0.9942f,-0.0232f,0.1051f,0.001f,0f,0.9764f,0.2159f,1.3729f,-0.1077f,0.2147f,-0.9707f,-0.1304f,0f,0f,0f,1f],start_interpolation: 0,interpolation_duration: 1}
$data merge entity $(bone_2) {transformation: [0.6682f,0.7422f,0.0412f,-0.467f,-0.7368f,0.6556f,0.162f,1.1763f,0.0932f,-0.1388f,0.9859f,-0.3702f,0f,0f,0f,1f],start_interpolation: 0,interpolation_duration: 1}
$data merge entity $(bone_1) {transformation: [0.6689f,0.5382f,-0.5128f,-0.3233f,-0.7375f,0.567f,-0.3669f,1.3332f,0.0933f,0.6237f,0.7761f,-0.1608f,0f,0f,0f,1f],start_interpolation: 0,interpolation_duration: 1}
$data merge entity $(bone_4) {transformation: [-0.2889f,0.2731f,0.9175f,0.4936f,-0.7635f,0.5113f,-0.3931f,1.1445f,-0.5759f,-0.8149f,0.0609f,0.0818f,0f,0f,0f,1f],start_interpolation: 0,interpolation_duration: 1}
$data merge entity $(bone_3) {transformation: [-0.2892f,-0.3505f,0.8908f,0.3517f,-0.7642f,0.6449f,0.0057f,1.3413f,-0.5765f,-0.6791f,-0.4544f,-0.108f,0f,0f,0f,1f],start_interpolation: 0,interpolation_duration: 1}
$data merge entity $(bone_8) {transformation: [-0.9699f,0.0591f,0.2322f,-0.2126f,0.0683f,0.9971f,0.0321f,0.5705f,-0.2294f,0.047f,-0.9721f,0.1118f,0f,0f,0f,1f],start_interpolation: 0,interpolation_duration: 1}
$data merge entity $(bone_7) {transformation: [-0.9709f,0.2134f,0.1089f,-0.146f,0.0684f,0.6825f,-0.7277f,0.7433f,-0.2296f,-0.699f,-0.6772f,-0.1183f,0f,0f,0f,1f],start_interpolation: 0,interpolation_duration: 1}
data modify entity @s data merge value {"cameras":{"camera3":{"posx":-0.8815000000000002,"posy":0.914,"posz":1.525,"roty":210.05218628115824,"rotx":8.246559683501962}},"locators":{}}