# This file was generated by Animated Java via MC-Build. It is not recommended to edit this file directly.
$data merge entity $(bone_layer) {transformation: [-0.9838f,-0.0331f,0.176f,0.0002f,0.0851f,0.7782f,0.6222f,1.401f,-0.1576f,0.6271f,-0.7628f,-0.1198f,0f,0f,0f,1f],start_interpolation: 0,interpolation_duration: 1}
$data merge entity $(bone_head) {transformation: [-0.9838f,-0.0331f,0.176f,0.0002f,0.0851f,0.7782f,0.6222f,1.401f,-0.1576f,0.6271f,-0.7628f,-0.1198f,0f,0f,0f,1f],start_interpolation: 0,interpolation_duration: 1}
$data merge entity $(bone_6) {transformation: [-0.9272f,-0.0051f,-0.3723f,0.1551f,-0.0196f,0.9992f,0.0352f,0.3812f,0.3715f,0.0399f,-0.9274f,-0.0549f,0f,0f,0f,1f],start_interpolation: 0,interpolation_duration: 1}
$data merge entity $(bone_12) {transformation: [-0.9281f,-0.1168f,-0.3536f,0.1186f,-0.0196f,0.9635f,-0.2669f,0.6823f,0.3719f,-0.2408f,-0.8965f,-0.1302f,0f,0f,0f,1f],start_interpolation: 0,interpolation_duration: 1}
$data merge entity $(bone_10) {transformation: [-0.998f,-0.0101f,-0.0424f,-0.0038f,0f,0.973f,-0.2306f,1.0558f,0.0436f,-0.2304f,-0.9721f,-0.2244f,0f,0f,0f,1f],start_interpolation: 0,interpolation_duration: 1}
$data merge entity $(bone_9) {transformation: [-0.999f,0.0101f,-0.0424f,0.0002f,0f,0.973f,0.2306f,1.3669f,0.0436f,0.2304f,-0.9721f,-0.1325f,0f,0f,0f,1f],start_interpolation: 0,interpolation_duration: 1}
$data merge entity $(bone_2) {transformation: [0.6821f,0.6816f,0.2629f,-0.4992f,-0.7281f,0.6607f,0.1799f,1.1674f,-0.051f,-0.3145f,0.9479f,-0.2909f,0f,0f,0f,1f],start_interpolation: 0,interpolation_duration: 1}
$data merge entity $(bone_1) {transformation: [0.6828f,0.6446f,-0.3438f,-0.3186f,-0.7288f,0.5681f,-0.3822f,1.3241f,-0.0511f,0.5116f,0.8577f,-0.1122f,0f,0f,0f,1f],start_interpolation: 0,interpolation_duration: 1}
$data merge entity $(bone_4) {transformation: [-0.3699f,0.1977f,0.9076f,0.5161f,-0.7581f,0.4991f,-0.4184f,1.1377f,-0.5352f,-0.8437f,-0.0347f,-0.0022f,0f,0f,0f,1f],start_interpolation: 0,interpolation_duration: 1}
$data merge entity $(bone_3) {transformation: [-0.3703f,-0.4319f,0.8224f,0.3526f,-0.7589f,0.6512f,0.0003f,1.3351f,-0.5357f,-0.624f,-0.5689f,-0.1688f,0f,0f,0f,1f],start_interpolation: 0,interpolation_duration: 1}
$data merge entity $(bone_8) {transformation: [-0.9935f,0.0699f,0.0776f,-0.1713f,0.0709f,0.9974f,0.0102f,0.5932f,-0.0766f,0.0157f,-0.9969f,0.1527f,0f,0f,0f,1f],start_interpolation: 0,interpolation_duration: 1}
$data merge entity $(bone_7) {transformation: [-0.9945f,0.1043f,-0.0052f,-0.1411f,0.0709f,0.6379f,-0.7668f,0.7465f,-0.0767f,-0.763f,-0.6418f,-0.0973f,0f,0f,0f,1f],start_interpolation: 0,interpolation_duration: 1}
data modify entity @s data merge value {"cameras":{"camera":{"posx":-0.7187500000000002,"posy":0.90234375,"posz":1.71875,"roty":206.4702340839613,"rotx":-7.423578834699139}},"locators":{}}