# This file was generated by Animated Java via MC-Build. It is not recommended to edit this file directly.
$data merge entity $(bone_layer) {transformation: [-0.9963f,0.0603f,0.0617f,0.0013f,0.086f,0.7504f,0.6554f,1.3954f,-0.0067f,0.6583f,-0.7528f,-0.1185f,0f,0f,0f,1f],start_interpolation: 0,interpolation_duration: 1}
$data merge entity $(bone_head) {transformation: [-0.9963f,0.0603f,0.0617f,0.0013f,0.086f,0.7504f,0.6554f,1.3954f,-0.0067f,0.6583f,-0.7528f,-0.1185f,0f,0f,0f,1f],start_interpolation: 0,interpolation_duration: 1}
$data merge entity $(bone_6) {transformation: [-0.8605f,0.001f,-0.508f,0.1675f,-0.0196f,0.9992f,0.0352f,0.3818f,0.5072f,0.0402f,-0.8606f,-0.073f,0f,0f,0f,1f],start_interpolation: 0,interpolation_duration: 1}
$data merge entity $(bone_12) {transformation: [-0.8613f,-0.1633f,-0.4811f,0.1165f,-0.0196f,0.9569f,-0.2897f,0.6809f,0.5077f,-0.2401f,-0.8274f,-0.148f,0f,0f,0f,1f],start_interpolation: 0,interpolation_duration: 1}
$data merge entity $(bone_10) {transformation: [-0.98f,-0.0477f,-0.1879f,-0.02f,0f,0.9693f,-0.246f,1.0539f,0.1937f,-0.2413f,-0.9509f,-0.2303f,0f,0f,0f,1f],start_interpolation: 0,interpolation_duration: 1}
$data merge entity $(bone_9) {transformation: [-0.981f,0.0477f,-0.1879f,-0.0011f,0f,0.9693f,0.246f,1.3605f,0.1939f,0.2413f,-0.9509f,-0.1346f,0f,0f,0f,1f],start_interpolation: 0,interpolation_duration: 1}
$data merge entity $(bone_2) {transformation: [0.6663f,0.5765f,0.4719f,-0.5176f,-0.7174f,0.6662f,0.2011f,1.1574f,-0.1982f,-0.4731f,0.8584f,-0.2069f,0f,0f,0f,1f],start_interpolation: 0,interpolation_duration: 1}
$data merge entity $(bone_1) {transformation: [0.667f,0.7278f,-0.1595f,-0.3065f,-0.7181f,0.571f,-0.3978f,1.3145f,-0.1984f,0.3798f,0.9035f,-0.066f,0f,0f,0f,1f],start_interpolation: 0,interpolation_duration: 1}
$data merge entity $(bone_4) {transformation: [-0.4452f,0.1213f,0.887f,0.5244f,-0.7524f,0.4848f,-0.4447f,1.1305f,-0.4835f,-0.8662f,-0.1247f,-0.0884f,0f,0f,0f,1f],start_interpolation: 0,interpolation_duration: 1}
$data merge entity $(bone_3) {transformation: [-0.4456f,-0.5039f,0.74f,0.3432f,-0.7531f,0.6578f,-0.0056f,1.3285f,-0.4839f,-0.5598f,-0.6726f,-0.2297f,0f,0f,0f,1f],start_interpolation: 0,interpolation_duration: 1}
$data merge entity $(bone_8) {transformation: [-0.9874f,0.1226f,-0.0893f,-0.1122f,0.1345f,0.9802f,-0.145f,0.5443f,0.0697f,-0.1553f,-0.9854f,0.1696f,0f,0f,0f,1f],start_interpolation: 0,interpolation_duration: 1}
$data merge entity $(bone_7) {transformation: [-0.9884f,0.0022f,-0.1516f,-0.1189f,0.1346f,0.4726f,-0.8709f,0.6393f,0.0697f,-0.8813f,-0.4674f,-0.1088f,0f,0f,0f,1f],start_interpolation: 0,interpolation_duration: 1}
$data merge entity $(item_display_item_display) {transformation: [0f,0f,0f,-0.556f,0f,0f,0f,0.8985f,0f,0f,0f,1.9125f,0f,0f,0f,1f],start_interpolation: 0,interpolation_duration: 1}
data modify entity @s data merge value {"cameras":{"camera3":{"px":-0.5560000000000003,"py":0.8985,"pz":1.9125,"ry":198.40423324110202,"rx":6.785342634796446}},"locators":{}}