# This file was generated by Animated Java via MC-Build. It is not recommended to edit this file directly.
$data merge entity $(bone_layer) {transformation: [-0.9868f,0.1572f,-0.04f,0.0027f,0.0869f,0.7205f,0.688f,1.3896f,0.137f,0.6754f,-0.7246f,-0.1174f,0f,0f,0f,1f],start_interpolation: 0,interpolation_duration: 1}
$data merge entity $(bone_head) {transformation: [-0.9868f,0.1572f,-0.04f,0.0027f,0.0869f,0.7205f,0.688f,1.3896f,0.137f,0.6754f,-0.7246f,-0.1174f,0f,0f,0f,1f],start_interpolation: 0,interpolation_duration: 1}
$data merge entity $(bone_6) {transformation: [-0.7787f,0.0068f,-0.6264f,0.1777f,-0.0196f,0.9992f,0.0352f,0.3827f,0.6255f,0.0397f,-0.7787f,-0.0919f,0f,0f,0f,1f],start_interpolation: 0,interpolation_duration: 1}
$data merge entity $(bone_12) {transformation: [-0.7795f,-0.2104f,-0.59f,0.112f,-0.0196f,0.9496f,-0.3128f,0.6794f,0.6261f,-0.2322f,-0.7443f,-0.1645f,0f,0f,0f,1f],start_interpolation: 0,interpolation_duration: 1}
$data merge entity $(bone_10) {transformation: [-0.942f,-0.0871f,-0.3212f,-0.0374f,0f,0.9652f,-0.2616f,1.0521f,0.3325f,-0.2467f,-0.9102f,-0.2336f,0f,0f,0f,1f],start_interpolation: 0,interpolation_duration: 1}
$data merge entity $(bone_9) {transformation: [-0.943f,0.0871f,-0.3212f,-0.003f,0f,0.9652f,0.2616f,1.3539f,0.3328f,0.2467f,-0.9102f,-0.1363f,0f,0f,0f,1f],start_interpolation: 0,interpolation_duration: 1}
$data merge entity $(bone_2) {transformation: [0.6226f,0.4373f,0.6483f,-0.5212f,-0.7051f,0.6716f,0.2255f,1.1467f,-0.3365f,-0.5981f,0.7272f,-0.1248f,0f,0f,0f,1f],start_interpolation: 0,interpolation_duration: 1}
$data merge entity $(bone_1) {transformation: [0.6233f,0.7816f,0.0246f,-0.2884f,-0.7058f,0.5757f,-0.4128f,1.3047f,-0.3368f,0.24f,0.9105f,-0.0251f,0f,0f,0f,1f],start_interpolation: 0,interpolation_duration: 1}
$data merge entity $(bone_4) {transformation: [-0.5102f,0.0492f,0.8583f,0.5188f,-0.7463f,0.4687f,-0.4714f,1.1232f,-0.4251f,-0.882f,-0.2026f,-0.1705f,0f,0f,0f,1f],start_interpolation: 0,interpolation_duration: 1}
$data merge entity $(bone_3) {transformation: [-0.5107f,-0.5622f,0.6504f,0.3247f,-0.7471f,0.6646f,-0.0121f,1.3218f,-0.4255f,-0.4921f,-0.7595f,-0.2862f,0f,0f,0f,1f],start_interpolation: 0,interpolation_duration: 1}
$data merge entity $(bone_8) {transformation: [-0.9706f,0.0666f,-0.2271f,-0.0701f,0.0767f,0.9964f,-0.0361f,0.6432f,0.2237f,-0.0525f,-0.9732f,0.2069f,0f,0f,0f,1f],start_interpolation: 0,interpolation_duration: 1}
$data merge entity $(bone_7) {transformation: [-0.9716f,-0.1492f,-0.1838f,-0.1232f,0.0767f,0.5359f,-0.8408f,0.7525f,0.2239f,-0.831f,-0.5092f,-0.0607f,0f,0f,0f,1f],start_interpolation: 0,interpolation_duration: 1}
data modify entity @s data merge value {"cameras":{"camera":{"posx":-0.40112500000000034,"posy":0.88653125,"posz":2.096875,"roty":193.65772717019576,"rotx":-6.269110446936268}},"locators":{}}