# This file was generated by Animated Java via MC-Build. It is not recommended to edit this file directly.
$data merge entity $(bone_layer) {transformation: [-0.9606f,0.2497f,-0.1223f,0.0043f,0.0877f,0.6895f,0.7189f,1.3839f,0.2638f,0.6798f,-0.6842f,-0.1165f,0f,0f,0f,1f],start_interpolation: 0,interpolation_duration: 1}
$data merge entity $(bone_head) {transformation: [-0.9606f,0.2497f,-0.1223f,0.0043f,0.0877f,0.6895f,0.7189f,1.3839f,0.2638f,0.6798f,-0.6842f,-0.1165f,0f,0f,0f,1f],start_interpolation: 0,interpolation_duration: 1}
$data merge entity $(bone_6) {transformation: [-0.6914f,0.0118f,-0.7217f,0.1856f,-0.0196f,0.9992f,0.0352f,0.3837f,0.7208f,0.0385f,-0.6913f,-0.1102f,0f,0f,0f,1f],start_interpolation: 0,interpolation_duration: 1}
$data merge entity $(bone_12) {transformation: [-0.6921f,-0.2549f,-0.6753f,0.1059f,-0.0196f,0.9419f,-0.3355f,0.678f,0.7216f,-0.2189f,-0.6568f,-0.1787f,0f,0f,0f,1f],start_interpolation: 0,interpolation_duration: 1}
$data merge entity $(bone_10) {transformation: [-0.8912f,-0.1251f,-0.4341f,-0.0543f,0f,0.9609f,-0.277f,1.0503f,0.4514f,-0.2471f,-0.8572f,-0.2344f,0f,0f,0f,1f],start_interpolation: 0,interpolation_duration: 1}
$data merge entity $(bone_9) {transformation: [-0.8921f,0.1251f,-0.4341f,-0.0052f,0f,0.9609f,0.277f,1.3473f,0.4518f,0.2471f,-0.8572f,-0.1376f,0f,0f,0f,1f],start_interpolation: 0,interpolation_duration: 1}
$data merge entity $(bone_2) {transformation: [0.5588f,0.2813f,0.7798f,-0.5125f,-0.6914f,0.6762f,0.2525f,1.1355f,-0.4558f,-0.6809f,0.5729f,-0.0509f,0f,0f,0f,1f],start_interpolation: 0,interpolation_duration: 1}
$data merge entity $(bone_1) {transformation: [0.5593f,0.8062f,0.1927f,-0.2671f,-0.6921f,0.5821f,-0.4268f,1.2949f,-0.4563f,0.1053f,0.8836f,0.0079f,0f,0f,0f,1f],start_interpolation: 0,interpolation_duration: 1}
$data merge entity $(bone_4) {transformation: [-0.5623f,-0.0128f,0.8265f,0.5023f,-0.7401f,0.4513f,-0.4975f,1.1159f,-0.3662f,-0.8923f,-0.2635f,-0.2427f,0f,0f,0f,1f],start_interpolation: 0,interpolation_duration: 1}
$data merge entity $(bone_3) {transformation: [-0.5629f,-0.6052f,0.563f,0.3003f,-0.7408f,0.6714f,-0.0189f,1.315f,-0.3666f,-0.4277f,-0.8262f,-0.335f,0f,0f,0f,1f],start_interpolation: 0,interpolation_duration: 1}
$data merge entity $(bone_8) {transformation: [-0.9321f,0.0536f,-0.3559f,-0.0199f,0.0797f,0.995f,-0.0593f,0.669f,0.3506f,-0.0837f,-0.9326f,0.218f,0f,0f,0f,1f],start_interpolation: 0,interpolation_duration: 1}
$data merge entity $(bone_7) {transformation: [-0.933f,-0.2722f,-0.2355f,-0.1122f,0.0798f,0.4816f,-0.8727f,0.7552f,0.351f,-0.833f,-0.4276f,-0.047f,0f,0f,0f,1f],start_interpolation: 0,interpolation_duration: 1}
data modify entity @s data merge value {"cameras":{"camera3":{"posx":-0.2620000000000003,"posy":0.8845,"posz":2.2625,"roty":187.4496806751529,"rotx":5.656991728100118}},"locators":{}}