# This file was generated by Animated Java via MC-Build. It is not recommended to edit this file directly.
$data merge entity $(bone_layer) {transformation: [-0.9264f,0.3301f,-0.181f,0.0059f,0.0886f,0.6585f,0.7473f,1.3784f,0.3659f,0.6763f,-0.6393f,-0.1159f,0f,0f,0f,1f],start_interpolation: 0,interpolation_duration: 1}
$data merge entity $(bone_head) {transformation: [-0.9264f,0.3301f,-0.181f,0.0059f,0.0886f,0.6585f,0.7473f,1.3784f,0.3659f,0.6763f,-0.6393f,-0.1159f,0f,0f,0f,1f],start_interpolation: 0,interpolation_duration: 1}
$data merge entity $(bone_6) {transformation: [-0.61f,0.0159f,-0.7917f,0.1914f,-0.0196f,0.9992f,0.0352f,0.3848f,0.7909f,0.037f,-0.6099f,-0.1261f,0f,0f,0f,1f],start_interpolation: 0,interpolation_duration: 1}
$data merge entity $(bone_12) {transformation: [-0.6107f,-0.294f,-0.7353f,0.0996f,-0.0196f,0.9339f,-0.3571f,0.6766f,0.7917f,-0.2036f,-0.576f,-0.1897f,0f,0f,0f,1f],start_interpolation: 0,interpolation_duration: 1}
$data merge entity $(bone_10) {transformation: [-0.8376f,-0.159f,-0.5212f,-0.0693f,0f,0.9565f,-0.2917f,1.0485f,0.5444f,-0.2446f,-0.802f,-0.2337f,0f,0f,0f,1f],start_interpolation: 0,interpolation_duration: 1}
$data merge entity $(bone_9) {transformation: [-0.8385f,0.159f,-0.5212f,-0.0074f,0f,0.9565f,0.2917f,1.3407f,0.5449f,0.2446f,-0.802f,-0.1385f,0f,0f,0f,1f],start_interpolation: 0,interpolation_duration: 1}
$data merge entity $(bone_2) {transformation: [0.4866f,0.1284f,0.8638f,-0.4959f,-0.6769f,0.6796f,0.2811f,1.1241f,-0.5504f,-0.7222f,0.4181f,0.0094f,0f,0f,0f,1f],start_interpolation: 0,interpolation_duration: 1}
$data merge entity $(bone_1) {transformation: [0.4871f,0.8074f,0.3329f,-0.2457f,-0.6776f,0.5899f,-0.4392f,1.2855f,-0.551f,-0.0116f,0.8344f,0.032f,0f,0f,0f,1f],start_interpolation: 0,interpolation_duration: 1}
$data merge entity $(bone_4) {transformation: [-0.6008f,-0.0588f,0.7968f,0.4802f,-0.7338f,0.433f,-0.5225f,1.1087f,-0.3139f,-0.8995f,-0.3036f,-0.3006f,0f,0f,0f,1f],start_interpolation: 0,interpolation_duration: 1}
$data merge entity $(bone_3) {transformation: [-0.6014f,-0.6328f,0.4877f,0.2744f,-0.7345f,0.6781f,-0.026f,1.3084f,-0.3142f,-0.3738f,-0.8726f,-0.3735f,0f,0f,0f,1f],start_interpolation: 0,interpolation_duration: 1}
$data merge entity $(bone_8) {transformation: [-0.8872f,0.0365f,-0.4582f,0.0235f,0.0828f,0.9932f,-0.0815f,0.6941f,0.4516f,-0.1103f,-0.8851f,0.2205f,0f,0f,0f,1f],start_interpolation: 0,interpolation_duration: 1}
$data merge entity $(bone_7) {transformation: [-0.8881f,-0.3781f,-0.2614f,-0.1017f,0.0828f,0.4276f,-0.9001f,0.7575f,0.4521f,-0.8211f,-0.3485f,-0.0371f,0f,0f,0f,1f],start_interpolation: 0,interpolation_duration: 1}
data modify entity @s data merge value {"cameras":{"camera3":{"posx":-0.14650000000000038,"posy":0.879,"posz":2.4000000000000004,"roty":183.11021614395477,"rotx":5.281845991456906}},"locators":{}}