# This file was generated by Animated Java via MC-Build. It is not recommended to edit this file directly.

execute \
    unless entity @s[type=minecraft:item_display,tag=aj.aska.root] run return run function animated_java:global/errors/function_not_executed_as_root_entity {'export_namespace': 'aska', 'function_path': 'animated_java:aska/apply_default_pose'}

execute on passengers \
    if entity @s[tag=aj.aska.bone.guide9] run data merge entity @s {transformation: [0.5294f,-0.2333f,0.8156f,-0.2281f,-0.2446f,-0.9626f,-0.1166f,0.9531f,0.8123f,-0.1378f,-0.5667f,-0.4437f,0f,0f,0f,1f], start_interpolation: 0}

execute on passengers \
    if entity @s[tag=aj.aska.bone.guide10] run data merge entity @s {transformation: [0.2912f,-0.0646f,0.9545f,-0.25f,-0.2987f,-0.954f,0.0266f,0.7813f,0.9088f,-0.2929f,-0.2971f,-0.4531f,0f,0f,0f,1f], start_interpolation: 0}

execute on passengers \
    if entity @s[tag=aj.aska.bone.guide18] run data merge entity @s {transformation: [-0.0078f,-0.0112f,0.9999f,0.2281f,-0.1106f,-0.9938f,-0.012f,1.0938f,0.9938f,-0.1107f,0.0065f,-0.4625f,0f,0f,0f,1f], start_interpolation: 0}

execute on passengers \
    if entity @s[tag=aj.aska.bone.guide21] run data merge entity @s {transformation: [-0.0068f,-0.0119f,0.9999f,0.1969f,-0.0236f,-0.9997f,-0.012f,0.3594f,0.9997f,-0.0236f,0.0065f,-0.5719f,0f,0f,0f,1f], start_interpolation: 0}

execute on passengers \
    if entity @s[tag=aj.aska.bone.guide22] run data merge entity @s {transformation: [-0.0057f,-0.0124f,0.9999f,0.1656f,0.0637f,-0.9979f,-0.012f,0.2031f,0.998f,0.0636f,0.0065f,-0.5719f,0f,0f,0f,1f], start_interpolation: 0}

execute on passengers \
    if entity @s[tag=aj.aska.bone.guide23] run data merge entity @s {transformation: [0.3373f,0.0757f,0.9384f,-0.2344f,-0.1871f,-0.9715f,0.1457f,0.5938f,0.9226f,-0.2247f,-0.3135f,-0.5156f,0f,0f,0f,1f], start_interpolation: 0}

execute on passengers \
    if entity @s[tag=aj.aska.bone.guide24] run data merge entity @s {transformation: [0.2352f,-0.0909f,0.9677f,-0.1719f,-0.1387f,-0.9886f,-0.0591f,0.3906f,0.962f,-0.1203f,-0.2452f,-0.5781f,0f,0f,0f,1f], start_interpolation: 0}

execute on passengers \
    if entity @s[tag=aj.aska.bone.guide25] run data merge entity @s {transformation: [0.7787f,-0.2355f,0.5816f,-0.2969f,-0.236f,-0.9688f,-0.0763f,0.4063f,0.5814f,-0.0778f,-0.8099f,-0.5469f,0f,0f,0f,1f], start_interpolation: 0}

execute on passengers \
    if entity @s[tag=aj.aska.bone.guide26] run data merge entity @s {transformation: [0.9265f,-0.2305f,0.2976f,-0.3906f,-0.2133f,-0.9729f,-0.0895f,0.4531f,0.3102f,0.0195f,-0.9505f,-0.4688f,0f,0f,0f,1f], start_interpolation: 0}

execute on passengers \
    if entity @s[tag=aj.aska.bone.guide27] run data merge entity @s {transformation: [0.8574f,-0.2037f,0.4726f,-0.3375f,-0.2093f,-0.977f,-0.0414f,0.625f,0.4702f,-0.0634f,-0.8803f,-0.5062f,0f,0f,0f,1f], start_interpolation: 0}

execute on passengers \
    if entity @s[tag=aj.aska.bone.guide28] run data merge entity @s {transformation: [0.9078f,-0.2636f,0.3263f,-0.3375f,-0.2295f,-0.9632f,-0.1398f,0.6719f,0.3511f,0.052f,-0.9349f,-0.4437f,0f,0f,0f,1f], start_interpolation: 0}

execute on passengers \
    if entity @s[tag=aj.aska.bone.guide29] run data merge entity @s {transformation: [0.9078f,-0.2029f,0.3671f,-0.3062f,-0.2295f,-0.9729f,0.0296f,0.8281f,0.3511f,-0.1111f,-0.9297f,-0.3813f,0f,0f,0f,1f], start_interpolation: 0}

execute on passengers \
    if entity @s[tag=aj.aska.bone.guide30] run data merge entity @s {transformation: [0.9652f,-0.1579f,0.2084f,-0.3062f,-0.1518f,-0.9874f,-0.045f,1.0625f,0.2129f,0.0118f,-0.977f,-0.3813f,0f,0f,0f,1f], start_interpolation: 0}

execute on passengers \
    if entity @s[tag=aj.aska.bone.guide46] run data merge entity @s {transformation: [-0.0078f,-0.0112f,0.9999f,0.2281f,-0.1106f,-0.9938f,-0.012f,0.8438f,0.9938f,-0.1107f,0.0065f,-0.5094f,0f,0f,0f,1f], start_interpolation: 0}

execute on passengers \
    if entity @s[tag=aj.aska.bone.guide94] run data merge entity @s {transformation: [-0.0078f,0.0112f,-0.9999f,-0.2281f,0.1106f,-0.9938f,-0.012f,0.8438f,-0.9938f,-0.1107f,0.0065f,-0.5094f,0f,0f,0f,1f], start_interpolation: 0}

execute on passengers \
    if entity @s[tag=aj.aska.bone.guide15] run data merge entity @s {transformation: [0.2352f,0.0909f,-0.9677f,0.1719f,0.1387f,-0.9886f,-0.0591f,0.3906f,-0.962f,-0.1203f,-0.2452f,-0.5781f,0f,0f,0f,1f], start_interpolation: 0}

execute on passengers \
    if entity @s[tag=aj.aska.bone.guide19] run data merge entity @s {transformation: [0.7787f,0.2355f,-0.5816f,0.2969f,0.236f,-0.9688f,-0.0763f,0.4063f,-0.5814f,-0.0778f,-0.8099f,-0.5469f,0f,0f,0f,1f], start_interpolation: 0}

execute on passengers \
    if entity @s[tag=aj.aska.bone.guide43] run data merge entity @s {transformation: [0.9265f,0.2305f,-0.2976f,0.3906f,0.2133f,-0.9729f,-0.0895f,0.4531f,-0.3102f,0.0195f,-0.9505f,-0.4687f,0f,0f,0f,1f], start_interpolation: 0}

execute on passengers \
    if entity @s[tag=aj.aska.bone.guide44] run data merge entity @s {transformation: [0.8574f,0.2037f,-0.4726f,0.3375f,0.2093f,-0.977f,-0.0414f,0.625f,-0.4702f,-0.0634f,-0.8803f,-0.5062f,0f,0f,0f,1f], start_interpolation: 0}

execute on passengers \
    if entity @s[tag=aj.aska.bone.guide45] run data merge entity @s {transformation: [0.3373f,-0.0757f,-0.9384f,0.2344f,0.1871f,-0.9715f,0.1457f,0.5938f,-0.9226f,-0.2247f,-0.3135f,-0.5156f,0f,0f,0f,1f], start_interpolation: 0}

execute on passengers \
    if entity @s[tag=aj.aska.bone.guide47] run data merge entity @s {transformation: [0.9078f,0.2636f,-0.3263f,0.3375f,0.2295f,-0.9632f,-0.1398f,0.6719f,-0.3511f,0.052f,-0.9349f,-0.4437f,0f,0f,0f,1f], start_interpolation: 0}

execute on passengers \
    if entity @s[tag=aj.aska.bone.guide48] run data merge entity @s {transformation: [0.2912f,0.0646f,-0.9545f,0.25f,0.2987f,-0.954f,0.0266f,0.7813f,-0.9088f,-0.2929f,-0.2971f,-0.4531f,0f,0f,0f,1f], start_interpolation: 0}

execute on passengers \
    if entity @s[tag=aj.aska.bone.guide42] run data merge entity @s {transformation: [0.5294f,0.2333f,-0.8156f,0.2281f,0.2446f,-0.9626f,-0.1166f,0.9531f,-0.8123f,-0.1378f,-0.5667f,-0.4437f,0f,0f,0f,1f], start_interpolation: 0}

execute on passengers \
    if entity @s[tag=aj.aska.bone.guide41] run data merge entity @s {transformation: [0.9652f,0.1579f,-0.2084f,0.3063f,0.1518f,-0.9874f,-0.045f,1.0625f,-0.2129f,0.0118f,-0.977f,-0.3812f,0f,0f,0f,1f], start_interpolation: 0}

execute on passengers \
    if entity @s[tag=aj.aska.bone.guide40] run data merge entity @s {transformation: [0.9078f,0.2029f,-0.3671f,0.3063f,0.2295f,-0.9729f,0.0296f,0.8281f,-0.3511f,-0.1111f,-0.9297f,-0.3812f,0f,0f,0f,1f], start_interpolation: 0}

execute on passengers \
    if entity @s[tag=aj.aska.bone.guide91] run data merge entity @s {transformation: [-0.0078f,0.0112f,-0.9999f,-0.2281f,0.1106f,-0.9938f,-0.012f,0.5938f,-0.9938f,-0.1107f,0.0065f,-0.5562f,0f,0f,0f,1f], start_interpolation: 0}

execute on passengers \
    if entity @s[tag=aj.aska.bone.guide61] run data merge entity @s {transformation: [-0.0078f,0.0112f,-0.9999f,-0.2281f,0.1106f,-0.9938f,-0.012f,1.0938f,-0.9938f,-0.1107f,0.0065f,-0.4625f,0f,0f,0f,1f], start_interpolation: 0}

execute on passengers \
    if entity @s[tag=aj.aska.bone.guide90] run data merge entity @s {transformation: [-0.0068f,0.0119f,-0.9999f,-0.1969f,0.0236f,-0.9997f,-0.012f,0.3594f,-0.9997f,-0.0236f,0.0065f,-0.5719f,0f,0f,0f,1f], start_interpolation: 0}

execute on passengers \
    if entity @s[tag=aj.aska.bone.guide92] run data merge entity @s {transformation: [-0.0057f,0.0124f,-0.9999f,-0.1656f,-0.0637f,-0.9979f,-0.012f,0.2031f,-0.998f,0.0636f,0.0065f,-0.5719f,0f,0f,0f,1f], start_interpolation: 0}

execute on passengers \
    if entity @s[tag=aj.aska.bone.guide93] run data merge entity @s {transformation: [-0.0078f,-0.0112f,0.9999f,0.2281f,-0.1106f,-0.9938f,-0.012f,0.5938f,0.9938f,-0.1107f,0.0065f,-0.5562f,0f,0f,0f,1f], start_interpolation: 0}

execute on passengers \
    if entity @s[tag=aj.aska.bone.guide17] run data merge entity @s {transformation: [-0.0078f,-0.0112f,0.9999f,0.2031f,-0.1106f,-0.9938f,-0.012f,1.3281f,0.9938f,-0.1107f,0.0065f,-0.4219f,0f,0f,0f,1f], start_interpolation: 0}

execute on passengers \
    if entity @s[tag=aj.aska.bone.guide89] run data merge entity @s {transformation: [-0.0078f,0.0112f,-0.9999f,-0.2031f,0.1106f,-0.9938f,-0.012f,1.3281f,-0.9938f,-0.1107f,0.0065f,-0.4219f,0f,0f,0f,1f], start_interpolation: 0}

execute on passengers \
    if entity @s[tag=aj.aska.bone.guide11] run data merge entity @s {transformation: [-0.0078f,-0.0112f,0.9999f,0.1719f,-0.1106f,-0.9938f,-0.012f,1.5156f,0.9938f,-0.1107f,0.0065f,-0.3906f,0f,0f,0f,1f], start_interpolation: 0}

execute on passengers \
    if entity @s[tag=aj.aska.bone.guide60] run data merge entity @s {transformation: [-0.0078f,0.0112f,-0.9999f,-0.1719f,0.1106f,-0.9938f,-0.012f,1.5156f,-0.9938f,-0.1107f,0.0065f,-0.3906f,0f,0f,0f,1f], start_interpolation: 0}

execute on passengers \
    if entity @s[tag=aj.aska.bone.guide5] run data merge entity @s {transformation: [0.8527f,-0.1832f,0.4893f,-0.25f,-0.2538f,-0.9638f,0.0814f,1.5156f,0.4567f,-0.1936f,-0.8683f,-0.3281f,0f,0f,0f,1f], start_interpolation: 0}

execute on passengers \
    if entity @s[tag=aj.aska.bone.guide7] run data merge entity @s {transformation: [0.7484f,-0.1474f,0.6467f,-0.2187f,-0.2408f,-0.9689f,0.0578f,1.1875f,0.618f,-0.1989f,-0.7606f,-0.4062f,0f,0f,0f,1f], start_interpolation: 0}

execute on passengers \
    if entity @s[tag=aj.aska.bone.guide6] run data merge entity @s {transformation: [-0.0101f,-0.1828f,0.9831f,-0.1406f,-0.3231f,-0.9298f,-0.1762f,1.3906f,0.9463f,-0.3194f,-0.0497f,-0.3281f,0f,0f,0f,1f], start_interpolation: 0}

execute on passengers \
    if entity @s[tag=aj.aska.bone.guide31] run data merge entity @s {transformation: [0.9652f,-0.1579f,0.2084f,-0.3062f,-0.1518f,-0.9874f,-0.045f,1.2344f,0.2129f,0.0118f,-0.977f,-0.3344f,0f,0f,0f,1f], start_interpolation: 0}

execute on passengers \
    if entity @s[tag=aj.aska.bone.guide32] run data merge entity @s {transformation: [0.9478f,-0.2586f,0.1866f,-0.2906f,-0.2373f,-0.9628f,-0.1294f,1.375f,0.2131f,0.0784f,-0.9739f,-0.3031f,0f,0f,0f,1f], start_interpolation: 0}

execute on passengers \
    if entity @s[tag=aj.aska.bone.guide4] run data merge entity @s {transformation: [0.9427f,-0.2697f,0.1963f,-0.2656f,-0.2665f,-0.9629f,-0.0432f,1.5156f,0.2006f,-0.0115f,-0.9796f,-0.2188f,0f,0f,0f,1f], start_interpolation: 0}

execute on passengers \
    if entity @s[tag=aj.aska.bone.guide49] run data merge entity @s {transformation: [0.7484f,0.1474f,-0.6467f,0.2188f,0.2408f,-0.9689f,0.0578f,1.1875f,-0.618f,-0.1989f,-0.7606f,-0.4062f,0f,0f,0f,1f], start_interpolation: 0}

execute on passengers \
    if entity @s[tag=aj.aska.bone.guide50] run data merge entity @s {transformation: [0.9652f,0.1579f,-0.2084f,0.3063f,0.1518f,-0.9874f,-0.045f,1.2344f,-0.2129f,0.0118f,-0.977f,-0.3344f,0f,0f,0f,1f], start_interpolation: 0}

execute on passengers \
    if entity @s[tag=aj.aska.bone.guide39] run data merge entity @s {transformation: [0.9478f,0.2586f,-0.1866f,0.2906f,0.2373f,-0.9628f,-0.1294f,1.375f,-0.2131f,0.0784f,-0.9739f,-0.3031f,0f,0f,0f,1f], start_interpolation: 0}

execute on passengers \
    if entity @s[tag=aj.aska.bone.guide51] run data merge entity @s {transformation: [-0.0101f,0.1828f,-0.9831f,0.1406f,0.3231f,-0.9298f,-0.1762f,1.3906f,-0.9463f,-0.3194f,-0.0497f,-0.3281f,0f,0f,0f,1f], start_interpolation: 0}

execute on passengers \
    if entity @s[tag=aj.aska.bone.guide52] run data merge entity @s {transformation: [0.8527f,0.1832f,-0.4893f,0.25f,0.2538f,-0.9638f,0.0814f,1.5156f,-0.4567f,-0.1936f,-0.8683f,-0.3281f,0f,0f,0f,1f], start_interpolation: 0}

execute on passengers \
    if entity @s[tag=aj.aska.bone.guide38] run data merge entity @s {transformation: [0.9427f,0.2697f,-0.1963f,0.2656f,0.2665f,-0.9629f,-0.0432f,1.5156f,-0.2006f,-0.0115f,-0.9796f,-0.2187f,0f,0f,0f,1f], start_interpolation: 0}

execute on passengers \
    if entity @s[tag=aj.aska.bone.guide20] run data merge entity @s {transformation: [-0.0078f,-0.0112f,0.9999f,0.2281f,-0.1106f,-0.9938f,-0.012f,1.0938f,0.9938f,-0.1107f,0.0065f,-0.4625f,0f,0f,0f,1f], start_interpolation: 0}

execute on passengers \
    if entity @s[tag=aj.aska.bone.guide97] run data merge entity @s {transformation: [-0.0078f,0.0112f,-0.9999f,-0.2281f,0.1106f,-0.9938f,-0.012f,1.0938f,-0.9938f,-0.1107f,0.0065f,-0.4625f,0f,0f,0f,1f], start_interpolation: 0}

execute on passengers \
    if entity @s[tag=aj.aska.bone.layer] run data merge entity @s {transformation: [-1f,0f,0f,0f,0f,1f,0f,1.5156f,0f,0f,-1f,-0.125f,0f,0f,0f,1f], start_interpolation: 0}

execute on passengers \
    if entity @s[tag=aj.aska.bone.head] run data merge entity @s {transformation: [-1f,0f,0f,0f,0f,1f,0f,1.5156f,0f,0f,-1f,-0.125f,0f,0f,0f,1f], start_interpolation: 0}

execute on passengers \
    if entity @s[tag=aj.aska.bone.6] run data merge entity @s {transformation: [-1f,0f,0f,0.1188f,0f,1f,0f,0.3906f,0f,0f,-1f,-0.125f,0f,0f,0f,1f], start_interpolation: 0}

execute on passengers \
    if entity @s[tag=aj.aska.bone.12] run data merge entity @s {transformation: [-1f,0f,0f,0.1188f,0f,1f,0f,0.7656f,0f,0f,-1f,-0.125f,0f,0f,0f,1f], start_interpolation: 0}

execute on passengers \
    if entity @s[tag=aj.aska.bone.10] run data merge entity @s {transformation: [-1f,0f,0f,0f,0f,1f,0f,1.1406f,0f,0f,-1f,-0.125f,0f,0f,0f,1f], start_interpolation: 0}

execute on passengers \
    if entity @s[tag=aj.aska.bone.9] run data merge entity @s {transformation: [-1f,0f,0f,0f,0f,1f,0f,1.5156f,0f,0f,-1f,-0.125f,0f,0f,0f,1f], start_interpolation: 0}

execute on passengers \
    if entity @s[tag=aj.aska.bone.item_display] run data merge entity @s {transformation: [0f,0f,-1f,-0.375f,-0.766f,-0.6428f,0f,0.9531f,-0.6428f,0.766f,0f,0.25f,0f,0f,0f,1f], start_interpolation: 0}

execute on passengers \
    if entity @s[tag=aj.aska.bone.2] run data merge entity @s {transformation: [1f,0f,0f,-0.375f,0f,1f,0f,1.1406f,0f,0f,1f,-0.125f,0f,0f,0f,1f], start_interpolation: 0}

execute on passengers \
    if entity @s[tag=aj.aska.bone.1] run data merge entity @s {transformation: [1f,0f,0f,-0.375f,0f,1f,0f,1.5156f,0f,0f,1f,-0.125f,0f,0f,0f,1f], start_interpolation: 0}

execute on passengers \
    if entity @s[tag=aj.aska.bone.4] run data merge entity @s {transformation: [-1f,0f,0f,0.375f,0f,1f,0f,1.1406f,0f,0f,-1f,-0.125f,0f,0f,0f,1f], start_interpolation: 0}

execute on passengers \
    if entity @s[tag=aj.aska.bone.3] run data merge entity @s {transformation: [-1f,0f,0f,0.375f,0f,1f,0f,1.5156f,0f,0f,-1f,-0.125f,0f,0f,0f,1f], start_interpolation: 0}

execute on passengers \
    if entity @s[tag=aj.aska.bone.8] run data merge entity @s {transformation: [-1f,0f,0f,-0.1312f,0f,1f,0f,0.3906f,0f,0f,-1f,-0.125f,0f,0f,0f,1f], start_interpolation: 0}

execute on passengers \
    if entity @s[tag=aj.aska.bone.7] run data merge entity @s {transformation: [-1f,0f,0f,-0.1312f,0f,1f,0f,0.7656f,0f,0f,-1f,-0.125f,0f,0f,0f,1f], start_interpolation: 0}