# This file was generated by Animated Java via MC-Build. It is not recommended to edit this file directly.
execute on passengers if entity @s[tag=aj.boss_1.bone.head] run data merge entity @s {transformation: [-1f,0f,0f,0f,0f,1f,0f,-0.9687f,0f,0f,-1f,0f,0f,0f,0f,1f], start_interpolation: 0}
execute on passengers if entity @s[tag=aj.boss_1.bone.10] run data merge entity @s {transformation: [-1f,0f,0f,0f,0f,1f,0f,-1.3437f,0f,0f,-1f,0f,0f,0f,0f,1f], start_interpolation: 0}
execute on passengers if entity @s[tag=aj.boss_1.bone.9] run data merge entity @s {transformation: [-1.0104f,0f,0f,0f,0f,1.0104f,0f,-2.4687f,0f,0f,-1.0104f,0f,0f,0f,0f,1f], start_interpolation: 0}
execute on passengers if entity @s[tag=aj.boss_1.bone.item_display] run data merge entity @s {transformation: [0f,0f,1f,-0.375f,1.0607f,1.0607f,0f,-1.5937f,-1.0607f,1.0607f,0f,0.5313f,0f,0f,0f,1f], start_interpolation: 0}
execute on passengers if entity @s[tag=aj.boss_1.bone.2] run data merge entity @s {transformation: [-1f,0f,0f,-0.375f,0f,1f,0f,-1.3437f,0f,0f,-1f,0f,0f,0f,0f,1f], start_interpolation: 0}
execute on passengers if entity @s[tag=aj.boss_1.bone.1] run data merge entity @s {transformation: [-1f,0f,0f,-0.375f,0f,1f,0f,-0.9687f,0f,0f,-1f,0f,0f,0f,0f,1f], start_interpolation: 0}
execute on passengers if entity @s[tag=aj.boss_1.bone.4] run data merge entity @s {transformation: [-1f,0f,0f,0.375f,0f,1f,0f,-1.3516f,0f,0f,-1f,0f,0f,0f,0f,1f], start_interpolation: 0}
execute on passengers if entity @s[tag=aj.boss_1.bone.bone1] run data merge entity @s {transformation: [-1f,0f,0f,0.6563f,0f,1f,0f,-0.5f,0f,0f,-1f,0.0625f,0f,0f,0f,1f], start_interpolation: 0}
execute on passengers if entity @s[tag=aj.boss_1.bone.3] run data merge entity @s {transformation: [-1f,0f,0f,0.375f,0f,1f,0f,-0.9687f,0f,0f,-1f,0f,0f,0f,0f,1f], start_interpolation: 0}
execute on passengers if entity @s[tag=aj.boss_1.bone.6] run data merge entity @s {transformation: [-1f,0f,0f,-0.125f,0f,1f,0f,-2.0937f,0f,0f,-1f,0f,0f,0f,0f,1f], start_interpolation: 0}
execute on passengers if entity @s[tag=aj.boss_1.bone.5] run data merge entity @s {transformation: [-1f,0f,0f,-0.125f,0f,1f,0f,-1.7187f,0f,0f,-1f,0f,0f,0f,0f,1f], start_interpolation: 0}
execute on passengers if entity @s[tag=aj.boss_1.bone.8] run data merge entity @s {transformation: [-1f,0f,0f,0.125f,0f,1f,0f,-2.0937f,0f,0f,-1f,0f,0f,0f,0f,1f], start_interpolation: 0}
execute on passengers if entity @s[tag=aj.boss_1.bone.7] run data merge entity @s {transformation: [-1f,0f,0f,0.125f,0f,1f,0f,-1.7187f,0f,0f,-1f,0f,0f,0f,0f,1f], start_interpolation: 0}
execute on passengers if entity @s[tag=aj.boss_1.bone.guide13] run data merge entity @s {transformation: [-0.0068f,-0.0119f,0.9999f,0.25f,-0.0236f,-0.9997f,-0.012f,-0.9062f,0.9997f,-0.0236f,0.0065f,-0.1875f,0f,0f,0f,1f], start_interpolation: 0}
execute on passengers if entity @s[tag=aj.boss_1.bone.guide9] run data merge entity @s {transformation: [0.5294f,-0.2333f,0.8156f,-0.2281f,-0.2446f,-0.9626f,-0.1166f,-1.6875f,0.8123f,-0.1378f,-0.5667f,-0.3031f,0f,0f,0f,1f], start_interpolation: 0}
execute on passengers if entity @s[tag=aj.boss_1.bone.guide10] run data merge entity @s {transformation: [0.2912f,-0.0646f,0.9545f,-0.25f,-0.2987f,-0.954f,0.0266f,-1.8594f,0.9088f,-0.2929f,-0.2971f,-0.3125f,0f,0f,0f,1f], start_interpolation: 0}
execute on passengers if entity @s[tag=aj.boss_1.bone.guide18] run data merge entity @s {transformation: [-0.0078f,-0.0112f,0.9999f,0.2281f,-0.1106f,-0.9938f,-0.012f,-1.5469f,0.9938f,-0.1107f,0.0065f,-0.3219f,0f,0f,0f,1f], start_interpolation: 0}
execute on passengers if entity @s[tag=aj.boss_1.bone.guide21] run data merge entity @s {transformation: [-0.0068f,-0.0119f,0.9999f,0.1969f,-0.0236f,-0.9997f,-0.012f,-2.2812f,0.9997f,-0.0236f,0.0065f,-0.4312f,0f,0f,0f,1f], start_interpolation: 0}
execute on passengers if entity @s[tag=aj.boss_1.bone.guide22] run data merge entity @s {transformation: [-0.0057f,-0.0124f,0.9999f,0.1656f,0.0637f,-0.9979f,-0.012f,-2.4375f,0.998f,0.0636f,0.0065f,-0.4312f,0f,0f,0f,1f], start_interpolation: 0}
execute on passengers if entity @s[tag=aj.boss_1.bone.guide23] run data merge entity @s {transformation: [0.3373f,0.0757f,0.9384f,-0.2344f,-0.1871f,-0.9715f,0.1457f,-2.0469f,0.9226f,-0.2247f,-0.3135f,-0.375f,0f,0f,0f,1f], start_interpolation: 0}
execute on passengers if entity @s[tag=aj.boss_1.bone.guide24] run data merge entity @s {transformation: [0.2352f,-0.0909f,0.9677f,-0.1719f,-0.1387f,-0.9886f,-0.0591f,-2.25f,0.962f,-0.1203f,-0.2452f,-0.4375f,0f,0f,0f,1f], start_interpolation: 0}
execute on passengers if entity @s[tag=aj.boss_1.bone.guide25] run data merge entity @s {transformation: [0.7787f,-0.2355f,0.5816f,-0.2969f,-0.236f,-0.9688f,-0.0763f,-2.2344f,0.5814f,-0.0778f,-0.8099f,-0.4062f,0f,0f,0f,1f], start_interpolation: 0}
execute on passengers if entity @s[tag=aj.boss_1.bone.guide26] run data merge entity @s {transformation: [0.9265f,-0.2305f,0.2976f,-0.3906f,-0.2133f,-0.9729f,-0.0895f,-2.1875f,0.3102f,0.0195f,-0.9505f,-0.3281f,0f,0f,0f,1f], start_interpolation: 0}
execute on passengers if entity @s[tag=aj.boss_1.bone.guide27] run data merge entity @s {transformation: [0.8574f,-0.2037f,0.4726f,-0.3375f,-0.2093f,-0.977f,-0.0414f,-2.0156f,0.4702f,-0.0634f,-0.8803f,-0.3656f,0f,0f,0f,1f], start_interpolation: 0}
execute on passengers if entity @s[tag=aj.boss_1.bone.guide28] run data merge entity @s {transformation: [0.9078f,-0.2636f,0.3263f,-0.3375f,-0.2295f,-0.9632f,-0.1398f,-1.9687f,0.3511f,0.052f,-0.9349f,-0.3031f,0f,0f,0f,1f], start_interpolation: 0}
execute on passengers if entity @s[tag=aj.boss_1.bone.guide29] run data merge entity @s {transformation: [0.9078f,-0.2029f,0.3671f,-0.3062f,-0.2295f,-0.9729f,0.0296f,-1.8125f,0.3511f,-0.1111f,-0.9297f,-0.2406f,0f,0f,0f,1f], start_interpolation: 0}
execute on passengers if entity @s[tag=aj.boss_1.bone.guide30] run data merge entity @s {transformation: [0.9652f,-0.1579f,0.2084f,-0.3062f,-0.1518f,-0.9874f,-0.045f,-1.5781f,0.2129f,0.0118f,-0.977f,-0.2406f,0f,0f,0f,1f], start_interpolation: 0}
execute on passengers if entity @s[tag=aj.boss_1.bone.guide46] run data merge entity @s {transformation: [-0.0078f,-0.0112f,0.9999f,0.2281f,-0.1106f,-0.9938f,-0.012f,-1.7969f,0.9938f,-0.1107f,0.0065f,-0.3687f,0f,0f,0f,1f], start_interpolation: 0}
execute on passengers if entity @s[tag=aj.boss_1.bone.guide94] run data merge entity @s {transformation: [-0.0078f,0.0112f,-0.9999f,-0.2281f,0.1106f,-0.9938f,-0.012f,-1.7969f,-0.9938f,-0.1107f,0.0065f,-0.3688f,0f,0f,0f,1f], start_interpolation: 0}
execute on passengers if entity @s[tag=aj.boss_1.bone.guide15] run data merge entity @s {transformation: [0.2352f,0.0909f,-0.9677f,0.1719f,0.1387f,-0.9886f,-0.0591f,-2.25f,-0.962f,-0.1203f,-0.2452f,-0.4375f,0f,0f,0f,1f], start_interpolation: 0}
execute on passengers if entity @s[tag=aj.boss_1.bone.guide19] run data merge entity @s {transformation: [0.7787f,0.2355f,-0.5816f,0.2969f,0.236f,-0.9688f,-0.0763f,-2.2344f,-0.5814f,-0.0778f,-0.8099f,-0.4062f,0f,0f,0f,1f], start_interpolation: 0}
execute on passengers if entity @s[tag=aj.boss_1.bone.guide43] run data merge entity @s {transformation: [0.9265f,0.2305f,-0.2976f,0.3906f,0.2133f,-0.9729f,-0.0895f,-2.1875f,-0.3102f,0.0195f,-0.9505f,-0.3281f,0f,0f,0f,1f], start_interpolation: 0}
execute on passengers if entity @s[tag=aj.boss_1.bone.guide44] run data merge entity @s {transformation: [0.8574f,0.2037f,-0.4726f,0.3375f,0.2093f,-0.977f,-0.0414f,-2.0156f,-0.4702f,-0.0634f,-0.8803f,-0.3656f,0f,0f,0f,1f], start_interpolation: 0}
execute on passengers if entity @s[tag=aj.boss_1.bone.guide45] run data merge entity @s {transformation: [0.3373f,-0.0757f,-0.9384f,0.2344f,0.1871f,-0.9715f,0.1457f,-2.0469f,-0.9226f,-0.2247f,-0.3135f,-0.375f,0f,0f,0f,1f], start_interpolation: 0}
execute on passengers if entity @s[tag=aj.boss_1.bone.guide47] run data merge entity @s {transformation: [0.9078f,0.2636f,-0.3263f,0.3375f,0.2295f,-0.9632f,-0.1398f,-1.9687f,-0.3511f,0.052f,-0.9349f,-0.3031f,0f,0f,0f,1f], start_interpolation: 0}
execute on passengers if entity @s[tag=aj.boss_1.bone.guide48] run data merge entity @s {transformation: [0.2912f,0.0646f,-0.9545f,0.25f,0.2987f,-0.954f,0.0266f,-1.8594f,-0.9088f,-0.2929f,-0.2971f,-0.3125f,0f,0f,0f,1f], start_interpolation: 0}
execute on passengers if entity @s[tag=aj.boss_1.bone.guide42] run data merge entity @s {transformation: [0.5294f,0.2333f,-0.8156f,0.2281f,0.2446f,-0.9626f,-0.1166f,-1.6875f,-0.8123f,-0.1378f,-0.5667f,-0.3031f,0f,0f,0f,1f], start_interpolation: 0}
execute on passengers if entity @s[tag=aj.boss_1.bone.guide41] run data merge entity @s {transformation: [0.9652f,0.1579f,-0.2084f,0.3063f,0.1518f,-0.9874f,-0.045f,-1.5781f,-0.2129f,0.0118f,-0.977f,-0.2406f,0f,0f,0f,1f], start_interpolation: 0}
execute on passengers if entity @s[tag=aj.boss_1.bone.guide40] run data merge entity @s {transformation: [0.9078f,0.2029f,-0.3671f,0.3063f,0.2295f,-0.9729f,0.0296f,-1.8125f,-0.3511f,-0.1111f,-0.9297f,-0.2406f,0f,0f,0f,1f], start_interpolation: 0}
execute on passengers if entity @s[tag=aj.boss_1.bone.guide91] run data merge entity @s {transformation: [-0.0078f,0.0112f,-0.9999f,-0.2281f,0.1106f,-0.9938f,-0.012f,-2.0469f,-0.9938f,-0.1107f,0.0065f,-0.4156f,0f,0f,0f,1f], start_interpolation: 0}
execute on passengers if entity @s[tag=aj.boss_1.bone.guide61] run data merge entity @s {transformation: [-0.0078f,0.0112f,-0.9999f,-0.2281f,0.1106f,-0.9938f,-0.012f,-1.5469f,-0.9938f,-0.1107f,0.0065f,-0.3219f,0f,0f,0f,1f], start_interpolation: 0}
execute on passengers if entity @s[tag=aj.boss_1.bone.guide90] run data merge entity @s {transformation: [-0.0068f,0.0119f,-0.9999f,-0.1969f,0.0236f,-0.9997f,-0.012f,-2.2812f,-0.9997f,-0.0236f,0.0065f,-0.4312f,0f,0f,0f,1f], start_interpolation: 0}
execute on passengers if entity @s[tag=aj.boss_1.bone.guide92] run data merge entity @s {transformation: [-0.0057f,0.0124f,-0.9999f,-0.1656f,-0.0637f,-0.9979f,-0.012f,-2.4375f,-0.998f,0.0636f,0.0065f,-0.4312f,0f,0f,0f,1f], start_interpolation: 0}
execute on passengers if entity @s[tag=aj.boss_1.bone.guide93] run data merge entity @s {transformation: [-0.0078f,-0.0112f,0.9999f,0.2281f,-0.1106f,-0.9938f,-0.012f,-2.0469f,0.9938f,-0.1107f,0.0065f,-0.4156f,0f,0f,0f,1f], start_interpolation: 0}
execute on passengers if entity @s[tag=aj.boss_1.bone.guide57] run data merge entity @s {transformation: [-0.0078f,0.0112f,-0.9999f,-0.1406f,0.1106f,-0.9938f,-0.012f,-1.0312f,-0.9938f,-0.1107f,0.0065f,-0.2187f,0f,0f,0f,1f], start_interpolation: 0}
execute on passengers if entity @s[tag=aj.boss_1.bone.guide58] run data merge entity @s {transformation: [-0.0068f,0.0119f,-0.9999f,-0.25f,0.0236f,-0.9997f,-0.012f,-0.9062f,-0.9997f,-0.0236f,0.0065f,-0.1875f,0f,0f,0f,1f], start_interpolation: 0}
execute on passengers if entity @s[tag=aj.boss_1.bone.guide17] run data merge entity @s {transformation: [-0.0078f,-0.0112f,0.9999f,0.2031f,-0.1106f,-0.9938f,-0.012f,-1.3125f,0.9938f,-0.1107f,0.0065f,-0.2812f,0f,0f,0f,1f], start_interpolation: 0}
execute on passengers if entity @s[tag=aj.boss_1.bone.guide89] run data merge entity @s {transformation: [-0.0078f,0.0112f,-0.9999f,-0.2031f,0.1106f,-0.9938f,-0.012f,-1.3125f,-0.9938f,-0.1107f,0.0065f,-0.2812f,0f,0f,0f,1f], start_interpolation: 0}
execute on passengers if entity @s[tag=aj.boss_1.bone.guide11] run data merge entity @s {transformation: [-0.0078f,-0.0112f,0.9999f,0.1719f,-0.1106f,-0.9938f,-0.012f,-1.125f,0.9938f,-0.1107f,0.0065f,-0.25f,0f,0f,0f,1f], start_interpolation: 0}
execute on passengers if entity @s[tag=aj.boss_1.bone.guide60] run data merge entity @s {transformation: [-0.0078f,0.0112f,-0.9999f,-0.1719f,0.1106f,-0.9938f,-0.012f,-1.125f,-0.9938f,-0.1107f,0.0065f,-0.25f,0f,0f,0f,1f], start_interpolation: 0}
execute on passengers if entity @s[tag=aj.boss_1.bone.guide12] run data merge entity @s {transformation: [-0.0078f,-0.0112f,0.9999f,0.1406f,-0.1106f,-0.9938f,-0.012f,-1.0312f,0.9938f,-0.1107f,0.0065f,-0.2187f,0f,0f,0f,1f], start_interpolation: 0}
execute on passengers if entity @s[tag=aj.boss_1.bone.guide5] run data merge entity @s {transformation: [0.8527f,-0.1832f,0.4893f,-0.25f,-0.2538f,-0.9638f,0.0814f,-1.125f,0.4567f,-0.1936f,-0.8683f,-0.1875f,0f,0f,0f,1f], start_interpolation: 0}
execute on passengers if entity @s[tag=aj.boss_1.bone.guide7] run data merge entity @s {transformation: [0.7484f,-0.1474f,0.6467f,-0.2187f,-0.2408f,-0.9689f,0.0578f,-1.4531f,0.618f,-0.1989f,-0.7606f,-0.2656f,0f,0f,0f,1f], start_interpolation: 0}
execute on passengers if entity @s[tag=aj.boss_1.bone.guide6] run data merge entity @s {transformation: [-0.0101f,-0.1828f,0.9831f,-0.1406f,-0.3231f,-0.9298f,-0.1762f,-1.25f,0.9463f,-0.3194f,-0.0497f,-0.1875f,0f,0f,0f,1f], start_interpolation: 0}
execute on passengers if entity @s[tag=aj.boss_1.bone.guide31] run data merge entity @s {transformation: [0.9652f,-0.1579f,0.2084f,-0.3062f,-0.1518f,-0.9874f,-0.045f,-1.4062f,0.2129f,0.0118f,-0.977f,-0.1938f,0f,0f,0f,1f], start_interpolation: 0}
execute on passengers if entity @s[tag=aj.boss_1.bone.guide49] run data merge entity @s {transformation: [0.7484f,0.1474f,-0.6467f,0.2188f,0.2408f,-0.9689f,0.0578f,-1.4531f,-0.618f,-0.1989f,-0.7606f,-0.2656f,0f,0f,0f,1f], start_interpolation: 0}
execute on passengers if entity @s[tag=aj.boss_1.bone.guide50] run data merge entity @s {transformation: [0.9652f,0.1579f,-0.2084f,0.3063f,0.1518f,-0.9874f,-0.045f,-1.4062f,-0.2129f,0.0118f,-0.977f,-0.1937f,0f,0f,0f,1f], start_interpolation: 0}
execute on passengers if entity @s[tag=aj.boss_1.bone.guide39] run data merge entity @s {transformation: [0.9478f,0.2586f,-0.1866f,0.2906f,0.2373f,-0.9628f,-0.1294f,-1.2656f,-0.2131f,0.0784f,-0.9739f,-0.1625f,0f,0f,0f,1f], start_interpolation: 0}
execute on passengers if entity @s[tag=aj.boss_1.bone.guide51] run data merge entity @s {transformation: [-0.0101f,0.1828f,-0.9831f,0.1406f,0.3231f,-0.9298f,-0.1762f,-1.25f,-0.9463f,-0.3194f,-0.0497f,-0.1875f,0f,0f,0f,1f], start_interpolation: 0}
execute on passengers if entity @s[tag=aj.boss_1.bone.guide52] run data merge entity @s {transformation: [0.8527f,0.1832f,-0.4893f,0.25f,0.2538f,-0.9638f,0.0814f,-1.125f,-0.4567f,-0.1936f,-0.8683f,-0.1875f,0f,0f,0f,1f], start_interpolation: 0}
execute on passengers if entity @s[tag=aj.boss_1.bone.guide38] run data merge entity @s {transformation: [0.9427f,0.2697f,-0.1963f,0.2656f,0.2665f,-0.9629f,-0.0432f,-1.125f,-0.2006f,-0.0115f,-0.9796f,-0.0781f,0f,0f,0f,1f], start_interpolation: 0}
execute on passengers if entity @s[tag=aj.boss_1.bone.guide34] run data merge entity @s {transformation: [0.9478f,0.2586f,-0.1866f,0.2906f,0.2373f,-0.9628f,-0.1294f,-1.1719f,-0.2131f,0.0784f,-0.9739f,-0.1f,0f,0f,0f,1f], start_interpolation: 0}
execute on passengers if entity @s[tag=aj.boss_1.bone.guide20] run data merge entity @s {transformation: [-0.0078f,-0.0112f,0.9999f,0.2281f,-0.1106f,-0.9938f,-0.012f,-1.5469f,0.9938f,-0.1107f,0.0065f,-0.3219f,0f,0f,0f,1f], start_interpolation: 0}
execute on passengers if entity @s[tag=aj.boss_1.bone.guide97] run data merge entity @s {transformation: [-0.0078f,0.0112f,-0.9999f,-0.2281f,0.1106f,-0.9938f,-0.012f,-1.5469f,-0.9938f,-0.1107f,0.0065f,-0.3219f,0f,0f,0f,1f], start_interpolation: 0}
execute on passengers if entity @s[tag=aj.boss_1.bone.blade] run data merge entity @s {transformation: [-1f,0f,0f,-0.375f,0f,1f,0f,-1.3437f,0f,0f,-1f,0f,0f,0f,0f,1f], start_interpolation: 0}