# This file was generated by Animated Java via MC-Build. It is not recommended to edit this file directly.
execute on passengers if entity @s[tag=aj.boss_1.node.head] run data merge entity @s { transformation: [-1f,0f,0f,0f,0f,1f,0f,-0.9687f,0f,0f,-1f,0f,0f,0f,0f,1f], start_interpolation: -1 }
execute on passengers if entity @s[tag=aj.boss_1.node.10] run data merge entity @s { transformation: [-1f,0f,0f,0f,0f,1f,0f,-1.3437f,0f,0f,-1f,0f,0f,0f,0f,1f], start_interpolation: -1 }
execute on passengers if entity @s[tag=aj.boss_1.node.9] run data merge entity @s { transformation: [-1.0104f,0f,0f,0f,0f,1.0104f,0f,-2.4687f,0f,0f,-1.0104f,0f,0f,0f,0f,1f], start_interpolation: -1 }
execute on passengers if entity @s[tag=aj.boss_1.node.bone14] run data merge entity @s { transformation: [-0.9769f,0.1471f,-0.1549f,-0.8778f,0.1997f,0.8862f,-0.4181f,-1.4473f,0.0758f,-0.4394f,-0.8951f,-0.1836f,0f,0f,0f,1f], start_interpolation: -1 }
execute on passengers if entity @s[tag=aj.boss_1.node.bone13] run data merge entity @s { transformation: [-0.9825f,0.4557f,-0.0231f,-0.6933f,0.437f,0.9241f,-0.3586f,-1.7785f,-0.1312f,-0.3345f,-1.022f,-0.0881f,0f,0f,0f,1f], start_interpolation: -1 }
execute on passengers if entity @s[tag=aj.boss_1.node.bone16] run data merge entity @s { transformation: [-0.9458f,0.1811f,-0.2697f,-0.9088f,0.2739f,0.8909f,-0.3623f,-0.9867f,0.1747f,-0.4166f,-0.8922f,-0.3806f,0f,0f,0f,1f], start_interpolation: -1 }
execute on passengers if entity @s[tag=aj.boss_1.node.bone15] run data merge entity @s { transformation: [-1.2401f,0.959f,0.2225f,-0.9226f,0.8894f,1.2448f,-0.4078f,-1.4541f,-0.4219f,-0.1944f,-1.5137f,-0.3874f,0f,0f,0f,1f], start_interpolation: -1 }
execute on passengers if entity @s[tag=aj.boss_1.node.bone18] run data merge entity @s { transformation: [-0.898f,0.3326f,-0.2881f,-0.9216f,0.2951f,0.9409f,0.1663f,-0.2144f,0.3264f,0.0643f,-0.943f,-0.3236f,0f,0f,0f,1f], start_interpolation: -1 }
execute on passengers if entity @s[tag=aj.boss_1.node.bone17] run data merge entity @s { transformation: [-0.5706f,0.8344f,0.4938f,-0.9672f,0.9695f,0.485f,0.3009f,-0.7287f,0.0103f,0.5782f,-0.965f,-0.5256f,0f,0f,0f,1f], start_interpolation: -1 }
execute on passengers if entity @s[tag=aj.boss_1.node.bone19] run data merge entity @s { transformation: [-0.4992f,0.8652f,0.0466f,-0.6361f,0.7879f,0.4757f,-0.3911f,-1.1267f,-0.3605f,-0.1585f,-0.9192f,-0.3011f,0f,0f,0f,1f], start_interpolation: -1 }
execute on passengers if entity @s[tag=aj.boss_1.node.bone20] run data merge entity @s { transformation: [-0.9294f,-0.3674f,-0.0346f,-0.7455f,-0.3539f,0.9141f,-0.1981f,-1.6167f,0.1044f,-0.1718f,-0.9796f,-0.1968f,0f,0f,0f,1f], start_interpolation: -1 }
execute on passengers if entity @s[tag=aj.boss_1.node.bone11] run data merge entity @s { transformation: [-0.8699f,0.2566f,-0.4212f,0.3906f,0.224f,0.9664f,0.1261f,-1.4219f,0.4394f,0.0153f,-0.8982f,0.0625f,0f,0f,0f,1f], start_interpolation: -1 }
execute on passengers if entity @s[tag=aj.boss_1.node.body] run data merge entity @s { transformation: [-1f,0f,0f,0f,0f,1f,0f,-0.9687f,0f,0f,-1f,0f,0f,0f,0f,1f], start_interpolation: -1 }
execute on passengers if entity @s[tag=aj.boss_1.node.item_display] run data merge entity @s { transformation: [0f,0f,1f,-0.375f,1.0607f,1.0607f,0f,-1.5937f,-1.0607f,1.0607f,0f,0.5313f,0f,0f,0f,1f], start_interpolation: -1 }
execute on passengers if entity @s[tag=aj.boss_1.node.2] run data merge entity @s { transformation: [-1f,0f,0f,-0.375f,0f,1f,0f,-1.3437f,0f,0f,-1f,0f,0f,0f,0f,1f], start_interpolation: -1 }
execute on passengers if entity @s[tag=aj.boss_1.node.bone5] run data merge entity @s { transformation: [-0.7071f,0f,0.7071f,-0.375f,0f,1f,0f,-0.9375f,-0.7071f,0f,-0.7071f,0f,0f,0f,0f,1f], start_interpolation: -1 }
execute on passengers if entity @s[tag=aj.boss_1.node.bone6] run data merge entity @s { transformation: [-0.7071f,0f,-0.7071f,-0.375f,0f,1f,0f,-0.9375f,0.7071f,0f,-0.7071f,0f,0f,0f,0f,1f], start_interpolation: -1 }
execute on passengers if entity @s[tag=aj.boss_1.node.bone7] run data merge entity @s { transformation: [-1f,0f,0f,-0.5625f,0f,1f,0f,-1.125f,0f,0f,-1f,0f,0f,0f,0f,1f], start_interpolation: -1 }
execute on passengers if entity @s[tag=aj.boss_1.node.bone8] run data merge entity @s { transformation: [0f,0f,-1f,-0.375f,0f,1f,0f,-1.125f,1f,0f,0f,0.1875f,0f,0f,0f,1f], start_interpolation: -1 }
execute on passengers if entity @s[tag=aj.boss_1.node.bone9] run data merge entity @s { transformation: [0f,0f,-1f,-0.375f,0f,1f,0f,-1.125f,1f,0f,0f,-0.1875f,0f,0f,0f,1f], start_interpolation: -1 }
execute on passengers if entity @s[tag=aj.boss_1.node.bone4] run data merge entity @s { transformation: [-1f,0f,0f,-0.375f,0f,1f,0f,-0.9375f,0f,0f,-1f,0f,0f,0f,0f,1f], start_interpolation: -1 }
execute on passengers if entity @s[tag=aj.boss_1.node.1] run data merge entity @s { transformation: [-1f,0f,0f,-0.375f,0f,1f,0f,-0.9687f,0f,0f,-1f,0f,0f,0f,0f,1f], start_interpolation: -1 }
execute on passengers if entity @s[tag=aj.boss_1.node.right_arm] run data merge entity @s { transformation: [-1f,0f,0f,-0.3125f,0f,1f,0f,-1.0937f,0f,0f,-1f,0f,0f,0f,0f,1f], start_interpolation: -1 }
execute on passengers if entity @s[tag=aj.boss_1.node.4] run data merge entity @s { transformation: [-1f,0f,0f,0.375f,0f,1f,0f,-1.3516f,0f,0f,-1f,0f,0f,0f,0f,1f], start_interpolation: -1 }
execute on passengers if entity @s[tag=aj.boss_1.node.bone1] run data merge entity @s { transformation: [-1f,0f,0f,0.6563f,0f,1f,0f,-0.5f,0f,0f,-1f,0.0625f,0f,0f,0f,1f], start_interpolation: -1 }
execute on passengers if entity @s[tag=aj.boss_1.node.3] run data merge entity @s { transformation: [-1f,0f,0f,0.375f,0f,1f,0f,-0.9687f,0f,0f,-1f,0f,0f,0f,0f,1f], start_interpolation: -1 }
execute on passengers if entity @s[tag=aj.boss_1.node.left_arm] run data merge entity @s { transformation: [-1f,0f,0f,0.3125f,0f,1f,0f,-1.0937f,0f,0f,-1f,0f,0f,0f,0f,1f], start_interpolation: -1 }
execute on passengers if entity @s[tag=aj.boss_1.node.6] run data merge entity @s { transformation: [-1f,0f,0f,-0.125f,0f,1f,0f,-2.0937f,0f,0f,-1f,0f,0f,0f,0f,1f], start_interpolation: -1 }
execute on passengers if entity @s[tag=aj.boss_1.node.5] run data merge entity @s { transformation: [-1f,0f,0f,-0.125f,0f,1f,0f,-1.7187f,0f,0f,-1f,0f,0f,0f,0f,1f], start_interpolation: -1 }
execute on passengers if entity @s[tag=aj.boss_1.node.right_leg] run data merge entity @s { transformation: [-1f,0f,0f,-0.125f,0f,1f,0f,-1.7187f,0f,0f,-1f,0f,0f,0f,0f,1f], start_interpolation: -1 }
execute on passengers if entity @s[tag=aj.boss_1.node.8] run data merge entity @s { transformation: [-1f,0f,0f,0.125f,0f,1f,0f,-2.0937f,0f,0f,-1f,0f,0f,0f,0f,1f], start_interpolation: -1 }
execute on passengers if entity @s[tag=aj.boss_1.node.7] run data merge entity @s { transformation: [-1f,0f,0f,0.125f,0f,1f,0f,-1.7187f,0f,0f,-1f,0f,0f,0f,0f,1f], start_interpolation: -1 }
execute on passengers if entity @s[tag=aj.boss_1.node.left_leg] run data merge entity @s { transformation: [-1f,0f,0f,0.125f,0f,1f,0f,-1.7187f,0f,0f,-1f,0f,0f,0f,0f,1f], start_interpolation: -1 }
execute on passengers if entity @s[tag=aj.boss_1.node.bone] run data merge entity @s { transformation: [-1f,0f,0f,0f,0f,1f,0f,-3.625f,0f,0f,-1f,0f,0f,0f,0f,1f], start_interpolation: -1 }
execute on passengers if entity @s[tag=aj.boss_1.node.guide16] run data merge entity @s { transformation: [0f,0f,-1f,-0.225f,0f,1f,0f,-0.8562f,1f,0f,0f,0.3375f,0f,0f,0f,1f], start_interpolation: -1 }
execute on passengers if entity @s[tag=aj.boss_1.node.guide13] run data merge entity @s { transformation: [-0.0068f,-0.0119f,0.9999f,0.25f,-0.0236f,-0.9997f,-0.012f,-0.9062f,0.9997f,-0.0236f,0.0065f,-0.1875f,0f,0f,0f,1f], start_interpolation: -1 }
execute on passengers if entity @s[tag=aj.boss_1.node.guide14] run data merge entity @s { transformation: [0f,0f,-1f,-0.2563f,0f,1f,0f,-0.95f,1f,0f,0f,0.3688f,0f,0f,0f,1f], start_interpolation: -1 }
execute on passengers if entity @s[tag=aj.boss_1.node.guide8] run data merge entity @s { transformation: [-1f,0f,0f,0.25f,0f,1f,0f,-0.8531f,0f,0f,-1f,-0.1f,0f,0f,0f,1f], start_interpolation: -1 }
execute on passengers if entity @s[tag=aj.boss_1.node.guide62] run data merge entity @s { transformation: [0.943f,-0.2588f,0.2091f,0.7188f,-0.2527f,-0.9659f,-0.056f,-1.0312f,0.2164f,0f,-0.9763f,0.0938f,0f,0f,0f,1f], start_interpolation: -1 }
execute on passengers if entity @s[tag=aj.boss_1.node.guide63] run data merge entity @s { transformation: [0.943f,-0.2293f,0.2411f,0.75f,-0.2527f,-0.965f,0.0705f,-1.0937f,0.2164f,-0.1274f,-0.9679f,0f,0f,0f,0f,1f], start_interpolation: -1 }
execute on passengers if entity @s[tag=aj.boss_1.node.guide64] run data merge entity @s { transformation: [0.9427f,-0.2697f,0.1963f,0.7344f,-0.2665f,-0.9629f,-0.0432f,-1.125f,0.2006f,-0.0115f,-0.9796f,-0.0781f,0f,0f,0f,1f], start_interpolation: -1 }
execute on passengers if entity @s[tag=aj.boss_1.node.guide65] run data merge entity @s { transformation: [0.8527f,-0.1832f,0.4893f,0.75f,-0.2538f,-0.9638f,0.0814f,-1.125f,0.4567f,-0.1936f,-0.8683f,-0.1875f,0f,0f,0f,1f], start_interpolation: -1 }
execute on passengers if entity @s[tag=aj.boss_1.node.guide66] run data merge entity @s { transformation: [-0.0101f,-0.1828f,0.9831f,0.8594f,-0.3231f,-0.9298f,-0.1762f,-1.25f,0.9463f,-0.3194f,-0.0497f,-0.1875f,0f,0f,0f,1f], start_interpolation: -1 }
execute on passengers if entity @s[tag=aj.boss_1.node.guide67] run data merge entity @s { transformation: [0.7484f,-0.1474f,0.6467f,0.7813f,-0.2408f,-0.9689f,0.0578f,-1.4531f,0.618f,-0.1989f,-0.7606f,-0.2656f,0f,0f,0f,1f], start_interpolation: -1 }
execute on passengers if entity @s[tag=aj.boss_1.node.guide68] run data merge entity @s { transformation: [0.5294f,-0.2333f,0.8156f,0.7719f,-0.2446f,-0.9626f,-0.1166f,-1.6875f,0.8123f,-0.1378f,-0.5667f,-0.3031f,0f,0f,0f,1f], start_interpolation: -1 }
execute on passengers if entity @s[tag=aj.boss_1.node.guide69] run data merge entity @s { transformation: [0.2912f,-0.0646f,0.9545f,0.75f,-0.2987f,-0.954f,0.0266f,-1.8594f,0.9088f,-0.2929f,-0.2971f,-0.3125f,0f,0f,0f,1f], start_interpolation: -1 }
execute on passengers if entity @s[tag=aj.boss_1.node.guide70] run data merge entity @s { transformation: [-0.0078f,-0.0112f,0.9999f,1.1719f,-0.1106f,-0.9938f,-0.012f,-1.125f,0.9938f,-0.1107f,0.0065f,-0.25f,0f,0f,0f,1f], start_interpolation: -1 }
execute on passengers if entity @s[tag=aj.boss_1.node.guide71] run data merge entity @s { transformation: [-0.0078f,-0.0112f,0.9999f,1.2031f,-0.1106f,-0.9938f,-0.012f,-1.3125f,0.9938f,-0.1107f,0.0065f,-0.2812f,0f,0f,0f,1f], start_interpolation: -1 }
execute on passengers if entity @s[tag=aj.boss_1.node.guide72] run data merge entity @s { transformation: [-0.0078f,-0.0112f,0.9999f,1.2281f,-0.1106f,-0.9938f,-0.012f,-1.5469f,0.9938f,-0.1107f,0.0065f,-0.3219f,0f,0f,0f,1f], start_interpolation: -1 }
execute on passengers if entity @s[tag=aj.boss_1.node.guide73] run data merge entity @s { transformation: [-0.0078f,-0.0112f,0.9999f,1.2281f,-0.1106f,-0.9938f,-0.012f,-1.7969f,0.9938f,-0.1107f,0.0065f,-0.3687f,0f,0f,0f,1f], start_interpolation: -1 }
execute on passengers if entity @s[tag=aj.boss_1.node.guide74] run data merge entity @s { transformation: [-0.0078f,-0.0112f,0.9999f,1.2281f,-0.1106f,-0.9938f,-0.012f,-2.0469f,0.9938f,-0.1107f,0.0065f,-0.4156f,0f,0f,0f,1f], start_interpolation: -1 }
execute on passengers if entity @s[tag=aj.boss_1.node.guide75] run data merge entity @s { transformation: [-0.0068f,-0.0119f,0.9999f,1.1969f,-0.0236f,-0.9997f,-0.012f,-2.2812f,0.9997f,-0.0236f,0.0065f,-0.4312f,0f,0f,0f,1f], start_interpolation: -1 }
execute on passengers if entity @s[tag=aj.boss_1.node.guide76] run data merge entity @s { transformation: [-0.0057f,-0.0124f,0.9999f,1.1656f,0.0637f,-0.9979f,-0.012f,-2.4375f,0.998f,0.0636f,0.0065f,-0.4312f,0f,0f,0f,1f], start_interpolation: -1 }
execute on passengers if entity @s[tag=aj.boss_1.node.guide77] run data merge entity @s { transformation: [0.3373f,0.0757f,0.9384f,0.7656f,-0.1871f,-0.9715f,0.1457f,-2.0469f,0.9226f,-0.2247f,-0.3135f,-0.375f,0f,0f,0f,1f], start_interpolation: -1 }
execute on passengers if entity @s[tag=aj.boss_1.node.guide78] run data merge entity @s { transformation: [0.2352f,-0.0909f,0.9677f,0.8281f,-0.1387f,-0.9886f,-0.0591f,-2.25f,0.962f,-0.1203f,-0.2452f,-0.4375f,0f,0f,0f,1f], start_interpolation: -1 }
execute on passengers if entity @s[tag=aj.boss_1.node.guide79] run data merge entity @s { transformation: [0.7787f,-0.2355f,0.5816f,0.7031f,-0.236f,-0.9688f,-0.0763f,-2.2344f,0.5814f,-0.0778f,-0.8099f,-0.4062f,0f,0f,0f,1f], start_interpolation: -1 }
execute on passengers if entity @s[tag=aj.boss_1.node.guide80] run data merge entity @s { transformation: [0.9265f,-0.2305f,0.2976f,0.6094f,-0.2133f,-0.9729f,-0.0895f,-2.1875f,0.3102f,0.0195f,-0.9505f,-0.3281f,0f,0f,0f,1f], start_interpolation: -1 }
execute on passengers if entity @s[tag=aj.boss_1.node.guide81] run data merge entity @s { transformation: [0.8574f,-0.2037f,0.4726f,0.6625f,-0.2093f,-0.977f,-0.0414f,-2.0156f,0.4702f,-0.0634f,-0.8803f,-0.3656f,0f,0f,0f,1f], start_interpolation: -1 }
execute on passengers if entity @s[tag=aj.boss_1.node.guide82] run data merge entity @s { transformation: [0.9078f,-0.2636f,0.3263f,0.6625f,-0.2295f,-0.9632f,-0.1398f,-1.9687f,0.3511f,0.052f,-0.9349f,-0.3031f,0f,0f,0f,1f], start_interpolation: -1 }
execute on passengers if entity @s[tag=aj.boss_1.node.guide83] run data merge entity @s { transformation: [0.9078f,-0.2029f,0.3671f,0.6938f,-0.2295f,-0.9729f,0.0296f,-1.8125f,0.3511f,-0.1111f,-0.9297f,-0.2406f,0f,0f,0f,1f], start_interpolation: -1 }
execute on passengers if entity @s[tag=aj.boss_1.node.guide84] run data merge entity @s { transformation: [0.9652f,-0.1579f,0.2084f,0.6938f,-0.1518f,-0.9874f,-0.045f,-1.5781f,0.2129f,0.0118f,-0.977f,-0.2406f,0f,0f,0f,1f], start_interpolation: -1 }
execute on passengers if entity @s[tag=aj.boss_1.node.guide85] run data merge entity @s { transformation: [0.9652f,-0.1579f,0.2084f,0.6938f,-0.1518f,-0.9874f,-0.045f,-1.4062f,0.2129f,0.0118f,-0.977f,-0.1937f,0f,0f,0f,1f], start_interpolation: -1 }
execute on passengers if entity @s[tag=aj.boss_1.node.guide86] run data merge entity @s { transformation: [0.9478f,-0.2586f,0.1866f,0.7094f,-0.2373f,-0.9628f,-0.1294f,-1.2656f,0.2131f,0.0784f,-0.9739f,-0.1625f,0f,0f,0f,1f], start_interpolation: -1 }
execute on passengers if entity @s[tag=aj.boss_1.node.guide87] run data merge entity @s { transformation: [0.9478f,-0.2586f,0.1866f,0.7094f,-0.2373f,-0.9628f,-0.1294f,-1.1719f,0.2131f,0.0784f,-0.9739f,-0.1f,0f,0f,0f,1f], start_interpolation: -1 }
execute on passengers if entity @s[tag=aj.boss_1.node.guide88] run data merge entity @s { transformation: [0.9478f,0.2586f,-0.1866f,1.2906f,0.2373f,-0.9628f,-0.1294f,-1.1719f,-0.2131f,0.0784f,-0.9739f,-0.1f,0f,0f,0f,1f], start_interpolation: -1 }
execute on passengers if entity @s[tag=aj.boss_1.node.bone3] run data merge entity @s { transformation: [-1f,0f,0f,1f,0f,1f,0f,-1.1875f,0f,0f,-1f,0.125f,0f,0f,0f,1f], start_interpolation: -1 }
execute on passengers if entity @s[tag=aj.boss_1.node.guide9] run data merge entity @s { transformation: [0.5294f,-0.2333f,0.8156f,-0.2281f,-0.2446f,-0.9626f,-0.1166f,-1.6875f,0.8123f,-0.1378f,-0.5667f,-0.3031f,0f,0f,0f,1f], start_interpolation: -1 }
execute on passengers if entity @s[tag=aj.boss_1.node.guide10] run data merge entity @s { transformation: [0.2912f,-0.0646f,0.9545f,-0.25f,-0.2987f,-0.954f,0.0266f,-1.8594f,0.9088f,-0.2929f,-0.2971f,-0.3125f,0f,0f,0f,1f], start_interpolation: -1 }
execute on passengers if entity @s[tag=aj.boss_1.node.guide18] run data merge entity @s { transformation: [-0.0078f,-0.0112f,0.9999f,0.2281f,-0.1106f,-0.9938f,-0.012f,-1.5469f,0.9938f,-0.1107f,0.0065f,-0.3219f,0f,0f,0f,1f], start_interpolation: -1 }
execute on passengers if entity @s[tag=aj.boss_1.node.guide21] run data merge entity @s { transformation: [-0.0068f,-0.0119f,0.9999f,0.1969f,-0.0236f,-0.9997f,-0.012f,-2.2812f,0.9997f,-0.0236f,0.0065f,-0.4312f,0f,0f,0f,1f], start_interpolation: -1 }
execute on passengers if entity @s[tag=aj.boss_1.node.guide22] run data merge entity @s { transformation: [-0.0057f,-0.0124f,0.9999f,0.1656f,0.0637f,-0.9979f,-0.012f,-2.4375f,0.998f,0.0636f,0.0065f,-0.4312f,0f,0f,0f,1f], start_interpolation: -1 }
execute on passengers if entity @s[tag=aj.boss_1.node.guide23] run data merge entity @s { transformation: [0.3373f,0.0757f,0.9384f,-0.2344f,-0.1871f,-0.9715f,0.1457f,-2.0469f,0.9226f,-0.2247f,-0.3135f,-0.375f,0f,0f,0f,1f], start_interpolation: -1 }
execute on passengers if entity @s[tag=aj.boss_1.node.guide24] run data merge entity @s { transformation: [0.2352f,-0.0909f,0.9677f,-0.1719f,-0.1387f,-0.9886f,-0.0591f,-2.25f,0.962f,-0.1203f,-0.2452f,-0.4375f,0f,0f,0f,1f], start_interpolation: -1 }
execute on passengers if entity @s[tag=aj.boss_1.node.guide25] run data merge entity @s { transformation: [0.7787f,-0.2355f,0.5816f,-0.2969f,-0.236f,-0.9688f,-0.0763f,-2.2344f,0.5814f,-0.0778f,-0.8099f,-0.4062f,0f,0f,0f,1f], start_interpolation: -1 }
execute on passengers if entity @s[tag=aj.boss_1.node.guide26] run data merge entity @s { transformation: [0.9265f,-0.2305f,0.2976f,-0.3906f,-0.2133f,-0.9729f,-0.0895f,-2.1875f,0.3102f,0.0195f,-0.9505f,-0.3281f,0f,0f,0f,1f], start_interpolation: -1 }
execute on passengers if entity @s[tag=aj.boss_1.node.guide27] run data merge entity @s { transformation: [0.8574f,-0.2037f,0.4726f,-0.3375f,-0.2093f,-0.977f,-0.0414f,-2.0156f,0.4702f,-0.0634f,-0.8803f,-0.3656f,0f,0f,0f,1f], start_interpolation: -1 }
execute on passengers if entity @s[tag=aj.boss_1.node.guide28] run data merge entity @s { transformation: [0.9078f,-0.2636f,0.3263f,-0.3375f,-0.2295f,-0.9632f,-0.1398f,-1.9687f,0.3511f,0.052f,-0.9349f,-0.3031f,0f,0f,0f,1f], start_interpolation: -1 }
execute on passengers if entity @s[tag=aj.boss_1.node.guide29] run data merge entity @s { transformation: [0.9078f,-0.2029f,0.3671f,-0.3062f,-0.2295f,-0.9729f,0.0296f,-1.8125f,0.3511f,-0.1111f,-0.9297f,-0.2406f,0f,0f,0f,1f], start_interpolation: -1 }
execute on passengers if entity @s[tag=aj.boss_1.node.guide30] run data merge entity @s { transformation: [0.9652f,-0.1579f,0.2084f,-0.3062f,-0.1518f,-0.9874f,-0.045f,-1.5781f,0.2129f,0.0118f,-0.977f,-0.2406f,0f,0f,0f,1f], start_interpolation: -1 }
execute on passengers if entity @s[tag=aj.boss_1.node.guide46] run data merge entity @s { transformation: [-0.0078f,-0.0112f,0.9999f,0.2281f,-0.1106f,-0.9938f,-0.012f,-1.7969f,0.9938f,-0.1107f,0.0065f,-0.3687f,0f,0f,0f,1f], start_interpolation: -1 }
execute on passengers if entity @s[tag=aj.boss_1.node.guide94] run data merge entity @s { transformation: [-0.0078f,0.0112f,-0.9999f,-0.2281f,0.1106f,-0.9938f,-0.012f,-1.7969f,-0.9938f,-0.1107f,0.0065f,-0.3688f,0f,0f,0f,1f], start_interpolation: -1 }
execute on passengers if entity @s[tag=aj.boss_1.node.bone2] run data merge entity @s { transformation: [-1f,0f,0f,0f,0f,1f,0f,-1.1875f,0f,0f,-1f,0.125f,0f,0f,0f,1f], start_interpolation: -1 }
execute on passengers if entity @s[tag=aj.boss_1.node.guide15] run data merge entity @s { transformation: [0.2352f,0.0909f,-0.9677f,0.1719f,0.1387f,-0.9886f,-0.0591f,-2.25f,-0.962f,-0.1203f,-0.2452f,-0.4375f,0f,0f,0f,1f], start_interpolation: -1 }
execute on passengers if entity @s[tag=aj.boss_1.node.guide19] run data merge entity @s { transformation: [0.7787f,0.2355f,-0.5816f,0.2969f,0.236f,-0.9688f,-0.0763f,-2.2344f,-0.5814f,-0.0778f,-0.8099f,-0.4062f,0f,0f,0f,1f], start_interpolation: -1 }
execute on passengers if entity @s[tag=aj.boss_1.node.guide43] run data merge entity @s { transformation: [0.9265f,0.2305f,-0.2976f,0.3906f,0.2133f,-0.9729f,-0.0895f,-2.1875f,-0.3102f,0.0195f,-0.9505f,-0.3281f,0f,0f,0f,1f], start_interpolation: -1 }
execute on passengers if entity @s[tag=aj.boss_1.node.guide44] run data merge entity @s { transformation: [0.8574f,0.2037f,-0.4726f,0.3375f,0.2093f,-0.977f,-0.0414f,-2.0156f,-0.4702f,-0.0634f,-0.8803f,-0.3656f,0f,0f,0f,1f], start_interpolation: -1 }
execute on passengers if entity @s[tag=aj.boss_1.node.guide45] run data merge entity @s { transformation: [0.3373f,-0.0757f,-0.9384f,0.2344f,0.1871f,-0.9715f,0.1457f,-2.0469f,-0.9226f,-0.2247f,-0.3135f,-0.375f,0f,0f,0f,1f], start_interpolation: -1 }
execute on passengers if entity @s[tag=aj.boss_1.node.guide47] run data merge entity @s { transformation: [0.9078f,0.2636f,-0.3263f,0.3375f,0.2295f,-0.9632f,-0.1398f,-1.9687f,-0.3511f,0.052f,-0.9349f,-0.3031f,0f,0f,0f,1f], start_interpolation: -1 }
execute on passengers if entity @s[tag=aj.boss_1.node.guide48] run data merge entity @s { transformation: [0.2912f,0.0646f,-0.9545f,0.25f,0.2987f,-0.954f,0.0266f,-1.8594f,-0.9088f,-0.2929f,-0.2971f,-0.3125f,0f,0f,0f,1f], start_interpolation: -1 }
execute on passengers if entity @s[tag=aj.boss_1.node.guide42] run data merge entity @s { transformation: [0.5294f,0.2333f,-0.8156f,0.2281f,0.2446f,-0.9626f,-0.1166f,-1.6875f,-0.8123f,-0.1378f,-0.5667f,-0.3031f,0f,0f,0f,1f], start_interpolation: -1 }
execute on passengers if entity @s[tag=aj.boss_1.node.guide41] run data merge entity @s { transformation: [0.9652f,0.1579f,-0.2084f,0.3063f,0.1518f,-0.9874f,-0.045f,-1.5781f,-0.2129f,0.0118f,-0.977f,-0.2406f,0f,0f,0f,1f], start_interpolation: -1 }
execute on passengers if entity @s[tag=aj.boss_1.node.guide40] run data merge entity @s { transformation: [0.9078f,0.2029f,-0.3671f,0.3063f,0.2295f,-0.9729f,0.0296f,-1.8125f,-0.3511f,-0.1111f,-0.9297f,-0.2406f,0f,0f,0f,1f], start_interpolation: -1 }
execute on passengers if entity @s[tag=aj.boss_1.node.guide91] run data merge entity @s { transformation: [-0.0078f,0.0112f,-0.9999f,-0.2281f,0.1106f,-0.9938f,-0.012f,-2.0469f,-0.9938f,-0.1107f,0.0065f,-0.4156f,0f,0f,0f,1f], start_interpolation: -1 }
execute on passengers if entity @s[tag=aj.boss_1.node.guide61] run data merge entity @s { transformation: [-0.0078f,0.0112f,-0.9999f,-0.2281f,0.1106f,-0.9938f,-0.012f,-1.5469f,-0.9938f,-0.1107f,0.0065f,-0.3219f,0f,0f,0f,1f], start_interpolation: -1 }
execute on passengers if entity @s[tag=aj.boss_1.node.guide90] run data merge entity @s { transformation: [-0.0068f,0.0119f,-0.9999f,-0.1969f,0.0236f,-0.9997f,-0.012f,-2.2812f,-0.9997f,-0.0236f,0.0065f,-0.4312f,0f,0f,0f,1f], start_interpolation: -1 }
execute on passengers if entity @s[tag=aj.boss_1.node.guide92] run data merge entity @s { transformation: [-0.0057f,0.0124f,-0.9999f,-0.1656f,-0.0637f,-0.9979f,-0.012f,-2.4375f,-0.998f,0.0636f,0.0065f,-0.4312f,0f,0f,0f,1f], start_interpolation: -1 }
execute on passengers if entity @s[tag=aj.boss_1.node.guide93] run data merge entity @s { transformation: [-0.0078f,-0.0112f,0.9999f,0.2281f,-0.1106f,-0.9938f,-0.012f,-2.0469f,0.9938f,-0.1107f,0.0065f,-0.4156f,0f,0f,0f,1f], start_interpolation: -1 }
execute on passengers if entity @s[tag=aj.boss_1.node.hair_2] run data merge entity @s { transformation: [-1f,0f,0f,0f,0f,1f,0f,-1.75f,0f,0f,-1f,-0.25f,0f,0f,0f,1f], start_interpolation: -1 }
execute on passengers if entity @s[tag=aj.boss_1.node.guide56] run data merge entity @s { transformation: [0f,0f,1f,0.225f,0f,1f,0f,-0.8562f,-1f,0f,0f,0.3375f,0f,0f,0f,1f], start_interpolation: -1 }
execute on passengers if entity @s[tag=aj.boss_1.node.guide57] run data merge entity @s { transformation: [-0.0078f,0.0112f,-0.9999f,-0.1406f,0.1106f,-0.9938f,-0.012f,-1.0312f,-0.9938f,-0.1107f,0.0065f,-0.2187f,0f,0f,0f,1f], start_interpolation: -1 }
execute on passengers if entity @s[tag=aj.boss_1.node.guide58] run data merge entity @s { transformation: [-0.0068f,0.0119f,-0.9999f,-0.25f,0.0236f,-0.9997f,-0.012f,-0.9062f,-0.9997f,-0.0236f,0.0065f,-0.1875f,0f,0f,0f,1f], start_interpolation: -1 }
execute on passengers if entity @s[tag=aj.boss_1.node.guide59] run data merge entity @s { transformation: [0f,0f,1f,0.2562f,0f,1f,0f,-0.95f,-1f,0f,0f,0.3688f,0f,0f,0f,1f], start_interpolation: -1 }
execute on passengers if entity @s[tag=aj.boss_1.node.guide17] run data merge entity @s { transformation: [-0.0078f,-0.0112f,0.9999f,0.2031f,-0.1106f,-0.9938f,-0.012f,-1.3125f,0.9938f,-0.1107f,0.0065f,-0.2812f,0f,0f,0f,1f], start_interpolation: -1 }
execute on passengers if entity @s[tag=aj.boss_1.node.guide89] run data merge entity @s { transformation: [-0.0078f,0.0112f,-0.9999f,-0.2031f,0.1106f,-0.9938f,-0.012f,-1.3125f,-0.9938f,-0.1107f,0.0065f,-0.2812f,0f,0f,0f,1f], start_interpolation: -1 }
execute on passengers if entity @s[tag=aj.boss_1.node.guide11] run data merge entity @s { transformation: [-0.0078f,-0.0112f,0.9999f,0.1719f,-0.1106f,-0.9938f,-0.012f,-1.125f,0.9938f,-0.1107f,0.0065f,-0.25f,0f,0f,0f,1f], start_interpolation: -1 }
execute on passengers if entity @s[tag=aj.boss_1.node.guide60] run data merge entity @s { transformation: [-0.0078f,0.0112f,-0.9999f,-0.1719f,0.1106f,-0.9938f,-0.012f,-1.125f,-0.9938f,-0.1107f,0.0065f,-0.25f,0f,0f,0f,1f], start_interpolation: -1 }
execute on passengers if entity @s[tag=aj.boss_1.node.guide12] run data merge entity @s { transformation: [-0.0078f,-0.0112f,0.9999f,0.1406f,-0.1106f,-0.9938f,-0.012f,-1.0312f,0.9938f,-0.1107f,0.0065f,-0.2187f,0f,0f,0f,1f], start_interpolation: -1 }
execute on passengers if entity @s[tag=aj.boss_1.node.guide124] run data merge entity @s { transformation: [-1f,0f,0f,-0.2812f,0f,1f,0f,-1.0094f,0f,0f,-1f,-0.0375f,0f,0f,0f,1f], start_interpolation: -1 }
execute on passengers if entity @s[tag=aj.boss_1.node.guide5] run data merge entity @s { transformation: [0.8527f,-0.1832f,0.4893f,-0.25f,-0.2538f,-0.9638f,0.0814f,-1.125f,0.4567f,-0.1936f,-0.8683f,-0.1875f,0f,0f,0f,1f], start_interpolation: -1 }
execute on passengers if entity @s[tag=aj.boss_1.node.guide7] run data merge entity @s { transformation: [0.7484f,-0.1474f,0.6467f,-0.2187f,-0.2408f,-0.9689f,0.0578f,-1.4531f,0.618f,-0.1989f,-0.7606f,-0.2656f,0f,0f,0f,1f], start_interpolation: -1 }
execute on passengers if entity @s[tag=aj.boss_1.node.guide6] run data merge entity @s { transformation: [-0.0101f,-0.1828f,0.9831f,-0.1406f,-0.3231f,-0.9298f,-0.1762f,-1.25f,0.9463f,-0.3194f,-0.0497f,-0.1875f,0f,0f,0f,1f], start_interpolation: -1 }
execute on passengers if entity @s[tag=aj.boss_1.node.guide31] run data merge entity @s { transformation: [0.9652f,-0.1579f,0.2084f,-0.3062f,-0.1518f,-0.9874f,-0.045f,-1.4062f,0.2129f,0.0118f,-0.977f,-0.1938f,0f,0f,0f,1f], start_interpolation: -1 }
execute on passengers if entity @s[tag=aj.boss_1.node.guide32] run data merge entity @s { transformation: [0.9478f,-0.2586f,0.1866f,-0.2906f,-0.2373f,-0.9628f,-0.1294f,-1.2656f,0.2131f,0.0784f,-0.9739f,-0.1625f,0f,0f,0f,1f], start_interpolation: -1 }
execute on passengers if entity @s[tag=aj.boss_1.node.guide4] run data merge entity @s { transformation: [0.9427f,-0.2697f,0.1963f,-0.2656f,-0.2665f,-0.9629f,-0.0432f,-1.125f,0.2006f,-0.0115f,-0.9796f,-0.0781f,0f,0f,0f,1f], start_interpolation: -1 }
execute on passengers if entity @s[tag=aj.boss_1.node.guide33] run data merge entity @s { transformation: [0.9478f,-0.2586f,0.1866f,-0.2906f,-0.2373f,-0.9628f,-0.1294f,-1.1719f,0.2131f,0.0784f,-0.9739f,-0.1f,0f,0f,0f,1f], start_interpolation: -1 }
execute on passengers if entity @s[tag=aj.boss_1.node.guide3] run data merge entity @s { transformation: [0.943f,-0.2293f,0.2411f,-0.25f,-0.2527f,-0.965f,0.0705f,-1.0937f,0.2164f,-0.1274f,-0.9679f,0f,0f,0f,0f,1f], start_interpolation: -1 }
execute on passengers if entity @s[tag=aj.boss_1.node.guide116] run data merge entity @s { transformation: [-0.9973f,-0.0336f,0.0647f,-0.246f,0.0399f,-0.9943f,0.0992f,-1.0569f,0.061f,0.1015f,0.993f,0.1988f,0f,0f,0f,1f], start_interpolation: -1 }
execute on passengers if entity @s[tag=aj.boss_1.node.guide2] run data merge entity @s { transformation: [0.943f,-0.2588f,0.2091f,-0.2813f,-0.2527f,-0.9659f,-0.056f,-1.0312f,0.2164f,0f,-0.9763f,0.0937f,0f,0f,0f,1f], start_interpolation: -1 }
execute on passengers if entity @s[tag=aj.boss_1.node.guide117] run data merge entity @s { transformation: [0.9662f,-0.2342f,-0.1078f,-0.2656f,-0.239f,-0.9704f,-0.0347f,-1.0312f,-0.0965f,0.0593f,-0.9936f,0.2031f,0f,0f,0f,1f], start_interpolation: -1 }
execute on passengers if entity @s[tag=aj.boss_1.node.guide118] run data merge entity @s { transformation: [0.9193f,-0.1698f,0.3549f,-0.2813f,-0.1242f,-0.9812f,-0.1477f,-0.9687f,0.3733f,0.0917f,-0.9231f,0.2344f,0f,0f,0f,1f], start_interpolation: -1 }
execute on passengers if entity @s[tag=aj.boss_1.node.guide49] run data merge entity @s { transformation: [0.7484f,0.1474f,-0.6467f,0.2188f,0.2408f,-0.9689f,0.0578f,-1.4531f,-0.618f,-0.1989f,-0.7606f,-0.2656f,0f,0f,0f,1f], start_interpolation: -1 }
execute on passengers if entity @s[tag=aj.boss_1.node.guide50] run data merge entity @s { transformation: [0.9652f,0.1579f,-0.2084f,0.3063f,0.1518f,-0.9874f,-0.045f,-1.4062f,-0.2129f,0.0118f,-0.977f,-0.1937f,0f,0f,0f,1f], start_interpolation: -1 }
execute on passengers if entity @s[tag=aj.boss_1.node.guide39] run data merge entity @s { transformation: [0.9478f,0.2586f,-0.1866f,0.2906f,0.2373f,-0.9628f,-0.1294f,-1.2656f,-0.2131f,0.0784f,-0.9739f,-0.1625f,0f,0f,0f,1f], start_interpolation: -1 }
execute on passengers if entity @s[tag=aj.boss_1.node.guide51] run data merge entity @s { transformation: [-0.0101f,0.1828f,-0.9831f,0.1406f,0.3231f,-0.9298f,-0.1762f,-1.25f,-0.9463f,-0.3194f,-0.0497f,-0.1875f,0f,0f,0f,1f], start_interpolation: -1 }
execute on passengers if entity @s[tag=aj.boss_1.node.guide52] run data merge entity @s { transformation: [0.8527f,0.1832f,-0.4893f,0.25f,0.2538f,-0.9638f,0.0814f,-1.125f,-0.4567f,-0.1936f,-0.8683f,-0.1875f,0f,0f,0f,1f], start_interpolation: -1 }
execute on passengers if entity @s[tag=aj.boss_1.node.guide38] run data merge entity @s { transformation: [0.9427f,0.2697f,-0.1963f,0.2656f,0.2665f,-0.9629f,-0.0432f,-1.125f,-0.2006f,-0.0115f,-0.9796f,-0.0781f,0f,0f,0f,1f], start_interpolation: -1 }
execute on passengers if entity @s[tag=aj.boss_1.node.guide34] run data merge entity @s { transformation: [0.9478f,0.2586f,-0.1866f,0.2906f,0.2373f,-0.9628f,-0.1294f,-1.1719f,-0.2131f,0.0784f,-0.9739f,-0.1f,0f,0f,0f,1f], start_interpolation: -1 }
execute on passengers if entity @s[tag=aj.boss_1.node.guide37] run data merge entity @s { transformation: [0.943f,0.2293f,-0.2411f,0.25f,0.2527f,-0.965f,0.0705f,-1.0937f,-0.2164f,-0.1274f,-0.9679f,0f,0f,0f,0f,1f], start_interpolation: -1 }
execute on passengers if entity @s[tag=aj.boss_1.node.guide95] run data merge entity @s { transformation: [-0.9973f,0.0336f,-0.0647f,0.246f,-0.0399f,-0.9943f,0.0992f,-1.0569f,-0.061f,0.1015f,0.993f,0.1988f,0f,0f,0f,1f], start_interpolation: -1 }
execute on passengers if entity @s[tag=aj.boss_1.node.guide36] run data merge entity @s { transformation: [0.943f,0.2588f,-0.2091f,0.2812f,0.2527f,-0.9659f,-0.056f,-1.0312f,-0.2164f,0f,-0.9763f,0.0938f,0f,0f,0f,1f], start_interpolation: -1 }
execute on passengers if entity @s[tag=aj.boss_1.node.guide35] run data merge entity @s { transformation: [-0.9585f,0.1771f,0.2235f,0.3125f,-0.168f,-0.984f,0.0592f,-1.0156f,0.2304f,0.0192f,0.9729f,0.1563f,0f,0f,0f,1f], start_interpolation: -1 }
execute on passengers if entity @s[tag=aj.boss_1.node.guide53] run data merge entity @s { transformation: [0.9662f,0.2342f,0.1078f,0.2656f,0.239f,-0.9704f,-0.0347f,-1.0312f,0.0965f,0.0593f,-0.9936f,0.2031f,0f,0f,0f,1f], start_interpolation: -1 }
execute on passengers if entity @s[tag=aj.boss_1.node.guide54] run data merge entity @s { transformation: [0.9193f,0.1698f,-0.3549f,0.2812f,0.1242f,-0.9812f,-0.1477f,-0.9687f,-0.3733f,0.0917f,-0.9231f,0.2344f,0f,0f,0f,1f], start_interpolation: -1 }
execute on passengers if entity @s[tag=aj.boss_1.node.guide55] run data merge entity @s { transformation: [0.9803f,0.0451f,0.1922f,0.3031f,0.0605f,-0.9953f,-0.0751f,-0.9844f,0.188f,0.0853f,-0.9785f,0.2813f,0f,0f,0f,1f], start_interpolation: -1 }
execute on passengers if entity @s[tag=aj.boss_1.node.guide119] run data merge entity @s { transformation: [0.9803f,-0.0451f,-0.1922f,-0.3031f,-0.0605f,-0.9953f,-0.0751f,-0.9844f,-0.188f,0.0853f,-0.9785f,0.2812f,0f,0f,0f,1f], start_interpolation: -1 }
execute on passengers if entity @s[tag=aj.boss_1.node.guide20] run data merge entity @s { transformation: [-0.0078f,-0.0112f,0.9999f,0.2281f,-0.1106f,-0.9938f,-0.012f,-1.5469f,0.9938f,-0.1107f,0.0065f,-0.3219f,0f,0f,0f,1f], start_interpolation: -1 }
execute on passengers if entity @s[tag=aj.boss_1.node.guide96] run data merge entity @s { transformation: [-0.9585f,-0.1771f,-0.2235f,-0.3125f,0.168f,-0.984f,0.0592f,-1.0156f,-0.2304f,0.0192f,0.9729f,0.1562f,0f,0f,0f,1f], start_interpolation: -1 }
execute on passengers if entity @s[tag=aj.boss_1.node.guide97] run data merge entity @s { transformation: [-0.0078f,0.0112f,-0.9999f,-0.2281f,0.1106f,-0.9938f,-0.012f,-1.5469f,-0.9938f,-0.1107f,0.0065f,-0.3219f,0f,0f,0f,1f], start_interpolation: -1 }
execute on passengers if entity @s[tag=aj.boss_1.node.hair] run data merge entity @s { transformation: [-1f,0f,0f,0f,0f,1f,0f,-1f,0f,0f,-1f,0.25f,0f,0f,0f,1f], start_interpolation: -1 }
execute on passengers if entity @s[tag=aj.boss_1.node.layer] run data merge entity @s { transformation: [-1f,0f,0f,0f,0f,1f,0f,-1.3594f,0f,0f,-1f,0.125f,0f,0f,0f,1f], start_interpolation: -1 }
execute on passengers if entity @s[tag=aj.boss_1.node.head1] run data merge entity @s { transformation: [-1f,0f,0f,0f,0f,1f,0f,-1.3594f,0f,0f,-1f,0.125f,0f,0f,0f,1f], start_interpolation: -1 }
execute on passengers if entity @s[tag=aj.boss_1.node.group] run data merge entity @s { transformation: [-1f,0f,0f,0f,0f,1f,0f,-2.3594f,0f,0f,-1f,0.125f,0f,0f,0f,1f], start_interpolation: -1 }
execute on passengers if entity @s[tag=aj.boss_1.node.blade] run data merge entity @s { transformation: [-1f,0f,0f,-0.375f,0f,1f,0f,-1.3437f,0f,0f,-1f,0f,0f,0f,0f,1f], start_interpolation: -1 }