# This file was generated by Animated Java via MC-Build. It is not recommended to edit this file directly.
execute on passengers if entity @s[tag=aj.selena.node.body] run data merge entity @s { transformation: [-1f,0f,0f,0f,0f,1f,0f,1.5f,0f,0f,-1f,0f,0f,0f,0f,1f], start_interpolation: -1 }
execute on passengers if entity @s[tag=aj.selena.node.right_arm] run data merge entity @s { transformation: [-1f,0f,0f,-0.3125f,0f,1f,0f,1.375f,0f,0f,-1f,0f,0f,0f,0f,1f], start_interpolation: -1 }
execute on passengers if entity @s[tag=aj.selena.node.left_arm] run data merge entity @s { transformation: [-1f,0f,0f,0.3125f,0f,1f,0f,1.375f,0f,0f,-1f,0f,0f,0f,0f,1f], start_interpolation: -1 }
execute on passengers if entity @s[tag=aj.selena.node.right_leg] run data merge entity @s { transformation: [-1f,0f,0f,-0.1187f,0f,1f,0f,0.75f,0f,0f,-1f,0f,0f,0f,0f,1f], start_interpolation: -1 }
execute on passengers if entity @s[tag=aj.selena.node.left_leg] run data merge entity @s { transformation: [-1f,0f,0f,0.1188f,0f,1f,0f,0.75f,0f,0f,-1f,0f,0f,0f,0f,1f], start_interpolation: -1 }
execute on passengers if entity @s[tag=aj.selena.node.layer] run data merge entity @s { transformation: [-1f,0f,0f,0f,0f,1f,0f,1.4688f,0f,0f,-1f,0.0313f,0f,0f,0f,1f], start_interpolation: -1 }
execute on passengers if entity @s[tag=aj.selena.node.l_1] run data merge entity @s { transformation: [-1f,0f,0f,-0.1094f,0f,1f,0f,1.5781f,0f,0f,-1f,0.2797f,0f,0f,0f,1f], start_interpolation: -1 }
execute on passengers if entity @s[tag=aj.selena.node.eye_l] run data merge entity @s { transformation: [-1f,0f,0f,0f,0f,1f,0f,1.4688f,0f,0f,-1f,0.0313f,0f,0f,0f,1f], start_interpolation: -1 }
execute on passengers if entity @s[tag=aj.selena.node.r_1] run data merge entity @s { transformation: [-1f,0f,0f,0.1094f,0f,1f,0f,1.5781f,0f,0f,-1f,0.2797f,0f,0f,0f,1f], start_interpolation: -1 }
execute on passengers if entity @s[tag=aj.selena.node.eye_r] run data merge entity @s { transformation: [-1f,0f,0f,0.125f,0f,1f,0f,1.5938f,0f,0f,-1f,0.2734f,0f,0f,0f,1f], start_interpolation: -1 }
execute on passengers if entity @s[tag=aj.selena.node.eyes_down] run data merge entity @s { transformation: [-1f,0f,0f,0f,0f,1f,0f,1.5f,0f,0f,-1f,0.0313f,0f,0f,0f,1f], start_interpolation: -1 }
execute on passengers if entity @s[tag=aj.selena.node.eyes_up] run data merge entity @s { transformation: [-1f,0f,0f,0f,0f,1f,0f,1.6875f,0f,0f,-1f,0.0313f,0f,0f,0f,1f], start_interpolation: -1 }
execute on passengers if entity @s[tag=aj.selena.node.bone] run data merge entity @s { transformation: [-1f,0f,0f,0f,0f,1f,0f,1.4688f,0f,0f,-1f,0.0313f,0f,0f,0f,1f], start_interpolation: -1 }
execute on passengers if entity @s[tag=aj.selena.node.l] run data merge entity @s { transformation: [-1f,0f,0f,-0.125f,0f,1f,0f,1.6797f,0f,0f,-1f,0.2875f,0f,0f,0f,1f], start_interpolation: -1 }
execute on passengers if entity @s[tag=aj.selena.node.r] run data merge entity @s { transformation: [-1f,0f,0f,0.125f,0f,1f,0f,1.6797f,0f,0f,-1f,0.2875f,0f,0f,0f,1f], start_interpolation: -1 }
execute on passengers if entity @s[tag=aj.selena.node.eyebrow] run data merge entity @s { transformation: [-1f,0f,0f,0f,0f,1f,0f,1.4688f,0f,0f,-1f,0.0313f,0f,0f,0f,1f], start_interpolation: -1 }
execute on passengers if entity @s[tag=aj.selena.node.face] run data merge entity @s { transformation: [-1f,0f,0f,0f,0f,1f,0f,1.4688f,0f,0f,-1f,0.0313f,0f,0f,0f,1f], start_interpolation: -1 }
execute on passengers if entity @s[tag=aj.selena.node.head] run data merge entity @s { transformation: [-1f,0f,0f,0f,0f,1f,0f,1.4688f,0f,0f,-1f,0.0313f,0f,0f,0f,1f], start_interpolation: -1 }
execute on passengers if entity @s[tag=aj.selena.node.group] run data merge entity @s { transformation: [-1f,0f,0f,0f,0f,1f,0f,0.5f,0f,0f,-1f,0f,0f,0f,0f,1f], start_interpolation: -1 }
execute on passengers if entity @s[tag=aj.selena.node.guide13] run data merge entity @s { transformation: [-0.0068f,-0.0119f,0.9999f,0.25f,-0.0236f,-0.9997f,-0.012f,1.9063f,0.9997f,-0.0236f,0.0065f,-0.3125f,0f,0f,0f,1f], start_interpolation: -1 }
execute on passengers if entity @s[tag=aj.selena.node.guide9] run data merge entity @s { transformation: [0.5294f,-0.2333f,0.8156f,-0.2281f,-0.2446f,-0.9626f,-0.1166f,1.125f,0.8123f,-0.1378f,-0.5667f,-0.4281f,0f,0f,0f,1f], start_interpolation: -1 }
execute on passengers if entity @s[tag=aj.selena.node.guide10] run data merge entity @s { transformation: [0.2912f,-0.0646f,0.9545f,-0.25f,-0.2987f,-0.954f,0.0266f,0.9531f,0.9088f,-0.2929f,-0.2971f,-0.4375f,0f,0f,0f,1f], start_interpolation: -1 }
execute on passengers if entity @s[tag=aj.selena.node.guide18] run data merge entity @s { transformation: [-0.0078f,-0.0112f,0.9999f,0.2281f,-0.1106f,-0.9938f,-0.012f,1.2656f,0.9938f,-0.1107f,0.0065f,-0.4469f,0f,0f,0f,1f], start_interpolation: -1 }
execute on passengers if entity @s[tag=aj.selena.node.guide21] run data merge entity @s { transformation: [-0.0068f,-0.0119f,0.9999f,0.1969f,-0.0236f,-0.9997f,-0.012f,0.5313f,0.9997f,-0.0236f,0.0065f,-0.5562f,0f,0f,0f,1f], start_interpolation: -1 }
execute on passengers if entity @s[tag=aj.selena.node.guide22] run data merge entity @s { transformation: [-0.0057f,-0.0124f,0.9999f,0.1656f,0.0637f,-0.9979f,-0.012f,0.375f,0.998f,0.0636f,0.0065f,-0.5562f,0f,0f,0f,1f], start_interpolation: -1 }
execute on passengers if entity @s[tag=aj.selena.node.guide23] run data merge entity @s { transformation: [0.3373f,0.0757f,0.9384f,-0.2344f,-0.1871f,-0.9715f,0.1457f,0.7656f,0.9226f,-0.2247f,-0.3135f,-0.5f,0f,0f,0f,1f], start_interpolation: -1 }
execute on passengers if entity @s[tag=aj.selena.node.guide24] run data merge entity @s { transformation: [0.2352f,-0.0909f,0.9677f,-0.1719f,-0.1387f,-0.9886f,-0.0591f,0.5625f,0.962f,-0.1203f,-0.2452f,-0.5625f,0f,0f,0f,1f], start_interpolation: -1 }
execute on passengers if entity @s[tag=aj.selena.node.guide25] run data merge entity @s { transformation: [0.7787f,-0.2355f,0.5816f,-0.2969f,-0.236f,-0.9688f,-0.0763f,0.5781f,0.5814f,-0.0778f,-0.8099f,-0.5312f,0f,0f,0f,1f], start_interpolation: -1 }
execute on passengers if entity @s[tag=aj.selena.node.guide26] run data merge entity @s { transformation: [0.9265f,-0.2305f,0.2976f,-0.3906f,-0.2133f,-0.9729f,-0.0895f,0.625f,0.3102f,0.0195f,-0.9505f,-0.4531f,0f,0f,0f,1f], start_interpolation: -1 }
execute on passengers if entity @s[tag=aj.selena.node.guide27] run data merge entity @s { transformation: [0.8574f,-0.2037f,0.4726f,-0.3375f,-0.2093f,-0.977f,-0.0414f,0.7969f,0.4702f,-0.0634f,-0.8803f,-0.4906f,0f,0f,0f,1f], start_interpolation: -1 }
execute on passengers if entity @s[tag=aj.selena.node.guide28] run data merge entity @s { transformation: [0.9078f,-0.2636f,0.3263f,-0.3375f,-0.2295f,-0.9632f,-0.1398f,0.8438f,0.3511f,0.052f,-0.9349f,-0.4281f,0f,0f,0f,1f], start_interpolation: -1 }
execute on passengers if entity @s[tag=aj.selena.node.guide29] run data merge entity @s { transformation: [0.9078f,-0.2029f,0.3671f,-0.3062f,-0.2295f,-0.9729f,0.0296f,1f,0.3511f,-0.1111f,-0.9297f,-0.3656f,0f,0f,0f,1f], start_interpolation: -1 }
execute on passengers if entity @s[tag=aj.selena.node.guide30] run data merge entity @s { transformation: [0.9652f,-0.1579f,0.2084f,-0.3062f,-0.1518f,-0.9874f,-0.045f,1.2344f,0.2129f,0.0118f,-0.977f,-0.3656f,0f,0f,0f,1f], start_interpolation: -1 }
execute on passengers if entity @s[tag=aj.selena.node.guide46] run data merge entity @s { transformation: [-0.0078f,-0.0112f,0.9999f,0.2281f,-0.1106f,-0.9938f,-0.012f,1.0156f,0.9938f,-0.1107f,0.0065f,-0.4937f,0f,0f,0f,1f], start_interpolation: -1 }
execute on passengers if entity @s[tag=aj.selena.node.guide94] run data merge entity @s { transformation: [-0.0078f,0.0112f,-0.9999f,-0.2281f,0.1106f,-0.9938f,-0.012f,1.0156f,-0.9938f,-0.1107f,0.0065f,-0.4938f,0f,0f,0f,1f], start_interpolation: -1 }
execute on passengers if entity @s[tag=aj.selena.node.bone2] run data merge entity @s { transformation: [-1f,0f,0f,0f,0f,1f,0f,1.625f,0f,0f,-1f,0f,0f,0f,0f,1f], start_interpolation: -1 }
execute on passengers if entity @s[tag=aj.selena.node.guide15] run data merge entity @s { transformation: [0.2352f,0.0909f,-0.9677f,0.1719f,0.1387f,-0.9886f,-0.0591f,0.5625f,-0.962f,-0.1203f,-0.2452f,-0.5625f,0f,0f,0f,1f], start_interpolation: -1 }
execute on passengers if entity @s[tag=aj.selena.node.guide19] run data merge entity @s { transformation: [0.7787f,0.2355f,-0.5816f,0.2969f,0.236f,-0.9688f,-0.0763f,0.5781f,-0.5814f,-0.0778f,-0.8099f,-0.5312f,0f,0f,0f,1f], start_interpolation: -1 }
execute on passengers if entity @s[tag=aj.selena.node.guide43] run data merge entity @s { transformation: [0.9265f,0.2305f,-0.2976f,0.3906f,0.2133f,-0.9729f,-0.0895f,0.625f,-0.3102f,0.0195f,-0.9505f,-0.4531f,0f,0f,0f,1f], start_interpolation: -1 }
execute on passengers if entity @s[tag=aj.selena.node.guide44] run data merge entity @s { transformation: [0.8574f,0.2037f,-0.4726f,0.3375f,0.2093f,-0.977f,-0.0414f,0.7969f,-0.4702f,-0.0634f,-0.8803f,-0.4906f,0f,0f,0f,1f], start_interpolation: -1 }
execute on passengers if entity @s[tag=aj.selena.node.guide45] run data merge entity @s { transformation: [0.3373f,-0.0757f,-0.9384f,0.2344f,0.1871f,-0.9715f,0.1457f,0.7656f,-0.9226f,-0.2247f,-0.3135f,-0.5f,0f,0f,0f,1f], start_interpolation: -1 }
execute on passengers if entity @s[tag=aj.selena.node.guide47] run data merge entity @s { transformation: [0.9078f,0.2636f,-0.3263f,0.3375f,0.2295f,-0.9632f,-0.1398f,0.8438f,-0.3511f,0.052f,-0.9349f,-0.4281f,0f,0f,0f,1f], start_interpolation: -1 }
execute on passengers if entity @s[tag=aj.selena.node.guide48] run data merge entity @s { transformation: [0.2912f,0.0646f,-0.9545f,0.25f,0.2987f,-0.954f,0.0266f,0.9531f,-0.9088f,-0.2929f,-0.2971f,-0.4375f,0f,0f,0f,1f], start_interpolation: -1 }
execute on passengers if entity @s[tag=aj.selena.node.guide42] run data merge entity @s { transformation: [0.5294f,0.2333f,-0.8156f,0.2281f,0.2446f,-0.9626f,-0.1166f,1.125f,-0.8123f,-0.1378f,-0.5667f,-0.4281f,0f,0f,0f,1f], start_interpolation: -1 }
execute on passengers if entity @s[tag=aj.selena.node.guide41] run data merge entity @s { transformation: [0.9652f,0.1579f,-0.2084f,0.3063f,0.1518f,-0.9874f,-0.045f,1.2344f,-0.2129f,0.0118f,-0.977f,-0.3656f,0f,0f,0f,1f], start_interpolation: -1 }
execute on passengers if entity @s[tag=aj.selena.node.guide40] run data merge entity @s { transformation: [0.9078f,0.2029f,-0.3671f,0.3063f,0.2295f,-0.9729f,0.0296f,1f,-0.3511f,-0.1111f,-0.9297f,-0.3656f,0f,0f,0f,1f], start_interpolation: -1 }
execute on passengers if entity @s[tag=aj.selena.node.guide91] run data merge entity @s { transformation: [-0.0078f,0.0112f,-0.9999f,-0.2281f,0.1106f,-0.9938f,-0.012f,0.7656f,-0.9938f,-0.1107f,0.0065f,-0.5406f,0f,0f,0f,1f], start_interpolation: -1 }
execute on passengers if entity @s[tag=aj.selena.node.guide61] run data merge entity @s { transformation: [-0.0078f,0.0112f,-0.9999f,-0.2281f,0.1106f,-0.9938f,-0.012f,1.2656f,-0.9938f,-0.1107f,0.0065f,-0.4469f,0f,0f,0f,1f], start_interpolation: -1 }
execute on passengers if entity @s[tag=aj.selena.node.guide90] run data merge entity @s { transformation: [-0.0068f,0.0119f,-0.9999f,-0.1969f,0.0236f,-0.9997f,-0.012f,0.5313f,-0.9997f,-0.0236f,0.0065f,-0.5562f,0f,0f,0f,1f], start_interpolation: -1 }
execute on passengers if entity @s[tag=aj.selena.node.guide92] run data merge entity @s { transformation: [-0.0057f,0.0124f,-0.9999f,-0.1656f,-0.0637f,-0.9979f,-0.012f,0.375f,-0.998f,0.0636f,0.0065f,-0.5562f,0f,0f,0f,1f], start_interpolation: -1 }
execute on passengers if entity @s[tag=aj.selena.node.guide93] run data merge entity @s { transformation: [-0.0078f,-0.0112f,0.9999f,0.2281f,-0.1106f,-0.9938f,-0.012f,0.7656f,0.9938f,-0.1107f,0.0065f,-0.5406f,0f,0f,0f,1f], start_interpolation: -1 }
execute on passengers if entity @s[tag=aj.selena.node.hair_2] run data merge entity @s { transformation: [-1f,0f,0f,0f,0f,1f,0f,1.0625f,0f,0f,-1f,-0.375f,0f,0f,0f,1f], start_interpolation: -1 }
execute on passengers if entity @s[tag=aj.selena.node.guide57] run data merge entity @s { transformation: [-0.0078f,0.0112f,-0.9999f,-0.1406f,0.1106f,-0.9938f,-0.012f,1.7813f,-0.9938f,-0.1107f,0.0065f,-0.3437f,0f,0f,0f,1f], start_interpolation: -1 }
execute on passengers if entity @s[tag=aj.selena.node.guide58] run data merge entity @s { transformation: [-0.0068f,0.0119f,-0.9999f,-0.25f,0.0236f,-0.9997f,-0.012f,1.9063f,-0.9997f,-0.0236f,0.0065f,-0.3125f,0f,0f,0f,1f], start_interpolation: -1 }
execute on passengers if entity @s[tag=aj.selena.node.guide17] run data merge entity @s { transformation: [-0.0078f,-0.0112f,0.9999f,0.2031f,-0.1106f,-0.9938f,-0.012f,1.5f,0.9938f,-0.1107f,0.0065f,-0.4062f,0f,0f,0f,1f], start_interpolation: -1 }
execute on passengers if entity @s[tag=aj.selena.node.guide89] run data merge entity @s { transformation: [-0.0078f,0.0112f,-0.9999f,-0.2031f,0.1106f,-0.9938f,-0.012f,1.5f,-0.9938f,-0.1107f,0.0065f,-0.4062f,0f,0f,0f,1f], start_interpolation: -1 }
execute on passengers if entity @s[tag=aj.selena.node.guide11] run data merge entity @s { transformation: [-0.0078f,-0.0112f,0.9999f,0.1719f,-0.1106f,-0.9938f,-0.012f,1.6875f,0.9938f,-0.1107f,0.0065f,-0.375f,0f,0f,0f,1f], start_interpolation: -1 }
execute on passengers if entity @s[tag=aj.selena.node.guide60] run data merge entity @s { transformation: [-0.0078f,0.0112f,-0.9999f,-0.1719f,0.1106f,-0.9938f,-0.012f,1.6875f,-0.9938f,-0.1107f,0.0065f,-0.375f,0f,0f,0f,1f], start_interpolation: -1 }
execute on passengers if entity @s[tag=aj.selena.node.guide12] run data merge entity @s { transformation: [-0.0078f,-0.0112f,0.9999f,0.1406f,-0.1106f,-0.9938f,-0.012f,1.7813f,0.9938f,-0.1107f,0.0065f,-0.3437f,0f,0f,0f,1f], start_interpolation: -1 }
execute on passengers if entity @s[tag=aj.selena.node.guide7] run data merge entity @s { transformation: [0.7484f,-0.1474f,0.6467f,-0.2187f,-0.2408f,-0.9689f,0.0578f,1.3594f,0.618f,-0.1989f,-0.7606f,-0.3906f,0f,0f,0f,1f], start_interpolation: -1 }
execute on passengers if entity @s[tag=aj.selena.node.guide6] run data merge entity @s { transformation: [-0.0101f,-0.1828f,0.9831f,-0.1406f,-0.3231f,-0.9298f,-0.1762f,1.5625f,0.9463f,-0.3194f,-0.0497f,-0.3125f,0f,0f,0f,1f], start_interpolation: -1 }
execute on passengers if entity @s[tag=aj.selena.node.guide31] run data merge entity @s { transformation: [0.9652f,-0.1579f,0.2084f,-0.3062f,-0.1518f,-0.9874f,-0.045f,1.4063f,0.2129f,0.0118f,-0.977f,-0.3188f,0f,0f,0f,1f], start_interpolation: -1 }
execute on passengers if entity @s[tag=aj.selena.node.guide49] run data merge entity @s { transformation: [0.7484f,0.1474f,-0.6467f,0.2188f,0.2408f,-0.9689f,0.0578f,1.3594f,-0.618f,-0.1989f,-0.7606f,-0.3906f,0f,0f,0f,1f], start_interpolation: -1 }
execute on passengers if entity @s[tag=aj.selena.node.guide50] run data merge entity @s { transformation: [0.9652f,0.1579f,-0.2084f,0.3063f,0.1518f,-0.9874f,-0.045f,1.4063f,-0.2129f,0.0118f,-0.977f,-0.3187f,0f,0f,0f,1f], start_interpolation: -1 }
execute on passengers if entity @s[tag=aj.selena.node.guide51] run data merge entity @s { transformation: [-0.0101f,0.1828f,-0.9831f,0.1406f,0.3231f,-0.9298f,-0.1762f,1.5625f,-0.9463f,-0.3194f,-0.0497f,-0.3125f,0f,0f,0f,1f], start_interpolation: -1 }
execute on passengers if entity @s[tag=aj.selena.node.guide20] run data merge entity @s { transformation: [-0.0078f,-0.0112f,0.9999f,0.2281f,-0.1106f,-0.9938f,-0.012f,1.2656f,0.9938f,-0.1107f,0.0065f,-0.4469f,0f,0f,0f,1f], start_interpolation: -1 }
execute on passengers if entity @s[tag=aj.selena.node.guide97] run data merge entity @s { transformation: [-0.0078f,0.0112f,-0.9999f,-0.2281f,0.1106f,-0.9938f,-0.012f,1.2656f,-0.9938f,-0.1107f,0.0065f,-0.4469f,0f,0f,0f,1f], start_interpolation: -1 }
execute on passengers if entity @s[tag=aj.selena.node.hair] run data merge entity @s { transformation: [-1f,0f,0f,0f,0f,1f,0f,1.8125f,0f,0f,-1f,0.125f,0f,0f,0f,1f], start_interpolation: -1 }