# This file was generated by Animated Java via MC-Build. It is not recommended to edit this file directly.
$data merge entity $(bone_layer) {transformation: [-1.001f,0f,0f,0f,0f,1.001f,0f,1.3438f,0f,0f,-1.001f,0.0938f,0f,0f,0f,1f],start_interpolation: 0,interpolation_duration: 1}
$data merge entity $(bone_head) {transformation: [-1f,0f,0f,0f,0f,1f,0f,1.3438f,0f,0f,-1f,0.0938f,0f,0f,0f,1f],start_interpolation: 0,interpolation_duration: 1}
$data merge entity $(bone_6) {transformation: [-0.9952f,-0.0842f,-0.0226f,0.1487f,-0.0857f,0.9925f,0.0864f,0.3821f,0.0151f,0.0875f,-0.9951f,0.0629f,0f,0f,0f,1f],start_interpolation: 0,interpolation_duration: 1}
$data merge entity $(bone_12) {transformation: [-0.9952f,-0.0872f,0f,0.1188f,-0.0857f,0.9811f,-0.1735f,0.7193f,0.0151f,-0.173f,-0.9838f,0.0034f,0f,0f,0f,1f],start_interpolation: 0,interpolation_duration: 1}
$data merge entity $(bone_10) {transformation: [-0.999f,0f,0f,0f,0f,0.999f,0.0436f,1.0992f,0f,0.0436f,-0.998f,0.0251f,0f,0f,0f,1f],start_interpolation: 0,interpolation_duration: 1}
$data merge entity $(bone_9) {transformation: [-1f,0f,0f,0f,0f,0.9848f,0.1736f,1.4531f,0f,0.1736f,-0.9848f,0.0875f,0f,0f,0f,1f],start_interpolation: 0,interpolation_duration: 1}
$data merge entity $(bone_2) {transformation: [0.9739f,0.1539f,0.0637f,-0.3719f,-0.163f,0.9579f,0.1888f,1.0415f,-0.0323f,-0.196f,0.9689f,0.0335f,0f,0f,0f,1f],start_interpolation: 0,interpolation_duration: 1}
$data merge entity $(bone_1) {transformation: [0.9749f,0.1664f,-0.0073f,-0.3148f,-0.1632f,0.948f,-0.2337f,1.3659f,-0.0323f,0.2318f,0.961f,0.1192f,0f,0f,0f,1f],start_interpolation: 0,interpolation_duration: 1}
$data merge entity $(bone_4) {transformation: [-0.9782f,-0.0643f,0.1248f,0.3919f,-0.0952f,0.9685f,-0.228f,1.0697f,-0.1068f,-0.2321f,-0.9557f,0.0562f,0f,0f,0f,1f],start_interpolation: 0,interpolation_duration: 1}
$data merge entity $(bone_3) {transformation: [-0.9792f,-0.111f,0.0859f,0.3572f,-0.0953f,0.9741f,0.2027f,1.3741f,-0.1069f,0.1935f,-0.9642f,0.1167f,0f,0f,0f,1f],start_interpolation: 0,interpolation_duration: 1}
$data merge entity $(bone_8) {transformation: [-0.9958f,0.049f,0.0635f,-0.1516f,0.0536f,0.9954f,0.0789f,0.3927f,-0.0593f,0.0821f,-0.9939f,0.0628f,0f,0f,0f,1f],start_interpolation: 0,interpolation_duration: 1}
$data merge entity $(bone_7) {transformation: [-0.9958f,0.0593f,0.054f,-0.1312f,0.0536f,0.994f,-0.0952f,0.7344f,-0.0593f,-0.0917f,-0.993f,0.0312f,0f,0f,0f,1f],start_interpolation: 0,interpolation_duration: 1}
$data merge entity $(item_display_item_display) {transformation: [0f,0f,0f,0f,0f,0f,0f,0f,0f,0f,0f,0f,0f,0f,0f,1f],start_interpolation: 0,interpolation_duration: 1}
$data merge entity $(block_display_block_display) {transformation: [-1f,0f,0f,0f,0f,1f,0f,0f,0f,0f,-1f,0f,0f,0f,0f,1f],start_interpolation: 0,interpolation_duration: 1}
data modify entity @s data merge value {"cameras":{"camera3":{"posx":0,"posy":0,"posz":0,"roty":0,"rotx":0}},"locators":{}}