# This file was generated by Animated Java via MC-Build. It is not recommended to edit this file directly.
$data merge entity $(bone_chain13) { transformation: [-0.6322057930747484f,-0.3329418243174347f,0.6996181650178239f,4.035200331951143f,-0.7683886810596079f,0.38534514401309183f,-0.510967665126675f,-4.30384203477183f,-0.09947195595847325f,-0.860615397030351f,-0.4994461616351531f,-0.7879758453579303f,0f,0f,0f,1f], start_interpolation: 0, interpolation_duration: 1 }
$data merge entity $(bone_chain14) { transformation: [-0.27617798203844446f,0.8272403133341459f,0.48928436131966935f,3.370321311089551f,0.9593702585121636f,0.26786799070838974f,0.08863095754957323f,-6.278624561917072f,-0.057744517657323274f,0.4938827832073862f,-0.8676089943815988f,-3.16764795609966f,0f,0f,0f,1f], start_interpolation: 0, interpolation_duration: 1 }
$data merge entity $(bone_chain15) { transformation: [0.3383305583921489f,0.17426981496464572f,0.9247499472020777f,3.119843189181365f,0.5135231720771892f,-0.8576741430884531f,-0.02624911459972515f,-7.301871279691443f,0.788559690193354f,0.4837614038652487f,-0.37966895992757355f,0.7484282987342136f,0f,0f,0f,1f], start_interpolation: 0, interpolation_duration: 1 }
$data merge entity $(bone_chain16) { transformation: [0.28316071544883853f,-0.9589628584252845f,0.014499840940844506f,1.9413209159374198f,-0.8081411313090057f,-0.24671313771632053f,-0.5348275792858556f,-7.516965718423101f,0.5164570854515429f,0.1397242421306186f,-0.8448367978775084f,-2.487096384024457f,0f,0f,0f,1f], start_interpolation: 0, interpolation_duration: 1 }
$data merge entity $(bone_chain9) { transformation: [0.6466534572601733f,0.0364519698135012f,0.7619124359860393f,0.44730994047784034f,-0.6701305641087515f,0.5042852777896323f,0.54462958572953f,-4.124832617025035f,-0.36436840321404285f,-0.8627674150669744f,0.35052539742206934f,4.605078752930548f,0f,0f,0f,1f], start_interpolation: 0, interpolation_duration: 1 }
$data merge entity $(bone_chain10) { transformation: [0.5639360198209087f,-0.8258017178395706f,-0.005261973181795131f,2.500828426120483f,0.8249090374232353f,0.5630045868615663f,0.050506585217260064f,-6.601064602988507f,-0.03874590979733081f,-0.03282313187450869f,0.9987098660211211f,4.895754238060511f,0f,0f,0f,1f], start_interpolation: 0, interpolation_duration: 1 }
$data merge entity $(bone_chain11) { transformation: [-0.7520253864855172f,0.04477285633390799f,-0.657611746714588f,4.276559219575443f,-0.3180058815415306f,-0.8985402257704972f,0.3024859037662693f,-6.7286268550192885f,-0.5773474494498978f,0.436601481912288f,0.6899630922054388f,2.035685458327745f,0f,0f,0f,1f], start_interpolation: 0, interpolation_duration: 1 }
$data merge entity $(bone_chain12) { transformation: [-0.5226523667905278f,-0.6381943612981029f,-0.5652808688568596f,2.7133942744195827f,-0.8267948641621068f,0.5411587227528551f,0.15348449232304084f,-8.006316318383831f,0.20795373543993576f,0.5475903523582248f,-0.8104937075146064f,2.1096502693729806f,0f,0f,0f,1f], start_interpolation: 0, interpolation_duration: 1 }
$data merge entity $(bone_chain5) { transformation: [-0.3034577012530063f,0.40458088135160275f,-0.862686347402694f,-3.08406827597777f,-0.6408831370694349f,0.5833230214534086f,0.4990020613810188f,-7.117137477439119f,0.7051115005233436f,0.7043071510976063f,0.08227520126072248f,3.689870235693038f,0f,0f,0f,1f], start_interpolation: 0, interpolation_duration: 1 }
$data merge entity $(bone_chain6) { transformation: [-0.19116718535056937f,0.3470540049101869f,0.9181550113793102f,-3.2616995511467257f,-0.8570411873549748f,0.3969576044290578f,-0.32848906140557976f,-6.532813212310256f,-0.47847205814166016f,-0.8496929904157995f,0.22155430850231833f,3.8155702993156746f,0f,0f,0f,1f], start_interpolation: 0, interpolation_duration: 1 }
$data merge entity $(bone_chain7) { transformation: [-0.8573830445495619f,0.4997943659758675f,0.12288167746944435f,-3.3986279680497313f,0.4417782513813815f,0.8371509005513315f,-0.3225063508095669f,-6.784142377669685f,-0.2640573640808617f,-0.2222250243444135f,-0.9385572689131932f,3.76009474136385f,0f,0f,0f,1f], start_interpolation: 0, interpolation_duration: 1 }
$data merge entity $(bone_chain8) { transformation: [0.3828096728511912f,-0.7609374422596344f,0.5238615879590041f,-3.6146815251629754f,-0.21967284500898104f,0.47581454171786364f,0.8516715112386227f,-7.935526554395082f,-0.897329702805621f,-0.4411062580118138f,0.014989116237823674f,2.153833120258189f,0f,0f,0f,1f], start_interpolation: 0, interpolation_duration: 1 }
$data merge entity $(bone_chain4) { transformation: [-0.8766597193732183f,-0.0536503914618102f,-0.4781102089732708f,-3.000410311950793f,-0.4745662115592385f,0.2597870417358065f,0.8410098714001342f,-6.439192443807966f,0.07908632798899051f,0.9641744284319892f,-0.25320549812961224f,-1.9839941619151311f,0f,0f,0f,1f], start_interpolation: 0, interpolation_duration: 1 }
$data merge entity $(bone_chain3) { transformation: [0.2904101991709095f,0.7313001558713544f,-0.6171401771397201f,-1.175961817657409f,-0.7546173685022373f,-0.22154670517036482f,-0.6176323215173519f,-6.464990446906747f,-0.5883999858703866f,0.6450714219764259f,0.487512376434733f,-2.189195944132959f,0f,0f,0f,1f], start_interpolation: 0, interpolation_duration: 1 }
$data merge entity $(bone_chain2) { transformation: [-0.7087064504452708f,-0.6375509575705897f,-0.3020992280660265f,-4.672407621660234f,-0.288610141677404f,-0.12873858839807803f,0.9487521077595658f,-8.3838757671389f,-0.6437696429765959f,0.7595756396555213f,-0.09276580417207594f,-4.605823343106165f,0f,0f,0f,1f], start_interpolation: 0, interpolation_duration: 1 }
$data merge entity $(bone_chain) { transformation: [-0.8396307817502564f,-0.4818182208148726f,0.3211878572871111f,-4.668044622081132f,0.4141598399192965f,-0.1470788657303895f,0.9003298183191552f,-6.6962011503550185f,-0.351413968611773f,0.9778645148210736f,0.2936742729227598f,-2.347470130060951f,0f,0f,0f,1f], start_interpolation: 0, interpolation_duration: 1 }