# This file was generated by Animated Java via MC-Build. It is not recommended to edit this file directly.
$data merge entity $(bone_chain13) { transformation: [-0.5692334847618731f,-0.27929180170292445f,0.7732847659998152f,4.064775096394434f,-0.8139124798409954f,0.3244370824204942f,-0.48196167348613805f,-4.329077847549902f,-0.1162743092214944f,-0.9037348444383517f,-0.4119995339354797f,-0.796429661114229f,0f,0f,0f,1f], start_interpolation: 0, interpolation_duration: 1 }
$data merge entity $(bone_chain14) { transformation: [-0.18556242483136312f,0.812399540964515f,0.552787094939227f,3.3903593566298644f,0.9811882094861325f,0.18367929878762246f,0.05942737384644142f,-6.30497612090926f,-0.05325677474370852f,0.5534156675027664f,-0.8312008270606842f,-3.201759862094055f,0f,0f,0f,1f], start_interpolation: 0, interpolation_duration: 1 }
$data merge entity $(bone_chain15) { transformation: [0.39587122259904395f,0.08040617833957311f,0.9147791108255386f,3.1451659582367446f,0.48356944234092913f,-0.8651079499760569f,-0.13322473239720348f,-7.339010079486204f,0.7806705896548305f,0.4950990621815482f,-0.3813533126576071f,0.7598465967862539f,0f,0f,0f,1f], start_interpolation: 0, interpolation_duration: 1 }
$data merge entity $(bone_chain16) { transformation: [0.28757485367297086f,-0.9571158098451308f,-0.03507178466330037f,1.9452301362471942f,-0.7890946689049141f,-0.2160201396212254f,-0.5750346970260753f,-7.535878418372879f,0.54279858791343f,0.19304047716094624f,-0.8173769431153907f,-2.498261819327114f,0f,0f,0f,1f], start_interpolation: 0, interpolation_duration: 1 }
$data merge entity $(bone_chain9) { transformation: [0.6387495620705714f,-0.042129033220064685f,0.7682604646307107f,0.45372584251961834f,-0.6754619729813396f,0.44743901092964516f,0.5861309192957294f,-4.148777089421335f,-0.3684428314010316f,-0.8933215972191894f,0.25734491238597895f,4.656315881503219f,0f,0f,0f,1f], start_interpolation: 0, interpolation_duration: 1 }
$data merge entity $(bone_chain10) { transformation: [0.584234649174116f,-0.808474968971559f,0.07097956924942549f,2.5414717487162255f,0.8095564850167098f,0.5867208146060765f,0.01941605715307554f,-6.646664079254781f,-0.057342586894794115f,0.04611843725039333f,0.9972887833891417f,4.947811992875581f,0f,0f,0f,1f], start_interpolation: 0, interpolation_duration: 1 }
$data merge entity $(bone_chain11) { transformation: [-0.7304833303228042f,0.0020694260369777118f,-0.6829273911598379f,4.310746453537444f,-0.3429949980086313f,-0.8658360448129656f,0.3642559194353608f,-6.747823682676524f,-0.5905493505724682f,0.5003235562898459f,0.6331886003079321f,2.0362793946217472f,0f,0f,0f,1f], start_interpolation: 0, interpolation_duration: 1 }
$data merge entity $(bone_chain12) { transformation: [-0.532233830537942f,-0.5724851353770742f,-0.6236889604628274f,2.7198125665395705f,-0.8170961668182599f,0.5401489305463795f,0.20147701357849432f,-8.02921127781536f,0.22154232959372647f,0.6168467415832686f,-0.7552609440427123f,2.114991322970118f,0f,0f,0f,1f], start_interpolation: 0, interpolation_duration: 1 }
$data merge entity $(bone_chain5) { transformation: [-0.24731393090409642f,0.3518110727750003f,-0.902809386666791f,-3.1137600160220833f,-0.653134560784312f,0.627722523746123f,0.4235323821042277f,-7.185859570158286f,0.7157171683632071f,0.6944014705159411f,0.07453544563126377f,3.734974361917084f,0f,0f,0f,1f], start_interpolation: 0, interpolation_duration: 1 }
$data merge entity $(bone_chain6) { transformation: [-0.23543021492711694f,0.37002191011300634f,0.8986970568193122f,-3.281564155766212f,-0.8226693924153334f,0.416477569943502f,-0.3869903157921934f,-6.577447145551108f,-0.5174820621841474f,-0.8304397749206608f,0.206354296168906f,3.8518789991160847f,0f,0f,0f,1f], start_interpolation: 0, interpolation_duration: 1 }
$data merge entity $(bone_chain7) { transformation: [-0.779103923942004f,0.6011750552125449f,0.1777234612772488f,-3.4122143761190564f,0.5481671760156519f,0.7908575661508002f,-0.2721342631883351f,-6.810918818492819f,-0.3041542747310935f,-0.11459870440902133f,-0.9457046653742257f,3.7916036140677765f,0f,0f,0f,1f], start_interpolation: 0, interpolation_duration: 1 }
$data merge entity $(bone_chain8) { transformation: [0.3469572701092708f,-0.7778381099648739f,0.5240119534939975f,-3.6358013566208234f,-0.21247671591006606f,0.4790021090047052f,0.8517104113283561f,-7.959381605943546f,-0.9134956474523543f,-0.4068474582141532f,0.0009207770018268835f,2.160442220939446f,0f,0f,0f,1f], start_interpolation: 0, interpolation_duration: 1 }
$data merge entity $(bone_chain4) { transformation: [-0.8749881046777258f,-0.03356224540026989f,-0.48297970180554506f,-3.038431661663714f,-0.472818649597221f,0.27375402766423584f,0.8375567186350242f,-6.504312961541634f,0.10410735452186604f,0.9612139761891214f,-0.2554003733614296f,-2.0019408230403433f,0f,0f,0f,1f], start_interpolation: 0, interpolation_duration: 1 }
$data merge entity $(bone_chain3) { transformation: [0.2397760192248729f,0.7250306322277795f,-0.6456299582083072f,-1.1757149127902933f,-0.760121715425498f,-0.2734908410554274f,-0.5894215279385322f,-6.505290874324869f,-0.6039225433309078f,0.632086498977934f,0.4855349827422807f,-2.197421208194146f,0f,0f,0f,1f], start_interpolation: 0, interpolation_duration: 1 }
$data merge entity $(bone_chain2) { transformation: [-0.7527660128992584f,-0.6146135478704993f,-0.2357827741752797f,-4.696261604966929f,-0.22735107312848962f,-0.0934042416133654f,0.969323030364984f,-8.455216074281136f,-0.6177821779325443f,0.7832788995132379f,-0.06942151112049441f,-4.643476356007108f,0f,0f,0f,1f], start_interpolation: 0, interpolation_duration: 1 }
$data merge entity $(bone_chain) { transformation: [-0.8371222177315066f,-0.4877611471628008f,0.3203213757346503f,-4.719133100277791f,0.39383704132350894f,-0.09038625921661012f,0.9155001838635148f,-6.720724555111723f,-0.37962979000840885f,0.9817939638555825f,0.24342068439911055f,-2.359523301214227f,0f,0f,0f,1f], start_interpolation: 0, interpolation_duration: 1 }