# This file was generated by Animated Java via MC-Build. It is not recommended to edit this file directly.
$data merge entity $(bone_chain13) { transformation: [-0.5078020684742466f,-0.21985169564170237f,0.8329479522615709f,4.092507805882963f,-0.8514817562524063f,0.27492635263709264f,-0.44653591053238045f,-4.352153114760552f,-0.13082766535635326f,-0.935991844274902f,-0.3268078784672621f,-0.8042292631621633f,0f,0f,0f,1f], start_interpolation: 0, interpolation_duration: 1 }
$data merge entity $(bone_chain14) { transformation: [-0.10211616199661742f,0.7873652670544511f,0.6079705796297656f,3.409253557241004f,0.9934458949714879f,0.11227002619133508f,0.021463806356187415f,-6.329366990319539f,-0.05135701727495043f,0.6061776781235595f,-0.7936693765802929f,-3.2332364686201958f,0f,0f,0f,1f], start_interpolation: 0, interpolation_duration: 1 }
$data merge entity $(bone_chain15) { transformation: [0.44642214152695286f,-0.005802186244984825f,0.894803669074545f,3.168654526678165f,0.451601998691055f,-0.8618254928264344f,-0.23089489966804727f,-7.373113907687504f,0.7725043082939627f,0.5071717209676144f,-0.3821177032250854f,0.7705086921684542f,0f,0f,0f,1f], start_interpolation: 0, interpolation_duration: 1 }
$data merge entity $(bone_chain16) { transformation: [0.29088513611329475f,-0.9535236007433614f,-0.07860394655336467f,1.9490613720787646f,-0.7711995844657016f,-0.18505319962839192f,-0.6091030407305675f,-7.553400934473632f,0.566248212808022f,0.23779835182925213f,-0.7891862298336255f,-2.508774070919941f,0f,0f,0f,1f], start_interpolation: 0, interpolation_duration: 1 }
$data merge entity $(bone_chain9) { transformation: [0.6308509222644617f,-0.11378289179440162f,0.7675158417993609f,0.45958371154034017f,-0.6808362584202587f,0.3932610954864293f,0.6179058989822934f,-4.170638954230753f,-0.37214124079223054f,-0.9123591202545832f,0.17062160645680902f,4.703680005552382f,0f,0f,0f,1f], start_interpolation: 0, interpolation_duration: 1 }
$data merge entity $(bone_chain10) { transformation: [0.6026079108877995f,-0.7859927085916351f,0.13812736070825377f,2.578605376172062f,0.7946228635555813f,0.606967510690765f,-0.01284311802423685f,-6.688434624239312f,-0.07374422316474216f,0.11749852342323822f,0.9903312004290227f,4.995922546086613f,0f,0f,0f,1f], start_interpolation: 0, interpolation_duration: 1 }
$data merge entity $(bone_chain11) { transformation: [-0.7101758838068961f,-0.042242172031186916f,-0.7027558701008348f,4.342542760775719f,-0.36431994134028345f,-0.832101799454571f,0.4181836626247819f,-6.7656448907809095f,-0.6024294103053952f,0.5530119295698356f,0.5755489652084703f,2.0372415700052517f,0f,0f,0f,1f], start_interpolation: 0, interpolation_duration: 1 }
$data merge entity $(bone_chain12) { transformation: [-0.5404645032632073f,-0.5073950127306003f,-0.6711545438783595f,2.726129227970252f,-0.8082495810085764f,0.5347039041059112f,0.24662593078051923f,-8.050456826921085f,0.23373218758210332f,0.6757529400528057f,-0.6990902863708477f,2.1201602200032097f,0f,0f,0f,1f], start_interpolation: 0, interpolation_duration: 1 }
$data merge entity $(bone_chain5) { transformation: [-0.19456622492963455f,0.29805425370931865f,-0.9345093075846873f,-3.141311274909958f,-0.661332358392155f,0.663752186541669f,0.3493888186599899f,-7.248828200137778f,0.724419419852961f,0.6860005078037001f,0.0679691653101942f,3.7765560486491982f,0f,0f,0f,1f], start_interpolation: 0, interpolation_duration: 1 }
$data merge entity $(bone_chain6) { transformation: [-0.27091982936332154f,0.3950925042041843f,0.8777837770085611f,-3.3002699081128126f,-0.7881857948138887f,0.43243599582170994f,-0.43790668226379537f,-6.6183301795118155f,-0.5525989494301877f,-0.8104943075921958f,0.1942508132526088f,3.885523244802075f,0f,0f,0f,1f], start_interpolation: 0, interpolation_duration: 1 }
$data merge entity $(bone_chain7) { transformation: [-0.6959512890224157f,0.6769175539661506f,0.23965481101059022f,-3.425248926980597f,0.633341678769566f,0.73590939059144f,-0.23940694804596452f,-6.835562424057028f,-0.3384229915968857f,-0.014832193762861129f,-0.9408771890033231f,3.8208434661734465f,0f,0f,0f,1f], start_interpolation: 0, interpolation_duration: 1 }
$data merge entity $(bone_chain8) { transformation: [0.313786825945521f,-0.79210664992736f,0.5235502678863702f,-3.6555898854490225f,-0.20710795846835217f,0.48102299839535834f,0.8518938716494034f,-7.981467892385819f,-0.9266305204352523f,-0.37574450116481234f,-0.013112911282384454f,2.1667629955818546f,0f,0f,0f,1f], start_interpolation: 0, interpolation_duration: 1 }
$data merge entity $(bone_chain4) { transformation: [-0.8736764442759893f,-0.014464806349045886f,-0.4862923401561541f,-3.0734368148612767f,-0.4696656144808603f,0.2858008935212317f,0.8353035734610391f,-6.563843567320738f,0.12690028089637953f,0.9581798467092439f,-0.2564911305848016f,-2.0186242197434603f,0f,0f,0f,1f], start_interpolation: 0, interpolation_duration: 1 }
$data merge entity $(bone_chain3) { transformation: [0.19300524473226816f,0.7166588766006153f,-0.6701858175874669f,-1.1757344694547738f,-0.7626146219859695f,-0.32020873716648457f,-0.5620367452181769f,-6.542262458581449f,-0.6173879767528957f,0.6195695434991857f,0.4847325725894401f,-2.20535968797577f,0f,0f,0f,1f], start_interpolation: 0, interpolation_duration: 1 }
$data merge entity $(bone_chain2) { transformation: [-0.7870595107354542f,-0.5916968921244867f,-0.1744480278223031f,-4.718898996254597f,-0.1690149604218964f,-0.06513077868747835f,0.9834591627623119f,-8.52035507278821f,-0.5932716660303712f,0.8035252139900692f,-0.04874382799659349f,-4.678487718585943f,0f,0f,0f,1f], start_interpolation: 0, interpolation_duration: 1 }
$data merge entity $(bone_chain) { transformation: [-0.8341875717429145f,-0.4949684399379622f,0.3188368175029802f,-4.76614751974401f,0.3740860150507096f,-0.04059191295037434f,0.9266595464348686f,-6.743037664474214f,-0.4052045761009374f,0.981508298522437f,0.19911094597157394f,-2.3707905883795224f,0f,0f,0f,1f], start_interpolation: 0, interpolation_duration: 1 }