# This file was generated by Animated Java via MC-Build. It is not recommended to edit this file directly.
$data merge entity $(bone_chain13) { transformation: [-0.4492482271515568f,-0.15842096798326089f,0.8792490132518942f,4.118331366887796f,-0.881851324135185f,0.23640746735430965f,-0.40798253822944597f,-4.372939566813189f,-0.14322804377007933f,-0.9586523385891088f,-0.24590937598112966f,-0.8113400723083616f,0f,0f,0f,1f], start_interpolation: 0, interpolation_duration: 1 }
$data merge entity $(bone_chain14) { transformation: [-0.02751724758163466f,0.7559307222252684f,0.6540730420079358f,3.426971026273506f,0.9982978450449123f,0.054440638896848526f,-0.02091959404928434f,-6.35169886087487f,-0.0514219181304523f,0.6523840586897313f,-0.7561420675397569f,-3.2619387897596788f,0f,0f,0f,1f], start_interpolation: 0, interpolation_duration: 1 }
$data merge entity $(bone_chain15) { transformation: [0.49015504953601263f,-0.08310328972850267f,0.8676646072363733f,3.190220447765771f,0.41890039755512576f,-0.8504906829114829f,-0.3181006997931892f,-7.4040114414971505f,0.7643758789643396f,0.5193837131803998f,-0.38206030170698657f,0.7803832508072769f,0f,0f,0f,1f], start_interpolation: 0, interpolation_duration: 1 }
$data merge entity $(bone_chain16) { transformation: [0.2933399064294337f,-0.9489624692095122f,-0.11585305920758698f,1.9528257191173286f,-0.7547618300080883f,-0.1555050719157196f,-0.6373011474737265f,-7.569464762204845f,0.5867591322329911f,0.2743873259468675f,-0.7618564931146251f,-2.5186129056384785f,0f,0f,0f,1f], start_interpolation: 0, interpolation_duration: 1 }
$data merge entity $(bone_chain9) { transformation: [0.6229197004301265f,-0.17735643893218916f,0.7619158354997845f,0.4648498822037692f,-0.6863057130261385f,0.34353220365405324f,0.6410694918027793f,-4.1902925707079985f,-0.3754404281423693f,-0.9222420065372661f,0.09227224010715136f,4.746972653178729f,0f,0f,0f,1f], start_interpolation: 0, interpolation_duration: 1 }
$data merge entity $(bone_chain10) { transformation: [0.6190825426048759f,-0.7605406159600019f,0.19574160752651254f,2.612019100451511f,0.7803997198476849f,0.623657008575942f,-0.04503568491499271f,-6.7261535144637055f,-0.08782415785840175f,0.18063750200135173f,0.9796208502105164f,5.039882779430961f,0f,0f,0f,1f], start_interpolation: 0, interpolation_duration: 1 }
$data merge entity $(bone_chain11) { transformation: [-0.6915659580063156f,-0.08672319311168f,-0.7170882884996248f,4.3718390289789895f,-0.38213566102788254f,-0.7985283976977053f,0.4651072291860438f,-6.782025221874099f,-0.6129509460777348f,0.5956773336688665f,0.5190950316228813f,2.0386195199783597f,0f,0f,0f,1f], start_interpolation: 0, interpolation_duration: 1 }
$data merge entity $(bone_chain12) { transformation: [-0.5473128600731629f,-0.44504451120747734f,-0.7087905305819426f,2.732365661436797f,-0.8004315019890734f,0.5257131632274739f,0.28798451457132057f,-8.06997407683005f,0.24445458437519654f,0.7249558973161476f,-0.6439572215019325f,2.1251642058531504f,0f,0f,0f,1f], start_interpolation: 0, interpolation_duration: 1 }
$data merge entity $(bone_chain5) { transformation: [-0.14565553465418501f,0.24481309446605568f,-0.9585671671836864f,-3.166619573655969f,-0.6662147518304357f,0.6920190881489043f,0.27797029712015914f,-7.305709761344585f,0.731397545571568f,0.6790994996431028f,0.06230168469931405f,3.8144269463329614f,0f,0f,0f,1f], start_interpolation: 0, interpolation_duration: 1 }
$data merge entity $(bone_chain6) { transformation: [-0.2987334943788169f,0.421077755214293f,0.8564180190770823f,-3.3177812015554577f,-0.7551676653524361f,0.4443913494818212f,-0.4819109105549252f,-6.655243939628376f,-0.5835067236479565f,-0.7907021263215485f,0.18522972463459958f,3.9163720551944605f,0f,0f,0f,1f], start_interpolation: 0, interpolation_duration: 1 }
$data merge entity $(bone_chain7) { transformation: [-0.6139464600897487f,0.7296469665111369f,0.3011395829251982f,-3.437736307831676f,0.6989328480753083f,0.6798006844115604f,-0.22217988962755372f,-6.857956347665811f,-0.3668277770624853f,0.0740697896221516f,-0.9273354561542041f,3.847705843479517f,0f,0f,0f,1f], start_interpolation: 0, interpolation_duration: 1 }
$data merge entity $(bone_chain8) { transformation: [0.28378408852773185f,-0.8040316062667378f,0.522493796348448f,-3.67399728579605f,-0.20322797704205955f,0.4820844203158243f,0.8522282564173446f,-8.001697162607073f,-0.9371045728443951f,-0.3480341762138955f,-0.02659382900672072f,2.172795326712272f,0f,0f,0f,1f], start_interpolation: 0, interpolation_duration: 1 }
$data merge entity $(bone_chain4) { transformation: [-0.8729443244671549f,0.003681656390208468f,-0.48780595710467406f,-3.1052613423294577f,-0.46503527426575986f,0.29575780392863116f,0.8344276572021584f,-6.61745149476125f,0.14734449453288775f,0.9552558645836926f,-0.2564679962671954f,-2.0339860910773675f,0f,0f,0f,1f], start_interpolation: 0, interpolation_duration: 1 }
$data merge entity $(bone_chain3) { transformation: [0.15049425936315058f,0.7071974677073395f,-0.6908134477317753f,-1.176051335782107f,-0.7627829177983972f,-0.3614558430826432f,-0.5362013556644347f,-6.575715009299056f,-0.6288987980698477f,0.6076359232054513f,0.4850411184802362f,-2.2130199283675056f,0f,0f,0f,1f], start_interpolation: 0, interpolation_duration: 1 }
$data merge entity $(bone_chain2) { transformation: [-0.8127818941376608f,-0.5701671508098732f,-0.11956175266090582f,-4.740298147097726f,-0.11559694436852308f,-0.043306953976884915f,0.9923516786854871f,-8.578918865152431f,-0.5709841845573806f,0.8203864503236235f,-0.030710472330263278f,-4.710736251063784f,0f,0f,0f,1f], start_interpolation: 0, interpolation_duration: 1 }
$data merge entity $(bone_chain) { transformation: [-0.8311430838669137f,-0.5031657199839992f,0.3161724591414028f,-4.808864375903197f,0.35490068463432917f,0.0014845676124661256f,0.9349030337993588f,-6.763002471155897f,-0.42807321591788583f,0.9781728141243695f,0.16121815491201125f,-2.381240406798602f,0f,0f,0f,1f], start_interpolation: 0, interpolation_duration: 1 }