# This file was generated by Animated Java via MC-Build. It is not recommended to edit this file directly.
$data merge entity $(bone_chain13) { transformation: [-0.3947436562972346f,-0.09822860745240716f,0.9135253617120062f,4.142178685880003f,-0.9058603798245052f,0.20783151325686466f,-0.3690840478286279f,-4.391308934117221f,-0.15360474627202714f,-0.9732200176606124f,-0.1710215750932716f,-0.817727509359453f,0f,0f,0f,1f], start_interpolation: 0, interpolation_duration: 1 }
$data merge entity $(bone_chain14) { transformation: [0.036963092659166155f,0.7215721356260424f,0.6913518517145536f,3.4434788770779097f,0.9979180797251076f,0.009936253237333575f,-0.06372422639277195f,-6.3718734233022225f,-0.05285107320408525f,0.6922679567621743f,-0.7197026053179887f,-3.287727839594102f,0f,0f,0f,1f], start_interpolation: 0, interpolation_duration: 1 }
$data merge entity $(bone_chain15) { transformation: [0.5273790483897682f,-0.15078398147572517f,0.8361432474461716f,3.209775274759707f,0.3866331940059098f,-0.8337345056916743f,-0.3942100294409654f,-7.431531358116955f,0.7565620348737372f,0.5311788445988663f,-0.3813960178585022f,0.7894389386291861f,0f,0f,0f,1f], start_interpolation: 0, interpolation_duration: 1 }
$data merge entity $(bone_chain16) { transformation: [0.2951888650906034f,-0.9441264798820723f,-0.14659032680231188f,1.9565342730480844f,-0.7400634174149833f,-0.1289009437328676f,-0.6600686971132874f,-7.584001397046007f,0.6042927040189863f,0.3033310677960025f,-0.7367635924631175f,-2.527758090318269f,0f,0f,0f,1f], start_interpolation: 0, interpolation_duration: 1 }
$data merge entity $(bone_chain9) { transformation: [0.6149158295390856f,-0.23206228903971385f,0.7536747419065515f,0.469490689173668f,-0.6919206180746533f,0.29972472421553514f,0.6568188090920595f,-4.207612298107781f,-0.37831783048839795f,-0.9253713760969537f,0.02373679496019207f,4.785995352482953f,0f,0f,0f,1f], start_interpolation: 0, interpolation_duration: 1 }
$data merge entity $(bone_chain10) { transformation: [0.6336967775163642f,-0.7341907054012227f,0.2437055647042765f,2.641502713518094f,0.7671614258642434f,0.6369407340587696f,-0.07595951528686967f,-6.759598026449565f,-0.09945723116654703f,0.23509680856857781f,0.9668700790538268f,5.079489574645981f,0f,0f,0f,1f], start_interpolation: 0, interpolation_duration: 1 }
$data merge entity $(bone_chain11) { transformation: [-0.6750747407926647f,-0.13005835839836336f,-0.7261948207984132f,4.398526145835975f,-0.396609216298025f,-0.7660193552547208f,0.5058808920315225f,-6.796899418497743f,-0.6220733267800372f,0.6295229708166855f,0.4655379740933623f,2.040460780041172f,0f,0f,0f,1f], start_interpolation: 0, interpolation_duration: 1 }
$data merge entity $(bone_chain12) { transformation: [-0.5527480234623267f,-0.3872393958767573f,-0.7379127813227625f,2.738543269664378f,-0.7938110671675653f,0.5141717464774871f,0.3247944038412327f,-8.087684138671305f,0.25364071479315425f,0.7652927971732746f,-0.5916023346758555f,2.130010525900836f,0f,0f,0f,1f], start_interpolation: 0, interpolation_duration: 1 }
$data merge entity $(bone_chain5) { transformation: [-0.10092186576182674f,0.19339868990361872f,-0.9759158384587862f,-3.189582433274694f,-0.6685120248402479f,0.7132930471719647f,0.2104868202527768f,-7.356170647745702f,0.736821857476516f,0.673654195859936f,0.057302484633386025f,3.848398705411957f,0f,0f,0f,1f], start_interpolation: 0, interpolation_duration: 1 }
$data merge entity $(bone_chain6) { transformation: [-0.320102982097125f,0.4469117972886302f,0.8353465905220264f,-3.3340624294630823f,-0.7248919295919831f,0.45216838844919105f,-0.5196878283158773f,-6.687970051336791f,-0.6099719430145447f,-0.771889625485087f,0.17922230554133906f,3.944294449114056f,0f,0f,0f,1f], start_interpolation: 0, interpolation_duration: 1 }
$data merge entity $(bone_chain7) { transformation: [-0.5381692157432841f,0.7636001654904596f,0.35677539501653066f,-3.449681205869622f,0.7473818168978226f,0.6280300551478569f,-0.21679176552971163f,-6.877983742622675f,-0.3896078990430869f,0.14997678851716623f,-0.9086873213098713f,3.872082291784645f,0f,0f,0f,1f], start_interpolation: 0, interpolation_duration: 1 }
$data merge entity $(bone_chain8) { transformation: [0.25737407730206674f,-0.8138941556703371f,0.5208981548235497f,-3.69097373181038f,-0.20048426166307454f,0.48235269730996055f,0.8527261789245227f,-8.019981165492483f,-0.9452854834166882f,-0.32390149546347335f,-0.039027888467144695f,2.178539096857558f,0f,0f,0f,1f], start_interpolation: 0, interpolation_duration: 1 }
$data merge entity $(bone_chain4) { transformation: [-0.8729988888494823f,0.020909062864394902f,-0.4872737948604481f,-3.1337408148542343f,-0.458846153003153f,0.30345662184995903f,0.8350893883469113f,-6.66480397747914f,0.16532739622269618f,0.9526158143478114f,-0.255323250630803f,-2.047968176094953f,0f,0f,0f,1f], start_interpolation: 0, interpolation_duration: 1 }
$data merge entity $(bone_chain3) { transformation: [0.11256368886156187f,0.6976191914296375f,-0.7075711128211329f,-1.1766963599035496f,-0.7612965500078785f,-0.3970747067604089f,-0.5126004683935017f,-6.6054583361002575f,-0.6385585164227155f,0.5963716467105009f,0.48639888990809427f,-2.220410474259026f,0f,0f,0f,1f], start_interpolation: 0, interpolation_duration: 1 }
$data merge entity $(bone_chain2) { transformation: [-0.8312700913834857f,-0.5511328976775963f,-0.07240555412941302f,-4.760437409070808f,-0.06879405777261731f,-0.027254069730434732f,0.9972585388445194f,-8.630533553866107f,-0.5515953342682197f,0.8339722685920825f,-0.015259175367832223f,-4.740100773661744f,0f,0f,0f,1f], start_interpolation: 0, interpolation_duration: 1 }
$data merge entity $(bone_chain) { transformation: [-0.8282936492785761f,-0.5121358987990379f,0.31171569233332924f,-4.847060164178761f,0.3362511324209882f,0.0351596459220182f,0.9412297925976436f,-6.780480967870181f,-0.44817943561745704f,0.9728723556869832f,0.13007614954229646f,-2.3908411717132285f,0f,0f,0f,1f], start_interpolation: 0, interpolation_duration: 1 }