# This file was generated by Animated Java via MC-Build. It is not recommended to edit this file directly.
$data merge entity $(bone_6) {transformation: [-0.9924f,-0.0851f,0.0886f,0.0076f,-0.0886f,0.9954f,-0.0365f,2.2783f,-0.0851f,-0.0441f,-0.9954f,-1.2739f,0f,0f,0f,1f],start_interpolation: 0,interpolation_duration: 1}
$data merge entity $(bone_12) {transformation: [-0.9963f,0.0226f,0.0826f,0.0188f,-0.0499f,0.6307f,-0.7744f,2.4181f,-0.0696f,-0.7757f,-0.6273f,-1.5346f,0f,0f,0f,1f],start_interpolation: 0,interpolation_duration: 1}
$data merge entity $(bone_8) {transformation: [-0.9988f,0.0227f,0.0433f,-0.2286f,0.047f,0.2024f,0.9782f,2.113f,0.0134f,0.979f,-0.2032f,-1.6254f,0f,0f,0f,1f],start_interpolation: 0,interpolation_duration: 1}