# This file was generated by Animated Java via MC-Build. It is not recommended to edit this file directly.
$data merge entity $(bone_layer) {transformation: [-1f,0f,0f,0f,0f,0.8192f,0.5736f,1.4469f,0f,0.5736f,-0.8192f,-0.0937f,0f,0f,0f,1f],start_interpolation: 0,interpolation_duration: 1}
$data merge entity $(bone_head) {transformation: [-1f,0f,0f,0f,0f,0.8192f,0.5736f,1.4469f,0f,0.5736f,-0.8192f,-0.0937f,0f,0f,0f,1f],start_interpolation: 0,interpolation_duration: 1}
$data merge entity $(bone_6) {transformation: [-0.9505f,-0.1218f,-0.2858f,0.1823f,-0.1015f,0.9912f,-0.0847f,0.3676f,0.2936f,-0.0515f,-0.9545f,-0.0438f,0f,0f,0f,1f],start_interpolation: 0,interpolation_duration: 1}
$data merge entity $(bone_12) {transformation: [-0.9505f,-0.1695f,-0.2603f,0.1188f,-0.1015f,0.9615f,-0.2555f,0.7281f,0.2936f,-0.2164f,-0.9311f,-0.125f,0f,0f,0f,1f],start_interpolation: 0,interpolation_duration: 1}
$data merge entity $(bone_10) {transformation: [-1f,0f,0f,0f,0f,1f,0f,1.1031f,0f,0f,-1f,-0.125f,0f,0f,0f,1f],start_interpolation: 0,interpolation_duration: 1}
$data merge entity $(bone_9) {transformation: [-1f,0f,0f,0f,0f,1f,0f,1.4781f,0f,0f,-1f,-0.125f,0f,0f,0f,1f],start_interpolation: 0,interpolation_duration: 1}
$data merge entity $(bone_2) {transformation: [0.2236f,0.9291f,0.2947f,-0.5893f,-0.9735f,0.1981f,0.1142f,1.2787f,0.0477f,-0.3124f,0.9488f,-0.1458f,0f,0f,0f,1f],start_interpolation: 0,interpolation_duration: 1}
$data merge entity $(bone_1) {transformation: [0.2236f,0.9744f,-0.0235f,-0.2543f,-0.9735f,0.2245f,0.0435f,1.3558f,0.0477f,0.0132f,0.9988f,-0.1412f,0f,0f,0f,1f],start_interpolation: 0,interpolation_duration: 1}
$data merge entity $(bone_4) {transformation: [-0.1786f,-0.9783f,-0.1052f,0.625f,-0.9839f,0.1782f,0.0138f,1.3019f,0.0053f,0.106f,-0.9944f,-0.1572f,0f,0f,0f,1f],start_interpolation: 0,interpolation_duration: 1}
$data merge entity $(bone_3) {transformation: [-0.1786f,-0.9783f,-0.1052f,0.2581f,-0.9839f,0.1782f,0.0138f,1.3688f,0.0053f,0.106f,-0.9944f,-0.1175f,0f,0f,0f,1f],start_interpolation: 0,interpolation_duration: 1}
$data merge entity $(bone_8) {transformation: [-0.9648f,0.1071f,0.2403f,-0.1934f,0.0911f,0.9929f,-0.0766f,0.3759f,-0.2468f,-0.052f,-0.9677f,-0.0122f,0f,0f,0f,1f],start_interpolation: 0,interpolation_duration: 1}
$data merge entity $(bone_7) {transformation: [-0.9648f,0.1656f,0.2044f,-0.1312f,0.0911f,0.9392f,-0.331f,0.7281f,-0.2468f,-0.3007f,-0.9212f,-0.125f,0f,0f,0f,1f],start_interpolation: 0,interpolation_duration: 1}
$data merge entity $(item_display_item_display) {transformation: [0f,0f,0f,0f,0f,0f,0f,1.3125f,0f,0f,0f,0.625f,0f,0f,0f,1f],start_interpolation: 0,interpolation_duration: 1}
$data merge entity $(block_display_block_display) {transformation: [-1f,0f,0f,0f,0f,1f,0f,1.4375f,0f,0f,-1f,1.4375f,0f,0f,0f,1f],start_interpolation: 0,interpolation_duration: 1}
data modify entity @s data merge value {"cameras":{"camera":{"posx":-1.7604297737743202e-16,"posy":1.4375,"posz":1.4375,"roty":180,"rotx":0}},"locators":{}}