# This file was generated by Animated Java via MC-Build. It is not recommended to edit this file directly.
$data merge entity $(bone_layer) {transformation: [-1f,0f,0f,0f,0f,0.8032f,0.5957f,1.4469f,0f,0.5957f,-0.8032f,-0.0937f,0f,0f,0f,1f],start_interpolation: 0,interpolation_duration: 1}
$data merge entity $(bone_head) {transformation: [-1f,0f,0f,0f,0f,0.8032f,0.5957f,1.4469f,0f,0.5957f,-0.8032f,-0.0937f,0f,0f,0f,1f],start_interpolation: 0,interpolation_duration: 1}
$data merge entity $(bone_2) {transformation: [0.2267f,0.9469f,0.2281f,-0.5862f,-0.972f,0.2065f,0.1094f,1.2762f,0.0564f,-0.2466f,0.9675f,-0.1698f,0f,0f,0f,1f],start_interpolation: 0,interpolation_duration: 1}
$data merge entity $(bone_1) {transformation: [0.2268f,0.9694f,-0.0939f,-0.253f,-0.9723f,0.2309f,0.0359f,1.3556f,0.0564f,0.0831f,0.9949f,-0.1412f,0f,0f,0f,1f],start_interpolation: 0,interpolation_duration: 1}
$data merge entity $(bone_4) {transformation: [-0.1786f,-0.9835f,0.0295f,0.6101f,-0.9836f,0.1784f,-0.0107f,1.3046f,0.0053f,-0.0309f,-0.9995f,-0.1669f,0f,0f,0f,1f],start_interpolation: 0,interpolation_duration: 1}
data modify entity @s data merge value {"cameras":{"camera3":{"posx":-1.7787994757615304e-16,"posy":1.4375,"posz":1.4525,"roty":180,"rotx":-7.016709298534878e-15}},"locators":{}}