# This file was generated by Animated Java via MC-Build. It is not recommended to edit this file directly.
$data merge entity $(bone_layer) {transformation: [-1f,0f,0f,0f,0f,0.7951f,0.6065f,1.4469f,0f,0.6065f,-0.7951f,-0.0937f,0f,0f,0f,1f],start_interpolation: 0,interpolation_duration: 1}
$data merge entity $(bone_head) {transformation: [-1f,0f,0f,0f,0f,0.7951f,0.6065f,1.4469f,0f,0.6065f,-0.7951f,-0.0937f,0f,0f,0f,1f],start_interpolation: 0,interpolation_duration: 1}
$data merge entity $(bone_2) {transformation: [0.2271f,0.9488f,0.2197f,-0.5857f,-0.9717f,0.2076f,0.1087f,1.2759f,0.0575f,-0.2382f,0.9695f,-0.1728f,0f,0f,0f,1f],start_interpolation: 0,interpolation_duration: 1}
$data merge entity $(bone_1) {transformation: [0.2272f,0.9684f,-0.1026f,-0.2528f,-0.9722f,0.2317f,0.0349f,1.3555f,0.0575f,0.0918f,0.9941f,-0.1412f,0f,0f,0f,1f],start_interpolation: 0,interpolation_duration: 1}
$data merge entity $(bone_4) {transformation: [-0.1785f,-0.9791f,0.0968f,0.6027f,-0.9835f,0.1772f,-0.0229f,1.3059f,0.0053f,-0.0993f,-0.995f,-0.1718f,0f,0f,0f,1f],start_interpolation: 0,interpolation_duration: 1}
data modify entity @s data merge value {"cameras":{"camera3":{"posx":-1.7879843267551357e-16,"posy":1.4375,"posz":1.46,"roty":180,"rotx":-7.016709298534878e-15}},"locators":{}}