# This file was generated by Animated Java via MC-Build. It is not recommended to edit this file directly.
$data merge entity $(bone_layer) {transformation: [-1f,0f,0f,0f,0f,0.999f,0.0436f,1.4469f,0f,0.0436f,-0.999f,-0.0937f,0f,0f,0f,1f],start_interpolation: 0,interpolation_duration: 1}
$data merge entity $(bone_head) {transformation: [-1f,0f,0f,0f,0f,0.999f,0.0436f,1.4469f,0f,0.0436f,-0.999f,-0.0937f,0f,0f,0f,1f],start_interpolation: 0,interpolation_duration: 1}
$data merge entity $(bone_2) {transformation: [0.1849f,-0.3854f,0.904f,-0.449f,-0.9698f,0.071f,0.2291f,1.2962f,-0.1523f,-0.92f,-0.3611f,0.1124f,0f,0f,0f,1f],start_interpolation: 0,interpolation_duration: 1}
$data merge entity $(bone_1) {transformation: [0.1851f,0.4061f,0.8949f,-0.2865f,-0.9708f,0.2169f,0.1024f,1.3654f,-0.1525f,-0.8877f,0.4344f,-0.1308f,0f,0f,0f,1f],start_interpolation: 0,interpolation_duration: 1}
$data merge entity $(bone_4) {transformation: [-0.4121f,0.4209f,0.8079f,0.4657f,-0.8939f,-0.0209f,-0.446f,1.2484f,-0.1706f,-0.9069f,0.3852f,0.0977f,0f,0f,0f,1f],start_interpolation: 0,interpolation_duration: 1}
$data merge entity $(bone_3) {transformation: [-0.4125f,-0.2736f,0.8689f,0.3438f,-0.8948f,0.3006f,-0.3302f,1.3531f,-0.1708f,-0.9137f,-0.3688f,-0.1562f,0f,0f,0f,1f],start_interpolation: 0,interpolation_duration: 1}
$data merge entity $(item_display_item_display) {transformation: [-0.5f,0f,0f,0f,0f,0f,0f,1.3125f,0f,0f,-0.5f,0.625f,0f,0f,0f,1f],start_interpolation: 0,interpolation_duration: 1}
data modify entity @s data merge value {"cameras":{"camera":{"posx":-1.3777276490407724e-16,"posy":1.4375,"posz":1.125,"roty":180,"rotx":0.0010000000000000002}},"locators":{}}