# This file was generated by Animated Java via MC-Build. It is not recommended to edit this file directly.
$data merge entity $(bone_layer) { transformation: [-0.15310666053194855f,0.1774118747454318f,-0.9721539884195639f,2.882208050661777f,0.03779501738052421f,0.9840842691938503f,0.17363665450132226f,3.8474240520098397f,0.9874866516373577f,-0.01015764857222623f,-0.1573751410278085f,-3.412850689377385f,0f,0f,0f,1f], start_interpolation: 0, interpolation_duration: 1 }
$data merge entity $(bone_head) { transformation: [-0.15310666053194855f,0.1774118747454318f,-0.9721539884195639f,2.882208050661777f,0.03779501738052421f,0.9840842691938503f,0.17363665450132226f,3.8474240520098397f,0.9874866516373577f,-0.01015764857222623f,-0.1573751410278085f,-3.412850689377385f,0f,0f,0f,1f], start_interpolation: 0, interpolation_duration: 1 }
$data merge entity $(bone_6) { transformation: [-0.44097886804544684f,-0.1463235567609622f,-0.8855094887544559f,3.167675674229695f,-0.22218736924093122f,0.9737082459328787f,-0.050249624397704806f,2.9528552477056964f,0.8695805948197961f,0.17459000125762586f,-0.46189600623269284f,-3.4846571136591833f,0f,0f,0f,1f], start_interpolation: 0, interpolation_duration: 1 }
$data merge entity $(bone_12) { transformation: [-0.44097886804544684f,-0.5694746617043154f,-0.6937119341730484f,2.9887117170822f,-0.22218736924093122f,0.8181312646534065f,-0.530371574225478f,3.219506070854921f,0.8695805948197961f,-0.07974862678048528f,-0.48730867593290034f,-3.5072805236795714f,0f,0f,0f,1f], start_interpolation: 0, interpolation_duration: 1 }
$data merge entity $(bone_10) { transformation: [-0.40440344783815474f,-0.361330404509264f,-0.8401774753906373f,2.7957051908822983f,-0.0029567397441169485f,0.9191594444326181f,-0.3938745655667632f,3.57117650589731f,0.9145759176070067f,-0.156800046197355f,-0.37277960840932395f,-3.432211893554001f,0f,0f,0f,1f], start_interpolation: 0, interpolation_duration: 1 }
$data merge entity $(bone_9) { transformation: [-0.40440344783815474f,0.22480495717353574f,-0.8865216199319776f,2.8832418539615383f,-0.0029567397441169485f,0.9689938588854653f,0.24706711463151157f,3.8594981762394025f,0.9145759176070067f,0.10253600671207974f,-0.391199767715731f,-3.3925731716006204f,0f,0f,0f,1f], start_interpolation: 0, interpolation_duration: 1 }
$data merge entity $(bone_group2) { transformation: [0.11558689482268118f,1.1631896414568075f,0.9400014717849251f,2.8874085720725313f,-1.4559196248215565f,0.2992989560394657f,-0.1909775103774864f,3.593647528337394f,-0.3353206909880588f,-0.8985599551066527f,1.1532236658914834f,-2.810250862054608f,0f,0f,0f,1f], start_interpolation: 0, interpolation_duration: 1 }
$data merge entity $(bone_group3) { transformation: [0.11558689482268118f,1.1631896414568075f,0.9400014717849251f,2.8874085720725313f,-1.4559196248215565f,0.2992989560394657f,-0.1909775103774864f,3.593647528337394f,-0.3353206909880588f,-0.8985599551066527f,1.1532236658914834f,-2.810250862054608f,0f,0f,0f,1f], start_interpolation: 0, interpolation_duration: 1 }
$data merge entity $(bone_group4) { transformation: [0.11558689482268118f,1.1631896414568075f,0.9400014717849251f,2.8874085720725313f,-1.4559196248215565f,0.2992989560394657f,-0.1909775103774864f,3.593647528337394f,-0.3353206909880588f,-0.8985599551066527f,1.1532236658914834f,-2.810250862054608f,0f,0f,0f,1f], start_interpolation: 0, interpolation_duration: 1 }
$data merge entity $(bone_group7) { transformation: [0.11558689482268118f,1.1631896414568075f,0.9400014717849251f,2.8874085720725313f,-1.4559196248215565f,0.2992989560394657f,-0.1909775103774864f,3.593647528337394f,-0.3353206909880588f,-0.8985599551066527f,1.1532236658914834f,-2.810250862054608f,0f,0f,0f,1f], start_interpolation: 0, interpolation_duration: 1 }
$data merge entity $(bone_group8) { transformation: [0.11558689482268118f,1.1631896414568075f,0.9400014717849251f,2.8874085720725313f,-1.4559196248215565f,0.2992989560394657f,-0.1909775103774864f,3.593647528337394f,-0.3353206909880588f,-0.8985599551066527f,1.1532236658914834f,-2.810250862054608f,0f,0f,0f,1f], start_interpolation: 0, interpolation_duration: 1 }
$data merge entity $(bone_group9) { transformation: [0.11558689482268118f,1.1631896414568075f,0.9400014717849251f,2.8874085720725313f,-1.4559196248215565f,0.2992989560394657f,-0.1909775103774864f,3.593647528337394f,-0.3353206909880588f,-0.8985599551066527f,1.1532236658914834f,-2.810250862054608f,0f,0f,0f,1f], start_interpolation: 0, interpolation_duration: 1 }
$data merge entity $(bone_group10) { transformation: [0.11558689482268118f,1.1631896414568075f,0.9400014717849251f,2.8828934589935207f,-1.4559196248215565f,0.2992989560394657f,-0.1909775103774864f,3.650519388681986f,-0.3353206909880588f,-0.8985599551066527f,1.1532236658914834f,-2.797152397562887f,0f,0f,0f,1f], start_interpolation: 0, interpolation_duration: 1 }
$data merge entity $(bone_plate) { transformation: [0.11558689482268118f,1.1631896414568075f,0.9400014717849251f,1.9721138569987129f,-1.4559196248215565f,0.2992989560394657f,-0.1909775103774864f,4.365004555387529f,-0.3353206909880588f,-0.8985599551066527f,1.1532236658914834f,-2.9958085035638216f,0f,0f,0f,1f], start_interpolation: 0, interpolation_duration: 1 }
$data merge entity $(bone_group12) { transformation: [0.11558689482268118f,1.1631896414568075f,0.9400014717849251f,2.8874085720725313f,-1.4559196248215565f,0.2992989560394657f,-0.1909775103774864f,3.593647528337394f,-0.3353206909880588f,-0.8985599551066527f,1.1532236658914834f,-2.810250862054608f,0f,0f,0f,1f], start_interpolation: 0, interpolation_duration: 1 }
$data merge entity $(bone_group13) { transformation: [0.11558689482268118f,1.1631896414568075f,0.9400014717849251f,2.8874085720725313f,-1.4559196248215565f,0.2992989560394657f,-0.1909775103774864f,3.593647528337394f,-0.3353206909880588f,-0.8985599551066527f,1.1532236658914834f,-2.810250862054608f,0f,0f,0f,1f], start_interpolation: 0, interpolation_duration: 1 }
$data merge entity $(bone_group14) { transformation: [0.11558689482268118f,1.1631896414568075f,0.9400014717849251f,2.8874085720725313f,-1.4559196248215565f,0.2992989560394657f,-0.1909775103774864f,3.593647528337394f,-0.3353206909880588f,-0.8985599551066527f,1.1532236658914834f,-2.810250862054608f,0f,0f,0f,1f], start_interpolation: 0, interpolation_duration: 1 }
$data merge entity $(bone_group17) { transformation: [0.11558689482268118f,1.1631896414568075f,0.9400014717849251f,2.8874085720725313f,-1.4559196248215565f,0.2992989560394657f,-0.1909775103774864f,3.593647528337394f,-0.3353206909880588f,-0.8985599551066527f,1.1532236658914834f,-2.810250862054608f,0f,0f,0f,1f], start_interpolation: 0, interpolation_duration: 1 }
$data merge entity $(bone_group18) { transformation: [0.11558689482268118f,1.1631896414568075f,0.9400014717849251f,2.8874085720725313f,-1.4559196248215565f,0.2992989560394657f,-0.1909775103774864f,3.593647528337394f,-0.3353206909880588f,-0.8985599551066527f,1.1532236658914834f,-2.810250862054608f,0f,0f,0f,1f], start_interpolation: 0, interpolation_duration: 1 }
$data merge entity $(bone_group19) { transformation: [0.11558689482268118f,1.1631896414568075f,0.9400014717849251f,2.8874085720725313f,-1.4559196248215565f,0.2992989560394657f,-0.1909775103774864f,3.593647528337394f,-0.3353206909880588f,-0.8985599551066527f,1.1532236658914834f,-2.810250862054608f,0f,0f,0f,1f], start_interpolation: 0, interpolation_duration: 1 }
$data merge entity $(bone_group20) { transformation: [0.11558689482268118f,1.1631896414568075f,0.9400014717849251f,2.8828934589935207f,-1.4559196248215565f,0.2992989560394657f,-0.1909775103774864f,3.650519388681986f,-0.3353206909880588f,-0.8985599551066527f,1.1532236658914834f,-2.797152397562887f,0f,0f,0f,1f], start_interpolation: 0, interpolation_duration: 1 }
$data merge entity $(bone_plate1) { transformation: [0.11558689482268118f,1.1631896414568075f,0.9400014717849251f,1.9721138569987129f,-1.4559196248215565f,0.2992989560394657f,-0.1909775103774864f,4.365004555387529f,-0.3353206909880588f,-0.8985599551066527f,1.1532236658914834f,-2.9958085035638216f,0f,0f,0f,1f], start_interpolation: 0, interpolation_duration: 1 }
$data merge entity $(bone_group21) { transformation: [0.11558689482268118f,1.1631896414568075f,0.9400014717849251f,2.8874085720725313f,-1.4559196248215565f,0.2992989560394657f,-0.1909775103774864f,3.593647528337394f,-0.3353206909880588f,-0.8985599551066527f,1.1532236658914834f,-2.810250862054608f,0f,0f,0f,1f], start_interpolation: 0, interpolation_duration: 1 }
$data merge entity $(bone_group22) { transformation: [0.11558689482268118f,1.1631896414568075f,0.9400014717849251f,2.8874085720725313f,-1.4559196248215565f,0.2992989560394657f,-0.1909775103774864f,3.593647528337394f,-0.3353206909880588f,-0.8985599551066527f,1.1532236658914834f,-2.810250862054608f,0f,0f,0f,1f], start_interpolation: 0, interpolation_duration: 1 }
$data merge entity $(bone_group23) { transformation: [0.11558689482268118f,1.1631896414568075f,0.9400014717849251f,2.8874085720725313f,-1.4559196248215565f,0.2992989560394657f,-0.1909775103774864f,3.593647528337394f,-0.3353206909880588f,-0.8985599551066527f,1.1532236658914834f,-2.810250862054608f,0f,0f,0f,1f], start_interpolation: 0, interpolation_duration: 1 }
$data merge entity $(bone_group26) { transformation: [0.11558689482268118f,1.1631896414568075f,0.9400014717849251f,2.8874085720725313f,-1.4559196248215565f,0.2992989560394657f,-0.1909775103774864f,3.593647528337394f,-0.3353206909880588f,-0.8985599551066527f,1.1532236658914834f,-2.810250862054608f,0f,0f,0f,1f], start_interpolation: 0, interpolation_duration: 1 }
$data merge entity $(bone_group27) { transformation: [0.11558689482268118f,1.1631896414568075f,0.9400014717849251f,2.8874085720725313f,-1.4559196248215565f,0.2992989560394657f,-0.1909775103774864f,3.593647528337394f,-0.3353206909880588f,-0.8985599551066527f,1.1532236658914834f,-2.810250862054608f,0f,0f,0f,1f], start_interpolation: 0, interpolation_duration: 1 }
$data merge entity $(bone_group28) { transformation: [0.11558689482268118f,1.1631896414568075f,0.9400014717849251f,2.8874085720725313f,-1.4559196248215565f,0.2992989560394657f,-0.1909775103774864f,3.593647528337394f,-0.3353206909880588f,-0.8985599551066527f,1.1532236658914834f,-2.810250862054608f,0f,0f,0f,1f], start_interpolation: 0, interpolation_duration: 1 }
$data merge entity $(bone_plate2) { transformation: [0.11558689482268118f,1.1631896414568075f,0.9400014717849251f,1.9721138569987129f,-1.4559196248215565f,0.2992989560394657f,-0.1909775103774864f,4.365004555387529f,-0.3353206909880588f,-0.8985599551066527f,1.1532236658914834f,-2.9958085035638216f,0f,0f,0f,1f], start_interpolation: 0, interpolation_duration: 1 }
$data merge entity $(bone_group31) { transformation: [0.11558689482268118f,1.1631896414568075f,0.9400014717849251f,2.8874085720725313f,-1.4559196248215565f,0.2992989560394657f,-0.1909775103774864f,3.593647528337394f,-0.3353206909880588f,-0.8985599551066527f,1.1532236658914834f,-2.810250862054608f,0f,0f,0f,1f], start_interpolation: 0, interpolation_duration: 1 }
$data merge entity $(bone_group32) { transformation: [0.11558689482268118f,1.1631896414568075f,0.9400014717849251f,2.8874085720725313f,-1.4559196248215565f,0.2992989560394657f,-0.1909775103774864f,3.593647528337394f,-0.3353206909880588f,-0.8985599551066527f,1.1532236658914834f,-2.810250862054608f,0f,0f,0f,1f], start_interpolation: 0, interpolation_duration: 1 }
$data merge entity $(bone_group36) { transformation: [0.11558689482268118f,1.1631896414568075f,0.9400014717849251f,2.8874085720725313f,-1.4559196248215565f,0.2992989560394657f,-0.1909775103774864f,3.593647528337394f,-0.3353206909880588f,-0.8985599551066527f,1.1532236658914834f,-2.810250862054608f,0f,0f,0f,1f], start_interpolation: 0, interpolation_duration: 1 }
$data merge entity $(bone_plate3) { transformation: [0.11558689482268118f,1.1631896414568075f,0.9400014717849251f,1.9721138569987129f,-1.4559196248215565f,0.2992989560394657f,-0.1909775103774864f,4.365004555387529f,-0.3353206909880588f,-0.8985599551066527f,1.1532236658914834f,-2.9958085035638216f,0f,0f,0f,1f], start_interpolation: 0, interpolation_duration: 1 }
$data merge entity $(bone_group40) { transformation: [0.11558689482268118f,1.1631896414568075f,0.9400014717849251f,2.8874085720725313f,-1.4559196248215565f,0.2992989560394657f,-0.1909775103774864f,3.593647528337394f,-0.3353206909880588f,-0.8985599551066527f,1.1532236658914834f,-2.810250862054608f,0f,0f,0f,1f], start_interpolation: 0, interpolation_duration: 1 }
$data merge entity $(bone_group41) { transformation: [0.11558689482268118f,1.1631896414568075f,0.9400014717849251f,2.8874085720725313f,-1.4559196248215565f,0.2992989560394657f,-0.1909775103774864f,3.593647528337394f,-0.3353206909880588f,-0.8985599551066527f,1.1532236658914834f,-2.810250862054608f,0f,0f,0f,1f], start_interpolation: 0, interpolation_duration: 1 }
$data merge entity $(bone_group45) { transformation: [0.11558689482268118f,1.1631896414568075f,0.9400014717849251f,2.8874085720725313f,-1.4559196248215565f,0.2992989560394657f,-0.1909775103774864f,3.593647528337394f,-0.3353206909880588f,-0.8985599551066527f,1.1532236658914834f,-2.810250862054608f,0f,0f,0f,1f], start_interpolation: 0, interpolation_duration: 1 }
$data merge entity $(bone_plate4) { transformation: [0.11558689482268118f,1.1631896414568075f,0.9400014717849251f,1.9721138569987129f,-1.4559196248215565f,0.2992989560394657f,-0.1909775103774864f,4.365004555387529f,-0.3353206909880588f,-0.8985599551066527f,1.1532236658914834f,-2.9958085035638216f,0f,0f,0f,1f], start_interpolation: 0, interpolation_duration: 1 }
$data merge entity $(bone_group49) { transformation: [0.11558689482268118f,1.1631896414568075f,0.9400014717849251f,2.8874085720725313f,-1.4559196248215565f,0.2992989560394657f,-0.1909775103774864f,3.593647528337394f,-0.3353206909880588f,-0.8985599551066527f,1.1532236658914834f,-2.810250862054608f,0f,0f,0f,1f], start_interpolation: 0, interpolation_duration: 1 }
$data merge entity $(bone_group50) { transformation: [0.11558689482268118f,1.1631896414568075f,0.9400014717849251f,2.8874085720725313f,-1.4559196248215565f,0.2992989560394657f,-0.1909775103774864f,3.593647528337394f,-0.3353206909880588f,-0.8985599551066527f,1.1532236658914834f,-2.810250862054608f,0f,0f,0f,1f], start_interpolation: 0, interpolation_duration: 1 }
$data merge entity $(bone_group54) { transformation: [0.11558689482268118f,1.1631896414568075f,0.9400014717849251f,2.8874085720725313f,-1.4559196248215565f,0.2992989560394657f,-0.1909775103774864f,3.593647528337394f,-0.3353206909880588f,-0.8985599551066527f,1.1532236658914834f,-2.810250862054608f,0f,0f,0f,1f], start_interpolation: 0, interpolation_duration: 1 }
$data merge entity $(bone_plate5) { transformation: [0.11558689482268118f,1.1631896414568075f,0.9400014717849251f,1.9721138569987129f,-1.4559196248215565f,0.2992989560394657f,-0.1909775103774864f,4.365004555387529f,-0.3353206909880588f,-0.8985599551066527f,1.1532236658914834f,-2.9958085035638216f,0f,0f,0f,1f], start_interpolation: 0, interpolation_duration: 1 }
$data merge entity $(bone_group58) { transformation: [0.11558689482268118f,1.1631896414568075f,0.9400014717849251f,2.8874085720725313f,-1.4559196248215565f,0.2992989560394657f,-0.1909775103774864f,3.593647528337394f,-0.3353206909880588f,-0.8985599551066527f,1.1532236658914834f,-2.810250862054608f,0f,0f,0f,1f], start_interpolation: 0, interpolation_duration: 1 }
$data merge entity $(bone_group59) { transformation: [0.11558689482268118f,1.1631896414568075f,0.9400014717849251f,2.8874085720725313f,-1.4559196248215565f,0.2992989560394657f,-0.1909775103774864f,3.593647528337394f,-0.3353206909880588f,-0.8985599551066527f,1.1532236658914834f,-2.810250862054608f,0f,0f,0f,1f], start_interpolation: 0, interpolation_duration: 1 }
$data merge entity $(bone_plate6) { transformation: [0.11558689482268118f,1.1631896414568075f,0.9400014717849251f,1.9721138569987129f,-1.4559196248215565f,0.2992989560394657f,-0.1909775103774864f,4.365004555387529f,-0.3353206909880588f,-0.8985599551066527f,1.1532236658914834f,-2.9958085035638216f,0f,0f,0f,1f], start_interpolation: 0, interpolation_duration: 1 }
$data merge entity $(bone_group66) { transformation: [0.11558689482268118f,1.1631896414568075f,0.9400014717849251f,2.8874085720725313f,-1.4559196248215565f,0.2992989560394657f,-0.1909775103774864f,3.593647528337394f,-0.3353206909880588f,-0.8985599551066527f,1.1532236658914834f,-2.810250862054608f,0f,0f,0f,1f], start_interpolation: 0, interpolation_duration: 1 }
$data merge entity $(bone_group67) { transformation: [0.11558689482268118f,1.1631896414568075f,0.9400014717849251f,2.8874085720725313f,-1.4559196248215565f,0.2992989560394657f,-0.1909775103774864f,3.593647528337394f,-0.3353206909880588f,-0.8985599551066527f,1.1532236658914834f,-2.810250862054608f,0f,0f,0f,1f], start_interpolation: 0, interpolation_duration: 1 }
$data merge entity $(bone_group68) { transformation: [0.11558689482268118f,1.1631896414568075f,0.9400014717849251f,2.8874085720725313f,-1.4559196248215565f,0.2992989560394657f,-0.1909775103774864f,3.593647528337394f,-0.3353206909880588f,-0.8985599551066527f,1.1532236658914834f,-2.810250862054608f,0f,0f,0f,1f], start_interpolation: 0, interpolation_duration: 1 }
$data merge entity $(bone_group71) { transformation: [0.11558689482268118f,1.1631896414568075f,0.9400014717849251f,2.8874085720725313f,-1.4559196248215565f,0.2992989560394657f,-0.1909775103774864f,3.593647528337394f,-0.3353206909880588f,-0.8985599551066527f,1.1532236658914834f,-2.810250862054608f,0f,0f,0f,1f], start_interpolation: 0, interpolation_duration: 1 }
$data merge entity $(bone_group72) { transformation: [0.11558689482268118f,1.1631896414568075f,0.9400014717849251f,2.8874085720725313f,-1.4559196248215565f,0.2992989560394657f,-0.1909775103774864f,3.593647528337394f,-0.3353206909880588f,-0.8985599551066527f,1.1532236658914834f,-2.810250862054608f,0f,0f,0f,1f], start_interpolation: 0, interpolation_duration: 1 }
$data merge entity $(bone_group73) { transformation: [0.11558689482268118f,1.1631896414568075f,0.9400014717849251f,2.8874085720725313f,-1.4559196248215565f,0.2992989560394657f,-0.1909775103774864f,3.593647528337394f,-0.3353206909880588f,-0.8985599551066527f,1.1532236658914834f,-2.810250862054608f,0f,0f,0f,1f], start_interpolation: 0, interpolation_duration: 1 }
$data merge entity $(bone_group74) { transformation: [0.11558689482268118f,1.1631896414568075f,0.9400014717849251f,2.8828934589935207f,-1.4559196248215565f,0.2992989560394657f,-0.1909775103774864f,3.650519388681986f,-0.3353206909880588f,-0.8985599551066527f,1.1532236658914834f,-2.797152397562887f,0f,0f,0f,1f], start_interpolation: 0, interpolation_duration: 1 }
$data merge entity $(bone_plate7) { transformation: [0.11558689482268118f,1.1631896414568075f,0.9400014717849251f,1.9721138569987129f,-1.4559196248215565f,0.2992989560394657f,-0.1909775103774864f,4.365004555387529f,-0.3353206909880588f,-0.8985599551066527f,1.1532236658914834f,-2.9958085035638216f,0f,0f,0f,1f], start_interpolation: 0, interpolation_duration: 1 }
$data merge entity $(bone_group75) { transformation: [0.11558689482268118f,1.1631896414568075f,0.9400014717849251f,2.8874085720725313f,-1.4559196248215565f,0.2992989560394657f,-0.1909775103774864f,3.593647528337394f,-0.3353206909880588f,-0.8985599551066527f,1.1532236658914834f,-2.810250862054608f,0f,0f,0f,1f], start_interpolation: 0, interpolation_duration: 1 }
$data merge entity $(bone_group76) { transformation: [0.11558689482268118f,1.1631896414568075f,0.9400014717849251f,2.8874085720725313f,-1.4559196248215565f,0.2992989560394657f,-0.1909775103774864f,3.593647528337394f,-0.3353206909880588f,-0.8985599551066527f,1.1532236658914834f,-2.810250862054608f,0f,0f,0f,1f], start_interpolation: 0, interpolation_duration: 1 }
$data merge entity $(bone_group77) { transformation: [0.11558689482268118f,1.1631896414568075f,0.9400014717849251f,2.8874085720725313f,-1.4559196248215565f,0.2992989560394657f,-0.1909775103774864f,3.593647528337394f,-0.3353206909880588f,-0.8985599551066527f,1.1532236658914834f,-2.810250862054608f,0f,0f,0f,1f], start_interpolation: 0, interpolation_duration: 1 }
$data merge entity $(bone_group80) { transformation: [0.11558689482268118f,1.1631896414568075f,0.9400014717849251f,2.8874085720725313f,-1.4559196248215565f,0.2992989560394657f,-0.1909775103774864f,3.593647528337394f,-0.3353206909880588f,-0.8985599551066527f,1.1532236658914834f,-2.810250862054608f,0f,0f,0f,1f], start_interpolation: 0, interpolation_duration: 1 }
$data merge entity $(bone_group81) { transformation: [0.11558689482268118f,1.1631896414568075f,0.9400014717849251f,2.8874085720725313f,-1.4559196248215565f,0.2992989560394657f,-0.1909775103774864f,3.593647528337394f,-0.3353206909880588f,-0.8985599551066527f,1.1532236658914834f,-2.810250862054608f,0f,0f,0f,1f], start_interpolation: 0, interpolation_duration: 1 }
$data merge entity $(bone_group82) { transformation: [0.11558689482268118f,1.1631896414568075f,0.9400014717849251f,2.8874085720725313f,-1.4559196248215565f,0.2992989560394657f,-0.1909775103774864f,3.593647528337394f,-0.3353206909880588f,-0.8985599551066527f,1.1532236658914834f,-2.810250862054608f,0f,0f,0f,1f], start_interpolation: 0, interpolation_duration: 1 }
$data merge entity $(bone_group83) { transformation: [0.11558689482268118f,1.1631896414568075f,0.9400014717849251f,2.8828934589935207f,-1.4559196248215565f,0.2992989560394657f,-0.1909775103774864f,3.650519388681986f,-0.3353206909880588f,-0.8985599551066527f,1.1532236658914834f,-2.797152397562887f,0f,0f,0f,1f], start_interpolation: 0, interpolation_duration: 1 }
$data merge entity $(bone_plate8) { transformation: [0.11558689482268118f,1.1631896414568075f,0.9400014717849251f,1.9721138569987129f,-1.4559196248215565f,0.2992989560394657f,-0.1909775103774864f,4.365004555387529f,-0.3353206909880588f,-0.8985599551066527f,1.1532236658914834f,-2.9958085035638216f,0f,0f,0f,1f], start_interpolation: 0, interpolation_duration: 1 }
$data merge entity $(bone_group85) { transformation: [0.11558689482268118f,1.1631896414568075f,0.9400014717849251f,3.672061734278051f,-1.4559196248215565f,0.2992989560394657f,-0.1909775103774864f,3.7988621675468175f,-0.3353206909880588f,-0.8985599551066527f,1.1532236658914834f,-3.2999997400296817f,0f,0f,0f,1f], start_interpolation: 0, interpolation_duration: 1 }
$data merge entity $(bone_group87) { transformation: [0.11558689482268118f,1.1631896414568075f,0.9400014717849251f,2.8874085720725313f,-1.4559196248215565f,0.2992989560394657f,-0.1909775103774864f,3.593647528337394f,-0.3353206909880588f,-0.8985599551066527f,1.1532236658914834f,-2.810250862054608f,0f,0f,0f,1f], start_interpolation: 0, interpolation_duration: 1 }
$data merge entity $(bone_group88) { transformation: [0.11558689482268118f,1.1631896414568075f,0.9400014717849251f,2.8874085720725313f,-1.4559196248215565f,0.2992989560394657f,-0.1909775103774864f,3.593647528337394f,-0.3353206909880588f,-0.8985599551066527f,1.1532236658914834f,-2.810250862054608f,0f,0f,0f,1f], start_interpolation: 0, interpolation_duration: 1 }
$data merge entity $(bone_group92) { transformation: [0.11558689482268118f,1.1631896414568075f,0.9400014717849251f,2.8874085720725313f,-1.4559196248215565f,0.2992989560394657f,-0.1909775103774864f,3.593647528337394f,-0.3353206909880588f,-0.8985599551066527f,1.1532236658914834f,-2.810250862054608f,0f,0f,0f,1f], start_interpolation: 0, interpolation_duration: 1 }
$data merge entity $(bone_plate9) { transformation: [0.11558689482268118f,1.1631896414568075f,0.9400014717849251f,1.9721138569987129f,-1.4559196248215565f,0.2992989560394657f,-0.1909775103774864f,4.365004555387529f,-0.3353206909880588f,-0.8985599551066527f,1.1532236658914834f,-2.9958085035638216f,0f,0f,0f,1f], start_interpolation: 0, interpolation_duration: 1 }
$data merge entity $(bone_group96) { transformation: [0.11558689482268118f,1.1631896414568075f,0.9400014717849251f,2.8874085720725313f,-1.4559196248215565f,0.2992989560394657f,-0.1909775103774864f,3.593647528337394f,-0.3353206909880588f,-0.8985599551066527f,1.1532236658914834f,-2.810250862054608f,0f,0f,0f,1f], start_interpolation: 0, interpolation_duration: 1 }
$data merge entity $(bone_group97) { transformation: [0.11558689482268118f,1.1631896414568075f,0.9400014717849251f,2.8874085720725313f,-1.4559196248215565f,0.2992989560394657f,-0.1909775103774864f,3.593647528337394f,-0.3353206909880588f,-0.8985599551066527f,1.1532236658914834f,-2.810250862054608f,0f,0f,0f,1f], start_interpolation: 0, interpolation_duration: 1 }
$data merge entity $(bone_group95) { transformation: [0.11558689482268118f,1.1631896414568075f,0.9400014717849251f,3.430879359919612f,-1.4559196248215565f,0.2992989560394657f,-0.1909775103774864f,3.779959620222359f,-0.3353206909880588f,-0.8985599551066527f,1.1532236658914834f,-3.170271587666412f,0f,0f,0f,1f], start_interpolation: 0, interpolation_duration: 1 }
$data merge entity $(bone_group1) { transformation: [0.11558689482268118f,1.1631896414568075f,0.9400014717849251f,1.9721138569987129f,-1.4559196248215565f,0.2992989560394657f,-0.1909775103774864f,4.365004555387529f,-0.3353206909880588f,-0.8985599551066527f,1.1532236658914834f,-2.9958085035638216f,0f,0f,0f,1f], start_interpolation: 0, interpolation_duration: 1 }
$data merge entity $(bone_group98) { transformation: [0.11558689482268118f,1.1631896414568075f,0.9400014717849251f,2.8874085720725318f,-1.4559196248215565f,0.2992989560394657f,-0.1909775103774864f,3.593647528337394f,-0.3353206909880588f,-0.8985599551066527f,1.1532236658914834f,-2.8102508620546085f,0f,0f,0f,1f], start_interpolation: 0, interpolation_duration: 1 }
$data merge entity $(bone_group100) { transformation: [0.11558689482268118f,1.1631896414568075f,0.9400014717849251f,2.8874085720725318f,-1.4559196248215565f,0.2992989560394657f,-0.1909775103774864f,3.593647528337394f,-0.3353206909880588f,-0.8985599551066527f,1.1532236658914834f,-2.8102508620546085f,0f,0f,0f,1f], start_interpolation: 0, interpolation_duration: 1 }
$data merge entity $(bone_group99) { transformation: [0.11558689482268118f,1.1631896414568075f,0.9400014717849251f,2.8874085720725318f,-1.4559196248215565f,0.2992989560394657f,-0.1909775103774864f,3.593647528337394f,-0.3353206909880588f,-0.8985599551066527f,1.1532236658914834f,-2.8102508620546085f,0f,0f,0f,1f], start_interpolation: 0, interpolation_duration: 1 }
$data merge entity $(bone_group101) { transformation: [0.11558689482268118f,1.1631896414568075f,0.9400014717849251f,2.8874085720725318f,-1.4559196248215565f,0.2992989560394657f,-0.1909775103774864f,3.593647528337394f,-0.3353206909880588f,-0.8985599551066527f,1.1532236658914834f,-2.8102508620546085f,0f,0f,0f,1f], start_interpolation: 0, interpolation_duration: 1 }
$data merge entity $(bone_group102) { transformation: [0.11558689482268118f,1.1631896414568075f,0.9400014717849251f,2.8874085720725313f,-1.4559196248215565f,0.2992989560394657f,-0.1909775103774864f,3.593647528337394f,-0.3353206909880588f,-0.8985599551066527f,1.1532236658914834f,-2.810250862054608f,0f,0f,0f,1f], start_interpolation: 0, interpolation_duration: 1 }
$data merge entity $(bone_group103) { transformation: [0.11558689482268118f,1.1631896414568075f,0.9400014717849251f,2.8874085720725313f,-1.4559196248215565f,0.2992989560394657f,-0.1909775103774864f,3.593647528337394f,-0.3353206909880588f,-0.8985599551066527f,1.1532236658914834f,-2.810250862054608f,0f,0f,0f,1f], start_interpolation: 0, interpolation_duration: 1 }
$data merge entity $(bone_group104) { transformation: [0.11558689482268118f,1.1631896414568075f,0.9400014717849251f,2.8874085720725313f,-1.4559196248215565f,0.2992989560394657f,-0.1909775103774864f,3.593647528337394f,-0.3353206909880588f,-0.8985599551066527f,1.1532236658914834f,-2.810250862054608f,0f,0f,0f,1f], start_interpolation: 0, interpolation_duration: 1 }
$data merge entity $(bone_group107) { transformation: [0.11558689482268118f,1.1631896414568075f,0.9400014717849251f,2.8874085720725313f,-1.4559196248215565f,0.2992989560394657f,-0.1909775103774864f,3.593647528337394f,-0.3353206909880588f,-0.8985599551066527f,1.1532236658914834f,-2.810250862054608f,0f,0f,0f,1f], start_interpolation: 0, interpolation_duration: 1 }
$data merge entity $(bone_group108) { transformation: [0.11558689482268118f,1.1631896414568075f,0.9400014717849251f,2.8874085720725313f,-1.4559196248215565f,0.2992989560394657f,-0.1909775103774864f,3.593647528337394f,-0.3353206909880588f,-0.8985599551066527f,1.1532236658914834f,-2.810250862054608f,0f,0f,0f,1f], start_interpolation: 0, interpolation_duration: 1 }
$data merge entity $(bone_group109) { transformation: [0.11558689482268118f,1.1631896414568075f,0.9400014717849251f,2.8874085720725313f,-1.4559196248215565f,0.2992989560394657f,-0.1909775103774864f,3.593647528337394f,-0.3353206909880588f,-0.8985599551066527f,1.1532236658914834f,-2.810250862054608f,0f,0f,0f,1f], start_interpolation: 0, interpolation_duration: 1 }
$data merge entity $(bone_group110) { transformation: [0.11558689482268118f,1.1631896414568075f,0.9400014717849251f,2.8828934589935207f,-1.4559196248215565f,0.2992989560394657f,-0.1909775103774864f,3.650519388681986f,-0.3353206909880588f,-0.8985599551066527f,1.1532236658914834f,-2.797152397562887f,0f,0f,0f,1f], start_interpolation: 0, interpolation_duration: 1 }
$data merge entity $(bone_plate10) { transformation: [0.11558689482268118f,1.1631896414568075f,0.9400014717849251f,1.9721138569987129f,-1.4559196248215565f,0.2992989560394657f,-0.1909775103774864f,4.365004555387529f,-0.3353206909880588f,-0.8985599551066527f,1.1532236658914834f,-2.9958085035638216f,0f,0f,0f,1f], start_interpolation: 0, interpolation_duration: 1 }
$data merge entity $(bone_group111) { transformation: [0.11558689482268118f,1.1631896414568075f,0.9400014717849251f,1.9721138569987129f,-1.4559196248215565f,0.2992989560394657f,-0.1909775103774864f,4.365004555387529f,-0.3353206909880588f,-0.8985599551066527f,1.1532236658914834f,-2.9958085035638216f,0f,0f,0f,1f], start_interpolation: 0, interpolation_duration: 1 }
$data merge entity $(bone_2) { transformation: [0.07705792988178727f,-0.6266676478566169f,0.7754597609712048f,2.874669796321571f,-0.9706130832143709f,0.12731834025165756f,0.19953263735964358f,3.752103639848574f,-0.22354712732537238f,-0.7688157772609888f,-0.599039970071102f,-2.918431234652508f,0f,0f,0f,1f], start_interpolation: 0, interpolation_duration: 1 }
$data merge entity $(bone_1) { transformation: [0.077135064946734f,-0.3298993321693436f,0.9408595072538111f,2.7633287717144173f,-0.9715846678822532f,0.18692542237154014f,0.1451968305692421f,3.815190969898969f,-0.22377089822359597f,-0.9253244388350729f,-0.3061066284855043f,-3.230728232759345f,0f,0f,0f,1f], start_interpolation: 0, interpolation_duration: 1 }
$data merge entity $(bone_4) { transformation: [-0.3706625758603613f,0.04516350698050864f,-0.9275205217573412f,2.795873004932525f,-0.29796969960376374f,0.9400963306982464f,0.16509121275391542f,3.639700809172775f,0.8785353225537403f,0.33790404946510355f,-0.33533650739284415f,-3.8470748549620346f,0f,0f,0f,1f], start_interpolation: 0, interpolation_duration: 1 }
$data merge entity $(bone_3) { transformation: [-0.3710336094698311f,0.6599218120094223f,-0.6533278370603761f,3.012203787780959f,-0.29826796757133506f,0.581577712342234f,0.7568378849051088f,3.788705508621091f,0.8794147372910314f,0.4756790583376299f,-0.018951340173503105f,-3.7052654051376286f,0f,0f,0f,1f], start_interpolation: 0, interpolation_duration: 1 }
$data merge entity $(bone_8) { transformation: [-0.3501472505652442f,0.3253384541203422f,-0.8783802099274471f,2.921921960594662f,0.10447342734885962f,0.9454577248100619f,0.30853685934579034f,2.925006920078994f,0.9308502596548935f,0.016265941951432716f,-0.3650386462182461f,-3.2127247372671652f,0f,0f,0f,1f], start_interpolation: 0, interpolation_duration: 1 }
$data merge entity $(bone_7) { transformation: [-0.3501472505652442f,-0.07636274307523644f,-0.933576796193878f,2.8854343591427867f,0.10447342734885962f,0.9872690094889658f,-0.11993834199562353f,3.2443701188879626f,0.9308502596548935f,-0.13953004827886373f,-0.33771165175000284f,-3.262293398604671f,0f,0f,0f,1f], start_interpolation: 0, interpolation_duration: 1 }
$data merge entity $(block_display_block_display) { transformation: [0.9531538935183255f,-0.3697909790231122f,-0.0000021643961393810306f,3.0625000000000004f,0.216439613938103f,1.7085180124598833f,-1.179611963664229e-21f,2.5625f,0.21130913087034986f,-0.08198068634293114f,0.000009762960071199338f,-3.3124999999999996f,0f,0f,0f,1f], start_interpolation: 0, interpolation_duration: 1 }
data modify entity @s data merge value {"locators":{},"cameras":{"camera2":{"posx":-1.9135106236677394e-16,"posy":1.25,"posz":1.5625,"roty":180,"rotx":0}}}
execute on vehicle unless entity @s[tag=aj.transforms_only] at @s run function animated_java:ruins_of_the_finality_skill/animations/skills_2/zzz/frames/zzz/0