# This file was generated by Animated Java via MC-Build. It is not recommended to edit this file directly.
$data merge entity $(bone_layer) { transformation: [0.9995213437377788f,0.030564475072664132f,0.004785005345611049f,-1.6294636827844164f,-0.029793516119282243f,0.9093423321839202f,0.41498056496125063f,1.325776029275922f,0.008332455212907819f,-0.41492449404902704f,0.9098176929628724f,-4.395400672107421f,0f,0f,0f,1f], start_interpolation: 0, interpolation_duration: 1 }
$data merge entity $(bone_head) { transformation: [0.9995213437377788f,0.030564475072664132f,0.004785005345611049f,-1.6294636827844164f,-0.029793516119282243f,0.9093423321839202f,0.41498056496125063f,1.325776029275922f,0.008332455212907819f,-0.41492449404902704f,0.9098176929628724f,-4.395400672107421f,0f,0f,0f,1f], start_interpolation: 0, interpolation_duration: 1 }
$data merge entity $(bone_6) { transformation: [0.9092468938576017f,0.2010600766243063f,-0.36447898649734395f,-1.781901059961272f,-0.2002463906300835f,0.9789098483438706f,0.04045852017813045f,0.4216279211854648f,0.3649266625637636f,0.036198817704563846f,0.9303322936171058f,-4.483127769709651f,0f,0f,0f,1f], start_interpolation: 0, interpolation_duration: 1 }
$data merge entity $(bone_12) { transformation: [0.9092468938576017f,-0.008116359205176893f,-0.4161780997644584f,-1.7819123999569104f,-0.2002463906300835f,0.8679900567696294f,-0.4544168178981489f,0.7038523258200527f,0.3649266625637636f,0.496515242527667f,0.7875919913811751f,-4.328234375967191f,0f,0f,0f,1f], start_interpolation: 0, interpolation_duration: 1 }
$data merge entity $(bone_10) { transformation: [0.9630990148249601f,-0.036446761067731814f,-0.26666818567437434f,-1.6543560010257465f,-0.0018795043677737877f,0.9898539833184186f,-0.1420758922970084f,1.0815367216928038f,0.2691407719141091f,0.13733435592134746f,0.9532588943079137f,-4.240811407168737f,0f,0f,0f,1f], start_interpolation: 0, interpolation_duration: 1 }
$data merge entity $(bone_9) { transformation: [0.9630990148249601f,0.1334221461464134f,-0.2337494782045f,-1.6087991431393915f,-0.0018795043677737877f,0.8717942872886678f,0.4898685416662054f,1.335083490678233f,0.2691407719141091f,-0.4713525767072122f,0.8398749867241846f,-4.4020624223177025f,0f,0f,0f,1f], start_interpolation: 0, interpolation_duration: 1 }
$data merge entity $(bone_group2) { transformation: [-0.5623348219689925f,0.7052748694259179f,1.1982209795048393f,-1.1352763164776443f,-1.388666476581502f,-0.31318806585747627f,-0.46867480212811274f,1.048918659310785f,0.02978615147712139f,-1.2862739187127707f,0.7711098586612917f,-3.97028388853493f,0f,0f,0f,1f], start_interpolation: 0, interpolation_duration: 1 }
$data merge entity $(bone_group3) { transformation: [-0.5623348219689925f,0.7052748694259179f,1.1982209795048393f,-1.1352763164776443f,-1.388666476581502f,-0.31318806585747627f,-0.46867480212811274f,1.048918659310785f,0.02978615147712139f,-1.2862739187127707f,0.7711098586612917f,-3.97028388853493f,0f,0f,0f,1f], start_interpolation: 0, interpolation_duration: 1 }
$data merge entity $(bone_group4) { transformation: [-0.5623348219689925f,0.7052748694259179f,1.1982209795048393f,-1.1352763164776443f,-1.388666476581502f,-0.31318806585747627f,-0.46867480212811274f,1.048918659310785f,0.02978615147712139f,-1.2862739187127707f,0.7711098586612917f,-3.97028388853493f,0f,0f,0f,1f], start_interpolation: 0, interpolation_duration: 1 }
$data merge entity $(bone_group7) { transformation: [-0.5623348219689925f,0.7052748694259179f,1.1982209795048393f,-1.1352763164776443f,-1.388666476581502f,-0.31318806585747627f,-0.46867480212811274f,1.048918659310785f,0.02978615147712139f,-1.2862739187127707f,0.7711098586612917f,-3.97028388853493f,0f,0f,0f,1f], start_interpolation: 0, interpolation_duration: 1 }
$data merge entity $(bone_group8) { transformation: [-0.5623348219689925f,0.7052748694259179f,1.1982209795048393f,-1.1352763164776443f,-1.388666476581502f,-0.31318806585747627f,-0.46867480212811274f,1.048918659310785f,0.02978615147712139f,-1.2862739187127707f,0.7711098586612917f,-3.97028388853493f,0f,0f,0f,1f], start_interpolation: 0, interpolation_duration: 1 }
$data merge entity $(bone_group9) { transformation: [-0.5623348219689925f,0.7052748694259179f,1.1982209795048393f,-1.1352763164776443f,-1.388666476581502f,-0.31318806585747627f,-0.46867480212811274f,1.048918659310785f,0.02978615147712139f,-1.2862739187127707f,0.7711098586612917f,-3.97028388853493f,0f,0f,0f,1f], start_interpolation: 0, interpolation_duration: 1 }
$data merge entity $(bone_group10) { transformation: [-0.5623348219689925f,0.7052748694259179f,1.1982209795048393f,-1.1133101124944806f,-1.388666476581502f,-0.31318806585747627f,-0.46867480212811274f,1.10316344355225f,0.02978615147712139f,-1.2862739187127707f,0.7711098586612917f,-3.9714474100770047f,0f,0f,0f,1f], start_interpolation: 0, interpolation_duration: 1 }
$data merge entity $(bone_plate) { transformation: [-0.5623348219689925f,0.7052748694259179f,1.1982209795048393f,-1.702816073099373f,-1.388666476581502f,-0.31318806585747627f,-0.46867480212811274f,2.1177013185601155f,0.02978615147712139f,-1.2862739187127707f,0.7711098586612917f,-4.023104044591353f,0f,0f,0f,1f], start_interpolation: 0, interpolation_duration: 1 }
$data merge entity $(bone_group12) { transformation: [-0.5623348219689925f,0.7052748694259179f,1.1982209795048393f,-1.1352763164776443f,-1.388666476581502f,-0.31318806585747627f,-0.46867480212811274f,1.048918659310785f,0.02978615147712139f,-1.2862739187127707f,0.7711098586612917f,-3.97028388853493f,0f,0f,0f,1f], start_interpolation: 0, interpolation_duration: 1 }
$data merge entity $(bone_group13) { transformation: [-0.5623348219689925f,0.7052748694259179f,1.1982209795048393f,-1.1352763164776443f,-1.388666476581502f,-0.31318806585747627f,-0.46867480212811274f,1.048918659310785f,0.02978615147712139f,-1.2862739187127707f,0.7711098586612917f,-3.97028388853493f,0f,0f,0f,1f], start_interpolation: 0, interpolation_duration: 1 }
$data merge entity $(bone_group14) { transformation: [-0.5623348219689925f,0.7052748694259179f,1.1982209795048393f,-1.1352763164776443f,-1.388666476581502f,-0.31318806585747627f,-0.46867480212811274f,1.048918659310785f,0.02978615147712139f,-1.2862739187127707f,0.7711098586612917f,-3.97028388853493f,0f,0f,0f,1f], start_interpolation: 0, interpolation_duration: 1 }
$data merge entity $(bone_group17) { transformation: [-0.5623348219689925f,0.7052748694259179f,1.1982209795048393f,-1.1352763164776443f,-1.388666476581502f,-0.31318806585747627f,-0.46867480212811274f,1.048918659310785f,0.02978615147712139f,-1.2862739187127707f,0.7711098586612917f,-3.97028388853493f,0f,0f,0f,1f], start_interpolation: 0, interpolation_duration: 1 }
$data merge entity $(bone_group18) { transformation: [-0.5623348219689925f,0.7052748694259179f,1.1982209795048393f,-1.1352763164776443f,-1.388666476581502f,-0.31318806585747627f,-0.46867480212811274f,1.048918659310785f,0.02978615147712139f,-1.2862739187127707f,0.7711098586612917f,-3.97028388853493f,0f,0f,0f,1f], start_interpolation: 0, interpolation_duration: 1 }
$data merge entity $(bone_group19) { transformation: [-0.5623348219689925f,0.7052748694259179f,1.1982209795048393f,-1.1352763164776443f,-1.388666476581502f,-0.31318806585747627f,-0.46867480212811274f,1.048918659310785f,0.02978615147712139f,-1.2862739187127707f,0.7711098586612917f,-3.97028388853493f,0f,0f,0f,1f], start_interpolation: 0, interpolation_duration: 1 }
$data merge entity $(bone_group20) { transformation: [-0.5623348219689925f,0.7052748694259179f,1.1982209795048393f,-1.1133101124944806f,-1.388666476581502f,-0.31318806585747627f,-0.46867480212811274f,1.10316344355225f,0.02978615147712139f,-1.2862739187127707f,0.7711098586612917f,-3.9714474100770047f,0f,0f,0f,1f], start_interpolation: 0, interpolation_duration: 1 }
$data merge entity $(bone_plate1) { transformation: [-0.5623348219689925f,0.7052748694259179f,1.1982209795048393f,-1.702816073099373f,-1.388666476581502f,-0.31318806585747627f,-0.46867480212811274f,2.1177013185601155f,0.02978615147712139f,-1.2862739187127707f,0.7711098586612917f,-4.023104044591353f,0f,0f,0f,1f], start_interpolation: 0, interpolation_duration: 1 }
$data merge entity $(bone_group21) { transformation: [-0.5623348219689925f,0.7052748694259179f,1.1982209795048393f,-1.1352763164776443f,-1.388666476581502f,-0.31318806585747627f,-0.46867480212811274f,1.048918659310785f,0.02978615147712139f,-1.2862739187127707f,0.7711098586612917f,-3.97028388853493f,0f,0f,0f,1f], start_interpolation: 0, interpolation_duration: 1 }
$data merge entity $(bone_group22) { transformation: [-0.5623348219689925f,0.7052748694259179f,1.1982209795048393f,-1.1352763164776443f,-1.388666476581502f,-0.31318806585747627f,-0.46867480212811274f,1.048918659310785f,0.02978615147712139f,-1.2862739187127707f,0.7711098586612917f,-3.97028388853493f,0f,0f,0f,1f], start_interpolation: 0, interpolation_duration: 1 }
$data merge entity $(bone_group23) { transformation: [-0.5623348219689925f,0.7052748694259179f,1.1982209795048393f,-1.1352763164776443f,-1.388666476581502f,-0.31318806585747627f,-0.46867480212811274f,1.048918659310785f,0.02978615147712139f,-1.2862739187127707f,0.7711098586612917f,-3.97028388853493f,0f,0f,0f,1f], start_interpolation: 0, interpolation_duration: 1 }
$data merge entity $(bone_group26) { transformation: [-0.5623348219689925f,0.7052748694259179f,1.1982209795048393f,-1.1352763164776443f,-1.388666476581502f,-0.31318806585747627f,-0.46867480212811274f,1.048918659310785f,0.02978615147712139f,-1.2862739187127707f,0.7711098586612917f,-3.97028388853493f,0f,0f,0f,1f], start_interpolation: 0, interpolation_duration: 1 }
$data merge entity $(bone_group27) { transformation: [-0.5623348219689925f,0.7052748694259179f,1.1982209795048393f,-1.1352763164776443f,-1.388666476581502f,-0.31318806585747627f,-0.46867480212811274f,1.048918659310785f,0.02978615147712139f,-1.2862739187127707f,0.7711098586612917f,-3.97028388853493f,0f,0f,0f,1f], start_interpolation: 0, interpolation_duration: 1 }
$data merge entity $(bone_group28) { transformation: [-0.5623348219689925f,0.7052748694259179f,1.1982209795048393f,-1.1352763164776443f,-1.388666476581502f,-0.31318806585747627f,-0.46867480212811274f,1.048918659310785f,0.02978615147712139f,-1.2862739187127707f,0.7711098586612917f,-3.97028388853493f,0f,0f,0f,1f], start_interpolation: 0, interpolation_duration: 1 }
$data merge entity $(bone_plate2) { transformation: [-0.5623348219689925f,0.7052748694259179f,1.1982209795048393f,-1.702816073099373f,-1.388666476581502f,-0.31318806585747627f,-0.46867480212811274f,2.1177013185601155f,0.02978615147712139f,-1.2862739187127707f,0.7711098586612917f,-4.023104044591353f,0f,0f,0f,1f], start_interpolation: 0, interpolation_duration: 1 }
$data merge entity $(bone_group31) { transformation: [-0.5623348219689925f,0.7052748694259179f,1.1982209795048393f,-1.1352763164776443f,-1.388666476581502f,-0.31318806585747627f,-0.46867480212811274f,1.048918659310785f,0.02978615147712139f,-1.2862739187127707f,0.7711098586612917f,-3.97028388853493f,0f,0f,0f,1f], start_interpolation: 0, interpolation_duration: 1 }
$data merge entity $(bone_group32) { transformation: [-0.5623348219689925f,0.7052748694259179f,1.1982209795048393f,-1.1352763164776443f,-1.388666476581502f,-0.31318806585747627f,-0.46867480212811274f,1.048918659310785f,0.02978615147712139f,-1.2862739187127707f,0.7711098586612917f,-3.97028388853493f,0f,0f,0f,1f], start_interpolation: 0, interpolation_duration: 1 }
$data merge entity $(bone_group36) { transformation: [-0.5623348219689925f,0.7052748694259179f,1.1982209795048393f,-1.1352763164776443f,-1.388666476581502f,-0.31318806585747627f,-0.46867480212811274f,1.048918659310785f,0.02978615147712139f,-1.2862739187127707f,0.7711098586612917f,-3.97028388853493f,0f,0f,0f,1f], start_interpolation: 0, interpolation_duration: 1 }
$data merge entity $(bone_plate3) { transformation: [-0.5623348219689925f,0.7052748694259179f,1.1982209795048393f,-1.702816073099373f,-1.388666476581502f,-0.31318806585747627f,-0.46867480212811274f,2.1177013185601155f,0.02978615147712139f,-1.2862739187127707f,0.7711098586612917f,-4.023104044591353f,0f,0f,0f,1f], start_interpolation: 0, interpolation_duration: 1 }
$data merge entity $(bone_group40) { transformation: [-0.5623348219689925f,0.7052748694259179f,1.1982209795048393f,-1.1352763164776443f,-1.388666476581502f,-0.31318806585747627f,-0.46867480212811274f,1.048918659310785f,0.02978615147712139f,-1.2862739187127707f,0.7711098586612917f,-3.97028388853493f,0f,0f,0f,1f], start_interpolation: 0, interpolation_duration: 1 }
$data merge entity $(bone_group41) { transformation: [-0.5623348219689925f,0.7052748694259179f,1.1982209795048393f,-1.1352763164776443f,-1.388666476581502f,-0.31318806585747627f,-0.46867480212811274f,1.048918659310785f,0.02978615147712139f,-1.2862739187127707f,0.7711098586612917f,-3.97028388853493f,0f,0f,0f,1f], start_interpolation: 0, interpolation_duration: 1 }
$data merge entity $(bone_group45) { transformation: [-0.5623348219689925f,0.7052748694259179f,1.1982209795048393f,-1.1352763164776443f,-1.388666476581502f,-0.31318806585747627f,-0.46867480212811274f,1.048918659310785f,0.02978615147712139f,-1.2862739187127707f,0.7711098586612917f,-3.97028388853493f,0f,0f,0f,1f], start_interpolation: 0, interpolation_duration: 1 }
$data merge entity $(bone_plate4) { transformation: [-0.5623348219689925f,0.7052748694259179f,1.1982209795048393f,-1.702816073099373f,-1.388666476581502f,-0.31318806585747627f,-0.46867480212811274f,2.1177013185601155f,0.02978615147712139f,-1.2862739187127707f,0.7711098586612917f,-4.023104044591353f,0f,0f,0f,1f], start_interpolation: 0, interpolation_duration: 1 }
$data merge entity $(bone_group49) { transformation: [-0.5623348219689925f,0.7052748694259179f,1.1982209795048393f,-1.1352763164776443f,-1.388666476581502f,-0.31318806585747627f,-0.46867480212811274f,1.048918659310785f,0.02978615147712139f,-1.2862739187127707f,0.7711098586612917f,-3.97028388853493f,0f,0f,0f,1f], start_interpolation: 0, interpolation_duration: 1 }
$data merge entity $(bone_group50) { transformation: [-0.5623348219689925f,0.7052748694259179f,1.1982209795048393f,-1.1352763164776443f,-1.388666476581502f,-0.31318806585747627f,-0.46867480212811274f,1.048918659310785f,0.02978615147712139f,-1.2862739187127707f,0.7711098586612917f,-3.97028388853493f,0f,0f,0f,1f], start_interpolation: 0, interpolation_duration: 1 }
$data merge entity $(bone_group54) { transformation: [-0.5623348219689925f,0.7052748694259179f,1.1982209795048393f,-1.1352763164776443f,-1.388666476581502f,-0.31318806585747627f,-0.46867480212811274f,1.048918659310785f,0.02978615147712139f,-1.2862739187127707f,0.7711098586612917f,-3.97028388853493f,0f,0f,0f,1f], start_interpolation: 0, interpolation_duration: 1 }
$data merge entity $(bone_plate5) { transformation: [-0.5623348219689925f,0.7052748694259179f,1.1982209795048393f,-1.702816073099373f,-1.388666476581502f,-0.31318806585747627f,-0.46867480212811274f,2.1177013185601155f,0.02978615147712139f,-1.2862739187127707f,0.7711098586612917f,-4.023104044591353f,0f,0f,0f,1f], start_interpolation: 0, interpolation_duration: 1 }
$data merge entity $(bone_group58) { transformation: [-0.5623348219689925f,0.7052748694259179f,1.1982209795048393f,-1.1352763164776443f,-1.388666476581502f,-0.31318806585747627f,-0.46867480212811274f,1.048918659310785f,0.02978615147712139f,-1.2862739187127707f,0.7711098586612917f,-3.97028388853493f,0f,0f,0f,1f], start_interpolation: 0, interpolation_duration: 1 }
$data merge entity $(bone_group59) { transformation: [-0.5623348219689925f,0.7052748694259179f,1.1982209795048393f,-1.1352763164776443f,-1.388666476581502f,-0.31318806585747627f,-0.46867480212811274f,1.048918659310785f,0.02978615147712139f,-1.2862739187127707f,0.7711098586612917f,-3.97028388853493f,0f,0f,0f,1f], start_interpolation: 0, interpolation_duration: 1 }
$data merge entity $(bone_plate6) { transformation: [-0.5623348219689925f,0.7052748694259179f,1.1982209795048393f,-1.702816073099373f,-1.388666476581502f,-0.31318806585747627f,-0.46867480212811274f,2.1177013185601155f,0.02978615147712139f,-1.2862739187127707f,0.7711098586612917f,-4.023104044591353f,0f,0f,0f,1f], start_interpolation: 0, interpolation_duration: 1 }
$data merge entity $(bone_group66) { transformation: [-0.5623348219689925f,0.7052748694259179f,1.1982209795048393f,-1.1352763164776443f,-1.388666476581502f,-0.31318806585747627f,-0.46867480212811274f,1.048918659310785f,0.02978615147712139f,-1.2862739187127707f,0.7711098586612917f,-3.97028388853493f,0f,0f,0f,1f], start_interpolation: 0, interpolation_duration: 1 }
$data merge entity $(bone_group67) { transformation: [-0.5623348219689925f,0.7052748694259179f,1.1982209795048393f,-1.1352763164776443f,-1.388666476581502f,-0.31318806585747627f,-0.46867480212811274f,1.048918659310785f,0.02978615147712139f,-1.2862739187127707f,0.7711098586612917f,-3.97028388853493f,0f,0f,0f,1f], start_interpolation: 0, interpolation_duration: 1 }
$data merge entity $(bone_group68) { transformation: [-0.5623348219689925f,0.7052748694259179f,1.1982209795048393f,-1.1352763164776443f,-1.388666476581502f,-0.31318806585747627f,-0.46867480212811274f,1.048918659310785f,0.02978615147712139f,-1.2862739187127707f,0.7711098586612917f,-3.97028388853493f,0f,0f,0f,1f], start_interpolation: 0, interpolation_duration: 1 }
$data merge entity $(bone_group71) { transformation: [-0.5623348219689925f,0.7052748694259179f,1.1982209795048393f,-1.1352763164776443f,-1.388666476581502f,-0.31318806585747627f,-0.46867480212811274f,1.048918659310785f,0.02978615147712139f,-1.2862739187127707f,0.7711098586612917f,-3.97028388853493f,0f,0f,0f,1f], start_interpolation: 0, interpolation_duration: 1 }
$data merge entity $(bone_group72) { transformation: [-0.5623348219689925f,0.7052748694259179f,1.1982209795048393f,-1.1352763164776443f,-1.388666476581502f,-0.31318806585747627f,-0.46867480212811274f,1.048918659310785f,0.02978615147712139f,-1.2862739187127707f,0.7711098586612917f,-3.97028388853493f,0f,0f,0f,1f], start_interpolation: 0, interpolation_duration: 1 }
$data merge entity $(bone_group73) { transformation: [-0.5623348219689925f,0.7052748694259179f,1.1982209795048393f,-1.1352763164776443f,-1.388666476581502f,-0.31318806585747627f,-0.46867480212811274f,1.048918659310785f,0.02978615147712139f,-1.2862739187127707f,0.7711098586612917f,-3.97028388853493f,0f,0f,0f,1f], start_interpolation: 0, interpolation_duration: 1 }
$data merge entity $(bone_group74) { transformation: [-0.5623348219689925f,0.7052748694259179f,1.1982209795048393f,-1.1133101124944806f,-1.388666476581502f,-0.31318806585747627f,-0.46867480212811274f,1.10316344355225f,0.02978615147712139f,-1.2862739187127707f,0.7711098586612917f,-3.9714474100770047f,0f,0f,0f,1f], start_interpolation: 0, interpolation_duration: 1 }
$data merge entity $(bone_plate7) { transformation: [-0.5623348219689925f,0.7052748694259179f,1.1982209795048393f,-1.702816073099373f,-1.388666476581502f,-0.31318806585747627f,-0.46867480212811274f,2.1177013185601155f,0.02978615147712139f,-1.2862739187127707f,0.7711098586612917f,-4.023104044591353f,0f,0f,0f,1f], start_interpolation: 0, interpolation_duration: 1 }
$data merge entity $(bone_group75) { transformation: [-0.5623348219689925f,0.7052748694259179f,1.1982209795048393f,-1.1352763164776443f,-1.388666476581502f,-0.31318806585747627f,-0.46867480212811274f,1.048918659310785f,0.02978615147712139f,-1.2862739187127707f,0.7711098586612917f,-3.97028388853493f,0f,0f,0f,1f], start_interpolation: 0, interpolation_duration: 1 }
$data merge entity $(bone_group76) { transformation: [-0.5623348219689925f,0.7052748694259179f,1.1982209795048393f,-1.1352763164776443f,-1.388666476581502f,-0.31318806585747627f,-0.46867480212811274f,1.048918659310785f,0.02978615147712139f,-1.2862739187127707f,0.7711098586612917f,-3.97028388853493f,0f,0f,0f,1f], start_interpolation: 0, interpolation_duration: 1 }
$data merge entity $(bone_group77) { transformation: [-0.5623348219689925f,0.7052748694259179f,1.1982209795048393f,-1.1352763164776443f,-1.388666476581502f,-0.31318806585747627f,-0.46867480212811274f,1.048918659310785f,0.02978615147712139f,-1.2862739187127707f,0.7711098586612917f,-3.97028388853493f,0f,0f,0f,1f], start_interpolation: 0, interpolation_duration: 1 }
$data merge entity $(bone_group80) { transformation: [-0.5623348219689925f,0.7052748694259179f,1.1982209795048393f,-1.1352763164776443f,-1.388666476581502f,-0.31318806585747627f,-0.46867480212811274f,1.048918659310785f,0.02978615147712139f,-1.2862739187127707f,0.7711098586612917f,-3.97028388853493f,0f,0f,0f,1f], start_interpolation: 0, interpolation_duration: 1 }
$data merge entity $(bone_group81) { transformation: [-0.5623348219689925f,0.7052748694259179f,1.1982209795048393f,-1.1352763164776443f,-1.388666476581502f,-0.31318806585747627f,-0.46867480212811274f,1.048918659310785f,0.02978615147712139f,-1.2862739187127707f,0.7711098586612917f,-3.97028388853493f,0f,0f,0f,1f], start_interpolation: 0, interpolation_duration: 1 }
$data merge entity $(bone_group82) { transformation: [-0.5623348219689925f,0.7052748694259179f,1.1982209795048393f,-1.1352763164776443f,-1.388666476581502f,-0.31318806585747627f,-0.46867480212811274f,1.048918659310785f,0.02978615147712139f,-1.2862739187127707f,0.7711098586612917f,-3.97028388853493f,0f,0f,0f,1f], start_interpolation: 0, interpolation_duration: 1 }
$data merge entity $(bone_group83) { transformation: [-0.5623348219689925f,0.7052748694259179f,1.1982209795048393f,-1.1133101124944806f,-1.388666476581502f,-0.31318806585747627f,-0.46867480212811274f,1.10316344355225f,0.02978615147712139f,-1.2862739187127707f,0.7711098586612917f,-3.9714474100770047f,0f,0f,0f,1f], start_interpolation: 0, interpolation_duration: 1 }
$data merge entity $(bone_plate8) { transformation: [-0.5623348219689925f,0.7052748694259179f,1.1982209795048393f,-1.702816073099373f,-1.388666476581502f,-0.31318806585747627f,-0.46867480212811274f,2.1177013185601155f,0.02978615147712139f,-1.2862739187127707f,0.7711098586612917f,-4.023104044591353f,0f,0f,0f,1f], start_interpolation: 0, interpolation_duration: 1 }
$data merge entity $(bone_group85) { transformation: [-0.5623348219689925f,0.7052748694259179f,1.1982209795048393f,-0.6098633117412773f,-1.388666476581502f,-0.31318806585747627f,-0.46867480212811274f,0.8513657815068435f,0.02978615147712139f,-1.2862739187127707f,0.7711098586612917f,-4.7335411397340925f,0f,0f,0f,1f], start_interpolation: 0, interpolation_duration: 1 }
$data merge entity $(bone_group87) { transformation: [-0.5623348219689925f,0.7052748694259179f,1.1982209795048393f,-1.1352763164776443f,-1.388666476581502f,-0.31318806585747627f,-0.46867480212811274f,1.048918659310785f,0.02978615147712139f,-1.2862739187127707f,0.7711098586612917f,-3.97028388853493f,0f,0f,0f,1f], start_interpolation: 0, interpolation_duration: 1 }
$data merge entity $(bone_group88) { transformation: [-0.5623348219689925f,0.7052748694259179f,1.1982209795048393f,-1.1352763164776443f,-1.388666476581502f,-0.31318806585747627f,-0.46867480212811274f,1.048918659310785f,0.02978615147712139f,-1.2862739187127707f,0.7711098586612917f,-3.97028388853493f,0f,0f,0f,1f], start_interpolation: 0, interpolation_duration: 1 }
$data merge entity $(bone_group92) { transformation: [-0.5623348219689925f,0.7052748694259179f,1.1982209795048393f,-1.1352763164776443f,-1.388666476581502f,-0.31318806585747627f,-0.46867480212811274f,1.048918659310785f,0.02978615147712139f,-1.2862739187127707f,0.7711098586612917f,-3.97028388853493f,0f,0f,0f,1f], start_interpolation: 0, interpolation_duration: 1 }
$data merge entity $(bone_plate9) { transformation: [-0.5623348219689925f,0.7052748694259179f,1.1982209795048393f,-1.702816073099373f,-1.388666476581502f,-0.31318806585747627f,-0.46867480212811274f,2.1177013185601155f,0.02978615147712139f,-1.2862739187127707f,0.7711098586612917f,-4.023104044591353f,0f,0f,0f,1f], start_interpolation: 0, interpolation_duration: 1 }
$data merge entity $(bone_group96) { transformation: [-0.5623348219689925f,0.7052748694259179f,1.1982209795048393f,-1.1352763164776445f,-1.388666476581502f,-0.31318806585747627f,-0.46867480212811274f,1.0489186593107849f,0.02978615147712139f,-1.2862739187127707f,0.7711098586612917f,-3.9702838885349303f,0f,0f,0f,1f], start_interpolation: 0, interpolation_duration: 1 }
$data merge entity $(bone_group97) { transformation: [-0.5623348219689925f,0.7052748694259179f,1.1982209795048393f,-1.1352763164776445f,-1.388666476581502f,-0.31318806585747627f,-0.46867480212811274f,1.0489186593107849f,0.02978615147712139f,-1.2862739187127707f,0.7711098586612917f,-3.9702838885349303f,0f,0f,0f,1f], start_interpolation: 0, interpolation_duration: 1 }
$data merge entity $(bone_group95) { transformation: [-0.5623348219689925f,0.7052748694259179f,1.1982209795048393f,-0.764269589233981f,-1.388666476581502f,-0.31318806585747627f,-0.46867480212811274f,0.9498604487380728f,0.02978615147712139f,-1.2862739187127707f,0.7711098586612917f,-4.529058525534325f,0f,0f,0f,1f], start_interpolation: 0, interpolation_duration: 1 }
$data merge entity $(bone_group1) { transformation: [-0.5623348219689925f,0.7052748694259179f,1.1982209795048393f,-1.702816073099373f,-1.388666476581502f,-0.31318806585747627f,-0.46867480212811274f,2.1177013185601155f,0.02978615147712139f,-1.2862739187127707f,0.7711098586612917f,-4.023104044591353f,0f,0f,0f,1f], start_interpolation: 0, interpolation_duration: 1 }
$data merge entity $(bone_group98) { transformation: [-0.5623348219689925f,0.7052748694259179f,1.1982209795048393f,-1.1352763164776445f,-1.388666476581502f,-0.31318806585747627f,-0.46867480212811274f,1.048918659310785f,0.02978615147712139f,-1.2862739187127707f,0.7711098586612917f,-3.9702838885349294f,0f,0f,0f,1f], start_interpolation: 0, interpolation_duration: 1 }
$data merge entity $(bone_group100) { transformation: [-0.5623348219689925f,0.7052748694259179f,1.1982209795048393f,-1.1352763164776445f,-1.388666476581502f,-0.31318806585747627f,-0.46867480212811274f,1.048918659310785f,0.02978615147712139f,-1.2862739187127707f,0.7711098586612917f,-3.9702838885349294f,0f,0f,0f,1f], start_interpolation: 0, interpolation_duration: 1 }
$data merge entity $(bone_group99) { transformation: [-0.5623348219689925f,0.7052748694259179f,1.1982209795048393f,-1.1352763164776445f,-1.388666476581502f,-0.31318806585747627f,-0.46867480212811274f,1.048918659310785f,0.02978615147712139f,-1.2862739187127707f,0.7711098586612917f,-3.9702838885349294f,0f,0f,0f,1f], start_interpolation: 0, interpolation_duration: 1 }
$data merge entity $(bone_group101) { transformation: [-0.5623348219689925f,0.7052748694259179f,1.1982209795048393f,-1.1352763164776445f,-1.388666476581502f,-0.31318806585747627f,-0.46867480212811274f,1.048918659310785f,0.02978615147712139f,-1.2862739187127707f,0.7711098586612917f,-3.9702838885349294f,0f,0f,0f,1f], start_interpolation: 0, interpolation_duration: 1 }
$data merge entity $(bone_group102) { transformation: [-0.5623348219689925f,0.7052748694259179f,1.1982209795048393f,-1.1352763164776443f,-1.388666476581502f,-0.31318806585747627f,-0.46867480212811274f,1.048918659310785f,0.02978615147712139f,-1.2862739187127707f,0.7711098586612917f,-3.97028388853493f,0f,0f,0f,1f], start_interpolation: 0, interpolation_duration: 1 }
$data merge entity $(bone_group103) { transformation: [-0.5623348219689925f,0.7052748694259179f,1.1982209795048393f,-1.1352763164776443f,-1.388666476581502f,-0.31318806585747627f,-0.46867480212811274f,1.048918659310785f,0.02978615147712139f,-1.2862739187127707f,0.7711098586612917f,-3.97028388853493f,0f,0f,0f,1f], start_interpolation: 0, interpolation_duration: 1 }
$data merge entity $(bone_group104) { transformation: [-0.5623348219689925f,0.7052748694259179f,1.1982209795048393f,-1.1352763164776443f,-1.388666476581502f,-0.31318806585747627f,-0.46867480212811274f,1.048918659310785f,0.02978615147712139f,-1.2862739187127707f,0.7711098586612917f,-3.97028388853493f,0f,0f,0f,1f], start_interpolation: 0, interpolation_duration: 1 }
$data merge entity $(bone_group107) { transformation: [-0.5623348219689925f,0.7052748694259179f,1.1982209795048393f,-1.1352763164776443f,-1.388666476581502f,-0.31318806585747627f,-0.46867480212811274f,1.048918659310785f,0.02978615147712139f,-1.2862739187127707f,0.7711098586612917f,-3.97028388853493f,0f,0f,0f,1f], start_interpolation: 0, interpolation_duration: 1 }
$data merge entity $(bone_group108) { transformation: [-0.5623348219689925f,0.7052748694259179f,1.1982209795048393f,-1.1352763164776443f,-1.388666476581502f,-0.31318806585747627f,-0.46867480212811274f,1.048918659310785f,0.02978615147712139f,-1.2862739187127707f,0.7711098586612917f,-3.97028388853493f,0f,0f,0f,1f], start_interpolation: 0, interpolation_duration: 1 }
$data merge entity $(bone_group109) { transformation: [-0.5623348219689925f,0.7052748694259179f,1.1982209795048393f,-1.1352763164776443f,-1.388666476581502f,-0.31318806585747627f,-0.46867480212811274f,1.048918659310785f,0.02978615147712139f,-1.2862739187127707f,0.7711098586612917f,-3.97028388853493f,0f,0f,0f,1f], start_interpolation: 0, interpolation_duration: 1 }
$data merge entity $(bone_group110) { transformation: [-0.5623348219689925f,0.7052748694259179f,1.1982209795048393f,-1.1133101124944806f,-1.388666476581502f,-0.31318806585747627f,-0.46867480212811274f,1.10316344355225f,0.02978615147712139f,-1.2862739187127707f,0.7711098586612917f,-3.9714474100770047f,0f,0f,0f,1f], start_interpolation: 0, interpolation_duration: 1 }
$data merge entity $(bone_plate10) { transformation: [-0.5623348219689925f,0.7052748694259179f,1.1982209795048393f,-1.702816073099373f,-1.388666476581502f,-0.31318806585747627f,-0.46867480212811274f,2.1177013185601155f,0.02978615147712139f,-1.2862739187127707f,0.7711098586612917f,-4.023104044591353f,0f,0f,0f,1f], start_interpolation: 0, interpolation_duration: 1 }
$data merge entity $(bone_group111) { transformation: [-0.5623348219689925f,0.7052748694259179f,1.1982209795048393f,-1.702816073099373f,-1.388666476581502f,-0.31318806585747627f,-0.46867480212811274f,2.1177013185601155f,0.02978615147712139f,-1.2862739187127707f,0.7711098586612917f,-4.023104044591353f,0f,0f,0f,1f], start_interpolation: 0, interpolation_duration: 1 }
$data merge entity $(bone_2) { transformation: [-0.3748898813126619f,-0.7988139863365596f,0.4701832462839449f,-1.1344577967818128f,-0.9257776510543346f,0.31244986808540853f,-0.20879204390498435f,1.186780286132495f,0.019857434318081138f,-0.5140732391075276f,-0.857515945808514f,-4.104325339489015f,0f,0f,0f,1f], start_interpolation: 0, interpolation_duration: 1 }
$data merge entity $(bone_1) { transformation: [-0.375265146459121f,-0.7988139863365596f,0.4701832462839449f,-1.4340130416580226f,-0.9267043554097444f,0.31244986808540853f,-0.20879204390498435f,1.303948986664523f,0.019877311629710848f,-0.5140732391075276f,-0.857515945808514f,-4.2971028041543375f,0f,0f,0f,1f], start_interpolation: 0, interpolation_duration: 1 }
$data merge entity $(bone_4) { transformation: [0.6777171343262696f,0.3514800272625752f,-0.6451676491476658f,-2.1584296746512712f,-0.5384826184016758f,0.8348143257401524f,-0.11198532540360734f,1.1073254027703217f,0.4987353561959128f,0.4237296685087251f,0.7557896475789561f,-4.370305320812806f,0f,0f,0f,1f], start_interpolation: 0, interpolation_duration: 1 }
$data merge entity $(bone_3) { transformation: [0.6783955298561257f,0.6950072044766802f,-0.23821102156855853f,-1.9446553163982394f,-0.5390216400417175f,0.6911458720519694f,0.4814281411719301f,1.2974647041241272f,0.4992345907866995f,-0.1981978033960839f,0.8434941932763995f,-4.455504487235905f,0f,0f,0f,1f], start_interpolation: 0, interpolation_duration: 1 }
$data merge entity $(bone_8) { transformation: [0.9188613642627969f,0.04420769972431439f,-0.3920962541904684f,-1.4768677375188701f,0.2721976567121481f,0.6483864824871834f,0.7109876264804562f,0.4301827521686813f,0.2856610385501094f,-0.7600267420380562f,0.5837440555941369f,-4.135624165982039f,0f,0f,0f,1f], start_interpolation: 0, interpolation_duration: 1 }
$data merge entity $(bone_7) { transformation: [0.9188613642627969f,-0.1256412548738911f,-0.37404286965376776f,-1.5223766812235568f,0.2721976567121481f,0.888114072909753f,0.37035365420104255f,0.723449246541864f,0.2856610385501094f,-0.44211725658852513f,0.8502529638178916f,-4.268684112325586f,0f,0f,0f,1f], start_interpolation: 0, interpolation_duration: 1 }
$data merge entity $(block_display_block_display) { transformation: [0.594709963302607f,0f,-0.000009914448613738104f,-1.6874999999999996f,0f,1.859375f,0f,0.0625f,4.517270649634421f,0f,0.0000013052619222005102f,-4.375f,0f,0f,0f,1f], start_interpolation: 0, interpolation_duration: 1 }
data modify entity @s data merge value {"locators":{},"cameras":{"camera2":{"posx":-1.9135106236677394e-16,"posy":1.25,"posz":1.5625,"roty":180,"rotx":0}}}