# This file was generated by Animated Java via MC-Build. It is not recommended to edit this file directly.
$data merge entity $(bone_11) {transformation: [-1f,0f,0f,0f,0f,1f,0f,-0.5937f,0f,0f,-1f,0f,0f,0f,0f,1f],start_interpolation: 0,interpolation_duration: 1}
$data merge entity $(bone_bone54) {transformation: [-0.9754f,0.2162f,-0.0436f,-0.183f,0.2164f,0.9763f,0f,-0.8824f,0.0426f,-0.0094f,-0.999f,-0.2615f,0f,0f,0f,1f],start_interpolation: 0,interpolation_duration: 1}
$data merge entity $(bone_bone53) {transformation: [-0.9763f,0.0651f,-0.2064f,-0.1562f,0f,0.9537f,0.3007f,-0.5937f,0.2164f,0.2936f,-0.9311f,-0.1406f,0f,0f,0f,1f],start_interpolation: 0,interpolation_duration: 1}
$data merge entity $(bone_bone57) {transformation: [-0.9397f,-0.1028f,0.3262f,0.1669f,0.0446f,0.9087f,0.4151f,-0.8997f,-0.3391f,0.4046f,-0.8493f,-0.2105f,0f,0f,0f,1f],start_interpolation: 0,interpolation_duration: 1}
$data merge entity $(bone_bone56) {transformation: [-0.9397f,0f,0.342f,0.1563f,0.0446f,0.9914f,0.1227f,-0.5937f,-0.3391f,0.1305f,-0.9317f,-0.1406f,0f,0f,0f,1f],start_interpolation: 0,interpolation_duration: 1}
$data merge entity $(bone_12) {transformation: [-1f,0f,0f,0.3125f,0f,1f,0f,-0.2187f,0f,0f,-1f,0f,0f,0f,0f,1f],start_interpolation: 0,interpolation_duration: 1}
$data merge entity $(bone_ring) {transformation: [0f,1.5f,0f,-0.5312f,1.5f,0f,0f,0.0313f,0f,0f,-1.5f,-0.4219f,0f,0f,0f,1f],start_interpolation: 0,interpolation_duration: 1}
$data merge entity $(bone_9) {transformation: [-1f,0f,0f,0f,0f,1f,0f,-0.7812f,0f,0f,-1f,0f,0f,0f,0f,1f],start_interpolation: 0,interpolation_duration: 1}
$data merge entity $(bone_bone5) {transformation: [-0.9615f,0.2236f,0.1599f,-0.2263f,0.2132f,0.9737f,-0.0801f,-1.6477f,-0.1736f,-0.043f,-0.9839f,0.1739f,0f,0f,0f,1f],start_interpolation: 0,interpolation_duration: 1}
$data merge entity $(bone_bone2) {transformation: [-0.9615f,0.248f,0.1187f,-0.1875f,0.2132f,0.945f,-0.248f,-1.5f,-0.1736f,-0.2132f,-0.9615f,0.1406f,0f,0f,0f,1f],start_interpolation: 0,interpolation_duration: 1}
$data merge entity $(bone_bone9) {transformation: [-0.999f,-0.0067f,0.044f,-0.0692f,0.0087f,0.9398f,0.3416f,-1.6417f,-0.0436f,0.3417f,-0.9388f,0.2345f,0f,0f,0f,1f],start_interpolation: 0,interpolation_duration: 1}
$data merge entity $(bone_bone8) {transformation: [-0.999f,0.0214f,0.039f,-0.0625f,0.0087f,0.9536f,-0.3011f,-1.3437f,-0.0436f,-0.3004f,-0.9528f,0.1406f,0f,0f,0f,1f],start_interpolation: 0,interpolation_duration: 1}
$data merge entity $(bone_bone12) {transformation: [-0.9962f,-0.0871f,-0.0038f,0.0881f,-0.0872f,0.9952f,0.0435f,-1.6363f,0f,0.0436f,-0.999f,0.2319f,0f,0f,0f,1f],start_interpolation: 0,interpolation_duration: 1}
$data merge entity $(bone_bone11) {transformation: [-0.9962f,-0.0819f,0.0298f,0.0625f,-0.0872f,0.9361f,-0.3407f,-1.3437f,0f,-0.342f,-0.9397f,0.125f,0f,0f,0f,1f],start_interpolation: 0,interpolation_duration: 1}
$data merge entity $(bone_bone15) {transformation: [-0.9615f,-0.1736f,-0.2132f,0.2549f,-0.1695f,0.9848f,-0.0376f,-1.6417f,0.2164f,0f,-0.9763f,0.191f,0f,0f,0f,1f],start_interpolation: 0,interpolation_duration: 1}
$data merge entity $(bone_bone14) {transformation: [-0.9615f,-0.2157f,-0.1705f,0.1875f,-0.1695f,0.9533f,-0.2498f,-1.3437f,0.2164f,-0.2113f,-0.9532f,0.125f,0f,0f,0f,1f],start_interpolation: 0,interpolation_duration: 1}
$data merge entity $(bone_bone18) {transformation: [-0.9347f,0.3107f,-0.1726f,-0.2418f,0.2311f,0.9002f,0.369f,-1.6468f,0.27f,0.3051f,-0.9133f,-0.1941f,0f,0f,0f,1f],start_interpolation: 0,interpolation_duration: 1}
$data merge entity $(bone_bone17) {transformation: [-0.8306f,0.1736f,-0.5291f,-0.1875f,0.0509f,0.9698f,0.2383f,-1.3437f,0.5546f,0.171f,-0.8144f,-0.1406f,0f,0f,0f,1f],start_interpolation: 0,interpolation_duration: 1}
$data merge entity $(bone_bone21) {transformation: [-0.9891f,-0.0212f,-0.1457f,-0.0729f,-0.0322f,0.9968f,0.0738f,-1.5843f,0.1437f,0.0777f,-0.9866f,-0.3398f,0f,0f,0f,1f],start_interpolation: 0,interpolation_duration: 1}
$data merge entity $(bone_bone20) {transformation: [-0.9239f,0.0334f,-0.3812f,-0.0625f,-0.2195f,0.7698f,0.5993f,-1.3437f,0.3135f,0.6374f,-0.7039f,-0.1406f,0f,0f,0f,1f],start_interpolation: 0,interpolation_duration: 1}
$data merge entity $(bone_bone24) {transformation: [-0.9174f,-0.048f,0.3951f,0.0766f,0.2372f,0.7314f,0.6394f,-1.6308f,-0.3197f,0.6803f,-0.6596f,-0.2633f,0f,0f,0f,1f],start_interpolation: 0,interpolation_duration: 1}
$data merge entity $(bone_bone23) {transformation: [-0.9651f,-0.0451f,0.2578f,0.0625f,0.0614f,0.9186f,0.3905f,-1.3437f,-0.2544f,0.3927f,-0.8838f,-0.1406f,0f,0f,0f,1f],start_interpolation: 0,interpolation_duration: 1}
$data merge entity $(bone_bone27) {transformation: [-0.9476f,-0.1888f,0.2578f,0.2024f,-0.0295f,0.855f,0.5178f,-1.6501f,-0.3182f,0.4831f,-0.8157f,-0.2005f,0f,0f,0f,1f],start_interpolation: 0,interpolation_duration: 1}
$data merge entity $(bone_bone26) {transformation: [-0.9058f,-0.0477f,0.421f,0.1875f,0.0384f,0.9803f,0.1937f,-1.3437f,-0.422f,0.1916f,-0.8861f,-0.1406f,0f,0f,0f,1f],start_interpolation: 0,interpolation_duration: 1}
$data merge entity $(bone_bone30) {transformation: [-0.6756f,-0.7373f,0f,0.3725f,-0.7373f,0.6756f,0f,-1.6374f,0f,0f,-1f,0.0625f,0f,0f,0f,1f],start_interpolation: 0,interpolation_duration: 1}
$data merge entity $(bone_bone29) {transformation: [-0.9397f,-0.342f,0f,0.2656f,-0.342f,0.9397f,0f,-1.3437f,0f,0f,-1f,0.0625f,0f,0f,0f,1f],start_interpolation: 0,interpolation_duration: 1}
$data merge entity $(bone_bone33) {transformation: [-0.999f,-0.0436f,0f,0.3852f,-0.0436f,0.999f,0f,-1.6325f,0f,0f,-1f,-0.0625f,0f,0f,0f,1f],start_interpolation: 0,interpolation_duration: 1}
$data merge entity $(bone_bone32) {transformation: [-0.9239f,-0.3827f,0f,0.2656f,-0.3827f,0.9239f,0f,-1.3437f,0f,0f,-1f,-0.0625f,0f,0f,0f,1f],start_interpolation: 0,interpolation_duration: 1}
$data merge entity $(bone_bone36) {transformation: [-0.9094f,0.3343f,-0.2473f,-0.3061f,0.3947f,0.8813f,-0.2598f,-1.6509f,0.1311f,-0.3339f,-0.9334f,0.1033f,0f,0f,0f,1f],start_interpolation: 0,interpolation_duration: 1}
$data merge entity $(bone_bone35) {transformation: [-0.9914f,0.1294f,-0.017f,-0.2656f,0.1305f,0.983f,-0.1294f,-1.3437f,0f,-0.1305f,-0.9914f,0.0625f,0f,0f,0f,1f],start_interpolation: 0,interpolation_duration: 1}
$data merge entity $(bone_bone39) {transformation: [-0.9506f,0.0669f,0.3031f,-0.3533f,0.0809f,0.9961f,0.0339f,-1.6424f,-0.2997f,0.0568f,-0.9523f,-0.0343f,0f,0f,0f,1f],start_interpolation: 0,interpolation_duration: 1}
$data merge entity $(bone_bone38) {transformation: [-0.9427f,0.2807f,0.1805f,-0.2656f,0.2568f,0.9556f,-0.1448f,-1.3437f,-0.2132f,-0.0902f,-0.9728f,-0.0625f,0f,0f,0f,1f],start_interpolation: 0,interpolation_duration: 1}
$data merge entity $(bone_10) {transformation: [-1f,0f,0f,0f,0f,1f,0f,-1.1562f,0f,0f,-1f,0f,0f,0f,0f,1f],start_interpolation: 0,interpolation_duration: 1}
$data merge entity $(bone_bone1) {transformation: [-1f,0f,0f,0f,0f,1f,0f,-0.9375f,0f,0f,-1f,0f,0f,0f,0f,1f],start_interpolation: 0,interpolation_duration: 1}
$data merge entity $(bone_bone45) {transformation: [-0.9686f,-0.1086f,-0.2239f,-0.46f,-0.1704f,0.9452f,0.2785f,-0.8838f,0.1813f,0.3079f,-0.934f,-0.1962f,0f,0f,0f,1f],start_interpolation: 0,interpolation_duration: 1}
$data merge entity $(bone_bone44) {transformation: [-0.9654f,0.257f,-0.0443f,-0.3797f,0.2449f,0.9517f,0.185f,-0.5864f,0.0897f,0.1677f,-0.9817f,-0.1438f,0f,0f,0f,1f],start_interpolation: 0,interpolation_duration: 1}
$data merge entity $(bone_bone48) {transformation: [-0.6867f,0.0805f,-0.7225f,-0.6193f,0.2112f,0.9731f,-0.0923f,-1.1774f,0.6956f,-0.216f,-0.6852f,0.0293f,0f,0f,0f,1f],start_interpolation: 0,interpolation_duration: 1}
$data merge entity $(bone_bone47) {transformation: [-0.9171f,0.3036f,-0.2583f,-0.5055f,0.3066f,0.9514f,0.0294f,-0.8206f,0.2546f,-0.0522f,-0.9656f,0.0097f,0f,0f,0f,1f],start_interpolation: 0,interpolation_duration: 1}
$data merge entity $(bone_3) {transformation: [-0.943f,0.2273f,-0.243f,-0.3445f,0.2091f,0.9729f,0.0986f,-0.7284f,0.2588f,0.0421f,-0.965f,-0.0214f,0f,0f,0f,1f],start_interpolation: 0,interpolation_duration: 1}
$data merge entity $(bone_4) {transformation: [-0.943f,0.1693f,-0.2864f,-0.4545f,0.2091f,0.9712f,-0.1144f,-0.9343f,0.2588f,-0.1677f,-0.9513f,-0.0147f,0f,0f,0f,1f],start_interpolation: 0,interpolation_duration: 1}
$data merge entity $(bone_bone42) {transformation: [-0.9827f,-0.089f,-0.1623f,0.4495f,-0.1648f,0.8199f,0.5483f,-0.883f,0.0843f,0.5655f,-0.8204f,-0.2066f,0f,0f,0f,1f],start_interpolation: 0,interpolation_duration: 1}
$data merge entity $(bone_bone41) {transformation: [-0.9002f,-0.2817f,0.3322f,0.3615f,-0.1853f,0.9379f,0.2932f,-0.5899f,-0.3942f,0.2024f,-0.8965f,-0.1434f,0f,0f,0f,1f],start_interpolation: 0,interpolation_duration: 1}
$data merge entity $(bone_bone51) {transformation: [-0.8165f,-0.3926f,0.4233f,0.5735f,-0.4194f,0.9072f,0.0324f,-1.1922f,-0.3968f,-0.1511f,-0.9054f,0.0225f,0f,0f,0f,1f],start_interpolation: 0,interpolation_duration: 1}
$data merge entity $(bone_bone50) {transformation: [-0.8821f,-0.2066f,0.4233f,0.4961f,-0.2131f,0.9765f,0.0324f,-0.826f,-0.42f,-0.0616f,-0.9054f,-0.0006f,0f,0f,0f,1f],start_interpolation: 0,interpolation_duration: 1}
$data merge entity $(bone_1) {transformation: [-0.9764f,-0.1791f,0.1208f,0.3364f,-0.1722f,0.9829f,0.0656f,-0.7274f,-0.1305f,0.0432f,-0.9905f,-0.0136f,0f,0f,0f,1f],start_interpolation: 0,interpolation_duration: 1}
$data merge entity $(bone_2) {transformation: [-0.9764f,-0.1417f,0.1631f,0.4061f,-0.1722f,0.9664f,-0.191f,-0.937f,-0.1305f,-0.2146f,-0.9679f,-0.0189f,0f,0f,0f,1f],start_interpolation: 0,interpolation_duration: 1}
$data merge entity $(bone_7) {transformation: [-0.999f,0.0435f,-0.0038f,-0.1269f,0.0436f,0.9952f,-0.0871f,-1.532f,0f,-0.0872f,-0.9962f,0.0163f,0f,0f,0f,1f],start_interpolation: 0,interpolation_duration: 1}
$data merge entity $(bone_8) {transformation: [-0.999f,0.041f,0.0149f,-0.133f,0.0436f,0.9388f,0.3417f,-1.6709f,0f,0.342f,-0.9397f,0.0411f,0f,0f,0f,1f],start_interpolation: 0,interpolation_duration: 1}
$data merge entity $(bone_5) {transformation: [-0.999f,-0.0436f,0f,0.1188f,-0.0436f,0.999f,0f,-1.3454f,0f,0f,-1f,0f,0f,0f,0f,1f],start_interpolation: 0,interpolation_duration: 1}
$data merge entity $(bone_6) {transformation: [-0.999f,-0.0421f,-0.0113f,0.1335f,-0.0436f,0.965f,0.2586f,-1.6826f,0f,0.2588f,-0.9659f,0.0063f,0f,0f,0f,1f],start_interpolation: 0,interpolation_duration: 1}