# This file was generated by Animated Java via MC-Build. It is not recommended to edit this file directly.
$data merge entity $(bone_bone54) {transformation: [-0.9743f,0.221f,-0.0427f,-0.1827f,0.2214f,0.9752f,-0.0029f,1.2116f,0.041f,-0.0123f,-0.9991f,-0.2622f,0f,0f,0f,1f],start_interpolation: 0,interpolation_duration: 1}
$data merge entity $(bone_bone53) {transformation: [-0.9742f,0.0628f,-0.2166f,-0.1562f,-0.0059f,0.953f,0.3028f,1.5f,0.2255f,0.2963f,-0.9281f,-0.1406f,0f,0f,0f,1f],start_interpolation: 0,interpolation_duration: 1}
$data merge entity $(bone_bone57) {transformation: [-0.9395f,-0.1123f,0.3237f,0.166f,0.0395f,0.9029f,0.428f,1.1936f,-0.3403f,0.4149f,-0.8439f,-0.2087f,0f,0f,0f,1f],start_interpolation: 0,interpolation_duration: 1}
$data merge entity $(bone_bone56) {transformation: [-0.939f,0.0032f,0.3438f,0.1563f,0.0459f,0.9922f,0.116f,1.5f,-0.3408f,0.1247f,-0.9318f,-0.1406f,0f,0f,0f,1f],start_interpolation: 0,interpolation_duration: 1}
$data merge entity $(bone_bone5) {transformation: [-0.9613f,0.2231f,0.1614f,-0.2262f,0.212f,0.9737f,-0.083f,0.4461f,-0.1757f,-0.0456f,-0.9834f,0.1739f,0f,0f,0f,1f],start_interpolation: 0,interpolation_duration: 1}
$data merge entity $(bone_bone2) {transformation: [-0.9613f,0.2474f,0.1209f,-0.1875f,0.212f,0.9452f,-0.2481f,0.5938f,-0.1757f,-0.2129f,-0.9611f,0.1406f,0f,0f,0f,1f],start_interpolation: 0,interpolation_duration: 1}
$data merge entity $(bone_bone9) {transformation: [-0.9989f,-0.0072f,0.0458f,-0.0694f,0.0087f,0.941f,0.3382f,0.4521f,-0.0455f,0.3382f,-0.94f,0.2347f,0f,0f,0f,1f],start_interpolation: 0,interpolation_duration: 1}
$data merge entity $(bone_bone8) {transformation: [-0.9989f,0.022f,0.0408f,-0.0625f,0.0087f,0.9534f,-0.3017f,0.75f,-0.0455f,-0.301f,-0.9525f,0.1406f,0f,0f,0f,1f],start_interpolation: 0,interpolation_duration: 1}
$data merge entity $(bone_bone12) {transformation: [-0.9963f,-0.0857f,-0.0058f,0.088f,-0.0859f,0.9955f,0.0395f,0.4574f,0.0024f,0.0398f,-0.9992f,0.2316f,0f,0f,0f,1f],start_interpolation: 0,interpolation_duration: 1}
$data merge entity $(bone_bone11) {transformation: [-0.9963f,-0.0815f,0.0271f,0.0625f,-0.0859f,0.9364f,-0.3402f,0.75f,0.0024f,-0.3413f,-0.94f,0.125f,0f,0f,0f,1f],start_interpolation: 0,interpolation_duration: 1}
$data merge entity $(bone_bone15) {transformation: [-0.9613f,-0.1731f,-0.2141f,0.2548f,-0.169f,0.9849f,-0.0375f,0.4521f,0.2174f,0.0002f,-0.9761f,0.1912f,0f,0f,0f,1f],start_interpolation: 0,interpolation_duration: 1}
$data merge entity $(bone_bone14) {transformation: [-0.9613f,-0.2155f,-0.1714f,0.1875f,-0.169f,0.9533f,-0.2504f,0.75f,0.2174f,-0.2117f,-0.9529f,0.125f,0f,0f,0f,1f],start_interpolation: 0,interpolation_duration: 1}
$data merge entity $(bone_bone18) {transformation: [-0.9377f,0.3012f,-0.1733f,-0.2432f,0.225f,0.9064f,0.3576f,0.4468f,0.2648f,0.2963f,-0.9176f,-0.192f,0f,0f,0f,1f],start_interpolation: 0,interpolation_duration: 1}
$data merge entity $(bone_bone17) {transformation: [-0.8292f,0.1781f,-0.5298f,-0.1875f,0.0581f,0.9702f,0.2353f,0.75f,0.5559f,0.1643f,-0.8149f,-0.1406f,0f,0f,0f,1f],start_interpolation: 0,interpolation_duration: 1}
$data merge entity $(bone_bone21) {transformation: [-0.99f,-0.0091f,-0.141f,-0.0721f,-0.0224f,0.9954f,0.0931f,0.5084f,0.1395f,0.0954f,-0.9856f,-0.3387f,0f,0f,0f,1f],start_interpolation: 0,interpolation_duration: 1}
$data merge entity $(bone_bone20) {transformation: [-0.928f,0.0306f,-0.3712f,-0.0625f,-0.2135f,0.773f,0.5974f,0.75f,0.3052f,0.6337f,-0.7108f,-0.1406f,0f,0f,0f,1f],start_interpolation: 0,interpolation_duration: 1}
$data merge entity $(bone_bone24) {transformation: [-0.9209f,-0.0435f,0.3875f,0.0776f,0.2306f,0.7406f,0.6312f,0.4639f,-0.3144f,0.6706f,-0.6719f,-0.2653f,0f,0f,0f,1f],start_interpolation: 0,interpolation_duration: 1}
$data merge entity $(bone_bone23) {transformation: [-0.9666f,-0.0482f,0.2517f,0.0625f,0.0579f,0.9157f,0.3978f,0.75f,-0.2496f,0.3991f,-0.8823f,-0.1406f,0f,0f,0f,1f],start_interpolation: 0,interpolation_duration: 1}
$data merge entity $(bone_bone27) {transformation: [-0.9471f,-0.1831f,0.2636f,0.2011f,-0.0275f,0.8645f,0.5018f,0.4438f,-0.3198f,0.468f,-0.8238f,-0.2016f,0f,0f,0f,1f],start_interpolation: 0,interpolation_duration: 1}
$data merge entity $(bone_bone26) {transformation: [-0.9061f,-0.0436f,0.4208f,0.1875f,0.0435f,0.9798f,0.1951f,0.75f,-0.4209f,0.1951f,-0.8859f,-0.1406f,0f,0f,0f,1f],start_interpolation: 0,interpolation_duration: 1}
$data merge entity $(bone_bone30) {transformation: [-0.6801f,-0.7331f,0f,0.3713f,-0.7331f,0.6801f,0f,0.4559f,0f,0f,-1f,0.0625f,0f,0f,0f,1f],start_interpolation: 0,interpolation_duration: 1}
$data merge entity $(bone_bone29) {transformation: [-0.9411f,-0.3382f,0f,0.2656f,-0.3382f,0.9411f,0f,0.75f,0f,0f,-1f,0.0625f,0f,0f,0f,1f],start_interpolation: 0,interpolation_duration: 1}
$data merge entity $(bone_bone33) {transformation: [-0.9991f,-0.034f,0.0256f,0.386f,-0.0337f,0.9994f,0.0108f,0.4616f,-0.0259f,0.01f,-0.9996f,-0.0628f,0f,0f,0f,1f],start_interpolation: 0,interpolation_duration: 1}
$data merge entity $(bone_bone32) {transformation: [-0.9228f,-0.3851f,0.0153f,0.2656f,-0.385f,0.9229f,0.0074f,0.75f,-0.0169f,0.0009f,-0.9999f,-0.0625f,0f,0f,0f,1f],start_interpolation: 0,interpolation_duration: 1}
$data merge entity $(bone_bone36) {transformation: [-0.9038f,0.3376f,-0.2632f,-0.305f,0.4036f,0.8769f,-0.2612f,0.4426f,0.1426f,-0.3423f,-0.9287f,0.1025f,0f,0f,0f,1f],start_interpolation: 0,interpolation_duration: 1}
$data merge entity $(bone_bone35) {transformation: [-0.992f,0.1261f,-0.0093f,-0.2656f,0.1262f,0.9837f,-0.1279f,0.75f,-0.007f,-0.1281f,-0.9917f,0.0625f,0f,0f,0f,1f],start_interpolation: 0,interpolation_duration: 1}
$data merge entity $(bone_bone39) {transformation: [-0.9466f,0.0623f,0.3163f,-0.3523f,0.0791f,0.996f,0.0408f,0.4509f,-0.3125f,0.0637f,-0.9478f,-0.036f,0f,0f,0f,1f],start_interpolation: 0,interpolation_duration: 1}
$data merge entity $(bone_bone38) {transformation: [-0.9444f,0.2772f,0.1771f,-0.2656f,0.2551f,0.9571f,-0.1377f,0.75f,-0.2076f,-0.0849f,-0.9745f,-0.0625f,0f,0f,0f,1f],start_interpolation: 0,interpolation_duration: 1}
$data merge entity $(bone_bone45) {transformation: [-0.9713f,-0.0905f,-0.2199f,-0.4628f,-0.1523f,0.947f,0.2828f,1.2106f,0.1827f,0.3081f,-0.9336f,-0.1959f,0f,0f,0f,1f],start_interpolation: 0,interpolation_duration: 1}
$data merge entity $(bone_bone44) {transformation: [-0.9636f,0.2658f,-0.0288f,-0.3797f,0.2565f,0.9495f,0.1807f,1.5073f,0.0754f,0.1668f,-0.9831f,-0.1438f,0f,0f,0f,1f],start_interpolation: 0,interpolation_duration: 1}
$data merge entity $(bone_bone48) {transformation: [-0.6963f,0.0674f,-0.7146f,-0.6189f,0.2008f,0.9741f,-0.1037f,0.9162f,0.6891f,-0.2157f,-0.6918f,0.0292f,0f,0f,0f,1f],start_interpolation: 0,interpolation_duration: 1}
$data merge entity $(bone_bone47) {transformation: [-0.9188f,0.3024f,-0.2539f,-0.5055f,0.3055f,0.9518f,0.0279f,1.2731f,0.2501f,-0.0519f,-0.9668f,0.0097f,0f,0f,0f,1f],start_interpolation: 0,interpolation_duration: 1}
$data merge entity $(bone_3) {transformation: [-0.943f,0.2272f,-0.243f,-0.3445f,0.209f,0.9729f,0.0985f,1.3653f,0.2588f,0.0421f,-0.965f,-0.0214f,0f,0f,0f,1f],start_interpolation: 0,interpolation_duration: 1}
$data merge entity $(bone_4) {transformation: [-0.943f,0.1692f,-0.2864f,-0.4545f,0.209f,0.9712f,-0.1144f,1.1595f,0.2588f,-0.1677f,-0.9513f,-0.0147f,0f,0f,0f,1f],start_interpolation: 0,interpolation_duration: 1}
$data merge entity $(bone_bone42) {transformation: [-0.982f,-0.086f,-0.1684f,0.4503f,-0.1653f,0.8227f,0.5439f,1.2115f,0.0918f,0.562f,-0.822f,-0.209f,0f,0f,0f,1f],start_interpolation: 0,interpolation_duration: 1}
$data merge entity $(bone_bone41) {transformation: [-0.906f,-0.2843f,0.3135f,0.3615f,-0.1905f,0.9354f,0.2979f,1.5038f,-0.378f,0.2102f,-0.9016f,-0.1434f,0f,0f,0f,1f],start_interpolation: 0,interpolation_duration: 1}
$data merge entity $(bone_bone51) {transformation: [-0.8167f,-0.3901f,0.4253f,0.5743f,-0.4141f,0.9094f,0.0391f,0.9016f,-0.402f,-0.1442f,-0.9042f,0.0206f,0f,0f,0f,1f],start_interpolation: 0,interpolation_duration: 1}
$data merge entity $(bone_bone50) {transformation: [-0.8815f,-0.2087f,0.4234f,0.496f,-0.2129f,0.9763f,0.038f,1.2677f,-0.4213f,-0.0567f,-0.9051f,-0.0006f,0f,0f,0f,1f],start_interpolation: 0,interpolation_duration: 1}
$data merge entity $(bone_1) {transformation: [-0.9764f,-0.179f,0.1209f,0.3364f,-0.1721f,0.9829f,0.0656f,1.3664f,-0.1305f,0.0432f,-0.9905f,-0.0136f,0f,0f,0f,1f],start_interpolation: 0,interpolation_duration: 1}
$data merge entity $(bone_2) {transformation: [-0.9764f,-0.1416f,0.1631f,0.406f,-0.1721f,0.9664f,-0.191f,1.1568f,-0.1305f,-0.2146f,-0.9679f,-0.0189f,0f,0f,0f,1f],start_interpolation: 0,interpolation_duration: 1}
$data merge entity $(bone_7) {transformation: [-0.999f,0.0435f,-0.0038f,-0.1269f,0.0437f,0.9953f,-0.087f,0.5618f,0f,-0.0871f,-0.9962f,0.0163f,0f,0f,0f,1f],start_interpolation: 0,interpolation_duration: 1}
$data merge entity $(bone_8) {transformation: [-0.999f,0.0411f,0.0149f,-0.133f,0.0437f,0.9388f,0.3418f,0.4229f,0f,0.3421f,-0.9397f,0.041f,0f,0f,0f,1f],start_interpolation: 0,interpolation_duration: 1}
$data merge entity $(bone_5) {transformation: [-0.999f,-0.0437f,0f,0.1188f,-0.0437f,0.999f,0.0001f,0.7484f,0f,0.0001f,-1f,0f,0f,0f,0f,1f],start_interpolation: 0,interpolation_duration: 1}
$data merge entity $(bone_6) {transformation: [-0.999f,-0.0422f,-0.0113f,0.1335f,-0.0437f,0.965f,0.2586f,0.4112f,0f,0.2589f,-0.9659f,0.0062f,0f,0f,0f,1f],start_interpolation: 0,interpolation_duration: 1}