# This file was generated by Animated Java via MC-Build. It is not recommended to edit this file directly.
$data merge entity $(bone_bone54) {transformation: [-0.9698f,0.2343f,0.0675f,-0.1672f,0.233f,0.9721f,-0.0268f,-0.8696f,-0.0719f,-0.0103f,-0.9974f,-0.2903f,0f,0f,0f,1f],start_interpolation: 0,interpolation_duration: 1}
$data merge entity $(bone_bone53) {transformation: [-0.962f,0.0077f,-0.2729f,-0.1562f,-0.0997f,0.9206f,0.3776f,-0.5937f,0.2541f,0.3905f,-0.8848f,-0.1406f,0f,0f,0f,1f],start_interpolation: 0,interpolation_duration: 1}
$data merge entity $(bone_bone57) {transformation: [-0.9732f,-0.0988f,0.2076f,0.1539f,0.0218f,0.8593f,0.511f,-0.901f,-0.2288f,0.5019f,-0.8341f,-0.2054f,0f,0f,0f,1f],start_interpolation: 0,interpolation_duration: 1}
$data merge entity $(bone_bone56) {transformation: [-0.956f,0.0367f,0.2911f,0.1563f,0.0676f,0.993f,0.0967f,-0.5937f,-0.2856f,0.1122f,-0.9518f,-0.1406f,0f,0f,0f,1f],start_interpolation: 0,interpolation_duration: 1}
$data merge entity $(bone_bone5) {transformation: [-0.9408f,0.2076f,0.2678f,-0.219f,0.1343f,0.9541f,-0.2676f,-1.65f,-0.3111f,-0.2158f,-0.9256f,0.1712f,0f,0f,0f,1f],start_interpolation: 0,interpolation_duration: 1}
$data merge entity $(bone_bone2) {transformation: [-0.9408f,0.2017f,0.2723f,-0.1875f,0.1343f,0.9597f,-0.2467f,-1.5f,-0.3111f,-0.1956f,-0.93f,0.1406f,0f,0f,0f,1f],start_interpolation: 0,interpolation_duration: 1}
$data merge entity $(bone_bone9) {transformation: [-0.9848f,-0.0105f,0.1734f,-0.083f,0.0064f,0.9953f,0.0969f,-1.6373f,-0.1736f,0.0965f,-0.9801f,0.2459f,0f,0f,0f,1f],start_interpolation: 0,interpolation_duration: 1}
$data merge entity $(bone_bone8) {transformation: [-0.9848f,0.0655f,0.1609f,-0.0625f,0.0064f,0.9393f,-0.3431f,-1.3437f,-0.1736f,-0.3368f,-0.9254f,0.1406f,0f,0f,0f,1f],start_interpolation: 0,interpolation_duration: 1}
$data merge entity $(bone_bone12) {transformation: [-0.9866f,-0.0353f,-0.159f,0.0773f,0f,0.9763f,-0.2164f,-1.6428f,0.1629f,-0.2135f,-0.9633f,0.2145f,0f,0f,0f,1f],start_interpolation: 0,interpolation_duration: 1}
$data merge entity $(bone_bone11) {transformation: [-0.9866f,-0.0473f,-0.1559f,0.0625f,0f,0.9569f,-0.2903f,-1.3437f,0.1629f,-0.2864f,-0.9442f,0.125f,0f,0f,0f,1f],start_interpolation: 0,interpolation_duration: 1}
$data merge entity $(bone_bone15) {transformation: [-0.9504f,-0.1383f,-0.2785f,0.2518f,-0.1357f,0.9903f,-0.0287f,-1.6404f,0.2798f,0.0105f,-0.96f,0.1995f,0f,0f,0f,1f],start_interpolation: 0,interpolation_duration: 1}
$data merge entity $(bone_bone14) {transformation: [-0.9504f,-0.2057f,-0.2333f,0.1875f,-0.1357f,0.9491f,-0.2841f,-1.3437f,0.2798f,-0.2383f,-0.93f,0.125f,0f,0f,0f,1f],start_interpolation: 0,interpolation_duration: 1}
$data merge entity $(bone_bone18) {transformation: [-0.9605f,0.1117f,-0.2549f,-0.2761f,0.0578f,0.9761f,0.2097f,-1.6398f,0.2722f,0.1867f,-0.9439f,-0.1868f,0f,0f,0f,1f],start_interpolation: 0,interpolation_duration: 1}
$data merge entity $(bone_bone17) {transformation: [-0.7956f,0.2835f,-0.5354f,-0.1875f,0.1462f,0.9475f,0.2843f,-1.3437f,0.5879f,0.1479f,-0.7953f,-0.1406f,0f,0f,0f,1f],start_interpolation: 0,interpolation_duration: 1}
$data merge entity $(bone_bone21) {transformation: [-0.9781f,0.1628f,0.1298f,-0.0863f,0.2024f,0.8901f,0.4084f,-1.601f,-0.0491f,0.4258f,-0.9035f,-0.3165f,0f,0f,0f,1f],start_interpolation: 0,interpolation_duration: 1}
$data merge entity $(bone_bone20) {transformation: [-0.9931f,0.0762f,-0.0886f,-0.0625f,0.0125f,0.8231f,0.5678f,-1.3437f,0.1162f,0.5627f,-0.8184f,-0.1406f,0f,0f,0f,1f],start_interpolation: 0,interpolation_duration: 1}
$data merge entity $(bone_bone24) {transformation: [-0.9827f,0.0213f,0.1841f,0.0825f,0.1025f,0.8903f,0.4437f,-1.6088f,-0.1544f,0.4549f,-0.877f,-0.3049f,0f,0f,0f,1f],start_interpolation: 0,interpolation_duration: 1}
$data merge entity $(bone_bone23) {transformation: [-0.9948f,-0.0639f,0.0791f,0.0625f,-0.0124f,0.8483f,0.5294f,-1.3437f,-0.101f,0.5257f,-0.8447f,-0.1406f,0f,0f,0f,1f],start_interpolation: 0,interpolation_duration: 1}
$data merge entity $(bone_bone27) {transformation: [-0.8774f,-0.0889f,0.4714f,0.1915f,0.1251f,0.9062f,0.4038f,-1.6316f,-0.4631f,0.4133f,-0.784f,-0.2623f,0f,0f,0f,1f],start_interpolation: 0,interpolation_duration: 1}
$data merge entity $(bone_bone26) {transformation: [-0.8176f,-0.0127f,0.5756f,0.1875f,0.2147f,0.921f,0.3252f,-1.3437f,-0.5342f,0.3894f,-0.7503f,-0.1406f,0f,0f,0f,1f],start_interpolation: 0,interpolation_duration: 1}
$data merge entity $(bone_bone30) {transformation: [-0.8345f,-0.551f,0f,0.3473f,-0.551f,0.8345f,0f,-1.6454f,0f,0f,-1f,0.0625f,0f,0f,0f,1f],start_interpolation: 0,interpolation_duration: 1}
$data merge entity $(bone_bone29) {transformation: [-0.9652f,-0.2615f,0f,0.2656f,-0.2615f,0.9652f,0f,-1.3437f,0f,0f,-1f,0.0625f,0f,0f,0f,1f],start_interpolation: 0,interpolation_duration: 1}
$data merge entity $(bone_bone33) {transformation: [-0.9233f,-0.1999f,0.328f,0.4039f,-0.1028f,0.9513f,0.2905f,-1.6233f,-0.3701f,0.2345f,-0.8989f,-0.0819f,0f,0f,0f,1f],start_interpolation: 0,interpolation_duration: 1}
$data merge entity $(bone_bone32) {transformation: [-0.8835f,-0.4426f,0.1533f,0.2656f,-0.4232f,0.8946f,0.1436f,-1.3437f,-0.2007f,0.062f,-0.9777f,-0.0625f,0f,0f,0f,1f],start_interpolation: 0,interpolation_duration: 1}
$data merge entity $(bone_bone36) {transformation: [-0.8085f,0.312f,-0.499f,-0.3173f,0.4986f,0.8137f,-0.2989f,-1.6494f,0.3128f,-0.4905f,-0.8134f,0.1024f,0f,0f,0f,1f],start_interpolation: 0,interpolation_duration: 1}
$data merge entity $(bone_bone35) {transformation: [-0.983f,0.1653f,-0.0797f,-0.2656f,0.1738f,0.978f,-0.1157f,-1.3437f,0.0588f,-0.1276f,-0.9901f,0.0625f,0f,0f,0f,1f],start_interpolation: 0,interpolation_duration: 1}
$data merge entity $(bone_bone39) {transformation: [-0.8995f,0.1395f,0.414f,-0.3473f,0.1767f,0.9829f,0.0528f,-1.6453f,-0.3996f,0.1206f,-0.9087f,-0.0689f,0f,0f,0f,1f],start_interpolation: 0,interpolation_duration: 1}
$data merge entity $(bone_bone38) {transformation: [-0.9533f,0.2613f,0.1512f,-0.2656f,0.2613f,0.965f,-0.02f,-1.3437f,-0.1512f,0.0204f,-0.9883f,-0.0625f,0f,0f,0f,1f],start_interpolation: 0,interpolation_duration: 1}
$data merge entity $(bone_bone45) {transformation: [-0.9822f,0.1768f,-0.0633f,-0.4972f,0.1357f,0.901f,0.4119f,-0.8684f,0.1298f,0.396f,-0.909f,-0.21f,0f,0f,0f,1f],start_interpolation: 0,interpolation_duration: 1}
$data merge entity $(bone_bone44) {transformation: [-0.9176f,0.376f,0.1292f,-0.3798f,0.3943f,0.9021f,0.1753f,-0.5865f,-0.0507f,0.2118f,-0.976f,-0.1438f,0f,0f,0f,1f],start_interpolation: 0,interpolation_duration: 1}
$data merge entity $(bone_bone48) {transformation: [-0.8532f,0.0563f,-0.5185f,-0.6402f,0.0931f,0.9946f,-0.0453f,-1.1685f,0.5132f,-0.087f,-0.8539f,0.051f,0f,0f,0f,1f],start_interpolation: 0,interpolation_duration: 1}
$data merge entity $(bone_bone47) {transformation: [-0.8752f,0.3633f,-0.3193f,-0.5039f,0.3795f,0.9251f,0.0124f,-0.8215f,0.2999f,-0.1103f,-0.9476f,0.0097f,0f,0f,0f,1f],start_interpolation: 0,interpolation_duration: 1}
$data merge entity $(bone_3) {transformation: [-0.9444f,0.2206f,-0.2437f,-0.3436f,0.2026f,0.9745f,0.0969f,-0.7282f,0.2588f,0.0421f,-0.965f,-0.0214f,0f,0f,0f,1f],start_interpolation: 0,interpolation_duration: 1}
$data merge entity $(bone_4) {transformation: [-0.9444f,0.1626f,-0.2856f,-0.4522f,0.2026f,0.9723f,-0.1163f,-0.9348f,0.2588f,-0.1677f,-0.9513f,-0.0147f,0f,0f,0f,1f],start_interpolation: 0,interpolation_duration: 1}
$data merge entity $(bone_bone42) {transformation: [-0.9733f,-0.0329f,-0.2273f,0.4146f,-0.0922f,0.9624f,0.2554f,-0.8748f,0.2103f,0.2695f,-0.9397f,-0.2601f,0f,0f,0f,1f],start_interpolation: 0,interpolation_duration: 1}
$data merge entity $(bone_bone41) {transformation: [-0.9764f,-0.1697f,-0.1338f,0.3615f,-0.2071f,0.912f,0.3542f,-0.5898f,0.0619f,0.3735f,-0.9256f,-0.1434f,0f,0f,0f,1f],start_interpolation: 0,interpolation_duration: 1}
$data merge entity $(bone_bone51) {transformation: [-0.9294f,-0.2849f,0.2346f,0.6161f,-0.2769f,0.9586f,0.0671f,-1.1815f,-0.244f,-0.0026f,-0.9698f,-0.006f,0f,0f,0f,1f],start_interpolation: 0,interpolation_duration: 1}
$data merge entity $(bone_bone50) {transformation: [-0.9177f,-0.3243f,0.2296f,0.4945f,-0.3109f,0.9459f,0.0933f,-0.8268f,-0.2475f,0.0143f,-0.9688f,-0.0006f,0f,0f,0f,1f],start_interpolation: 0,interpolation_duration: 1}
$data merge entity $(bone_1) {transformation: [-0.9775f,-0.1724f,0.1213f,0.3355f,-0.1655f,0.9841f,0.0648f,-0.7271f,-0.1305f,0.0432f,-0.9905f,-0.0136f,0f,0f,0f,1f],start_interpolation: 0,interpolation_duration: 1}
$data merge entity $(bone_2) {transformation: [-0.9775f,-0.1351f,0.1618f,0.4037f,-0.1655f,0.9673f,-0.1921f,-0.9372f,-0.1305f,-0.2146f,-0.9679f,-0.0189f,0f,0f,0f,1f],start_interpolation: 0,interpolation_duration: 1}
$data merge entity $(bone_7) {transformation: [-0.9987f,0.0503f,-0.0041f,-0.1282f,0.0504f,0.9955f,-0.0803f,-1.5323f,0f,-0.0804f,-0.9968f,0.0151f,0f,0f,0f,1f],start_interpolation: 0,interpolation_duration: 1}
$data merge entity $(bone_8) {transformation: [-0.9987f,0.0473f,0.0176f,-0.1352f,0.0504f,0.9361f,0.348f,-1.6713f,0f,0.3484f,-0.9373f,0.0388f,0f,0f,0f,1f],start_interpolation: 0,interpolation_duration: 1}
$data merge entity $(bone_5) {transformation: [-0.9987f,-0.0504f,-0.0003f,0.1188f,-0.0504f,0.9987f,0.0068f,-1.3456f,0f,0.0068f,-1f,0f,0f,0f,0f,1f],start_interpolation: 0,interpolation_duration: 1}
$data merge entity $(bone_6) {transformation: [-0.9987f,-0.0486f,-0.0134f,0.1358f,-0.0504f,0.9629f,0.2651f,-1.6827f,0f,0.2654f,-0.9641f,0.0039f,0f,0f,0f,1f],start_interpolation: 0,interpolation_duration: 1}