# This file was generated by Animated Java via MC-Build. It is not recommended to edit this file directly.
$data merge entity $(bone_bone54) {transformation: [-0.9683f,0.2353f,0.0843f,-0.1652f,0.2339f,0.9719f,-0.0262f,1.2263f,-0.0881f,-0.0056f,-0.9961f,-0.2944f,0f,0f,0f,1f],start_interpolation: 0,interpolation_duration: 1}
$data merge entity $(bone_bone53) {transformation: [-0.9611f,0.0009f,-0.2763f,-0.1562f,-0.1108f,0.9147f,0.3885f,1.5f,0.2531f,0.404f,-0.879f,-0.1406f,0f,0f,0f,1f],start_interpolation: 0,interpolation_duration: 1}
$data merge entity $(bone_bone57) {transformation: [-0.9775f,-0.0899f,0.1908f,0.1524f,0.0219f,0.8563f,0.516f,1.1928f,-0.2098f,0.5086f,-0.835f,-0.206f,0f,0f,0f,1f],start_interpolation: 0,interpolation_duration: 1}
$data merge entity $(bone_bone56) {transformation: [-0.9586f,0.0404f,0.2818f,0.1563f,0.0706f,0.9927f,0.0978f,1.5f,-0.2758f,0.1137f,-0.9545f,-0.1406f,0f,0f,0f,1f],start_interpolation: 0,interpolation_duration: 1}
$data merge entity $(bone_bone5) {transformation: [-0.9356f,0.2092f,0.2846f,-0.2179f,0.1227f,0.9481f,-0.2935f,0.4435f,-0.3312f,-0.2397f,-0.9126f,0.1707f,0f,0f,0f,1f],start_interpolation: 0,interpolation_duration: 1}
$data merge entity $(bone_bone2) {transformation: [-0.9356f,0.1943f,0.2949f,-0.1875f,0.1227f,0.9618f,-0.2446f,0.5938f,-0.3312f,-0.1927f,-0.9237f,0.1406f,0f,0f,0f,1f],start_interpolation: 0,interpolation_duration: 1}
$data merge entity $(bone_bone9) {transformation: [-0.9812f,-0.0055f,0.1929f,-0.0853f,0.0061f,0.9982f,0.0594f,0.4572f,-0.1929f,0.0595f,-0.9794f,0.2474f,0f,0f,0f,1f],start_interpolation: 0,interpolation_duration: 1}
$data merge entity $(bone_bone8) {transformation: [-0.9812f,0.073f,0.1787f,-0.0625f,0.0061f,0.937f,-0.3493f,0.75f,-0.1929f,-0.3416f,-0.9198f,0.1406f,0f,0f,0f,1f],start_interpolation: 0,interpolation_duration: 1}
$data merge entity $(bone_bone12) {transformation: [-0.9823f,-0.035f,-0.1841f,0.0751f,0.0128f,0.9676f,-0.2521f,0.45f,0.187f,-0.25f,-0.95f,0.2117f,0f,0f,0f,1f],start_interpolation: 0,interpolation_duration: 1}
$data merge entity $(bone_bone11) {transformation: [-0.9823f,-0.0403f,-0.183f,0.0625f,0.0128f,0.9599f,-0.2801f,0.75f,0.187f,-0.2775f,-0.9424f,0.125f,0f,0f,0f,1f],start_interpolation: 0,interpolation_duration: 1}
$data merge entity $(bone_bone15) {transformation: [-0.9483f,-0.1329f,-0.2882f,0.2514f,-0.1307f,0.9911f,-0.027f,0.4536f,0.2892f,0.012f,-0.9572f,0.2007f,0f,0f,0f,1f],start_interpolation: 0,interpolation_duration: 1}
$data merge entity $(bone_bone14) {transformation: [-0.9483f,-0.2045f,-0.2426f,0.1875f,-0.1307f,0.9484f,-0.2888f,0.75f,0.2892f,-0.2422f,-0.9261f,0.125f,0f,0f,0f,1f],start_interpolation: 0,interpolation_duration: 1}
$data merge entity $(bone_bone18) {transformation: [-0.9612f,0.0853f,-0.2623f,-0.2806f,0.0346f,0.9808f,0.1922f,0.4554f,0.2736f,0.1756f,-0.9457f,-0.1874f,0f,0f,0f,1f],start_interpolation: 0,interpolation_duration: 1}
$data merge entity $(bone_bone17) {transformation: [-0.791f,0.2978f,-0.5344f,-0.1875f,0.156f,0.9428f,0.2944f,0.75f,0.5915f,0.1495f,-0.7923f,-0.1406f,0f,0f,0f,1f],start_interpolation: 0,interpolation_duration: 1}
$data merge entity $(bone_bone21) {transformation: [-0.9697f,0.1707f,0.1748f,-0.0904f,0.2318f,0.8685f,0.4382f,0.4907f,-0.077f,0.4655f,-0.8817f,-0.3128f,0f,0f,0f,1f],start_interpolation: 0,interpolation_duration: 1}
$data merge entity $(bone_bone20) {transformation: [-0.9948f,0.0892f,-0.0499f,-0.0625f,0.0465f,0.8298f,0.5562f,0.75f,0.0911f,0.5509f,-0.8296f,-0.1406f,0f,0f,0f,1f],start_interpolation: 0,interpolation_duration: 1}
$data merge entity $(bone_bone24) {transformation: [-0.9877f,0.0221f,0.155f,0.0817f,0.0852f,0.9065f,0.4136f,0.4881f,-0.1314f,0.4217f,-0.8972f,-0.3101f,0f,0f,0f,1f],start_interpolation: 0,interpolation_duration: 1}
$data merge entity $(bone_bone23) {transformation: [-0.9966f,-0.0614f,0.0544f,0.0625f,-0.0219f,0.838f,0.5453f,0.75f,-0.079f,0.5422f,-0.8365f,-0.1406f,0f,0f,0f,1f],start_interpolation: 0,interpolation_duration: 1}
$data merge entity $(bone_bone27) {transformation: [-0.8626f,-0.0774f,0.5f,0.193f,0.1455f,0.9086f,0.3915f,0.4656f,-0.4846f,0.4105f,-0.7725f,-0.27f,0f,0f,0f,1f],start_interpolation: 0,interpolation_duration: 1}
$data merge entity $(bone_bone26) {transformation: [-0.7996f,-0.0177f,0.6003f,0.1875f,0.2357f,0.9101f,0.3408f,0.75f,-0.5523f,0.414f,-0.7235f,-0.1406f,0f,0f,0f,1f],start_interpolation: 0,interpolation_duration: 1}
$data merge entity $(bone_bone30) {transformation: [-0.8545f,-0.5195f,0f,0.3443f,-0.5195f,0.8545f,0f,0.4476f,0f,0f,-1f,0.0625f,0f,0f,0f,1f],start_interpolation: 0,interpolation_duration: 1}
$data merge entity $(bone_bone29) {transformation: [-0.9677f,-0.2519f,0f,0.2656f,-0.2519f,0.9677f,0f,0.75f,0f,0f,-1f,0.0625f,0f,0f,0f,1f],start_interpolation: 0,interpolation_duration: 1}
$data merge entity $(bone_bone33) {transformation: [-0.9051f,-0.2365f,0.3534f,0.4069f,-0.1153f,0.9364f,0.3316f,0.4722f,-0.4093f,0.2594f,-0.8748f,-0.0848f,0f,0f,0f,1f],start_interpolation: 0,interpolation_duration: 1}
$data merge entity $(bone_bone32) {transformation: [-0.8764f,-0.4521f,0.1657f,0.2656f,-0.428f,0.8891f,0.1622f,0.75f,-0.2207f,0.0713f,-0.9727f,-0.0625f,0f,0f,0f,1f],start_interpolation: 0,interpolation_duration: 1}
$data merge entity $(bone_bone36) {transformation: [-0.7948f,0.3027f,-0.526f,-0.3201f,0.5077f,0.8065f,-0.303f,0.445f,0.3325f,-0.5078f,-0.7947f,0.103f,0f,0f,0f,1f],start_interpolation: 0,interpolation_duration: 1}
$data merge entity $(bone_bone35) {transformation: [-0.9799f,0.1745f,-0.0966f,-0.2656f,0.185f,0.9761f,-0.1139f,0.75f,0.0744f,-0.1295f,-0.9888f,0.0625f,0f,0f,0f,1f],start_interpolation: 0,interpolation_duration: 1}
$data merge entity $(bone_bone39) {transformation: [-0.8932f,0.1591f,0.4205f,-0.3473f,0.1971f,0.9792f,0.0482f,0.4486f,-0.4041f,0.126f,-0.906f,-0.0739f,0f,0f,0f,1f],start_interpolation: 0,interpolation_duration: 1}
$data merge entity $(bone_bone38) {transformation: [-0.9536f,0.2614f,0.1493f,-0.2656f,0.2639f,0.9645f,-0.0032f,0.75f,-0.1449f,0.0364f,-0.9888f,-0.0625f,0f,0f,0f,1f],start_interpolation: 0,interpolation_duration: 1}
$data merge entity $(bone_bone45) {transformation: [-0.9777f,0.2067f,-0.037f,-0.5004f,0.1716f,0.8881f,0.4263f,1.2273f,0.121f,0.4105f,-0.9038f,-0.2125f,0f,0f,0f,1f],start_interpolation: 0,interpolation_duration: 1}
$data merge entity $(bone_bone44) {transformation: [-0.911f,0.3859f,0.1457f,-0.3798f,0.4077f,0.896f,0.1761f,1.5073f,-0.0626f,0.2198f,-0.9735f,-0.1438f,0f,0f,0f,1f],start_interpolation: 0,interpolation_duration: 1}
$data merge entity $(bone_bone48) {transformation: [-0.8706f,0.0583f,-0.4885f,-0.6434f,0.0799f,0.9965f,-0.0234f,0.927f,0.4854f,-0.0594f,-0.8723f,0.0546f,0f,0f,0f,1f],start_interpolation: 0,interpolation_duration: 1}
$data merge entity $(bone_bone47) {transformation: [-0.8662f,0.3728f,-0.3329f,-0.5036f,0.3914f,0.9201f,0.0121f,1.2721f,0.3108f,-0.1198f,-0.9429f,0.0097f,0f,0f,0f,1f],start_interpolation: 0,interpolation_duration: 1}
$data merge entity $(bone_3) {transformation: [-0.9447f,0.2194f,-0.2438f,-0.3434f,0.2014f,0.9747f,0.0966f,1.3656f,0.2588f,0.0421f,-0.965f,-0.0214f,0f,0f,0f,1f],start_interpolation: 0,interpolation_duration: 1}
$data merge entity $(bone_4) {transformation: [-0.9447f,0.1614f,-0.2855f,-0.4518f,0.2014f,0.9725f,-0.1167f,1.1588f,0.2588f,-0.1677f,-0.9513f,-0.0147f,0f,0f,0f,1f],start_interpolation: 0,interpolation_duration: 1}
$data merge entity $(bone_bone42) {transformation: [-0.9715f,-0.0239f,-0.2358f,0.4055f,-0.0744f,0.9753f,0.2078f,1.2197f,0.225f,0.2194f,-0.9493f,-0.2654f,0f,0f,0f,1f],start_interpolation: 0,interpolation_duration: 1}
$data merge entity $(bone_bone41) {transformation: [-0.9711f,-0.1409f,-0.1926f,0.3615f,-0.2037f,0.9097f,0.3618f,1.504f,0.1242f,0.3906f,-0.9121f,-0.1434f,0f,0f,0f,1f],start_interpolation: 0,interpolation_duration: 1}
$data merge entity $(bone_bone51) {transformation: [-0.9432f,-0.2651f,0.2002f,0.6214f,-0.257f,0.9642f,0.0657f,0.9141f,-0.2105f,0.0105f,-0.9775f,-0.0094f,0f,0f,0f,1f],start_interpolation: 0,interpolation_duration: 1}
$data merge entity $(bone_bone50) {transformation: [-0.9199f,-0.3392f,0.1966f,0.4942f,-0.3264f,0.9404f,0.0951f,1.2668f,-0.2172f,0.0233f,-0.9759f,-0.0006f,0f,0f,0f,1f],start_interpolation: 0,interpolation_duration: 1}
$data merge entity $(bone_1) {transformation: [-0.9777f,-0.1711f,0.1214f,0.3353f,-0.1643f,0.9843f,0.0646f,1.3667f,-0.1305f,0.0432f,-0.9905f,-0.0136f,0f,0f,0f,1f],start_interpolation: 0,interpolation_duration: 1}
$data merge entity $(bone_2) {transformation: [-0.9777f,-0.1339f,0.1615f,0.4033f,-0.1643f,0.9675f,-0.1923f,1.1565f,-0.1305f,-0.2146f,-0.9679f,-0.0189f,0f,0f,0f,1f],start_interpolation: 0,interpolation_duration: 1}
$data merge entity $(bone_7) {transformation: [-0.9987f,0.0515f,-0.0041f,-0.1285f,0.0517f,0.9955f,-0.079f,0.5614f,0f,-0.0791f,-0.9969f,0.0148f,0f,0f,0f,1f],start_interpolation: 0,interpolation_duration: 1}
$data merge entity $(bone_8) {transformation: [-0.9987f,0.0484f,0.0181f,-0.1357f,0.0517f,0.9356f,0.3491f,0.4224f,0f,0.3496f,-0.9369f,0.0384f,0f,0f,0f,1f],start_interpolation: 0,interpolation_duration: 1}
$data merge entity $(bone_5) {transformation: [-0.9987f,-0.0517f,-0.0004f,0.1188f,-0.0517f,0.9986f,0.0081f,0.7481f,0f,0.0081f,-1f,0f,0f,0f,0f,1f],start_interpolation: 0,interpolation_duration: 1}
$data merge entity $(bone_6) {transformation: [-0.9987f,-0.0498f,-0.0138f,0.1362f,-0.0517f,0.9625f,0.2663f,0.411f,0f,0.2666f,-0.9638f,0.0035f,0f,0f,0f,1f],start_interpolation: 0,interpolation_duration: 1}