# This file was generated by Animated Java via MC-Build. It is not recommended to edit this file directly.
$data merge entity $(bone_bone54) {transformation: [-0.9664f,0.2363f,0.1008f,-0.1633f,0.235f,0.9717f,-0.0244f,-0.8653f,-0.1037f,0.0001f,-0.9946f,-0.2983f,0f,0f,0f,1f],start_interpolation: 0,interpolation_duration: 1}
$data merge entity $(bone_bone53) {transformation: [-0.9602f,-0.0055f,-0.2791f,-0.1562f,-0.1212f,0.9088f,0.3993f,-0.5937f,0.2515f,0.4172f,-0.8733f,-0.1406f,0f,0f,0f,1f],start_interpolation: 0,interpolation_duration: 1}
$data merge entity $(bone_bone57) {transformation: [-0.9814f,-0.0806f,0.1743f,0.151f,0.0222f,0.8538f,0.5201f,-0.9008f,-0.1908f,0.5143f,-0.8361f,-0.2066f,0f,0f,0f,1f],start_interpolation: 0,interpolation_duration: 1}
$data merge entity $(bone_bone56) {transformation: [-0.9611f,0.0441f,0.2726f,0.1563f,0.0737f,0.9923f,0.0993f,-0.5937f,-0.2661f,0.1155f,-0.957f,-0.1406f,0f,0f,0f,1f],start_interpolation: 0,interpolation_duration: 1}
$data merge entity $(bone_bone5) {transformation: [-0.9298f,0.2117f,0.3009f,-0.2167f,0.1114f,0.9415f,-0.3182f,-1.6506f,-0.3507f,-0.2624f,-0.899f,0.1703f,0f,0f,0f,1f],start_interpolation: 0,interpolation_duration: 1}
$data merge entity $(bone_bone2) {transformation: [-0.9298f,0.187f,0.3169f,-0.1875f,0.1114f,0.9639f,-0.242f,-1.5f,-0.3507f,-0.1897f,-0.9171f,0.1406f,0f,0f,0f,1f],start_interpolation: 0,interpolation_duration: 1}
$data merge entity $(bone_bone9) {transformation: [-0.9773f,0.0008f,0.2117f,-0.0876f,0.0058f,0.9997f,0.0227f,-1.6359f,-0.2117f,0.0234f,-0.9771f,0.2488f,0f,0f,0f,1f],start_interpolation: 0,interpolation_duration: 1}
$data merge entity $(bone_bone8) {transformation: [-0.9773f,0.0805f,0.1959f,-0.0625f,0.0058f,0.9347f,-0.3553f,-1.3437f,-0.2117f,-0.3461f,-0.914f,0.1406f,0f,0f,0f,1f],start_interpolation: 0,interpolation_duration: 1}
$data merge entity $(bone_bone12) {transformation: [-0.9773f,-0.0366f,-0.2088f,0.0728f,0.0252f,0.9579f,-0.2861f,-1.6446f,0.2105f,-0.2848f,-0.9352f,0.209f,0f,0f,0f,1f],start_interpolation: 0,interpolation_duration: 1}
$data merge entity $(bone_bone11) {transformation: [-0.9773f,-0.033f,-0.2094f,0.0625f,0.0252f,0.9627f,-0.2695f,-1.3437f,0.2105f,-0.2686f,-0.94f,0.125f,0f,0f,0f,1f],start_interpolation: 0,interpolation_duration: 1}
$data merge entity $(bone_bone15) {transformation: [-0.9461f,-0.1275f,-0.2976f,0.2511f,-0.1257f,0.9917f,-0.0253f,-1.6399f,0.2984f,0.0135f,-0.9544f,0.2018f,0f,0f,0f,1f],start_interpolation: 0,interpolation_duration: 1}
$data merge entity $(bone_bone14) {transformation: [-0.9461f,-0.2035f,-0.2518f,0.1875f,-0.1257f,0.9477f,-0.2934f,-1.3437f,0.2984f,-0.2459f,-0.9222f,0.125f,0f,0f,0f,1f],start_interpolation: 0,interpolation_duration: 1}
$data merge entity $(bone_bone18) {transformation: [-0.9615f,0.0597f,-0.2683f,-0.2849f,0.0121f,0.9844f,0.1755f,-1.6369f,0.2746f,0.1655f,-0.9472f,-0.188f,0f,0f,0f,1f],start_interpolation: 0,interpolation_duration: 1}
$data merge entity $(bone_bone17) {transformation: [-0.7867f,0.3118f,-0.5329f,-0.1875f,0.1653f,0.938f,0.3047f,-1.3437f,0.5948f,0.1516f,-0.7894f,-0.1406f,0f,0f,0f,1f],start_interpolation: 0,interpolation_duration: 1}
$data merge entity $(bone_bone21) {transformation: [-0.96f,0.1745f,0.2189f,-0.0948f,0.2598f,0.8466f,0.4645f,-1.605f,-0.1043f,0.5028f,-0.8581f,-0.309f,0f,0f,0f,1f],start_interpolation: 0,interpolation_duration: 1}
$data merge entity $(bone_bone20) {transformation: [-0.9946f,0.1033f,-0.0129f,-0.0625f,0.0798f,0.8361f,0.5428f,-1.3437f,0.0669f,0.5388f,-0.8398f,-0.1406f,0f,0f,0f,1f],start_interpolation: 0,interpolation_duration: 1}
$data merge entity $(bone_bone24) {transformation: [-0.9917f,0.0209f,0.1267f,0.0806f,0.0684f,0.9213f,0.3829f,-1.6024f,-0.1087f,0.3884f,-0.9151f,-0.3151f,0f,0f,0f,1f],start_interpolation: 0,interpolation_duration: 1}
$data merge entity $(bone_bone23) {transformation: [-0.9979f,-0.0579f,0.0301f,0.0625f,-0.0312f,0.8276f,0.5605f,-1.3437f,-0.0574f,0.5583f,-0.8276f,-0.1406f,0f,0f,0f,1f],start_interpolation: 0,interpolation_duration: 1}
$data merge entity $(bone_bone27) {transformation: [-0.847f,-0.0663f,0.5274f,0.1953f,0.1644f,0.9109f,0.3785f,-1.6248f,-0.5055f,0.4073f,-0.7606f,-0.2771f,0f,0f,0f,1f],start_interpolation: 0,interpolation_duration: 1}
$data merge entity $(bone_bone26) {transformation: [-0.781f,-0.025f,0.624f,0.1875f,0.2551f,0.8993f,0.3553f,-1.3437f,-0.57f,0.4367f,-0.696f,-0.1406f,0f,0f,0f,1f],start_interpolation: 0,interpolation_duration: 1}
$data merge entity $(bone_bone30) {transformation: [-0.8734f,-0.4869f,0f,0.3415f,-0.4869f,0.8734f,0f,-1.6469f,0f,0f,-1f,0.0625f,0f,0f,0f,1f],start_interpolation: 0,interpolation_duration: 1}
$data merge entity $(bone_bone29) {transformation: [-0.97f,-0.2429f,0f,0.2656f,-0.2429f,0.97f,0f,-1.3437f,0f,0f,-1f,0.0625f,0f,0f,0f,1f],start_interpolation: 0,interpolation_duration: 1}
$data merge entity $(bone_bone33) {transformation: [-0.8859f,-0.2735f,0.3747f,0.41f,-0.1267f,0.9196f,0.3718f,-1.6198f,-0.4463f,0.2819f,-0.8493f,-0.0876f,0f,0f,0f,1f],start_interpolation: 0,interpolation_duration: 1}
$data merge entity $(bone_bone32) {transformation: [-0.869f,-0.462f,0.177f,0.2656f,-0.4327f,0.8832f,0.1807f,-1.3437f,-0.2398f,0.0804f,-0.9675f,-0.0625f,0f,0f,0f,1f],start_interpolation: 0,interpolation_duration: 1}
$data merge entity $(bone_bone36) {transformation: [-0.7813f,0.2925f,-0.5513f,-0.3231f,0.5159f,0.7999f,-0.3067f,-1.6481f,0.3513f,-0.5241f,-0.7759f,0.1036f,0f,0f,0f,1f],start_interpolation: 0,interpolation_duration: 1}
$data merge entity $(bone_bone35) {transformation: [-0.9763f,0.184f,-0.1139f,-0.2656f,0.1966f,0.9741f,-0.1119f,-1.3437f,0.0904f,-0.1317f,-0.9872f,0.0625f,0f,0f,0f,1f],start_interpolation: 0,interpolation_duration: 1}
$data merge entity $(bone_bone39) {transformation: [-0.8867f,0.1803f,0.4257f,-0.3475f,0.2187f,0.9749f,0.0427f,-1.6449f,-0.4073f,0.1309f,-0.9039f,-0.079f,0f,0f,0f,1f],start_interpolation: 0,interpolation_duration: 1}
$data merge entity $(bone_bone38) {transformation: [-0.9537f,0.2619f,0.1477f,-0.2656f,0.2668f,0.9637f,0.014f,-1.3437f,-0.1387f,0.0528f,-0.9889f,-0.0625f,0f,0f,0f,1f],start_interpolation: 0,interpolation_duration: 1}
$data merge entity $(bone_bone45) {transformation: [-0.972f,0.2349f,-0.0106f,-0.5031f,0.2065f,0.8744f,0.4391f,-0.8646f,0.1125f,0.4246f,-0.8984f,-0.215f,0f,0f,0f,1f],start_interpolation: 0,interpolation_duration: 1}
$data merge entity $(bone_bone44) {transformation: [-0.9046f,0.3945f,0.1613f,-0.3798f,0.4198f,0.8902f,0.1771f,-0.5865f,-0.0737f,0.2279f,-0.9709f,-0.1438f,0f,0f,0f,1f],start_interpolation: 0,interpolation_duration: 1}
$data merge entity $(bone_bone48) {transformation: [-0.8869f,0.0599f,-0.4582f,-0.6465f,0.0672f,0.9977f,0.0002f,-1.165f,0.4571f,-0.0306f,-0.8889f,0.0582f,0f,0f,0f,1f],start_interpolation: 0,interpolation_duration: 1}
$data merge entity $(bone_bone47) {transformation: [-0.8568f,0.3818f,-0.3466f,-0.5033f,0.4029f,0.9151f,0.0121f,-0.8219f,0.3218f,-0.1292f,-0.9379f,0.0097f,0f,0f,0f,1f],start_interpolation: 0,interpolation_duration: 1}
$data merge entity $(bone_3) {transformation: [-0.945f,0.2181f,-0.2439f,-0.3432f,0.2002f,0.975f,0.0963f,-0.7281f,0.2588f,0.0421f,-0.965f,-0.0214f,0f,0f,0f,1f],start_interpolation: 0,interpolation_duration: 1}
$data merge entity $(bone_4) {transformation: [-0.945f,0.1601f,-0.2853f,-0.4513f,0.2002f,0.9727f,-0.1171f,-0.935f,0.2588f,-0.1677f,-0.9513f,-0.0147f,0f,0f,0f,1f],start_interpolation: 0,interpolation_duration: 1}
$data merge entity $(bone_bone42) {transformation: [-0.9695f,-0.0148f,-0.2448f,0.396f,-0.0555f,0.9855f,0.1601f,-0.8734f,0.2389f,0.1688f,-0.9563f,-0.27f,0f,0f,0f,1f],start_interpolation: 0,interpolation_duration: 1}
$data merge entity $(bone_bone41) {transformation: [-0.9623f,-0.1104f,-0.2485f,0.3615f,-0.1996f,0.9075f,0.3696f,-0.5898f,0.1847f,0.4053f,-0.8953f,-0.1434f,0f,0f,0f,1f],start_interpolation: 0,interpolation_duration: 1}
$data merge entity $(bone_bone51) {transformation: [-0.9553f,-0.2447f,0.1658f,0.6263f,-0.2372f,0.9694f,0.0637f,-1.1778f,-0.1763f,0.0216f,-0.9841f,-0.0126f,0f,0f,0f,1f],start_interpolation: 0,interpolation_duration: 1}
$data merge entity $(bone_bone50) {transformation: [-0.9211f,-0.3532f,0.1638f,0.4939f,-0.3416f,0.935f,0.0955f,-0.8272f,-0.1869f,0.032f,-0.9819f,-0.0006f,0f,0f,0f,1f],start_interpolation: 0,interpolation_duration: 1}
$data merge entity $(bone_1) {transformation: [-0.978f,-0.1698f,0.1215f,0.3351f,-0.163f,0.9845f,0.0645f,-0.727f,-0.1305f,0.0432f,-0.9905f,-0.0136f,0f,0f,0f,1f],start_interpolation: 0,interpolation_duration: 1}
$data merge entity $(bone_2) {transformation: [-0.978f,-0.1326f,0.1613f,0.4028f,-0.163f,0.9677f,-0.1926f,-0.9373f,-0.1305f,-0.2146f,-0.9679f,-0.0189f,0f,0f,0f,1f],start_interpolation: 0,interpolation_duration: 1}
$data merge entity $(bone_7) {transformation: [-0.9986f,0.0529f,-0.0041f,-0.1287f,0.053f,0.9956f,-0.0777f,-1.5324f,0f,-0.0778f,-0.997f,0.0146f,0f,0f,0f,1f],start_interpolation: 0,interpolation_duration: 1}
$data merge entity $(bone_8) {transformation: [-0.9986f,0.0497f,0.0186f,-0.1361f,0.053f,0.9351f,0.3504f,-1.6714f,0f,0.3509f,-0.9364f,0.038f,0f,0f,0f,1f],start_interpolation: 0,interpolation_duration: 1}
$data merge entity $(bone_5) {transformation: [-0.9986f,-0.053f,-0.0005f,0.1188f,-0.053f,0.9985f,0.0094f,-1.3457f,0f,0.0094f,-1f,0f,0f,0f,0f,1f],start_interpolation: 0,interpolation_duration: 1}
$data merge entity $(bone_6) {transformation: [-0.9986f,-0.0511f,-0.0142f,0.1367f,-0.053f,0.9621f,0.2675f,-1.6828f,0f,0.2679f,-0.9634f,0.0031f,0f,0f,0f,1f],start_interpolation: 0,interpolation_duration: 1}