# This file was generated by Animated Java via MC-Build. It is not recommended to edit this file directly.
$data merge entity $(bone_bone54) {transformation: [-0.9644f,0.2374f,0.1168f,-0.1615f,0.2365f,0.9714f,-0.0214f,1.2307f,-0.1185f,0.007f,-0.9929f,-0.3021f,0f,0f,0f,1f],start_interpolation: 0,interpolation_duration: 1}
$data merge entity $(bone_bone53) {transformation: [-0.9595f,-0.0113f,-0.2814f,-0.1562f,-0.1308f,0.9028f,0.4097f,1.5f,0.2494f,0.4299f,-0.8677f,-0.1406f,0f,0f,0f,1f],start_interpolation: 0,interpolation_duration: 1}
$data merge entity $(bone_bone57) {transformation: [-0.9848f,-0.0711f,0.1585f,0.1496f,0.0227f,0.852f,0.5231f,1.1932f,-0.1722f,0.5187f,-0.8374f,-0.2073f,0f,0f,0f,1f],start_interpolation: 0,interpolation_duration: 1}
$data merge entity $(bone_bone56) {transformation: [-0.9634f,0.0477f,0.2638f,0.1563f,0.0767f,0.9919f,0.101f,1.5f,-0.2568f,0.1175f,-0.9593f,-0.1406f,0f,0f,0f,1f],start_interpolation: 0,interpolation_duration: 1}
$data merge entity $(bone_bone5) {transformation: [-0.9239f,0.2151f,0.3166f,-0.2156f,0.1006f,0.9345f,-0.3414f,0.4428f,-0.3693f,-0.2835f,-0.885f,0.1698f,0f,0f,0f,1f],start_interpolation: 0,interpolation_duration: 1}
$data merge entity $(bone_bone2) {transformation: [-0.9239f,0.1799f,0.3378f,-0.1875f,0.1006f,0.9658f,-0.2391f,0.5938f,-0.3693f,-0.1869f,-0.9103f,0.1406f,0f,0f,0f,1f],start_interpolation: 0,interpolation_duration: 1}
$data merge entity $(bone_bone9) {transformation: [-0.9733f,0.0082f,0.2295f,-0.09f,0.0054f,0.9999f,-0.0126f,0.4586f,-0.2296f,-0.011f,-0.9732f,0.2501f,0f,0f,0f,1f],start_interpolation: 0,interpolation_duration: 1}
$data merge entity $(bone_bone8) {transformation: [-0.9733f,0.0878f,0.2122f,-0.0625f,0.0054f,0.9325f,-0.361f,0.75f,-0.2296f,-0.3502f,-0.9081f,0.1406f,0f,0f,0f,1f],start_interpolation: 0,interpolation_duration: 1}
$data merge entity $(bone_bone12) {transformation: [-0.9718f,-0.04f,-0.2324f,0.0705f,0.037f,0.9475f,-0.3177f,0.4484f,0.2329f,-0.3174f,-0.9193f,0.2063f,0f,0f,0f,1f],start_interpolation: 0,interpolation_duration: 1}
$data merge entity $(bone_bone11) {transformation: [-0.9718f,-0.0255f,-0.2344f,0.0625f,0.037f,0.9653f,-0.2587f,0.75f,0.2329f,-0.2601f,-0.9371f,0.125f,0f,0f,0f,1f],start_interpolation: 0,interpolation_duration: 1}
$data merge entity $(bone_bone15) {transformation: [-0.9439f,-0.1224f,-0.3066f,0.2508f,-0.121f,0.9924f,-0.0235f,0.4541f,0.3071f,0.0149f,-0.9515f,0.2029f,0f,0f,0f,1f],start_interpolation: 0,interpolation_duration: 1}
$data merge entity $(bone_bone14) {transformation: [-0.9439f,-0.2026f,-0.2607f,0.1875f,-0.121f,0.947f,-0.2976f,0.75f,0.3071f,-0.2494f,-0.9184f,0.125f,0f,0f,0f,1f],start_interpolation: 0,interpolation_duration: 1}
$data merge entity $(bone_bone18) {transformation: [-0.9614f,0.0352f,-0.273f,-0.2891f,-0.0092f,0.9871f,0.16f,0.4584f,0.2751f,0.1563f,-0.9486f,-0.1887f,0f,0f,0f,1f],start_interpolation: 0,interpolation_duration: 1}
$data merge entity $(bone_bone17) {transformation: [-0.7827f,0.3251f,-0.5308f,-0.1875f,0.1741f,0.9331f,0.3148f,0.75f,0.5976f,0.154f,-0.7869f,-0.1406f,0f,0f,0f,1f],start_interpolation: 0,interpolation_duration: 1}
$data merge entity $(bone_bone21) {transformation: [-0.9494f,0.1745f,0.2611f,-0.0994f,0.2856f,0.8253f,0.4871f,0.4869f,-0.1305f,0.5371f,-0.8334f,-0.3052f,0f,0f,0f,1f],start_interpolation: 0,interpolation_duration: 1}
$data merge entity $(bone_bone20) {transformation: [-0.9928f,0.118f,0.0215f,-0.0625f,0.1115f,0.8418f,0.5281f,0.75f,0.0442f,0.5267f,-0.8489f,-0.1406f,0f,0f,0f,1f],start_interpolation: 0,interpolation_duration: 1}
$data merge entity $(bone_bone24) {transformation: [-0.9948f,0.0182f,0.0998f,0.0792f,0.0524f,0.9344f,0.3523f,0.4946f,-0.0868f,0.3557f,-0.9305f,-0.3199f,0f,0f,0f,1f],start_interpolation: 0,interpolation_duration: 1}
$data merge entity $(bone_bone23) {transformation: [-0.9985f,-0.0536f,0.0067f,0.0625f,-0.04f,0.8173f,0.5749f,0.75f,-0.0363f,0.5738f,-0.8182f,-0.1406f,0f,0f,0f,1f],start_interpolation: 0,interpolation_duration: 1}
$data merge entity $(bone_bone27) {transformation: [-0.8312f,-0.0558f,0.5531f,0.1982f,0.1815f,0.9132f,0.3649f,0.4723f,-0.5255f,0.4037f,-0.7489f,-0.2835f,0f,0f,0f,1f],start_interpolation: 0,interpolation_duration: 1}
$data merge entity $(bone_bone26) {transformation: [-0.7625f,-0.0341f,0.6461f,0.1875f,0.2726f,0.8887f,0.3686f,0.75f,-0.5868f,0.4572f,-0.6683f,-0.1406f,0f,0f,0f,1f],start_interpolation: 0,interpolation_duration: 1}
$data merge entity $(bone_bone30) {transformation: [-0.891f,-0.454f,0f,0.339f,-0.454f,0.891f,0f,0.4462f,0f,0f,-1f,0.0625f,0f,0f,0f,1f],start_interpolation: 0,interpolation_duration: 1}
$data merge entity $(bone_bone29) {transformation: [-0.9721f,-0.2347f,0f,0.2656f,-0.2347f,0.9721f,0f,0.75f,0f,0f,-1f,0.0625f,0f,0f,0f,1f],start_interpolation: 0,interpolation_duration: 1}
$data merge entity $(bone_bone33) {transformation: [-0.8663f,-0.3099f,0.3919f,0.4131f,-0.1369f,0.9016f,0.4103f,0.4759f,-0.4804f,0.3018f,-0.8235f,-0.0904f,0f,0f,0f,1f],start_interpolation: 0,interpolation_duration: 1}
$data merge entity $(bone_bone32) {transformation: [-0.8615f,-0.472f,0.1871f,0.2656f,-0.4374f,0.8771f,0.1986f,0.75f,-0.2578f,0.0892f,-0.9621f,-0.0625f,0f,0f,0f,1f],start_interpolation: 0,interpolation_duration: 1}
$data merge entity $(bone_bone36) {transformation: [-0.7683f,0.2819f,-0.5747f,-0.3261f,0.5232f,0.7938f,-0.3101f,0.4463f,0.3688f,-0.5389f,-0.7573f,0.1044f,0f,0f,0f,1f],start_interpolation: 0,interpolation_duration: 1}
$data merge entity $(bone_bone35) {transformation: [-0.9722f,0.1937f,-0.1315f,-0.2656f,0.2084f,0.9719f,-0.1098f,0.75f,0.1065f,-0.1341f,-0.9852f,0.0625f,0f,0f,0f,1f],start_interpolation: 0,interpolation_duration: 1}
$data merge entity $(bone_bone39) {transformation: [-0.88f,0.2029f,0.4294f,-0.3477f,0.2413f,0.9698f,0.0363f,0.4493f,-0.4091f,0.1355f,-0.9024f,-0.0842f,0f,0f,0f,1f],start_interpolation: 0,interpolation_duration: 1}
$data merge entity $(bone_bone38) {transformation: [-0.9537f,0.2627f,0.1464f,-0.2656f,0.2699f,0.9624f,0.0313f,0.75f,-0.1327f,0.0694f,-0.9887f,-0.0625f,0f,0f,0f,1f],start_interpolation: 0,interpolation_duration: 1}
$data merge entity $(bone_bone45) {transformation: [-0.9652f,0.2611f,0.0152f,-0.5053f,0.2398f,0.8601f,0.4502f,1.2307f,0.1044f,0.4382f,-0.8928f,-0.2175f,0f,0f,0f,1f],start_interpolation: 0,interpolation_duration: 1}
$data merge entity $(bone_bone44) {transformation: [-0.8988f,0.4017f,0.1756f,-0.3798f,0.4303f,0.8849f,0.1784f,1.5073f,-0.0838f,0.2359f,-0.9682f,-0.1438f,0f,0f,0f,1f],start_interpolation: 0,interpolation_duration: 1}
$data merge entity $(bone_bone48) {transformation: [-0.9017f,0.0609f,-0.428f,-0.6494f,0.0556f,0.9981f,0.0248f,0.9304f,0.4287f,-0.0014f,-0.9034f,0.0616f,0f,0f,0f,1f],start_interpolation: 0,interpolation_duration: 1}
$data merge entity $(bone_bone47) {transformation: [-0.8474f,0.3902f,-0.3602f,-0.503f,0.4138f,0.9103f,0.0126f,1.2717f,0.3328f,-0.1383f,-0.9328f,0.0097f,0f,0f,0f,1f],start_interpolation: 0,interpolation_duration: 1}
$data merge entity $(bone_3) {transformation: [-0.9452f,0.2167f,-0.2441f,-0.343f,0.1988f,0.9753f,0.0959f,1.3657f,0.2588f,0.0421f,-0.965f,-0.0214f,0f,0f,0f,1f],start_interpolation: 0,interpolation_duration: 1}
$data merge entity $(bone_4) {transformation: [-0.9452f,0.1587f,-0.2852f,-0.4508f,0.1988f,0.973f,-0.1175f,1.1586f,0.2588f,-0.1677f,-0.9513f,-0.0147f,0f,0f,0f,1f],start_interpolation: 0,interpolation_duration: 1}
$data merge entity $(bone_bone42) {transformation: [-0.9672f,-0.0059f,-0.2541f,0.3863f,-0.0359f,0.9929f,0.1135f,1.2211f,0.2517f,0.1189f,-0.9605f,-0.2738f,0f,0f,0f,1f],start_interpolation: 0,interpolation_duration: 1}
$data merge entity $(bone_bone41) {transformation: [-0.9505f,-0.0792f,-0.3004f,0.3615f,-0.1948f,0.9053f,0.3774f,1.504f,0.2421f,0.4173f,-0.8759f,-0.1434f,0f,0f,0f,1f],start_interpolation: 0,interpolation_duration: 1}
$data merge entity $(bone_bone51) {transformation: [-0.9655f,-0.2243f,0.1322f,0.6309f,-0.2179f,0.974f,0.0614f,0.9178f,-0.1425f,0.0305f,-0.9893f,-0.0157f,0f,0f,0f,1f],start_interpolation: 0,interpolation_duration: 1}
$data merge entity $(bone_bone50) {transformation: [-0.9212f,-0.3662f,0.1318f,0.4935f,-0.356f,0.9297f,0.0946f,1.2664f,-0.1572f,0.0402f,-0.9867f,-0.0006f,0f,0f,0f,1f],start_interpolation: 0,interpolation_duration: 1}
$data merge entity $(bone_1) {transformation: [-0.9782f,-0.1684f,0.1215f,0.3349f,-0.1616f,0.9848f,0.0643f,1.3668f,-0.1305f,0.0432f,-0.9905f,-0.0136f,0f,0f,0f,1f],start_interpolation: 0,interpolation_duration: 1}
$data merge entity $(bone_2) {transformation: [-0.9782f,-0.1312f,0.161f,0.4023f,-0.1616f,0.9678f,-0.1928f,1.1564f,-0.1305f,-0.2146f,-0.9679f,-0.0189f,0f,0f,0f,1f],start_interpolation: 0,interpolation_duration: 1}
$data merge entity $(bone_7) {transformation: [-0.9985f,0.0543f,-0.0042f,-0.129f,0.0544f,0.9956f,-0.0762f,0.5613f,0f,-0.0764f,-0.9971f,0.0143f,0f,0f,0f,1f],start_interpolation: 0,interpolation_duration: 1}
$data merge entity $(bone_8) {transformation: [-0.9985f,0.0509f,0.0192f,-0.1366f,0.0544f,0.9345f,0.3517f,0.4222f,0f,0.3522f,-0.9359f,0.0375f,0f,0f,0f,1f],start_interpolation: 0,interpolation_duration: 1}
$data merge entity $(bone_5) {transformation: [-0.9985f,-0.0544f,-0.0006f,0.1188f,-0.0544f,0.9985f,0.0108f,0.748f,0f,0.0108f,-0.9999f,0f,0f,0f,0f,1f],start_interpolation: 0,interpolation_duration: 1}
$data merge entity $(bone_6) {transformation: [-0.9985f,-0.0524f,-0.0147f,0.1372f,-0.0544f,0.9616f,0.2689f,0.4109f,0f,0.2693f,-0.9631f,0.0026f,0f,0f,0f,1f],start_interpolation: 0,interpolation_duration: 1}