# This file was generated by Animated Java via MC-Build. It is not recommended to edit this file directly.
$data merge entity $(bone_bone54) {transformation: [-0.9622f,0.2384f,0.1318f,-0.1599f,0.2382f,0.9711f,-0.0171f,-0.8609f,-0.1321f,0.0149f,-0.9911f,-0.3057f,0f,0f,0f,1f],start_interpolation: 0,interpolation_duration: 1}
$data merge entity $(bone_bone53) {transformation: [-0.959f,-0.0165f,-0.2831f,-0.1562f,-0.1393f,0.8969f,0.4197f,-0.5937f,0.247f,0.4419f,-0.8624f,-0.1406f,0f,0f,0f,1f],start_interpolation: 0,interpolation_duration: 1}
$data merge entity $(bone_bone57) {transformation: [-0.9877f,-0.0617f,0.1436f,0.1483f,0.0232f,0.8508f,0.5249f,-0.9004f,-0.1546f,0.5218f,-0.8389f,-0.2081f,0f,0f,0f,1f],start_interpolation: 0,interpolation_duration: 1}
$data merge entity $(bone_bone56) {transformation: [-0.9654f,0.0511f,0.2556f,0.1563f,0.0797f,0.9915f,0.1028f,-0.5937f,-0.2481f,0.1196f,-0.9613f,-0.1406f,0f,0f,0f,1f],start_interpolation: 0,interpolation_duration: 1}
$data merge entity $(bone_bone5) {transformation: [-0.9178f,0.2191f,0.3311f,-0.2146f,0.0906f,0.9276f,-0.3625f,-1.6512f,-0.3866f,-0.3027f,-0.8712f,0.1694f,0f,0f,0f,1f],start_interpolation: 0,interpolation_duration: 1}
$data merge entity $(bone_bone2) {transformation: [-0.9178f,0.1731f,0.3573f,-0.1875f,0.0906f,0.9675f,-0.236f,-1.5f,-0.3866f,-0.1842f,-0.9037f,0.1406f,0f,0f,0f,1f],start_interpolation: 0,interpolation_duration: 1}
$data merge entity $(bone_bone9) {transformation: [-0.9692f,0.0162f,0.2458f,-0.0922f,0.0051f,0.9989f,-0.0456f,-1.6345f,-0.2463f,-0.043f,-0.9682f,0.2512f,0f,0f,0f,1f],start_interpolation: 0,interpolation_duration: 1}
$data merge entity $(bone_bone8) {transformation: [-0.9692f,0.0949f,0.2274f,-0.0625f,0.0051f,0.9304f,-0.3664f,-1.3437f,-0.2463f,-0.3539f,-0.9022f,0.1406f,0f,0f,0f,1f],start_interpolation: 0,interpolation_duration: 1}
$data merge entity $(bone_bone12) {transformation: [-0.9661f,-0.0447f,-0.2544f,0.0682f,0.0479f,0.9368f,-0.3465f,-1.6461f,0.2538f,-0.347f,-0.9029f,0.2037f,0f,0f,0f,1f],start_interpolation: 0,interpolation_duration: 1}
$data merge entity $(bone_bone11) {transformation: [-0.9661f,-0.0182f,-0.2576f,0.0625f,0.0479f,0.9676f,-0.248f,-1.3437f,0.2538f,-0.252f,-0.9339f,0.125f,0f,0f,0f,1f],start_interpolation: 0,interpolation_duration: 1}
$data merge entity $(bone_bone15) {transformation: [-0.9418f,-0.1175f,-0.315f,0.2506f,-0.1166f,0.9929f,-0.0218f,-1.6395f,0.3153f,0.0162f,-0.9488f,0.204f,0f,0f,0f,1f],start_interpolation: 0,interpolation_duration: 1}
$data merge entity $(bone_bone14) {transformation: [-0.9418f,-0.2018f,-0.2689f,0.1875f,-0.1166f,0.9463f,-0.3016f,-1.3437f,0.3153f,-0.2526f,-0.9147f,0.125f,0f,0f,0f,1f],start_interpolation: 0,interpolation_duration: 1}
$data merge entity $(bone_bone18) {transformation: [-0.9609f,0.0126f,-0.2767f,-0.293f,-0.029f,0.9889f,0.146f,-1.6338f,0.2754f,0.1483f,-0.9498f,-0.1896f,0f,0f,0f,1f],start_interpolation: 0,interpolation_duration: 1}
$data merge entity $(bone_bone17) {transformation: [-0.7792f,0.3376f,-0.5281f,-0.1875f,0.1822f,0.9282f,0.3246f,-1.3437f,0.5998f,0.1567f,-0.7847f,-0.1406f,0f,0f,0f,1f],start_interpolation: 0,interpolation_duration: 1}
$data merge entity $(bone_bone21) {transformation: [-0.9384f,0.1712f,0.3002f,-0.104f,0.3089f,0.805f,0.5064f,-1.6084f,-0.155f,0.568f,-0.8083f,-0.3015f,0f,0f,0f,1f],start_interpolation: 0,interpolation_duration: 1}
$data merge entity $(bone_bone20) {transformation: [-0.9897f,0.1329f,0.0526f,-0.0625f,0.141f,0.8469f,0.5127f,-1.3437f,0.0236f,0.5149f,-0.8569f,-0.1406f,0f,0f,0f,1f],start_interpolation: 0,interpolation_duration: 1}
$data merge entity $(bone_bone24) {transformation: [-0.9971f,0.0141f,0.0746f,0.0776f,0.0375f,0.9458f,0.3226f,-1.596f,-0.066f,0.3244f,-0.9436f,-0.3245f,0f,0f,0f,1f],start_interpolation: 0,interpolation_duration: 1}
$data merge entity $(bone_bone23) {transformation: [-0.9987f,-0.0485f,-0.0153f,0.0625f,-0.0482f,0.8072f,0.5883f,-1.3437f,-0.0162f,0.5883f,-0.8085f,-0.1406f,0f,0f,0f,1f],start_interpolation: 0,interpolation_duration: 1}
$data merge entity $(bone_bone27) {transformation: [-0.8157f,-0.046f,0.5766f,0.2015f,0.1964f,0.9156f,0.3509f,-1.6184f,-0.5441f,0.3995f,-0.7378f,-0.2891f,0f,0f,0f,1f],start_interpolation: 0,interpolation_duration: 1}
$data merge entity $(bone_bone26) {transformation: [-0.7444f,-0.0448f,0.6662f,0.1875f,0.2878f,0.8787f,0.3808f,-1.3437f,-0.6025f,0.4752f,-0.6412f,-0.1406f,0f,0f,0f,1f],start_interpolation: 0,interpolation_duration: 1}
$data merge entity $(bone_bone30) {transformation: [-0.907f,-0.4212f,0f,0.3367f,-0.4212f,0.907f,0f,-1.6481f,0f,0f,-1f,0.0625f,0f,0f,0f,1f],start_interpolation: 0,interpolation_duration: 1}
$data merge entity $(bone_bone29) {transformation: [-0.9738f,-0.2275f,0f,0.2656f,-0.2275f,0.9738f,0f,-1.3437f,0f,0f,-1f,0.0625f,0f,0f,0f,1f],start_interpolation: 0,interpolation_duration: 1}
$data merge entity $(bone_bone33) {transformation: [-0.847f,-0.3444f,0.4049f,0.4162f,-0.1457f,0.883f,0.4462f,-1.6159f,-0.5112f,0.319f,-0.7981f,-0.093f,0f,0f,0f,1f],start_interpolation: 0,interpolation_duration: 1}
$data merge entity $(bone_bone32) {transformation: [-0.854f,-0.482f,0.196f,0.2656f,-0.4419f,0.8707f,0.2157f,-1.3437f,-0.2746f,0.0976f,-0.9566f,-0.0625f,0f,0f,0f,1f],start_interpolation: 0,interpolation_duration: 1}
$data merge entity $(bone_bone36) {transformation: [-0.756f,0.2711f,-0.5958f,-0.3292f,0.5294f,0.7885f,-0.3131f,-1.6467f,0.3849f,-0.5521f,-0.7396f,0.1053f,0f,0f,0f,1f],start_interpolation: 0,interpolation_duration: 1}
$data merge entity $(bone_bone35) {transformation: [-0.9677f,0.2034f,-0.1489f,-0.2656f,0.2203f,0.9695f,-0.1075f,-1.3437f,0.1225f,-0.1368f,-0.983f,0.0625f,0f,0f,0f,1f],start_interpolation: 0,interpolation_duration: 1}
$data merge entity $(bone_bone39) {transformation: [-0.8732f,0.2265f,0.4316f,-0.3481f,0.2645f,0.9639f,0.0292f,-1.644f,-0.4094f,0.1396f,-0.9016f,-0.0894f,0f,0f,0f,1f],start_interpolation: 0,interpolation_duration: 1}
$data merge entity $(bone_bone38) {transformation: [-0.9535f,0.2638f,0.1454f,-0.2656f,0.2732f,0.9607f,0.0487f,-1.3437f,-0.1269f,0.0862f,-0.9882f,-0.0625f,0f,0f,0f,1f],start_interpolation: 0,interpolation_duration: 1}
$data merge entity $(bone_bone45) {transformation: [-0.9576f,0.2852f,0.04f,-0.507f,0.2711f,0.8459f,0.4593f,-0.8616f,0.0972f,0.4507f,-0.8874f,-0.2199f,0f,0f,0f,1f],start_interpolation: 0,interpolation_duration: 1}
$data merge entity $(bone_bone44) {transformation: [-0.8936f,0.4072f,0.1886f,-0.3798f,0.4391f,0.8802f,0.1799f,-0.5865f,-0.0927f,0.2436f,-0.9654f,-0.1438f,0f,0f,0f,1f],start_interpolation: 0,interpolation_duration: 1}
$data merge entity $(bone_bone48) {transformation: [-0.9151f,0.0614f,-0.3985f,-0.6519f,0.0454f,0.9977f,0.0495f,-1.1619f,0.4006f,0.0272f,-0.9158f,0.0648f,0f,0f,0f,1f],start_interpolation: 0,interpolation_duration: 1}
$data merge entity $(bone_bone47) {transformation: [-0.8381f,0.3978f,-0.3733f,-0.5027f,0.4238f,0.9056f,0.0135f,-0.8222f,0.3434f,-0.1469f,-0.9276f,0.0097f,0f,0f,0f,1f],start_interpolation: 0,interpolation_duration: 1}
$data merge entity $(bone_3) {transformation: [-0.9455f,0.2153f,-0.2442f,-0.3428f,0.1975f,0.9756f,0.0956f,-0.728f,0.2588f,0.0421f,-0.965f,-0.0214f,0f,0f,0f,1f],start_interpolation: 0,interpolation_duration: 1}
$data merge entity $(bone_4) {transformation: [-0.9455f,0.1573f,-0.285f,-0.4503f,0.1975f,0.9732f,-0.1179f,-0.9352f,0.2588f,-0.1677f,-0.9513f,-0.0147f,0f,0f,0f,1f],start_interpolation: 0,interpolation_duration: 1}
$data merge entity $(bone_bone42) {transformation: [-0.9647f,0.0024f,-0.2634f,0.3767f,-0.0163f,0.9975f,0.0689f,-0.872f,0.2629f,0.0708f,-0.9622f,-0.2766f,0f,0f,0f,1f],start_interpolation: 0,interpolation_duration: 1}
$data merge entity $(bone_bone41) {transformation: [-0.9364f,-0.0484f,-0.3475f,0.3615f,-0.1896f,0.9032f,0.3851f,-0.5897f,0.2952f,0.4265f,-0.855f,-0.1434f,0f,0f,0f,1f],start_interpolation: 0,interpolation_duration: 1}
$data merge entity $(bone_bone51) {transformation: [-0.9737f,-0.2043f,0.1003f,0.6349f,-0.1992f,0.9782f,0.0591f,-1.1742f,-0.1102f,0.0375f,-0.9932f,-0.0184f,0f,0f,0f,1f],start_interpolation: 0,interpolation_duration: 1}
$data merge entity $(bone_bone50) {transformation: [-0.9202f,-0.378f,0.1015f,0.4932f,-0.3696f,0.9246f,0.0924f,-0.8275f,-0.1288f,0.0476f,-0.9905f,-0.0006f,0f,0f,0f,1f],start_interpolation: 0,interpolation_duration: 1}
$data merge entity $(bone_1) {transformation: [-0.9784f,-0.167f,0.1216f,0.3347f,-0.1601f,0.985f,0.0641f,-0.7269f,-0.1305f,0.0432f,-0.9905f,-0.0136f,0f,0f,0f,1f],start_interpolation: 0,interpolation_duration: 1}
$data merge entity $(bone_2) {transformation: [-0.9784f,-0.1298f,0.1607f,0.4018f,-0.1601f,0.968f,-0.193f,-0.9374f,-0.1305f,-0.2146f,-0.9679f,-0.0189f,0f,0f,0f,1f],start_interpolation: 0,interpolation_duration: 1}
$data merge entity $(bone_7) {transformation: [-0.9984f,0.0557f,-0.0042f,-0.1293f,0.0559f,0.9956f,-0.0748f,-1.5325f,0f,-0.0749f,-0.9972f,0.014f,0f,0f,0f,1f],start_interpolation: 0,interpolation_duration: 1}
$data merge entity $(bone_8) {transformation: [-0.9984f,0.0523f,0.0198f,-0.137f,0.0559f,0.934f,0.353f,-1.6716f,0f,0.3535f,-0.9354f,0.037f,0f,0f,0f,1f],start_interpolation: 0,interpolation_duration: 1}
$data merge entity $(bone_5) {transformation: [-0.9984f,-0.0559f,-0.0007f,0.1188f,-0.0559f,0.9984f,0.0123f,-1.3458f,0f,0.0123f,-0.9999f,0f,0f,0f,0f,1f],start_interpolation: 0,interpolation_duration: 1}
$data merge entity $(bone_6) {transformation: [-0.9984f,-0.0538f,-0.0151f,0.1377f,-0.0559f,0.9612f,0.2703f,-1.6829f,0f,0.2707f,-0.9627f,0.0021f,0f,0f,0f,1f],start_interpolation: 0,interpolation_duration: 1}