# This file was generated by Animated Java via MC-Build. It is not recommended to edit this file directly.
$data merge entity $(bone_bone54) {transformation: [-0.9599f,0.2393f,0.1458f,-0.1586f,0.2402f,0.9706f,-0.0116f,-0.8589f,-0.1443f,0.0239f,-0.9892f,-0.3089f,0f,0f,0f,1f],start_interpolation: 0,interpolation_duration: 1}
$data merge entity $(bone_bone53) {transformation: [-0.9586f,-0.0208f,-0.2841f,-0.1562f,-0.1465f,0.8914f,0.429f,-0.5937f,0.2443f,0.4528f,-0.8575f,-0.1406f,0f,0f,0f,1f],start_interpolation: 0,interpolation_duration: 1}
$data merge entity $(bone_bone57) {transformation: [-0.9901f,-0.0528f,0.13f,0.147f,0.0237f,0.8504f,0.5257f,-0.9002f,-0.1383f,0.5235f,-0.8407f,-0.2088f,0f,0f,0f,1f],start_interpolation: 0,interpolation_duration: 1}
$data merge entity $(bone_bone56) {transformation: [-0.9672f,0.0543f,0.2482f,0.1563f,0.0826f,0.9911f,0.1048f,-0.5937f,-0.2403f,0.1219f,-0.963f,-0.1406f,0f,0f,0f,1f],start_interpolation: 0,interpolation_duration: 1}
$data merge entity $(bone_bone5) {transformation: [-0.9119f,0.2234f,0.3442f,-0.2136f,0.0817f,0.9208f,-0.3813f,-1.6514f,-0.4021f,-0.3196f,-0.858f,0.169f,0f,0f,0f,1f],start_interpolation: 0,interpolation_duration: 1}
$data merge entity $(bone_bone2) {transformation: [-0.9119f,0.1669f,0.3749f,-0.1875f,0.0817f,0.9691f,-0.2328f,-1.5f,-0.4021f,-0.1817f,-0.8974f,0.1406f,0f,0f,0f,1f],start_interpolation: 0,interpolation_duration: 1}
$data merge entity $(bone_bone9) {transformation: [-0.9652f,0.0244f,0.2604f,-0.0942f,0.0049f,0.9971f,-0.0756f,-1.6339f,-0.2615f,-0.0717f,-0.9626f,0.2522f,0f,0f,0f,1f],start_interpolation: 0,interpolation_duration: 1}
$data merge entity $(bone_bone8) {transformation: [-0.9652f,0.1014f,0.241f,-0.0625f,0.0049f,0.9285f,-0.3713f,-1.3437f,-0.2615f,-0.3572f,-0.8967f,0.1406f,0f,0f,0f,1f],start_interpolation: 0,interpolation_duration: 1}
$data merge entity $(bone_bone12) {transformation: [-0.9604f,-0.0502f,-0.2741f,0.066f,0.0577f,0.9265f,-0.372f,-1.6467f,0.2726f,-0.373f,-0.8869f,0.2014f,0f,0f,0f,1f],start_interpolation: 0,interpolation_duration: 1}
$data merge entity $(bone_bone11) {transformation: [-0.9604f,-0.0112f,-0.2784f,0.0625f,0.0577f,0.9696f,-0.2379f,-1.3437f,0.2726f,-0.2446f,-0.9305f,0.125f,0f,0f,0f,1f],start_interpolation: 0,interpolation_duration: 1}
$data merge entity $(bone_bone15) {transformation: [-0.9398f,-0.1131f,-0.3226f,0.2504f,-0.1127f,0.9934f,-0.0201f,-1.6393f,0.3227f,0.0174f,-0.9463f,0.2049f,0f,0f,0f,1f],start_interpolation: 0,interpolation_duration: 1}
$data merge entity $(bone_bone14) {transformation: [-0.9398f,-0.2011f,-0.2764f,0.1875f,-0.1127f,0.9456f,-0.3051f,-1.3437f,0.3227f,-0.2555f,-0.9113f,0.125f,0f,0f,0f,1f],start_interpolation: 0,interpolation_duration: 1}
$data merge entity $(bone_bone18) {transformation: [-0.9601f,-0.0076f,-0.2796f,-0.2966f,-0.0468f,0.9899f,0.134f,-1.6323f,0.2757f,0.1417f,-0.9507f,-0.1905f,0f,0f,0f,1f],start_interpolation: 0,interpolation_duration: 1}
$data merge entity $(bone_bone17) {transformation: [-0.7763f,0.349f,-0.5249f,-0.1875f,0.1895f,0.9234f,0.3337f,-1.3437f,0.6012f,0.1596f,-0.783f,-0.1406f,0f,0f,0f,1f],start_interpolation: 0,interpolation_duration: 1}
$data merge entity $(bone_bone21) {transformation: [-0.9275f,0.1652f,0.3354f,-0.1086f,0.3291f,0.7864f,0.5228f,-1.6098f,-0.1773f,0.5952f,-0.7837f,-0.298f,0f,0f,0f,1f],start_interpolation: 0,interpolation_duration: 1}
$data merge entity $(bone_bone20) {transformation: [-0.9858f,0.1475f,0.0797f,-0.0625f,0.1676f,0.8512f,0.4973f,-1.3437f,0.0055f,0.5036f,-0.8639f,-0.1406f,0f,0f,0f,1f],start_interpolation: 0,interpolation_duration: 1}
$data merge entity $(bone_bone24) {transformation: [-0.9986f,0.0092f,0.0516f,0.0759f,0.0241f,0.9554f,0.2943f,-1.593f,-0.0466f,0.2952f,-0.9543f,-0.3287f,0f,0f,0f,1f],start_interpolation: 0,interpolation_duration: 1}
$data merge entity $(bone_bone23) {transformation: [-0.9984f,-0.0429f,-0.0355f,0.0625f,-0.0556f,0.7975f,0.6008f,-1.3437f,0.0025f,0.6018f,-0.7986f,-0.1406f,0f,0f,0f,1f],start_interpolation: 0,interpolation_duration: 1}
$data merge entity $(bone_bone27) {transformation: [-0.801f,-0.0368f,0.5975f,0.2052f,0.2091f,0.918f,0.3369f,-1.6155f,-0.5609f,0.3948f,-0.7277f,-0.294f,0f,0f,0f,1f],start_interpolation: 0,interpolation_duration: 1}
$data merge entity $(bone_bone26) {transformation: [-0.7275f,-0.0566f,0.6837f,0.1875f,0.3007f,0.8695f,0.3919f,-1.3437f,-0.6167f,0.4907f,-0.6155f,-0.1406f,0f,0f,0f,1f],start_interpolation: 0,interpolation_duration: 1}
$data merge entity $(bone_bone30) {transformation: [-0.9212f,-0.389f,0f,0.3348f,-0.389f,0.9212f,0f,-1.6485f,0f,0f,-1f,0.0625f,0f,0f,0f,1f],start_interpolation: 0,interpolation_duration: 1}
$data merge entity $(bone_bone29) {transformation: [-0.9752f,-0.2214f,0f,0.2656f,-0.2214f,0.9752f,0f,-1.3437f,0f,0f,-1f,0.0625f,0f,0f,0f,1f],start_interpolation: 0,interpolation_duration: 1}
$data merge entity $(bone_bone33) {transformation: [-0.8288f,-0.3761f,0.4142f,0.4193f,-0.1531f,0.8645f,0.4787f,-1.6139f,-0.5382f,0.3334f,-0.7741f,-0.0954f,0f,0f,0f,1f],start_interpolation: 0,interpolation_duration: 1}
$data merge entity $(bone_bone32) {transformation: [-0.8466f,-0.4918f,0.2036f,0.2656f,-0.4463f,0.8643f,0.2318f,-1.3437f,-0.29f,0.1053f,-0.9512f,-0.0625f,0f,0f,0f,1f],start_interpolation: 0,interpolation_duration: 1}
$data merge entity $(bone_bone36) {transformation: [-0.7449f,0.2604f,-0.6143f,-0.3322f,0.5345f,0.7839f,-0.3158f,-1.6459f,0.3993f,-0.5636f,-0.7232f,0.1062f,0f,0f,0f,1f],start_interpolation: 0,interpolation_duration: 1}
$data merge entity $(bone_bone35) {transformation: [-0.9629f,0.213f,-0.1657f,-0.2656f,0.232f,0.967f,-0.1052f,-1.3437f,0.1379f,-0.1397f,-0.9805f,0.0625f,0f,0f,0f,1f],start_interpolation: 0,interpolation_duration: 1}
$data merge entity $(bone_bone39) {transformation: [-0.8662f,0.251f,0.4322f,-0.3485f,0.2882f,0.9573f,0.0215f,-1.6433f,-0.4083f,0.1432f,-0.9015f,-0.0947f,0f,0f,0f,1f],start_interpolation: 0,interpolation_duration: 1}
$data merge entity $(bone_bone38) {transformation: [-0.9532f,0.2653f,0.1448f,-0.2656f,0.2768f,0.9587f,0.066f,-1.3437f,-0.1213f,0.103f,-0.9873f,-0.0625f,0f,0f,0f,1f],start_interpolation: 0,interpolation_duration: 1}
$data merge entity $(bone_bone45) {transformation: [-0.9496f,0.3071f,0.063f,-0.5082f,0.3f,0.8321f,0.4665f,-0.8604f,0.0908f,0.4619f,-0.8823f,-0.2222f,0f,0f,0f,1f],start_interpolation: 0,interpolation_duration: 1}
$data merge entity $(bone_bone44) {transformation: [-0.8894f,0.411f,0.2f,-0.3798f,0.4459f,0.8764f,0.1819f,-0.5865f,-0.1005f,0.2509f,-0.9628f,-0.1438f,0f,0f,0f,1f],start_interpolation: 0,interpolation_duration: 1}
$data merge entity $(bone_bone48) {transformation: [-0.927f,0.0616f,-0.3699f,-0.654f,0.037f,0.9966f,0.0734f,-1.1605f,0.3732f,0.0544f,-0.9262f,0.0677f,0f,0f,0f,1f],start_interpolation: 0,interpolation_duration: 1}
$data merge entity $(bone_bone47) {transformation: [-0.8293f,0.4043f,-0.3857f,-0.5023f,0.4327f,0.9014f,0.0146f,-0.8224f,0.3536f,-0.1548f,-0.9225f,0.0097f,0f,0f,0f,1f],start_interpolation: 0,interpolation_duration: 1}
$data merge entity $(bone_3) {transformation: [-0.9458f,0.2138f,-0.2443f,-0.3426f,0.196f,0.976f,0.0952f,-0.728f,0.2588f,0.0421f,-0.965f,-0.0214f,0f,0f,0f,1f],start_interpolation: 0,interpolation_duration: 1}
$data merge entity $(bone_4) {transformation: [-0.9458f,0.1558f,-0.2848f,-0.4498f,0.196f,0.9734f,-0.1183f,-0.9353f,0.2588f,-0.1677f,-0.9513f,-0.0147f,0f,0f,0f,1f],start_interpolation: 0,interpolation_duration: 1}
$data merge entity $(bone_bone42) {transformation: [-0.9622f,0.0099f,-0.2722f,0.3675f,0.0025f,0.9996f,0.0277f,-0.8713f,0.2724f,0.0259f,-0.9618f,-0.2787f,0f,0f,0f,1f],start_interpolation: 0,interpolation_duration: 1}
$data merge entity $(bone_bone41) {transformation: [-0.921f,-0.0191f,-0.389f,0.3615f,-0.1843f,0.9012f,0.3923f,-0.5897f,0.3431f,0.433f,-0.8335f,-0.1434f,0f,0f,0f,1f],start_interpolation: 0,interpolation_duration: 1}
$data merge entity $(bone_bone51) {transformation: [-0.9801f,-0.1855f,0.071f,0.6385f,-0.1817f,0.9817f,0.0571f,-1.1726f,-0.0803f,0.0431f,-0.9958f,-0.0209f,0f,0f,0f,1f],start_interpolation: 0,interpolation_duration: 1}
$data merge entity $(bone_bone50) {transformation: [-0.9185f,-0.3885f,0.0735f,0.4928f,-0.3819f,0.9199f,0.0894f,-0.8277f,-0.1024f,0.054f,-0.9933f,-0.0006f,0f,0f,0f,1f],start_interpolation: 0,interpolation_duration: 1}
$data merge entity $(bone_1) {transformation: [-0.9787f,-0.1655f,0.1217f,0.3345f,-0.1587f,0.9853f,0.0639f,-0.7268f,-0.1305f,0.0432f,-0.9905f,-0.0136f,0f,0f,0f,1f],start_interpolation: 0,interpolation_duration: 1}
$data merge entity $(bone_2) {transformation: [-0.9787f,-0.1284f,0.1604f,0.4013f,-0.1587f,0.9682f,-0.1933f,-0.9374f,-0.1305f,-0.2146f,-0.9679f,-0.0189f,0f,0f,0f,1f],start_interpolation: 0,interpolation_duration: 1}
$data merge entity $(bone_7) {transformation: [-0.9984f,0.0573f,-0.0042f,-0.1295f,0.0574f,0.9957f,-0.0733f,-1.5326f,0f,-0.0734f,-0.9973f,0.0138f,0f,0f,0f,1f],start_interpolation: 0,interpolation_duration: 1}
$data merge entity $(bone_8) {transformation: [-0.9984f,0.0537f,0.0204f,-0.1375f,0.0574f,0.9333f,0.3544f,-1.6717f,0f,0.355f,-0.9349f,0.0365f,0f,0f,0f,1f],start_interpolation: 0,interpolation_duration: 1}
$data merge entity $(bone_5) {transformation: [-0.9984f,-0.0574f,-0.0008f,0.1188f,-0.0574f,0.9983f,0.0138f,-1.3459f,0f,0.0138f,-0.9999f,0f,0f,0f,0f,1f],start_interpolation: 0,interpolation_duration: 1}
$data merge entity $(bone_6) {transformation: [-0.9984f,-0.0552f,-0.0156f,0.1382f,-0.0574f,0.9607f,0.2717f,-1.6829f,0f,0.2721f,-0.9623f,0.0016f,0f,0f,0f,1f],start_interpolation: 0,interpolation_duration: 1}