# This file was generated by Animated Java via MC-Build. It is not recommended to edit this file directly.
$data merge entity $(bone_bone54) {transformation: [-0.9577f,0.2401f,0.1585f,-0.1576f,0.2424f,0.9702f,-0.0046f,-0.857f,-0.1549f,0.0341f,-0.9873f,-0.3118f,0f,0f,0f,1f],start_interpolation: 0,interpolation_duration: 1}
$data merge entity $(bone_bone53) {transformation: [-0.9584f,-0.0242f,-0.2844f,-0.1562f,-0.1522f,0.8863f,0.4374f,-0.5937f,0.2414f,0.4625f,-0.8531f,-0.1406f,0f,0f,0f,1f],start_interpolation: 0,interpolation_duration: 1}
$data merge entity $(bone_bone57) {transformation: [-0.992f,-0.0446f,0.1178f,0.1459f,0.0242f,0.8507f,0.5251f,-0.9f,-0.1236f,0.5238f,-0.8428f,-0.2095f,0f,0f,0f,1f],start_interpolation: 0,interpolation_duration: 1}
$data merge entity $(bone_bone56) {transformation: [-0.9686f,0.0574f,0.242f,0.1563f,0.0853f,0.9906f,0.1068f,-0.5937f,-0.2336f,0.124f,-0.9644f,-0.1406f,0f,0f,0f,1f],start_interpolation: 0,interpolation_duration: 1}
$data merge entity $(bone_bone5) {transformation: [-0.9065f,0.2277f,0.3555f,-0.2127f,0.0739f,0.9147f,-0.3973f,-1.6516f,-0.4156f,-0.3339f,-0.846f,0.1687f,0f,0f,0f,1f],start_interpolation: 0,interpolation_duration: 1}
$data merge entity $(bone_bone2) {transformation: [-0.9065f,0.1614f,0.3901f,-0.1875f,0.0739f,0.9704f,-0.2298f,-1.5f,-0.4156f,-0.1795f,-0.8916f,0.1406f,0f,0f,0f,1f],start_interpolation: 0,interpolation_duration: 1}
$data merge entity $(bone_bone9) {transformation: [-0.9615f,0.0324f,0.2728f,-0.096f,0.0046f,0.9948f,-0.1017f,-1.6334f,-0.2746f,-0.0965f,-0.9567f,0.2531f,0f,0f,0f,1f],start_interpolation: 0,interpolation_duration: 1}
$data merge entity $(bone_bone8) {transformation: [-0.9615f,0.1073f,0.2529f,-0.0625f,0.0046f,0.9268f,-0.3755f,-1.3437f,-0.2746f,-0.3599f,-0.8917f,0.1406f,0f,0f,0f,1f],start_interpolation: 0,interpolation_duration: 1}
$data merge entity $(bone_bone12) {transformation: [-0.955f,-0.0561f,-0.2911f,0.064f,0.0661f,0.9169f,-0.3936f,-1.6473f,0.289f,-0.3952f,-0.872f,0.1994f,0f,0f,0f,1f],start_interpolation: 0,interpolation_duration: 1}
$data merge entity $(bone_bone11) {transformation: [-0.955f,-0.0048f,-0.2965f,0.0625f,0.0661f,0.9712f,-0.2288f,-1.3437f,0.289f,-0.2381f,-0.9272f,0.125f,0f,0f,0f,1f],start_interpolation: 0,interpolation_duration: 1}
$data merge entity $(bone_bone15) {transformation: [-0.9379f,-0.1092f,-0.3292f,0.2502f,-0.1092f,0.9938f,-0.0186f,-1.6391f,0.3292f,0.0185f,-0.9441f,0.2056f,0f,0f,0f,1f],start_interpolation: 0,interpolation_duration: 1}
$data merge entity $(bone_bone14) {transformation: [-0.9379f,-0.2006f,-0.2829f,0.1875f,-0.1092f,0.9451f,-0.3081f,-1.3437f,0.3292f,-0.2581f,-0.9083f,0.125f,0f,0f,0f,1f],start_interpolation: 0,interpolation_duration: 1}
$data merge entity $(bone_bone18) {transformation: [-0.9591f,-0.0248f,-0.2821f,-0.2997f,-0.0622f,0.9903f,0.1243f,-1.6309f,0.2763f,0.1367f,-0.9513f,-0.1915f,0f,0f,0f,1f],start_interpolation: 0,interpolation_duration: 1}
$data merge entity $(bone_bone17) {transformation: [-0.7742f,0.3591f,-0.5212f,-0.1875f,0.196f,0.919f,0.3421f,-1.3437f,0.6019f,0.1627f,-0.7818f,-0.1406f,0f,0f,0f,1f],start_interpolation: 0,interpolation_duration: 1}
$data merge entity $(bone_bone21) {transformation: [-0.9174f,0.1574f,0.3656f,-0.1129f,0.3459f,0.7697f,0.5366f,-1.6109f,-0.197f,0.6187f,-0.7605f,-0.2948f,0f,0f,0f,1f],start_interpolation: 0,interpolation_duration: 1}
$data merge entity $(bone_bone20) {transformation: [-0.9816f,0.1612f,0.1023f,-0.0625f,0.1906f,0.8548f,0.4826f,-1.3437f,-0.0096f,0.4933f,-0.8698f,-0.1406f,0f,0f,0f,1f],start_interpolation: 0,interpolation_duration: 1}
$data merge entity $(bone_bone24) {transformation: [-0.9995f,0.0041f,0.0312f,0.0741f,0.0124f,0.9633f,0.2683f,-1.5901f,-0.029f,0.2686f,-0.9628f,-0.3326f,0f,0f,0f,1f],start_interpolation: 0,interpolation_duration: 1}
$data merge entity $(bone_bone23) {transformation: [-0.9979f,-0.037f,-0.0536f,0.0625f,-0.0621f,0.7883f,0.6122f,-1.3437f,0.0196f,0.6142f,-0.7889f,-0.1406f,0f,0f,0f,1f],start_interpolation: 0,interpolation_duration: 1}
$data merge entity $(bone_bone27) {transformation: [-0.7878f,-0.0284f,0.6153f,0.209f,0.2192f,0.9206f,0.3232f,-1.6128f,-0.5757f,0.3894f,-0.719f,-0.2981f,0f,0f,0f,1f],start_interpolation: 0,interpolation_duration: 1}
$data merge entity $(bone_bone26) {transformation: [-0.7124f,-0.0689f,0.6984f,0.1875f,0.3111f,0.8611f,0.4023f,-1.3437f,-0.629f,0.5038f,-0.592f,-0.1406f,0f,0f,0f,1f],start_interpolation: 0,interpolation_duration: 1}
$data merge entity $(bone_bone30) {transformation: [-0.9337f,-0.358f,0f,0.3334f,-0.358f,0.9337f,0f,-1.6488f,0f,0f,-1f,0.0625f,0f,0f,0f,1f],start_interpolation: 0,interpolation_duration: 1}
$data merge entity $(bone_bone29) {transformation: [-0.9762f,-0.2168f,0f,0.2656f,-0.2168f,0.9762f,0f,-1.3437f,0f,0f,-1f,0.0625f,0f,0f,0f,1f],start_interpolation: 0,interpolation_duration: 1}
$data merge entity $(bone_bone33) {transformation: [-0.8126f,-0.404f,0.4201f,0.4223f,-0.159f,0.8471f,0.5071f,-1.6119f,-0.5607f,0.3453f,-0.7526f,-0.0976f,0f,0f,0f,1f],start_interpolation: 0,interpolation_duration: 1}
$data merge entity $(bone_bone32) {transformation: [-0.8394f,-0.5012f,0.21f,0.2656f,-0.4506f,0.858f,0.2466f,-1.3437f,-0.3038f,0.1124f,-0.9461f,-0.0625f,0f,0f,0f,1f],start_interpolation: 0,interpolation_duration: 1}
$data merge entity $(bone_bone36) {transformation: [-0.7353f,0.2503f,-0.6298f,-0.3351f,0.5383f,0.7803f,-0.3183f,-1.6451f,0.4118f,-0.5731f,-0.7085f,0.1071f,0f,0f,0f,1f],start_interpolation: 0,interpolation_duration: 1}
$data merge entity $(bone_bone35) {transformation: [-0.9579f,0.2223f,-0.1818f,-0.2656f,0.2433f,0.9645f,-0.103f,-1.3437f,0.1524f,-0.1429f,-0.9779f,0.0625f,0f,0f,0f,1f],start_interpolation: 0,interpolation_duration: 1}
$data merge entity $(bone_bone39) {transformation: [-0.859f,0.2761f,0.4311f,-0.3491f,0.3121f,0.95f,0.0135f,-1.6426f,-0.4058f,0.1462f,-0.9022f,-0.0999f,0f,0f,0f,1f],start_interpolation: 0,interpolation_duration: 1}
$data merge entity $(bone_bone38) {transformation: [-0.9528f,0.267f,0.1445f,-0.2656f,0.2805f,0.9562f,0.083f,-1.3437f,-0.1161f,0.1196f,-0.986f,-0.0625f,0f,0f,0f,1f],start_interpolation: 0,interpolation_duration: 1}
$data merge entity $(bone_bone45) {transformation: [-0.9414f,0.3267f,0.0836f,-0.5089f,0.3262f,0.8192f,0.4717f,-0.8595f,0.0856f,0.4714f,-0.8778f,-0.2243f,0f,0f,0f,1f],start_interpolation: 0,interpolation_duration: 1}
$data merge entity $(bone_bone44) {transformation: [-0.8863f,0.413f,0.2095f,-0.3798f,0.4506f,0.8735f,0.1843f,-0.5865f,-0.1069f,0.2578f,-0.9603f,-0.1438f,0f,0f,0f,1f],start_interpolation: 0,interpolation_duration: 1}
$data merge entity $(bone_bone48) {transformation: [-0.9374f,0.0618f,-0.3428f,-0.6556f,0.0307f,0.995f,0.0954f,-1.1593f,0.347f,0.0789f,-0.9345f,0.0704f,0f,0f,0f,1f],start_interpolation: 0,interpolation_duration: 1}
$data merge entity $(bone_bone47) {transformation: [-0.8213f,0.4096f,-0.3972f,-0.502f,0.4401f,0.8978f,0.0158f,-0.8226f,0.363f,-0.1619f,-0.9176f,0.0097f,0f,0f,0f,1f],start_interpolation: 0,interpolation_duration: 1}
$data merge entity $(bone_3) {transformation: [-0.9461f,0.2123f,-0.2445f,-0.3424f,0.1946f,0.9763f,0.0948f,-0.7279f,0.2588f,0.0421f,-0.965f,-0.0214f,0f,0f,0f,1f],start_interpolation: 0,interpolation_duration: 1}
$data merge entity $(bone_4) {transformation: [-0.9461f,0.1543f,-0.2846f,-0.4493f,0.1946f,0.9737f,-0.1187f,-0.9355f,0.2588f,-0.1677f,-0.9513f,-0.0147f,0f,0f,0f,1f],start_interpolation: 0,interpolation_duration: 1}
$data merge entity $(bone_bone42) {transformation: [-0.9599f,0.0165f,-0.2797f,0.3591f,0.0198f,0.9998f,-0.0091f,-0.8708f,0.2795f,-0.0142f,-0.96f,-0.28f,0f,0f,0f,1f],start_interpolation: 0,interpolation_duration: 1}
$data merge entity $(bone_bone41) {transformation: [-0.9054f,0.0078f,-0.4244f,0.3615f,-0.1792f,0.8994f,0.3988f,-0.5897f,0.3848f,0.4371f,-0.8129f,-0.1434f,0f,0f,0f,1f],start_interpolation: 0,interpolation_duration: 1}
$data merge entity $(bone_bone51) {transformation: [-0.9847f,-0.1683f,0.0453f,0.6416f,-0.1657f,0.9846f,0.056f,-1.1712f,-0.054f,0.0476f,-0.9974f,-0.0228f,0f,0f,0f,1f],start_interpolation: 0,interpolation_duration: 1}
$data merge entity $(bone_bone50) {transformation: [-0.9163f,-0.3976f,0.0487f,0.4925f,-0.3928f,0.9156f,0.0856f,-0.8279f,-0.0786f,0.0593f,-0.9951f,-0.0006f,0f,0f,0f,1f],start_interpolation: 0,interpolation_duration: 1}
$data merge entity $(bone_1) {transformation: [-0.9789f,-0.164f,0.1218f,0.3343f,-0.1571f,0.9855f,0.0637f,-0.7268f,-0.1305f,0.0432f,-0.9905f,-0.0136f,0f,0f,0f,1f],start_interpolation: 0,interpolation_duration: 1}
$data merge entity $(bone_2) {transformation: [-0.9789f,-0.1269f,0.1601f,0.4008f,-0.1571f,0.9684f,-0.1935f,-0.9374f,-0.1305f,-0.2146f,-0.9679f,-0.0189f,0f,0f,0f,1f],start_interpolation: 0,interpolation_duration: 1}
$data merge entity $(bone_7) {transformation: [-0.9983f,0.0588f,-0.0042f,-0.1298f,0.059f,0.9957f,-0.0717f,-1.5327f,0f,-0.0718f,-0.9974f,0.0135f,0f,0f,0f,1f],start_interpolation: 0,interpolation_duration: 1}
$data merge entity $(bone_8) {transformation: [-0.9983f,0.0551f,0.021f,-0.1381f,0.059f,0.9327f,0.3558f,-1.6718f,0f,0.3564f,-0.9343f,0.036f,0f,0f,0f,1f],start_interpolation: 0,interpolation_duration: 1}
$data merge entity $(bone_5) {transformation: [-0.9983f,-0.059f,-0.0009f,0.1188f,-0.059f,0.9981f,0.0153f,-1.346f,0f,0.0154f,-0.9999f,0f,0f,0f,0f,1f],start_interpolation: 0,interpolation_duration: 1}
$data merge entity $(bone_6) {transformation: [-0.9983f,-0.0567f,-0.0161f,0.1387f,-0.059f,0.9602f,0.2731f,-1.6829f,0f,0.2736f,-0.9618f,0.0011f,0f,0f,0f,1f],start_interpolation: 0,interpolation_duration: 1}