# This file was generated by Animated Java via MC-Build. It is not recommended to edit this file directly.
$data merge entity $(bone_bone54) {transformation: [-0.9557f,0.2405f,0.1697f,-0.1568f,0.2447f,0.9696f,0.0039f,1.2383f,-0.1636f,0.0452f,-0.9855f,-0.3143f,0f,0f,0f,1f],start_interpolation: 0,interpolation_duration: 1}
$data merge entity $(bone_bone53) {transformation: [-0.9585f,-0.0266f,-0.2838f,-0.1562f,-0.1562f,0.8818f,0.445f,1.5f,0.2385f,0.4708f,-0.8494f,-0.1406f,0f,0f,0f,1f],start_interpolation: 0,interpolation_duration: 1}
$data merge entity $(bone_bone57) {transformation: [-0.9935f,-0.0373f,0.1075f,0.1449f,0.0246f,0.8518f,0.5233f,1.194f,-0.1111f,0.5225f,-0.8454f,-0.2102f,0f,0f,0f,1f],start_interpolation: 0,interpolation_duration: 1}
$data merge entity $(bone_bone56) {transformation: [-0.9696f,0.0601f,0.2371f,0.1563f,0.0879f,0.9902f,0.1086f,1.5f,-0.2282f,0.1261f,-0.9654f,-0.1406f,0f,0f,0f,1f],start_interpolation: 0,interpolation_duration: 1}
$data merge entity $(bone_bone5) {transformation: [-0.9018f,0.2316f,0.3648f,-0.212f,0.0675f,0.9094f,-0.4104f,0.4419f,-0.4268f,-0.3455f,-0.8358f,0.1684f,0f,0f,0f,1f],start_interpolation: 0,interpolation_duration: 1}
$data merge entity $(bone_bone2) {transformation: [-0.9018f,0.1568f,0.4026f,-0.1875f,0.0675f,0.9715f,-0.2271f,0.5938f,-0.4268f,-0.1776f,-0.8867f,0.1406f,0f,0f,0f,1f],start_interpolation: 0,interpolation_duration: 1}
$data merge entity $(bone_bone9) {transformation: [-0.9584f,0.0394f,0.2828f,-0.0975f,0.0044f,0.9924f,-0.1232f,0.4608f,-0.2855f,-0.1169f,-0.9512f,0.2538f,0f,0f,0f,1f],start_interpolation: 0,interpolation_duration: 1}
$data merge entity $(bone_bone8) {transformation: [-0.9584f,0.1121f,0.2626f,-0.0625f,0.0044f,0.9254f,-0.379f,0.75f,-0.2855f,-0.3621f,-0.8874f,0.1406f,0f,0f,0f,1f],start_interpolation: 0,interpolation_duration: 1}
$data merge entity $(bone_bone12) {transformation: [-0.9503f,-0.0617f,-0.3051f,0.0623f,0.073f,0.9086f,-0.4111f,0.4461f,0.3026f,-0.413f,-0.859f,0.1977f,0f,0f,0f,1f],start_interpolation: 0,interpolation_duration: 1}
$data merge entity $(bone_bone11) {transformation: [-0.9503f,0.0006f,-0.3112f,0.0625f,0.073f,0.9726f,-0.2209f,0.75f,0.3026f,-0.2327f,-0.9243f,0.125f,0f,0f,0f,1f],start_interpolation: 0,interpolation_duration: 1}
$data merge entity $(bone_bone15) {transformation: [-0.9364f,-0.106f,-0.3346f,0.2501f,-0.1063f,0.9942f,-0.0174f,0.4548f,0.3345f,0.0193f,-0.9422f,0.2063f,0f,0f,0f,1f],start_interpolation: 0,interpolation_duration: 1}
$data merge entity $(bone_bone14) {transformation: [-0.9364f,-0.2002f,-0.2883f,0.1875f,-0.1063f,0.9446f,-0.3105f,0.75f,0.3345f,-0.2601f,-0.9058f,0.125f,0f,0f,0f,1f],start_interpolation: 0,interpolation_duration: 1}
$data merge entity $(bone_bone18) {transformation: [-0.9579f,-0.0385f,-0.2846f,-0.3024f,-0.0746f,0.9903f,0.1172f,0.464f,0.2773f,0.1335f,-0.9514f,-0.1924f,0f,0f,0f,1f],start_interpolation: 0,interpolation_duration: 1}
$data merge entity $(bone_bone17) {transformation: [-0.7729f,0.3677f,-0.5171f,-0.1875f,0.2016f,0.915f,0.3494f,0.75f,0.6016f,0.1658f,-0.7814f,-0.1406f,0f,0f,0f,1f],start_interpolation: 0,interpolation_duration: 1}
$data merge entity $(bone_bone21) {transformation: [-0.9086f,0.1483f,0.3904f,-0.1167f,0.3589f,0.7553f,0.5484f,0.482f,-0.2135f,0.6384f,-0.7395f,-0.2919f,0f,0f,0f,1f],start_interpolation: 0,interpolation_duration: 1}
$data merge entity $(bone_bone20) {transformation: [-0.9776f,0.1734f,0.1196f,-0.0625f,0.2096f,0.8577f,0.4696f,0.75f,-0.0212f,0.4841f,-0.8748f,-0.1406f,0f,0f,0f,1f],start_interpolation: 0,interpolation_duration: 1}
$data merge entity $(bone_bone24) {transformation: [-0.9999f,-0.0007f,0.0137f,0.0722f,0.0027f,0.9695f,0.2452f,0.5063f,-0.0134f,0.2453f,-0.9694f,-0.336f,0f,0f,0f,1f],start_interpolation: 0,interpolation_duration: 1}
$data merge entity $(bone_bone23) {transformation: [-0.9971f,-0.0312f,-0.0691f,0.0625f,-0.0676f,0.7797f,0.6225f,0.75f,0.0345f,0.6253f,-0.7796f,-0.1406f,0f,0f,0f,1f],start_interpolation: 0,interpolation_duration: 1}
$data merge entity $(bone_bone27) {transformation: [-0.7764f,-0.0209f,0.6299f,0.2129f,0.2267f,0.9233f,0.3101f,0.4832f,-0.588f,0.3835f,-0.7121f,-0.3014f,0f,0f,0f,1f],start_interpolation: 0,interpolation_duration: 1}
$data merge entity $(bone_bone26) {transformation: [-0.6997f,-0.0812f,0.7098f,0.1875f,0.3189f,0.8536f,0.4119f,0.75f,-0.6393f,0.5146f,-0.5714f,-0.1406f,0f,0f,0f,1f],start_interpolation: 0,interpolation_duration: 1}
$data merge entity $(bone_bone30) {transformation: [-0.9443f,-0.329f,0f,0.3324f,-0.329f,0.9443f,0f,0.4447f,0f,0f,-1f,0.0625f,0f,0f,0f,1f],start_interpolation: 0,interpolation_duration: 1}
$data merge entity $(bone_bone29) {transformation: [-0.9769f,-0.2137f,0f,0.2656f,-0.2137f,0.9769f,0f,0.75f,0f,0f,-1f,0.0625f,0f,0f,0f,1f],start_interpolation: 0,interpolation_duration: 1}
$data merge entity $(bone_bone33) {transformation: [-0.7991f,-0.4272f,0.423f,0.4251f,-0.1637f,0.8317f,0.5306f,0.4838f,-0.5784f,0.3548f,-0.7345f,-0.0995f,0f,0f,0f,1f],start_interpolation: 0,interpolation_duration: 1}
$data merge entity $(bone_bone32) {transformation: [-0.8327f,-0.5102f,0.215f,0.2656f,-0.4549f,0.8518f,0.2598f,0.75f,-0.3157f,0.1185f,-0.9414f,-0.0625f,0f,0f,0f,1f],start_interpolation: 0,interpolation_duration: 1}
$data merge entity $(bone_bone36) {transformation: [-0.7275f,0.2412f,-0.6423f,-0.3379f,0.5409f,0.7776f,-0.3206f,0.4494f,0.4221f,-0.5807f,-0.6962f,0.1082f,0f,0f,0f,1f],start_interpolation: 0,interpolation_duration: 1}
$data merge entity $(bone_bone35) {transformation: [-0.9528f,0.2312f,-0.1966f,-0.2656f,0.2542f,0.9619f,-0.101f,0.75f,0.1658f,-0.1462f,-0.9753f,0.0625f,0f,0f,0f,1f],start_interpolation: 0,interpolation_duration: 1}
$data merge entity $(bone_bone39) {transformation: [-0.8519f,0.3014f,0.4284f,-0.3497f,0.3359f,0.9419f,0.0054f,0.452f,-0.4019f,0.1485f,-0.9036f,-0.105f,0f,0f,0f,1f],start_interpolation: 0,interpolation_duration: 1}
$data merge entity $(bone_bone38) {transformation: [-0.9522f,0.2689f,0.1447f,-0.2656f,0.2844f,0.9535f,0.0997f,0.75f,-0.1112f,0.1361f,-0.9844f,-0.0625f,0f,0f,0f,1f],start_interpolation: 0,interpolation_duration: 1}
$data merge entity $(bone_bone45) {transformation: [-0.9335f,0.344f,0.1012f,-0.5089f,0.3492f,0.8078f,0.4749f,1.2348f,0.0816f,0.4787f,-0.8742f,-0.2263f,0f,0f,0f,1f],start_interpolation: 0,interpolation_duration: 1}
$data merge entity $(bone_bone44) {transformation: [-0.8845f,0.413f,0.217f,-0.3798f,0.4529f,0.8717f,0.1873f,1.5072f,-0.1118f,0.2639f,-0.958f,-0.1438f,0f,0f,0f,1f],start_interpolation: 0,interpolation_duration: 1}
$data merge entity $(bone_bone48) {transformation: [-0.9462f,0.0621f,-0.3176f,-0.6567f,0.0268f,0.9931f,0.1145f,0.9353f,0.3225f,0.0998f,-0.9413f,0.0727f,0f,0f,0f,1f],start_interpolation: 0,interpolation_duration: 1}
$data merge entity $(bone_bone47) {transformation: [-0.8142f,0.4135f,-0.4074f,-0.5016f,0.446f,0.8949f,0.0169f,1.2709f,0.3716f,-0.1679f,-0.9131f,0.0097f,0f,0f,0f,1f],start_interpolation: 0,interpolation_duration: 1}
$data merge entity $(bone_3) {transformation: [-0.9464f,0.2107f,-0.2446f,-0.3422f,0.1931f,0.9766f,0.0944f,1.3659f,0.2588f,0.0421f,-0.965f,-0.0214f,0f,0f,0f,1f],start_interpolation: 0,interpolation_duration: 1}
$data merge entity $(bone_4) {transformation: [-0.9464f,0.1528f,-0.2845f,-0.4488f,0.1931f,0.9739f,-0.1192f,1.1582f,0.2588f,-0.1677f,-0.9513f,-0.0147f,0f,0f,0f,1f],start_interpolation: 0,interpolation_duration: 1}
$data merge entity $(bone_bone42) {transformation: [-0.9582f,0.022f,-0.2854f,0.3519f,0.0349f,0.9986f,-0.0401f,1.2235f,0.2841f,-0.0484f,-0.9576f,-0.2806f,0f,0f,0f,1f],start_interpolation: 0,interpolation_duration: 1}
$data merge entity $(bone_bone41) {transformation: [-0.8908f,0.031f,-0.4534f,0.3615f,-0.1745f,0.8979f,0.4042f,1.5041f,0.4196f,0.4391f,-0.7944f,-0.1434f,0f,0f,0f,1f],start_interpolation: 0,interpolation_duration: 1}
$data merge entity $(bone_bone51) {transformation: [-0.9879f,-0.1534f,0.0238f,0.6441f,-0.1519f,0.9868f,0.0562f,0.9237f,-0.0321f,0.0519f,-0.9981f,-0.0243f,0f,0f,0f,1f],start_interpolation: 0,interpolation_duration: 1}
$data merge entity $(bone_bone50) {transformation: [-0.9137f,-0.4054f,0.0275f,0.4921f,-0.4022f,0.9119f,0.0813f,1.2657f,-0.0581f,0.0632f,-0.9963f,-0.0006f,0f,0f,0f,1f],start_interpolation: 0,interpolation_duration: 1}
$data merge entity $(bone_1) {transformation: [-0.9792f,-0.1624f,0.1219f,0.3341f,-0.1556f,0.9858f,0.0635f,1.3671f,-0.1305f,0.0432f,-0.9905f,-0.0136f,0f,0f,0f,1f],start_interpolation: 0,interpolation_duration: 1}
$data merge entity $(bone_2) {transformation: [-0.9792f,-0.1253f,0.1598f,0.4002f,-0.1556f,0.9686f,-0.1938f,1.1563f,-0.1305f,-0.2146f,-0.9679f,-0.0189f,0f,0f,0f,1f],start_interpolation: 0,interpolation_duration: 1}
$data merge entity $(bone_7) {transformation: [-0.9982f,0.0604f,-0.0043f,-0.1301f,0.0605f,0.9957f,-0.0701f,0.561f,0f,-0.0703f,-0.9975f,0.0132f,0f,0f,0f,1f],start_interpolation: 0,interpolation_duration: 1}
$data merge entity $(bone_8) {transformation: [-0.9982f,0.0565f,0.0217f,-0.1386f,0.0605f,0.932f,0.3572f,0.4219f,0f,0.3579f,-0.9338f,0.0355f,0f,0f,0f,1f],start_interpolation: 0,interpolation_duration: 1}
$data merge entity $(bone_5) {transformation: [-0.9982f,-0.0605f,-0.001f,0.1188f,-0.0605f,0.998f,0.0169f,0.7477f,0f,0.0169f,-0.9999f,0f,0f,0f,0f,1f],start_interpolation: 0,interpolation_duration: 1}
$data merge entity $(bone_6) {transformation: [-0.9982f,-0.0582f,-0.0167f,0.1393f,-0.0605f,0.9596f,0.2746f,0.4108f,0f,0.2751f,-0.9614f,0.0005f,0f,0f,0f,1f],start_interpolation: 0,interpolation_duration: 1}