# This file was generated by Animated Java via MC-Build. It is not recommended to edit this file directly.
$data merge entity $(bone_bone54) {transformation: [-0.954f,0.2406f,0.1791f,-0.1564f,0.247f,0.9689f,0.0138f,1.2397f,-0.1702f,0.0574f,-0.9837f,-0.3163f,0f,0f,0f,1f],start_interpolation: 0,interpolation_duration: 1}
$data merge entity $(bone_bone53) {transformation: [-0.9589f,-0.0277f,-0.2824f,-0.1562f,-0.1583f,0.8782f,0.4513f,1.5f,0.2355f,0.4775f,-0.8465f,-0.1406f,0f,0f,0f,1f],start_interpolation: 0,interpolation_duration: 1}
$data merge entity $(bone_bone57) {transformation: [-0.9946f,-0.0314f,0.0993f,0.144f,0.0249f,0.8538f,0.52f,1.1941f,-0.1011f,0.5196f,-0.8484f,-0.2108f,0f,0f,0f,1f],start_interpolation: 0,interpolation_duration: 1}
$data merge entity $(bone_bone56) {transformation: [-0.9703f,0.0625f,0.2337f,0.1563f,0.0903f,0.9898f,0.1102f,1.5f,-0.2244f,0.128f,-0.966f,-0.1406f,0f,0f,0f,1f],start_interpolation: 0,interpolation_duration: 1}
$data merge entity $(bone_bone5) {transformation: [-0.8982f,0.2348f,0.3717f,-0.2114f,0.0627f,0.9053f,-0.4201f,0.4418f,-0.4352f,-0.354f,-0.8278f,0.1682f,0f,0f,0f,1f],start_interpolation: 0,interpolation_duration: 1}
$data merge entity $(bone_bone2) {transformation: [-0.8982f,0.1533f,0.4121f,-0.1875f,0.0627f,0.9724f,-0.2249f,0.5938f,-0.4352f,-0.1762f,-0.8829f,0.1406f,0f,0f,0f,1f],start_interpolation: 0,interpolation_duration: 1}
$data merge entity $(bone_bone9) {transformation: [-0.9559f,0.045f,0.2903f,-0.0987f,0.0043f,0.9902f,-0.1395f,0.4612f,-0.2937f,-0.1321f,-0.9467f,0.2543f,0f,0f,0f,1f],start_interpolation: 0,interpolation_duration: 1}
$data merge entity $(bone_bone8) {transformation: [-0.9559f,0.1159f,0.2699f,-0.0625f,0.0043f,0.9243f,-0.3816f,0.75f,-0.2937f,-0.3636f,-0.884f,0.1406f,0f,0f,0f,1f],start_interpolation: 0,interpolation_duration: 1}
$data merge entity $(bone_bone12) {transformation: [-0.9466f,-0.0663f,-0.3155f,0.061f,0.0782f,0.9022f,-0.4242f,0.4458f,0.3127f,-0.4262f,-0.8489f,0.1964f,0f,0f,0f,1f],start_interpolation: 0,interpolation_duration: 1}
$data merge entity $(bone_bone11) {transformation: [-0.9466f,0.0049f,-0.3223f,0.0625f,0.0782f,0.9735f,-0.2149f,0.75f,0.3127f,-0.2286f,-0.9219f,0.125f,0f,0f,0f,1f],start_interpolation: 0,interpolation_duration: 1}
$data merge entity $(bone_bone15) {transformation: [-0.9352f,-0.1035f,-0.3388f,0.25f,-0.1042f,0.9944f,-0.0164f,0.4549f,0.3386f,0.02f,-0.9407f,0.2068f,0f,0f,0f,1f],start_interpolation: 0,interpolation_duration: 1}
$data merge entity $(bone_bone14) {transformation: [-0.9352f,-0.1999f,-0.2924f,0.1875f,-0.1042f,0.9442f,-0.3124f,0.75f,0.3386f,-0.2616f,-0.9038f,0.125f,0f,0f,0f,1f],start_interpolation: 0,interpolation_duration: 1}
$data merge entity $(bone_bone18) {transformation: [-0.9566f,-0.0481f,-0.2876f,-0.3045f,-0.0838f,0.99f,0.1133f,0.4651f,0.2792f,0.1325f,-0.951f,-0.1934f,0f,0f,0f,1f],start_interpolation: 0,interpolation_duration: 1}
$data merge entity $(bone_bone17) {transformation: [-0.7728f,0.3745f,-0.5124f,-0.1875f,0.2061f,0.9117f,0.3554f,0.75f,0.6003f,0.169f,-0.7817f,-0.1406f,0f,0f,0f,1f],start_interpolation: 0,interpolation_duration: 1}
$data merge entity $(bone_bone21) {transformation: [-0.9019f,0.1389f,0.409f,-0.1199f,0.3678f,0.7434f,0.5586f,0.4813f,-0.2265f,0.6542f,-0.7216f,-0.2895f,0f,0f,0f,1f],start_interpolation: 0,interpolation_duration: 1}
$data merge entity $(bone_bone20) {transformation: [-0.9742f,0.1836f,0.1313f,-0.0625f,0.2239f,0.8599f,0.4588f,0.75f,-0.0287f,0.4764f,-0.8788f,-0.1406f,0f,0f,0f,1f],start_interpolation: 0,interpolation_duration: 1}
$data merge entity $(bone_bone24) {transformation: [-1f,-0.0046f,-0.0008f,0.0705f,-0.0047f,0.9741f,0.2259f,0.5088f,-0.0002f,0.2259f,-0.9742f,-0.3391f,0f,0f,0f,1f],start_interpolation: 0,interpolation_duration: 1}
$data merge entity $(bone_bone23) {transformation: [-0.9963f,-0.0257f,-0.0818f,0.0625f,-0.0718f,0.772f,0.6316f,0.75f,0.047f,0.6351f,-0.771f,-0.1406f,0f,0f,0f,1f],start_interpolation: 0,interpolation_duration: 1}
$data merge entity $(bone_bone27) {transformation: [-0.7676f,-0.0143f,0.6408f,0.2165f,0.2315f,0.9261f,0.2979f,0.4853f,-0.5977f,0.377f,-0.7076f,-0.3041f,0f,0f,0f,1f],start_interpolation: 0,interpolation_duration: 1}
$data merge entity $(bone_bone26) {transformation: [-0.69f,-0.0929f,0.7179f,0.1875f,0.3241f,0.8471f,0.4211f,0.75f,-0.6472f,0.5232f,-0.5544f,-0.1406f,0f,0f,0f,1f],start_interpolation: 0,interpolation_duration: 1}
$data merge entity $(bone_bone30) {transformation: [-0.9532f,-0.3023f,0f,0.332f,-0.3023f,0.9532f,0f,0.4446f,0f,0f,-1f,0.0625f,0f,0f,0f,1f],start_interpolation: 0,interpolation_duration: 1}
$data merge entity $(bone_bone29) {transformation: [-0.9772f,-0.2125f,0f,0.2656f,-0.2125f,0.9772f,0f,0.75f,0f,0f,-1f,0.0625f,0f,0f,0f,1f],start_interpolation: 0,interpolation_duration: 1}
$data merge entity $(bone_bone33) {transformation: [-0.7892f,-0.4447f,0.4235f,0.4277f,-0.1672f,0.8192f,0.5486f,0.4856f,-0.5909f,0.3622f,-0.7209f,-0.1011f,0f,0f,0f,1f],start_interpolation: 0,interpolation_duration: 1}
$data merge entity $(bone_bone32) {transformation: [-0.8266f,-0.5186f,0.2188f,0.2656f,-0.459f,0.846f,0.2711f,0.75f,-0.3257f,0.1237f,-0.9373f,-0.0625f,0f,0f,0f,1f],start_interpolation: 0,interpolation_duration: 1}
$data merge entity $(bone_bone36) {transformation: [-0.7219f,0.2333f,-0.6514f,-0.3405f,0.5421f,0.7759f,-0.3228f,0.4502f,0.4301f,-0.5862f,-0.6866f,0.1093f,0f,0f,0f,1f],start_interpolation: 0,interpolation_duration: 1}
$data merge entity $(bone_bone35) {transformation: [-0.9479f,0.2395f,-0.21f,-0.2656f,0.2644f,0.9593f,-0.0994f,0.75f,0.1777f,-0.1497f,-0.9726f,0.0625f,0f,0f,0f,1f],start_interpolation: 0,interpolation_duration: 1}
$data merge entity $(bone_bone39) {transformation: [-0.8447f,0.3267f,0.424f,-0.3503f,0.3595f,0.9331f,-0.0028f,0.453f,-0.3966f,0.1501f,-0.9057f,-0.11f,0f,0f,0f,1f],start_interpolation: 0,interpolation_duration: 1}
$data merge entity $(bone_bone38) {transformation: [-0.9516f,0.271f,0.1452f,-0.2656f,0.2884f,0.9505f,0.1158f,0.75f,-0.1066f,0.1521f,-0.9826f,-0.0625f,0f,0f,0f,1f],start_interpolation: 0,interpolation_duration: 1}
$data merge entity $(bone_bone45) {transformation: [-0.9262f,0.3591f,0.1152f,-0.5082f,0.3687f,0.7983f,0.4761f,1.235f,0.079f,0.4835f,-0.8718f,-0.2279f,0f,0f,0f,1f],start_interpolation: 0,interpolation_duration: 1}
$data merge entity $(bone_bone44) {transformation: [-0.8842f,0.4109f,0.2221f,-0.3798f,0.4527f,0.871f,0.1908f,1.5072f,-0.1151f,0.2693f,-0.9562f,-0.1438f,0f,0f,0f,1f],start_interpolation: 0,interpolation_duration: 1}
$data merge entity $(bone_bone48) {transformation: [-0.9536f,0.0631f,-0.2945f,-0.6572f,0.0256f,0.9912f,0.1295f,0.9359f,0.3001f,0.116f,-0.9468f,0.0745f,0f,0f,0f,1f],start_interpolation: 0,interpolation_duration: 1}
$data merge entity $(bone_bone47) {transformation: [-0.8086f,0.416f,-0.4162f,-0.5013f,0.45f,0.8928f,0.018f,1.2707f,0.379f,-0.1728f,-0.9091f,0.0097f,0f,0f,0f,1f],start_interpolation: 0,interpolation_duration: 1}
$data merge entity $(bone_3) {transformation: [-0.9467f,0.2092f,-0.2448f,-0.342f,0.1915f,0.977f,0.094f,1.3659f,0.2588f,0.0421f,-0.965f,-0.0214f,0f,0f,0f,1f],start_interpolation: 0,interpolation_duration: 1}
$data merge entity $(bone_4) {transformation: [-0.9467f,0.1512f,-0.2843f,-0.4482f,0.1915f,0.9742f,-0.1197f,1.1581f,0.2588f,-0.1677f,-0.9513f,-0.0147f,0f,0f,0f,1f],start_interpolation: 0,interpolation_duration: 1}
$data merge entity $(bone_bone42) {transformation: [-0.9572f,0.0264f,-0.2884f,0.3461f,0.0469f,0.9968f,-0.0643f,1.2238f,0.2858f,-0.0751f,-0.9554f,-0.2807f,0f,0f,0f,1f],start_interpolation: 0,interpolation_duration: 1}
$data merge entity $(bone_bone41) {transformation: [-0.8782f,0.0496f,-0.4756f,0.3616f,-0.1704f,0.8969f,0.4081f,1.5041f,0.4468f,0.4395f,-0.7792f,-0.1434f,0f,0f,0f,1f],start_interpolation: 0,interpolation_duration: 1}
$data merge entity $(bone_bone51) {transformation: [-0.9899f,-0.1413f,0.0075f,0.6461f,-0.1406f,0.9884f,0.0581f,0.9247f,-0.0157f,0.0564f,-0.9983f,-0.0253f,0f,0f,0f,1f],start_interpolation: 0,interpolation_duration: 1}
$data merge entity $(bone_bone50) {transformation: [-0.9112f,-0.4118f,0.0108f,0.4917f,-0.4099f,0.9089f,0.077f,1.2655f,-0.0415f,0.0657f,-0.997f,-0.0006f,0f,0f,0f,1f],start_interpolation: 0,interpolation_duration: 1}
$data merge entity $(bone_1) {transformation: [-0.9794f,-0.1608f,0.122f,0.3339f,-0.154f,0.986f,0.0633f,1.3671f,-0.1305f,0.0432f,-0.9905f,-0.0136f,0f,0f,0f,1f],start_interpolation: 0,interpolation_duration: 1}
$data merge entity $(bone_2) {transformation: [-0.9794f,-0.1238f,0.1595f,0.3997f,-0.154f,0.9688f,-0.194f,1.1562f,-0.1305f,-0.2146f,-0.9679f,-0.0189f,0f,0f,0f,1f],start_interpolation: 0,interpolation_duration: 1}
$data merge entity $(bone_7) {transformation: [-0.9981f,0.062f,-0.0043f,-0.1304f,0.0621f,0.9957f,-0.0685f,0.561f,0f,-0.0687f,-0.9976f,0.0129f,0f,0f,0f,1f],start_interpolation: 0,interpolation_duration: 1}
$data merge entity $(bone_8) {transformation: [-0.9981f,0.058f,0.0223f,-0.1391f,0.0621f,0.9314f,0.3587f,0.4218f,0f,0.3594f,-0.9332f,0.035f,0f,0f,0f,1f],start_interpolation: 0,interpolation_duration: 1}
$data merge entity $(bone_5) {transformation: [-0.9981f,-0.0621f,-0.0012f,0.1188f,-0.0621f,0.9979f,0.0185f,0.7477f,0f,0.0186f,-0.9998f,0f,0f,0f,0f,1f],start_interpolation: 0,interpolation_duration: 1}
$data merge entity $(bone_6) {transformation: [-0.9981f,-0.0597f,-0.0172f,0.1398f,-0.0621f,0.9591f,0.2762f,0.4108f,0f,0.2767f,-0.961f,0f,0f,0f,0f,1f],start_interpolation: 0,interpolation_duration: 1}