# This file was generated by Animated Java via MC-Build. It is not recommended to edit this file directly.
$data merge entity $(bone_bone54) {transformation: [-0.9526f,0.2404f,0.1865f,-0.1564f,0.2493f,0.9681f,0.0252f,-0.8531f,-0.1745f,0.0705f,-0.9821f,-0.3177f,0f,0f,0f,1f],start_interpolation: 0,interpolation_duration: 1}
$data merge entity $(bone_bone53) {transformation: [-0.9596f,-0.0275f,-0.2799f,-0.1562f,-0.1582f,0.8756f,0.4564f,-0.5937f,0.2325f,0.4823f,-0.8446f,-0.1406f,0f,0f,0f,1f],start_interpolation: 0,interpolation_duration: 1}
$data merge entity $(bone_bone57) {transformation: [-0.9953f,-0.027f,0.0935f,0.1433f,0.0251f,0.8567f,0.5152f,-0.8995f,-0.094f,0.5151f,-0.852f,-0.2113f,0f,0f,0f,1f],start_interpolation: 0,interpolation_duration: 1}
$data merge entity $(bone_bone56) {transformation: [-0.9705f,0.0646f,0.2321f,0.1563f,0.0925f,0.9894f,0.1115f,-0.5937f,-0.2225f,0.1297f,-0.9663f,-0.1406f,0f,0f,0f,1f],start_interpolation: 0,interpolation_duration: 1}
$data merge entity $(bone_bone5) {transformation: [-0.8958f,0.2369f,0.3761f,-0.2111f,0.0597f,0.9026f,-0.4262f,-1.652f,-0.4404f,-0.3594f,-0.8227f,0.168f,0f,0f,0f,1f],start_interpolation: 0,interpolation_duration: 1}
$data merge entity $(bone_bone2) {transformation: [-0.8958f,0.151f,0.418f,-0.1875f,0.0597f,0.9729f,-0.2235f,-1.5f,-0.4404f,-0.1753f,-0.8805f,0.1406f,0f,0f,0f,1f],start_interpolation: 0,interpolation_duration: 1}
$data merge entity $(bone_bone9) {transformation: [-0.9543f,0.0487f,0.2949f,-0.0995f,0.0042f,0.9887f,-0.1498f,-1.6324f,-0.2989f,-0.1417f,-0.9437f,0.2546f,0f,0f,0f,1f],start_interpolation: 0,interpolation_duration: 1}
$data merge entity $(bone_bone8) {transformation: [-0.9543f,0.1183f,0.2745f,-0.0625f,0.0042f,0.9236f,-0.3833f,-1.3437f,-0.2989f,-0.3646f,-0.8819f,0.1406f,0f,0f,0f,1f],start_interpolation: 0,interpolation_duration: 1}
$data merge entity $(bone_bone12) {transformation: [-0.9442f,-0.0694f,-0.322f,0.0601f,0.0814f,0.898f,-0.4323f,-1.6482f,0.3192f,-0.4344f,-0.8423f,0.1956f,0f,0f,0f,1f],start_interpolation: 0,interpolation_duration: 1}
$data merge entity $(bone_bone11) {transformation: [-0.9442f,0.0076f,-0.3293f,0.0625f,0.0814f,0.9741f,-0.2109f,-1.3437f,0.3192f,-0.226f,-0.9204f,0.125f,0f,0f,0f,1f],start_interpolation: 0,interpolation_duration: 1}
$data merge entity $(bone_bone15) {transformation: [-0.9344f,-0.102f,-0.3414f,0.2499f,-0.1028f,0.9946f,-0.0158f,-1.6388f,0.3411f,0.0204f,-0.9398f,0.2071f,0f,0f,0f,1f],start_interpolation: 0,interpolation_duration: 1}
$data merge entity $(bone_bone14) {transformation: [-0.9344f,-0.1997f,-0.295f,0.1875f,-0.1028f,0.944f,-0.3135f,-1.3437f,0.3411f,-0.2626f,-0.9026f,0.125f,0f,0f,0f,1f],start_interpolation: 0,interpolation_duration: 1}
$data merge entity $(bone_bone18) {transformation: [-0.9552f,-0.0529f,-0.2912f,-0.306f,-0.0892f,0.9896f,0.1129f,-1.6279f,0.2822f,0.1338f,-0.95f,-0.1944f,0f,0f,0f,1f],start_interpolation: 0,interpolation_duration: 1}
$data merge entity $(bone_bone17) {transformation: [-0.7738f,0.3793f,-0.5074f,-0.1875f,0.2095f,0.9091f,0.36f,-1.3437f,0.5978f,0.1722f,-0.7829f,-0.1406f,0f,0f,0f,1f],start_interpolation: 0,interpolation_duration: 1}
$data merge entity $(bone_bone21) {transformation: [-0.8978f,0.1298f,0.4209f,-0.1222f,0.3723f,0.7343f,0.5677f,-1.613f,-0.2354f,0.6663f,-0.7075f,-0.2876f,0f,0f,0f,1f],start_interpolation: 0,interpolation_duration: 1}
$data merge entity $(bone_bone20) {transformation: [-0.972f,0.1911f,0.1369f,-0.0625f,0.2329f,0.8615f,0.4512f,-1.3437f,-0.0317f,0.4704f,-0.8819f,-0.1406f,0f,0f,0f,1f],start_interpolation: 0,interpolation_duration: 1}
$data merge entity $(bone_bone24) {transformation: [-0.9999f,-0.0071f,-0.0121f,0.069f,-0.0094f,0.9775f,0.2109f,-1.5829f,0.0103f,0.211f,-0.9774f,-0.3417f,0f,0f,0f,1f],start_interpolation: 0,interpolation_duration: 1}
$data merge entity $(bone_bone23) {transformation: [-0.9956f,-0.0207f,-0.0913f,0.0625f,-0.0746f,0.7652f,0.6395f,-1.3437f,0.0566f,0.6435f,-0.7633f,-0.1406f,0f,0f,0f,1f],start_interpolation: 0,interpolation_duration: 1}
$data merge entity $(bone_bone27) {transformation: [-0.7618f,-0.0087f,0.6477f,0.2198f,0.2335f,0.9291f,0.287f,-1.6068f,-0.6043f,0.3698f,-0.7057f,-0.3062f,0f,0f,0f,1f],start_interpolation: 0,interpolation_duration: 1}
$data merge entity $(bone_bone26) {transformation: [-0.6838f,-0.1035f,0.7223f,0.1875f,0.3266f,0.8417f,0.4299f,-1.3437f,-0.6525f,0.5299f,-0.5417f,-0.1406f,0f,0f,0f,1f],start_interpolation: 0,interpolation_duration: 1}
$data merge entity $(bone_bone30) {transformation: [-0.9604f,-0.2788f,0f,0.3323f,-0.2788f,0.9604f,0f,-1.6491f,0f,0f,-1f,0.0625f,0f,0f,0f,1f],start_interpolation: 0,interpolation_duration: 1}
$data merge entity $(bone_bone29) {transformation: [-0.977f,-0.2134f,0f,0.2656f,-0.2134f,0.977f,0f,-1.3437f,0f,0f,-1f,0.0625f,0f,0f,0f,1f],start_interpolation: 0,interpolation_duration: 1}
$data merge entity $(bone_bone33) {transformation: [-0.7836f,-0.4558f,0.4221f,0.43f,-0.1696f,0.8106f,0.5605f,-1.6065f,-0.5976f,0.3676f,-0.7125f,-0.1024f,0f,0f,0f,1f],start_interpolation: 0,interpolation_duration: 1}
$data merge entity $(bone_bone32) {transformation: [-0.8211f,-0.5261f,0.2213f,0.2656f,-0.4631f,0.8408f,0.2804f,-1.3437f,-0.3336f,0.1277f,-0.934f,-0.0625f,0f,0f,0f,1f],start_interpolation: 0,interpolation_duration: 1}
$data merge entity $(bone_bone36) {transformation: [-0.7189f,0.2271f,-0.657f,-0.3429f,0.5418f,0.7752f,-0.3249f,-1.6427f,0.4355f,-0.5895f,-0.6803f,0.1105f,0f,0f,0f,1f],start_interpolation: 0,interpolation_duration: 1}
$data merge entity $(bone_bone35) {transformation: [-0.9433f,0.2472f,-0.2217f,-0.2656f,0.2739f,0.9567f,-0.0984f,-1.3437f,0.1877f,-0.1535f,-0.9702f,0.0625f,0f,0f,0f,1f],start_interpolation: 0,interpolation_duration: 1}
$data merge entity $(bone_bone39) {transformation: [-0.8376f,0.3518f,0.4181f,-0.351f,0.3826f,0.9238f,-0.0107f,-1.6397f,-0.39f,0.151f,-0.9084f,-0.1149f,0f,0f,0f,1f],start_interpolation: 0,interpolation_duration: 1}
$data merge entity $(bone_bone38) {transformation: [-0.9508f,0.2734f,0.1461f,-0.2656f,0.2925f,0.9472f,0.1314f,-1.3437f,-0.1025f,0.1676f,-0.9805f,-0.0625f,0f,0f,0f,1f],start_interpolation: 0,interpolation_duration: 1}
$data merge entity $(bone_bone45) {transformation: [-0.9199f,0.3717f,0.125f,-0.5069f,0.3844f,0.7913f,0.4754f,-0.8589f,0.0778f,0.4854f,-0.8708f,-0.2293f,0f,0f,0f,1f],start_interpolation: 0,interpolation_duration: 1}
$data merge entity $(bone_bone44) {transformation: [-0.8855f,0.4066f,0.2247f,-0.3798f,0.4497f,0.8716f,0.1949f,-0.5865f,-0.1166f,0.2737f,-0.9547f,-0.1438f,0f,0f,0f,1f],start_interpolation: 0,interpolation_duration: 1}
$data merge entity $(bone_bone48) {transformation: [-0.9595f,0.065f,-0.2742f,-0.6571f,0.0272f,0.9899f,0.1395f,-1.1577f,0.2805f,0.1264f,-0.9515f,0.0758f,0f,0f,0f,1f],start_interpolation: 0,interpolation_duration: 1}
$data merge entity $(bone_bone47) {transformation: [-0.8045f,0.4167f,-0.4232f,-0.5009f,0.4521f,0.8918f,0.0187f,-0.8232f,0.3852f,-0.1763f,-0.9058f,0.0097f,0f,0f,0f,1f],start_interpolation: 0,interpolation_duration: 1}
$data merge entity $(bone_3) {transformation: [-0.9471f,0.2076f,-0.2449f,-0.3418f,0.19f,0.9773f,0.0936f,-0.7278f,0.2588f,0.0421f,-0.965f,-0.0214f,0f,0f,0f,1f],start_interpolation: 0,interpolation_duration: 1}
$data merge entity $(bone_4) {transformation: [-0.9471f,0.1496f,-0.2841f,-0.4477f,0.19f,0.9744f,-0.1201f,-0.9358f,0.2588f,-0.1677f,-0.9513f,-0.0147f,0f,0f,0f,1f],start_interpolation: 0,interpolation_duration: 1}
$data merge entity $(bone_bone42) {transformation: [-0.9572f,0.0296f,-0.2879f,0.342f,0.055f,0.9952f,-0.0806f,-0.8698f,0.2842f,-0.093f,-0.9543f,-0.2804f,0f,0f,0f,1f],start_interpolation: 0,interpolation_duration: 1}
$data merge entity $(bone_bone41) {transformation: [-0.869f,0.0627f,-0.4908f,0.3616f,-0.1671f,0.8965f,0.4103f,-0.5896f,0.4657f,0.4386f,-0.7686f,-0.1434f,0f,0f,0f,1f],start_interpolation: 0,interpolation_duration: 1}
$data merge entity $(bone_bone51) {transformation: [-0.9912f,-0.1325f,-0.0029f,0.6476f,-0.1324f,0.9892f,0.0622f,-1.1684f,-0.0054f,0.0621f,-0.9981f,-0.0256f,0f,0f,0f,1f],start_interpolation: 0,interpolation_duration: 1}
$data merge entity $(bone_bone50) {transformation: [-0.909f,-0.4167f,-0.0008f,0.4913f,-0.4157f,0.9066f,0.0728f,-0.8284f,-0.0296f,0.0665f,-0.9973f,-0.0006f,0f,0f,0f,1f],start_interpolation: 0,interpolation_duration: 1}
$data merge entity $(bone_1) {transformation: [-0.9797f,-0.1592f,0.1221f,0.3337f,-0.1524f,0.9863f,0.0631f,-0.7266f,-0.1305f,0.0432f,-0.9905f,-0.0136f,0f,0f,0f,1f],start_interpolation: 0,interpolation_duration: 1}
$data merge entity $(bone_2) {transformation: [-0.9797f,-0.1222f,0.1592f,0.3991f,-0.1524f,0.969f,-0.1943f,-0.9376f,-0.1305f,-0.2146f,-0.9679f,-0.0189f,0f,0f,0f,1f],start_interpolation: 0,interpolation_duration: 1}
$data merge entity $(bone_7) {transformation: [-0.998f,0.0636f,-0.0043f,-0.1308f,0.0638f,0.9957f,-0.0669f,-1.5328f,0f,-0.067f,-0.9978f,0.0126f,0f,0f,0f,1f],start_interpolation: 0,interpolation_duration: 1}
$data merge entity $(bone_8) {transformation: [-0.998f,0.0595f,0.023f,-0.1397f,0.0638f,0.9307f,0.3602f,-1.672f,0f,0.3609f,-0.9326f,0.0345f,0f,0f,0f,1f],start_interpolation: 0,interpolation_duration: 1}
$data merge entity $(bone_5) {transformation: [-0.998f,-0.0638f,-0.0013f,0.1188f,-0.0638f,0.9978f,0.0201f,-1.3461f,0f,0.0202f,-0.9998f,0f,0f,0f,0f,1f],start_interpolation: 0,interpolation_duration: 1}
$data merge entity $(bone_6) {transformation: [-0.998f,-0.0613f,-0.0177f,0.1404f,-0.0638f,0.9586f,0.2777f,-1.683f,0f,0.2783f,-0.9605f,-0.0006f,0f,0f,0f,1f],start_interpolation: 0,interpolation_duration: 1}