# This file was generated by Animated Java via MC-Build. It is not recommended to edit this file directly.
$data merge entity $(bone_bone54) {transformation: [-0.9737f,0.2246f,-0.0385f,-0.1818f,0.225f,0.9743f,-0.0062f,1.2122f,0.0361f,-0.0147f,-0.9992f,-0.2637f,0f,0f,0f,1f],start_interpolation: 0,interpolation_duration: 1}
$data merge entity $(bone_bone53) {transformation: [-0.9724f,0.0593f,-0.2259f,-0.1562f,-0.0132f,0.9517f,0.3068f,1.5f,0.2331f,0.3013f,-0.9246f,-0.1406f,0f,0f,0f,1f],start_interpolation: 0,interpolation_duration: 1}
$data merge entity $(bone_bone57) {transformation: [-0.9406f,-0.1192f,0.318f,0.1649f,0.0351f,0.8972f,0.4402f,1.1932f,-0.3378f,0.4252f,-0.8397f,-0.2073f,0f,0f,0f,1f],start_interpolation: 0,interpolation_duration: 1}
$data merge entity $(bone_bone56) {transformation: [-0.9391f,0.0066f,0.3435f,0.1563f,0.0474f,0.9927f,0.1105f,1.5f,-0.3403f,0.1201f,-0.9326f,-0.1406f,0f,0f,0f,1f],start_interpolation: 0,interpolation_duration: 1}
$data merge entity $(bone_bone5) {transformation: [-0.961f,0.2215f,0.1656f,-0.2259f,0.2087f,0.9737f,-0.0912f,0.446f,-0.1815f,-0.0531f,-0.982f,0.1738f,0f,0f,0f,1f],start_interpolation: 0,interpolation_duration: 1}
$data merge entity $(bone_bone2) {transformation: [-0.961f,0.2455f,0.1273f,-0.1875f,0.2087f,0.9459f,-0.2485f,0.5938f,-0.1815f,-0.2123f,-0.9602f,0.1406f,0f,0f,0f,1f],start_interpolation: 0,interpolation_duration: 1}
$data merge entity $(bone_bone9) {transformation: [-0.9987f,-0.0086f,0.0509f,-0.0699f,0.0086f,0.9445f,0.3284f,0.4522f,-0.0509f,0.3284f,-0.9432f,0.2352f,0f,0f,0f,1f],start_interpolation: 0,interpolation_duration: 1}
$data merge entity $(bone_bone8) {transformation: [-0.9987f,0.0236f,0.0459f,-0.0625f,0.0086f,0.9528f,-0.3034f,0.75f,-0.0509f,-0.3026f,-0.9517f,0.1406f,0f,0f,0f,1f],start_interpolation: 0,interpolation_duration: 1}
$data merge entity $(bone_bone12) {transformation: [-0.9966f,-0.082f,-0.0115f,0.0877f,-0.0823f,0.9962f,0.0281f,0.4571f,0.0092f,0.029f,-0.9995f,0.231f,0f,0f,0f,1f],start_interpolation: 0,interpolation_duration: 1}
$data merge entity $(bone_bone11) {transformation: [-0.9966f,-0.0805f,0.0193f,0.0625f,-0.0823f,0.9373f,-0.3387f,0.75f,0.0092f,-0.3391f,-0.9407f,0.125f,0f,0f,0f,1f],start_interpolation: 0,interpolation_duration: 1}
$data merge entity $(bone_bone15) {transformation: [-0.961f,-0.1717f,-0.2168f,0.2547f,-0.1676f,0.9851f,-0.0372f,0.4521f,0.22f,0.0006f,-0.9755f,0.1915f,0f,0f,0f,1f],start_interpolation: 0,interpolation_duration: 1}
$data merge entity $(bone_bone14) {transformation: [-0.961f,-0.215f,-0.174f,0.1875f,-0.1676f,0.9531f,-0.2519f,0.75f,0.22f,-0.2129f,-0.952f,0.125f,0f,0f,0f,1f],start_interpolation: 0,interpolation_duration: 1}
$data merge entity $(bone_bone18) {transformation: [-0.9408f,0.2886f,-0.1775f,-0.2452f,0.2153f,0.9137f,0.3448f,0.4469f,0.2617f,0.2862f,-0.9217f,-0.1903f,0f,0f,0f,1f],start_interpolation: 0,interpolation_duration: 1}
$data merge entity $(bone_bone17) {transformation: [-0.8272f,0.1847f,-0.5306f,-0.1875f,0.0662f,0.9699f,0.2344f,0.75f,0.558f,0.1588f,-0.8145f,-0.1406f,0f,0f,0f,1f],start_interpolation: 0,interpolation_duration: 1}
$data merge entity $(bone_bone21) {transformation: [-0.9914f,0.0074f,-0.1307f,-0.0716f,-0.0082f,0.9929f,0.119f,0.5073f,0.1306f,0.119f,-0.9843f,-0.3373f,0f,0f,0f,1f],start_interpolation: 0,interpolation_duration: 1}
$data merge entity $(bone_bone20) {transformation: [-0.9343f,0.0292f,-0.3552f,-0.0625f,-0.2025f,0.7765f,0.5966f,0.75f,0.2933f,0.6294f,-0.7196f,-0.1406f,0f,0f,0f,1f],start_interpolation: 0,interpolation_duration: 1}
$data merge entity $(bone_bone24) {transformation: [-0.9259f,-0.0367f,0.3759f,0.0786f,0.2219f,0.7524f,0.6202f,0.4651f,-0.3056f,0.6577f,-0.6885f,-0.268f,0f,0f,0f,1f],start_interpolation: 0,interpolation_duration: 1}
$data merge entity $(bone_bone23) {transformation: [-0.9689f,-0.0516f,0.2419f,0.0625f,0.0532f,0.9116f,0.4075f,0.75f,-0.2416f,0.4077f,-0.8806f,-0.1406f,0f,0f,0f,1f],start_interpolation: 0,interpolation_duration: 1}
$data merge entity $(bone_bone27) {transformation: [-0.9453f,-0.1761f,0.2745f,0.1995f,-0.0209f,0.8726f,0.488f,0.4443f,-0.3255f,0.4556f,-0.8286f,-0.2045f,0f,0f,0f,1f],start_interpolation: 0,interpolation_duration: 1}
$data merge entity $(bone_bone26) {transformation: [-0.9043f,-0.0383f,0.4253f,0.1875f,0.0531f,0.9781f,0.201f,0.75f,-0.4237f,0.2044f,-0.8825f,-0.1406f,0f,0f,0f,1f],start_interpolation: 0,interpolation_duration: 1}
$data merge entity $(bone_bone30) {transformation: [-0.6886f,-0.7251f,0f,0.3696f,-0.7251f,0.6886f,0f,0.4553f,0f,0f,-1f,0.0625f,0f,0f,0f,1f],start_interpolation: 0,interpolation_duration: 1}
$data merge entity $(bone_bone29) {transformation: [-0.943f,-0.3328f,0f,0.2656f,-0.3328f,0.943f,0f,0.75f,0f,0f,-1f,0.0625f,0f,0f,0f,1f],start_interpolation: 0,interpolation_duration: 1}
$data merge entity $(bone_bone33) {transformation: [-0.998f,-0.0308f,0.0551f,0.387f,-0.0294f,0.9992f,0.0269f,0.462f,-0.0559f,0.0252f,-0.9981f,-0.0636f,0f,0f,0f,1f],start_interpolation: 0,interpolation_duration: 1}
$data merge entity $(bone_bone32) {transformation: [-0.921f,-0.3883f,0.031f,0.2656f,-0.3879f,0.9215f,0.0169f,0.75f,-0.0351f,0.0035f,-0.9994f,-0.0625f,0f,0f,0f,1f],start_interpolation: 0,interpolation_duration: 1}
$data merge entity $(bone_bone36) {transformation: [-0.897f,0.3399f,-0.2825f,-0.3046f,0.4133f,0.8716f,-0.2636f,0.4425f,0.1566f,-0.3532f,-0.9223f,0.1019f,0f,0f,0f,1f],start_interpolation: 0,interpolation_duration: 1}
$data merge entity $(bone_bone35) {transformation: [-0.9922f,0.1246f,-0.0057f,-0.2656f,0.1244f,0.9841f,-0.1264f,0.75f,-0.0102f,-0.1262f,-0.992f,0.0625f,0f,0f,0f,1f],start_interpolation: 0,interpolation_duration: 1}
$data merge entity $(bone_bone39) {transformation: [-0.9423f,0.0605f,0.3292f,-0.3513f,0.0802f,0.9957f,0.0468f,0.4505f,-0.3249f,0.0705f,-0.9431f,-0.0381f,0f,0f,0f,1f],start_interpolation: 0,interpolation_duration: 1}
$data merge entity $(bone_bone38) {transformation: [-0.9459f,0.274f,0.1737f,-0.2656f,0.254f,0.9586f,-0.1291f,0.75f,-0.2019f,-0.078f,-0.9763f,-0.0625f,0f,0f,0f,1f],start_interpolation: 0,interpolation_duration: 1}
$data merge entity $(bone_bone45) {transformation: [-0.9747f,-0.0683f,-0.2129f,-0.466f,-0.1299f,0.948f,0.2905f,1.2116f,0.182f,0.3108f,-0.9329f,-0.1961f,0f,0f,0f,1f],start_interpolation: 0,interpolation_duration: 1}
$data merge entity $(bone_bone44) {transformation: [-0.961f,0.2762f,-0.0125f,-0.3797f,0.2697f,0.9464f,0.1777f,1.5073f,0.0609f,0.1674f,-0.984f,-0.1438f,0f,0f,0f,1f],start_interpolation: 0,interpolation_duration: 1}
$data merge entity $(bone_bone48) {transformation: [-0.7087f,0.058f,-0.7032f,-0.6192f,0.1904f,0.9754f,-0.1114f,0.9163f,0.6794f,-0.2128f,-0.7023f,0.0297f,0f,0f,0f,1f],start_interpolation: 0,interpolation_duration: 1}
$data merge entity $(bone_bone47) {transformation: [-0.9187f,0.3035f,-0.2526f,-0.5054f,0.307f,0.9513f,0.0262f,1.2731f,0.2483f,-0.0535f,-0.9672f,0.0097f,0f,0f,0f,1f],start_interpolation: 0,interpolation_duration: 1}
$data merge entity $(bone_3) {transformation: [-0.9431f,0.2269f,-0.243f,-0.3444f,0.2088f,0.973f,0.0985f,1.3653f,0.2588f,0.0421f,-0.965f,-0.0214f,0f,0f,0f,1f],start_interpolation: 0,interpolation_duration: 1}
$data merge entity $(bone_4) {transformation: [-0.9431f,0.169f,-0.2864f,-0.4544f,0.2088f,0.9712f,-0.1145f,1.1595f,0.2588f,-0.1677f,-0.9513f,-0.0147f,0f,0f,0f,1f],start_interpolation: 0,interpolation_duration: 1}
$data merge entity $(bone_bone42) {transformation: [-0.9812f,-0.0826f,-0.1746f,0.4504f,-0.1646f,0.8304f,0.5324f,1.2124f,0.101f,0.5511f,-0.8283f,-0.2126f,0f,0f,0f,1f],start_interpolation: 0,interpolation_duration: 1}
$data merge entity $(bone_bone41) {transformation: [-0.915f,-0.2846f,0.2859f,0.3615f,-0.1954f,0.9327f,0.303f,1.5038f,-0.3529f,0.2214f,-0.9091f,-0.1434f,0f,0f,0f,1f],start_interpolation: 0,interpolation_duration: 1}
$data merge entity $(bone_bone51) {transformation: [-0.8207f,-0.3859f,0.4214f,0.5764f,-0.406f,0.9128f,0.0452f,0.9019f,-0.4021f,-0.134f,-0.9058f,0.0185f,0f,0f,0f,1f],start_interpolation: 0,interpolation_duration: 1}
$data merge entity $(bone_bone50) {transformation: [-0.8828f,-0.2144f,0.4179f,0.496f,-0.2159f,0.9754f,0.0444f,1.2677f,-0.4171f,-0.051f,-0.9074f,-0.0006f,0f,0f,0f,1f],start_interpolation: 0,interpolation_duration: 1}
$data merge entity $(bone_1) {transformation: [-0.9764f,-0.1788f,0.1209f,0.3363f,-0.1719f,0.9829f,0.0656f,1.3664f,-0.1305f,0.0432f,-0.9905f,-0.0136f,0f,0f,0f,1f],start_interpolation: 0,interpolation_duration: 1}
$data merge entity $(bone_2) {transformation: [-0.9764f,-0.1414f,0.163f,0.4059f,-0.1719f,0.9664f,-0.1911f,1.1567f,-0.1305f,-0.2146f,-0.9679f,-0.0189f,0f,0f,0f,1f],start_interpolation: 0,interpolation_duration: 1}
$data merge entity $(bone_7) {transformation: [-0.999f,0.0438f,-0.0038f,-0.127f,0.0439f,0.9953f,-0.0868f,0.5617f,0f,-0.0868f,-0.9962f,0.0163f,0f,0f,0f,1f],start_interpolation: 0,interpolation_duration: 1}
$data merge entity $(bone_8) {transformation: [-0.999f,0.0413f,0.015f,-0.1331f,0.0439f,0.9387f,0.342f,0.4229f,0f,0.3423f,-0.9396f,0.0409f,0f,0f,0f,1f],start_interpolation: 0,interpolation_duration: 1}
$data merge entity $(bone_5) {transformation: [-0.999f,-0.0439f,0f,0.1188f,-0.0439f,0.999f,0.0003f,0.7484f,0f,0.0003f,-1f,0f,0f,0f,0f,1f],start_interpolation: 0,interpolation_duration: 1}
$data merge entity $(bone_6) {transformation: [-0.999f,-0.0424f,-0.0114f,0.1336f,-0.0439f,0.9649f,0.2589f,0.4112f,0f,0.2591f,-0.9658f,0.0061f,0f,0f,0f,1f],start_interpolation: 0,interpolation_duration: 1}