# This file was generated by Animated Java via MC-Build. It is not recommended to edit this file directly.
$data merge entity $(bone_bone54) {transformation: [-0.9517f,0.2398f,0.1917f,-0.1569f,0.2514f,0.9671f,0.0382f,-0.8526f,-0.1763f,0.0846f,-0.9807f,-0.3185f,0f,0f,0f,1f],start_interpolation: 0,interpolation_duration: 1}
$data merge entity $(bone_bone53) {transformation: [-0.9607f,-0.0257f,-0.2763f,-0.1562f,-0.1557f,0.8742f,0.46f,-0.5937f,0.2298f,0.4849f,-0.8438f,-0.1406f,0f,0f,0f,1f],start_interpolation: 0,interpolation_duration: 1}
$data merge entity $(bone_bone57) {transformation: [-0.9956f,-0.0243f,0.0904f,0.1428f,0.0252f,0.8605f,0.5088f,-0.8994f,-0.0902f,0.5088f,-0.8561f,-0.2117f,0f,0f,0f,1f],start_interpolation: 0,interpolation_duration: 1}
$data merge entity $(bone_bone56) {transformation: [-0.9703f,0.0663f,0.2326f,0.1563f,0.0945f,0.9892f,0.1123f,-0.5937f,-0.2226f,0.131f,-0.9661f,-0.1406f,0f,0f,0f,1f],start_interpolation: 0,interpolation_duration: 1}
$data merge entity $(bone_bone5) {transformation: [-0.895f,0.2376f,0.3776f,-0.211f,0.0587f,0.9017f,-0.4284f,-1.652f,-0.4423f,-0.3612f,-0.8209f,0.168f,0f,0f,0f,1f],start_interpolation: 0,interpolation_duration: 1}
$data merge entity $(bone_bone2) {transformation: [-0.895f,0.1502f,0.4201f,-0.1875f,0.0587f,0.973f,-0.223f,-1.5f,-0.4423f,-0.175f,-0.8796f,0.1406f,0f,0f,0f,1f],start_interpolation: 0,interpolation_duration: 1}
$data merge entity $(bone_bone9) {transformation: [-0.9537f,0.0501f,0.2965f,-0.0997f,0.0042f,0.9882f,-0.1534f,-1.6323f,-0.3007f,-0.1451f,-0.9426f,0.2547f,0f,0f,0f,1f],start_interpolation: 0,interpolation_duration: 1}
$data merge entity $(bone_bone8) {transformation: [-0.9537f,0.1191f,0.2761f,-0.0625f,0.0042f,0.9234f,-0.3839f,-1.3437f,-0.3007f,-0.365f,-0.8811f,0.1406f,0f,0f,0f,1f],start_interpolation: 0,interpolation_duration: 1}
$data merge entity $(bone_bone12) {transformation: [-0.9433f,-0.0706f,-0.3243f,0.0598f,0.0825f,0.8966f,-0.4351f,-1.6482f,0.3214f,-0.4372f,-0.8399f,0.1953f,0f,0f,0f,1f],start_interpolation: 0,interpolation_duration: 1}
$data merge entity $(bone_bone11) {transformation: [-0.9433f,0.0085f,-0.3318f,0.0625f,0.0825f,0.9743f,-0.2096f,-1.3437f,0.3214f,-0.2251f,-0.9198f,0.125f,0f,0f,0f,1f],start_interpolation: 0,interpolation_duration: 1}
$data merge entity $(bone_bone15) {transformation: [-0.9341f,-0.1014f,-0.3423f,0.2499f,-0.1023f,0.9946f,-0.0155f,-1.6387f,0.342f,0.0205f,-0.9395f,0.2072f,0f,0f,0f,1f],start_interpolation: 0,interpolation_duration: 1}
$data merge entity $(bone_bone14) {transformation: [-0.9341f,-0.1997f,-0.2959f,0.1875f,-0.1023f,0.9439f,-0.3139f,-1.3437f,0.342f,-0.263f,-0.9022f,0.125f,0f,0f,0f,1f],start_interpolation: 0,interpolation_duration: 1}
$data merge entity $(bone_bone18) {transformation: [-0.9538f,-0.0523f,-0.2959f,-0.3068f,-0.0904f,0.9891f,0.1165f,-1.6273f,0.2866f,0.1379f,-0.9481f,-0.1954f,0f,0f,0f,1f],start_interpolation: 0,interpolation_duration: 1}
$data merge entity $(bone_bone17) {transformation: [-0.7761f,0.3818f,-0.5019f,-0.1875f,0.2117f,0.9075f,0.3629f,-1.3437f,0.594f,0.1754f,-0.7851f,-0.1406f,0f,0f,0f,1f],start_interpolation: 0,interpolation_duration: 1}
$data merge entity $(bone_bone21) {transformation: [-0.8967f,0.1216f,0.4256f,-0.1236f,0.3721f,0.7279f,0.5759f,-1.6133f,-0.2397f,0.6748f,-0.698f,-0.2864f,0f,0f,0f,1f],start_interpolation: 0,interpolation_duration: 1}
$data merge entity $(bone_bone20) {transformation: [-0.9713f,0.1955f,0.1358f,-0.0625f,0.2362f,0.8627f,0.4473f,-1.3437f,-0.0297f,0.4665f,-0.884f,-0.1406f,0f,0f,0f,1f],start_interpolation: 0,interpolation_duration: 1}
$data merge entity $(bone_bone24) {transformation: [-0.9998f,-0.0075f,-0.0199f,0.0677f,-0.0113f,0.9795f,0.2009f,-1.5811f,0.0179f,0.2011f,-0.9794f,-0.3439f,0f,0f,0f,1f],start_interpolation: 0,interpolation_duration: 1}
$data merge entity $(bone_bone23) {transformation: [-0.9951f,-0.0166f,-0.0973f,0.0625f,-0.0759f,0.7594f,0.6462f,-1.3437f,0.0632f,0.6504f,-0.7569f,-0.1406f,0f,0f,0f,1f],start_interpolation: 0,interpolation_duration: 1}
$data merge entity $(bone_bone27) {transformation: [-0.7595f,-0.0043f,0.6505f,0.2227f,0.2325f,0.9322f,0.2775f,-1.6055f,-0.6075f,0.362f,-0.707f,-0.3077f,0f,0f,0f,1f],start_interpolation: 0,interpolation_duration: 1}
$data merge entity $(bone_bone26) {transformation: [-0.6817f,-0.1126f,0.7229f,0.1875f,0.3264f,0.8375f,0.4383f,-1.3437f,-0.6548f,0.5348f,-0.5341f,-0.1406f,0f,0f,0f,1f],start_interpolation: 0,interpolation_duration: 1}
$data merge entity $(bone_bone30) {transformation: [-0.9659f,-0.2588f,0f,0.3333f,-0.2588f,0.9659f,0f,-1.6488f,0f,0f,-1f,0.0625f,0f,0f,0f,1f],start_interpolation: 0,interpolation_duration: 1}
$data merge entity $(bone_bone29) {transformation: [-0.9763f,-0.2164f,0f,0.2656f,-0.2164f,0.9763f,0f,-1.3437f,0f,0f,-1f,0.0625f,0f,0f,0f,1f],start_interpolation: 0,interpolation_duration: 1}
$data merge entity $(bone_bone33) {transformation: [-0.7829f,-0.4597f,0.4191f,0.4321f,-0.171f,0.8067f,0.5656f,-1.6051f,-0.5981f,0.3712f,-0.7102f,-0.1033f,0f,0f,0f,1f],start_interpolation: 0,interpolation_duration: 1}
$data merge entity $(bone_bone32) {transformation: [-0.8165f,-0.5327f,0.2226f,0.2656f,-0.4672f,0.8362f,0.2872f,-1.3437f,-0.3391f,0.1305f,-0.9317f,-0.0625f,0f,0f,0f,1f],start_interpolation: 0,interpolation_duration: 1}
$data merge entity $(bone_bone36) {transformation: [-0.7187f,0.2228f,-0.6587f,-0.3451f,0.54f,0.7756f,-0.3269f,-1.642f,0.438f,-0.5906f,-0.6777f,0.1117f,0f,0f,0f,1f],start_interpolation: 0,interpolation_duration: 1}
$data merge entity $(bone_bone35) {transformation: [-0.9391f,0.2542f,-0.2312f,-0.2656f,0.2824f,0.9543f,-0.0981f,-1.3437f,0.1957f,-0.1574f,-0.9679f,0.0625f,0f,0f,0f,1f],start_interpolation: 0,interpolation_duration: 1}
$data merge entity $(bone_bone39) {transformation: [-0.8306f,0.3763f,0.4106f,-0.3518f,0.405f,0.9141f,-0.0184f,-1.6387f,-0.3822f,0.1511f,-0.9116f,-0.1195f,0f,0f,0f,1f],start_interpolation: 0,interpolation_duration: 1}
$data merge entity $(bone_bone38) {transformation: [-0.9498f,0.2758f,0.1474f,-0.2656f,0.2967f,0.9437f,0.1461f,-1.3437f,-0.0988f,0.1826f,-0.9782f,-0.0625f,0f,0f,0f,1f],start_interpolation: 0,interpolation_duration: 1}
$data merge entity $(bone_bone45) {transformation: [-0.915f,0.382f,0.1302f,-0.5048f,0.3959f,0.7873f,0.4727f,-0.8596f,0.0781f,0.484f,-0.8716f,-0.2304f,0f,0f,0f,1f],start_interpolation: 0,interpolation_duration: 1}
$data merge entity $(bone_bone44) {transformation: [-0.8886f,0.3999f,0.2246f,-0.3799f,0.4436f,0.8737f,0.1997f,-0.5865f,-0.1164f,0.2771f,-0.9538f,-0.1438f,0f,0f,0f,1f],start_interpolation: 0,interpolation_duration: 1}
$data merge entity $(bone_bone48) {transformation: [-0.964f,0.0684f,-0.2569f,-0.6563f,0.0319f,0.9891f,0.1434f,-1.1579f,0.2639f,0.1301f,-0.9557f,0.0766f,0f,0f,0f,1f],start_interpolation: 0,interpolation_duration: 1}
$data merge entity $(bone_bone47) {transformation: [-0.8024f,0.4156f,-0.4283f,-0.5005f,0.4518f,0.8919f,0.019f,-0.8234f,0.3899f,-0.1783f,-0.9034f,0.0097f,0f,0f,0f,1f],start_interpolation: 0,interpolation_duration: 1}
$data merge entity $(bone_3) {transformation: [-0.9474f,0.206f,-0.2451f,-0.3415f,0.1884f,0.9776f,0.0932f,-0.7277f,0.2588f,0.0421f,-0.965f,-0.0214f,0f,0f,0f,1f],start_interpolation: 0,interpolation_duration: 1}
$data merge entity $(bone_4) {transformation: [-0.9474f,0.148f,-0.2839f,-0.4471f,0.1884f,0.9747f,-0.1206f,-0.9359f,0.2588f,-0.1677f,-0.9513f,-0.0147f,0f,0f,0f,1f],start_interpolation: 0,interpolation_duration: 1}
$data merge entity $(bone_bone42) {transformation: [-0.9585f,0.0314f,-0.2834f,0.3399f,0.0586f,0.9944f,-0.0879f,-0.8699f,0.279f,-0.1008f,-0.955f,-0.2799f,0f,0f,0f,1f],start_interpolation: 0,interpolation_duration: 1}
$data merge entity $(bone_bone41) {transformation: [-0.864f,0.0693f,-0.4986f,0.3616f,-0.1648f,0.8969f,0.4103f,-0.5896f,0.4757f,0.4367f,-0.7635f,-0.1434f,0f,0f,0f,1f],start_interpolation: 0,interpolation_duration: 1}
$data merge entity $(bone_bone51) {transformation: [-0.9918f,-0.1278f,-0.0067f,0.6485f,-0.128f,0.9894f,0.0691f,-1.168f,-0.0022f,0.0694f,-0.9976f,-0.0252f,0f,0f,0f,1f],start_interpolation: 0,interpolation_duration: 1}
$data merge entity $(bone_bone50) {transformation: [-0.9074f,-0.4201f,-0.0067f,0.491f,-0.4195f,0.9051f,0.0691f,-0.8286f,-0.0229f,0.0655f,-0.9976f,-0.0006f,0f,0f,0f,1f],start_interpolation: 0,interpolation_duration: 1}
$data merge entity $(bone_1) {transformation: [-0.9799f,-0.1576f,0.1222f,0.3335f,-0.1508f,0.9866f,0.0629f,-0.7265f,-0.1305f,0.0432f,-0.9905f,-0.0136f,0f,0f,0f,1f],start_interpolation: 0,interpolation_duration: 1}
$data merge entity $(bone_2) {transformation: [-0.9799f,-0.1206f,0.1589f,0.3986f,-0.1508f,0.9692f,-0.1945f,-0.9376f,-0.1305f,-0.2146f,-0.9679f,-0.0189f,0f,0f,0f,1f],start_interpolation: 0,interpolation_duration: 1}
$data merge entity $(bone_7) {transformation: [-0.9979f,0.0653f,-0.0043f,-0.1311f,0.0654f,0.9957f,-0.0653f,-1.5329f,0f,-0.0654f,-0.9979f,0.0123f,0f,0f,0f,1f],start_interpolation: 0,interpolation_duration: 1}
$data merge entity $(bone_8) {transformation: [-0.9979f,0.061f,0.0237f,-0.1402f,0.0654f,0.93f,0.3617f,-1.6721f,0f,0.3624f,-0.932f,0.0339f,0f,0f,0f,1f],start_interpolation: 0,interpolation_duration: 1}
$data merge entity $(bone_5) {transformation: [-0.9979f,-0.0654f,-0.0014f,0.1188f,-0.0654f,0.9976f,0.0218f,-1.3462f,0f,0.0218f,-0.9998f,0f,0f,0f,0f,1f],start_interpolation: 0,interpolation_duration: 1}
$data merge entity $(bone_6) {transformation: [-0.9979f,-0.0628f,-0.0183f,0.1409f,-0.0654f,0.958f,0.2792f,-1.683f,0f,0.2798f,-0.96f,-0.0011f,0f,0f,0f,1f],start_interpolation: 0,interpolation_duration: 1}