# This file was generated by Animated Java via MC-Build. It is not recommended to edit this file directly.
$data merge entity $(bone_bone54) {transformation: [-0.9513f,0.2389f,0.1949f,-0.1579f,0.2537f,0.9658f,0.0541f,-0.8524f,-0.1753f,0.101f,-0.9793f,-0.3187f,0f,0f,0f,1f],start_interpolation: 0,interpolation_duration: 1}
$data merge entity $(bone_bone53) {transformation: [-0.9622f,-0.022f,-0.2713f,-0.1562f,-0.1503f,0.8739f,0.4622f,-0.5937f,0.2269f,0.4855f,-0.8442f,-0.1406f,0f,0f,0f,1f],start_interpolation: 0,interpolation_duration: 1}
$data merge entity $(bone_bone57) {transformation: [-0.9956f,-0.0233f,0.0903f,0.1425f,0.0251f,0.8657f,0.4999f,-0.8993f,-0.0898f,0.5f,-0.8614f,-0.212f,0f,0f,0f,1f],start_interpolation: 0,interpolation_duration: 1}
$data merge entity $(bone_bone56) {transformation: [-0.9696f,0.0676f,0.2353f,0.1563f,0.0963f,0.9889f,0.1127f,-0.5937f,-0.2251f,0.132f,-0.9654f,-0.1406f,0f,0f,0f,1f],start_interpolation: 0,interpolation_duration: 1}
$data merge entity $(bone_bone5) {transformation: [-0.8958f,0.2369f,0.3761f,-0.2111f,0.0597f,0.9026f,-0.4262f,-1.652f,-0.4404f,-0.3594f,-0.8227f,0.168f,0f,0f,0f,1f],start_interpolation: 0,interpolation_duration: 1}
$data merge entity $(bone_bone2) {transformation: [-0.8958f,0.151f,0.418f,-0.1875f,0.0597f,0.9729f,-0.2235f,-1.5f,-0.4404f,-0.1753f,-0.8805f,0.1406f,0f,0f,0f,1f],start_interpolation: 0,interpolation_duration: 1}
$data merge entity $(bone_bone9) {transformation: [-0.9543f,0.0487f,0.2949f,-0.0995f,0.0042f,0.9887f,-0.1498f,-1.6324f,-0.2989f,-0.1417f,-0.9437f,0.2546f,0f,0f,0f,1f],start_interpolation: 0,interpolation_duration: 1}
$data merge entity $(bone_bone8) {transformation: [-0.9543f,0.1183f,0.2745f,-0.0625f,0.0042f,0.9236f,-0.3833f,-1.3437f,-0.2989f,-0.3646f,-0.8819f,0.1406f,0f,0f,0f,1f],start_interpolation: 0,interpolation_duration: 1}
$data merge entity $(bone_bone12) {transformation: [-0.9442f,-0.0694f,-0.322f,0.0601f,0.0814f,0.898f,-0.4323f,-1.6482f,0.3192f,-0.4344f,-0.8423f,0.1956f,0f,0f,0f,1f],start_interpolation: 0,interpolation_duration: 1}
$data merge entity $(bone_bone11) {transformation: [-0.9442f,0.0076f,-0.3293f,0.0625f,0.0814f,0.9741f,-0.2109f,-1.3437f,0.3192f,-0.226f,-0.9204f,0.125f,0f,0f,0f,1f],start_interpolation: 0,interpolation_duration: 1}
$data merge entity $(bone_bone15) {transformation: [-0.9344f,-0.102f,-0.3414f,0.2499f,-0.1028f,0.9946f,-0.0158f,-1.6388f,0.3411f,0.0204f,-0.9398f,0.2071f,0f,0f,0f,1f],start_interpolation: 0,interpolation_duration: 1}
$data merge entity $(bone_bone14) {transformation: [-0.9344f,-0.1997f,-0.295f,0.1875f,-0.1028f,0.944f,-0.3135f,-1.3437f,0.3411f,-0.2626f,-0.9026f,0.125f,0f,0f,0f,1f],start_interpolation: 0,interpolation_duration: 1}
$data merge entity $(bone_bone18) {transformation: [-0.9522f,-0.0455f,-0.3021f,-0.3069f,-0.0869f,0.9883f,0.1251f,-1.6271f,0.2929f,0.1454f,-0.945f,-0.1965f,0f,0f,0f,1f],start_interpolation: 0,interpolation_duration: 1}
$data merge entity $(bone_bone17) {transformation: [-0.78f,0.3821f,-0.4956f,-0.1875f,0.2127f,0.9067f,0.3642f,-1.3437f,0.5885f,0.1787f,-0.7885f,-0.1406f,0f,0f,0f,1f],start_interpolation: 0,interpolation_duration: 1}
$data merge entity $(bone_bone21) {transformation: [-0.899f,0.1142f,0.4228f,-0.124f,0.3667f,0.7241f,0.5841f,-1.6136f,-0.2395f,0.6801f,-0.6929f,-0.2857f,0f,0f,0f,1f],start_interpolation: 0,interpolation_duration: 1}
$data merge entity $(bone_bone20) {transformation: [-0.9722f,0.1967f,0.1272f,-0.0625f,0.2332f,0.8635f,0.4471f,-1.3437f,-0.0219f,0.4644f,-0.8854f,-0.1406f,0f,0f,0f,1f],start_interpolation: 0,interpolation_duration: 1}
$data merge entity $(bone_bone24) {transformation: [-0.9997f,-0.0055f,-0.0245f,0.0666f,-0.0102f,0.9806f,0.1958f,-1.5795f,0.023f,0.196f,-0.9803f,-0.3458f,0f,0f,0f,1f],start_interpolation: 0,interpolation_duration: 1}
$data merge entity $(bone_bone23) {transformation: [-0.9949f,-0.0133f,-0.1f,0.0625f,-0.0756f,0.7543f,0.6522f,-1.3437f,0.0667f,0.6564f,-0.7514f,-0.1406f,0f,0f,0f,1f],start_interpolation: 0,interpolation_duration: 1}
$data merge entity $(bone_bone27) {transformation: [-0.761f,-0.0009f,0.6488f,0.2252f,0.2282f,0.9358f,0.2689f,-1.6044f,-0.6074f,0.3526f,-0.7119f,-0.3089f,0f,0f,0f,1f],start_interpolation: 0,interpolation_duration: 1}
$data merge entity $(bone_bone26) {transformation: [-0.6841f,-0.1207f,0.7194f,0.1875f,0.3231f,0.834f,0.4472f,-1.3437f,-0.6539f,0.5384f,-0.5315f,-0.1406f,0f,0f,0f,1f],start_interpolation: 0,interpolation_duration: 1}
$data merge entity $(bone_bone30) {transformation: [-0.9705f,-0.2412f,0f,0.3351f,-0.2412f,0.9705f,0f,-1.6484f,0f,0f,-1f,0.0625f,0f,0f,0f,1f],start_interpolation: 0,interpolation_duration: 1}
$data merge entity $(bone_bone29) {transformation: [-0.975f,-0.2223f,0f,0.2656f,-0.2223f,0.975f,0f,-1.3437f,0f,0f,-1f,0.0625f,0f,0f,0f,1f],start_interpolation: 0,interpolation_duration: 1}
$data merge entity $(bone_bone33) {transformation: [-0.7877f,-0.456f,0.4142f,0.434f,-0.1713f,0.808f,0.5638f,-1.6037f,-0.5917f,0.3731f,-0.7146f,-0.1038f,0f,0f,0f,1f],start_interpolation: 0,interpolation_duration: 1}
$data merge entity $(bone_bone32) {transformation: [-0.8125f,-0.5388f,0.2226f,0.2656f,-0.4717f,0.832f,0.292f,-1.3437f,-0.3426f,0.1323f,-0.9301f,-0.0625f,0f,0f,0f,1f],start_interpolation: 0,interpolation_duration: 1}
$data merge entity $(bone_bone36) {transformation: [-0.7217f,0.2202f,-0.6563f,-0.3471f,0.5364f,0.7772f,-0.329f,-1.6412f,0.4376f,-0.5895f,-0.679f,0.1131f,0f,0f,0f,1f],start_interpolation: 0,interpolation_duration: 1}
$data merge entity $(bone_bone35) {transformation: [-0.9352f,0.2609f,-0.2393f,-0.2656f,0.2907f,0.9517f,-0.0988f,-1.3437f,0.202f,-0.1619f,-0.9659f,0.0625f,0f,0f,0f,1f],start_interpolation: 0,interpolation_duration: 1}
$data merge entity $(bone_bone39) {transformation: [-0.8238f,0.4f,0.4017f,-0.3526f,0.4266f,0.9041f,-0.0255f,-1.6375f,-0.3734f,0.1504f,-0.9154f,-0.124f,0f,0f,0f,1f],start_interpolation: 0,interpolation_duration: 1}
$data merge entity $(bone_bone38) {transformation: [-0.9488f,0.2783f,0.1491f,-0.2656f,0.3009f,0.9401f,0.16f,-1.3437f,-0.0956f,0.1967f,-0.9758f,-0.0625f,0f,0f,0f,1f],start_interpolation: 0,interpolation_duration: 1}
$data merge entity $(bone_bone45) {transformation: [-0.9112f,0.3906f,0.1305f,-0.5018f,0.404f,0.7863f,0.4675f,-0.8607f,0.08f,0.4787f,-0.8743f,-0.2312f,0f,0f,0f,1f],start_interpolation: 0,interpolation_duration: 1}
$data merge entity $(bone_bone44) {transformation: [-0.8938f,0.3901f,0.2213f,-0.3799f,0.4337f,0.8773f,0.2054f,-0.5865f,-0.114f,0.2796f,-0.9533f,-0.1438f,0f,0f,0f,1f],start_interpolation: 0,interpolation_duration: 1}
$data merge entity $(bone_bone48) {transformation: [-0.9675f,0.074f,-0.2416f,-0.6548f,0.0405f,0.9892f,0.1408f,-1.1586f,0.2494f,0.1264f,-0.9601f,0.0768f,0f,0f,0f,1f],start_interpolation: 0,interpolation_duration: 1}
$data merge entity $(bone_bone47) {transformation: [-0.8022f,0.4124f,-0.4317f,-0.5001f,0.4492f,0.8933f,0.0188f,-0.8236f,0.3934f,-0.1789f,-0.9018f,0.0097f,0f,0f,0f,1f],start_interpolation: 0,interpolation_duration: 1}
$data merge entity $(bone_3) {transformation: [-0.9477f,0.2044f,-0.2452f,-0.3413f,0.1869f,0.978f,0.0928f,-0.7277f,0.2588f,0.0421f,-0.965f,-0.0214f,0f,0f,0f,1f],start_interpolation: 0,interpolation_duration: 1}
$data merge entity $(bone_4) {transformation: [-0.9477f,0.1465f,-0.2837f,-0.4465f,0.1869f,0.9749f,-0.121f,-0.936f,0.2588f,-0.1677f,-0.9513f,-0.0147f,0f,0f,0f,1f],start_interpolation: 0,interpolation_duration: 1}
$data merge entity $(bone_bone42) {transformation: [-0.9613f,0.0316f,-0.2736f,0.3399f,0.0571f,0.9947f,-0.0858f,-0.8703f,0.2694f,-0.0981f,-0.958f,-0.279f,0f,0f,0f,1f],start_interpolation: 0,interpolation_duration: 1}
$data merge entity $(bone_bone41) {transformation: [-0.8638f,0.0693f,-0.4991f,0.3616f,-0.1636f,0.8983f,0.4078f,-0.5896f,0.4766f,0.4339f,-0.7645f,-0.1434f,0f,0f,0f,1f],start_interpolation: 0,interpolation_duration: 1}
$data merge entity $(bone_bone51) {transformation: [-0.9918f,-0.1275f,-0.0037f,0.6489f,-0.1274f,0.9886f,0.0798f,-1.1679f,-0.0065f,0.0796f,-0.9968f,-0.024f,0f,0f,0f,1f],start_interpolation: 0,interpolation_duration: 1}
$data merge entity $(bone_bone50) {transformation: [-0.9065f,-0.4223f,-0.0068f,0.4906f,-0.4218f,0.9043f,0.0657f,-0.8288f,-0.0216f,0.0624f,-0.9978f,-0.0006f,0f,0f,0f,1f],start_interpolation: 0,interpolation_duration: 1}
$data merge entity $(bone_1) {transformation: [-0.9802f,-0.156f,0.1224f,0.3332f,-0.1492f,0.9868f,0.0627f,-0.7264f,-0.1305f,0.0432f,-0.9905f,-0.0136f,0f,0f,0f,1f],start_interpolation: 0,interpolation_duration: 1}
$data merge entity $(bone_2) {transformation: [-0.9802f,-0.119f,0.1586f,0.398f,-0.1492f,0.9694f,-0.1948f,-0.9376f,-0.1305f,-0.2146f,-0.9679f,-0.0189f,0f,0f,0f,1f],start_interpolation: 0,interpolation_duration: 1}
$data merge entity $(bone_7) {transformation: [-0.9978f,0.0669f,-0.0043f,-0.1314f,0.067f,0.9957f,-0.0636f,-1.533f,0f,-0.0638f,-0.998f,0.012f,0f,0f,0f,1f],start_interpolation: 0,interpolation_duration: 1}
$data merge entity $(bone_8) {transformation: [-0.9978f,0.0624f,0.0244f,-0.1407f,0.067f,0.9293f,0.3631f,-1.6722f,0f,0.364f,-0.9314f,0.0334f,0f,0f,0f,1f],start_interpolation: 0,interpolation_duration: 1}
$data merge entity $(bone_5) {transformation: [-0.9978f,-0.067f,-0.0016f,0.1188f,-0.067f,0.9975f,0.0234f,-1.3463f,0f,0.0234f,-0.9997f,0f,0f,0f,0f,1f],start_interpolation: 0,interpolation_duration: 1}
$data merge entity $(bone_6) {transformation: [-0.9978f,-0.0643f,-0.0189f,0.1415f,-0.067f,0.9574f,0.2808f,-1.6831f,0f,0.2814f,-0.9596f,-0.0017f,0f,0f,0f,1f],start_interpolation: 0,interpolation_duration: 1}