# This file was generated by Animated Java via MC-Build. It is not recommended to edit this file directly.
$data merge entity $(bone_bone54) {transformation: [-0.9512f,0.2377f,0.1966f,-0.1594f,0.2562f,0.9638f,0.074f,-0.8526f,-0.1719f,0.1207f,-0.9777f,-0.3184f,0f,0f,0f,1f],start_interpolation: 0,interpolation_duration: 1}
$data merge entity $(bone_bone53) {transformation: [-0.9642f,-0.0163f,-0.2645f,-0.1562f,-0.1419f,0.8748f,0.4633f,-0.5937f,0.2238f,0.4843f,-0.8458f,-0.1406f,0f,0f,0f,1f],start_interpolation: 0,interpolation_duration: 1}
$data merge entity $(bone_bone57) {transformation: [-0.9954f,-0.0236f,0.0927f,0.1423f,0.0248f,0.8724f,0.4881f,-0.8992f,-0.0924f,0.4882f,-0.8678f,-0.2123f,0f,0f,0f,1f],start_interpolation: 0,interpolation_duration: 1}
$data merge entity $(bone_bone56) {transformation: [-0.9683f,0.0687f,0.2403f,0.1563f,0.0981f,0.9888f,0.1128f,-0.5937f,-0.2299f,0.1328f,-0.9641f,-0.1406f,0f,0f,0f,1f],start_interpolation: 0,interpolation_duration: 1}
$data merge entity $(bone_bone5) {transformation: [-0.8982f,0.2348f,0.3717f,-0.2114f,0.0627f,0.9053f,-0.4201f,-1.6519f,-0.4352f,-0.354f,-0.8278f,0.1682f,0f,0f,0f,1f],start_interpolation: 0,interpolation_duration: 1}
$data merge entity $(bone_bone2) {transformation: [-0.8982f,0.1533f,0.4121f,-0.1875f,0.0627f,0.9724f,-0.2249f,-1.5f,-0.4352f,-0.1762f,-0.8829f,0.1406f,0f,0f,0f,1f],start_interpolation: 0,interpolation_duration: 1}
$data merge entity $(bone_bone9) {transformation: [-0.9559f,0.045f,0.2903f,-0.0987f,0.0043f,0.9902f,-0.1395f,-1.6326f,-0.2937f,-0.1321f,-0.9467f,0.2543f,0f,0f,0f,1f],start_interpolation: 0,interpolation_duration: 1}
$data merge entity $(bone_bone8) {transformation: [-0.9559f,0.1159f,0.2699f,-0.0625f,0.0043f,0.9243f,-0.3816f,-1.3437f,-0.2937f,-0.3636f,-0.884f,0.1406f,0f,0f,0f,1f],start_interpolation: 0,interpolation_duration: 1}
$data merge entity $(bone_bone12) {transformation: [-0.9466f,-0.0663f,-0.3155f,0.061f,0.0782f,0.9022f,-0.4242f,-1.648f,0.3127f,-0.4262f,-0.8489f,0.1964f,0f,0f,0f,1f],start_interpolation: 0,interpolation_duration: 1}
$data merge entity $(bone_bone11) {transformation: [-0.9466f,0.0049f,-0.3223f,0.0625f,0.0782f,0.9735f,-0.2149f,-1.3437f,0.3127f,-0.2286f,-0.9219f,0.125f,0f,0f,0f,1f],start_interpolation: 0,interpolation_duration: 1}
$data merge entity $(bone_bone15) {transformation: [-0.9352f,-0.1035f,-0.3388f,0.25f,-0.1042f,0.9944f,-0.0164f,-1.6388f,0.3386f,0.02f,-0.9407f,0.2068f,0f,0f,0f,1f],start_interpolation: 0,interpolation_duration: 1}
$data merge entity $(bone_bone14) {transformation: [-0.9352f,-0.1999f,-0.2924f,0.1875f,-0.1042f,0.9442f,-0.3124f,-1.3437f,0.3386f,-0.2616f,-0.9038f,0.125f,0f,0f,0f,1f],start_interpolation: 0,interpolation_duration: 1}
$data merge entity $(bone_bone18) {transformation: [-0.9502f,-0.0322f,-0.31f,-0.3063f,-0.0789f,0.9871f,0.1392f,-1.6271f,0.3015f,0.1567f,-0.9405f,-0.1976f,0f,0f,0f,1f],start_interpolation: 0,interpolation_duration: 1}
$data merge entity $(bone_bone17) {transformation: [-0.7857f,0.3803f,-0.4879f,-0.1875f,0.2127f,0.9067f,0.3642f,-1.3437f,0.5809f,0.1824f,-0.7933f,-0.1406f,0f,0f,0f,1f],start_interpolation: 0,interpolation_duration: 1}
$data merge entity $(bone_bone21) {transformation: [-0.9043f,0.1068f,0.4132f,-0.1235f,0.3562f,0.7223f,0.5928f,-1.6138f,-0.2352f,0.6833f,-0.6912f,-0.2855f,0f,0f,0f,1f],start_interpolation: 0,interpolation_duration: 1}
$data merge entity $(bone_bone20) {transformation: [-0.9745f,0.1951f,0.1112f,-0.0625f,0.2244f,0.8642f,0.4502f,-1.3437f,-0.0083f,0.4637f,-0.886f,-0.1406f,0f,0f,0f,1f],start_interpolation: 0,interpolation_duration: 1}
$data merge entity $(bone_bone24) {transformation: [-0.9996f,-0.001f,-0.0269f,0.0657f,-0.0062f,0.9808f,0.1947f,-1.5779f,0.0262f,0.1948f,-0.9805f,-0.3475f,0f,0f,0f,1f],start_interpolation: 0,interpolation_duration: 1}
$data merge entity $(bone_bone23) {transformation: [-0.9949f,-0.0104f,-0.0998f,0.0625f,-0.0739f,0.7494f,0.658f,-1.3437f,0.068f,0.6621f,-0.7463f,-0.1406f,0f,0f,0f,1f],start_interpolation: 0,interpolation_duration: 1}
$data merge entity $(bone_bone27) {transformation: [-0.7658f,0.0017f,0.6431f,0.2276f,0.2205f,0.9401f,0.2601f,-1.6035f,-0.6041f,0.341f,-0.7203f,-0.3097f,0f,0f,0f,1f],start_interpolation: 0,interpolation_duration: 1}
$data merge entity $(bone_bone26) {transformation: [-0.6905f,-0.1284f,0.7118f,0.1875f,0.3167f,0.8311f,0.4572f,-1.3437f,-0.6503f,0.5411f,-0.5332f,-0.1406f,0f,0f,0f,1f],start_interpolation: 0,interpolation_duration: 1}
$data merge entity $(bone_bone30) {transformation: [-0.9745f,-0.2244f,0f,0.3378f,-0.2244f,0.9745f,0f,-1.6478f,0f,0f,-1f,0.0625f,0f,0f,0f,1f],start_interpolation: 0,interpolation_duration: 1}
$data merge entity $(bone_bone29) {transformation: [-0.9729f,-0.2311f,0f,0.2656f,-0.2311f,0.9729f,0f,-1.3437f,0f,0f,-1f,0.0625f,0f,0f,0f,1f],start_interpolation: 0,interpolation_duration: 1}
$data merge entity $(bone_bone33) {transformation: [-0.7976f,-0.4453f,0.4068f,0.4359f,-0.1709f,0.8137f,0.5555f,-1.6024f,-0.5784f,0.3736f,-0.7252f,-0.1041f,0f,0f,0f,1f],start_interpolation: 0,interpolation_duration: 1}
$data merge entity $(bone_bone32) {transformation: [-0.8086f,-0.545f,0.2217f,0.2656f,-0.4769f,0.8278f,0.2954f,-1.3437f,-0.3445f,0.1332f,-0.9293f,-0.0625f,0f,0f,0f,1f],start_interpolation: 0,interpolation_duration: 1}
$data merge entity $(bone_bone36) {transformation: [-0.7276f,0.2189f,-0.6501f,-0.3493f,0.5307f,0.7802f,-0.3313f,-1.6403f,0.4347f,-0.586f,-0.6838f,0.1148f,0f,0f,0f,1f],start_interpolation: 0,interpolation_duration: 1}
$data merge entity $(bone_bone35) {transformation: [-0.9313f,0.2679f,-0.2469f,-0.2656f,0.2995f,0.9488f,-0.1003f,-1.3437f,0.2074f,-0.1673f,-0.9638f,0.0625f,0f,0f,0f,1f],start_interpolation: 0,interpolation_duration: 1}
$data merge entity $(bone_bone39) {transformation: [-0.8174f,0.4227f,0.3915f,-0.3534f,0.447f,0.894f,-0.0319f,-1.6364f,-0.3635f,0.1489f,-0.9196f,-0.1281f,0f,0f,0f,1f],start_interpolation: 0,interpolation_duration: 1}
$data merge entity $(bone_bone38) {transformation: [-0.9477f,0.2809f,0.1512f,-0.2656f,0.3052f,0.9365f,0.1729f,-1.3437f,-0.093f,0.21f,-0.9733f,-0.0625f,0f,0f,0f,1f],start_interpolation: 0,interpolation_duration: 1}
$data merge entity $(bone_bone45) {transformation: [-0.9083f,0.3987f,0.1267f,-0.4976f,0.4099f,0.7879f,0.4596f,-0.8623f,0.0834f,0.4693f,-0.8791f,-0.2317f,0f,0f,0f,1f],start_interpolation: 0,interpolation_duration: 1}
$data merge entity $(bone_bone44) {transformation: [-0.9011f,0.3766f,0.2149f,-0.3799f,0.4195f,0.8826f,0.2123f,-0.5865f,-0.1097f,0.2815f,-0.9533f,-0.1438f,0f,0f,0f,1f],start_interpolation: 0,interpolation_duration: 1}
$data merge entity $(bone_bone48) {transformation: [-0.9704f,0.0826f,-0.227f,-0.6525f,0.0534f,0.9898f,0.1319f,-1.1597f,0.2355f,0.1158f,-0.9649f,0.0765f,0f,0f,0f,1f],start_interpolation: 0,interpolation_duration: 1}
$data merge entity $(bone_bone47) {transformation: [-0.8036f,0.4074f,-0.4339f,-0.4998f,0.4443f,0.8957f,0.0182f,-0.8238f,0.396f,-0.1782f,-0.9008f,0.0097f,0f,0f,0f,1f],start_interpolation: 0,interpolation_duration: 1}
$data merge entity $(bone_3) {transformation: [-0.948f,0.2028f,-0.2454f,-0.3411f,0.1854f,0.9783f,0.0924f,-0.7276f,0.2588f,0.0421f,-0.965f,-0.0214f,0f,0f,0f,1f],start_interpolation: 0,interpolation_duration: 1}
$data merge entity $(bone_4) {transformation: [-0.948f,0.1449f,-0.2835f,-0.446f,0.1854f,0.9751f,-0.1215f,-0.9362f,0.2588f,-0.1677f,-0.9513f,-0.0147f,0f,0f,0f,1f],start_interpolation: 0,interpolation_duration: 1}
$data merge entity $(bone_bone42) {transformation: [-0.9656f,0.0298f,-0.2583f,0.3418f,0.0508f,0.9959f,-0.0752f,-0.871f,0.255f,-0.0857f,-0.9631f,-0.2777f,0f,0f,0f,1f],start_interpolation: 0,interpolation_duration: 1}
$data merge entity $(bone_bone41) {transformation: [-0.8676f,0.0631f,-0.4932f,0.3616f,-0.1634f,0.9006f,0.4027f,-0.5896f,0.4696f,0.43f,-0.7711f,-0.1434f,0f,0f,0f,1f],start_interpolation: 0,interpolation_duration: 1}
$data merge entity $(bone_bone51) {transformation: [-0.9913f,-0.1316f,0.0055f,0.649f,-0.1305f,0.9869f,0.0947f,-1.168f,-0.0179f,0.0932f,-0.9955f,-0.022f,0f,0f,0f,1f],start_interpolation: 0,interpolation_duration: 1}
$data merge entity $(bone_bone50) {transformation: [-0.9059f,-0.4236f,-0.0016f,0.4902f,-0.4228f,0.9041f,0.0623f,-0.829f,-0.0249f,0.0571f,-0.9981f,-0.0006f,0f,0f,0f,1f],start_interpolation: 0,interpolation_duration: 1}
$data merge entity $(bone_1) {transformation: [-0.9804f,-0.1544f,0.1225f,0.333f,-0.1476f,0.9871f,0.0625f,-0.7264f,-0.1305f,0.0432f,-0.9905f,-0.0136f,0f,0f,0f,1f],start_interpolation: 0,interpolation_duration: 1}
$data merge entity $(bone_2) {transformation: [-0.9804f,-0.1174f,0.1582f,0.3974f,-0.1476f,0.9696f,-0.1951f,-0.9377f,-0.1305f,-0.2146f,-0.9679f,-0.0189f,0f,0f,0f,1f],start_interpolation: 0,interpolation_duration: 1}
$data merge entity $(bone_7) {transformation: [-0.9976f,0.0685f,-0.0043f,-0.1317f,0.0687f,0.9957f,-0.062f,-1.533f,0f,-0.0621f,-0.9981f,0.0117f,0f,0f,0f,1f],start_interpolation: 0,interpolation_duration: 1}
$data merge entity $(bone_8) {transformation: [-0.9976f,0.0639f,0.0251f,-0.1413f,0.0687f,0.9286f,0.3646f,-1.6723f,0f,0.3655f,-0.9308f,0.0329f,0f,0f,0f,1f],start_interpolation: 0,interpolation_duration: 1}
$data merge entity $(bone_5) {transformation: [-0.9976f,-0.0686f,-0.0017f,0.1188f,-0.0687f,0.9973f,0.025f,-1.3463f,0f,0.0251f,-0.9997f,0f,0f,0f,0f,1f],start_interpolation: 0,interpolation_duration: 1}
$data merge entity $(bone_6) {transformation: [-0.9976f,-0.0659f,-0.0194f,0.142f,-0.0687f,0.9569f,0.2823f,-1.6831f,0f,0.283f,-0.9591f,-0.0022f,0f,0f,0f,1f],start_interpolation: 0,interpolation_duration: 1}