# This file was generated by Animated Java via MC-Build. It is not recommended to edit this file directly.
$data merge entity $(bone_bone54) {transformation: [-0.9515f,0.2363f,0.1969f,-0.1615f,0.2588f,0.961f,0.0972f,1.2406f,-0.1662f,0.1435f,-0.9756f,-0.3176f,0f,0f,0f,1f],start_interpolation: 0,interpolation_duration: 1}
$data merge entity $(bone_bone53) {transformation: [-0.9666f,-0.0088f,-0.2561f,-0.1562f,-0.1307f,0.8765f,0.4634f,1.5f,0.2204f,0.4814f,-0.8483f,-0.1406f,0f,0f,0f,1f],start_interpolation: 0,interpolation_duration: 1}
$data merge entity $(bone_bone57) {transformation: [-0.9949f,-0.0249f,0.0975f,0.1422f,0.0244f,0.8804f,0.4736f,1.1946f,-0.0976f,0.4735f,-0.8754f,-0.2124f,0f,0f,0f,1f],start_interpolation: 0,interpolation_duration: 1}
$data merge entity $(bone_bone56) {transformation: [-0.9664f,0.0696f,0.2473f,0.1563f,0.1f,0.9886f,0.1126f,1.5f,-0.2367f,0.1335f,-0.9624f,-0.1406f,0f,0f,0f,1f],start_interpolation: 0,interpolation_duration: 1}
$data merge entity $(bone_bone5) {transformation: [-0.9018f,0.2316f,0.3648f,-0.212f,0.0675f,0.9094f,-0.4104f,0.4419f,-0.4268f,-0.3455f,-0.8358f,0.1684f,0f,0f,0f,1f],start_interpolation: 0,interpolation_duration: 1}
$data merge entity $(bone_bone2) {transformation: [-0.9018f,0.1568f,0.4026f,-0.1875f,0.0675f,0.9715f,-0.2271f,0.5938f,-0.4268f,-0.1776f,-0.8867f,0.1406f,0f,0f,0f,1f],start_interpolation: 0,interpolation_duration: 1}
$data merge entity $(bone_bone9) {transformation: [-0.9584f,0.0394f,0.2828f,-0.0975f,0.0044f,0.9924f,-0.1232f,0.4608f,-0.2855f,-0.1169f,-0.9512f,0.2538f,0f,0f,0f,1f],start_interpolation: 0,interpolation_duration: 1}
$data merge entity $(bone_bone8) {transformation: [-0.9584f,0.1121f,0.2626f,-0.0625f,0.0044f,0.9254f,-0.379f,0.75f,-0.2855f,-0.3621f,-0.8874f,0.1406f,0f,0f,0f,1f],start_interpolation: 0,interpolation_duration: 1}
$data merge entity $(bone_bone12) {transformation: [-0.9503f,-0.0617f,-0.3051f,0.0623f,0.073f,0.9086f,-0.4111f,0.4461f,0.3026f,-0.413f,-0.859f,0.1977f,0f,0f,0f,1f],start_interpolation: 0,interpolation_duration: 1}
$data merge entity $(bone_bone11) {transformation: [-0.9503f,0.0006f,-0.3112f,0.0625f,0.073f,0.9726f,-0.2209f,0.75f,0.3026f,-0.2327f,-0.9243f,0.125f,0f,0f,0f,1f],start_interpolation: 0,interpolation_duration: 1}
$data merge entity $(bone_bone15) {transformation: [-0.9364f,-0.106f,-0.3346f,0.2501f,-0.1063f,0.9942f,-0.0174f,0.4548f,0.3345f,0.0193f,-0.9422f,0.2063f,0f,0f,0f,1f],start_interpolation: 0,interpolation_duration: 1}
$data merge entity $(bone_bone14) {transformation: [-0.9364f,-0.2002f,-0.2883f,0.1875f,-0.1063f,0.9446f,-0.3105f,0.75f,0.3345f,-0.2601f,-0.9058f,0.125f,0f,0f,0f,1f],start_interpolation: 0,interpolation_duration: 1}
$data merge entity $(bone_bone18) {transformation: [-0.9478f,-0.0128f,-0.3187f,-0.3052f,-0.0666f,0.9851f,0.1585f,0.4665f,0.3119f,0.1715f,-0.9345f,-0.1989f,0f,0f,0f,1f],start_interpolation: 0,interpolation_duration: 1}
$data merge entity $(bone_bone17) {transformation: [-0.7929f,0.3767f,-0.479f,-0.1875f,0.2116f,0.9074f,0.3632f,0.75f,0.5714f,0.1866f,-0.7992f,-0.1406f,0f,0f,0f,1f],start_interpolation: 0,interpolation_duration: 1}
$data merge entity $(bone_bone21) {transformation: [-0.9122f,0.0996f,0.3974f,-0.1222f,0.3411f,0.7221f,0.6018f,0.4797f,-0.2271f,0.6845f,-0.6927f,-0.2857f,0f,0f,0f,1f],start_interpolation: 0,interpolation_duration: 1}
$data merge entity $(bone_bone20) {transformation: [-0.9776f,0.1911f,0.0886f,-0.0625f,0.2104f,0.8649f,0.4558f,0.75f,0.0105f,0.4642f,-0.8856f,-0.1406f,0f,0f,0f,1f],start_interpolation: 0,interpolation_duration: 1}
$data merge entity $(bone_bone24) {transformation: [-0.9996f,0.0057f,-0.0271f,0.065f,0.0002f,0.9804f,0.1972f,0.5173f,0.0277f,0.1971f,-0.98f,-0.3492f,0f,0f,0f,1f],start_interpolation: 0,interpolation_duration: 1}
$data merge entity $(bone_bone23) {transformation: [-0.9952f,-0.008f,-0.0973f,0.0625f,-0.0709f,0.7446f,0.6637f,0.75f,0.0671f,0.6674f,-0.7417f,-0.1406f,0f,0f,0f,1f],start_interpolation: 0,interpolation_duration: 1}
$data merge entity $(bone_bone27) {transformation: [-0.7736f,0.0031f,0.6337f,0.2299f,0.2096f,0.9449f,0.2513f,0.4911f,-0.598f,0.3272f,-0.7316f,-0.3104f,0f,0f,0f,1f],start_interpolation: 0,interpolation_duration: 1}
$data merge entity $(bone_bone26) {transformation: [-0.7005f,-0.1358f,0.7006f,0.1875f,0.3074f,0.8286f,0.4679f,0.75f,-0.6441f,0.5431f,-0.5386f,-0.1406f,0f,0f,0f,1f],start_interpolation: 0,interpolation_duration: 1}
$data merge entity $(bone_bone30) {transformation: [-0.9781f,-0.2082f,0f,0.3414f,-0.2082f,0.9781f,0f,0.4468f,0f,0f,-1f,0.0625f,0f,0f,0f,1f],start_interpolation: 0,interpolation_duration: 1}
$data merge entity $(bone_bone29) {transformation: [-0.9702f,-0.2425f,0f,0.2656f,-0.2425f,0.9702f,0f,0.75f,0f,0f,-1f,0.0625f,0f,0f,0f,1f],start_interpolation: 0,interpolation_duration: 1}
$data merge entity $(bone_bone33) {transformation: [-0.8118f,-0.4285f,0.3968f,0.4379f,-0.1698f,0.8233f,0.5416f,0.4926f,-0.5587f,0.3723f,-0.7411f,-0.1042f,0f,0f,0f,1f],start_interpolation: 0,interpolation_duration: 1}
$data merge entity $(bone_bone32) {transformation: [-0.8049f,-0.5512f,0.2198f,0.2656f,-0.4828f,0.8237f,0.2974f,0.75f,-0.345f,0.1333f,-0.9291f,-0.0625f,0f,0f,0f,1f],start_interpolation: 0,interpolation_duration: 1}
$data merge entity $(bone_bone36) {transformation: [-0.7363f,0.2186f,-0.6404f,-0.3516f,0.5229f,0.7844f,-0.3335f,0.4545f,0.4295f,-0.5804f,-0.6918f,0.1167f,0f,0f,0f,1f],start_interpolation: 0,interpolation_duration: 1}
$data merge entity $(bone_bone35) {transformation: [-0.9272f,0.2752f,-0.254f,-0.2656f,0.3088f,0.9456f,-0.1026f,0.75f,0.2119f,-0.1735f,-0.9618f,0.0625f,0f,0f,0f,1f],start_interpolation: 0,interpolation_duration: 1}
$data merge entity $(bone_bone39) {transformation: [-0.8113f,0.4441f,0.3802f,-0.3542f,0.4661f,0.8839f,-0.0377f,0.4585f,-0.3528f,0.1466f,-0.9241f,-0.132f,0f,0f,0f,1f],start_interpolation: 0,interpolation_duration: 1}
$data merge entity $(bone_bone38) {transformation: [-0.9466f,0.2836f,0.1536f,-0.2656f,0.3094f,0.9328f,0.1847f,0.75f,-0.0909f,0.2224f,-0.9707f,-0.0625f,0f,0f,0f,1f],start_interpolation: 0,interpolation_duration: 1}
$data merge entity $(bone_bone45) {transformation: [-0.9062f,0.4059f,0.1188f,-0.4924f,0.4137f,0.792f,0.449f,1.2294f,0.0882f,0.456f,-0.8856f,-0.2322f,0f,0f,0f,1f],start_interpolation: 0,interpolation_duration: 1}
$data merge entity $(bone_bone44) {transformation: [-0.91f,0.36f,0.2057f,-0.3799f,0.4014f,0.8891f,0.2201f,1.5072f,-0.1036f,0.2828f,-0.9536f,-0.1438f,0f,0f,0f,1f],start_interpolation: 0,interpolation_duration: 1}
$data merge entity $(bone_bone48) {transformation: [-0.9725f,0.094f,-0.2132f,-0.6496f,0.0701f,0.9906f,0.1172f,0.9325f,0.2222f,0.099f,-0.97f,0.0758f,0f,0f,0f,1f],start_interpolation: 0,interpolation_duration: 1}
$data merge entity $(bone_bone47) {transformation: [-0.8064f,0.4006f,-0.435f,-0.4994f,0.4374f,0.8991f,0.0172f,1.2697f,0.398f,-0.1763f,-0.9003f,0.0097f,0f,0f,0f,1f],start_interpolation: 0,interpolation_duration: 1}
$data merge entity $(bone_3) {transformation: [-0.9483f,0.2012f,-0.2455f,-0.3409f,0.1838f,0.9786f,0.092f,1.3662f,0.2588f,0.0421f,-0.965f,-0.0214f,0f,0f,0f,1f],start_interpolation: 0,interpolation_duration: 1}
$data merge entity $(bone_4) {transformation: [-0.9483f,0.1433f,-0.2833f,-0.4454f,0.1838f,0.9754f,-0.122f,1.1575f,0.2588f,-0.1677f,-0.9513f,-0.0147f,0f,0f,0f,1f],start_interpolation: 0,interpolation_duration: 1}
$data merge entity $(bone_bone42) {transformation: [-0.9708f,0.0255f,-0.2384f,0.3454f,0.0402f,0.9976f,-0.0569f,1.2218f,0.2363f,-0.0648f,-0.9695f,-0.2761f,0f,0f,0f,1f],start_interpolation: 0,interpolation_duration: 1}
$data merge entity $(bone_bone41) {transformation: [-0.875f,0.0517f,-0.4813f,0.3616f,-0.164f,0.9038f,0.3953f,1.5042f,0.4554f,0.4248f,-0.7824f,-0.1434f,0f,0f,0f,1f],start_interpolation: 0,interpolation_duration: 1}
$data merge entity $(bone_bone51) {transformation: [-0.99f,-0.14f,0.0199f,0.6488f,-0.1368f,0.9841f,0.1135f,0.9255f,-0.0355f,0.1096f,-0.9933f,-0.0193f,0f,0f,0f,1f],start_interpolation: 0,interpolation_duration: 1}
$data merge entity $(bone_bone50) {transformation: [-0.9056f,-0.4241f,0.0081f,0.4898f,-0.4229f,0.9043f,0.059f,1.2646f,-0.0324f,0.0499f,-0.9982f,-0.0006f,0f,0f,0f,1f],start_interpolation: 0,interpolation_duration: 1}
$data merge entity $(bone_1) {transformation: [-0.9806f,-0.1528f,0.1226f,0.3328f,-0.146f,0.9873f,0.0624f,1.3675f,-0.1305f,0.0432f,-0.9905f,-0.0136f,0f,0f,0f,1f],start_interpolation: 0,interpolation_duration: 1}
$data merge entity $(bone_2) {transformation: [-0.9806f,-0.1159f,0.1579f,0.3969f,-0.146f,0.9698f,-0.1953f,1.156f,-0.1305f,-0.2146f,-0.9679f,-0.0189f,0f,0f,0f,1f],start_interpolation: 0,interpolation_duration: 1}
$data merge entity $(bone_7) {transformation: [-0.9975f,0.0701f,-0.0043f,-0.132f,0.0703f,0.9957f,-0.0604f,0.5607f,0f,-0.0605f,-0.9982f,0.0114f,0f,0f,0f,1f],start_interpolation: 0,interpolation_duration: 1}
$data merge entity $(bone_8) {transformation: [-0.9975f,0.0654f,0.0258f,-0.1418f,0.0703f,0.9279f,0.3661f,0.4214f,0f,0.367f,-0.9302f,0.0323f,0f,0f,0f,1f],start_interpolation: 0,interpolation_duration: 1}
$data merge entity $(bone_5) {transformation: [-0.9975f,-0.0702f,-0.0019f,0.1188f,-0.0703f,0.9972f,0.0266f,0.7474f,0f,0.0267f,-0.9996f,0f,0f,0f,0f,1f],start_interpolation: 0,interpolation_duration: 1}
$data merge entity $(bone_6) {transformation: [-0.9975f,-0.0674f,-0.02f,0.1426f,-0.0703f,0.9563f,0.2838f,0.4107f,0f,0.2845f,-0.9587f,-0.0028f,0f,0f,0f,1f],start_interpolation: 0,interpolation_duration: 1}