# This file was generated by Animated Java via MC-Build. It is not recommended to edit this file directly.
$data merge entity $(bone_bone54) {transformation: [-0.952f,0.235f,0.196f,-0.1641f,0.2616f,0.9572f,0.1234f,-0.8539f,-0.1586f,0.1687f,-0.9728f,-0.3163f,0f,0f,0f,1f],start_interpolation: 0,interpolation_duration: 1}
$data merge entity $(bone_bone53) {transformation: [-0.9692f,0.0004f,-0.2464f,-0.1562f,-0.1172f,0.8789f,0.4624f,-0.5937f,0.2167f,0.477f,-0.8517f,-0.1406f,0f,0f,0f,1f],start_interpolation: 0,interpolation_duration: 1}
$data merge entity $(bone_bone57) {transformation: [-0.9942f,-0.0268f,0.1044f,0.1423f,0.024f,0.8894f,0.4565f,-0.8991f,-0.1051f,0.4563f,-0.8836f,-0.2126f,0f,0f,0f,1f],start_interpolation: 0,interpolation_duration: 1}
$data merge entity $(bone_bone56) {transformation: [-0.9641f,0.0703f,0.256f,0.1563f,0.1018f,0.9885f,0.1121f,-0.5937f,-0.2452f,0.1341f,-0.9602f,-0.1406f,0f,0f,0f,1f],start_interpolation: 0,interpolation_duration: 1}
$data merge entity $(bone_bone5) {transformation: [-0.9065f,0.2277f,0.3555f,-0.2127f,0.0739f,0.9147f,-0.3973f,-1.6516f,-0.4156f,-0.3339f,-0.846f,0.1687f,0f,0f,0f,1f],start_interpolation: 0,interpolation_duration: 1}
$data merge entity $(bone_bone2) {transformation: [-0.9065f,0.1614f,0.3901f,-0.1875f,0.0739f,0.9704f,-0.2298f,-1.5f,-0.4156f,-0.1795f,-0.8916f,0.1406f,0f,0f,0f,1f],start_interpolation: 0,interpolation_duration: 1}
$data merge entity $(bone_bone9) {transformation: [-0.9615f,0.0324f,0.2728f,-0.096f,0.0046f,0.9948f,-0.1017f,-1.6334f,-0.2746f,-0.0965f,-0.9567f,0.2531f,0f,0f,0f,1f],start_interpolation: 0,interpolation_duration: 1}
$data merge entity $(bone_bone8) {transformation: [-0.9615f,0.1073f,0.2529f,-0.0625f,0.0046f,0.9268f,-0.3755f,-1.3437f,-0.2746f,-0.3599f,-0.8917f,0.1406f,0f,0f,0f,1f],start_interpolation: 0,interpolation_duration: 1}
$data merge entity $(bone_bone12) {transformation: [-0.955f,-0.0561f,-0.2911f,0.064f,0.0661f,0.9169f,-0.3936f,-1.6473f,0.289f,-0.3952f,-0.872f,0.1994f,0f,0f,0f,1f],start_interpolation: 0,interpolation_duration: 1}
$data merge entity $(bone_bone11) {transformation: [-0.955f,-0.0048f,-0.2965f,0.0625f,0.0661f,0.9712f,-0.2288f,-1.3437f,0.289f,-0.2381f,-0.9272f,0.125f,0f,0f,0f,1f],start_interpolation: 0,interpolation_duration: 1}
$data merge entity $(bone_bone15) {transformation: [-0.9379f,-0.1092f,-0.3292f,0.2502f,-0.1092f,0.9938f,-0.0186f,-1.6391f,0.3292f,0.0185f,-0.9441f,0.2056f,0f,0f,0f,1f],start_interpolation: 0,interpolation_duration: 1}
$data merge entity $(bone_bone14) {transformation: [-0.9379f,-0.2006f,-0.2829f,0.1875f,-0.1092f,0.9451f,-0.3081f,-1.3437f,0.3292f,-0.2581f,-0.9083f,0.125f,0f,0f,0f,1f],start_interpolation: 0,interpolation_duration: 1}
$data merge entity $(bone_bone18) {transformation: [-0.9448f,0.0124f,-0.3275f,-0.3035f,-0.0505f,0.9818f,0.1829f,-1.6277f,0.3239f,0.1893f,-0.927f,-0.2004f,0f,0f,0f,1f],start_interpolation: 0,interpolation_duration: 1}
$data merge entity $(bone_bone17) {transformation: [-0.8013f,0.3714f,-0.469f,-0.1875f,0.2096f,0.9086f,0.3613f,-1.3437f,0.5603f,0.1912f,-0.8059f,-0.1406f,0f,0f,0f,1f],start_interpolation: 0,interpolation_duration: 1}
$data merge entity $(bone_bone21) {transformation: [-0.9219f,0.0925f,0.3761f,-0.1203f,0.3217f,0.7237f,0.6105f,-1.6142f,-0.2157f,0.6839f,-0.697f,-0.2862f,0f,0f,0f,1f],start_interpolation: 0,interpolation_duration: 1}
$data merge entity $(bone_bone20) {transformation: [-0.9809f,0.185f,0.0599f,-0.0625f,0.1915f,0.8653f,0.4631f,-1.3437f,0.0338f,0.4658f,-0.8843f,-0.1406f,0f,0f,0f,1f],start_interpolation: 0,interpolation_duration: 1}
$data merge entity $(bone_bone24) {transformation: [-0.9996f,0.0144f,-0.0254f,0.0644f,0.0089f,0.9791f,0.203f,-1.575f,0.0278f,0.2026f,-0.9789f,-0.3508f,0f,0f,0f,1f],start_interpolation: 0,interpolation_duration: 1}
$data merge entity $(bone_bone23) {transformation: [-0.9957f,-0.0062f,-0.0924f,0.0625f,-0.0667f,0.7401f,0.6691f,-1.3437f,0.0643f,0.6724f,-0.7374f,-0.1406f,0f,0f,0f,1f],start_interpolation: 0,interpolation_duration: 1}
$data merge entity $(bone_bone27) {transformation: [-0.7837f,0.003f,0.6211f,0.2322f,0.1957f,0.9503f,0.2423f,-1.6021f,-0.5895f,0.3114f,-0.7453f,-0.3107f,0f,0f,0f,1f],start_interpolation: 0,interpolation_duration: 1}
$data merge entity $(bone_bone26) {transformation: [-0.7133f,-0.143f,0.6861f,0.1875f,0.2952f,0.8266f,0.4791f,-1.3437f,-0.6356f,0.5443f,-0.5475f,-0.1406f,0f,0f,0f,1f],start_interpolation: 0,interpolation_duration: 1}
$data merge entity $(bone_bone30) {transformation: [-0.9812f,-0.1929f,0f,0.3457f,-0.1929f,0.9812f,0f,-1.6458f,0f,0f,-1f,0.0625f,0f,0f,0f,1f],start_interpolation: 0,interpolation_duration: 1}
$data merge entity $(bone_bone29) {transformation: [-0.9666f,-0.2561f,0f,0.2656f,-0.2561f,0.9666f,0f,-1.3437f,0f,0f,-1f,0.0625f,0f,0f,0f,1f],start_interpolation: 0,interpolation_duration: 1}
$data merge entity $(bone_bone33) {transformation: [-0.8293f,-0.4064f,0.3836f,0.4398f,-0.1679f,0.8359f,0.5226f,-1.5999f,-0.533f,0.369f,-0.7614f,-0.104f,0f,0f,0f,1f],start_interpolation: 0,interpolation_duration: 1}
$data merge entity $(bone_bone32) {transformation: [-0.8015f,-0.5572f,0.2169f,0.2656f,-0.4892f,0.8197f,0.2981f,-1.3437f,-0.3439f,0.1328f,-0.9295f,-0.0625f,0f,0f,0f,1f],start_interpolation: 0,interpolation_duration: 1}
$data merge entity $(bone_bone36) {transformation: [-0.7472f,0.2189f,-0.6275f,-0.354f,0.5132f,0.79f,-0.3355f,-1.6382f,0.4223f,-0.5727f,-0.7026f,0.1189f,0f,0f,0f,1f],start_interpolation: 0,interpolation_duration: 1}
$data merge entity $(bone_bone35) {transformation: [-0.9231f,0.2827f,-0.2607f,-0.2656f,0.3183f,0.9421f,-0.1055f,-1.3437f,0.2157f,-0.1804f,-0.9596f,0.0625f,0f,0f,0f,1f],start_interpolation: 0,interpolation_duration: 1}
$data merge entity $(bone_bone39) {transformation: [-0.8058f,0.464f,0.3678f,-0.3551f,0.4839f,0.8741f,-0.0426f,-1.6341f,-0.3413f,0.1436f,-0.9289f,-0.1355f,0f,0f,0f,1f],start_interpolation: 0,interpolation_duration: 1}
$data merge entity $(bone_bone38) {transformation: [-0.9453f,0.2862f,0.1564f,-0.2656f,0.3136f,0.9293f,0.1952f,-1.3437f,-0.0895f,0.2336f,-0.9682f,-0.0625f,0f,0f,0f,1f],start_interpolation: 0,interpolation_duration: 1}
$data merge entity $(bone_bone45) {transformation: [-0.9048f,0.4122f,0.1074f,-0.4863f,0.4154f,0.7984f,0.4358f,-0.8667f,0.0939f,0.4389f,-0.8936f,-0.2325f,0f,0f,0f,1f],start_interpolation: 0,interpolation_duration: 1}
$data merge entity $(bone_bone44) {transformation: [-0.9201f,0.3403f,0.1937f,-0.3799f,0.3796f,0.8965f,0.2284f,-0.5866f,-0.0959f,0.2837f,-0.9541f,-0.1438f,0f,0f,0f,1f],start_interpolation: 0,interpolation_duration: 1}
$data merge entity $(bone_bone48) {transformation: [-0.9737f,0.1082f,-0.2007f,-0.6462f,0.0901f,0.9912f,0.0975f,-1.163f,0.2094f,0.0768f,-0.9748f,0.0748f,0f,0f,0f,1f],start_interpolation: 0,interpolation_duration: 1}
$data merge entity $(bone_bone47) {transformation: [-0.8104f,0.3924f,-0.4351f,-0.499f,0.4287f,0.9033f,0.0161f,-0.8242f,0.3993f,-0.1735f,-0.9002f,0.0097f,0f,0f,0f,1f],start_interpolation: 0,interpolation_duration: 1}
$data merge entity $(bone_3) {transformation: [-0.9486f,0.1997f,-0.2457f,-0.3407f,0.1823f,0.979f,0.0916f,-0.7275f,0.2588f,0.0421f,-0.965f,-0.0214f,0f,0f,0f,1f],start_interpolation: 0,interpolation_duration: 1}
$data merge entity $(bone_4) {transformation: [-0.9486f,0.1417f,-0.2831f,-0.4449f,0.1823f,0.9756f,-0.1224f,-0.9364f,0.2588f,-0.1677f,-0.9513f,-0.0147f,0f,0f,0f,1f],start_interpolation: 0,interpolation_duration: 1}
$data merge entity $(bone_bone42) {transformation: [-0.9765f,0.0184f,-0.2147f,0.3504f,0.0259f,0.9992f,-0.032f,-0.8732f,0.2139f,-0.0368f,-0.9762f,-0.2741f,0f,0f,0f,1f],start_interpolation: 0,interpolation_duration: 1}
$data merge entity $(bone_bone41) {transformation: [-0.8853f,0.0359f,-0.4636f,0.3616f,-0.1653f,0.9076f,0.3859f,-0.5895f,0.4346f,0.4182f,-0.7976f,-0.1434f,0f,0f,0f,1f],start_interpolation: 0,interpolation_duration: 1}
$data merge entity $(bone_bone51) {transformation: [-0.9876f,-0.1525f,0.0384f,0.6483f,-0.1461f,0.98f,0.1354f,-1.1687f,-0.0583f,0.1281f,-0.99f,-0.016f,0f,0f,0f,1f],start_interpolation: 0,interpolation_duration: 1}
$data merge entity $(bone_bone50) {transformation: [-0.9056f,-0.4237f,0.0219f,0.4894f,-0.422f,0.9049f,0.0556f,-0.8293f,-0.0434f,0.0411f,-0.9982f,-0.0006f,0f,0f,0f,1f],start_interpolation: 0,interpolation_duration: 1}
$data merge entity $(bone_1) {transformation: [-0.9809f,-0.1512f,0.1227f,0.3326f,-0.1445f,0.9876f,0.0622f,-0.7262f,-0.1305f,0.0432f,-0.9905f,-0.0136f,0f,0f,0f,1f],start_interpolation: 0,interpolation_duration: 1}
$data merge entity $(bone_2) {transformation: [-0.9809f,-0.1143f,0.1576f,0.3963f,-0.1445f,0.97f,-0.1956f,-0.9377f,-0.1305f,-0.2146f,-0.9679f,-0.0189f,0f,0f,0f,1f],start_interpolation: 0,interpolation_duration: 1}
$data merge entity $(bone_7) {transformation: [-0.9974f,0.0717f,-0.0042f,-0.1323f,0.0718f,0.9957f,-0.0588f,-1.5331f,0f,-0.059f,-0.9983f,0.0111f,0f,0f,0f,1f],start_interpolation: 0,interpolation_duration: 1}
$data merge entity $(bone_8) {transformation: [-0.9974f,0.0668f,0.0265f,-0.1423f,0.0718f,0.9272f,0.3675f,-1.6724f,0f,0.3684f,-0.9296f,0.0318f,0f,0f,0f,1f],start_interpolation: 0,interpolation_duration: 1}
$data merge entity $(bone_5) {transformation: [-0.9974f,-0.0718f,-0.002f,0.1188f,-0.0718f,0.997f,0.0282f,-1.3464f,0f,0.0283f,-0.9996f,0f,0f,0f,0f,1f],start_interpolation: 0,interpolation_duration: 1}
$data merge entity $(bone_6) {transformation: [-0.9974f,-0.0688f,-0.0205f,0.1431f,-0.0718f,0.9557f,0.2853f,-1.6831f,0f,0.286f,-0.9582f,-0.0033f,0f,0f,0f,1f],start_interpolation: 0,interpolation_duration: 1}