# This file was generated by Animated Java via MC-Build. It is not recommended to edit this file directly.
$data merge entity $(bone_bone54) {transformation: [-0.9527f,0.2338f,0.194f,-0.167f,0.2646f,0.9523f,0.1518f,-0.8549f,-0.1492f,0.196f,-0.9692f,-0.3147f,0f,0f,0f,1f],start_interpolation: 0,interpolation_duration: 1}
$data merge entity $(bone_bone53) {transformation: [-0.9718f,0.011f,-0.2354f,-0.1562f,-0.1015f,0.8819f,0.4605f,-0.5937f,0.2127f,0.4714f,-0.8559f,-0.1406f,0f,0f,0f,1f],start_interpolation: 0,interpolation_duration: 1}
$data merge entity $(bone_bone57) {transformation: [-0.9931f,-0.0292f,0.1133f,0.1424f,0.0235f,0.8991f,0.4371f,-0.8991f,-0.1146f,0.4368f,-0.8922f,-0.2127f,0f,0f,0f,1f],start_interpolation: 0,interpolation_duration: 1}
$data merge entity $(bone_bone56) {transformation: [-0.9613f,0.0708f,0.2661f,0.1563f,0.1036f,0.9883f,0.1115f,-0.5937f,-0.2551f,0.1347f,-0.9575f,-0.1406f,0f,0f,0f,1f],start_interpolation: 0,interpolation_duration: 1}
$data merge entity $(bone_bone5) {transformation: [-0.9119f,0.2234f,0.3442f,-0.2136f,0.0817f,0.9208f,-0.3813f,-1.6514f,-0.4021f,-0.3196f,-0.858f,0.169f,0f,0f,0f,1f],start_interpolation: 0,interpolation_duration: 1}
$data merge entity $(bone_bone2) {transformation: [-0.9119f,0.1669f,0.3749f,-0.1875f,0.0817f,0.9691f,-0.2328f,-1.5f,-0.4021f,-0.1817f,-0.8974f,0.1406f,0f,0f,0f,1f],start_interpolation: 0,interpolation_duration: 1}
$data merge entity $(bone_bone9) {transformation: [-0.9652f,0.0244f,0.2604f,-0.0942f,0.0049f,0.9971f,-0.0756f,-1.6339f,-0.2615f,-0.0717f,-0.9626f,0.2522f,0f,0f,0f,1f],start_interpolation: 0,interpolation_duration: 1}
$data merge entity $(bone_bone8) {transformation: [-0.9652f,0.1014f,0.241f,-0.0625f,0.0049f,0.9285f,-0.3713f,-1.3437f,-0.2615f,-0.3572f,-0.8967f,0.1406f,0f,0f,0f,1f],start_interpolation: 0,interpolation_duration: 1}
$data merge entity $(bone_bone12) {transformation: [-0.9604f,-0.0502f,-0.2741f,0.066f,0.0577f,0.9265f,-0.372f,-1.6467f,0.2726f,-0.373f,-0.8869f,0.2014f,0f,0f,0f,1f],start_interpolation: 0,interpolation_duration: 1}
$data merge entity $(bone_bone11) {transformation: [-0.9604f,-0.0112f,-0.2784f,0.0625f,0.0577f,0.9696f,-0.2379f,-1.3437f,0.2726f,-0.2446f,-0.9305f,0.125f,0f,0f,0f,1f],start_interpolation: 0,interpolation_duration: 1}
$data merge entity $(bone_bone15) {transformation: [-0.9398f,-0.1131f,-0.3226f,0.2504f,-0.1127f,0.9934f,-0.0201f,-1.6393f,0.3227f,0.0174f,-0.9463f,0.2049f,0f,0f,0f,1f],start_interpolation: 0,interpolation_duration: 1}
$data merge entity $(bone_bone14) {transformation: [-0.9398f,-0.2011f,-0.2764f,0.1875f,-0.1127f,0.9456f,-0.3051f,-1.3437f,0.3227f,-0.2555f,-0.9113f,0.125f,0f,0f,0f,1f],start_interpolation: 0,interpolation_duration: 1}
$data merge entity $(bone_bone18) {transformation: [-0.941f,0.043f,-0.3355f,-0.3014f,-0.0309f,0.9768f,0.212f,-1.6282f,0.3369f,0.2099f,-0.9179f,-0.2019f,0f,0f,0f,1f],start_interpolation: 0,interpolation_duration: 1}
$data merge entity $(bone_bone17) {transformation: [-0.8108f,0.3645f,-0.458f,-0.1875f,0.2066f,0.9103f,0.3587f,-1.3437f,0.5477f,0.1962f,-0.8133f,-0.1406f,0f,0f,0f,1f],start_interpolation: 0,interpolation_duration: 1}
$data merge entity $(bone_bone21) {transformation: [-0.9329f,0.0855f,0.3499f,-0.1179f,0.2986f,0.7269f,0.6185f,-1.6143f,-0.2015f,0.6814f,-0.7036f,-0.2869f,0f,0f,0f,1f],start_interpolation: 0,interpolation_duration: 1}
$data merge entity $(bone_bone20) {transformation: [-0.9838f,0.1773f,0.026f,-0.0625f,0.1685f,0.8657f,0.4713f,-1.3437f,0.061f,0.468f,-0.8816f,-0.1406f,0f,0f,0f,1f],start_interpolation: 0,interpolation_duration: 1}
$data merge entity $(bone_bone24) {transformation: [-0.9995f,0.0247f,-0.0218f,0.064f,0.0195f,0.9772f,0.2116f,-1.5737f,0.0265f,0.2111f,-0.9771f,-0.3522f,0f,0f,0f,1f],start_interpolation: 0,interpolation_duration: 1}
$data merge entity $(bone_bone23) {transformation: [-0.9963f,-0.0048f,-0.0857f,0.0625f,-0.0615f,0.7359f,0.6742f,-1.3437f,0.0598f,0.677f,-0.7335f,-0.1406f,0f,0f,0f,1f],start_interpolation: 0,interpolation_duration: 1}
$data merge entity $(bone_bone27) {transformation: [-0.7956f,0.0013f,0.6058f,0.2343f,0.179f,0.9559f,0.233f,-1.6016f,-0.5788f,0.2938f,-0.7607f,-0.3108f,0f,0f,0f,1f],start_interpolation: 0,interpolation_duration: 1}
$data merge entity $(bone_bone26) {transformation: [-0.7284f,-0.1499f,0.6685f,0.1875f,0.2802f,0.8253f,0.4903f,-1.3437f,-0.6252f,0.5445f,-0.5592f,-0.1406f,0f,0f,0f,1f],start_interpolation: 0,interpolation_duration: 1}
$data merge entity $(bone_bone30) {transformation: [-0.984f,-0.1783f,0f,0.3505f,-0.1783f,0.984f,0f,-1.6445f,0f,0f,-1f,0.0625f,0f,0f,0f,1f],start_interpolation: 0,interpolation_duration: 1}
$data merge entity $(bone_bone29) {transformation: [-0.9624f,-0.2716f,0f,0.2656f,-0.2716f,0.9624f,0f,-1.3437f,0f,0f,-1f,0.0625f,0f,0f,0f,1f],start_interpolation: 0,interpolation_duration: 1}
$data merge entity $(bone_bone33) {transformation: [-0.8491f,-0.3803f,0.3668f,0.4416f,-0.1653f,0.8506f,0.4992f,-1.5987f,-0.5018f,0.3632f,-0.785f,-0.1037f,0f,0f,0f,1f],start_interpolation: 0,interpolation_duration: 1}
$data merge entity $(bone_bone32) {transformation: [-0.7983f,-0.5632f,0.2133f,0.2656f,-0.496f,0.8158f,0.2976f,-1.3437f,-0.3416f,0.1318f,-0.9306f,-0.0625f,0f,0f,0f,1f],start_interpolation: 0,interpolation_duration: 1}
$data merge entity $(bone_bone36) {transformation: [-0.76f,0.2197f,-0.6117f,-0.3564f,0.5015f,0.7968f,-0.3369f,-1.637f,0.4134f,-0.5628f,-0.7158f,0.1212f,0f,0f,0f,1f],start_interpolation: 0,interpolation_duration: 1}
$data merge entity $(bone_bone35) {transformation: [-0.9189f,0.2903f,-0.2671f,-0.2656f,0.3281f,0.9383f,-0.109f,-1.3437f,0.219f,-0.1878f,-0.9575f,0.0625f,0f,0f,0f,1f],start_interpolation: 0,interpolation_duration: 1}
$data merge entity $(bone_bone39) {transformation: [-0.801f,0.4823f,0.3547f,-0.3559f,0.5f,0.8648f,-0.0467f,-1.6331f,-0.3292f,0.1399f,-0.9338f,-0.1386f,0f,0f,0f,1f],start_interpolation: 0,interpolation_duration: 1}
$data merge entity $(bone_bone38) {transformation: [-0.944f,0.2888f,0.1595f,-0.2656f,0.3178f,0.9259f,0.2043f,-1.3437f,-0.0887f,0.2436f,-0.9658f,-0.0625f,0f,0f,0f,1f],start_interpolation: 0,interpolation_duration: 1}
$data merge entity $(bone_bone45) {transformation: [-0.9041f,0.4171f,0.0927f,-0.4793f,0.4153f,0.8069f,0.4201f,-0.8692f,0.1004f,0.4183f,-0.9027f,-0.2326f,0f,0f,0f,1f],start_interpolation: 0,interpolation_duration: 1}
$data merge entity $(bone_bone44) {transformation: [-0.931f,0.318f,0.1793f,-0.3799f,0.3545f,0.9045f,0.237f,-0.5866f,-0.0868f,0.2842f,-0.9548f,-0.1438f,0f,0f,0f,1f],start_interpolation: 0,interpolation_duration: 1}
$data merge entity $(bone_bone48) {transformation: [-0.9739f,0.125f,-0.1897f,-0.6422f,0.1129f,0.9909f,0.0733f,-1.165f,0.1971f,0.05f,-0.9791f,0.0734f,0f,0f,0f,1f],start_interpolation: 0,interpolation_duration: 1}
$data merge entity $(bone_bone47) {transformation: [-0.8153f,0.3829f,-0.4344f,-0.4987f,0.4186f,0.9081f,0.0147f,-0.8244f,0.4001f,-0.1698f,-0.9006f,0.0097f,0f,0f,0f,1f],start_interpolation: 0,interpolation_duration: 1}
$data merge entity $(bone_3) {transformation: [-0.9488f,0.1981f,-0.2458f,-0.3405f,0.1808f,0.9793f,0.0913f,-0.7275f,0.2588f,0.0421f,-0.965f,-0.0214f,0f,0f,0f,1f],start_interpolation: 0,interpolation_duration: 1}
$data merge entity $(bone_4) {transformation: [-0.9488f,0.1402f,-0.2829f,-0.4443f,0.1808f,0.9758f,-0.1229f,-0.9365f,0.2588f,-0.1677f,-0.9513f,-0.0147f,0f,0f,0f,1f],start_interpolation: 0,interpolation_duration: 1}
$data merge entity $(bone_bone42) {transformation: [-0.9821f,0.0081f,-0.1883f,0.3564f,0.0085f,1f,-0.0013f,-0.8745f,0.1883f,-0.0029f,-0.9821f,-0.2715f,0f,0f,0f,1f],start_interpolation: 0,interpolation_duration: 1}
$data merge entity $(bone_bone41) {transformation: [-0.8977f,0.0165f,-0.4404f,0.3616f,-0.167f,0.9119f,0.3748f,-0.5895f,0.4078f,0.41f,-0.8159f,-0.1434f,0f,0f,0f,1f],start_interpolation: 0,interpolation_duration: 1}
$data merge entity $(bone_bone51) {transformation: [-0.9838f,-0.1691f,0.0599f,0.6474f,-0.1577f,0.9744f,0.16f,-1.1692f,-0.0854f,0.1479f,-0.9853f,-0.0121f,0f,0f,0f,1f],start_interpolation: 0,interpolation_duration: 1}
$data merge entity $(bone_bone50) {transformation: [-0.9056f,-0.4223f,0.0391f,0.4891f,-0.4202f,0.9059f,0.0521f,-0.8295f,-0.0574f,0.0307f,-0.9979f,-0.0006f,0f,0f,0f,1f],start_interpolation: 0,interpolation_duration: 1}
$data merge entity $(bone_1) {transformation: [-0.9811f,-0.1497f,0.1227f,0.3324f,-0.143f,0.9878f,0.062f,-0.7262f,-0.1305f,0.0432f,-0.9905f,-0.0136f,0f,0f,0f,1f],start_interpolation: 0,interpolation_duration: 1}
$data merge entity $(bone_2) {transformation: [-0.9811f,-0.1128f,0.1573f,0.3958f,-0.143f,0.9702f,-0.1958f,-0.9378f,-0.1305f,-0.2146f,-0.9679f,-0.0189f,0f,0f,0f,1f],start_interpolation: 0,interpolation_duration: 1}
$data merge entity $(bone_7) {transformation: [-0.9973f,0.0733f,-0.0042f,-0.1326f,0.0734f,0.9957f,-0.0573f,-1.5332f,0f,-0.0574f,-0.9984f,0.0108f,0f,0f,0f,1f],start_interpolation: 0,interpolation_duration: 1}
$data merge entity $(bone_8) {transformation: [-0.9973f,0.0682f,0.0271f,-0.1428f,0.0734f,0.9266f,0.3689f,-1.6725f,0f,0.3699f,-0.9291f,0.0313f,0f,0f,0f,1f],start_interpolation: 0,interpolation_duration: 1}
$data merge entity $(bone_5) {transformation: [-0.9973f,-0.0734f,-0.0022f,0.1189f,-0.0734f,0.9969f,0.0297f,-1.3465f,0f,0.0298f,-0.9996f,0f,0f,0f,0f,1f],start_interpolation: 0,interpolation_duration: 1}
$data merge entity $(bone_6) {transformation: [-0.9973f,-0.0703f,-0.0211f,0.1436f,-0.0734f,0.9552f,0.2867f,-1.6831f,0f,0.2875f,-0.9578f,-0.0038f,0f,0f,0f,1f],start_interpolation: 0,interpolation_duration: 1}