# This file was generated by Animated Java via MC-Build. It is not recommended to edit this file directly.
$data merge entity $(bone_bone54) {transformation: [-0.9535f,0.233f,0.191f,-0.1704f,0.2677f,0.9461f,0.1821f,-0.8561f,-0.1383f,0.2248f,-0.9645f,-0.3127f,0f,0f,0f,1f],start_interpolation: 0,interpolation_duration: 1}
$data merge entity $(bone_bone53) {transformation: [-0.9744f,0.0229f,-0.2234f,-0.1562f,-0.0841f,0.8852f,0.4575f,-0.5937f,0.2083f,0.4646f,-0.8607f,-0.1406f,0f,0f,0f,1f],start_interpolation: 0,interpolation_duration: 1}
$data merge entity $(bone_bone57) {transformation: [-0.9918f,-0.0316f,0.1238f,0.1427f,0.023f,0.9092f,0.4157f,-0.8991f,-0.1257f,0.4152f,-0.901f,-0.2127f,0f,0f,0f,1f],start_interpolation: 0,interpolation_duration: 1}
$data merge entity $(bone_bone56) {transformation: [-0.9582f,0.0711f,0.2773f,0.1563f,0.1054f,0.9882f,0.1108f,-0.5937f,-0.2662f,0.1353f,-0.9544f,-0.1406f,0f,0f,0f,1f],start_interpolation: 0,interpolation_duration: 1}
$data merge entity $(bone_bone5) {transformation: [-0.9178f,0.2191f,0.3311f,-0.2146f,0.0906f,0.9276f,-0.3625f,-1.6512f,-0.3866f,-0.3027f,-0.8712f,0.1694f,0f,0f,0f,1f],start_interpolation: 0,interpolation_duration: 1}
$data merge entity $(bone_bone2) {transformation: [-0.9178f,0.1731f,0.3573f,-0.1875f,0.0906f,0.9675f,-0.236f,-1.5f,-0.3866f,-0.1842f,-0.9037f,0.1406f,0f,0f,0f,1f],start_interpolation: 0,interpolation_duration: 1}
$data merge entity $(bone_bone9) {transformation: [-0.9692f,0.0162f,0.2458f,-0.0922f,0.0051f,0.9989f,-0.0456f,-1.6345f,-0.2463f,-0.043f,-0.9682f,0.2512f,0f,0f,0f,1f],start_interpolation: 0,interpolation_duration: 1}
$data merge entity $(bone_bone8) {transformation: [-0.9692f,0.0949f,0.2274f,-0.0625f,0.0051f,0.9304f,-0.3664f,-1.3437f,-0.2463f,-0.3539f,-0.9022f,0.1406f,0f,0f,0f,1f],start_interpolation: 0,interpolation_duration: 1}
$data merge entity $(bone_bone12) {transformation: [-0.9661f,-0.0447f,-0.2544f,0.0682f,0.0479f,0.9368f,-0.3465f,-1.6461f,0.2538f,-0.347f,-0.9029f,0.2037f,0f,0f,0f,1f],start_interpolation: 0,interpolation_duration: 1}
$data merge entity $(bone_bone11) {transformation: [-0.9661f,-0.0182f,-0.2576f,0.0625f,0.0479f,0.9676f,-0.248f,-1.3437f,0.2538f,-0.252f,-0.9339f,0.125f,0f,0f,0f,1f],start_interpolation: 0,interpolation_duration: 1}
$data merge entity $(bone_bone15) {transformation: [-0.9418f,-0.1175f,-0.315f,0.2506f,-0.1166f,0.9929f,-0.0218f,-1.6395f,0.3153f,0.0162f,-0.9488f,0.204f,0f,0f,0f,1f],start_interpolation: 0,interpolation_duration: 1}
$data merge entity $(bone_bone14) {transformation: [-0.9418f,-0.2018f,-0.2689f,0.1875f,-0.1166f,0.9463f,-0.3016f,-1.3437f,0.3153f,-0.2526f,-0.9147f,0.125f,0f,0f,0f,1f],start_interpolation: 0,interpolation_duration: 1}
$data merge entity $(bone_bone18) {transformation: [-0.9365f,0.0784f,-0.3418f,-0.2988f,-0.0084f,0.9694f,0.2454f,-1.6289f,0.3505f,0.2327f,-0.9072f,-0.2036f,0f,0f,0f,1f],start_interpolation: 0,interpolation_duration: 1}
$data merge entity $(bone_bone17) {transformation: [-0.8209f,0.3563f,-0.4463f,-0.1875f,0.2026f,0.9124f,0.3556f,-1.3437f,0.5339f,0.2015f,-0.8212f,-0.1406f,0f,0f,0f,1f],start_interpolation: 0,interpolation_duration: 1}
$data merge entity $(bone_bone21) {transformation: [-0.9444f,0.0783f,0.3194f,-0.1151f,0.2721f,0.7316f,0.6251f,-1.6144f,-0.1848f,0.6772f,-0.7122f,-0.2877f,0f,0f,0f,1f],start_interpolation: 0,interpolation_duration: 1}
$data merge entity $(bone_bone20) {transformation: [-0.9856f,0.1684f,-0.0124f,-0.0625f,0.142f,0.866f,0.4794f,-1.3437f,0.0914f,0.4708f,-0.8775f,-0.1406f,0f,0f,0f,1f],start_interpolation: 0,interpolation_duration: 1}
$data merge entity $(bone_bone24) {transformation: [-0.9992f,0.0364f,-0.0165f,0.0637f,0.0318f,0.9743f,0.2229f,-1.5725f,0.0242f,0.2222f,-0.9747f,-0.3535f,0f,0f,0f,1f],start_interpolation: 0,interpolation_duration: 1}
$data merge entity $(bone_bone23) {transformation: [-0.997f,-0.0039f,-0.0772f,0.0625f,-0.0555f,0.732f,0.679f,-1.3437f,0.0539f,0.6812f,-0.7301f,-0.1406f,0f,0f,0f,1f],start_interpolation: 0,interpolation_duration: 1}
$data merge entity $(bone_bone27) {transformation: [-0.8088f,-0.0023f,0.5881f,0.2365f,0.1596f,0.9616f,0.2232f,-1.6014f,-0.5661f,0.2744f,-0.7773f,-0.3105f,0f,0f,0f,1f],start_interpolation: 0,interpolation_duration: 1}
$data merge entity $(bone_bone26) {transformation: [-0.7451f,-0.1568f,0.6482f,0.1875f,0.2625f,0.8246f,0.5012f,-1.3437f,-0.6131f,0.5436f,-0.5733f,-0.1406f,0f,0f,0f,1f],start_interpolation: 0,interpolation_duration: 1}
$data merge entity $(bone_bone30) {transformation: [-0.9863f,-0.1647f,0f,0.3558f,-0.1647f,0.9863f,0f,-1.6429f,0f,0f,-1f,0.0625f,0f,0f,0f,1f],start_interpolation: 0,interpolation_duration: 1}
$data merge entity $(bone_bone29) {transformation: [-0.9574f,-0.2887f,0f,0.2656f,-0.2887f,0.9574f,0f,-1.3437f,0f,0f,-1f,0.0625f,0f,0f,0f,1f],start_interpolation: 0,interpolation_duration: 1}
$data merge entity $(bone_bone33) {transformation: [-0.8702f,-0.3509f,0.3459f,0.4434f,-0.1619f,0.8666f,0.472f,-1.5975f,-0.4654f,0.3547f,-0.8109f,-0.1032f,0f,0f,0f,1f],start_interpolation: 0,interpolation_duration: 1}
$data merge entity $(bone_bone32) {transformation: [-0.7954f,-0.5689f,0.2088f,0.2656f,-0.5031f,0.812f,0.2958f,-1.3437f,-0.3379f,0.1302f,-0.9321f,-0.0625f,0f,0f,0f,1f],start_interpolation: 0,interpolation_duration: 1}
$data merge entity $(bone_bone36) {transformation: [-0.7742f,0.2205f,-0.5933f,-0.3587f,0.488f,0.8049f,-0.3376f,-1.6357f,0.4031f,-0.5509f,-0.7308f,0.1237f,0f,0f,0f,1f],start_interpolation: 0,interpolation_duration: 1}
$data merge entity $(bone_bone35) {transformation: [-0.9146f,0.298f,-0.2733f,-0.2656f,0.3382f,0.9343f,-0.1129f,-1.3437f,0.2217f,-0.1957f,-0.9553f,0.0625f,0f,0f,0f,1f],start_interpolation: 0,interpolation_duration: 1}
$data merge entity $(bone_bone39) {transformation: [-0.7969f,0.4988f,0.3408f,-0.3567f,0.5144f,0.8561f,-0.0499f,-1.6321f,-0.3167f,0.1356f,-0.9388f,-0.1413f,0f,0f,0f,1f],start_interpolation: 0,interpolation_duration: 1}
$data merge entity $(bone_bone38) {transformation: [-0.9426f,0.2914f,0.1629f,-0.2656f,0.3219f,0.9228f,0.212f,-1.3437f,-0.0886f,0.2523f,-0.9636f,-0.0625f,0f,0f,0f,1f],start_interpolation: 0,interpolation_duration: 1}
$data merge entity $(bone_bone45) {transformation: [-0.9042f,0.4205f,0.0753f,-0.4716f,0.4134f,0.8171f,0.4018f,-0.8718f,0.1074f,0.3944f,-0.9126f,-0.2326f,0f,0f,0f,1f],start_interpolation: 0,interpolation_duration: 1}
$data merge entity $(bone_bone44) {transformation: [-0.9421f,0.2932f,0.1627f,-0.3799f,0.3265f,0.9128f,0.2454f,-0.5866f,-0.0766f,0.2843f,-0.9557f,-0.1438f,0f,0f,0f,1f],start_interpolation: 0,interpolation_duration: 1}
$data merge entity $(bone_bone48) {transformation: [-0.9729f,0.1441f,-0.1807f,-0.6379f,0.138f,0.9894f,0.0455f,-1.1671f,0.1853f,0.0194f,-0.9825f,0.0717f,0f,0f,0f,1f],start_interpolation: 0,interpolation_duration: 1}
$data merge entity $(bone_bone47) {transformation: [-0.8209f,0.3723f,-0.4331f,-0.4983f,0.4072f,0.9133f,0.0133f,-0.8246f,0.4005f,-0.1655f,-0.9012f,0.0097f,0f,0f,0f,1f],start_interpolation: 0,interpolation_duration: 1}
$data merge entity $(bone_3) {transformation: [-0.9491f,0.1967f,-0.246f,-0.3403f,0.1794f,0.9796f,0.0909f,-0.7274f,0.2588f,0.0421f,-0.965f,-0.0214f,0f,0f,0f,1f],start_interpolation: 0,interpolation_duration: 1}
$data merge entity $(bone_4) {transformation: [-0.9491f,0.1388f,-0.2827f,-0.4438f,0.1794f,0.976f,-0.1233f,-0.9366f,0.2588f,-0.1677f,-0.9513f,-0.0147f,0f,0f,0f,1f],start_interpolation: 0,interpolation_duration: 1}
$data merge entity $(bone_bone42) {transformation: [-0.987f,-0.0058f,-0.1604f,0.3633f,-0.0114f,0.9994f,0.0339f,-0.8759f,0.1601f,0.0352f,-0.9865f,-0.2683f,0f,0f,0f,1f],start_interpolation: 0,interpolation_duration: 1}
$data merge entity $(bone_bone41) {transformation: [-0.9112f,-0.0054f,-0.4119f,0.3616f,-0.1692f,0.9166f,0.3623f,-0.5895f,0.3756f,0.3998f,-0.8361f,-0.1434f,0f,0f,0f,1f],start_interpolation: 0,interpolation_duration: 1}
$data merge entity $(bone_bone51) {transformation: [-0.9784f,-0.1894f,0.0834f,0.6462f,-0.1714f,0.9674f,0.1865f,-1.1699f,-0.116f,0.1682f,-0.9789f,-0.0078f,0f,0f,0f,1f],start_interpolation: 0,interpolation_duration: 1}
$data merge entity $(bone_bone50) {transformation: [-0.9056f,-0.42f,0.0592f,0.4887f,-0.4177f,0.9073f,0.0484f,-0.8297f,-0.074f,0.0191f,-0.9971f,-0.0006f,0f,0f,0f,1f],start_interpolation: 0,interpolation_duration: 1}
$data merge entity $(bone_1) {transformation: [-0.9813f,-0.1482f,0.1228f,0.3322f,-0.1415f,0.988f,0.0618f,-0.7261f,-0.1305f,0.0432f,-0.9905f,-0.0136f,0f,0f,0f,1f],start_interpolation: 0,interpolation_duration: 1}
$data merge entity $(bone_2) {transformation: [-0.9813f,-0.1114f,0.157f,0.3953f,-0.1415f,0.9703f,-0.196f,-0.9378f,-0.1305f,-0.2146f,-0.9679f,-0.0189f,0f,0f,0f,1f],start_interpolation: 0,interpolation_duration: 1}
$data merge entity $(bone_7) {transformation: [-0.9972f,0.0748f,-0.0042f,-0.1329f,0.0749f,0.9956f,-0.0557f,-1.5332f,0f,-0.0559f,-0.9984f,0.0105f,0f,0f,0f,1f],start_interpolation: 0,interpolation_duration: 1}
$data merge entity $(bone_8) {transformation: [-0.9972f,0.0695f,0.0278f,-0.1433f,0.0749f,0.9259f,0.3703f,-1.6726f,0f,0.3713f,-0.9285f,0.0308f,0f,0f,0f,1f],start_interpolation: 0,interpolation_duration: 1}
$data merge entity $(bone_5) {transformation: [-0.9972f,-0.0749f,-0.0023f,0.1189f,-0.0749f,0.9967f,0.0312f,-1.3466f,0f,0.0313f,-0.9995f,0f,0f,0f,0f,1f],start_interpolation: 0,interpolation_duration: 1}
$data merge entity $(bone_6) {transformation: [-0.9972f,-0.0717f,-0.0216f,0.1441f,-0.0749f,0.9547f,0.2881f,-1.6831f,0f,0.289f,-0.9573f,-0.0043f,0f,0f,0f,1f],start_interpolation: 0,interpolation_duration: 1}