# This file was generated by Animated Java via MC-Build. It is not recommended to edit this file directly.
$data merge entity $(bone_bone54) {transformation: [-0.9543f,0.2328f,0.1873f,-0.174f,0.271f,0.9386f,0.2137f,-0.8573f,-0.126f,0.2547f,-0.9588f,-0.3104f,0f,0f,0f,1f],start_interpolation: 0,interpolation_duration: 1}
$data merge entity $(bone_bone53) {transformation: [-0.9769f,0.0359f,-0.2107f,-0.1562f,-0.0652f,0.8888f,0.4536f,-0.5937f,0.2036f,0.4568f,-0.8659f,-0.1406f,0f,0f,0f,1f],start_interpolation: 0,interpolation_duration: 1}
$data merge entity $(bone_bone57) {transformation: [-0.9902f,-0.0337f,0.1357f,0.1431f,0.0225f,0.9195f,0.3925f,-0.8991f,-0.138f,0.3917f,-0.9097f,-0.2128f,0f,0f,0f,1f],start_interpolation: 0,interpolation_duration: 1}
$data merge entity $(bone_bone56) {transformation: [-0.9546f,0.0711f,0.2894f,0.1563f,0.107f,0.9882f,0.11f,-0.5937f,-0.2781f,0.136f,-0.9509f,-0.1406f,0f,0f,0f,1f],start_interpolation: 0,interpolation_duration: 1}
$data merge entity $(bone_bone5) {transformation: [-0.9239f,0.2151f,0.3166f,-0.2156f,0.1006f,0.9345f,-0.3414f,-1.6509f,-0.3693f,-0.2835f,-0.885f,0.1698f,0f,0f,0f,1f],start_interpolation: 0,interpolation_duration: 1}
$data merge entity $(bone_bone2) {transformation: [-0.9239f,0.1799f,0.3378f,-0.1875f,0.1006f,0.9658f,-0.2391f,-1.5f,-0.3693f,-0.1869f,-0.9103f,0.1406f,0f,0f,0f,1f],start_interpolation: 0,interpolation_duration: 1}
$data merge entity $(bone_bone9) {transformation: [-0.9733f,0.0082f,0.2295f,-0.09f,0.0054f,0.9999f,-0.0126f,-1.6352f,-0.2296f,-0.011f,-0.9732f,0.2501f,0f,0f,0f,1f],start_interpolation: 0,interpolation_duration: 1}
$data merge entity $(bone_bone8) {transformation: [-0.9733f,0.0878f,0.2122f,-0.0625f,0.0054f,0.9325f,-0.361f,-1.3437f,-0.2296f,-0.3502f,-0.9081f,0.1406f,0f,0f,0f,1f],start_interpolation: 0,interpolation_duration: 1}
$data merge entity $(bone_bone12) {transformation: [-0.9718f,-0.04f,-0.2324f,0.0705f,0.037f,0.9475f,-0.3177f,-1.6454f,0.2329f,-0.3174f,-0.9193f,0.2063f,0f,0f,0f,1f],start_interpolation: 0,interpolation_duration: 1}
$data merge entity $(bone_bone11) {transformation: [-0.9718f,-0.0255f,-0.2344f,0.0625f,0.037f,0.9653f,-0.2587f,-1.3437f,0.2329f,-0.2601f,-0.9371f,0.125f,0f,0f,0f,1f],start_interpolation: 0,interpolation_duration: 1}
$data merge entity $(bone_bone15) {transformation: [-0.9439f,-0.1224f,-0.3066f,0.2508f,-0.121f,0.9924f,-0.0235f,-1.6397f,0.3071f,0.0149f,-0.9515f,0.2029f,0f,0f,0f,1f],start_interpolation: 0,interpolation_duration: 1}
$data merge entity $(bone_bone14) {transformation: [-0.9439f,-0.2026f,-0.2607f,0.1875f,-0.121f,0.947f,-0.2976f,-1.3437f,0.3071f,-0.2494f,-0.9184f,0.125f,0f,0f,0f,1f],start_interpolation: 0,interpolation_duration: 1}
$data merge entity $(bone_bone18) {transformation: [-0.9311f,0.1179f,-0.3453f,-0.2959f,0.0165f,0.959f,0.2828f,-1.6296f,0.3645f,0.2576f,-0.8949f,-0.2054f,0f,0f,0f,1f],start_interpolation: 0,interpolation_duration: 1}
$data merge entity $(bone_bone17) {transformation: [-0.8315f,0.3468f,-0.4339f,-0.1875f,0.1977f,0.9148f,0.3523f,-1.3437f,0.5191f,0.2072f,-0.8292f,-0.1406f,0f,0f,0f,1f],start_interpolation: 0,interpolation_duration: 1}
$data merge entity $(bone_bone21) {transformation: [-0.9558f,0.0708f,0.2855f,-0.1121f,0.2428f,0.7378f,0.6298f,-1.6144f,-0.166f,0.6713f,-0.7224f,-0.2887f,0f,0f,0f,1f],start_interpolation: 0,interpolation_duration: 1}
$data merge entity $(bone_bone20) {transformation: [-0.9858f,0.1587f,-0.0544f,-0.0625f,0.1126f,0.8662f,0.4868f,-1.3437f,0.1244f,0.4738f,-0.8718f,-0.1406f,0f,0f,0f,1f],start_interpolation: 0,interpolation_duration: 1}
$data merge entity $(bone_bone24) {transformation: [-0.9987f,0.0491f,-0.0095f,0.0636f,0.0455f,0.9706f,0.2362f,-1.5714f,0.0208f,0.2355f,-0.9717f,-0.3547f,0f,0f,0f,1f],start_interpolation: 0,interpolation_duration: 1}
$data merge entity $(bone_bone23) {transformation: [-0.9977f,-0.0035f,-0.0673f,0.0625f,-0.0486f,0.7285f,0.6833f,-1.3437f,0.0466f,0.685f,-0.727f,-0.1406f,0f,0f,0f,1f],start_interpolation: 0,interpolation_duration: 1}
$data merge entity $(bone_bone27) {transformation: [-0.8226f,-0.0081f,0.5686f,0.2387f,0.1377f,0.9673f,0.213f,-1.6014f,-0.5518f,0.2535f,-0.7945f,-0.3099f,0f,0f,0f,1f],start_interpolation: 0,interpolation_duration: 1}
$data merge entity $(bone_bone26) {transformation: [-0.7628f,-0.1638f,0.6255f,0.1875f,0.2423f,0.8245f,0.5113f,-1.3437f,-0.5995f,0.5416f,-0.5893f,-0.1406f,0f,0f,0f,1f],start_interpolation: 0,interpolation_duration: 1}
$data merge entity $(bone_bone30) {transformation: [-0.9884f,-0.152f,0f,0.3615f,-0.152f,0.9884f,0f,-1.6412f,0f,0f,-1f,0.0625f,0f,0f,0f,1f],start_interpolation: 0,interpolation_duration: 1}
$data merge entity $(bone_bone29) {transformation: [-0.9517f,-0.3069f,0f,0.2656f,-0.3069f,0.9517f,0f,-1.3437f,0f,0f,-1f,0.0625f,0f,0f,0f,1f],start_interpolation: 0,interpolation_duration: 1}
$data merge entity $(bone_bone33) {transformation: [-0.8916f,-0.3196f,0.3209f,0.4451f,-0.1576f,0.8832f,0.4417f,-1.5964f,-0.4246f,0.3433f,-0.8378f,-0.1026f,0f,0f,0f,1f],start_interpolation: 0,interpolation_duration: 1}
$data merge entity $(bone_bone32) {transformation: [-0.7928f,-0.5745f,0.2037f,0.2656f,-0.5105f,0.8084f,0.293f,-1.3437f,-0.333f,0.1283f,-0.9342f,-0.0625f,0f,0f,0f,1f],start_interpolation: 0,interpolation_duration: 1}
$data merge entity $(bone_bone36) {transformation: [-0.7895f,0.2211f,-0.5726f,-0.3611f,0.4726f,0.8141f,-0.3373f,-1.6344f,0.3916f,-0.537f,-0.7472f,0.1262f,0f,0f,0f,1f],start_interpolation: 0,interpolation_duration: 1}
$data merge entity $(bone_bone35) {transformation: [-0.9102f,0.3056f,-0.2795f,-0.2656f,0.3483f,0.9301f,-0.1171f,-1.3437f,0.2241f,-0.2039f,-0.953f,0.0625f,0f,0f,0f,1f],start_interpolation: 0,interpolation_duration: 1}
$data merge entity $(bone_bone39) {transformation: [-0.7937f,0.5133f,0.3265f,-0.3575f,0.527f,0.8482f,-0.0522f,-1.6312f,-0.3038f,0.1306f,-0.9438f,-0.1436f,0f,0f,0f,1f],start_interpolation: 0,interpolation_duration: 1}
$data merge entity $(bone_bone38) {transformation: [-0.9412f,0.2939f,0.1666f,-0.2656f,0.3258f,0.9199f,0.218f,-1.3437f,-0.0892f,0.2595f,-0.9616f,-0.0625f,0f,0f,0f,1f],start_interpolation: 0,interpolation_duration: 1}
$data merge entity $(bone_bone45) {transformation: [-0.9049f,0.4219f,0.0557f,-0.4632f,0.4099f,0.8288f,0.3809f,-0.8744f,0.1146f,0.3675f,-0.923f,-0.2325f,0f,0f,0f,1f],start_interpolation: 0,interpolation_duration: 1}
$data merge entity $(bone_bone44) {transformation: [-0.953f,0.2664f,0.1442f,-0.3799f,0.2958f,0.9211f,0.2533f,-0.5866f,-0.0653f,0.284f,-0.9566f,-0.1438f,0f,0f,0f,1f],start_interpolation: 0,interpolation_duration: 1}
$data merge entity $(bone_bone48) {transformation: [-0.9708f,0.1652f,-0.1738f,-0.6333f,0.1651f,0.9862f,0.015f,-1.1693f,0.1739f,-0.0141f,-0.9847f,0.0699f,0f,0f,0f,1f],start_interpolation: 0,interpolation_duration: 1}
$data merge entity $(bone_bone47) {transformation: [-0.8269f,0.3608f,-0.4313f,-0.498f,0.3948f,0.9187f,0.0118f,-0.8248f,0.4005f,-0.1605f,-0.9021f,0.0097f,0f,0f,0f,1f],start_interpolation: 0,interpolation_duration: 1}
$data merge entity $(bone_3) {transformation: [-0.9494f,0.1952f,-0.2461f,-0.3401f,0.178f,0.9799f,0.0905f,-0.7274f,0.2588f,0.0421f,-0.965f,-0.0214f,0f,0f,0f,1f],start_interpolation: 0,interpolation_duration: 1}
$data merge entity $(bone_4) {transformation: [-0.9494f,0.1373f,-0.2825f,-0.4433f,0.178f,0.9762f,-0.1237f,-0.9367f,0.2588f,-0.1677f,-0.9513f,-0.0147f,0f,0f,0f,1f],start_interpolation: 0,interpolation_duration: 1}
$data merge entity $(bone_bone42) {transformation: [-0.991f,-0.0232f,-0.132f,0.3707f,-0.033f,0.9968f,0.0725f,-0.8774f,0.1299f,0.0762f,-0.9886f,-0.2645f,0f,0f,0f,1f],start_interpolation: 0,interpolation_duration: 1}
$data merge entity $(bone_bone41) {transformation: [-0.9251f,-0.0289f,-0.3786f,0.3616f,-0.1715f,0.9214f,0.3487f,-0.5895f,0.3388f,0.3875f,-0.8574f,-0.1434f,0f,0f,0f,1f],start_interpolation: 0,interpolation_duration: 1}
$data merge entity $(bone_bone51) {transformation: [-0.9711f,-0.2132f,0.1077f,0.6446f,-0.1867f,0.9587f,0.2144f,-1.1707f,-0.1489f,0.1881f,-0.9708f,-0.0031f,0f,0f,0f,1f],start_interpolation: 0,interpolation_duration: 1}
$data merge entity $(bone_bone50) {transformation: [-0.9054f,-0.4167f,0.0815f,0.4884f,-0.4144f,0.909f,0.0445f,-0.8299f,-0.0926f,0.0065f,-0.9957f,-0.0006f,0f,0f,0f,1f],start_interpolation: 0,interpolation_duration: 1}
$data merge entity $(bone_1) {transformation: [-0.9815f,-0.1468f,0.1229f,0.332f,-0.14f,0.9882f,0.0616f,-0.726f,-0.1305f,0.0432f,-0.9905f,-0.0136f,0f,0f,0f,1f],start_interpolation: 0,interpolation_duration: 1}
$data merge entity $(bone_2) {transformation: [-0.9815f,-0.1099f,0.1567f,0.3948f,-0.14f,0.9705f,-0.1963f,-0.9378f,-0.1305f,-0.2146f,-0.9679f,-0.0189f,0f,0f,0f,1f],start_interpolation: 0,interpolation_duration: 1}
$data merge entity $(bone_7) {transformation: [-0.9971f,0.0762f,-0.0042f,-0.1332f,0.0764f,0.9956f,-0.0543f,-1.5333f,0f,-0.0544f,-0.9985f,0.0102f,0f,0f,0f,1f],start_interpolation: 0,interpolation_duration: 1}
$data merge entity $(bone_8) {transformation: [-0.9971f,0.0709f,0.0285f,-0.1438f,0.0764f,0.9253f,0.3716f,-1.6726f,0f,0.3727f,-0.928f,0.0303f,0f,0f,0f,1f],start_interpolation: 0,interpolation_duration: 1}
$data merge entity $(bone_5) {transformation: [-0.9971f,-0.0763f,-0.0025f,0.1189f,-0.0764f,0.9965f,0.0327f,-1.3466f,0f,0.0328f,-0.9995f,0f,0f,0f,0f,1f],start_interpolation: 0,interpolation_duration: 1}
$data merge entity $(bone_6) {transformation: [-0.9971f,-0.0731f,-0.0222f,0.1446f,-0.0764f,0.9541f,0.2895f,-1.6832f,0f,0.2904f,-0.9569f,-0.0048f,0f,0f,0f,1f],start_interpolation: 0,interpolation_duration: 1}