# This file was generated by Animated Java via MC-Build. It is not recommended to edit this file directly.
$data merge entity $(bone_bone54) {transformation: [-0.955f,0.2333f,0.183f,-0.178f,0.2743f,0.9296f,0.2461f,1.2351f,-0.1127f,0.2852f,-0.9518f,-0.308f,0f,0f,0f,1f],start_interpolation: 0,interpolation_duration: 1}
$data merge entity $(bone_bone53) {transformation: [-0.9791f,0.0497f,-0.1974f,-0.1562f,-0.0452f,0.8925f,0.4488f,1.5f,0.1985f,0.4483f,-0.8716f,-0.1406f,0f,0f,0f,1f],start_interpolation: 0,interpolation_duration: 1}
$data merge entity $(bone_bone57) {transformation: [-0.9882f,-0.0354f,0.1488f,0.1435f,0.0221f,0.9296f,0.3679f,1.1946f,-0.1513f,0.3668f,-0.9179f,-0.2129f,0f,0f,0f,1f],start_interpolation: 0,interpolation_duration: 1}
$data merge entity $(bone_bone56) {transformation: [-0.9507f,0.071f,0.302f,0.1563f,0.1085f,0.9881f,0.1093f,1.5f,-0.2906f,0.1367f,-0.947f,-0.1406f,0f,0f,0f,1f],start_interpolation: 0,interpolation_duration: 1}
$data merge entity $(bone_bone5) {transformation: [-0.9298f,0.2117f,0.3009f,-0.2167f,0.1114f,0.9415f,-0.3182f,0.4431f,-0.3507f,-0.2624f,-0.899f,0.1703f,0f,0f,0f,1f],start_interpolation: 0,interpolation_duration: 1}
$data merge entity $(bone_bone2) {transformation: [-0.9298f,0.187f,0.3169f,-0.1875f,0.1114f,0.9639f,-0.242f,0.5938f,-0.3507f,-0.1897f,-0.9171f,0.1406f,0f,0f,0f,1f],start_interpolation: 0,interpolation_duration: 1}
$data merge entity $(bone_bone9) {transformation: [-0.9773f,0.0008f,0.2117f,-0.0876f,0.0058f,0.9997f,0.0227f,0.4579f,-0.2117f,0.0234f,-0.9771f,0.2488f,0f,0f,0f,1f],start_interpolation: 0,interpolation_duration: 1}
$data merge entity $(bone_bone8) {transformation: [-0.9773f,0.0805f,0.1959f,-0.0625f,0.0058f,0.9347f,-0.3553f,0.75f,-0.2117f,-0.3461f,-0.914f,0.1406f,0f,0f,0f,1f],start_interpolation: 0,interpolation_duration: 1}
$data merge entity $(bone_bone12) {transformation: [-0.9773f,-0.0366f,-0.2088f,0.0728f,0.0252f,0.9579f,-0.2861f,0.4492f,0.2105f,-0.2848f,-0.9352f,0.209f,0f,0f,0f,1f],start_interpolation: 0,interpolation_duration: 1}
$data merge entity $(bone_bone11) {transformation: [-0.9773f,-0.033f,-0.2094f,0.0625f,0.0252f,0.9627f,-0.2695f,0.75f,0.2105f,-0.2686f,-0.94f,0.125f,0f,0f,0f,1f],start_interpolation: 0,interpolation_duration: 1}
$data merge entity $(bone_bone15) {transformation: [-0.9461f,-0.1275f,-0.2976f,0.2511f,-0.1257f,0.9917f,-0.0253f,0.4538f,0.2984f,0.0135f,-0.9544f,0.2018f,0f,0f,0f,1f],start_interpolation: 0,interpolation_duration: 1}
$data merge entity $(bone_bone14) {transformation: [-0.9461f,-0.2035f,-0.2518f,0.1875f,-0.1257f,0.9477f,-0.2934f,0.75f,0.2984f,-0.2459f,-0.9222f,0.125f,0f,0f,0f,1f],start_interpolation: 0,interpolation_duration: 1}
$data merge entity $(bone_bone18) {transformation: [-0.9246f,0.1606f,-0.3455f,-0.2926f,0.0434f,0.9453f,0.3233f,0.4633f,0.3785f,0.2839f,-0.881f,-0.2072f,0f,0f,0f,1f],start_interpolation: 0,interpolation_duration: 1}
$data merge entity $(bone_bone17) {transformation: [-0.8424f,0.3363f,-0.421f,-0.1875f,0.1919f,0.9173f,0.3489f,0.75f,0.5036f,0.2131f,-0.8373f,-0.1406f,0f,0f,0f,1f],start_interpolation: 0,interpolation_duration: 1}
$data merge entity $(bone_bone21) {transformation: [-0.9665f,0.0629f,0.2488f,-0.1089f,0.2113f,0.7454f,0.6323f,0.4793f,-0.1457f,0.6637f,-0.7337f,-0.2896f,0f,0f,0f,1f],start_interpolation: 0,interpolation_duration: 1}
$data merge entity $(bone_bone20) {transformation: [-0.9839f,0.1485f,-0.0992f,-0.0625f,0.081f,0.8664f,0.4928f,0.75f,0.1592f,0.4768f,-0.8645f,-0.1406f,0f,0f,0f,1f],start_interpolation: 0,interpolation_duration: 1}
$data merge entity $(bone_bone24) {transformation: [-0.998f,0.0625f,-0.0009f,0.0636f,0.0603f,0.966f,0.2513f,0.5233f,0.0166f,0.2508f,-0.9679f,-0.3557f,0f,0f,0f,1f],start_interpolation: 0,interpolation_duration: 1}
$data merge entity $(bone_bone23) {transformation: [-0.9984f,-0.0035f,-0.0562f,0.0625f,-0.0412f,0.7254f,0.6871f,0.75f,0.0384f,0.6883f,-0.7244f,-0.1406f,0f,0f,0f,1f],start_interpolation: 0,interpolation_duration: 1}
$data merge entity $(bone_bone27) {transformation: [-0.8365f,-0.0162f,0.5478f,0.2409f,0.1136f,0.9727f,0.2023f,0.4921f,-0.5361f,0.2315f,-0.8118f,-0.3089f,0f,0f,0f,1f],start_interpolation: 0,interpolation_duration: 1}
$data merge entity $(bone_bone26) {transformation: [-0.7808f,-0.171f,0.6009f,0.1875f,0.2198f,0.8251f,0.5204f,0.75f,-0.5849f,0.5384f,-0.6067f,-0.1406f,0f,0f,0f,1f],start_interpolation: 0,interpolation_duration: 1}
$data merge entity $(bone_bone30) {transformation: [-0.9901f,-0.1402f,0f,0.3675f,-0.1402f,0.9901f,0f,0.4546f,0f,0f,-1f,0.0625f,0f,0f,0f,1f],start_interpolation: 0,interpolation_duration: 1}
$data merge entity $(bone_bone29) {transformation: [-0.9454f,-0.3259f,0f,0.2656f,-0.3259f,0.9454f,0f,0.75f,0f,0f,-1f,0.0625f,0f,0f,0f,1f],start_interpolation: 0,interpolation_duration: 1}
$data merge entity $(bone_bone33) {transformation: [-0.9124f,-0.2874f,0.2916f,0.4468f,-0.1526f,0.8996f,0.4091f,0.4984f,-0.3799f,0.3287f,-0.8647f,-0.1019f,0f,0f,0f,1f],start_interpolation: 0,interpolation_duration: 1}
$data merge entity $(bone_bone32) {transformation: [-0.7904f,-0.5797f,0.1978f,0.2656f,-0.5181f,0.805f,0.2891f,0.75f,-0.3268f,0.126f,-0.9366f,-0.0625f,0f,0f,0f,1f],start_interpolation: 0,interpolation_duration: 1}
$data merge entity $(bone_bone36) {transformation: [-0.8053f,0.221f,-0.5501f,-0.3635f,0.4556f,0.8244f,-0.3358f,0.4607f,0.3793f,-0.5211f,-0.7646f,0.1289f,0f,0f,0f,1f],start_interpolation: 0,interpolation_duration: 1}
$data merge entity $(bone_bone35) {transformation: [-0.9057f,0.3132f,-0.2856f,-0.2656f,0.3584f,0.9256f,-0.1214f,0.75f,0.2263f,-0.2123f,-0.9506f,0.0625f,0f,0f,0f,1f],start_interpolation: 0,interpolation_duration: 1}
$data merge entity $(bone_bone39) {transformation: [-0.7915f,0.5257f,0.3118f,-0.3582f,0.5377f,0.8414f,-0.0537f,0.4633f,-0.2906f,0.1251f,-0.9486f,-0.1454f,0f,0f,0f,1f],start_interpolation: 0,interpolation_duration: 1}
$data merge entity $(bone_bone38) {transformation: [-0.9397f,0.2963f,0.1706f,-0.2656f,0.3297f,0.9175f,0.2223f,0.75f,-0.0906f,0.2652f,-0.9599f,-0.0625f,0f,0f,0f,1f],start_interpolation: 0,interpolation_duration: 1}
$data merge entity $(bone_bone45) {transformation: [-0.9063f,0.4213f,0.0344f,-0.4543f,0.4048f,0.8416f,0.3575f,1.2168f,0.1216f,0.3379f,-0.9333f,-0.2324f,0f,0f,0f,1f],start_interpolation: 0,interpolation_duration: 1}
$data merge entity $(bone_bone44) {transformation: [-0.9634f,0.2378f,0.124f,-0.38f,0.2629f,0.929f,0.2604f,1.5072f,-0.0533f,0.2835f,-0.9575f,-0.1438f,0f,0f,0f,1f],start_interpolation: 0,interpolation_duration: 1}
$data merge entity $(bone_bone48) {transformation: [-0.9675f,0.1879f,-0.1695f,-0.6285f,0.1936f,0.9809f,-0.0174f,0.9222f,0.163f,-0.0497f,-0.9854f,0.0679f,0f,0f,0f,1f],start_interpolation: 0,interpolation_duration: 1}
$data merge entity $(bone_bone47) {transformation: [-0.8332f,0.3488f,-0.4291f,-0.4977f,0.3816f,0.9243f,0.0103f,1.2688f,0.4002f,-0.1552f,-0.9032f,0.0097f,0f,0f,0f,1f],start_interpolation: 0,interpolation_duration: 1}
$data merge entity $(bone_3) {transformation: [-0.9496f,0.1938f,-0.2462f,-0.3399f,0.1767f,0.9801f,0.0902f,1.3664f,0.2588f,0.0421f,-0.965f,-0.0214f,0f,0f,0f,1f],start_interpolation: 0,interpolation_duration: 1}
$data merge entity $(bone_4) {transformation: [-0.9496f,0.136f,-0.2824f,-0.4428f,0.1767f,0.9764f,-0.1241f,1.157f,0.2588f,-0.1677f,-0.9513f,-0.0147f,0f,0f,0f,1f],start_interpolation: 0,interpolation_duration: 1}
$data merge entity $(bone_bone42) {transformation: [-0.9936f,-0.0439f,-0.1043f,0.3782f,-0.0557f,0.992f,0.1134f,1.2149f,0.0985f,0.1185f,-0.9881f,-0.26f,0f,0f,0f,1f],start_interpolation: 0,interpolation_duration: 1}
$data merge entity $(bone_bone41) {transformation: [-0.9386f,-0.0531f,-0.3408f,0.3616f,-0.1739f,0.9263f,0.3344f,1.5043f,0.2979f,0.3731f,-0.8786f,-0.1434f,0f,0f,0f,1f],start_interpolation: 0,interpolation_duration: 1}
$data merge entity $(bone_bone51) {transformation: [-0.9618f,-0.2398f,0.1319f,0.6427f,-0.2032f,0.9485f,0.2429f,0.9221f,-0.1834f,0.2068f,-0.961f,0.002f,0f,0f,0f,1f],start_interpolation: 0,interpolation_duration: 1}
$data merge entity $(bone_bone50) {transformation: [-0.9049f,-0.4124f,0.1055f,0.488f,-0.4105f,0.911f,0.0403f,1.2637f,-0.1127f,-0.0069f,-0.9936f,-0.0006f,0f,0f,0f,1f],start_interpolation: 0,interpolation_duration: 1}
$data merge entity $(bone_1) {transformation: [-0.9817f,-0.1454f,0.123f,0.3318f,-0.1387f,0.9884f,0.0614f,1.3678f,-0.1305f,0.0432f,-0.9905f,-0.0136f,0f,0f,0f,1f],start_interpolation: 0,interpolation_duration: 1}
$data merge entity $(bone_2) {transformation: [-0.9817f,-0.1086f,0.1565f,0.3943f,-0.1387f,0.9707f,-0.1965f,1.1559f,-0.1305f,-0.2146f,-0.9679f,-0.0189f,0f,0f,0f,1f],start_interpolation: 0,interpolation_duration: 1}
$data merge entity $(bone_7) {transformation: [-0.997f,0.0777f,-0.0041f,-0.1334f,0.0778f,0.9956f,-0.0529f,0.5604f,0f,-0.053f,-0.9986f,0.0099f,0f,0f,0f,1f],start_interpolation: 0,interpolation_duration: 1}
$data merge entity $(bone_8) {transformation: [-0.997f,0.0721f,0.0291f,-0.1443f,0.0778f,0.9246f,0.3728f,0.4211f,0f,0.374f,-0.9274f,0.0299f,0f,0f,0f,1f],start_interpolation: 0,interpolation_duration: 1}
$data merge entity $(bone_5) {transformation: [-0.997f,-0.0777f,-0.0027f,0.1189f,-0.0778f,0.9964f,0.0341f,0.7471f,0f,0.0342f,-0.9994f,0f,0f,0f,0f,1f],start_interpolation: 0,interpolation_duration: 1}
$data merge entity $(bone_6) {transformation: [-0.997f,-0.0744f,-0.0227f,0.1451f,-0.0778f,0.9536f,0.2908f,0.4106f,0f,0.2917f,-0.9565f,-0.0053f,0f,0f,0f,1f],start_interpolation: 0,interpolation_duration: 1}