# This file was generated by Animated Java via MC-Build. It is not recommended to edit this file directly.
$data merge entity $(bone_bone54) {transformation: [-0.9556f,0.2345f,0.1783f,-0.1821f,0.2776f,0.9194f,0.2787f,1.2338f,-0.0985f,0.3158f,-0.9437f,-0.3053f,0f,0f,0f,1f],start_interpolation: 0,interpolation_duration: 1}
$data merge entity $(bone_bone53) {transformation: [-0.9809f,0.0642f,-0.1838f,-0.1562f,-0.0244f,0.8961f,0.4431f,1.5f,0.1931f,0.4391f,-0.8774f,-0.1406f,0f,0f,0f,1f],start_interpolation: 0,interpolation_duration: 1}
$data merge entity $(bone_bone57) {transformation: [-0.986f,-0.0363f,0.1626f,0.144f,0.0218f,0.9394f,0.342f,1.1947f,-0.1652f,0.3408f,-0.9255f,-0.2131f,0f,0f,0f,1f],start_interpolation: 0,interpolation_duration: 1}
$data merge entity $(bone_bone56) {transformation: [-0.9465f,0.0706f,0.3149f,0.1563f,0.1099f,0.988f,0.1088f,1.5f,-0.3034f,0.1376f,-0.9429f,-0.1406f,0f,0f,0f,1f],start_interpolation: 0,interpolation_duration: 1}
$data merge entity $(bone_bone5) {transformation: [-0.9356f,0.2092f,0.2846f,-0.2179f,0.1227f,0.9481f,-0.2935f,0.4435f,-0.3312f,-0.2397f,-0.9126f,0.1707f,0f,0f,0f,1f],start_interpolation: 0,interpolation_duration: 1}
$data merge entity $(bone_bone2) {transformation: [-0.9356f,0.1943f,0.2949f,-0.1875f,0.1227f,0.9618f,-0.2446f,0.5938f,-0.3312f,-0.1927f,-0.9237f,0.1406f,0f,0f,0f,1f],start_interpolation: 0,interpolation_duration: 1}
$data merge entity $(bone_bone9) {transformation: [-0.9812f,-0.0055f,0.1929f,-0.0853f,0.0061f,0.9982f,0.0594f,0.4572f,-0.1929f,0.0595f,-0.9794f,0.2474f,0f,0f,0f,1f],start_interpolation: 0,interpolation_duration: 1}
$data merge entity $(bone_bone8) {transformation: [-0.9812f,0.073f,0.1787f,-0.0625f,0.0061f,0.937f,-0.3493f,0.75f,-0.1929f,-0.3416f,-0.9198f,0.1406f,0f,0f,0f,1f],start_interpolation: 0,interpolation_duration: 1}
$data merge entity $(bone_bone12) {transformation: [-0.9823f,-0.035f,-0.1841f,0.0751f,0.0128f,0.9676f,-0.2521f,0.45f,0.187f,-0.25f,-0.95f,0.2117f,0f,0f,0f,1f],start_interpolation: 0,interpolation_duration: 1}
$data merge entity $(bone_bone11) {transformation: [-0.9823f,-0.0403f,-0.183f,0.0625f,0.0128f,0.9599f,-0.2801f,0.75f,0.187f,-0.2775f,-0.9424f,0.125f,0f,0f,0f,1f],start_interpolation: 0,interpolation_duration: 1}
$data merge entity $(bone_bone15) {transformation: [-0.9483f,-0.1329f,-0.2882f,0.2514f,-0.1307f,0.9911f,-0.027f,0.4536f,0.2892f,0.012f,-0.9572f,0.2007f,0f,0f,0f,1f],start_interpolation: 0,interpolation_duration: 1}
$data merge entity $(bone_bone14) {transformation: [-0.9483f,-0.2045f,-0.2426f,0.1875f,-0.1307f,0.9484f,-0.2888f,0.75f,0.2892f,-0.2422f,-0.9261f,0.125f,0f,0f,0f,1f],start_interpolation: 0,interpolation_duration: 1}
$data merge entity $(bone_bone18) {transformation: [-0.9171f,0.2055f,-0.3417f,-0.2891f,0.0715f,0.9278f,0.3661f,0.4625f,0.3923f,0.3113f,-0.8656f,-0.2092f,0f,0f,0f,1f],start_interpolation: 0,interpolation_duration: 1}
$data merge entity $(bone_bone17) {transformation: [-0.8532f,0.325f,-0.4079f,-0.1875f,0.1852f,0.9199f,0.3456f,0.75f,0.4875f,0.2193f,-0.8451f,-0.1406f,0f,0f,0f,1f],start_interpolation: 0,interpolation_duration: 1}
$data merge entity $(bone_bone21) {transformation: [-0.9761f,0.0544f,0.2103f,-0.1057f,0.1782f,0.7541f,0.6321f,0.4792f,-0.1242f,0.6545f,-0.7458f,-0.2905f,0f,0f,0f,1f],start_interpolation: 0,interpolation_duration: 1}
$data merge entity $(bone_bone20) {transformation: [-0.9796f,0.1382f,-0.1459f,-0.0625f,0.0482f,0.8665f,0.4969f,0.75f,0.1951f,0.4797f,-0.8555f,-0.1406f,0f,0f,0f,1f],start_interpolation: 0,interpolation_duration: 1}
$data merge entity $(bone_bone24) {transformation: [-0.997f,0.0763f,0.009f,0.0637f,0.0759f,0.9605f,0.2678f,0.5241f,0.0118f,0.2677f,-0.9634f,-0.3566f,0f,0f,0f,1f],start_interpolation: 0,interpolation_duration: 1}
$data merge entity $(bone_bone23) {transformation: [-0.999f,-0.0039f,-0.0442f,0.0625f,-0.0333f,0.7228f,0.6903f,0.75f,0.0292f,0.6911f,-0.7222f,-0.1406f,0f,0f,0f,1f],start_interpolation: 0,interpolation_duration: 1}
$data merge entity $(bone_bone27) {transformation: [-0.85f,-0.0266f,0.5262f,0.2433f,0.0878f,0.9776f,0.1912f,0.4917f,-0.5195f,0.2087f,-0.8286f,-0.3075f,0f,0f,0f,1f],start_interpolation: 0,interpolation_duration: 1}
$data merge entity $(bone_bone26) {transformation: [-0.7985f,-0.1787f,0.5748f,0.1875f,0.1953f,0.8264f,0.5281f,0.75f,-0.5694f,0.534f,-0.625f,-0.1406f,0f,0f,0f,1f],start_interpolation: 0,interpolation_duration: 1}
$data merge entity $(bone_bone30) {transformation: [-0.9916f,-0.1294f,0f,0.3736f,-0.1294f,0.9916f,0f,0.4567f,0f,0f,-1f,0.0625f,0f,0f,0f,1f],start_interpolation: 0,interpolation_duration: 1}
$data merge entity $(bone_bone29) {transformation: [-0.9385f,-0.3454f,0f,0.2656f,-0.3454f,0.9385f,0f,0.75f,0f,0f,-1f,0.0625f,0f,0f,0f,1f],start_interpolation: 0,interpolation_duration: 1}
$data merge entity $(bone_bone33) {transformation: [-0.9317f,-0.2553f,0.2582f,0.4483f,-0.147f,0.9154f,0.3748f,0.4994f,-0.3321f,0.3112f,-0.8904f,-0.1011f,0f,0f,0f,1f],start_interpolation: 0,interpolation_duration: 1}
$data merge entity $(bone_bone32) {transformation: [-0.7884f,-0.5846f,0.1914f,0.2656f,-0.5256f,0.8019f,0.2841f,0.75f,-0.3196f,0.1234f,-0.9395f,-0.0625f,0f,0f,0f,1f],start_interpolation: 0,interpolation_duration: 1}
$data merge entity $(bone_bone36) {transformation: [-0.8215f,0.2202f,-0.526f,-0.3658f,0.4371f,0.8356f,-0.3328f,0.4622f,0.3663f,-0.5033f,-0.7826f,0.1315f,0f,0f,0f,1f],start_interpolation: 0,interpolation_duration: 1}
$data merge entity $(bone_bone35) {transformation: [-0.9012f,0.3207f,-0.2917f,-0.2656f,0.3685f,0.9211f,-0.1258f,0.75f,0.2283f,-0.2209f,-0.9482f,0.0625f,0f,0f,0f,1f],start_interpolation: 0,interpolation_duration: 1}
$data merge entity $(bone_bone39) {transformation: [-0.7903f,0.5359f,0.297f,-0.359f,0.5463f,0.8358f,-0.0545f,0.4639f,-0.2774f,0.1192f,-0.9533f,-0.1466f,0f,0f,0f,1f],start_interpolation: 0,interpolation_duration: 1}
$data merge entity $(bone_bone38) {transformation: [-0.9382f,0.2986f,0.1747f,-0.2656f,0.3333f,0.9156f,0.2248f,0.75f,-0.0929f,0.2692f,-0.9586f,-0.0625f,0f,0f,0f,1f],start_interpolation: 0,interpolation_duration: 1}
$data merge entity $(bone_bone45) {transformation: [-0.9083f,0.4182f,0.0121f,-0.4449f,0.3982f,0.8552f,0.3318f,1.2145f,0.1284f,0.3062f,-0.9433f,-0.2321f,0f,0f,0f,1f],start_interpolation: 0,interpolation_duration: 1}
$data merge entity $(bone_bone44) {transformation: [-0.9728f,0.2079f,0.1026f,-0.38f,0.2282f,0.9364f,0.2665f,1.5072f,-0.0406f,0.2827f,-0.9584f,-0.1438f,0f,0f,0f,1f],start_interpolation: 0,interpolation_duration: 1}
$data merge entity $(bone_bone48) {transformation: [-0.9628f,0.2118f,-0.1678f,-0.6235f,0.223f,0.9735f,-0.0508f,0.9199f,0.1526f,-0.0863f,-0.9845f,0.0657f,0f,0f,0f,1f],start_interpolation: 0,interpolation_duration: 1}
$data merge entity $(bone_bone47) {transformation: [-0.8395f,0.3364f,-0.4268f,-0.4973f,0.368f,0.9298f,0.009f,1.2686f,0.3998f,-0.1495f,-0.9043f,0.0097f,0f,0f,0f,1f],start_interpolation: 0,interpolation_duration: 1}
$data merge entity $(bone_3) {transformation: [-0.9499f,0.1925f,-0.2464f,-0.3397f,0.1754f,0.9804f,0.0899f,1.3665f,0.2588f,0.0421f,-0.965f,-0.0214f,0f,0f,0f,1f],start_interpolation: 0,interpolation_duration: 1}
$data merge entity $(bone_4) {transformation: [-0.9499f,0.1346f,-0.2822f,-0.4424f,0.1754f,0.9766f,-0.1245f,1.1569f,0.2588f,-0.1677f,-0.9513f,-0.0147f,0f,0f,0f,1f],start_interpolation: 0,interpolation_duration: 1}
$data merge entity $(bone_bone42) {transformation: [-0.9947f,-0.0674f,-0.0781f,0.3857f,-0.0789f,0.9847f,0.1553f,1.2134f,0.0664f,0.1607f,-0.9848f,-0.2548f,0f,0f,0f,1f],start_interpolation: 0,interpolation_duration: 1}
$data merge entity $(bone_bone41) {transformation: [-0.9511f,-0.0771f,-0.2992f,0.3616f,-0.176f,0.931f,0.3197f,1.5043f,0.2539f,0.3567f,-0.8991f,-0.1434f,0f,0f,0f,1f],start_interpolation: 0,interpolation_duration: 1}
$data merge entity $(bone_bone51) {transformation: [-0.9506f,-0.2687f,0.1552f,0.6404f,-0.2205f,0.9369f,0.2714f,0.9211f,-0.2184f,0.2238f,-0.9499f,0.0072f,0f,0f,0f,1f],start_interpolation: 0,interpolation_duration: 1}
$data merge entity $(bone_bone50) {transformation: [-0.904f,-0.407f,0.1305f,0.4877f,-0.406f,0.9132f,0.0357f,1.2636f,-0.1337f,-0.0207f,-0.9908f,-0.0006f,0f,0f,0f,1f],start_interpolation: 0,interpolation_duration: 1}
$data merge entity $(bone_1) {transformation: [-0.9819f,-0.144f,0.1231f,0.3316f,-0.1374f,0.9886f,0.0613f,1.3678f,-0.1305f,0.0432f,-0.9905f,-0.0136f,0f,0f,0f,1f],start_interpolation: 0,interpolation_duration: 1}
$data merge entity $(bone_2) {transformation: [-0.9819f,-0.1073f,0.1562f,0.3938f,-0.1374f,0.9708f,-0.1967f,1.1559f,-0.1305f,-0.2146f,-0.9679f,-0.0189f,0f,0f,0f,1f],start_interpolation: 0,interpolation_duration: 1}
$data merge entity $(bone_7) {transformation: [-0.9969f,0.079f,-0.0041f,-0.1337f,0.0791f,0.9955f,-0.0515f,0.5604f,0f,-0.0517f,-0.9987f,0.0097f,0f,0f,0f,1f],start_interpolation: 0,interpolation_duration: 1}
$data merge entity $(bone_8) {transformation: [-0.9969f,0.0733f,0.0297f,-0.1447f,0.0791f,0.924f,0.374f,0.421f,0f,0.3752f,-0.9269f,0.0294f,0f,0f,0f,1f],start_interpolation: 0,interpolation_duration: 1}
$data merge entity $(bone_5) {transformation: [-0.9969f,-0.079f,-0.0028f,0.1189f,-0.0791f,0.9962f,0.0354f,0.747f,0f,0.0355f,-0.9994f,0f,0f,0f,0f,1f],start_interpolation: 0,interpolation_duration: 1}
$data merge entity $(bone_6) {transformation: [-0.9969f,-0.0756f,-0.0232f,0.1456f,-0.0791f,0.9531f,0.2921f,0.4106f,0f,0.293f,-0.9561f,-0.0057f,0f,0f,0f,1f],start_interpolation: 0,interpolation_duration: 1}