# This file was generated by Animated Java via MC-Build. It is not recommended to edit this file directly.
$data merge entity $(bone_bone54) {transformation: [-0.9733f,0.2272f,-0.0313f,-0.1806f,0.2276f,0.9737f,-0.0098f,1.213f,0.0283f,-0.0166f,-0.9995f,-0.2657f,0f,0f,0f,1f],start_interpolation: 0,interpolation_duration: 1}
$data merge entity $(bone_bone53) {transformation: [-0.9707f,0.0546f,-0.2342f,-0.1562f,-0.0219f,0.9497f,0.3122f,1.5f,0.2395f,0.3082f,-0.9207f,-0.1406f,0f,0f,0f,1f],start_interpolation: 0,interpolation_duration: 1}
$data merge entity $(bone_bone57) {transformation: [-0.9428f,-0.1236f,0.3097f,0.1637f,0.0315f,0.8916f,0.4517f,1.193f,-0.3319f,0.4356f,-0.8367f,-0.2062f,0f,0f,0f,1f],start_interpolation: 0,interpolation_duration: 1}
$data merge entity $(bone_bone56) {transformation: [-0.9399f,0.0102f,0.3413f,0.1563f,0.0493f,0.9932f,0.1059f,1.5f,-0.3379f,0.1164f,-0.934f,-0.1406f,0f,0f,0f,1f],start_interpolation: 0,interpolation_duration: 1}
$data merge entity $(bone_bone5) {transformation: [-0.9603f,0.2192f,0.1723f,-0.2254f,0.2036f,0.9735f,-0.1041f,0.4458f,-0.1906f,-0.0649f,-0.9795f,0.1736f,0f,0f,0f,1f],start_interpolation: 0,interpolation_duration: 1}
$data merge entity $(bone_bone2) {transformation: [-0.9603f,0.2426f,0.1375f,-0.1875f,0.2036f,0.9468f,-0.2491f,0.5938f,-0.1906f,-0.2112f,-0.9587f,0.1406f,0f,0f,0f,1f],start_interpolation: 0,interpolation_duration: 1}
$data merge entity $(bone_bone9) {transformation: [-0.9982f,-0.0106f,0.0592f,-0.0707f,0.0084f,0.9498f,0.3127f,0.4525f,-0.0595f,0.3127f,-0.948f,0.236f,0f,0f,0f,1f],start_interpolation: 0,interpolation_duration: 1}
$data merge entity $(bone_bone8) {transformation: [-0.9982f,0.0262f,0.0541f,-0.0625f,0.0084f,0.9519f,-0.3062f,0.75f,-0.0595f,-0.3052f,-0.9504f,0.1406f,0f,0f,0f,1f],start_interpolation: 0,interpolation_duration: 1}
$data merge entity $(bone_bone12) {transformation: [-0.9969f,-0.0763f,-0.0207f,0.0871f,-0.0766f,0.997f,0.0103f,0.4567f,0.0199f,0.0118f,-0.9997f,0.2299f,0f,0f,0f,1f],start_interpolation: 0,interpolation_duration: 1}
$data merge entity $(bone_bone11) {transformation: [-0.9969f,-0.0788f,0.007f,0.0625f,-0.0766f,0.9387f,-0.3362f,0.75f,0.0199f,-0.3357f,-0.9418f,0.125f,0f,0f,0f,1f],start_interpolation: 0,interpolation_duration: 1}
$data merge entity $(bone_bone15) {transformation: [-0.9604f,-0.1694f,-0.2212f,0.2544f,-0.1654f,0.9855f,-0.0367f,0.4522f,0.2242f,0.0013f,-0.9745f,0.1921f,0f,0f,0f,1f],start_interpolation: 0,interpolation_duration: 1}
$data merge entity $(bone_bone14) {transformation: [-0.9604f,-0.2142f,-0.1781f,0.1875f,-0.1654f,0.9529f,-0.2542f,0.75f,0.2242f,-0.2147f,-0.9506f,0.125f,0f,0f,0f,1f],start_interpolation: 0,interpolation_duration: 1}
$data merge entity $(bone_bone18) {transformation: [-0.9441f,0.2733f,-0.1844f,-0.2479f,0.2023f,0.9218f,0.3306f,0.4472f,0.2604f,0.2748f,-0.9256f,-0.1889f,0f,0f,0f,1f],start_interpolation: 0,interpolation_duration: 1}
$data merge entity $(bone_bone17) {transformation: [-0.8246f,0.1932f,-0.5317f,-0.1875f,0.0751f,0.9689f,0.2356f,0.75f,0.5607f,0.1544f,-0.8135f,-0.1406f,0f,0f,0f,1f],start_interpolation: 0,interpolation_duration: 1}
$data merge entity $(bone_bone21) {transformation: [-0.993f,0.0273f,-0.1147f,-0.0717f,0.0099f,0.9886f,0.1501f,0.506f,0.1175f,0.1479f,-0.982f,-0.3357f,0f,0f,0f,1f],start_interpolation: 0,interpolation_duration: 1}
$data merge entity $(bone_bone20) {transformation: [-0.9422f,0.0294f,-0.3336f,-0.0625f,-0.1868f,0.7807f,0.5964f,0.75f,0.278f,0.6243f,-0.7301f,-0.1406f,0f,0f,0f,1f],start_interpolation: 0,interpolation_duration: 1}
$data merge entity $(bone_bone24) {transformation: [-0.9323f,-0.0284f,0.3607f,0.0797f,0.2113f,0.7664f,0.6066f,0.4667f,-0.2936f,0.6417f,-0.7085f,-0.2714f,0f,0f,0f,1f],start_interpolation: 0,interpolation_duration: 1}
$data merge entity $(bone_bone23) {transformation: [-0.9719f,-0.055f,0.229f,0.0625f,0.0474f,0.9066f,0.4193f,0.75f,-0.2307f,0.4184f,-0.8785f,-0.1406f,0f,0f,0f,1f],start_interpolation: 0,interpolation_duration: 1}
$data merge entity $(bone_bone27) {transformation: [-0.9422f,-0.1678f,0.29f,0.1976f,-0.0102f,0.8795f,0.4759f,0.4452f,-0.3349f,0.4454f,-0.8303f,-0.209f,0f,0f,0f,1f],start_interpolation: 0,interpolation_duration: 1}
$data merge entity $(bone_bone26) {transformation: [-0.9004f,-0.0323f,0.4339f,0.1875f,0.0666f,0.9753f,0.2108f,0.75f,-0.43f,0.2187f,-0.8759f,-0.1406f,0f,0f,0f,1f],start_interpolation: 0,interpolation_duration: 1}
$data merge entity $(bone_bone30) {transformation: [-0.7006f,-0.7136f,0f,0.3676f,-0.7136f,0.7006f,0f,0.4546f,0f,0f,-1f,0.0625f,0f,0f,0f,1f],start_interpolation: 0,interpolation_duration: 1}
$data merge entity $(bone_bone29) {transformation: [-0.9453f,-0.3263f,0f,0.2656f,-0.3263f,0.9453f,0f,0.75f,0f,0f,-1f,0.0625f,0f,0f,0f,1f],start_interpolation: 0,interpolation_duration: 1}
$data merge entity $(bone_bone33) {transformation: [-0.9956f,-0.0339f,0.0878f,0.3882f,-0.0297f,0.9984f,0.0478f,0.4626f,-0.0893f,0.0449f,-0.995f,-0.0649f,0f,0f,0f,1f],start_interpolation: 0,interpolation_duration: 1}
$data merge entity $(bone_bone32) {transformation: [-0.9186f,-0.3924f,0.0471f,0.2656f,-0.3914f,0.9198f,0.0283f,0.75f,-0.0544f,0.0076f,-0.9985f,-0.0625f,0f,0f,0f,1f],start_interpolation: 0,interpolation_duration: 1}
$data merge entity $(bone_bone36) {transformation: [-0.8892f,0.3411f,-0.3048f,-0.3047f,0.4236f,0.8656f,-0.2669f,0.4424f,0.1728f,-0.3665f,-0.9142f,0.1015f,0f,0f,0f,1f],start_interpolation: 0,interpolation_duration: 1}
$data merge entity $(bone_bone35) {transformation: [-0.9921f,0.125f,-0.0057f,-0.2656f,0.1247f,0.9843f,-0.125f,0.75f,-0.01f,-0.1248f,-0.9921f,0.0625f,0f,0f,0f,1f],start_interpolation: 0,interpolation_duration: 1}
$data merge entity $(bone_bone39) {transformation: [-0.9378f,0.0615f,0.3418f,-0.3504f,0.0841f,0.9951f,0.0517f,0.45f,-0.3369f,0.0772f,-0.9384f,-0.0407f,0f,0f,0f,1f],start_interpolation: 0,interpolation_duration: 1}
$data merge entity $(bone_bone38) {transformation: [-0.9473f,0.2712f,0.1704f,-0.2656f,0.2534f,0.96f,-0.1191f,0.75f,-0.1959f,-0.0697f,-0.9781f,-0.0625f,0f,0f,0f,1f],start_interpolation: 0,interpolation_duration: 1}
$data merge entity $(bone_bone45) {transformation: [-0.9783f,-0.0426f,-0.203f,-0.4697f,-0.1038f,0.9478f,0.3013f,1.2128f,0.1796f,0.3159f,-0.9317f,-0.1968f,0f,0f,0f,1f],start_interpolation: 0,interpolation_duration: 1}
$data merge entity $(bone_bone44) {transformation: [-0.9576f,0.2879f,0.0045f,-0.3797f,0.2842f,0.9425f,0.1757f,1.5073f,0.0464f,0.1695f,-0.9844f,-0.1438f,0f,0f,0f,1f],start_interpolation: 0,interpolation_duration: 1}
$data merge entity $(bone_bone48) {transformation: [-0.7234f,0.0519f,-0.6885f,-0.6203f,0.1799f,0.9769f,-0.1154f,0.9167f,0.6666f,-0.2073f,-0.716f,0.031f,0f,0f,0f,1f],start_interpolation: 0,interpolation_duration: 1}
$data merge entity $(bone_bone47) {transformation: [-0.9173f,0.3067f,-0.2541f,-0.5053f,0.311f,0.9501f,0.0243f,1.273f,0.2489f,-0.0568f,-0.9669f,0.0097f,0f,0f,0f,1f],start_interpolation: 0,interpolation_duration: 1}
$data merge entity $(bone_3) {transformation: [-0.9432f,0.2266f,-0.2431f,-0.3444f,0.2084f,0.9731f,0.0984f,1.3653f,0.2588f,0.0421f,-0.965f,-0.0214f,0f,0f,0f,1f],start_interpolation: 0,interpolation_duration: 1}
$data merge entity $(bone_4) {transformation: [-0.9432f,0.1686f,-0.2863f,-0.4543f,0.2084f,0.9713f,-0.1146f,1.1594f,0.2588f,-0.1677f,-0.9513f,-0.0147f,0f,0f,0f,1f],start_interpolation: 0,interpolation_duration: 1}
$data merge entity $(bone_bone42) {transformation: [-0.9804f,-0.0787f,-0.1807f,0.4497f,-0.1624f,0.8421f,0.5143f,1.2132f,0.1117f,0.5335f,-0.8384f,-0.217f,0f,0f,0f,1f],start_interpolation: 0,interpolation_duration: 1}
$data merge entity $(bone_bone41) {transformation: [-0.9261f,-0.2822f,0.2502f,0.3615f,-0.2f,0.9299f,0.3086f,1.5039f,-0.3198f,0.2357f,-0.9177f,-0.1434f,0f,0f,0f,1f],start_interpolation: 0,interpolation_duration: 1}
$data merge entity $(bone_bone51) {transformation: [-0.8282f,-0.3799f,0.412f,0.5795f,-0.3954f,0.9171f,0.0508f,0.9025f,-0.3972f,-0.1208f,-0.9098f,0.0161f,0f,0f,0f,1f],start_interpolation: 0,interpolation_duration: 1}
$data merge entity $(bone_bone50) {transformation: [-0.8857f,-0.2231f,0.4072f,0.4959f,-0.2216f,0.9738f,0.0515f,1.2676f,-0.408f,-0.0446f,-0.9119f,-0.0006f,0f,0f,0f,1f],start_interpolation: 0,interpolation_duration: 1}
$data merge entity $(bone_1) {transformation: [-0.9765f,-0.1784f,0.1209f,0.3363f,-0.1715f,0.983f,0.0655f,1.3664f,-0.1305f,0.0432f,-0.9905f,-0.0136f,0f,0f,0f,1f],start_interpolation: 0,interpolation_duration: 1}
$data merge entity $(bone_2) {transformation: [-0.9765f,-0.141f,0.1629f,0.4058f,-0.1715f,0.9665f,-0.1911f,1.1567f,-0.1305f,-0.2146f,-0.9679f,-0.0189f,0f,0f,0f,1f],start_interpolation: 0,interpolation_duration: 1}
$data merge entity $(bone_7) {transformation: [-0.999f,0.0442f,-0.0038f,-0.1271f,0.0443f,0.9953f,-0.0864f,0.5617f,0f,-0.0865f,-0.9963f,0.0162f,0f,0f,0f,1f],start_interpolation: 0,interpolation_duration: 1}
$data merge entity $(bone_8) {transformation: [-0.999f,0.0416f,0.0152f,-0.1332f,0.0443f,0.9385f,0.3423f,0.4228f,0f,0.3427f,-0.9395f,0.0408f,0f,0f,0f,1f],start_interpolation: 0,interpolation_duration: 1}
$data merge entity $(bone_5) {transformation: [-0.999f,-0.0443f,0f,0.1188f,-0.0443f,0.999f,0.0007f,0.7483f,0f,0.0007f,-1f,0f,0f,0f,0f,1f],start_interpolation: 0,interpolation_duration: 1}
$data merge entity $(bone_6) {transformation: [-0.999f,-0.0428f,-0.0115f,0.1337f,-0.0443f,0.9648f,0.2592f,0.4112f,0f,0.2595f,-0.9657f,0.006f,0f,0f,0f,1f],start_interpolation: 0,interpolation_duration: 1}