# This file was generated by Animated Java via MC-Build. It is not recommended to edit this file directly.
$data merge entity $(bone_bone54) {transformation: [-0.9561f,0.2365f,0.1733f,-0.1863f,0.2809f,0.908f,0.3109f,1.2325f,-0.0838f,0.3459f,-0.9345f,-0.3025f,0f,0f,0f,1f],start_interpolation: 0,interpolation_duration: 1}
$data merge entity $(bone_bone53) {transformation: [-0.9823f,0.0791f,-0.1699f,-0.1562f,-0.0031f,0.8996f,0.4368f,1.5f,0.1874f,0.4296f,-0.8834f,-0.1406f,0f,0f,0f,1f],start_interpolation: 0,interpolation_duration: 1}
$data merge entity $(bone_bone57) {transformation: [-0.9835f,-0.0364f,0.177f,0.1446f,0.0216f,0.9487f,0.3153f,1.1947f,-0.1794f,0.3139f,-0.9323f,-0.2133f,0f,0f,0f,1f],start_interpolation: 0,interpolation_duration: 1}
$data merge entity $(bone_bone56) {transformation: [-0.9422f,0.07f,0.3278f,0.1563f,0.1111f,0.9879f,0.1085f,1.5f,-0.3162f,0.1386f,-0.9385f,-0.1406f,0f,0f,0f,1f],start_interpolation: 0,interpolation_duration: 1}
$data merge entity $(bone_bone5) {transformation: [-0.9408f,0.2076f,0.2678f,-0.219f,0.1343f,0.9541f,-0.2676f,0.4438f,-0.3111f,-0.2158f,-0.9256f,0.1712f,0f,0f,0f,1f],start_interpolation: 0,interpolation_duration: 1}
$data merge entity $(bone_bone2) {transformation: [-0.9408f,0.2017f,0.2723f,-0.1875f,0.1343f,0.9597f,-0.2467f,0.5938f,-0.3111f,-0.1956f,-0.93f,0.1406f,0f,0f,0f,1f],start_interpolation: 0,interpolation_duration: 1}
$data merge entity $(bone_bone9) {transformation: [-0.9848f,-0.0105f,0.1734f,-0.083f,0.0064f,0.9953f,0.0969f,0.4565f,-0.1736f,0.0965f,-0.9801f,0.2459f,0f,0f,0f,1f],start_interpolation: 0,interpolation_duration: 1}
$data merge entity $(bone_bone8) {transformation: [-0.9848f,0.0655f,0.1609f,-0.0625f,0.0064f,0.9393f,-0.3431f,0.75f,-0.1736f,-0.3368f,-0.9254f,0.1406f,0f,0f,0f,1f],start_interpolation: 0,interpolation_duration: 1}
$data merge entity $(bone_bone12) {transformation: [-0.9866f,-0.0353f,-0.159f,0.0773f,0f,0.9763f,-0.2164f,0.451f,0.1629f,-0.2135f,-0.9633f,0.2145f,0f,0f,0f,1f],start_interpolation: 0,interpolation_duration: 1}
$data merge entity $(bone_bone11) {transformation: [-0.9866f,-0.0473f,-0.1559f,0.0625f,0f,0.9569f,-0.2903f,0.75f,0.1629f,-0.2864f,-0.9442f,0.125f,0f,0f,0f,1f],start_interpolation: 0,interpolation_duration: 1}
$data merge entity $(bone_bone15) {transformation: [-0.9504f,-0.1383f,-0.2785f,0.2518f,-0.1357f,0.9903f,-0.0287f,0.4534f,0.2798f,0.0105f,-0.96f,0.1995f,0f,0f,0f,1f],start_interpolation: 0,interpolation_duration: 1}
$data merge entity $(bone_bone14) {transformation: [-0.9504f,-0.2057f,-0.2333f,0.1875f,-0.1357f,0.9491f,-0.2841f,0.75f,0.2798f,-0.2383f,-0.93f,0.125f,0f,0f,0f,1f],start_interpolation: 0,interpolation_duration: 1}
$data merge entity $(bone_bone18) {transformation: [-0.9085f,0.2515f,-0.3337f,-0.2853f,0.1002f,0.9064f,0.4103f,0.4617f,0.4056f,0.3394f,-0.8487f,-0.2112f,0f,0f,0f,1f],start_interpolation: 0,interpolation_duration: 1}
$data merge entity $(bone_bone17) {transformation: [-0.8639f,0.313f,-0.3946f,-0.1875f,0.1778f,0.9225f,0.3426f,0.75f,0.4712f,0.2258f,-0.8526f,-0.1406f,0f,0f,0f,1f],start_interpolation: 0,interpolation_duration: 1}
$data merge entity $(bone_bone21) {transformation: [-0.9843f,0.0451f,0.1707f,-0.1025f,0.1441f,0.7639f,0.629f,0.4792f,-0.102f,0.6438f,-0.7584f,-0.2913f,0f,0f,0f,1f],start_interpolation: 0,interpolation_duration: 1}
$data merge entity $(bone_bone20) {transformation: [-0.9727f,0.128f,-0.1934f,-0.0625f,0.0149f,0.8666f,0.4988f,0.75f,0.2314f,0.4823f,-0.8449f,-0.1406f,0f,0f,0f,1f],start_interpolation: 0,interpolation_duration: 1}
$data merge entity $(bone_bone24) {transformation: [-0.9957f,0.09f,0.0202f,0.0639f,0.092f,0.954f,0.2852f,0.5248f,0.0064f,0.2858f,-0.9583f,-0.3573f,0f,0f,0f,1f],start_interpolation: 0,interpolation_duration: 1}
$data merge entity $(bone_bone23) {transformation: [-0.9995f,-0.0046f,-0.0315f,0.0625f,-0.0251f,0.7206f,0.6929f,0.75f,0.0195f,0.6933f,-0.7203f,-0.1406f,0f,0f,0f,1f],start_interpolation: 0,interpolation_duration: 1}
$data merge entity $(bone_bone27) {transformation: [-0.8627f,-0.0391f,0.5043f,0.2459f,0.0607f,0.9818f,0.1798f,0.4912f,-0.5021f,0.1857f,-0.8446f,-0.3057f,0f,0f,0f,1f],start_interpolation: 0,interpolation_duration: 1}
$data merge entity $(bone_bone26) {transformation: [-0.8155f,-0.1867f,0.5478f,0.1875f,0.1692f,0.8282f,0.5342f,0.75f,-0.5535f,0.5284f,-0.6438f,-0.1406f,0f,0f,0f,1f],start_interpolation: 0,interpolation_duration: 1}
$data merge entity $(bone_bone30) {transformation: [-0.9928f,-0.1197f,0f,0.3797f,-0.1197f,0.9928f,0f,0.4591f,0f,0f,-1f,0.0625f,0f,0f,0f,1f],start_interpolation: 0,interpolation_duration: 1}
$data merge entity $(bone_bone29) {transformation: [-0.931f,-0.365f,0f,0.2656f,-0.365f,0.931f,0f,0.75f,0f,0f,-1f,0.0625f,0f,0f,0f,1f],start_interpolation: 0,interpolation_duration: 1}
$data merge entity $(bone_bone33) {transformation: [-0.949f,-0.2245f,0.2213f,0.4497f,-0.1409f,0.93f,0.3395f,0.5003f,-0.282f,0.291f,-0.9142f,-0.1002f,0f,0f,0f,1f],start_interpolation: 0,interpolation_duration: 1}
$data merge entity $(bone_bone32) {transformation: [-0.7867f,-0.5892f,0.1844f,0.2656f,-0.5331f,0.7989f,0.2783f,0.75f,-0.3113f,0.1207f,-0.9426f,-0.0625f,0f,0f,0f,1f],start_interpolation: 0,interpolation_duration: 1}
$data merge entity $(bone_bone36) {transformation: [-0.8375f,0.2183f,-0.5009f,-0.3681f,0.4172f,0.8474f,-0.3283f,0.4636f,0.3528f,-0.4839f,-0.8008f,0.1342f,0f,0f,0f,1f],start_interpolation: 0,interpolation_duration: 1}
$data merge entity $(bone_bone35) {transformation: [-0.8965f,0.3279f,-0.2979f,-0.2656f,0.3784f,0.9164f,-0.1302f,0.75f,0.2303f,-0.2294f,-0.9457f,0.0625f,0f,0f,0f,1f],start_interpolation: 0,interpolation_duration: 1}
$data merge entity $(bone_bone39) {transformation: [-0.7904f,0.5438f,0.282f,-0.3597f,0.5527f,0.8316f,-0.0545f,0.4643f,-0.2642f,0.1128f,-0.9579f,-0.1473f,0f,0f,0f,1f],start_interpolation: 0,interpolation_duration: 1}
$data merge entity $(bone_bone38) {transformation: [-0.9367f,0.3009f,0.1791f,-0.2656f,0.3368f,0.9142f,0.2254f,0.75f,-0.0959f,0.2714f,-0.9577f,-0.0625f,0f,0f,0f,1f],start_interpolation: 0,interpolation_duration: 1}
$data merge entity $(bone_bone45) {transformation: [-0.9108f,0.4127f,-0.0106f,-0.4353f,0.3903f,0.8691f,0.304f,1.2124f,0.1347f,0.2727f,-0.9526f,-0.2318f,0f,0f,0f,1f],start_interpolation: 0,interpolation_duration: 1}
$data merge entity $(bone_bone44) {transformation: [-0.9809f,0.1771f,0.0801f,-0.38f,0.1924f,0.943f,0.2714f,1.5071f,-0.0275f,0.2816f,-0.9591f,-0.1438f,0f,0f,0f,1f],start_interpolation: 0,interpolation_duration: 1}
$data merge entity $(bone_bone48) {transformation: [-0.9569f,0.2364f,-0.1687f,-0.6185f,0.253f,0.9638f,-0.0842f,0.9178f,0.1427f,-0.1232f,-0.9821f,0.0636f,0f,0f,0f,1f],start_interpolation: 0,interpolation_duration: 1}
$data merge entity $(bone_bone47) {transformation: [-0.8456f,0.3238f,-0.4243f,-0.497f,0.3542f,0.9351f,0.0078f,1.2685f,0.3993f,-0.1437f,-0.9055f,0.0097f,0f,0f,0f,1f],start_interpolation: 0,interpolation_duration: 1}
$data merge entity $(bone_3) {transformation: [-0.9501f,0.1913f,-0.2465f,-0.3395f,0.1742f,0.9806f,0.0895f,1.3665f,0.2588f,0.0421f,-0.965f,-0.0214f,0f,0f,0f,1f],start_interpolation: 0,interpolation_duration: 1}
$data merge entity $(bone_4) {transformation: [-0.9501f,0.1334f,-0.282f,-0.442f,0.1742f,0.9768f,-0.1248f,1.1568f,0.2588f,-0.1677f,-0.9513f,-0.0147f,0f,0f,0f,1f],start_interpolation: 0,interpolation_duration: 1}
$data merge entity $(bone_bone42) {transformation: [-0.9942f,-0.093f,-0.0541f,0.3929f,-0.1019f,0.975f,0.1972f,1.2119f,0.0344f,0.2016f,-0.9789f,-0.2491f,0f,0f,0f,1f],start_interpolation: 0,interpolation_duration: 1}
$data merge entity $(bone_bone41) {transformation: [-0.9619f,-0.1001f,-0.2544f,0.3616f,-0.1779f,0.9356f,0.3048f,1.5043f,0.2075f,0.3384f,-0.9178f,-0.1434f,0f,0f,0f,1f],start_interpolation: 0,interpolation_duration: 1}
$data merge entity $(bone_bone51) {transformation: [-0.9377f,-0.2991f,0.1769f,0.6377f,-0.2383f,0.9239f,0.2993f,0.9201f,-0.2529f,0.2385f,-0.9376f,0.0125f,0f,0f,0f,1f],start_interpolation: 0,interpolation_duration: 1}
$data merge entity $(bone_bone50) {transformation: [-0.9028f,-0.4008f,0.156f,0.4874f,-0.4011f,0.9155f,0.0307f,1.2634f,-0.1552f,-0.0349f,-0.9873f,-0.0006f,0f,0f,0f,1f],start_interpolation: 0,interpolation_duration: 1}
$data merge entity $(bone_1) {transformation: [-0.9821f,-0.1428f,0.1232f,0.3315f,-0.1361f,0.9888f,0.0611f,1.3679f,-0.1305f,0.0432f,-0.9905f,-0.0136f,0f,0f,0f,1f],start_interpolation: 0,interpolation_duration: 1}
$data merge entity $(bone_2) {transformation: [-0.9821f,-0.106f,0.1559f,0.3934f,-0.1361f,0.9709f,-0.1969f,1.1558f,-0.1305f,-0.2146f,-0.9679f,-0.0189f,0f,0f,0f,1f],start_interpolation: 0,interpolation_duration: 1}
$data merge entity $(bone_7) {transformation: [-0.9968f,0.0803f,-0.0041f,-0.1339f,0.0804f,0.9955f,-0.0503f,0.5603f,0f,-0.0504f,-0.9987f,0.0095f,0f,0f,0f,1f],start_interpolation: 0,interpolation_duration: 1}
$data merge entity $(bone_8) {transformation: [-0.9968f,0.0745f,0.0302f,-0.1452f,0.0804f,0.9235f,0.3752f,0.421f,0f,0.3764f,-0.9265f,0.029f,0f,0f,0f,1f],start_interpolation: 0,interpolation_duration: 1}
$data merge entity $(bone_5) {transformation: [-0.9968f,-0.0803f,-0.003f,0.1189f,-0.0804f,0.9961f,0.0367f,0.747f,0f,0.0368f,-0.9993f,0f,0f,0f,0f,1f],start_interpolation: 0,interpolation_duration: 1}
$data merge entity $(bone_6) {transformation: [-0.9968f,-0.0768f,-0.0236f,0.146f,-0.0804f,0.9527f,0.2932f,0.4106f,0f,0.2942f,-0.9557f,-0.0062f,0f,0f,0f,1f],start_interpolation: 0,interpolation_duration: 1}