# This file was generated by Animated Java via MC-Build. It is not recommended to edit this file directly.
$data merge entity $(bone_bone54) {transformation: [-0.9563f,0.2391f,0.1683f,-0.1906f,0.2841f,0.8956f,0.3423f,-0.8624f,-0.0689f,0.3751f,-0.9244f,-0.2996f,0f,0f,0f,1f],start_interpolation: 0,interpolation_duration: 1}
$data merge entity $(bone_bone53) {transformation: [-0.9833f,0.0942f,-0.1559f,-0.1562f,0.0183f,0.9027f,0.4298f,-0.5937f,0.1812f,0.4198f,-0.8894f,-0.1406f,0f,0f,0f,1f],start_interpolation: 0,interpolation_duration: 1}
$data merge entity $(bone_bone57) {transformation: [-0.9809f,-0.0354f,0.1914f,0.1453f,0.0217f,0.9574f,0.288f,-0.899f,-0.1935f,0.2867f,-0.9383f,-0.2135f,0f,0f,0f,1f],start_interpolation: 0,interpolation_duration: 1}
$data merge entity $(bone_bone56) {transformation: [-0.9377f,0.0691f,0.3404f,0.1563f,0.1121f,0.9878f,0.1085f,-0.5937f,-0.3287f,0.1399f,-0.934f,-0.1406f,0f,0f,0f,1f],start_interpolation: 0,interpolation_duration: 1}
$data merge entity $(bone_bone5) {transformation: [-0.9456f,0.207f,0.2511f,-0.2201f,0.146f,0.9594f,-0.2411f,-1.6496f,-0.2909f,-0.1913f,-0.9374f,0.1716f,0f,0f,0f,1f],start_interpolation: 0,interpolation_duration: 1}
$data merge entity $(bone_bone2) {transformation: [-0.9456f,0.2089f,0.2496f,-0.1875f,0.146f,0.9576f,-0.2484f,-1.5f,-0.2909f,-0.1984f,-0.936f,0.1406f,0f,0f,0f,1f],start_interpolation: 0,interpolation_duration: 1}
$data merge entity $(bone_bone9) {transformation: [-0.988f,-0.0141f,0.1539f,-0.0807f,0.0068f,0.9909f,0.1342f,-1.638f,-0.1543f,0.1336f,-0.9789f,0.2443f,0f,0f,0f,1f],start_interpolation: 0,interpolation_duration: 1}
$data merge entity $(bone_bone8) {transformation: [-0.988f,0.0583f,0.1431f,-0.0625f,0.0068f,0.9415f,-0.3369f,-1.3437f,-0.1543f,-0.3319f,-0.9306f,0.1406f,0f,0f,0f,1f],start_interpolation: 0,interpolation_duration: 1}
$data merge entity $(bone_bone12) {transformation: [-0.9902f,-0.0375f,-0.1342f,0.0793f,-0.0129f,0.9836f,-0.1798f,-1.6419f,0.1387f,-0.1764f,-0.9745f,0.2172f,0f,0f,0f,1f],start_interpolation: 0,interpolation_duration: 1}
$data merge entity $(bone_bone11) {transformation: [-0.9902f,-0.0538f,-0.1285f,0.0625f,-0.0129f,0.9539f,-0.2998f,-1.3437f,0.1387f,-0.2952f,-0.9453f,0.125f,0f,0f,0f,1f],start_interpolation: 0,interpolation_duration: 1}
$data merge entity $(bone_bone15) {transformation: [-0.9524f,-0.1437f,-0.2689f,0.2522f,-0.1407f,0.9896f,-0.0303f,-1.6406f,0.2704f,0.0089f,-0.9627f,0.1983f,0f,0f,0f,1f],start_interpolation: 0,interpolation_duration: 1}
$data merge entity $(bone_bone14) {transformation: [-0.9524f,-0.2069f,-0.2239f,0.1875f,-0.1407f,0.9499f,-0.2792f,-1.3437f,0.2704f,-0.2345f,-0.9338f,0.125f,0f,0f,0f,1f],start_interpolation: 0,interpolation_duration: 1}
$data merge entity $(bone_bone18) {transformation: [-0.899f,0.2974f,-0.3214f,-0.2814f,0.1289f,0.8811f,0.4549f,-1.6328f,0.4185f,0.3676f,-0.8305f,-0.2133f,0f,0f,0f,1f],start_interpolation: 0,interpolation_duration: 1}
$data merge entity $(bone_bone17) {transformation: [-0.8742f,0.3005f,-0.3814f,-0.1875f,0.1697f,0.925f,0.34f,-1.3437f,0.455f,0.2325f,-0.8596f,-0.1406f,0f,0f,0f,1f],start_interpolation: 0,interpolation_duration: 1}
$data merge entity $(bone_bone21) {transformation: [-0.9908f,0.035f,0.1309f,-0.0995f,0.1097f,0.7745f,0.623f,-1.6146f,-0.0796f,0.6317f,-0.7711f,-0.292f,0f,0f,0f,1f],start_interpolation: 0,interpolation_duration: 1}
$data merge entity $(bone_bone20) {transformation: [-0.9634f,0.1183f,-0.2407f,-0.0625f,-0.0181f,0.8668f,0.4984f,-1.3437f,0.2676f,0.4845f,-0.8329f,-0.1406f,0f,0f,0f,1f],start_interpolation: 0,interpolation_duration: 1}
$data merge entity $(bone_bone24) {transformation: [-0.9941f,0.1035f,0.0325f,0.0642f,0.1085f,0.9467f,0.3032f,-1.5684f,0.0006f,0.3049f,-0.9524f,-0.3578f,0f,0f,0f,1f],start_interpolation: 0,interpolation_duration: 1}
$data merge entity $(bone_bone23) {transformation: [-0.9998f,-0.0055f,-0.0184f,0.0625f,-0.0167f,0.719f,0.6948f,-1.3437f,0.0094f,0.695f,-0.7189f,-0.1406f,0f,0f,0f,1f],start_interpolation: 0,interpolation_duration: 1}
$data merge entity $(bone_bone27) {transformation: [-0.8742f,-0.0535f,0.4827f,0.2485f,0.0328f,0.9852f,0.1685f,-1.6033f,-0.4845f,0.1631f,-0.8594f,-0.3037f,0f,0f,0f,1f],start_interpolation: 0,interpolation_duration: 1}
$data merge entity $(bone_bone26) {transformation: [-0.8312f,-0.1954f,0.5205f,0.1875f,0.1422f,0.8304f,0.5387f,-1.3437f,-0.5375f,0.5217f,-0.6625f,-0.1406f,0f,0f,0f,1f],start_interpolation: 0,interpolation_duration: 1}
$data merge entity $(bone_bone30) {transformation: [-0.9938f,-0.111f,0f,0.3857f,-0.111f,0.9938f,0f,-1.6322f,0f,0f,-1f,0.0625f,0f,0f,0f,1f],start_interpolation: 0,interpolation_duration: 1}
$data merge entity $(bone_bone29) {transformation: [-0.9232f,-0.3844f,0f,0.2656f,-0.3844f,0.9232f,0f,-1.3437f,0f,0f,-1f,0.0625f,0f,0f,0f,1f],start_interpolation: 0,interpolation_duration: 1}
$data merge entity $(bone_bone33) {transformation: [-0.9637f,-0.1959f,0.1814f,0.451f,-0.1346f,0.9431f,0.3039f,-1.5926f,-0.2306f,0.2685f,-0.9353f,-0.0993f,0f,0f,0f,1f],start_interpolation: 0,interpolation_duration: 1}
$data merge entity $(bone_bone32) {transformation: [-0.7853f,-0.5933f,0.1768f,0.2656f,-0.5405f,0.7963f,0.2716f,-1.3437f,-0.3019f,0.1178f,-0.946f,-0.0625f,0f,0f,0f,1f],start_interpolation: 0,interpolation_duration: 1}
$data merge entity $(bone_bone36) {transformation: [-0.8531f,0.2153f,-0.4752f,-0.3703f,0.3963f,0.8598f,-0.322f,-1.6287f,0.3392f,-0.463f,-0.8189f,0.1368f,0f,0f,0f,1f],start_interpolation: 0,interpolation_duration: 1}
$data merge entity $(bone_bone35) {transformation: [-0.8918f,0.3348f,-0.3042f,-0.2656f,0.3881f,0.9118f,-0.1343f,-1.3437f,0.2324f,-0.2379f,-0.9431f,0.0625f,0f,0f,0f,1f],start_interpolation: 0,interpolation_duration: 1}
$data merge entity $(bone_bone39) {transformation: [-0.7917f,0.5501f,0.2657f,-0.3604f,0.5575f,0.8284f,-0.0539f,-1.6291f,-0.2497f,0.1055f,-0.9626f,-0.1475f,0f,0f,0f,1f],start_interpolation: 0,interpolation_duration: 1}
$data merge entity $(bone_bone38) {transformation: [-0.9349f,0.3033f,0.1841f,-0.2656f,0.3404f,0.9132f,0.2239f,-1.3437f,-0.1002f,0.272f,-0.9571f,-0.0625f,0f,0f,0f,1f],start_interpolation: 0,interpolation_duration: 1}
$data merge entity $(bone_bone45) {transformation: [-0.9139f,0.4047f,-0.033f,-0.4255f,0.3811f,0.8829f,0.2744f,-0.8831f,0.1402f,0.2382f,-0.961f,-0.2315f,0f,0f,0f,1f],start_interpolation: 0,interpolation_duration: 1}
$data merge entity $(bone_bone44) {transformation: [-0.9877f,0.1458f,0.0571f,-0.38f,0.1559f,0.9487f,0.275f,-0.5866f,-0.0141f,0.2805f,-0.9597f,-0.1438f,0f,0f,0f,1f],start_interpolation: 0,interpolation_duration: 1}
$data merge entity $(bone_bone48) {transformation: [-0.9498f,0.2612f,-0.1724f,-0.6135f,0.283f,0.952f,-0.1167f,-1.178f,0.1336f,-0.1597f,-0.9781f,0.0614f,0f,0f,0f,1f],start_interpolation: 0,interpolation_duration: 1}
$data merge entity $(bone_bone47) {transformation: [-0.8515f,0.3114f,-0.4219f,-0.4968f,0.3405f,0.9402f,0.0068f,-0.8254f,0.3988f,-0.1378f,-0.9066f,0.0097f,0f,0f,0f,1f],start_interpolation: 0,interpolation_duration: 1}
$data merge entity $(bone_3) {transformation: [-0.9503f,0.1901f,-0.2466f,-0.3394f,0.1731f,0.9809f,0.0892f,-0.7272f,0.2588f,0.0421f,-0.965f,-0.0214f,0f,0f,0f,1f],start_interpolation: 0,interpolation_duration: 1}
$data merge entity $(bone_4) {transformation: [-0.9503f,0.1323f,-0.2819f,-0.4415f,0.1731f,0.9769f,-0.1252f,-0.937f,0.2588f,-0.1677f,-0.9513f,-0.0147f,0f,0f,0f,1f],start_interpolation: 0,interpolation_duration: 1}
$data merge entity $(bone_bone42) {transformation: [-0.9923f,-0.1198f,-0.0328f,0.3995f,-0.1242f,0.9633f,0.238f,-0.8832f,0.0031f,0.2402f,-0.9707f,-0.243f,0f,0f,0f,1f],start_interpolation: 0,interpolation_duration: 1}
$data merge entity $(bone_bone41) {transformation: [-0.9707f,-0.1213f,-0.2074f,0.3616f,-0.1794f,0.9401f,0.29f,-0.5894f,0.1598f,0.3187f,-0.9343f,-0.1434f,0f,0f,0f,1f],start_interpolation: 0,interpolation_duration: 1}
$data merge entity $(bone_bone51) {transformation: [-0.9233f,-0.3302f,0.1963f,0.6348f,-0.2562f,0.91f,0.3259f,-1.1747f,-0.2862f,0.2506f,-0.9248f,0.0178f,0f,0f,0f,1f],start_interpolation: 0,interpolation_duration: 1}
$data merge entity $(bone_bone50) {transformation: [-0.9011f,-0.3938f,0.1814f,0.4871f,-0.396f,0.9179f,0.0253f,-0.8305f,-0.1765f,-0.049f,-0.9831f,-0.0006f,0f,0f,0f,1f],start_interpolation: 0,interpolation_duration: 1}
$data merge entity $(bone_1) {transformation: [-0.9822f,-0.1416f,0.1233f,0.3313f,-0.1349f,0.989f,0.061f,-0.7258f,-0.1305f,0.0432f,-0.9905f,-0.0136f,0f,0f,0f,1f],start_interpolation: 0,interpolation_duration: 1}
$data merge entity $(bone_2) {transformation: [-0.9822f,-0.1049f,0.1557f,0.393f,-0.1349f,0.9711f,-0.1971f,-0.9379f,-0.1305f,-0.2146f,-0.9679f,-0.0189f,0f,0f,0f,1f],start_interpolation: 0,interpolation_duration: 1}
$data merge entity $(bone_7) {transformation: [-0.9967f,0.0814f,-0.004f,-0.1341f,0.0815f,0.9955f,-0.0491f,-1.5335f,0f,-0.0492f,-0.9988f,0.0092f,0f,0f,0f,1f],start_interpolation: 0,interpolation_duration: 1}
$data merge entity $(bone_8) {transformation: [-0.9967f,0.0755f,0.0308f,-0.1455f,0.0815f,0.9229f,0.3762f,-1.6728f,0f,0.3775f,-0.926f,0.0286f,0f,0f,0f,1f],start_interpolation: 0,interpolation_duration: 1}
$data merge entity $(bone_5) {transformation: [-0.9967f,-0.0815f,-0.0031f,0.1189f,-0.0815f,0.996f,0.0379f,-1.3468f,0f,0.038f,-0.9993f,0f,0f,0f,0f,1f],start_interpolation: 0,interpolation_duration: 1}
$data merge entity $(bone_6) {transformation: [-0.9967f,-0.0779f,-0.0241f,0.1464f,-0.0815f,0.9522f,0.2943f,-1.6832f,0f,0.2953f,-0.9554f,-0.0066f,0f,0f,0f,1f],start_interpolation: 0,interpolation_duration: 1}