# This file was generated by Animated Java via MC-Build. It is not recommended to edit this file directly.
$data merge entity $(bone_bone54) {transformation: [-0.9564f,0.2422f,0.1634f,-0.1948f,0.2871f,0.8826f,0.3723f,1.2302f,-0.0541f,0.403f,-0.9136f,-0.2967f,0f,0f,0f,1f],start_interpolation: 0,interpolation_duration: 1}
$data merge entity $(bone_bone53) {transformation: [-0.9838f,0.1091f,-0.1421f,-0.1562f,0.0394f,0.9056f,0.4224f,1.5f,0.1747f,0.4099f,-0.8952f,-0.1406f,0f,0f,0f,1f],start_interpolation: 0,interpolation_duration: 1}
$data merge entity $(bone_bone57) {transformation: [-0.9781f,-0.0332f,0.2057f,0.146f,0.022f,0.9652f,0.2606f,1.1948f,-0.2072f,0.2594f,-0.9433f,-0.2139f,0f,0f,0f,1f],start_interpolation: 0,interpolation_duration: 1}
$data merge entity $(bone_bone56) {transformation: [-0.9333f,0.0679f,0.3525f,0.1563f,0.113f,0.9876f,0.1089f,1.5f,-0.3407f,0.1415f,-0.9295f,-0.1406f,0f,0f,0f,1f],start_interpolation: 0,interpolation_duration: 1}
$data merge entity $(bone_bone5) {transformation: [-0.9496f,0.2075f,0.2349f,-0.2212f,0.1575f,0.9639f,-0.2146f,0.4445f,-0.2709f,-0.1668f,-0.948f,0.1721f,0f,0f,0f,1f],start_interpolation: 0,interpolation_duration: 1}
$data merge entity $(bone_bone2) {transformation: [-0.9496f,0.2159f,0.2272f,-0.1875f,0.1575f,0.9555f,-0.2495f,0.5938f,-0.2709f,-0.2011f,-0.9414f,0.1406f,0f,0f,0f,1f],start_interpolation: 0,interpolation_duration: 1}
$data merge entity $(bone_bone9) {transformation: [-0.9908f,-0.0161f,0.1346f,-0.0786f,0.0071f,0.9853f,0.1706f,0.4551f,-0.1354f,0.17f,-0.9761f,0.2428f,0f,0f,0f,1f],start_interpolation: 0,interpolation_duration: 1}
$data merge entity $(bone_bone8) {transformation: [-0.9908f,0.0514f,0.1254f,-0.0625f,0.0071f,0.9437f,-0.3308f,0.75f,-0.1354f,-0.3268f,-0.9353f,0.1406f,0f,0f,0f,1f],start_interpolation: 0,interpolation_duration: 1}
$data merge entity $(bone_bone12) {transformation: [-0.993f,-0.0417f,-0.1101f,0.0812f,-0.0257f,0.9894f,-0.1431f,0.4528f,0.1149f,-0.1393f,-0.9836f,0.2199f,0f,0f,0f,1f],start_interpolation: 0,interpolation_duration: 1}
$data merge entity $(bone_bone11) {transformation: [-0.993f,-0.0597f,-0.1015f,0.0625f,-0.0257f,0.9509f,-0.3084f,0.75f,0.1149f,-0.3037f,-0.9458f,0.125f,0f,0f,0f,1f],start_interpolation: 0,interpolation_duration: 1}
$data merge entity $(bone_bone15) {transformation: [-0.9542f,-0.1489f,-0.2593f,0.2526f,-0.1457f,0.9888f,-0.0318f,0.453f,0.2612f,0.0074f,-0.9653f,0.1971f,0f,0f,0f,1f],start_interpolation: 0,interpolation_duration: 1}
$data merge entity $(bone_bone14) {transformation: [-0.9542f,-0.2082f,-0.2147f,0.1875f,-0.1457f,0.9505f,-0.2744f,0.75f,0.2612f,-0.2306f,-0.9373f,0.125f,0f,0f,0f,1f],start_interpolation: 0,interpolation_duration: 1}
$data merge entity $(bone_bone18) {transformation: [-0.8887f,0.342f,-0.3052f,-0.2774f,0.1567f,0.8524f,0.4988f,0.4602f,0.4308f,0.3955f,-0.8112f,-0.2154f,0f,0f,0f,1f],start_interpolation: 0,interpolation_duration: 1}
$data merge entity $(bone_bone17) {transformation: [-0.8839f,0.2878f,-0.3686f,-0.1875f,0.161f,0.9273f,0.3379f,0.75f,0.439f,0.2394f,-0.866f,-0.1406f,0f,0f,0f,1f],start_interpolation: 0,interpolation_duration: 1}
$data merge entity $(bone_bone21) {transformation: [-0.9955f,0.0241f,0.0919f,-0.0966f,0.0757f,0.7855f,0.6142f,0.4791f,-0.0574f,0.6184f,-0.7838f,-0.2926f,0f,0f,0f,1f],start_interpolation: 0,interpolation_duration: 1}
$data merge entity $(bone_bone20) {transformation: [-0.9517f,0.1092f,-0.2868f,-0.0625f,-0.0499f,0.867f,0.4958f,0.75f,0.3028f,0.4862f,-0.8197f,-0.1406f,0f,0f,0f,1f],start_interpolation: 0,interpolation_duration: 1}
$data merge entity $(bone_bone24) {transformation: [-0.9922f,0.1164f,0.0456f,0.0646f,0.1249f,0.9387f,0.3215f,0.5257f,-0.0054f,0.3246f,-0.9458f,-0.3582f,0f,0f,0f,1f],start_interpolation: 0,interpolation_duration: 1}
$data merge entity $(bone_bone23) {transformation: [-1f,-0.0066f,-0.0051f,0.0625f,-0.0083f,0.7179f,0.6961f,0.75f,-0.0009f,0.6961f,-0.7179f,-0.1406f,0f,0f,0f,1f],start_interpolation: 0,interpolation_duration: 1}
$data merge entity $(bone_bone27) {transformation: [-0.8843f,-0.0695f,0.4618f,0.2514f,0.0047f,0.9875f,0.1577f,0.4897f,-0.4669f,0.1416f,-0.8729f,-0.3013f,0f,0f,0f,1f],start_interpolation: 0,interpolation_duration: 1}
$data merge entity $(bone_bone26) {transformation: [-0.8453f,-0.2045f,0.4935f,0.1875f,0.1146f,0.8329f,0.5414f,0.75f,-0.5218f,0.5142f,-0.6807f,-0.1406f,0f,0f,0f,1f],start_interpolation: 0,interpolation_duration: 1}
$data merge entity $(bone_bone30) {transformation: [-0.9946f,-0.1035f,0f,0.3916f,-0.1035f,0.9946f,0f,0.464f,0f,0f,-1f,0.0625f,0f,0f,0f,1f],start_interpolation: 0,interpolation_duration: 1}
$data merge entity $(bone_bone29) {transformation: [-0.9151f,-0.4032f,0f,0.2656f,-0.4032f,0.9151f,0f,0.75f,0f,0f,-1f,0.0625f,0f,0f,0f,1f],start_interpolation: 0,interpolation_duration: 1}
$data merge entity $(bone_bone33) {transformation: [-0.9755f,-0.1704f,0.1393f,0.4522f,-0.1283f,0.9546f,0.2687f,0.5019f,-0.1788f,0.2442f,-0.9531f,-0.0984f,0f,0f,0f,1f],start_interpolation: 0,interpolation_duration: 1}
$data merge entity $(bone_bone32) {transformation: [-0.7843f,-0.597f,0.1687f,0.2656f,-0.5475f,0.794f,0.2642f,0.75f,-0.2916f,0.1149f,-0.9496f,-0.0625f,0f,0f,0f,1f],start_interpolation: 0,interpolation_duration: 1}
$data merge entity $(bone_bone36) {transformation: [-0.8681f,0.2111f,-0.4493f,-0.3723f,0.3747f,0.8724f,-0.314f,0.4665f,0.3256f,-0.4409f,-0.8364f,0.1394f,0f,0f,0f,1f],start_interpolation: 0,interpolation_duration: 1}
$data merge entity $(bone_bone35) {transformation: [-0.8871f,0.3414f,-0.3107f,-0.2656f,0.3975f,0.9071f,-0.1381f,0.75f,0.2347f,-0.2461f,-0.9404f,0.0625f,0f,0f,0f,1f],start_interpolation: 0,interpolation_duration: 1}
$data merge entity $(bone_bone39) {transformation: [-0.7943f,0.5553f,0.2466f,-0.3613f,0.5612f,0.826f,-0.0527f,0.4648f,-0.2329f,0.0965f,-0.9677f,-0.1472f,0f,0f,0f,1f],start_interpolation: 0,interpolation_duration: 1}
$data merge entity $(bone_bone38) {transformation: [-0.9328f,0.3061f,0.19f,-0.2656f,0.3444f,0.9126f,0.2203f,0.75f,-0.106f,0.2709f,-0.9568f,-0.0625f,0f,0f,0f,1f],start_interpolation: 0,interpolation_duration: 1}
$data merge entity $(bone_bone45) {transformation: [-0.9174f,0.3943f,-0.0546f,-0.4158f,0.3707f,0.8963f,0.2435f,1.2092f,0.1449f,0.2032f,-0.9684f,-0.2311f,0f,0f,0f,1f],start_interpolation: 0,interpolation_duration: 1}
$data merge entity $(bone_bone44) {transformation: [-0.9929f,0.1145f,0.0337f,-0.38f,0.1194f,0.9534f,0.2772f,1.5071f,-0.0004f,0.2793f,-0.9602f,-0.1438f,0f,0f,0f,1f],start_interpolation: 0,interpolation_duration: 1}
$data merge entity $(bone_bone48) {transformation: [-0.9415f,0.2858f,-0.1784f,-0.6088f,0.3128f,0.9383f,-0.1476f,0.9138f,0.1252f,-0.1948f,-0.9728f,0.0592f,0f,0f,0f,1f],start_interpolation: 0,interpolation_duration: 1}
$data merge entity $(bone_bone47) {transformation: [-0.8568f,0.2993f,-0.4198f,-0.4965f,0.3271f,0.945f,0.0061f,1.2682f,0.3985f,-0.1321f,-0.9076f,0.0097f,0f,0f,0f,1f],start_interpolation: 0,interpolation_duration: 1}
$data merge entity $(bone_3) {transformation: [-0.9505f,0.1891f,-0.2467f,-0.3392f,0.172f,0.9811f,0.089f,1.3666f,0.2588f,0.0421f,-0.965f,-0.0214f,0f,0f,0f,1f],start_interpolation: 0,interpolation_duration: 1}
$data merge entity $(bone_4) {transformation: [-0.9505f,0.1312f,-0.2817f,-0.4412f,0.172f,0.9771f,-0.1255f,1.1566f,0.2588f,-0.1677f,-0.9513f,-0.0147f,0f,0f,0f,1f],start_interpolation: 0,interpolation_duration: 1}
$data merge entity $(bone_bone42) {transformation: [-0.989f,-0.147f,-0.0145f,0.4054f,-0.1453f,0.9499f,0.2766f,1.2093f,-0.0269f,0.2757f,-0.9609f,-0.2365f,0f,0f,0f,1f],start_interpolation: 0,interpolation_duration: 1}
$data merge entity $(bone_bone41) {transformation: [-0.9773f,-0.1402f,-0.1591f,0.3616f,-0.1803f,0.9442f,0.2755f,1.5044f,0.1116f,0.2979f,-0.948f,-0.1434f,0f,0f,0f,1f],start_interpolation: 0,interpolation_duration: 1}
$data merge entity $(bone_bone51) {transformation: [-0.9079f,-0.3611f,0.2131f,0.6317f,-0.2739f,0.8956f,0.3507f,0.9181f,-0.3175f,0.26f,-0.9119f,0.023f,0f,0f,0f,1f],start_interpolation: 0,interpolation_duration: 1}
$data merge entity $(bone_bone50) {transformation: [-0.8991f,-0.3862f,0.206f,0.4869f,-0.3908f,0.9203f,0.0196f,1.2632f,-0.1972f,-0.0629f,-0.9784f,-0.0006f,0f,0f,0f,1f],start_interpolation: 0,interpolation_duration: 1}
$data merge entity $(bone_1) {transformation: [-0.9824f,-0.1405f,0.1233f,0.3312f,-0.1339f,0.9891f,0.0608f,1.368f,-0.1305f,0.0432f,-0.9905f,-0.0136f,0f,0f,0f,1f],start_interpolation: 0,interpolation_duration: 1}
$data merge entity $(bone_2) {transformation: [-0.9824f,-0.1038f,0.1555f,0.3926f,-0.1339f,0.9712f,-0.1973f,1.1558f,-0.1305f,-0.2146f,-0.9679f,-0.0189f,0f,0f,0f,1f],start_interpolation: 0,interpolation_duration: 1}
$data merge entity $(bone_7) {transformation: [-0.9966f,0.0825f,-0.004f,-0.1344f,0.0826f,0.9954f,-0.048f,0.5603f,0f,-0.0482f,-0.9988f,0.009f,0f,0f,0f,1f],start_interpolation: 0,interpolation_duration: 1}
$data merge entity $(bone_8) {transformation: [-0.9966f,0.0765f,0.0313f,-0.1459f,0.0826f,0.9224f,0.3772f,0.4209f,0f,0.3785f,-0.9256f,0.0283f,0f,0f,0f,1f],start_interpolation: 0,interpolation_duration: 1}
$data merge entity $(bone_5) {transformation: [-0.9966f,-0.0826f,-0.0032f,0.1189f,-0.0826f,0.9958f,0.039f,0.7469f,0f,0.0391f,-0.9992f,0f,0f,0f,0f,1f],start_interpolation: 0,interpolation_duration: 1}
$data merge entity $(bone_6) {transformation: [-0.9966f,-0.0789f,-0.0245f,0.1468f,-0.0826f,0.9518f,0.2954f,0.4106f,0f,0.2964f,-0.9551f,-0.0069f,0f,0f,0f,1f],start_interpolation: 0,interpolation_duration: 1}