# This file was generated by Animated Java via MC-Build. It is not recommended to edit this file directly.
$data merge entity $(bone_bone54) {transformation: [-0.9563f,0.2456f,0.1588f,-0.1989f,0.2897f,0.8693f,0.4005f,1.2292f,-0.0396f,0.429f,-0.9024f,-0.2939f,0f,0f,0f,1f],start_interpolation: 0,interpolation_duration: 1}
$data merge entity $(bone_bone53) {transformation: [-0.984f,0.1236f,-0.1284f,-0.1562f,0.06f,0.908f,0.4146f,1.5f,0.1679f,0.4002f,-0.9009f,-0.1406f,0f,0f,0f,1f],start_interpolation: 0,interpolation_duration: 1}
$data merge entity $(bone_bone57) {transformation: [-0.9752f,-0.03f,0.2192f,0.1468f,0.0226f,0.9721f,0.2334f,1.1949f,-0.2201f,0.2326f,-0.9473f,-0.2143f,0f,0f,0f,1f],start_interpolation: 0,interpolation_duration: 1}
$data merge entity $(bone_bone56) {transformation: [-0.9291f,0.0665f,0.3638f,0.1563f,0.1137f,0.9874f,0.1098f,1.5f,-0.352f,0.1433f,-0.925f,-0.1406f,0f,0f,0f,1f],start_interpolation: 0,interpolation_duration: 1}
$data merge entity $(bone_bone5) {transformation: [-0.953f,0.2089f,0.2194f,-0.2223f,0.1686f,0.9674f,-0.1887f,0.4448f,-0.2517f,-0.1428f,-0.9572f,0.1724f,0f,0f,0f,1f],start_interpolation: 0,interpolation_duration: 1}
$data merge entity $(bone_bone2) {transformation: [-0.953f,0.2225f,0.2056f,-0.1875f,0.1686f,0.9534f,-0.2501f,0.5938f,-0.2517f,-0.2037f,-0.9461f,0.1406f,0f,0f,0f,1f],start_interpolation: 0,interpolation_duration: 1}
$data merge entity $(bone_bone9) {transformation: [-0.9931f,-0.0168f,0.1162f,-0.0766f,0.0074f,0.9787f,0.2053f,0.4545f,-0.1171f,0.2048f,-0.9718f,0.2412f,0f,0f,0f,1f],start_interpolation: 0,interpolation_duration: 1}
$data merge entity $(bone_bone8) {transformation: [-0.9931f,0.045f,0.1084f,-0.0625f,0.0074f,0.9457f,-0.3249f,0.75f,-0.1171f,-0.3218f,-0.9395f,0.1406f,0f,0f,0f,1f],start_interpolation: 0,interpolation_duration: 1}
$data merge entity $(bone_bone12) {transformation: [-0.995f,-0.0474f,-0.0876f,0.0828f,-0.0379f,0.9935f,-0.1071f,0.4538f,0.0921f,-0.1033f,-0.9904f,0.2224f,0f,0f,0f,1f],start_interpolation: 0,interpolation_duration: 1}
$data merge entity $(bone_bone11) {transformation: [-0.995f,-0.065f,-0.0755f,0.0625f,-0.0379f,0.948f,-0.3161f,0.75f,0.0921f,-0.3117f,-0.9457f,0.125f,0f,0f,0f,1f],start_interpolation: 0,interpolation_duration: 1}
$data merge entity $(bone_bone15) {transformation: [-0.9559f,-0.1539f,-0.2502f,0.253f,-0.1504f,0.9881f,-0.0331f,0.4528f,0.2523f,0.0059f,-0.9676f,0.1959f,0f,0f,0f,1f],start_interpolation: 0,interpolation_duration: 1}
$data merge entity $(bone_bone14) {transformation: [-0.9559f,-0.2095f,-0.2058f,0.1875f,-0.1504f,0.9511f,-0.2697f,0.75f,0.2523f,-0.2268f,-0.9407f,0.125f,0f,0f,0f,1f],start_interpolation: 0,interpolation_duration: 1}
$data merge entity $(bone_bone18) {transformation: [-0.8779f,0.3843f,-0.2858f,-0.2734f,0.1832f,0.8208f,0.541f,0.4596f,0.4425f,0.4225f,-0.791f,-0.2176f,0f,0f,0f,1f],start_interpolation: 0,interpolation_duration: 1}
$data merge entity $(bone_bone17) {transformation: [-0.893f,0.275f,-0.3563f,-0.1875f,0.1519f,0.9293f,0.3366f,0.75f,0.4237f,0.2464f,-0.8716f,-0.1406f,0f,0f,0f,1f],start_interpolation: 0,interpolation_duration: 1}
$data merge entity $(bone_bone21) {transformation: [-0.9984f,0.0126f,0.0544f,-0.0941f,0.0429f,0.7968f,0.6027f,0.479f,-0.0358f,0.6041f,-0.7961f,-0.2929f,0f,0f,0f,1f],start_interpolation: 0,interpolation_duration: 1}
$data merge entity $(bone_bone20) {transformation: [-0.9383f,0.101f,-0.3308f,-0.0625f,-0.0799f,0.8673f,0.4913f,0.75f,0.3365f,0.4874f,-0.8057f,-0.1406f,0f,0f,0f,1f],start_interpolation: 0,interpolation_duration: 1}
$data merge entity $(bone_bone24) {transformation: [-0.9899f,0.1285f,0.0593f,0.0649f,0.1411f,0.9299f,0.3396f,0.5258f,-0.0115f,0.3446f,-0.9387f,-0.3583f,0f,0f,0f,1f],start_interpolation: 0,interpolation_duration: 1}
$data merge entity $(bone_bone23) {transformation: [-0.9999f,-0.0078f,0.008f,0.0625f,0f,0.7174f,0.6966f,0.75f,-0.0112f,0.6966f,-0.7174f,-0.1406f,0f,0f,0f,1f],start_interpolation: 0,interpolation_duration: 1}
$data merge entity $(bone_bone27) {transformation: [-0.8928f,-0.0867f,0.442f,0.2544f,-0.0228f,0.9888f,0.1478f,0.4889f,-0.4499f,0.1218f,-0.8848f,-0.2988f,0f,0f,0f,1f],start_interpolation: 0,interpolation_duration: 1}
$data merge entity $(bone_bone26) {transformation: [-0.8577f,-0.214f,0.4675f,0.1875f,0.0873f,0.8355f,0.5425f,0.75f,-0.5067f,0.5061f,-0.6979f,-0.1406f,0f,0f,0f,1f],start_interpolation: 0,interpolation_duration: 1}
$data merge entity $(bone_bone30) {transformation: [-0.9953f,-0.0971f,0f,0.3973f,-0.0971f,0.9953f,0f,0.4666f,0f,0f,-1f,0.0625f,0f,0f,0f,1f],start_interpolation: 0,interpolation_duration: 1}
$data merge entity $(bone_bone29) {transformation: [-0.9069f,-0.4212f,0f,0.2656f,-0.4212f,0.9069f,0f,0.75f,0f,0f,-1f,0.0625f,0f,0f,0f,1f],start_interpolation: 0,interpolation_duration: 1}
$data merge entity $(bone_bone33) {transformation: [-0.9842f,-0.1484f,0.0962f,0.4532f,-0.1225f,0.9644f,0.2343f,0.5025f,-0.1276f,0.2189f,-0.9674f,-0.0975f,0f,0f,0f,1f],start_interpolation: 0,interpolation_duration: 1}
$data merge entity $(bone_bone32) {transformation: [-0.7837f,-0.6001f,0.16f,0.2656f,-0.5542f,0.792f,0.2561f,0.75f,-0.2804f,0.112f,-0.9533f,-0.0625f,0f,0f,0f,1f],start_interpolation: 0,interpolation_duration: 1}
$data merge entity $(bone_bone36) {transformation: [-0.8822f,0.2058f,-0.4236f,-0.3743f,0.3526f,0.8849f,-0.3044f,0.4679f,0.3122f,-0.4179f,-0.8532f,0.1419f,0f,0f,0f,1f],start_interpolation: 0,interpolation_duration: 1}
$data merge entity $(bone_bone35) {transformation: [-0.8822f,0.3476f,-0.3175f,-0.2656f,0.4066f,0.9026f,-0.1415f,0.75f,0.2373f,-0.2539f,-0.9376f,0.0625f,0f,0f,0f,1f],start_interpolation: 0,interpolation_duration: 1}
$data merge entity $(bone_bone39) {transformation: [-0.7978f,0.5594f,0.225f,-0.3623f,0.5637f,0.8244f,-0.0509f,0.4649f,-0.2139f,0.0862f,-0.973f,-0.1464f,0f,0f,0f,1f],start_interpolation: 0,interpolation_duration: 1}
$data merge entity $(bone_bone38) {transformation: [-0.9304f,0.3093f,0.1968f,-0.2656f,0.3487f,0.9123f,0.2148f,0.75f,-0.1131f,0.2684f,-0.9566f,-0.0625f,0f,0f,0f,1f],start_interpolation: 0,interpolation_duration: 1}
$data merge entity $(bone_bone45) {transformation: [-0.9213f,0.3817f,-0.0747f,-0.4062f,0.3593f,0.9088f,0.2119f,1.2081f,0.1488f,0.1684f,-0.9744f,-0.2307f,0f,0f,0f,1f],start_interpolation: 0,interpolation_duration: 1}
$data merge entity $(bone_bone44) {transformation: [-0.9964f,0.0838f,0.0104f,-0.38f,0.0834f,0.9569f,0.2782f,1.5071f,0.0134f,0.2781f,-0.9605f,-0.1438f,0f,0f,0f,1f],start_interpolation: 0,interpolation_duration: 1}
$data merge entity $(bone_bone48) {transformation: [-0.9324f,0.3095f,-0.1867f,-0.6042f,0.3417f,0.9232f,-0.1761f,0.9121f,0.1178f,-0.228f,-0.9665f,0.0572f,0f,0f,0f,1f],start_interpolation: 0,interpolation_duration: 1}
$data merge entity $(bone_bone47) {transformation: [-0.8616f,0.2879f,-0.418f,-0.4963f,0.3145f,0.9493f,0.0056f,1.2681f,0.3984f,-0.1266f,-0.9084f,0.0097f,0f,0f,0f,1f],start_interpolation: 0,interpolation_duration: 1}
$data merge entity $(bone_3) {transformation: [-0.9507f,0.1881f,-0.2468f,-0.3391f,0.1711f,0.9813f,0.0887f,1.3667f,0.2588f,0.0421f,-0.965f,-0.0214f,0f,0f,0f,1f],start_interpolation: 0,interpolation_duration: 1}
$data merge entity $(bone_4) {transformation: [-0.9507f,0.1302f,-0.2816f,-0.4408f,0.1711f,0.9772f,-0.1258f,1.1566f,0.2588f,-0.1677f,-0.9513f,-0.0147f,0f,0f,0f,1f],start_interpolation: 0,interpolation_duration: 1}
$data merge entity $(bone_bone42) {transformation: [-0.9848f,-0.1737f,0.001f,0.4105f,-0.1647f,0.9356f,0.3124f,1.2081f,-0.0552f,0.3075f,-0.95f,-0.2298f,0f,0f,0f,1f],start_interpolation: 0,interpolation_duration: 1}
$data merge entity $(bone_bone41) {transformation: [-0.9815f,-0.1563f,-0.1108f,0.3616f,-0.1805f,0.9482f,0.2615f,1.5044f,0.0641f,0.2767f,-0.9588f,-0.1434f,0f,0f,0f,1f],start_interpolation: 0,interpolation_duration: 1}
$data merge entity $(bone_bone51) {transformation: [-0.892f,-0.3909f,0.2271f,0.6285f,-0.2911f,0.8809f,0.3731f,0.9171f,-0.3459f,0.2667f,-0.8996f,0.028f,0f,0f,0f,1f],start_interpolation: 0,interpolation_duration: 1}
$data merge entity $(bone_bone50) {transformation: [-0.8969f,-0.3782f,0.2294f,0.4866f,-0.3856f,0.9226f,0.0135f,1.2631f,-0.2167f,-0.0764f,-0.9732f,-0.0006f,0f,0f,0f,1f],start_interpolation: 0,interpolation_duration: 1}
$data merge entity $(bone_1) {transformation: [-0.9825f,-0.1396f,0.1234f,0.331f,-0.1329f,0.9893f,0.0607f,1.368f,-0.1305f,0.0432f,-0.9905f,-0.0136f,0f,0f,0f,1f],start_interpolation: 0,interpolation_duration: 1}
$data merge entity $(bone_2) {transformation: [-0.9825f,-0.1029f,0.1553f,0.3923f,-0.1329f,0.9713f,-0.1974f,1.1558f,-0.1305f,-0.2146f,-0.9679f,-0.0189f,0f,0f,0f,1f],start_interpolation: 0,interpolation_duration: 1}
$data merge entity $(bone_7) {transformation: [-0.9965f,0.0835f,-0.0039f,-0.1345f,0.0836f,0.9954f,-0.047f,0.5602f,0f,-0.0472f,-0.9989f,0.0088f,0f,0f,0f,1f],start_interpolation: 0,interpolation_duration: 1}
$data merge entity $(bone_8) {transformation: [-0.9965f,0.0774f,0.0317f,-0.1462f,0.0836f,0.922f,0.3781f,0.4208f,0f,0.3794f,-0.9252f,0.028f,0f,0f,0f,1f],start_interpolation: 0,interpolation_duration: 1}
$data merge entity $(bone_5) {transformation: [-0.9965f,-0.0836f,-0.0034f,0.1189f,-0.0836f,0.9957f,0.0399f,0.7469f,0f,0.0401f,-0.9992f,0f,0f,0f,0f,1f],start_interpolation: 0,interpolation_duration: 1}
$data merge entity $(bone_6) {transformation: [-0.9965f,-0.0798f,-0.0249f,0.1471f,-0.0836f,0.9514f,0.2963f,0.4106f,0f,0.2973f,-0.9548f,-0.0073f,0f,0f,0f,1f],start_interpolation: 0,interpolation_duration: 1}