# This file was generated by Animated Java via MC-Build. It is not recommended to edit this file directly.
$data merge entity $(bone_bone54) {transformation: [-0.9561f,0.249f,0.1544f,-0.2028f,0.2918f,0.8562f,0.4264f,-0.8654f,-0.026f,0.4528f,-0.8913f,-0.2911f,0f,0f,0f,1f],start_interpolation: 0,interpolation_duration: 1}
$data merge entity $(bone_bone53) {transformation: [-0.9838f,0.1375f,-0.115f,-0.1562f,0.0796f,0.9101f,0.4067f,-0.5937f,0.1606f,0.3909f,-0.9063f,-0.1406f,0f,0f,0f,1f],start_interpolation: 0,interpolation_duration: 1}
$data merge entity $(bone_bone57) {transformation: [-0.9724f,-0.0256f,0.2318f,0.1477f,0.0236f,0.9781f,0.2068f,-0.8988f,-0.232f,0.2066f,-0.9505f,-0.2149f,0f,0f,0f,1f],start_interpolation: 0,interpolation_duration: 1}
$data merge entity $(bone_bone56) {transformation: [-0.9251f,0.0648f,0.3741f,0.1563f,0.1142f,0.9872f,0.1112f,-0.5937f,-0.3621f,0.1456f,-0.9207f,-0.1406f,0f,0f,0f,1f],start_interpolation: 0,interpolation_duration: 1}
$data merge entity $(bone_bone5) {transformation: [-0.9557f,0.2111f,0.2051f,-0.2232f,0.179f,0.9701f,-0.164f,-1.6487f,-0.2336f,-0.12f,-0.9649f,0.1728f,0f,0f,0f,1f],start_interpolation: 0,interpolation_duration: 1}
$data merge entity $(bone_bone2) {transformation: [-0.9557f,0.2286f,0.1854f,-0.1875f,0.179f,0.9515f,-0.2503f,-1.5f,-0.2336f,-0.206f,-0.9503f,0.1406f,0f,0f,0f,1f],start_interpolation: 0,interpolation_duration: 1}
$data merge entity $(bone_bone9) {transformation: [-0.995f,-0.0163f,0.099f,-0.0748f,0.0077f,0.9713f,0.2376f,-1.6399f,-0.1f,0.2372f,-0.9663f,0.2397f,0f,0f,0f,1f],start_interpolation: 0,interpolation_duration: 1}
$data merge entity $(bone_bone8) {transformation: [-0.995f,0.0392f,0.0923f,-0.0625f,0.0077f,0.9476f,-0.3194f,-1.3437f,-0.1f,-0.317f,-0.9431f,0.1406f,0f,0f,0f,1f],start_interpolation: 0,interpolation_duration: 1}
$data merge entity $(bone_bone12) {transformation: [-0.9963f,-0.0543f,-0.0669f,0.0842f,-0.0494f,0.9961f,-0.0728f,-1.6391f,0.0706f,-0.0692f,-0.9951f,0.2247f,0f,0f,0f,1f],start_interpolation: 0,interpolation_duration: 1}
$data merge entity $(bone_bone11) {transformation: [-0.9963f,-0.0695f,-0.051f,0.0625f,-0.0494f,0.9452f,-0.3227f,-1.3437f,0.0706f,-0.319f,-0.9451f,0.125f,0f,0f,0f,1f],start_interpolation: 0,interpolation_duration: 1}
$data merge entity $(bone_bone15) {transformation: [-0.9573f,-0.1586f,-0.2416f,0.2534f,-0.1549f,0.9873f,-0.0343f,-1.6411f,0.244f,0.0046f,-0.9698f,0.1948f,0f,0f,0f,1f],start_interpolation: 0,interpolation_duration: 1}
$data merge entity $(bone_bone14) {transformation: [-0.9573f,-0.2109f,-0.1976f,0.1875f,-0.1549f,0.9517f,-0.2652f,-1.3437f,0.244f,-0.2233f,-0.9437f,0.125f,0f,0f,0f,1f],start_interpolation: 0,interpolation_duration: 1}
$data merge entity $(bone_bone18) {transformation: [-0.8666f,0.4233f,-0.2641f,-0.2695f,0.2077f,0.7874f,0.5804f,-1.6347f,0.4537f,0.4482f,-0.7703f,-0.2199f,0f,0f,0f,1f],start_interpolation: 0,interpolation_duration: 1}
$data merge entity $(bone_bone17) {transformation: [-0.9012f,0.2624f,-0.3449f,-0.1875f,0.1425f,0.931f,0.336f,-1.3437f,0.4093f,0.2537f,-0.8764f,-0.1406f,0f,0f,0f,1f],start_interpolation: 0,interpolation_duration: 1}
$data merge entity $(bone_bone21) {transformation: [-0.9998f,0.0005f,0.0194f,-0.0918f,0.0118f,0.8081f,0.5889f,-1.6149f,-0.0154f,0.589f,-0.808f,-0.2932f,0f,0f,0f,1f],start_interpolation: 0,interpolation_duration: 1}
$data merge entity $(bone_bone20) {transformation: [-0.9235f,0.0938f,-0.3719f,-0.0625f,-0.1074f,0.8676f,0.4855f,-1.3437f,0.3682f,0.4883f,-0.7912f,-0.1406f,0f,0f,0f,1f],start_interpolation: 0,interpolation_duration: 1}
$data merge entity $(bone_bone24) {transformation: [-0.9875f,0.1396f,0.0733f,0.0653f,0.1567f,0.9207f,0.3574f,-1.568f,-0.0176f,0.3644f,-0.9311f,-0.3583f,0f,0f,0f,1f],start_interpolation: 0,interpolation_duration: 1}
$data merge entity $(bone_bone23) {transformation: [-0.9997f,-0.009f,0.0209f,0.0625f,0.0081f,0.7175f,0.6965f,-1.3437f,-0.0213f,0.6965f,-0.7173f,-0.1406f,0f,0f,0f,1f],start_interpolation: 0,interpolation_duration: 1}
$data merge entity $(bone_bone27) {transformation: [-0.8997f,-0.1044f,0.4237f,0.2574f,-0.0491f,0.989f,0.1395f,-1.6056f,-0.4336f,0.1047f,-0.895f,-0.2962f,0f,0f,0f,1f],start_interpolation: 0,interpolation_duration: 1}
$data merge entity $(bone_bone26) {transformation: [-0.868f,-0.2238f,0.4432f,0.1875f,0.0609f,0.838f,0.5423f,-1.3437f,-0.4928f,0.4977f,-0.7138f,-0.1406f,0f,0f,0f,1f],start_interpolation: 0,interpolation_duration: 1}
$data merge entity $(bone_bone30) {transformation: [-0.9958f,-0.0918f,0f,0.4025f,-0.0918f,0.9958f,0f,-1.6247f,0f,0f,-1f,0.0625f,0f,0f,0f,1f],start_interpolation: 0,interpolation_duration: 1}
$data merge entity $(bone_bone29) {transformation: [-0.8989f,-0.4381f,0f,0.2656f,-0.4381f,0.8989f,0f,-1.3437f,0f,0f,-1f,0.0625f,0f,0f,0f,1f],start_interpolation: 0,interpolation_duration: 1}
$data merge entity $(bone_bone33) {transformation: [-0.99f,-0.1307f,0.0531f,0.454f,-0.1176f,0.9724f,0.2014f,-1.5908f,-0.0779f,0.1931f,-0.9781f,-0.0967f,0f,0f,0f,1f],start_interpolation: 0,interpolation_duration: 1}
$data merge entity $(bone_bone32) {transformation: [-0.7836f,-0.6027f,0.1509f,0.2656f,-0.5603f,0.7905f,0.2474f,-1.3437f,-0.2684f,0.1093f,-0.9571f,-0.0625f,0f,0f,0f,1f],start_interpolation: 0,interpolation_duration: 1}
$data merge entity $(bone_bone36) {transformation: [-0.8952f,0.1995f,-0.3986f,-0.3761f,0.3305f,0.8971f,-0.2932f,-1.6244f,0.2991f,-0.3942f,-0.869f,0.1442f,0f,0f,0f,1f],start_interpolation: 0,interpolation_duration: 1}
$data merge entity $(bone_bone35) {transformation: [-0.8774f,0.3534f,-0.3244f,-0.2656f,0.4152f,0.8982f,-0.1444f,-1.3437f,0.2404f,-0.2614f,-0.9348f,0.0625f,0f,0f,0f,1f],start_interpolation: 0,interpolation_duration: 1}
$data merge entity $(bone_bone39) {transformation: [-0.802f,0.5624f,0.201f,-0.3634f,0.5653f,0.8235f,-0.0486f,-1.6288f,-0.1929f,0.0747f,-0.9784f,-0.1452f,0f,0f,0f,1f],start_interpolation: 0,interpolation_duration: 1}
$data merge entity $(bone_bone38) {transformation: [-0.9276f,0.3128f,0.2043f,-0.2656f,0.3533f,0.9122f,0.2074f,-1.3437f,-0.1215f,0.2646f,-0.9567f,-0.0625f,0f,0f,0f,1f],start_interpolation: 0,interpolation_duration: 1}
$data merge entity $(bone_bone45) {transformation: [-0.9255f,0.3671f,-0.0929f,-0.3969f,0.347f,0.9204f,0.1802f,-0.8864f,0.1517f,0.1345f,-0.9792f,-0.2303f,0f,0f,0f,1f],start_interpolation: 0,interpolation_duration: 1}
$data merge entity $(bone_bone44) {transformation: [-0.9984f,0.0542f,-0.0127f,-0.38f,0.0486f,0.9594f,0.2779f,-0.5866f,0.0272f,0.2769f,-0.9605f,-0.1438f,0f,0f,0f,1f],start_interpolation: 0,interpolation_duration: 1}
$data merge entity $(bone_bone48) {transformation: [-0.9225f,0.332f,-0.1967f,-0.6001f,0.3695f,0.9071f,-0.2016f,-1.1832f,0.1115f,-0.2586f,-0.9595f,0.0553f,0f,0f,0f,1f],start_interpolation: 0,interpolation_duration: 1}
$data merge entity $(bone_bone47) {transformation: [-0.8656f,0.2774f,-0.4168f,-0.4961f,0.3028f,0.953f,0.0053f,-0.8258f,0.3987f,-0.1216f,-0.909f,0.0097f,0f,0f,0f,1f],start_interpolation: 0,interpolation_duration: 1}
$data merge entity $(bone_3) {transformation: [-0.9508f,0.1872f,-0.2468f,-0.339f,0.1703f,0.9814f,0.0885f,-0.7271f,0.2588f,0.0421f,-0.965f,-0.0214f,0f,0f,0f,1f],start_interpolation: 0,interpolation_duration: 1}
$data merge entity $(bone_4) {transformation: [-0.9508f,0.1293f,-0.2815f,-0.4405f,0.1703f,0.9773f,-0.126f,-0.9372f,0.2588f,-0.1677f,-0.9513f,-0.0147f,0f,0f,0f,1f],start_interpolation: 0,interpolation_duration: 1}
$data merge entity $(bone_bone42) {transformation: [-0.9799f,-0.199f,0.0138f,0.4146f,-0.1822f,0.9209f,0.3447f,-0.8868f,-0.0813f,0.3352f,-0.9386f,-0.2232f,0f,0f,0f,1f],start_interpolation: 0,interpolation_duration: 1}
$data merge entity $(bone_bone41) {transformation: [-0.9835f,-0.1696f,-0.0634f,0.3617f,-0.1801f,0.9518f,0.2483f,-0.5894f,0.0182f,0.2556f,-0.9666f,-0.1434f,0f,0f,0f,1f],start_interpolation: 0,interpolation_duration: 1}
$data merge entity $(bone_bone51) {transformation: [-0.8762f,-0.4189f,0.2382f,0.6252f,-0.3076f,0.8667f,0.3927f,-1.1775f,-0.371f,0.2708f,-0.8883f,0.0328f,0f,0f,0f,1f],start_interpolation: 0,interpolation_duration: 1}
$data merge entity $(bone_bone50) {transformation: [-0.8945f,-0.3702f,0.2509f,0.4864f,-0.3807f,0.9247f,0.007f,-0.8308f,-0.2346f,-0.0892f,-0.968f,-0.0006f,0f,0f,0f,1f],start_interpolation: 0,interpolation_duration: 1}
$data merge entity $(bone_1) {transformation: [-0.9826f,-0.1387f,0.1234f,0.3309f,-0.132f,0.9894f,0.0606f,-0.7257f,-0.1305f,0.0432f,-0.9905f,-0.0136f,0f,0f,0f,1f],start_interpolation: 0,interpolation_duration: 1}
$data merge entity $(bone_2) {transformation: [-0.9826f,-0.102f,0.1551f,0.392f,-0.132f,0.9714f,-0.1975f,-0.938f,-0.1305f,-0.2146f,-0.9679f,-0.0189f,0f,0f,0f,1f],start_interpolation: 0,interpolation_duration: 1}
$data merge entity $(bone_7) {transformation: [-0.9964f,0.0844f,-0.0039f,-0.1347f,0.0845f,0.9954f,-0.0461f,-1.5335f,0f,-0.0463f,-0.9989f,0.0087f,0f,0f,0f,1f],start_interpolation: 0,interpolation_duration: 1}
$data merge entity $(bone_8) {transformation: [-0.9964f,0.0782f,0.0321f,-0.1465f,0.0845f,0.9216f,0.3789f,-1.6729f,0f,0.3802f,-0.9249f,0.0277f,0f,0f,0f,1f],start_interpolation: 0,interpolation_duration: 1}
$data merge entity $(bone_5) {transformation: [-0.9964f,-0.0844f,-0.0035f,0.1189f,-0.0845f,0.9956f,0.0408f,-1.3469f,0f,0.041f,-0.9992f,0f,0f,0f,0f,1f],start_interpolation: 0,interpolation_duration: 1}
$data merge entity $(bone_6) {transformation: [-0.9964f,-0.0807f,-0.0252f,0.1474f,-0.0845f,0.9511f,0.2971f,-1.6832f,0f,0.2982f,-0.9545f,-0.0076f,0f,0f,0f,1f],start_interpolation: 0,interpolation_duration: 1}