# This file was generated by Animated Java via MC-Build. It is not recommended to edit this file directly.
$data merge entity $(bone_bone54) {transformation: [-0.9559f,0.2521f,0.1503f,-0.2064f,0.2932f,0.8437f,0.4496f,-0.8662f,-0.0135f,0.4739f,-0.8805f,-0.2885f,0f,0f,0f,1f],start_interpolation: 0,interpolation_duration: 1}
$data merge entity $(bone_bone53) {transformation: [-0.9834f,0.1503f,-0.102f,-0.1562f,0.098f,0.9118f,0.3988f,-0.5937f,0.1529f,0.3822f,-0.9114f,-0.1406f,0f,0f,0f,1f],start_interpolation: 0,interpolation_duration: 1}
$data merge entity $(bone_bone57) {transformation: [-0.9698f,-0.0202f,0.243f,0.1486f,0.0249f,0.9831f,0.1812f,-0.8986f,-0.2426f,0.1818f,-0.9529f,-0.2156f,0f,0f,0f,1f],start_interpolation: 0,interpolation_duration: 1}
$data merge entity $(bone_bone56) {transformation: [-0.9216f,0.0628f,0.3831f,0.1563f,0.1144f,0.9869f,0.1134f,-0.5937f,-0.371f,0.1483f,-0.9167f,-0.1406f,0f,0f,0f,1f],start_interpolation: 0,interpolation_duration: 1}
$data merge entity $(bone_bone5) {transformation: [-0.9578f,0.2137f,0.1923f,-0.2241f,0.1885f,0.9719f,-0.1412f,-1.6484f,-0.2171f,-0.099f,-0.9711f,0.1731f,0f,0f,0f,1f],start_interpolation: 0,interpolation_duration: 1}
$data merge entity $(bone_bone2) {transformation: [-0.9578f,0.234f,0.167f,-0.1875f,0.1885f,0.9497f,-0.2501f,-1.5f,-0.2171f,-0.208f,-0.9537f,0.1406f,0f,0f,0f,1f],start_interpolation: 0,interpolation_duration: 1}
$data merge entity $(bone_bone9) {transformation: [-0.9964f,-0.0148f,0.0835f,-0.0732f,0.008f,0.9637f,0.2667f,-1.6404f,-0.0844f,0.2664f,-0.9602f,0.2383f,0f,0f,0f,1f],start_interpolation: 0,interpolation_duration: 1}
$data merge entity $(bone_bone8) {transformation: [-0.9964f,0.0341f,0.0777f,-0.0625f,0.008f,0.9493f,-0.3143f,-1.3437f,-0.0844f,-0.3126f,-0.9461f,0.1406f,0f,0f,0f,1f],start_interpolation: 0,interpolation_duration: 1}
$data merge entity $(bone_bone12) {transformation: [-0.9969f,-0.0619f,-0.0487f,0.0854f,-0.0599f,0.9974f,-0.0412f,-1.6383f,0.0511f,-0.0381f,-0.998f,0.2267f,0f,0f,0f,1f],start_interpolation: 0,interpolation_duration: 1}
$data merge entity $(bone_bone11) {transformation: [-0.9969f,-0.0733f,-0.0287f,0.0625f,-0.0599f,0.9427f,-0.3283f,-1.3437f,0.0511f,-0.3255f,-0.9441f,0.125f,0f,0f,0f,1f],start_interpolation: 0,interpolation_duration: 1}
$data merge entity $(bone_bone15) {transformation: [-0.9586f,-0.1628f,-0.2337f,0.2538f,-0.1589f,0.9867f,-0.0353f,-1.6413f,0.2364f,0.0033f,-0.9717f,0.1937f,0f,0f,0f,1f],start_interpolation: 0,interpolation_duration: 1}
$data merge entity $(bone_bone14) {transformation: [-0.9586f,-0.2121f,-0.1901f,0.1875f,-0.1589f,0.9522f,-0.261f,-1.3437f,0.2364f,-0.22f,-0.9464f,0.125f,0f,0f,0f,1f],start_interpolation: 0,interpolation_duration: 1}
$data merge entity $(bone_bone18) {transformation: [-0.8554f,0.4582f,-0.2414f,-0.2657f,0.2295f,0.7532f,0.6164f,-1.6351f,0.4643f,0.4719f,-0.7495f,-0.2222f,0f,0f,0f,1f],start_interpolation: 0,interpolation_duration: 1}
$data merge entity $(bone_bone17) {transformation: [-0.9085f,0.2502f,-0.3346f,-0.1875f,0.1329f,0.9323f,0.3363f,-1.3437f,0.3961f,0.2611f,-0.8803f,-0.1406f,0f,0f,0f,1f],start_interpolation: 0,interpolation_duration: 1}
$data merge entity $(bone_bone21) {transformation: [-0.9999f,-0.0118f,-0.0124f,-0.0899f,-0.0168f,0.8191f,0.5734f,-1.615f,0.0034f,0.5735f,-0.8192f,-0.2934f,0f,0f,0f,1f],start_interpolation: 0,interpolation_duration: 1}
$data merge entity $(bone_bone20) {transformation: [-0.9082f,0.0877f,-0.4092f,-0.0625f,-0.1319f,0.8679f,0.4789f,-1.3437f,0.3971f,0.4889f,-0.7767f,-0.1406f,0f,0f,0f,1f],start_interpolation: 0,interpolation_duration: 1}
$data merge entity $(bone_bone24) {transformation: [-0.9849f,0.1495f,0.0873f,0.0657f,0.1715f,0.9112f,0.3745f,-1.5682f,-0.0236f,0.3838f,-0.9231f,-0.358f,0f,0f,0f,1f],start_interpolation: 0,interpolation_duration: 1}
$data merge entity $(bone_bone23) {transformation: [-0.9994f,-0.0102f,0.0331f,0.0625f,0.0157f,0.7182f,0.6956f,-1.3437f,-0.0308f,0.6957f,-0.7176f,-0.1406f,0f,0f,0f,1f],start_interpolation: 0,interpolation_duration: 1}
$data merge entity $(bone_bone27) {transformation: [-0.9051f,-0.1222f,0.4072f,0.2605f,-0.0734f,0.9883f,0.1334f,-1.6063f,-0.4187f,0.0908f,-0.9036f,-0.2936f,0f,0f,0f,1f],start_interpolation: 0,interpolation_duration: 1}
$data merge entity $(bone_bone26) {transformation: [-0.8764f,-0.2336f,0.4212f,0.1875f,0.0361f,0.8402f,0.5411f,-1.3437f,-0.4803f,0.4894f,-0.7279f,-0.1406f,0f,0f,0f,1f],start_interpolation: 0,interpolation_duration: 1}
$data merge entity $(bone_bone30) {transformation: [-0.9961f,-0.0878f,0f,0.4074f,-0.0878f,0.9961f,0f,-1.6223f,0f,0f,-1f,0.0625f,0f,0f,0f,1f],start_interpolation: 0,interpolation_duration: 1}
$data merge entity $(bone_bone29) {transformation: [-0.8912f,-0.4536f,0f,0.2656f,-0.4536f,0.8912f,0f,-1.3437f,0f,0f,-1f,0.0625f,0f,0f,0f,1f],start_interpolation: 0,interpolation_duration: 1}
$data merge entity $(bone_bone33) {transformation: [-0.993f,-0.1175f,0.011f,0.4546f,-0.1139f,0.9788f,0.1701f,-1.5904f,-0.0307f,0.1677f,-0.9854f,-0.0959f,0f,0f,0f,1f],start_interpolation: 0,interpolation_duration: 1}
$data merge entity $(bone_bone32) {transformation: [-0.7839f,-0.6046f,0.1414f,0.2656f,-0.5658f,0.7894f,0.2382f,-1.3437f,-0.2556f,0.1068f,-0.9609f,-0.0625f,0f,0f,0f,1f],start_interpolation: 0,interpolation_duration: 1}
$data merge entity $(bone_bone36) {transformation: [-0.907f,0.1923f,-0.3747f,-0.3777f,0.3087f,0.9088f,-0.2808f,-1.6232f,0.2865f,-0.3703f,-0.8836f,0.1463f,0f,0f,0f,1f],start_interpolation: 0,interpolation_duration: 1}
$data merge entity $(bone_bone35) {transformation: [-0.8726f,0.3586f,-0.3317f,-0.2656f,0.4232f,0.8941f,-0.1465f,-1.3437f,0.244f,-0.2682f,-0.9319f,0.0625f,0f,0f,0f,1f],start_interpolation: 0,interpolation_duration: 1}
$data merge entity $(bone_bone39) {transformation: [-0.8068f,0.5644f,0.175f,-0.3646f,0.5659f,0.8232f,-0.0459f,-1.6289f,-0.17f,0.062f,-0.9835f,-0.1436f,0f,0f,0f,1f],start_interpolation: 0,interpolation_duration: 1}
$data merge entity $(bone_bone38) {transformation: [-0.9244f,0.3168f,0.2124f,-0.2656f,0.3582f,0.9123f,0.1983f,-1.3437f,-0.131f,0.2594f,-0.9568f,-0.0625f,0f,0f,0f,1f],start_interpolation: 0,interpolation_duration: 1}
$data merge entity $(bone_bone45) {transformation: [-0.93f,0.3511f,-0.1088f,-0.3882f,0.3339f,0.9307f,0.1492f,-0.8869f,0.1537f,0.1025f,-0.9828f,-0.23f,0f,0f,0f,1f],start_interpolation: 0,interpolation_duration: 1}
$data merge entity $(bone_bone44) {transformation: [-0.999f,0.0264f,-0.0352f,-0.38f,0.0156f,0.9608f,0.2767f,-0.5866f,0.0411f,0.2759f,-0.9603f,-0.1438f,0f,0f,0f,1f],start_interpolation: 0,interpolation_duration: 1}
$data merge entity $(bone_bone48) {transformation: [-0.9122f,0.353f,-0.2079f,-0.5964f,0.3957f,0.8908f,-0.2234f,-1.1845f,0.1064f,-0.2861f,-0.9523f,0.0536f,0f,0f,0f,1f],start_interpolation: 0,interpolation_duration: 1}
$data merge entity $(bone_bone47) {transformation: [-0.8688f,0.2681f,-0.4163f,-0.4959f,0.2925f,0.9563f,0.0053f,-0.8259f,0.3995f,-0.1171f,-0.9092f,0.0097f,0f,0f,0f,1f],start_interpolation: 0,interpolation_duration: 1}
$data merge entity $(bone_3) {transformation: [-0.9509f,0.1864f,-0.2469f,-0.3389f,0.1695f,0.9816f,0.0883f,-0.727f,0.2588f,0.0421f,-0.965f,-0.0214f,0f,0f,0f,1f],start_interpolation: 0,interpolation_duration: 1}
$data merge entity $(bone_4) {transformation: [-0.9509f,0.1286f,-0.2814f,-0.4403f,0.1695f,0.9774f,-0.1262f,-0.9373f,0.2588f,-0.1677f,-0.9513f,-0.0147f,0f,0f,0f,1f],start_interpolation: 0,interpolation_duration: 1}
$data merge entity $(bone_bone42) {transformation: [-0.9747f,-0.2222f,0.0243f,0.4178f,-0.1974f,0.9066f,0.3729f,-0.8878f,-0.1049f,0.3586f,-0.9276f,-0.2169f,0f,0f,0f,1f],start_interpolation: 0,interpolation_duration: 1}
$data merge entity $(bone_bone41) {transformation: [-0.9835f,-0.1798f,-0.0182f,0.3617f,-0.1789f,0.9552f,0.2359f,-0.5893f,-0.025f,0.2353f,-0.9716f,-0.1434f,0f,0f,0f,1f],start_interpolation: 0,interpolation_duration: 1}
$data merge entity $(bone_bone51) {transformation: [-0.8613f,-0.4442f,0.2466f,0.6221f,-0.323f,0.8534f,0.4092f,-1.1783f,-0.3922f,0.2728f,-0.8785f,0.0373f,0f,0f,0f,1f],start_interpolation: 0,interpolation_duration: 1}
$data merge entity $(bone_bone50) {transformation: [-0.8921f,-0.3624f,0.27f,0.4863f,-0.3762f,0.9265f,0.0004f,-0.8309f,-0.2503f,-0.1012f,-0.9629f,-0.0006f,0f,0f,0f,1f],start_interpolation: 0,interpolation_duration: 1}
$data merge entity $(bone_1) {transformation: [-0.9827f,-0.1379f,0.1235f,0.3308f,-0.1313f,0.9895f,0.0605f,-0.7256f,-0.1305f,0.0432f,-0.9905f,-0.0136f,0f,0f,0f,1f],start_interpolation: 0,interpolation_duration: 1}
$data merge entity $(bone_2) {transformation: [-0.9827f,-0.1012f,0.155f,0.3917f,-0.1313f,0.9714f,-0.1977f,-0.938f,-0.1305f,-0.2146f,-0.9679f,-0.0189f,0f,0f,0f,1f],start_interpolation: 0,interpolation_duration: 1}
$data merge entity $(bone_7) {transformation: [-0.9964f,0.0852f,-0.0039f,-0.1349f,0.0853f,0.9953f,-0.0453f,-1.5336f,0f,-0.0455f,-0.999f,0.0085f,0f,0f,0f,1f],start_interpolation: 0,interpolation_duration: 1}
$data merge entity $(bone_8) {transformation: [-0.9964f,0.0789f,0.0325f,-0.1468f,0.0853f,0.9212f,0.3796f,-1.673f,0f,0.381f,-0.9246f,0.0274f,0f,0f,0f,1f],start_interpolation: 0,interpolation_duration: 1}
$data merge entity $(bone_5) {transformation: [-0.9964f,-0.0852f,-0.0036f,0.1189f,-0.0853f,0.9955f,0.0416f,-1.3469f,0f,0.0417f,-0.9991f,0f,0f,0f,0f,1f],start_interpolation: 0,interpolation_duration: 1}
$data merge entity $(bone_6) {transformation: [-0.9964f,-0.0814f,-0.0255f,0.1477f,-0.0853f,0.9508f,0.2978f,-1.6832f,0f,0.2989f,-0.9543f,-0.0078f,0f,0f,0f,1f],start_interpolation: 0,interpolation_duration: 1}