# This file was generated by Animated Java via MC-Build. It is not recommended to edit this file directly.
$data merge entity $(bone_bone54) {transformation: [-0.9559f,0.2545f,0.1467f,-0.2096f,0.2937f,0.8326f,0.4697f,1.2269f,-0.0026f,0.492f,-0.8706f,-0.2862f,0f,0f,0f,1f],start_interpolation: 0,interpolation_duration: 1}
$data merge entity $(bone_bone53) {transformation: [-0.9828f,0.1617f,-0.0894f,-0.1562f,0.1147f,0.9131f,0.3912f,1.5f,0.1449f,0.3742f,-0.916f,-0.1406f,0f,0f,0f,1f],start_interpolation: 0,interpolation_duration: 1}
$data merge entity $(bone_bone57) {transformation: [-0.9675f,-0.0139f,0.2525f,0.1495f,0.0267f,0.9872f,0.1569f,1.1953f,-0.2514f,0.1586f,-0.9548f,-0.2165f,0f,0f,0f,1f],start_interpolation: 0,interpolation_duration: 1}
$data merge entity $(bone_bone56) {transformation: [-0.9186f,0.0606f,0.3906f,0.1563f,0.1145f,0.9866f,0.1163f,1.5f,-0.3783f,0.1515f,-0.9132f,-0.1406f,0f,0f,0f,1f],start_interpolation: 0,interpolation_duration: 1}
$data merge entity $(bone_bone5) {transformation: [-0.9593f,0.2165f,0.1813f,-0.2248f,0.1967f,0.973f,-0.121f,0.4456f,-0.2026f,-0.0804f,-0.976f,0.1734f,0f,0f,0f,1f],start_interpolation: 0,interpolation_duration: 1}
$data merge entity $(bone_bone2) {transformation: [-0.9593f,0.2388f,0.1508f,-0.1875f,0.1967f,0.9481f,-0.2496f,0.5938f,-0.2026f,-0.2098f,-0.9565f,0.1406f,0f,0f,0f,1f],start_interpolation: 0,interpolation_duration: 1}
$data merge entity $(bone_bone9) {transformation: [-0.9975f,-0.0128f,0.0701f,-0.0718f,0.0083f,0.9564f,0.292f,0.4529f,-0.0708f,0.2918f,-0.9539f,0.2371f,0f,0f,0f,1f],start_interpolation: 0,interpolation_duration: 1}
$data merge entity $(bone_bone8) {transformation: [-0.9975f,0.0298f,0.0648f,-0.0625f,0.0083f,0.9507f,-0.3099f,0.75f,-0.0708f,-0.3086f,-0.9486f,0.1406f,0f,0f,0f,1f],start_interpolation: 0,interpolation_duration: 1}
$data merge entity $(bone_bone12) {transformation: [-0.997f,-0.0694f,-0.0332f,0.0864f,-0.069f,0.9975f,-0.0131f,0.4561f,0.034f,-0.0108f,-0.9994f,0.2285f,0f,0f,0f,1f],start_interpolation: 0,interpolation_duration: 1}
$data merge entity $(bone_bone11) {transformation: [-0.997f,-0.0764f,-0.0091f,0.0625f,-0.069f,0.9405f,-0.3328f,0.75f,0.034f,-0.3311f,-0.943f,0.125f,0f,0f,0f,1f],start_interpolation: 0,interpolation_duration: 1}
$data merge entity $(bone_bone15) {transformation: [-0.9596f,-0.1664f,-0.2269f,0.2541f,-0.1625f,0.9861f,-0.0361f,0.4523f,0.2297f,0.0022f,-0.9733f,0.1928f,0f,0f,0f,1f],start_interpolation: 0,interpolation_duration: 1}
$data merge entity $(bone_bone14) {transformation: [-0.9596f,-0.2133f,-0.1835f,0.1875f,-0.1625f,0.9526f,-0.2573f,0.75f,0.2297f,-0.2171f,-0.9487f,0.125f,0f,0f,0f,1f],start_interpolation: 0,interpolation_duration: 1}
$data merge entity $(bone_bone18) {transformation: [-0.8446f,0.4886f,-0.219f,-0.2621f,0.2482f,0.7197f,0.6484f,0.4584f,0.4744f,0.4932f,-0.7291f,-0.2246f,0f,0f,0f,1f],start_interpolation: 0,interpolation_duration: 1}
$data merge entity $(bone_bone17) {transformation: [-0.9149f,0.2387f,-0.3256f,-0.1875f,0.1234f,0.9332f,0.3375f,0.75f,0.3845f,0.2686f,-0.8832f,-0.1406f,0f,0f,0f,1f],start_interpolation: 0,interpolation_duration: 1}
$data merge entity $(bone_bone21) {transformation: [-0.9989f,-0.024f,-0.0404f,-0.0884f,-0.0424f,0.8296f,0.5568f,0.4787f,0.0202f,0.5579f,-0.8297f,-0.2936f,0f,0f,0f,1f],start_interpolation: 0,interpolation_duration: 1}
$data merge entity $(bone_bone20) {transformation: [-0.8932f,0.083f,-0.442f,-0.0625f,-0.1531f,0.8681f,0.4723f,0.75f,0.4229f,0.4895f,-0.7626f,-0.1406f,0f,0f,0f,1f],start_interpolation: 0,interpolation_duration: 1}
$data merge entity $(bone_bone24) {transformation: [-0.9822f,0.1582f,0.1009f,0.066f,0.1853f,0.9017f,0.3907f,0.5252f,-0.0292f,0.4024f,-0.915f,-0.3576f,0f,0f,0f,1f],start_interpolation: 0,interpolation_duration: 1}
$data merge entity $(bone_bone23) {transformation: [-0.9989f,-0.0111f,0.0445f,0.0625f,0.0229f,0.7195f,0.6941f,0.75f,-0.0397f,0.6944f,-0.7185f,-0.1406f,0f,0f,0f,1f],start_interpolation: 0,interpolation_duration: 1}
$data merge entity $(bone_bone27) {transformation: [-0.9091f,-0.1393f,0.3925f,0.2635f,-0.095f,0.9869f,0.1303f,0.4869f,-0.4055f,0.0812f,-0.9105f,-0.2911f,0f,0f,0f,1f],start_interpolation: 0,interpolation_duration: 1}
$data merge entity $(bone_bone26) {transformation: [-0.8827f,-0.2431f,0.4022f,0.1875f,0.0138f,0.842f,0.5392f,0.75f,-0.4697f,0.4815f,-0.7399f,-0.1406f,0f,0f,0f,1f],start_interpolation: 0,interpolation_duration: 1}
$data merge entity $(bone_bone30) {transformation: [-0.9964f,-0.0851f,0f,0.4117f,-0.0851f,0.9964f,0f,0.4737f,0f,0f,-1f,0.0625f,0f,0f,0f,1f],start_interpolation: 0,interpolation_duration: 1}
$data merge entity $(bone_bone29) {transformation: [-0.8841f,-0.4673f,0f,0.2656f,-0.4673f,0.8841f,0f,0.75f,0f,0f,-1f,0.0625f,0f,0f,0f,1f],start_interpolation: 0,interpolation_duration: 1}
$data merge entity $(bone_bone33) {transformation: [-0.9936f,-0.1089f,-0.0289f,0.4549f,-0.1119f,0.9837f,0.1411f,0.5035f,0.0131f,0.1434f,-0.9896f,-0.0952f,0f,0f,0f,1f],start_interpolation: 0,interpolation_duration: 1}
$data merge entity $(bone_bone32) {transformation: [-0.7847f,-0.6058f,0.1313f,0.2656f,-0.5706f,0.7888f,0.2287f,0.75f,-0.2421f,0.1045f,-0.9646f,-0.0625f,0f,0f,0f,1f],start_interpolation: 0,interpolation_duration: 1}
$data merge entity $(bone_bone36) {transformation: [-0.9175f,0.1846f,-0.3523f,-0.3792f,0.2877f,0.9197f,-0.2673f,0.4718f,0.2747f,-0.3466f,-0.8969f,0.1483f,0f,0f,0f,1f],start_interpolation: 0,interpolation_duration: 1}
$data merge entity $(bone_bone35) {transformation: [-0.8677f,0.3633f,-0.3392f,-0.2656f,0.4306f,0.8903f,-0.1479f,0.75f,0.2483f,-0.2744f,-0.929f,0.0625f,0f,0f,0f,1f],start_interpolation: 0,interpolation_duration: 1}
$data merge entity $(bone_bone39) {transformation: [-0.8117f,0.5652f,0.1471f,-0.366f,0.5656f,0.8235f,-0.0428f,0.4648f,-0.1453f,0.0484f,-0.9882f,-0.1416f,0f,0f,0f,1f],start_interpolation: 0,interpolation_duration: 1}
$data merge entity $(bone_bone38) {transformation: [-0.9209f,0.3211f,0.2211f,-0.2656f,0.3632f,0.9126f,0.1877f,0.75f,-0.1415f,0.2531f,-0.957f,-0.0625f,0f,0f,0f,1f],start_interpolation: 0,interpolation_duration: 1}
$data merge entity $(bone_bone45) {transformation: [-0.9346f,0.334f,-0.1222f,-0.3803f,0.3202f,0.9398f,0.1198f,1.2067f,0.1548f,0.0729f,-0.9852f,-0.2298f,0f,0f,0f,1f],start_interpolation: 0,interpolation_duration: 1}
$data merge entity $(bone_bone44) {transformation: [-0.9984f,0.0008f,-0.0568f,-0.38f,-0.0148f,0.9614f,0.2747f,1.5071f,0.0549f,0.2751f,-0.9598f,-0.1438f,0f,0f,0f,1f],start_interpolation: 0,interpolation_duration: 1}
$data merge entity $(bone_bone48) {transformation: [-0.9017f,0.3721f,-0.2199f,-0.5933f,0.4199f,0.8749f,-0.2413f,0.9082f,0.1026f,-0.3099f,-0.9452f,0.0522f,0f,0f,0f,1f],start_interpolation: 0,interpolation_duration: 1}
$data merge entity $(bone_bone47) {transformation: [-0.8711f,0.2602f,-0.4166f,-0.4958f,0.2837f,0.9589f,0.0056f,1.2678f,0.4009f,-0.1133f,-0.9091f,0.0097f,0f,0f,0f,1f],start_interpolation: 0,interpolation_duration: 1}
$data merge entity $(bone_3) {transformation: [-0.951f,0.1858f,-0.247f,-0.3388f,0.1689f,0.9817f,0.0882f,1.3667f,0.2588f,0.0421f,-0.965f,-0.0214f,0f,0f,0f,1f],start_interpolation: 0,interpolation_duration: 1}
$data merge entity $(bone_4) {transformation: [-0.951f,0.1279f,-0.2813f,-0.44f,0.1689f,0.9775f,-0.1264f,1.1564f,0.2588f,-0.1677f,-0.9513f,-0.0147f,0f,0f,0f,1f],start_interpolation: 0,interpolation_duration: 1}
$data merge entity $(bone_bone42) {transformation: [-0.9695f,-0.2427f,0.0329f,0.4201f,-0.2103f,0.8936f,0.3966f,1.205f,-0.1256f,0.3776f,-0.9174f,-0.211f,0f,0f,0f,1f],start_interpolation: 0,interpolation_duration: 1}
$data merge entity $(bone_bone41) {transformation: [-0.9821f,-0.187f,0.0237f,0.3617f,-0.177f,0.9582f,0.2246f,1.5044f,-0.0647f,0.2164f,-0.9742f,-0.1434f,0f,0f,0f,1f],start_interpolation: 0,interpolation_duration: 1}
$data merge entity $(bone_bone51) {transformation: [-0.848f,-0.4662f,0.2522f,0.6193f,-0.3371f,0.8416f,0.4221f,0.9148f,-0.409f,0.2729f,-0.8708f,0.0415f,0f,0f,0f,1f],start_interpolation: 0,interpolation_duration: 1}
$data merge entity $(bone_bone50) {transformation: [-0.8899f,-0.3552f,0.2863f,0.4861f,-0.3725f,0.928f,-0.0062f,1.2628f,-0.2635f,-0.1122f,-0.9581f,-0.0006f,0f,0f,0f,1f],start_interpolation: 0,interpolation_duration: 1}
$data merge entity $(bone_1) {transformation: [-0.9828f,-0.1373f,0.1235f,0.3307f,-0.1306f,0.9896f,0.0604f,1.3681f,-0.1305f,0.0432f,-0.9905f,-0.0136f,0f,0f,0f,1f],start_interpolation: 0,interpolation_duration: 1}
$data merge entity $(bone_2) {transformation: [-0.9828f,-0.1006f,0.1548f,0.3915f,-0.1306f,0.9715f,-0.1978f,1.1557f,-0.1305f,-0.2146f,-0.9679f,-0.0189f,0f,0f,0f,1f],start_interpolation: 0,interpolation_duration: 1}
$data merge entity $(bone_7) {transformation: [-0.9963f,0.0859f,-0.0039f,-0.135f,0.0859f,0.9953f,-0.0447f,0.5602f,0f,-0.0448f,-0.999f,0.0084f,0f,0f,0f,1f],start_interpolation: 0,interpolation_duration: 1}
$data merge entity $(bone_8) {transformation: [-0.9963f,0.0794f,0.0328f,-0.147f,0.0859f,0.9209f,0.3801f,0.4208f,0f,0.3816f,-0.9243f,0.0272f,0f,0f,0f,1f],start_interpolation: 0,interpolation_duration: 1}
$data merge entity $(bone_5) {transformation: [-0.9963f,-0.0859f,-0.0036f,0.1189f,-0.0859f,0.9954f,0.0422f,0.7468f,0f,0.0424f,-0.9991f,0f,0f,0f,0f,1f],start_interpolation: 0,interpolation_duration: 1}
$data merge entity $(bone_6) {transformation: [-0.9963f,-0.082f,-0.0257f,0.1479f,-0.0859f,0.9506f,0.2984f,0.4106f,0f,0.2995f,-0.9541f,-0.0081f,0f,0f,0f,1f],start_interpolation: 0,interpolation_duration: 1}