# This file was generated by Animated Java via MC-Build. It is not recommended to edit this file directly.
$data merge entity $(bone_bone54) {transformation: [-0.9561f,0.2558f,0.1433f,-0.2123f,0.2931f,0.8232f,0.4862f,-0.8674f,0.0064f,0.5069f,-0.862f,-0.2841f,0f,0f,0f,1f],start_interpolation: 0,interpolation_duration: 1}
$data merge entity $(bone_bone53) {transformation: [-0.9822f,0.1715f,-0.0771f,-0.1562f,0.1295f,0.9142f,0.3841f,-0.5937f,0.1364f,0.3672f,-0.9201f,-0.1406f,0f,0f,0f,1f],start_interpolation: 0,interpolation_duration: 1}
$data merge entity $(bone_bone57) {transformation: [-0.9656f,-0.0069f,0.2598f,0.1505f,0.0291f,0.9905f,0.1345f,-0.8982f,-0.2583f,0.1374f,-0.9563f,-0.2176f,0f,0f,0f,1f],start_interpolation: 0,interpolation_duration: 1}
$data merge entity $(bone_bone56) {transformation: [-0.9163f,0.058f,0.3962f,0.1563f,0.1143f,0.9862f,0.12f,-0.5937f,-0.3838f,0.1553f,-0.9103f,-0.1406f,0f,0f,0f,1f],start_interpolation: 0,interpolation_duration: 1}
$data merge entity $(bone_bone5) {transformation: [-0.9603f,0.2192f,0.1723f,-0.2254f,0.2036f,0.9735f,-0.1041f,-1.6479f,-0.1906f,-0.0649f,-0.9795f,0.1736f,0f,0f,0f,1f],start_interpolation: 0,interpolation_duration: 1}
$data merge entity $(bone_bone2) {transformation: [-0.9603f,0.2426f,0.1375f,-0.1875f,0.2036f,0.9468f,-0.2491f,-1.5f,-0.1906f,-0.2112f,-0.9587f,0.1406f,0f,0f,0f,1f],start_interpolation: 0,interpolation_duration: 1}
$data merge entity $(bone_bone9) {transformation: [-0.9982f,-0.0106f,0.0592f,-0.0707f,0.0084f,0.9498f,0.3127f,-1.6412f,-0.0595f,0.3127f,-0.948f,0.236f,0f,0f,0f,1f],start_interpolation: 0,interpolation_duration: 1}
$data merge entity $(bone_bone8) {transformation: [-0.9982f,0.0262f,0.0541f,-0.0625f,0.0084f,0.9519f,-0.3062f,-1.3437f,-0.0595f,-0.3052f,-0.9504f,0.1406f,0f,0f,0f,1f],start_interpolation: 0,interpolation_duration: 1}
$data merge entity $(bone_bone12) {transformation: [-0.9969f,-0.0763f,-0.0207f,0.0871f,-0.0766f,0.997f,0.0103f,-1.6371f,0.0199f,0.0118f,-0.9997f,0.2299f,0f,0f,0f,1f],start_interpolation: 0,interpolation_duration: 1}
$data merge entity $(bone_bone11) {transformation: [-0.9969f,-0.0788f,0.007f,0.0625f,-0.0766f,0.9387f,-0.3362f,-1.3437f,0.0199f,-0.3357f,-0.9418f,0.125f,0f,0f,0f,1f],start_interpolation: 0,interpolation_duration: 1}
$data merge entity $(bone_bone15) {transformation: [-0.9604f,-0.1694f,-0.2212f,0.2544f,-0.1654f,0.9855f,-0.0367f,-1.6415f,0.2242f,0.0013f,-0.9745f,0.1921f,0f,0f,0f,1f],start_interpolation: 0,interpolation_duration: 1}
$data merge entity $(bone_bone14) {transformation: [-0.9604f,-0.2142f,-0.1781f,0.1875f,-0.1654f,0.9529f,-0.2542f,-1.3437f,0.2242f,-0.2147f,-0.9506f,0.125f,0f,0f,0f,1f],start_interpolation: 0,interpolation_duration: 1}
$data merge entity $(bone_bone18) {transformation: [-0.8345f,0.5141f,-0.1985f,-0.2588f,0.2633f,0.6884f,0.6758f,-1.6355f,0.484f,0.5117f,-0.7098f,-0.227f,0f,0f,0f,1f],start_interpolation: 0,interpolation_duration: 1}
$data merge entity $(bone_bone17) {transformation: [-0.9201f,0.2281f,-0.3183f,-0.1875f,0.114f,0.9336f,0.3397f,-1.3437f,0.3746f,0.2763f,-0.8851f,-0.1406f,0f,0f,0f,1f],start_interpolation: 0,interpolation_duration: 1}
$data merge entity $(bone_bone21) {transformation: [-0.9973f,-0.0356f,-0.0639f,-0.0874f,-0.0645f,0.8393f,0.5398f,-1.615f,0.0344f,0.5424f,-0.8394f,-0.2938f,0f,0f,0f,1f],start_interpolation: 0,interpolation_duration: 1}
$data merge entity $(bone_bone20) {transformation: [-0.8791f,0.0797f,-0.4699f,-0.0625f,-0.1705f,0.868f,0.4663f,-1.3437f,0.445f,0.4901f,-0.7495f,-0.1406f,0f,0f,0f,1f],start_interpolation: 0,interpolation_duration: 1}
$data merge entity $(bone_bone24) {transformation: [-0.9796f,0.1654f,0.1138f,0.0662f,0.1978f,0.8924f,0.4057f,-1.5692f,-0.0344f,0.4199f,-0.9069f,-0.357f,0f,0f,0f,1f],start_interpolation: 0,interpolation_duration: 1}
$data merge entity $(bone_bone23) {transformation: [-0.9984f,-0.0119f,0.0547f,0.0625f,0.0293f,0.7214f,0.6919f,-1.3437f,-0.0477f,0.6924f,-0.7199f,-0.1406f,0f,0f,0f,1f],start_interpolation: 0,interpolation_duration: 1}
$data merge entity $(bone_bone27) {transformation: [-0.9119f,-0.1552f,0.3799f,0.2662f,-0.113f,0.9849f,0.131f,-1.6073f,-0.3945f,0.0765f,-0.9157f,-0.2889f,0f,0f,0f,1f],start_interpolation: 0,interpolation_duration: 1}
$data merge entity $(bone_bone26) {transformation: [-0.8871f,-0.252f,0.3867f,0.1875f,-0.0054f,0.8434f,0.5372f,-1.3437f,-0.4615f,0.4745f,-0.7496f,-0.1406f,0f,0f,0f,1f],start_interpolation: 0,interpolation_duration: 1}
$data merge entity $(bone_bone30) {transformation: [-0.9965f,-0.0836f,0f,0.4153f,-0.0836f,0.9965f,0f,-1.6181f,0f,0f,-1f,0.0625f,0f,0f,0f,1f],start_interpolation: 0,interpolation_duration: 1}
$data merge entity $(bone_bone29) {transformation: [-0.8778f,-0.4791f,0f,0.2656f,-0.4791f,0.8778f,0f,-1.3437f,0f,0f,-1f,0.0625f,0f,0f,0f,1f],start_interpolation: 0,interpolation_duration: 1}
$data merge entity $(bone_bone33) {transformation: [-0.9923f,-0.1052f,-0.0656f,0.4551f,-0.1122f,0.9871f,0.1144f,-1.5902f,0.0528f,0.1209f,-0.9913f,-0.0946f,0f,0f,0f,1f],start_interpolation: 0,interpolation_duration: 1}
$data merge entity $(bone_bone32) {transformation: [-0.7861f,-0.6062f,0.1207f,0.2656f,-0.5745f,0.7887f,0.2189f,-1.3437f,-0.2279f,0.1027f,-0.9683f,-0.0625f,0f,0f,0f,1f],start_interpolation: 0,interpolation_duration: 1}
$data merge entity $(bone_bone36) {transformation: [-0.9267f,0.1767f,-0.3318f,-0.3804f,0.2679f,0.9296f,-0.2532f,-1.6209f,0.2637f,-0.3235f,-0.9087f,0.1499f,0f,0f,0f,1f],start_interpolation: 0,interpolation_duration: 1}
$data merge entity $(bone_bone35) {transformation: [-0.8629f,0.3674f,-0.3471f,-0.2656f,0.4374f,0.887f,-0.1484f,-1.3437f,0.2533f,-0.2798f,-0.926f,0.0625f,0f,0f,0f,1f],start_interpolation: 0,interpolation_duration: 1}
$data merge entity $(bone_bone39) {transformation: [-0.8167f,0.5649f,0.1174f,-0.3674f,0.5646f,0.8244f,-0.0396f,-1.6291f,-0.1192f,0.034f,-0.9923f,-0.1393f,0f,0f,0f,1f],start_interpolation: 0,interpolation_duration: 1}
$data merge entity $(bone_bone38) {transformation: [-0.917f,0.3258f,0.2302f,-0.2656f,0.3684f,0.913f,0.1755f,-1.3437f,-0.153f,0.2457f,-0.9572f,-0.0625f,0f,0f,0f,1f],start_interpolation: 0,interpolation_duration: 1}
$data merge entity $(bone_bone45) {transformation: [-0.9393f,0.3163f,-0.1328f,-0.3732f,0.3059f,0.9475f,0.0929f,-0.887f,0.1552f,0.0467f,-0.9868f,-0.2296f,0f,0f,0f,1f],start_interpolation: 0,interpolation_duration: 1}
$data merge entity $(bone_bone44) {transformation: [-0.9968f,-0.0218f,-0.0775f,-0.38f,-0.0422f,0.9613f,0.2723f,-0.5866f,0.0686f,0.2747f,-0.9591f,-0.1438f,0f,0f,0f,1f],start_interpolation: 0,interpolation_duration: 1}
$data merge entity $(bone_bone48) {transformation: [-0.8914f,0.3893f,-0.232f,-0.5909f,0.4419f,0.8601f,-0.2547f,-1.1864f,0.1004f,-0.3296f,-0.9388f,0.0511f,0f,0f,0f,1f],start_interpolation: 0,interpolation_duration: 1}
$data merge entity $(bone_bone47) {transformation: [-0.8723f,0.2541f,-0.4178f,-0.4956f,0.277f,0.9609f,0.0061f,-0.826f,0.403f,-0.1104f,-0.9085f,0.0097f,0f,0f,0f,1f],start_interpolation: 0,interpolation_duration: 1}
$data merge entity $(bone_3) {transformation: [-0.9511f,0.1853f,-0.247f,-0.3387f,0.1684f,0.9818f,0.088f,-0.727f,0.2588f,0.0421f,-0.965f,-0.0214f,0f,0f,0f,1f],start_interpolation: 0,interpolation_duration: 1}
$data merge entity $(bone_4) {transformation: [-0.9511f,0.1274f,-0.2813f,-0.4399f,0.1684f,0.9776f,-0.1266f,-0.9374f,0.2588f,-0.1677f,-0.9513f,-0.0147f,0f,0f,0f,1f],start_interpolation: 0,interpolation_duration: 1}
$data merge entity $(bone_bone42) {transformation: [-0.9648f,-0.26f,0.04f,0.4215f,-0.2206f,0.8824f,0.4155f,-0.8896f,-0.1433f,0.392f,-0.9087f,-0.2057f,0f,0f,0f,1f],start_interpolation: 0,interpolation_duration: 1}
$data merge entity $(bone_bone41) {transformation: [-0.9796f,-0.1914f,0.0611f,0.3617f,-0.1744f,0.961f,0.2146f,-0.5893f,-0.0998f,0.1995f,-0.9748f,-0.1434f,0f,0f,0f,1f],start_interpolation: 0,interpolation_duration: 1}
$data merge entity $(bone_bone51) {transformation: [-0.8369f,-0.4841f,0.2554f,0.6169f,-0.3496f,0.8318f,0.4312f,-1.1794f,-0.4212f,0.2716f,-0.8654f,0.0451f,0f,0f,0f,1f],start_interpolation: 0,interpolation_duration: 1}
$data merge entity $(bone_bone50) {transformation: [-0.888f,-0.3491f,0.2992f,0.486f,-0.3696f,0.9291f,-0.0129f,-0.831f,-0.2735f,-0.122f,-0.9541f,-0.0006f,0f,0f,0f,1f],start_interpolation: 0,interpolation_duration: 1}
$data merge entity $(bone_1) {transformation: [-0.9829f,-0.1367f,0.1236f,0.3307f,-0.1301f,0.9897f,0.0604f,-0.7256f,-0.1305f,0.0432f,-0.9905f,-0.0136f,0f,0f,0f,1f],start_interpolation: 0,interpolation_duration: 1}
$data merge entity $(bone_2) {transformation: [-0.9829f,-0.1001f,0.1547f,0.3913f,-0.1301f,0.9716f,-0.1978f,-0.938f,-0.1305f,-0.2146f,-0.9679f,-0.0189f,0f,0f,0f,1f],start_interpolation: 0,interpolation_duration: 1}
$data merge entity $(bone_7) {transformation: [-0.9963f,0.0864f,-0.0038f,-0.1351f,0.0865f,0.9953f,-0.0442f,-1.5336f,0f,-0.0443f,-0.999f,0.0083f,0f,0f,0f,1f],start_interpolation: 0,interpolation_duration: 1}
$data merge entity $(bone_8) {transformation: [-0.9963f,0.0799f,0.033f,-0.1472f,0.0865f,0.9207f,0.3806f,-1.673f,0f,0.382f,-0.9241f,0.027f,0f,0f,0f,1f],start_interpolation: 0,interpolation_duration: 1}
$data merge entity $(bone_5) {transformation: [-0.9963f,-0.0864f,-0.0037f,0.1189f,-0.0865f,0.9953f,0.0428f,-1.347f,0f,0.0429f,-0.9991f,0f,0f,0f,0f,1f],start_interpolation: 0,interpolation_duration: 1}
$data merge entity $(bone_6) {transformation: [-0.9963f,-0.0825f,-0.0259f,0.1481f,-0.0865f,0.9504f,0.2989f,-1.6832f,0f,0.3f,-0.9539f,-0.0082f,0f,0f,0f,1f],start_interpolation: 0,interpolation_duration: 1}