# This file was generated by Animated Java via MC-Build. It is not recommended to edit this file directly.
$data merge entity $(bone_bone54) {transformation: [-0.9566f,0.2555f,0.1403f,-0.2143f,0.2912f,0.8163f,0.4989f,1.2259f,0.013f,0.5181f,-0.8552f,-0.2824f,0f,0f,0f,1f],start_interpolation: 0,interpolation_duration: 1}
$data merge entity $(bone_bone53) {transformation: [-0.9816f,0.1792f,-0.0654f,-0.1562f,0.1419f,0.915f,0.3777f,1.5f,0.1275f,0.3615f,-0.9236f,-0.1406f,0f,0f,0f,1f],start_interpolation: 0,interpolation_duration: 1}
$data merge entity $(bone_bone57) {transformation: [-0.9643f,0.0007f,0.2647f,0.1515f,0.032f,0.993f,0.1141f,1.1959f,-0.2627f,0.1185f,-0.9576f,-0.2189f,0f,0f,0f,1f],start_interpolation: 0,interpolation_duration: 1}
$data merge entity $(bone_bone56) {transformation: [-0.9149f,0.0552f,0.3999f,0.1563f,0.114f,0.9856f,0.1247f,1.5f,-0.3873f,0.1597f,-0.908f,-0.1406f,0f,0f,0f,1f],start_interpolation: 0,interpolation_duration: 1}
$data merge entity $(bone_bone5) {transformation: [-0.961f,0.2215f,0.1656f,-0.2259f,0.2087f,0.9737f,-0.0912f,0.446f,-0.1815f,-0.0531f,-0.982f,0.1738f,0f,0f,0f,1f],start_interpolation: 0,interpolation_duration: 1}
$data merge entity $(bone_bone2) {transformation: [-0.961f,0.2455f,0.1273f,-0.1875f,0.2087f,0.9459f,-0.2485f,0.5938f,-0.1815f,-0.2123f,-0.9602f,0.1406f,0f,0f,0f,1f],start_interpolation: 0,interpolation_duration: 1}
$data merge entity $(bone_bone9) {transformation: [-0.9987f,-0.0086f,0.0509f,-0.0699f,0.0086f,0.9445f,0.3284f,0.4522f,-0.0509f,0.3284f,-0.9432f,0.2352f,0f,0f,0f,1f],start_interpolation: 0,interpolation_duration: 1}
$data merge entity $(bone_bone8) {transformation: [-0.9987f,0.0236f,0.0459f,-0.0625f,0.0086f,0.9528f,-0.3034f,0.75f,-0.0509f,-0.3026f,-0.9517f,0.1406f,0f,0f,0f,1f],start_interpolation: 0,interpolation_duration: 1}
$data merge entity $(bone_bone12) {transformation: [-0.9966f,-0.082f,-0.0115f,0.0877f,-0.0823f,0.9962f,0.0281f,0.4571f,0.0092f,0.029f,-0.9995f,0.231f,0f,0f,0f,1f],start_interpolation: 0,interpolation_duration: 1}
$data merge entity $(bone_bone11) {transformation: [-0.9966f,-0.0805f,0.0193f,0.0625f,-0.0823f,0.9373f,-0.3387f,0.75f,0.0092f,-0.3391f,-0.9407f,0.125f,0f,0f,0f,1f],start_interpolation: 0,interpolation_duration: 1}
$data merge entity $(bone_bone15) {transformation: [-0.961f,-0.1717f,-0.2168f,0.2547f,-0.1676f,0.9851f,-0.0372f,0.4521f,0.22f,0.0006f,-0.9755f,0.1915f,0f,0f,0f,1f],start_interpolation: 0,interpolation_duration: 1}
$data merge entity $(bone_bone14) {transformation: [-0.961f,-0.215f,-0.174f,0.1875f,-0.1676f,0.9531f,-0.2519f,0.75f,0.22f,-0.2129f,-0.952f,0.125f,0f,0f,0f,1f],start_interpolation: 0,interpolation_duration: 1}
$data merge entity $(bone_bone18) {transformation: [-0.8255f,0.5344f,-0.1812f,-0.2559f,0.2745f,0.6609f,0.6985f,0.4583f,0.4931f,0.5269f,-0.6922f,-0.2294f,0f,0f,0f,1f],start_interpolation: 0,interpolation_duration: 1}
$data merge entity $(bone_bone17) {transformation: [-0.9243f,0.2188f,-0.3127f,-0.1875f,0.1049f,0.9335f,0.3428f,0.75f,0.3669f,0.284f,-0.8858f,-0.1406f,0f,0f,0f,1f],start_interpolation: 0,interpolation_duration: 1}
$data merge entity $(bone_bone21) {transformation: [-0.9955f,-0.0462f,-0.0823f,-0.0869f,-0.0826f,0.8482f,0.5231f,0.4789f,0.0456f,0.5276f,-0.8483f,-0.2941f,0f,0f,0f,1f],start_interpolation: 0,interpolation_duration: 1}
$data merge entity $(bone_bone20) {transformation: [-0.867f,0.0781f,-0.4921f,-0.0625f,-0.1841f,0.8676f,0.462f,0.75f,0.463f,0.4911f,-0.7379f,-0.1406f,0f,0f,0f,1f],start_interpolation: 0,interpolation_duration: 1}
$data merge entity $(bone_bone24) {transformation: [-0.9772f,0.1712f,0.1255f,0.0664f,0.2087f,0.8835f,0.4194f,0.5238f,-0.0391f,0.436f,-0.8991f,-0.3562f,0f,0f,0f,1f],start_interpolation: 0,interpolation_duration: 1}
$data merge entity $(bone_bone23) {transformation: [-0.9979f,-0.0124f,0.0636f,0.0625f,0.0349f,0.7239f,0.689f,0.75f,-0.0546f,0.6898f,-0.7219f,-0.1406f,0f,0f,0f,1f],start_interpolation: 0,interpolation_duration: 1}
$data merge entity $(bone_bone27) {transformation: [-0.9137f,-0.1692f,0.3694f,0.2687f,-0.1269f,0.9825f,0.1361f,0.4862f,-0.386f,0.0775f,-0.9192f,-0.2871f,0f,0f,0f,1f],start_interpolation: 0,interpolation_duration: 1}
$data merge entity $(bone_bone26) {transformation: [-0.8897f,-0.2598f,0.3753f,0.1875f,-0.0206f,0.8442f,0.5356f,0.75f,-0.456f,0.4688f,-0.7565f,-0.1406f,0f,0f,0f,1f],start_interpolation: 0,interpolation_duration: 1}
$data merge entity $(bone_bone30) {transformation: [-0.9965f,-0.0834f,0f,0.4183f,-0.0834f,0.9965f,0f,0.4773f,0f,0f,-1f,0.0625f,0f,0f,0f,1f],start_interpolation: 0,interpolation_duration: 1}
$data merge entity $(bone_bone29) {transformation: [-0.8725f,-0.4886f,0f,0.2656f,-0.4886f,0.8725f,0f,0.75f,0f,0f,-1f,0.0625f,0f,0f,0f,1f],start_interpolation: 0,interpolation_duration: 1}
$data merge entity $(bone_bone33) {transformation: [-0.9895f,-0.1062f,-0.0982f,0.4549f,-0.1151f,0.9892f,0.0906f,0.5034f,0.0875f,0.1009f,-0.991f,-0.0942f,0f,0f,0f,1f],start_interpolation: 0,interpolation_duration: 1}
$data merge entity $(bone_bone32) {transformation: [-0.7881f,-0.6057f,0.1097f,0.2656f,-0.5775f,0.7892f,0.209f,0.75f,-0.2131f,0.1014f,-0.9718f,-0.0625f,0f,0f,0f,1f],start_interpolation: 0,interpolation_duration: 1}
$data merge entity $(bone_bone36) {transformation: [-0.9345f,0.1688f,-0.3133f,-0.3815f,0.2496f,0.9384f,-0.2389f,0.4737f,0.2537f,-0.3015f,-0.9191f,0.1514f,0f,0f,0f,1f],start_interpolation: 0,interpolation_duration: 1}
$data merge entity $(bone_bone35) {transformation: [-0.8581f,0.3708f,-0.3553f,-0.2656f,0.4433f,0.8841f,-0.1479f,0.75f,0.2592f,-0.2844f,-0.923f,0.0625f,0f,0f,0f,1f],start_interpolation: 0,interpolation_duration: 1}
$data merge entity $(bone_bone39) {transformation: [-0.8215f,0.5637f,0.0863f,-0.369f,0.5628f,0.8258f,-0.0361f,0.4646f,-0.0916f,0.0189f,-0.9956f,-0.1366f,0f,0f,0f,1f],start_interpolation: 0,interpolation_duration: 1}
$data merge entity $(bone_bone38) {transformation: [-0.9128f,0.3309f,0.2395f,-0.2656f,0.3736f,0.9134f,0.1619f,0.75f,-0.1652f,0.2372f,-0.9573f,-0.0625f,0f,0f,0f,1f],start_interpolation: 0,interpolation_duration: 1}
$data merge entity $(bone_bone45) {transformation: [-0.944f,0.2985f,-0.1407f,-0.3673f,0.2914f,0.9541f,0.0694f,1.2069f,0.1549f,0.0245f,-0.9876f,-0.2296f,0f,0f,0f,1f],start_interpolation: 0,interpolation_duration: 1}
$data merge entity $(bone_bone44) {transformation: [-0.9944f,-0.0408f,-0.097f,-0.38f,-0.0657f,0.9607f,0.2698f,1.5071f,0.0822f,0.2747f,-0.958f,-0.1438f,0f,0f,0f,1f],start_interpolation: 0,interpolation_duration: 1}
$data merge entity $(bone_bone48) {transformation: [-0.8816f,0.4042f,-0.2436f,-0.5893f,0.4612f,0.8472f,-0.2635f,0.9069f,0.0999f,-0.3447f,-0.9334f,0.0503f,0f,0f,0f,1f],start_interpolation: 0,interpolation_duration: 1}
$data merge entity $(bone_bone47) {transformation: [-0.8723f,0.25f,-0.4202f,-0.4955f,0.2724f,0.9622f,0.007f,1.2677f,0.406f,-0.1084f,-0.9074f,0.0097f,0f,0f,0f,1f],start_interpolation: 0,interpolation_duration: 1}
$data merge entity $(bone_3) {transformation: [-0.9512f,0.1849f,-0.247f,-0.3387f,0.168f,0.9819f,0.0879f,1.3668f,0.2588f,0.0421f,-0.965f,-0.0214f,0f,0f,0f,1f],start_interpolation: 0,interpolation_duration: 1}
$data merge entity $(bone_4) {transformation: [-0.9512f,0.1271f,-0.2812f,-0.4397f,0.168f,0.9776f,-0.1267f,1.1564f,0.2588f,-0.1677f,-0.9513f,-0.0147f,0f,0f,0f,1f],start_interpolation: 0,interpolation_duration: 1}
$data merge entity $(bone_bone42) {transformation: [-0.9607f,-0.2737f,0.046f,0.4221f,-0.2284f,0.8738f,0.4293f,1.2033f,-0.1577f,0.4019f,-0.902f,-0.2012f,0f,0f,0f,1f],start_interpolation: 0,interpolation_duration: 1}
$data merge entity $(bone_bone41) {transformation: [-0.9767f,-0.1934f,0.093f,0.3617f,-0.1712f,0.9635f,0.2059f,1.5044f,-0.1295f,0.1852f,-0.9741f,-0.1434f,0f,0f,0f,1f],start_interpolation: 0,interpolation_duration: 1}
$data merge entity $(bone_bone51) {transformation: [-0.8288f,-0.4975f,0.2562f,0.615f,-0.3602f,0.8246f,0.4361f,0.9141f,-0.4282f,0.2692f,-0.8626f,0.0484f,0f,0f,0f,1f],start_interpolation: 0,interpolation_duration: 1}
$data merge entity $(bone_bone50) {transformation: [-0.8868f,-0.3443f,0.3083f,0.4859f,-0.3678f,0.9297f,-0.0194f,1.2627f,-0.28f,-0.1306f,-0.9511f,-0.0006f,0f,0f,0f,1f],start_interpolation: 0,interpolation_duration: 1}
$data merge entity $(bone_1) {transformation: [-0.9829f,-0.1364f,0.1236f,0.3306f,-0.1297f,0.9897f,0.0603f,1.3682f,-0.1305f,0.0432f,-0.9905f,-0.0136f,0f,0f,0f,1f],start_interpolation: 0,interpolation_duration: 1}
$data merge entity $(bone_2) {transformation: [-0.9829f,-0.0997f,0.1547f,0.3912f,-0.1297f,0.9716f,-0.1979f,1.1557f,-0.1305f,-0.2146f,-0.9679f,-0.0189f,0f,0f,0f,1f],start_interpolation: 0,interpolation_duration: 1}
$data merge entity $(bone_7) {transformation: [-0.9962f,0.0868f,-0.0038f,-0.1352f,0.0868f,0.9953f,-0.0438f,0.5601f,0f,-0.0439f,-0.999f,0.0082f,0f,0f,0f,1f],start_interpolation: 0,interpolation_duration: 1}
$data merge entity $(bone_8) {transformation: [-0.9962f,0.0802f,0.0332f,-0.1473f,0.0868f,0.9205f,0.3809f,0.4207f,0f,0.3824f,-0.924f,0.0269f,0f,0f,0f,1f],start_interpolation: 0,interpolation_duration: 1}
$data merge entity $(bone_5) {transformation: [-0.9962f,-0.0868f,-0.0038f,0.1189f,-0.0868f,0.9953f,0.0431f,0.7467f,0f,0.0433f,-0.9991f,0f,0f,0f,0f,1f],start_interpolation: 0,interpolation_duration: 1}
$data merge entity $(bone_6) {transformation: [-0.9962f,-0.0828f,-0.0261f,0.1482f,-0.0868f,0.9502f,0.2993f,0.4106f,0f,0.3004f,-0.9538f,-0.0084f,0f,0f,0f,1f],start_interpolation: 0,interpolation_duration: 1}