# This file was generated by Animated Java via MC-Build. It is not recommended to edit this file directly.
$data merge entity $(bone_bone54) {transformation: [-0.9576f,0.2533f,0.1376f,-0.2156f,0.2877f,0.8123f,0.5074f,1.2255f,0.0168f,0.5254f,-0.8507f,-0.2812f,0f,0f,0f,1f],start_interpolation: 0,interpolation_duration: 1}
$data merge entity $(bone_bone53) {transformation: [-0.9813f,0.1846f,-0.054f,-0.1562f,0.1518f,0.9156f,0.3723f,1.5f,0.1182f,0.3572f,-0.9265f,-0.1406f,0f,0f,0f,1f],start_interpolation: 0,interpolation_duration: 1}
$data merge entity $(bone_bone57) {transformation: [-0.9637f,0.0086f,0.2668f,0.1525f,0.0356f,0.9947f,0.0963f,1.1963f,-0.2645f,0.1023f,-0.9589f,-0.2205f,0f,0f,0f,1f],start_interpolation: 0,interpolation_duration: 1}
$data merge entity $(bone_bone56) {transformation: [-0.9145f,0.0521f,0.4012f,0.1563f,0.1134f,0.985f,0.1305f,1.5f,-0.3884f,0.1648f,-0.9066f,-0.1406f,0f,0f,0f,1f],start_interpolation: 0,interpolation_duration: 1}
$data merge entity $(bone_bone5) {transformation: [-0.9613f,0.2231f,0.1614f,-0.2262f,0.212f,0.9737f,-0.083f,0.4461f,-0.1757f,-0.0456f,-0.9834f,0.1739f,0f,0f,0f,1f],start_interpolation: 0,interpolation_duration: 1}
$data merge entity $(bone_bone2) {transformation: [-0.9613f,0.2474f,0.1209f,-0.1875f,0.212f,0.9452f,-0.2481f,0.5938f,-0.1757f,-0.2129f,-0.9611f,0.1406f,0f,0f,0f,1f],start_interpolation: 0,interpolation_duration: 1}
$data merge entity $(bone_bone9) {transformation: [-0.9989f,-0.0072f,0.0458f,-0.0694f,0.0087f,0.941f,0.3382f,0.4521f,-0.0455f,0.3382f,-0.94f,0.2347f,0f,0f,0f,1f],start_interpolation: 0,interpolation_duration: 1}
$data merge entity $(bone_bone8) {transformation: [-0.9989f,0.022f,0.0408f,-0.0625f,0.0087f,0.9534f,-0.3017f,0.75f,-0.0455f,-0.301f,-0.9525f,0.1406f,0f,0f,0f,1f],start_interpolation: 0,interpolation_duration: 1}
$data merge entity $(bone_bone12) {transformation: [-0.9963f,-0.0857f,-0.0058f,0.088f,-0.0859f,0.9955f,0.0395f,0.4574f,0.0024f,0.0398f,-0.9992f,0.2316f,0f,0f,0f,1f],start_interpolation: 0,interpolation_duration: 1}
$data merge entity $(bone_bone11) {transformation: [-0.9963f,-0.0815f,0.0271f,0.0625f,-0.0859f,0.9364f,-0.3402f,0.75f,0.0024f,-0.3413f,-0.94f,0.125f,0f,0f,0f,1f],start_interpolation: 0,interpolation_duration: 1}
$data merge entity $(bone_bone15) {transformation: [-0.9613f,-0.1731f,-0.2141f,0.2548f,-0.169f,0.9849f,-0.0375f,0.4521f,0.2174f,0.0002f,-0.9761f,0.1912f,0f,0f,0f,1f],start_interpolation: 0,interpolation_duration: 1}
$data merge entity $(bone_bone14) {transformation: [-0.9613f,-0.2155f,-0.1714f,0.1875f,-0.169f,0.9533f,-0.2504f,0.75f,0.2174f,-0.2117f,-0.9529f,0.125f,0f,0f,0f,1f],start_interpolation: 0,interpolation_duration: 1}
$data merge entity $(bone_bone18) {transformation: [-0.8182f,0.5496f,-0.1688f,-0.2534f,0.2812f,0.6386f,0.7163f,0.4585f,0.5015f,0.5386f,-0.677f,-0.2318f,0f,0f,0f,1f],start_interpolation: 0,interpolation_duration: 1}
$data merge entity $(bone_bone17) {transformation: [-0.9273f,0.2109f,-0.3093f,-0.1875f,0.0964f,0.9329f,0.3469f,0.75f,0.3617f,0.2919f,-0.8854f,-0.1406f,0f,0f,0f,1f],start_interpolation: 0,interpolation_duration: 1}
$data merge entity $(bone_bone21) {transformation: [-0.9939f,-0.0552f,-0.0952f,-0.0869f,-0.0961f,0.8562f,0.5076f,0.4792f,0.0535f,0.5137f,-0.8563f,-0.2946f,0f,0f,0f,1f],start_interpolation: 0,interpolation_duration: 1}
$data merge entity $(bone_bone20) {transformation: [-0.8577f,0.0782f,-0.5082f,-0.0625f,-0.1935f,0.8666f,0.4599f,0.75f,0.4764f,0.4927f,-0.7282f,-0.1406f,0f,0f,0f,1f],start_interpolation: 0,interpolation_duration: 1}
$data merge entity $(bone_bone24) {transformation: [-0.9751f,0.1756f,0.1357f,0.0664f,0.2177f,0.8754f,0.4316f,0.5228f,-0.043f,0.4504f,-0.8918f,-0.3552f,0f,0f,0f,1f],start_interpolation: 0,interpolation_duration: 1}
$data merge entity $(bone_bone23) {transformation: [-0.9974f,-0.0126f,0.0709f,0.0625f,0.0396f,0.7269f,0.6856f,0.75f,-0.0602f,0.6866f,-0.7245f,-0.1406f,0f,0f,0f,1f],start_interpolation: 0,interpolation_duration: 1}
$data merge entity $(bone_bone27) {transformation: [-0.9147f,-0.181f,0.3613f,0.2707f,-0.136f,0.9798f,0.1466f,0.4861f,-0.3805f,0.085f,-0.9209f,-0.2859f,0f,0f,0f,1f],start_interpolation: 0,interpolation_duration: 1}
$data merge entity $(bone_bone26) {transformation: [-0.8906f,-0.2664f,0.3686f,0.1875f,-0.0312f,0.8444f,0.5348f,0.75f,-0.4537f,0.4648f,-0.7603f,-0.1406f,0f,0f,0f,1f],start_interpolation: 0,interpolation_duration: 1}
$data merge entity $(bone_bone30) {transformation: [-0.9964f,-0.0846f,0f,0.4205f,-0.0846f,0.9964f,0f,0.4786f,0f,0f,-1f,0.0625f,0f,0f,0f,1f],start_interpolation: 0,interpolation_duration: 1}
$data merge entity $(bone_bone29) {transformation: [-0.8685f,-0.4957f,0f,0.2656f,-0.4957f,0.8685f,0f,0.75f,0f,0f,-1f,0.0625f,0f,0f,0f,1f],start_interpolation: 0,interpolation_duration: 1}
$data merge entity $(bone_bone33) {transformation: [-0.9857f,-0.1119f,-0.1258f,0.4545f,-0.1213f,0.9901f,0.0699f,0.503f,0.1167f,0.0841f,-0.9896f,-0.0939f,0f,0f,0f,1f],start_interpolation: 0,interpolation_duration: 1}
$data merge entity $(bone_bone32) {transformation: [-0.7907f,-0.6043f,0.0981f,0.2656f,-0.5794f,0.7904f,0.1991f,0.75f,-0.1978f,0.1006f,-0.9751f,-0.0625f,0f,0f,0f,1f],start_interpolation: 0,interpolation_duration: 1}
$data merge entity $(bone_bone36) {transformation: [-0.9411f,0.1616f,-0.2972f,-0.3824f,0.2334f,0.946f,-0.2249f,0.4744f,0.2448f,-0.281f,-0.928f,0.1525f,0f,0f,0f,1f],start_interpolation: 0,interpolation_duration: 1}
$data merge entity $(bone_bone35) {transformation: [-0.8533f,0.3736f,-0.3638f,-0.2656f,0.4484f,0.8818f,-0.1462f,0.75f,0.2661f,-0.2879f,-0.9199f,0.0625f,0f,0f,0f,1f],start_interpolation: 0,interpolation_duration: 1}
$data merge entity $(bone_bone39) {transformation: [-0.8258f,0.5614f,0.0539f,-0.3708f,0.5604f,0.8275f,-0.0326f,0.4645f,-0.0629f,0.0033f,-0.998f,-0.1337f,0f,0f,0f,1f],start_interpolation: 0,interpolation_duration: 1}
$data merge entity $(bone_bone38) {transformation: [-0.9082f,0.3364f,0.2491f,-0.2656f,0.3788f,0.9137f,0.147f,0.75f,-0.1782f,0.2279f,-0.9573f,-0.0625f,0f,0f,0f,1f],start_interpolation: 0,interpolation_duration: 1}
$data merge entity $(bone_bone45) {transformation: [-0.9485f,0.2812f,-0.1459f,-0.3626f,0.2767f,0.9596f,0.0503f,1.2072f,0.1541f,0.0073f,-0.988f,-0.2298f,0f,0f,0f,1f],start_interpolation: 0,interpolation_duration: 1}
$data merge entity $(bone_bone44) {transformation: [-0.9918f,-0.0557f,-0.1152f,-0.38f,-0.085f,0.9598f,0.2676f,1.5071f,0.0957f,0.2752f,-0.9566f,-0.1438f,0f,0f,0f,1f],start_interpolation: 0,interpolation_duration: 1}
$data merge entity $(bone_bone48) {transformation: [-0.8727f,0.4169f,-0.2541f,-0.5886f,0.4777f,0.8369f,-0.2674f,0.9066f,0.1012f,-0.3547f,-0.9295f,0.05f,0f,0f,0f,1f],start_interpolation: 0,interpolation_duration: 1}
$data merge entity $(bone_bone47) {transformation: [-0.8711f,0.2482f,-0.4237f,-0.4955f,0.2704f,0.9627f,0.0081f,1.2676f,0.4099f,-0.1075f,-0.9058f,0.0097f,0f,0f,0f,1f],start_interpolation: 0,interpolation_duration: 1}
$data merge entity $(bone_3) {transformation: [-0.9512f,0.1847f,-0.2471f,-0.3386f,0.1678f,0.9819f,0.0879f,1.3668f,0.2588f,0.0421f,-0.965f,-0.0214f,0f,0f,0f,1f],start_interpolation: 0,interpolation_duration: 1}
$data merge entity $(bone_4) {transformation: [-0.9512f,0.1268f,-0.2812f,-0.4396f,0.1678f,0.9776f,-0.1267f,1.1563f,0.2588f,-0.1677f,-0.9513f,-0.0147f,0f,0f,0f,1f],start_interpolation: 0,interpolation_duration: 1}
$data merge entity $(bone_bone42) {transformation: [-0.9576f,-0.2835f,0.0514f,0.422f,-0.2336f,0.8683f,0.4375f,1.2027f,-0.1686f,0.407f,-0.8977f,-0.1977f,0f,0f,0f,1f],start_interpolation: 0,interpolation_duration: 1}
$data merge entity $(bone_bone41) {transformation: [-0.974f,-0.1931f,0.1185f,0.3617f,-0.1673f,0.9656f,0.199f,1.5044f,-0.1528f,0.174f,-0.9728f,-0.1434f,0f,0f,0f,1f],start_interpolation: 0,interpolation_duration: 1}
$data merge entity $(bone_bone51) {transformation: [-0.8241f,-0.5059f,0.2547f,0.6138f,-0.3687f,0.8206f,0.4366f,0.914f,-0.4299f,0.2659f,-0.8628f,0.051f,0f,0f,0f,1f],start_interpolation: 0,interpolation_duration: 1}
$data merge entity $(bone_bone50) {transformation: [-0.8862f,-0.3414f,0.3132f,0.4858f,-0.3672f,0.9298f,-0.0257f,1.2627f,-0.2824f,-0.1378f,-0.9493f,-0.0006f,0f,0f,0f,1f],start_interpolation: 0,interpolation_duration: 1}
$data merge entity $(bone_1) {transformation: [-0.983f,-0.1361f,0.1236f,0.3306f,-0.1295f,0.9897f,0.0603f,1.3682f,-0.1305f,0.0432f,-0.9905f,-0.0136f,0f,0f,0f,1f],start_interpolation: 0,interpolation_duration: 1}
$data merge entity $(bone_2) {transformation: [-0.983f,-0.0995f,0.1546f,0.3911f,-0.1295f,0.9716f,-0.1979f,1.1557f,-0.1305f,-0.2146f,-0.9679f,-0.0189f,0f,0f,0f,1f],start_interpolation: 0,interpolation_duration: 1}
$data merge entity $(bone_7) {transformation: [-0.9962f,0.087f,-0.0038f,-0.1352f,0.0871f,0.9953f,-0.0435f,0.5601f,0f,-0.0437f,-0.999f,0.0082f,0f,0f,0f,1f],start_interpolation: 0,interpolation_duration: 1}
$data merge entity $(bone_8) {transformation: [-0.9962f,0.0805f,0.0333f,-0.1474f,0.0871f,0.9204f,0.3812f,0.4207f,0f,0.3826f,-0.9239f,0.0268f,0f,0f,0f,1f],start_interpolation: 0,interpolation_duration: 1}
$data merge entity $(bone_5) {transformation: [-0.9962f,-0.087f,-0.0038f,0.1189f,-0.0871f,0.9953f,0.0434f,0.7467f,0f,0.0435f,-0.9991f,0f,0f,0f,0f,1f],start_interpolation: 0,interpolation_duration: 1}
$data merge entity $(bone_6) {transformation: [-0.9962f,-0.083f,-0.0262f,0.1483f,-0.0871f,0.9501f,0.2995f,0.4106f,0f,0.3006f,-0.9537f,-0.0085f,0f,0f,0f,1f],start_interpolation: 0,interpolation_duration: 1}