# This file was generated by Animated Java via MC-Build. It is not recommended to edit this file directly.
$data merge entity $(bone_bone54) {transformation: [-0.9732f,0.229f,-0.0217f,-0.1792f,0.2293f,0.9733f,-0.0134f,1.214f,0.018f,-0.018f,-0.9997f,-0.2683f,0f,0f,0f,1f],start_interpolation: 0,interpolation_duration: 1}
$data merge entity $(bone_bone53) {transformation: [-0.9691f,0.0491f,-0.2416f,-0.1562f,-0.0315f,0.9472f,0.3191f,1.5f,0.2445f,0.3169f,-0.9164f,-0.1406f,0f,0f,0f,1f],start_interpolation: 0,interpolation_duration: 1}
$data merge entity $(bone_bone57) {transformation: [-0.9459f,-0.1257f,0.299f,0.1624f,0.0285f,0.8861f,0.4626f,1.1928f,-0.3231f,0.4461f,-0.8346f,-0.2054f,0f,0f,0f,1f],start_interpolation: 0,interpolation_duration: 1}
$data merge entity $(bone_bone56) {transformation: [-0.9413f,0.0139f,0.3374f,0.1563f,0.0514f,0.9934f,0.1023f,1.5f,-0.3337f,0.1136f,-0.9358f,-0.1406f,0f,0f,0f,1f],start_interpolation: 0,interpolation_duration: 1}
$data merge entity $(bone_bone5) {transformation: [-0.9593f,0.2165f,0.1813f,-0.2248f,0.1967f,0.973f,-0.121f,0.4456f,-0.2026f,-0.0804f,-0.976f,0.1734f,0f,0f,0f,1f],start_interpolation: 0,interpolation_duration: 1}
$data merge entity $(bone_bone2) {transformation: [-0.9593f,0.2388f,0.1508f,-0.1875f,0.1967f,0.9481f,-0.2496f,0.5938f,-0.2026f,-0.2098f,-0.9565f,0.1406f,0f,0f,0f,1f],start_interpolation: 0,interpolation_duration: 1}
$data merge entity $(bone_bone9) {transformation: [-0.9975f,-0.0128f,0.0701f,-0.0718f,0.0083f,0.9564f,0.292f,0.4529f,-0.0708f,0.2918f,-0.9539f,0.2371f,0f,0f,0f,1f],start_interpolation: 0,interpolation_duration: 1}
$data merge entity $(bone_bone8) {transformation: [-0.9975f,0.0298f,0.0648f,-0.0625f,0.0083f,0.9507f,-0.3099f,0.75f,-0.0708f,-0.3086f,-0.9486f,0.1406f,0f,0f,0f,1f],start_interpolation: 0,interpolation_duration: 1}
$data merge entity $(bone_bone12) {transformation: [-0.997f,-0.0694f,-0.0332f,0.0864f,-0.069f,0.9975f,-0.0131f,0.4561f,0.034f,-0.0108f,-0.9994f,0.2285f,0f,0f,0f,1f],start_interpolation: 0,interpolation_duration: 1}
$data merge entity $(bone_bone11) {transformation: [-0.997f,-0.0764f,-0.0091f,0.0625f,-0.069f,0.9405f,-0.3328f,0.75f,0.034f,-0.3311f,-0.943f,0.125f,0f,0f,0f,1f],start_interpolation: 0,interpolation_duration: 1}
$data merge entity $(bone_bone15) {transformation: [-0.9596f,-0.1664f,-0.2269f,0.2541f,-0.1625f,0.9861f,-0.0361f,0.4523f,0.2297f,0.0022f,-0.9733f,0.1928f,0f,0f,0f,1f],start_interpolation: 0,interpolation_duration: 1}
$data merge entity $(bone_bone14) {transformation: [-0.9596f,-0.2133f,-0.1835f,0.1875f,-0.1625f,0.9526f,-0.2573f,0.75f,0.2297f,-0.2171f,-0.9487f,0.125f,0f,0f,0f,1f],start_interpolation: 0,interpolation_duration: 1}
$data merge entity $(bone_bone18) {transformation: [-0.9473f,0.2555f,-0.1934f,-0.251f,0.1866f,0.9305f,0.3153f,0.4477f,0.2605f,0.2626f,-0.9291f,-0.1878f,0f,0f,0f,1f],start_interpolation: 0,interpolation_duration: 1}
$data merge entity $(bone_bone17) {transformation: [-0.8215f,0.2033f,-0.5328f,-0.1875f,0.0846f,0.9674f,0.2387f,0.75f,0.5639f,0.151f,-0.8119f,-0.1406f,0f,0f,0f,1f],start_interpolation: 0,interpolation_duration: 1}
$data merge entity $(bone_bone21) {transformation: [-0.9944f,0.0494f,-0.0931f,-0.0722f,0.0315f,0.9822f,0.1852f,0.5046f,0.1006f,0.1812f,-0.9783f,-0.3338f,0f,0f,0f,1f],start_interpolation: 0,interpolation_duration: 1}
$data merge entity $(bone_bone20) {transformation: [-0.9511f,0.031f,-0.3073f,-0.0625f,-0.167f,0.7853f,0.5961f,0.75f,0.2598f,0.6183f,-0.7418f,-0.1406f,0f,0f,0f,1f],start_interpolation: 0,interpolation_duration: 1}
$data merge entity $(bone_bone24) {transformation: [-0.9395f,-0.0191f,0.3421f,0.0807f,0.199f,0.7822f,0.5903f,0.4686f,-0.2789f,0.6227f,-0.7311f,-0.2752f,0f,0f,0f,1f],start_interpolation: 0,interpolation_duration: 1}
$data merge entity $(bone_bone23) {transformation: [-0.9753f,-0.0583f,0.2131f,0.0625f,0.0407f,0.9006f,0.4328f,0.75f,-0.2171f,0.4308f,-0.8759f,-0.1406f,0f,0f,0f,1f],start_interpolation: 0,interpolation_duration: 1}
$data merge entity $(bone_bone27) {transformation: [-0.9377f,-0.1583f,0.3093f,0.1956f,0.0039f,0.8853f,0.4651f,0.4465f,-0.3474f,0.4373f,-0.8295f,-0.2148f,0f,0f,0f,1f],start_interpolation: 0,interpolation_duration: 1}
$data merge entity $(bone_bone26) {transformation: [-0.8944f,-0.026f,0.4465f,0.1875f,0.0834f,0.9711f,0.2237f,0.75f,-0.4394f,0.2373f,-0.8664f,-0.1406f,0f,0f,0f,1f],start_interpolation: 0,interpolation_duration: 1}
$data merge entity $(bone_bone30) {transformation: [-0.7154f,-0.6987f,0f,0.3652f,-0.6987f,0.7154f,0f,0.4538f,0f,0f,-1f,0.0625f,0f,0f,0f,1f],start_interpolation: 0,interpolation_duration: 1}
$data merge entity $(bone_bone29) {transformation: [-0.9479f,-0.3186f,0f,0.2656f,-0.3186f,0.9479f,0f,0.75f,0f,0f,-1f,0.0625f,0f,0f,0f,1f],start_interpolation: 0,interpolation_duration: 1}
$data merge entity $(bone_bone33) {transformation: [-0.9915f,-0.043f,0.1229f,0.3898f,-0.0341f,0.9967f,0.0731f,0.4632f,-0.1256f,0.0682f,-0.9897f,-0.0665f,0f,0f,0f,1f],start_interpolation: 0,interpolation_duration: 1}
$data merge entity $(bone_bone32) {transformation: [-0.9155f,-0.3973f,0.0632f,0.2656f,-0.3953f,0.9176f,0.0414f,0.75f,-0.0745f,0.0129f,-0.9971f,-0.0625f,0f,0f,0f,1f],start_interpolation: 0,interpolation_duration: 1}
$data merge entity $(bone_bone36) {transformation: [-0.8803f,0.3412f,-0.3295f,-0.3053f,0.4343f,0.859f,-0.2709f,0.4425f,0.1906f,-0.3816f,-0.9044f,0.1012f,0f,0f,0f,1f],start_interpolation: 0,interpolation_duration: 1}
$data merge entity $(bone_bone35) {transformation: [-0.9919f,0.127f,-0.0091f,-0.2656f,0.1272f,0.9841f,-0.1237f,0.75f,-0.0068f,-0.1239f,-0.9923f,0.0625f,0f,0f,0f,1f],start_interpolation: 0,interpolation_duration: 1}
$data merge entity $(bone_bone39) {transformation: [-0.9329f,0.0653f,0.3541f,-0.3496f,0.0906f,0.9943f,0.0555f,0.4496f,-0.3484f,0.0839f,-0.9336f,-0.0438f,0f,0f,0f,1f],start_interpolation: 0,interpolation_duration: 1}
$data merge entity $(bone_bone38) {transformation: [-0.9486f,0.2686f,0.1672f,-0.2656f,0.2532f,0.9614f,-0.1079f,0.75f,-0.1897f,-0.06f,-0.98f,-0.0625f,0f,0f,0f,1f],start_interpolation: 0,interpolation_duration: 1}
$data merge entity $(bone_bone45) {transformation: [-0.9816f,-0.0142f,-0.1902f,-0.4736f,-0.0746f,0.9463f,0.3146f,1.2142f,0.1755f,0.323f,-0.93f,-0.1978f,0f,0f,0f,1f],start_interpolation: 0,interpolation_duration: 1}
$data merge entity $(bone_bone44) {transformation: [-0.9535f,0.3006f,0.022f,-0.3797f,0.2997f,0.938f,0.1745f,1.5073f,0.0318f,0.1729f,-0.9844f,-0.1438f,0f,0f,0f,1f],start_interpolation: 0,interpolation_duration: 1}
$data merge entity $(bone_bone48) {transformation: [-0.74f,0.0484f,-0.6708f,-0.6221f,0.169f,0.9788f,-0.1158f,0.9174f,0.651f,-0.199f,-0.7325f,0.0328f,0f,0f,0f,1f],start_interpolation: 0,interpolation_duration: 1}
$data merge entity $(bone_bone47) {transformation: [-0.9144f,0.3117f,-0.2582f,-0.5052f,0.317f,0.9482f,0.0222f,1.2729f,0.2517f,-0.0616f,-0.9659f,0.0097f,0f,0f,0f,1f],start_interpolation: 0,interpolation_duration: 1}
$data merge entity $(bone_3) {transformation: [-0.9433f,0.2261f,-0.2431f,-0.3443f,0.2079f,0.9732f,0.0983f,1.3654f,0.2588f,0.0421f,-0.965f,-0.0214f,0f,0f,0f,1f],start_interpolation: 0,interpolation_duration: 1}
$data merge entity $(bone_4) {transformation: [-0.9433f,0.1681f,-0.2863f,-0.4541f,0.2079f,0.9714f,-0.1147f,1.1594f,0.2588f,-0.1677f,-0.9513f,-0.0147f,0f,0f,0f,1f],start_interpolation: 0,interpolation_duration: 1}
$data merge entity $(bone_bone42) {transformation: [-0.9796f,-0.0743f,-0.1868f,0.448f,-0.1585f,0.8571f,0.4902f,1.2141f,0.1236f,0.5098f,-0.8514f,-0.2223f,0f,0f,0f,1f],start_interpolation: 0,interpolation_duration: 1}
$data merge entity $(bone_bone41) {transformation: [-0.9383f,-0.2768f,0.2075f,0.3615f,-0.204f,0.9271f,0.3143f,1.5039f,-0.2794f,0.2526f,-0.9264f,-0.1434f,0f,0f,0f,1f],start_interpolation: 0,interpolation_duration: 1}
$data merge entity $(bone_bone51) {transformation: [-0.8387f,-0.372f,0.3977f,0.5836f,-0.3826f,0.9222f,0.0558f,0.9033f,-0.3875f,-0.1054f,-0.9158f,0.0135f,0f,0f,0f,1f],start_interpolation: 0,interpolation_duration: 1}
$data merge entity $(bone_bone50) {transformation: [-0.8898f,-0.2342f,0.3918f,0.4958f,-0.2297f,0.9715f,0.0589f,1.2676f,-0.3944f,-0.0376f,-0.9182f,-0.0006f,0f,0f,0f,1f],start_interpolation: 0,interpolation_duration: 1}
$data merge entity $(bone_1) {transformation: [-0.9766f,-0.1779f,0.1209f,0.3362f,-0.171f,0.9831f,0.0655f,1.3664f,-0.1305f,0.0432f,-0.9905f,-0.0136f,0f,0f,0f,1f],start_interpolation: 0,interpolation_duration: 1}
$data merge entity $(bone_2) {transformation: [-0.9766f,-0.1405f,0.1628f,0.4056f,-0.171f,0.9665f,-0.1912f,1.1567f,-0.1305f,-0.2146f,-0.9679f,-0.0189f,0f,0f,0f,1f],start_interpolation: 0,interpolation_duration: 1}
$data merge entity $(bone_7) {transformation: [-0.999f,0.0447f,-0.0039f,-0.1272f,0.0448f,0.9953f,-0.0859f,0.5617f,0f,-0.0859f,-0.9963f,0.0161f,0f,0f,0f,1f],start_interpolation: 0,interpolation_duration: 1}
$data merge entity $(bone_8) {transformation: [-0.999f,0.0421f,0.0154f,-0.1334f,0.0448f,0.9383f,0.3428f,0.4228f,0f,0.3432f,-0.9393f,0.0407f,0f,0f,0f,1f],start_interpolation: 0,interpolation_duration: 1}
$data merge entity $(bone_5) {transformation: [-0.999f,-0.0448f,-0.0001f,0.1188f,-0.0448f,0.999f,0.0012f,0.7483f,0f,0.0012f,-1f,0f,0f,0f,0f,1f],start_interpolation: 0,interpolation_duration: 1}
$data merge entity $(bone_6) {transformation: [-0.999f,-0.0433f,-0.0117f,0.1339f,-0.0448f,0.9646f,0.2597f,0.4112f,0f,0.26f,-0.9656f,0.0058f,0f,0f,0f,1f],start_interpolation: 0,interpolation_duration: 1}