# This file was generated by Animated Java via MC-Build. It is not recommended to edit this file directly.
$data merge entity $(bone_bone54) {transformation: [-0.9591f,0.2486f,0.1352f,-0.2161f,0.2824f,0.8117f,0.5112f,-0.8685f,0.0173f,0.5285f,-0.8488f,-0.2804f,0f,0f,0f,1f],start_interpolation: 0,interpolation_duration: 1}
$data merge entity $(bone_bone53) {transformation: [-0.9814f,0.1872f,-0.0431f,-0.1562f,0.1586f,0.9161f,0.3682f,-0.5937f,0.1084f,0.3545f,-0.9288f,-0.1406f,0f,0f,0f,1f],start_interpolation: 0,interpolation_duration: 1}
$data merge entity $(bone_bone57) {transformation: [-0.9639f,0.0168f,0.2657f,0.1535f,0.0398f,0.9959f,0.0814f,-0.897f,-0.2633f,0.089f,-0.9606f,-0.2223f,0f,0f,0f,1f],start_interpolation: 0,interpolation_duration: 1}
$data merge entity $(bone_bone56) {transformation: [-0.9152f,0.0488f,0.4f,0.1563f,0.1125f,0.9841f,0.1373f,-0.5937f,-0.387f,0.1707f,-0.9062f,-0.1406f,0f,0f,0f,1f],start_interpolation: 0,interpolation_duration: 1}
$data merge entity $(bone_bone5) {transformation: [-0.9615f,0.2236f,0.1599f,-0.2263f,0.2132f,0.9737f,-0.0801f,-1.6477f,-0.1736f,-0.043f,-0.9839f,0.1739f,0f,0f,0f,1f],start_interpolation: 0,interpolation_duration: 1}
$data merge entity $(bone_bone2) {transformation: [-0.9615f,0.248f,0.1187f,-0.1875f,0.2132f,0.945f,-0.248f,-1.5f,-0.1736f,-0.2132f,-0.9615f,0.1406f,0f,0f,0f,1f],start_interpolation: 0,interpolation_duration: 1}
$data merge entity $(bone_bone9) {transformation: [-0.999f,-0.0067f,0.044f,-0.0692f,0.0087f,0.9398f,0.3416f,-1.6417f,-0.0436f,0.3417f,-0.9388f,0.2345f,0f,0f,0f,1f],start_interpolation: 0,interpolation_duration: 1}
$data merge entity $(bone_bone8) {transformation: [-0.999f,0.0214f,0.039f,-0.0625f,0.0087f,0.9536f,-0.3011f,-1.3437f,-0.0436f,-0.3004f,-0.9528f,0.1406f,0f,0f,0f,1f],start_interpolation: 0,interpolation_duration: 1}
$data merge entity $(bone_bone12) {transformation: [-0.9962f,-0.0871f,-0.0038f,0.0881f,-0.0872f,0.9952f,0.0435f,-1.6363f,0f,0.0436f,-0.999f,0.2319f,0f,0f,0f,1f],start_interpolation: 0,interpolation_duration: 1}
$data merge entity $(bone_bone11) {transformation: [-0.9962f,-0.0819f,0.0298f,0.0625f,-0.0872f,0.9361f,-0.3407f,-1.3437f,0f,-0.342f,-0.9397f,0.125f,0f,0f,0f,1f],start_interpolation: 0,interpolation_duration: 1}
$data merge entity $(bone_bone15) {transformation: [-0.9615f,-0.1736f,-0.2132f,0.2549f,-0.1695f,0.9848f,-0.0376f,-1.6417f,0.2164f,0f,-0.9763f,0.191f,0f,0f,0f,1f],start_interpolation: 0,interpolation_duration: 1}
$data merge entity $(bone_bone14) {transformation: [-0.9615f,-0.2157f,-0.1705f,0.1875f,-0.1695f,0.9533f,-0.2498f,-1.3437f,0.2164f,-0.2113f,-0.9532f,0.125f,0f,0f,0f,1f],start_interpolation: 0,interpolation_duration: 1}
$data merge entity $(bone_bone18) {transformation: [-0.8127f,0.5595f,-0.1626f,-0.2515f,0.2832f,0.6231f,0.729f,-1.6349f,0.5092f,0.5465f,-0.6649f,-0.2343f,0f,0f,0f,1f],start_interpolation: 0,interpolation_duration: 1}
$data merge entity $(bone_bone17) {transformation: [-0.929f,0.2048f,-0.3082f,-0.1875f,0.0886f,0.9318f,0.3521f,-1.3437f,0.3592f,0.2998f,-0.8838f,-0.1406f,0f,0f,0f,1f],start_interpolation: 0,interpolation_duration: 1}
$data merge entity $(bone_bone21) {transformation: [-0.9928f,-0.0621f,-0.102f,-0.0876f,-0.1047f,0.8632f,0.4938f,-1.6141f,0.0574f,0.501f,-0.8635f,-0.2954f,0f,0f,0f,1f],start_interpolation: 0,interpolation_duration: 1}
$data merge entity $(bone_bone20) {transformation: [-0.8518f,0.0803f,-0.5177f,-0.0625f,-0.1985f,0.865f,0.4608f,-1.3437f,0.4848f,0.4952f,-0.7209f,-0.1406f,0f,0f,0f,1f],start_interpolation: 0,interpolation_duration: 1}
$data merge entity $(bone_bone24) {transformation: [-0.9733f,0.1785f,0.144f,0.0664f,0.2247f,0.8683f,0.4422f,-1.572f,-0.0461f,0.4627f,-0.8853f,-0.354f,0f,0f,0f,1f],start_interpolation: 0,interpolation_duration: 1}
$data merge entity $(bone_bone23) {transformation: [-0.997f,-0.0123f,0.0763f,0.0625f,0.0431f,0.7305f,0.6816f,-1.3437f,-0.0642f,0.6828f,-0.7278f,-0.1406f,0f,0f,0f,1f],start_interpolation: 0,interpolation_duration: 1}
$data merge entity $(bone_bone27) {transformation: [-0.9151f,-0.1901f,0.3557f,0.2723f,-0.1395f,0.9767f,0.163f,-1.6075f,-0.3784f,0.0995f,-0.9203f,-0.2852f,0f,0f,0f,1f],start_interpolation: 0,interpolation_duration: 1}
$data merge entity $(bone_bone26) {transformation: [-0.8898f,-0.2713f,0.3671f,0.1875f,-0.0365f,0.8439f,0.5352f,-1.3437f,-0.455f,0.4628f,-0.7608f,-0.1406f,0f,0f,0f,1f],start_interpolation: 0,interpolation_duration: 1}
$data merge entity $(bone_bone30) {transformation: [-0.9962f,-0.0872f,0f,0.4219f,-0.0872f,0.9962f,0f,-1.6144f,0f,0f,-1f,0.0625f,0f,0f,0f,1f],start_interpolation: 0,interpolation_duration: 1}
$data merge entity $(bone_bone29) {transformation: [-0.866f,-0.5f,0f,0.2656f,-0.5f,0.866f,0f,-1.3437f,0f,0f,-1f,0.0625f,0f,0f,0f,1f],start_interpolation: 0,interpolation_duration: 1}
$data merge entity $(bone_bone33) {transformation: [-0.9814f,-0.1224f,-0.1477f,0.4537f,-0.1314f,0.9899f,0.0527f,-1.5913f,0.1398f,0.0712f,-0.9876f,-0.0939f,0f,0f,0f,1f],start_interpolation: 0,interpolation_duration: 1}
$data merge entity $(bone_bone32) {transformation: [-0.794f,-0.6018f,0.086f,0.2656f,-0.58f,0.7923f,0.1894f,-1.3437f,-0.1821f,0.1005f,-0.9781f,-0.0625f,0f,0f,0f,1f],start_interpolation: 0,interpolation_duration: 1}
$data merge entity $(bone_bone36) {transformation: [-0.9463f,0.1553f,-0.2837f,-0.383f,0.2197f,0.9523f,-0.2117f,-1.6188f,0.2373f,-0.2626f,-0.9353f,0.1532f,0f,0f,0f,1f],start_interpolation: 0,interpolation_duration: 1}
$data merge entity $(bone_bone35) {transformation: [-0.8486f,0.3756f,-0.3726f,-0.2656f,0.4525f,0.8802f,-0.1433f,-1.3437f,0.2741f,-0.2902f,-0.9168f,0.0625f,0f,0f,0f,1f],start_interpolation: 0,interpolation_duration: 1}
$data merge entity $(bone_bone39) {transformation: [-0.8295f,0.5582f,0.0204f,-0.3726f,0.5576f,0.8296f,-0.0291f,-1.6294f,-0.0332f,-0.0127f,-0.9994f,-0.1305f,0f,0f,0f,1f],start_interpolation: 0,interpolation_duration: 1}
$data merge entity $(bone_bone38) {transformation: [-0.9032f,0.3424f,0.2588f,-0.2656f,0.384f,0.914f,0.131f,-1.3437f,-0.1917f,0.2177f,-0.957f,-0.0625f,0f,0f,0f,1f],start_interpolation: 0,interpolation_duration: 1}
$data merge entity $(bone_bone45) {transformation: [-0.9528f,0.2648f,-0.1485f,-0.3595f,0.2623f,0.9643f,0.0365f,-0.8863f,0.1529f,-0.0042f,-0.9882f,-0.2301f,0f,0f,0f,1f],start_interpolation: 0,interpolation_duration: 1}
$data merge entity $(bone_bone44) {transformation: [-0.9891f,-0.0657f,-0.1319f,-0.38f,-0.0992f,0.9588f,0.2661f,-0.5866f,0.109f,0.2763f,-0.9549f,-0.1438f,0f,0f,0f,1f],start_interpolation: 0,interpolation_duration: 1}
$data merge entity $(bone_bone48) {transformation: [-0.865f,0.4274f,-0.263f,-0.5888f,0.4908f,0.8297f,-0.2659f,-1.1871f,0.1045f,-0.3591f,-0.9274f,0.0502f,0f,0f,0f,1f],start_interpolation: 0,interpolation_duration: 1}
$data merge entity $(bone_bone47) {transformation: [-0.8685f,0.249f,-0.4286f,-0.4955f,0.2712f,0.9625f,0.0096f,-0.8261f,0.415f,-0.1079f,-0.9034f,0.0097f,0f,0f,0f,1f],start_interpolation: 0,interpolation_duration: 1}
$data merge entity $(bone_3) {transformation: [-0.9513f,0.1846f,-0.2471f,-0.3386f,0.1677f,0.9819f,0.0879f,-0.727f,0.2588f,0.0421f,-0.965f,-0.0214f,0f,0f,0f,1f],start_interpolation: 0,interpolation_duration: 1}
$data merge entity $(bone_4) {transformation: [-0.9513f,0.1267f,-0.2812f,-0.4396f,0.1677f,0.9777f,-0.1267f,-0.9374f,0.2588f,-0.1677f,-0.9513f,-0.0147f,0f,0f,0f,1f],start_interpolation: 0,interpolation_duration: 1}
$data merge entity $(bone_bone42) {transformation: [-0.9556f,-0.2891f,0.0562f,0.4213f,-0.2362f,0.8664f,0.44f,-0.8916f,-0.1759f,0.4072f,-0.8963f,-0.1953f,0f,0f,0f,1f],start_interpolation: 0,interpolation_duration: 1}
$data merge entity $(bone_bone41) {transformation: [-0.9721f,-0.191f,0.1365f,0.3617f,-0.1628f,0.9674f,0.1939f,-0.5893f,-0.169f,0.1663f,-0.9715f,-0.1434f,0f,0f,0f,1f],start_interpolation: 0,interpolation_duration: 1}
$data merge entity $(bone_bone51) {transformation: [-0.8236f,-0.5086f,0.251f,0.6135f,-0.3748f,0.8202f,0.4323f,-1.1795f,-0.4258f,0.262f,-0.8661f,0.0531f,0f,0f,0f,1f],start_interpolation: 0,interpolation_duration: 1}
$data merge entity $(bone_bone50) {transformation: [-0.8865f,-0.3405f,0.3133f,0.4858f,-0.3681f,0.9292f,-0.0316f,-0.8311f,-0.2804f,-0.1433f,-0.9491f,-0.0006f,0f,0f,0f,1f],start_interpolation: 0,interpolation_duration: 1}
$data merge entity $(bone_1) {transformation: [-0.983f,-0.136f,0.1236f,0.3306f,-0.1294f,0.9898f,0.0603f,-0.7256f,-0.1305f,0.0432f,-0.9905f,-0.0136f,0f,0f,0f,1f],start_interpolation: 0,interpolation_duration: 1}
$data merge entity $(bone_2) {transformation: [-0.983f,-0.0994f,0.1546f,0.391f,-0.1294f,0.9716f,-0.198f,-0.938f,-0.1305f,-0.2146f,-0.9679f,-0.0189f,0f,0f,0f,1f],start_interpolation: 0,interpolation_duration: 1}
$data merge entity $(bone_7) {transformation: [-0.9962f,0.0871f,-0.0038f,-0.1352f,0.0872f,0.9952f,-0.0435f,-1.5336f,0f,-0.0436f,-0.999f,0.0082f,0f,0f,0f,1f],start_interpolation: 0,interpolation_duration: 1}
$data merge entity $(bone_8) {transformation: [-0.9962f,0.0805f,0.0334f,-0.1474f,0.0872f,0.9204f,0.3812f,-1.673f,0f,0.3827f,-0.9239f,0.0268f,0f,0f,0f,1f],start_interpolation: 0,interpolation_duration: 1}
$data merge entity $(bone_5) {transformation: [-0.9962f,-0.0871f,-0.0038f,0.1189f,-0.0872f,0.9952f,0.0435f,-1.347f,0f,0.0436f,-0.999f,0f,0f,0f,0f,1f],start_interpolation: 0,interpolation_duration: 1}
$data merge entity $(bone_6) {transformation: [-0.9962f,-0.0831f,-0.0262f,0.1483f,-0.0872f,0.9501f,0.2996f,-1.6832f,0f,0.3007f,-0.9537f,-0.0085f,0f,0f,0f,1f],start_interpolation: 0,interpolation_duration: 1}