# This file was generated by Animated Java via MC-Build. It is not recommended to edit this file directly.
$data merge entity $(bone_bone54) {transformation: [-0.9615f,0.2405f,0.1332f,-0.2157f,0.2746f,0.815f,0.5102f,-0.8688f,0.0141f,0.5272f,-0.8496f,-0.2802f,0f,0f,0f,1f],start_interpolation: 0,interpolation_duration: 1}
$data merge entity $(bone_bone53) {transformation: [-0.9819f,0.187f,-0.0316f,-0.1562f,0.1628f,0.9166f,0.3652f,-0.5937f,0.0973f,0.3534f,-0.9304f,-0.1406f,0f,0f,0f,1f],start_interpolation: 0,interpolation_duration: 1}
$data merge entity $(bone_bone57) {transformation: [-0.9649f,0.0253f,0.2614f,0.1545f,0.0448f,0.9966f,0.069f,-0.8964f,-0.2587f,0.0783f,-0.9628f,-0.2244f,0f,0f,0f,1f],start_interpolation: 0,interpolation_duration: 1}
$data merge entity $(bone_bone56) {transformation: [-0.9171f,0.0453f,0.3961f,0.1563f,0.1114f,0.9831f,0.1455f,-0.5937f,-0.3828f,0.1776f,-0.9066f,-0.1406f,0f,0f,0f,1f],start_interpolation: 0,interpolation_duration: 1}
$data merge entity $(bone_bone5) {transformation: [-0.9613f,0.2231f,0.1614f,-0.2262f,0.212f,0.9737f,-0.083f,-1.6477f,-0.1757f,-0.0456f,-0.9834f,0.1739f,0f,0f,0f,1f],start_interpolation: 0,interpolation_duration: 1}
$data merge entity $(bone_bone2) {transformation: [-0.9613f,0.2474f,0.1209f,-0.1875f,0.212f,0.9452f,-0.2481f,-1.5f,-0.1757f,-0.2129f,-0.9611f,0.1406f,0f,0f,0f,1f],start_interpolation: 0,interpolation_duration: 1}
$data merge entity $(bone_bone9) {transformation: [-0.9989f,-0.0072f,0.0458f,-0.0694f,0.0087f,0.941f,0.3382f,-1.6417f,-0.0455f,0.3382f,-0.94f,0.2347f,0f,0f,0f,1f],start_interpolation: 0,interpolation_duration: 1}
$data merge entity $(bone_bone8) {transformation: [-0.9989f,0.022f,0.0408f,-0.0625f,0.0087f,0.9534f,-0.3017f,-1.3437f,-0.0455f,-0.301f,-0.9525f,0.1406f,0f,0f,0f,1f],start_interpolation: 0,interpolation_duration: 1}
$data merge entity $(bone_bone12) {transformation: [-0.9963f,-0.0857f,-0.0058f,0.088f,-0.0859f,0.9955f,0.0395f,-1.6364f,0.0024f,0.0398f,-0.9992f,0.2316f,0f,0f,0f,1f],start_interpolation: 0,interpolation_duration: 1}
$data merge entity $(bone_bone11) {transformation: [-0.9963f,-0.0815f,0.0271f,0.0625f,-0.0859f,0.9364f,-0.3402f,-1.3437f,0.0024f,-0.3413f,-0.94f,0.125f,0f,0f,0f,1f],start_interpolation: 0,interpolation_duration: 1}
$data merge entity $(bone_bone15) {transformation: [-0.9613f,-0.1731f,-0.2141f,0.2548f,-0.169f,0.9849f,-0.0375f,-1.6416f,0.2174f,0.0002f,-0.9761f,0.1912f,0f,0f,0f,1f],start_interpolation: 0,interpolation_duration: 1}
$data merge entity $(bone_bone14) {transformation: [-0.9613f,-0.2155f,-0.1714f,0.1875f,-0.169f,0.9533f,-0.2504f,-1.3437f,0.2174f,-0.2117f,-0.9529f,0.125f,0f,0f,0f,1f],start_interpolation: 0,interpolation_duration: 1}
$data merge entity $(bone_bone18) {transformation: [-0.809f,0.5648f,-0.1631f,-0.2501f,0.2802f,0.6144f,0.7376f,-1.6344f,0.5167f,0.551f,-0.6553f,-0.237f,0f,0f,0f,1f],start_interpolation: 0,interpolation_duration: 1}
$data merge entity $(bone_bone17) {transformation: [-0.9296f,0.2002f,-0.3095f,-0.1875f,0.0809f,0.9299f,0.3587f,-1.3437f,0.3596f,0.3084f,-0.8807f,-0.1406f,0f,0f,0f,1f],start_interpolation: 0,interpolation_duration: 1}
$data merge entity $(bone_bone21) {transformation: [-0.9924f,-0.067f,-0.103f,-0.089f,-0.1086f,0.8699f,0.4811f,-1.6133f,0.0574f,0.4887f,-0.8706f,-0.2966f,0f,0f,0f,1f],start_interpolation: 0,interpolation_duration: 1}
$data merge entity $(bone_bone20) {transformation: [-0.8495f,0.0846f,-0.5207f,-0.0625f,-0.1993f,0.8624f,0.4653f,-1.3437f,0.4884f,0.4991f,-0.7158f,-0.1406f,0f,0f,0f,1f],start_interpolation: 0,interpolation_duration: 1}
$data merge entity $(bone_bone24) {transformation: [-0.972f,0.1803f,0.1508f,0.0662f,0.23f,0.8619f,0.4519f,-1.5734f,-0.0485f,0.4739f,-0.8792f,-0.3525f,0f,0f,0f,1f],start_interpolation: 0,interpolation_duration: 1}
$data merge entity $(bone_bone23) {transformation: [-0.9967f,-0.0117f,0.0802f,0.0625f,0.0458f,0.735f,0.6766f,-1.3437f,-0.0668f,0.678f,-0.732f,-0.1406f,0f,0f,0f,1f],start_interpolation: 0,interpolation_duration: 1}
$data merge entity $(bone_bone27) {transformation: [-0.9148f,-0.1971f,0.3526f,0.2734f,-0.1372f,0.9726f,0.1876f,-1.6071f,-0.3799f,0.1232f,-0.9168f,-0.2853f,0f,0f,0f,1f],start_interpolation: 0,interpolation_duration: 1}
$data merge entity $(bone_bone26) {transformation: [-0.887f,-0.2747f,0.3711f,0.1875f,-0.0363f,0.8427f,0.5371f,-1.3437f,-0.4603f,0.4629f,-0.7575f,-0.1406f,0f,0f,0f,1f],start_interpolation: 0,interpolation_duration: 1}
$data merge entity $(bone_bone30) {transformation: [-0.9958f,-0.0914f,0f,0.4224f,-0.0914f,0.9958f,0f,-1.6141f,0f,0f,-1f,0.0625f,0f,0f,0f,1f],start_interpolation: 0,interpolation_duration: 1}
$data merge entity $(bone_bone29) {transformation: [-0.8651f,-0.5016f,0f,0.2656f,-0.5016f,0.8651f,0f,-1.3437f,0f,0f,-1f,0.0625f,0f,0f,0f,1f],start_interpolation: 0,interpolation_duration: 1}
$data merge entity $(bone_bone33) {transformation: [-0.9764f,-0.1387f,-0.1654f,0.4525f,-0.1469f,0.9884f,0.0382f,-1.5922f,0.1582f,0.0616f,-0.9855f,-0.0941f,0f,0f,0f,1f],start_interpolation: 0,interpolation_duration: 1}
$data merge entity $(bone_bone32) {transformation: [-0.7983f,-0.598f,0.0722f,0.2656f,-0.5794f,0.7951f,0.179f,-1.3437f,-0.1644f,0.1011f,-0.9812f,-0.0625f,0f,0f,0f,1f],start_interpolation: 0,interpolation_duration: 1}
$data merge entity $(bone_bone36) {transformation: [-0.9507f,0.1497f,-0.2717f,-0.3834f,0.2076f,0.9579f,-0.1985f,-1.6185f,0.2306f,-0.2451f,-0.9417f,0.1536f,0f,0f,0f,1f],start_interpolation: 0,interpolation_duration: 1}
$data merge entity $(bone_bone35) {transformation: [-0.8434f,0.377f,-0.3827f,-0.2656f,0.456f,0.8791f,-0.1388f,-1.3437f,0.2841f,-0.2916f,-0.9134f,0.0625f,0f,0f,0f,1f],start_interpolation: 0,interpolation_duration: 1}
$data merge entity $(bone_bone39) {transformation: [-0.8323f,0.5541f,-0.0138f,-0.3746f,0.5543f,0.8319f,-0.0256f,-1.6294f,-0.0027f,-0.0289f,-0.9996f,-0.1271f,0f,0f,0f,1f],start_interpolation: 0,interpolation_duration: 1}
$data merge entity $(bone_bone38) {transformation: [-0.898f,0.3487f,0.2684f,-0.2656f,0.3891f,0.9141f,0.114f,-1.3437f,-0.2056f,0.2068f,-0.9565f,-0.0625f,0f,0f,0f,1f],start_interpolation: 0,interpolation_duration: 1}
$data merge entity $(bone_bone45) {transformation: [-0.9572f,0.2481f,-0.1489f,-0.3578f,0.2468f,0.9687f,0.0277f,-0.886f,0.1511f,-0.0102f,-0.9885f,-0.2308f,0f,0f,0f,1f],start_interpolation: 0,interpolation_duration: 1}
$data merge entity $(bone_bone44) {transformation: [-0.9863f,-0.0712f,-0.1487f,-0.38f,-0.1092f,0.9579f,0.2657f,-0.5866f,0.1235f,0.2783f,-0.9525f,-0.1438f,0f,0f,0f,1f],start_interpolation: 0,interpolation_duration: 1}
$data merge entity $(bone_bone48) {transformation: [-0.858f,0.4366f,-0.2706f,-0.5902f,0.5016f,0.8256f,-0.2585f,-1.1866f,0.1105f,-0.3576f,-0.9273f,0.0508f,0f,0f,0f,1f],start_interpolation: 0,interpolation_duration: 1}
$data merge entity $(bone_bone47) {transformation: [-0.864f,0.2527f,-0.4355f,-0.4955f,0.2752f,0.9613f,0.0117f,-0.8261f,0.4216f,-0.1097f,-0.9001f,0.0097f,0f,0f,0f,1f],start_interpolation: 0,interpolation_duration: 1}
$data merge entity $(bone_3) {transformation: [-0.9512f,0.1847f,-0.2471f,-0.3386f,0.1678f,0.9819f,0.0879f,-0.727f,0.2588f,0.0421f,-0.965f,-0.0214f,0f,0f,0f,1f],start_interpolation: 0,interpolation_duration: 1}
$data merge entity $(bone_4) {transformation: [-0.9512f,0.1268f,-0.2812f,-0.4396f,0.1678f,0.9776f,-0.1267f,-0.9374f,0.2588f,-0.1677f,-0.9513f,-0.0147f,0f,0f,0f,1f],start_interpolation: 0,interpolation_duration: 1}
$data merge entity $(bone_bone42) {transformation: [-0.9549f,-0.2907f,0.0612f,0.42f,-0.2364f,0.8682f,0.4362f,-0.8921f,-0.1799f,0.4021f,-0.8978f,-0.194f,0f,0f,0f,1f],start_interpolation: 0,interpolation_duration: 1}
$data merge entity $(bone_bone41) {transformation: [-0.9712f,-0.1868f,0.1477f,0.3617f,-0.1574f,0.969f,0.1906f,-0.5893f,-0.1787f,0.1619f,-0.9705f,-0.1434f,0f,0f,0f,1f],start_interpolation: 0,interpolation_duration: 1}
$data merge entity $(bone_bone51) {transformation: [-0.8274f,-0.5056f,0.2444f,0.6141f,-0.3785f,0.8237f,0.4222f,-1.1791f,-0.4148f,0.2568f,-0.8729f,0.0548f,0f,0f,0f,1f],start_interpolation: 0,interpolation_duration: 1}
$data merge entity $(bone_bone50) {transformation: [-0.8877f,-0.3421f,0.3081f,0.4858f,-0.3707f,0.928f,-0.0377f,-0.8311f,-0.273f,-0.1477f,-0.9506f,-0.0006f,0f,0f,0f,1f],start_interpolation: 0,interpolation_duration: 1}
$data merge entity $(bone_1) {transformation: [-0.983f,-0.1361f,0.1236f,0.3306f,-0.1295f,0.9897f,0.0603f,-0.7256f,-0.1305f,0.0432f,-0.9905f,-0.0136f,0f,0f,0f,1f],start_interpolation: 0,interpolation_duration: 1}
$data merge entity $(bone_2) {transformation: [-0.983f,-0.0995f,0.1546f,0.3911f,-0.1295f,0.9716f,-0.1979f,-0.938f,-0.1305f,-0.2146f,-0.9679f,-0.0189f,0f,0f,0f,1f],start_interpolation: 0,interpolation_duration: 1}
$data merge entity $(bone_7) {transformation: [-0.9962f,0.087f,-0.0038f,-0.1352f,0.0871f,0.9953f,-0.0435f,-1.5336f,0f,-0.0437f,-0.999f,0.0082f,0f,0f,0f,1f],start_interpolation: 0,interpolation_duration: 1}
$data merge entity $(bone_8) {transformation: [-0.9962f,0.0805f,0.0333f,-0.1474f,0.0871f,0.9204f,0.3812f,-1.673f,0f,0.3826f,-0.9239f,0.0268f,0f,0f,0f,1f],start_interpolation: 0,interpolation_duration: 1}
$data merge entity $(bone_5) {transformation: [-0.9962f,-0.087f,-0.0038f,0.1189f,-0.0871f,0.9953f,0.0434f,-1.347f,0f,0.0435f,-0.9991f,0f,0f,0f,0f,1f],start_interpolation: 0,interpolation_duration: 1}
$data merge entity $(bone_6) {transformation: [-0.9962f,-0.083f,-0.0262f,0.1483f,-0.0871f,0.9501f,0.2995f,-1.6832f,0f,0.3006f,-0.9537f,-0.0085f,0f,0f,0f,1f],start_interpolation: 0,interpolation_duration: 1}