# This file was generated by Animated Java via MC-Build. It is not recommended to edit this file directly.
$data merge entity $(bone_bone54) {transformation: [-0.9646f,0.2288f,0.1315f,-0.2144f,0.2638f,0.8219f,0.5048f,1.2248f,0.0074f,0.5216f,-0.8531f,-0.2803f,0f,0f,0f,1f],start_interpolation: 0,interpolation_duration: 1}
$data merge entity $(bone_bone53) {transformation: [-0.9827f,0.1841f,-0.0187f,-0.1562f,0.1648f,0.9171f,0.3631f,1.5f,0.084f,0.3537f,-0.9316f,-0.1406f,0f,0f,0f,1f],start_interpolation: 0,interpolation_duration: 1}
$data merge entity $(bone_bone57) {transformation: [-0.9667f,0.0351f,0.2536f,0.1555f,0.0512f,0.9971f,0.0571f,1.1981f,-0.2508f,0.0682f,-0.9656f,-0.2272f,0f,0f,0f,1f],start_interpolation: 0,interpolation_duration: 1}
$data merge entity $(bone_bone56) {transformation: [-0.9201f,0.0412f,0.3894f,0.1563f,0.1099f,0.9817f,0.1558f,1.5f,-0.3759f,0.1862f,-0.9078f,-0.1406f,0f,0f,0f,1f],start_interpolation: 0,interpolation_duration: 1}
$data merge entity $(bone_bone5) {transformation: [-0.961f,0.2215f,0.1656f,-0.2259f,0.2087f,0.9737f,-0.0912f,0.446f,-0.1815f,-0.0531f,-0.982f,0.1738f,0f,0f,0f,1f],start_interpolation: 0,interpolation_duration: 1}
$data merge entity $(bone_bone2) {transformation: [-0.961f,0.2455f,0.1273f,-0.1875f,0.2087f,0.9459f,-0.2485f,0.5938f,-0.1815f,-0.2123f,-0.9602f,0.1406f,0f,0f,0f,1f],start_interpolation: 0,interpolation_duration: 1}
$data merge entity $(bone_bone9) {transformation: [-0.9987f,-0.0086f,0.0509f,-0.0699f,0.0086f,0.9445f,0.3284f,0.4522f,-0.0509f,0.3284f,-0.9432f,0.2352f,0f,0f,0f,1f],start_interpolation: 0,interpolation_duration: 1}
$data merge entity $(bone_bone8) {transformation: [-0.9987f,0.0236f,0.0459f,-0.0625f,0.0086f,0.9528f,-0.3034f,0.75f,-0.0509f,-0.3026f,-0.9517f,0.1406f,0f,0f,0f,1f],start_interpolation: 0,interpolation_duration: 1}
$data merge entity $(bone_bone12) {transformation: [-0.9966f,-0.082f,-0.0115f,0.0877f,-0.0823f,0.9962f,0.0281f,0.4571f,0.0092f,0.029f,-0.9995f,0.231f,0f,0f,0f,1f],start_interpolation: 0,interpolation_duration: 1}
$data merge entity $(bone_bone11) {transformation: [-0.9966f,-0.0805f,0.0193f,0.0625f,-0.0823f,0.9373f,-0.3387f,0.75f,0.0092f,-0.3391f,-0.9407f,0.125f,0f,0f,0f,1f],start_interpolation: 0,interpolation_duration: 1}
$data merge entity $(bone_bone15) {transformation: [-0.961f,-0.1717f,-0.2168f,0.2547f,-0.1676f,0.9851f,-0.0372f,0.4521f,0.22f,0.0006f,-0.9755f,0.1915f,0f,0f,0f,1f],start_interpolation: 0,interpolation_duration: 1}
$data merge entity $(bone_bone14) {transformation: [-0.961f,-0.215f,-0.174f,0.1875f,-0.1676f,0.9531f,-0.2519f,0.75f,0.22f,-0.2129f,-0.952f,0.125f,0f,0f,0f,1f],start_interpolation: 0,interpolation_duration: 1}
$data merge entity $(bone_bone18) {transformation: [-0.8065f,0.5663f,-0.1698f,-0.249f,0.2726f,0.6111f,0.7432f,0.4602f,0.5246f,0.5531f,-0.6472f,-0.2401f,0f,0f,0f,1f],start_interpolation: 0,interpolation_duration: 1}
$data merge entity $(bone_bone17) {transformation: [-0.9291f,0.1967f,-0.3131f,-0.1875f,0.0726f,0.9273f,0.3671f,0.75f,0.3626f,0.3184f,-0.8759f,-0.1406f,0f,0f,0f,1f],start_interpolation: 0,interpolation_duration: 1}
$data merge entity $(bone_bone21) {transformation: [-0.9926f,-0.0703f,-0.0988f,-0.091f,-0.1087f,0.8769f,0.4683f,0.4817f,0.0537f,0.4756f,-0.878f,-0.2983f,0f,0f,0f,1f],start_interpolation: 0,interpolation_duration: 1}
$data merge entity $(bone_bone20) {transformation: [-0.8504f,0.0913f,-0.5182f,-0.0625f,-0.1965f,0.8586f,0.4736f,0.75f,0.4881f,0.5045f,-0.7122f,-0.1406f,0f,0f,0f,1f],start_interpolation: 0,interpolation_duration: 1}
$data merge entity $(bone_bone24) {transformation: [-0.9709f,0.1811f,0.1568f,0.0658f,0.2341f,0.8555f,0.4618f,0.5186f,-0.0506f,0.4851f,-0.873f,-0.3506f,0f,0f,0f,1f],start_interpolation: 0,interpolation_duration: 1}
$data merge entity $(bone_bone23) {transformation: [-0.9965f,-0.0106f,0.0829f,0.0625f,0.0479f,0.7406f,0.6703f,0.75f,-0.0685f,0.6719f,-0.7375f,-0.1406f,0f,0f,0f,1f],start_interpolation: 0,interpolation_duration: 1}
$data merge entity $(bone_bone27) {transformation: [-0.9139f,-0.2031f,0.3515f,0.2742f,-0.1296f,0.9665f,0.2215f,0.4872f,-0.3847f,0.1569f,-0.9096f,-0.2859f,0f,0f,0f,1f],start_interpolation: 0,interpolation_duration: 1}
$data merge entity $(bone_bone26) {transformation: [-0.8823f,-0.2773f,0.3804f,0.1875f,-0.0313f,0.8409f,0.5404f,0.75f,-0.4697f,0.4648f,-0.7505f,-0.1406f,0f,0f,0f,1f],start_interpolation: 0,interpolation_duration: 1}
$data merge entity $(bone_bone30) {transformation: [-0.9952f,-0.0976f,0f,0.4222f,-0.0976f,0.9952f,0f,0.4796f,0f,0f,-1f,0.0625f,0f,0f,0f,1f],start_interpolation: 0,interpolation_duration: 1}
$data merge entity $(bone_bone29) {transformation: [-0.8654f,-0.501f,0f,0.2656f,-0.501f,0.8654f,0f,0.75f,0f,0f,-1f,0.0625f,0f,0f,0f,1f],start_interpolation: 0,interpolation_duration: 1}
$data merge entity $(bone_bone33) {transformation: [-0.9701f,-0.1615f,-0.181f,0.4508f,-0.1687f,0.9854f,0.0249f,0.5003f,0.1743f,0.0547f,-0.9832f,-0.0945f,0f,0f,0f,1f],start_interpolation: 0,interpolation_duration: 1}
$data merge entity $(bone_bone32) {transformation: [-0.8037f,-0.5924f,0.0556f,0.2656f,-0.5774f,0.7991f,0.1674f,0.75f,-0.1436f,0.1025f,-0.9843f,-0.0625f,0f,0f,0f,1f],start_interpolation: 0,interpolation_duration: 1}
$data merge entity $(bone_bone36) {transformation: [-0.9547f,0.1444f,-0.2602f,-0.3838f,0.1959f,0.9632f,-0.1842f,0.4755f,0.224f,-0.2269f,-0.9478f,0.1538f,0f,0f,0f,1f],start_interpolation: 0,interpolation_duration: 1}
$data merge entity $(bone_bone35) {transformation: [-0.8375f,0.3781f,-0.3947f,-0.2656f,0.459f,0.8785f,-0.1325f,0.75f,0.2966f,-0.2921f,-0.9092f,0.0625f,0f,0f,0f,1f],start_interpolation: 0,interpolation_duration: 1}
$data merge entity $(bone_bone39) {transformation: [-0.8342f,0.5493f,-0.0486f,-0.3767f,0.5507f,0.8344f,-0.0221f,0.4643f,0.0284f,-0.0452f,-0.9986f,-0.1235f,0f,0f,0f,1f],start_interpolation: 0,interpolation_duration: 1}
$data merge entity $(bone_bone38) {transformation: [-0.8924f,0.3554f,0.2779f,-0.2656f,0.394f,0.9141f,0.0961f,0.75f,-0.2199f,0.1952f,-0.9558f,-0.0625f,0f,0f,0f,1f],start_interpolation: 0,interpolation_duration: 1}
$data merge entity $(bone_bone45) {transformation: [-0.9619f,0.2301f,-0.1474f,-0.3572f,0.2292f,0.9731f,0.0232f,1.2081f,0.1488f,-0.0115f,-0.9888f,-0.2316f,0f,0f,0f,1f],start_interpolation: 0,interpolation_duration: 1}
$data merge entity $(bone_bone44) {transformation: [-0.9833f,-0.0729f,-0.1668f,-0.38f,-0.1161f,0.9569f,0.2662f,1.5071f,0.1402f,0.2811f,-0.9494f,-0.1438f,0f,0f,0f,1f],start_interpolation: 0,interpolation_duration: 1}
$data merge entity $(bone_bone48) {transformation: [-0.8511f,0.4456f,-0.2776f,-0.5928f,0.5112f,0.8237f,-0.2453f,0.908f,0.1193f,-0.3506f,-0.9289f,0.0521f,0f,0f,0f,1f],start_interpolation: 0,interpolation_duration: 1}
$data merge entity $(bone_bone47) {transformation: [-0.8574f,0.2592f,-0.4446f,-0.4955f,0.2824f,0.9592f,0.0147f,1.2677f,0.4303f,-0.113f,-0.8956f,0.0097f,0f,0f,0f,1f],start_interpolation: 0,interpolation_duration: 1}
$data merge entity $(bone_3) {transformation: [-0.9512f,0.1849f,-0.247f,-0.3387f,0.168f,0.9819f,0.0879f,1.3668f,0.2588f,0.0421f,-0.965f,-0.0214f,0f,0f,0f,1f],start_interpolation: 0,interpolation_duration: 1}
$data merge entity $(bone_4) {transformation: [-0.9512f,0.1271f,-0.2812f,-0.4397f,0.168f,0.9776f,-0.1267f,1.1564f,0.2588f,-0.1677f,-0.9513f,-0.0147f,0f,0f,0f,1f],start_interpolation: 0,interpolation_duration: 1}
$data merge entity $(bone_bone42) {transformation: [-0.9551f,-0.2888f,0.0666f,0.4181f,-0.2344f,0.8735f,0.4267f,1.2012f,-0.1814f,0.3919f,-0.9019f,-0.1934f,0f,0f,0f,1f],start_interpolation: 0,interpolation_duration: 1}
$data merge entity $(bone_bone41) {transformation: [-0.9714f,-0.1807f,0.1539f,0.3617f,-0.1506f,0.9704f,0.1887f,1.5044f,-0.1835f,0.1601f,-0.9699f,-0.1434f,0f,0f,0f,1f],start_interpolation: 0,interpolation_duration: 1}
$data merge entity $(bone_bone51) {transformation: [-0.8353f,-0.4972f,0.2346f,0.6157f,-0.3805f,0.8309f,0.406f,0.9155f,-0.3968f,0.2499f,-0.8832f,0.0561f,0f,0f,0f,1f],start_interpolation: 0,interpolation_duration: 1}
$data merge entity $(bone_bone50) {transformation: [-0.8897f,-0.3461f,0.2977f,0.4859f,-0.3751f,0.9259f,-0.0445f,1.2627f,-0.2603f,-0.1513f,-0.9536f,-0.0006f,0f,0f,0f,1f],start_interpolation: 0,interpolation_duration: 1}
$data merge entity $(bone_1) {transformation: [-0.9829f,-0.1364f,0.1236f,0.3306f,-0.1297f,0.9897f,0.0603f,1.3682f,-0.1305f,0.0432f,-0.9905f,-0.0136f,0f,0f,0f,1f],start_interpolation: 0,interpolation_duration: 1}
$data merge entity $(bone_2) {transformation: [-0.9829f,-0.0997f,0.1547f,0.3912f,-0.1297f,0.9716f,-0.1979f,1.1557f,-0.1305f,-0.2146f,-0.9679f,-0.0189f,0f,0f,0f,1f],start_interpolation: 0,interpolation_duration: 1}
$data merge entity $(bone_7) {transformation: [-0.9962f,0.0868f,-0.0038f,-0.1352f,0.0868f,0.9953f,-0.0438f,0.5601f,0f,-0.0439f,-0.999f,0.0082f,0f,0f,0f,1f],start_interpolation: 0,interpolation_duration: 1}
$data merge entity $(bone_8) {transformation: [-0.9962f,0.0802f,0.0332f,-0.1473f,0.0868f,0.9205f,0.3809f,0.4207f,0f,0.3824f,-0.924f,0.0269f,0f,0f,0f,1f],start_interpolation: 0,interpolation_duration: 1}
$data merge entity $(bone_5) {transformation: [-0.9962f,-0.0868f,-0.0038f,0.1189f,-0.0868f,0.9953f,0.0431f,0.7467f,0f,0.0433f,-0.9991f,0f,0f,0f,0f,1f],start_interpolation: 0,interpolation_duration: 1}
$data merge entity $(bone_6) {transformation: [-0.9962f,-0.0828f,-0.0261f,0.1482f,-0.0868f,0.9502f,0.2993f,0.4106f,0f,0.3004f,-0.9538f,-0.0084f,0f,0f,0f,1f],start_interpolation: 0,interpolation_duration: 1}