# This file was generated by Animated Java via MC-Build. It is not recommended to edit this file directly.
$data merge entity $(bone_bone54) {transformation: [-0.9682f,0.2137f,0.1303f,-0.2122f,0.2503f,0.8319f,0.4952f,1.2246f,-0.0025f,0.512f,-0.859f,-0.2808f,0f,0f,0f,1f],start_interpolation: 0,interpolation_duration: 1}
$data merge entity $(bone_bone53) {transformation: [-0.9839f,0.1787f,-0.0046f,-0.1562f,0.165f,0.9175f,0.3618f,1.5f,0.0689f,0.3552f,-0.9322f,-0.1406f,0f,0f,0f,1f],start_interpolation: 0,interpolation_duration: 1}
$data merge entity $(bone_bone57) {transformation: [-0.9691f,0.0458f,0.2426f,0.1566f,0.0586f,0.9972f,0.0459f,1.199f,-0.2398f,0.0587f,-0.9691f,-0.2304f,0f,0f,0f,1f],start_interpolation: 0,interpolation_duration: 1}
$data merge entity $(bone_bone56) {transformation: [-0.9242f,0.0368f,0.3802f,0.1563f,0.1081f,0.9799f,0.168f,1.5f,-0.3664f,0.1963f,-0.9095f,-0.1406f,0f,0f,0f,1f],start_interpolation: 0,interpolation_duration: 1}
$data merge entity $(bone_bone5) {transformation: [-0.9603f,0.2192f,0.1723f,-0.2254f,0.2036f,0.9735f,-0.1041f,0.4458f,-0.1906f,-0.0649f,-0.9795f,0.1736f,0f,0f,0f,1f],start_interpolation: 0,interpolation_duration: 1}
$data merge entity $(bone_bone2) {transformation: [-0.9603f,0.2426f,0.1375f,-0.1875f,0.2036f,0.9468f,-0.2491f,0.5938f,-0.1906f,-0.2112f,-0.9587f,0.1406f,0f,0f,0f,1f],start_interpolation: 0,interpolation_duration: 1}
$data merge entity $(bone_bone9) {transformation: [-0.9982f,-0.0106f,0.0592f,-0.0707f,0.0084f,0.9498f,0.3127f,0.4525f,-0.0595f,0.3127f,-0.948f,0.236f,0f,0f,0f,1f],start_interpolation: 0,interpolation_duration: 1}
$data merge entity $(bone_bone8) {transformation: [-0.9982f,0.0262f,0.0541f,-0.0625f,0.0084f,0.9519f,-0.3062f,0.75f,-0.0595f,-0.3052f,-0.9504f,0.1406f,0f,0f,0f,1f],start_interpolation: 0,interpolation_duration: 1}
$data merge entity $(bone_bone12) {transformation: [-0.9969f,-0.0763f,-0.0207f,0.0871f,-0.0766f,0.997f,0.0103f,0.4567f,0.0199f,0.0118f,-0.9997f,0.2299f,0f,0f,0f,1f],start_interpolation: 0,interpolation_duration: 1}
$data merge entity $(bone_bone11) {transformation: [-0.9969f,-0.0788f,0.007f,0.0625f,-0.0766f,0.9387f,-0.3362f,0.75f,0.0199f,-0.3357f,-0.9418f,0.125f,0f,0f,0f,1f],start_interpolation: 0,interpolation_duration: 1}
$data merge entity $(bone_bone15) {transformation: [-0.9604f,-0.1694f,-0.2212f,0.2544f,-0.1654f,0.9855f,-0.0367f,0.4522f,0.2242f,0.0013f,-0.9745f,0.1921f,0f,0f,0f,1f],start_interpolation: 0,interpolation_duration: 1}
$data merge entity $(bone_bone14) {transformation: [-0.9604f,-0.2142f,-0.1781f,0.1875f,-0.1654f,0.9529f,-0.2542f,0.75f,0.2242f,-0.2147f,-0.9506f,0.125f,0f,0f,0f,1f],start_interpolation: 0,interpolation_duration: 1}
$data merge entity $(bone_bone18) {transformation: [-0.8051f,0.5646f,-0.1821f,-0.2482f,0.261f,0.6128f,0.7459f,0.4613f,0.5327f,0.553f,-0.6407f,-0.2436f,0f,0f,0f,1f],start_interpolation: 0,interpolation_duration: 1}
$data merge entity $(bone_bone17) {transformation: [-0.9277f,0.1943f,-0.3188f,-0.1875f,0.0639f,0.924f,0.377f,0.75f,0.3679f,0.3294f,-0.8696f,-0.1406f,0f,0f,0f,1f],start_interpolation: 0,interpolation_duration: 1}
$data merge entity $(bone_bone21) {transformation: [-0.9933f,-0.0721f,-0.09f,-0.0937f,-0.1054f,0.8841f,0.4553f,0.4833f,0.0467f,0.4617f,-0.8858f,-0.3004f,0f,0f,0f,1f],start_interpolation: 0,interpolation_duration: 1}
$data merge entity $(bone_bone20) {transformation: [-0.854f,0.0997f,-0.5107f,-0.0625f,-0.1904f,0.8535f,0.485f,0.75f,0.4843f,0.5114f,-0.7099f,-0.1406f,0f,0f,0f,1f],start_interpolation: 0,interpolation_duration: 1}
$data merge entity $(bone_bone24) {transformation: [-0.97f,0.181f,0.1621f,0.0654f,0.2373f,0.8492f,0.4717f,0.5165f,-0.0522f,0.4961f,-0.8667f,-0.3483f,0f,0f,0f,1f],start_interpolation: 0,interpolation_duration: 1}
$data merge entity $(bone_bone23) {transformation: [-0.9964f,-0.0091f,0.0845f,0.0625f,0.0494f,0.7472f,0.6628f,0.75f,-0.0692f,0.6645f,-0.744f,-0.1406f,0f,0f,0f,1f],start_interpolation: 0,interpolation_duration: 1}
$data merge entity $(bone_bone27) {transformation: [-0.9123f,-0.2088f,0.3524f,0.2747f,-0.1174f,0.9575f,0.2633f,0.488f,-0.3924f,0.1988f,-0.8981f,-0.2869f,0f,0f,0f,1f],start_interpolation: 0,interpolation_duration: 1}
$data merge entity $(bone_bone26) {transformation: [-0.8756f,-0.2791f,0.3943f,0.1875f,-0.022f,0.8384f,0.5446f,0.75f,-0.4826f,0.4681f,-0.7402f,-0.1406f,0f,0f,0f,1f],start_interpolation: 0,interpolation_duration: 1}
$data merge entity $(bone_bone30) {transformation: [-0.9944f,-0.1056f,0f,0.4214f,-0.1056f,0.9944f,0f,0.4791f,0f,0f,-1f,0.0625f,0f,0f,0f,1f],start_interpolation: 0,interpolation_duration: 1}
$data merge entity $(bone_bone29) {transformation: [-0.8669f,-0.4984f,0f,0.2656f,-0.4984f,0.8669f,0f,0.75f,0f,0f,-1f,0.0625f,0f,0f,0f,1f],start_interpolation: 0,interpolation_duration: 1}
$data merge entity $(bone_bone33) {transformation: [-0.9623f,-0.1896f,-0.1948f,0.4485f,-0.1959f,0.9805f,0.0133f,0.4987f,0.1885f,0.051f,-0.9807f,-0.0951f,0f,0f,0f,1f],start_interpolation: 0,interpolation_duration: 1}
$data merge entity $(bone_bone32) {transformation: [-0.81f,-0.5853f,0.0365f,0.2656f,-0.5741f,0.804f,0.1547f,0.75f,-0.1199f,0.1044f,-0.9873f,-0.0625f,0f,0f,0f,1f],start_interpolation: 0,interpolation_duration: 1}
$data merge entity $(bone_bone36) {transformation: [-0.9584f,0.1396f,-0.2489f,-0.384f,0.1849f,0.9681f,-0.169f,0.4755f,0.2174f,-0.208f,-0.9537f,0.1537f,0f,0f,0f,1f],start_interpolation: 0,interpolation_duration: 1}
$data merge entity $(bone_bone35) {transformation: [-0.8307f,0.3787f,-0.408f,-0.2656f,0.4616f,0.8783f,-0.1246f,0.75f,0.3112f,-0.2918f,-0.9044f,0.0625f,0f,0f,0f,1f],start_interpolation: 0,interpolation_duration: 1}
$data merge entity $(bone_bone39) {transformation: [-0.8351f,0.5437f,-0.0836f,-0.3789f,0.5469f,0.837f,-0.0188f,0.4644f,0.0598f,-0.0614f,-0.9963f,-0.1197f,0f,0f,0f,1f],start_interpolation: 0,interpolation_duration: 1}
$data merge entity $(bone_bone38) {transformation: [-0.8866f,0.3625f,0.2872f,-0.2656f,0.3987f,0.9138f,0.0774f,0.75f,-0.2344f,0.1832f,-0.9547f,-0.0625f,0f,0f,0f,1f],start_interpolation: 0,interpolation_duration: 1}
$data merge entity $(bone_bone45) {transformation: [-0.9668f,0.2109f,-0.1444f,-0.3578f,0.2098f,0.9775f,0.023f,1.2084f,0.146f,-0.0081f,-0.9893f,-0.2328f,0f,0f,0f,1f],start_interpolation: 0,interpolation_duration: 1}
$data merge entity $(bone_bone44) {transformation: [-0.98f,-0.0712f,-0.1859f,-0.38f,-0.1202f,0.956f,0.2677f,1.5071f,0.1587f,0.2847f,-0.9454f,-0.1438f,0f,0f,0f,1f],start_interpolation: 0,interpolation_duration: 1}
$data merge entity $(bone_bone48) {transformation: [-0.8443f,0.4545f,-0.2838f,-0.5963f,0.5196f,0.8238f,-0.2265f,0.9092f,0.1309f,-0.3387f,-0.9317f,0.0537f,0f,0f,0f,1f],start_interpolation: 0,interpolation_duration: 1}
$data merge entity $(bone_bone47) {transformation: [-0.8488f,0.2683f,-0.4556f,-0.4956f,0.2923f,0.9561f,0.0185f,1.2677f,0.4406f,-0.1174f,-0.89f,0.0097f,0f,0f,0f,1f],start_interpolation: 0,interpolation_duration: 1}
$data merge entity $(bone_3) {transformation: [-0.9511f,0.1853f,-0.247f,-0.3387f,0.1684f,0.9818f,0.088f,1.3668f,0.2588f,0.0421f,-0.965f,-0.0214f,0f,0f,0f,1f],start_interpolation: 0,interpolation_duration: 1}
$data merge entity $(bone_4) {transformation: [-0.9511f,0.1274f,-0.2813f,-0.4399f,0.1684f,0.9776f,-0.1266f,1.1564f,0.2588f,-0.1677f,-0.9513f,-0.0147f,0f,0f,0f,1f],start_interpolation: 0,interpolation_duration: 1}
$data merge entity $(bone_bone42) {transformation: [-0.9562f,-0.2838f,0.0722f,0.4157f,-0.2306f,0.8815f,0.412f,1.2008f,-0.1806f,0.3773f,-0.9083f,-0.1936f,0f,0f,0f,1f],start_interpolation: 0,interpolation_duration: 1}
$data merge entity $(bone_bone41) {transformation: [-0.9725f,-0.173f,0.1556f,0.3617f,-0.1428f,0.9717f,0.188f,1.5044f,-0.1838f,0.1606f,-0.9698f,-0.1434f,0f,0f,0f,1f],start_interpolation: 0,interpolation_duration: 1}
$data merge entity $(bone_bone51) {transformation: [-0.8464f,-0.4843f,0.2216f,0.618f,-0.3807f,0.8411f,0.3842f,0.9165f,-0.3725f,0.2408f,-0.8963f,0.0572f,0f,0f,0f,1f],start_interpolation: 0,interpolation_duration: 1}
$data merge entity $(bone_bone50) {transformation: [-0.8922f,-0.3521f,0.2828f,0.486f,-0.3808f,0.9232f,-0.052f,1.2627f,-0.2428f,-0.1541f,-0.9578f,-0.0006f,0f,0f,0f,1f],start_interpolation: 0,interpolation_duration: 1}
$data merge entity $(bone_1) {transformation: [-0.9829f,-0.1367f,0.1236f,0.3307f,-0.1301f,0.9897f,0.0604f,1.3682f,-0.1305f,0.0432f,-0.9905f,-0.0136f,0f,0f,0f,1f],start_interpolation: 0,interpolation_duration: 1}
$data merge entity $(bone_2) {transformation: [-0.9829f,-0.1001f,0.1547f,0.3913f,-0.1301f,0.9716f,-0.1978f,1.1557f,-0.1305f,-0.2146f,-0.9679f,-0.0189f,0f,0f,0f,1f],start_interpolation: 0,interpolation_duration: 1}
$data merge entity $(bone_7) {transformation: [-0.9963f,0.0864f,-0.0038f,-0.1351f,0.0865f,0.9953f,-0.0442f,0.5601f,0f,-0.0443f,-0.999f,0.0083f,0f,0f,0f,1f],start_interpolation: 0,interpolation_duration: 1}
$data merge entity $(bone_8) {transformation: [-0.9963f,0.0799f,0.033f,-0.1472f,0.0865f,0.9207f,0.3806f,0.4207f,0f,0.382f,-0.9241f,0.027f,0f,0f,0f,1f],start_interpolation: 0,interpolation_duration: 1}
$data merge entity $(bone_5) {transformation: [-0.9963f,-0.0864f,-0.0037f,0.1189f,-0.0865f,0.9953f,0.0428f,0.7468f,0f,0.0429f,-0.9991f,0f,0f,0f,0f,1f],start_interpolation: 0,interpolation_duration: 1}
$data merge entity $(bone_6) {transformation: [-0.9963f,-0.0825f,-0.0259f,0.1481f,-0.0865f,0.9504f,0.2989f,0.4106f,0f,0.3f,-0.9539f,-0.0082f,0f,0f,0f,1f],start_interpolation: 0,interpolation_duration: 1}