# This file was generated by Animated Java via MC-Build. It is not recommended to edit this file directly.
$data merge entity $(bone_bone54) {transformation: [-0.972f,0.1958f,0.1299f,-0.2094f,0.2344f,0.8445f,0.4816f,-0.8693f,-0.0154f,0.4986f,-0.8667f,-0.2815f,0f,0f,0f,1f],start_interpolation: 0,interpolation_duration: 1}
$data merge entity $(bone_bone53) {transformation: [-0.9852f,0.1711f,0.0105f,-0.1562f,0.1633f,0.918f,0.3613f,-0.5937f,0.0522f,0.3577f,-0.9324f,-0.1406f,0f,0f,0f,1f],start_interpolation: 0,interpolation_duration: 1}
$data merge entity $(bone_bone57) {transformation: [-0.9719f,0.0572f,0.2285f,0.1577f,0.067f,0.9971f,0.0353f,-0.8936f,-0.2258f,0.0496f,-0.9729f,-0.234f,0f,0f,0f,1f],start_interpolation: 0,interpolation_duration: 1}
$data merge entity $(bone_bone56) {transformation: [-0.929f,0.0321f,0.3687f,0.1563f,0.1059f,0.9777f,0.1816f,-0.5937f,-0.3547f,0.2078f,-0.9116f,-0.1406f,0f,0f,0f,1f],start_interpolation: 0,interpolation_duration: 1}
$data merge entity $(bone_bone5) {transformation: [-0.9593f,0.2165f,0.1813f,-0.2248f,0.1967f,0.973f,-0.121f,-1.6481f,-0.2026f,-0.0804f,-0.976f,0.1734f,0f,0f,0f,1f],start_interpolation: 0,interpolation_duration: 1}
$data merge entity $(bone_bone2) {transformation: [-0.9593f,0.2388f,0.1508f,-0.1875f,0.1967f,0.9481f,-0.2496f,-1.5f,-0.2026f,-0.2098f,-0.9565f,0.1406f,0f,0f,0f,1f],start_interpolation: 0,interpolation_duration: 1}
$data merge entity $(bone_bone9) {transformation: [-0.9975f,-0.0128f,0.0701f,-0.0718f,0.0083f,0.9564f,0.292f,-1.6409f,-0.0708f,0.2918f,-0.9539f,0.2371f,0f,0f,0f,1f],start_interpolation: 0,interpolation_duration: 1}
$data merge entity $(bone_bone8) {transformation: [-0.9975f,0.0298f,0.0648f,-0.0625f,0.0083f,0.9507f,-0.3099f,-1.3437f,-0.0708f,-0.3086f,-0.9486f,0.1406f,0f,0f,0f,1f],start_interpolation: 0,interpolation_duration: 1}
$data merge entity $(bone_bone12) {transformation: [-0.997f,-0.0694f,-0.0332f,0.0864f,-0.069f,0.9975f,-0.0131f,-1.6377f,0.034f,-0.0108f,-0.9994f,0.2285f,0f,0f,0f,1f],start_interpolation: 0,interpolation_duration: 1}
$data merge entity $(bone_bone11) {transformation: [-0.997f,-0.0764f,-0.0091f,0.0625f,-0.069f,0.9405f,-0.3328f,-1.3437f,0.034f,-0.3311f,-0.943f,0.125f,0f,0f,0f,1f],start_interpolation: 0,interpolation_duration: 1}
$data merge entity $(bone_bone15) {transformation: [-0.9596f,-0.1664f,-0.2269f,0.2541f,-0.1625f,0.9861f,-0.0361f,-1.6414f,0.2297f,0.0022f,-0.9733f,0.1928f,0f,0f,0f,1f],start_interpolation: 0,interpolation_duration: 1}
$data merge entity $(bone_bone14) {transformation: [-0.9596f,-0.2133f,-0.1835f,0.1875f,-0.1625f,0.9526f,-0.2573f,-1.3437f,0.2297f,-0.2171f,-0.9487f,0.125f,0f,0f,0f,1f],start_interpolation: 0,interpolation_duration: 1}
$data merge entity $(bone_bone18) {transformation: [-0.8045f,0.5596f,-0.1991f,-0.2478f,0.246f,0.619f,0.7459f,-1.6312f,0.5406f,0.5511f,-0.6356f,-0.2472f,0f,0f,0f,1f],start_interpolation: 0,interpolation_duration: 1}
$data merge entity $(bone_bone17) {transformation: [-0.9253f,0.193f,-0.3264f,-0.1875f,0.055f,0.92f,0.3881f,-1.3437f,0.3752f,0.3412f,-0.8619f,-0.1406f,0f,0f,0f,1f],start_interpolation: 0,interpolation_duration: 1}
$data merge entity $(bone_bone21) {transformation: [-0.9944f,-0.0721f,-0.0771f,-0.0968f,-0.099f,0.8916f,0.4419f,-1.6086f,0.0369f,0.4471f,-0.8937f,-0.303f,0f,0f,0f,1f],start_interpolation: 0,interpolation_duration: 1}
$data merge entity $(bone_bone20) {transformation: [-0.8599f,0.1097f,-0.4986f,-0.0625f,-0.1813f,0.8474f,0.4991f,-1.3437f,0.4772f,0.5195f,-0.7088f,-0.1406f,0f,0f,0f,1f],start_interpolation: 0,interpolation_duration: 1}
$data merge entity $(bone_bone24) {transformation: [-0.9694f,0.1802f,0.1667f,0.0648f,0.2395f,0.8429f,0.4817f,-1.5796f,-0.0537f,0.5069f,-0.8603f,-0.3457f,0f,0f,0f,1f],start_interpolation: 0,interpolation_duration: 1}
$data merge entity $(bone_bone23) {transformation: [-0.9963f,-0.0074f,0.0853f,0.0625f,0.0504f,0.7546f,0.6542f,-1.3437f,-0.0692f,0.6561f,-0.7515f,-0.1406f,0f,0f,0f,1f],start_interpolation: 0,interpolation_duration: 1}
$data merge entity $(bone_bone27) {transformation: [-0.9098f,-0.2146f,0.3552f,0.2752f,-0.1013f,0.9449f,0.3114f,-1.6049f,-0.4025f,0.2474f,-0.8814f,-0.2882f,0f,0f,0f,1f],start_interpolation: 0,interpolation_duration: 1}
$data merge entity $(bone_bone26) {transformation: [-0.8669f,-0.2805f,0.4122f,0.1875f,-0.0092f,0.8356f,0.5493f,-1.3437f,-0.4985f,0.4724f,-0.7269f,-0.1406f,0f,0f,0f,1f],start_interpolation: 0,interpolation_duration: 1}
$data merge entity $(bone_bone30) {transformation: [-0.9933f,-0.1153f,0f,0.42f,-0.1153f,0.9933f,0f,-1.6155f,0f,0f,-1f,0.0625f,0f,0f,0f,1f],start_interpolation: 0,interpolation_duration: 1}
$data merge entity $(bone_bone29) {transformation: [-0.8695f,-0.4939f,0f,0.2656f,-0.4939f,0.8695f,0f,-1.3437f,0f,0f,-1f,0.0625f,0f,0f,0f,1f],start_interpolation: 0,interpolation_duration: 1}
$data merge entity $(bone_bone33) {transformation: [-0.9526f,-0.2222f,-0.2075f,0.4459f,-0.2279f,0.9737f,0.0037f,-1.5968f,0.2012f,0.0509f,-0.9782f,-0.0959f,0f,0f,0f,1f],start_interpolation: 0,interpolation_duration: 1}
$data merge entity $(bone_bone32) {transformation: [-0.8167f,-0.5768f,0.0152f,0.2656f,-0.5693f,0.8099f,0.1414f,-1.3437f,-0.0939f,0.1068f,-0.9898f,-0.0625f,0f,0f,0f,1f],start_interpolation: 0,interpolation_duration: 1}
$data merge entity $(bone_bone36) {transformation: [-0.9618f,0.1353f,-0.238f,-0.3841f,0.1747f,0.9726f,-0.1531f,-1.6183f,0.2108f,-0.1888f,-0.9591f,0.1534f,0f,0f,0f,1f],start_interpolation: 0,interpolation_duration: 1}
$data merge entity $(bone_bone35) {transformation: [-0.8233f,0.3791f,-0.4225f,-0.2656f,0.4636f,0.8785f,-0.1152f,-1.3437f,0.3275f,-0.2907f,-0.899f,0.0625f,0f,0f,0f,1f],start_interpolation: 0,interpolation_duration: 1}
$data merge entity $(bone_bone39) {transformation: [-0.8348f,0.5376f,-0.1187f,-0.3812f,0.543f,0.8396f,-0.0155f,-1.6291f,0.0913f,-0.0774f,-0.9928f,-0.1158f,0f,0f,0f,1f],start_interpolation: 0,interpolation_duration: 1}
$data merge entity $(bone_bone38) {transformation: [-0.8806f,0.3699f,0.2963f,-0.2656f,0.4032f,0.9133f,0.0582f,-1.3437f,-0.249f,0.1707f,-0.9533f,-0.0625f,0f,0f,0f,1f],start_interpolation: 0,interpolation_duration: 1}
$data merge entity $(bone_bone45) {transformation: [-0.9716f,0.1908f,-0.1401f,-0.3593f,0.1889f,0.9816f,0.0271f,-0.8851f,0.1427f,-0.0002f,-0.9898f,-0.2341f,0f,0f,0f,1f],start_interpolation: 0,interpolation_duration: 1}
$data merge entity $(bone_bone44) {transformation: [-0.9763f,-0.0662f,-0.2058f,-0.38f,-0.1217f,0.9551f,0.2702f,-0.5866f,0.1787f,0.2888f,-0.9406f,-0.1438f,0f,0f,0f,1f],start_interpolation: 0,interpolation_duration: 1}
$data merge entity $(bone_bone48) {transformation: [-0.8374f,0.4636f,-0.2894f,-0.6006f,0.527f,0.8253f,-0.2027f,-1.1831f,0.1449f,-0.3223f,-0.9355f,0.0558f,0f,0f,0f,1f],start_interpolation: 0,interpolation_duration: 1}
$data merge entity $(bone_bone47) {transformation: [-0.8384f,0.2795f,-0.468f,-0.4958f,0.3045f,0.9522f,0.0234f,-0.826f,0.4522f,-0.1229f,-0.8834f,0.0097f,0f,0f,0f,1f],start_interpolation: 0,interpolation_duration: 1}
$data merge entity $(bone_3) {transformation: [-0.951f,0.1858f,-0.247f,-0.3388f,0.1689f,0.9817f,0.0882f,-0.727f,0.2588f,0.0421f,-0.965f,-0.0214f,0f,0f,0f,1f],start_interpolation: 0,interpolation_duration: 1}
$data merge entity $(bone_4) {transformation: [-0.951f,0.1279f,-0.2813f,-0.44f,0.1689f,0.9775f,-0.1264f,-0.9373f,0.2588f,-0.1677f,-0.9513f,-0.0147f,0f,0f,0f,1f],start_interpolation: 0,interpolation_duration: 1}
$data merge entity $(bone_bone42) {transformation: [-0.958f,-0.2761f,0.0777f,0.4129f,-0.2251f,0.8917f,0.3926f,-0.8934f,-0.1777f,0.3587f,-0.9164f,-0.1944f,0f,0f,0f,1f],start_interpolation: 0,interpolation_duration: 1}
$data merge entity $(bone_bone41) {transformation: [-0.9745f,-0.1639f,0.1534f,0.3617f,-0.1339f,0.9729f,0.1886f,-0.5893f,-0.1801f,0.1632f,-0.97f,-0.1434f,0f,0f,0f,1f],start_interpolation: 0,interpolation_duration: 1}
$data merge entity $(bone_bone51) {transformation: [-0.8597f,-0.4678f,0.2054f,0.621f,-0.3792f,0.8537f,0.357f,-1.1759f,-0.3423f,0.229f,-0.9112f,0.058f,0f,0f,0f,1f],start_interpolation: 0,interpolation_duration: 1}
$data merge entity $(bone_bone50) {transformation: [-0.8949f,-0.3598f,0.264f,0.4861f,-0.3876f,0.9199f,-0.0602f,-0.8309f,-0.2212f,-0.1562f,-0.9626f,-0.0006f,0f,0f,0f,1f],start_interpolation: 0,interpolation_duration: 1}
$data merge entity $(bone_1) {transformation: [-0.9828f,-0.1373f,0.1235f,0.3307f,-0.1306f,0.9896f,0.0604f,-0.7256f,-0.1305f,0.0432f,-0.9905f,-0.0136f,0f,0f,0f,1f],start_interpolation: 0,interpolation_duration: 1}
$data merge entity $(bone_2) {transformation: [-0.9828f,-0.1006f,0.1548f,0.3915f,-0.1306f,0.9715f,-0.1978f,-0.938f,-0.1305f,-0.2146f,-0.9679f,-0.0189f,0f,0f,0f,1f],start_interpolation: 0,interpolation_duration: 1}
$data merge entity $(bone_7) {transformation: [-0.9963f,0.0859f,-0.0039f,-0.135f,0.0859f,0.9953f,-0.0447f,-1.5336f,0f,-0.0448f,-0.999f,0.0084f,0f,0f,0f,1f],start_interpolation: 0,interpolation_duration: 1}
$data merge entity $(bone_8) {transformation: [-0.9963f,0.0794f,0.0328f,-0.147f,0.0859f,0.9209f,0.3801f,-1.673f,0f,0.3816f,-0.9243f,0.0272f,0f,0f,0f,1f],start_interpolation: 0,interpolation_duration: 1}
$data merge entity $(bone_5) {transformation: [-0.9963f,-0.0859f,-0.0036f,0.1189f,-0.0859f,0.9954f,0.0422f,-1.347f,0f,0.0424f,-0.9991f,0f,0f,0f,0f,1f],start_interpolation: 0,interpolation_duration: 1}
$data merge entity $(bone_6) {transformation: [-0.9963f,-0.082f,-0.0257f,0.1479f,-0.0859f,0.9506f,0.2984f,-1.6832f,0f,0.2995f,-0.9541f,-0.0081f,0f,0f,0f,1f],start_interpolation: 0,interpolation_duration: 1}