# This file was generated by Animated Java via MC-Build. It is not recommended to edit this file directly.
$data merge entity $(bone_bone54) {transformation: [-0.9758f,0.1754f,0.1306f,-0.2059f,0.2165f,0.8588f,0.4644f,-0.8695f,-0.0307f,0.4814f,-0.876f,-0.2825f,0f,0f,0f,1f],start_interpolation: 0,interpolation_duration: 1}
$data merge entity $(bone_bone53) {transformation: [-0.9865f,0.1616f,0.0262f,-0.1562f,0.1601f,0.9185f,0.3616f,-0.5937f,0.0343f,0.3609f,-0.932f,-0.1406f,0f,0f,0f,1f],start_interpolation: 0,interpolation_duration: 1}
$data merge entity $(bone_bone57) {transformation: [-0.9749f,0.0689f,0.2117f,0.1588f,0.076f,0.9968f,0.0254f,-0.8923f,-0.2093f,0.0408f,-0.977f,-0.238f,0f,0f,0f,1f],start_interpolation: 0,interpolation_duration: 1}
$data merge entity $(bone_bone56) {transformation: [-0.9344f,0.0274f,0.3552f,0.1563f,0.1033f,0.975f,0.1965f,-0.5937f,-0.341f,0.2203f,-0.9139f,-0.1406f,0f,0f,0f,1f],start_interpolation: 0,interpolation_duration: 1}
$data merge entity $(bone_bone5) {transformation: [-0.9578f,0.2137f,0.1923f,-0.2241f,0.1885f,0.9719f,-0.1412f,-1.6484f,-0.2171f,-0.099f,-0.9711f,0.1731f,0f,0f,0f,1f],start_interpolation: 0,interpolation_duration: 1}
$data merge entity $(bone_bone2) {transformation: [-0.9578f,0.234f,0.167f,-0.1875f,0.1885f,0.9497f,-0.2501f,-1.5f,-0.2171f,-0.208f,-0.9537f,0.1406f,0f,0f,0f,1f],start_interpolation: 0,interpolation_duration: 1}
$data merge entity $(bone_bone9) {transformation: [-0.9964f,-0.0148f,0.0835f,-0.0732f,0.008f,0.9637f,0.2667f,-1.6404f,-0.0844f,0.2664f,-0.9602f,0.2383f,0f,0f,0f,1f],start_interpolation: 0,interpolation_duration: 1}
$data merge entity $(bone_bone8) {transformation: [-0.9964f,0.0341f,0.0777f,-0.0625f,0.008f,0.9493f,-0.3143f,-1.3437f,-0.0844f,-0.3126f,-0.9461f,0.1406f,0f,0f,0f,1f],start_interpolation: 0,interpolation_duration: 1}
$data merge entity $(bone_bone12) {transformation: [-0.9969f,-0.0619f,-0.0487f,0.0854f,-0.0599f,0.9974f,-0.0412f,-1.6383f,0.0511f,-0.0381f,-0.998f,0.2267f,0f,0f,0f,1f],start_interpolation: 0,interpolation_duration: 1}
$data merge entity $(bone_bone11) {transformation: [-0.9969f,-0.0733f,-0.0287f,0.0625f,-0.0599f,0.9427f,-0.3283f,-1.3437f,0.0511f,-0.3255f,-0.9441f,0.125f,0f,0f,0f,1f],start_interpolation: 0,interpolation_duration: 1}
$data merge entity $(bone_bone15) {transformation: [-0.9586f,-0.1628f,-0.2337f,0.2538f,-0.1589f,0.9867f,-0.0353f,-1.6413f,0.2364f,0.0033f,-0.9717f,0.1937f,0f,0f,0f,1f],start_interpolation: 0,interpolation_duration: 1}
$data merge entity $(bone_bone14) {transformation: [-0.9586f,-0.2121f,-0.1901f,0.1875f,-0.1589f,0.9522f,-0.261f,-1.3437f,0.2364f,-0.22f,-0.9464f,0.125f,0f,0f,0f,1f],start_interpolation: 0,interpolation_duration: 1}
$data merge entity $(bone_bone18) {transformation: [-0.8046f,0.5516f,-0.22f,-0.2478f,0.228f,0.6291f,0.7432f,-1.6298f,0.5483f,0.5478f,-0.6319f,-0.2511f,0f,0f,0f,1f],start_interpolation: 0,interpolation_duration: 1}
$data merge entity $(bone_bone17) {transformation: [-0.9221f,0.1928f,-0.3356f,-0.1875f,0.0459f,0.9154f,0.3999f,-1.3437f,0.3843f,0.3534f,-0.8529f,-0.1406f,0f,0f,0f,1f],start_interpolation: 0,interpolation_duration: 1}
$data merge entity $(bone_bone21) {transformation: [-0.9957f,-0.0705f,-0.0608f,-0.1002f,-0.0898f,0.8993f,0.428f,-1.6063f,0.0245f,0.4316f,-0.9018f,-0.3059f,0f,0f,0f,1f],start_interpolation: 0,interpolation_duration: 1}
$data merge entity $(bone_bone20) {transformation: [-0.8677f,0.1206f,-0.4822f,-0.0625f,-0.1695f,0.8402f,0.5151f,-1.3437f,0.4673f,0.5287f,-0.7086f,-0.1406f,0f,0f,0f,1f],start_interpolation: 0,interpolation_duration: 1}
$data merge entity $(bone_bone24) {transformation: [-0.969f,0.1787f,0.1706f,0.0642f,0.2409f,0.8367f,0.4917f,-1.5821f,-0.0549f,0.5176f,-0.8539f,-0.3427f,0f,0f,0f,1f],start_interpolation: 0,interpolation_duration: 1}
$data merge entity $(bone_bone23) {transformation: [-0.9963f,-0.0055f,0.0853f,0.0625f,0.051f,0.7628f,0.6446f,-1.3437f,-0.0686f,0.6466f,-0.7597f,-0.1406f,0f,0f,0f,1f],start_interpolation: 0,interpolation_duration: 1}
$data merge entity $(bone_bone27) {transformation: [-0.9063f,-0.2215f,0.3599f,0.2755f,-0.082f,0.9277f,0.3643f,-1.6039f,-0.4146f,0.3007f,-0.8589f,-0.2897f,0f,0f,0f,1f],start_interpolation: 0,interpolation_duration: 1}
$data merge entity $(bone_bone26) {transformation: [-0.8561f,-0.2816f,0.4333f,0.1875f,0.0065f,0.8325f,0.554f,-1.3437f,-0.5167f,0.4771f,-0.7109f,-0.1406f,0f,0f,0f,1f],start_interpolation: 0,interpolation_duration: 1}
$data merge entity $(bone_bone30) {transformation: [-0.992f,-0.1265f,0f,0.4181f,-0.1265f,0.992f,0f,-1.6165f,0f,0f,-1f,0.0625f,0f,0f,0f,1f],start_interpolation: 0,interpolation_duration: 1}
$data merge entity $(bone_bone29) {transformation: [-0.8729f,-0.4878f,0f,0.2656f,-0.4878f,0.8729f,0f,-1.3437f,0f,0f,-1f,0.0625f,0f,0f,0f,1f],start_interpolation: 0,interpolation_duration: 1}
$data merge entity $(bone_bone33) {transformation: [-0.9408f,-0.2583f,-0.2197f,0.4428f,-0.264f,0.9645f,-0.0034f,-1.5989f,0.2127f,0.0548f,-0.9756f,-0.0967f,0f,0f,0f,1f],start_interpolation: 0,interpolation_duration: 1}
$data merge entity $(bone_bone32) {transformation: [-0.8237f,-0.5669f,-0.008f,0.2656f,-0.5632f,0.8164f,0.1276f,-1.3437f,-0.0658f,0.1096f,-0.9918f,-0.0625f,0f,0f,0f,1f],start_interpolation: 0,interpolation_duration: 1}
$data merge entity $(bone_bone36) {transformation: [-0.9649f,0.1316f,-0.2274f,-0.3841f,0.1654f,0.9767f,-0.1366f,-1.6185f,0.2041f,-0.1694f,-0.9642f,0.1528f,0f,0f,0f,1f],start_interpolation: 0,interpolation_duration: 1}
$data merge entity $(bone_bone35) {transformation: [-0.8152f,0.3791f,-0.4378f,-0.2656f,0.465f,0.8791f,-0.1047f,-1.3437f,0.3452f,-0.289f,-0.8929f,0.0625f,0f,0f,0f,1f],start_interpolation: 0,interpolation_duration: 1}
$data merge entity $(bone_bone39) {transformation: [-0.8333f,0.5311f,-0.1535f,-0.3836f,0.539f,0.8422f,-0.0124f,-1.6289f,0.1227f,-0.0931f,-0.9881f,-0.1119f,0f,0f,0f,1f],start_interpolation: 0,interpolation_duration: 1}
$data merge entity $(bone_bone38) {transformation: [-0.8743f,0.3776f,0.3049f,-0.2656f,0.4074f,0.9124f,0.0385f,-1.3437f,-0.2636f,0.1579f,-0.9516f,-0.0625f,0f,0f,0f,1f],start_interpolation: 0,interpolation_duration: 1}
$data merge entity $(bone_bone45) {transformation: [-0.9761f,0.1703f,-0.1349f,-0.3618f,0.167f,0.9853f,0.0355f,-0.8848f,0.139f,0.0121f,-0.9902f,-0.2355f,0f,0f,0f,1f],start_interpolation: 0,interpolation_duration: 1}
$data merge entity $(bone_bone44) {transformation: [-0.9723f,-0.0582f,-0.2262f,-0.38f,-0.1208f,0.9542f,0.2736f,-0.5866f,0.1999f,0.2933f,-0.9349f,-0.1438f,0f,0f,0f,1f],start_interpolation: 0,interpolation_duration: 1}
$data merge entity $(bone_bone48) {transformation: [-0.8305f,0.473f,-0.2943f,-0.6056f,0.5333f,0.8278f,-0.1743f,-1.1812f,0.1611f,-0.3017f,-0.9397f,0.0581f,0f,0f,0f,1f],start_interpolation: 0,interpolation_duration: 1}
$data merge entity $(bone_bone47) {transformation: [-0.8262f,0.2925f,-0.4815f,-0.4959f,0.3185f,0.9475f,0.0292f,-0.8259f,0.4648f,-0.1292f,-0.8759f,0.0097f,0f,0f,0f,1f],start_interpolation: 0,interpolation_duration: 1}
$data merge entity $(bone_3) {transformation: [-0.9509f,0.1864f,-0.2469f,-0.3389f,0.1695f,0.9816f,0.0883f,-0.727f,0.2588f,0.0421f,-0.965f,-0.0214f,0f,0f,0f,1f],start_interpolation: 0,interpolation_duration: 1}
$data merge entity $(bone_4) {transformation: [-0.9509f,0.1286f,-0.2814f,-0.4403f,0.1695f,0.9774f,-0.1262f,-0.9373f,0.2588f,-0.1677f,-0.9513f,-0.0147f,0f,0f,0f,1f],start_interpolation: 0,interpolation_duration: 1}
$data merge entity $(bone_bone42) {transformation: [-0.9605f,-0.2658f,0.0828f,0.4097f,-0.2182f,0.9033f,0.3693f,-0.8937f,-0.173f,0.3366f,-0.9256f,-0.1958f,0f,0f,0f,1f],start_interpolation: 0,interpolation_duration: 1}
$data merge entity $(bone_bone41) {transformation: [-0.977f,-0.1536f,0.1476f,0.3617f,-0.1244f,0.9738f,0.1904f,-0.5893f,-0.173f,0.1677f,-0.9705f,-0.1434f,0f,0f,0f,1f],start_interpolation: 0,interpolation_duration: 1}
$data merge entity $(bone_bone51) {transformation: [-0.8743f,-0.4484f,0.1859f,0.6246f,-0.376f,0.8678f,0.325f,-1.1744f,-0.3071f,0.2142f,-0.9273f,0.0585f,0f,0f,0f,1f],start_interpolation: 0,interpolation_duration: 1}
$data merge entity $(bone_bone50) {transformation: [-0.8975f,-0.3689f,0.2417f,0.4863f,-0.3952f,0.916f,-0.0691f,-0.8309f,-0.1959f,-0.1576f,-0.9679f,-0.0006f,0f,0f,0f,1f],start_interpolation: 0,interpolation_duration: 1}
$data merge entity $(bone_1) {transformation: [-0.9827f,-0.1379f,0.1235f,0.3308f,-0.1313f,0.9895f,0.0605f,-0.7256f,-0.1305f,0.0432f,-0.9905f,-0.0136f,0f,0f,0f,1f],start_interpolation: 0,interpolation_duration: 1}
$data merge entity $(bone_2) {transformation: [-0.9827f,-0.1012f,0.155f,0.3917f,-0.1313f,0.9714f,-0.1977f,-0.938f,-0.1305f,-0.2146f,-0.9679f,-0.0189f,0f,0f,0f,1f],start_interpolation: 0,interpolation_duration: 1}
$data merge entity $(bone_7) {transformation: [-0.9964f,0.0852f,-0.0039f,-0.1349f,0.0853f,0.9953f,-0.0453f,-1.5336f,0f,-0.0455f,-0.999f,0.0085f,0f,0f,0f,1f],start_interpolation: 0,interpolation_duration: 1}
$data merge entity $(bone_8) {transformation: [-0.9964f,0.0789f,0.0325f,-0.1468f,0.0853f,0.9212f,0.3796f,-1.673f,0f,0.381f,-0.9246f,0.0274f,0f,0f,0f,1f],start_interpolation: 0,interpolation_duration: 1}
$data merge entity $(bone_5) {transformation: [-0.9964f,-0.0852f,-0.0036f,0.1189f,-0.0853f,0.9955f,0.0416f,-1.3469f,0f,0.0417f,-0.9991f,0f,0f,0f,0f,1f],start_interpolation: 0,interpolation_duration: 1}
$data merge entity $(bone_6) {transformation: [-0.9964f,-0.0814f,-0.0255f,0.1477f,-0.0853f,0.9508f,0.2978f,-1.6832f,0f,0.2989f,-0.9543f,-0.0078f,0f,0f,0f,1f],start_interpolation: 0,interpolation_duration: 1}