# This file was generated by Animated Java via MC-Build. It is not recommended to edit this file directly.
$data merge entity $(bone_bone54) {transformation: [-0.9792f,0.1531f,0.1328f,-0.2019f,0.1969f,0.8742f,0.4438f,-0.8696f,-0.0482f,0.4607f,-0.8862f,-0.2837f,0f,0f,0f,1f],start_interpolation: 0,interpolation_duration: 1}
$data merge entity $(bone_bone53) {transformation: [-0.9877f,0.1503f,0.0424f,-0.1562f,0.1554f,0.9189f,0.3627f,-0.5937f,0.0155f,0.3648f,-0.9309f,-0.1406f,0f,0f,0f,1f],start_interpolation: 0,interpolation_duration: 1}
$data merge entity $(bone_bone57) {transformation: [-0.978f,0.0809f,0.1924f,0.1597f,0.0855f,0.9962f,0.0161f,-0.8909f,-0.1903f,0.0322f,-0.9812f,-0.2423f,0f,0f,0f,1f],start_interpolation: 0,interpolation_duration: 1}
$data merge entity $(bone_bone56) {transformation: [-0.9401f,0.0229f,0.34f,0.1563f,0.1005f,0.972f,0.2124f,-0.5937f,-0.3256f,0.2338f,-0.9161f,-0.1406f,0f,0f,0f,1f],start_interpolation: 0,interpolation_duration: 1}
$data merge entity $(bone_bone5) {transformation: [-0.9557f,0.2111f,0.2051f,-0.2232f,0.179f,0.9701f,-0.164f,-1.6487f,-0.2336f,-0.12f,-0.9649f,0.1728f,0f,0f,0f,1f],start_interpolation: 0,interpolation_duration: 1}
$data merge entity $(bone_bone2) {transformation: [-0.9557f,0.2286f,0.1854f,-0.1875f,0.179f,0.9515f,-0.2503f,-1.5f,-0.2336f,-0.206f,-0.9503f,0.1406f,0f,0f,0f,1f],start_interpolation: 0,interpolation_duration: 1}
$data merge entity $(bone_bone9) {transformation: [-0.995f,-0.0163f,0.099f,-0.0748f,0.0077f,0.9713f,0.2376f,-1.6399f,-0.1f,0.2372f,-0.9663f,0.2397f,0f,0f,0f,1f],start_interpolation: 0,interpolation_duration: 1}
$data merge entity $(bone_bone8) {transformation: [-0.995f,0.0392f,0.0923f,-0.0625f,0.0077f,0.9476f,-0.3194f,-1.3437f,-0.1f,-0.317f,-0.9431f,0.1406f,0f,0f,0f,1f],start_interpolation: 0,interpolation_duration: 1}
$data merge entity $(bone_bone12) {transformation: [-0.9963f,-0.0543f,-0.0669f,0.0842f,-0.0494f,0.9961f,-0.0728f,-1.6391f,0.0706f,-0.0692f,-0.9951f,0.2247f,0f,0f,0f,1f],start_interpolation: 0,interpolation_duration: 1}
$data merge entity $(bone_bone11) {transformation: [-0.9963f,-0.0695f,-0.051f,0.0625f,-0.0494f,0.9452f,-0.3227f,-1.3437f,0.0706f,-0.319f,-0.9451f,0.125f,0f,0f,0f,1f],start_interpolation: 0,interpolation_duration: 1}
$data merge entity $(bone_bone15) {transformation: [-0.9573f,-0.1586f,-0.2416f,0.2534f,-0.1549f,0.9873f,-0.0343f,-1.6411f,0.244f,0.0046f,-0.9698f,0.1948f,0f,0f,0f,1f],start_interpolation: 0,interpolation_duration: 1}
$data merge entity $(bone_bone14) {transformation: [-0.9573f,-0.2109f,-0.1976f,0.1875f,-0.1549f,0.9517f,-0.2652f,-1.3437f,0.244f,-0.2233f,-0.9437f,0.125f,0f,0f,0f,1f],start_interpolation: 0,interpolation_duration: 1}
$data merge entity $(bone_bone18) {transformation: [-0.8052f,0.5406f,-0.2438f,-0.2481f,0.2078f,0.6423f,0.7378f,-1.6282f,0.5554f,0.5434f,-0.6295f,-0.2549f,0f,0f,0f,1f],start_interpolation: 0,interpolation_duration: 1}
$data merge entity $(bone_bone17) {transformation: [-0.918f,0.1938f,-0.3461f,-0.1875f,0.0367f,0.9103f,0.4123f,-1.3437f,0.395f,0.3658f,-0.8427f,-0.1406f,0f,0f,0f,1f],start_interpolation: 0,interpolation_duration: 1}
$data merge entity $(bone_bone21) {transformation: [-0.9969f,-0.0672f,-0.0415f,-0.1038f,-0.0784f,0.9072f,0.4133f,-1.6037f,0.0098f,0.4152f,-0.9097f,-0.309f,0f,0f,0f,1f],start_interpolation: 0,interpolation_duration: 1}
$data merge entity $(bone_bone20) {transformation: [-0.8769f,0.1322f,-0.4621f,-0.0625f,-0.1553f,0.832f,0.5326f,-1.3437f,0.4549f,0.5388f,-0.7091f,-0.1406f,0f,0f,0f,1f],start_interpolation: 0,interpolation_duration: 1}
$data merge entity $(bone_bone24) {transformation: [-0.9688f,0.1766f,0.1741f,0.0636f,0.2416f,0.8306f,0.5017f,-1.5848f,-0.056f,0.5281f,-0.8473f,-0.3395f,0f,0f,0f,1f],start_interpolation: 0,interpolation_duration: 1}
$data merge entity $(bone_bone23) {transformation: [-0.9964f,-0.0034f,0.0846f,0.0625f,0.0512f,0.7715f,0.6342f,-1.3437f,-0.0675f,0.6363f,-0.7685f,-0.1406f,0f,0f,0f,1f],start_interpolation: 0,interpolation_duration: 1}
$data merge entity $(bone_bone27) {transformation: [-0.9017f,-0.23f,0.3662f,0.2758f,-0.0603f,0.9054f,0.4202f,-1.6029f,-0.4282f,0.3568f,-0.8303f,-0.2912f,0f,0f,0f,1f],start_interpolation: 0,interpolation_duration: 1}
$data merge entity $(bone_bone26) {transformation: [-0.8433f,-0.2827f,0.457f,0.1875f,0.0244f,0.8294f,0.5582f,-1.3437f,-0.5368f,0.4819f,-0.6925f,-0.1406f,0f,0f,0f,1f],start_interpolation: 0,interpolation_duration: 1}
$data merge entity $(bone_bone30) {transformation: [-0.9903f,-0.139f,0f,0.4157f,-0.139f,0.9903f,0f,-1.6178f,0f,0f,-1f,0.0625f,0f,0f,0f,1f],start_interpolation: 0,interpolation_duration: 1}
$data merge entity $(bone_bone29) {transformation: [-0.8771f,-0.4803f,0f,0.2656f,-0.4803f,0.8771f,0f,-1.3437f,0f,0f,-1f,0.0625f,0f,0f,0f,1f],start_interpolation: 0,interpolation_duration: 1}
$data merge entity $(bone_bone33) {transformation: [-0.9264f,-0.2968f,-0.2317f,0.4393f,-0.3033f,0.9529f,-0.0078f,-1.6011f,0.2231f,0.063f,-0.9727f,-0.0977f,0f,0f,0f,1f],start_interpolation: 0,interpolation_duration: 1}
$data merge entity $(bone_bone32) {transformation: [-0.8306f,-0.5558f,-0.0327f,0.2656f,-0.5556f,0.8236f,0.1137f,-1.3437f,-0.0363f,0.1126f,-0.993f,-0.0625f,0f,0f,0f,1f],start_interpolation: 0,interpolation_duration: 1}
$data merge entity $(bone_bone36) {transformation: [-0.9676f,0.1286f,-0.2171f,-0.384f,0.1572f,0.9803f,-0.1198f,-1.6187f,0.1974f,-0.15f,-0.9688f,0.152f,0f,0f,0f,1f],start_interpolation: 0,interpolation_duration: 1}
$data merge entity $(bone_bone35) {transformation: [-0.8067f,0.3789f,-0.4536f,-0.2656f,0.4658f,0.88f,-0.0933f,-1.3437f,0.3638f,-0.2865f,-0.8863f,0.0625f,0f,0f,0f,1f],start_interpolation: 0,interpolation_duration: 1}
$data merge entity $(bone_bone39) {transformation: [-0.8306f,0.5242f,-0.1878f,-0.3861f,0.5352f,0.8447f,-0.0094f,-1.6285f,0.1537f,-0.1083f,-0.9822f,-0.1078f,0f,0f,0f,1f],start_interpolation: 0,interpolation_duration: 1}
$data merge entity $(bone_bone38) {transformation: [-0.868f,0.3854f,0.3131f,-0.2656f,0.4114f,0.9113f,0.0186f,-1.3437f,-0.2782f,0.145f,-0.9495f,-0.0625f,0f,0f,0f,1f],start_interpolation: 0,interpolation_duration: 1}
$data merge entity $(bone_bone45) {transformation: [-0.9803f,0.1494f,-0.1291f,-0.3652f,0.1443f,0.9884f,0.0482f,-0.8845f,0.1348f,0.0287f,-0.9905f,-0.237f,0f,0f,0f,1f],start_interpolation: 0,interpolation_duration: 1}
$data merge entity $(bone_bone44) {transformation: [-0.9679f,-0.0474f,-0.2467f,-0.38f,-0.1176f,0.9534f,0.278f,-0.5866f,0.222f,0.2981f,-0.9284f,-0.1438f,0f,0f,0f,1f],start_interpolation: 0,interpolation_duration: 1}
$data merge entity $(bone_bone48) {transformation: [-0.8233f,0.4829f,-0.2984f,-0.6112f,0.5385f,0.8306f,-0.1417f,-1.179f,0.1794f,-0.2774f,-0.9439f,0.0608f,0f,0f,0f,1f],start_interpolation: 0,interpolation_duration: 1}
$data merge entity $(bone_bone47) {transformation: [-0.8124f,0.3069f,-0.4958f,-0.4961f,0.3338f,0.9419f,0.0361f,-0.8258f,0.4781f,-0.1362f,-0.8677f,0.0097f,0f,0f,0f,1f],start_interpolation: 0,interpolation_duration: 1}
$data merge entity $(bone_3) {transformation: [-0.9508f,0.1872f,-0.2468f,-0.339f,0.1703f,0.9814f,0.0885f,-0.7271f,0.2588f,0.0421f,-0.965f,-0.0214f,0f,0f,0f,1f],start_interpolation: 0,interpolation_duration: 1}
$data merge entity $(bone_4) {transformation: [-0.9508f,0.1293f,-0.2815f,-0.4405f,0.1703f,0.9773f,-0.126f,-0.9372f,0.2588f,-0.1677f,-0.9513f,-0.0147f,0f,0f,0f,1f],start_interpolation: 0,interpolation_duration: 1}
$data merge entity $(bone_bone42) {transformation: [-0.9634f,-0.2535f,0.0872f,0.4061f,-0.21f,0.9158f,0.3424f,-0.8939f,-0.1666f,0.3116f,-0.9355f,-0.1976f,0f,0f,0f,1f],start_interpolation: 0,interpolation_duration: 1}
$data merge entity $(bone_bone41) {transformation: [-0.98f,-0.1424f,0.139f,0.3617f,-0.1141f,0.9745f,0.1934f,-0.5894f,-0.163f,0.1737f,-0.9712f,-0.1434f,0f,0f,0f,1f],start_interpolation: 0,interpolation_duration: 1}
$data merge entity $(bone_bone51) {transformation: [-0.8893f,-0.4272f,0.1633f,0.6286f,-0.371f,0.8826f,0.2886f,-1.1727f,-0.2674f,0.1961f,-0.9434f,0.0587f,0f,0f,0f,1f],start_interpolation: 0,interpolation_duration: 1}
$data merge entity $(bone_bone50) {transformation: [-0.8996f,-0.3792f,0.2167f,0.4864f,-0.4033f,0.9117f,-0.0787f,-0.8308f,-0.1677f,-0.1582f,-0.9731f,-0.0006f,0f,0f,0f,1f],start_interpolation: 0,interpolation_duration: 1}
$data merge entity $(bone_1) {transformation: [-0.9826f,-0.1387f,0.1234f,0.3309f,-0.132f,0.9894f,0.0606f,-0.7257f,-0.1305f,0.0432f,-0.9905f,-0.0136f,0f,0f,0f,1f],start_interpolation: 0,interpolation_duration: 1}
$data merge entity $(bone_2) {transformation: [-0.9826f,-0.102f,0.1551f,0.392f,-0.132f,0.9714f,-0.1975f,-0.938f,-0.1305f,-0.2146f,-0.9679f,-0.0189f,0f,0f,0f,1f],start_interpolation: 0,interpolation_duration: 1}
$data merge entity $(bone_7) {transformation: [-0.9964f,0.0844f,-0.0039f,-0.1347f,0.0845f,0.9954f,-0.0461f,-1.5335f,0f,-0.0463f,-0.9989f,0.0087f,0f,0f,0f,1f],start_interpolation: 0,interpolation_duration: 1}
$data merge entity $(bone_8) {transformation: [-0.9964f,0.0782f,0.0321f,-0.1465f,0.0845f,0.9216f,0.3789f,-1.6729f,0f,0.3802f,-0.9249f,0.0277f,0f,0f,0f,1f],start_interpolation: 0,interpolation_duration: 1}
$data merge entity $(bone_5) {transformation: [-0.9964f,-0.0844f,-0.0035f,0.1189f,-0.0845f,0.9956f,0.0408f,-1.3469f,0f,0.041f,-0.9992f,0f,0f,0f,0f,1f],start_interpolation: 0,interpolation_duration: 1}
$data merge entity $(bone_6) {transformation: [-0.9964f,-0.0807f,-0.0252f,0.1474f,-0.0845f,0.9511f,0.2971f,-1.6832f,0f,0.2982f,-0.9545f,-0.0076f,0f,0f,0f,1f],start_interpolation: 0,interpolation_duration: 1}