# This file was generated by Animated Java via MC-Build. It is not recommended to edit this file directly.
$data merge entity $(bone_bone54) {transformation: [-0.9821f,0.1295f,0.1368f,-0.1974f,0.1759f,0.8902f,0.4202f,1.2242f,-0.0674f,0.4368f,-0.897f,-0.285f,0f,0f,0f,1f],start_interpolation: 0,interpolation_duration: 1}
$data merge entity $(bone_bone53) {transformation: [-0.9888f,0.1374f,0.0587f,-0.1562f,0.1494f,0.9191f,0.3645f,1.5f,-0.0039f,0.3692f,-0.9293f,-0.1406f,0f,0f,0f,1f],start_interpolation: 0,interpolation_duration: 1}
$data merge entity $(bone_bone57) {transformation: [-0.9809f,0.0927f,0.1709f,0.1605f,0.0954f,0.9954f,0.0076f,1.2045f,-0.1694f,0.0238f,-0.9853f,-0.2468f,0f,0f,0f,1f],start_interpolation: 0,interpolation_duration: 1}
$data merge entity $(bone_bone56) {transformation: [-0.9461f,0.0187f,0.3233f,0.1563f,0.0973f,0.9686f,0.2288f,1.5f,-0.3088f,0.248f,-0.9182f,-0.1406f,0f,0f,0f,1f],start_interpolation: 0,interpolation_duration: 1}
$data merge entity $(bone_bone5) {transformation: [-0.953f,0.2089f,0.2194f,-0.2223f,0.1686f,0.9674f,-0.1887f,0.4448f,-0.2517f,-0.1428f,-0.9572f,0.1724f,0f,0f,0f,1f],start_interpolation: 0,interpolation_duration: 1}
$data merge entity $(bone_bone2) {transformation: [-0.953f,0.2225f,0.2056f,-0.1875f,0.1686f,0.9534f,-0.2501f,0.5938f,-0.2517f,-0.2037f,-0.9461f,0.1406f,0f,0f,0f,1f],start_interpolation: 0,interpolation_duration: 1}
$data merge entity $(bone_bone9) {transformation: [-0.9931f,-0.0168f,0.1162f,-0.0766f,0.0074f,0.9787f,0.2053f,0.4545f,-0.1171f,0.2048f,-0.9718f,0.2412f,0f,0f,0f,1f],start_interpolation: 0,interpolation_duration: 1}
$data merge entity $(bone_bone8) {transformation: [-0.9931f,0.045f,0.1084f,-0.0625f,0.0074f,0.9457f,-0.3249f,0.75f,-0.1171f,-0.3218f,-0.9395f,0.1406f,0f,0f,0f,1f],start_interpolation: 0,interpolation_duration: 1}
$data merge entity $(bone_bone12) {transformation: [-0.995f,-0.0474f,-0.0876f,0.0828f,-0.0379f,0.9935f,-0.1071f,0.4538f,0.0921f,-0.1033f,-0.9904f,0.2224f,0f,0f,0f,1f],start_interpolation: 0,interpolation_duration: 1}
$data merge entity $(bone_bone11) {transformation: [-0.995f,-0.065f,-0.0755f,0.0625f,-0.0379f,0.948f,-0.3161f,0.75f,0.0921f,-0.3117f,-0.9457f,0.125f,0f,0f,0f,1f],start_interpolation: 0,interpolation_duration: 1}
$data merge entity $(bone_bone15) {transformation: [-0.9559f,-0.1539f,-0.2502f,0.253f,-0.1504f,0.9881f,-0.0331f,0.4528f,0.2523f,0.0059f,-0.9676f,0.1959f,0f,0f,0f,1f],start_interpolation: 0,interpolation_duration: 1}
$data merge entity $(bone_bone14) {transformation: [-0.9559f,-0.2095f,-0.2058f,0.1875f,-0.1504f,0.9511f,-0.2697f,0.75f,0.2523f,-0.2268f,-0.9407f,0.125f,0f,0f,0f,1f],start_interpolation: 0,interpolation_duration: 1}
$data merge entity $(bone_bone18) {transformation: [-0.8062f,0.5268f,-0.2695f,-0.2487f,0.1859f,0.6579f,0.7298f,0.4672f,0.5617f,0.5382f,-0.6283f,-0.2588f,0f,0f,0f,1f],start_interpolation: 0,interpolation_duration: 1}
$data merge entity $(bone_bone17) {transformation: [-0.9131f,0.1958f,-0.3577f,-0.1875f,0.0276f,0.9048f,0.4249f,0.75f,0.4069f,0.3781f,-0.8316f,-0.1406f,0f,0f,0f,1f],start_interpolation: 0,interpolation_duration: 1}
$data merge entity $(bone_bone21) {transformation: [-0.9979f,-0.0622f,-0.0198f,-0.1075f,-0.065f,0.9152f,0.3976f,0.4928f,-0.0066f,0.3981f,-0.9173f,-0.3124f,0f,0f,0f,1f],start_interpolation: 0,interpolation_duration: 1}
$data merge entity $(bone_bone20) {transformation: [-0.887f,0.1439f,-0.4387f,-0.0625f,-0.1389f,0.823f,0.5509f,0.75f,0.4403f,0.5496f,-0.71f,-0.1406f,0f,0f,0f,1f],start_interpolation: 0,interpolation_duration: 1}
$data merge entity $(bone_bone24) {transformation: [-0.9687f,0.174f,0.1771f,0.0629f,0.2416f,0.8245f,0.5116f,0.5061f,-0.057f,0.5384f,-0.8408f,-0.336f,0f,0f,0f,1f],start_interpolation: 0,interpolation_duration: 1}
$data merge entity $(bone_bone23) {transformation: [-0.9965f,-0.0013f,0.0834f,0.0625f,0.0511f,0.7805f,0.623f,0.75f,-0.0659f,0.6251f,-0.7778f,-0.1406f,0f,0f,0f,1f],start_interpolation: 0,interpolation_duration: 1}
$data merge entity $(bone_bone27) {transformation: [-0.8958f,-0.2408f,0.3737f,0.2762f,-0.037f,0.878f,0.4773f,0.4918f,-0.443f,0.4137f,-0.7954f,-0.2926f,0f,0f,0f,1f],start_interpolation: 0,interpolation_duration: 1}
$data merge entity $(bone_bone26) {transformation: [-0.8286f,-0.2839f,0.4826f,0.1875f,0.0438f,0.8264f,0.5614f,0.75f,-0.5582f,0.4863f,-0.6722f,-0.1406f,0f,0f,0f,1f],start_interpolation: 0,interpolation_duration: 1}
$data merge entity $(bone_bone30) {transformation: [-0.9882f,-0.1529f,0f,0.413f,-0.1529f,0.9882f,0f,0.4744f,0f,0f,-1f,0.0625f,0f,0f,0f,1f],start_interpolation: 0,interpolation_duration: 1}
$data merge entity $(bone_bone29) {transformation: [-0.8818f,-0.4716f,0f,0.2656f,-0.4716f,0.8818f,0f,0.75f,0f,0f,-1f,0.0625f,0f,0f,0f,1f],start_interpolation: 0,interpolation_duration: 1}
$data merge entity $(bone_bone33) {transformation: [-0.9094f,-0.3367f,-0.2443f,0.4355f,-0.345f,0.9386f,-0.0092f,0.4902f,0.2324f,0.0759f,-0.9696f,-0.0987f,0f,0f,0f,1f],start_interpolation: 0,interpolation_duration: 1}
$data merge entity $(bone_bone32) {transformation: [-0.8373f,-0.5437f,-0.0587f,0.2656f,-0.5468f,0.8313f,0.1f,0.75f,-0.0056f,0.1158f,-0.9933f,-0.0625f,0f,0f,0f,1f],start_interpolation: 0,interpolation_duration: 1}
$data merge entity $(bone_bone36) {transformation: [-0.9701f,0.1263f,-0.2071f,-0.3839f,0.15f,0.9833f,-0.1029f,0.4746f,0.1906f,-0.1309f,-0.9729f,0.1511f,0f,0f,0f,1f],start_interpolation: 0,interpolation_duration: 1}
$data merge entity $(bone_bone35) {transformation: [-0.7977f,0.3785f,-0.4694f,-0.2656f,0.4658f,0.8812f,-0.0812f,0.75f,0.3829f,-0.2834f,-0.8792f,0.0625f,0f,0f,0f,1f],start_interpolation: 0,interpolation_duration: 1}
$data merge entity $(bone_bone39) {transformation: [-0.8269f,0.5171f,-0.2212f,-0.3886f,0.5315f,0.8471f,-0.0065f,0.4657f,0.184f,-0.1229f,-0.9752f,-0.1037f,0f,0f,0f,1f],start_interpolation: 0,interpolation_duration: 1}
$data merge entity $(bone_bone38) {transformation: [-0.8615f,0.3935f,0.3208f,-0.2656f,0.415f,0.9098f,-0.0014f,0.75f,-0.2925f,0.1319f,-0.9471f,-0.0625f,0f,0f,0f,1f],start_interpolation: 0,interpolation_duration: 1}
$data merge entity $(bone_bone45) {transformation: [-0.984f,0.1287f,-0.1229f,-0.3693f,0.1214f,0.9905f,0.0651f,1.2095f,0.1301f,0.0491f,-0.9903f,-0.2385f,0f,0f,0f,1f],start_interpolation: 0,interpolation_duration: 1}
$data merge entity $(bone_bone44) {transformation: [-0.9631f,-0.0342f,-0.267f,-0.38f,-0.1124f,0.9524f,0.2834f,1.5071f,0.2446f,0.3029f,-0.9211f,-0.1438f,0f,0f,0f,1f],start_interpolation: 0,interpolation_duration: 1}
$data merge entity $(bone_bone48) {transformation: [-0.8159f,0.4932f,-0.3018f,-0.6172f,0.5428f,0.8332f,-0.1054f,0.9172f,0.1995f,-0.2498f,-0.9475f,0.0636f,0f,0f,0f,1f],start_interpolation: 0,interpolation_duration: 1}
$data merge entity $(bone_bone47) {transformation: [-0.7973f,0.3223f,-0.5104f,-0.4963f,0.3501f,0.9357f,0.044f,1.2681f,0.4917f,-0.1436f,-0.8588f,0.0097f,0f,0f,0f,1f],start_interpolation: 0,interpolation_duration: 1}
$data merge entity $(bone_3) {transformation: [-0.9507f,0.1881f,-0.2468f,-0.3391f,0.1711f,0.9813f,0.0887f,1.3667f,0.2588f,0.0421f,-0.965f,-0.0214f,0f,0f,0f,1f],start_interpolation: 0,interpolation_duration: 1}
$data merge entity $(bone_4) {transformation: [-0.9507f,0.1302f,-0.2816f,-0.4408f,0.1711f,0.9772f,-0.1258f,1.1566f,0.2588f,-0.1677f,-0.9513f,-0.0147f,0f,0f,0f,1f],start_interpolation: 0,interpolation_duration: 1}
$data merge entity $(bone_bone42) {transformation: [-0.9667f,-0.2394f,0.0905f,0.4024f,-0.2006f,0.9284f,0.3127f,1.1998f,-0.1589f,0.2841f,-0.9455f,-0.1999f,0f,0f,0f,1f],start_interpolation: 0,interpolation_duration: 1}
$data merge entity $(bone_bone41) {transformation: [-0.9832f,-0.1303f,0.128f,0.3616f,-0.1035f,0.9748f,0.1976f,1.5044f,-0.1506f,0.181f,-0.9719f,-0.1434f,0f,0f,0f,1f],start_interpolation: 0,interpolation_duration: 1}
$data merge entity $(bone_bone51) {transformation: [-0.9039f,-0.405f,0.1376f,0.633f,-0.3643f,0.8975f,0.2484f,0.9229f,-0.2241f,0.1743f,-0.9588f,0.0587f,0f,0f,0f,1f],start_interpolation: 0,interpolation_duration: 1}
$data merge entity $(bone_bone50) {transformation: [-0.901f,-0.3902f,0.1895f,0.4866f,-0.4115f,0.9071f,-0.0889f,1.2631f,-0.1372f,-0.1581f,-0.9778f,-0.0006f,0f,0f,0f,1f],start_interpolation: 0,interpolation_duration: 1}
$data merge entity $(bone_1) {transformation: [-0.9825f,-0.1396f,0.1234f,0.331f,-0.1329f,0.9893f,0.0607f,1.368f,-0.1305f,0.0432f,-0.9905f,-0.0136f,0f,0f,0f,1f],start_interpolation: 0,interpolation_duration: 1}
$data merge entity $(bone_2) {transformation: [-0.9825f,-0.1029f,0.1553f,0.3923f,-0.1329f,0.9713f,-0.1974f,1.1558f,-0.1305f,-0.2146f,-0.9679f,-0.0189f,0f,0f,0f,1f],start_interpolation: 0,interpolation_duration: 1}
$data merge entity $(bone_7) {transformation: [-0.9965f,0.0835f,-0.0039f,-0.1345f,0.0836f,0.9954f,-0.047f,0.5602f,0f,-0.0472f,-0.9989f,0.0088f,0f,0f,0f,1f],start_interpolation: 0,interpolation_duration: 1}
$data merge entity $(bone_8) {transformation: [-0.9965f,0.0774f,0.0317f,-0.1462f,0.0836f,0.922f,0.3781f,0.4208f,0f,0.3794f,-0.9252f,0.028f,0f,0f,0f,1f],start_interpolation: 0,interpolation_duration: 1}
$data merge entity $(bone_5) {transformation: [-0.9965f,-0.0836f,-0.0034f,0.1189f,-0.0836f,0.9957f,0.0399f,0.7469f,0f,0.0401f,-0.9992f,0f,0f,0f,0f,1f],start_interpolation: 0,interpolation_duration: 1}
$data merge entity $(bone_6) {transformation: [-0.9965f,-0.0798f,-0.0249f,0.1471f,-0.0836f,0.9514f,0.2963f,0.4106f,0f,0.2973f,-0.9548f,-0.0073f,0f,0f,0f,1f],start_interpolation: 0,interpolation_duration: 1}