# This file was generated by Animated Java via MC-Build. It is not recommended to edit this file directly.
$data merge entity $(bone_bone54) {transformation: [-0.9842f,0.1052f,0.1427f,-0.1925f,0.154f,0.906f,0.3942f,-0.8695f,-0.0878f,0.4099f,-0.9079f,-0.2864f,0f,0f,0f,1f],start_interpolation: 0,interpolation_duration: 1}
$data merge entity $(bone_bone53) {transformation: [-0.9895f,0.1234f,0.0749f,-0.1562f,0.1424f,0.9192f,0.3671f,-0.5937f,-0.0235f,0.3739f,-0.9272f,-0.1406f,0f,0f,0f,1f],start_interpolation: 0,interpolation_duration: 1}
$data merge entity $(bone_bone57) {transformation: [-0.9836f,0.1042f,0.1475f,0.1611f,0.1053f,0.9944f,-0.0001f,-0.8876f,-0.1467f,0.0154f,-0.9891f,-0.2514f,0f,0f,0f,1f],start_interpolation: 0,interpolation_duration: 1}
$data merge entity $(bone_bone56) {transformation: [-0.9521f,0.015f,0.3054f,0.1563f,0.094f,0.9648f,0.2456f,-0.5937f,-0.2909f,0.2626f,-0.92f,-0.1406f,0f,0f,0f,1f],start_interpolation: 0,interpolation_duration: 1}
$data merge entity $(bone_bone5) {transformation: [-0.9496f,0.2075f,0.2349f,-0.2212f,0.1575f,0.9639f,-0.2146f,-1.6493f,-0.2709f,-0.1668f,-0.948f,0.1721f,0f,0f,0f,1f],start_interpolation: 0,interpolation_duration: 1}
$data merge entity $(bone_bone2) {transformation: [-0.9496f,0.2159f,0.2272f,-0.1875f,0.1575f,0.9555f,-0.2495f,-1.5f,-0.2709f,-0.2011f,-0.9414f,0.1406f,0f,0f,0f,1f],start_interpolation: 0,interpolation_duration: 1}
$data merge entity $(bone_bone9) {transformation: [-0.9908f,-0.0161f,0.1346f,-0.0786f,0.0071f,0.9853f,0.1706f,-1.6387f,-0.1354f,0.17f,-0.9761f,0.2428f,0f,0f,0f,1f],start_interpolation: 0,interpolation_duration: 1}
$data merge entity $(bone_bone8) {transformation: [-0.9908f,0.0514f,0.1254f,-0.0625f,0.0071f,0.9437f,-0.3308f,-1.3437f,-0.1354f,-0.3268f,-0.9353f,0.1406f,0f,0f,0f,1f],start_interpolation: 0,interpolation_duration: 1}
$data merge entity $(bone_bone12) {transformation: [-0.993f,-0.0417f,-0.1101f,0.0812f,-0.0257f,0.9894f,-0.1431f,-1.6409f,0.1149f,-0.1393f,-0.9836f,0.2199f,0f,0f,0f,1f],start_interpolation: 0,interpolation_duration: 1}
$data merge entity $(bone_bone11) {transformation: [-0.993f,-0.0597f,-0.1015f,0.0625f,-0.0257f,0.9509f,-0.3084f,-1.3437f,0.1149f,-0.3037f,-0.9458f,0.125f,0f,0f,0f,1f],start_interpolation: 0,interpolation_duration: 1}
$data merge entity $(bone_bone15) {transformation: [-0.9542f,-0.1489f,-0.2593f,0.2526f,-0.1457f,0.9888f,-0.0318f,-1.6408f,0.2612f,0.0074f,-0.9653f,0.1971f,0f,0f,0f,1f],start_interpolation: 0,interpolation_duration: 1}
$data merge entity $(bone_bone14) {transformation: [-0.9542f,-0.2082f,-0.2147f,0.1875f,-0.1457f,0.9505f,-0.2744f,-1.3437f,0.2612f,-0.2306f,-0.9373f,0.125f,0f,0f,0f,1f],start_interpolation: 0,interpolation_duration: 1}
$data merge entity $(bone_bone18) {transformation: [-0.8074f,0.5103f,-0.2962f,-0.2496f,0.1629f,0.6753f,0.7194f,-1.6247f,0.5671f,0.5325f,-0.6283f,-0.2625f,0f,0f,0f,1f],start_interpolation: 0,interpolation_duration: 1}
$data merge entity $(bone_bone17) {transformation: [-0.9075f,0.1989f,-0.3701f,-0.1875f,0.0186f,0.8991f,0.4374f,-1.3437f,0.4197f,0.3901f,-0.8196f,-0.1406f,0f,0f,0f,1f],start_interpolation: 0,interpolation_duration: 1}
$data merge entity $(bone_bone21) {transformation: [-0.9985f,-0.0555f,0.0035f,-0.1111f,-0.05f,0.9233f,0.3809f,-1.5979f,-0.0244f,0.3801f,-0.9246f,-0.3159f,0f,0f,0f,1f],start_interpolation: 0,interpolation_duration: 1}
$data merge entity $(bone_bone20) {transformation: [-0.8976f,0.1555f,-0.4124f,-0.0625f,-0.1207f,0.8132f,0.5693f,-1.3437f,0.4239f,0.5608f,-0.7112f,-0.1406f,0f,0f,0f,1f],start_interpolation: 0,interpolation_duration: 1}
$data merge entity $(bone_bone24) {transformation: [-0.9688f,0.1708f,0.1796f,0.0623f,0.241f,0.8185f,0.5214f,-1.5906f,-0.058f,0.5484f,-0.8342f,-0.3323f,0f,0f,0f,1f],start_interpolation: 0,interpolation_duration: 1}
$data merge entity $(bone_bone23) {transformation: [-0.9967f,0.0008f,0.0817f,0.0625f,0.0507f,0.7899f,0.6112f,-1.3437f,-0.0641f,0.6133f,-0.7873f,-0.1406f,0f,0f,0f,1f],start_interpolation: 0,interpolation_duration: 1}
$data merge entity $(bone_bone27) {transformation: [-0.8886f,-0.2543f,0.3818f,0.2767f,-0.0126f,0.8454f,0.5339f,-1.6012f,-0.4586f,0.4696f,-0.7544f,-0.2938f,0f,0f,0f,1f],start_interpolation: 0,interpolation_duration: 1}
$data merge entity $(bone_bone26) {transformation: [-0.8119f,-0.2853f,0.5094f,0.1875f,0.064f,0.8237f,0.5634f,-1.3437f,-0.5803f,0.49f,-0.6504f,-0.1406f,0f,0f,0f,1f],start_interpolation: 0,interpolation_duration: 1}
$data merge entity $(bone_bone30) {transformation: [-0.9858f,-0.1678f,0f,0.4099f,-0.1678f,0.9858f,0f,-1.6209f,0f,0f,-1f,0.0625f,0f,0f,0f,1f],start_interpolation: 0,interpolation_duration: 1}
$data merge entity $(bone_bone29) {transformation: [-0.887f,-0.4617f,0f,0.2656f,-0.4617f,0.887f,0f,-1.3437f,0f,0f,-1f,0.0625f,0f,0f,0f,1f],start_interpolation: 0,interpolation_duration: 1}
$data merge entity $(bone_bone33) {transformation: [-0.8897f,-0.3767f,-0.2579f,0.4314f,-0.388f,0.9216f,-0.0076f,-1.606f,0.2405f,0.0933f,-0.9662f,-0.0997f,0f,0f,0f,1f],start_interpolation: 0,interpolation_duration: 1}
$data merge entity $(bone_bone32) {transformation: [-0.8433f,-0.5305f,-0.0856f,0.2656f,-0.5368f,0.8393f,0.0867f,-1.3437f,0.0258f,0.1191f,-0.9926f,-0.0625f,0f,0f,0f,1f],start_interpolation: 0,interpolation_duration: 1}
$data merge entity $(bone_bone36) {transformation: [-0.9723f,0.1247f,-0.1974f,-0.3837f,0.144f,0.9858f,-0.0863f,-1.6196f,0.1839f,-0.1123f,-0.9765f,0.1499f,0f,0f,0f,1f],start_interpolation: 0,interpolation_duration: 1}
$data merge entity $(bone_bone35) {transformation: [-0.7886f,0.3779f,-0.4851f,-0.2656f,0.4651f,0.8826f,-0.0687f,-1.3437f,0.4022f,-0.2798f,-0.8717f,0.0625f,0f,0f,0f,1f],start_interpolation: 0,interpolation_duration: 1}
$data merge entity $(bone_bone39) {transformation: [-0.822f,0.5099f,-0.2536f,-0.3911f,0.5279f,0.8493f,-0.0037f,-1.6275f,0.2135f,-0.1369f,-0.9673f,-0.0996f,0f,0f,0f,1f],start_interpolation: 0,interpolation_duration: 1}
$data merge entity $(bone_bone38) {transformation: [-0.8551f,0.4016f,0.328f,-0.2656f,0.4182f,0.9081f,-0.0214f,-1.3437f,-0.3064f,0.1188f,-0.9444f,-0.0625f,0f,0f,0f,1f],start_interpolation: 0,interpolation_duration: 1}
$data merge entity $(bone_bone45) {transformation: [-0.9873f,0.1083f,-0.1165f,-0.3741f,0.0986f,0.9914f,0.0857f,-0.8839f,0.1248f,0.0732f,-0.9895f,-0.24f,0f,0f,0f,1f],start_interpolation: 0,interpolation_duration: 1}
$data merge entity $(bone_bone44) {transformation: [-0.9578f,-0.0189f,-0.2867f,-0.38f,-0.1055f,0.9513f,0.2897f,-0.5866f,0.2673f,0.3077f,-0.9132f,-0.1438f,0f,0f,0f,1f],start_interpolation: 0,interpolation_duration: 1}
$data merge entity $(bone_bone48) {transformation: [-0.8081f,0.5042f,-0.3045f,-0.6234f,0.546f,0.8352f,-0.066f,-1.1738f,0.221f,-0.2195f,-0.9502f,0.0664f,0f,0f,0f,1f],start_interpolation: 0,interpolation_duration: 1}
$data merge entity $(bone_bone47) {transformation: [-0.7809f,0.3385f,-0.525f,-0.4965f,0.367f,0.9287f,0.0529f,-0.8256f,0.5055f,-0.1514f,-0.8495f,0.0097f,0f,0f,0f,1f],start_interpolation: 0,interpolation_duration: 1}
$data merge entity $(bone_3) {transformation: [-0.9505f,0.1891f,-0.2467f,-0.3392f,0.172f,0.9811f,0.089f,-0.7271f,0.2588f,0.0421f,-0.965f,-0.0214f,0f,0f,0f,1f],start_interpolation: 0,interpolation_duration: 1}
$data merge entity $(bone_4) {transformation: [-0.9505f,0.1312f,-0.2817f,-0.4412f,0.172f,0.9771f,-0.1255f,-0.9371f,0.2588f,-0.1677f,-0.9513f,-0.0147f,0f,0f,0f,1f],start_interpolation: 0,interpolation_duration: 1}
$data merge entity $(bone_bone42) {transformation: [-0.9702f,-0.224f,0.0925f,0.3984f,-0.1904f,0.9407f,0.2808f,-0.894f,-0.1499f,0.2548f,-0.9553f,-0.2026f,0f,0f,0f,1f],start_interpolation: 0,interpolation_duration: 1}
$data merge entity $(bone_bone41) {transformation: [-0.9864f,-0.1176f,0.1152f,0.3616f,-0.0925f,0.9748f,0.2028f,-0.5894f,-0.1362f,0.1894f,-0.9724f,-0.1434f,0f,0f,0f,1f],start_interpolation: 0,interpolation_duration: 1}
$data merge entity $(bone_bone51) {transformation: [-0.9174f,-0.3828f,0.1092f,0.6375f,-0.356f,0.9117f,0.2049f,-1.1689f,-0.178f,0.1491f,-0.9727f,0.0584f,0f,0f,0f,1f],start_interpolation: 0,interpolation_duration: 1}
$data merge entity $(bone_bone50) {transformation: [-0.9016f,-0.4017f,0.1607f,0.4869f,-0.4197f,0.9022f,-0.0996f,-0.8306f,-0.105f,-0.1573f,-0.982f,-0.0006f,0f,0f,0f,1f],start_interpolation: 0,interpolation_duration: 1}
$data merge entity $(bone_1) {transformation: [-0.9824f,-0.1405f,0.1233f,0.3312f,-0.1339f,0.9891f,0.0608f,-0.7258f,-0.1305f,0.0432f,-0.9905f,-0.0136f,0f,0f,0f,1f],start_interpolation: 0,interpolation_duration: 1}
$data merge entity $(bone_2) {transformation: [-0.9824f,-0.1038f,0.1555f,0.3926f,-0.1339f,0.9712f,-0.1973f,-0.9379f,-0.1305f,-0.2146f,-0.9679f,-0.0189f,0f,0f,0f,1f],start_interpolation: 0,interpolation_duration: 1}
$data merge entity $(bone_7) {transformation: [-0.9966f,0.0825f,-0.004f,-0.1344f,0.0826f,0.9954f,-0.048f,-1.5335f,0f,-0.0482f,-0.9988f,0.009f,0f,0f,0f,1f],start_interpolation: 0,interpolation_duration: 1}
$data merge entity $(bone_8) {transformation: [-0.9966f,0.0765f,0.0313f,-0.1459f,0.0826f,0.9224f,0.3772f,-1.6729f,0f,0.3785f,-0.9256f,0.0283f,0f,0f,0f,1f],start_interpolation: 0,interpolation_duration: 1}
$data merge entity $(bone_5) {transformation: [-0.9966f,-0.0826f,-0.0032f,0.1189f,-0.0826f,0.9958f,0.039f,-1.3468f,0f,0.0391f,-0.9992f,0f,0f,0f,0f,1f],start_interpolation: 0,interpolation_duration: 1}
$data merge entity $(bone_6) {transformation: [-0.9966f,-0.0789f,-0.0245f,0.1468f,-0.0826f,0.9518f,0.2954f,-1.6832f,0f,0.2964f,-0.9551f,-0.0069f,0f,0f,0f,1f],start_interpolation: 0,interpolation_duration: 1}