# This file was generated by Animated Java via MC-Build. It is not recommended to edit this file directly.
$data merge entity $(bone_bone54) {transformation: [-0.9853f,0.0808f,0.1506f,-0.1873f,0.1315f,0.9212f,0.3662f,-0.8694f,-0.1092f,0.3806f,-0.9183f,-0.2879f,0f,0f,0f,1f],start_interpolation: 0,interpolation_duration: 1}
$data merge entity $(bone_bone53) {transformation: [-0.99f,0.1083f,0.0906f,-0.1562f,0.1345f,0.9191f,0.3703f,-0.5937f,-0.0432f,0.3788f,-0.9245f,-0.1406f,0f,0f,0f,1f],start_interpolation: 0,interpolation_duration: 1}
$data merge entity $(bone_bone57) {transformation: [-0.9857f,0.1153f,0.1227f,0.1615f,0.1153f,0.9933f,-0.0071f,-0.8858f,-0.1227f,0.0072f,-0.9924f,-0.2561f,0f,0f,0f,1f],start_interpolation: 0,interpolation_duration: 1}
$data merge entity $(bone_bone56) {transformation: [-0.958f,0.0118f,0.2866f,0.1563f,0.0903f,0.9607f,0.2625f,-0.5937f,-0.2723f,0.2774f,-0.9214f,-0.1406f,0f,0f,0f,1f],start_interpolation: 0,interpolation_duration: 1}
$data merge entity $(bone_bone5) {transformation: [-0.9456f,0.207f,0.2511f,-0.2201f,0.146f,0.9594f,-0.2411f,-1.6496f,-0.2909f,-0.1913f,-0.9374f,0.1716f,0f,0f,0f,1f],start_interpolation: 0,interpolation_duration: 1}
$data merge entity $(bone_bone2) {transformation: [-0.9456f,0.2089f,0.2496f,-0.1875f,0.146f,0.9576f,-0.2484f,-1.5f,-0.2909f,-0.1984f,-0.936f,0.1406f,0f,0f,0f,1f],start_interpolation: 0,interpolation_duration: 1}
$data merge entity $(bone_bone9) {transformation: [-0.988f,-0.0141f,0.1539f,-0.0807f,0.0068f,0.9909f,0.1342f,-1.638f,-0.1543f,0.1336f,-0.9789f,0.2443f,0f,0f,0f,1f],start_interpolation: 0,interpolation_duration: 1}
$data merge entity $(bone_bone8) {transformation: [-0.988f,0.0583f,0.1431f,-0.0625f,0.0068f,0.9415f,-0.3369f,-1.3437f,-0.1543f,-0.3319f,-0.9306f,0.1406f,0f,0f,0f,1f],start_interpolation: 0,interpolation_duration: 1}
$data merge entity $(bone_bone12) {transformation: [-0.9902f,-0.0375f,-0.1342f,0.0793f,-0.0129f,0.9836f,-0.1798f,-1.6419f,0.1387f,-0.1764f,-0.9745f,0.2172f,0f,0f,0f,1f],start_interpolation: 0,interpolation_duration: 1}
$data merge entity $(bone_bone11) {transformation: [-0.9902f,-0.0538f,-0.1285f,0.0625f,-0.0129f,0.9539f,-0.2998f,-1.3437f,0.1387f,-0.2952f,-0.9453f,0.125f,0f,0f,0f,1f],start_interpolation: 0,interpolation_duration: 1}
$data merge entity $(bone_bone15) {transformation: [-0.9524f,-0.1437f,-0.2689f,0.2522f,-0.1407f,0.9896f,-0.0303f,-1.6406f,0.2704f,0.0089f,-0.9627f,0.1983f,0f,0f,0f,1f],start_interpolation: 0,interpolation_duration: 1}
$data merge entity $(bone_bone14) {transformation: [-0.9524f,-0.2069f,-0.2239f,0.1875f,-0.1407f,0.9499f,-0.2792f,-1.3437f,0.2704f,-0.2345f,-0.9338f,0.125f,0f,0f,0f,1f],start_interpolation: 0,interpolation_duration: 1}
$data merge entity $(bone_bone18) {transformation: [-0.8087f,0.4916f,-0.3231f,-0.2509f,0.1393f,0.6937f,0.7067f,-1.6229f,0.5715f,0.5265f,-0.6294f,-0.2661f,0f,0f,0f,1f],start_interpolation: 0,interpolation_duration: 1}
$data merge entity $(bone_bone17) {transformation: [-0.9012f,0.2028f,-0.383f,-0.1875f,0.0099f,0.8931f,0.4497f,-1.3437f,0.4333f,0.4015f,-0.8069f,-0.1406f,0f,0f,0f,1f],start_interpolation: 0,interpolation_duration: 1}
$data merge entity $(bone_bone21) {transformation: [-0.9985f,-0.0473f,0.028f,-0.1145f,-0.0339f,0.9312f,0.363f,-1.5947f,-0.0433f,0.3615f,-0.9314f,-0.3194f,0f,0f,0f,1f],start_interpolation: 0,interpolation_duration: 1}
$data merge entity $(bone_bone20) {transformation: [-0.9083f,0.1665f,-0.3838f,-0.0625f,-0.101f,0.803f,0.5873f,-1.3437f,0.406f,0.5722f,-0.7125f,-0.1406f,0f,0f,0f,1f],start_interpolation: 0,interpolation_duration: 1}
$data merge entity $(bone_bone24) {transformation: [-0.969f,0.1672f,0.1819f,0.0616f,0.24f,0.8126f,0.5311f,-1.5935f,-0.059f,0.5583f,-0.8276f,-0.3284f,0f,0f,0f,1f],start_interpolation: 0,interpolation_duration: 1}
$data merge entity $(bone_bone23) {transformation: [-0.9968f,0.0028f,0.0798f,0.0625f,0.0501f,0.7993f,0.5988f,-1.3437f,-0.0621f,0.6009f,-0.7969f,-0.1406f,0f,0f,0f,1f],start_interpolation: 0,interpolation_duration: 1}
$data merge entity $(bone_bone27) {transformation: [-0.8802f,-0.2707f,0.3899f,0.2772f,0.0121f,0.8083f,0.5887f,-1.6005f,-0.4745f,0.5228f,-0.7082f,-0.2946f,0f,0f,0f,1f],start_interpolation: 0,interpolation_duration: 1}
$data merge entity $(bone_bone26) {transformation: [-0.7935f,-0.2869f,0.5367f,0.1875f,0.0844f,0.8215f,0.5639f,-1.3437f,-0.6027f,0.4927f,-0.6276f,-0.1406f,0f,0f,0f,1f],start_interpolation: 0,interpolation_duration: 1}
$data merge entity $(bone_bone30) {transformation: [-0.983f,-0.1837f,0f,0.4066f,-0.1837f,0.983f,0f,-1.6226f,0f,0f,-1f,0.0625f,0f,0f,0f,1f],start_interpolation: 0,interpolation_duration: 1}
$data merge entity $(bone_bone29) {transformation: [-0.8925f,-0.4511f,0f,0.2656f,-0.4511f,0.8925f,0f,-1.3437f,0f,0f,-1f,0.0625f,0f,0f,0f,1f],start_interpolation: 0,interpolation_duration: 1}
$data merge entity $(bone_bone33) {transformation: [-0.8676f,-0.4159f,-0.2727f,0.4271f,-0.4316f,0.9021f,-0.0028f,-1.6086f,0.2471f,0.1152f,-0.9621f,-0.1007f,0f,0f,0f,1f],start_interpolation: 0,interpolation_duration: 1}
$data merge entity $(bone_bone32) {transformation: [-0.8487f,-0.5166f,-0.1129f,0.2656f,-0.5257f,0.8475f,0.0741f,-1.3437f,0.0574f,0.1222f,-0.9908f,-0.0625f,0f,0f,0f,1f],start_interpolation: 0,interpolation_duration: 1}
$data merge entity $(bone_bone36) {transformation: [-0.9743f,0.1239f,-0.1881f,-0.3835f,0.1392f,0.9878f,-0.0702f,-1.6201f,0.1771f,-0.0946f,-0.9796f,0.1487f,0f,0f,0f,1f],start_interpolation: 0,interpolation_duration: 1}
$data merge entity $(bone_bone35) {transformation: [-0.7794f,0.3771f,-0.5004f,-0.2656f,0.4638f,0.8842f,-0.056f,-1.3437f,0.4213f,-0.2757f,-0.864f,0.0625f,0f,0f,0f,1f],start_interpolation: 0,interpolation_duration: 1}
$data merge entity $(bone_bone39) {transformation: [-0.8163f,0.5027f,-0.2846f,-0.3937f,0.5246f,0.8513f,-0.001f,-1.6269f,0.2418f,-0.1502f,-0.9586f,-0.0956f,0f,0f,0f,1f],start_interpolation: 0,interpolation_duration: 1}
$data merge entity $(bone_bone38) {transformation: [-0.8487f,0.4097f,0.3345f,-0.2656f,0.4211f,0.9061f,-0.0412f,-1.3437f,-0.32f,0.1059f,-0.9415f,-0.0625f,0f,0f,0f,1f],start_interpolation: 0,interpolation_duration: 1}
$data merge entity $(bone_bone45) {transformation: [-0.99f,0.0884f,-0.1101f,-0.3794f,0.0763f,0.991f,0.1098f,-0.8835f,0.1188f,0.1003f,-0.9878f,-0.2414f,0f,0f,0f,1f],start_interpolation: 0,interpolation_duration: 1}
$data merge entity $(bone_bone44) {transformation: [-0.9522f,-0.0018f,-0.3056f,-0.38f,-0.097f,0.95f,0.2968f,-0.5866f,0.2898f,0.3123f,-0.9047f,-0.1438f,0f,0f,0f,1f],start_interpolation: 0,interpolation_duration: 1}
$data merge entity $(bone_bone48) {transformation: [-0.8f,0.5158f,-0.3064f,-0.6299f,0.5482f,0.836f,-0.024f,-1.1709f,0.2438f,-0.1872f,-0.9516f,0.0694f,0f,0f,0f,1f],start_interpolation: 0,interpolation_duration: 1}
$data merge entity $(bone_bone47) {transformation: [-0.7637f,0.355f,-0.5392f,-0.4968f,0.3839f,0.9212f,0.0627f,-0.8254f,0.519f,-0.1592f,-0.8398f,0.0097f,0f,0f,0f,1f],start_interpolation: 0,interpolation_duration: 1}
$data merge entity $(bone_3) {transformation: [-0.9503f,0.1901f,-0.2466f,-0.3394f,0.1731f,0.9809f,0.0892f,-0.7272f,0.2588f,0.0421f,-0.965f,-0.0214f,0f,0f,0f,1f],start_interpolation: 0,interpolation_duration: 1}
$data merge entity $(bone_4) {transformation: [-0.9503f,0.1323f,-0.2819f,-0.4415f,0.1731f,0.9769f,-0.1252f,-0.937f,0.2588f,-0.1677f,-0.9513f,-0.0147f,0f,0f,0f,1f],start_interpolation: 0,interpolation_duration: 1}
$data merge entity $(bone_bone42) {transformation: [-0.9738f,-0.2077f,0.093f,0.3943f,-0.1794f,0.9522f,0.2473f,-0.8939f,-0.1399f,0.2241f,-0.9645f,-0.2054f,0f,0f,0f,1f],start_interpolation: 0,interpolation_duration: 1}
$data merge entity $(bone_bone41) {transformation: [-0.9894f,-0.1045f,0.1011f,0.3616f,-0.0815f,0.9745f,0.2091f,-0.5894f,-0.1204f,0.1986f,-0.9727f,-0.1434f,0f,0f,0f,1f],start_interpolation: 0,interpolation_duration: 1}
$data merge entity $(bone_bone51) {transformation: [-0.9291f,-0.3614f,0.0784f,0.6421f,-0.3462f,0.9246f,0.159f,-1.1669f,-0.1299f,0.1206f,-0.9842f,0.0578f,0f,0f,0f,1f],start_interpolation: 0,interpolation_duration: 1}
$data merge entity $(bone_bone50) {transformation: [-0.9012f,-0.4132f,0.131f,0.4871f,-0.4275f,0.8972f,-0.1107f,-0.8305f,-0.0718f,-0.1558f,-0.9852f,-0.0006f,0f,0f,0f,1f],start_interpolation: 0,interpolation_duration: 1}
$data merge entity $(bone_1) {transformation: [-0.9822f,-0.1416f,0.1233f,0.3313f,-0.1349f,0.989f,0.061f,-0.7258f,-0.1305f,0.0432f,-0.9905f,-0.0136f,0f,0f,0f,1f],start_interpolation: 0,interpolation_duration: 1}
$data merge entity $(bone_2) {transformation: [-0.9822f,-0.1049f,0.1557f,0.393f,-0.1349f,0.9711f,-0.1971f,-0.9379f,-0.1305f,-0.2146f,-0.9679f,-0.0189f,0f,0f,0f,1f],start_interpolation: 0,interpolation_duration: 1}
$data merge entity $(bone_7) {transformation: [-0.9967f,0.0814f,-0.004f,-0.1341f,0.0815f,0.9955f,-0.0491f,-1.5335f,0f,-0.0492f,-0.9988f,0.0092f,0f,0f,0f,1f],start_interpolation: 0,interpolation_duration: 1}
$data merge entity $(bone_8) {transformation: [-0.9967f,0.0755f,0.0308f,-0.1455f,0.0815f,0.9229f,0.3762f,-1.6728f,0f,0.3775f,-0.926f,0.0286f,0f,0f,0f,1f],start_interpolation: 0,interpolation_duration: 1}
$data merge entity $(bone_5) {transformation: [-0.9967f,-0.0815f,-0.0031f,0.1189f,-0.0815f,0.996f,0.0379f,-1.3468f,0f,0.038f,-0.9993f,0f,0f,0f,0f,1f],start_interpolation: 0,interpolation_duration: 1}
$data merge entity $(bone_6) {transformation: [-0.9967f,-0.0779f,-0.0241f,0.1464f,-0.0815f,0.9522f,0.2943f,-1.6832f,0f,0.2953f,-0.9554f,-0.0066f,0f,0f,0f,1f],start_interpolation: 0,interpolation_duration: 1}