# This file was generated by Animated Java via MC-Build. It is not recommended to edit this file directly.
$data merge entity $(bone_bone54) {transformation: [-0.9731f,0.2303f,-0.01f,-0.1774f,0.2304f,0.9729f,-0.017f,1.2152f,0.0058f,-0.0188f,-0.9998f,-0.2713f,0f,0f,0f,1f],start_interpolation: 0,interpolation_duration: 1}
$data merge entity $(bone_bone53) {transformation: [-0.9677f,0.0429f,-0.2483f,-0.1562f,-0.0421f,0.944f,0.3271f,1.5f,0.2485f,0.327f,-0.9118f,-0.1406f,0f,0f,0f,1f],start_interpolation: 0,interpolation_duration: 1}
$data merge entity $(bone_bone57) {transformation: [-0.9498f,-0.1255f,0.2865f,0.1611f,0.0262f,0.8808f,0.4727f,1.1926f,-0.3117f,0.4565f,-0.8334f,-0.2049f,0f,0f,0f,1f],start_interpolation: 0,interpolation_duration: 1}
$data merge entity $(bone_bone56) {transformation: [-0.9431f,0.0177f,0.332f,0.1563f,0.0537f,0.9936f,0.0996f,1.5f,-0.3281f,0.1118f,-0.938f,-0.1406f,0f,0f,0f,1f],start_interpolation: 0,interpolation_duration: 1}
$data merge entity $(bone_bone5) {transformation: [-0.9578f,0.2137f,0.1923f,-0.2241f,0.1885f,0.9719f,-0.1412f,0.4454f,-0.2171f,-0.099f,-0.9711f,0.1731f,0f,0f,0f,1f],start_interpolation: 0,interpolation_duration: 1}
$data merge entity $(bone_bone2) {transformation: [-0.9578f,0.234f,0.167f,-0.1875f,0.1885f,0.9497f,-0.2501f,0.5938f,-0.2171f,-0.208f,-0.9537f,0.1406f,0f,0f,0f,1f],start_interpolation: 0,interpolation_duration: 1}
$data merge entity $(bone_bone9) {transformation: [-0.9964f,-0.0148f,0.0835f,-0.0732f,0.008f,0.9637f,0.2667f,0.4533f,-0.0844f,0.2664f,-0.9602f,0.2383f,0f,0f,0f,1f],start_interpolation: 0,interpolation_duration: 1}
$data merge entity $(bone_bone8) {transformation: [-0.9964f,0.0341f,0.0777f,-0.0625f,0.008f,0.9493f,-0.3143f,0.75f,-0.0844f,-0.3126f,-0.9461f,0.1406f,0f,0f,0f,1f],start_interpolation: 0,interpolation_duration: 1}
$data merge entity $(bone_bone12) {transformation: [-0.9969f,-0.0619f,-0.0487f,0.0854f,-0.0599f,0.9974f,-0.0412f,0.4554f,0.0511f,-0.0381f,-0.998f,0.2267f,0f,0f,0f,1f],start_interpolation: 0,interpolation_duration: 1}
$data merge entity $(bone_bone11) {transformation: [-0.9969f,-0.0733f,-0.0287f,0.0625f,-0.0599f,0.9427f,-0.3283f,0.75f,0.0511f,-0.3255f,-0.9441f,0.125f,0f,0f,0f,1f],start_interpolation: 0,interpolation_duration: 1}
$data merge entity $(bone_bone15) {transformation: [-0.9586f,-0.1628f,-0.2337f,0.2538f,-0.1589f,0.9867f,-0.0353f,0.4525f,0.2364f,0.0033f,-0.9717f,0.1937f,0f,0f,0f,1f],start_interpolation: 0,interpolation_duration: 1}
$data merge entity $(bone_bone14) {transformation: [-0.9586f,-0.2121f,-0.1901f,0.1875f,-0.1589f,0.9522f,-0.261f,0.75f,0.2364f,-0.22f,-0.9464f,0.125f,0f,0f,0f,1f],start_interpolation: 0,interpolation_duration: 1}
$data merge entity $(bone_bone18) {transformation: [-0.9503f,0.2354f,-0.2037f,-0.2546f,0.1685f,0.9393f,0.299f,0.4483f,0.2617f,0.2498f,-0.9323f,-0.187f,0f,0f,0f,1f],start_interpolation: 0,interpolation_duration: 1}
$data merge entity $(bone_bone17) {transformation: [-0.8179f,0.2147f,-0.5339f,-0.1875f,0.0946f,0.9653f,0.2434f,0.75f,0.5676f,0.1485f,-0.8098f,-0.1406f,0f,0f,0f,1f],start_interpolation: 0,interpolation_duration: 1}
$data merge entity $(bone_bone21) {transformation: [-0.9952f,0.0725f,-0.0662f,-0.0732f,0.056f,0.9732f,0.223f,0.5029f,0.0805f,0.2182f,-0.9726f,-0.3317f,0f,0f,0f,1f],start_interpolation: 0,interpolation_duration: 1}
$data merge entity $(bone_bone20) {transformation: [-0.9603f,0.0343f,-0.2767f,-0.0625f,-0.1433f,0.7906f,0.5953f,0.75f,0.2392f,0.6113f,-0.7543f,-0.1406f,0f,0f,0f,1f],start_interpolation: 0,interpolation_duration: 1}
$data merge entity $(bone_bone24) {transformation: [-0.9472f,-0.0097f,0.3205f,0.0816f,0.1852f,0.7994f,0.5715f,0.4707f,-0.2618f,0.6007f,-0.7554f,-0.2796f,0f,0f,0f,1f],start_interpolation: 0,interpolation_duration: 1}
$data merge entity $(bone_bone23) {transformation: [-0.979f,-0.0613f,0.1947f,0.0625f,0.0331f,0.8936f,0.4476f,0.75f,-0.2014f,0.4447f,-0.8728f,-0.1406f,0f,0f,0f,1f],start_interpolation: 0,interpolation_duration: 1}
$data merge entity $(bone_bone27) {transformation: [-0.9317f,-0.1478f,0.3319f,0.1938f,0.0209f,0.8902f,0.4551f,0.4483f,-0.3627f,0.431f,-0.8263f,-0.2217f,0f,0f,0f,1f],start_interpolation: 0,interpolation_duration: 1}
$data merge entity $(bone_bone26) {transformation: [-0.8864f,-0.0201f,0.4625f,0.1875f,0.1028f,0.9656f,0.2389f,0.75f,-0.4513f,0.2593f,-0.8538f,-0.1406f,0f,0f,0f,1f],start_interpolation: 0,interpolation_duration: 1}
$data merge entity $(bone_bone30) {transformation: [-0.7327f,-0.6806f,0f,0.3625f,-0.6806f,0.7327f,0f,0.4529f,0f,0f,-1f,0.0625f,0f,0f,0f,1f],start_interpolation: 0,interpolation_duration: 1}
$data merge entity $(bone_bone29) {transformation: [-0.9507f,-0.3101f,0f,0.2656f,-0.3101f,0.9507f,0f,0.75f,0f,0f,-1f,0.0625f,0f,0f,0f,1f],start_interpolation: 0,interpolation_duration: 1}
$data merge entity $(bone_bone33) {transformation: [-0.9855f,-0.0578f,0.1593f,0.3916f,-0.0417f,0.9939f,0.1024f,0.4641f,-0.1642f,0.0942f,-0.9819f,-0.0686f,0f,0f,0f,1f],start_interpolation: 0,interpolation_duration: 1}
$data merge entity $(bone_bone32) {transformation: [-0.9118f,-0.403f,0.0794f,0.2656f,-0.3995f,0.915f,0.0561f,0.75f,-0.0952f,0.0194f,-0.9953f,-0.0625f,0f,0f,0f,1f],start_interpolation: 0,interpolation_duration: 1}
$data merge entity $(bone_bone36) {transformation: [-0.8704f,0.3399f,-0.3562f,-0.3064f,0.4454f,0.8519f,-0.2754f,0.4426f,0.2098f,-0.3983f,-0.8929f,0.1011f,0f,0f,0f,1f],start_interpolation: 0,interpolation_duration: 1}
$data merge entity $(bone_bone35) {transformation: [-0.9913f,0.1306f,-0.0154f,-0.2656f,0.1315f,0.9837f,-0.1225f,0.75f,-0.0008f,-0.1235f,-0.9923f,0.0625f,0f,0f,0f,1f],start_interpolation: 0,interpolation_duration: 1}
$data merge entity $(bone_bone39) {transformation: [-0.9279f,0.0717f,0.3659f,-0.3489f,0.0996f,0.9933f,0.0582f,0.4492f,-0.3593f,0.0904f,-0.9288f,-0.0472f,0f,0f,0f,1f],start_interpolation: 0,interpolation_duration: 1}
$data merge entity $(bone_bone38) {transformation: [-0.9498f,0.2665f,0.1641f,-0.2656f,0.2536f,0.9626f,-0.0954f,0.75f,-0.1834f,-0.049f,-0.9818f,-0.0625f,0f,0f,0f,1f],start_interpolation: 0,interpolation_duration: 1}
$data merge entity $(bone_bone45) {transformation: [-0.9845f,0.0163f,-0.1746f,-0.4777f,-0.0429f,0.9431f,0.3296f,1.2158f,0.17f,0.332f,-0.9278f,-0.1993f,0f,0f,0f,1f],start_interpolation: 0,interpolation_duration: 1}
$data merge entity $(bone_bone44) {transformation: [-0.9487f,0.3137f,0.0399f,-0.3797f,0.3157f,0.9328f,0.1738f,1.5073f,0.0173f,0.1775f,-0.984f,-0.1438f,0f,0f,0f,1f],start_interpolation: 0,interpolation_duration: 1}
$data merge entity $(bone_bone48) {transformation: [-0.758f,0.0472f,-0.6505f,-0.6244f,0.1576f,0.9811f,-0.1125f,0.9183f,0.6329f,-0.1878f,-0.7511f,0.0351f,0f,0f,0f,1f],start_interpolation: 0,interpolation_duration: 1}
$data merge entity $(bone_bone47) {transformation: [-0.9104f,0.3183f,-0.2644f,-0.5051f,0.3248f,0.9456f,0.02f,1.2729f,0.2564f,-0.0676f,-0.9642f,0.0097f,0f,0f,0f,1f],start_interpolation: 0,interpolation_duration: 1}
$data merge entity $(bone_3) {transformation: [-0.9434f,0.2254f,-0.2432f,-0.3442f,0.2073f,0.9733f,0.0981f,1.3654f,0.2588f,0.0421f,-0.965f,-0.0214f,0f,0f,0f,1f],start_interpolation: 0,interpolation_duration: 1}
$data merge entity $(bone_4) {transformation: [-0.9434f,0.1675f,-0.2862f,-0.4539f,0.2073f,0.9715f,-0.1149f,1.1593f,0.2588f,-0.1677f,-0.9513f,-0.0147f,0f,0f,0f,1f],start_interpolation: 0,interpolation_duration: 1}
$data merge entity $(bone_bone42) {transformation: [-0.9788f,-0.0693f,-0.1928f,0.4452f,-0.1527f,0.8743f,0.4608f,1.215f,0.1367f,0.4805f,-0.8663f,-0.2282f,0f,0f,0f,1f],start_interpolation: 0,interpolation_duration: 1}
$data merge entity $(bone_bone41) {transformation: [-0.9503f,-0.268f,0.1587f,0.3615f,-0.2072f,0.9244f,0.3203f,1.5039f,-0.2325f,0.2715f,-0.9339f,-0.1434f,0f,0f,0f,1f],start_interpolation: 0,interpolation_duration: 1}
$data merge entity $(bone_bone51) {transformation: [-0.8517f,-0.3622f,0.3788f,0.5883f,-0.3679f,0.9279f,0.06f,0.9043f,-0.3732f,-0.0883f,-0.9235f,0.0106f,0f,0f,0f,1f],start_interpolation: 0,interpolation_duration: 1}
$data merge entity $(bone_bone50) {transformation: [-0.8947f,-0.2472f,0.3721f,0.4956f,-0.24f,0.9685f,0.0664f,1.2675f,-0.3768f,-0.0299f,-0.9258f,-0.0006f,0f,0f,0f,1f],start_interpolation: 0,interpolation_duration: 1}
$data merge entity $(bone_1) {transformation: [-0.9767f,-0.1772f,0.121f,0.3361f,-0.1703f,0.9832f,0.0654f,1.3665f,-0.1305f,0.0432f,-0.9905f,-0.0136f,0f,0f,0f,1f],start_interpolation: 0,interpolation_duration: 1}
$data merge entity $(bone_2) {transformation: [-0.9767f,-0.1399f,0.1627f,0.4054f,-0.1703f,0.9666f,-0.1913f,1.1567f,-0.1305f,-0.2146f,-0.9679f,-0.0189f,0f,0f,0f,1f],start_interpolation: 0,interpolation_duration: 1}
$data merge entity $(bone_7) {transformation: [-0.999f,0.0453f,-0.0039f,-0.1273f,0.0455f,0.9953f,-0.0852f,0.5617f,0f,-0.0853f,-0.9964f,0.016f,0f,0f,0f,1f],start_interpolation: 0,interpolation_duration: 1}
$data merge entity $(bone_8) {transformation: [-0.999f,0.0427f,0.0156f,-0.1336f,0.0455f,0.9381f,0.3434f,0.4228f,0f,0.3438f,-0.939f,0.0404f,0f,0f,0f,1f],start_interpolation: 0,interpolation_duration: 1}
$data merge entity $(bone_5) {transformation: [-0.999f,-0.0455f,-0.0001f,0.1188f,-0.0455f,0.999f,0.0019f,0.7483f,0f,0.0019f,-1f,0f,0f,0f,0f,1f],start_interpolation: 0,interpolation_duration: 1}
$data merge entity $(bone_6) {transformation: [-0.999f,-0.0439f,-0.0119f,0.1341f,-0.0455f,0.9644f,0.2604f,0.4111f,0f,0.2606f,-0.9654f,0.0056f,0f,0f,0f,1f],start_interpolation: 0,interpolation_duration: 1}