# This file was generated by Animated Java via MC-Build. It is not recommended to edit this file directly.
$data merge entity $(bone_bone54) {transformation: [-0.9854f,0.0569f,0.1604f,-0.1819f,0.1088f,0.9353f,0.3367f,-0.8692f,-0.1309f,0.3493f,-0.9278f,-0.2893f,0f,0f,0f,1f],start_interpolation: 0,interpolation_duration: 1}
$data merge entity $(bone_bone53) {transformation: [-0.9901f,0.0926f,0.1057f,-0.1562f,0.1259f,0.9188f,0.374f,-0.5937f,-0.0625f,0.3836f,-0.9214f,-0.1406f,0f,0f,0f,1f],start_interpolation: 0,interpolation_duration: 1}
$data merge entity $(bone_bone57) {transformation: [-0.9873f,0.1257f,0.0969f,0.1617f,0.125f,0.9921f,-0.0132f,-0.8839f,-0.0978f,-0.0009f,-0.9952f,-0.2608f,0f,0f,0f,1f],start_interpolation: 0,interpolation_duration: 1}
$data merge entity $(bone_bone56) {transformation: [-0.9636f,0.0092f,0.2673f,0.1563f,0.0865f,0.9563f,0.2792f,-0.5937f,-0.2531f,0.2922f,-0.9223f,-0.1406f,0f,0f,0f,1f],start_interpolation: 0,interpolation_duration: 1}
$data merge entity $(bone_bone5) {transformation: [-0.9408f,0.2076f,0.2678f,-0.219f,0.1343f,0.9541f,-0.2676f,-1.65f,-0.3111f,-0.2158f,-0.9256f,0.1712f,0f,0f,0f,1f],start_interpolation: 0,interpolation_duration: 1}
$data merge entity $(bone_bone2) {transformation: [-0.9408f,0.2017f,0.2723f,-0.1875f,0.1343f,0.9597f,-0.2467f,-1.5f,-0.3111f,-0.1956f,-0.93f,0.1406f,0f,0f,0f,1f],start_interpolation: 0,interpolation_duration: 1}
$data merge entity $(bone_bone9) {transformation: [-0.9848f,-0.0105f,0.1734f,-0.083f,0.0064f,0.9953f,0.0969f,-1.6373f,-0.1736f,0.0965f,-0.9801f,0.2459f,0f,0f,0f,1f],start_interpolation: 0,interpolation_duration: 1}
$data merge entity $(bone_bone8) {transformation: [-0.9848f,0.0655f,0.1609f,-0.0625f,0.0064f,0.9393f,-0.3431f,-1.3437f,-0.1736f,-0.3368f,-0.9254f,0.1406f,0f,0f,0f,1f],start_interpolation: 0,interpolation_duration: 1}
$data merge entity $(bone_bone12) {transformation: [-0.9866f,-0.0353f,-0.159f,0.0773f,0f,0.9763f,-0.2164f,-1.6428f,0.1629f,-0.2135f,-0.9633f,0.2145f,0f,0f,0f,1f],start_interpolation: 0,interpolation_duration: 1}
$data merge entity $(bone_bone11) {transformation: [-0.9866f,-0.0473f,-0.1559f,0.0625f,0f,0.9569f,-0.2903f,-1.3437f,0.1629f,-0.2864f,-0.9442f,0.125f,0f,0f,0f,1f],start_interpolation: 0,interpolation_duration: 1}
$data merge entity $(bone_bone15) {transformation: [-0.9504f,-0.1383f,-0.2785f,0.2518f,-0.1357f,0.9903f,-0.0287f,-1.6404f,0.2798f,0.0105f,-0.96f,0.1995f,0f,0f,0f,1f],start_interpolation: 0,interpolation_duration: 1}
$data merge entity $(bone_bone14) {transformation: [-0.9504f,-0.2057f,-0.2333f,0.1875f,-0.1357f,0.9491f,-0.2841f,-1.3437f,0.2798f,-0.2383f,-0.93f,0.125f,0f,0f,0f,1f],start_interpolation: 0,interpolation_duration: 1}
$data merge entity $(bone_bone18) {transformation: [-0.8101f,0.4709f,-0.3493f,-0.2524f,0.1157f,0.7124f,0.6921f,-1.621f,0.5747f,0.5203f,-0.6316f,-0.2694f,0f,0f,0f,1f],start_interpolation: 0,interpolation_duration: 1}
$data merge entity $(bone_bone17) {transformation: [-0.8944f,0.2076f,-0.3962f,-0.1875f,0.0016f,0.8872f,0.4614f,-1.3437f,0.4473f,0.4121f,-0.7938f,-0.1406f,0f,0f,0f,1f],start_interpolation: 0,interpolation_duration: 1}
$data merge entity $(bone_bone21) {transformation: [-0.9979f,-0.0376f,0.053f,-0.1177f,-0.0171f,0.9388f,0.3439f,-1.5914f,-0.0627f,0.3423f,-0.9375f,-0.323f,0f,0f,0f,1f],start_interpolation: 0,interpolation_duration: 1}
$data merge entity $(bone_bone20) {transformation: [-0.9186f,0.1768f,-0.3536f,-0.0625f,-0.0802f,0.7925f,0.6046f,-1.3437f,0.3871f,0.5837f,-0.7138f,-0.1406f,0f,0f,0f,1f],start_interpolation: 0,interpolation_duration: 1}
$data merge entity $(bone_bone24) {transformation: [-0.9693f,0.1633f,0.1839f,0.0611f,0.2385f,0.8068f,0.5406f,-1.5965f,-0.0602f,0.5678f,-0.821f,-0.3244f,0f,0f,0f,1f],start_interpolation: 0,interpolation_duration: 1}
$data merge entity $(bone_bone23) {transformation: [-0.997f,0.0046f,0.0776f,0.0625f,0.0493f,0.8088f,0.586f,-1.3437f,-0.0601f,0.5881f,-0.8066f,-0.1406f,0f,0f,0f,1f],start_interpolation: 0,interpolation_duration: 1}
$data merge entity $(bone_bone27) {transformation: [-0.8707f,-0.2899f,0.3973f,0.2777f,0.0365f,0.7674f,0.6401f,-1.6f,-0.4905f,0.5719f,-0.6576f,-0.2951f,0f,0f,0f,1f],start_interpolation: 0,interpolation_duration: 1}
$data merge entity $(bone_bone26) {transformation: [-0.7737f,-0.2887f,0.564f,0.1875f,0.1043f,0.82f,0.5628f,-1.3437f,-0.6249f,0.4943f,-0.6043f,-0.1406f,0f,0f,0f,1f],start_interpolation: 0,interpolation_duration: 1}
$data merge entity $(bone_bone30) {transformation: [-0.9797f,-0.2004f,0f,0.4031f,-0.2004f,0.9797f,0f,-1.6244f,0f,0f,-1f,0.0625f,0f,0f,0f,1f],start_interpolation: 0,interpolation_duration: 1}
$data merge entity $(bone_bone29) {transformation: [-0.8981f,-0.4398f,0f,0.2656f,-0.4398f,0.8981f,0f,-1.3437f,0f,0f,-1f,0.0625f,0f,0f,0f,1f],start_interpolation: 0,interpolation_duration: 1}
$data merge entity $(bone_bone33) {transformation: [-0.8433f,-0.4532f,-0.2889f,0.4225f,-0.4747f,0.8802f,0.0047f,-1.6112f,0.2521f,0.1411f,-0.9574f,-0.1016f,0f,0f,0f,1f],start_interpolation: 0,interpolation_duration: 1}
$data merge entity $(bone_bone32) {transformation: [-0.8533f,-0.5021f,-0.1403f,0.2656f,-0.5137f,0.8557f,0.0623f,-1.3437f,0.0888f,0.1252f,-0.9881f,-0.0625f,0f,0f,0f,1f],start_interpolation: 0,interpolation_duration: 1}
$data merge entity $(bone_bone36) {transformation: [-0.976f,0.1238f,-0.1793f,-0.3832f,0.1356f,0.9892f,-0.0551f,-1.6206f,0.1705f,-0.078f,-0.9823f,0.1473f,0f,0f,0f,1f],start_interpolation: 0,interpolation_duration: 1}
$data merge entity $(bone_bone35) {transformation: [-0.7703f,0.3762f,-0.515f,-0.2656f,0.4617f,0.886f,-0.0435f,-1.3437f,0.4399f,-0.2713f,-0.8561f,0.0625f,0f,0f,0f,1f],start_interpolation: 0,interpolation_duration: 1}
$data merge entity $(bone_bone39) {transformation: [-0.8098f,0.4956f,-0.3141f,-0.3962f,0.5216f,0.8532f,0.0015f,-1.6262f,0.2687f,-0.1626f,-0.9494f,-0.0916f,0f,0f,0f,1f],start_interpolation: 0,interpolation_duration: 1}
$data merge entity $(bone_bone38) {transformation: [-0.8424f,0.4177f,0.3404f,-0.2656f,0.4237f,0.9038f,-0.0606f,-1.3437f,-0.333f,0.0931f,-0.9383f,-0.0625f,0f,0f,0f,1f],start_interpolation: 0,interpolation_duration: 1}
$data merge entity $(bone_bone45) {transformation: [-0.9922f,0.0693f,-0.1039f,-0.3852f,0.0548f,0.9891f,0.1368f,-0.883f,0.1122f,0.13f,-0.9851f,-0.2427f,0f,0f,0f,1f],start_interpolation: 0,interpolation_duration: 1}
$data merge entity $(bone_bone44) {transformation: [-0.9461f,0.0168f,-0.3234f,-0.38f,-0.0873f,0.9484f,0.3047f,-0.5866f,0.3118f,0.3165f,-0.8959f,-0.1438f,0f,0f,0f,1f],start_interpolation: 0,interpolation_duration: 1}
$data merge entity $(bone_bone48) {transformation: [-0.7917f,0.5278f,-0.3077f,-0.6364f,0.5493f,0.8354f,0.0198f,-1.1678f,0.2675f,-0.1534f,-0.9513f,0.0723f,0f,0f,0f,1f],start_interpolation: 0,interpolation_duration: 1}
$data merge entity $(bone_bone47) {transformation: [-0.7459f,0.3715f,-0.5529f,-0.497f,0.4007f,0.9133f,0.0732f,-0.8253f,0.5321f,-0.167f,-0.83f,0.0097f,0f,0f,0f,1f],start_interpolation: 0,interpolation_duration: 1}
$data merge entity $(bone_3) {transformation: [-0.9501f,0.1913f,-0.2465f,-0.3395f,0.1742f,0.9806f,0.0895f,-0.7272f,0.2588f,0.0421f,-0.965f,-0.0214f,0f,0f,0f,1f],start_interpolation: 0,interpolation_duration: 1}
$data merge entity $(bone_4) {transformation: [-0.9501f,0.1334f,-0.282f,-0.442f,0.1742f,0.9768f,-0.1248f,-0.937f,0.2588f,-0.1677f,-0.9513f,-0.0147f,0f,0f,0f,1f],start_interpolation: 0,interpolation_duration: 1}
$data merge entity $(bone_bone42) {transformation: [-0.9773f,-0.1909f,0.0919f,0.3901f,-0.168f,0.9625f,0.213f,-0.8937f,-0.1291f,0.1928f,-0.9727f,-0.2085f,0f,0f,0f,1f],start_interpolation: 0,interpolation_duration: 1}
$data merge entity $(bone_bone41) {transformation: [-0.9921f,-0.0911f,0.0863f,0.3616f,-0.0706f,0.9738f,0.2162f,-0.5894f,-0.1037f,0.2084f,-0.9725f,-0.1434f,0f,0f,0f,1f],start_interpolation: 0,interpolation_duration: 1}
$data merge entity $(bone_bone51) {transformation: [-0.9387f,-0.3416f,0.0459f,0.6467f,-0.335f,0.9356f,0.1114f,-1.1649f,-0.081f,0.0892f,-0.9927f,0.057f,0f,0f,0f,1f],start_interpolation: 0,interpolation_duration: 1}
$data merge entity $(bone_bone50) {transformation: [-0.8997f,-0.4246f,0.1009f,0.4874f,-0.4348f,0.8922f,-0.122f,-0.8303f,-0.0382f,-0.1537f,-0.9874f,-0.0006f,0f,0f,0f,1f],start_interpolation: 0,interpolation_duration: 1}
$data merge entity $(bone_1) {transformation: [-0.9821f,-0.1428f,0.1232f,0.3315f,-0.1361f,0.9888f,0.0611f,-0.7259f,-0.1305f,0.0432f,-0.9905f,-0.0136f,0f,0f,0f,1f],start_interpolation: 0,interpolation_duration: 1}
$data merge entity $(bone_2) {transformation: [-0.9821f,-0.106f,0.1559f,0.3934f,-0.1361f,0.9709f,-0.1969f,-0.9379f,-0.1305f,-0.2146f,-0.9679f,-0.0189f,0f,0f,0f,1f],start_interpolation: 0,interpolation_duration: 1}
$data merge entity $(bone_7) {transformation: [-0.9968f,0.0803f,-0.0041f,-0.1339f,0.0804f,0.9955f,-0.0503f,-1.5334f,0f,-0.0504f,-0.9987f,0.0095f,0f,0f,0f,1f],start_interpolation: 0,interpolation_duration: 1}
$data merge entity $(bone_8) {transformation: [-0.9968f,0.0745f,0.0302f,-0.1452f,0.0804f,0.9235f,0.3752f,-1.6728f,0f,0.3764f,-0.9265f,0.029f,0f,0f,0f,1f],start_interpolation: 0,interpolation_duration: 1}
$data merge entity $(bone_5) {transformation: [-0.9968f,-0.0803f,-0.003f,0.1189f,-0.0804f,0.9961f,0.0367f,-1.3468f,0f,0.0368f,-0.9993f,0f,0f,0f,0f,1f],start_interpolation: 0,interpolation_duration: 1}
$data merge entity $(bone_6) {transformation: [-0.9968f,-0.0768f,-0.0236f,0.146f,-0.0804f,0.9527f,0.2932f,-1.6832f,0f,0.2942f,-0.9557f,-0.0062f,0f,0f,0f,1f],start_interpolation: 0,interpolation_duration: 1}