# This file was generated by Animated Java via MC-Build. It is not recommended to edit this file directly.
$data merge entity $(bone_bone54) {transformation: [-0.9845f,0.0341f,0.1719f,-0.1764f,0.0864f,0.948f,0.3064f,-0.8689f,-0.1525f,0.3165f,-0.9362f,-0.2907f,0f,0f,0f,1f],start_interpolation: 0,interpolation_duration: 1}
$data merge entity $(bone_bone53) {transformation: [-0.9898f,0.0765f,0.1198f,-0.1562f,0.1168f,0.9183f,0.3783f,-0.5937f,-0.0811f,0.3884f,-0.9179f,-0.1406f,0f,0f,0f,1f],start_interpolation: 0,interpolation_duration: 1}
$data merge entity $(bone_bone57) {transformation: [-0.9883f,0.1354f,0.0706f,0.1617f,0.1344f,0.9908f,-0.0185f,-0.8819f,-0.0725f,-0.0088f,-0.9973f,-0.2653f,0f,0f,0f,1f],start_interpolation: 0,interpolation_duration: 1}
$data merge entity $(bone_bone56) {transformation: [-0.9688f,0.0072f,0.2478f,0.1563f,0.0826f,0.9518f,0.2955f,-0.5937f,-0.2337f,0.3067f,-0.9227f,-0.1406f,0f,0f,0f,1f],start_interpolation: 0,interpolation_duration: 1}
$data merge entity $(bone_bone5) {transformation: [-0.9356f,0.2092f,0.2846f,-0.2179f,0.1227f,0.9481f,-0.2935f,-1.6503f,-0.3312f,-0.2397f,-0.9126f,0.1707f,0f,0f,0f,1f],start_interpolation: 0,interpolation_duration: 1}
$data merge entity $(bone_bone2) {transformation: [-0.9356f,0.1943f,0.2949f,-0.1875f,0.1227f,0.9618f,-0.2446f,-1.5f,-0.3312f,-0.1927f,-0.9237f,0.1406f,0f,0f,0f,1f],start_interpolation: 0,interpolation_duration: 1}
$data merge entity $(bone_bone9) {transformation: [-0.9812f,-0.0055f,0.1929f,-0.0853f,0.0061f,0.9982f,0.0594f,-1.6366f,-0.1929f,0.0595f,-0.9794f,0.2474f,0f,0f,0f,1f],start_interpolation: 0,interpolation_duration: 1}
$data merge entity $(bone_bone8) {transformation: [-0.9812f,0.073f,0.1787f,-0.0625f,0.0061f,0.937f,-0.3493f,-1.3437f,-0.1929f,-0.3416f,-0.9198f,0.1406f,0f,0f,0f,1f],start_interpolation: 0,interpolation_duration: 1}
$data merge entity $(bone_bone12) {transformation: [-0.9823f,-0.035f,-0.1841f,0.0751f,0.0128f,0.9676f,-0.2521f,-1.6437f,0.187f,-0.25f,-0.95f,0.2117f,0f,0f,0f,1f],start_interpolation: 0,interpolation_duration: 1}
$data merge entity $(bone_bone11) {transformation: [-0.9823f,-0.0403f,-0.183f,0.0625f,0.0128f,0.9599f,-0.2801f,-1.3437f,0.187f,-0.2775f,-0.9424f,0.125f,0f,0f,0f,1f],start_interpolation: 0,interpolation_duration: 1}
$data merge entity $(bone_bone15) {transformation: [-0.9483f,-0.1329f,-0.2882f,0.2514f,-0.1307f,0.9911f,-0.027f,-1.6401f,0.2892f,0.012f,-0.9572f,0.2007f,0f,0f,0f,1f],start_interpolation: 0,interpolation_duration: 1}
$data merge entity $(bone_bone14) {transformation: [-0.9483f,-0.2045f,-0.2426f,0.1875f,-0.1307f,0.9484f,-0.2888f,-1.3437f,0.2892f,-0.2422f,-0.9261f,0.125f,0f,0f,0f,1f],start_interpolation: 0,interpolation_duration: 1}
$data merge entity $(bone_bone18) {transformation: [-0.8116f,0.4487f,-0.3741f,-0.2541f,0.0926f,0.731f,0.676f,-1.6192f,0.5768f,0.514f,-0.6349f,-0.2724f,0f,0f,0f,1f],start_interpolation: 0,interpolation_duration: 1}
$data merge entity $(bone_bone17) {transformation: [-0.8871f,0.2131f,-0.4094f,-0.1875f,-0.0063f,0.8813f,0.4725f,-1.3437f,0.4615f,0.4217f,-0.7805f,-0.1406f,0f,0f,0f,1f],start_interpolation: 0,interpolation_duration: 1}
$data merge entity $(bone_bone21) {transformation: [-0.9966f,-0.0266f,0.0778f,-0.1206f,0.0001f,0.9462f,0.3237f,-1.5881f,-0.0822f,0.3226f,-0.9429f,-0.3266f,0f,0f,0f,1f],start_interpolation: 0,interpolation_duration: 1}
$data merge entity $(bone_bone20) {transformation: [-0.9282f,0.186f,-0.3223f,-0.0625f,-0.0588f,0.7819f,0.6206f,-1.3437f,0.3675f,0.595f,-0.7148f,-0.1406f,0f,0f,0f,1f],start_interpolation: 0,interpolation_duration: 1}
$data merge entity $(bone_bone24) {transformation: [-0.9696f,0.1589f,0.1858f,0.0606f,0.2367f,0.8011f,0.5498f,-1.5994f,-0.0615f,0.5771f,-0.8144f,-0.3203f,0f,0f,0f,1f],start_interpolation: 0,interpolation_duration: 1}
$data merge entity $(bone_bone23) {transformation: [-0.9971f,0.0062f,0.0754f,0.0625f,0.0484f,0.8182f,0.573f,-1.3437f,-0.0582f,0.575f,-0.8161f,-0.1406f,0f,0f,0f,1f],start_interpolation: 0,interpolation_duration: 1}
$data merge entity $(bone_bone27) {transformation: [-0.8603f,-0.3116f,0.4034f,0.2783f,0.0602f,0.7238f,0.6874f,-1.5998f,-0.5062f,0.6157f,-0.604f,-0.2952f,0f,0f,0f,1f],start_interpolation: 0,interpolation_duration: 1}
$data merge entity $(bone_bone26) {transformation: [-0.7529f,-0.2904f,0.5906f,0.1875f,0.1233f,0.8192f,0.5601f,-1.3437f,-0.6464f,0.4945f,-0.581f,-0.1406f,0f,0f,0f,1f],start_interpolation: 0,interpolation_duration: 1}
$data merge entity $(bone_bone30) {transformation: [-0.976f,-0.2179f,0f,0.3994f,-0.2179f,0.976f,0f,-1.6262f,0f,0f,-1f,0.0625f,0f,0f,0f,1f],start_interpolation: 0,interpolation_duration: 1}
$data merge entity $(bone_bone29) {transformation: [-0.9037f,-0.4282f,0f,0.2656f,-0.4282f,0.9037f,0f,-1.3437f,0f,0f,-1f,0.0625f,0f,0f,0f,1f],start_interpolation: 0,interpolation_duration: 1}
$data merge entity $(bone_bone33) {transformation: [-0.8174f,-0.4877f,-0.3065f,0.4179f,-0.5164f,0.8562f,0.0147f,-1.6137f,0.2553f,0.1702f,-0.9518f,-0.1025f,0f,0f,0f,1f],start_interpolation: 0,interpolation_duration: 1}
$data merge entity $(bone_bone32) {transformation: [-0.8571f,-0.4872f,-0.1673f,0.2656f,-0.5011f,0.8638f,0.0514f,-1.3437f,0.1195f,0.1279f,-0.9846f,-0.0625f,0f,0f,0f,1f],start_interpolation: 0,interpolation_duration: 1}
$data merge entity $(bone_bone36) {transformation: [-0.9774f,0.1244f,-0.1709f,-0.3828f,0.1332f,0.9902f,-0.0411f,-1.6212f,0.1641f,-0.0629f,-0.9844f,0.1458f,0f,0f,0f,1f],start_interpolation: 0,interpolation_duration: 1}
$data merge entity $(bone_bone35) {transformation: [-0.7615f,0.3751f,-0.5286f,-0.2656f,0.4591f,0.8878f,-0.0314f,-1.3437f,0.4575f,-0.2666f,-0.8483f,0.0625f,0f,0f,0f,1f],start_interpolation: 0,interpolation_duration: 1}
$data merge entity $(bone_bone39) {transformation: [-0.8027f,0.4888f,-0.3418f,-0.3986f,0.5189f,0.8548f,0.0038f,-1.6254f,0.294f,-0.1743f,-0.9398f,-0.0877f,0f,0f,0f,1f],start_interpolation: 0,interpolation_duration: 1}
$data merge entity $(bone_bone38) {transformation: [-0.8363f,0.4256f,0.3457f,-0.2656f,0.4258f,0.9013f,-0.0795f,-1.3437f,-0.3454f,0.0807f,-0.935f,-0.0625f,0f,0f,0f,1f],start_interpolation: 0,interpolation_duration: 1}
$data merge entity $(bone_bone45) {transformation: [-0.9939f,0.0511f,-0.098f,-0.3913f,0.0343f,0.9855f,0.1661f,-0.8824f,0.105f,0.1617f,-0.9812f,-0.2439f,0f,0f,0f,1f],start_interpolation: 0,interpolation_duration: 1}
$data merge entity $(bone_bone44) {transformation: [-0.9398f,0.0364f,-0.3398f,-0.38f,-0.0765f,0.9466f,0.3132f,-0.5866f,0.333f,0.3204f,-0.8868f,-0.1438f,0f,0f,0f,1f],start_interpolation: 0,interpolation_duration: 1}
$data merge entity $(bone_bone48) {transformation: [-0.783f,0.5402f,-0.3084f,-0.6428f,0.5494f,0.8331f,0.0645f,-1.1645f,0.2918f,-0.1189f,-0.9491f,0.0751f,0f,0f,0f,1f],start_interpolation: 0,interpolation_duration: 1}
$data merge entity $(bone_bone47) {transformation: [-0.7278f,0.3878f,-0.5656f,-0.4973f,0.4169f,0.9051f,0.0842f,-0.8251f,0.5445f,-0.1745f,-0.8204f,0.0097f,0f,0f,0f,1f],start_interpolation: 0,interpolation_duration: 1}
$data merge entity $(bone_3) {transformation: [-0.9499f,0.1925f,-0.2464f,-0.3397f,0.1754f,0.9804f,0.0899f,-0.7273f,0.2588f,0.0421f,-0.965f,-0.0214f,0f,0f,0f,1f],start_interpolation: 0,interpolation_duration: 1}
$data merge entity $(bone_4) {transformation: [-0.9499f,0.1346f,-0.2822f,-0.4424f,0.1754f,0.9766f,-0.1245f,-0.9369f,0.2588f,-0.1677f,-0.9513f,-0.0147f,0f,0f,0f,1f],start_interpolation: 0,interpolation_duration: 1}
$data merge entity $(bone_bone42) {transformation: [-0.9807f,-0.1741f,0.089f,0.3859f,-0.1562f,0.9714f,0.1787f,-0.8934f,-0.1176f,0.1613f,-0.9799f,-0.2116f,0f,0f,0f,1f],start_interpolation: 0,interpolation_duration: 1}
$data merge entity $(bone_bone41) {transformation: [-0.9944f,-0.0777f,0.0712f,0.3616f,-0.0599f,0.9728f,0.2239f,-0.5894f,-0.0866f,0.2184f,-0.972f,-0.1434f,0f,0f,0f,1f],start_interpolation: 0,interpolation_duration: 1}
$data merge entity $(bone_bone51) {transformation: [-0.946f,-0.324f,0.0124f,0.651f,-0.3227f,0.9444f,0.0632f,-1.163f,-0.0322f,0.0558f,-0.9979f,0.056f,0f,0f,0f,1f],start_interpolation: 0,interpolation_duration: 1}
$data merge entity $(bone_bone50) {transformation: [-0.8974f,-0.4355f,0.0712f,0.4877f,-0.4413f,0.8874f,-0.1334f,-0.8302f,-0.0051f,-0.1511f,-0.9885f,-0.0006f,0f,0f,0f,1f],start_interpolation: 0,interpolation_duration: 1}
$data merge entity $(bone_1) {transformation: [-0.9819f,-0.144f,0.1231f,0.3316f,-0.1374f,0.9886f,0.0613f,-0.7259f,-0.1305f,0.0432f,-0.9905f,-0.0136f,0f,0f,0f,1f],start_interpolation: 0,interpolation_duration: 1}
$data merge entity $(bone_2) {transformation: [-0.9819f,-0.1073f,0.1562f,0.3938f,-0.1374f,0.9708f,-0.1967f,-0.9379f,-0.1305f,-0.2146f,-0.9679f,-0.0189f,0f,0f,0f,1f],start_interpolation: 0,interpolation_duration: 1}
$data merge entity $(bone_7) {transformation: [-0.9969f,0.079f,-0.0041f,-0.1337f,0.0791f,0.9955f,-0.0515f,-1.5334f,0f,-0.0517f,-0.9987f,0.0097f,0f,0f,0f,1f],start_interpolation: 0,interpolation_duration: 1}
$data merge entity $(bone_8) {transformation: [-0.9969f,0.0733f,0.0297f,-0.1447f,0.0791f,0.924f,0.374f,-1.6727f,0f,0.3752f,-0.9269f,0.0294f,0f,0f,0f,1f],start_interpolation: 0,interpolation_duration: 1}
$data merge entity $(bone_5) {transformation: [-0.9969f,-0.079f,-0.0028f,0.1189f,-0.0791f,0.9962f,0.0354f,-1.3467f,0f,0.0355f,-0.9994f,0f,0f,0f,0f,1f],start_interpolation: 0,interpolation_duration: 1}
$data merge entity $(bone_6) {transformation: [-0.9969f,-0.0756f,-0.0232f,0.1456f,-0.0791f,0.9531f,0.2921f,-1.6832f,0f,0.293f,-0.9561f,-0.0057f,0f,0f,0f,1f],start_interpolation: 0,interpolation_duration: 1}