# This file was generated by Animated Java via MC-Build. It is not recommended to edit this file directly.
$data merge entity $(bone_bone54) {transformation: [-0.9827f,0.013f,0.1848f,-0.171f,0.0646f,0.959f,0.2758f,1.2252f,-0.1737f,0.283f,-0.9433f,-0.292f,0f,0f,0f,1f],start_interpolation: 0,interpolation_duration: 1}
$data merge entity $(bone_bone53) {transformation: [-0.9893f,0.0604f,0.1328f,-0.1562f,0.1074f,0.9176f,0.3828f,1.5f,-0.0987f,0.393f,-0.9142f,-0.1406f,0f,0f,0f,1f],start_interpolation: 0,interpolation_duration: 1}
$data merge entity $(bone_bone57) {transformation: [-0.9885f,0.1443f,0.0444f,0.1616f,0.1434f,0.9894f,-0.0229f,1.2137f,-0.0472f,-0.0163f,-0.9988f,-0.2697f,0f,0f,0f,1f],start_interpolation: 0,interpolation_duration: 1}
$data merge entity $(bone_bone56) {transformation: [-0.9736f,0.0058f,0.2283f,0.1563f,0.0786f,0.9471f,0.311f,1.5f,-0.2144f,0.3207f,-0.9226f,-0.1406f,0f,0f,0f,1f],start_interpolation: 0,interpolation_duration: 1}
$data merge entity $(bone_bone5) {transformation: [-0.9298f,0.2117f,0.3009f,-0.2167f,0.1114f,0.9415f,-0.3182f,0.4431f,-0.3507f,-0.2624f,-0.899f,0.1703f,0f,0f,0f,1f],start_interpolation: 0,interpolation_duration: 1}
$data merge entity $(bone_bone2) {transformation: [-0.9298f,0.187f,0.3169f,-0.1875f,0.1114f,0.9639f,-0.242f,0.5938f,-0.3507f,-0.1897f,-0.9171f,0.1406f,0f,0f,0f,1f],start_interpolation: 0,interpolation_duration: 1}
$data merge entity $(bone_bone9) {transformation: [-0.9773f,0.0008f,0.2117f,-0.0876f,0.0058f,0.9997f,0.0227f,0.4579f,-0.2117f,0.0234f,-0.9771f,0.2488f,0f,0f,0f,1f],start_interpolation: 0,interpolation_duration: 1}
$data merge entity $(bone_bone8) {transformation: [-0.9773f,0.0805f,0.1959f,-0.0625f,0.0058f,0.9347f,-0.3553f,0.75f,-0.2117f,-0.3461f,-0.914f,0.1406f,0f,0f,0f,1f],start_interpolation: 0,interpolation_duration: 1}
$data merge entity $(bone_bone12) {transformation: [-0.9773f,-0.0366f,-0.2088f,0.0728f,0.0252f,0.9579f,-0.2861f,0.4492f,0.2105f,-0.2848f,-0.9352f,0.209f,0f,0f,0f,1f],start_interpolation: 0,interpolation_duration: 1}
$data merge entity $(bone_bone11) {transformation: [-0.9773f,-0.033f,-0.2094f,0.0625f,0.0252f,0.9627f,-0.2695f,0.75f,0.2105f,-0.2686f,-0.94f,0.125f,0f,0f,0f,1f],start_interpolation: 0,interpolation_duration: 1}
$data merge entity $(bone_bone15) {transformation: [-0.9461f,-0.1275f,-0.2976f,0.2511f,-0.1257f,0.9917f,-0.0253f,0.4538f,0.2984f,0.0135f,-0.9544f,0.2018f,0f,0f,0f,1f],start_interpolation: 0,interpolation_duration: 1}
$data merge entity $(bone_bone14) {transformation: [-0.9461f,-0.2035f,-0.2518f,0.1875f,-0.1257f,0.9477f,-0.2934f,0.75f,0.2984f,-0.2459f,-0.9222f,0.125f,0f,0f,0f,1f],start_interpolation: 0,interpolation_duration: 1}
$data merge entity $(bone_bone18) {transformation: [-0.8131f,0.4257f,-0.397f,-0.2559f,0.0705f,0.749f,0.6588f,0.4763f,0.5778f,0.5077f,-0.6391f,-0.2751f,0f,0f,0f,1f],start_interpolation: 0,interpolation_duration: 1}
$data merge entity $(bone_bone17) {transformation: [-0.8796f,0.219f,-0.4224f,-0.1875f,-0.0137f,0.8757f,0.4826f,0.75f,0.4756f,0.4303f,-0.7673f,-0.1406f,0f,0f,0f,1f],start_interpolation: 0,interpolation_duration: 1}
$data merge entity $(bone_bone21) {transformation: [-0.9947f,-0.0145f,0.1019f,-0.1232f,0.0171f,0.953f,0.3026f,0.5089f,-0.1015f,0.3027f,-0.9477f,-0.33f,0f,0f,0f,1f],start_interpolation: 0,interpolation_duration: 1}
$data merge entity $(bone_bone20) {transformation: [-0.9369f,0.1941f,-0.2907f,-0.0625f,-0.0372f,0.7715f,0.6351f,0.75f,0.3475f,0.6059f,-0.7156f,-0.1406f,0f,0f,0f,1f],start_interpolation: 0,interpolation_duration: 1}
$data merge entity $(bone_bone24) {transformation: [-0.97f,0.1543f,0.1876f,0.0601f,0.2346f,0.7955f,0.5587f,0.4915f,-0.063f,0.586f,-0.8078f,-0.3162f,0f,0f,0f,1f],start_interpolation: 0,interpolation_duration: 1}
$data merge entity $(bone_bone23) {transformation: [-0.9973f,0.0076f,0.0733f,0.0625f,0.0474f,0.8273f,0.5598f,0.75f,-0.0564f,0.5617f,-0.8254f,-0.1406f,0f,0f,0f,1f],start_interpolation: 0,interpolation_duration: 1}
$data merge entity $(bone_bone27) {transformation: [-0.8494f,-0.335f,0.4078f,0.2787f,0.0826f,0.6787f,0.7297f,0.494f,-0.5212f,0.6535f,-0.5489f,-0.2948f,0f,0f,0f,1f],start_interpolation: 0,interpolation_duration: 1}
$data merge entity $(bone_bone26) {transformation: [-0.7317f,-0.2919f,0.6159f,0.1875f,0.1409f,0.8193f,0.5558f,0.75f,-0.6669f,0.4935f,-0.5583f,-0.1406f,0f,0f,0f,1f],start_interpolation: 0,interpolation_duration: 1}
$data merge entity $(bone_bone30) {transformation: [-0.9718f,-0.2358f,0f,0.3957f,-0.2358f,0.9718f,0f,0.4659f,0f,0f,-1f,0.0625f,0f,0f,0f,1f],start_interpolation: 0,interpolation_duration: 1}
$data merge entity $(bone_bone29) {transformation: [-0.9092f,-0.4163f,0f,0.2656f,-0.4163f,0.9092f,0f,0.75f,0f,0f,-1f,0.0625f,0f,0f,0f,1f],start_interpolation: 0,interpolation_duration: 1}
$data merge entity $(bone_bone33) {transformation: [-0.7908f,-0.5186f,-0.3252f,0.4132f,-0.5558f,0.8309f,0.0266f,0.4776f,0.2564f,0.2018f,-0.9453f,-0.1032f,0f,0f,0f,1f],start_interpolation: 0,interpolation_duration: 1}
$data merge entity $(bone_bone32) {transformation: [-0.86f,-0.4722f,-0.1936f,0.2656f,-0.4881f,0.8718f,0.0417f,0.75f,0.1491f,0.1303f,-0.9802f,-0.0625f,0f,0f,0f,1f],start_interpolation: 0,interpolation_duration: 1}
$data merge entity $(bone_bone36) {transformation: [-0.9786f,0.1256f,-0.1631f,-0.3824f,0.132f,0.9908f,-0.0287f,0.4719f,0.158f,-0.0496f,-0.9862f,0.1443f,0f,0f,0f,1f],start_interpolation: 0,interpolation_duration: 1}
$data merge entity $(bone_bone35) {transformation: [-0.7534f,0.3738f,-0.541f,-0.2656f,0.4559f,0.8898f,-0.02f,0.75f,0.474f,-0.2617f,-0.8408f,0.0625f,0f,0f,0f,1f],start_interpolation: 0,interpolation_duration: 1}
$data merge entity $(bone_bone39) {transformation: [-0.7952f,0.4823f,-0.3674f,-0.401f,0.5166f,0.8562f,0.006f,0.4692f,0.3175f,-0.185f,-0.93f,-0.084f,0f,0f,0f,1f],start_interpolation: 0,interpolation_duration: 1}
$data merge entity $(bone_bone38) {transformation: [-0.8305f,0.4331f,0.3502f,-0.2656f,0.4275f,0.8987f,-0.0976f,0.75f,-0.357f,0.0687f,-0.9316f,-0.0625f,0f,0f,0f,1f],start_interpolation: 0,interpolation_duration: 1}
$data merge entity $(bone_bone45) {transformation: [-0.9951f,0.0339f,-0.0924f,-0.3977f,0.0151f,0.9803f,0.1969f,1.212f,0.0973f,0.1945f,-0.9761f,-0.2449f,0f,0f,0f,1f],start_interpolation: 0,interpolation_duration: 1}
$data merge entity $(bone_bone44) {transformation: [-0.9333f,0.0567f,-0.3545f,-0.38f,-0.065f,0.9445f,0.3221f,1.5072f,0.3531f,0.3237f,-0.8778f,-0.1438f,0f,0f,0f,1f],start_interpolation: 0,interpolation_duration: 1}
$data merge entity $(bone_bone48) {transformation: [-0.7741f,0.5528f,-0.3086f,-0.649f,0.5484f,0.829f,0.1094f,0.9325f,0.3163f,-0.0846f,-0.9449f,0.0778f,0f,0f,0f,1f],start_interpolation: 0,interpolation_duration: 1}
$data merge entity $(bone_bone47) {transformation: [-0.7099f,0.4037f,-0.5772f,-0.4977f,0.4323f,0.8967f,0.0954f,1.2688f,0.556f,-0.1818f,-0.811f,0.0097f,0f,0f,0f,1f],start_interpolation: 0,interpolation_duration: 1}
$data merge entity $(bone_3) {transformation: [-0.9496f,0.1938f,-0.2462f,-0.3399f,0.1767f,0.9801f,0.0902f,1.3664f,0.2588f,0.0421f,-0.965f,-0.0214f,0f,0f,0f,1f],start_interpolation: 0,interpolation_duration: 1}
$data merge entity $(bone_4) {transformation: [-0.9496f,0.136f,-0.2824f,-0.4428f,0.1767f,0.9764f,-0.1241f,1.157f,0.2588f,-0.1677f,-0.9513f,-0.0147f,0f,0f,0f,1f],start_interpolation: 0,interpolation_duration: 1}
$data merge entity $(bone_bone42) {transformation: [-0.9839f,-0.1577f,0.0846f,0.3818f,-0.1444f,0.9788f,0.145f,1.2007f,-0.1057f,0.1305f,-0.9858f,-0.2148f,0f,0f,0f,1f],start_interpolation: 0,interpolation_duration: 1}
$data merge entity $(bone_bone41) {transformation: [-0.9963f,-0.0645f,0.0564f,0.3616f,-0.0498f,0.9714f,0.2322f,1.5043f,-0.0697f,0.2285f,-0.971f,-0.1434f,0f,0f,0f,1f],start_interpolation: 0,interpolation_duration: 1}
$data merge entity $(bone_bone51) {transformation: [-0.9508f,-0.3092f,-0.0213f,0.6552f,-0.3096f,0.9508f,0.0153f,0.9327f,0.0155f,0.0211f,-0.9997f,0.0549f,0f,0f,0f,1f],start_interpolation: 0,interpolation_duration: 1}
$data merge entity $(bone_bone50) {transformation: [-0.8942f,-0.4457f,0.0423f,0.488f,-0.4469f,0.8828f,-0.1444f,1.2637f,0.027f,-0.1481f,-0.9886f,-0.0006f,0f,0f,0f,1f],start_interpolation: 0,interpolation_duration: 1}
$data merge entity $(bone_1) {transformation: [-0.9817f,-0.1454f,0.123f,0.3318f,-0.1387f,0.9884f,0.0614f,1.3678f,-0.1305f,0.0432f,-0.9905f,-0.0136f,0f,0f,0f,1f],start_interpolation: 0,interpolation_duration: 1}
$data merge entity $(bone_2) {transformation: [-0.9817f,-0.1086f,0.1565f,0.3943f,-0.1387f,0.9707f,-0.1965f,1.1559f,-0.1305f,-0.2146f,-0.9679f,-0.0189f,0f,0f,0f,1f],start_interpolation: 0,interpolation_duration: 1}
$data merge entity $(bone_7) {transformation: [-0.997f,0.0777f,-0.0041f,-0.1334f,0.0778f,0.9956f,-0.0529f,0.5604f,0f,-0.053f,-0.9986f,0.0099f,0f,0f,0f,1f],start_interpolation: 0,interpolation_duration: 1}
$data merge entity $(bone_8) {transformation: [-0.997f,0.0721f,0.0291f,-0.1443f,0.0778f,0.9246f,0.3728f,0.4211f,0f,0.374f,-0.9274f,0.0299f,0f,0f,0f,1f],start_interpolation: 0,interpolation_duration: 1}
$data merge entity $(bone_5) {transformation: [-0.997f,-0.0777f,-0.0027f,0.1189f,-0.0778f,0.9964f,0.0341f,0.7471f,0f,0.0342f,-0.9994f,0f,0f,0f,0f,1f],start_interpolation: 0,interpolation_duration: 1}
$data merge entity $(bone_6) {transformation: [-0.997f,-0.0744f,-0.0227f,0.1451f,-0.0778f,0.9536f,0.2908f,0.4106f,0f,0.2917f,-0.9565f,-0.0053f,0f,0f,0f,1f],start_interpolation: 0,interpolation_duration: 1}