# This file was generated by Animated Java via MC-Build. It is not recommended to edit this file directly.
$data merge entity $(bone_bone54) {transformation: [-0.9801f,-0.006f,0.1986f,-0.1657f,0.0439f,0.9684f,0.2456f,1.2256f,-0.1938f,0.2494f,-0.9488f,-0.2932f,0f,0f,0f,1f],start_interpolation: 0,interpolation_duration: 1}
$data merge entity $(bone_bone53) {transformation: [-0.9885f,0.0446f,0.1444f,-0.1562f,0.098f,0.9167f,0.3875f,1.5f,-0.1151f,0.3972f,-0.9105f,-0.1406f,0f,0f,0f,1f],start_interpolation: 0,interpolation_duration: 1}
$data merge entity $(bone_bone57) {transformation: [-0.9882f,0.1523f,0.0187f,0.1612f,0.1518f,0.9881f,-0.0263f,1.2156f,-0.0225f,-0.0232f,-0.9995f,-0.2738f,0f,0f,0f,1f],start_interpolation: 0,interpolation_duration: 1}
$data merge entity $(bone_bone56) {transformation: [-0.9778f,0.005f,0.2094f,0.1563f,0.0746f,0.9425f,0.3256f,1.5f,-0.1957f,0.334f,-0.922f,-0.1406f,0f,0f,0f,1f],start_interpolation: 0,interpolation_duration: 1}
$data merge entity $(bone_bone5) {transformation: [-0.9239f,0.2151f,0.3166f,-0.2156f,0.1006f,0.9345f,-0.3414f,0.4428f,-0.3693f,-0.2835f,-0.885f,0.1698f,0f,0f,0f,1f],start_interpolation: 0,interpolation_duration: 1}
$data merge entity $(bone_bone2) {transformation: [-0.9239f,0.1799f,0.3378f,-0.1875f,0.1006f,0.9658f,-0.2391f,0.5938f,-0.3693f,-0.1869f,-0.9103f,0.1406f,0f,0f,0f,1f],start_interpolation: 0,interpolation_duration: 1}
$data merge entity $(bone_bone9) {transformation: [-0.9733f,0.0082f,0.2295f,-0.09f,0.0054f,0.9999f,-0.0126f,0.4586f,-0.2296f,-0.011f,-0.9732f,0.2501f,0f,0f,0f,1f],start_interpolation: 0,interpolation_duration: 1}
$data merge entity $(bone_bone8) {transformation: [-0.9733f,0.0878f,0.2122f,-0.0625f,0.0054f,0.9325f,-0.361f,0.75f,-0.2296f,-0.3502f,-0.9081f,0.1406f,0f,0f,0f,1f],start_interpolation: 0,interpolation_duration: 1}
$data merge entity $(bone_bone12) {transformation: [-0.9718f,-0.04f,-0.2324f,0.0705f,0.037f,0.9475f,-0.3177f,0.4484f,0.2329f,-0.3174f,-0.9193f,0.2063f,0f,0f,0f,1f],start_interpolation: 0,interpolation_duration: 1}
$data merge entity $(bone_bone11) {transformation: [-0.9718f,-0.0255f,-0.2344f,0.0625f,0.037f,0.9653f,-0.2587f,0.75f,0.2329f,-0.2601f,-0.9371f,0.125f,0f,0f,0f,1f],start_interpolation: 0,interpolation_duration: 1}
$data merge entity $(bone_bone15) {transformation: [-0.9439f,-0.1224f,-0.3066f,0.2508f,-0.121f,0.9924f,-0.0235f,0.4541f,0.3071f,0.0149f,-0.9515f,0.2029f,0f,0f,0f,1f],start_interpolation: 0,interpolation_duration: 1}
$data merge entity $(bone_bone14) {transformation: [-0.9439f,-0.2026f,-0.2607f,0.1875f,-0.121f,0.947f,-0.2976f,0.75f,0.3071f,-0.2494f,-0.9184f,0.125f,0f,0f,0f,1f],start_interpolation: 0,interpolation_duration: 1}
$data merge entity $(bone_bone18) {transformation: [-0.8147f,0.4024f,-0.4175f,-0.2579f,0.0499f,0.766f,0.6409f,0.478f,0.5777f,0.5013f,-0.6442f,-0.2774f,0f,0f,0f,1f],start_interpolation: 0,interpolation_duration: 1}
$data merge entity $(bone_bone17) {transformation: [-0.8718f,0.2252f,-0.435f,-0.1875f,-0.0204f,0.8705f,0.4917f,0.75f,0.4894f,0.4376f,-0.7543f,-0.1406f,0f,0f,0f,1f],start_interpolation: 0,interpolation_duration: 1}
$data merge entity $(bone_bone21) {transformation: [-0.9922f,-0.0018f,0.1245f,-0.1253f,0.0336f,0.9592f,0.2809f,0.512f,-0.1199f,0.2829f,-0.9516f,-0.3332f,0f,0f,0f,1f],start_interpolation: 0,interpolation_duration: 1}
$data merge entity $(bone_bone20) {transformation: [-0.9446f,0.2009f,-0.2595f,-0.0625f,-0.0161f,0.7614f,0.648f,0.75f,0.3278f,0.6163f,-0.716f,-0.1406f,0f,0f,0f,1f],start_interpolation: 0,interpolation_duration: 1}
$data merge entity $(bone_bone24) {transformation: [-0.9704f,0.1495f,0.1895f,0.0598f,0.2325f,0.79f,0.5674f,0.4887f,-0.0649f,0.5947f,-0.8013f,-0.312f,0f,0f,0f,1f],start_interpolation: 0,interpolation_duration: 1}
$data merge entity $(bone_bone23) {transformation: [-0.9974f,0.0087f,0.0714f,0.0625f,0.0464f,0.8361f,0.5467f,0.75f,-0.055f,0.5486f,-0.8343f,-0.1406f,0f,0f,0f,1f],start_interpolation: 0,interpolation_duration: 1}
$data merge entity $(bone_bone27) {transformation: [-0.8382f,-0.3594f,0.4101f,0.2791f,0.1035f,0.6335f,0.7667f,0.4937f,-0.5354f,0.6852f,-0.4939f,-0.2941f,0f,0f,0f,1f],start_interpolation: 0,interpolation_duration: 1}
$data merge entity $(bone_bone26) {transformation: [-0.7106f,-0.2931f,0.6397f,0.1875f,0.1569f,0.8202f,0.5501f,0.75f,-0.6859f,0.4913f,-0.5368f,-0.1406f,0f,0f,0f,1f],start_interpolation: 0,interpolation_duration: 1}
$data merge entity $(bone_bone30) {transformation: [-0.9672f,-0.2542f,0f,0.392f,-0.2542f,0.9672f,0f,0.4642f,0f,0f,-1f,0.0625f,0f,0f,0f,1f],start_interpolation: 0,interpolation_duration: 1}
$data merge entity $(bone_bone29) {transformation: [-0.9146f,-0.4044f,0f,0.2656f,-0.4044f,0.9146f,0f,0.75f,0f,0f,-1f,0.0625f,0f,0f,0f,1f],start_interpolation: 0,interpolation_duration: 1}
$data merge entity $(bone_bone33) {transformation: [-0.7641f,-0.5453f,-0.3447f,0.4085f,-0.5923f,0.8047f,0.04f,0.4752f,0.2556f,0.2347f,-0.9379f,-0.1038f,0f,0f,0f,1f],start_interpolation: 0,interpolation_duration: 1}
$data merge entity $(bone_bone32) {transformation: [-0.862f,-0.4573f,-0.2187f,0.2656f,-0.4749f,0.8794f,0.033f,0.75f,0.1772f,0.1323f,-0.9752f,-0.0625f,0f,0f,0f,1f],start_interpolation: 0,interpolation_duration: 1}
$data merge entity $(bone_bone36) {transformation: [-0.9795f,0.1274f,-0.1559f,-0.382f,0.1318f,0.9911f,-0.0181f,0.4713f,0.1522f,-0.0382f,-0.9876f,0.1427f,0f,0f,0f,1f],start_interpolation: 0,interpolation_duration: 1}
$data merge entity $(bone_bone35) {transformation: [-0.746f,0.3724f,-0.5521f,-0.2656f,0.4522f,0.8919f,-0.0095f,0.75f,0.4889f,-0.2567f,-0.8337f,0.0625f,0f,0f,0f,1f],start_interpolation: 0,interpolation_duration: 1}
$data merge entity $(bone_bone39) {transformation: [-0.7877f,0.4763f,-0.3908f,-0.4032f,0.5145f,0.8574f,0.0079f,0.47f,0.3389f,-0.1949f,-0.9204f,-0.0803f,0f,0f,0f,1f],start_interpolation: 0,interpolation_duration: 1}
$data merge entity $(bone_bone38) {transformation: [-0.825f,0.4403f,0.3541f,-0.2656f,0.4289f,0.896f,-0.1149f,0.75f,-0.3679f,0.0571f,-0.9281f,-0.0625f,0f,0f,0f,1f],start_interpolation: 0,interpolation_duration: 1}
$data merge entity $(bone_bone45) {transformation: [-0.996f,0.0178f,-0.0874f,-0.404f,-0.0027f,0.9735f,0.2285f,1.2128f,0.0891f,0.2278f,-0.9696f,-0.2458f,0f,0f,0f,1f],start_interpolation: 0,interpolation_duration: 1}
$data merge entity $(bone_bone44) {transformation: [-0.9268f,0.0771f,-0.3675f,-0.3799f,-0.0529f,0.9421f,0.3312f,1.5072f,0.3718f,0.3264f,-0.8691f,-0.1438f,0f,0f,0f,1f],start_interpolation: 0,interpolation_duration: 1}
$data merge entity $(bone_bone48) {transformation: [-0.7651f,0.5652f,-0.3085f,-0.655f,0.5464f,0.8234f,0.1533f,0.9358f,0.3407f,-0.0513f,-0.9388f,0.0804f,0f,0f,0f,1f],start_interpolation: 0,interpolation_duration: 1}
$data merge entity $(bone_bone47) {transformation: [-0.6926f,0.4187f,-0.5874f,-0.498f,0.4466f,0.8883f,0.1067f,1.2689f,0.5665f,-0.1885f,-0.8022f,0.0097f,0f,0f,0f,1f],start_interpolation: 0,interpolation_duration: 1}
$data merge entity $(bone_3) {transformation: [-0.9494f,0.1952f,-0.2461f,-0.3401f,0.178f,0.9799f,0.0905f,1.3664f,0.2588f,0.0421f,-0.965f,-0.0214f,0f,0f,0f,1f],start_interpolation: 0,interpolation_duration: 1}
$data merge entity $(bone_4) {transformation: [-0.9494f,0.1373f,-0.2825f,-0.4433f,0.178f,0.9762f,-0.1237f,1.1571f,0.2588f,-0.1677f,-0.9513f,-0.0147f,0f,0f,0f,1f],start_interpolation: 0,interpolation_duration: 1}
$data merge entity $(bone_bone42) {transformation: [-0.9867f,-0.1421f,0.0786f,0.3778f,-0.1328f,0.9847f,0.1128f,1.2012f,-0.0935f,0.1009f,-0.9905f,-0.2179f,0f,0f,0f,1f],start_interpolation: 0,interpolation_duration: 1}
$data merge entity $(bone_bone41) {transformation: [-0.9978f,-0.0519f,0.0423f,0.3616f,-0.0403f,0.9698f,0.2407f,1.5043f,-0.0535f,0.2384f,-0.9697f,-0.1434f,0f,0f,0f,1f],start_interpolation: 0,interpolation_duration: 1}
$data merge entity $(bone_bone51) {transformation: [-0.9532f,-0.2974f,-0.0541f,0.659f,-0.2961f,0.9547f,-0.0313f,0.9344f,0.061f,-0.0139f,-0.998f,0.0537f,0f,0f,0f,1f],start_interpolation: 0,interpolation_duration: 1}
$data merge entity $(bone_bone50) {transformation: [-0.8904f,-0.455f,0.015f,0.4884f,-0.4516f,0.8787f,-0.155f,1.2639f,0.0574f,-0.1447f,-0.9878f,-0.0006f,0f,0f,0f,1f],start_interpolation: 0,interpolation_duration: 1}
$data merge entity $(bone_1) {transformation: [-0.9815f,-0.1468f,0.1229f,0.332f,-0.14f,0.9882f,0.0616f,1.3677f,-0.1305f,0.0432f,-0.9905f,-0.0136f,0f,0f,0f,1f],start_interpolation: 0,interpolation_duration: 1}
$data merge entity $(bone_2) {transformation: [-0.9815f,-0.1099f,0.1567f,0.3948f,-0.14f,0.9705f,-0.1963f,1.1559f,-0.1305f,-0.2146f,-0.9679f,-0.0189f,0f,0f,0f,1f],start_interpolation: 0,interpolation_duration: 1}
$data merge entity $(bone_7) {transformation: [-0.9971f,0.0762f,-0.0042f,-0.1332f,0.0764f,0.9956f,-0.0543f,0.5605f,0f,-0.0544f,-0.9985f,0.0102f,0f,0f,0f,1f],start_interpolation: 0,interpolation_duration: 1}
$data merge entity $(bone_8) {transformation: [-0.9971f,0.0709f,0.0285f,-0.1438f,0.0764f,0.9253f,0.3716f,0.4211f,0f,0.3727f,-0.928f,0.0303f,0f,0f,0f,1f],start_interpolation: 0,interpolation_duration: 1}
$data merge entity $(bone_5) {transformation: [-0.9971f,-0.0763f,-0.0025f,0.1189f,-0.0764f,0.9965f,0.0327f,0.7471f,0f,0.0328f,-0.9995f,0f,0f,0f,0f,1f],start_interpolation: 0,interpolation_duration: 1}
$data merge entity $(bone_6) {transformation: [-0.9971f,-0.0731f,-0.0222f,0.1446f,-0.0764f,0.9541f,0.2895f,0.4106f,0f,0.2904f,-0.9569f,-0.0048f,0f,0f,0f,1f],start_interpolation: 0,interpolation_duration: 1}