# This file was generated by Animated Java via MC-Build. It is not recommended to edit this file directly.
$data merge entity $(bone_bone54) {transformation: [-0.9768f,-0.0225f,0.2128f,-0.1606f,0.0246f,0.976f,0.2162f,1.2261f,-0.2126f,0.2165f,-0.9529f,-0.2943f,0f,0f,0f,1f],start_interpolation: 0,interpolation_duration: 1}
$data merge entity $(bone_bone53) {transformation: [-0.9876f,0.0294f,0.1545f,-0.1562f,0.0886f,0.9156f,0.3921f,1.5f,-0.1299f,0.4009f,-0.9068f,-0.1406f,0f,0f,0f,1f],start_interpolation: 0,interpolation_duration: 1}
$data merge entity $(bone_bone57) {transformation: [-0.9872f,0.1595f,-0.0058f,0.1608f,0.1596f,0.9868f,-0.0288f,1.2174f,0.0011f,-0.0294f,-0.9996f,-0.2777f,0f,0f,0f,1f],start_interpolation: 0,interpolation_duration: 1}
$data merge entity $(bone_bone56) {transformation: [-0.9815f,0.0047f,0.1912f,0.1563f,0.0706f,0.9381f,0.3392f,1.5f,-0.1777f,0.3464f,-0.9211f,-0.1406f,0f,0f,0f,1f],start_interpolation: 0,interpolation_duration: 1}
$data merge entity $(bone_bone5) {transformation: [-0.9178f,0.2191f,0.3311f,-0.2146f,0.0906f,0.9276f,-0.3625f,0.4426f,-0.3866f,-0.3027f,-0.8712f,0.1694f,0f,0f,0f,1f],start_interpolation: 0,interpolation_duration: 1}
$data merge entity $(bone_bone2) {transformation: [-0.9178f,0.1731f,0.3573f,-0.1875f,0.0906f,0.9675f,-0.236f,0.5938f,-0.3866f,-0.1842f,-0.9037f,0.1406f,0f,0f,0f,1f],start_interpolation: 0,interpolation_duration: 1}
$data merge entity $(bone_bone9) {transformation: [-0.9692f,0.0162f,0.2458f,-0.0922f,0.0051f,0.9989f,-0.0456f,0.4592f,-0.2463f,-0.043f,-0.9682f,0.2512f,0f,0f,0f,1f],start_interpolation: 0,interpolation_duration: 1}
$data merge entity $(bone_bone8) {transformation: [-0.9692f,0.0949f,0.2274f,-0.0625f,0.0051f,0.9304f,-0.3664f,0.75f,-0.2463f,-0.3539f,-0.9022f,0.1406f,0f,0f,0f,1f],start_interpolation: 0,interpolation_duration: 1}
$data merge entity $(bone_bone12) {transformation: [-0.9661f,-0.0447f,-0.2544f,0.0682f,0.0479f,0.9368f,-0.3465f,0.4476f,0.2538f,-0.347f,-0.9029f,0.2037f,0f,0f,0f,1f],start_interpolation: 0,interpolation_duration: 1}
$data merge entity $(bone_bone11) {transformation: [-0.9661f,-0.0182f,-0.2576f,0.0625f,0.0479f,0.9676f,-0.248f,0.75f,0.2538f,-0.252f,-0.9339f,0.125f,0f,0f,0f,1f],start_interpolation: 0,interpolation_duration: 1}
$data merge entity $(bone_bone15) {transformation: [-0.9418f,-0.1175f,-0.315f,0.2506f,-0.1166f,0.9929f,-0.0218f,0.4543f,0.3153f,0.0162f,-0.9488f,0.204f,0f,0f,0f,1f],start_interpolation: 0,interpolation_duration: 1}
$data merge entity $(bone_bone14) {transformation: [-0.9418f,-0.2018f,-0.2689f,0.1875f,-0.1166f,0.9463f,-0.3016f,0.75f,0.3153f,-0.2526f,-0.9147f,0.125f,0f,0f,0f,1f],start_interpolation: 0,interpolation_duration: 1}
$data merge entity $(bone_bone18) {transformation: [-0.8165f,0.3794f,-0.4353f,-0.2598f,0.0312f,0.7817f,0.6228f,0.4794f,0.5766f,0.4949f,-0.6501f,-0.2792f,0f,0f,0f,1f],start_interpolation: 0,interpolation_duration: 1}
$data merge entity $(bone_bone17) {transformation: [-0.8641f,0.2314f,-0.447f,-0.1875f,-0.0265f,0.8659f,0.4996f,0.75f,0.5027f,0.4435f,-0.742f,-0.1406f,0f,0f,0f,1f],start_interpolation: 0,interpolation_duration: 1}
$data merge entity $(bone_bone21) {transformation: [-0.9893f,0.0114f,0.1453f,-0.127f,0.0491f,0.9647f,0.2589f,0.515f,-0.1372f,0.2633f,-0.9549f,-0.3363f,0f,0f,0f,1f],start_interpolation: 0,interpolation_duration: 1}
$data merge entity $(bone_bone20) {transformation: [-0.9512f,0.2063f,-0.2295f,-0.0625f,0.0041f,0.752f,0.6592f,0.75f,0.3086f,0.6261f,-0.7161f,-0.1406f,0f,0f,0f,1f],start_interpolation: 0,interpolation_duration: 1}
$data merge entity $(bone_bone24) {transformation: [-0.9708f,0.1444f,0.1916f,0.0595f,0.2303f,0.7846f,0.5756f,0.4861f,-0.0672f,0.603f,-0.7949f,-0.308f,0f,0f,0f,1f],start_interpolation: 0,interpolation_duration: 1}
$data merge entity $(bone_bone23) {transformation: [-0.9975f,0.0095f,0.07f,0.0625f,0.0454f,0.8445f,0.5337f,0.75f,-0.054f,0.5355f,-0.8428f,-0.1406f,0f,0f,0f,1f],start_interpolation: 0,interpolation_duration: 1}
$data merge entity $(bone_bone27) {transformation: [-0.8272f,-0.3838f,0.4104f,0.2792f,0.1225f,0.5895f,0.7984f,0.4931f,-0.5484f,0.7107f,-0.4406f,-0.2931f,0f,0f,0f,1f],start_interpolation: 0,interpolation_duration: 1}
$data merge entity $(bone_bone26) {transformation: [-0.6901f,-0.2935f,0.6615f,0.1875f,0.1711f,0.822f,0.5432f,0.75f,-0.7032f,0.4881f,-0.5171f,-0.1406f,0f,0f,0f,1f],start_interpolation: 0,interpolation_duration: 1}
$data merge entity $(bone_bone30) {transformation: [-0.9621f,-0.2728f,0f,0.3884f,-0.2728f,0.9621f,0f,0.4626f,0f,0f,-1f,0.0625f,0f,0f,0f,1f],start_interpolation: 0,interpolation_duration: 1}
$data merge entity $(bone_bone29) {transformation: [-0.9196f,-0.3928f,0f,0.2656f,-0.3928f,0.9196f,0f,0.75f,0f,0f,-1f,0.0625f,0f,0f,0f,1f],start_interpolation: 0,interpolation_duration: 1}
$data merge entity $(bone_bone33) {transformation: [-0.7384f,-0.5675f,-0.3643f,0.404f,-0.6251f,0.7786f,0.0541f,0.4729f,0.253f,0.2677f,-0.9297f,-0.1043f,0f,0f,0f,1f],start_interpolation: 0,interpolation_duration: 1}
$data merge entity $(bone_bone32) {transformation: [-0.8633f,-0.4428f,-0.2421f,0.2656f,-0.4618f,0.8866f,0.0255f,0.75f,0.2033f,0.1338f,-0.9699f,-0.0625f,0f,0f,0f,1f],start_interpolation: 0,interpolation_duration: 1}
$data merge entity $(bone_bone36) {transformation: [-0.9802f,0.1296f,-0.1494f,-0.3815f,0.1325f,0.9911f,-0.0096f,0.4706f,0.1468f,-0.0292f,-0.9887f,0.1412f,0f,0f,0f,1f],start_interpolation: 0,interpolation_duration: 1}
$data merge entity $(bone_bone35) {transformation: [-0.7397f,0.3707f,-0.5616f,-0.2656f,0.4482f,0.894f,-0.0002f,0.75f,0.502f,-0.2518f,-0.8274f,0.0625f,0f,0f,0f,1f],start_interpolation: 0,interpolation_duration: 1}
$data merge entity $(bone_bone39) {transformation: [-0.7803f,0.4707f,-0.4118f,-0.4053f,0.5128f,0.8584f,0.0094f,0.4708f,0.3579f,-0.2038f,-0.9112f,-0.0769f,0f,0f,0f,1f],start_interpolation: 0,interpolation_duration: 1}
$data merge entity $(bone_bone38) {transformation: [-0.82f,0.4471f,0.3573f,-0.2656f,0.4299f,0.8933f,-0.1311f,0.75f,-0.3778f,0.0461f,-0.9247f,-0.0625f,0f,0f,0f,1f],start_interpolation: 0,interpolation_duration: 1}
$data merge entity $(bone_bone45) {transformation: [-0.9966f,0.0027f,-0.0829f,-0.4103f,-0.019f,0.9654f,0.26f,1.2136f,0.0807f,0.2607f,-0.962f,-0.2465f,0f,0f,0f,1f],start_interpolation: 0,interpolation_duration: 1}
$data merge entity $(bone_bone44) {transformation: [-0.9205f,0.0973f,-0.3785f,-0.3799f,-0.0406f,0.9395f,0.3402f,1.5072f,0.3887f,0.3285f,-0.8608f,-0.1438f,0f,0f,0f,1f],start_interpolation: 0,interpolation_duration: 1}
$data merge entity $(bone_bone48) {transformation: [-0.7561f,0.5772f,-0.3085f,-0.6606f,0.5434f,0.8164f,0.1955f,0.939f,0.3647f,-0.0198f,-0.9309f,0.0827f,0f,0f,0f,1f],start_interpolation: 0,interpolation_duration: 1}
$data merge entity $(bone_bone47) {transformation: [-0.6763f,0.4328f,-0.5961f,-0.4983f,0.4597f,0.8802f,0.1175f,1.2691f,0.5756f,-0.1946f,-0.7942f,0.0097f,0f,0f,0f,1f],start_interpolation: 0,interpolation_duration: 1}
$data merge entity $(bone_3) {transformation: [-0.9491f,0.1967f,-0.246f,-0.3403f,0.1794f,0.9796f,0.0909f,1.3663f,0.2588f,0.0421f,-0.965f,-0.0214f,0f,0f,0f,1f],start_interpolation: 0,interpolation_duration: 1}
$data merge entity $(bone_4) {transformation: [-0.9491f,0.1388f,-0.2827f,-0.4438f,0.1794f,0.976f,-0.1233f,1.1572f,0.2588f,-0.1677f,-0.9513f,-0.0147f,0f,0f,0f,1f],start_interpolation: 0,interpolation_duration: 1}
$data merge entity $(bone_bone42) {transformation: [-0.9892f,-0.1277f,0.0714f,0.3742f,-0.1217f,0.9891f,0.0828f,1.2018f,-0.0812f,0.0733f,-0.994f,-0.2208f,0f,0f,0f,1f],start_interpolation: 0,interpolation_duration: 1}
$data merge entity $(bone_bone41) {transformation: [-0.9988f,-0.0402f,0.0294f,0.3616f,-0.0317f,0.968f,0.2491f,1.5043f,-0.0385f,0.2479f,-0.968f,-0.1434f,0f,0f,0f,1f],start_interpolation: 0,interpolation_duration: 1}
$data merge entity $(bone_bone51) {transformation: [-0.9536f,-0.2886f,-0.0852f,0.6624f,-0.2827f,0.9562f,-0.0756f,0.9359f,0.1033f,-0.048f,-0.9935f,0.0523f,0f,0f,0f,1f],start_interpolation: 0,interpolation_duration: 1}
$data merge entity $(bone_bone50) {transformation: [-0.8862f,-0.4631f,-0.0103f,0.4887f,-0.4553f,0.875f,-0.1646f,1.2641f,0.0852f,-0.1412f,-0.9863f,-0.0006f,0f,0f,0f,1f],start_interpolation: 0,interpolation_duration: 1}
$data merge entity $(bone_1) {transformation: [-0.9813f,-0.1482f,0.1228f,0.3322f,-0.1415f,0.988f,0.0618f,1.3677f,-0.1305f,0.0432f,-0.9905f,-0.0136f,0f,0f,0f,1f],start_interpolation: 0,interpolation_duration: 1}
$data merge entity $(bone_2) {transformation: [-0.9813f,-0.1114f,0.157f,0.3953f,-0.1415f,0.9703f,-0.196f,1.1559f,-0.1305f,-0.2146f,-0.9679f,-0.0189f,0f,0f,0f,1f],start_interpolation: 0,interpolation_duration: 1}
$data merge entity $(bone_7) {transformation: [-0.9972f,0.0748f,-0.0042f,-0.1329f,0.0749f,0.9956f,-0.0557f,0.5605f,0f,-0.0559f,-0.9984f,0.0105f,0f,0f,0f,1f],start_interpolation: 0,interpolation_duration: 1}
$data merge entity $(bone_8) {transformation: [-0.9972f,0.0695f,0.0278f,-0.1433f,0.0749f,0.9259f,0.3703f,0.4212f,0f,0.3713f,-0.9285f,0.0308f,0f,0f,0f,1f],start_interpolation: 0,interpolation_duration: 1}
$data merge entity $(bone_5) {transformation: [-0.9972f,-0.0749f,-0.0023f,0.1189f,-0.0749f,0.9967f,0.0312f,0.7472f,0f,0.0313f,-0.9995f,0f,0f,0f,0f,1f],start_interpolation: 0,interpolation_duration: 1}
$data merge entity $(bone_6) {transformation: [-0.9972f,-0.0717f,-0.0216f,0.1441f,-0.0749f,0.9547f,0.2881f,0.4106f,0f,0.289f,-0.9573f,-0.0043f,0f,0f,0f,1f],start_interpolation: 0,interpolation_duration: 1}