# This file was generated by Animated Java via MC-Build. It is not recommended to edit this file directly.
$data merge entity $(bone_bone54) {transformation: [-0.9733f,-0.0364f,0.2266f,-0.1559f,0.0071f,0.9821f,0.1884f,1.2266f,-0.2294f,0.185f,-0.9556f,-0.2952f,0f,0f,0f,1f],start_interpolation: 0,interpolation_duration: 1}
$data merge entity $(bone_bone53) {transformation: [-0.9865f,0.0153f,0.1628f,-0.1562f,0.0796f,0.9146f,0.3965f,1.5f,-0.1429f,0.4042f,-0.9035f,-0.1406f,0f,0f,0f,1f],start_interpolation: 0,interpolation_duration: 1}
$data merge entity $(bone_bone57) {transformation: [-0.9857f,0.1658f,-0.0286f,0.1602f,0.1667f,0.9855f,-0.0302f,1.2191f,0.0231f,-0.0346f,-0.9991f,-0.2811f,0f,0f,0f,1f],start_interpolation: 0,interpolation_duration: 1}
$data merge entity $(bone_bone56) {transformation: [-0.9847f,0.0048f,0.1741f,0.1563f,0.0666f,0.9339f,0.3513f,1.5f,-0.1609f,0.3576f,-0.9199f,-0.1406f,0f,0f,0f,1f],start_interpolation: 0,interpolation_duration: 1}
$data merge entity $(bone_bone5) {transformation: [-0.9119f,0.2234f,0.3442f,-0.2136f,0.0817f,0.9208f,-0.3813f,0.4423f,-0.4021f,-0.3196f,-0.858f,0.169f,0f,0f,0f,1f],start_interpolation: 0,interpolation_duration: 1}
$data merge entity $(bone_bone2) {transformation: [-0.9119f,0.1669f,0.3749f,-0.1875f,0.0817f,0.9691f,-0.2328f,0.5938f,-0.4021f,-0.1817f,-0.8974f,0.1406f,0f,0f,0f,1f],start_interpolation: 0,interpolation_duration: 1}
$data merge entity $(bone_bone9) {transformation: [-0.9652f,0.0244f,0.2604f,-0.0942f,0.0049f,0.9971f,-0.0756f,0.4598f,-0.2615f,-0.0717f,-0.9626f,0.2522f,0f,0f,0f,1f],start_interpolation: 0,interpolation_duration: 1}
$data merge entity $(bone_bone8) {transformation: [-0.9652f,0.1014f,0.241f,-0.0625f,0.0049f,0.9285f,-0.3713f,0.75f,-0.2615f,-0.3572f,-0.8967f,0.1406f,0f,0f,0f,1f],start_interpolation: 0,interpolation_duration: 1}
$data merge entity $(bone_bone12) {transformation: [-0.9604f,-0.0502f,-0.2741f,0.066f,0.0577f,0.9265f,-0.372f,0.447f,0.2726f,-0.373f,-0.8869f,0.2014f,0f,0f,0f,1f],start_interpolation: 0,interpolation_duration: 1}
$data merge entity $(bone_bone11) {transformation: [-0.9604f,-0.0112f,-0.2784f,0.0625f,0.0577f,0.9696f,-0.2379f,0.75f,0.2726f,-0.2446f,-0.9305f,0.125f,0f,0f,0f,1f],start_interpolation: 0,interpolation_duration: 1}
$data merge entity $(bone_bone15) {transformation: [-0.9398f,-0.1131f,-0.3226f,0.2504f,-0.1127f,0.9934f,-0.0201f,0.4545f,0.3227f,0.0174f,-0.9463f,0.2049f,0f,0f,0f,1f],start_interpolation: 0,interpolation_duration: 1}
$data merge entity $(bone_bone14) {transformation: [-0.9398f,-0.2011f,-0.2764f,0.1875f,-0.1127f,0.9456f,-0.3051f,0.75f,0.3227f,-0.2555f,-0.9113f,0.125f,0f,0f,0f,1f],start_interpolation: 0,interpolation_duration: 1}
$data merge entity $(bone_bone18) {transformation: [-0.8183f,0.3574f,-0.4502f,-0.2617f,0.0148f,0.796f,0.6051f,0.4807f,0.5746f,0.4885f,-0.6567f,-0.2807f,0f,0f,0f,1f],start_interpolation: 0,interpolation_duration: 1}
$data merge entity $(bone_bone17) {transformation: [-0.8565f,0.2375f,-0.4583f,-0.1875f,-0.0319f,0.8619f,0.5061f,0.75f,0.5152f,0.4481f,-0.7306f,-0.1406f,0f,0f,0f,1f],start_interpolation: 0,interpolation_duration: 1}
$data merge entity $(bone_bone21) {transformation: [-0.9862f,0.0245f,0.1636f,-0.1283f,0.0634f,0.9694f,0.2371f,0.5177f,-0.1528f,0.2442f,-0.9576f,-0.3391f,0f,0f,0f,1f],start_interpolation: 0,interpolation_duration: 1}
$data merge entity $(bone_bone20) {transformation: [-0.9566f,0.2104f,-0.2014f,-0.0625f,0.0227f,0.7433f,0.6686f,0.75f,0.2904f,0.635f,-0.7158f,-0.1406f,0f,0f,0f,1f],start_interpolation: 0,interpolation_duration: 1}
$data merge entity $(bone_bone24) {transformation: [-0.9711f,0.1392f,0.1939f,0.0594f,0.2283f,0.7794f,0.5835f,0.4836f,-0.0699f,0.6109f,-0.7886f,-0.304f,0f,0f,0f,1f],start_interpolation: 0,interpolation_duration: 1}
$data merge entity $(bone_bone23) {transformation: [-0.9976f,0.01f,0.069f,0.0625f,0.0445f,0.8523f,0.5211f,0.75f,-0.0536f,0.5229f,-0.8507f,-0.1406f,0f,0f,0f,1f],start_interpolation: 0,interpolation_duration: 1}
$data merge entity $(bone_bone27) {transformation: [-0.8167f,-0.4072f,0.4088f,0.2791f,0.1395f,0.548f,0.8248f,0.4924f,-0.5599f,0.7307f,-0.3907f,-0.2919f,0f,0f,0f,1f],start_interpolation: 0,interpolation_duration: 1}
$data merge entity $(bone_bone26) {transformation: [-0.6711f,-0.2931f,0.681f,0.1875f,0.1832f,0.8245f,0.5354f,0.75f,-0.7184f,0.4841f,-0.4996f,-0.1406f,0f,0f,0f,1f],start_interpolation: 0,interpolation_duration: 1}
$data merge entity $(bone_bone30) {transformation: [-0.9565f,-0.2916f,0f,0.3849f,-0.2916f,0.9565f,0f,0.4612f,0f,0f,-1f,0.0625f,0f,0f,0f,1f],start_interpolation: 0,interpolation_duration: 1}
$data merge entity $(bone_bone29) {transformation: [-0.9243f,-0.3817f,0f,0.2656f,-0.3817f,0.9243f,0f,0.75f,0f,0f,-1f,0.0625f,0f,0f,0f,1f],start_interpolation: 0,interpolation_duration: 1}
$data merge entity $(bone_bone33) {transformation: [-0.7145f,-0.5852f,-0.3833f,0.3996f,-0.6538f,0.7536f,0.0683f,0.4709f,0.2489f,0.2994f,-0.9211f,-0.1046f,0f,0f,0f,1f],start_interpolation: 0,interpolation_duration: 1}
$data merge entity $(bone_bone32) {transformation: [-0.8641f,-0.4289f,-0.2635f,0.2656f,-0.4492f,0.8932f,0.0191f,0.75f,0.2271f,0.1348f,-0.9645f,-0.0625f,0f,0f,0f,1f],start_interpolation: 0,interpolation_duration: 1}
$data merge entity $(bone_bone36) {transformation: [-0.9808f,0.1322f,-0.1437f,-0.3809f,0.1341f,0.991f,-0.0034f,0.47f,0.1419f,-0.0226f,-0.9896f,0.1397f,0f,0f,0f,1f],start_interpolation: 0,interpolation_duration: 1}
$data merge entity $(bone_bone35) {transformation: [-0.7348f,0.3688f,-0.5693f,-0.2656f,0.4438f,0.8961f,0.0077f,0.75f,0.5129f,-0.247f,-0.8221f,0.0625f,0f,0f,0f,1f],start_interpolation: 0,interpolation_duration: 1}
$data merge entity $(bone_bone39) {transformation: [-0.7734f,0.4656f,-0.4302f,-0.4073f,0.5114f,0.8593f,0.0106f,0.4717f,0.3746f,-0.2118f,-0.9027f,-0.0737f,0f,0f,0f,1f],start_interpolation: 0,interpolation_duration: 1}
$data merge entity $(bone_bone38) {transformation: [-0.8155f,0.4532f,0.3599f,-0.2656f,0.4305f,0.8907f,-0.1461f,0.75f,-0.3868f,0.0357f,-0.9215f,-0.0625f,0f,0f,0f,1f],start_interpolation: 0,interpolation_duration: 1}
$data merge entity $(bone_bone45) {transformation: [-0.9968f,-0.0114f,-0.079f,-0.4164f,-0.034f,0.9562f,0.2907f,1.2145f,0.0722f,0.2924f,-0.9536f,-0.2469f,0f,0f,0f,1f],start_interpolation: 0,interpolation_duration: 1}
$data merge entity $(bone_bone44) {transformation: [-0.9145f,0.1168f,-0.3875f,-0.3799f,-0.0282f,0.9367f,0.3489f,1.5072f,0.4037f,0.33f,-0.8533f,-0.1438f,0f,0f,0f,1f],start_interpolation: 0,interpolation_duration: 1}
$data merge entity $(bone_bone48) {transformation: [-0.7472f,0.5884f,-0.3088f,-0.6658f,0.5396f,0.8085f,0.235f,0.9421f,0.388f,0.009f,-0.9216f,0.0847f,0f,0f,0f,1f],start_interpolation: 0,interpolation_duration: 1}
$data merge entity $(bone_bone47) {transformation: [-0.6614f,0.4456f,-0.6033f,-0.4987f,0.4715f,0.8726f,0.1276f,1.2693f,0.5833f,-0.2f,-0.7873f,0.0097f,0f,0f,0f,1f],start_interpolation: 0,interpolation_duration: 1}
$data merge entity $(bone_3) {transformation: [-0.9488f,0.1981f,-0.2458f,-0.3405f,0.1808f,0.9793f,0.0913f,1.3663f,0.2588f,0.0421f,-0.965f,-0.0214f,0f,0f,0f,1f],start_interpolation: 0,interpolation_duration: 1}
$data merge entity $(bone_4) {transformation: [-0.9488f,0.1402f,-0.2829f,-0.4443f,0.1808f,0.9758f,-0.1229f,1.1573f,0.2588f,-0.1677f,-0.9513f,-0.0147f,0f,0f,0f,1f],start_interpolation: 0,interpolation_duration: 1}
$data merge entity $(bone_bone42) {transformation: [-0.9914f,-0.1149f,0.0633f,0.3709f,-0.1115f,0.9922f,0.0558f,1.2024f,-0.0692f,0.0483f,-0.9964f,-0.2236f,0f,0f,0f,1f],start_interpolation: 0,interpolation_duration: 1}
$data merge entity $(bone_bone41) {transformation: [-0.9994f,-0.0298f,0.0182f,0.3616f,-0.0241f,0.966f,0.2573f,1.5042f,-0.0252f,0.2567f,-0.9662f,-0.1434f,0f,0f,0f,1f],start_interpolation: 0,interpolation_duration: 1}
$data merge entity $(bone_bone51) {transformation: [-0.9524f,-0.2829f,-0.1136f,0.6653f,-0.27f,0.9558f,-0.1166f,0.9373f,0.1415f,-0.0804f,-0.9867f,0.051f,0f,0f,0f,1f],start_interpolation: 0,interpolation_duration: 1}
$data merge entity $(bone_bone50) {transformation: [-0.8821f,-0.4699f,-0.0328f,0.4891f,-0.4581f,0.8719f,-0.1731f,1.2642f,0.11f,-0.1376f,-0.9844f,-0.0006f,0f,0f,0f,1f],start_interpolation: 0,interpolation_duration: 1}
$data merge entity $(bone_1) {transformation: [-0.9811f,-0.1497f,0.1227f,0.3324f,-0.143f,0.9878f,0.062f,1.3676f,-0.1305f,0.0432f,-0.9905f,-0.0136f,0f,0f,0f,1f],start_interpolation: 0,interpolation_duration: 1}
$data merge entity $(bone_2) {transformation: [-0.9811f,-0.1128f,0.1573f,0.3958f,-0.143f,0.9702f,-0.1958f,1.156f,-0.1305f,-0.2146f,-0.9679f,-0.0189f,0f,0f,0f,1f],start_interpolation: 0,interpolation_duration: 1}
$data merge entity $(bone_7) {transformation: [-0.9973f,0.0733f,-0.0042f,-0.1326f,0.0734f,0.9957f,-0.0573f,0.5606f,0f,-0.0574f,-0.9984f,0.0108f,0f,0f,0f,1f],start_interpolation: 0,interpolation_duration: 1}
$data merge entity $(bone_8) {transformation: [-0.9973f,0.0682f,0.0271f,-0.1428f,0.0734f,0.9266f,0.3689f,0.4213f,0f,0.3699f,-0.9291f,0.0313f,0f,0f,0f,1f],start_interpolation: 0,interpolation_duration: 1}
$data merge entity $(bone_5) {transformation: [-0.9973f,-0.0734f,-0.0022f,0.1189f,-0.0734f,0.9969f,0.0297f,0.7472f,0f,0.0298f,-0.9996f,0f,0f,0f,0f,1f],start_interpolation: 0,interpolation_duration: 1}
$data merge entity $(bone_6) {transformation: [-0.9973f,-0.0703f,-0.0211f,0.1436f,-0.0734f,0.9552f,0.2867f,0.4106f,0f,0.2875f,-0.9578f,-0.0038f,0f,0f,0f,1f],start_interpolation: 0,interpolation_duration: 1}