# This file was generated by Animated Java via MC-Build. It is not recommended to edit this file directly.
$data merge entity $(bone_bone54) {transformation: [-0.9698f,-0.0474f,0.2394f,-0.1518f,-0.0081f,0.9867f,0.1624f,1.227f,-0.2439f,0.1556f,-0.9573f,-0.2959f,0f,0f,0f,1f],start_interpolation: 0,interpolation_duration: 1}
$data merge entity $(bone_bone53) {transformation: [-0.9856f,0.0025f,0.1693f,-0.1562f,0.0711f,0.9135f,0.4006f,1.5f,-0.1536f,0.4068f,-0.9005f,-0.1406f,0f,0f,0f,1f],start_interpolation: 0,interpolation_duration: 1}
$data merge entity $(bone_bone57) {transformation: [-0.984f,0.1714f,-0.049f,0.1596f,0.173f,0.9844f,-0.0306f,1.2207f,0.043f,-0.0386f,-0.9983f,-0.2841f,0f,0f,0f,1f],start_interpolation: 0,interpolation_duration: 1}
$data merge entity $(bone_bone56) {transformation: [-0.9873f,0.0051f,0.1585f,0.1563f,0.0629f,0.9301f,0.362f,1.5f,-0.1456f,0.3674f,-0.9186f,-0.1406f,0f,0f,0f,1f],start_interpolation: 0,interpolation_duration: 1}
$data merge entity $(bone_bone5) {transformation: [-0.9065f,0.2277f,0.3555f,-0.2127f,0.0739f,0.9147f,-0.3973f,0.4421f,-0.4156f,-0.3339f,-0.846f,0.1687f,0f,0f,0f,1f],start_interpolation: 0,interpolation_duration: 1}
$data merge entity $(bone_bone2) {transformation: [-0.9065f,0.1614f,0.3901f,-0.1875f,0.0739f,0.9704f,-0.2298f,0.5938f,-0.4156f,-0.1795f,-0.8916f,0.1406f,0f,0f,0f,1f],start_interpolation: 0,interpolation_duration: 1}
$data merge entity $(bone_bone9) {transformation: [-0.9615f,0.0324f,0.2728f,-0.096f,0.0046f,0.9948f,-0.1017f,0.4604f,-0.2746f,-0.0965f,-0.9567f,0.2531f,0f,0f,0f,1f],start_interpolation: 0,interpolation_duration: 1}
$data merge entity $(bone_bone8) {transformation: [-0.9615f,0.1073f,0.2529f,-0.0625f,0.0046f,0.9268f,-0.3755f,0.75f,-0.2746f,-0.3599f,-0.8917f,0.1406f,0f,0f,0f,1f],start_interpolation: 0,interpolation_duration: 1}
$data merge entity $(bone_bone12) {transformation: [-0.955f,-0.0561f,-0.2911f,0.064f,0.0661f,0.9169f,-0.3936f,0.4465f,0.289f,-0.3952f,-0.872f,0.1994f,0f,0f,0f,1f],start_interpolation: 0,interpolation_duration: 1}
$data merge entity $(bone_bone11) {transformation: [-0.955f,-0.0048f,-0.2965f,0.0625f,0.0661f,0.9712f,-0.2288f,0.75f,0.289f,-0.2381f,-0.9272f,0.125f,0f,0f,0f,1f],start_interpolation: 0,interpolation_duration: 1}
$data merge entity $(bone_bone15) {transformation: [-0.9379f,-0.1092f,-0.3292f,0.2502f,-0.1092f,0.9938f,-0.0186f,0.4547f,0.3292f,0.0185f,-0.9441f,0.2056f,0f,0f,0f,1f],start_interpolation: 0,interpolation_duration: 1}
$data merge entity $(bone_bone14) {transformation: [-0.9379f,-0.2006f,-0.2829f,0.1875f,-0.1092f,0.9451f,-0.3081f,0.75f,0.3292f,-0.2581f,-0.9083f,0.125f,0f,0f,0f,1f],start_interpolation: 0,interpolation_duration: 1}
$data merge entity $(bone_bone18) {transformation: [-0.8204f,0.337f,-0.462f,-0.2634f,0.001f,0.8087f,0.5882f,0.4817f,0.5718f,0.4821f,-0.6638f,-0.2816f,0f,0f,0f,1f],start_interpolation: 0,interpolation_duration: 1}
$data merge entity $(bone_bone17) {transformation: [-0.8493f,0.243f,-0.4687f,-0.1875f,-0.0364f,0.8587f,0.5112f,0.75f,0.5267f,0.4512f,-0.7204f,-0.1406f,0f,0f,0f,1f],start_interpolation: 0,interpolation_duration: 1}
$data merge entity $(bone_bone21) {transformation: [-0.9832f,0.0371f,0.179f,-0.1291f,0.076f,0.9734f,0.216f,0.5202f,-0.1662f,0.226f,-0.9599f,-0.3416f,0f,0f,0f,1f],start_interpolation: 0,interpolation_duration: 1}
$data merge entity $(bone_bone20) {transformation: [-0.961f,0.2132f,-0.1761f,-0.0625f,0.0392f,0.7355f,0.6764f,0.75f,0.2737f,0.6431f,-0.7152f,-0.1406f,0f,0f,0f,1f],start_interpolation: 0,interpolation_duration: 1}
$data merge entity $(bone_bone24) {transformation: [-0.9713f,0.1338f,0.1967f,0.0593f,0.2264f,0.7743f,0.5909f,0.4814f,-0.0732f,0.6185f,-0.7824f,-0.3002f,0f,0f,0f,1f],start_interpolation: 0,interpolation_duration: 1}
$data merge entity $(bone_bone23) {transformation: [-0.9976f,0.0101f,0.0687f,0.0625f,0.0438f,0.8597f,0.509f,0.75f,-0.0539f,0.5108f,-0.858f,-0.1406f,0f,0f,0f,1f],start_interpolation: 0,interpolation_duration: 1}
$data merge entity $(bone_bone27) {transformation: [-0.8072f,-0.4287f,0.4057f,0.2786f,0.1544f,0.5101f,0.8461f,0.4914f,-0.5697f,0.7457f,-0.3456f,-0.2905f,0f,0f,0f,1f],start_interpolation: 0,interpolation_duration: 1}
$data merge entity $(bone_bone26) {transformation: [-0.6541f,-0.2916f,0.698f,0.1875f,0.1934f,0.8276f,0.527f,0.75f,-0.7313f,0.4797f,-0.4849f,-0.1406f,0f,0f,0f,1f],start_interpolation: 0,interpolation_duration: 1}
$data merge entity $(bone_bone30) {transformation: [-0.9506f,-0.3103f,0f,0.3817f,-0.3103f,0.9506f,0f,0.4598f,0f,0f,-1f,0.0625f,0f,0f,0f,1f],start_interpolation: 0,interpolation_duration: 1}
$data merge entity $(bone_bone29) {transformation: [-0.9285f,-0.3714f,0f,0.2656f,-0.3714f,0.9285f,0f,0.75f,0f,0f,-1f,0.0625f,0f,0f,0f,1f],start_interpolation: 0,interpolation_duration: 1}
$data merge entity $(bone_bone33) {transformation: [-0.6936f,-0.5986f,-0.4008f,0.3956f,-0.6779f,0.7306f,0.0821f,0.469f,0.2437f,0.3286f,-0.9125f,-0.1048f,0f,0f,0f,1f],start_interpolation: 0,interpolation_duration: 1}
$data merge entity $(bone_bone32) {transformation: [-0.8644f,-0.4159f,-0.2824f,0.2656f,-0.4372f,0.8993f,0.0137f,0.75f,0.2482f,0.1352f,-0.9592f,-0.0625f,0f,0f,0f,1f],start_interpolation: 0,interpolation_duration: 1}
$data merge entity $(bone_bone36) {transformation: [-0.9811f,0.1351f,-0.1389f,-0.3802f,0.1364f,0.9907f,0.0001f,0.4693f,0.1376f,-0.0188f,-0.9903f,0.1383f,0f,0f,0f,1f],start_interpolation: 0,interpolation_duration: 1}
$data merge entity $(bone_bone35) {transformation: [-0.7315f,0.3666f,-0.5749f,-0.2656f,0.4393f,0.8982f,0.0139f,0.75f,0.5215f,-0.2424f,-0.8181f,0.0625f,0f,0f,0f,1f],start_interpolation: 0,interpolation_duration: 1}
$data merge entity $(bone_bone39) {transformation: [-0.7672f,0.4612f,-0.4458f,-0.409f,0.5103f,0.8599f,0.0113f,0.4724f,0.3885f,-0.2189f,-0.8951f,-0.0707f,0f,0f,0f,1f],start_interpolation: 0,interpolation_duration: 1}
$data merge entity $(bone_bone38) {transformation: [-0.8117f,0.4587f,0.3617f,-0.2656f,0.4307f,0.8882f,-0.1598f,0.75f,-0.3946f,0.0261f,-0.9185f,-0.0625f,0f,0f,0f,1f],start_interpolation: 0,interpolation_duration: 1}
$data merge entity $(bone_bone45) {transformation: [-0.9968f,-0.0246f,-0.0759f,-0.4222f,-0.0477f,0.9464f,0.3196f,1.2153f,0.064f,0.3222f,-0.9445f,-0.2472f,0f,0f,0f,1f],start_interpolation: 0,interpolation_duration: 1}
$data merge entity $(bone_bone44) {transformation: [-0.909f,0.1352f,-0.3942f,-0.3799f,-0.0159f,0.934f,0.357f,1.5072f,0.4165f,0.3308f,-0.8468f,-0.1438f,0f,0f,0f,1f],start_interpolation: 0,interpolation_duration: 1}
$data merge entity $(bone_bone48) {transformation: [-0.7387f,0.5985f,-0.3101f,-0.6704f,0.5349f,0.8004f,0.2708f,0.9449f,0.4102f,0.0342f,-0.9113f,0.0864f,0f,0f,0f,1f],start_interpolation: 0,interpolation_duration: 1}
$data merge entity $(bone_bone47) {transformation: [-0.6486f,0.457f,-0.6087f,-0.499f,0.4817f,0.8656f,0.1367f,1.2695f,0.5893f,-0.2045f,-0.7816f,0.0097f,0f,0f,0f,1f],start_interpolation: 0,interpolation_duration: 1}
$data merge entity $(bone_3) {transformation: [-0.9486f,0.1997f,-0.2457f,-0.3407f,0.1823f,0.979f,0.0916f,1.3662f,0.2588f,0.0421f,-0.965f,-0.0214f,0f,0f,0f,1f],start_interpolation: 0,interpolation_duration: 1}
$data merge entity $(bone_4) {transformation: [-0.9486f,0.1417f,-0.2831f,-0.4449f,0.1823f,0.9756f,-0.1224f,1.1574f,0.2588f,-0.1677f,-0.9513f,-0.0147f,0f,0f,0f,1f],start_interpolation: 0,interpolation_duration: 1}
$data merge entity $(bone_bone42) {transformation: [-0.9931f,-0.1039f,0.0545f,0.3681f,-0.1023f,0.9942f,0.0325f,1.2029f,-0.0576f,0.0267f,-0.998f,-0.226f,0f,0f,0f,1f],start_interpolation: 0,interpolation_duration: 1}
$data merge entity $(bone_bone41) {transformation: [-0.9997f,-0.0209f,0.009f,0.3616f,-0.0177f,0.9641f,0.2648f,1.5042f,-0.0142f,0.2646f,-0.9643f,-0.1434f,0f,0f,0f,1f],start_interpolation: 0,interpolation_duration: 1}
$data merge entity $(bone_bone51) {transformation: [-0.9501f,-0.2798f,-0.1383f,0.6677f,-0.2585f,0.9538f,-0.1534f,0.9383f,0.1748f,-0.11f,-0.9784f,0.0497f,0f,0f,0f,1f],start_interpolation: 0,interpolation_duration: 1}
$data merge entity $(bone_bone50) {transformation: [-0.8783f,-0.4752f,-0.0522f,0.4894f,-0.4598f,0.8696f,-0.18f,1.2644f,0.1309f,-0.1341f,-0.9823f,-0.0006f,0f,0f,0f,1f],start_interpolation: 0,interpolation_duration: 1}
$data merge entity $(bone_1) {transformation: [-0.9809f,-0.1512f,0.1227f,0.3326f,-0.1445f,0.9876f,0.0622f,1.3675f,-0.1305f,0.0432f,-0.9905f,-0.0136f,0f,0f,0f,1f],start_interpolation: 0,interpolation_duration: 1}
$data merge entity $(bone_2) {transformation: [-0.9809f,-0.1143f,0.1576f,0.3963f,-0.1445f,0.97f,-0.1956f,1.156f,-0.1305f,-0.2146f,-0.9679f,-0.0189f,0f,0f,0f,1f],start_interpolation: 0,interpolation_duration: 1}
$data merge entity $(bone_7) {transformation: [-0.9974f,0.0717f,-0.0042f,-0.1323f,0.0718f,0.9957f,-0.0588f,0.5606f,0f,-0.059f,-0.9983f,0.0111f,0f,0f,0f,1f],start_interpolation: 0,interpolation_duration: 1}
$data merge entity $(bone_8) {transformation: [-0.9974f,0.0668f,0.0265f,-0.1423f,0.0718f,0.9272f,0.3675f,0.4213f,0f,0.3684f,-0.9296f,0.0318f,0f,0f,0f,1f],start_interpolation: 0,interpolation_duration: 1}
$data merge entity $(bone_5) {transformation: [-0.9974f,-0.0718f,-0.002f,0.1188f,-0.0718f,0.997f,0.0282f,0.7473f,0f,0.0283f,-0.9996f,0f,0f,0f,0f,1f],start_interpolation: 0,interpolation_duration: 1}
$data merge entity $(bone_6) {transformation: [-0.9974f,-0.0688f,-0.0205f,0.1431f,-0.0718f,0.9557f,0.2853f,0.4106f,0f,0.286f,-0.9582f,-0.0033f,0f,0f,0f,1f],start_interpolation: 0,interpolation_duration: 1}