# This file was generated by Animated Java via MC-Build. It is not recommended to edit this file directly.
$data merge entity $(bone_bone54) {transformation: [-0.9666f,-0.0555f,0.2504f,-0.1482f,-0.0208f,0.9901f,0.1389f,1.2274f,-0.2556f,0.129f,-0.9581f,-0.2964f,0f,0f,0f,1f],start_interpolation: 0,interpolation_duration: 1}
$data merge entity $(bone_bone53) {transformation: [-0.9848f,-0.0085f,0.1736f,-0.1562f,0.0634f,0.9126f,0.4039f,1.5f,-0.1619f,0.4088f,-0.8982f,-0.1406f,0f,0f,0f,1f],start_interpolation: 0,interpolation_duration: 1}
$data merge entity $(bone_bone57) {transformation: [-0.9821f,0.1763f,-0.0664f,0.1591f,0.1785f,0.9835f,-0.0298f,1.222f,0.0601f,-0.0411f,-0.9973f,-0.2867f,0f,0f,0f,1f],start_interpolation: 0,interpolation_duration: 1}
$data merge entity $(bone_bone56) {transformation: [-0.9895f,0.0054f,0.1447f,0.1563f,0.0593f,0.9268f,0.371f,1.5f,-0.1321f,0.3756f,-0.9173f,-0.1406f,0f,0f,0f,1f],start_interpolation: 0,interpolation_duration: 1}
$data merge entity $(bone_bone5) {transformation: [-0.9018f,0.2316f,0.3648f,-0.212f,0.0675f,0.9094f,-0.4104f,0.4419f,-0.4268f,-0.3455f,-0.8358f,0.1684f,0f,0f,0f,1f],start_interpolation: 0,interpolation_duration: 1}
$data merge entity $(bone_bone2) {transformation: [-0.9018f,0.1568f,0.4026f,-0.1875f,0.0675f,0.9715f,-0.2271f,0.5938f,-0.4268f,-0.1776f,-0.8867f,0.1406f,0f,0f,0f,1f],start_interpolation: 0,interpolation_duration: 1}
$data merge entity $(bone_bone9) {transformation: [-0.9584f,0.0394f,0.2828f,-0.0975f,0.0044f,0.9924f,-0.1232f,0.4608f,-0.2855f,-0.1169f,-0.9512f,0.2538f,0f,0f,0f,1f],start_interpolation: 0,interpolation_duration: 1}
$data merge entity $(bone_bone8) {transformation: [-0.9584f,0.1121f,0.2626f,-0.0625f,0.0044f,0.9254f,-0.379f,0.75f,-0.2855f,-0.3621f,-0.8874f,0.1406f,0f,0f,0f,1f],start_interpolation: 0,interpolation_duration: 1}
$data merge entity $(bone_bone12) {transformation: [-0.9503f,-0.0617f,-0.3051f,0.0623f,0.073f,0.9086f,-0.4111f,0.4461f,0.3026f,-0.413f,-0.859f,0.1977f,0f,0f,0f,1f],start_interpolation: 0,interpolation_duration: 1}
$data merge entity $(bone_bone11) {transformation: [-0.9503f,0.0006f,-0.3112f,0.0625f,0.073f,0.9726f,-0.2209f,0.75f,0.3026f,-0.2327f,-0.9243f,0.125f,0f,0f,0f,1f],start_interpolation: 0,interpolation_duration: 1}
$data merge entity $(bone_bone15) {transformation: [-0.9364f,-0.106f,-0.3346f,0.2501f,-0.1063f,0.9942f,-0.0174f,0.4548f,0.3345f,0.0193f,-0.9422f,0.2063f,0f,0f,0f,1f],start_interpolation: 0,interpolation_duration: 1}
$data merge entity $(bone_bone14) {transformation: [-0.9364f,-0.2002f,-0.2883f,0.1875f,-0.1063f,0.9446f,-0.3105f,0.75f,0.3345f,-0.2601f,-0.9058f,0.125f,0f,0f,0f,1f],start_interpolation: 0,interpolation_duration: 1}
$data merge entity $(bone_bone18) {transformation: [-0.8226f,0.3189f,-0.4707f,-0.2649f,-0.0098f,0.8198f,0.5726f,0.4824f,0.5685f,0.4756f,-0.6713f,-0.2821f,0f,0f,0f,1f],start_interpolation: 0,interpolation_duration: 1}
$data merge entity $(bone_bone17) {transformation: [-0.8426f,0.2478f,-0.4781f,-0.1875f,-0.0402f,0.8565f,0.5146f,0.75f,0.537f,0.4529f,-0.7117f,-0.1406f,0f,0f,0f,1f],start_interpolation: 0,interpolation_duration: 1}
$data merge entity $(bone_bone21) {transformation: [-0.9804f,0.0486f,0.191f,-0.1296f,0.0867f,0.9767f,0.1962f,0.5223f,-0.177f,0.2089f,-0.9618f,-0.3438f,0f,0f,0f,1f],start_interpolation: 0,interpolation_duration: 1}
$data merge entity $(bone_bone20) {transformation: [-0.9645f,0.2146f,-0.1542f,-0.0625f,0.053f,0.7288f,0.6827f,0.75f,0.2589f,0.6502f,-0.7143f,-0.1406f,0f,0f,0f,1f],start_interpolation: 0,interpolation_duration: 1}
$data merge entity $(bone_bone24) {transformation: [-0.9714f,0.1283f,0.2f,0.0594f,0.2247f,0.7695f,0.5978f,0.4793f,-0.0772f,0.6256f,-0.7763f,-0.2967f,0f,0f,0f,1f],start_interpolation: 0,interpolation_duration: 1}
$data merge entity $(bone_bone23) {transformation: [-0.9976f,0.01f,0.0692f,0.0625f,0.0432f,0.8663f,0.4976f,0.75f,-0.055f,0.4994f,-0.8646f,-0.1406f,0f,0f,0f,1f],start_interpolation: 0,interpolation_duration: 1}
$data merge entity $(bone_bone27) {transformation: [-0.7991f,-0.4471f,0.4018f,0.2777f,0.167f,0.477f,0.8629f,0.4902f,-0.5775f,0.7567f,-0.3065f,-0.2891f,0f,0f,0f,1f],start_interpolation: 0,interpolation_duration: 1}
$data merge entity $(bone_bone26) {transformation: [-0.6398f,-0.2888f,0.7122f,0.1875f,0.2016f,0.8312f,0.5181f,0.75f,-0.7416f,0.4751f,-0.4736f,-0.1406f,0f,0f,0f,1f],start_interpolation: 0,interpolation_duration: 1}
$data merge entity $(bone_bone30) {transformation: [-0.9443f,-0.329f,0f,0.3787f,-0.329f,0.9443f,0f,0.4587f,0f,0f,-1f,0.0625f,0f,0f,0f,1f],start_interpolation: 0,interpolation_duration: 1}
$data merge entity $(bone_bone29) {transformation: [-0.9322f,-0.362f,0f,0.2656f,-0.362f,0.9322f,0f,0.75f,0f,0f,-1f,0.0625f,0f,0f,0f,1f],start_interpolation: 0,interpolation_duration: 1}
$data merge entity $(bone_bone33) {transformation: [-0.6764f,-0.6078f,-0.416f,0.3919f,-0.697f,0.7108f,0.0947f,0.4673f,0.2381f,0.354f,-0.9044f,-0.1047f,0f,0f,0f,1f],start_interpolation: 0,interpolation_duration: 1}
$data merge entity $(bone_bone32) {transformation: [-0.8646f,-0.4042f,-0.2984f,0.2656f,-0.4261f,0.9046f,0.0092f,0.75f,0.2663f,0.1351f,-0.9544f,-0.0625f,0f,0f,0f,1f],start_interpolation: 0,interpolation_duration: 1}
$data merge entity $(bone_bone36) {transformation: [-0.9812f,0.1382f,-0.135f,-0.3794f,0.1394f,0.9902f,0.0008f,0.4686f,0.1338f,-0.018f,-0.9908f,0.1369f,0f,0f,0f,1f],start_interpolation: 0,interpolation_duration: 1}
$data merge entity $(bone_bone35) {transformation: [-0.73f,0.3641f,-0.5784f,-0.2656f,0.4347f,0.9004f,0.0181f,0.75f,0.5274f,-0.2382f,-0.8156f,0.0625f,0f,0f,0f,1f],start_interpolation: 0,interpolation_duration: 1}
$data merge entity $(bone_bone39) {transformation: [-0.7621f,0.4573f,-0.4584f,-0.4104f,0.5095f,0.8604f,0.0113f,0.4731f,0.3996f,-0.2249f,-0.8887f,-0.0679f,0f,0f,0f,1f],start_interpolation: 0,interpolation_duration: 1}
$data merge entity $(bone_bone38) {transformation: [-0.8085f,0.4633f,0.3629f,-0.2656f,0.4306f,0.886f,-0.172f,0.75f,-0.4013f,0.0172f,-0.9158f,-0.0625f,0f,0f,0f,1f],start_interpolation: 0,interpolation_duration: 1}
$data merge entity $(bone_bone45) {transformation: [-0.9966f,-0.0368f,-0.0738f,-0.4274f,-0.0602f,0.9363f,0.3459f,1.2161f,0.0563f,0.3491f,-0.9354f,-0.2472f,0f,0f,0f,1f],start_interpolation: 0,interpolation_duration: 1}
$data merge entity $(bone_bone44) {transformation: [-0.9044f,0.152f,-0.3988f,-0.3799f,-0.0041f,0.9314f,0.3641f,1.5072f,0.4268f,0.3309f,-0.8417f,-0.1438f,0f,0f,0f,1f],start_interpolation: 0,interpolation_duration: 1}
$data merge entity $(bone_bone48) {transformation: [-0.7305f,0.6071f,-0.3127f,-0.6744f,0.5295f,0.7927f,0.302f,0.9474f,0.4312f,0.0551f,-0.9006f,0.0877f,0f,0f,0f,1f],start_interpolation: 0,interpolation_duration: 1}
$data merge entity $(bone_bone47) {transformation: [-0.6382f,0.4667f,-0.6122f,-0.4994f,0.4902f,0.8596f,0.1443f,1.2697f,0.5936f,-0.208f,-0.7774f,0.0097f,0f,0f,0f,1f],start_interpolation: 0,interpolation_duration: 1}
$data merge entity $(bone_3) {transformation: [-0.9483f,0.2012f,-0.2455f,-0.3409f,0.1838f,0.9786f,0.092f,1.3662f,0.2588f,0.0421f,-0.965f,-0.0214f,0f,0f,0f,1f],start_interpolation: 0,interpolation_duration: 1}
$data merge entity $(bone_4) {transformation: [-0.9483f,0.1433f,-0.2833f,-0.4454f,0.1838f,0.9754f,-0.122f,1.1575f,0.2588f,-0.1677f,-0.9513f,-0.0147f,0f,0f,0f,1f],start_interpolation: 0,interpolation_duration: 1}
$data merge entity $(bone_bone42) {transformation: [-0.9944f,-0.095f,0.0455f,0.366f,-0.0944f,0.9954f,0.0136f,1.2035f,-0.0466f,0.0093f,-0.9989f,-0.2282f,0f,0f,0f,1f],start_interpolation: 0,interpolation_duration: 1}
$data merge entity $(bone_bone41) {transformation: [-0.9999f,-0.014f,0.0024f,0.3616f,-0.0128f,0.9624f,0.2714f,1.5042f,-0.0061f,0.2713f,-0.9625f,-0.1434f,0f,0f,0f,1f],start_interpolation: 0,interpolation_duration: 1}
$data merge entity $(bone_bone51) {transformation: [-0.9471f,-0.279f,-0.1586f,0.6694f,-0.249f,0.9507f,-0.1851f,0.9391f,0.2024f,-0.1358f,-0.9698f,0.0484f,0f,0f,0f,1f],start_interpolation: 0,interpolation_duration: 1}
$data merge entity $(bone_bone50) {transformation: [-0.8752f,-0.4789f,-0.0678f,0.4898f,-0.4607f,0.8681f,-0.1851f,1.2646f,0.1475f,-0.1307f,-0.9804f,-0.0006f,0f,0f,0f,1f],start_interpolation: 0,interpolation_duration: 1}
$data merge entity $(bone_1) {transformation: [-0.9806f,-0.1528f,0.1226f,0.3328f,-0.146f,0.9873f,0.0624f,1.3675f,-0.1305f,0.0432f,-0.9905f,-0.0136f,0f,0f,0f,1f],start_interpolation: 0,interpolation_duration: 1}
$data merge entity $(bone_2) {transformation: [-0.9806f,-0.1159f,0.1579f,0.3969f,-0.146f,0.9698f,-0.1953f,1.156f,-0.1305f,-0.2146f,-0.9679f,-0.0189f,0f,0f,0f,1f],start_interpolation: 0,interpolation_duration: 1}
$data merge entity $(bone_7) {transformation: [-0.9975f,0.0701f,-0.0043f,-0.132f,0.0703f,0.9957f,-0.0604f,0.5607f,0f,-0.0605f,-0.9982f,0.0114f,0f,0f,0f,1f],start_interpolation: 0,interpolation_duration: 1}
$data merge entity $(bone_8) {transformation: [-0.9975f,0.0654f,0.0258f,-0.1418f,0.0703f,0.9279f,0.3661f,0.4214f,0f,0.367f,-0.9302f,0.0323f,0f,0f,0f,1f],start_interpolation: 0,interpolation_duration: 1}
$data merge entity $(bone_5) {transformation: [-0.9975f,-0.0702f,-0.0019f,0.1188f,-0.0703f,0.9972f,0.0266f,0.7474f,0f,0.0267f,-0.9996f,0f,0f,0f,0f,1f],start_interpolation: 0,interpolation_duration: 1}
$data merge entity $(bone_6) {transformation: [-0.9975f,-0.0674f,-0.02f,0.1426f,-0.0703f,0.9563f,0.2838f,0.4107f,0f,0.2845f,-0.9587f,-0.0028f,0f,0f,0f,1f],start_interpolation: 0,interpolation_duration: 1}