# This file was generated by Animated Java via MC-Build. It is not recommended to edit this file directly.
$data merge entity $(bone_bone54) {transformation: [-0.964f,-0.0606f,0.2589f,-0.1453f,-0.0307f,0.9925f,0.1181f,1.2277f,-0.2641f,0.1059f,-0.9587f,-0.2968f,0f,0f,0f,1f],start_interpolation: 0,interpolation_duration: 1}
$data merge entity $(bone_bone53) {transformation: [-0.9843f,-0.0174f,0.1758f,-0.1562f,0.0564f,0.9119f,0.4065f,1.5f,-0.1674f,0.41f,-0.8966f,-0.1406f,0f,0f,0f,1f],start_interpolation: 0,interpolation_duration: 1}
$data merge entity $(bone_bone57) {transformation: [-0.9803f,0.1805f,-0.0803f,0.1586f,0.1832f,0.9827f,-0.0277f,1.223f,0.074f,-0.0419f,-0.9964f,-0.2887f,0f,0f,0f,1f],start_interpolation: 0,interpolation_duration: 1}
$data merge entity $(bone_bone56) {transformation: [-0.9911f,0.0057f,0.133f,0.1563f,0.0561f,0.9241f,0.3781f,1.5f,-0.1207f,0.3822f,-0.9162f,-0.1406f,0f,0f,0f,1f],start_interpolation: 0,interpolation_duration: 1}
$data merge entity $(bone_bone5) {transformation: [-0.8982f,0.2348f,0.3717f,-0.2114f,0.0627f,0.9053f,-0.4201f,0.4418f,-0.4352f,-0.354f,-0.8278f,0.1682f,0f,0f,0f,1f],start_interpolation: 0,interpolation_duration: 1}
$data merge entity $(bone_bone2) {transformation: [-0.8982f,0.1533f,0.4121f,-0.1875f,0.0627f,0.9724f,-0.2249f,0.5938f,-0.4352f,-0.1762f,-0.8829f,0.1406f,0f,0f,0f,1f],start_interpolation: 0,interpolation_duration: 1}
$data merge entity $(bone_bone9) {transformation: [-0.9559f,0.045f,0.2903f,-0.0987f,0.0043f,0.9902f,-0.1395f,0.4612f,-0.2937f,-0.1321f,-0.9467f,0.2543f,0f,0f,0f,1f],start_interpolation: 0,interpolation_duration: 1}
$data merge entity $(bone_bone8) {transformation: [-0.9559f,0.1159f,0.2699f,-0.0625f,0.0043f,0.9243f,-0.3816f,0.75f,-0.2937f,-0.3636f,-0.884f,0.1406f,0f,0f,0f,1f],start_interpolation: 0,interpolation_duration: 1}
$data merge entity $(bone_bone12) {transformation: [-0.9466f,-0.0663f,-0.3155f,0.061f,0.0782f,0.9022f,-0.4242f,0.4458f,0.3127f,-0.4262f,-0.8489f,0.1964f,0f,0f,0f,1f],start_interpolation: 0,interpolation_duration: 1}
$data merge entity $(bone_bone11) {transformation: [-0.9466f,0.0049f,-0.3223f,0.0625f,0.0782f,0.9735f,-0.2149f,0.75f,0.3127f,-0.2286f,-0.9219f,0.125f,0f,0f,0f,1f],start_interpolation: 0,interpolation_duration: 1}
$data merge entity $(bone_bone15) {transformation: [-0.9352f,-0.1035f,-0.3388f,0.25f,-0.1042f,0.9944f,-0.0164f,0.4549f,0.3386f,0.02f,-0.9407f,0.2068f,0f,0f,0f,1f],start_interpolation: 0,interpolation_duration: 1}
$data merge entity $(bone_bone14) {transformation: [-0.9352f,-0.1999f,-0.2924f,0.1875f,-0.1042f,0.9442f,-0.3124f,0.75f,0.3386f,-0.2616f,-0.9038f,0.125f,0f,0f,0f,1f],start_interpolation: 0,interpolation_duration: 1}
$data merge entity $(bone_bone18) {transformation: [-0.8252f,0.3037f,-0.4763f,-0.2661f,-0.0173f,0.8292f,0.5587f,0.4827f,0.5646f,0.4692f,-0.679f,-0.2822f,0f,0f,0f,1f],start_interpolation: 0,interpolation_duration: 1}
$data merge entity $(bone_bone17) {transformation: [-0.8367f,0.2516f,-0.4864f,-0.1875f,-0.043f,0.8553f,0.5164f,0.75f,0.5459f,0.453f,-0.7048f,-0.1406f,0f,0f,0f,1f],start_interpolation: 0,interpolation_duration: 1}
$data merge entity $(bone_bone21) {transformation: [-0.9782f,0.0586f,0.1994f,-0.1296f,0.095f,0.9794f,0.1782f,0.524f,-0.1848f,0.1933f,-0.9636f,-0.3457f,0f,0f,0f,1f],start_interpolation: 0,interpolation_duration: 1}
$data merge entity $(bone_bone20) {transformation: [-0.9671f,0.2148f,-0.1365f,-0.0625f,0.0636f,0.7233f,0.6876f,0.75f,0.2464f,0.6563f,-0.7131f,-0.1406f,0f,0f,0f,1f],start_interpolation: 0,interpolation_duration: 1}
$data merge entity $(bone_bone24) {transformation: [-0.9713f,0.1227f,0.204f,0.0595f,0.2235f,0.7649f,0.6041f,0.4774f,-0.0819f,0.6324f,-0.7703f,-0.2934f,0f,0f,0f,1f],start_interpolation: 0,interpolation_duration: 1}
$data merge entity $(bone_bone23) {transformation: [-0.9975f,0.0096f,0.0706f,0.0625f,0.0429f,0.8723f,0.4871f,0.75f,-0.057f,0.4888f,-0.8705f,-0.1406f,0f,0f,0f,1f],start_interpolation: 0,interpolation_duration: 1}
$data merge entity $(bone_bone27) {transformation: [-0.7929f,-0.4618f,0.3977f,0.2764f,0.1772f,0.4497f,0.8754f,0.489f,-0.5831f,0.7646f,-0.2747f,-0.2877f,0f,0f,0f,1f],start_interpolation: 0,interpolation_duration: 1}
$data merge entity $(bone_bone26) {transformation: [-0.6289f,-0.2845f,0.7236f,0.1875f,0.2079f,0.8352f,0.5091f,0.75f,-0.7492f,0.4706f,-0.4661f,-0.1406f,0f,0f,0f,1f],start_interpolation: 0,interpolation_duration: 1}
$data merge entity $(bone_bone30) {transformation: [-0.9378f,-0.3473f,0f,0.3762f,-0.3473f,0.9378f,0f,0.4577f,0f,0f,-1f,0.0625f,0f,0f,0f,1f],start_interpolation: 0,interpolation_duration: 1}
$data merge entity $(bone_bone29) {transformation: [-0.9353f,-0.3538f,0f,0.2656f,-0.3538f,0.9353f,0f,0.75f,0f,0f,-1f,0.0625f,0f,0f,0f,1f],start_interpolation: 0,interpolation_duration: 1}
$data merge entity $(bone_bone33) {transformation: [-0.6637f,-0.6134f,-0.428f,0.3888f,-0.7108f,0.6954f,0.1056f,0.4659f,0.2328f,0.3743f,-0.8976f,-0.1045f,0f,0f,0f,1f],start_interpolation: 0,interpolation_duration: 1}
$data merge entity $(bone_bone32) {transformation: [-0.8648f,-0.3941f,-0.3112f,0.2656f,-0.4163f,0.9092f,0.0054f,0.75f,0.2808f,0.1342f,-0.9503f,-0.0625f,0f,0f,0f,1f],start_interpolation: 0,interpolation_duration: 1}
$data merge entity $(bone_bone36) {transformation: [-0.9811f,0.1414f,-0.1321f,-0.3785f,0.1429f,0.9897f,-0.0013f,0.4679f,0.1306f,-0.0202f,-0.9912f,0.1357f,0f,0f,0f,1f],start_interpolation: 0,interpolation_duration: 1}
$data merge entity $(bone_bone35) {transformation: [-0.7307f,0.3611f,-0.5794f,-0.2656f,0.43f,0.9026f,0.0203f,0.75f,0.5303f,-0.2343f,-0.8148f,0.0625f,0f,0f,0f,1f],start_interpolation: 0,interpolation_duration: 1}
$data merge entity $(bone_bone39) {transformation: [-0.7583f,0.4541f,-0.4678f,-0.4116f,0.5089f,0.8608f,0.0107f,0.4737f,0.4076f,-0.2299f,-0.8838f,-0.0654f,0f,0f,0f,1f],start_interpolation: 0,interpolation_duration: 1}
$data merge entity $(bone_bone38) {transformation: [-0.806f,0.4671f,0.3635f,-0.2656f,0.43f,0.8842f,-0.1825f,0.75f,-0.4066f,0.0092f,-0.9135f,-0.0625f,0f,0f,0f,1f],start_interpolation: 0,interpolation_duration: 1}
$data merge entity $(bone_bone45) {transformation: [-0.9962f,-0.0482f,-0.0726f,-0.432f,-0.0717f,0.9267f,0.3688f,1.2169f,0.0495f,0.3726f,-0.9267f,-0.247f,0f,0f,0f,1f],start_interpolation: 0,interpolation_duration: 1}
$data merge entity $(bone_bone44) {transformation: [-0.9007f,0.1667f,-0.4011f,-0.3799f,0.0072f,0.929f,0.3699f,1.5072f,0.4343f,0.3303f,-0.838f,-0.1438f,0f,0f,0f,1f],start_interpolation: 0,interpolation_duration: 1}
$data merge entity $(bone_bone48) {transformation: [-0.723f,0.6137f,-0.3172f,-0.6777f,0.5236f,0.7863f,0.3279f,0.9494f,0.4507f,0.071f,-0.8898f,0.0886f,0f,0f,0f,1f],start_interpolation: 0,interpolation_duration: 1}
$data merge entity $(bone_bone47) {transformation: [-0.6307f,0.4746f,-0.614f,-0.4998f,0.497f,0.8546f,0.1501f,1.2699f,0.5959f,-0.2105f,-0.7749f,0.0097f,0f,0f,0f,1f],start_interpolation: 0,interpolation_duration: 1}
$data merge entity $(bone_3) {transformation: [-0.948f,0.2028f,-0.2454f,-0.3411f,0.1854f,0.9783f,0.0924f,1.3661f,0.2588f,0.0421f,-0.965f,-0.0214f,0f,0f,0f,1f],start_interpolation: 0,interpolation_duration: 1}
$data merge entity $(bone_4) {transformation: [-0.948f,0.1449f,-0.2835f,-0.446f,0.1854f,0.9751f,-0.1215f,1.1576f,0.2588f,-0.1677f,-0.9513f,-0.0147f,0f,0f,0f,1f],start_interpolation: 0,interpolation_duration: 1}
$data merge entity $(bone_bone42) {transformation: [-0.9954f,-0.0882f,0.0367f,0.3645f,-0.0883f,0.9961f,-0.0001f,1.2039f,-0.0365f,-0.0034f,-0.9993f,-0.2299f,0f,0f,0f,1f],start_interpolation: 0,interpolation_duration: 1}
$data merge entity $(bone_bone41) {transformation: [-1f,-0.0094f,-0.0014f,0.3616f,-0.0095f,0.9609f,0.2768f,1.5042f,-0.0013f,0.2768f,-0.9609f,-0.1434f,0f,0f,0f,1f],start_interpolation: 0,interpolation_duration: 1}
$data merge entity $(bone_bone51) {transformation: [-0.9442f,-0.28f,-0.1736f,0.6705f,-0.2421f,0.9471f,-0.2109f,0.9395f,0.2234f,-0.1572f,-0.962f,0.0473f,0f,0f,0f,1f],start_interpolation: 0,interpolation_duration: 1}
$data merge entity $(bone_bone50) {transformation: [-0.8732f,-0.4809f,-0.0791f,0.4902f,-0.4607f,0.8674f,-0.188f,1.2648f,0.159f,-0.1277f,-0.979f,-0.0006f,0f,0f,0f,1f],start_interpolation: 0,interpolation_duration: 1}
$data merge entity $(bone_1) {transformation: [-0.9804f,-0.1544f,0.1225f,0.333f,-0.1476f,0.9871f,0.0625f,1.3674f,-0.1305f,0.0432f,-0.9905f,-0.0136f,0f,0f,0f,1f],start_interpolation: 0,interpolation_duration: 1}
$data merge entity $(bone_2) {transformation: [-0.9804f,-0.1174f,0.1582f,0.3974f,-0.1476f,0.9696f,-0.1951f,1.1561f,-0.1305f,-0.2146f,-0.9679f,-0.0189f,0f,0f,0f,1f],start_interpolation: 0,interpolation_duration: 1}
$data merge entity $(bone_7) {transformation: [-0.9976f,0.0685f,-0.0043f,-0.1317f,0.0687f,0.9957f,-0.062f,0.5607f,0f,-0.0621f,-0.9981f,0.0117f,0f,0f,0f,1f],start_interpolation: 0,interpolation_duration: 1}
$data merge entity $(bone_8) {transformation: [-0.9976f,0.0639f,0.0251f,-0.1413f,0.0687f,0.9286f,0.3646f,0.4215f,0f,0.3655f,-0.9308f,0.0329f,0f,0f,0f,1f],start_interpolation: 0,interpolation_duration: 1}
$data merge entity $(bone_5) {transformation: [-0.9976f,-0.0686f,-0.0017f,0.1188f,-0.0687f,0.9973f,0.025f,0.7474f,0f,0.0251f,-0.9997f,0f,0f,0f,0f,1f],start_interpolation: 0,interpolation_duration: 1}
$data merge entity $(bone_6) {transformation: [-0.9976f,-0.0659f,-0.0194f,0.142f,-0.0687f,0.9569f,0.2823f,0.4107f,0f,0.283f,-0.9591f,-0.0022f,0f,0f,0f,1f],start_interpolation: 0,interpolation_duration: 1}