# This file was generated by Animated Java via MC-Build. It is not recommended to edit this file directly.
$data merge entity $(bone_bone54) {transformation: [-0.9624f,-0.0629f,0.2642f,-0.1433f,-0.0373f,0.9942f,0.1005f,1.2279f,-0.269f,0.0869f,-0.9592f,-0.2969f,0f,0f,0f,1f],start_interpolation: 0,interpolation_duration: 1}
$data merge entity $(bone_bone53) {transformation: [-0.9842f,-0.0239f,0.1756f,-0.1562f,0.0506f,0.9116f,0.4079f,1.5f,-0.1698f,0.4103f,-0.896f,-0.1406f,0f,0f,0f,1f],start_interpolation: 0,interpolation_duration: 1}
$data merge entity $(bone_bone57) {transformation: [-0.9788f,0.184f,-0.0901f,0.1583f,0.1869f,0.9821f,-0.0243f,1.2238f,0.0841f,-0.0406f,-0.9956f,-0.2901f,0f,0f,0f,1f],start_interpolation: 0,interpolation_duration: 1}
$data merge entity $(bone_bone56) {transformation: [-0.9923f,0.0058f,0.1237f,0.1563f,0.0532f,0.9222f,0.3831f,1.5f,-0.1119f,0.3868f,-0.9154f,-0.1406f,0f,0f,0f,1f],start_interpolation: 0,interpolation_duration: 1}
$data merge entity $(bone_bone5) {transformation: [-0.8958f,0.2369f,0.3761f,-0.2111f,0.0597f,0.9026f,-0.4262f,0.4417f,-0.4404f,-0.3594f,-0.8227f,0.168f,0f,0f,0f,1f],start_interpolation: 0,interpolation_duration: 1}
$data merge entity $(bone_bone2) {transformation: [-0.8958f,0.151f,0.418f,-0.1875f,0.0597f,0.9729f,-0.2235f,0.5938f,-0.4404f,-0.1753f,-0.8805f,0.1406f,0f,0f,0f,1f],start_interpolation: 0,interpolation_duration: 1}
$data merge entity $(bone_bone9) {transformation: [-0.9543f,0.0487f,0.2949f,-0.0995f,0.0042f,0.9887f,-0.1498f,0.4614f,-0.2989f,-0.1417f,-0.9437f,0.2546f,0f,0f,0f,1f],start_interpolation: 0,interpolation_duration: 1}
$data merge entity $(bone_bone8) {transformation: [-0.9543f,0.1183f,0.2745f,-0.0625f,0.0042f,0.9236f,-0.3833f,0.75f,-0.2989f,-0.3646f,-0.8819f,0.1406f,0f,0f,0f,1f],start_interpolation: 0,interpolation_duration: 1}
$data merge entity $(bone_bone12) {transformation: [-0.9442f,-0.0694f,-0.322f,0.0601f,0.0814f,0.898f,-0.4323f,0.4456f,0.3192f,-0.4344f,-0.8423f,0.1956f,0f,0f,0f,1f],start_interpolation: 0,interpolation_duration: 1}
$data merge entity $(bone_bone11) {transformation: [-0.9442f,0.0076f,-0.3293f,0.0625f,0.0814f,0.9741f,-0.2109f,0.75f,0.3192f,-0.226f,-0.9204f,0.125f,0f,0f,0f,1f],start_interpolation: 0,interpolation_duration: 1}
$data merge entity $(bone_bone15) {transformation: [-0.9344f,-0.102f,-0.3414f,0.2499f,-0.1028f,0.9946f,-0.0158f,0.455f,0.3411f,0.0204f,-0.9398f,0.2071f,0f,0f,0f,1f],start_interpolation: 0,interpolation_duration: 1}
$data merge entity $(bone_bone14) {transformation: [-0.9344f,-0.1997f,-0.295f,0.1875f,-0.1028f,0.944f,-0.3135f,0.75f,0.3411f,-0.2626f,-0.9026f,0.125f,0f,0f,0f,1f],start_interpolation: 0,interpolation_duration: 1}
$data merge entity $(bone_bone18) {transformation: [-0.828f,0.292f,-0.4788f,-0.2669f,-0.0211f,0.8369f,0.5469f,0.4827f,0.5604f,0.4629f,-0.6868f,-0.2818f,0f,0f,0f,1f],start_interpolation: 0,interpolation_duration: 1}
$data merge entity $(bone_bone17) {transformation: [-0.8318f,0.2541f,-0.4935f,-0.1875f,-0.045f,0.8552f,0.5163f,0.75f,0.5533f,0.4516f,-0.7f,-0.1406f,0f,0f,0f,1f],start_interpolation: 0,interpolation_duration: 1}
$data merge entity $(bone_bone21) {transformation: [-0.9768f,0.0666f,0.2037f,-0.1293f,0.1008f,0.9815f,0.1626f,0.5253f,-0.1891f,0.1794f,-0.9654f,-0.3473f,0f,0f,0f,1f],start_interpolation: 0,interpolation_duration: 1}
$data merge entity $(bone_bone20) {transformation: [-0.969f,0.2138f,-0.1238f,-0.0625f,0.0703f,0.7191f,0.6913f,0.75f,0.2368f,0.6612f,-0.7118f,-0.1406f,0f,0f,0f,1f],start_interpolation: 0,interpolation_duration: 1}
$data merge entity $(bone_bone24) {transformation: [-0.9709f,0.1171f,0.2088f,0.0597f,0.2228f,0.7605f,0.6099f,0.4758f,-0.0874f,0.6387f,-0.7645f,-0.2904f,0f,0f,0f,1f],start_interpolation: 0,interpolation_duration: 1}
$data merge entity $(bone_bone23) {transformation: [-0.9973f,0.0089f,0.0732f,0.0625f,0.0428f,0.8776f,0.4776f,0.75f,-0.06f,0.4794f,-0.8755f,-0.1406f,0f,0f,0f,1f],start_interpolation: 0,interpolation_duration: 1}
$data merge entity $(bone_bone27) {transformation: [-0.7888f,-0.4718f,0.394f,0.2746f,0.185f,0.4292f,0.8841f,0.4877f,-0.5862f,0.7702f,-0.2512f,-0.2864f,0f,0f,0f,1f],start_interpolation: 0,interpolation_duration: 1}
$data merge entity $(bone_bone26) {transformation: [-0.622f,-0.2787f,0.7317f,0.1875f,0.2122f,0.8395f,0.5002f,0.75f,-0.7537f,0.4664f,-0.463f,-0.1406f,0f,0f,0f,1f],start_interpolation: 0,interpolation_duration: 1}
$data merge entity $(bone_bone30) {transformation: [-0.9309f,-0.3653f,0f,0.3741f,-0.3653f,0.9309f,0f,0.4569f,0f,0f,-1f,0.0625f,0f,0f,0f,1f],start_interpolation: 0,interpolation_duration: 1}
$data merge entity $(bone_bone29) {transformation: [-0.9378f,-0.3471f,0f,0.2656f,-0.3471f,0.9378f,0f,0.75f,0f,0f,-1f,0.0625f,0f,0f,0f,1f],start_interpolation: 0,interpolation_duration: 1}
$data merge entity $(bone_bone33) {transformation: [-0.6564f,-0.6158f,-0.4359f,0.3862f,-0.719f,0.6855f,0.1143f,0.4647f,0.2284f,0.3885f,-0.8927f,-0.104f,0f,0f,0f,1f],start_interpolation: 0,interpolation_duration: 1}
$data merge entity $(bone_bone32) {transformation: [-0.8652f,-0.3857f,-0.3203f,0.2656f,-0.4079f,0.913f,0.0024f,0.75f,0.2916f,0.1328f,-0.9473f,-0.0625f,0f,0f,0f,1f],start_interpolation: 0,interpolation_duration: 1}
$data merge entity $(bone_bone36) {transformation: [-0.9809f,0.1448f,-0.1303f,-0.3774f,0.1469f,0.9891f,-0.0066f,0.4672f,0.1279f,-0.0256f,-0.9915f,0.1347f,0f,0f,0f,1f],start_interpolation: 0,interpolation_duration: 1}
$data merge entity $(bone_bone35) {transformation: [-0.7337f,0.3577f,-0.5777f,-0.2656f,0.4252f,0.9049f,0.0201f,0.75f,0.53f,-0.2309f,-0.816f,0.0625f,0f,0f,0f,1f],start_interpolation: 0,interpolation_duration: 1}
$data merge entity $(bone_bone39) {transformation: [-0.7561f,0.4514f,-0.4739f,-0.4124f,0.5083f,0.8611f,0.0093f,0.4741f,0.4123f,-0.2339f,-0.8805f,-0.0632f,0f,0f,0f,1f],start_interpolation: 0,interpolation_duration: 1}
$data merge entity $(bone_bone38) {transformation: [-0.8045f,0.4698f,0.3634f,-0.2656f,0.4292f,0.8828f,-0.1912f,0.75f,-0.4107f,0.0021f,-0.9118f,-0.0625f,0f,0f,0f,1f],start_interpolation: 0,interpolation_duration: 1}
$data merge entity $(bone_bone45) {transformation: [-0.9956f,-0.0587f,-0.0726f,-0.4358f,-0.0824f,0.9181f,0.3877f,1.2175f,0.0439f,0.392f,-0.9189f,-0.2466f,0f,0f,0f,1f],start_interpolation: 0,interpolation_duration: 1}
$data merge entity $(bone_bone44) {transformation: [-0.8984f,0.179f,-0.4011f,-0.3799f,0.0177f,0.9272f,0.3741f,1.5072f,0.4389f,0.329f,-0.8362f,-0.1438f,0f,0f,0f,1f],start_interpolation: 0,interpolation_duration: 1}
$data merge entity $(bone_bone48) {transformation: [-0.7162f,0.618f,-0.3242f,-0.6803f,0.5174f,0.782f,0.3477f,0.9509f,0.4684f,0.0813f,-0.8798f,0.0891f,0f,0f,0f,1f],start_interpolation: 0,interpolation_duration: 1}
$data merge entity $(bone_bone47) {transformation: [-0.6266f,0.4804f,-0.6137f,-0.5001f,0.502f,0.8511f,0.1537f,1.2701f,0.5961f,-0.2117f,-0.7745f,0.0097f,0f,0f,0f,1f],start_interpolation: 0,interpolation_duration: 1}
$data merge entity $(bone_3) {transformation: [-0.9477f,0.2044f,-0.2452f,-0.3413f,0.1869f,0.978f,0.0928f,1.3661f,0.2588f,0.0421f,-0.965f,-0.0214f,0f,0f,0f,1f],start_interpolation: 0,interpolation_duration: 1}
$data merge entity $(bone_4) {transformation: [-0.9477f,0.1465f,-0.2837f,-0.4465f,0.1869f,0.9749f,-0.121f,1.1577f,0.2588f,-0.1677f,-0.9513f,-0.0147f,0f,0f,0f,1f],start_interpolation: 0,interpolation_duration: 1}
$data merge entity $(bone_bone42) {transformation: [-0.9961f,-0.0837f,0.0284f,0.364f,-0.084f,0.9964f,-0.0081f,1.2042f,-0.0276f,-0.0105f,-0.9996f,-0.2311f,0f,0f,0f,1f],start_interpolation: 0,interpolation_duration: 1}
$data merge entity $(bone_bone41) {transformation: [-1f,-0.0076f,-0.0018f,0.3616f,-0.0079f,0.9598f,0.2807f,1.5042f,-0.0004f,0.2807f,-0.9598f,-0.1434f,0f,0f,0f,1f],start_interpolation: 0,interpolation_duration: 1}
$data merge entity $(bone_bone51) {transformation: [-0.9418f,-0.2824f,-0.1825f,0.6709f,-0.2383f,0.9435f,-0.2302f,0.9395f,0.2372f,-0.1734f,-0.9559f,0.0463f,0f,0f,0f,1f],start_interpolation: 0,interpolation_duration: 1}
$data merge entity $(bone_bone50) {transformation: [-0.8726f,-0.4809f,-0.0856f,0.4906f,-0.4598f,0.8678f,-0.1884f,1.265f,0.1649f,-0.1251f,-0.9784f,-0.0006f,0f,0f,0f,1f],start_interpolation: 0,interpolation_duration: 1}
$data merge entity $(bone_1) {transformation: [-0.9802f,-0.156f,0.1224f,0.3332f,-0.1492f,0.9868f,0.0627f,1.3673f,-0.1305f,0.0432f,-0.9905f,-0.0136f,0f,0f,0f,1f],start_interpolation: 0,interpolation_duration: 1}
$data merge entity $(bone_2) {transformation: [-0.9802f,-0.119f,0.1586f,0.398f,-0.1492f,0.9694f,-0.1948f,1.1561f,-0.1305f,-0.2146f,-0.9679f,-0.0189f,0f,0f,0f,1f],start_interpolation: 0,interpolation_duration: 1}
$data merge entity $(bone_7) {transformation: [-0.9978f,0.0669f,-0.0043f,-0.1314f,0.067f,0.9957f,-0.0636f,0.5608f,0f,-0.0638f,-0.998f,0.012f,0f,0f,0f,1f],start_interpolation: 0,interpolation_duration: 1}
$data merge entity $(bone_8) {transformation: [-0.9978f,0.0624f,0.0244f,-0.1407f,0.067f,0.9293f,0.3631f,0.4216f,0f,0.364f,-0.9314f,0.0334f,0f,0f,0f,1f],start_interpolation: 0,interpolation_duration: 1}
$data merge entity $(bone_5) {transformation: [-0.9978f,-0.067f,-0.0016f,0.1188f,-0.067f,0.9975f,0.0234f,0.7475f,0f,0.0234f,-0.9997f,0f,0f,0f,0f,1f],start_interpolation: 0,interpolation_duration: 1}
$data merge entity $(bone_6) {transformation: [-0.9978f,-0.0643f,-0.0189f,0.1415f,-0.067f,0.9574f,0.2808f,0.4107f,0f,0.2814f,-0.9596f,-0.0017f,0f,0f,0f,1f],start_interpolation: 0,interpolation_duration: 1}