# This file was generated by Animated Java via MC-Build. It is not recommended to edit this file directly.
$data merge entity $(bone_bone54) {transformation: [-0.9729f,0.2313f,0.0035f,-0.1755f,0.2311f,0.9727f,-0.0202f,1.2166f,-0.0081f,-0.0189f,-0.9998f,-0.2747f,0f,0f,0f,1f],start_interpolation: 0,interpolation_duration: 1}
$data merge entity $(bone_bone53) {transformation: [-0.9664f,0.0362f,-0.2544f,-0.1562f,-0.0532f,0.9403f,0.3361f,1.5f,0.2514f,0.3383f,-0.9068f,-0.1406f,0f,0f,0f,1f],start_interpolation: 0,interpolation_duration: 1}
$data merge entity $(bone_bone57) {transformation: [-0.9542f,-0.1233f,0.2725f,0.1597f,0.0244f,0.8758f,0.482f,1.1925f,-0.2981f,0.4666f,-0.8327f,-0.2046f,0f,0f,0f,1f],start_interpolation: 0,interpolation_duration: 1}
$data merge entity $(bone_bone56) {transformation: [-0.9453f,0.0215f,0.3254f,0.1563f,0.0562f,0.9936f,0.0977f,1.5f,-0.3212f,0.1106f,-0.9405f,-0.1406f,0f,0f,0f,1f],start_interpolation: 0,interpolation_duration: 1}
$data merge entity $(bone_bone5) {transformation: [-0.9557f,0.2111f,0.2051f,-0.2232f,0.179f,0.9701f,-0.164f,0.4451f,-0.2336f,-0.12f,-0.9649f,0.1728f,0f,0f,0f,1f],start_interpolation: 0,interpolation_duration: 1}
$data merge entity $(bone_bone2) {transformation: [-0.9557f,0.2286f,0.1854f,-0.1875f,0.179f,0.9515f,-0.2503f,0.5938f,-0.2336f,-0.206f,-0.9503f,0.1406f,0f,0f,0f,1f],start_interpolation: 0,interpolation_duration: 1}
$data merge entity $(bone_bone9) {transformation: [-0.995f,-0.0163f,0.099f,-0.0748f,0.0077f,0.9713f,0.2376f,0.4539f,-0.1f,0.2372f,-0.9663f,0.2397f,0f,0f,0f,1f],start_interpolation: 0,interpolation_duration: 1}
$data merge entity $(bone_bone8) {transformation: [-0.995f,0.0392f,0.0923f,-0.0625f,0.0077f,0.9476f,-0.3194f,0.75f,-0.1f,-0.317f,-0.9431f,0.1406f,0f,0f,0f,1f],start_interpolation: 0,interpolation_duration: 1}
$data merge entity $(bone_bone12) {transformation: [-0.9963f,-0.0543f,-0.0669f,0.0842f,-0.0494f,0.9961f,-0.0728f,0.4546f,0.0706f,-0.0692f,-0.9951f,0.2247f,0f,0f,0f,1f],start_interpolation: 0,interpolation_duration: 1}
$data merge entity $(bone_bone11) {transformation: [-0.9963f,-0.0695f,-0.051f,0.0625f,-0.0494f,0.9452f,-0.3227f,0.75f,0.0706f,-0.319f,-0.9451f,0.125f,0f,0f,0f,1f],start_interpolation: 0,interpolation_duration: 1}
$data merge entity $(bone_bone15) {transformation: [-0.9573f,-0.1586f,-0.2416f,0.2534f,-0.1549f,0.9873f,-0.0343f,0.4526f,0.244f,0.0046f,-0.9698f,0.1948f,0f,0f,0f,1f],start_interpolation: 0,interpolation_duration: 1}
$data merge entity $(bone_bone14) {transformation: [-0.9573f,-0.2109f,-0.1976f,0.1875f,-0.1549f,0.9517f,-0.2652f,0.75f,0.244f,-0.2233f,-0.9437f,0.125f,0f,0f,0f,1f],start_interpolation: 0,interpolation_duration: 1}
$data merge entity $(bone_bone18) {transformation: [-0.9531f,0.2132f,-0.2147f,-0.2585f,0.1485f,0.9479f,0.2819f,0.4492f,0.2636f,0.2368f,-0.9351f,-0.1866f,0f,0f,0f,1f],start_interpolation: 0,interpolation_duration: 1}
$data merge entity $(bone_bone17) {transformation: [-0.8139f,0.2272f,-0.5348f,-0.1875f,0.1049f,0.9627f,0.2495f,0.75f,0.5715f,0.147f,-0.8073f,-0.1406f,0f,0f,0f,1f],start_interpolation: 0,interpolation_duration: 1}
$data merge entity $(bone_bone21) {transformation: [-0.9949f,0.0952f,-0.0342f,-0.0748f,0.083f,0.9615f,0.2621f,0.5011f,0.0578f,0.258f,-0.9644f,-0.3292f,0f,0f,0f,1f],start_interpolation: 0,interpolation_duration: 1}
$data merge entity $(bone_bone20) {transformation: [-0.9693f,0.0393f,-0.2428f,-0.0625f,-0.1163f,0.7964f,0.5934f,0.75f,0.2167f,0.6034f,-0.7674f,-0.1406f,0f,0f,0f,1f],start_interpolation: 0,interpolation_duration: 1}
$data merge entity $(bone_bone24) {transformation: [-0.9551f,-0.0007f,0.2964f,0.0824f,0.1701f,0.8176f,0.5502f,0.4732f,-0.2427f,0.5759f,-0.7807f,-0.2843f,0f,0f,0f,1f],start_interpolation: 0,interpolation_duration: 1}
$data merge entity $(bone_bone23) {transformation: [-0.9827f,-0.0636f,0.1741f,0.0625f,0.0248f,0.8858f,0.4634f,0.75f,-0.1837f,0.4597f,-0.8689f,-0.1406f,0f,0f,0f,1f],start_interpolation: 0,interpolation_duration: 1}
$data merge entity $(bone_bone27) {transformation: [-0.924f,-0.1365f,0.3571f,0.1922f,0.04f,0.8943f,0.4456f,0.4504f,-0.3802f,0.426f,-0.8209f,-0.2293f,0f,0f,0f,1f],start_interpolation: 0,interpolation_duration: 1}
$data merge entity $(bone_bone26) {transformation: [-0.8763f,-0.015f,0.4815f,0.1875f,0.124f,0.9588f,0.2557f,0.75f,-0.4655f,0.2838f,-0.8383f,-0.1406f,0f,0f,0f,1f],start_interpolation: 0,interpolation_duration: 1}
$data merge entity $(bone_bone30) {transformation: [-0.7516f,-0.6596f,0f,0.3597f,-0.6596f,0.7516f,0f,0.452f,0f,0f,-1f,0.0625f,0f,0f,0f,1f],start_interpolation: 0,interpolation_duration: 1}
$data merge entity $(bone_bone29) {transformation: [-0.9536f,-0.3009f,0f,0.2656f,-0.3009f,0.9536f,0f,0.75f,0f,0f,-1f,0.0625f,0f,0f,0f,1f],start_interpolation: 0,interpolation_duration: 1}
$data merge entity $(bone_bone33) {transformation: [-0.9775f,-0.078f,0.196f,0.3936f,-0.0518f,0.9895f,0.1352f,0.465f,-0.2045f,0.122f,-0.9712f,-0.0709f,0f,0f,0f,1f],start_interpolation: 0,interpolation_duration: 1}
$data merge entity $(bone_bone32) {transformation: [-0.9073f,-0.4095f,0.0953f,0.2656f,-0.404f,0.9119f,0.072f,0.75f,-0.1164f,0.0268f,-0.9928f,-0.0625f,0f,0f,0f,1f],start_interpolation: 0,interpolation_duration: 1}
$data merge entity $(bone_bone36) {transformation: [-0.8595f,0.3372f,-0.3841f,-0.308f,0.4565f,0.8445f,-0.2802f,0.4428f,0.2299f,-0.4162f,-0.8797f,0.1011f,0f,0f,0f,1f],start_interpolation: 0,interpolation_duration: 1}
$data merge entity $(bone_bone35) {transformation: [-0.9905f,0.1355f,-0.0244f,-0.2656f,0.1374f,0.9831f,-0.1213f,0.75f,0.0076f,-0.1235f,-0.9923f,0.0625f,0f,0f,0f,1f],start_interpolation: 0,interpolation_duration: 1}
$data merge entity $(bone_bone39) {transformation: [-0.9226f,0.0806f,0.3771f,-0.3483f,0.111f,0.992f,0.0596f,0.4489f,-0.3693f,0.0968f,-0.9242f,-0.051f,0f,0f,0f,1f],start_interpolation: 0,interpolation_duration: 1}
$data merge entity $(bone_bone38) {transformation: [-0.9508f,0.2647f,0.1612f,-0.2656f,0.2544f,0.9636f,-0.082f,0.75f,-0.177f,-0.0369f,-0.9835f,-0.0625f,0f,0f,0f,1f],start_interpolation: 0,interpolation_duration: 1}
$data merge entity $(bone_bone45) {transformation: [-0.9865f,0.0481f,-0.1564f,-0.4819f,-0.009f,0.9382f,0.3459f,1.2176f,0.1634f,0.3427f,-0.9251f,-0.201f,0f,0f,0f,1f],start_interpolation: 0,interpolation_duration: 1}
$data merge entity $(bone_bone44) {transformation: [-0.9432f,0.327f,0.0581f,-0.3797f,0.3321f,0.9271f,0.1736f,1.5073f,0.0029f,0.183f,-0.9831f,-0.1438f,0f,0f,0f,1f],start_interpolation: 0,interpolation_duration: 1}
$data merge entity $(bone_bone48) {transformation: [-0.777f,0.0476f,-0.6277f,-0.6272f,0.1456f,0.9837f,-0.1057f,0.9194f,0.6125f,-0.1735f,-0.7712f,0.0377f,0f,0f,0f,1f],start_interpolation: 0,interpolation_duration: 1}
$data merge entity $(bone_bone47) {transformation: [-0.9052f,0.3261f,-0.2727f,-0.5049f,0.3341f,0.9424f,0.018f,1.2728f,0.2628f,-0.0748f,-0.9619f,0.0097f,0f,0f,0f,1f],start_interpolation: 0,interpolation_duration: 1}
$data merge entity $(bone_3) {transformation: [-0.9436f,0.2247f,-0.2433f,-0.3441f,0.2066f,0.9735f,0.0979f,1.3654f,0.2588f,0.0421f,-0.965f,-0.0214f,0f,0f,0f,1f],start_interpolation: 0,interpolation_duration: 1}
$data merge entity $(bone_4) {transformation: [-0.9436f,0.1667f,-0.2861f,-0.4536f,0.2066f,0.9716f,-0.1151f,1.1593f,0.2588f,-0.1677f,-0.9513f,-0.0147f,0f,0f,0f,1f],start_interpolation: 0,interpolation_duration: 1}
$data merge entity $(bone_bone42) {transformation: [-0.9779f,-0.0636f,-0.199f,0.4414f,-0.1449f,0.8928f,0.4266f,1.2159f,0.1506f,0.446f,-0.8823f,-0.2346f,0f,0f,0f,1f],start_interpolation: 0,interpolation_duration: 1}
$data merge entity $(bone_bone41) {transformation: [-0.9611f,-0.2556f,0.1049f,0.3615f,-0.2095f,0.9217f,0.3265f,1.5039f,-0.1801f,0.2919f,-0.9393f,-0.1434f,0f,0f,0f,1f],start_interpolation: 0,interpolation_duration: 1}
$data merge entity $(bone_bone51) {transformation: [-0.8664f,-0.3504f,0.3559f,0.5936f,-0.3517f,0.934f,0.0634f,0.9056f,-0.3546f,-0.0703f,-0.9324f,0.0075f,0f,0f,0f,1f],start_interpolation: 0,interpolation_duration: 1}
$data merge entity $(bone_bone50) {transformation: [-0.8999f,-0.2617f,0.3488f,0.4954f,-0.2521f,0.9649f,0.0736f,1.2674f,-0.3558f,-0.0217f,-0.9343f,-0.0006f,0f,0f,0f,1f],start_interpolation: 0,interpolation_duration: 1}
$data merge entity $(bone_1) {transformation: [-0.9768f,-0.1765f,0.121f,0.336f,-0.1696f,0.9834f,0.0653f,1.3665f,-0.1305f,0.0432f,-0.9905f,-0.0136f,0f,0f,0f,1f],start_interpolation: 0,interpolation_duration: 1}
$data merge entity $(bone_2) {transformation: [-0.9768f,-0.1391f,0.1626f,0.4051f,-0.1696f,0.9667f,-0.1915f,1.1567f,-0.1305f,-0.2146f,-0.9679f,-0.0189f,0f,0f,0f,1f],start_interpolation: 0,interpolation_duration: 1}
$data merge entity $(bone_7) {transformation: [-0.9989f,0.0461f,-0.0039f,-0.1274f,0.0463f,0.9954f,-0.0844f,0.5616f,0f,-0.0845f,-0.9964f,0.0158f,0f,0f,0f,1f],start_interpolation: 0,interpolation_duration: 1}
$data merge entity $(bone_8) {transformation: [-0.9989f,0.0434f,0.0159f,-0.1339f,0.0463f,0.9378f,0.3441f,0.4227f,0f,0.3445f,-0.9388f,0.0402f,0f,0f,0f,1f],start_interpolation: 0,interpolation_duration: 1}
$data merge entity $(bone_5) {transformation: [-0.9989f,-0.0463f,-0.0001f,0.1188f,-0.0463f,0.9989f,0.0026f,0.7483f,0f,0.0027f,-1f,0f,0f,0f,0f,1f],start_interpolation: 0,interpolation_duration: 1}
$data merge entity $(bone_6) {transformation: [-0.9989f,-0.0447f,-0.0121f,0.1344f,-0.0463f,0.9642f,0.2611f,0.4111f,0f,0.2614f,-0.9652f,0.0054f,0f,0f,0f,1f],start_interpolation: 0,interpolation_duration: 1}