# This file was generated by Animated Java via MC-Build. It is not recommended to edit this file directly.
$data merge entity $(bone_bone54) {transformation: [-0.962f,-0.0622f,0.2657f,-0.1422f,-0.0405f,0.9954f,0.0865f,1.2278f,-0.2699f,0.0725f,-0.9602f,-0.2967f,0f,0f,0f,1f],start_interpolation: 0,interpolation_duration: 1}
$data merge entity $(bone_bone53) {transformation: [-0.9846f,-0.0277f,0.1729f,-0.1562f,0.046f,0.9118f,0.4081f,1.5f,-0.1689f,0.4097f,-0.8964f,-0.1406f,0f,0f,0f,1f],start_interpolation: 0,interpolation_duration: 1}
$data merge entity $(bone_bone57) {transformation: [-0.9778f,0.1869f,-0.0953f,0.1582f,0.1895f,0.9817f,-0.0195f,1.2242f,0.0899f,-0.0371f,-0.9953f,-0.2909f,0f,0f,0f,1f],start_interpolation: 0,interpolation_duration: 1}
$data merge entity $(bone_bone56) {transformation: [-0.9931f,0.0056f,0.1172f,0.1563f,0.0507f,0.9211f,0.386f,1.5f,-0.1058f,0.3893f,-0.915f,-0.1406f,0f,0f,0f,1f],start_interpolation: 0,interpolation_duration: 1}
$data merge entity $(bone_bone5) {transformation: [-0.895f,0.2376f,0.3776f,-0.211f,0.0587f,0.9017f,-0.4284f,0.4417f,-0.4423f,-0.3612f,-0.8209f,0.168f,0f,0f,0f,1f],start_interpolation: 0,interpolation_duration: 1}
$data merge entity $(bone_bone2) {transformation: [-0.895f,0.1502f,0.4201f,-0.1875f,0.0587f,0.973f,-0.223f,0.5938f,-0.4423f,-0.175f,-0.8796f,0.1406f,0f,0f,0f,1f],start_interpolation: 0,interpolation_duration: 1}
$data merge entity $(bone_bone9) {transformation: [-0.9537f,0.0501f,0.2965f,-0.0997f,0.0042f,0.9882f,-0.1534f,0.4614f,-0.3007f,-0.1451f,-0.9426f,0.2547f,0f,0f,0f,1f],start_interpolation: 0,interpolation_duration: 1}
$data merge entity $(bone_bone8) {transformation: [-0.9537f,0.1191f,0.2761f,-0.0625f,0.0042f,0.9234f,-0.3839f,0.75f,-0.3007f,-0.365f,-0.8811f,0.1406f,0f,0f,0f,1f],start_interpolation: 0,interpolation_duration: 1}
$data merge entity $(bone_bone12) {transformation: [-0.9433f,-0.0706f,-0.3243f,0.0598f,0.0825f,0.8966f,-0.4351f,0.4455f,0.3214f,-0.4372f,-0.8399f,0.1953f,0f,0f,0f,1f],start_interpolation: 0,interpolation_duration: 1}
$data merge entity $(bone_bone11) {transformation: [-0.9433f,0.0085f,-0.3318f,0.0625f,0.0825f,0.9743f,-0.2096f,0.75f,0.3214f,-0.2251f,-0.9198f,0.125f,0f,0f,0f,1f],start_interpolation: 0,interpolation_duration: 1}
$data merge entity $(bone_bone15) {transformation: [-0.9341f,-0.1014f,-0.3423f,0.2499f,-0.1023f,0.9946f,-0.0155f,0.455f,0.342f,0.0205f,-0.9395f,0.2072f,0f,0f,0f,1f],start_interpolation: 0,interpolation_duration: 1}
$data merge entity $(bone_bone14) {transformation: [-0.9341f,-0.1997f,-0.2959f,0.1875f,-0.1023f,0.9439f,-0.3139f,0.75f,0.342f,-0.263f,-0.9022f,0.125f,0f,0f,0f,1f],start_interpolation: 0,interpolation_duration: 1}
$data merge entity $(bone_bone18) {transformation: [-0.831f,0.2841f,-0.4782f,-0.2672f,-0.0211f,0.8429f,0.5376f,0.4823f,0.5558f,0.4569f,-0.6945f,-0.2808f,0f,0f,0f,1f],start_interpolation: 0,interpolation_duration: 1}
$data merge entity $(bone_bone17) {transformation: [-0.828f,0.2552f,-0.4993f,-0.1875f,-0.046f,0.8565f,0.5141f,0.75f,0.5588f,0.4487f,-0.6974f,-0.1406f,0f,0f,0f,1f],start_interpolation: 0,interpolation_duration: 1}
$data merge entity $(bone_bone21) {transformation: [-0.9764f,0.0719f,0.2037f,-0.1286f,0.1037f,0.9833f,0.1498f,0.5262f,-0.1895f,0.1674f,-0.9675f,-0.3484f,0f,0f,0f,1f],start_interpolation: 0,interpolation_duration: 1}
$data merge entity $(bone_bone20) {transformation: [-0.9704f,0.2116f,-0.1168f,-0.0625f,0.0726f,0.7163f,0.694f,0.75f,0.2305f,0.6649f,-0.7104f,-0.1406f,0f,0f,0f,1f],start_interpolation: 0,interpolation_duration: 1}
$data merge entity $(bone_bone24) {transformation: [-0.9703f,0.1113f,0.2146f,0.0601f,0.2228f,0.7565f,0.6149f,0.4744f,-0.0938f,0.6445f,-0.7588f,-0.2879f,0f,0f,0f,1f],start_interpolation: 0,interpolation_duration: 1}
$data merge entity $(bone_bone23) {transformation: [-0.997f,0.0078f,0.0769f,0.0625f,0.0431f,0.882f,0.4693f,0.75f,-0.0642f,0.4712f,-0.8797f,-0.1406f,0f,0f,0f,1f],start_interpolation: 0,interpolation_duration: 1}
$data merge entity $(bone_bone27) {transformation: [-0.7873f,-0.4764f,0.3914f,0.2723f,0.1901f,0.4163f,0.8891f,0.4863f,-0.5865f,0.7745f,-0.2372f,-0.2852f,0f,0f,0f,1f],start_interpolation: 0,interpolation_duration: 1}
$data merge entity $(bone_bone26) {transformation: [-0.6197f,-0.2713f,0.7364f,0.1875f,0.2147f,0.8439f,0.4916f,0.75f,-0.7549f,0.4628f,-0.4648f,-0.1406f,0f,0f,0f,1f],start_interpolation: 0,interpolation_duration: 1}
$data merge entity $(bone_bone30) {transformation: [-0.9239f,-0.3827f,0f,0.3725f,-0.3827f,0.9239f,0f,0.4563f,0f,0f,-1f,0.0625f,0f,0f,0f,1f],start_interpolation: 0,interpolation_duration: 1}
$data merge entity $(bone_bone29) {transformation: [-0.9397f,-0.342f,0f,0.2656f,-0.342f,0.9397f,0f,0.75f,0f,0f,-1f,0.0625f,0f,0f,0f,1f],start_interpolation: 0,interpolation_duration: 1}
$data merge entity $(bone_bone33) {transformation: [-0.655f,-0.6151f,-0.4389f,0.3842f,-0.7212f,0.6822f,0.1202f,0.4638f,0.2255f,0.3953f,-0.8904f,-0.1033f,0f,0f,0f,1f],start_interpolation: 0,interpolation_duration: 1}
$data merge entity $(bone_bone32) {transformation: [-0.8661f,-0.3794f,-0.3255f,0.2656f,-0.4012f,0.916f,-0.0001f,0.75f,0.2981f,0.1305f,-0.9456f,-0.0625f,0f,0f,0f,1f],start_interpolation: 0,interpolation_duration: 1}
$data merge entity $(bone_bone36) {transformation: [-0.9805f,0.1482f,-0.1294f,-0.3762f,0.1513f,0.9884f,-0.0149f,0.4665f,0.1257f,-0.0342f,-0.9915f,0.1338f,0f,0f,0f,1f],start_interpolation: 0,interpolation_duration: 1}
$data merge entity $(bone_bone35) {transformation: [-0.7393f,0.3537f,-0.573f,-0.2656f,0.4205f,0.9071f,0.0175f,0.75f,0.526f,-0.228f,-0.8194f,0.0625f,0f,0f,0f,1f],start_interpolation: 0,interpolation_duration: 1}
$data merge entity $(bone_bone39) {transformation: [-0.7557f,0.4493f,-0.4764f,-0.413f,0.5078f,0.8614f,0.007f,0.4744f,0.4135f,-0.2367f,-0.8792f,-0.0613f,0f,0f,0f,1f],start_interpolation: 0,interpolation_duration: 1}
$data merge entity $(bone_bone38) {transformation: [-0.8038f,0.4715f,0.3627f,-0.2656f,0.4279f,0.8819f,-0.198f,0.75f,-0.4132f,-0.004f,-0.9106f,-0.0625f,0f,0f,0f,1f],start_interpolation: 0,interpolation_duration: 1}
$data merge entity $(bone_bone45) {transformation: [-0.9949f,-0.0683f,-0.074f,-0.4388f,-0.0924f,0.9111f,0.4018f,1.2178f,0.04f,0.4066f,-0.9128f,-0.2459f,0f,0f,0f,1f],start_interpolation: 0,interpolation_duration: 1}
$data merge entity $(bone_bone44) {transformation: [-0.8975f,0.1885f,-0.3988f,-0.3799f,0.0273f,0.9261f,0.3763f,1.5072f,0.4403f,0.3269f,-0.8363f,-0.1438f,0f,0f,0f,1f],start_interpolation: 0,interpolation_duration: 1}
$data merge entity $(bone_bone48) {transformation: [-0.7103f,0.6195f,-0.3343f,-0.682f,0.511f,0.7803f,0.3606f,0.9519f,0.4842f,0.0853f,-0.8708f,0.089f,0f,0f,0f,1f],start_interpolation: 0,interpolation_duration: 1}
$data merge entity $(bone_bone47) {transformation: [-0.6263f,0.4839f,-0.6113f,-0.5005f,0.5049f,0.8491f,0.1549f,1.2703f,0.594f,-0.2116f,-0.7761f,0.0097f,0f,0f,0f,1f],start_interpolation: 0,interpolation_duration: 1}
$data merge entity $(bone_3) {transformation: [-0.9474f,0.206f,-0.2451f,-0.3415f,0.1884f,0.9776f,0.0932f,1.366f,0.2588f,0.0421f,-0.965f,-0.0214f,0f,0f,0f,1f],start_interpolation: 0,interpolation_duration: 1}
$data merge entity $(bone_4) {transformation: [-0.9474f,0.148f,-0.2839f,-0.4471f,0.1884f,0.9747f,-0.1206f,1.1578f,0.2588f,-0.1677f,-0.9513f,-0.0147f,0f,0f,0f,1f],start_interpolation: 0,interpolation_duration: 1}
$data merge entity $(bone_bone42) {transformation: [-0.9964f,-0.0817f,0.0209f,0.3644f,-0.0819f,0.9966f,-0.0096f,1.2044f,-0.0201f,-0.0113f,-0.9997f,-0.2318f,0f,0f,0f,1f],start_interpolation: 0,interpolation_duration: 1}
$data merge entity $(bone_bone41) {transformation: [-1f,-0.0089f,0.0014f,0.3616f,-0.0082f,0.9591f,0.2829f,1.5041f,-0.0039f,0.2828f,-0.9592f,-0.1434f,0f,0f,0f,1f],start_interpolation: 0,interpolation_duration: 1}
$data merge entity $(bone_bone51) {transformation: [-0.9403f,-0.2857f,-0.1847f,0.6705f,-0.2382f,0.9405f,-0.2423f,0.9392f,0.243f,-0.1838f,-0.9525f,0.0455f,0f,0f,0f,1f],start_interpolation: 0,interpolation_duration: 1}
$data merge entity $(bone_bone50) {transformation: [-0.8736f,-0.4789f,-0.0867f,0.491f,-0.458f,0.8693f,-0.1861f,1.2651f,0.1645f,-0.1229f,-0.9787f,-0.0006f,0f,0f,0f,1f],start_interpolation: 0,interpolation_duration: 1}
$data merge entity $(bone_1) {transformation: [-0.9799f,-0.1576f,0.1222f,0.3335f,-0.1508f,0.9866f,0.0629f,1.3673f,-0.1305f,0.0432f,-0.9905f,-0.0136f,0f,0f,0f,1f],start_interpolation: 0,interpolation_duration: 1}
$data merge entity $(bone_2) {transformation: [-0.9799f,-0.1206f,0.1589f,0.3986f,-0.1508f,0.9692f,-0.1945f,1.1562f,-0.1305f,-0.2146f,-0.9679f,-0.0189f,0f,0f,0f,1f],start_interpolation: 0,interpolation_duration: 1}
$data merge entity $(bone_7) {transformation: [-0.9979f,0.0653f,-0.0043f,-0.1311f,0.0654f,0.9957f,-0.0653f,0.5608f,0f,-0.0654f,-0.9979f,0.0123f,0f,0f,0f,1f],start_interpolation: 0,interpolation_duration: 1}
$data merge entity $(bone_8) {transformation: [-0.9979f,0.061f,0.0237f,-0.1402f,0.0654f,0.93f,0.3617f,0.4216f,0f,0.3624f,-0.932f,0.0339f,0f,0f,0f,1f],start_interpolation: 0,interpolation_duration: 1}
$data merge entity $(bone_5) {transformation: [-0.9979f,-0.0654f,-0.0014f,0.1188f,-0.0654f,0.9976f,0.0218f,0.7475f,0f,0.0218f,-0.9998f,0f,0f,0f,0f,1f],start_interpolation: 0,interpolation_duration: 1}
$data merge entity $(bone_6) {transformation: [-0.9979f,-0.0628f,-0.0183f,0.1409f,-0.0654f,0.958f,0.2792f,0.4107f,0f,0.2798f,-0.96f,-0.0011f,0f,0f,0f,1f],start_interpolation: 0,interpolation_duration: 1}