# This file was generated by Animated Java via MC-Build. It is not recommended to edit this file directly.
$data merge entity $(bone_bone54) {transformation: [-0.963f,-0.0585f,0.2629f,-0.1421f,-0.04f,0.9964f,0.0752f,1.2275f,-0.2663f,0.0619f,-0.9619f,-0.2962f,0f,0f,0f,1f],start_interpolation: 0,interpolation_duration: 1}
$data merge entity $(bone_bone53) {transformation: [-0.9855f,-0.0287f,0.1671f,-0.1562f,0.0424f,0.9126f,0.4068f,1.5f,-0.1642f,0.4079f,-0.8981f,-0.1406f,0f,0f,0f,1f],start_interpolation: 0,interpolation_duration: 1}
$data merge entity $(bone_bone57) {transformation: [-0.9773f,0.189f,-0.0952f,0.1583f,0.1911f,0.9815f,-0.0132f,1.2243f,0.0909f,-0.0311f,-0.9954f,-0.2909f,0f,0f,0f,1f],start_interpolation: 0,interpolation_duration: 1}
$data merge entity $(bone_bone56) {transformation: [-0.9935f,0.0048f,0.1137f,0.1563f,0.0487f,0.921f,0.3865f,1.5f,-0.1029f,0.3895f,-0.9153f,-0.1406f,0f,0f,0f,1f],start_interpolation: 0,interpolation_duration: 1}
$data merge entity $(bone_bone5) {transformation: [-0.8958f,0.2369f,0.3761f,-0.2111f,0.0597f,0.9026f,-0.4262f,0.4417f,-0.4404f,-0.3594f,-0.8227f,0.168f,0f,0f,0f,1f],start_interpolation: 0,interpolation_duration: 1}
$data merge entity $(bone_bone2) {transformation: [-0.8958f,0.151f,0.418f,-0.1875f,0.0597f,0.9729f,-0.2235f,0.5938f,-0.4404f,-0.1753f,-0.8805f,0.1406f,0f,0f,0f,1f],start_interpolation: 0,interpolation_duration: 1}
$data merge entity $(bone_bone9) {transformation: [-0.9543f,0.0487f,0.2949f,-0.0995f,0.0042f,0.9887f,-0.1498f,0.4614f,-0.2989f,-0.1417f,-0.9437f,0.2546f,0f,0f,0f,1f],start_interpolation: 0,interpolation_duration: 1}
$data merge entity $(bone_bone8) {transformation: [-0.9543f,0.1183f,0.2745f,-0.0625f,0.0042f,0.9236f,-0.3833f,0.75f,-0.2989f,-0.3646f,-0.8819f,0.1406f,0f,0f,0f,1f],start_interpolation: 0,interpolation_duration: 1}
$data merge entity $(bone_bone12) {transformation: [-0.9442f,-0.0694f,-0.322f,0.0601f,0.0814f,0.898f,-0.4323f,0.4456f,0.3192f,-0.4344f,-0.8423f,0.1956f,0f,0f,0f,1f],start_interpolation: 0,interpolation_duration: 1}
$data merge entity $(bone_bone11) {transformation: [-0.9442f,0.0076f,-0.3293f,0.0625f,0.0814f,0.9741f,-0.2109f,0.75f,0.3192f,-0.226f,-0.9204f,0.125f,0f,0f,0f,1f],start_interpolation: 0,interpolation_duration: 1}
$data merge entity $(bone_bone15) {transformation: [-0.9344f,-0.102f,-0.3414f,0.2499f,-0.1028f,0.9946f,-0.0158f,0.455f,0.3411f,0.0204f,-0.9398f,0.2071f,0f,0f,0f,1f],start_interpolation: 0,interpolation_duration: 1}
$data merge entity $(bone_bone14) {transformation: [-0.9344f,-0.1997f,-0.295f,0.1875f,-0.1028f,0.944f,-0.3135f,0.75f,0.3411f,-0.2626f,-0.9026f,0.125f,0f,0f,0f,1f],start_interpolation: 0,interpolation_duration: 1}
$data merge entity $(bone_bone18) {transformation: [-0.8347f,0.28f,-0.4742f,-0.2671f,-0.0168f,0.8477f,0.5302f,0.4815f,0.5505f,0.4505f,-0.7028f,-0.2793f,0f,0f,0f,1f],start_interpolation: 0,interpolation_duration: 1}
$data merge entity $(bone_bone17) {transformation: [-0.8253f,0.2546f,-0.5041f,-0.1875f,-0.0461f,0.8592f,0.5095f,0.75f,0.5628f,0.4438f,-0.6973f,-0.1406f,0f,0f,0f,1f],start_interpolation: 0,interpolation_duration: 1}
$data merge entity $(bone_bone21) {transformation: [-0.9772f,0.0747f,0.1988f,-0.1275f,0.1036f,0.9849f,0.1391f,0.5266f,-0.1854f,0.1565f,-0.9701f,-0.3493f,0f,0f,0f,1f],start_interpolation: 0,interpolation_duration: 1}
$data merge entity $(bone_bone20) {transformation: [-0.9713f,0.2079f,-0.1156f,-0.0625f,0.0702f,0.7148f,0.6958f,0.75f,0.2273f,0.6677f,-0.7088f,-0.1406f,0f,0f,0f,1f],start_interpolation: 0,interpolation_duration: 1}
$data merge entity $(bone_bone24) {transformation: [-0.9694f,0.105f,0.222f,0.0605f,0.2234f,0.7523f,0.6198f,0.4731f,-0.1019f,0.6504f,-0.7527f,-0.2855f,0f,0f,0f,1f],start_interpolation: 0,interpolation_duration: 1}
$data merge entity $(bone_bone23) {transformation: [-0.9966f,0.0064f,0.0824f,0.0625f,0.0439f,0.886f,0.4616f,0.75f,-0.0701f,0.4636f,-0.8832f,-0.1406f,0f,0f,0f,1f],start_interpolation: 0,interpolation_duration: 1}
$data merge entity $(bone_bone27) {transformation: [-0.7887f,-0.4753f,0.3898f,0.2692f,0.1928f,0.4109f,0.8911f,0.4847f,-0.5837f,0.778f,-0.2324f,-0.2842f,0f,0f,0f,1f],start_interpolation: 0,interpolation_duration: 1}
$data merge entity $(bone_bone26) {transformation: [-0.6224f,-0.2614f,0.7377f,0.1875f,0.2154f,0.849f,0.4825f,0.75f,-0.7524f,0.4593f,-0.4721f,-0.1406f,0f,0f,0f,1f],start_interpolation: 0,interpolation_duration: 1}
$data merge entity $(bone_bone30) {transformation: [-0.916f,-0.4011f,0f,0.3714f,-0.4011f,0.916f,0f,0.4559f,0f,0f,-1f,0.0625f,0f,0f,0f,1f],start_interpolation: 0,interpolation_duration: 1}
$data merge entity $(bone_bone29) {transformation: [-0.941f,-0.3385f,0f,0.2656f,-0.3385f,0.941f,0f,0.75f,0f,0f,-1f,0.0625f,0f,0f,0f,1f],start_interpolation: 0,interpolation_duration: 1}
$data merge entity $(bone_bone33) {transformation: [-0.66f,-0.6113f,-0.4367f,0.3828f,-0.717f,0.6861f,0.1233f,0.463f,0.2243f,0.3945f,-0.8911f,-0.1023f,0f,0f,0f,1f],start_interpolation: 0,interpolation_duration: 1}
$data merge entity $(bone_bone32) {transformation: [-0.8677f,-0.3749f,-0.3265f,0.2656f,-0.3959f,0.9183f,-0.0023f,0.75f,0.3007f,0.1273f,-0.9452f,-0.0625f,0f,0f,0f,1f],start_interpolation: 0,interpolation_duration: 1}
$data merge entity $(bone_bone36) {transformation: [-0.9799f,0.152f,-0.1296f,-0.3746f,0.1567f,0.9873f,-0.0273f,0.4657f,0.1238f,-0.047f,-0.9912f,0.1329f,0f,0f,0f,1f],start_interpolation: 0,interpolation_duration: 1}
$data merge entity $(bone_bone35) {transformation: [-0.7482f,0.3487f,-0.5644f,-0.2656f,0.4151f,0.9097f,0.0118f,0.75f,0.5176f,-0.2254f,-0.8254f,0.0625f,0f,0f,0f,1f],start_interpolation: 0,interpolation_duration: 1}
$data merge entity $(bone_bone39) {transformation: [-0.7592f,0.4468f,-0.4733f,-0.4131f,0.5067f,0.8621f,0.0011f,0.4745f,0.4085f,-0.239f,-0.8809f,-0.0586f,0f,0f,0f,1f],start_interpolation: 0,interpolation_duration: 1}
$data merge entity $(bone_bone38) {transformation: [-0.8046f,0.472f,0.3602f,-0.2656f,0.425f,0.8815f,-0.2057f,0.75f,-0.4146f,-0.0124f,-0.9099f,-0.0625f,0f,0f,0f,1f],start_interpolation: 0,interpolation_duration: 1}
$data merge entity $(bone_bone45) {transformation: [-0.994f,-0.078f,-0.0771f,-0.4409f,-0.103f,0.9055f,0.4116f,1.2179f,0.0377f,0.417f,-0.9081f,-0.245f,0f,0f,0f,1f],start_interpolation: 0,interpolation_duration: 1}
$data merge entity $(bone_bone44) {transformation: [-0.8982f,0.1955f,-0.3938f,-0.3798f,0.0364f,0.9257f,0.3765f,1.5072f,0.4382f,0.3238f,-0.8386f,-0.1438f,0f,0f,0f,1f],start_interpolation: 0,interpolation_duration: 1}
$data merge entity $(bone_bone48) {transformation: [-0.7049f,0.6177f,-0.3487f,-0.6828f,0.5038f,0.7821f,0.3668f,0.9522f,0.4993f,0.0829f,-0.8624f,0.0884f,0f,0f,0f,1f],start_interpolation: 0,interpolation_duration: 1}
$data merge entity $(bone_bone47) {transformation: [-0.6302f,0.485f,-0.6063f,-0.5009f,0.5058f,0.8489f,0.1534f,1.2705f,0.5891f,-0.21f,-0.7803f,0.0097f,0f,0f,0f,1f],start_interpolation: 0,interpolation_duration: 1}
$data merge entity $(bone_3) {transformation: [-0.9471f,0.2076f,-0.2449f,-0.3418f,0.19f,0.9773f,0.0936f,1.366f,0.2588f,0.0421f,-0.965f,-0.0214f,0f,0f,0f,1f],start_interpolation: 0,interpolation_duration: 1}
$data merge entity $(bone_4) {transformation: [-0.9471f,0.1496f,-0.2841f,-0.4477f,0.19f,0.9744f,-0.1201f,1.1579f,0.2588f,-0.1677f,-0.9513f,-0.0147f,0f,0f,0f,1f],start_interpolation: 0,interpolation_duration: 1}
$data merge entity $(bone_bone42) {transformation: [-0.9966f,-0.0817f,0.0138f,0.3658f,-0.0818f,0.9966f,-0.0039f,1.2044f,-0.0135f,-0.005f,-0.9999f,-0.2319f,0f,0f,0f,1f],start_interpolation: 0,interpolation_duration: 1}
$data merge entity $(bone_bone41) {transformation: [-0.9999f,-0.0137f,0.0092f,0.3616f,-0.0105f,0.959f,0.2833f,1.5041f,-0.0127f,0.2832f,-0.959f,-0.1434f,0f,0f,0f,1f],start_interpolation: 0,interpolation_duration: 1}
$data merge entity $(bone_bone51) {transformation: [-0.94f,-0.29f,-0.1795f,0.6692f,-0.2421f,0.9382f,-0.2474f,0.9383f,0.2402f,-0.1891f,-0.9521f,0.0448f,0f,0f,0f,1f],start_interpolation: 0,interpolation_duration: 1}
$data merge entity $(bone_bone50) {transformation: [-0.8766f,-0.4742f,-0.0818f,0.4913f,-0.4549f,0.872f,-0.1806f,1.2653f,0.157f,-0.1211f,-0.9801f,-0.0006f,0f,0f,0f,1f],start_interpolation: 0,interpolation_duration: 1}
$data merge entity $(bone_1) {transformation: [-0.9797f,-0.1592f,0.1221f,0.3337f,-0.1524f,0.9863f,0.0631f,1.3672f,-0.1305f,0.0432f,-0.9905f,-0.0136f,0f,0f,0f,1f],start_interpolation: 0,interpolation_duration: 1}
$data merge entity $(bone_2) {transformation: [-0.9797f,-0.1222f,0.1592f,0.3991f,-0.1524f,0.969f,-0.1943f,1.1562f,-0.1305f,-0.2146f,-0.9679f,-0.0189f,0f,0f,0f,1f],start_interpolation: 0,interpolation_duration: 1}
$data merge entity $(bone_7) {transformation: [-0.998f,0.0636f,-0.0043f,-0.1308f,0.0638f,0.9957f,-0.0669f,0.5609f,0f,-0.067f,-0.9978f,0.0126f,0f,0f,0f,1f],start_interpolation: 0,interpolation_duration: 1}
$data merge entity $(bone_8) {transformation: [-0.998f,0.0595f,0.023f,-0.1397f,0.0638f,0.9307f,0.3602f,0.4217f,0f,0.3609f,-0.9326f,0.0345f,0f,0f,0f,1f],start_interpolation: 0,interpolation_duration: 1}
$data merge entity $(bone_5) {transformation: [-0.998f,-0.0638f,-0.0013f,0.1188f,-0.0638f,0.9978f,0.0201f,0.7476f,0f,0.0202f,-0.9998f,0f,0f,0f,0f,1f],start_interpolation: 0,interpolation_duration: 1}
$data merge entity $(bone_6) {transformation: [-0.998f,-0.0613f,-0.0177f,0.1404f,-0.0638f,0.9586f,0.2777f,0.4107f,0f,0.2783f,-0.9605f,-0.0006f,0f,0f,0f,1f],start_interpolation: 0,interpolation_duration: 1}