# This file was generated by Animated Java via MC-Build. It is not recommended to edit this file directly.
$data merge entity $(bone_bone54) {transformation: [-0.9653f,-0.0518f,0.2559f,-0.1427f,-0.0363f,0.9972f,0.0652f,-0.8667f,-0.2586f,0.0536f,-0.9645f,-0.2953f,0f,0f,0f,1f],start_interpolation: 0,interpolation_duration: 1}
$data merge entity $(bone_bone53) {transformation: [-0.987f,-0.0274f,0.1581f,-0.1562f,0.0393f,0.9139f,0.404f,-0.5937f,-0.1556f,0.405f,-0.901f,-0.1406f,0f,0f,0f,1f],start_interpolation: 0,interpolation_duration: 1}
$data merge entity $(bone_bone57) {transformation: [-0.9777f,0.1905f,-0.0883f,0.1588f,0.1916f,0.9815f,-0.0036f,-0.8699f,0.0859f,-0.0204f,-0.9961f,-0.2902f,0f,0f,0f,1f],start_interpolation: 0,interpolation_duration: 1}
$data merge entity $(bone_bone56) {transformation: [-0.9935f,0.0032f,0.1135f,0.1563f,0.0468f,0.9221f,0.384f,-0.5937f,-0.1035f,0.3869f,-0.9163f,-0.1406f,0f,0f,0f,1f],start_interpolation: 0,interpolation_duration: 1}
$data merge entity $(bone_bone5) {transformation: [-0.8982f,0.2348f,0.3717f,-0.2114f,0.0627f,0.9053f,-0.4201f,-1.6519f,-0.4352f,-0.354f,-0.8278f,0.1682f,0f,0f,0f,1f],start_interpolation: 0,interpolation_duration: 1}
$data merge entity $(bone_bone2) {transformation: [-0.8982f,0.1533f,0.4121f,-0.1875f,0.0627f,0.9724f,-0.2249f,-1.5f,-0.4352f,-0.1762f,-0.8829f,0.1406f,0f,0f,0f,1f],start_interpolation: 0,interpolation_duration: 1}
$data merge entity $(bone_bone9) {transformation: [-0.9559f,0.045f,0.2903f,-0.0987f,0.0043f,0.9902f,-0.1395f,-1.6326f,-0.2937f,-0.1321f,-0.9467f,0.2543f,0f,0f,0f,1f],start_interpolation: 0,interpolation_duration: 1}
$data merge entity $(bone_bone8) {transformation: [-0.9559f,0.1159f,0.2699f,-0.0625f,0.0043f,0.9243f,-0.3816f,-1.3437f,-0.2937f,-0.3636f,-0.884f,0.1406f,0f,0f,0f,1f],start_interpolation: 0,interpolation_duration: 1}
$data merge entity $(bone_bone12) {transformation: [-0.9466f,-0.0663f,-0.3155f,0.061f,0.0782f,0.9022f,-0.4242f,-1.648f,0.3127f,-0.4262f,-0.8489f,0.1964f,0f,0f,0f,1f],start_interpolation: 0,interpolation_duration: 1}
$data merge entity $(bone_bone11) {transformation: [-0.9466f,0.0049f,-0.3223f,0.0625f,0.0782f,0.9735f,-0.2149f,-1.3437f,0.3127f,-0.2286f,-0.9219f,0.125f,0f,0f,0f,1f],start_interpolation: 0,interpolation_duration: 1}
$data merge entity $(bone_bone15) {transformation: [-0.9352f,-0.1035f,-0.3388f,0.25f,-0.1042f,0.9944f,-0.0164f,-1.6388f,0.3386f,0.02f,-0.9407f,0.2068f,0f,0f,0f,1f],start_interpolation: 0,interpolation_duration: 1}
$data merge entity $(bone_bone14) {transformation: [-0.9352f,-0.1999f,-0.2924f,0.1875f,-0.1042f,0.9442f,-0.3124f,-1.3437f,0.3386f,-0.2616f,-0.9038f,0.125f,0f,0f,0f,1f],start_interpolation: 0,interpolation_duration: 1}
$data merge entity $(bone_bone18) {transformation: [-0.8391f,0.2788f,-0.467f,-0.2664f,-0.0085f,0.8518f,0.5237f,-1.6136f,0.5439f,0.4435f,-0.7124f,-0.2771f,0f,0f,0f,1f],start_interpolation: 0,interpolation_duration: 1}
$data merge entity $(bone_bone17) {transformation: [-0.8232f,0.2526f,-0.5084f,-0.1875f,-0.0454f,0.8634f,0.5024f,-1.3437f,0.5659f,0.4367f,-0.6993f,-0.1406f,0f,0f,0f,1f],start_interpolation: 0,interpolation_duration: 1}
$data merge entity $(bone_bone21) {transformation: [-0.979f,0.0752f,0.1893f,-0.1259f,0.1008f,0.9865f,0.1293f,-1.5669f,-0.1771f,0.1457f,-0.9734f,-0.35f,0f,0f,0f,1f],start_interpolation: 0,interpolation_duration: 1}
$data merge entity $(bone_bone20) {transformation: [-0.9719f,0.2028f,-0.1193f,-0.0625f,0.0634f,0.7142f,0.6971f,-1.3437f,0.2266f,0.6699f,-0.707f,-0.1406f,0f,0f,0f,1f],start_interpolation: 0,interpolation_duration: 1}
$data merge entity $(bone_bone24) {transformation: [-0.9679f,0.0976f,0.2314f,0.0611f,0.2247f,0.7478f,0.6247f,-1.6219f,-0.1121f,0.6567f,-0.7458f,-0.2831f,0f,0f,0f,1f],start_interpolation: 0,interpolation_duration: 1}
$data merge entity $(bone_bone23) {transformation: [-0.9959f,0.0045f,0.0899f,0.0625f,0.045f,0.8899f,0.4538f,-1.3437f,-0.0779f,0.4561f,-0.8865f,-0.1406f,0f,0f,0f,1f],start_interpolation: 0,interpolation_duration: 1}
$data merge entity $(bone_bone27) {transformation: [-0.7928f,-0.4691f,0.3892f,0.2652f,0.1934f,0.4119f,0.8905f,-1.6109f,-0.578f,0.7812f,-0.2358f,-0.2829f,0f,0f,0f,1f],start_interpolation: 0,interpolation_duration: 1}
$data merge entity $(bone_bone26) {transformation: [-0.6298f,-0.2486f,0.7359f,0.1875f,0.2145f,0.8549f,0.4724f,-1.3437f,-0.7465f,0.4554f,-0.4851f,-0.1406f,0f,0f,0f,1f],start_interpolation: 0,interpolation_duration: 1}
$data merge entity $(bone_bone30) {transformation: [-0.9066f,-0.4219f,0f,0.3706f,-0.4219f,0.9066f,0f,-1.6381f,0f,0f,-1f,0.0625f,0f,0f,0f,1f],start_interpolation: 0,interpolation_duration: 1}
$data merge entity $(bone_bone29) {transformation: [-0.9419f,-0.3359f,0f,0.2656f,-0.3359f,0.9419f,0f,-1.3437f,0f,0f,-1f,0.0625f,0f,0f,0f,1f],start_interpolation: 0,interpolation_duration: 1}
$data merge entity $(bone_bone33) {transformation: [-0.6712f,-0.6042f,-0.4294f,0.3817f,-0.7065f,0.6968f,0.1239f,-1.6313f,0.2243f,0.3865f,-0.8946f,-0.1009f,0f,0f,0f,1f],start_interpolation: 0,interpolation_duration: 1}
$data merge entity $(bone_bone32) {transformation: [-0.87f,-0.3715f,-0.3241f,0.2656f,-0.3913f,0.9203f,-0.0045f,-1.3437f,0.2999f,0.1229f,-0.946f,-0.0625f,0f,0f,0f,1f],start_interpolation: 0,interpolation_duration: 1}
$data merge entity $(bone_bone36) {transformation: [-0.979f,0.1567f,-0.1305f,-0.3726f,0.1636f,0.9856f,-0.0438f,-1.629f,0.1218f,-0.0642f,-0.9905f,0.1321f,0f,0f,0f,1f],start_interpolation: 0,interpolation_duration: 1}
$data merge entity $(bone_bone35) {transformation: [-0.7607f,0.3424f,-0.5514f,-0.2656f,0.4085f,0.9128f,0.0033f,-1.3437f,0.5044f,-0.2227f,-0.8342f,0.0625f,0f,0f,0f,1f],start_interpolation: 0,interpolation_duration: 1}
$data merge entity $(bone_bone39) {transformation: [-0.7674f,0.4442f,-0.4624f,-0.4126f,0.5045f,0.8634f,-0.0078f,-1.6194f,0.3958f,-0.2393f,-0.8866f,-0.056f,0f,0f,0f,1f],start_interpolation: 0,interpolation_duration: 1}
$data merge entity $(bone_bone38) {transformation: [-0.8074f,0.4704f,0.356f,-0.2656f,0.4207f,0.8822f,-0.2115f,-1.3437f,-0.4136f,-0.021f,-0.9102f,-0.0625f,0f,0f,0f,1f],start_interpolation: 0,interpolation_duration: 1}
$data merge entity $(bone_bone45) {transformation: [-0.9927f,-0.0886f,-0.082f,-0.4426f,-0.115f,0.901f,0.4183f,-0.8759f,0.0368f,0.4246f,-0.9046f,-0.2436f,0f,0f,0f,1f],start_interpolation: 0,interpolation_duration: 1}
$data merge entity $(bone_bone44) {transformation: [-0.9003f,0.2008f,-0.3861f,-0.3798f,0.0459f,0.9261f,0.3745f,-0.5865f,0.4328f,0.3195f,-0.843f,-0.1438f,0f,0f,0f,1f],start_interpolation: 0,interpolation_duration: 1}
$data merge entity $(bone_bone48) {transformation: [-0.6996f,0.6122f,-0.3684f,-0.6827f,0.4952f,0.7872f,0.3675f,-1.1419f,0.515f,0.0747f,-0.8539f,0.0872f,0f,0f,0f,1f],start_interpolation: 0,interpolation_duration: 1}
$data merge entity $(bone_bone47) {transformation: [-0.6384f,0.484f,-0.5985f,-0.5013f,0.5047f,0.8503f,0.1493f,-0.823f,0.5812f,-0.2067f,-0.7871f,0.0097f,0f,0f,0f,1f],start_interpolation: 0,interpolation_duration: 1}
$data merge entity $(bone_3) {transformation: [-0.9467f,0.2092f,-0.2448f,-0.342f,0.1915f,0.977f,0.094f,-0.7278f,0.2588f,0.0421f,-0.965f,-0.0214f,0f,0f,0f,1f],start_interpolation: 0,interpolation_duration: 1}
$data merge entity $(bone_4) {transformation: [-0.9467f,0.1512f,-0.2843f,-0.4482f,0.1915f,0.9742f,-0.1197f,-0.9357f,0.2588f,-0.1677f,-0.9513f,-0.0147f,0f,0f,0f,1f],start_interpolation: 0,interpolation_duration: 1}
$data merge entity $(bone_bone42) {transformation: [-0.9965f,-0.0833f,0.0064f,0.3683f,-0.0833f,0.9965f,0.0087f,-0.8894f,-0.0071f,0.0081f,-0.9999f,-0.2315f,0f,0f,0f,1f],start_interpolation: 0,interpolation_duration: 1}
$data merge entity $(bone_bone41) {transformation: [-0.9995f,-0.0217f,0.0217f,0.3616f,-0.0147f,0.9592f,0.2824f,-0.5897f,-0.0269f,0.2819f,-0.9591f,-0.1434f,0f,0f,0f,1f],start_interpolation: 0,interpolation_duration: 1}
$data merge entity $(bone_bone51) {transformation: [-0.9407f,-0.2951f,-0.1673f,0.6667f,-0.2498f,0.9363f,-0.2469f,-1.1568f,0.2295f,-0.1905f,-0.9545f,0.0442f,0f,0f,0f,1f],start_interpolation: 0,interpolation_duration: 1}
$data merge entity $(bone_bone50) {transformation: [-0.8816f,-0.4667f,-0.0711f,0.4917f,-0.4501f,0.8763f,-0.1719f,-0.8282f,0.1425f,-0.1195f,-0.9826f,-0.0006f,0f,0f,0f,1f],start_interpolation: 0,interpolation_duration: 1}
$data merge entity $(bone_1) {transformation: [-0.9794f,-0.1608f,0.122f,0.3339f,-0.154f,0.986f,0.0633f,-0.7266f,-0.1305f,0.0432f,-0.9905f,-0.0136f,0f,0f,0f,1f],start_interpolation: 0,interpolation_duration: 1}
$data merge entity $(bone_2) {transformation: [-0.9794f,-0.1238f,0.1595f,0.3997f,-0.154f,0.9688f,-0.194f,-0.9375f,-0.1305f,-0.2146f,-0.9679f,-0.0189f,0f,0f,0f,1f],start_interpolation: 0,interpolation_duration: 1}
$data merge entity $(bone_7) {transformation: [-0.9981f,0.062f,-0.0043f,-0.1304f,0.0621f,0.9957f,-0.0685f,-1.5328f,0f,-0.0687f,-0.9976f,0.0129f,0f,0f,0f,1f],start_interpolation: 0,interpolation_duration: 1}
$data merge entity $(bone_8) {transformation: [-0.9981f,0.058f,0.0223f,-0.1391f,0.0621f,0.9314f,0.3587f,-1.6719f,0f,0.3594f,-0.9332f,0.035f,0f,0f,0f,1f],start_interpolation: 0,interpolation_duration: 1}
$data merge entity $(bone_5) {transformation: [-0.9981f,-0.0621f,-0.0012f,0.1188f,-0.0621f,0.9979f,0.0185f,-1.3461f,0f,0.0186f,-0.9998f,0f,0f,0f,0f,1f],start_interpolation: 0,interpolation_duration: 1}
$data merge entity $(bone_6) {transformation: [-0.9981f,-0.0597f,-0.0172f,0.1398f,-0.0621f,0.9591f,0.2762f,-1.683f,0f,0.2767f,-0.961f,0f,0f,0f,0f,1f],start_interpolation: 0,interpolation_duration: 1}