# This file was generated by Animated Java via MC-Build. It is not recommended to edit this file directly.
$data merge entity $(bone_bone54) {transformation: [-0.9686f,-0.0426f,0.2451f,-0.1441f,-0.0296f,0.998f,0.0564f,-0.8674f,-0.247f,0.0474f,-0.9678f,-0.2942f,0f,0f,0f,1f],start_interpolation: 0,interpolation_duration: 1}
$data merge entity $(bone_bone53) {transformation: [-0.989f,-0.0242f,0.1462f,-0.1562f,0.0368f,0.9158f,0.4f,-0.5937f,-0.1436f,0.4009f,-0.9048f,-0.1406f,0f,0f,0f,1f],start_interpolation: 0,interpolation_duration: 1}
$data merge entity $(bone_bone57) {transformation: [-0.9788f,0.191f,-0.0744f,0.1596f,0.1908f,0.9816f,0.0093f,-0.8708f,0.0748f,-0.0051f,-0.9972f,-0.2885f,0f,0f,0f,1f],start_interpolation: 0,interpolation_duration: 1}
$data merge entity $(bone_bone56) {transformation: [-0.9932f,0.0008f,0.1167f,0.1563f,0.0452f,0.9245f,0.3786f,-0.5937f,-0.1076f,0.3813f,-0.9182f,-0.1406f,0f,0f,0f,1f],start_interpolation: 0,interpolation_duration: 1}
$data merge entity $(bone_bone5) {transformation: [-0.9018f,0.2316f,0.3648f,-0.212f,0.0675f,0.9094f,-0.4104f,-1.6518f,-0.4268f,-0.3455f,-0.8358f,0.1684f,0f,0f,0f,1f],start_interpolation: 0,interpolation_duration: 1}
$data merge entity $(bone_bone2) {transformation: [-0.9018f,0.1568f,0.4026f,-0.1875f,0.0675f,0.9715f,-0.2271f,-1.5f,-0.4268f,-0.1776f,-0.8867f,0.1406f,0f,0f,0f,1f],start_interpolation: 0,interpolation_duration: 1}
$data merge entity $(bone_bone9) {transformation: [-0.9584f,0.0394f,0.2828f,-0.0975f,0.0044f,0.9924f,-0.1232f,-1.6329f,-0.2855f,-0.1169f,-0.9512f,0.2538f,0f,0f,0f,1f],start_interpolation: 0,interpolation_duration: 1}
$data merge entity $(bone_bone8) {transformation: [-0.9584f,0.1121f,0.2626f,-0.0625f,0.0044f,0.9254f,-0.379f,-1.3437f,-0.2855f,-0.3621f,-0.8874f,0.1406f,0f,0f,0f,1f],start_interpolation: 0,interpolation_duration: 1}
$data merge entity $(bone_bone12) {transformation: [-0.9503f,-0.0617f,-0.3051f,0.0623f,0.073f,0.9086f,-0.4111f,-1.6477f,0.3026f,-0.413f,-0.859f,0.1977f,0f,0f,0f,1f],start_interpolation: 0,interpolation_duration: 1}
$data merge entity $(bone_bone11) {transformation: [-0.9503f,0.0006f,-0.3112f,0.0625f,0.073f,0.9726f,-0.2209f,-1.3437f,0.3026f,-0.2327f,-0.9243f,0.125f,0f,0f,0f,1f],start_interpolation: 0,interpolation_duration: 1}
$data merge entity $(bone_bone15) {transformation: [-0.9364f,-0.106f,-0.3346f,0.2501f,-0.1063f,0.9942f,-0.0174f,-1.6389f,0.3345f,0.0193f,-0.9422f,0.2063f,0f,0f,0f,1f],start_interpolation: 0,interpolation_duration: 1}
$data merge entity $(bone_bone14) {transformation: [-0.9364f,-0.2002f,-0.2883f,0.1875f,-0.1063f,0.9446f,-0.3105f,-1.3437f,0.3345f,-0.2601f,-0.9058f,0.125f,0f,0f,0f,1f],start_interpolation: 0,interpolation_duration: 1}
$data merge entity $(bone_bone18) {transformation: [-0.8443f,0.2799f,-0.4569f,-0.2654f,0.0033f,0.8554f,0.518f,-1.6153f,0.5359f,0.4358f,-0.7231f,-0.2743f,0f,0f,0f,1f],start_interpolation: 0,interpolation_duration: 1}
$data merge entity $(bone_bone17) {transformation: [-0.8218f,0.2492f,-0.5124f,-0.1875f,-0.0439f,0.8689f,0.493f,-1.3437f,0.5681f,0.4276f,-0.7032f,-0.1406f,0f,0f,0f,1f],start_interpolation: 0,interpolation_duration: 1}
$data merge entity $(bone_bone21) {transformation: [-0.9817f,0.0735f,0.1758f,-0.1239f,0.0956f,0.9881f,0.1203f,-1.567f,-0.1649f,0.1349f,-0.977f,-0.3505f,0f,0f,0f,1f],start_interpolation: 0,interpolation_duration: 1}
$data merge entity $(bone_bone20) {transformation: [-0.9722f,0.1964f,-0.1276f,-0.0625f,0.0527f,0.7145f,0.6977f,-1.3437f,0.2282f,0.6716f,-0.705f,-0.1406f,0f,0f,0f,1f],start_interpolation: 0,interpolation_duration: 1}
$data merge entity $(bone_bone24) {transformation: [-0.966f,0.0891f,0.2425f,0.0618f,0.2266f,0.7431f,0.6297f,-1.6231f,-0.1241f,0.6632f,-0.738f,-0.2808f,0f,0f,0f,1f],start_interpolation: 0,interpolation_duration: 1}
$data merge entity $(bone_bone23) {transformation: [-0.9951f,0.0023f,0.0991f,0.0625f,0.0465f,0.8938f,0.4461f,-1.3437f,-0.0875f,0.4485f,-0.8895f,-0.1406f,0f,0f,0f,1f],start_interpolation: 0,interpolation_duration: 1}
$data merge entity $(bone_bone27) {transformation: [-0.7992f,-0.4582f,0.389f,0.2604f,0.1919f,0.4188f,0.8876f,-1.613f,-0.5696f,0.784f,-0.2468f,-0.2815f,0f,0f,0f,1f],start_interpolation: 0,interpolation_duration: 1}
$data merge entity $(bone_bone26) {transformation: [-0.6412f,-0.2334f,0.731f,0.1875f,0.212f,0.8616f,0.4611f,-1.3437f,-0.7375f,0.4507f,-0.503f,-0.1406f,0f,0f,0f,1f],start_interpolation: 0,interpolation_duration: 1}
$data merge entity $(bone_bone30) {transformation: [-0.8958f,-0.4445f,0f,0.3701f,-0.4445f,0.8958f,0f,-1.6383f,0f,0f,-1f,0.0625f,0f,0f,0f,1f],start_interpolation: 0,interpolation_duration: 1}
$data merge entity $(bone_bone29) {transformation: [-0.9425f,-0.3343f,0f,0.2656f,-0.3343f,0.9425f,0f,-1.3437f,0f,0f,-1f,0.0625f,0f,0f,0f,1f],start_interpolation: 0,interpolation_duration: 1}
$data merge entity $(bone_bone33) {transformation: [-0.6877f,-0.5939f,-0.4174f,0.381f,-0.6902f,0.7132f,0.1223f,-1.6318f,0.2251f,0.3722f,-0.9004f,-0.0992f,0f,0f,0f,1f],start_interpolation: 0,interpolation_duration: 1}
$data merge entity $(bone_bone32) {transformation: [-0.8731f,-0.3692f,-0.3184f,0.2656f,-0.3874f,0.9219f,-0.0067f,-1.3437f,0.296f,0.1175f,-0.9479f,-0.0625f,0f,0f,0f,1f],start_interpolation: 0,interpolation_duration: 1}
$data merge entity $(bone_bone36) {transformation: [-0.9778f,0.1623f,-0.1322f,-0.3703f,0.1718f,0.9831f,-0.0636f,-1.6301f,0.1196f,-0.0849f,-0.9892f,0.1312f,0f,0f,0f,1f],start_interpolation: 0,interpolation_duration: 1}
$data merge entity $(bone_bone35) {transformation: [-0.7762f,0.3349f,-0.5342f,-0.2656f,0.4005f,0.9163f,-0.0076f,-1.3437f,0.4869f,-0.2198f,-0.8453f,0.0625f,0f,0f,0f,1f],start_interpolation: 0,interpolation_duration: 1}
$data merge entity $(bone_bone39) {transformation: [-0.7798f,0.4412f,-0.4441f,-0.4115f,0.5007f,0.8654f,-0.0193f,-1.6199f,0.3759f,-0.2374f,-0.8957f,-0.0533f,0f,0f,0f,1f],start_interpolation: 0,interpolation_duration: 1}
$data merge entity $(bone_bone38) {transformation: [-0.812f,0.4669f,0.3503f,-0.2656f,0.4152f,0.8838f,-0.2155f,-1.3437f,-0.4103f,-0.0295f,-0.9115f,-0.0625f,0f,0f,0f,1f],start_interpolation: 0,interpolation_duration: 1}
$data merge entity $(bone_bone45) {transformation: [-0.9911f,-0.0998f,-0.0886f,-0.4438f,-0.1281f,0.8976f,0.4219f,-0.8762f,0.0374f,0.4294f,-0.9023f,-0.2419f,0f,0f,0f,1f],start_interpolation: 0,interpolation_duration: 1}
$data merge entity $(bone_bone44) {transformation: [-0.9038f,0.2047f,-0.3759f,-0.3798f,0.0558f,0.9271f,0.3707f,-0.5865f,0.4243f,0.314f,-0.8493f,-0.1438f,0f,0f,0f,1f],start_interpolation: 0,interpolation_duration: 1}
$data merge entity $(bone_bone48) {transformation: [-0.6946f,0.6029f,-0.3926f,-0.682f,0.4853f,0.7955f,0.363f,-1.1428f,0.5311f,0.0616f,-0.845f,0.0855f,0f,0f,0f,1f],start_interpolation: 0,interpolation_duration: 1}
$data merge entity $(bone_bone47) {transformation: [-0.6502f,0.4809f,-0.5881f,-0.5016f,0.5017f,0.8532f,0.143f,-0.8228f,0.5706f,-0.2021f,-0.796f,0.0097f,0f,0f,0f,1f],start_interpolation: 0,interpolation_duration: 1}
$data merge entity $(bone_3) {transformation: [-0.9464f,0.2107f,-0.2446f,-0.3422f,0.1931f,0.9766f,0.0944f,-0.7279f,0.2588f,0.0421f,-0.965f,-0.0214f,0f,0f,0f,1f],start_interpolation: 0,interpolation_duration: 1}
$data merge entity $(bone_4) {transformation: [-0.9464f,0.1528f,-0.2845f,-0.4488f,0.1931f,0.9739f,-0.1192f,-0.9356f,0.2588f,-0.1677f,-0.9513f,-0.0147f,0f,0f,0f,1f],start_interpolation: 0,interpolation_duration: 1}
$data merge entity $(bone_bone42) {transformation: [-0.9963f,-0.0861f,-0.0013f,0.3717f,-0.0861f,0.9959f,0.0275f,-0.8896f,-0.0011f,0.0275f,-0.9996f,-0.2306f,0f,0f,0f,1f],start_interpolation: 0,interpolation_duration: 1}
$data merge entity $(bone_bone41) {transformation: [-0.9987f,-0.0326f,0.0382f,0.3615f,-0.0206f,0.9597f,0.2803f,-0.5897f,-0.0458f,0.2792f,-0.9591f,-0.1434f,0f,0f,0f,1f],start_interpolation: 0,interpolation_duration: 1}
$data merge entity $(bone_bone51) {transformation: [-0.9421f,-0.3008f,-0.1486f,0.6633f,-0.2604f,0.9348f,-0.2414f,-1.1587f,0.2115f,-0.1887f,-0.959f,0.0436f,0f,0f,0f,1f],start_interpolation: 0,interpolation_duration: 1}
$data merge entity $(bone_bone50) {transformation: [-0.888f,-0.4566f,-0.0551f,0.4921f,-0.4435f,0.8818f,-0.1604f,-0.828f,0.1218f,-0.118f,-0.9855f,-0.0006f,0f,0f,0f,1f],start_interpolation: 0,interpolation_duration: 1}
$data merge entity $(bone_1) {transformation: [-0.9792f,-0.1624f,0.1219f,0.3341f,-0.1556f,0.9858f,0.0635f,-0.7267f,-0.1305f,0.0432f,-0.9905f,-0.0136f,0f,0f,0f,1f],start_interpolation: 0,interpolation_duration: 1}
$data merge entity $(bone_2) {transformation: [-0.9792f,-0.1253f,0.1598f,0.4002f,-0.1556f,0.9686f,-0.1938f,-0.9375f,-0.1305f,-0.2146f,-0.9679f,-0.0189f,0f,0f,0f,1f],start_interpolation: 0,interpolation_duration: 1}
$data merge entity $(bone_7) {transformation: [-0.9982f,0.0604f,-0.0043f,-0.1301f,0.0605f,0.9957f,-0.0701f,-1.5327f,0f,-0.0703f,-0.9975f,0.0132f,0f,0f,0f,1f],start_interpolation: 0,interpolation_duration: 1}
$data merge entity $(bone_8) {transformation: [-0.9982f,0.0565f,0.0217f,-0.1386f,0.0605f,0.932f,0.3572f,-1.6719f,0f,0.3579f,-0.9338f,0.0355f,0f,0f,0f,1f],start_interpolation: 0,interpolation_duration: 1}
$data merge entity $(bone_5) {transformation: [-0.9982f,-0.0605f,-0.001f,0.1188f,-0.0605f,0.998f,0.0169f,-1.346f,0f,0.0169f,-0.9999f,0f,0f,0f,0f,1f],start_interpolation: 0,interpolation_duration: 1}
$data merge entity $(bone_6) {transformation: [-0.9982f,-0.0582f,-0.0167f,0.1393f,-0.0605f,0.9596f,0.2746f,-1.683f,0f,0.2751f,-0.9614f,0.0005f,0f,0f,0f,1f],start_interpolation: 0,interpolation_duration: 1}