# This file was generated by Animated Java via MC-Build. It is not recommended to edit this file directly.
$data merge entity $(bone_bone54) {transformation: [-0.9724f,-0.0311f,0.231f,-0.1461f,-0.0203f,0.9986f,0.0489f,-0.8683f,-0.2322f,0.0428f,-0.9717f,-0.2927f,0f,0f,0f,1f],start_interpolation: 0,interpolation_duration: 1}
$data merge entity $(bone_bone53) {transformation: [-0.9911f,-0.0193f,0.1316f,-0.1562f,0.0346f,0.9181f,0.3948f,-0.5937f,-0.1284f,0.3959f,-0.9093f,-0.1406f,0f,0f,0f,1f],start_interpolation: 0,interpolation_duration: 1}
$data merge entity $(bone_bone57) {transformation: [-0.9803f,0.1899f,-0.0545f,0.1608f,0.1888f,0.9817f,0.0252f,-0.8721f,0.0583f,0.0144f,-0.9982f,-0.286f,0f,0f,0f,1f],start_interpolation: 0,interpolation_duration: 1}
$data merge entity $(bone_bone56) {transformation: [-0.9924f,-0.0022f,0.123f,0.1563f,0.0439f,0.9278f,0.3704f,-0.5937f,-0.1149f,0.373f,-0.9207f,-0.1406f,0f,0f,0f,1f],start_interpolation: 0,interpolation_duration: 1}
$data merge entity $(bone_bone5) {transformation: [-0.9065f,0.2277f,0.3555f,-0.2127f,0.0739f,0.9147f,-0.3973f,-1.6516f,-0.4156f,-0.3339f,-0.846f,0.1687f,0f,0f,0f,1f],start_interpolation: 0,interpolation_duration: 1}
$data merge entity $(bone_bone2) {transformation: [-0.9065f,0.1614f,0.3901f,-0.1875f,0.0739f,0.9704f,-0.2298f,-1.5f,-0.4156f,-0.1795f,-0.8916f,0.1406f,0f,0f,0f,1f],start_interpolation: 0,interpolation_duration: 1}
$data merge entity $(bone_bone9) {transformation: [-0.9615f,0.0324f,0.2728f,-0.096f,0.0046f,0.9948f,-0.1017f,-1.6334f,-0.2746f,-0.0965f,-0.9567f,0.2531f,0f,0f,0f,1f],start_interpolation: 0,interpolation_duration: 1}
$data merge entity $(bone_bone8) {transformation: [-0.9615f,0.1073f,0.2529f,-0.0625f,0.0046f,0.9268f,-0.3755f,-1.3437f,-0.2746f,-0.3599f,-0.8917f,0.1406f,0f,0f,0f,1f],start_interpolation: 0,interpolation_duration: 1}
$data merge entity $(bone_bone12) {transformation: [-0.955f,-0.0561f,-0.2911f,0.064f,0.0661f,0.9169f,-0.3936f,-1.6473f,0.289f,-0.3952f,-0.872f,0.1994f,0f,0f,0f,1f],start_interpolation: 0,interpolation_duration: 1}
$data merge entity $(bone_bone11) {transformation: [-0.955f,-0.0048f,-0.2965f,0.0625f,0.0661f,0.9712f,-0.2288f,-1.3437f,0.289f,-0.2381f,-0.9272f,0.125f,0f,0f,0f,1f],start_interpolation: 0,interpolation_duration: 1}
$data merge entity $(bone_bone15) {transformation: [-0.9379f,-0.1092f,-0.3292f,0.2502f,-0.1092f,0.9938f,-0.0186f,-1.6391f,0.3292f,0.0185f,-0.9441f,0.2056f,0f,0f,0f,1f],start_interpolation: 0,interpolation_duration: 1}
$data merge entity $(bone_bone14) {transformation: [-0.9379f,-0.2006f,-0.2829f,0.1875f,-0.1092f,0.9451f,-0.3081f,-1.3437f,0.3292f,-0.2581f,-0.9083f,0.125f,0f,0f,0f,1f],start_interpolation: 0,interpolation_duration: 1}
$data merge entity $(bone_bone18) {transformation: [-0.85f,0.283f,-0.4442f,-0.2639f,0.0179f,0.8585f,0.5126f,-1.6173f,0.5264f,0.4277f,-0.7348f,-0.2709f,0f,0f,0f,1f],start_interpolation: 0,interpolation_duration: 1}
$data merge entity $(bone_bone17) {transformation: [-0.821f,0.2446f,-0.5159f,-0.1875f,-0.0417f,0.8755f,0.4815f,-1.3437f,0.5694f,0.4168f,-0.7086f,-0.1406f,0f,0f,0f,1f],start_interpolation: 0,interpolation_duration: 1}
$data merge entity $(bone_bone21) {transformation: [-0.9848f,0.0699f,0.1588f,-0.1215f,0.0883f,0.9898f,0.112f,-1.5673f,-0.1494f,0.1243f,-0.9809f,-0.3508f,0f,0f,0f,1f],start_interpolation: 0,interpolation_duration: 1}
$data merge entity $(bone_bone20) {transformation: [-0.972f,0.1888f,-0.1397f,-0.0625f,0.0387f,0.7155f,0.6975f,-1.3437f,0.2316f,0.6726f,-0.7028f,-0.1406f,0f,0f,0f,1f],start_interpolation: 0,interpolation_duration: 1}
$data merge entity $(bone_bone24) {transformation: [-0.9637f,0.0796f,0.255f,0.0625f,0.2289f,0.7382f,0.6345f,-1.6242f,-0.1377f,0.6698f,-0.7296f,-0.2784f,0f,0f,0f,1f],start_interpolation: 0,interpolation_duration: 1}
$data merge entity $(bone_bone23) {transformation: [-0.994f,-0.0001f,0.1097f,0.0625f,0.0483f,0.8975f,0.4384f,-1.3437f,-0.0985f,0.441f,-0.8921f,-0.1406f,0f,0f,0f,1f],start_interpolation: 0,interpolation_duration: 1}
$data merge entity $(bone_bone27) {transformation: [-0.8076f,-0.4432f,0.389f,0.2551f,0.1883f,0.4312f,0.8824f,-1.6154f,-0.5588f,0.7859f,-0.2648f,-0.2796f,0f,0f,0f,1f],start_interpolation: 0,interpolation_duration: 1}
$data merge entity $(bone_bone26) {transformation: [-0.6561f,-0.2164f,0.723f,0.1875f,0.2079f,0.8691f,0.4488f,-1.3437f,-0.7255f,0.4447f,-0.5253f,-0.1406f,0f,0f,0f,1f],start_interpolation: 0,interpolation_duration: 1}
$data merge entity $(bone_bone30) {transformation: [-0.8834f,-0.4685f,0f,0.3698f,-0.4685f,0.8834f,0f,-1.6384f,0f,0f,-1f,0.0625f,0f,0f,0f,1f],start_interpolation: 0,interpolation_duration: 1}
$data merge entity $(bone_bone29) {transformation: [-0.9428f,-0.3335f,0f,0.2656f,-0.3335f,0.9428f,0f,-1.3437f,0f,0f,-1f,0.0625f,0f,0f,0f,1f],start_interpolation: 0,interpolation_duration: 1}
$data merge entity $(bone_bone33) {transformation: [-0.7087f,-0.5802f,-0.4014f,0.3806f,-0.6683f,0.7344f,0.1185f,-1.6323f,0.2261f,0.3522f,-0.9082f,-0.0972f,0f,0f,0f,1f],start_interpolation: 0,interpolation_duration: 1}
$data merge entity $(bone_bone32) {transformation: [-0.8768f,-0.3678f,-0.3096f,0.2656f,-0.3842f,0.9232f,-0.0089f,-1.3437f,0.2892f,0.1111f,-0.9508f,-0.0625f,0f,0f,0f,1f],start_interpolation: 0,interpolation_duration: 1}
$data merge entity $(bone_bone36) {transformation: [-0.9764f,0.1692f,-0.1344f,-0.3675f,0.1815f,0.9797f,-0.0856f,-1.6313f,0.1172f,-0.108f,-0.9872f,0.1302f,0f,0f,0f,1f],start_interpolation: 0,interpolation_duration: 1}
$data merge entity $(bone_bone35) {transformation: [-0.794f,0.3261f,-0.5131f,-0.2656f,0.391f,0.9202f,-0.0203f,-1.3437f,0.4655f,-0.2167f,-0.8581f,0.0625f,0f,0f,0f,1f],start_interpolation: 0,interpolation_duration: 1}
$data merge entity $(bone_bone39) {transformation: [-0.7959f,0.4372f,-0.4189f,-0.4098f,0.4943f,0.8687f,-0.0326f,-1.6207f,0.3496f,-0.233f,-0.9075f,-0.0506f,0f,0f,0f,1f],start_interpolation: 0,interpolation_duration: 1}
$data merge entity $(bone_bone38) {transformation: [-0.818f,0.4615f,0.3434f,-0.2656f,0.4085f,0.8863f,-0.218f,-1.3437f,-0.4049f,-0.038f,-0.9136f,-0.0625f,0f,0f,0f,1f],start_interpolation: 0,interpolation_duration: 1}
$data merge entity $(bone_bone45) {transformation: [-0.9891f,-0.1112f,-0.0967f,-0.4446f,-0.1419f,0.8952f,0.4225f,-0.8767f,0.0396f,0.4316f,-0.9012f,-0.2399f,0f,0f,0f,1f],start_interpolation: 0,interpolation_duration: 1}
$data merge entity $(bone_bone44) {transformation: [-0.9083f,0.2073f,-0.3634f,-0.3798f,0.066f,0.9287f,0.365f,-0.5865f,0.4132f,0.3076f,-0.8571f,-0.1438f,0f,0f,0f,1f],start_interpolation: 0,interpolation_duration: 1}
$data merge entity $(bone_bone48) {transformation: [-0.6897f,0.5896f,-0.4204f,-0.6805f,0.4739f,0.8065f,0.3536f,-1.1441f,0.5475f,0.0446f,-0.8356f,0.0832f,0f,0f,0f,1f],start_interpolation: 0,interpolation_duration: 1}
$data merge entity $(bone_bone47) {transformation: [-0.6652f,0.476f,-0.5753f,-0.502f,0.4968f,0.8573f,0.1349f,-0.8226f,0.5574f,-0.1961f,-0.8067f,0.0097f,0f,0f,0f,1f],start_interpolation: 0,interpolation_duration: 1}
$data merge entity $(bone_3) {transformation: [-0.9461f,0.2123f,-0.2445f,-0.3424f,0.1946f,0.9763f,0.0948f,-0.7279f,0.2588f,0.0421f,-0.965f,-0.0214f,0f,0f,0f,1f],start_interpolation: 0,interpolation_duration: 1}
$data merge entity $(bone_4) {transformation: [-0.9461f,0.1543f,-0.2846f,-0.4493f,0.1946f,0.9737f,-0.1187f,-0.9355f,0.2588f,-0.1677f,-0.9513f,-0.0147f,0f,0f,0f,1f],start_interpolation: 0,interpolation_duration: 1}
$data merge entity $(bone_bone42) {transformation: [-0.9959f,-0.0895f,-0.0094f,0.3759f,-0.0899f,0.9946f,0.052f,-0.8898f,0.0047f,0.0526f,-0.9986f,-0.2294f,0f,0f,0f,1f],start_interpolation: 0,interpolation_duration: 1}
$data merge entity $(bone_bone41) {transformation: [-0.9972f,-0.046f,0.0583f,0.3615f,-0.028f,0.9603f,0.2776f,-0.5897f,-0.0687f,0.2752f,-0.9589f,-0.1434f,0f,0f,0f,1f],start_interpolation: 0,interpolation_duration: 1}
$data merge entity $(bone_bone51) {transformation: [-0.9436f,-0.307f,-0.1239f,0.6591f,-0.2734f,0.9336f,-0.2315f,-1.161f,0.1868f,-0.1845f,-0.9649f,0.0431f,0f,0f,0f,1f],start_interpolation: 0,interpolation_duration: 1}
$data merge entity $(bone_bone50) {transformation: [-0.8952f,-0.4443f,-0.0342f,0.4925f,-0.4352f,0.8883f,-0.1467f,-0.8279f,0.0956f,-0.1165f,-0.9886f,-0.0006f,0f,0f,0f,1f],start_interpolation: 0,interpolation_duration: 1}
$data merge entity $(bone_1) {transformation: [-0.9789f,-0.164f,0.1218f,0.3343f,-0.1571f,0.9855f,0.0637f,-0.7268f,-0.1305f,0.0432f,-0.9905f,-0.0136f,0f,0f,0f,1f],start_interpolation: 0,interpolation_duration: 1}
$data merge entity $(bone_2) {transformation: [-0.9789f,-0.1269f,0.1601f,0.4008f,-0.1571f,0.9684f,-0.1935f,-0.9374f,-0.1305f,-0.2146f,-0.9679f,-0.0189f,0f,0f,0f,1f],start_interpolation: 0,interpolation_duration: 1}
$data merge entity $(bone_7) {transformation: [-0.9983f,0.0588f,-0.0042f,-0.1298f,0.059f,0.9957f,-0.0717f,-1.5327f,0f,-0.0718f,-0.9974f,0.0135f,0f,0f,0f,1f],start_interpolation: 0,interpolation_duration: 1}
$data merge entity $(bone_8) {transformation: [-0.9983f,0.0551f,0.021f,-0.1381f,0.059f,0.9327f,0.3558f,-1.6718f,0f,0.3564f,-0.9343f,0.036f,0f,0f,0f,1f],start_interpolation: 0,interpolation_duration: 1}
$data merge entity $(bone_5) {transformation: [-0.9983f,-0.059f,-0.0009f,0.1188f,-0.059f,0.9981f,0.0153f,-1.346f,0f,0.0154f,-0.9999f,0f,0f,0f,0f,1f],start_interpolation: 0,interpolation_duration: 1}
$data merge entity $(bone_6) {transformation: [-0.9983f,-0.0567f,-0.0161f,0.1387f,-0.059f,0.9602f,0.2731f,-1.6829f,0f,0.2736f,-0.9618f,0.0011f,0f,0f,0f,1f],start_interpolation: 0,interpolation_duration: 1}