# This file was generated by Animated Java via MC-Build. It is not recommended to edit this file directly.
$data merge entity $(bone_bone54) {transformation: [-0.9766f,-0.0176f,0.2141f,-0.1486f,-0.0087f,0.9991f,0.0423f,-0.8693f,-0.2147f,0.0395f,-0.9759f,-0.291f,0f,0f,0f,1f],start_interpolation: 0,interpolation_duration: 1}
$data merge entity $(bone_bone53) {transformation: [-0.9933f,-0.013f,0.1146f,-0.1562f,0.0328f,0.9208f,0.3887f,-0.5937f,-0.1106f,0.3899f,-0.9142f,-0.1406f,0f,0f,0f,1f],start_interpolation: 0,interpolation_duration: 1}
$data merge entity $(bone_bone57) {transformation: [-0.9819f,0.1869f,-0.0295f,0.1621f,0.1855f,0.9817f,0.0439f,-0.8738f,0.0371f,0.0376f,-0.9986f,-0.2827f,0f,0f,0f,1f],start_interpolation: 0,interpolation_duration: 1}
$data merge entity $(bone_bone56) {transformation: [-0.9912f,-0.0056f,0.132f,0.1563f,0.0427f,0.932f,0.3599f,-0.5937f,-0.125f,0.3624f,-0.9236f,-0.1406f,0f,0f,0f,1f],start_interpolation: 0,interpolation_duration: 1}
$data merge entity $(bone_bone5) {transformation: [-0.9119f,0.2234f,0.3442f,-0.2136f,0.0817f,0.9208f,-0.3813f,-1.6514f,-0.4021f,-0.3196f,-0.858f,0.169f,0f,0f,0f,1f],start_interpolation: 0,interpolation_duration: 1}
$data merge entity $(bone_bone2) {transformation: [-0.9119f,0.1669f,0.3749f,-0.1875f,0.0817f,0.9691f,-0.2328f,-1.5f,-0.4021f,-0.1817f,-0.8974f,0.1406f,0f,0f,0f,1f],start_interpolation: 0,interpolation_duration: 1}
$data merge entity $(bone_bone9) {transformation: [-0.9652f,0.0244f,0.2604f,-0.0942f,0.0049f,0.9971f,-0.0756f,-1.6339f,-0.2615f,-0.0717f,-0.9626f,0.2522f,0f,0f,0f,1f],start_interpolation: 0,interpolation_duration: 1}
$data merge entity $(bone_bone8) {transformation: [-0.9652f,0.1014f,0.241f,-0.0625f,0.0049f,0.9285f,-0.3713f,-1.3437f,-0.2615f,-0.3572f,-0.8967f,0.1406f,0f,0f,0f,1f],start_interpolation: 0,interpolation_duration: 1}
$data merge entity $(bone_bone12) {transformation: [-0.9604f,-0.0502f,-0.2741f,0.066f,0.0577f,0.9265f,-0.372f,-1.6467f,0.2726f,-0.373f,-0.8869f,0.2014f,0f,0f,0f,1f],start_interpolation: 0,interpolation_duration: 1}
$data merge entity $(bone_bone11) {transformation: [-0.9604f,-0.0112f,-0.2784f,0.0625f,0.0577f,0.9696f,-0.2379f,-1.3437f,0.2726f,-0.2446f,-0.9305f,0.125f,0f,0f,0f,1f],start_interpolation: 0,interpolation_duration: 1}
$data merge entity $(bone_bone15) {transformation: [-0.9398f,-0.1131f,-0.3226f,0.2504f,-0.1127f,0.9934f,-0.0201f,-1.6393f,0.3227f,0.0174f,-0.9463f,0.2049f,0f,0f,0f,1f],start_interpolation: 0,interpolation_duration: 1}
$data merge entity $(bone_bone14) {transformation: [-0.9398f,-0.2011f,-0.2764f,0.1875f,-0.1127f,0.9456f,-0.3051f,-1.3437f,0.3227f,-0.2555f,-0.9113f,0.125f,0f,0f,0f,1f],start_interpolation: 0,interpolation_duration: 1}
$data merge entity $(bone_bone18) {transformation: [-0.8562f,0.2876f,-0.4292f,-0.2622f,0.0349f,0.8611f,0.5073f,-1.6196f,0.5154f,0.4194f,-0.7473f,-0.267f,0f,0f,0f,1f],start_interpolation: 0,interpolation_duration: 1}
$data merge entity $(bone_bone17) {transformation: [-0.8207f,0.2391f,-0.519f,-0.1875f,-0.0388f,0.8828f,0.4681f,-1.3437f,0.5701f,0.4043f,-0.7152f,-0.1406f,0f,0f,0f,1f],start_interpolation: 0,interpolation_duration: 1}
$data merge entity $(bone_bone21) {transformation: [-0.9882f,0.0644f,0.1389f,-0.1188f,0.0792f,0.9914f,0.1042f,-1.5679f,-0.131f,0.114f,-0.9848f,-0.351f,0f,0f,0f,1f],start_interpolation: 0,interpolation_duration: 1}
$data merge entity $(bone_bone20) {transformation: [-0.9713f,0.1802f,-0.1551f,-0.0625f,0.0218f,0.7172f,0.6965f,-1.3437f,0.2368f,0.6731f,-0.7006f,-0.1406f,0f,0f,0f,1f],start_interpolation: 0,interpolation_duration: 1}
$data merge entity $(bone_bone24) {transformation: [-0.9608f,0.0694f,0.2683f,0.0633f,0.2315f,0.7334f,0.6392f,-1.6253f,-0.1524f,0.6763f,-0.7207f,-0.2761f,0f,0f,0f,1f],start_interpolation: 0,interpolation_duration: 1}
$data merge entity $(bone_bone23) {transformation: [-0.9926f,-0.0027f,0.1216f,0.0625f,0.0503f,0.9011f,0.4308f,-1.3437f,-0.1107f,0.4337f,-0.8942f,-0.1406f,0f,0f,0f,1f],start_interpolation: 0,interpolation_duration: 1}
$data merge entity $(bone_bone27) {transformation: [-0.8177f,-0.4249f,0.3884f,0.2494f,0.1825f,0.4486f,0.8749f,-1.6179f,-0.546f,0.7863f,-0.2893f,-0.2772f,0f,0f,0f,1f],start_interpolation: 0,interpolation_duration: 1}
$data merge entity $(bone_bone26) {transformation: [-0.6738f,-0.1981f,0.7119f,0.1875f,0.202f,0.8773f,0.4354f,-1.3437f,-0.7108f,0.4372f,-0.5511f,-0.1406f,0f,0f,0f,1f],start_interpolation: 0,interpolation_duration: 1}
$data merge entity $(bone_bone30) {transformation: [-0.8698f,-0.4935f,0f,0.3698f,-0.4935f,0.8698f,0f,-1.6384f,0f,0f,-1f,0.0625f,0f,0f,0f,1f],start_interpolation: 0,interpolation_duration: 1}
$data merge entity $(bone_bone29) {transformation: [-0.9428f,-0.3334f,0f,0.2656f,-0.3334f,0.9428f,0f,-1.3437f,0f,0f,-1f,0.0625f,0f,0f,0f,1f],start_interpolation: 0,interpolation_duration: 1}
$data merge entity $(bone_bone33) {transformation: [-0.7332f,-0.5627f,-0.3819f,0.3804f,-0.6412f,0.7591f,0.1125f,-1.6326f,0.2266f,0.3274f,-0.9173f,-0.095f,0f,0f,0f,1f],start_interpolation: 0,interpolation_duration: 1}
$data merge entity $(bone_bone32) {transformation: [-0.881f,-0.3672f,-0.2982f,0.2656f,-0.3815f,0.9243f,-0.0111f,-1.3437f,0.2797f,0.104f,-0.9544f,-0.0625f,0f,0f,0f,1f],start_interpolation: 0,interpolation_duration: 1}
$data merge entity $(bone_bone36) {transformation: [-0.9746f,0.1772f,-0.1371f,-0.3644f,0.1926f,0.9752f,-0.1089f,-1.6326f,0.1144f,-0.1326f,-0.9845f,0.1291f,0f,0f,0f,1f],start_interpolation: 0,interpolation_duration: 1}
$data merge entity $(bone_bone35) {transformation: [-0.8135f,0.3162f,-0.4882f,-0.2656f,0.3798f,0.9244f,-0.0341f,-1.3437f,0.4405f,-0.2131f,-0.8721f,0.0625f,0f,0f,0f,1f],start_interpolation: 0,interpolation_duration: 1}
$data merge entity $(bone_bone39) {transformation: [-0.815f,0.4314f,-0.3869f,-0.4076f,0.4847f,0.8734f,-0.047f,-1.6217f,0.3177f,-0.2259f,-0.9209f,-0.048f,0f,0f,0f,1f],start_interpolation: 0,interpolation_duration: 1}
$data merge entity $(bone_bone38) {transformation: [-0.8253f,0.4544f,0.3352f,-0.2656f,0.4008f,0.8896f,-0.2191f,-1.3437f,-0.3978f,-0.0464f,-0.9163f,-0.0625f,0f,0f,0f,1f],start_interpolation: 0,interpolation_duration: 1}
$data merge entity $(bone_bone45) {transformation: [-0.9868f,-0.1225f,-0.106f,-0.4452f,-0.1561f,0.8939f,0.4202f,-0.8773f,0.0432f,0.4312f,-0.9012f,-0.2376f,0f,0f,0f,1f],start_interpolation: 0,interpolation_duration: 1}
$data merge entity $(bone_bone44) {transformation: [-0.9136f,0.2091f,-0.3488f,-0.3798f,0.0764f,0.9307f,0.3577f,-0.5865f,0.3995f,0.3002f,-0.8662f,-0.1438f,0f,0f,0f,1f],start_interpolation: 0,interpolation_duration: 1}
$data merge entity $(bone_bone48) {transformation: [-0.6851f,0.5722f,-0.4508f,-0.6783f,0.4613f,0.8197f,0.3395f,-1.1459f,0.5638f,0.0246f,-0.8255f,0.0805f,0f,0f,0f,1f],start_interpolation: 0,interpolation_duration: 1}
$data merge entity $(bone_bone47) {transformation: [-0.6827f,0.4693f,-0.5601f,-0.5023f,0.4901f,0.8626f,0.1255f,-0.8224f,0.542f,-0.1888f,-0.8189f,0.0097f,0f,0f,0f,1f],start_interpolation: 0,interpolation_duration: 1}
$data merge entity $(bone_3) {transformation: [-0.9458f,0.2138f,-0.2443f,-0.3426f,0.196f,0.976f,0.0952f,-0.728f,0.2588f,0.0421f,-0.965f,-0.0214f,0f,0f,0f,1f],start_interpolation: 0,interpolation_duration: 1}
$data merge entity $(bone_4) {transformation: [-0.9458f,0.1558f,-0.2848f,-0.4498f,0.196f,0.9734f,-0.1183f,-0.9353f,0.2588f,-0.1677f,-0.9513f,-0.0147f,0f,0f,0f,1f],start_interpolation: 0,interpolation_duration: 1}
$data merge entity $(bone_bone42) {transformation: [-0.9955f,-0.0933f,-0.018f,0.3807f,-0.0945f,0.9922f,0.0813f,-0.89f,0.0103f,0.0826f,-0.9965f,-0.2277f,0f,0f,0f,1f],start_interpolation: 0,interpolation_duration: 1}
$data merge entity $(bone_bone41) {transformation: [-0.9948f,-0.0612f,0.0813f,0.3615f,-0.0367f,0.9609f,0.2744f,-0.5897f,-0.0949f,0.27f,-0.9582f,-0.1434f,0f,0f,0f,1f],start_interpolation: 0,interpolation_duration: 1}
$data merge entity $(bone_bone51) {transformation: [-0.9448f,-0.3137f,-0.094f,0.6541f,-0.288f,0.9325f,-0.218f,-1.1635f,0.1561f,-0.1789f,-0.9714f,0.0425f,0f,0f,0f,1f],start_interpolation: 0,interpolation_duration: 1}
$data merge entity $(bone_bone50) {transformation: [-0.9028f,-0.4299f,-0.0091f,0.4928f,-0.4251f,0.8955f,-0.1315f,-0.8277f,0.0647f,-0.1149f,-0.9913f,-0.0006f,0f,0f,0f,1f],start_interpolation: 0,interpolation_duration: 1}
$data merge entity $(bone_1) {transformation: [-0.9787f,-0.1655f,0.1217f,0.3345f,-0.1587f,0.9853f,0.0639f,-0.7268f,-0.1305f,0.0432f,-0.9905f,-0.0136f,0f,0f,0f,1f],start_interpolation: 0,interpolation_duration: 1}
$data merge entity $(bone_2) {transformation: [-0.9787f,-0.1284f,0.1604f,0.4013f,-0.1587f,0.9682f,-0.1933f,-0.9374f,-0.1305f,-0.2146f,-0.9679f,-0.0189f,0f,0f,0f,1f],start_interpolation: 0,interpolation_duration: 1}
$data merge entity $(bone_7) {transformation: [-0.9984f,0.0573f,-0.0042f,-0.1295f,0.0574f,0.9957f,-0.0733f,-1.5326f,0f,-0.0734f,-0.9973f,0.0138f,0f,0f,0f,1f],start_interpolation: 0,interpolation_duration: 1}
$data merge entity $(bone_8) {transformation: [-0.9984f,0.0537f,0.0204f,-0.1375f,0.0574f,0.9333f,0.3544f,-1.6717f,0f,0.355f,-0.9349f,0.0365f,0f,0f,0f,1f],start_interpolation: 0,interpolation_duration: 1}
$data merge entity $(bone_5) {transformation: [-0.9984f,-0.0574f,-0.0008f,0.1188f,-0.0574f,0.9983f,0.0138f,-1.3459f,0f,0.0138f,-0.9999f,0f,0f,0f,0f,1f],start_interpolation: 0,interpolation_duration: 1}
$data merge entity $(bone_6) {transformation: [-0.9984f,-0.0552f,-0.0156f,0.1382f,-0.0574f,0.9607f,0.2717f,-1.6829f,0f,0.2721f,-0.9623f,0.0016f,0f,0f,0f,1f],start_interpolation: 0,interpolation_duration: 1}