# This file was generated by Animated Java via MC-Build. It is not recommended to edit this file directly.
$data merge entity $(bone_bone54) {transformation: [-0.9808f,-0.0025f,0.1949f,-0.1514f,0.0048f,0.9993f,0.0367f,-0.8705f,-0.1949f,0.037f,-0.9801f,-0.2891f,0f,0f,0f,1f],start_interpolation: 0,interpolation_duration: 1}
$data merge entity $(bone_bone53) {transformation: [-0.9954f,-0.0058f,0.0955f,-0.1562f,0.0312f,0.9237f,0.3818f,-0.5937f,-0.0904f,0.383f,-0.9193f,-0.1406f,0f,0f,0f,1f],start_interpolation: 0,interpolation_duration: 1}
$data merge entity $(bone_bone57) {transformation: [-0.9834f,0.1813f,-0.0002f,0.1636f,0.1809f,0.9813f,0.065f,-0.8757f,0.012f,0.0639f,-0.9979f,-0.2788f,0f,0f,0f,1f],start_interpolation: 0,interpolation_duration: 1}
$data merge entity $(bone_bone56) {transformation: [-0.9896f,-0.0091f,0.1434f,0.1563f,0.0417f,0.9368f,0.3472f,-0.5937f,-0.1375f,0.3496f,-0.9267f,-0.1406f,0f,0f,0f,1f],start_interpolation: 0,interpolation_duration: 1}
$data merge entity $(bone_bone5) {transformation: [-0.9178f,0.2191f,0.3311f,-0.2146f,0.0906f,0.9276f,-0.3625f,-1.6512f,-0.3866f,-0.3027f,-0.8712f,0.1694f,0f,0f,0f,1f],start_interpolation: 0,interpolation_duration: 1}
$data merge entity $(bone_bone2) {transformation: [-0.9178f,0.1731f,0.3573f,-0.1875f,0.0906f,0.9675f,-0.236f,-1.5f,-0.3866f,-0.1842f,-0.9037f,0.1406f,0f,0f,0f,1f],start_interpolation: 0,interpolation_duration: 1}
$data merge entity $(bone_bone9) {transformation: [-0.9692f,0.0162f,0.2458f,-0.0922f,0.0051f,0.9989f,-0.0456f,-1.6345f,-0.2463f,-0.043f,-0.9682f,0.2512f,0f,0f,0f,1f],start_interpolation: 0,interpolation_duration: 1}
$data merge entity $(bone_bone8) {transformation: [-0.9692f,0.0949f,0.2274f,-0.0625f,0.0051f,0.9304f,-0.3664f,-1.3437f,-0.2463f,-0.3539f,-0.9022f,0.1406f,0f,0f,0f,1f],start_interpolation: 0,interpolation_duration: 1}
$data merge entity $(bone_bone12) {transformation: [-0.9661f,-0.0447f,-0.2544f,0.0682f,0.0479f,0.9368f,-0.3465f,-1.6461f,0.2538f,-0.347f,-0.9029f,0.2037f,0f,0f,0f,1f],start_interpolation: 0,interpolation_duration: 1}
$data merge entity $(bone_bone11) {transformation: [-0.9661f,-0.0182f,-0.2576f,0.0625f,0.0479f,0.9676f,-0.248f,-1.3437f,0.2538f,-0.252f,-0.9339f,0.125f,0f,0f,0f,1f],start_interpolation: 0,interpolation_duration: 1}
$data merge entity $(bone_bone15) {transformation: [-0.9418f,-0.1175f,-0.315f,0.2506f,-0.1166f,0.9929f,-0.0218f,-1.6395f,0.3153f,0.0162f,-0.9488f,0.204f,0f,0f,0f,1f],start_interpolation: 0,interpolation_duration: 1}
$data merge entity $(bone_bone14) {transformation: [-0.9418f,-0.2018f,-0.2689f,0.1875f,-0.1166f,0.9463f,-0.3016f,-1.3437f,0.3153f,-0.2526f,-0.9147f,0.125f,0f,0f,0f,1f],start_interpolation: 0,interpolation_duration: 1}
$data merge entity $(bone_bone18) {transformation: [-0.8627f,0.2931f,-0.4121f,-0.2603f,0.0536f,0.8633f,0.5019f,-1.6221f,0.5029f,0.4109f,-0.7604f,-0.2626f,0f,0f,0f,1f],start_interpolation: 0,interpolation_duration: 1}
$data merge entity $(bone_bone17) {transformation: [-0.8208f,0.2329f,-0.5216f,-0.1875f,-0.0353f,0.8907f,0.4532f,-1.3437f,0.5701f,0.3904f,-0.7229f,-0.1406f,0f,0f,0f,1f],start_interpolation: 0,interpolation_duration: 1}
$data merge entity $(bone_bone21) {transformation: [-0.9915f,0.0572f,0.1165f,-0.1159f,0.0686f,0.9929f,0.0967f,-1.5686f,-0.1102f,0.1038f,-0.9885f,-0.351f,0f,0f,0f,1f],start_interpolation: 0,interpolation_duration: 1}
$data merge entity $(bone_bone20) {transformation: [-0.97f,0.1708f,-0.1733f,-0.0625f,0.0026f,0.7195f,0.6945f,-1.3437f,0.2432f,0.6731f,-0.6984f,-0.1406f,0f,0f,0f,1f],start_interpolation: 0,interpolation_duration: 1}
$data merge entity $(bone_bone24) {transformation: [-0.9575f,0.0585f,0.2823f,0.0642f,0.2343f,0.7286f,0.6436f,-1.6264f,-0.1681f,0.6824f,-0.7114f,-0.2739f,0f,0f,0f,1f],start_interpolation: 0,interpolation_duration: 1}
$data merge entity $(bone_bone23) {transformation: [-0.9909f,-0.0054f,0.1344f,0.0625f,0.0524f,0.9045f,0.4233f,-1.3437f,-0.1238f,0.4265f,-0.896f,-0.1406f,0f,0f,0f,1f],start_interpolation: 0,interpolation_duration: 1}
$data merge entity $(bone_bone27) {transformation: [-0.8291f,-0.4038f,0.3868f,0.2435f,0.1743f,0.4706f,0.865f,-1.6206f,-0.5313f,0.7845f,-0.3198f,-0.2742f,0f,0f,0f,1f],start_interpolation: 0,interpolation_duration: 1}
$data merge entity $(bone_bone26) {transformation: [-0.6936f,-0.1793f,0.6977f,0.1875f,0.1944f,0.886f,0.4209f,-1.3437f,-0.6936f,0.4276f,-0.5797f,-0.1406f,0f,0f,0f,1f],start_interpolation: 0,interpolation_duration: 1}
$data merge entity $(bone_bone30) {transformation: [-0.8548f,-0.5189f,0f,0.3699f,-0.5189f,0.8548f,0f,-1.6383f,0f,0f,-1f,0.0625f,0f,0f,0f,1f],start_interpolation: 0,interpolation_duration: 1}
$data merge entity $(bone_bone29) {transformation: [-0.9426f,-0.3338f,0f,0.2656f,-0.3338f,0.9426f,0f,-1.3437f,0f,0f,-1f,0.0625f,0f,0f,0f,1f],start_interpolation: 0,interpolation_duration: 1}
$data merge entity $(bone_bone33) {transformation: [-0.7602f,-0.5411f,-0.3595f,0.3804f,-0.6091f,0.7862f,0.1046f,-1.6329f,0.226f,0.2985f,-0.9273f,-0.0925f,0f,0f,0f,1f],start_interpolation: 0,interpolation_duration: 1}
$data merge entity $(bone_bone32) {transformation: [-0.8856f,-0.3672f,-0.2843f,0.2656f,-0.3794f,0.9251f,-0.0132f,-1.3437f,0.2679f,0.0961f,-0.9586f,-0.0625f,0f,0f,0f,1f],start_interpolation: 0,interpolation_duration: 1}
$data merge entity $(bone_bone36) {transformation: [-0.9724f,0.1865f,-0.1402f,-0.361f,0.2051f,0.9697f,-0.1325f,-1.6341f,0.1113f,-0.1576f,-0.9812f,0.1279f,0f,0f,0f,1f],start_interpolation: 0,interpolation_duration: 1}
$data merge entity $(bone_bone35) {transformation: [-0.8339f,0.3052f,-0.4598f,-0.2656f,0.3668f,0.929f,-0.0485f,-1.3437f,0.4124f,-0.2091f,-0.8867f,0.0625f,0f,0f,0f,1f],start_interpolation: 0,interpolation_duration: 1}
$data merge entity $(bone_bone39) {transformation: [-0.8362f,0.4233f,-0.3487f,-0.4049f,0.4711f,0.8799f,-0.0616f,-1.623f,0.2808f,-0.2158f,-0.9352f,-0.0454f,0f,0f,0f,1f],start_interpolation: 0,interpolation_duration: 1}
$data merge entity $(bone_bone38) {transformation: [-0.8336f,0.4458f,0.3261f,-0.2656f,0.3921f,0.8935f,-0.2189f,-1.3437f,-0.3889f,-0.0546f,-0.9196f,-0.0625f,0f,0f,0f,1f],start_interpolation: 0,interpolation_duration: 1}
$data merge entity $(bone_bone45) {transformation: [-0.9842f,-0.1334f,-0.1162f,-0.4455f,-0.1701f,0.8937f,0.4152f,-0.8781f,0.0485f,0.4284f,-0.9023f,-0.235f,0f,0f,0f,1f],start_interpolation: 0,interpolation_duration: 1}
$data merge entity $(bone_bone44) {transformation: [-0.9194f,0.2102f,-0.3324f,-0.3798f,0.0872f,0.9331f,0.3489f,-0.5865f,0.3835f,0.2918f,-0.8762f,-0.1438f,0f,0f,0f,1f],start_interpolation: 0,interpolation_duration: 1}
$data merge entity $(bone_bone48) {transformation: [-0.6807f,0.5507f,-0.483f,-0.6756f,0.4474f,0.8347f,0.3211f,-1.148f,0.58f,0.0024f,-0.8146f,0.0774f,0f,0f,0f,1f],start_interpolation: 0,interpolation_duration: 1}
$data merge entity $(bone_bone47) {transformation: [-0.7021f,0.4611f,-0.5427f,-0.5027f,0.4815f,0.8688f,0.1152f,-0.8222f,0.5246f,-0.1804f,-0.832f,0.0097f,0f,0f,0f,1f],start_interpolation: 0,interpolation_duration: 1}
$data merge entity $(bone_3) {transformation: [-0.9455f,0.2153f,-0.2442f,-0.3428f,0.1975f,0.9756f,0.0956f,-0.728f,0.2588f,0.0421f,-0.965f,-0.0214f,0f,0f,0f,1f],start_interpolation: 0,interpolation_duration: 1}
$data merge entity $(bone_4) {transformation: [-0.9455f,0.1573f,-0.285f,-0.4503f,0.1975f,0.9732f,-0.1179f,-0.9352f,0.2588f,-0.1677f,-0.9513f,-0.0147f,0f,0f,0f,1f],start_interpolation: 0,interpolation_duration: 1}
$data merge entity $(bone_bone42) {transformation: [-0.9949f,-0.0971f,-0.0271f,0.3859f,-0.0995f,0.9884f,0.1148f,-0.8902f,0.0156f,0.1169f,-0.993f,-0.2258f,0f,0f,0f,1f],start_interpolation: 0,interpolation_duration: 1}
$data merge entity $(bone_bone41) {transformation: [-0.9912f,-0.078f,0.1065f,0.3615f,-0.0465f,0.9614f,0.2712f,-0.5897f,-0.1235f,0.2639f,-0.9566f,-0.1434f,0f,0f,0f,1f],start_interpolation: 0,interpolation_duration: 1}
$data merge entity $(bone_bone51) {transformation: [-0.9453f,-0.3209f,-0.0595f,0.6484f,-0.3035f,0.9313f,-0.2015f,-1.1662f,0.1201f,-0.1724f,-0.9777f,0.0418f,0f,0f,0f,1f],start_interpolation: 0,interpolation_duration: 1}
$data merge entity $(bone_bone50) {transformation: [-0.9101f,-0.4138f,0.0198f,0.4932f,-0.4132f,0.9033f,-0.1153f,-0.8275f,0.0298f,-0.1132f,-0.9931f,-0.0006f,0f,0f,0f,1f],start_interpolation: 0,interpolation_duration: 1}
$data merge entity $(bone_1) {transformation: [-0.9784f,-0.167f,0.1216f,0.3347f,-0.1601f,0.985f,0.0641f,-0.7269f,-0.1305f,0.0432f,-0.9905f,-0.0136f,0f,0f,0f,1f],start_interpolation: 0,interpolation_duration: 1}
$data merge entity $(bone_2) {transformation: [-0.9784f,-0.1298f,0.1607f,0.4018f,-0.1601f,0.968f,-0.193f,-0.9374f,-0.1305f,-0.2146f,-0.9679f,-0.0189f,0f,0f,0f,1f],start_interpolation: 0,interpolation_duration: 1}
$data merge entity $(bone_7) {transformation: [-0.9984f,0.0557f,-0.0042f,-0.1293f,0.0559f,0.9956f,-0.0748f,-1.5325f,0f,-0.0749f,-0.9972f,0.014f,0f,0f,0f,1f],start_interpolation: 0,interpolation_duration: 1}
$data merge entity $(bone_8) {transformation: [-0.9984f,0.0523f,0.0198f,-0.137f,0.0559f,0.934f,0.353f,-1.6716f,0f,0.3535f,-0.9354f,0.037f,0f,0f,0f,1f],start_interpolation: 0,interpolation_duration: 1}
$data merge entity $(bone_5) {transformation: [-0.9984f,-0.0559f,-0.0007f,0.1188f,-0.0559f,0.9984f,0.0123f,-1.3458f,0f,0.0123f,-0.9999f,0f,0f,0f,0f,1f],start_interpolation: 0,interpolation_duration: 1}
$data merge entity $(bone_6) {transformation: [-0.9984f,-0.0538f,-0.0151f,0.1377f,-0.0559f,0.9612f,0.2703f,-1.6829f,0f,0.2707f,-0.9627f,0.0021f,0f,0f,0f,1f],start_interpolation: 0,interpolation_duration: 1}