# This file was generated by Animated Java via MC-Build. It is not recommended to edit this file directly.
$data merge entity $(bone_bone54) {transformation: [-0.9847f,0.0141f,0.1739f,-0.1546f,0.02f,0.9993f,0.032f,-0.8717f,-0.1734f,0.035f,-0.9842f,-0.2869f,0f,0f,0f,1f],start_interpolation: 0,interpolation_duration: 1}
$data merge entity $(bone_bone53) {transformation: [-0.9972f,0.002f,0.0745f,-0.1562f,0.0299f,0.9268f,0.3743f,-0.5937f,-0.0683f,0.3755f,-0.9243f,-0.1406f,0f,0f,0f,1f],start_interpolation: 0,interpolation_duration: 1}
$data merge entity $(bone_bone57) {transformation: [-0.9844f,0.1729f,0.0322f,0.1651f,0.1751f,0.9806f,0.0882f,-0.8778f,-0.0163f,0.0925f,-0.9956f,-0.2744f,0f,0f,0f,1f],start_interpolation: 0,interpolation_duration: 1}
$data merge entity $(bone_bone56) {transformation: [-0.9875f,-0.0125f,0.1568f,0.1563f,0.0409f,0.9421f,0.3328f,-0.5937f,-0.1519f,0.3351f,-0.9299f,-0.1406f,0f,0f,0f,1f],start_interpolation: 0,interpolation_duration: 1}
$data merge entity $(bone_bone5) {transformation: [-0.9239f,0.2151f,0.3166f,-0.2156f,0.1006f,0.9345f,-0.3414f,-1.6509f,-0.3693f,-0.2835f,-0.885f,0.1698f,0f,0f,0f,1f],start_interpolation: 0,interpolation_duration: 1}
$data merge entity $(bone_bone2) {transformation: [-0.9239f,0.1799f,0.3378f,-0.1875f,0.1006f,0.9658f,-0.2391f,-1.5f,-0.3693f,-0.1869f,-0.9103f,0.1406f,0f,0f,0f,1f],start_interpolation: 0,interpolation_duration: 1}
$data merge entity $(bone_bone9) {transformation: [-0.9733f,0.0082f,0.2295f,-0.09f,0.0054f,0.9999f,-0.0126f,-1.6352f,-0.2296f,-0.011f,-0.9732f,0.2501f,0f,0f,0f,1f],start_interpolation: 0,interpolation_duration: 1}
$data merge entity $(bone_bone8) {transformation: [-0.9733f,0.0878f,0.2122f,-0.0625f,0.0054f,0.9325f,-0.361f,-1.3437f,-0.2296f,-0.3502f,-0.9081f,0.1406f,0f,0f,0f,1f],start_interpolation: 0,interpolation_duration: 1}
$data merge entity $(bone_bone12) {transformation: [-0.9718f,-0.04f,-0.2324f,0.0705f,0.037f,0.9475f,-0.3177f,-1.6454f,0.2329f,-0.3174f,-0.9193f,0.2063f,0f,0f,0f,1f],start_interpolation: 0,interpolation_duration: 1}
$data merge entity $(bone_bone11) {transformation: [-0.9718f,-0.0255f,-0.2344f,0.0625f,0.037f,0.9653f,-0.2587f,-1.3437f,0.2329f,-0.2601f,-0.9371f,0.125f,0f,0f,0f,1f],start_interpolation: 0,interpolation_duration: 1}
$data merge entity $(bone_bone15) {transformation: [-0.9439f,-0.1224f,-0.3066f,0.2508f,-0.121f,0.9924f,-0.0235f,-1.6397f,0.3071f,0.0149f,-0.9515f,0.2029f,0f,0f,0f,1f],start_interpolation: 0,interpolation_duration: 1}
$data merge entity $(bone_bone14) {transformation: [-0.9439f,-0.2026f,-0.2607f,0.1875f,-0.121f,0.947f,-0.2976f,-1.3437f,0.3071f,-0.2494f,-0.9184f,0.125f,0f,0f,0f,1f],start_interpolation: 0,interpolation_duration: 1}
$data merge entity $(bone_bone18) {transformation: [-0.8694f,0.2992f,-0.3932f,-0.2582f,0.0734f,0.8651f,0.4962f,-1.6247f,0.4886f,0.4025f,-0.7741f,-0.2579f,0f,0f,0f,1f],start_interpolation: 0,interpolation_duration: 1}
$data merge entity $(bone_bone17) {transformation: [-0.8213f,0.2261f,-0.5238f,-0.1875f,-0.0312f,0.899f,0.4369f,-1.3437f,0.5696f,0.3752f,-0.7313f,-0.1406f,0f,0f,0f,1f],start_interpolation: 0,interpolation_duration: 1}
$data merge entity $(bone_bone21) {transformation: [-0.9945f,0.0486f,0.0923f,-0.1127f,0.0569f,0.9944f,0.0893f,-1.5695f,-0.0875f,0.094f,-0.9917f,-0.3508f,0f,0f,0f,1f],start_interpolation: 0,interpolation_duration: 1}
$data merge entity $(bone_bone20) {transformation: [-0.9679f,0.1606f,-0.1935f,-0.0625f,-0.0183f,0.7223f,0.6913f,-1.3437f,0.2508f,0.6726f,-0.6962f,-0.1406f,0f,0f,0f,1f],start_interpolation: 0,interpolation_duration: 1}
$data merge entity $(bone_bone24) {transformation: [-0.9538f,0.047f,0.2967f,0.0651f,0.2371f,0.7241f,0.6476f,-1.6274f,-0.1844f,0.6881f,-0.7018f,-0.2718f,0f,0f,0f,1f],start_interpolation: 0,interpolation_duration: 1}
$data merge entity $(bone_bone23) {transformation: [-0.989f,-0.0082f,0.1478f,0.0625f,0.0547f,0.9076f,0.4162f,-1.3437f,-0.1375f,0.4197f,-0.8972f,-0.1406f,0f,0f,0f,1f],start_interpolation: 0,interpolation_duration: 1}
$data merge entity $(bone_bone27) {transformation: [-0.8414f,-0.3808f,0.3835f,0.2376f,0.1638f,0.4965f,0.8524f,-1.6235f,-0.5151f,0.78f,-0.3554f,-0.2705f,0f,0f,0f,1f],start_interpolation: 0,interpolation_duration: 1}
$data merge entity $(bone_bone26) {transformation: [-0.7149f,-0.1604f,0.6806f,0.1875f,0.185f,0.8953f,0.4053f,-1.3437f,-0.6743f,0.4156f,-0.6104f,-0.1406f,0f,0f,0f,1f],start_interpolation: 0,interpolation_duration: 1}
$data merge entity $(bone_bone30) {transformation: [-0.8388f,-0.5444f,0f,0.3702f,-0.5444f,0.8388f,0f,-1.6382f,0f,0f,-1f,0.0625f,0f,0f,0f,1f],start_interpolation: 0,interpolation_duration: 1}
$data merge entity $(bone_bone29) {transformation: [-0.9423f,-0.3348f,0f,0.2656f,-0.3348f,0.9423f,0f,-1.3437f,0f,0f,-1f,0.0625f,0f,0f,0f,1f],start_interpolation: 0,interpolation_duration: 1}
$data merge entity $(bone_bone33) {transformation: [-0.7889f,-0.5153f,-0.3348f,0.3805f,-0.5724f,0.8145f,0.095f,-1.6331f,0.2238f,0.2666f,-0.9375f,-0.0899f,0f,0f,0f,1f],start_interpolation: 0,interpolation_duration: 1}
$data merge entity $(bone_bone32) {transformation: [-0.8904f,-0.3677f,-0.2683f,0.2656f,-0.3777f,0.9258f,-0.0152f,-1.3437f,0.254f,0.0878f,-0.9632f,-0.0625f,0f,0f,0f,1f],start_interpolation: 0,interpolation_duration: 1}
$data merge entity $(bone_bone36) {transformation: [-0.9698f,0.197f,-0.1438f,-0.3573f,0.2187f,0.9633f,-0.1555f,-1.6356f,0.1079f,-0.1822f,-0.9773f,0.1264f,0f,0f,0f,1f],start_interpolation: 0,interpolation_duration: 1}
$data merge entity $(bone_bone35) {transformation: [-0.8547f,0.2933f,-0.4284f,-0.2656f,0.352f,0.9339f,-0.063f,-1.3437f,0.3816f,-0.2046f,-0.9014f,0.0625f,0f,0f,0f,1f],start_interpolation: 0,interpolation_duration: 1}
$data merge entity $(bone_bone39) {transformation: [-0.8586f,0.4122f,-0.3048f,-0.4018f,0.4531f,0.8883f,-0.0753f,-1.6243f,0.2397f,-0.2028f,-0.9494f,-0.043f,0f,0f,0f,1f],start_interpolation: 0,interpolation_duration: 1}
$data merge entity $(bone_bone38) {transformation: [-0.8427f,0.4357f,0.3161f,-0.2656f,0.3826f,0.8979f,-0.2177f,-1.3437f,-0.3787f,-0.0625f,-0.9234f,-0.0625f,0f,0f,0f,1f],start_interpolation: 0,interpolation_duration: 1}
$data merge entity $(bone_bone45) {transformation: [-0.9815f,-0.1434f,-0.1272f,-0.4457f,-0.1835f,0.8944f,0.4078f,-0.8789f,0.0552f,0.4236f,-0.9042f,-0.2321f,0f,0f,0f,1f],start_interpolation: 0,interpolation_duration: 1}
$data merge entity $(bone_bone44) {transformation: [-0.9256f,0.211f,-0.3143f,-0.3798f,0.0982f,0.9357f,0.3388f,-0.5865f,0.3656f,0.2827f,-0.8868f,-0.1438f,0f,0f,0f,1f],start_interpolation: 0,interpolation_duration: 1}
$data merge entity $(bone_bone48) {transformation: [-0.6767f,0.5251f,-0.5161f,-0.6723f,0.4324f,0.8508f,0.2987f,-1.1505f,0.5959f,-0.021f,-0.8028f,0.0738f,0f,0f,0f,1f],start_interpolation: 0,interpolation_duration: 1}
$data merge entity $(bone_bone47) {transformation: [-0.7228f,0.4514f,-0.5232f,-0.503f,0.4713f,0.8758f,0.1045f,-0.822f,0.5054f,-0.1711f,-0.8458f,0.0097f,0f,0f,0f,1f],start_interpolation: 0,interpolation_duration: 1}
$data merge entity $(bone_3) {transformation: [-0.9452f,0.2167f,-0.2441f,-0.343f,0.1988f,0.9753f,0.0959f,-0.7281f,0.2588f,0.0421f,-0.965f,-0.0214f,0f,0f,0f,1f],start_interpolation: 0,interpolation_duration: 1}
$data merge entity $(bone_4) {transformation: [-0.9452f,0.1587f,-0.2852f,-0.4508f,0.1988f,0.973f,-0.1175f,-0.9351f,0.2588f,-0.1677f,-0.9513f,-0.0147f,0f,0f,0f,1f],start_interpolation: 0,interpolation_duration: 1}
$data merge entity $(bone_bone42) {transformation: [-0.9943f,-0.1005f,-0.0366f,0.3915f,-0.105f,0.9828f,0.1518f,-0.8903f,0.0207f,0.1548f,-0.9877f,-0.2237f,0f,0f,0f,1f],start_interpolation: 0,interpolation_duration: 1}
$data merge entity $(bone_bone41) {transformation: [-0.9864f,-0.0958f,0.1333f,0.3615f,-0.0572f,0.9617f,0.2682f,-0.5898f,-0.1539f,0.257f,-0.9541f,-0.1434f,0f,0f,0f,1f],start_interpolation: 0,interpolation_duration: 1}
$data merge entity $(bone_bone51) {transformation: [-0.9443f,-0.3284f,-0.0211f,0.6421f,-0.3193f,0.9299f,-0.1828f,-1.1691f,0.0796f,-0.1659f,-0.9829f,0.0411f,0f,0f,0f,1f],start_interpolation: 0,interpolation_duration: 1}
$data merge entity $(bone_bone50) {transformation: [-0.9167f,-0.3963f,0.0519f,0.4935f,-0.3996f,0.9114f,-0.0987f,-0.8273f,-0.0082f,-0.1112f,-0.9938f,-0.0006f,0f,0f,0f,1f],start_interpolation: 0,interpolation_duration: 1}
$data merge entity $(bone_1) {transformation: [-0.9782f,-0.1684f,0.1215f,0.3349f,-0.1616f,0.9848f,0.0643f,-0.7269f,-0.1305f,0.0432f,-0.9905f,-0.0136f,0f,0f,0f,1f],start_interpolation: 0,interpolation_duration: 1}
$data merge entity $(bone_2) {transformation: [-0.9782f,-0.1312f,0.161f,0.4023f,-0.1616f,0.9678f,-0.1928f,-0.9373f,-0.1305f,-0.2146f,-0.9679f,-0.0189f,0f,0f,0f,1f],start_interpolation: 0,interpolation_duration: 1}
$data merge entity $(bone_7) {transformation: [-0.9985f,0.0543f,-0.0042f,-0.129f,0.0544f,0.9956f,-0.0762f,-1.5325f,0f,-0.0764f,-0.9971f,0.0143f,0f,0f,0f,1f],start_interpolation: 0,interpolation_duration: 1}
$data merge entity $(bone_8) {transformation: [-0.9985f,0.0509f,0.0192f,-0.1366f,0.0544f,0.9345f,0.3517f,-1.6715f,0f,0.3522f,-0.9359f,0.0375f,0f,0f,0f,1f],start_interpolation: 0,interpolation_duration: 1}
$data merge entity $(bone_5) {transformation: [-0.9985f,-0.0544f,-0.0006f,0.1188f,-0.0544f,0.9985f,0.0108f,-1.3458f,0f,0.0108f,-0.9999f,0f,0f,0f,0f,1f],start_interpolation: 0,interpolation_duration: 1}
$data merge entity $(bone_6) {transformation: [-0.9985f,-0.0524f,-0.0147f,0.1372f,-0.0544f,0.9616f,0.2689f,-1.6828f,0f,0.2693f,-0.9631f,0.0026f,0f,0f,0f,1f],start_interpolation: 0,interpolation_duration: 1}