# This file was generated by Animated Java via MC-Build. It is not recommended to edit this file directly.
$data merge entity $(bone_bone54) {transformation: [-0.9879f,0.0319f,0.1517f,-0.1578f,0.0365f,0.9989f,0.028f,-0.8729f,-0.1507f,0.0332f,-0.988f,-0.2845f,0f,0f,0f,1f],start_interpolation: 0,interpolation_duration: 1}
$data merge entity $(bone_bone53) {transformation: [-0.9986f,0.0103f,0.052f,-0.1562f,0.0286f,0.93f,0.3664f,-0.5937f,-0.0446f,0.3674f,-0.929f,-0.1406f,0f,0f,0f,1f],start_interpolation: 0,interpolation_duration: 1}
$data merge entity $(bone_bone57) {transformation: [-0.9847f,0.1611f,0.0667f,0.1665f,0.1679f,0.9793f,0.1134f,-0.88f,-0.047f,0.1228f,-0.9913f,-0.2695f,0f,0f,0f,1f],start_interpolation: 0,interpolation_duration: 1}
$data merge entity $(bone_bone56) {transformation: [-0.985f,-0.0156f,0.172f,0.1563f,0.0403f,0.9476f,0.3168f,-0.5937f,-0.1679f,0.319f,-0.9328f,-0.1406f,0f,0f,0f,1f],start_interpolation: 0,interpolation_duration: 1}
$data merge entity $(bone_bone5) {transformation: [-0.9298f,0.2117f,0.3009f,-0.2167f,0.1114f,0.9415f,-0.3182f,-1.6506f,-0.3507f,-0.2624f,-0.899f,0.1703f,0f,0f,0f,1f],start_interpolation: 0,interpolation_duration: 1}
$data merge entity $(bone_bone2) {transformation: [-0.9298f,0.187f,0.3169f,-0.1875f,0.1114f,0.9639f,-0.242f,-1.5f,-0.3507f,-0.1897f,-0.9171f,0.1406f,0f,0f,0f,1f],start_interpolation: 0,interpolation_duration: 1}
$data merge entity $(bone_bone9) {transformation: [-0.9773f,0.0008f,0.2117f,-0.0876f,0.0058f,0.9997f,0.0227f,-1.6359f,-0.2117f,0.0234f,-0.9771f,0.2488f,0f,0f,0f,1f],start_interpolation: 0,interpolation_duration: 1}
$data merge entity $(bone_bone8) {transformation: [-0.9773f,0.0805f,0.1959f,-0.0625f,0.0058f,0.9347f,-0.3553f,-1.3437f,-0.2117f,-0.3461f,-0.914f,0.1406f,0f,0f,0f,1f],start_interpolation: 0,interpolation_duration: 1}
$data merge entity $(bone_bone12) {transformation: [-0.9773f,-0.0366f,-0.2088f,0.0728f,0.0252f,0.9579f,-0.2861f,-1.6446f,0.2105f,-0.2848f,-0.9352f,0.209f,0f,0f,0f,1f],start_interpolation: 0,interpolation_duration: 1}
$data merge entity $(bone_bone11) {transformation: [-0.9773f,-0.033f,-0.2094f,0.0625f,0.0252f,0.9627f,-0.2695f,-1.3437f,0.2105f,-0.2686f,-0.94f,0.125f,0f,0f,0f,1f],start_interpolation: 0,interpolation_duration: 1}
$data merge entity $(bone_bone15) {transformation: [-0.9461f,-0.1275f,-0.2976f,0.2511f,-0.1257f,0.9917f,-0.0253f,-1.6399f,0.2984f,0.0135f,-0.9544f,0.2018f,0f,0f,0f,1f],start_interpolation: 0,interpolation_duration: 1}
$data merge entity $(bone_bone14) {transformation: [-0.9461f,-0.2035f,-0.2518f,0.1875f,-0.1257f,0.9477f,-0.2934f,-1.3437f,0.2984f,-0.2459f,-0.9222f,0.125f,0f,0f,0f,1f],start_interpolation: 0,interpolation_duration: 1}
$data merge entity $(bone_bone18) {transformation: [-0.8761f,0.3056f,-0.3729f,-0.2559f,0.0938f,0.8667f,0.4898f,-1.6273f,0.4729f,0.3942f,-0.788f,-0.2528f,0f,0f,0f,1f],start_interpolation: 0,interpolation_duration: 1}
$data merge entity $(bone_bone17) {transformation: [-0.8221f,0.219f,-0.5255f,-0.1875f,-0.0266f,0.9073f,0.4196f,-1.3437f,0.5687f,0.3589f,-0.7401f,-0.1406f,0f,0f,0f,1f],start_interpolation: 0,interpolation_duration: 1}
$data merge entity $(bone_bone21) {transformation: [-0.997f,0.039f,0.0669f,-0.1093f,0.0444f,0.9956f,0.082f,-1.5705f,-0.0634f,0.0847f,-0.9944f,-0.3505f,0f,0f,0f,1f],start_interpolation: 0,interpolation_duration: 1}
$data merge entity $(bone_bone20) {transformation: [-0.965f,0.1499f,-0.2151f,-0.0625f,-0.0404f,0.7255f,0.687f,-1.3437f,0.2591f,0.6717f,-0.6941f,-0.1406f,0f,0f,0f,1f],start_interpolation: 0,interpolation_duration: 1}
$data merge entity $(bone_bone24) {transformation: [-0.9498f,0.0353f,0.311f,0.0659f,0.24f,0.72f,0.6512f,-1.6283f,-0.201f,0.6931f,-0.6922f,-0.2697f,0f,0f,0f,1f],start_interpolation: 0,interpolation_duration: 1}
$data merge entity $(bone_bone23) {transformation: [-0.9868f,-0.011f,0.1616f,0.0625f,0.0569f,0.9106f,0.4094f,-1.3437f,-0.1516f,0.4131f,-0.898f,-0.1406f,0f,0f,0f,1f],start_interpolation: 0,interpolation_duration: 1}
$data merge entity $(bone_bone27) {transformation: [-0.8542f,-0.3568f,0.3783f,0.2319f,0.1511f,0.5258f,0.8371f,-1.6265f,-0.4976f,0.7722f,-0.3952f,-0.266f,0f,0f,0f,1f],start_interpolation: 0,interpolation_duration: 1}
$data merge entity $(bone_bone26) {transformation: [-0.737f,-0.1421f,0.6608f,0.1875f,0.1738f,0.9049f,0.3885f,-1.3437f,-0.6532f,0.4011f,-0.6422f,-0.1406f,0f,0f,0f,1f],start_interpolation: 0,interpolation_duration: 1}
$data merge entity $(bone_bone30) {transformation: [-0.8219f,-0.5696f,0f,0.3707f,-0.5696f,0.8219f,0f,-1.6381f,0f,0f,-1f,0.0625f,0f,0f,0f,1f],start_interpolation: 0,interpolation_duration: 1}
$data merge entity $(bone_bone29) {transformation: [-0.9418f,-0.3361f,0f,0.2656f,-0.3361f,0.9418f,0f,-1.3437f,0f,0f,-1f,0.0625f,0f,0f,0f,1f],start_interpolation: 0,interpolation_duration: 1}
$data merge entity $(bone_bone33) {transformation: [-0.8181f,-0.4853f,-0.3085f,0.3808f,-0.5316f,0.8429f,0.0839f,-1.6332f,0.2194f,0.2326f,-0.9475f,-0.0872f,0f,0f,0f,1f],start_interpolation: 0,interpolation_duration: 1}
$data merge entity $(bone_bone32) {transformation: [-0.8953f,-0.3685f,-0.2504f,0.2656f,-0.3765f,0.9263f,-0.0171f,-1.3437f,0.2382f,0.079f,-0.968f,-0.0625f,0f,0f,0f,1f],start_interpolation: 0,interpolation_duration: 1}
$data merge entity $(bone_bone36) {transformation: [-0.9668f,0.2086f,-0.1477f,-0.3533f,0.2333f,0.9561f,-0.1771f,-1.6372f,0.1043f,-0.2056f,-0.9731f,0.1249f,0f,0f,0f,1f],start_interpolation: 0,interpolation_duration: 1}
$data merge entity $(bone_bone35) {transformation: [-0.8752f,0.2805f,-0.3942f,-0.2656f,0.3355f,0.9389f,-0.0769f,-1.3437f,0.3486f,-0.1996f,-0.9158f,0.0625f,0f,0f,0f,1f],start_interpolation: 0,interpolation_duration: 1}
$data merge entity $(bone_bone39) {transformation: [-0.8812f,0.3975f,-0.2559f,-0.3983f,0.4305f,0.8984f,-0.087f,-1.6259f,0.1953f,-0.1869f,-0.9628f,-0.0406f,0f,0f,0f,1f],start_interpolation: 0,interpolation_duration: 1}
$data merge entity $(bone_bone38) {transformation: [-0.8524f,0.4245f,0.3054f,-0.2656f,0.3723f,0.9027f,-0.2156f,-1.3437f,-0.3672f,-0.07f,-0.9275f,-0.0625f,0f,0f,0f,1f],start_interpolation: 0,interpolation_duration: 1}
$data merge entity $(bone_bone45) {transformation: [-0.9786f,-0.1524f,-0.1385f,-0.4459f,-0.1959f,0.8961f,0.3982f,-0.8797f,0.0635f,0.4168f,-0.9068f,-0.2291f,0f,0f,0f,1f],start_interpolation: 0,interpolation_duration: 1}
$data merge entity $(bone_bone44) {transformation: [-0.9319f,0.2115f,-0.2948f,-0.3798f,0.1094f,0.9385f,0.3275f,-0.5865f,0.3459f,0.2729f,-0.8977f,-0.1438f,0f,0f,0f,1f],start_interpolation: 0,interpolation_duration: 1}
$data merge entity $(bone_bone48) {transformation: [-0.6731f,0.4956f,-0.5489f,-0.6685f,0.4163f,0.8674f,0.2726f,-1.1531f,0.6112f,-0.045f,-0.7902f,0.07f,0f,0f,0f,1f],start_interpolation: 0,interpolation_duration: 1}
$data merge entity $(bone_bone47) {transformation: [-0.7443f,0.4405f,-0.502f,-0.5033f,0.4595f,0.8832f,0.0937f,-0.8219f,0.4846f,-0.1609f,-0.8598f,0.0097f,0f,0f,0f,1f],start_interpolation: 0,interpolation_duration: 1}
$data merge entity $(bone_3) {transformation: [-0.945f,0.2181f,-0.2439f,-0.3432f,0.2002f,0.975f,0.0963f,-0.7281f,0.2588f,0.0421f,-0.965f,-0.0214f,0f,0f,0f,1f],start_interpolation: 0,interpolation_duration: 1}
$data merge entity $(bone_4) {transformation: [-0.945f,0.1601f,-0.2853f,-0.4513f,0.2002f,0.9727f,-0.1171f,-0.935f,0.2588f,-0.1677f,-0.9513f,-0.0147f,0f,0f,0f,1f],start_interpolation: 0,interpolation_duration: 1}
$data merge entity $(bone_bone42) {transformation: [-0.9935f,-0.1035f,-0.0465f,0.3972f,-0.1106f,0.9753f,0.1914f,-0.8903f,0.0256f,0.1953f,-0.9804f,-0.2213f,0f,0f,0f,1f],start_interpolation: 0,interpolation_duration: 1}
$data merge entity $(bone_bone41) {transformation: [-0.9803f,-0.1143f,0.1612f,0.3615f,-0.0685f,0.9616f,0.2657f,-0.5898f,-0.1854f,0.2495f,-0.9505f,-0.1434f,0f,0f,0f,1f],start_interpolation: 0,interpolation_duration: 1}
$data merge entity $(bone_bone51) {transformation: [-0.9416f,-0.3361f,0.0203f,0.6355f,-0.3349f,0.9282f,-0.1625f,-1.172f,0.0357f,-0.1598f,-0.9865f,0.0403f,0f,0f,0f,1f],start_interpolation: 0,interpolation_duration: 1}
$data merge entity $(bone_bone50) {transformation: [-0.9219f,-0.3776f,0.0865f,0.4939f,-0.3843f,0.9195f,-0.0822f,-0.8272f,-0.0485f,-0.1091f,-0.9929f,-0.0006f,0f,0f,0f,1f],start_interpolation: 0,interpolation_duration: 1}
$data merge entity $(bone_1) {transformation: [-0.978f,-0.1698f,0.1215f,0.3351f,-0.163f,0.9845f,0.0645f,-0.727f,-0.1305f,0.0432f,-0.9905f,-0.0136f,0f,0f,0f,1f],start_interpolation: 0,interpolation_duration: 1}
$data merge entity $(bone_2) {transformation: [-0.978f,-0.1326f,0.1613f,0.4028f,-0.163f,0.9677f,-0.1926f,-0.9373f,-0.1305f,-0.2146f,-0.9679f,-0.0189f,0f,0f,0f,1f],start_interpolation: 0,interpolation_duration: 1}
$data merge entity $(bone_7) {transformation: [-0.9986f,0.0529f,-0.0041f,-0.1287f,0.053f,0.9956f,-0.0777f,-1.5324f,0f,-0.0778f,-0.997f,0.0146f,0f,0f,0f,1f],start_interpolation: 0,interpolation_duration: 1}
$data merge entity $(bone_8) {transformation: [-0.9986f,0.0497f,0.0186f,-0.1361f,0.053f,0.9351f,0.3504f,-1.6714f,0f,0.3509f,-0.9364f,0.038f,0f,0f,0f,1f],start_interpolation: 0,interpolation_duration: 1}
$data merge entity $(bone_5) {transformation: [-0.9986f,-0.053f,-0.0005f,0.1188f,-0.053f,0.9985f,0.0094f,-1.3457f,0f,0.0094f,-1f,0f,0f,0f,0f,1f],start_interpolation: 0,interpolation_duration: 1}
$data merge entity $(bone_6) {transformation: [-0.9986f,-0.0511f,-0.0142f,0.1367f,-0.053f,0.9621f,0.2675f,-1.6828f,0f,0.2679f,-0.9634f,0.0031f,0f,0f,0f,1f],start_interpolation: 0,interpolation_duration: 1}