# This file was generated by Animated Java via MC-Build. It is not recommended to edit this file directly.
$data merge entity $(bone_bone54) {transformation: [-0.9904f,0.0504f,0.1287f,-0.1612f,0.054f,0.9982f,0.0246f,1.2196f,-0.1273f,0.0313f,-0.9914f,-0.2819f,0f,0f,0f,1f],start_interpolation: 0,interpolation_duration: 1}
$data merge entity $(bone_bone53) {transformation: [-0.9994f,0.0186f,0.0282f,-0.1562f,0.0275f,0.9332f,0.3582f,1.5f,-0.0197f,0.3588f,-0.9332f,-0.1406f,0f,0f,0f,1f],start_interpolation: 0,interpolation_duration: 1}
$data merge entity $(bone_bone57) {transformation: [-0.984f,0.1461f,0.1021f,0.1678f,0.1596f,0.9772f,0.14f,1.2115f,-0.0793f,0.154f,-0.9849f,-0.2641f,0f,0f,0f,1f],start_interpolation: 0,interpolation_duration: 1}
$data merge entity $(bone_bone56) {transformation: [-0.9819f,-0.0181f,0.1885f,0.1563f,0.0399f,0.9532f,0.2996f,1.5f,-0.1851f,0.3018f,-0.9353f,-0.1406f,0f,0f,0f,1f],start_interpolation: 0,interpolation_duration: 1}
$data merge entity $(bone_bone5) {transformation: [-0.9356f,0.2092f,0.2846f,-0.2179f,0.1227f,0.9481f,-0.2935f,0.4435f,-0.3312f,-0.2397f,-0.9126f,0.1707f,0f,0f,0f,1f],start_interpolation: 0,interpolation_duration: 1}
$data merge entity $(bone_bone2) {transformation: [-0.9356f,0.1943f,0.2949f,-0.1875f,0.1227f,0.9618f,-0.2446f,0.5938f,-0.3312f,-0.1927f,-0.9237f,0.1406f,0f,0f,0f,1f],start_interpolation: 0,interpolation_duration: 1}
$data merge entity $(bone_bone9) {transformation: [-0.9812f,-0.0055f,0.1929f,-0.0853f,0.0061f,0.9982f,0.0594f,0.4572f,-0.1929f,0.0595f,-0.9794f,0.2474f,0f,0f,0f,1f],start_interpolation: 0,interpolation_duration: 1}
$data merge entity $(bone_bone8) {transformation: [-0.9812f,0.073f,0.1787f,-0.0625f,0.0061f,0.937f,-0.3493f,0.75f,-0.1929f,-0.3416f,-0.9198f,0.1406f,0f,0f,0f,1f],start_interpolation: 0,interpolation_duration: 1}
$data merge entity $(bone_bone12) {transformation: [-0.9823f,-0.035f,-0.1841f,0.0751f,0.0128f,0.9676f,-0.2521f,0.45f,0.187f,-0.25f,-0.95f,0.2117f,0f,0f,0f,1f],start_interpolation: 0,interpolation_duration: 1}
$data merge entity $(bone_bone11) {transformation: [-0.9823f,-0.0403f,-0.183f,0.0625f,0.0128f,0.9599f,-0.2801f,0.75f,0.187f,-0.2775f,-0.9424f,0.125f,0f,0f,0f,1f],start_interpolation: 0,interpolation_duration: 1}
$data merge entity $(bone_bone15) {transformation: [-0.9483f,-0.1329f,-0.2882f,0.2514f,-0.1307f,0.9911f,-0.027f,0.4536f,0.2892f,0.012f,-0.9572f,0.2007f,0f,0f,0f,1f],start_interpolation: 0,interpolation_duration: 1}
$data merge entity $(bone_bone14) {transformation: [-0.9483f,-0.2045f,-0.2426f,0.1875f,-0.1307f,0.9484f,-0.2888f,0.75f,0.2892f,-0.2422f,-0.9261f,0.125f,0f,0f,0f,1f],start_interpolation: 0,interpolation_duration: 1}
$data merge entity $(bone_bone18) {transformation: [-0.8828f,0.3117f,-0.3515f,-0.2537f,0.1143f,0.8682f,0.4828f,0.4639f,0.4556f,0.3861f,-0.8021f,-0.2474f,0f,0f,0f,1f],start_interpolation: 0,interpolation_duration: 1}
$data merge entity $(bone_bone17) {transformation: [-0.8232f,0.2117f,-0.5269f,-0.1875f,-0.0215f,0.9156f,0.4014f,0.75f,0.5674f,0.3418f,-0.7492f,-0.1406f,0f,0f,0f,1f],start_interpolation: 0,interpolation_duration: 1}
$data merge entity $(bone_bone21) {transformation: [-0.9988f,0.0285f,0.0408f,-0.1059f,0.0315f,0.9967f,0.0747f,0.5222f,-0.0385f,0.0759f,-0.9964f,-0.3501f,0f,0f,0f,1f],start_interpolation: 0,interpolation_duration: 1}
$data merge entity $(bone_bone20) {transformation: [-0.9614f,0.1387f,-0.2376f,-0.0625f,-0.0632f,0.7291f,0.6815f,0.75f,0.2678f,0.6702f,-0.6922f,-0.1406f,0f,0f,0f,1f],start_interpolation: 0,interpolation_duration: 1}
$data merge entity $(bone_bone24) {transformation: [-0.9454f,0.0234f,0.3251f,0.0668f,0.2427f,0.7162f,0.6543f,0.4646f,-0.2175f,0.6975f,-0.6828f,-0.2678f,0f,0f,0f,1f],start_interpolation: 0,interpolation_duration: 1}
$data merge entity $(bone_bone23) {transformation: [-0.9844f,-0.0138f,0.1754f,0.0625f,0.059f,0.9133f,0.403f,0.75f,-0.1658f,0.407f,-0.8982f,-0.1406f,0f,0f,0f,1f],start_interpolation: 0,interpolation_duration: 1}
$data merge entity $(bone_bone27) {transformation: [-0.8671f,-0.3326f,0.3708f,0.2266f,0.1362f,0.5577f,0.8188f,0.4641f,-0.4791f,0.7605f,-0.4383f,-0.2607f,0f,0f,0f,1f],start_interpolation: 0,interpolation_duration: 1}
$data merge entity $(bone_bone26) {transformation: [-0.7592f,-0.125f,0.6387f,0.1875f,0.1611f,0.9147f,0.3705f,0.75f,-0.6306f,0.3842f,-0.6744f,-0.1406f,0f,0f,0f,1f],start_interpolation: 0,interpolation_duration: 1}
$data merge entity $(bone_bone30) {transformation: [-0.8045f,-0.594f,0f,0.3712f,-0.594f,0.8045f,0f,0.4559f,0f,0f,-1f,0.0625f,0f,0f,0f,1f],start_interpolation: 0,interpolation_duration: 1}
$data merge entity $(bone_bone29) {transformation: [-0.9413f,-0.3377f,0f,0.2656f,-0.3377f,0.9413f,0f,0.75f,0f,0f,-1f,0.0625f,0f,0f,0f,1f],start_interpolation: 0,interpolation_duration: 1}
$data merge entity $(bone_bone33) {transformation: [-0.847f,-0.4511f,-0.2812f,0.3811f,-0.4873f,0.8703f,0.0717f,0.4604f,0.2124f,0.1978f,-0.957f,-0.0844f,0f,0f,0f,1f],start_interpolation: 0,interpolation_duration: 1}
$data merge entity $(bone_bone32) {transformation: [-0.9001f,-0.3695f,-0.2308f,0.2656f,-0.3756f,0.9266f,-0.0186f,0.75f,0.2208f,0.0699f,-0.9728f,-0.0625f,0f,0f,0f,1f],start_interpolation: 0,interpolation_duration: 1}
$data merge entity $(bone_bone36) {transformation: [-0.9633f,0.2211f,-0.1521f,-0.349f,0.2487f,0.9484f,-0.1966f,0.455f,0.1008f,-0.2273f,-0.9686f,0.1231f,0f,0f,0f,1f],start_interpolation: 0,interpolation_duration: 1}
$data merge entity $(bone_bone35) {transformation: [-0.8948f,0.2669f,-0.3579f,-0.2656f,0.3175f,0.944f,-0.0899f,0.75f,0.3139f,-0.1941f,-0.9294f,0.0625f,0f,0f,0f,1f],start_interpolation: 0,interpolation_duration: 1}
$data merge entity $(bone_bone39) {transformation: [-0.9029f,0.3788f,-0.203f,-0.3944f,0.4033f,0.91f,-0.0957f,0.4663f,0.1485f,-0.1683f,-0.9745f,-0.0384f,0f,0f,0f,1f],start_interpolation: 0,interpolation_duration: 1}
$data merge entity $(bone_bone38) {transformation: [-0.8623f,0.4122f,0.2942f,-0.2656f,0.3614f,0.9078f,-0.2127f,0.75f,-0.3547f,-0.0771f,-0.9318f,-0.0625f,0f,0f,0f,1f],start_interpolation: 0,interpolation_duration: 1}
$data merge entity $(bone_bone45) {transformation: [-0.9757f,-0.1599f,-0.15f,-0.4461f,-0.2067f,0.8987f,0.3868f,1.2131f,0.073f,0.4084f,-0.9099f,-0.2258f,0f,0f,0f,1f],start_interpolation: 0,interpolation_duration: 1}
$data merge entity $(bone_bone44) {transformation: [-0.938f,0.2122f,-0.2741f,-0.3798f,0.1208f,0.9413f,0.3152f,1.5073f,0.3248f,0.2626f,-0.9086f,-0.1438f,0f,0f,0f,1f],start_interpolation: 0,interpolation_duration: 1}
$data merge entity $(bone_bone48) {transformation: [-0.67f,0.4625f,-0.5807f,-0.6643f,0.3992f,0.884f,0.2435f,0.9379f,0.6259f,-0.0687f,-0.7769f,0.0659f,0f,0f,0f,1f],start_interpolation: 0,interpolation_duration: 1}
$data merge entity $(bone_bone47) {transformation: [-0.7661f,0.4284f,-0.4792f,-0.5036f,0.4462f,0.8911f,0.0833f,1.2721f,0.4627f,-0.15f,-0.8737f,0.0097f,0f,0f,0f,1f],start_interpolation: 0,interpolation_duration: 1}
$data merge entity $(bone_3) {transformation: [-0.9447f,0.2194f,-0.2438f,-0.3434f,0.2014f,0.9747f,0.0966f,1.3656f,0.2588f,0.0421f,-0.965f,-0.0214f,0f,0f,0f,1f],start_interpolation: 0,interpolation_duration: 1}
$data merge entity $(bone_4) {transformation: [-0.9447f,0.1614f,-0.2855f,-0.4518f,0.2014f,0.9725f,-0.1167f,1.1588f,0.2588f,-0.1677f,-0.9513f,-0.0147f,0f,0f,0f,1f],start_interpolation: 0,interpolation_duration: 1}
$data merge entity $(bone_bone42) {transformation: [-0.9928f,-0.1058f,-0.0568f,0.4031f,-0.1162f,0.9656f,0.2328f,1.2036f,0.0303f,0.2377f,-0.9709f,-0.2189f,0f,0f,0f,1f],start_interpolation: 0,interpolation_duration: 1}
$data merge entity $(bone_bone41) {transformation: [-0.9729f,-0.1331f,0.1893f,0.3615f,-0.0802f,0.9612f,0.2639f,1.504f,-0.2171f,0.2416f,-0.9458f,-0.1434f,0f,0f,0f,1f],start_interpolation: 0,interpolation_duration: 1}
$data merge entity $(bone_bone51) {transformation: [-0.9368f,-0.344f,0.064f,0.6285f,-0.3498f,0.9261f,-0.1413f,0.9189f,-0.0106f,-0.1548f,-0.9879f,0.0393f,0f,0f,0f,1f],start_interpolation: 0,interpolation_duration: 1}
$data merge entity $(bone_bone50) {transformation: [-0.9255f,-0.3582f,0.1229f,0.4942f,-0.3678f,0.9276f,-0.0663f,1.2668f,-0.0902f,-0.1066f,-0.9902f,-0.0006f,0f,0f,0f,1f],start_interpolation: 0,interpolation_duration: 1}
$data merge entity $(bone_1) {transformation: [-0.9777f,-0.1711f,0.1214f,0.3353f,-0.1643f,0.9843f,0.0646f,1.3667f,-0.1305f,0.0432f,-0.9905f,-0.0136f,0f,0f,0f,1f],start_interpolation: 0,interpolation_duration: 1}
$data merge entity $(bone_2) {transformation: [-0.9777f,-0.1339f,0.1615f,0.4033f,-0.1643f,0.9675f,-0.1923f,1.1565f,-0.1305f,-0.2146f,-0.9679f,-0.0189f,0f,0f,0f,1f],start_interpolation: 0,interpolation_duration: 1}
$data merge entity $(bone_7) {transformation: [-0.9987f,0.0515f,-0.0041f,-0.1285f,0.0517f,0.9955f,-0.079f,0.5614f,0f,-0.0791f,-0.9969f,0.0148f,0f,0f,0f,1f],start_interpolation: 0,interpolation_duration: 1}
$data merge entity $(bone_8) {transformation: [-0.9987f,0.0484f,0.0181f,-0.1357f,0.0517f,0.9356f,0.3491f,0.4224f,0f,0.3496f,-0.9369f,0.0384f,0f,0f,0f,1f],start_interpolation: 0,interpolation_duration: 1}
$data merge entity $(bone_5) {transformation: [-0.9987f,-0.0517f,-0.0004f,0.1188f,-0.0517f,0.9986f,0.0081f,0.7481f,0f,0.0081f,-1f,0f,0f,0f,0f,1f],start_interpolation: 0,interpolation_duration: 1}
$data merge entity $(bone_6) {transformation: [-0.9987f,-0.0498f,-0.0138f,0.1362f,-0.0517f,0.9625f,0.2663f,0.411f,0f,0.2666f,-0.9638f,0.0035f,0f,0f,0f,1f],start_interpolation: 0,interpolation_duration: 1}