# This file was generated by Animated Java via MC-Build. It is not recommended to edit this file directly.
$data merge entity $(bone_bone54) {transformation: [-0.9725f,0.232f,0.0184f,-0.1735f,0.2316f,0.9725f,-0.023f,1.2183f,-0.0232f,-0.0181f,-0.9996f,-0.2784f,0f,0f,0f,1f],start_interpolation: 0,interpolation_duration: 1}
$data merge entity $(bone_bone53) {transformation: [-0.9652f,0.0292f,-0.2598f,-0.1562f,-0.0647f,0.9361f,0.3458f,1.5f,0.2533f,0.3506f,-0.9016f,-0.1406f,0f,0f,0f,1f],start_interpolation: 0,interpolation_duration: 1}
$data merge entity $(bone_bone57) {transformation: [-0.959f,-0.1193f,0.2572f,0.1583f,0.0232f,0.8711f,0.4906f,1.1925f,-0.2826f,0.4764f,-0.8326f,-0.2045f,0f,0f,0f,1f],start_interpolation: 0,interpolation_duration: 1}
$data merge entity $(bone_bone56) {transformation: [-0.9478f,0.0253f,0.3178f,0.1563f,0.0589f,0.9936f,0.0965f,1.5f,-0.3133f,0.1102f,-0.9432f,-0.1406f,0f,0f,0f,1f],start_interpolation: 0,interpolation_duration: 1}
$data merge entity $(bone_bone5) {transformation: [-0.953f,0.2089f,0.2194f,-0.2223f,0.1686f,0.9674f,-0.1887f,0.4448f,-0.2517f,-0.1428f,-0.9572f,0.1724f,0f,0f,0f,1f],start_interpolation: 0,interpolation_duration: 1}
$data merge entity $(bone_bone2) {transformation: [-0.953f,0.2225f,0.2056f,-0.1875f,0.1686f,0.9534f,-0.2501f,0.5938f,-0.2517f,-0.2037f,-0.9461f,0.1406f,0f,0f,0f,1f],start_interpolation: 0,interpolation_duration: 1}
$data merge entity $(bone_bone9) {transformation: [-0.9931f,-0.0168f,0.1162f,-0.0766f,0.0074f,0.9787f,0.2053f,0.4545f,-0.1171f,0.2048f,-0.9718f,0.2412f,0f,0f,0f,1f],start_interpolation: 0,interpolation_duration: 1}
$data merge entity $(bone_bone8) {transformation: [-0.9931f,0.045f,0.1084f,-0.0625f,0.0074f,0.9457f,-0.3249f,0.75f,-0.1171f,-0.3218f,-0.9395f,0.1406f,0f,0f,0f,1f],start_interpolation: 0,interpolation_duration: 1}
$data merge entity $(bone_bone12) {transformation: [-0.995f,-0.0474f,-0.0876f,0.0828f,-0.0379f,0.9935f,-0.1071f,0.4538f,0.0921f,-0.1033f,-0.9904f,0.2224f,0f,0f,0f,1f],start_interpolation: 0,interpolation_duration: 1}
$data merge entity $(bone_bone11) {transformation: [-0.995f,-0.065f,-0.0755f,0.0625f,-0.0379f,0.948f,-0.3161f,0.75f,0.0921f,-0.3117f,-0.9457f,0.125f,0f,0f,0f,1f],start_interpolation: 0,interpolation_duration: 1}
$data merge entity $(bone_bone15) {transformation: [-0.9559f,-0.1539f,-0.2502f,0.253f,-0.1504f,0.9881f,-0.0331f,0.4528f,0.2523f,0.0059f,-0.9676f,0.1959f,0f,0f,0f,1f],start_interpolation: 0,interpolation_duration: 1}
$data merge entity $(bone_bone14) {transformation: [-0.9559f,-0.2095f,-0.2058f,0.1875f,-0.1504f,0.9511f,-0.2697f,0.75f,0.2523f,-0.2268f,-0.9407f,0.125f,0f,0f,0f,1f],start_interpolation: 0,interpolation_duration: 1}
$data merge entity $(bone_bone18) {transformation: [-0.9556f,0.1894f,-0.2258f,-0.2627f,0.127f,0.9561f,0.2641f,0.4501f,0.2659f,0.2237f,-0.9377f,-0.1863f,0f,0f,0f,1f],start_interpolation: 0,interpolation_duration: 1}
$data merge entity $(bone_bone17) {transformation: [-0.8095f,0.2406f,-0.5355f,-0.1875f,0.1153f,0.9595f,0.2569f,0.75f,0.5756f,0.1462f,-0.8045f,-0.1406f,0f,0f,0f,1f],start_interpolation: 0,interpolation_duration: 1}
$data merge entity $(bone_bone21) {transformation: [-0.9932f,0.1165f,0.0023f,-0.0769f,0.1117f,0.947f,0.3013f,0.4991f,0.0329f,0.2995f,-0.9535f,-0.3264f,0f,0f,0f,1f],start_interpolation: 0,interpolation_duration: 1}
$data merge entity $(bone_bone20) {transformation: [-0.9774f,0.046f,-0.2061f,-0.0625f,-0.0866f,0.8027f,0.59f,0.75f,0.1926f,0.5946f,-0.7806f,-0.1406f,0f,0f,0f,1f],start_interpolation: 0,interpolation_duration: 1}
$data merge entity $(bone_bone24) {transformation: [-0.9628f,0.0073f,0.2701f,0.0829f,0.154f,0.8361f,0.5265f,0.4759f,-0.222f,0.5485f,-0.8062f,-0.2892f,0f,0f,0f,1f],start_interpolation: 0,interpolation_duration: 1}
$data merge entity $(bone_bone23) {transformation: [-0.9862f,-0.0651f,0.1519f,0.0625f,0.016f,0.8773f,0.4798f,0.75f,-0.1645f,0.4756f,-0.8642f,-0.1406f,0f,0f,0f,1f],start_interpolation: 0,interpolation_duration: 1}
$data merge entity $(bone_bone27) {transformation: [-0.9147f,-0.1248f,0.3843f,0.1911f,0.0607f,0.8979f,0.436f,0.4529f,-0.3995f,0.4221f,-0.8138f,-0.2375f,0f,0f,0f,1f],start_interpolation: 0,interpolation_duration: 1}
$data merge entity $(bone_bone26) {transformation: [-0.8643f,-0.0114f,0.5029f,0.1875f,0.1465f,0.9507f,0.2733f,0.75f,-0.4813f,0.3099f,-0.82f,-0.1406f,0f,0f,0f,1f],start_interpolation: 0,interpolation_duration: 1}
$data merge entity $(bone_bone30) {transformation: [-0.7718f,-0.6358f,0f,0.3566f,-0.6358f,0.7718f,0f,0.4511f,0f,0f,-1f,0.0625f,0f,0f,0f,1f],start_interpolation: 0,interpolation_duration: 1}
$data merge entity $(bone_bone29) {transformation: [-0.9566f,-0.2913f,0f,0.2656f,-0.2913f,0.9566f,0f,0.75f,0f,0f,-1f,0.0625f,0f,0f,0f,1f],start_interpolation: 0,interpolation_duration: 1}
$data merge entity $(bone_bone33) {transformation: [-0.9672f,-0.103f,0.2322f,0.3959f,-0.0636f,0.9832f,0.1712f,0.4662f,-0.2459f,0.1508f,-0.9575f,-0.0734f,0f,0f,0f,1f],start_interpolation: 0,interpolation_duration: 1}
$data merge entity $(bone_bone32) {transformation: [-0.9022f,-0.4168f,0.1108f,0.2656f,-0.4087f,0.9083f,0.0889f,0.75f,-0.1377f,0.0349f,-0.9899f,-0.0625f,0f,0f,0f,1f],start_interpolation: 0,interpolation_duration: 1}
$data merge entity $(bone_bone36) {transformation: [-0.8477f,0.333f,-0.4129f,-0.3099f,0.4675f,0.8367f,-0.2851f,0.4431f,0.2506f,-0.4347f,-0.865f,0.1012f,0f,0f,0f,1f],start_interpolation: 0,interpolation_duration: 1}
$data merge entity $(bone_bone35) {transformation: [-0.9893f,0.1416f,-0.0357f,-0.2656f,0.1449f,0.9821f,-0.1201f,0.75f,0.0181f,-0.124f,-0.9921f,0.0625f,0f,0f,0f,1f],start_interpolation: 0,interpolation_duration: 1}
$data merge entity $(bone_bone39) {transformation: [-0.9172f,0.092f,0.3877f,-0.3479f,0.1246f,0.9904f,0.0597f,0.4486f,-0.3785f,0.1031f,-0.9198f,-0.0551f,0f,0f,0f,1f],start_interpolation: 0,interpolation_duration: 1}
$data merge entity $(bone_bone38) {transformation: [-0.9516f,0.2632f,0.1584f,-0.2656f,0.2555f,0.9644f,-0.0676f,0.75f,-0.1706f,-0.0238f,-0.9851f,-0.0625f,0f,0f,0f,1f],start_interpolation: 0,interpolation_duration: 1}
$data merge entity $(bone_bone45) {transformation: [-0.9874f,0.0807f,-0.1358f,-0.486f,0.0262f,0.9315f,0.3628f,1.2195f,0.1558f,0.3547f,-0.9219f,-0.203f,0f,0f,0f,1f],start_interpolation: 0,interpolation_duration: 1}
$data merge entity $(bone_bone44) {transformation: [-0.9373f,0.3402f,0.0763f,-0.3797f,0.3484f,0.9211f,0.1737f,1.5073f,-0.0111f,0.1894f,-0.9818f,-0.1438f,0f,0f,0f,1f],start_interpolation: 0,interpolation_duration: 1}
$data merge entity $(bone_bone48) {transformation: [-0.7964f,0.0492f,-0.6028f,-0.6302f,0.1331f,0.9865f,-0.0954f,0.9206f,0.59f,-0.1562f,-0.7922f,0.0408f,0f,0f,0f,1f],start_interpolation: 0,interpolation_duration: 1}
$data merge entity $(bone_bone47) {transformation: [-0.8989f,0.3347f,-0.2826f,-0.5047f,0.3445f,0.9387f,0.0161f,1.2726f,0.2706f,-0.0829f,-0.9591f,0.0097f,0f,0f,0f,1f],start_interpolation: 0,interpolation_duration: 1}
$data merge entity $(bone_3) {transformation: [-0.9438f,0.2238f,-0.2433f,-0.344f,0.2057f,0.9737f,0.0977f,1.3654f,0.2588f,0.0421f,-0.965f,-0.0214f,0f,0f,0f,1f],start_interpolation: 0,interpolation_duration: 1}
$data merge entity $(bone_4) {transformation: [-0.9438f,0.1658f,-0.286f,-0.4533f,0.2057f,0.9718f,-0.1154f,1.1592f,0.2588f,-0.1677f,-0.9513f,-0.0147f,0f,0f,0f,1f],start_interpolation: 0,interpolation_duration: 1}
$data merge entity $(bone_bone42) {transformation: [-0.977f,-0.0571f,-0.2054f,0.4363f,-0.1349f,0.9116f,0.3883f,1.2167f,0.1651f,0.4071f,-0.8983f,-0.2412f,0f,0f,0f,1f],start_interpolation: 0,interpolation_duration: 1}
$data merge entity $(bone_bone41) {transformation: [-0.9698f,-0.2394f,0.0474f,0.3615f,-0.2106f,0.9191f,0.333f,1.5039f,-0.1233f,0.313f,-0.9417f,-0.1434f,0f,0f,0f,1f],start_interpolation: 0,interpolation_duration: 1}
$data merge entity $(bone_bone51) {transformation: [-0.8821f,-0.3367f,0.3294f,0.5991f,-0.3343f,0.9402f,0.0658f,0.907f,-0.3318f,-0.0521f,-0.9419f,0.0043f,0f,0f,0f,1f],start_interpolation: 0,interpolation_duration: 1}
$data merge entity $(bone_bone50) {transformation: [-0.9052f,-0.277f,0.3222f,0.4952f,-0.2655f,0.9608f,0.0801f,1.2673f,-0.3318f,-0.0131f,-0.9433f,-0.0006f,0f,0f,0f,1f],start_interpolation: 0,interpolation_duration: 1}
$data merge entity $(bone_1) {transformation: [-0.977f,-0.1756f,0.1211f,0.3359f,-0.1687f,0.9835f,0.0652f,1.3665f,-0.1305f,0.0432f,-0.9905f,-0.0136f,0f,0f,0f,1f],start_interpolation: 0,interpolation_duration: 1}
$data merge entity $(bone_2) {transformation: [-0.977f,-0.1383f,0.1624f,0.4048f,-0.1687f,0.9669f,-0.1916f,1.1566f,-0.1305f,-0.2146f,-0.9679f,-0.0189f,0f,0f,0f,1f],start_interpolation: 0,interpolation_duration: 1}
$data merge entity $(bone_7) {transformation: [-0.9989f,0.047f,-0.0039f,-0.1276f,0.0472f,0.9954f,-0.0835f,0.5616f,0f,-0.0836f,-0.9965f,0.0157f,0f,0f,0f,1f],start_interpolation: 0,interpolation_duration: 1}
$data merge entity $(bone_8) {transformation: [-0.9989f,0.0443f,0.0163f,-0.1342f,0.0472f,0.9374f,0.345f,0.4227f,0f,0.3453f,-0.9385f,0.0399f,0f,0f,0f,1f],start_interpolation: 0,interpolation_duration: 1}
$data merge entity $(bone_5) {transformation: [-0.9989f,-0.0472f,-0.0002f,0.1188f,-0.0472f,0.9989f,0.0035f,0.7482f,0f,0.0035f,-1f,0f,0f,0f,0f,1f],start_interpolation: 0,interpolation_duration: 1}
$data merge entity $(bone_6) {transformation: [-0.9989f,-0.0455f,-0.0124f,0.1347f,-0.0472f,0.9639f,0.2619f,0.4111f,0f,0.2622f,-0.965f,0.0051f,0f,0f,0f,1f],start_interpolation: 0,interpolation_duration: 1}