# This file was generated by Animated Java via MC-Build. It is not recommended to edit this file directly.
$data merge entity $(bone_bone54) {transformation: [-0.992f,0.0695f,0.1056f,-0.1645f,0.0721f,0.9972f,0.0218f,1.2183f,-0.1038f,0.0292f,-0.9942f,-0.2793f,0f,0f,0f,1f],start_interpolation: 0,interpolation_duration: 1}
$data merge entity $(bone_bone53) {transformation: [-0.9996f,0.0267f,0.0036f,-0.1562f,0.0263f,0.9364f,0.35f,1.5f,0.006f,0.35f,-0.9367f,-0.1406f,0f,0f,0f,1f],start_interpolation: 0,interpolation_duration: 1}
$data merge entity $(bone_bone57) {transformation: [-0.9823f,0.1277f,0.1374f,0.1689f,0.1501f,0.9743f,0.1678f,1.2092f,-0.1124f,0.1854f,-0.9762f,-0.2585f,0f,0f,0f,1f],start_interpolation: 0,interpolation_duration: 1}
$data merge entity $(bone_bone56) {transformation: [-0.9784f,-0.02f,0.2059f,0.1563f,0.0397f,0.9587f,0.2816f,1.5f,-0.203f,0.2836f,-0.9372f,-0.1406f,0f,0f,0f,1f],start_interpolation: 0,interpolation_duration: 1}
$data merge entity $(bone_bone5) {transformation: [-0.9408f,0.2076f,0.2678f,-0.219f,0.1343f,0.9541f,-0.2676f,0.4438f,-0.3111f,-0.2158f,-0.9256f,0.1712f,0f,0f,0f,1f],start_interpolation: 0,interpolation_duration: 1}
$data merge entity $(bone_bone2) {transformation: [-0.9408f,0.2017f,0.2723f,-0.1875f,0.1343f,0.9597f,-0.2467f,0.5938f,-0.3111f,-0.1956f,-0.93f,0.1406f,0f,0f,0f,1f],start_interpolation: 0,interpolation_duration: 1}
$data merge entity $(bone_bone9) {transformation: [-0.9848f,-0.0105f,0.1734f,-0.083f,0.0064f,0.9953f,0.0969f,0.4565f,-0.1736f,0.0965f,-0.9801f,0.2459f,0f,0f,0f,1f],start_interpolation: 0,interpolation_duration: 1}
$data merge entity $(bone_bone8) {transformation: [-0.9848f,0.0655f,0.1609f,-0.0625f,0.0064f,0.9393f,-0.3431f,0.75f,-0.1736f,-0.3368f,-0.9254f,0.1406f,0f,0f,0f,1f],start_interpolation: 0,interpolation_duration: 1}
$data merge entity $(bone_bone12) {transformation: [-0.9866f,-0.0353f,-0.159f,0.0773f,0f,0.9763f,-0.2164f,0.451f,0.1629f,-0.2135f,-0.9633f,0.2145f,0f,0f,0f,1f],start_interpolation: 0,interpolation_duration: 1}
$data merge entity $(bone_bone11) {transformation: [-0.9866f,-0.0473f,-0.1559f,0.0625f,0f,0.9569f,-0.2903f,0.75f,0.1629f,-0.2864f,-0.9442f,0.125f,0f,0f,0f,1f],start_interpolation: 0,interpolation_duration: 1}
$data merge entity $(bone_bone15) {transformation: [-0.9504f,-0.1383f,-0.2785f,0.2518f,-0.1357f,0.9903f,-0.0287f,0.4534f,0.2798f,0.0105f,-0.96f,0.1995f,0f,0f,0f,1f],start_interpolation: 0,interpolation_duration: 1}
$data merge entity $(bone_bone14) {transformation: [-0.9504f,-0.2057f,-0.2333f,0.1875f,-0.1357f,0.9491f,-0.2841f,0.75f,0.2798f,-0.2383f,-0.93f,0.125f,0f,0f,0f,1f],start_interpolation: 0,interpolation_duration: 1}
$data merge entity $(bone_bone18) {transformation: [-0.8893f,0.3173f,-0.3293f,-0.2514f,0.1344f,0.8696f,0.475f,0.4613f,0.4371f,0.3782f,-0.816f,-0.2419f,0f,0f,0f,1f],start_interpolation: 0,interpolation_duration: 1}
$data merge entity $(bone_bone17) {transformation: [-0.8244f,0.2045f,-0.5279f,-0.1875f,-0.016f,0.9237f,0.3828f,0.75f,0.5658f,0.324f,-0.7582f,-0.1406f,0f,0f,0f,1f],start_interpolation: 0,interpolation_duration: 1}
$data merge entity $(bone_bone21) {transformation: [-0.9997f,0.0176f,0.0145f,-0.1023f,0.0186f,0.9975f,0.0675f,0.521f,-0.0133f,0.0678f,-0.9976f,-0.3495f,0f,0f,0f,1f],start_interpolation: 0,interpolation_duration: 1}
$data merge entity $(bone_bone20) {transformation: [-0.9571f,0.1273f,-0.2604f,-0.0625f,-0.0862f,0.7329f,0.6749f,0.75f,0.2767f,0.6683f,-0.6905f,-0.1406f,0f,0f,0f,1f],start_interpolation: 0,interpolation_duration: 1}
$data merge entity $(bone_bone24) {transformation: [-0.9409f,0.0116f,0.3386f,0.0677f,0.2452f,0.7131f,0.6568f,0.4638f,-0.2338f,0.701f,-0.6738f,-0.2661f,0f,0f,0f,1f],start_interpolation: 0,interpolation_duration: 1}
$data merge entity $(bone_bone23) {transformation: [-0.9818f,-0.0166f,0.1892f,0.0625f,0.0611f,0.9157f,0.3971f,0.75f,-0.1798f,0.4014f,-0.8981f,-0.1406f,0f,0f,0f,1f],start_interpolation: 0,interpolation_duration: 1}
$data merge entity $(bone_bone27) {transformation: [-0.8799f,-0.3091f,0.361f,0.2217f,0.1195f,0.5914f,0.7975f,0.4611f,-0.46f,0.7448f,-0.4834f,-0.2547f,0f,0f,0f,1f],start_interpolation: 0,interpolation_duration: 1}
$data merge entity $(bone_bone26) {transformation: [-0.7811f,-0.1095f,0.6147f,0.1875f,0.1471f,0.9246f,0.3515f,0.75f,-0.6068f,0.365f,-0.7061f,-0.1406f,0f,0f,0f,1f],start_interpolation: 0,interpolation_duration: 1}
$data merge entity $(bone_bone30) {transformation: [-0.7867f,-0.6174f,0f,0.3717f,-0.6174f,0.7867f,0f,0.4561f,0f,0f,-1f,0.0625f,0f,0f,0f,1f],start_interpolation: 0,interpolation_duration: 1}
$data merge entity $(bone_bone29) {transformation: [-0.9406f,-0.3395f,0f,0.2656f,-0.3395f,0.9406f,0f,0.75f,0f,0f,-1f,0.0625f,0f,0f,0f,1f],start_interpolation: 0,interpolation_duration: 1}
$data merge entity $(bone_bone33) {transformation: [-0.8747f,-0.4132f,-0.2534f,0.3815f,-0.4403f,0.8959f,0.0589f,0.4604f,0.2027f,0.1631f,-0.9656f,-0.0815f,0f,0f,0f,1f],start_interpolation: 0,interpolation_duration: 1}
$data merge entity $(bone_bone32) {transformation: [-0.9047f,-0.3707f,-0.21f,0.2656f,-0.3751f,0.9268f,-0.0199f,0.75f,0.202f,0.0607f,-0.9775f,-0.0625f,0f,0f,0f,1f],start_interpolation: 0,interpolation_duration: 1}
$data merge entity $(bone_bone36) {transformation: [-0.9594f,0.2343f,-0.157f,-0.3446f,0.2646f,0.9404f,-0.2137f,0.4534f,0.0976f,-0.2466f,-0.9642f,0.1213f,0f,0f,0f,1f],start_interpolation: 0,interpolation_duration: 1}
$data merge entity $(bone_bone35) {transformation: [-0.9131f,0.2526f,-0.3201f,-0.2656f,0.2982f,0.9491f,-0.1015f,0.75f,0.2782f,-0.1881f,-0.9419f,0.0625f,0f,0f,0f,1f],start_interpolation: 0,interpolation_duration: 1}
$data merge entity $(bone_bone39) {transformation: [-0.9228f,0.3561f,-0.1471f,-0.3903f,0.3721f,0.9227f,-0.1004f,0.4647f,0.1f,-0.1474f,-0.984f,-0.0364f,0f,0f,0f,1f],start_interpolation: 0,interpolation_duration: 1}
$data merge entity $(bone_bone38) {transformation: [-0.8723f,0.3991f,0.2825f,-0.2656f,0.35f,0.9131f,-0.2091f,0.75f,-0.3414f,-0.0835f,-0.9362f,-0.0625f,0f,0f,0f,1f],start_interpolation: 0,interpolation_duration: 1}
$data merge entity $(bone_bone45) {transformation: [-0.9729f,-0.1657f,-0.1614f,-0.4463f,-0.2157f,0.902f,0.3739f,1.2123f,0.0836f,0.3986f,-0.9133f,-0.2225f,0f,0f,0f,1f],start_interpolation: 0,interpolation_duration: 1}
$data merge entity $(bone_bone44) {transformation: [-0.9439f,0.2131f,-0.2524f,-0.3798f,0.1323f,0.944f,0.3021f,1.5073f,0.3026f,0.2518f,-0.9193f,-0.1438f,0f,0f,0f,1f],start_interpolation: 0,interpolation_duration: 1}
$data merge entity $(bone_bone48) {transformation: [-0.6674f,0.4263f,-0.6106f,-0.6597f,0.3812f,0.8999f,0.2116f,0.9351f,0.6398f,-0.0915f,-0.7631f,0.0617f,0f,0f,0f,1f],start_interpolation: 0,interpolation_duration: 1}
$data merge entity $(bone_bone47) {transformation: [-0.7875f,0.4154f,-0.4553f,-0.5039f,0.4317f,0.899f,0.0735f,1.2722f,0.4398f,-0.1387f,-0.8873f,0.0097f,0f,0f,0f,1f],start_interpolation: 0,interpolation_duration: 1}
$data merge entity $(bone_3) {transformation: [-0.9444f,0.2206f,-0.2437f,-0.3436f,0.2026f,0.9745f,0.0969f,1.3655f,0.2588f,0.0421f,-0.965f,-0.0214f,0f,0f,0f,1f],start_interpolation: 0,interpolation_duration: 1}
$data merge entity $(bone_4) {transformation: [-0.9444f,0.1626f,-0.2856f,-0.4522f,0.2026f,0.9723f,-0.1163f,1.1589f,0.2588f,-0.1677f,-0.9513f,-0.0147f,0f,0f,0f,1f],start_interpolation: 0,interpolation_duration: 1}
$data merge entity $(bone_bone42) {transformation: [-0.9919f,-0.1073f,-0.0674f,0.4089f,-0.1219f,0.9537f,0.275f,1.2038f,0.0348f,0.281f,-0.9591f,-0.2164f,0f,0f,0f,1f],start_interpolation: 0,interpolation_duration: 1}
$data merge entity $(bone_bone41) {transformation: [-0.9643f,-0.1518f,0.217f,0.3615f,-0.092f,0.9604f,0.263f,1.5039f,-0.2483f,0.2336f,-0.9401f,-0.1434f,0f,0f,0f,1f],start_interpolation: 0,interpolation_duration: 1}
$data merge entity $(bone_bone51) {transformation: [-0.9297f,-0.3519f,0.1088f,0.6213f,-0.3637f,0.9238f,-0.1199f,0.9162f,-0.0583f,-0.1511f,-0.9868f,0.0383f,0f,0f,0f,1f],start_interpolation: 0,interpolation_duration: 1}
$data merge entity $(bone_bone50) {transformation: [-0.9273f,-0.3383f,0.1604f,0.4945f,-0.3501f,0.9353f,-0.0513f,1.2669f,-0.1326f,-0.1037f,-0.9857f,-0.0006f,0f,0f,0f,1f],start_interpolation: 0,interpolation_duration: 1}
$data merge entity $(bone_1) {transformation: [-0.9775f,-0.1724f,0.1213f,0.3355f,-0.1655f,0.9841f,0.0648f,1.3666f,-0.1305f,0.0432f,-0.9905f,-0.0136f,0f,0f,0f,1f],start_interpolation: 0,interpolation_duration: 1}
$data merge entity $(bone_2) {transformation: [-0.9775f,-0.1351f,0.1618f,0.4037f,-0.1655f,0.9673f,-0.1921f,1.1566f,-0.1305f,-0.2146f,-0.9679f,-0.0189f,0f,0f,0f,1f],start_interpolation: 0,interpolation_duration: 1}
$data merge entity $(bone_7) {transformation: [-0.9987f,0.0503f,-0.0041f,-0.1282f,0.0504f,0.9955f,-0.0803f,0.5615f,0f,-0.0804f,-0.9968f,0.0151f,0f,0f,0f,1f],start_interpolation: 0,interpolation_duration: 1}
$data merge entity $(bone_8) {transformation: [-0.9987f,0.0473f,0.0176f,-0.1352f,0.0504f,0.9361f,0.348f,0.4225f,0f,0.3484f,-0.9373f,0.0388f,0f,0f,0f,1f],start_interpolation: 0,interpolation_duration: 1}
$data merge entity $(bone_5) {transformation: [-0.9987f,-0.0504f,-0.0003f,0.1188f,-0.0504f,0.9987f,0.0068f,0.7481f,0f,0.0068f,-1f,0f,0f,0f,0f,1f],start_interpolation: 0,interpolation_duration: 1}
$data merge entity $(bone_6) {transformation: [-0.9987f,-0.0486f,-0.0134f,0.1358f,-0.0504f,0.9629f,0.2651f,0.411f,0f,0.2654f,-0.9641f,0.0039f,0f,0f,0f,1f],start_interpolation: 0,interpolation_duration: 1}