# This file was generated by Animated Java via MC-Build. It is not recommended to edit this file directly.
$data merge entity $(bone_bone54) {transformation: [-0.9926f,0.0887f,0.0827f,-0.1677f,0.0906f,0.9957f,0.0193f,-0.8766f,-0.0806f,0.0267f,-0.9964f,-0.2766f,0f,0f,0f,1f],start_interpolation: 0,interpolation_duration: 1}
$data merge entity $(bone_bone53) {transformation: [-0.9992f,0.0344f,-0.0215f,-0.1562f,0.025f,0.9394f,0.3419f,-0.5937f,0.032f,0.3411f,-0.9395f,-0.1406f,0f,0f,0f,1f],start_interpolation: 0,interpolation_duration: 1}
$data merge entity $(bone_bone57) {transformation: [-0.9794f,0.1063f,0.1715f,0.1698f,0.1397f,0.9705f,0.1963f,-0.8868f,-0.1456f,0.2163f,-0.9654f,-0.2528f,0f,0f,0f,1f],start_interpolation: 0,interpolation_duration: 1}
$data merge entity $(bone_bone56) {transformation: [-0.9744f,-0.021f,0.2238f,0.1563f,0.0396f,0.964f,0.2629f,-0.5937f,-0.2213f,0.265f,-0.9385f,-0.1406f,0f,0f,0f,1f],start_interpolation: 0,interpolation_duration: 1}
$data merge entity $(bone_bone5) {transformation: [-0.9456f,0.207f,0.2511f,-0.2201f,0.146f,0.9594f,-0.2411f,-1.6496f,-0.2909f,-0.1913f,-0.9374f,0.1716f,0f,0f,0f,1f],start_interpolation: 0,interpolation_duration: 1}
$data merge entity $(bone_bone2) {transformation: [-0.9456f,0.2089f,0.2496f,-0.1875f,0.146f,0.9576f,-0.2484f,-1.5f,-0.2909f,-0.1984f,-0.936f,0.1406f,0f,0f,0f,1f],start_interpolation: 0,interpolation_duration: 1}
$data merge entity $(bone_bone9) {transformation: [-0.988f,-0.0141f,0.1539f,-0.0807f,0.0068f,0.9909f,0.1342f,-1.638f,-0.1543f,0.1336f,-0.9789f,0.2443f,0f,0f,0f,1f],start_interpolation: 0,interpolation_duration: 1}
$data merge entity $(bone_bone8) {transformation: [-0.988f,0.0583f,0.1431f,-0.0625f,0.0068f,0.9415f,-0.3369f,-1.3437f,-0.1543f,-0.3319f,-0.9306f,0.1406f,0f,0f,0f,1f],start_interpolation: 0,interpolation_duration: 1}
$data merge entity $(bone_bone12) {transformation: [-0.9902f,-0.0375f,-0.1342f,0.0793f,-0.0129f,0.9836f,-0.1798f,-1.6419f,0.1387f,-0.1764f,-0.9745f,0.2172f,0f,0f,0f,1f],start_interpolation: 0,interpolation_duration: 1}
$data merge entity $(bone_bone11) {transformation: [-0.9902f,-0.0538f,-0.1285f,0.0625f,-0.0129f,0.9539f,-0.2998f,-1.3437f,0.1387f,-0.2952f,-0.9453f,0.125f,0f,0f,0f,1f],start_interpolation: 0,interpolation_duration: 1}
$data merge entity $(bone_bone15) {transformation: [-0.9524f,-0.1437f,-0.2689f,0.2522f,-0.1407f,0.9896f,-0.0303f,-1.6406f,0.2704f,0.0089f,-0.9627f,0.1983f,0f,0f,0f,1f],start_interpolation: 0,interpolation_duration: 1}
$data merge entity $(bone_bone14) {transformation: [-0.9524f,-0.2069f,-0.2239f,0.1875f,-0.1407f,0.9499f,-0.2792f,-1.3437f,0.2704f,-0.2345f,-0.9338f,0.125f,0f,0f,0f,1f],start_interpolation: 0,interpolation_duration: 1}
$data merge entity $(bone_bone18) {transformation: [-0.8956f,0.3222f,-0.3069f,-0.2492f,0.1535f,0.8711f,0.4665f,-1.6348f,0.4176f,0.3706f,-0.8296f,-0.2362f,0f,0f,0f,1f],start_interpolation: 0,interpolation_duration: 1}
$data merge entity $(bone_bone17) {transformation: [-0.8256f,0.1975f,-0.5285f,-0.1875f,-0.0101f,0.9314f,0.3639f,-1.3437f,0.5641f,0.3058f,-0.767f,-0.1406f,0f,0f,0f,1f],start_interpolation: 0,interpolation_duration: 1}
$data merge entity $(bone_bone21) {transformation: [-0.9999f,0.0068f,-0.0113f,-0.0986f,0.0061f,0.9981f,0.0607f,-1.574f,0.0117f,0.0606f,-0.9981f,-0.3488f,0f,0f,0f,1f],start_interpolation: 0,interpolation_duration: 1}
$data merge entity $(bone_bone20) {transformation: [-0.9522f,0.1156f,-0.2828f,-0.0625f,-0.1087f,0.7369f,0.6672f,-1.3437f,0.2856f,0.6661f,-0.6891f,-0.1406f,0f,0f,0f,1f],start_interpolation: 0,interpolation_duration: 1}
$data merge entity $(bone_bone24) {transformation: [-0.9362f,0.0001f,0.3513f,0.0685f,0.2473f,0.7106f,0.6587f,-1.6306f,-0.2496f,0.7036f,-0.6653f,-0.2645f,0f,0f,0f,1f],start_interpolation: 0,interpolation_duration: 1}
$data merge entity $(bone_bone23) {transformation: [-0.9791f,-0.0193f,0.2024f,0.0625f,0.0629f,0.9179f,0.3919f,-1.3437f,-0.1934f,0.3964f,-0.8975f,-0.1406f,0f,0f,0f,1f],start_interpolation: 0,interpolation_duration: 1}
$data merge entity $(bone_bone27) {transformation: [-0.892f,-0.287f,0.3492f,0.2175f,0.1013f,0.626f,0.7732f,-1.6357f,-0.4405f,0.7251f,-0.5293f,-0.2481f,0f,0f,0f,1f],start_interpolation: 0,interpolation_duration: 1}
$data merge entity $(bone_bone26) {transformation: [-0.8021f,-0.0959f,0.5895f,0.1875f,0.132f,0.9341f,0.3316f,-1.3437f,-0.5824f,0.3438f,-0.7366f,-0.1406f,0f,0f,0f,1f],start_interpolation: 0,interpolation_duration: 1}
$data merge entity $(bone_bone30) {transformation: [-0.7689f,-0.6394f,0f,0.3723f,-0.6394f,0.7689f,0f,-1.6375f,0f,0f,-1f,0.0625f,0f,0f,0f,1f],start_interpolation: 0,interpolation_duration: 1}
$data merge entity $(bone_bone29) {transformation: [-0.94f,-0.3413f,0f,0.2656f,-0.3413f,0.94f,0f,-1.3437f,0f,0f,-1f,0.0625f,0f,0f,0f,1f],start_interpolation: 0,interpolation_duration: 1}
$data merge entity $(bone_bone33) {transformation: [-0.9004f,-0.3721f,-0.2256f,0.3818f,-0.3914f,0.9191f,0.0459f,-1.6334f,0.1903f,0.1296f,-0.9731f,-0.0786f,0f,0f,0f,1f],start_interpolation: 0,interpolation_duration: 1}
$data merge entity $(bone_bone32) {transformation: [-0.909f,-0.3718f,-0.1881f,0.2656f,-0.3748f,0.9269f,-0.0208f,-1.3437f,0.1821f,0.0516f,-0.9819f,-0.0625f,0f,0f,0f,1f],start_interpolation: 0,interpolation_duration: 1}
$data merge entity $(bone_bone36) {transformation: [-0.9551f,0.2477f,-0.1624f,-0.34f,0.2806f,0.9324f,-0.228f,-1.6419f,0.095f,-0.2634f,-0.96f,0.1193f,0f,0f,0f,1f],start_interpolation: 0,interpolation_duration: 1}
$data merge entity $(bone_bone35) {transformation: [-0.9297f,0.2379f,-0.2813f,-0.2656f,0.2779f,0.9541f,-0.1114f,-1.3437f,0.2419f,-0.1817f,-0.9531f,0.0625f,0f,0f,0f,1f],start_interpolation: 0,interpolation_duration: 1}
$data merge entity $(bone_bone39) {transformation: [-0.94f,0.3293f,-0.0897f,-0.3861f,0.3375f,0.9359f,-0.1006f,-1.6308f,0.0508f,-0.1249f,-0.9909f,-0.0346f,0f,0f,0f,1f],start_interpolation: 0,interpolation_duration: 1}
$data merge entity $(bone_bone38) {transformation: [-0.8822f,0.3854f,0.2706f,-0.2656f,0.3384f,0.9184f,-0.205f,-1.3437f,-0.3275f,-0.0892f,-0.9406f,-0.0625f,0f,0f,0f,1f],start_interpolation: 0,interpolation_duration: 1}
$data merge entity $(bone_bone45) {transformation: [-0.9703f,-0.1697f,-0.1725f,-0.4467f,-0.2225f,0.906f,0.3601f,-0.8823f,0.0952f,0.3878f,-0.9168f,-0.219f,0f,0f,0f,1f],start_interpolation: 0,interpolation_duration: 1}
$data merge entity $(bone_bone44) {transformation: [-0.9493f,0.2144f,-0.23f,-0.3797f,0.1439f,0.9466f,0.2885f,-0.5865f,0.2796f,0.2408f,-0.9294f,-0.1438f,0f,0f,0f,1f],start_interpolation: 0,interpolation_duration: 1}
$data merge entity $(bone_bone48) {transformation: [-0.6653f,0.3877f,-0.638f,-0.6549f,0.3626f,0.9148f,0.1777f,-1.1615f,0.6526f,-0.1131f,-0.7492f,0.0573f,0f,0f,0f,1f],start_interpolation: 0,interpolation_duration: 1}
$data merge entity $(bone_bone47) {transformation: [-0.8082f,0.4018f,-0.4305f,-0.5042f,0.4164f,0.9069f,0.0646f,-0.8214f,0.4164f,-0.127f,-0.9003f,0.0097f,0f,0f,0f,1f],start_interpolation: 0,interpolation_duration: 1}
$data merge entity $(bone_3) {transformation: [-0.9442f,0.2218f,-0.2436f,-0.3437f,0.2037f,0.9742f,0.0972f,-0.7283f,0.2588f,0.0421f,-0.965f,-0.0214f,0f,0f,0f,1f],start_interpolation: 0,interpolation_duration: 1}
$data merge entity $(bone_4) {transformation: [-0.9442f,0.1638f,-0.2858f,-0.4526f,0.2037f,0.9721f,-0.116f,-0.9347f,0.2588f,-0.1677f,-0.9513f,-0.0147f,0f,0f,0f,1f],start_interpolation: 0,interpolation_duration: 1}
$data merge entity $(bone_bone42) {transformation: [-0.9911f,-0.1081f,-0.0782f,0.4147f,-0.1275f,0.9397f,0.3172f,-0.8896f,0.0392f,0.3244f,-0.9451f,-0.2139f,0f,0f,0f,1f],start_interpolation: 0,interpolation_duration: 1}
$data merge entity $(bone_bone41) {transformation: [-0.9548f,-0.1701f,0.2436f,0.3615f,-0.1038f,0.9592f,0.2629f,-0.5898f,-0.2784f,0.2257f,-0.9336f,-0.1434f,0f,0f,0f,1f],start_interpolation: 0,interpolation_duration: 1}
$data merge entity $(bone_bone51) {transformation: [-0.9203f,-0.3596f,0.1539f,0.6142f,-0.3764f,0.9212f,-0.0988f,-1.1802f,-0.1062f,-0.1488f,-0.9831f,0.0371f,0f,0f,0f,1f],start_interpolation: 0,interpolation_duration: 1}
$data merge entity $(bone_bone50) {transformation: [-0.927f,-0.3184f,0.1981f,0.4947f,-0.3318f,0.9426f,-0.0375f,-0.8267f,-0.1748f,-0.1005f,-0.9795f,-0.0006f,0f,0f,0f,1f],start_interpolation: 0,interpolation_duration: 1}
$data merge entity $(bone_1) {transformation: [-0.9773f,-0.1736f,0.1212f,0.3356f,-0.1667f,0.9839f,0.0649f,-0.7272f,-0.1305f,0.0432f,-0.9905f,-0.0136f,0f,0f,0f,1f],start_interpolation: 0,interpolation_duration: 1}
$data merge entity $(bone_2) {transformation: [-0.9773f,-0.1363f,0.162f,0.4041f,-0.1667f,0.9672f,-0.1919f,-0.9372f,-0.1305f,-0.2146f,-0.9679f,-0.0189f,0f,0f,0f,1f],start_interpolation: 0,interpolation_duration: 1}
$data merge entity $(bone_7) {transformation: [-0.9988f,0.0491f,-0.004f,-0.128f,0.0492f,0.9955f,-0.0814f,-1.5322f,0f,-0.0815f,-0.9967f,0.0153f,0f,0f,0f,1f],start_interpolation: 0,interpolation_duration: 1}
$data merge entity $(bone_8) {transformation: [-0.9988f,0.0462f,0.0171f,-0.1349f,0.0492f,0.9366f,0.3469f,-1.6712f,0f,0.3473f,-0.9378f,0.0392f,0f,0f,0f,1f],start_interpolation: 0,interpolation_duration: 1}
$data merge entity $(bone_5) {transformation: [-0.9988f,-0.0492f,-0.0003f,0.1188f,-0.0492f,0.9988f,0.0056f,-1.3456f,0f,0.0056f,-1f,0f,0f,0f,0f,1f],start_interpolation: 0,interpolation_duration: 1}
$data merge entity $(bone_6) {transformation: [-0.9988f,-0.0475f,-0.013f,0.1354f,-0.0492f,0.9633f,0.2639f,-1.6827f,0f,0.2643f,-0.9645f,0.0043f,0f,0f,0f,1f],start_interpolation: 0,interpolation_duration: 1}