# This file was generated by Animated Java via MC-Build. It is not recommended to edit this file directly.
$data merge entity $(bone_bone54) {transformation: [-0.9923f,0.1077f,0.0605f,-0.1707f,0.109f,0.9939f,0.0172f,1.216f,-0.0583f,0.0236f,-0.998f,-0.2739f,0f,0f,0f,1f],start_interpolation: 0,interpolation_duration: 1}
$data merge entity $(bone_bone53) {transformation: [-0.998f,0.0416f,-0.0467f,-0.1562f,0.0236f,0.9423f,0.334f,1.5f,0.0579f,0.3323f,-0.9414f,-0.1406f,0f,0f,0f,1f],start_interpolation: 0,interpolation_duration: 1}
$data merge entity $(bone_bone57) {transformation: [-0.9756f,0.0823f,0.2035f,0.1704f,0.1284f,0.9658f,0.2253f,1.2048f,-0.178f,0.2459f,-0.9528f,-0.2469f,0f,0f,0f,1f],start_interpolation: 0,interpolation_duration: 1}
$data merge entity $(bone_bone56) {transformation: [-0.9701f,-0.0212f,0.2418f,0.1563f,0.0396f,0.969f,0.2439f,1.5f,-0.2395f,0.2462f,-0.9392f,-0.1406f,0f,0f,0f,1f],start_interpolation: 0,interpolation_duration: 1}
$data merge entity $(bone_bone5) {transformation: [-0.9496f,0.2075f,0.2349f,-0.2212f,0.1575f,0.9639f,-0.2146f,0.4445f,-0.2709f,-0.1668f,-0.948f,0.1721f,0f,0f,0f,1f],start_interpolation: 0,interpolation_duration: 1}
$data merge entity $(bone_bone2) {transformation: [-0.9496f,0.2159f,0.2272f,-0.1875f,0.1575f,0.9555f,-0.2495f,0.5938f,-0.2709f,-0.2011f,-0.9414f,0.1406f,0f,0f,0f,1f],start_interpolation: 0,interpolation_duration: 1}
$data merge entity $(bone_bone9) {transformation: [-0.9908f,-0.0161f,0.1346f,-0.0786f,0.0071f,0.9853f,0.1706f,0.4551f,-0.1354f,0.17f,-0.9761f,0.2428f,0f,0f,0f,1f],start_interpolation: 0,interpolation_duration: 1}
$data merge entity $(bone_bone8) {transformation: [-0.9908f,0.0514f,0.1254f,-0.0625f,0.0071f,0.9437f,-0.3308f,0.75f,-0.1354f,-0.3268f,-0.9353f,0.1406f,0f,0f,0f,1f],start_interpolation: 0,interpolation_duration: 1}
$data merge entity $(bone_bone12) {transformation: [-0.993f,-0.0417f,-0.1101f,0.0812f,-0.0257f,0.9894f,-0.1431f,0.4528f,0.1149f,-0.1393f,-0.9836f,0.2199f,0f,0f,0f,1f],start_interpolation: 0,interpolation_duration: 1}
$data merge entity $(bone_bone11) {transformation: [-0.993f,-0.0597f,-0.1015f,0.0625f,-0.0257f,0.9509f,-0.3084f,0.75f,0.1149f,-0.3037f,-0.9458f,0.125f,0f,0f,0f,1f],start_interpolation: 0,interpolation_duration: 1}
$data merge entity $(bone_bone15) {transformation: [-0.9542f,-0.1489f,-0.2593f,0.2526f,-0.1457f,0.9888f,-0.0318f,0.453f,0.2612f,0.0074f,-0.9653f,0.1971f,0f,0f,0f,1f],start_interpolation: 0,interpolation_duration: 1}
$data merge entity $(bone_bone14) {transformation: [-0.9542f,-0.2082f,-0.2147f,0.1875f,-0.1457f,0.9505f,-0.2744f,0.75f,0.2612f,-0.2306f,-0.9373f,0.125f,0f,0f,0f,1f],start_interpolation: 0,interpolation_duration: 1}
$data merge entity $(bone_bone18) {transformation: [-0.9015f,0.3261f,-0.2847f,-0.2472f,0.1713f,0.8728f,0.4571f,0.4567f,0.3975f,0.3633f,-0.8426f,-0.2304f,0f,0f,0f,1f],start_interpolation: 0,interpolation_duration: 1}
$data merge entity $(bone_bone17) {transformation: [-0.827f,0.191f,-0.5288f,-0.1875f,-0.0039f,0.9386f,0.3451f,0.75f,0.5623f,0.2874f,-0.7754f,-0.1406f,0f,0f,0f,1f],start_interpolation: 0,interpolation_duration: 1}
$data merge entity $(bone_bone21) {transformation: [-0.9993f,-0.0037f,-0.0362f,-0.095f,-0.0057f,0.9985f,0.0543f,0.5185f,0.036f,0.0545f,-0.9979f,-0.348f,0f,0f,0f,1f],start_interpolation: 0,interpolation_duration: 1}
$data merge entity $(bone_bone20) {transformation: [-0.9469f,0.1039f,-0.3043f,-0.0625f,-0.1304f,0.7409f,0.6588f,0.75f,0.294f,0.6635f,-0.688f,-0.1406f,0f,0f,0f,1f],start_interpolation: 0,interpolation_duration: 1}
$data merge entity $(bone_bone24) {transformation: [-0.9317f,-0.0107f,0.3631f,0.0694f,0.249f,0.7088f,0.6599f,0.4626f,-0.2644f,0.7053f,-0.6578f,-0.2631f,0f,0f,0f,1f],start_interpolation: 0,interpolation_duration: 1}
$data merge entity $(bone_bone23) {transformation: [-0.9764f,-0.0221f,0.215f,0.0625f,0.0645f,0.9197f,0.3873f,0.75f,-0.2063f,0.3921f,-0.8965f,-0.1406f,0f,0f,0f,1f],start_interpolation: 0,interpolation_duration: 1}
$data merge entity $(bone_bone27) {transformation: [-0.9034f,-0.267f,0.3357f,0.2139f,0.082f,0.6607f,0.7462f,0.4552f,-0.421f,0.7016f,-0.5749f,-0.241f,0f,0f,0f,1f],start_interpolation: 0,interpolation_duration: 1}
$data merge entity $(bone_bone26) {transformation: [-0.8217f,-0.0845f,0.5636f,0.1875f,0.1164f,0.9432f,0.3111f,0.75f,-0.5579f,0.3213f,-0.7652f,-0.1406f,0f,0f,0f,1f],start_interpolation: 0,interpolation_duration: 1}
$data merge entity $(bone_bone30) {transformation: [-0.7515f,-0.6597f,0f,0.3728f,-0.6597f,0.7515f,0f,0.4565f,0f,0f,-1f,0.0625f,0f,0f,0f,1f],start_interpolation: 0,interpolation_duration: 1}
$data merge entity $(bone_bone29) {transformation: [-0.9393f,-0.343f,0f,0.2656f,-0.343f,0.9393f,0f,0.75f,0f,0f,-1f,0.0625f,0f,0f,0f,1f],start_interpolation: 0,interpolation_duration: 1}
$data merge entity $(bone_bone33) {transformation: [-0.9234f,-0.3288f,-0.1981f,0.3822f,-0.3416f,0.9393f,0.0333f,0.4604f,0.1751f,0.0984f,-0.9796f,-0.0758f,0f,0f,0f,1f],start_interpolation: 0,interpolation_duration: 1}
$data merge entity $(bone_bone32) {transformation: [-0.913f,-0.373f,-0.1655f,0.2656f,-0.3748f,0.9269f,-0.0212f,0.75f,0.1614f,0.0426f,-0.986f,-0.0625f,0f,0f,0f,1f],start_interpolation: 0,interpolation_duration: 1}
$data merge entity $(bone_bone36) {transformation: [-0.9505f,0.2612f,-0.1685f,-0.3353f,0.2965f,0.9246f,-0.2394f,0.4503f,0.0933f,-0.2775f,-0.9562f,0.1172f,0f,0f,0f,1f],start_interpolation: 0,interpolation_duration: 1}
$data merge entity $(bone_bone35) {transformation: [-0.9442f,0.2229f,-0.2424f,-0.2656f,0.2571f,0.959f,-0.1194f,0.75f,0.2058f,-0.1751f,-0.9628f,0.0625f,0f,0f,0f,1f],start_interpolation: 0,interpolation_duration: 1}
$data merge entity $(bone_bone39) {transformation: [-0.9538f,0.2989f,-0.032f,-0.3817f,0.3006f,0.9489f,-0.096f,0.4613f,0.0017f,-0.1011f,-0.9949f,-0.0331f,0f,0f,0f,1f],start_interpolation: 0,interpolation_duration: 1}
$data merge entity $(bone_bone38) {transformation: [-0.8917f,0.3714f,0.2586f,-0.2656f,0.3266f,0.9237f,-0.2003f,0.75f,-0.3132f,-0.0942f,-0.945f,-0.0625f,0f,0f,0f,1f],start_interpolation: 0,interpolation_duration: 1}
$data merge entity $(bone_bone45) {transformation: [-0.968f,-0.1716f,-0.1831f,-0.4473f,-0.2268f,0.9104f,0.3459f,1.2108f,0.1073f,0.3764f,-0.9202f,-0.2156f,0f,0f,0f,1f],start_interpolation: 0,interpolation_duration: 1}
$data merge entity $(bone_bone44) {transformation: [-0.9541f,0.2163f,-0.2072f,-0.3797f,0.1555f,0.9489f,0.2745f,1.5073f,0.256f,0.2297f,-0.939f,-0.1438f,0f,0f,0f,1f],start_interpolation: 0,interpolation_duration: 1}
$data merge entity $(bone_bone48) {transformation: [-0.6639f,0.3473f,-0.6623f,-0.6499f,0.3435f,0.9283f,0.1424f,0.9296f,0.6642f,-0.133f,-0.7356f,0.053f,0f,0f,0f,1f],start_interpolation: 0,interpolation_duration: 1}
$data merge entity $(bone_bone47) {transformation: [-0.8278f,0.3877f,-0.4055f,-0.5045f,0.4005f,0.9145f,0.0568f,1.2725f,0.3929f,-0.1154f,-0.9123f,0.0097f,0f,0f,0f,1f],start_interpolation: 0,interpolation_duration: 1}
$data merge entity $(bone_3) {transformation: [-0.944f,0.2228f,-0.2434f,-0.3439f,0.2048f,0.9739f,0.0974f,1.3655f,0.2588f,0.0421f,-0.965f,-0.0214f,0f,0f,0f,1f],start_interpolation: 0,interpolation_duration: 1}
$data merge entity $(bone_4) {transformation: [-0.944f,0.1649f,-0.2859f,-0.453f,0.2048f,0.9719f,-0.1157f,1.1591f,0.2588f,-0.1677f,-0.9513f,-0.0147f,0f,0f,0f,1f],start_interpolation: 0,interpolation_duration: 1}
$data merge entity $(bone_bone42) {transformation: [-0.9902f,-0.108f,-0.089f,0.4202f,-0.133f,0.9241f,0.3584f,1.2046f,0.0436f,0.3667f,-0.9293f,-0.2116f,0f,0f,0f,1f],start_interpolation: 0,interpolation_duration: 1}
$data merge entity $(bone_bone41) {transformation: [-0.9448f,-0.1878f,0.2684f,0.3615f,-0.1154f,0.9576f,0.2638f,1.5039f,-0.3066f,0.2183f,-0.9265f,-0.1434f,0f,0f,0f,1f],start_interpolation: 0,interpolation_duration: 1}
$data merge entity $(bone_bone51) {transformation: [-0.9089f,-0.3668f,0.1982f,0.6071f,-0.3877f,0.9184f,-0.0783f,0.9112f,-0.1533f,-0.1481f,-0.977f,0.0358f,0f,0f,0f,1f],start_interpolation: 0,interpolation_duration: 1}
$data merge entity $(bone_bone50) {transformation: [-0.9248f,-0.2989f,0.2353f,0.495f,-0.3132f,0.9493f,-0.0252f,1.2672f,-0.2158f,-0.097f,-0.9716f,-0.0006f,0f,0f,0f,1f],start_interpolation: 0,interpolation_duration: 1}
$data merge entity $(bone_1) {transformation: [-0.9772f,-0.1746f,0.1211f,0.3358f,-0.1677f,0.9837f,0.0651f,1.3666f,-0.1305f,0.0432f,-0.9905f,-0.0136f,0f,0f,0f,1f],start_interpolation: 0,interpolation_duration: 1}
$data merge entity $(bone_2) {transformation: [-0.9772f,-0.1373f,0.1622f,0.4045f,-0.1677f,0.967f,-0.1918f,1.1566f,-0.1305f,-0.2146f,-0.9679f,-0.0189f,0f,0f,0f,1f],start_interpolation: 0,interpolation_duration: 1}
$data merge entity $(bone_7) {transformation: [-0.9988f,0.048f,-0.004f,-0.1278f,0.0482f,0.9954f,-0.0825f,0.5616f,0f,-0.0826f,-0.9966f,0.0155f,0f,0f,0f,1f],start_interpolation: 0,interpolation_duration: 1}
$data merge entity $(bone_8) {transformation: [-0.9988f,0.0452f,0.0167f,-0.1345f,0.0482f,0.937f,0.3459f,0.4226f,0f,0.3463f,-0.9381f,0.0396f,0f,0f,0f,1f],start_interpolation: 0,interpolation_duration: 1}
$data merge entity $(bone_5) {transformation: [-0.9988f,-0.0482f,-0.0002f,0.1188f,-0.0482f,0.9988f,0.0045f,0.7482f,0f,0.0045f,-1f,0f,0f,0f,0f,1f],start_interpolation: 0,interpolation_duration: 1}
$data merge entity $(bone_6) {transformation: [-0.9988f,-0.0465f,-0.0127f,0.135f,-0.0482f,0.9636f,0.2629f,0.4111f,0f,0.2632f,-0.9647f,0.0047f,0f,0f,0f,1f],start_interpolation: 0,interpolation_duration: 1}