# This file was generated by Animated Java via MC-Build. It is not recommended to edit this file directly.
$data merge entity $(bone_bone54) {transformation: [-0.9912f,0.1263f,0.0395f,-0.1735f,0.127f,0.9918f,0.0152f,-0.8788f,-0.0373f,0.0201f,-0.9991f,-0.2713f,0f,0f,0f,1f],start_interpolation: 0,interpolation_duration: 1}
$data merge entity $(bone_bone53) {transformation: [-0.9963f,0.048f,-0.0717f,-0.1562f,0.022f,0.9449f,0.3266f,-0.5937f,0.0835f,0.3238f,-0.9424f,-0.1406f,0f,0f,0f,1f],start_interpolation: 0,interpolation_duration: 1}
$data merge entity $(bone_bone57) {transformation: [-0.9709f,0.0564f,0.2326f,0.1708f,0.1167f,0.9601f,0.2541f,-0.891f,-0.209f,0.2739f,-0.9388f,-0.2411f,0f,0f,0f,1f],start_interpolation: 0,interpolation_duration: 1}
$data merge entity $(bone_bone56) {transformation: [-0.9655f,-0.0205f,0.2595f,0.1563f,0.0398f,0.9736f,0.225f,-0.5937f,-0.2573f,0.2275f,-0.9392f,-0.1406f,0f,0f,0f,1f],start_interpolation: 0,interpolation_duration: 1}
$data merge entity $(bone_bone5) {transformation: [-0.953f,0.2089f,0.2194f,-0.2223f,0.1686f,0.9674f,-0.1887f,-1.649f,-0.2517f,-0.1428f,-0.9572f,0.1724f,0f,0f,0f,1f],start_interpolation: 0,interpolation_duration: 1}
$data merge entity $(bone_bone2) {transformation: [-0.953f,0.2225f,0.2056f,-0.1875f,0.1686f,0.9534f,-0.2501f,-1.5f,-0.2517f,-0.2037f,-0.9461f,0.1406f,0f,0f,0f,1f],start_interpolation: 0,interpolation_duration: 1}
$data merge entity $(bone_bone9) {transformation: [-0.9931f,-0.0168f,0.1162f,-0.0766f,0.0074f,0.9787f,0.2053f,-1.6393f,-0.1171f,0.2048f,-0.9718f,0.2412f,0f,0f,0f,1f],start_interpolation: 0,interpolation_duration: 1}
$data merge entity $(bone_bone8) {transformation: [-0.9931f,0.045f,0.1084f,-0.0625f,0.0074f,0.9457f,-0.3249f,-1.3437f,-0.1171f,-0.3218f,-0.9395f,0.1406f,0f,0f,0f,1f],start_interpolation: 0,interpolation_duration: 1}
$data merge entity $(bone_bone12) {transformation: [-0.995f,-0.0474f,-0.0876f,0.0828f,-0.0379f,0.9935f,-0.1071f,-1.64f,0.0921f,-0.1033f,-0.9904f,0.2224f,0f,0f,0f,1f],start_interpolation: 0,interpolation_duration: 1}
$data merge entity $(bone_bone11) {transformation: [-0.995f,-0.065f,-0.0755f,0.0625f,-0.0379f,0.948f,-0.3161f,-1.3437f,0.0921f,-0.3117f,-0.9457f,0.125f,0f,0f,0f,1f],start_interpolation: 0,interpolation_duration: 1}
$data merge entity $(bone_bone15) {transformation: [-0.9559f,-0.1539f,-0.2502f,0.253f,-0.1504f,0.9881f,-0.0331f,-1.641f,0.2523f,0.0059f,-0.9676f,0.1959f,0f,0f,0f,1f],start_interpolation: 0,interpolation_duration: 1}
$data merge entity $(bone_bone14) {transformation: [-0.9559f,-0.2095f,-0.2058f,0.1875f,-0.1504f,0.9511f,-0.2697f,-1.3437f,0.2523f,-0.2268f,-0.9407f,0.125f,0f,0f,0f,1f],start_interpolation: 0,interpolation_duration: 1}
$data merge entity $(bone_bone18) {transformation: [-0.907f,0.3288f,-0.2631f,-0.2454f,0.1875f,0.8747f,0.447f,-1.6391f,0.3771f,0.3561f,-0.855f,-0.2247f,0f,0f,0f,1f],start_interpolation: 0,interpolation_duration: 1}
$data merge entity $(bone_bone17) {transformation: [-0.8282f,0.1851f,-0.5289f,-0.1875f,0.0026f,0.9451f,0.3267f,-1.3437f,0.5604f,0.2691f,-0.7833f,-0.1406f,0f,0f,0f,1f],start_interpolation: 0,interpolation_duration: 1}
$data merge entity $(bone_bone21) {transformation: [-0.9981f,-0.0133f,-0.0597f,-0.0914f,-0.0162f,0.9987f,0.0489f,-1.5766f,0.0589f,0.0498f,-0.997f,-0.3471f,0f,0f,0f,1f],start_interpolation: 0,interpolation_duration: 1}
$data merge entity $(bone_bone20) {transformation: [-0.9414f,0.0924f,-0.3244f,-0.0625f,-0.1507f,0.745f,0.6498f,-1.3437f,0.3017f,0.6606f,-0.6874f,-0.1406f,0f,0f,0f,1f],start_interpolation: 0,interpolation_duration: 1}
$data merge entity $(bone_bone24) {transformation: [-0.9274f,-0.0207f,0.3736f,0.0703f,0.2502f,0.7079f,0.6605f,-1.6316f,-0.2782f,0.706f,-0.6513f,-0.262f,0f,0f,0f,1f],start_interpolation: 0,interpolation_duration: 1}
$data merge entity $(bone_bone23) {transformation: [-0.9737f,-0.0248f,0.2266f,0.0625f,0.0658f,0.9211f,0.3837f,-1.3437f,-0.2182f,0.3885f,-0.8952f,-0.1406f,0f,0f,0f,1f],start_interpolation: 0,interpolation_duration: 1}
$data merge entity $(bone_bone27) {transformation: [-0.9136f,-0.2494f,0.3211f,0.211f,0.0623f,0.6945f,0.7168f,-1.6411f,-0.4018f,0.6749f,-0.619f,-0.2338f,0f,0f,0f,1f],start_interpolation: 0,interpolation_duration: 1}
$data merge entity $(bone_bone26) {transformation: [-0.8397f,-0.0753f,0.5378f,0.1875f,0.1007f,0.9516f,0.2904f,-1.3437f,-0.5336f,0.298f,-0.7915f,-0.1406f,0f,0f,0f,1f],start_interpolation: 0,interpolation_duration: 1}
$data merge entity $(bone_bone30) {transformation: [-0.7349f,-0.6782f,0f,0.3733f,-0.6782f,0.7349f,0f,-1.6371f,0f,0f,-1f,0.0625f,0f,0f,0f,1f],start_interpolation: 0,interpolation_duration: 1}
$data merge entity $(bone_bone29) {transformation: [-0.9388f,-0.3446f,0f,0.2656f,-0.3446f,0.9388f,0f,-1.3437f,0f,0f,-1f,0.0625f,0f,0f,0f,1f],start_interpolation: 0,interpolation_duration: 1}
$data merge entity $(bone_bone33) {transformation: [-0.9434f,-0.2841f,-0.1713f,0.3825f,-0.2919f,0.9562f,0.0216f,-1.6334f,0.1576f,0.0703f,-0.985f,-0.0731f,0f,0f,0f,1f],start_interpolation: 0,interpolation_duration: 1}
$data merge entity $(bone_bone32) {transformation: [-0.9164f,-0.3741f,-0.1426f,0.2656f,-0.375f,0.9268f,-0.0212f,-1.3437f,0.1401f,0.0341f,-0.9896f,-0.0625f,0f,0f,0f,1f],start_interpolation: 0,interpolation_duration: 1}
$data merge entity $(bone_bone36) {transformation: [-0.9456f,0.2742f,-0.1753f,-0.3306f,0.3119f,0.9172f,-0.2479f,-1.6449f,0.0928f,-0.2891f,-0.9528f,0.1151f,0f,0f,0f,1f],start_interpolation: 0,interpolation_duration: 1}
$data merge entity $(bone_bone35) {transformation: [-0.9566f,0.2079f,-0.2041f,-0.2656f,0.2362f,0.9636f,-0.1255f,-1.3437f,0.1705f,-0.1683f,-0.9709f,0.0625f,0f,0f,0f,1f],start_interpolation: 0,interpolation_duration: 1}
$data merge entity $(bone_bone39) {transformation: [-0.9638f,0.2656f,0.0246f,-0.3773f,0.2626f,0.961f,-0.0865f,-1.634f,-0.0466f,-0.0769f,-0.9959f,-0.0318f,0f,0f,0f,1f],start_interpolation: 0,interpolation_duration: 1}
$data merge entity $(bone_bone38) {transformation: [-0.9008f,0.3573f,0.2466f,-0.2656f,0.315f,0.9288f,-0.1952f,-1.3437f,-0.2988f,-0.0982f,-0.9493f,-0.0625f,0f,0f,0f,1f],start_interpolation: 0,interpolation_duration: 1}
$data merge entity $(bone_bone45) {transformation: [-0.9661f,-0.1714f,-0.1929f,-0.4481f,-0.2286f,0.9153f,0.3318f,-0.8836f,0.1197f,0.3646f,-0.9234f,-0.2122f,0f,0f,0f,1f],start_interpolation: 0,interpolation_duration: 1}
$data merge entity $(bone_bone44) {transformation: [-0.9582f,0.2188f,-0.1843f,-0.3797f,0.167f,0.9509f,0.2605f,-0.5864f,0.2323f,0.2188f,-0.9477f,-0.1438f,0f,0f,0f,1f],start_interpolation: 0,interpolation_duration: 1}
$data merge entity $(bone_bone48) {transformation: [-0.6632f,0.3061f,-0.6829f,-0.6448f,0.3243f,0.94f,0.1064f,-1.1668f,0.6745f,-0.1509f,-0.7227f,0.0487f,0f,0f,0f,1f],start_interpolation: 0,interpolation_duration: 1}
$data merge entity $(bone_bone47) {transformation: [-0.8459f,0.3736f,-0.3807f,-0.5047f,0.3845f,0.9217f,0.0502f,-0.8211f,0.3697f,-0.1039f,-0.9233f,0.0097f,0f,0f,0f,1f],start_interpolation: 0,interpolation_duration: 1}
$data merge entity $(bone_3) {transformation: [-0.9438f,0.2238f,-0.2433f,-0.344f,0.2057f,0.9737f,0.0977f,-0.7283f,0.2588f,0.0421f,-0.965f,-0.0214f,0f,0f,0f,1f],start_interpolation: 0,interpolation_duration: 1}
$data merge entity $(bone_4) {transformation: [-0.9438f,0.1658f,-0.286f,-0.4533f,0.2057f,0.9718f,-0.1154f,-0.9346f,0.2588f,-0.1677f,-0.9513f,-0.0147f,0f,0f,0f,1f],start_interpolation: 0,interpolation_duration: 1}
$data merge entity $(bone_bone42) {transformation: [-0.9892f,-0.1071f,-0.0998f,0.4255f,-0.1383f,0.9071f,0.3976f,-0.8885f,0.048f,0.4071f,-0.9121f,-0.2094f,0f,0f,0f,1f],start_interpolation: 0,interpolation_duration: 1}
$data merge entity $(bone_bone41) {transformation: [-0.9346f,-0.2047f,0.2909f,0.3615f,-0.1266f,0.9557f,0.2656f,-0.5899f,-0.3324f,0.2114f,-0.9191f,-0.1434f,0f,0f,0f,1f],start_interpolation: 0,interpolation_duration: 1}
$data merge entity $(bone_bone51) {transformation: [-0.8958f,-0.3735f,0.2408f,0.6003f,-0.3976f,0.9157f,-0.059f,-1.1847f,-0.1985f,-0.1486f,-0.9688f,0.0343f,0f,0f,0f,1f],start_interpolation: 0,interpolation_duration: 1}
$data merge entity $(bone_bone50) {transformation: [-0.9209f,-0.2802f,0.2711f,0.4952f,-0.2949f,0.9554f,-0.0143f,-0.8264f,-0.255f,-0.0931f,-0.9624f,-0.0006f,0f,0f,0f,1f],start_interpolation: 0,interpolation_duration: 1}
$data merge entity $(bone_1) {transformation: [-0.977f,-0.1756f,0.1211f,0.3359f,-0.1687f,0.9835f,0.0652f,-0.7272f,-0.1305f,0.0432f,-0.9905f,-0.0136f,0f,0f,0f,1f],start_interpolation: 0,interpolation_duration: 1}
$data merge entity $(bone_2) {transformation: [-0.977f,-0.1383f,0.1624f,0.4048f,-0.1687f,0.9669f,-0.1916f,-0.9371f,-0.1305f,-0.2146f,-0.9679f,-0.0189f,0f,0f,0f,1f],start_interpolation: 0,interpolation_duration: 1}
$data merge entity $(bone_7) {transformation: [-0.9989f,0.047f,-0.0039f,-0.1276f,0.0472f,0.9954f,-0.0835f,-1.5322f,0f,-0.0836f,-0.9965f,0.0157f,0f,0f,0f,1f],start_interpolation: 0,interpolation_duration: 1}
$data merge entity $(bone_8) {transformation: [-0.9989f,0.0443f,0.0163f,-0.1342f,0.0472f,0.9374f,0.345f,-1.6711f,0f,0.3453f,-0.9385f,0.0399f,0f,0f,0f,1f],start_interpolation: 0,interpolation_duration: 1}
$data merge entity $(bone_5) {transformation: [-0.9989f,-0.0472f,-0.0002f,0.1188f,-0.0472f,0.9989f,0.0035f,-1.3455f,0f,0.0035f,-1f,0f,0f,0f,0f,1f],start_interpolation: 0,interpolation_duration: 1}
$data merge entity $(bone_6) {transformation: [-0.9989f,-0.0455f,-0.0124f,0.1347f,-0.0472f,0.9639f,0.2619f,-1.6827f,0f,0.2622f,-0.965f,0.0051f,0f,0f,0f,1f],start_interpolation: 0,interpolation_duration: 1}