# This file was generated by Animated Java via MC-Build. It is not recommended to edit this file directly.
$data merge entity $(bone_bone54) {transformation: [-0.9894f,0.144f,0.0201f,-0.176f,0.1443f,0.9894f,0.0133f,-0.8798f,-0.018f,0.0161f,-0.9997f,-0.2688f,0f,0f,0f,1f],start_interpolation: 0,interpolation_duration: 1}
$data merge entity $(bone_bone53) {transformation: [-0.9939f,0.0536f,-0.096f,-0.1562f,0.0202f,0.9473f,0.3198f,-0.5937f,0.1081f,0.3159f,-0.9426f,-0.1406f,0f,0f,0f,1f],start_interpolation: 0,interpolation_duration: 1}
$data merge entity $(bone_bone57) {transformation: [-0.9656f,0.0294f,0.2583f,0.1708f,0.1046f,0.9536f,0.2824f,-0.8928f,-0.238f,0.2997f,-0.9239f,-0.2354f,0f,0f,0f,1f],start_interpolation: 0,interpolation_duration: 1}
$data merge entity $(bone_bone56) {transformation: [-0.9608f,-0.019f,0.2766f,0.1563f,0.0401f,0.9776f,0.2064f,-0.5937f,-0.2743f,0.2094f,-0.9386f,-0.1406f,0f,0f,0f,1f],start_interpolation: 0,interpolation_duration: 1}
$data merge entity $(bone_bone5) {transformation: [-0.9557f,0.2111f,0.2051f,-0.2232f,0.179f,0.9701f,-0.164f,-1.6487f,-0.2336f,-0.12f,-0.9649f,0.1728f,0f,0f,0f,1f],start_interpolation: 0,interpolation_duration: 1}
$data merge entity $(bone_bone2) {transformation: [-0.9557f,0.2286f,0.1854f,-0.1875f,0.179f,0.9515f,-0.2503f,-1.5f,-0.2336f,-0.206f,-0.9503f,0.1406f,0f,0f,0f,1f],start_interpolation: 0,interpolation_duration: 1}
$data merge entity $(bone_bone9) {transformation: [-0.995f,-0.0163f,0.099f,-0.0748f,0.0077f,0.9713f,0.2376f,-1.6399f,-0.1f,0.2372f,-0.9663f,0.2397f,0f,0f,0f,1f],start_interpolation: 0,interpolation_duration: 1}
$data merge entity $(bone_bone8) {transformation: [-0.995f,0.0392f,0.0923f,-0.0625f,0.0077f,0.9476f,-0.3194f,-1.3437f,-0.1f,-0.317f,-0.9431f,0.1406f,0f,0f,0f,1f],start_interpolation: 0,interpolation_duration: 1}
$data merge entity $(bone_bone12) {transformation: [-0.9963f,-0.0543f,-0.0669f,0.0842f,-0.0494f,0.9961f,-0.0728f,-1.6391f,0.0706f,-0.0692f,-0.9951f,0.2247f,0f,0f,0f,1f],start_interpolation: 0,interpolation_duration: 1}
$data merge entity $(bone_bone11) {transformation: [-0.9963f,-0.0695f,-0.051f,0.0625f,-0.0494f,0.9452f,-0.3227f,-1.3437f,0.0706f,-0.319f,-0.9451f,0.125f,0f,0f,0f,1f],start_interpolation: 0,interpolation_duration: 1}
$data merge entity $(bone_bone15) {transformation: [-0.9573f,-0.1586f,-0.2416f,0.2534f,-0.1549f,0.9873f,-0.0343f,-1.6411f,0.244f,0.0046f,-0.9698f,0.1948f,0f,0f,0f,1f],start_interpolation: 0,interpolation_duration: 1}
$data merge entity $(bone_bone14) {transformation: [-0.9573f,-0.2109f,-0.1976f,0.1875f,-0.1549f,0.9517f,-0.2652f,-1.3437f,0.244f,-0.2233f,-0.9437f,0.125f,0f,0f,0f,1f],start_interpolation: 0,interpolation_duration: 1}
$data merge entity $(bone_bone18) {transformation: [-0.9121f,0.3304f,-0.2427f,-0.2438f,0.2015f,0.8769f,0.4363f,-1.6409f,0.357f,0.349f,-0.8664f,-0.2192f,0f,0f,0f,1f],start_interpolation: 0,interpolation_duration: 1}
$data merge entity $(bone_bone17) {transformation: [-0.8294f,0.18f,-0.5289f,-0.1875f,0.0094f,0.951f,0.309f,-1.3437f,0.5586f,0.2513f,-0.7904f,-0.1406f,0f,0f,0f,1f],start_interpolation: 0,interpolation_duration: 1}
$data merge entity $(bone_bone21) {transformation: [-0.9965f,-0.0216f,-0.0812f,-0.0879f,-0.0253f,0.9987f,0.0447f,-1.5778f,0.0801f,0.0466f,-0.9957f,-0.3461f,0f,0f,0f,1f],start_interpolation: 0,interpolation_duration: 1}
$data merge entity $(bone_bone20) {transformation: [-0.936f,0.0812f,-0.3424f,-0.0625f,-0.1693f,0.749f,0.6405f,-1.3437f,0.3085f,0.6575f,-0.6874f,-0.1406f,0f,0f,0f,1f],start_interpolation: 0,interpolation_duration: 1}
$data merge entity $(bone_bone24) {transformation: [-0.9234f,-0.0297f,0.3826f,0.0711f,0.2508f,0.7079f,0.6602f,-1.6319f,-0.2905f,0.7057f,-0.6463f,-0.2612f,0f,0f,0f,1f],start_interpolation: 0,interpolation_duration: 1}
$data merge entity $(bone_bone23) {transformation: [-0.9711f,-0.0276f,0.2369f,0.0625f,0.0667f,0.9222f,0.3809f,-1.3437f,-0.229f,0.3857f,-0.8937f,-0.1406f,0f,0f,0f,1f],start_interpolation: 0,interpolation_duration: 1}
$data merge entity $(bone_bone27) {transformation: [-0.9226f,-0.2346f,0.3063f,0.2088f,0.0428f,0.7267f,0.6856f,-1.6435f,-0.3834f,0.6456f,-0.6604f,-0.2265f,0f,0f,0f,1f],start_interpolation: 0,interpolation_duration: 1}
$data merge entity $(bone_bone26) {transformation: [-0.8557f,-0.0681f,0.5129f,0.1875f,0.0855f,0.959f,0.27f,-1.3437f,-0.5103f,0.2749f,-0.8149f,-0.1406f,0f,0f,0f,1f],start_interpolation: 0,interpolation_duration: 1}
$data merge entity $(bone_bone30) {transformation: [-0.7195f,-0.6945f,0f,0.3737f,-0.6945f,0.7195f,0f,-1.637f,0f,0f,-1f,0.0625f,0f,0f,0f,1f],start_interpolation: 0,interpolation_duration: 1}
$data merge entity $(bone_bone29) {transformation: [-0.9383f,-0.3459f,0f,0.2656f,-0.3459f,0.9383f,0f,-1.3437f,0f,0f,-1f,0.0625f,0f,0f,0f,1f],start_interpolation: 0,interpolation_duration: 1}
$data merge entity $(bone_bone33) {transformation: [-0.96f,-0.2394f,-0.1451f,0.3828f,-0.2436f,0.9698f,0.0112f,-1.6333f,0.1381f,0.0461f,-0.9894f,-0.0706f,0f,0f,0f,1f],start_interpolation: 0,interpolation_duration: 1}
$data merge entity $(bone_bone32) {transformation: [-0.9192f,-0.3751f,-0.1196f,0.2656f,-0.3755f,0.9266f,-0.0205f,-1.3437f,0.1186f,0.0261f,-0.9926f,-0.0625f,0f,0f,0f,1f],start_interpolation: 0,interpolation_duration: 1}
$data merge entity $(bone_bone36) {transformation: [-0.9405f,0.2865f,-0.1828f,-0.326f,0.3267f,0.9104f,-0.2538f,-1.6462f,0.0937f,-0.2984f,-0.9498f,0.113f,0f,0f,0f,1f],start_interpolation: 0,interpolation_duration: 1}
$data merge entity $(bone_bone35) {transformation: [-0.9668f,0.1931f,-0.1671f,-0.2656f,0.2157f,0.9678f,-0.1298f,-1.3437f,0.1367f,-0.1616f,-0.9774f,0.0625f,0f,0f,0f,1f],start_interpolation: 0,interpolation_duration: 1}
$data merge entity $(bone_bone39) {transformation: [-0.9699f,0.2305f,0.0787f,-0.3729f,0.225f,0.9716f,-0.0727f,-1.6355f,-0.0932f,-0.0528f,-0.9942f,-0.0309f,0f,0f,0f,1f],start_interpolation: 0,interpolation_duration: 1}
$data merge entity $(bone_bone38) {transformation: [-0.9093f,0.3434f,0.2349f,-0.2656f,0.3036f,0.9337f,-0.1896f,-1.3437f,-0.2844f,-0.1011f,-0.9534f,-0.0625f,0f,0f,0f,1f],start_interpolation: 0,interpolation_duration: 1}
$data merge entity $(bone_bone45) {transformation: [-0.9648f,-0.1689f,-0.2017f,-0.4491f,-0.2276f,0.9203f,0.3182f,-0.8841f,0.1319f,0.3529f,-0.9263f,-0.2089f,0f,0f,0f,1f],start_interpolation: 0,interpolation_duration: 1}
$data merge entity $(bone_bone44) {transformation: [-0.9615f,0.2221f,-0.1616f,-0.3797f,0.1785f,0.9525f,0.2467f,-0.5864f,0.2087f,0.2083f,-0.9555f,-0.1438f,0f,0f,0f,1f],start_interpolation: 0,interpolation_duration: 1}
$data merge entity $(bone_bone48) {transformation: [-0.6633f,0.2651f,-0.6998f,-0.6398f,0.3052f,0.9497f,0.0705f,-1.1692f,0.6833f,-0.1668f,-0.7108f,0.0445f,0f,0f,0f,1f],start_interpolation: 0,interpolation_duration: 1}
$data merge entity $(bone_bone47) {transformation: [-0.8622f,0.3597f,-0.3566f,-0.5049f,0.3688f,0.9284f,0.0447f,-0.821f,0.3472f,-0.093f,-0.9332f,0.0097f,0f,0f,0f,1f],start_interpolation: 0,interpolation_duration: 1}
$data merge entity $(bone_3) {transformation: [-0.9436f,0.2247f,-0.2433f,-0.3441f,0.2066f,0.9735f,0.0979f,-0.7284f,0.2588f,0.0421f,-0.965f,-0.0214f,0f,0f,0f,1f],start_interpolation: 0,interpolation_duration: 1}
$data merge entity $(bone_4) {transformation: [-0.9436f,0.1667f,-0.2861f,-0.4536f,0.2066f,0.9716f,-0.1151f,-0.9345f,0.2588f,-0.1677f,-0.9513f,-0.0147f,0f,0f,0f,1f],start_interpolation: 0,interpolation_duration: 1}
$data merge entity $(bone_bone42) {transformation: [-0.9883f,-0.1055f,-0.1104f,0.4304f,-0.1435f,0.8895f,0.4339f,-0.8878f,0.0524f,0.4447f,-0.8942f,-0.2076f,0f,0f,0f,1f],start_interpolation: 0,interpolation_duration: 1}
$data merge entity $(bone_bone41) {transformation: [-0.9247f,-0.2204f,0.3104f,0.3615f,-0.1372f,0.9535f,0.2683f,-0.5899f,-0.3551f,0.2055f,-0.912f,-0.1434f,0f,0f,0f,1f],start_interpolation: 0,interpolation_duration: 1}
$data merge entity $(bone_bone51) {transformation: [-0.8816f,-0.3794f,0.2808f,0.594f,-0.4059f,0.913f,-0.041f,-1.1866f,-0.2408f,-0.1502f,-0.9589f,0.0328f,0f,0f,0f,1f],start_interpolation: 0,interpolation_duration: 1}
$data merge entity $(bone_bone50) {transformation: [-0.9154f,-0.2627f,0.3049f,0.4954f,-0.2773f,0.9608f,-0.0048f,-0.8263f,-0.2916f,-0.089f,-0.9524f,-0.0006f,0f,0f,0f,1f],start_interpolation: 0,interpolation_duration: 1}
$data merge entity $(bone_1) {transformation: [-0.9768f,-0.1765f,0.121f,0.336f,-0.1696f,0.9834f,0.0653f,-0.7273f,-0.1305f,0.0432f,-0.9905f,-0.0136f,0f,0f,0f,1f],start_interpolation: 0,interpolation_duration: 1}
$data merge entity $(bone_2) {transformation: [-0.9768f,-0.1391f,0.1626f,0.4051f,-0.1696f,0.9667f,-0.1915f,-0.9371f,-0.1305f,-0.2146f,-0.9679f,-0.0189f,0f,0f,0f,1f],start_interpolation: 0,interpolation_duration: 1}
$data merge entity $(bone_7) {transformation: [-0.9989f,0.0461f,-0.0039f,-0.1274f,0.0463f,0.9954f,-0.0844f,-1.5321f,0f,-0.0845f,-0.9964f,0.0158f,0f,0f,0f,1f],start_interpolation: 0,interpolation_duration: 1}
$data merge entity $(bone_8) {transformation: [-0.9989f,0.0434f,0.0159f,-0.1339f,0.0463f,0.9378f,0.3441f,-1.671f,0f,0.3445f,-0.9388f,0.0402f,0f,0f,0f,1f],start_interpolation: 0,interpolation_duration: 1}
$data merge entity $(bone_5) {transformation: [-0.9989f,-0.0463f,-0.0001f,0.1188f,-0.0463f,0.9989f,0.0026f,-1.3455f,0f,0.0027f,-1f,0f,0f,0f,0f,1f],start_interpolation: 0,interpolation_duration: 1}
$data merge entity $(bone_6) {transformation: [-0.9989f,-0.0447f,-0.0121f,0.1344f,-0.0463f,0.9642f,0.2611f,-1.6826f,0f,0.2614f,-0.9652f,0.0054f,0f,0f,0f,1f],start_interpolation: 0,interpolation_duration: 1}