# This file was generated by Animated Java via MC-Build. It is not recommended to edit this file directly.
$data merge entity $(bone_bone54) {transformation: [-0.987f,0.1605f,0.0027f,-0.1782f,0.1605f,0.987f,0.0114f,-0.8806f,-0.0008f,0.0117f,-0.9999f,-0.2666f,0f,0f,0f,1f],start_interpolation: 0,interpolation_duration: 1}
$data merge entity $(bone_bone53) {transformation: [-0.9912f,0.0582f,-0.1193f,-0.1562f,0.018f,0.9493f,0.3137f,-0.5937f,0.1315f,0.3088f,-0.942f,-0.1406f,0f,0f,0f,1f],start_interpolation: 0,interpolation_duration: 1}
$data merge entity $(bone_bone57) {transformation: [-0.96f,0.0023f,0.28f,0.1706f,0.0926f,0.9463f,0.3097f,-0.8945f,-0.2643f,0.3232f,-0.9087f,-0.23f,0f,0f,0f,1f],start_interpolation: 0,interpolation_duration: 1}
$data merge entity $(bone_bone56) {transformation: [-0.9561f,-0.0167f,0.2925f,0.1563f,0.0405f,0.9812f,0.1886f,-0.5937f,-0.2901f,0.1922f,-0.9375f,-0.1406f,0f,0f,0f,1f],start_interpolation: 0,interpolation_duration: 1}
$data merge entity $(bone_bone5) {transformation: [-0.9578f,0.2137f,0.1923f,-0.2241f,0.1885f,0.9719f,-0.1412f,-1.6484f,-0.2171f,-0.099f,-0.9711f,0.1731f,0f,0f,0f,1f],start_interpolation: 0,interpolation_duration: 1}
$data merge entity $(bone_bone2) {transformation: [-0.9578f,0.234f,0.167f,-0.1875f,0.1885f,0.9497f,-0.2501f,-1.5f,-0.2171f,-0.208f,-0.9537f,0.1406f,0f,0f,0f,1f],start_interpolation: 0,interpolation_duration: 1}
$data merge entity $(bone_bone9) {transformation: [-0.9964f,-0.0148f,0.0835f,-0.0732f,0.008f,0.9637f,0.2667f,-1.6404f,-0.0844f,0.2664f,-0.9602f,0.2383f,0f,0f,0f,1f],start_interpolation: 0,interpolation_duration: 1}
$data merge entity $(bone_bone8) {transformation: [-0.9964f,0.0341f,0.0777f,-0.0625f,0.008f,0.9493f,-0.3143f,-1.3437f,-0.0844f,-0.3126f,-0.9461f,0.1406f,0f,0f,0f,1f],start_interpolation: 0,interpolation_duration: 1}
$data merge entity $(bone_bone12) {transformation: [-0.9969f,-0.0619f,-0.0487f,0.0854f,-0.0599f,0.9974f,-0.0412f,-1.6383f,0.0511f,-0.0381f,-0.998f,0.2267f,0f,0f,0f,1f],start_interpolation: 0,interpolation_duration: 1}
$data merge entity $(bone_bone11) {transformation: [-0.9969f,-0.0733f,-0.0287f,0.0625f,-0.0599f,0.9427f,-0.3283f,-1.3437f,0.0511f,-0.3255f,-0.9441f,0.125f,0f,0f,0f,1f],start_interpolation: 0,interpolation_duration: 1}
$data merge entity $(bone_bone15) {transformation: [-0.9586f,-0.1628f,-0.2337f,0.2538f,-0.1589f,0.9867f,-0.0353f,-1.6413f,0.2364f,0.0033f,-0.9717f,0.1937f,0f,0f,0f,1f],start_interpolation: 0,interpolation_duration: 1}
$data merge entity $(bone_bone14) {transformation: [-0.9586f,-0.2121f,-0.1901f,0.1875f,-0.1589f,0.9522f,-0.261f,-1.3437f,0.2364f,-0.22f,-0.9464f,0.125f,0f,0f,0f,1f],start_interpolation: 0,interpolation_duration: 1}
$data merge entity $(bone_bone18) {transformation: [-0.9168f,0.3306f,-0.224f,-0.2424f,0.2133f,0.8796f,0.4252f,-1.6425f,0.3376f,0.342f,-0.8769f,-0.2138f,0f,0f,0f,1f],start_interpolation: 0,interpolation_duration: 1}
$data merge entity $(bone_bone17) {transformation: [-0.8304f,0.1758f,-0.5288f,-0.1875f,0.0162f,0.9562f,0.2924f,-1.3437f,0.557f,0.2342f,-0.7968f,-0.1406f,0f,0f,0f,1f],start_interpolation: 0,interpolation_duration: 1}
$data merge entity $(bone_bone21) {transformation: [-0.9945f,-0.0282f,-0.1004f,-0.0846f,-0.0326f,0.9986f,0.0423f,-1.5791f,0.0991f,0.0453f,-0.994f,-0.3451f,0f,0f,0f,1f],start_interpolation: 0,interpolation_duration: 1}
$data merge entity $(bone_bone20) {transformation: [-0.9311f,0.0706f,-0.3579f,-0.0625f,-0.1856f,0.753f,0.6313f,-1.3437f,0.314f,0.6543f,-0.688f,-0.1406f,0f,0f,0f,1f],start_interpolation: 0,interpolation_duration: 1}
$data merge entity $(bone_bone24) {transformation: [-0.92f,-0.0373f,0.39f,0.072f,0.2507f,0.7089f,0.6592f,-1.6321f,-0.3011f,0.7043f,-0.6429f,-0.2606f,0f,0f,0f,1f],start_interpolation: 0,interpolation_duration: 1}
$data merge entity $(bone_bone23) {transformation: [-0.9689f,-0.0304f,0.2457f,0.0625f,0.0672f,0.9228f,0.3793f,-1.3437f,-0.2383f,0.384f,-0.8921f,-0.1406f,0f,0f,0f,1f],start_interpolation: 0,interpolation_duration: 1}
$data merge entity $(bone_bone27) {transformation: [-0.9302f,-0.2225f,0.292f,0.2071f,0.0242f,0.7565f,0.6535f,-1.6455f,-0.3663f,0.615f,-0.6983f,-0.2197f,0f,0f,0f,1f],start_interpolation: 0,interpolation_duration: 1}
$data merge entity $(bone_bone26) {transformation: [-0.8697f,-0.0628f,0.4896f,0.1875f,0.0714f,0.9655f,0.2506f,-1.3437f,-0.4884f,0.2529f,-0.8352f,-0.1406f,0f,0f,0f,1f],start_interpolation: 0,interpolation_duration: 1}
$data merge entity $(bone_bone30) {transformation: [-0.7057f,-0.7086f,0f,0.374f,-0.7086f,0.7057f,0f,-1.6369f,0f,0f,-1f,0.0625f,0f,0f,0f,1f],start_interpolation: 0,interpolation_duration: 1}
$data merge entity $(bone_bone29) {transformation: [-0.9379f,-0.3468f,0f,0.2656f,-0.3468f,0.9379f,0f,-1.3437f,0f,0f,-1f,0.0625f,0f,0f,0f,1f],start_interpolation: 0,interpolation_duration: 1}
$data merge entity $(bone_bone33) {transformation: [-0.9733f,-0.1959f,-0.1197f,0.3832f,-0.1976f,0.9803f,0.0026f,-1.6332f,0.1169f,0.0262f,-0.9928f,-0.0684f,0f,0f,0f,1f],start_interpolation: 0,interpolation_duration: 1}
$data merge entity $(bone_bone32) {transformation: [-0.9215f,-0.3761f,-0.097f,0.2656f,-0.3761f,0.9264f,-0.0192f,-1.3437f,0.0971f,0.0188f,-0.9951f,-0.0625f,0f,0f,0f,1f],start_interpolation: 0,interpolation_duration: 1}
$data merge entity $(bone_bone36) {transformation: [-0.9353f,0.2979f,-0.1912f,-0.3215f,0.3406f,0.9043f,-0.2574f,-1.6474f,0.0962f,-0.3059f,-0.9472f,0.1109f,0f,0f,0f,1f],start_interpolation: 0,interpolation_duration: 1}
$data merge entity $(bone_bone35) {transformation: [-0.9749f,0.1789f,-0.1324f,-0.2656f,0.1963f,0.9716f,-0.1323f,-1.3437f,0.1049f,-0.155f,-0.9823f,0.0625f,0f,0f,0f,1f],start_interpolation: 0,interpolation_duration: 1}
$data merge entity $(bone_bone39) {transformation: [-0.9723f,0.1949f,0.1291f,-0.3687f,0.1892f,0.9804f,-0.0555f,-1.637f,-0.1374f,-0.0296f,-0.9901f,-0.0304f,0f,0f,0f,1f],start_interpolation: 0,interpolation_duration: 1}
$data merge entity $(bone_bone38) {transformation: [-0.9171f,0.33f,0.2236f,-0.2656f,0.2929f,0.9384f,-0.1835f,-1.3437f,-0.2704f,-0.1028f,-0.9572f,-0.0625f,0f,0f,0f,1f],start_interpolation: 0,interpolation_duration: 1}
$data merge entity $(bone_bone45) {transformation: [-0.9639f,-0.1641f,-0.2095f,-0.4504f,-0.224f,0.9253f,0.3059f,-0.8845f,0.1437f,0.3418f,-0.9287f,-0.2058f,0f,0f,0f,1f],start_interpolation: 0,interpolation_duration: 1}
$data merge entity $(bone_bone44) {transformation: [-0.9641f,0.2261f,-0.1393f,-0.3797f,0.1899f,0.9537f,0.2333f,-0.5864f,0.1856f,0.1985f,-0.9624f,-0.1438f,0f,0f,0f,1f],start_interpolation: 0,interpolation_duration: 1}
$data merge entity $(bone_bone48) {transformation: [-0.6643f,0.2253f,-0.7127f,-0.635f,0.2865f,0.9574f,0.0356f,-1.1713f,0.6904f,-0.1805f,-0.7006f,0.0407f,0f,0f,0f,1f],start_interpolation: 0,interpolation_duration: 1}
$data merge entity $(bone_bone47) {transformation: [-0.8767f,0.3464f,-0.3338f,-0.5051f,0.3538f,0.9344f,0.0404f,-0.8209f,0.3259f,-0.0827f,-0.9418f,0.0097f,0f,0f,0f,1f],start_interpolation: 0,interpolation_duration: 1}
$data merge entity $(bone_3) {transformation: [-0.9434f,0.2254f,-0.2432f,-0.3442f,0.2073f,0.9733f,0.0981f,-0.7284f,0.2588f,0.0421f,-0.965f,-0.0214f,0f,0f,0f,1f],start_interpolation: 0,interpolation_duration: 1}
$data merge entity $(bone_4) {transformation: [-0.9434f,0.1675f,-0.2862f,-0.4539f,0.2073f,0.9715f,-0.1149f,-0.9344f,0.2588f,-0.1677f,-0.9513f,-0.0147f,0f,0f,0f,1f],start_interpolation: 0,interpolation_duration: 1}
$data merge entity $(bone_bone42) {transformation: [-0.9873f,-0.1034f,-0.1206f,0.4349f,-0.1483f,0.872f,0.4665f,-0.8871f,0.0569f,0.4785f,-0.8762f,-0.2061f,0f,0f,0f,1f],start_interpolation: 0,interpolation_duration: 1}
$data merge entity $(bone_bone41) {transformation: [-0.9156f,-0.2349f,0.3263f,0.3615f,-0.1472f,0.9511f,0.2716f,-0.5899f,-0.3741f,0.2006f,-0.9054f,-0.1434f,0f,0f,0f,1f],start_interpolation: 0,interpolation_duration: 1}
$data merge entity $(bone_bone51) {transformation: [-0.8669f,-0.3843f,0.3174f,0.5882f,-0.4127f,0.9106f,-0.0246f,-1.1883f,-0.2795f,-0.1523f,-0.948f,0.0311f,0f,0f,0f,1f],start_interpolation: 0,interpolation_duration: 1}
$data merge entity $(bone_bone50) {transformation: [-0.909f,-0.2469f,0.3357f,0.4956f,-0.2609f,0.9654f,0.0033f,-0.8262f,-0.3249f,-0.0846f,-0.9419f,-0.0006f,0f,0f,0f,1f],start_interpolation: 0,interpolation_duration: 1}
$data merge entity $(bone_1) {transformation: [-0.9767f,-0.1772f,0.121f,0.3361f,-0.1703f,0.9832f,0.0654f,-0.7273f,-0.1305f,0.0432f,-0.9905f,-0.0136f,0f,0f,0f,1f],start_interpolation: 0,interpolation_duration: 1}
$data merge entity $(bone_2) {transformation: [-0.9767f,-0.1399f,0.1627f,0.4054f,-0.1703f,0.9666f,-0.1913f,-0.9371f,-0.1305f,-0.2146f,-0.9679f,-0.0189f,0f,0f,0f,1f],start_interpolation: 0,interpolation_duration: 1}
$data merge entity $(bone_7) {transformation: [-0.999f,0.0453f,-0.0039f,-0.1273f,0.0455f,0.9953f,-0.0852f,-1.5321f,0f,-0.0853f,-0.9964f,0.016f,0f,0f,0f,1f],start_interpolation: 0,interpolation_duration: 1}
$data merge entity $(bone_8) {transformation: [-0.999f,0.0427f,0.0156f,-0.1336f,0.0455f,0.9381f,0.3434f,-1.671f,0f,0.3438f,-0.939f,0.0404f,0f,0f,0f,1f],start_interpolation: 0,interpolation_duration: 1}
$data merge entity $(bone_5) {transformation: [-0.999f,-0.0455f,-0.0001f,0.1188f,-0.0455f,0.999f,0.0019f,-1.3455f,0f,0.0019f,-1f,0f,0f,0f,0f,1f],start_interpolation: 0,interpolation_duration: 1}
$data merge entity $(bone_6) {transformation: [-0.999f,-0.0439f,-0.0119f,0.1341f,-0.0455f,0.9644f,0.2604f,-1.6826f,0f,0.2606f,-0.9654f,0.0056f,0f,0f,0f,1f],start_interpolation: 0,interpolation_duration: 1}