# This file was generated by Animated Java via MC-Build. It is not recommended to edit this file directly.
$data merge entity $(bone_bone54) {transformation: [-0.9844f,0.1756f,-0.0125f,-0.18f,0.1755f,0.9844f,0.0094f,1.2124f,0.0139f,0.0071f,-0.9999f,-0.2646f,0f,0f,0f,1f],start_interpolation: 0,interpolation_duration: 1}
$data merge entity $(bone_bone53) {transformation: [-0.9881f,0.0618f,-0.1411f,-0.1562f,0.0154f,0.9511f,0.3086f,1.5f,0.1533f,0.3027f,-0.9407f,-0.1406f,0f,0f,0f,1f],start_interpolation: 0,interpolation_duration: 1}
$data merge entity $(bone_bone57) {transformation: [-0.9544f,-0.0241f,0.2976f,0.1702f,0.0809f,0.9386f,0.3355f,1.1978f,-0.2874f,0.3443f,-0.8938f,-0.2249f,0f,0f,0f,1f],start_interpolation: 0,interpolation_duration: 1}
$data merge entity $(bone_bone56) {transformation: [-0.9516f,-0.0138f,0.3069f,0.1563f,0.0411f,0.9843f,0.1719f,1.5f,-0.3044f,0.1762f,-0.9361f,-0.1406f,0f,0f,0f,1f],start_interpolation: 0,interpolation_duration: 1}
$data merge entity $(bone_bone5) {transformation: [-0.9593f,0.2165f,0.1813f,-0.2248f,0.1967f,0.973f,-0.121f,0.4456f,-0.2026f,-0.0804f,-0.976f,0.1734f,0f,0f,0f,1f],start_interpolation: 0,interpolation_duration: 1}
$data merge entity $(bone_bone2) {transformation: [-0.9593f,0.2388f,0.1508f,-0.1875f,0.1967f,0.9481f,-0.2496f,0.5938f,-0.2026f,-0.2098f,-0.9565f,0.1406f,0f,0f,0f,1f],start_interpolation: 0,interpolation_duration: 1}
$data merge entity $(bone_bone9) {transformation: [-0.9975f,-0.0128f,0.0701f,-0.0718f,0.0083f,0.9564f,0.292f,0.4529f,-0.0708f,0.2918f,-0.9539f,0.2371f,0f,0f,0f,1f],start_interpolation: 0,interpolation_duration: 1}
$data merge entity $(bone_bone8) {transformation: [-0.9975f,0.0298f,0.0648f,-0.0625f,0.0083f,0.9507f,-0.3099f,0.75f,-0.0708f,-0.3086f,-0.9486f,0.1406f,0f,0f,0f,1f],start_interpolation: 0,interpolation_duration: 1}
$data merge entity $(bone_bone12) {transformation: [-0.997f,-0.0694f,-0.0332f,0.0864f,-0.069f,0.9975f,-0.0131f,0.4561f,0.034f,-0.0108f,-0.9994f,0.2285f,0f,0f,0f,1f],start_interpolation: 0,interpolation_duration: 1}
$data merge entity $(bone_bone11) {transformation: [-0.997f,-0.0764f,-0.0091f,0.0625f,-0.069f,0.9405f,-0.3328f,0.75f,0.034f,-0.3311f,-0.943f,0.125f,0f,0f,0f,1f],start_interpolation: 0,interpolation_duration: 1}
$data merge entity $(bone_bone15) {transformation: [-0.9596f,-0.1664f,-0.2269f,0.2541f,-0.1625f,0.9861f,-0.0361f,0.4523f,0.2297f,0.0022f,-0.9733f,0.1928f,0f,0f,0f,1f],start_interpolation: 0,interpolation_duration: 1}
$data merge entity $(bone_bone14) {transformation: [-0.9596f,-0.2133f,-0.1835f,0.1875f,-0.1625f,0.9526f,-0.2573f,0.75f,0.2297f,-0.2171f,-0.9487f,0.125f,0f,0f,0f,1f],start_interpolation: 0,interpolation_duration: 1}
$data merge entity $(bone_bone18) {transformation: [-0.9211f,0.3295f,-0.2075f,-0.2415f,0.2226f,0.8827f,0.4138f,0.4498f,0.3195f,0.3349f,-0.8864f,-0.2088f,0f,0f,0f,1f],start_interpolation: 0,interpolation_duration: 1}
$data merge entity $(bone_bone17) {transformation: [-0.8311f,0.1727f,-0.5286f,-0.1875f,0.0232f,0.9605f,0.2773f,0.75f,0.5556f,0.2182f,-0.8023f,-0.1406f,0f,0f,0f,1f],start_interpolation: 0,interpolation_duration: 1}
$data merge entity $(bone_bone21) {transformation: [-0.9926f,-0.0326f,-0.1168f,-0.0815f,-0.0378f,0.9984f,0.0421f,0.5135f,0.1153f,0.0462f,-0.9923f,-0.344f,0f,0f,0f,1f],start_interpolation: 0,interpolation_duration: 1}
$data merge entity $(bone_bone20) {transformation: [-0.9269f,0.0606f,-0.3704f,-0.0625f,-0.1993f,0.7567f,0.6226f,0.75f,0.318f,0.6509f,-0.6893f,-0.1406f,0f,0f,0f,1f],start_interpolation: 0,interpolation_duration: 1}
$data merge entity $(bone_bone24) {transformation: [-0.9174f,-0.0433f,0.3956f,0.0729f,0.2499f,0.711f,0.6573f,0.4615f,-0.3097f,0.7019f,-0.6414f,-0.2604f,0f,0f,0f,1f],start_interpolation: 0,interpolation_duration: 1}
$data merge entity $(bone_bone23) {transformation: [-0.967f,-0.0333f,0.2527f,0.0625f,0.0672f,0.9231f,0.3788f,0.75f,-0.2459f,0.3832f,-0.8903f,-0.1406f,0f,0f,0f,1f],start_interpolation: 0,interpolation_duration: 1}
$data merge entity $(bone_bone27) {transformation: [-0.9364f,-0.2129f,0.2791f,0.2059f,0.0072f,0.7833f,0.6215f,0.4466f,-0.351f,0.584f,-0.732f,-0.2134f,0f,0f,0f,1f],start_interpolation: 0,interpolation_duration: 1}
$data merge entity $(bone_bone26) {transformation: [-0.8814f,-0.0589f,0.4686f,0.1875f,0.0589f,0.9707f,0.2328f,0.75f,-0.4686f,0.2328f,-0.8522f,-0.1406f,0f,0f,0f,1f],start_interpolation: 0,interpolation_duration: 1}
$data merge entity $(bone_bone30) {transformation: [-0.6939f,-0.7201f,0f,0.3741f,-0.7201f,0.6939f,0f,0.4569f,0f,0f,-1f,0.0625f,0f,0f,0f,1f],start_interpolation: 0,interpolation_duration: 1}
$data merge entity $(bone_bone29) {transformation: [-0.9378f,-0.3473f,0f,0.2656f,-0.3473f,0.9378f,0f,0.75f,0f,0f,-1f,0.0625f,0f,0f,0f,1f],start_interpolation: 0,interpolation_duration: 1}
$data merge entity $(bone_bone33) {transformation: [-0.9833f,-0.1549f,-0.095f,0.3835f,-0.1553f,0.9879f,-0.0038f,0.4606f,0.0944f,0.011f,-0.9955f,-0.0664f,0f,0f,0f,1f],start_interpolation: 0,interpolation_duration: 1}
$data merge entity $(bone_bone32) {transformation: [-0.9231f,-0.3771f,-0.0749f,0.2656f,-0.3769f,0.9261f,-0.0171f,0.75f,0.0759f,0.0125f,-0.997f,-0.0625f,0f,0f,0f,1f],start_interpolation: 0,interpolation_duration: 1}
$data merge entity $(bone_bone36) {transformation: [-0.93f,0.308f,-0.2004f,-0.3174f,0.3535f,0.8988f,-0.2592f,0.4453f,0.1003f,-0.3119f,-0.9448f,0.109f,0f,0f,0f,1f],start_interpolation: 0,interpolation_duration: 1}
$data merge entity $(bone_bone35) {transformation: [-0.9811f,0.1656f,-0.1005f,-0.2656f,0.1782f,0.9749f,-0.1334f,0.75f,0.0759f,-0.1488f,-0.986f,0.0625f,0f,0f,0f,1f],start_interpolation: 0,interpolation_duration: 1}
$data merge entity $(bone_bone39) {transformation: [-0.9714f,0.1604f,0.1751f,-0.3648f,0.1565f,0.987f,-0.0361f,0.4554f,-0.1786f,-0.0077f,-0.9839f,-0.0302f,0f,0f,0f,1f],start_interpolation: 0,interpolation_duration: 1}
$data merge entity $(bone_bone38) {transformation: [-0.9241f,0.3173f,0.2129f,-0.2656f,0.2829f,0.9427f,-0.177f,0.75f,-0.2569f,-0.1033f,-0.9609f,-0.0625f,0f,0f,0f,1f],start_interpolation: 0,interpolation_duration: 1}
$data merge entity $(bone_bone45) {transformation: [-0.9637f,-0.1571f,-0.2159f,-0.4519f,-0.2178f,0.9303f,0.2952f,1.2091f,0.1545f,0.3315f,-0.9307f,-0.203f,0f,0f,0f,1f],start_interpolation: 0,interpolation_duration: 1}
$data merge entity $(bone_bone44) {transformation: [-0.9658f,0.2309f,-0.1177f,-0.3797f,0.2012f,0.9543f,0.2208f,1.5073f,0.1633f,0.1895f,-0.9682f,-0.1438f,0f,0f,0f,1f],start_interpolation: 0,interpolation_duration: 1}
$data merge entity $(bone_bone48) {transformation: [-0.6663f,0.1877f,-0.7217f,-0.6305f,0.2685f,0.9633f,0.0026f,0.9206f,0.6957f,-0.1921f,-0.6922f,0.0373f,0f,0f,0f,1f],start_interpolation: 0,interpolation_duration: 1}
$data merge entity $(bone_bone47) {transformation: [-0.8891f,0.3341f,-0.3128f,-0.5052f,0.3401f,0.9397f,0.037f,1.2729f,0.3063f,-0.0735f,-0.9491f,0.0097f,0f,0f,0f,1f],start_interpolation: 0,interpolation_duration: 1}
$data merge entity $(bone_3) {transformation: [-0.9433f,0.2261f,-0.2431f,-0.3443f,0.2079f,0.9732f,0.0983f,1.3654f,0.2588f,0.0421f,-0.965f,-0.0214f,0f,0f,0f,1f],start_interpolation: 0,interpolation_duration: 1}
$data merge entity $(bone_4) {transformation: [-0.9433f,0.1681f,-0.2863f,-0.4541f,0.2079f,0.9714f,-0.1147f,1.1594f,0.2588f,-0.1677f,-0.9513f,-0.0147f,0f,0f,0f,1f],start_interpolation: 0,interpolation_duration: 1}
$data merge entity $(bone_bone42) {transformation: [-0.9863f,-0.1009f,-0.1304f,0.439f,-0.1529f,0.8555f,0.4946f,1.2075f,0.0617f,0.5078f,-0.8593f,-0.205f,0f,0f,0f,1f],start_interpolation: 0,interpolation_duration: 1}
$data merge entity $(bone_bone41) {transformation: [-0.9079f,-0.248f,0.338f,0.3615f,-0.1565f,0.9485f,0.2755f,1.5039f,-0.3889f,0.1972f,-0.8999f,-0.1434f,0f,0f,0f,1f],start_interpolation: 0,interpolation_duration: 1}
$data merge entity $(bone_bone51) {transformation: [-0.8526f,-0.3883f,0.3497f,0.5832f,-0.4177f,0.9085f,-0.0098f,0.9041f,-0.3139f,-0.1544f,-0.9368f,0.0294f,0f,0f,0f,1f],start_interpolation: 0,interpolation_duration: 1}
$data merge entity $(bone_bone50) {transformation: [-0.9022f,-0.2331f,0.363f,0.4958f,-0.2462f,0.9692f,0.0103f,1.2676f,-0.3542f,-0.0801f,-0.9317f,-0.0006f,0f,0f,0f,1f],start_interpolation: 0,interpolation_duration: 1}
$data merge entity $(bone_1) {transformation: [-0.9766f,-0.1779f,0.1209f,0.3362f,-0.171f,0.9831f,0.0655f,1.3664f,-0.1305f,0.0432f,-0.9905f,-0.0136f,0f,0f,0f,1f],start_interpolation: 0,interpolation_duration: 1}
$data merge entity $(bone_2) {transformation: [-0.9766f,-0.1405f,0.1628f,0.4056f,-0.171f,0.9665f,-0.1912f,1.1567f,-0.1305f,-0.2146f,-0.9679f,-0.0189f,0f,0f,0f,1f],start_interpolation: 0,interpolation_duration: 1}
$data merge entity $(bone_7) {transformation: [-0.999f,0.0447f,-0.0039f,-0.1272f,0.0448f,0.9953f,-0.0859f,0.5617f,0f,-0.0859f,-0.9963f,0.0161f,0f,0f,0f,1f],start_interpolation: 0,interpolation_duration: 1}
$data merge entity $(bone_8) {transformation: [-0.999f,0.0421f,0.0154f,-0.1334f,0.0448f,0.9383f,0.3428f,0.4228f,0f,0.3432f,-0.9393f,0.0407f,0f,0f,0f,1f],start_interpolation: 0,interpolation_duration: 1}
$data merge entity $(bone_5) {transformation: [-0.999f,-0.0448f,-0.0001f,0.1188f,-0.0448f,0.999f,0.0012f,0.7483f,0f,0.0012f,-1f,0f,0f,0f,0f,1f],start_interpolation: 0,interpolation_duration: 1}
$data merge entity $(bone_6) {transformation: [-0.999f,-0.0433f,-0.0117f,0.1339f,-0.0448f,0.9646f,0.2597f,0.4112f,0f,0.26f,-0.9656f,0.0058f,0f,0f,0f,1f],start_interpolation: 0,interpolation_duration: 1}