# This file was generated by Animated Java via MC-Build. It is not recommended to edit this file directly.
$data merge entity $(bone_bone54) {transformation: [-0.9817f,0.1889f,-0.025f,-0.1814f,0.1888f,0.982f,0.0073f,-0.8819f,0.0259f,0.0024f,-0.9997f,-0.2631f,0f,0f,0f,1f],start_interpolation: 0,interpolation_duration: 1}
$data merge entity $(bone_bone53) {transformation: [-0.9848f,0.0643f,-0.1611f,-0.1562f,0.0123f,0.9524f,0.3045f,-0.5937f,0.173f,0.2979f,-0.9388f,-0.1406f,0f,0f,0f,1f],start_interpolation: 0,interpolation_duration: 1}
$data merge entity $(bone_bone57) {transformation: [-0.9492f,-0.0488f,0.3109f,0.1695f,0.0699f,0.9306f,0.3594f,-0.8972f,-0.3069f,0.3628f,-0.8799f,-0.2204f,0f,0f,0f,1f],start_interpolation: 0,interpolation_duration: 1}
$data merge entity $(bone_bone56) {transformation: [-0.9476f,-0.0105f,0.3194f,0.1563f,0.0418f,0.9868f,0.1565f,-0.5937f,-0.3168f,0.1617f,-0.9346f,-0.1406f,0f,0f,0f,1f],start_interpolation: 0,interpolation_duration: 1}
$data merge entity $(bone_bone5) {transformation: [-0.9603f,0.2192f,0.1723f,-0.2254f,0.2036f,0.9735f,-0.1041f,-1.6479f,-0.1906f,-0.0649f,-0.9795f,0.1736f,0f,0f,0f,1f],start_interpolation: 0,interpolation_duration: 1}
$data merge entity $(bone_bone2) {transformation: [-0.9603f,0.2426f,0.1375f,-0.1875f,0.2036f,0.9468f,-0.2491f,-1.5f,-0.1906f,-0.2112f,-0.9587f,0.1406f,0f,0f,0f,1f],start_interpolation: 0,interpolation_duration: 1}
$data merge entity $(bone_bone9) {transformation: [-0.9982f,-0.0106f,0.0592f,-0.0707f,0.0084f,0.9498f,0.3127f,-1.6412f,-0.0595f,0.3127f,-0.948f,0.236f,0f,0f,0f,1f],start_interpolation: 0,interpolation_duration: 1}
$data merge entity $(bone_bone8) {transformation: [-0.9982f,0.0262f,0.0541f,-0.0625f,0.0084f,0.9519f,-0.3062f,-1.3437f,-0.0595f,-0.3052f,-0.9504f,0.1406f,0f,0f,0f,1f],start_interpolation: 0,interpolation_duration: 1}
$data merge entity $(bone_bone12) {transformation: [-0.9969f,-0.0763f,-0.0207f,0.0871f,-0.0766f,0.997f,0.0103f,-1.6371f,0.0199f,0.0118f,-0.9997f,0.2299f,0f,0f,0f,1f],start_interpolation: 0,interpolation_duration: 1}
$data merge entity $(bone_bone11) {transformation: [-0.9969f,-0.0788f,0.007f,0.0625f,-0.0766f,0.9387f,-0.3362f,-1.3437f,0.0199f,-0.3357f,-0.9418f,0.125f,0f,0f,0f,1f],start_interpolation: 0,interpolation_duration: 1}
$data merge entity $(bone_bone15) {transformation: [-0.9604f,-0.1694f,-0.2212f,0.2544f,-0.1654f,0.9855f,-0.0367f,-1.6415f,0.2242f,0.0013f,-0.9745f,0.1921f,0f,0f,0f,1f],start_interpolation: 0,interpolation_duration: 1}
$data merge entity $(bone_bone14) {transformation: [-0.9604f,-0.2142f,-0.1781f,0.1875f,-0.1654f,0.9529f,-0.2542f,-1.3437f,0.2242f,-0.2147f,-0.9506f,0.125f,0f,0f,0f,1f],start_interpolation: 0,interpolation_duration: 1}
$data merge entity $(bone_bone18) {transformation: [-0.925f,0.327f,-0.1937f,-0.2409f,0.2291f,0.8864f,0.4023f,-1.645f,0.3032f,0.3278f,-0.8948f,-0.2042f,0f,0f,0f,1f],start_interpolation: 0,interpolation_duration: 1}
$data merge entity $(bone_bone17) {transformation: [-0.8315f,0.1708f,-0.5285f,-0.1875f,0.0303f,0.9641f,0.264f,-1.3437f,0.5546f,0.2035f,-0.8068f,-0.1406f,0f,0f,0f,1f],start_interpolation: 0,interpolation_duration: 1}
$data merge entity $(bone_bone21) {transformation: [-0.9909f,-0.0344f,-0.1301f,-0.0787f,-0.0405f,0.9982f,0.0447f,-1.5813f,0.1283f,0.0496f,-0.9905f,-0.343f,0f,0f,0f,1f],start_interpolation: 0,interpolation_duration: 1}
$data merge entity $(bone_bone20) {transformation: [-0.9238f,0.0517f,-0.3795f,-0.0625f,-0.2099f,0.7603f,0.6147f,-1.3437f,0.3203f,0.6475f,-0.6915f,-0.1406f,0f,0f,0f,1f],start_interpolation: 0,interpolation_duration: 1}
$data merge entity $(bone_bone24) {transformation: [-0.9156f,-0.0475f,0.3992f,0.0738f,0.2482f,0.7142f,0.6545f,-1.6321f,-0.3162f,0.6983f,-0.6421f,-0.2605f,0f,0f,0f,1f],start_interpolation: 0,interpolation_duration: 1}
$data merge entity $(bone_bone23) {transformation: [-0.9655f,-0.0362f,0.2577f,0.0625f,0.0667f,0.9228f,0.3795f,-1.3437f,-0.2516f,0.3836f,-0.8886f,-0.1406f,0f,0f,0f,1f],start_interpolation: 0,interpolation_duration: 1}
$data merge entity $(bone_bone27) {transformation: [-0.9412f,-0.2053f,0.2685f,0.205f,-0.0074f,0.8068f,0.5908f,-1.6484f,-0.3379f,0.554f,-0.7608f,-0.208f,0f,0f,0f,1f],start_interpolation: 0,interpolation_duration: 1}
$data merge entity $(bone_bone26) {transformation: [-0.8909f,-0.0559f,0.4507f,0.1875f,0.0488f,0.9748f,0.2175f,-1.3437f,-0.4515f,0.2158f,-0.8658f,-0.1406f,0f,0f,0f,1f],start_interpolation: 0,interpolation_duration: 1}
$data merge entity $(bone_bone30) {transformation: [-0.6846f,-0.7289f,0f,0.3741f,-0.7289f,0.6846f,0f,-1.6368f,0f,0f,-1f,0.0625f,0f,0f,0f,1f],start_interpolation: 0,interpolation_duration: 1}
$data merge entity $(bone_bone29) {transformation: [-0.9378f,-0.3471f,0f,0.2656f,-0.3471f,0.9378f,0f,-1.3437f,0f,0f,-1f,0.0625f,0f,0f,0f,1f],start_interpolation: 0,interpolation_duration: 1}
$data merge entity $(bone_bone33) {transformation: [-0.9905f,-0.1179f,-0.0708f,0.3838f,-0.1176f,0.993f,-0.0076f,-1.633f,0.0712f,0.0008f,-0.9975f,-0.0648f,0f,0f,0f,1f],start_interpolation: 0,interpolation_duration: 1}
$data merge entity $(bone_bone32) {transformation: [-0.9242f,-0.3782f,-0.0539f,0.2656f,-0.378f,0.9257f,-0.0142f,-1.3437f,0.0553f,0.0072f,-0.9984f,-0.0625f,0f,0f,0f,1f],start_interpolation: 0,interpolation_duration: 1}
$data merge entity $(bone_bone36) {transformation: [-0.9248f,0.3168f,-0.2106f,-0.3136f,0.3653f,0.8939f,-0.2598f,-1.6493f,0.106f,-0.3172f,-0.9424f,0.1072f,0f,0f,0f,1f],start_interpolation: 0,interpolation_duration: 1}
$data merge entity $(bone_bone35) {transformation: [-0.9855f,0.1536f,-0.0724f,-0.2656f,0.1622f,0.9777f,-0.1332f,-1.3437f,0.0503f,-0.1431f,-0.9884f,0.0625f,0f,0f,0f,1f],start_interpolation: 0,interpolation_duration: 1}
$data merge entity $(bone_bone39) {transformation: [-0.9679f,0.1287f,0.2158f,-0.3612f,0.1283f,0.9916f,-0.0159f,-1.6396f,-0.216f,0.0123f,-0.9763f,-0.0305f,0f,0f,0f,1f],start_interpolation: 0,interpolation_duration: 1}
$data merge entity $(bone_bone38) {transformation: [-0.9302f,0.3058f,0.203f,-0.2656f,0.2741f,0.9466f,-0.1699f,-1.3437f,-0.2441f,-0.1024f,-0.9643f,-0.0625f,0f,0f,0f,1f],start_interpolation: 0,interpolation_duration: 1}
$data merge entity $(bone_bone45) {transformation: [-0.964f,-0.148f,-0.2208f,-0.4536f,-0.2092f,0.9349f,0.2867f,-0.8847f,0.164f,0.3226f,-0.9322f,-0.2006f,0f,0f,0f,1f],start_interpolation: 0,interpolation_duration: 1}
$data merge entity $(bone_bone44) {transformation: [-0.9668f,0.2364f,-0.0972f,-0.3797f,0.2124f,0.9545f,0.2093f,-0.5864f,0.1423f,0.1817f,-0.973f,-0.1438f,0f,0f,0f,1f],start_interpolation: 0,interpolation_duration: 1}
$data merge entity $(bone_bone48) {transformation: [-0.6694f,0.1534f,-0.7269f,-0.6266f,0.2517f,0.9674f,-0.0276f,-1.1748f,0.699f,-0.2015f,-0.6862f,0.0343f,0f,0f,0f,1f],start_interpolation: 0,interpolation_duration: 1}
$data merge entity $(bone_bone47) {transformation: [-0.8994f,0.3233f,-0.2942f,-0.5053f,0.328f,0.944f,0.0344f,-0.8207f,0.2889f,-0.0656f,-0.9551f,0.0097f,0f,0f,0f,1f],start_interpolation: 0,interpolation_duration: 1}
$data merge entity $(bone_3) {transformation: [-0.9432f,0.2266f,-0.2431f,-0.3444f,0.2084f,0.9731f,0.0984f,-0.7284f,0.2588f,0.0421f,-0.965f,-0.0214f,0f,0f,0f,1f],start_interpolation: 0,interpolation_duration: 1}
$data merge entity $(bone_4) {transformation: [-0.9432f,0.1686f,-0.2863f,-0.4543f,0.2084f,0.9713f,-0.1146f,-0.9343f,0.2588f,-0.1677f,-0.9513f,-0.0147f,0f,0f,0f,1f],start_interpolation: 0,interpolation_duration: 1}
$data merge entity $(bone_bone42) {transformation: [-0.9853f,-0.098f,-0.1397f,0.4426f,-0.157f,0.8412f,0.5175f,-0.8854f,0.0668f,0.5318f,-0.8442f,-0.2044f,0f,0f,0f,1f],start_interpolation: 0,interpolation_duration: 1}
$data merge entity $(bone_bone41) {transformation: [-0.902f,-0.2595f,0.345f,0.3615f,-0.165f,0.9458f,0.2798f,-0.5899f,-0.3989f,0.1954f,-0.8959f,-0.1434f,0f,0f,0f,1f],start_interpolation: 0,interpolation_duration: 1}
$data merge entity $(bone_bone51) {transformation: [-0.8395f,-0.3912f,0.3771f,0.5791f,-0.4211f,0.907f,0.0034f,-1.1907f,-0.3433f,-0.156f,-0.9262f,0.0277f,0f,0f,0f,1f],start_interpolation: 0,interpolation_duration: 1}
$data merge entity $(bone_bone50) {transformation: [-0.8954f,-0.2218f,0.3861f,0.4959f,-0.2337f,0.9722f,0.0165f,-0.8261f,-0.379f,-0.0755f,-0.9223f,-0.0006f,0f,0f,0f,1f],start_interpolation: 0,interpolation_duration: 1}
$data merge entity $(bone_1) {transformation: [-0.9765f,-0.1784f,0.1209f,0.3363f,-0.1715f,0.983f,0.0655f,-0.7273f,-0.1305f,0.0432f,-0.9905f,-0.0136f,0f,0f,0f,1f],start_interpolation: 0,interpolation_duration: 1}
$data merge entity $(bone_2) {transformation: [-0.9765f,-0.141f,0.1629f,0.4058f,-0.1715f,0.9665f,-0.1911f,-0.937f,-0.1305f,-0.2146f,-0.9679f,-0.0189f,0f,0f,0f,1f],start_interpolation: 0,interpolation_duration: 1}
$data merge entity $(bone_7) {transformation: [-0.999f,0.0442f,-0.0038f,-0.1271f,0.0443f,0.9953f,-0.0864f,-1.532f,0f,-0.0865f,-0.9963f,0.0162f,0f,0f,0f,1f],start_interpolation: 0,interpolation_duration: 1}
$data merge entity $(bone_8) {transformation: [-0.999f,0.0416f,0.0152f,-0.1332f,0.0443f,0.9385f,0.3423f,-1.6709f,0f,0.3427f,-0.9395f,0.0408f,0f,0f,0f,1f],start_interpolation: 0,interpolation_duration: 1}
$data merge entity $(bone_5) {transformation: [-0.999f,-0.0443f,0f,0.1188f,-0.0443f,0.999f,0.0007f,-1.3454f,0f,0.0007f,-1f,0f,0f,0f,0f,1f],start_interpolation: 0,interpolation_duration: 1}
$data merge entity $(bone_6) {transformation: [-0.999f,-0.0428f,-0.0115f,0.1337f,-0.0443f,0.9648f,0.2592f,-1.6826f,0f,0.2595f,-0.9657f,0.006f,0f,0f,0f,1f],start_interpolation: 0,interpolation_duration: 1}