# This file was generated by Animated Java via MC-Build. It is not recommended to edit this file directly.
$data merge entity $(bone_bone54) {transformation: [-0.9791f,0.2003f,-0.0346f,-0.1824f,0.2002f,0.9797f,0.005f,-0.8822f,0.0349f,-0.002f,-0.9994f,-0.262f,0f,0f,0f,1f],start_interpolation: 0,interpolation_duration: 1}
$data merge entity $(bone_bone53) {transformation: [-0.9817f,0.0657f,-0.1789f,-0.1562f,0.0088f,0.9533f,0.3018f,-0.5937f,0.1904f,0.2947f,-0.9364f,-0.1406f,0f,0f,0f,1f],start_interpolation: 0,interpolation_duration: 1}
$data merge entity $(bone_bone57) {transformation: [-0.9448f,-0.0707f,0.3201f,0.1687f,0.06f,0.9227f,0.3809f,-0.8983f,-0.3222f,0.379f,-0.8675f,-0.2164f,0f,0f,0f,1f],start_interpolation: 0,interpolation_duration: 1}
$data merge entity $(bone_bone56) {transformation: [-0.9441f,-0.007f,0.3296f,0.1563f,0.0426f,0.9888f,0.143f,-0.5937f,-0.327f,0.149f,-0.9332f,-0.1406f,0f,0f,0f,1f],start_interpolation: 0,interpolation_duration: 1}
$data merge entity $(bone_bone5) {transformation: [-0.961f,0.2215f,0.1656f,-0.2259f,0.2087f,0.9737f,-0.0912f,-1.6478f,-0.1815f,-0.0531f,-0.982f,0.1738f,0f,0f,0f,1f],start_interpolation: 0,interpolation_duration: 1}
$data merge entity $(bone_bone2) {transformation: [-0.961f,0.2455f,0.1273f,-0.1875f,0.2087f,0.9459f,-0.2485f,-1.5f,-0.1815f,-0.2123f,-0.9602f,0.1406f,0f,0f,0f,1f],start_interpolation: 0,interpolation_duration: 1}
$data merge entity $(bone_bone9) {transformation: [-0.9987f,-0.0086f,0.0509f,-0.0699f,0.0086f,0.9445f,0.3284f,-1.6415f,-0.0509f,0.3284f,-0.9432f,0.2352f,0f,0f,0f,1f],start_interpolation: 0,interpolation_duration: 1}
$data merge entity $(bone_bone8) {transformation: [-0.9987f,0.0236f,0.0459f,-0.0625f,0.0086f,0.9528f,-0.3034f,-1.3437f,-0.0509f,-0.3026f,-0.9517f,0.1406f,0f,0f,0f,1f],start_interpolation: 0,interpolation_duration: 1}
$data merge entity $(bone_bone12) {transformation: [-0.9966f,-0.082f,-0.0115f,0.0877f,-0.0823f,0.9962f,0.0281f,-1.6367f,0.0092f,0.029f,-0.9995f,0.231f,0f,0f,0f,1f],start_interpolation: 0,interpolation_duration: 1}
$data merge entity $(bone_bone11) {transformation: [-0.9966f,-0.0805f,0.0193f,0.0625f,-0.0823f,0.9373f,-0.3387f,-1.3437f,0.0092f,-0.3391f,-0.9407f,0.125f,0f,0f,0f,1f],start_interpolation: 0,interpolation_duration: 1}
$data merge entity $(bone_bone15) {transformation: [-0.961f,-0.1717f,-0.2168f,0.2547f,-0.1676f,0.9851f,-0.0372f,-1.6416f,0.22f,0.0006f,-0.9755f,0.1915f,0f,0f,0f,1f],start_interpolation: 0,interpolation_duration: 1}
$data merge entity $(bone_bone14) {transformation: [-0.961f,-0.215f,-0.174f,0.1875f,-0.1676f,0.9531f,-0.2519f,-1.3437f,0.22f,-0.2129f,-0.952f,0.125f,0f,0f,0f,1f],start_interpolation: 0,interpolation_duration: 1}
$data merge entity $(bone_bone18) {transformation: [-0.9285f,0.3231f,-0.1829f,-0.2407f,0.2328f,0.8905f,0.3909f,-1.6459f,0.2892f,0.3204f,-0.9021f,-0.2002f,0f,0f,0f,1f],start_interpolation: 0,interpolation_duration: 1}
$data merge entity $(bone_bone17) {transformation: [-0.8316f,0.1703f,-0.5286f,-0.1875f,0.0373f,0.9668f,0.2528f,-1.3437f,0.5541f,0.1905f,-0.8104f,-0.1406f,0f,0f,0f,1f],start_interpolation: 0,interpolation_duration: 1}
$data merge entity $(bone_bone21) {transformation: [-0.9896f,-0.0333f,-0.1396f,-0.0762f,-0.0407f,0.9979f,0.0506f,-1.5824f,0.1376f,0.0557f,-0.9889f,-0.3419f,0f,0f,0f,1f],start_interpolation: 0,interpolation_duration: 1}
$data merge entity $(bone_bone20) {transformation: [-0.922f,0.044f,-0.3846f,-0.0625f,-0.2171f,0.7637f,0.608f,-1.3437f,0.3205f,0.6441f,-0.6946f,-0.1406f,0f,0f,0f,1f],start_interpolation: 0,interpolation_duration: 1}
$data merge entity $(bone_bone24) {transformation: [-0.915f,-0.0498f,0.4004f,0.0747f,0.2456f,0.7186f,0.6506f,-1.6319f,-0.3202f,0.6936f,-0.6453f,-0.261f,0f,0f,0f,1f],start_interpolation: 0,interpolation_duration: 1}
$data merge entity $(bone_bone23) {transformation: [-0.9647f,-0.0392f,0.2604f,0.0625f,0.0656f,0.922f,0.3817f,-1.3437f,-0.2551f,0.3853f,-0.8868f,-0.1406f,0f,0f,0f,1f],start_interpolation: 0,interpolation_duration: 1}
$data merge entity $(bone_bone27) {transformation: [-0.9446f,-0.1991f,0.261f,0.2042f,-0.0189f,0.8266f,0.5624f,-1.6493f,-0.3277f,0.5264f,-0.7846f,-0.2039f,0f,0f,0f,1f],start_interpolation: 0,interpolation_duration: 1}
$data merge entity $(bone_bone26) {transformation: [-0.8982f,-0.0534f,0.4363f,0.1875f,0.0416f,0.9778f,0.2053f,-1.3437f,-0.4376f,0.2026f,-0.876f,-0.1406f,0f,0f,0f,1f],start_interpolation: 0,interpolation_duration: 1}
$data merge entity $(bone_bone30) {transformation: [-0.6782f,-0.7349f,0f,0.3738f,-0.7349f,0.6782f,0f,-1.6369f,0f,0f,-1f,0.0625f,0f,0f,0f,1f],start_interpolation: 0,interpolation_duration: 1}
$data merge entity $(bone_bone29) {transformation: [-0.9381f,-0.3463f,0f,0.2656f,-0.3463f,0.9381f,0f,-1.3437f,0f,0f,-1f,0.0625f,0f,0f,0f,1f],start_interpolation: 0,interpolation_duration: 1}
$data merge entity $(bone_bone33) {transformation: [-0.9952f,-0.0861f,-0.047f,0.3842f,-0.0858f,0.9963f,-0.0085f,-1.6329f,0.0476f,-0.0044f,-0.9989f,-0.0635f,0f,0f,0f,1f],start_interpolation: 0,interpolation_duration: 1}
$data merge entity $(bone_bone32) {transformation: [-0.9246f,-0.3794f,-0.0342f,0.2656f,-0.3793f,0.9252f,-0.0104f,-1.3437f,0.0356f,0.0033f,-0.9994f,-0.0625f,0f,0f,0f,1f],start_interpolation: 0,interpolation_duration: 1}
$data merge entity $(bone_bone36) {transformation: [-0.9197f,0.3241f,-0.2217f,-0.3104f,0.3761f,0.8895f,-0.2597f,-1.65f,0.1131f,-0.3222f,-0.9399f,0.1056f,0f,0f,0f,1f],start_interpolation: 0,interpolation_duration: 1}
$data merge entity $(bone_bone35) {transformation: [-0.9885f,0.1433f,-0.0486f,-0.2656f,0.1486f,0.98f,-0.1323f,-1.3437f,0.0287f,-0.138f,-0.99f,0.0625f,0f,0f,0f,1f],start_interpolation: 0,interpolation_duration: 1}
$data merge entity $(bone_bone39) {transformation: [-0.9627f,0.1014f,0.2509f,-0.358f,0.1057f,0.9944f,0.0035f,-1.6406f,-0.2491f,0.0299f,-0.968f,-0.0313f,0f,0f,0f,1f],start_interpolation: 0,interpolation_duration: 1}
$data merge entity $(bone_bone38) {transformation: [-0.9354f,0.2956f,0.1942f,-0.2656f,0.2666f,0.9501f,-0.1622f,-1.3437f,-0.2325f,-0.1f,-0.9675f,-0.0625f,0f,0f,0f,1f],start_interpolation: 0,interpolation_duration: 1}
$data merge entity $(bone_bone45) {transformation: [-0.965f,-0.1367f,-0.2239f,-0.4555f,-0.1982f,0.939f,0.2809f,-0.8846f,0.1719f,0.3154f,-0.9332f,-0.1986f,0f,0f,0f,1f],start_interpolation: 0,interpolation_duration: 1}
$data merge entity $(bone_bone44) {transformation: [-0.967f,0.2427f,-0.078f,-0.3797f,0.2234f,0.9541f,0.1993f,-0.5864f,0.1227f,0.1753f,-0.9768f,-0.1438f,0f,0f,0f,1f],start_interpolation: 0,interpolation_duration: 1}
$data merge entity $(bone_bone48) {transformation: [-0.6737f,0.1235f,-0.7286f,-0.6233f,0.2364f,0.9702f,-0.0541f,-1.176f,0.7002f,-0.2087f,-0.6828f,0.0319f,0f,0f,0f,1f],start_interpolation: 0,interpolation_duration: 1}
$data merge entity $(bone_bone47) {transformation: [-0.9075f,0.3143f,-0.2786f,-0.5054f,0.3181f,0.9475f,0.0324f,-0.8207f,0.2741f,-0.0592f,-0.9599f,0.0097f,0f,0f,0f,1f],start_interpolation: 0,interpolation_duration: 1}
$data merge entity $(bone_3) {transformation: [-0.9431f,0.2269f,-0.243f,-0.3444f,0.2088f,0.973f,0.0985f,-0.7284f,0.2588f,0.0421f,-0.965f,-0.0214f,0f,0f,0f,1f],start_interpolation: 0,interpolation_duration: 1}
$data merge entity $(bone_4) {transformation: [-0.9431f,0.169f,-0.2864f,-0.4544f,0.2088f,0.9712f,-0.1145f,-0.9343f,0.2588f,-0.1677f,-0.9513f,-0.0147f,0f,0f,0f,1f],start_interpolation: 0,interpolation_duration: 1}
$data merge entity $(bone_bone42) {transformation: [-0.9844f,-0.095f,-0.1481f,0.4456f,-0.1605f,0.8298f,0.5345f,-0.8846f,0.0722f,0.5499f,-0.8321f,-0.2045f,0f,0f,0f,1f],start_interpolation: 0,interpolation_duration: 1}
$data merge entity $(bone_bone41) {transformation: [-0.8985f,-0.2691f,0.3468f,0.3615f,-0.1727f,0.9431f,0.2843f,-0.5899f,-0.4035f,0.1955f,-0.8938f,-0.1434f,0f,0f,0f,1f],start_interpolation: 0,interpolation_duration: 1}
$data merge entity $(bone_bone51) {transformation: [-0.8286f,-0.3929f,0.3989f,0.576f,-0.4226f,0.9062f,0.0148f,-1.1915f,-0.3673f,-0.1563f,-0.9169f,0.0259f,0f,0f,0f,1f],start_interpolation: 0,interpolation_duration: 1}
$data merge entity $(bone_bone50) {transformation: [-0.8894f,-0.2133f,0.4042f,0.496f,-0.2237f,0.9744f,0.0221f,-0.8261f,-0.3986f,-0.0708f,-0.9144f,-0.0006f,0f,0f,0f,1f],start_interpolation: 0,interpolation_duration: 1}
$data merge entity $(bone_1) {transformation: [-0.9764f,-0.1788f,0.1209f,0.3363f,-0.1719f,0.9829f,0.0656f,-0.7274f,-0.1305f,0.0432f,-0.9905f,-0.0136f,0f,0f,0f,1f],start_interpolation: 0,interpolation_duration: 1}
$data merge entity $(bone_2) {transformation: [-0.9764f,-0.1414f,0.163f,0.4059f,-0.1719f,0.9664f,-0.1911f,-0.937f,-0.1305f,-0.2146f,-0.9679f,-0.0189f,0f,0f,0f,1f],start_interpolation: 0,interpolation_duration: 1}
$data merge entity $(bone_7) {transformation: [-0.999f,0.0438f,-0.0038f,-0.127f,0.0439f,0.9953f,-0.0868f,-1.532f,0f,-0.0868f,-0.9962f,0.0163f,0f,0f,0f,1f],start_interpolation: 0,interpolation_duration: 1}
$data merge entity $(bone_8) {transformation: [-0.999f,0.0413f,0.015f,-0.1331f,0.0439f,0.9387f,0.342f,-1.6709f,0f,0.3423f,-0.9396f,0.0409f,0f,0f,0f,1f],start_interpolation: 0,interpolation_duration: 1}
$data merge entity $(bone_5) {transformation: [-0.999f,-0.0439f,0f,0.1188f,-0.0439f,0.999f,0.0003f,-1.3454f,0f,0.0003f,-1f,0f,0f,0f,0f,1f],start_interpolation: 0,interpolation_duration: 1}
$data merge entity $(bone_6) {transformation: [-0.999f,-0.0424f,-0.0114f,0.1336f,-0.0439f,0.9649f,0.2589f,-1.6826f,0f,0.2591f,-0.9658f,0.0061f,0f,0f,0f,1f],start_interpolation: 0,interpolation_duration: 1}