# This file was generated by Animated Java via MC-Build. It is not recommended to edit this file directly.
$data merge entity $(bone_bone54) {transformation: [-0.977f,0.2095f,-0.0409f,-0.1829f,0.2095f,0.9778f,0.0026f,-0.8824f,0.0405f,-0.0061f,-0.9992f,-0.2614f,0f,0f,0f,1f],start_interpolation: 0,interpolation_duration: 1}
$data merge entity $(bone_bone53) {transformation: [-0.9788f,0.066f,-0.1941f,-0.1562f,0.0047f,0.9538f,0.3004f,-0.5937f,0.205f,0.2931f,-0.9338f,-0.1406f,0f,0f,0f,1f],start_interpolation: 0,interpolation_duration: 1}
$data merge entity $(bone_bone57) {transformation: [-0.9415f,-0.089f,0.3251f,0.1679f,0.0514f,0.9153f,0.3996f,-0.8991f,-0.3331f,0.3929f,-0.8571f,-0.2131f,0f,0f,0f,1f],start_interpolation: 0,interpolation_duration: 1}
$data merge entity $(bone_bone56) {transformation: [-0.9414f,-0.0034f,0.3373f,0.1563f,0.0436f,0.9903f,0.1316f,-0.5937f,-0.3345f,0.1386f,-0.9322f,-0.1406f,0f,0f,0f,1f],start_interpolation: 0,interpolation_duration: 1}
$data merge entity $(bone_bone5) {transformation: [-0.9613f,0.2231f,0.1614f,-0.2262f,0.212f,0.9737f,-0.083f,-1.6477f,-0.1757f,-0.0456f,-0.9834f,0.1739f,0f,0f,0f,1f],start_interpolation: 0,interpolation_duration: 1}
$data merge entity $(bone_bone2) {transformation: [-0.9613f,0.2474f,0.1209f,-0.1875f,0.212f,0.9452f,-0.2481f,-1.5f,-0.1757f,-0.2129f,-0.9611f,0.1406f,0f,0f,0f,1f],start_interpolation: 0,interpolation_duration: 1}
$data merge entity $(bone_bone9) {transformation: [-0.9989f,-0.0072f,0.0458f,-0.0694f,0.0087f,0.941f,0.3382f,-1.6417f,-0.0455f,0.3382f,-0.94f,0.2347f,0f,0f,0f,1f],start_interpolation: 0,interpolation_duration: 1}
$data merge entity $(bone_bone8) {transformation: [-0.9989f,0.022f,0.0408f,-0.0625f,0.0087f,0.9534f,-0.3017f,-1.3437f,-0.0455f,-0.301f,-0.9525f,0.1406f,0f,0f,0f,1f],start_interpolation: 0,interpolation_duration: 1}
$data merge entity $(bone_bone12) {transformation: [-0.9963f,-0.0857f,-0.0058f,0.088f,-0.0859f,0.9955f,0.0395f,-1.6364f,0.0024f,0.0398f,-0.9992f,0.2316f,0f,0f,0f,1f],start_interpolation: 0,interpolation_duration: 1}
$data merge entity $(bone_bone11) {transformation: [-0.9963f,-0.0815f,0.0271f,0.0625f,-0.0859f,0.9364f,-0.3402f,-1.3437f,0.0024f,-0.3413f,-0.94f,0.125f,0f,0f,0f,1f],start_interpolation: 0,interpolation_duration: 1}
$data merge entity $(bone_bone15) {transformation: [-0.9613f,-0.1731f,-0.2141f,0.2548f,-0.169f,0.9849f,-0.0375f,-1.6416f,0.2174f,0.0002f,-0.9761f,0.1912f,0f,0f,0f,1f],start_interpolation: 0,interpolation_duration: 1}
$data merge entity $(bone_bone14) {transformation: [-0.9613f,-0.2155f,-0.1714f,0.1875f,-0.169f,0.9533f,-0.2504f,-1.3437f,0.2174f,-0.2117f,-0.9529f,0.125f,0f,0f,0f,1f],start_interpolation: 0,interpolation_duration: 1}
$data merge entity $(bone_bone18) {transformation: [-0.9318f,0.3177f,-0.1758f,-0.241f,0.2335f,0.8951f,0.3798f,-1.6465f,0.278f,0.3128f,-0.9082f,-0.1967f,0f,0f,0f,1f],start_interpolation: 0,interpolation_duration: 1}
$data merge entity $(bone_bone17) {transformation: [-0.8313f,0.1712f,-0.5288f,-0.1875f,0.0442f,0.9687f,0.2441f,-1.3437f,0.554f,0.1796f,-0.8129f,-0.1406f,0f,0f,0f,1f],start_interpolation: 0,interpolation_duration: 1}
$data merge entity $(bone_bone21) {transformation: [-0.989f,-0.029f,-0.145f,-0.0743f,-0.038f,0.9975f,0.0601f,-1.5834f,0.1429f,0.065f,-0.9876f,-0.3408f,0f,0f,0f,1f],start_interpolation: 0,interpolation_duration: 1}
$data merge entity $(bone_bone20) {transformation: [-0.922f,0.0378f,-0.3853f,-0.0625f,-0.2205f,0.7669f,0.6027f,-1.3437f,0.3183f,0.6407f,-0.6987f,-0.1406f,0f,0f,0f,1f],start_interpolation: 0,interpolation_duration: 1}
$data merge entity $(bone_bone24) {transformation: [-0.9155f,-0.05f,0.3992f,0.0757f,0.242f,0.7243f,0.6456f,-1.6314f,-0.3214f,0.6877f,-0.651f,-0.262f,0f,0f,0f,1f],start_interpolation: 0,interpolation_duration: 1}
$data merge entity $(bone_bone23) {transformation: [-0.9645f,-0.0422f,0.2605f,0.0625f,0.0638f,0.9206f,0.3853f,-1.3437f,-0.2561f,0.3883f,-0.8852f,-0.1406f,0f,0f,0f,1f],start_interpolation: 0,interpolation_duration: 1}
$data merge entity $(bone_bone27) {transformation: [-0.9467f,-0.1938f,0.2572f,0.2034f,-0.0264f,0.8427f,0.5378f,-1.6499f,-0.3209f,0.5023f,-0.8029f,-0.2013f,0f,0f,0f,1f],start_interpolation: 0,interpolation_duration: 1}
$data merge entity $(bone_bone26) {transformation: [-0.9032f,-0.0508f,0.4262f,0.1875f,0.038f,0.9796f,0.1972f,-1.3437f,-0.4276f,0.1943f,-0.8829f,-0.1406f,0f,0f,0f,1f],start_interpolation: 0,interpolation_duration: 1}
$data merge entity $(bone_bone30) {transformation: [-0.6751f,-0.7377f,0f,0.3733f,-0.7377f,0.6751f,0f,-1.6371f,0f,0f,-1f,0.0625f,0f,0f,0f,1f],start_interpolation: 0,interpolation_duration: 1}
$data merge entity $(bone_bone29) {transformation: [-0.9387f,-0.3446f,0f,0.2656f,-0.3446f,0.9387f,0f,-1.3437f,0f,0f,-1f,0.0625f,0f,0f,0f,1f],start_interpolation: 0,interpolation_duration: 1}
$data merge entity $(bone_bone33) {transformation: [-0.9979f,-0.0609f,-0.0235f,0.3847f,-0.0608f,0.9981f,-0.0061f,-1.6327f,0.0238f,-0.0046f,-0.9997f,-0.0628f,0f,0f,0f,1f],start_interpolation: 0,interpolation_duration: 1}
$data merge entity $(bone_bone32) {transformation: [-0.9245f,-0.3809f,-0.0161f,0.2656f,-0.3809f,0.9246f,-0.0057f,-1.3437f,0.017f,0.0008f,-0.9999f,-0.0625f,0f,0f,0f,1f],start_interpolation: 0,interpolation_duration: 1}
$data merge entity $(bone_bone36) {transformation: [-0.9145f,0.33f,-0.234f,-0.3078f,0.3858f,0.8853f,-0.2595f,-1.6505f,0.1215f,-0.3276f,-0.937f,0.1043f,0f,0f,0f,1f],start_interpolation: 0,interpolation_duration: 1}
$data merge entity $(bone_bone35) {transformation: [-0.9904f,0.1351f,-0.03f,-0.2656f,0.1379f,0.9818f,-0.1309f,-1.3437f,0.0117f,-0.1338f,-0.9909f,0.0625f,0f,0f,0f,1f],start_interpolation: 0,interpolation_duration: 1}
$data merge entity $(bone_bone39) {transformation: [-0.9566f,0.0803f,0.2801f,-0.3554f,0.0896f,0.9958f,0.0206f,-1.6416f,-0.2772f,0.0448f,-0.9598f,-0.0325f,0f,0f,0f,1f],start_interpolation: 0,interpolation_duration: 1}
$data merge entity $(bone_bone38) {transformation: [-0.9395f,0.2872f,0.1866f,-0.2656f,0.2608f,0.9531f,-0.1539f,-1.3437f,-0.222f,-0.0959f,-0.9703f,-0.0625f,0f,0f,0f,1f],start_interpolation: 0,interpolation_duration: 1}
$data merge entity $(bone_bone45) {transformation: [-0.9665f,-0.1236f,-0.2251f,-0.4577f,-0.1852f,0.9425f,0.278f,-0.8843f,0.1778f,0.3104f,-0.9338f,-0.1971f,0f,0f,0f,1f],start_interpolation: 0,interpolation_duration: 1}
$data merge entity $(bone_bone44) {transformation: [-0.9665f,0.2495f,-0.0602f,-0.3797f,0.2342f,0.9532f,0.1911f,-0.5864f,0.1051f,0.1706f,-0.9797f,-0.1438f,0f,0f,0f,1f],start_interpolation: 0,interpolation_duration: 1}
$data merge entity $(bone_bone48) {transformation: [-0.6794f,0.0989f,-0.7271f,-0.6208f,0.2228f,0.9719f,-0.076f,-1.1769f,0.6991f,-0.2136f,-0.6824f,0.0302f,0f,0f,0f,1f],start_interpolation: 0,interpolation_duration: 1}
$data merge entity $(bone_bone47) {transformation: [-0.9135f,0.3076f,-0.2664f,-0.5055f,0.3109f,0.95f,0.0308f,-0.8207f,0.2626f,-0.0547f,-0.9634f,0.0097f,0f,0f,0f,1f],start_interpolation: 0,interpolation_duration: 1}
$data merge entity $(bone_3) {transformation: [-0.943f,0.2272f,-0.243f,-0.3445f,0.209f,0.9729f,0.0985f,-0.7284f,0.2588f,0.0421f,-0.965f,-0.0214f,0f,0f,0f,1f],start_interpolation: 0,interpolation_duration: 1}
$data merge entity $(bone_4) {transformation: [-0.943f,0.1692f,-0.2864f,-0.4545f,0.209f,0.9712f,-0.1144f,-0.9343f,0.2588f,-0.1677f,-0.9513f,-0.0147f,0f,0f,0f,1f],start_interpolation: 0,interpolation_duration: 1}
$data merge entity $(bone_bone42) {transformation: [-0.9835f,-0.0919f,-0.1557f,0.4479f,-0.1632f,0.8224f,0.545f,-0.8838f,0.078f,0.5614f,-0.8239f,-0.2052f,0f,0f,0f,1f],start_interpolation: 0,interpolation_duration: 1}
$data merge entity $(bone_bone41) {transformation: [-0.8978f,-0.2766f,0.3427f,0.3615f,-0.1795f,0.9404f,0.2888f,-0.5899f,-0.4022f,0.1978f,-0.894f,-0.1434f,0f,0f,0f,1f],start_interpolation: 0,interpolation_duration: 1}
$data merge entity $(bone_bone51) {transformation: [-0.8206f,-0.3934f,0.4145f,0.5741f,-0.4221f,0.9062f,0.0245f,-1.192f,-0.3853f,-0.1548f,-0.9097f,0.0242f,0f,0f,0f,1f],start_interpolation: 0,interpolation_duration: 1}
$data merge entity $(bone_bone50) {transformation: [-0.8848f,-0.2082f,0.4169f,0.496f,-0.2167f,0.9759f,0.0273f,-0.826f,-0.4125f,-0.0662f,-0.9086f,-0.0006f,0f,0f,0f,1f],start_interpolation: 0,interpolation_duration: 1}
$data merge entity $(bone_1) {transformation: [-0.9764f,-0.179f,0.1209f,0.3364f,-0.1721f,0.9829f,0.0656f,-0.7274f,-0.1305f,0.0432f,-0.9905f,-0.0136f,0f,0f,0f,1f],start_interpolation: 0,interpolation_duration: 1}
$data merge entity $(bone_2) {transformation: [-0.9764f,-0.1416f,0.1631f,0.406f,-0.1721f,0.9664f,-0.191f,-0.937f,-0.1305f,-0.2146f,-0.9679f,-0.0189f,0f,0f,0f,1f],start_interpolation: 0,interpolation_duration: 1}
$data merge entity $(bone_7) {transformation: [-0.999f,0.0435f,-0.0038f,-0.1269f,0.0437f,0.9953f,-0.087f,-1.532f,0f,-0.0871f,-0.9962f,0.0163f,0f,0f,0f,1f],start_interpolation: 0,interpolation_duration: 1}
$data merge entity $(bone_8) {transformation: [-0.999f,0.0411f,0.0149f,-0.133f,0.0437f,0.9388f,0.3418f,-1.6709f,0f,0.3421f,-0.9397f,0.041f,0f,0f,0f,1f],start_interpolation: 0,interpolation_duration: 1}
$data merge entity $(bone_5) {transformation: [-0.999f,-0.0437f,0f,0.1188f,-0.0437f,0.999f,0.0001f,-1.3454f,0f,0.0001f,-1f,0f,0f,0f,0f,1f],start_interpolation: 0,interpolation_duration: 1}
$data merge entity $(bone_6) {transformation: [-0.999f,-0.0422f,-0.0113f,0.1335f,-0.0437f,0.965f,0.2586f,-1.6826f,0f,0.2589f,-0.9659f,0.0062f,0f,0f,0f,1f],start_interpolation: 0,interpolation_duration: 1}