# This file was generated by Animated Java via MC-Build. It is not recommended to edit this file directly.
$data merge entity $(bone_bone54) {transformation: [-0.9719f,0.2327f,0.0342f,-0.1714f,0.232f,0.9724f,-0.0251f,-0.8737f,-0.0391f,-0.0165f,-0.9991f,-0.2822f,0f,0f,0f,1f],start_interpolation: 0,interpolation_duration: 1}
$data merge entity $(bone_bone53) {transformation: [-0.9641f,0.022f,-0.2647f,-0.1562f,-0.0765f,0.9313f,0.3561f,-0.5937f,0.2543f,0.3635f,-0.8962f,-0.1406f,0f,0f,0f,1f],start_interpolation: 0,interpolation_duration: 1}
$data merge entity $(bone_bone57) {transformation: [-0.9638f,-0.1137f,0.2411f,0.1568f,0.0224f,0.8667f,0.4983f,-0.9012f,-0.2657f,0.4856f,-0.8328f,-0.2047f,0f,0f,0f,1f],start_interpolation: 0,interpolation_duration: 1}
$data merge entity $(bone_bone56) {transformation: [-0.9505f,0.0291f,0.3094f,0.1563f,0.0617f,0.9935f,0.096f,-0.5937f,-0.3046f,0.1103f,-0.9461f,-0.1406f,0f,0f,0f,1f],start_interpolation: 0,interpolation_duration: 1}
$data merge entity $(bone_bone5) {transformation: [-0.9496f,0.2075f,0.2349f,-0.2212f,0.1575f,0.9639f,-0.2146f,-1.6493f,-0.2709f,-0.1668f,-0.948f,0.1721f,0f,0f,0f,1f],start_interpolation: 0,interpolation_duration: 1}
$data merge entity $(bone_bone2) {transformation: [-0.9496f,0.2159f,0.2272f,-0.1875f,0.1575f,0.9555f,-0.2495f,-1.5f,-0.2709f,-0.2011f,-0.9414f,0.1406f,0f,0f,0f,1f],start_interpolation: 0,interpolation_duration: 1}
$data merge entity $(bone_bone9) {transformation: [-0.9908f,-0.0161f,0.1346f,-0.0786f,0.0071f,0.9853f,0.1706f,-1.6387f,-0.1354f,0.17f,-0.9761f,0.2428f,0f,0f,0f,1f],start_interpolation: 0,interpolation_duration: 1}
$data merge entity $(bone_bone8) {transformation: [-0.9908f,0.0514f,0.1254f,-0.0625f,0.0071f,0.9437f,-0.3308f,-1.3437f,-0.1354f,-0.3268f,-0.9353f,0.1406f,0f,0f,0f,1f],start_interpolation: 0,interpolation_duration: 1}
$data merge entity $(bone_bone12) {transformation: [-0.993f,-0.0417f,-0.1101f,0.0812f,-0.0257f,0.9894f,-0.1431f,-1.6409f,0.1149f,-0.1393f,-0.9836f,0.2199f,0f,0f,0f,1f],start_interpolation: 0,interpolation_duration: 1}
$data merge entity $(bone_bone11) {transformation: [-0.993f,-0.0597f,-0.1015f,0.0625f,-0.0257f,0.9509f,-0.3084f,-1.3437f,0.1149f,-0.3037f,-0.9458f,0.125f,0f,0f,0f,1f],start_interpolation: 0,interpolation_duration: 1}
$data merge entity $(bone_bone15) {transformation: [-0.9542f,-0.1489f,-0.2593f,0.2526f,-0.1457f,0.9888f,-0.0318f,-1.6408f,0.2612f,0.0074f,-0.9653f,0.1971f,0f,0f,0f,1f],start_interpolation: 0,interpolation_duration: 1}
$data merge entity $(bone_bone14) {transformation: [-0.9542f,-0.2082f,-0.2147f,0.1875f,-0.1457f,0.9505f,-0.2744f,-1.3437f,0.2612f,-0.2306f,-0.9373f,0.125f,0f,0f,0f,1f],start_interpolation: 0,interpolation_duration: 1}
$data merge entity $(bone_bone18) {transformation: [-0.9577f,0.1642f,-0.2364f,-0.2671f,0.1045f,0.9636f,0.246f,-1.6425f,0.2682f,0.2109f,-0.94f,-0.1863f,0f,0f,0f,1f],start_interpolation: 0,interpolation_duration: 1}
$data merge entity $(bone_bone17) {transformation: [-0.805f,0.2546f,-0.5359f,-0.1875f,0.1258f,0.9559f,0.2653f,-1.3437f,0.5798f,0.1462f,-0.8015f,-0.1406f,0f,0f,0f,1f],start_interpolation: 0,interpolation_duration: 1}
$data merge entity $(bone_bone21) {transformation: [-0.9899f,0.1353f,0.0425f,-0.0795f,0.1417f,0.9299f,0.3394f,-1.5967f,0.0064f,0.3419f,-0.9397f,-0.3234f,0f,0f,0f,1f],start_interpolation: 0,interpolation_duration: 1}
$data merge entity $(bone_bone20) {transformation: [-0.9843f,0.0545f,-0.1676f,-0.0625f,-0.0548f,0.8094f,0.5847f,-1.3437f,0.1675f,0.5847f,-0.7937f,-0.1406f,0f,0f,0f,1f],start_interpolation: 0,interpolation_duration: 1}
$data merge entity $(bone_bone24) {transformation: [-0.9701f,0.0138f,0.2422f,0.0831f,0.1372f,0.8547f,0.5006f,-1.615f,-0.2001f,0.5189f,-0.8311f,-0.2944f,0f,0f,0f,1f],start_interpolation: 0,interpolation_duration: 1}
$data merge entity $(bone_bone23) {transformation: [-0.9895f,-0.0658f,0.1283f,0.0625f,0.0067f,0.8681f,0.4964f,-1.3437f,-0.1441f,0.4921f,-0.8586f,-0.1406f,0f,0f,0f,1f],start_interpolation: 0,interpolation_duration: 1}
$data merge entity $(bone_bone27) {transformation: [-0.9038f,-0.1128f,0.4129f,0.1905f,0.0822f,0.901f,0.4259f,-1.638f,-0.4201f,0.4189f,-0.805f,-0.2458f,0f,0f,0f,1f],start_interpolation: 0,interpolation_duration: 1}
$data merge entity $(bone_bone26) {transformation: [-0.8503f,-0.0096f,0.5262f,0.1875f,0.1695f,0.9416f,0.2911f,-1.3437f,-0.4983f,0.3367f,-0.799f,-0.1406f,0f,0f,0f,1f],start_interpolation: 0,interpolation_duration: 1}
$data merge entity $(bone_bone30) {transformation: [-0.7927f,-0.6096f,0f,0.3535f,-0.6096f,0.7927f,0f,-1.6436f,0f,0f,-1f,0.0625f,0f,0f,0f,1f],start_interpolation: 0,interpolation_duration: 1}
$data merge entity $(bone_bone29) {transformation: [-0.9596f,-0.2813f,0f,0.2656f,-0.2813f,0.9596f,0f,-1.3437f,0f,0f,-1f,0.0625f,0f,0f,0f,1f],start_interpolation: 0,interpolation_duration: 1}
$data merge entity $(bone_bone33) {transformation: [-0.9546f,-0.1322f,0.2668f,0.3984f,-0.0765f,0.9748f,0.2095f,-1.6263f,-0.2878f,0.1796f,-0.9407f,-0.0761f,0f,0f,0f,1f],start_interpolation: 0,interpolation_duration: 1}
$data merge entity $(bone_bone32) {transformation: [-0.8965f,-0.4248f,0.1257f,0.2656f,-0.4135f,0.9042f,0.1067f,-1.3437f,-0.159f,0.0437f,-0.9863f,-0.0625f,0f,0f,0f,1f],start_interpolation: 0,interpolation_duration: 1}
$data merge entity $(bone_bone36) {transformation: [-0.8351f,0.3273f,-0.442f,-0.3121f,0.4783f,0.8289f,-0.2899f,-1.6503f,0.2715f,-0.4535f,-0.8489f,0.1015f,0f,0f,0f,1f],start_interpolation: 0,interpolation_duration: 1}
$data merge entity $(bone_bone35) {transformation: [-0.9877f,0.1487f,-0.0489f,-0.2656f,0.1535f,0.981f,-0.1188f,-1.3437f,0.0303f,-0.1248f,-0.9917f,0.0625f,0f,0f,0f,1f],start_interpolation: 0,interpolation_duration: 1}
$data merge entity $(bone_bone39) {transformation: [-0.9115f,0.1057f,0.3975f,-0.3476f,0.1402f,0.9884f,0.0586f,-1.6453f,-0.3867f,0.1091f,-0.9157f,-0.0594f,0f,0f,0f,1f],start_interpolation: 0,interpolation_duration: 1}
$data merge entity $(bone_bone38) {transformation: [-0.9524f,0.2622f,0.1558f,-0.2656f,0.2571f,0.965f,-0.0524f,-1.3437f,-0.1641f,-0.0098f,-0.9864f,-0.0625f,0f,0f,0f,1f],start_interpolation: 0,interpolation_duration: 1}
$data merge entity $(bone_bone45) {transformation: [-0.9871f,0.1134f,-0.1131f,-0.49f,0.0625f,0.923f,0.3798f,-0.8723f,0.1475f,0.3678f,-0.9181f,-0.2052f,0f,0f,0f,1f],start_interpolation: 0,interpolation_duration: 1}
$data merge entity $(bone_bone44) {transformation: [-0.9309f,0.3529f,0.0943f,-0.3797f,0.3644f,0.9148f,0.1741f,-0.5864f,-0.0248f,0.1964f,-0.9802f,-0.1438f,0f,0f,0f,1f],start_interpolation: 0,interpolation_duration: 1}
$data merge entity $(bone_bone48) {transformation: [-0.8158f,0.0514f,-0.5761f,-0.6335f,0.12f,0.9894f,-0.0817f,-1.1717f,0.5658f,-0.1358f,-0.8133f,0.044f,0f,0f,0f,1f],start_interpolation: 0,interpolation_duration: 1}
$data merge entity $(bone_bone47) {transformation: [-0.8918f,0.344f,-0.2939f,-0.5045f,0.3557f,0.9345f,0.0145f,-0.8212f,0.2796f,-0.0916f,-0.9557f,0.0097f,0f,0f,0f,1f],start_interpolation: 0,interpolation_duration: 1}
$data merge entity $(bone_3) {transformation: [-0.944f,0.2228f,-0.2434f,-0.3439f,0.2048f,0.9739f,0.0974f,-0.7283f,0.2588f,0.0421f,-0.965f,-0.0214f,0f,0f,0f,1f],start_interpolation: 0,interpolation_duration: 1}
$data merge entity $(bone_4) {transformation: [-0.944f,0.1649f,-0.2859f,-0.453f,0.2048f,0.9719f,-0.1157f,-0.9346f,0.2588f,-0.1677f,-0.9513f,-0.0147f,0f,0f,0f,1f],start_interpolation: 0,interpolation_duration: 1}
$data merge entity $(bone_bone42) {transformation: [-0.976f,-0.0497f,-0.2122f,0.4301f,-0.1227f,0.93f,0.3465f,-0.8763f,0.1801f,0.3642f,-0.9137f,-0.2478f,0f,0f,0f,1f],start_interpolation: 0,interpolation_duration: 1}
$data merge entity $(bone_bone41) {transformation: [-0.9755f,-0.2195f,-0.0125f,0.3615f,-0.2106f,0.9166f,0.3398f,-0.5898f,-0.0632f,0.3341f,-0.9404f,-0.1434f,0f,0f,0f,1f],start_interpolation: 0,interpolation_duration: 1}
$data merge entity $(bone_bone51) {transformation: [-0.8983f,-0.321f,0.2999f,0.6048f,-0.3158f,0.9464f,0.0672f,-1.1851f,-0.3054f,-0.0343f,-0.9516f,0.0009f,0f,0f,0f,1f],start_interpolation: 0,interpolation_duration: 1}
$data merge entity $(bone_bone50) {transformation: [-0.9101f,-0.2929f,0.2931f,0.495f,-0.2801f,0.9561f,0.0857f,-0.8266f,-0.3053f,-0.0041f,-0.9522f,-0.0006f,0f,0f,0f,1f],start_interpolation: 0,interpolation_duration: 1}
$data merge entity $(bone_1) {transformation: [-0.9772f,-0.1746f,0.1211f,0.3358f,-0.1677f,0.9837f,0.0651f,-0.7272f,-0.1305f,0.0432f,-0.9905f,-0.0136f,0f,0f,0f,1f],start_interpolation: 0,interpolation_duration: 1}
$data merge entity $(bone_2) {transformation: [-0.9772f,-0.1373f,0.1622f,0.4045f,-0.1677f,0.967f,-0.1918f,-0.9371f,-0.1305f,-0.2146f,-0.9679f,-0.0189f,0f,0f,0f,1f],start_interpolation: 0,interpolation_duration: 1}
$data merge entity $(bone_7) {transformation: [-0.9988f,0.048f,-0.004f,-0.1278f,0.0482f,0.9954f,-0.0825f,-1.5322f,0f,-0.0826f,-0.9966f,0.0155f,0f,0f,0f,1f],start_interpolation: 0,interpolation_duration: 1}
$data merge entity $(bone_8) {transformation: [-0.9988f,0.0452f,0.0167f,-0.1345f,0.0482f,0.937f,0.3459f,-1.6711f,0f,0.3463f,-0.9381f,0.0396f,0f,0f,0f,1f],start_interpolation: 0,interpolation_duration: 1}
$data merge entity $(bone_5) {transformation: [-0.9988f,-0.0482f,-0.0002f,0.1188f,-0.0482f,0.9988f,0.0045f,-1.3456f,0f,0.0045f,-1f,0f,0f,0f,0f,1f],start_interpolation: 0,interpolation_duration: 1}
$data merge entity $(bone_6) {transformation: [-0.9988f,-0.0465f,-0.0127f,0.135f,-0.0482f,0.9636f,0.2629f,-1.6827f,0f,0.2632f,-0.9647f,0.0047f,0f,0f,0f,1f],start_interpolation: 0,interpolation_duration: 1}