# This file was generated by Animated Java via MC-Build. It is not recommended to edit this file directly.
$data merge entity $(bone_bone54) {transformation: [-0.971f,0.2335f,0.0507f,-0.1693f,0.2324f,0.9723f,-0.0264f,1.222f,-0.0555f,-0.0139f,-0.9984f,-0.2862f,0f,0f,0f,1f],start_interpolation: 0,interpolation_duration: 1}
$data merge entity $(bone_bone53) {transformation: [-0.963f,0.0148f,-0.269f,-0.1562f,-0.0882f,0.9261f,0.3668f,1.5f,0.2546f,0.3769f,-0.8906f,-0.1406f,0f,0f,0f,1f],start_interpolation: 0,interpolation_duration: 1}
$data merge entity $(bone_bone57) {transformation: [-0.9686f,-0.1068f,0.2245f,0.1554f,0.0219f,0.8628f,0.5051f,1.1926f,-0.2476f,0.4942f,-0.8334f,-0.205f,0f,0f,0f,1f],start_interpolation: 0,interpolation_duration: 1}
$data merge entity $(bone_bone56) {transformation: [-0.9532f,0.0329f,0.3004f,0.1563f,0.0646f,0.9933f,0.0961f,1.5f,-0.2952f,0.111f,-0.949f,-0.1406f,0f,0f,0f,1f],start_interpolation: 0,interpolation_duration: 1}
$data merge entity $(bone_bone5) {transformation: [-0.9456f,0.207f,0.2511f,-0.2201f,0.146f,0.9594f,-0.2411f,0.4441f,-0.2909f,-0.1913f,-0.9374f,0.1716f,0f,0f,0f,1f],start_interpolation: 0,interpolation_duration: 1}
$data merge entity $(bone_bone2) {transformation: [-0.9456f,0.2089f,0.2496f,-0.1875f,0.146f,0.9576f,-0.2484f,0.5938f,-0.2909f,-0.1984f,-0.936f,0.1406f,0f,0f,0f,1f],start_interpolation: 0,interpolation_duration: 1}
$data merge entity $(bone_bone9) {transformation: [-0.988f,-0.0141f,0.1539f,-0.0807f,0.0068f,0.9909f,0.1342f,0.4558f,-0.1543f,0.1336f,-0.9789f,0.2443f,0f,0f,0f,1f],start_interpolation: 0,interpolation_duration: 1}
$data merge entity $(bone_bone8) {transformation: [-0.988f,0.0583f,0.1431f,-0.0625f,0.0068f,0.9415f,-0.3369f,0.75f,-0.1543f,-0.3319f,-0.9306f,0.1406f,0f,0f,0f,1f],start_interpolation: 0,interpolation_duration: 1}
$data merge entity $(bone_bone12) {transformation: [-0.9902f,-0.0375f,-0.1342f,0.0793f,-0.0129f,0.9836f,-0.1798f,0.4519f,0.1387f,-0.1764f,-0.9745f,0.2172f,0f,0f,0f,1f],start_interpolation: 0,interpolation_duration: 1}
$data merge entity $(bone_bone11) {transformation: [-0.9902f,-0.0538f,-0.1285f,0.0625f,-0.0129f,0.9539f,-0.2998f,0.75f,0.1387f,-0.2952f,-0.9453f,0.125f,0f,0f,0f,1f],start_interpolation: 0,interpolation_duration: 1}
$data merge entity $(bone_bone15) {transformation: [-0.9524f,-0.1437f,-0.2689f,0.2522f,-0.1407f,0.9896f,-0.0303f,0.4532f,0.2704f,0.0089f,-0.9627f,0.1983f,0f,0f,0f,1f],start_interpolation: 0,interpolation_duration: 1}
$data merge entity $(bone_bone14) {transformation: [-0.9524f,-0.2069f,-0.2239f,0.1875f,-0.1407f,0.9499f,-0.2792f,0.75f,0.2704f,-0.2345f,-0.9338f,0.125f,0f,0f,0f,1f],start_interpolation: 0,interpolation_duration: 1}
$data merge entity $(bone_bone18) {transformation: [-0.9593f,0.1381f,-0.2462f,-0.2716f,0.0812f,0.9703f,0.2278f,0.4525f,0.2704f,0.1985f,-0.9421f,-0.1865f,0f,0f,0f,1f],start_interpolation: 0,interpolation_duration: 1}
$data merge entity $(bone_bone17) {transformation: [-0.8003f,0.269f,-0.5359f,-0.1875f,0.1361f,0.9519f,0.2745f,0.75f,0.5839f,0.1468f,-0.7984f,-0.1406f,0f,0f,0f,1f],start_interpolation: 0,interpolation_duration: 1}
$data merge entity $(bone_bone21) {transformation: [-0.9848f,0.151f,0.0853f,-0.0827f,0.1721f,0.9108f,0.3753f,0.4949f,-0.0211f,0.3843f,-0.923f,-0.32f,0f,0f,0f,1f],start_interpolation: 0,interpolation_duration: 1}
$data merge entity $(bone_bone20) {transformation: [-0.9897f,0.0646f,-0.1281f,-0.0625f,-0.0215f,0.8162f,0.5773f,0.75f,0.1419f,0.5741f,-0.8064f,-0.1406f,0f,0f,0f,1f],start_interpolation: 0,interpolation_duration: 1}
$data merge entity $(bone_bone24) {transformation: [-0.9768f,0.0186f,0.2134f,0.0829f,0.1199f,0.8729f,0.4729f,0.4818f,-0.1775f,0.4875f,-0.8549f,-0.2996f,0f,0f,0f,1f],start_interpolation: 0,interpolation_duration: 1}
$data merge entity $(bone_bone23) {transformation: [-0.9924f,-0.0654f,0.1039f,0.0625f,-0.0028f,0.8584f,0.513f,0.75f,-0.1228f,0.5089f,-0.8521f,-0.1406f,0f,0f,0f,1f],start_interpolation: 0,interpolation_duration: 1}
$data merge entity $(bone_bone27) {transformation: [-0.8913f,-0.1008f,0.4421f,0.1906f,0.1038f,0.9038f,0.4153f,0.4589f,-0.4414f,0.416f,-0.795f,-0.2542f,0f,0f,0f,1f],start_interpolation: 0,interpolation_duration: 1}
$data merge entity $(bone_bone26) {transformation: [-0.8346f,-0.01f,0.5507f,0.1875f,0.1924f,0.9316f,0.3085f,0.75f,-0.5161f,0.3635f,-0.7756f,-0.1406f,0f,0f,0f,1f],start_interpolation: 0,interpolation_duration: 1}
$data merge entity $(bone_bone30) {transformation: [-0.8138f,-0.5812f,0f,0.3504f,-0.5812f,0.8138f,0f,0.4492f,0f,0f,-1f,0.0625f,0f,0f,0f,1f],start_interpolation: 0,interpolation_duration: 1}
$data merge entity $(bone_bone29) {transformation: [-0.9625f,-0.2713f,0f,0.2656f,-0.2713f,0.9625f,0f,0.75f,0f,0f,-1f,0.0625f,0f,0f,0f,1f],start_interpolation: 0,interpolation_duration: 1}
$data merge entity $(bone_bone33) {transformation: [-0.9399f,-0.1648f,0.299f,0.4011f,-0.0897f,0.9642f,0.2496f,0.4689f,-0.3294f,0.2077f,-0.9211f,-0.079f,0f,0f,0f,1f],start_interpolation: 0,interpolation_duration: 1}
$data merge entity $(bone_bone32) {transformation: [-0.8902f,-0.4334f,0.1399f,0.2656f,-0.4184f,0.8996f,0.125f,0.75f,-0.1801f,0.0527f,-0.9822f,-0.0625f,0f,0f,0f,1f],start_interpolation: 0,interpolation_duration: 1}
$data merge entity $(bone_bone36) {transformation: [-0.822f,0.3203f,-0.4709f,-0.3146f,0.4887f,0.8212f,-0.2945f,0.4439f,0.2923f,-0.4723f,-0.8316f,0.1019f,0f,0f,0f,1f],start_interpolation: 0,interpolation_duration: 1}
$data merge entity $(bone_bone35) {transformation: [-0.9856f,0.1566f,-0.0637f,-0.2656f,0.1633f,0.9796f,-0.1173f,0.75f,0.044f,-0.126f,-0.991f,0.0625f,0f,0f,0f,1f],start_interpolation: 0,interpolation_duration: 1}
$data merge entity $(bone_bone39) {transformation: [-0.9056f,0.1216f,0.4063f,-0.3474f,0.1576f,0.9859f,0.0563f,0.4484f,-0.3937f,0.115f,-0.912f,-0.0641f,0f,0f,0f,1f],start_interpolation: 0,interpolation_duration: 1}
$data merge entity $(bone_bone38) {transformation: [-0.9529f,0.2616f,0.1534f,-0.2656f,0.2591f,0.9652f,-0.0365f,0.75f,-0.1576f,0.005f,-0.9875f,-0.0625f,0f,0f,0f,1f],start_interpolation: 0,interpolation_duration: 1}
$data merge entity $(bone_bone45) {transformation: [-0.9854f,0.1456f,-0.0888f,-0.4938f,0.0991f,0.9127f,0.3963f,1.2234f,0.1388f,0.3817f,-0.9138f,-0.2075f,0f,0f,0f,1f],start_interpolation: 0,interpolation_duration: 1}
$data merge entity $(bone_bone44) {transformation: [-0.9243f,0.3649f,0.112f,-0.3797f,0.3798f,0.9084f,0.1746f,1.5073f,-0.0381f,0.2039f,-0.9782f,-0.1438f,0f,0f,0f,1f],start_interpolation: 0,interpolation_duration: 1}
$data merge entity $(bone_bone48) {transformation: [-0.8348f,0.0539f,-0.5478f,-0.6368f,0.1066f,0.9922f,-0.0649f,0.9236f,0.5401f,-0.1126f,-0.8341f,0.0475f,0f,0f,0f,1f],start_interpolation: 0,interpolation_duration: 1}
$data merge entity $(bone_bone47) {transformation: [-0.8838f,0.3536f,-0.3062f,-0.5042f,0.3675f,0.9299f,0.0132f,1.2724f,0.2894f,-0.1008f,-0.9519f,0.0097f,0f,0f,0f,1f],start_interpolation: 0,interpolation_duration: 1}
$data merge entity $(bone_3) {transformation: [-0.9442f,0.2218f,-0.2436f,-0.3437f,0.2037f,0.9742f,0.0972f,1.3655f,0.2588f,0.0421f,-0.965f,-0.0214f,0f,0f,0f,1f],start_interpolation: 0,interpolation_duration: 1}
$data merge entity $(bone_4) {transformation: [-0.9442f,0.1638f,-0.2858f,-0.4526f,0.2037f,0.9721f,-0.116f,1.159f,0.2588f,-0.1677f,-0.9513f,-0.0147f,0f,0f,0f,1f],start_interpolation: 0,interpolation_duration: 1}
$data merge entity $(bone_bone42) {transformation: [-0.9747f,-0.0416f,-0.2194f,0.4228f,-0.1084f,0.9471f,0.3019f,1.2182f,0.1953f,0.3181f,-0.9277f,-0.2541f,0f,0f,0f,1f],start_interpolation: 0,interpolation_duration: 1}
$data merge entity $(bone_bone41) {transformation: [-0.9778f,-0.1962f,-0.0733f,0.3615f,-0.2094f,0.9143f,0.3468f,1.5039f,-0.001f,0.3545f,-0.9351f,-0.1434f,0f,0f,0f,1f],start_interpolation: 0,interpolation_duration: 1}
$data merge entity $(bone_bone51) {transformation: [-0.9143f,-0.3037f,0.2681f,0.6105f,-0.2966f,0.9526f,0.0676f,0.9104f,-0.2759f,-0.0177f,-0.961f,-0.0025f,0f,0f,0f,1f],start_interpolation: 0,interpolation_duration: 1}
$data merge entity $(bone_bone50) {transformation: [-0.9144f,-0.3087f,0.262f,0.4947f,-0.2953f,0.9511f,0.0902f,1.2671f,-0.277f,0.0051f,-0.9608f,-0.0006f,0f,0f,0f,1f],start_interpolation: 0,interpolation_duration: 1}
$data merge entity $(bone_1) {transformation: [-0.9773f,-0.1736f,0.1212f,0.3356f,-0.1667f,0.9839f,0.0649f,1.3666f,-0.1305f,0.0432f,-0.9905f,-0.0136f,0f,0f,0f,1f],start_interpolation: 0,interpolation_duration: 1}
$data merge entity $(bone_2) {transformation: [-0.9773f,-0.1363f,0.162f,0.4041f,-0.1667f,0.9672f,-0.1919f,1.1566f,-0.1305f,-0.2146f,-0.9679f,-0.0189f,0f,0f,0f,1f],start_interpolation: 0,interpolation_duration: 1}
$data merge entity $(bone_7) {transformation: [-0.9988f,0.0491f,-0.004f,-0.128f,0.0492f,0.9955f,-0.0814f,0.5615f,0f,-0.0815f,-0.9967f,0.0153f,0f,0f,0f,1f],start_interpolation: 0,interpolation_duration: 1}
$data merge entity $(bone_8) {transformation: [-0.9988f,0.0462f,0.0171f,-0.1349f,0.0492f,0.9366f,0.3469f,0.4225f,0f,0.3473f,-0.9378f,0.0392f,0f,0f,0f,1f],start_interpolation: 0,interpolation_duration: 1}
$data merge entity $(bone_5) {transformation: [-0.9988f,-0.0492f,-0.0003f,0.1188f,-0.0492f,0.9988f,0.0056f,0.7482f,0f,0.0056f,-1f,0f,0f,0f,0f,1f],start_interpolation: 0,interpolation_duration: 1}
$data merge entity $(bone_6) {transformation: [-0.9988f,-0.0475f,-0.013f,0.1354f,-0.0492f,0.9633f,0.2639f,0.411f,0f,0.2643f,-0.9645f,0.0043f,0f,0f,0f,1f],start_interpolation: 0,interpolation_duration: 1}