# This file was generated by Animated Java via MC-Build. It is not recommended to edit this file directly.
$data merge entity $(bone_layer) {transformation: [-1f,0f,0f,0f,0f,0.5f,0.866f,1.4844f,0f,0.866f,-0.5f,0.0625f,0f,0f,0f,1f],start_interpolation: 0,interpolation_duration: 1}
$data merge entity $(bone_head) {transformation: [-1f,0f,0f,0f,0f,0.5f,0.866f,1.4844f,0f,0.866f,-0.5f,0.0625f,0f,0f,0f,1f],start_interpolation: 0,interpolation_duration: 1}
$data merge entity $(bone_6) {transformation: [-0.9779f,-0.1357f,-0.1593f,0.1785f,-0.1553f,0.9809f,0.1176f,0.4264f,0.1403f,0.1397f,-0.9802f,0.0099f,0f,0f,0f,1f],start_interpolation: 0,interpolation_duration: 1}
$data merge entity $(bone_12) {transformation: [-0.9779f,-0.1723f,-0.1188f,0.1188f,-0.1553f,0.9779f,-0.1403f,0.7656f,0.1403f,-0.1188f,-0.983f,-0.0312f,0f,0f,0f,1f],start_interpolation: 0,interpolation_duration: 1}
$data merge entity $(bone_10) {transformation: [-1f,0f,0f,0f,0f,0.999f,0.0436f,1.1335f,0f,0.0436f,-0.999f,-0.0153f,0f,0f,0f,1f],start_interpolation: 0,interpolation_duration: 1}
$data merge entity $(bone_9) {transformation: [-1f,0f,0f,0f,0f,0.9763f,0.2164f,1.4844f,0f,0.2164f,-0.9763f,0.0625f,0f,0f,0f,1f],start_interpolation: 0,interpolation_duration: 1}
$data merge entity $(bone_2) {transformation: [0.965f,-0.212f,-0.1485f,-0.5416f,-0.2586f,-0.7912f,-0.554f,0.8626f,0f,0.5736f,-0.8192f,0.2406f,0f,0f,0f,1f],start_interpolation: 0,interpolation_duration: 1}
$data merge entity $(bone_1) {transformation: [0.9659f,0.2588f,0f,-0.375f,-0.2588f,0.9659f,0f,1.4844f,0f,0f,1f,0.0625f,0f,0f,0f,1f],start_interpolation: 0,interpolation_duration: 1}
$data merge entity $(bone_4) {transformation: [-0.965f,-0.2183f,0.1391f,0.4467f,-0.2586f,0.8147f,-0.519f,1.1584f,0f,-0.5373f,-0.8434f,0.0375f,0f,0f,0f,1f],start_interpolation: 0,interpolation_duration: 1}
$data merge entity $(bone_3) {transformation: [-0.9659f,-0.2588f,0f,0.3594f,-0.2588f,0.9659f,0f,1.4844f,0f,0f,-1f,0.0625f,0f,0f,0f,1f],start_interpolation: 0,interpolation_duration: 1}
$data merge entity $(bone_8) {transformation: [-0.9638f,0.1123f,0.2418f,-0.1954f,0.1428f,0.9833f,0.1125f,0.3985f,-0.2251f,0.143f,-0.9638f,0.0105f,0f,0f,0f,1f],start_interpolation: 0,interpolation_duration: 1}
$data merge entity $(bone_7) {transformation: [-0.9638f,0.1711f,0.2045f,-0.1312f,0.1428f,0.979f,-0.1458f,0.7656f,-0.2251f,-0.1113f,-0.9679f,-0.0313f,0f,0f,0f,1f],start_interpolation: 0,interpolation_duration: 1}
data modify entity @s data merge value {"cameras":{"camera":{"posx":-2.143131898507868e-16,"posy":1.3125,"posz":1.75,"roty":180,"rotx":0}},"locators":{}}