# This file was generated by Animated Java via MC-Build. It is not recommended to edit this file directly.
$data merge entity $(bone_2) {transformation: [0.3157f,-0.8989f,-0.3036f,-0.9035f,-0.92f,-0.2136f,-0.326f,1.2291f,0.228f,0.3826f,-0.8953f,0.0722f,0f,0f,0f,1f],start_interpolation: 0,interpolation_duration: 1}
$data merge entity $(bone_1) {transformation: [0.316f,0.9105f,-0.2669f,-0.2699f,-0.9209f,0.362f,0.1445f,1.4364f,0.2282f,0.2001f,0.9528f,0.0312f,0f,0f,0f,1f],start_interpolation: 0,interpolation_duration: 1}
$data merge entity $(bone_4) {transformation: [-0.1784f,-0.9646f,0.1938f,0.559f,-0.9829f,0.174f,-0.0404f,1.3665f,0.0053f,-0.1979f,-0.9802f,-0.106f,0f,0f,0f,1f],start_interpolation: 0,interpolation_duration: 1}
$data merge entity $(bone_3) {transformation: [-0.1786f,-0.9177f,-0.3548f,0.2581f,-0.9839f,0.1685f,0.0594f,1.4219f,0.0053f,0.3597f,-0.933f,0.0388f,0f,0f,0f,1f],start_interpolation: 0,interpolation_duration: 1}
data modify entity @s data merge value {"cameras":{"camera":{"posx":-2.177422008883994e-16,"posy":1.3025,"posz":1.778,"roty":180,"rotx":0}},"locators":{}}