# This file was generated by Animated Java via MC-Build. It is not recommended to edit this file directly.
$data merge entity $(bone_layer) {transformation: [-1f,0f,0f,0f,0f,0.7934f,0.6088f,1.4844f,0f,0.6088f,-0.7934f,0.0625f,0f,0f,0f,1f],start_interpolation: 0,interpolation_duration: 1}
$data merge entity $(bone_head) {transformation: [-1f,0f,0f,0f,0f,0.7934f,0.6088f,1.4844f,0f,0.6088f,-0.7934f,0.0625f,0f,0f,0f,1f],start_interpolation: 0,interpolation_duration: 1}
$data merge entity $(bone_2) {transformation: [0.3451f,-0.7752f,-0.529f,-0.891f,-0.9228f,-0.1812f,-0.3376f,1.2331f,0.1657f,0.6052f,-0.7786f,0.2268f,0f,0f,0f,1f],start_interpolation: 0,interpolation_duration: 1}
$data merge entity $(bone_1) {transformation: [0.3454f,0.9384f,-0.0113f,-0.2849f,-0.9237f,0.3421f,0.1727f,1.4225f,0.1659f,-0.0492f,0.9849f,0.0197f,0f,0f,0f,1f],start_interpolation: 0,interpolation_duration: 1}
$data merge entity $(bone_4) {transformation: [-0.2102f,-0.8405f,0.4993f,0.6154f,-0.9764f,0.1919f,-0.0889f,1.3287f,-0.021f,-0.5068f,-0.8618f,-0.015f,0f,0f,0f,1f],start_interpolation: 0,interpolation_duration: 1}
$data merge entity $(bone_3) {transformation: [-0.2104f,-0.9771f,-0.0304f,0.2864f,-0.9774f,0.2096f,0.0281f,1.3987f,-0.0211f,0.0357f,-0.9991f,0.022f,0f,0f,0f,1f],start_interpolation: 0,interpolation_duration: 1}
data modify entity @s data merge value {"cameras":{"camera":{"posx":-2.143131898507868e-16,"posy":1.3125,"posz":1.75,"roty":180,"rotx":0}},"locators":{}}