# This file was generated by Animated Java via MC-Build. It is not recommended to edit this file directly.
$data merge entity $(bone_layer) {transformation: [-1f,0f,0f,0f,0f,0.9659f,0.2588f,1.4844f,0f,0.2588f,-0.9659f,0.0625f,0f,0f,0f,1f],start_interpolation: 0,interpolation_duration: 1}
$data merge entity $(bone_head) {transformation: [-1f,0f,0f,0f,0f,0.9659f,0.2588f,1.4844f,0f,0.2588f,-0.9659f,0.0625f,0f,0f,0f,1f],start_interpolation: 0,interpolation_duration: 1}
$data merge entity $(bone_2) {transformation: [0.5055f,-0.4498f,-0.736f,-0.751f,-0.8604f,-0.2165f,-0.4598f,1.1662f,0.0474f,0.8665f,-0.497f,0.4426f,0f,0f,0f,1f],start_interpolation: 0,interpolation_duration: 1}
$data merge entity $(bone_1) {transformation: [0.506f,0.7906f,0.3449f,-0.3034f,-0.8612f,0.4411f,0.2524f,1.4051f,0.0475f,-0.4247f,0.9041f,0.0081f,0f,0f,0f,1f],start_interpolation: 0,interpolation_duration: 1}
$data merge entity $(bone_4) {transformation: [-0.4029f,-0.4395f,0.8026f,0.6206f,-0.9124f,0.2482f,-0.323f,1.2429f,-0.0572f,-0.8633f,-0.5015f,0.1345f,0f,0f,0f,1f],start_interpolation: 0,interpolation_duration: 1}
$data merge entity $(bone_3) {transformation: [-0.4033f,-0.8019f,0.4408f,0.3389f,-0.9133f,0.3828f,-0.1391f,1.3756f,-0.0572f,-0.4587f,-0.8868f,0.0019f,0f,0f,0f,1f],start_interpolation: 0,interpolation_duration: 1}
data modify entity @s data merge value {"cameras":{"camera":{"posx":-1.9843813875072853e-16,"posy":1.3587962962962963,"posz":1.6203703703703705,"roty":180,"rotx":0}},"locators":{}}