# This file was generated by Animated Java via MC-Build. It is not recommended to edit this file directly.
$data merge entity $(bone_2) {transformation: [0.6173f,-0.1183f,-0.7773f,-0.5648f,-0.7845f,-0.1432f,-0.6024f,1.1648f,-0.04f,0.9826f,-0.1814f,0.578f,0f,0f,0f,1f],start_interpolation: 0,interpolation_duration: 1}
$data merge entity $(bone_1) {transformation: [0.6179f,0.5427f,0.5689f,-0.3168f,-0.7853f,0.4628f,0.4113f,1.3895f,-0.0401f,-0.7009f,0.7122f,0f,0f,0f,0f,1f],start_interpolation: 0,interpolation_duration: 1}
$data merge entity $(bone_4) {transformation: [-0.5552f,-0.0504f,0.8298f,0.5566f,-0.8268f,0.1273f,-0.5466f,1.2142f,-0.0781f,-0.9906f,-0.1125f,0.2303f,0f,0f,0f,1f],start_interpolation: 0,interpolation_duration: 1}
$data merge entity $(bone_3) {transformation: [-0.5558f,-0.4883f,0.6728f,0.375f,-0.8276f,0.4011f,-0.3926f,1.3594f,-0.0782f,-0.775f,-0.6271f,-0.0156f,0f,0f,0f,1f],start_interpolation: 0,interpolation_duration: 1}
data modify entity @s data merge value {"cameras":{"camera":{"posx":-1.766099434881484e-16,"posy":1.4224537037037037,"posz":1.4421296296296298,"roty":180,"rotx":0}},"locators":{}}