# This file was generated by Animated Java via MC-Build. It is not recommended to edit this file directly.
$data merge entity $(bone_2) {transformation: [0.6139f,0.2798f,-0.7376f,-0.3054f,-0.7877f,0.1875f,-0.5858f,1.3454f,-0.0256f,0.9416f,0.3358f,0.6677f,0f,0f,0f,1f],start_interpolation: 0,interpolation_duration: 1}
$data merge entity $(bone_1) {transformation: [0.6146f,0.1939f,0.7647f,-0.3168f,-0.7885f,0.1825f,0.5874f,1.3583f,-0.0256f,-0.9639f,0.265f,0f,0f,0f,0f,1f],start_interpolation: 0,interpolation_duration: 1}
$data merge entity $(bone_4) {transformation: [-0.6801f,0.1954f,0.7059f,0.4337f,-0.7313f,-0.149f,-0.6648f,1.2652f,-0.0246f,-0.9693f,0.2445f,0.2655f,0f,0f,0f,1f],start_interpolation: 0,interpolation_duration: 1}
$data merge entity $(bone_3) {transformation: [-0.6808f,-0.2145f,0.7003f,0.3438f,-0.732f,0.2315f,-0.6407f,1.3594f,-0.0247f,-0.9489f,-0.3146f,-0.0469f,0f,0f,0f,1f],start_interpolation: 0,interpolation_duration: 1}
data modify entity @s data merge value {"cameras":{"camera":{"posx":-1.607348923880901e-16,"posy":1.46875,"posz":1.3125,"roty":180,"rotx":0}},"locators":{}}