# This file was generated by Animated Java via MC-Build. It is not recommended to edit this file directly.
$data merge entity $(bone_layer) { transformation: [-0.7142545056807534f,-0.2920161655288837f,0.6360558624716466f,1.5308084989341915e-17f,0.08197052509401812f,0.8676415980329704f,0.4903864704277683f,1.421875f,-0.6950693016746989f,0.4023985790638445f,-0.5957802022867539f,-0.125f,0f,0f,0f,1f], start_interpolation: 0, interpolation_duration: 1 }
$data merge entity $(bone_head) { transformation: [-0.7142545056807534f,-0.2920161655288837f,0.6360558624716466f,1.5308084989341915e-17f,0.08197052509401812f,0.8676415980329704f,0.4903864704277683f,1.421875f,-0.6950693016746989f,0.4023985790638445f,-0.5957802022867539f,-0.125f,0f,0f,0f,1f], start_interpolation: 0, interpolation_duration: 1 }
$data merge entity $(bone_6) { transformation: [-0.9725618000480808f,-0.02707934851494357f,0.2269265512094434f,0.0930657231573025f,-0.019578648013844003f,0.9991896554498109f,0.03515595519420053f,0.3802768711434218f,-0.22746696821557863f,0.02977820219715327f,-0.9732771440707787f,-0.004450862317199683f,0f,0f,0f,1f], start_interpolation: 0, interpolation_duration: 1 }
$data merge entity $(bone_12) { transformation: [-0.9735353353834643f,0.022678435305528558f,0.2274085295935464f,0.10015273419028017f,-0.019598246260104108f,0.9831140123410503f,-0.1819416045939178f,0.6875f,-0.22769466287845708f,-0.1815833894131679f,-0.956651772164716f,-0.06119567150881465f,0f,0f,0f,1f], start_interpolation: 0, interpolation_duration: 1 }
$data merge entity $(bone_10) { transformation: [-0.8425480543670727f,0.09330109785058133f,0.5291368199903751f,0.037811764843667856f,0f,0.984807753012208f,-0.17364817766693028f,1.0635005098073795f,-0.5367623087384772f,-0.14645338762528518f,-0.8305784346607052f,-0.18435258192046355f,0f,0f,0f,1f], start_interpolation: 0, interpolation_duration: 1 }
$data merge entity $(bone_9) { transformation: [-0.8433914458128856f,-0.09330109785058138f,0.5291368199903751f,1.5308084989341915e-17f,0f,0.984807753012208f,0.17364817766693033f,1.390625f,-0.537299608346824f,0.1464533876252852f,-0.8305784346607052f,-0.125f,0f,0f,0f,1f], start_interpolation: 0, interpolation_duration: 1 }
$data merge entity $(bone_2) { transformation: [0.464828094397452f,0.6561241567283153f,-0.5941406855626824f,-0.2983500684395544f,-0.753604194744013f,0.6450963808288727f,0.12162989973143687f,1.19950364042992f,0.46261923903255625f,0.3916015199141182f,0.7951119501368512f,-0.5616517756241726f,0f,0f,0f,1f], start_interpolation: 0, interpolation_duration: 1 }
$data merge entity $(bone_1) { transformation: [0.4652933877852372f,0.12071399316749298f,-0.8768866489671829f,-0.2899158094981794f,-0.7543585532973103f,0.5723546903249056f,-0.3214860518440428f,1.359375f,0.46308232135391014f,0.8110722781088254f,0.3573744861246171f,-0.30969674036922074f,0f,0f,0f,1f], start_interpolation: 0, interpolation_duration: 1 }
$data merge entity $(bone_4) { transformation: [-0.025858939759528785f,0.48214106112751554f,0.8757111241905537f,0.34729086398484044f,-0.7785428677003547f,0.5389077610534108f,-0.31974262997147074f,1.164399569370704f,-0.6254624835970747f,-0.6907375929043049f,0.3617936947320172f,0.30001982409938033f,0f,0f,0f,1f], start_interpolation: 0, interpolation_duration: 1 }
$data merge entity $(bone_3) { transformation: [-0.025884824584112898f,-0.06388559742244715f,0.9976214744572347f,0.2899158094981794f,-0.779322189890245f,0.6263077856100758f,0.0198867299694081f,1.359375f,-0.626088572169244f,-0.7769537876387373f,-0.06599933085188908f,0.059696740369220735f,0f,0f,0f,1f], start_interpolation: 0, interpolation_duration: 1 }
$data merge entity $(bone_8) { transformation: [-0.7608481962910087f,-0.01460856562246371f,0.6478712009861087f,-0.27774002794673835f,0.06141678699743651f,0.9936080419419226f,0.09467566682431111f,0.5097341190595577f,-0.6444679980228889f,0.11193591380246526f,-0.7558435188874673f,-0.04490386982329911f,0f,0f,0f,1f], start_interpolation: 0, interpolation_duration: 1 }
$data merge entity $(bone_7) { transformation: [-0.7616098060971058f,0.4269248748256663f,0.4875301575408622f,-0.14033198353666226f,0.06147826526269921f,0.7965266444020502f,-0.6014696398471823f,0.7330458182447592f,-0.6451131111340229f,-0.42811266742844595f,-0.6328891038960008f,-0.185844267113844f,0f,0f,0f,1f], start_interpolation: 0, interpolation_duration: 1 }
data modify entity @s data merge value {"locators":{},"cameras":{"camera":{"posx":-1.3750000000000002,"posy":0.9375,"posz":0.9374999999999998,"roty":232.9362076505783,"rotx":-9.726345109616844}}}