# This file was generated by Animated Java via MC-Build. It is not recommended to edit this file directly.
$data merge entity $(bone_layer) { transformation: [-0.7665066844375212f,-0.2710438844352061f,0.5822393970033914f,-0.0003066617753946645f,0.08236718103364132f,0.8576067264548949f,0.507667558770393f,1.4192638888888889f,-0.6369326104080161f,0.43708799508748086f,-0.6350361677489218f,-0.1244237384424827f,0f,0f,0f,1f], start_interpolation: 0, interpolation_duration: 1 }
$data merge entity $(bone_head) { transformation: [-0.7665066844375212f,-0.2710438844352061f,0.5822393970033914f,-0.0003066617753946645f,0.08236718103364132f,0.8576067264548949f,0.507667558770393f,1.4192638888888889f,-0.6369326104080161f,0.43708799508748086f,-0.6350361677489218f,-0.1244237384424827f,0f,0f,0f,1f], start_interpolation: 0, interpolation_duration: 1 }
$data merge entity $(bone_6) { transformation: [-0.9873577498611287f,-0.02467071580897019f,0.1502110195287288f,0.10167820584833134f,-0.019578603955251118f,0.9991896317244631f,0.03515665408609617f,0.3802642792824739f,-0.15080567647251333f,0.03180307588591241f,-0.9880286733114634f,-0.008771850996868544f,0f,0f,0f,1f], start_interpolation: 0, interpolation_duration: 1 }
$data merge entity $(bone_12) { transformation: [-0.9883460959570858f,0.010087533065629498f,0.15188889453490978f,0.10483055993134056f,-0.019598202157408526f,0.9810654174071943f,-0.1926825296695186f,0.6868472222222222f,-0.15095663310561896f,-0.1934137752185645f,-0.9694344776606195f,-0.06921365575266995f,0f,0f,0f,1f], start_interpolation: 0, interpolation_duration: 1 }
$data merge entity $(bone_10) { transformation: [-0.8819008789171303f,0.08494760215364842f,0.4620356154786103f,0.034766670311050074f,0f,0.9835154118511881f,-0.18082431985545538f,1.0622901510087934f,-0.46930996128911767f,-0.1596287553654839f,-0.8682313374775836f,-0.19026258684176656f,0f,0f,0f,1f], start_interpolation: 0, interpolation_duration: 1 }
$data merge entity $(bone_9) { transformation: [-0.88278366257971f,-0.08494760215364841f,0.4620356154786103f,0.00039616787903776045f,0f,0.9835154118511881f,0.1808243198554553f,1.3874907407407409f,-0.4697797410301478f,0.1596287553654838f,-0.8682313374775837f,-0.12567547213328129f,0f,0f,0f,1f], start_interpolation: 0, interpolation_duration: 1 }
$data merge entity $(bone_2) { transformation: [0.5146482379333107f,0.6979026221699838f,-0.49753251139355736f,-0.3333656139555791f,-0.7516273309048797f,0.6462722977491433f,0.12750250278401085f,1.1957793333131554f,0.4101152845590435f,0.3086487439311942f,0.8580236080028527f,-0.5354966048784776f,0f,0f,0f,1f], start_interpolation: 0, interpolation_duration: 1 }
$data merge entity $(bone_1) { transformation: [0.5151634013346453f,0.19813685997103436f,-0.8338755630465124f,-0.3006023449968818f,-0.7523797106154951f,0.5705434027835519f,-0.32924914061286426f,1.3548703703703704f,0.41052581036941294f,0.7970081619789f,0.4429972333542867f,-0.2850411432486702f,0f,0f,0f,1f], start_interpolation: 0, interpolation_duration: 1 }
$data merge entity $(bone_4) { transformation: [-0.07092156219660832f,0.44995906375683437f,0.8902229485431996f,0.37944980861024724f,-0.7758975146385231f,0.5350677381554202f,-0.3323848973624101f,1.1608401283007435f,-0.6252632875784054f,-0.7150100394598077f,0.3114857651521685f,0.2682312906990826f,0f,0f,0f,1f], start_interpolation: 0, interpolation_duration: 1 }
$data merge entity $(bone_3) { transformation: [-0.07099255475135968f,-0.11509497156568727f,0.9908144148578829f,0.3062036133776206f,-0.7766741888273504f,0.6296595830443232f,0.017493252694291195f,1.3562083333333335f,-0.6258891767551606f,-0.7682980912385132f,-0.13409243610287952f,0.03410436682309281f,0f,0f,0f,1f], start_interpolation: 0, interpolation_duration: 1 }
$data merge entity $(bone_8) { transformation: [-0.8099291257490856f,0.001508353584757538f,0.5854046422539891f,-0.2738016411252774f,0.0625198134043421f,0.9944893471807806f,0.08410934597212688f,0.5195278557526972f,-0.5814697620643813f,0.10482682487516232f,-0.8063665560696451f,-0.0160517818497736f,0f,0f,0f,1f], start_interpolation: 0, interpolation_duration: 1 }
$data merge entity $(bone_7) { transformation: [-0.8107398656147004f,0.4043885502961532f,0.423285684487951f,-0.14364814581321333f,0.06258239580014224f,0.7787902141233995f,-0.6241548254412073f,0.7349396992189614f,-0.5820518138782595f,-0.4795369670578121f,-0.6567038778521282f,-0.17418141198952802f,0f,0f,0f,1f], start_interpolation: 0, interpolation_duration: 1 }
data modify entity @s data merge value {"locators":{},"cameras":{"camera":{"posx":-1.2910000000000001,"posy":0.93321875,"posz":1.0374999999999999,"roty":229.54971904649693,"rotx":-9.43574024822236}}}