# This file was generated by Animated Java via MC-Build. It is not recommended to edit this file directly.
$data merge entity $(bone_layer) { transformation: [-0.8947453243539638f,0.3914163420736932f,-0.21499779465001465f,0.007398142366425438f,0.08935890487482794f,0.6286207504871384f,0.7725612844147436f,1.3732638888888888f,0.4375451869993449f,0.6720336295265562f,-0.597432012968063f,-0.1153585531561829f,0f,0f,0f,1f], start_interpolation: 0, interpolation_duration: 1 }
$data merge entity $(bone_head) { transformation: [-0.8947453243539638f,0.3914163420736932f,-0.21499779465001465f,0.007398142366425438f,0.08935890487482794f,0.6286207504871384f,0.7725612844147436f,1.3732638888888888f,0.4375451869993449f,0.6720336295265562f,-0.597432012968063f,-0.1153585531561829f,0f,0f,0f,1f], start_interpolation: 0, interpolation_duration: 1 }
$data merge entity $(bone_6) { transformation: [-0.5464095194187969f,0.018730966393358917f,-0.8369514707405864f,0.19594575427642838f,-0.01957782775590464f,0.9991892136752868f,0.03516896645102896f,0.3859670277918589f,0.8360946990316823f,0.03563798777895166f,-0.5461459323513596f,-0.13758000463577938f,0f,0f,0f,1f], start_interpolation: 0, interpolation_duration: 1 }
$data merge entity $(bone_12) { transformation: [-0.5469564758946915f,-0.3255521443739014f,-0.7712680563658878f,0.0942107091595842f,-0.019597425181085724f,0.9260166221771626f,-0.376973681280099f,0.6753472222222222f,0.8369316306623447f,-0.19107332818881978f,-0.5128707720778365f,-0.19729041969478556f,0f,0f,0f,1f], start_interpolation: 0, interpolation_duration: 1 }
$data merge entity $(bone_10) { transformation: [-0.7925599869509441f,-0.18587069067039036f,-0.579691783449146f,-0.08122208379444397f,0f,0.9522478853384153f,-0.30532599769511304f,1.046754901931417f,0.6081526675797119f,-0.24223140014917194f,-0.755469040618497f,-0.23275193000968608f,0f,0f,0f,1f], start_interpolation: 0, interpolation_duration: 1 }
$data merge entity $(bone_9) { transformation: [-0.7933533402912353f,0.18587069067039036f,-0.579691783449146f,-0.009298249282795368f,0f,0.9522478853384153f,0.3053259976951131f,1.3344907407407407f,0.6087614290087205f,0.24223140014917197f,-0.755469040618497f,-0.13901896396207364f,0f,0f,0f,1f], start_interpolation: 0, interpolation_duration: 1 }
$data merge entity $(bone_2) { transformation: [0.419997716051534f,-0.003578851058535115f,0.9073234176813137f,-0.47739052982783503f,-0.662421922874755f,0.6813651321339722f,0.3099352013459218f,1.1130341827974282f,-0.6187084245477896f,-0.7319349346336435f,0.28408517506861164f,0.05252676861520783f,0f,0f,0f,1f], start_interpolation: 0, interpolation_duration: 1 }
$data merge entity $(bone_1) { transformation: [0.4204181341857197f,0.7948164954484422f,0.4376246462561899f,-0.22775361254607282f,-0.6630850078826376f,0.5983690000516928f,-0.44974749815693227f,1.2766203703703702f,-0.6193277523000897f,-0.1011003379825891f,0.7785960807059883f,0.04684373329868882f,0f,0f,0f,1f], start_interpolation: 0, interpolation_duration: 1 }
$data merge entity $(bone_4) { transformation: [-0.6266003066368395f,-0.0827820713252389f,0.7744241402777012f,0.45846554913633475f,-0.7275982548074371f,0.4145959846553283f,-0.5455736067206188f,1.1017689475032564f,-0.275633516328821f,-0.9062324746855973f,-0.32033840014116094f,-0.341092489210958f,0f,0f,0f,1f], start_interpolation: 0, interpolation_duration: 1 }
$data merge entity $(bone_3) { transformation: [-0.6272275341710105f,-0.646454599028976f,0.4343754962840786f,0.25218905263150476f,-0.7283265813888259f,0.6844307917029445f,-0.03308900438735535f,1.3020833333333335f,-0.27590942575457555f,-0.3371215548777124f,-0.9001239059244088f,-0.400938192304662f,0f,0f,0f,1f], start_interpolation: 0, interpolation_duration: 1 }
$data merge entity $(bone_8) { transformation: [-0.8473471722418161f,0.018890367542946873f,-0.5293465522509841f,0.056041182776931986f,0.0856577261578194f,0.991079932124041f,-0.10202267178060642f,0.7175549459260939f,0.5221748018080442f,-0.13192316762077327f,-0.8422491330139454f,0.21817353273629783f,0f,0f,0f,1f], start_interpolation: 0, interpolation_duration: 1 }
$data merge entity $(bone_7) { transformation: [-0.8481953676094255f,-0.45825942045671925f,-0.26563682336713657f,-0.09315916441683136f,0.08574346962744685f,0.3760979309944913f,-0.9226041424781866f,0.7596076065137366f,0.5226974993073515f,-0.8053251826835759f,-0.27971177013759474f,-0.030836237797891047f,0f,0f,0f,1f], start_interpolation: 0, interpolation_duration: 1 }
data modify entity @s data merge value {"locators":{},"cameras":{"camera":{"posx":-0.0625000000000003,"posy":0.875,"posz":2.5,"roty":180.00000000000003,"rotx":-4.999999999999988}}}