# This file was generated by Animated Java via MC-Build. It is not recommended to edit this file directly.
$data merge entity $(bone_layer) { transformation: [-0.8525584813127106f,0.4586525540031114f,-0.250563107117124f,0.008986559096585625f,0.09005169896205575f,0.6011716551070181f,0.7940298058699911f,1.3687083333333332f,0.5148152362312247f,0.6543932119164375f,-0.5538364350075542f,-0.11520662681292333f,0f,0f,0f,1f], start_interpolation: 0, interpolation_duration: 1 }
$data merge entity $(bone_head) { transformation: [-0.8525584813127106f,0.4586525540031114f,-0.250563107117124f,0.008986559096585625f,0.09005169896205575f,0.6011716551070181f,0.7940298058699911f,1.3687083333333332f,0.5148152362312247f,0.6543932119164375f,-0.5538364350075542f,-0.11520662681292333f,0f,0f,0f,1f], start_interpolation: 0, interpolation_duration: 1 }
$data merge entity $(bone_6) { transformation: [-0.470847411503812f,0.021790403257971158f,-0.8816937296229466f,0.1989129474452334f,-0.019577750884048818f,0.9991891722661225f,0.03517018578858605f,0.3871285089823275f,0.8808634552247482f,0.033855226361611424f,-0.470509537815308f,-0.15211215325648542f,0f,0f,0f,1f], start_interpolation: 0, interpolation_duration: 1 }
$data merge entity $(bone_12) { transformation: [-0.471318730234046f,-0.3565353394544045f,-0.8066853204631277f,0.087495653865732f,-0.019597348232281098f,0.9186554379232186f,-0.39457335226338114f,0.6742083333333333f,0.8817452004251733f,-0.17016091823398258f,-0.43996666172897536f,-0.20528744020460496f,0f,0f,0f,1f], start_interpolation: 0, interpolation_duration: 1 }
$data merge entity $(bone_10) { transformation: [-0.7360687007315053f,-0.21460579005957384f,-0.6411411707655726f,-0.09378098815985446f,0f,0.9482867287135769f,-0.31741499672463974f,1.0449600572300382f,0.6754286548581082f,-0.23387311734914976f,-0.6987028832083404f,-0.22885774959884897f,0f,0f,0f,1f], start_interpolation: 0, interpolation_duration: 1 }
$data merge entity $(bone_9) { transformation: [-0.7368055062377431f,0.21460579005957378f,-0.6411411707655726f,-0.011191014998439412f,0f,0.9482867287135769f,0.3174149967246397f,1.3286481481481482f,0.676104759617726f,0.2338731173491497f,-0.6987028832083404f,-0.1388528411586768f,0f,0f,0f,1f], start_interpolation: 0, interpolation_duration: 1 }
$data merge entity $(bone_2) { transformation: [0.3412061441282167f,-0.1351810158004576f,0.9300920745708791f,-0.4531772225477706f,-0.6486661600358004f,0.6815319799385224f,0.3374960349138886f,1.1026931987326238f,-0.6788310393857697f,-0.7191941693925459f,0.1450005490949657f,0.09735318269617366f,0f,0f,0f,1f], start_interpolation: 0, interpolation_duration: 1 }
$data merge entity $(bone_1) { transformation: [0.34154769182003675f,0.7710547144127552f,0.5374195768617569f,-0.20747599242955397f,-0.6493154755113116f,0.6069889661385677f,-0.4582071673899831f,1.268574074074074f,-0.6795105499357055f,-0.19245524770163358f,0.707973438879015f,0.062342200999720404f,0f,0f,0f,1f], start_interpolation: 0, interpolation_duration: 1 }
$data merge entity $(bone_4) { transformation: [-0.6520137138499659f,-0.12089781315644937f,0.7479373736424739f,0.4316105327156855f,-0.7216514435863183f,0.39699830253076873f,-0.5661876152983768f,1.0953467670123664f,-0.22825054418633525f,-0.9098219971849859f,-0.3464408598758756f,-0.38285731489541863f,0f,0f,0f,1f], start_interpolation: 0, interpolation_duration: 1 }
$data merge entity $(bone_3) { transformation: [-0.6526663802301961f,-0.6615070653439855f,0.3693710852478865f,0.22490089270068117f,-0.722373817403722f,0.6903402929575924f,-0.04007926956420099f,1.2962777777777776f,-0.2284790232095448f,-0.29298239267780846f,-0.928417284163753f,-0.4276529754788059f,0f,0f,0f,1f], start_interpolation: 0, interpolation_duration: 1 }
$data merge entity $(bone_8) { transformation: [-0.7963331844820337f,-0.00220537973935947f,-0.6038032771790092f,0.09055133032863752f,0.0883061920080342f,0.9887933357131728f,-0.12030850472838878f,0.7385507076330919f,0.5967046805126834f,-0.14927449731759726f,-0.7880021993357048f,0.21116603576268703f,0f,0f,0f,1f], start_interpolation: 0, interpolation_duration: 1 }
$data merge entity $(bone_7) { transformation: [-0.7971303147968305f,-0.5425872000073183f,-0.2649195946322667f,-0.08319736438730083f,0.08839458659462883f,0.3291572324699392f,-0.9401286685201631f,0.761345390640825f,0.5973019824951786f,-0.7728225195353386f,-0.21441943710023192f,-0.02408394232793931f,0f,0f,0f,1f], start_interpolation: 0, interpolation_duration: 1 }
data modify entity @s data merge value {"locators":{},"cameras":{"camera":{"posx":0.006377551020407895,"posy":0.8784620991253644,"posz":2.581997084548105,"roty":177.46727493092578,"rotx":-4.7600170423494355}}}