# This file was generated by Animated Java via MC-Build. It is not recommended to edit this file directly.
$data merge entity $(bone_layer) { transformation: [-0.8368470839250982f,0.4858210869604733f,-0.2523189045446333f,0.009938168158760138f,0.0906347100146363f,0.5775047284088807f,0.8113406423974753f,1.364875f,0.5398817532262249f,0.6560991999156296f,-0.5273154012575856f,-0.11478749229384837f,0f,0f,0f,1f], start_interpolation: 0, interpolation_duration: 1 }
$data merge entity $(bone_head) { transformation: [-0.8368470839250982f,0.4858210869604733f,-0.2523189045446333f,0.009938168158760138f,0.0906347100146363f,0.5775047284088807f,0.8113406423974753f,1.364875f,0.5398817532262249f,0.6560991999156296f,-0.5273154012575856f,-0.11478749229384837f,0f,0f,0f,1f], start_interpolation: 0, interpolation_duration: 1 }
$data merge entity $(bone_6) { transformation: [-0.44482254363293977f,0.022774452018501645f,-0.8951077591143902f,0.20212825099981413f,-0.019577686198933117f,0.9991891374206864f,0.03517121181612132f,0.3881868654113868f,0.8942877718492059f,0.03320228901388558f,-0.4444604430459477f,-0.1558504048270101f,0f,0f,0f,1f], start_interpolation: 0, interpolation_duration: 1 }
$data merge entity $(bone_12) { transformation: [-0.44526781144438415f,-0.3744768643686951f,-0.813328749119394f,0.08510423088459693f,-0.01959728348241553f,0.9122020306835622f,-0.4092717944067185f,0.67325f,0.89518295480401f,-0.16629652212050428f,-0.413512931066232f,-0.20781806798966768f,0f,0f,0f,1f], start_interpolation: 0, interpolation_duration: 1 }
$data merge entity $(bone_10) { transformation: [-0.715950540241788f,-0.22843680036383382f,-0.658942138587635f,-0.09951097070736448f,0f,0.9448346339960982f,-0.3275477284327569f,1.0431356080620198f,0.6967178940772886f,-0.23474271584224496f,-0.6771319986473057f,-0.22869180101739736f,0f,0f,0f,1f], start_interpolation: 0, interpolation_duration: 1 }
$data merge entity $(bone_9) { transformation: [-0.7166672074492372f,0.22843680036383382f,-0.658942138587635f,-0.01201116218885757f,0f,0.9448346339960982f,0.32754772843275687f,1.323375f,0.6974153093866753f,0.23474271584224496f,-0.6771319986473058f,-0.13877659184533525f,0f,0f,0f,1f], start_interpolation: 0, interpolation_duration: 1 }
$data merge entity $(bone_2) { transformation: [0.300899947741264f,-0.21243838649870805f,0.9295955033502892f,-0.44008680564744174f,-0.6365162914590957f,0.6804611858029507f,0.36195035883751836f,1.0935758089087564f,-0.7087363629421483f,-0.7013148412499683f,0.06959984115150616f,0.11320314638669127f,0f,0f,0f,1f], start_interpolation: 0, interpolation_duration: 1 }
$data merge entity $(bone_1) { transformation: [0.30120114889015415f,0.7535359384936585f,0.5843470349935327f,-0.19811997906358894f,-0.6371534449039997f,0.6149656485821602f,-0.46459954661072256f,1.261625f,-0.7094458087508991f,-0.2323808091525731f,0.6653463789511284f,0.06500716801174389f,0f,0f,0f,1f], start_interpolation: 0, interpolation_duration: 1 }
$data merge entity $(bone_4) { transformation: [-0.6619130605983833f,-0.11161345050706384f,0.740632138064639f,0.41866737933276243f,-0.7161138205936785f,0.3811595170064353f,-0.5838417936660582f,1.089550940232444f,-0.21691725649197666f,-0.9177471657604442f,-0.33255495190209006f,-0.3967022228297329f,0f,0f,0f,1f], start_interpolation: 0, interpolation_duration: 1 }
$data merge entity $(bone_3) { transformation: [-0.6625756362346179f,-0.6587902081859248f,0.3563551428934864f,0.21429886594163125f,-0.7168306512449234f,0.695680661008614f,-0.04671440178785263f,1.291125f,-0.21713439088285952f,-0.28639811364072176f,-0.9331820705515972f,-0.43854205627974496f,0f,0f,0f,1f], start_interpolation: 0, interpolation_duration: 1 }
$data merge entity $(bone_8) { transformation: [-0.7768933083694571f,-0.014945426130013706f,-0.6284938202691105f,0.10402047578087253f,0.09058079722888465f,0.9865985379091189f,-0.1356540075331808f,0.7562601079524149f,0.6214763926201372f,-0.16248064264207376f,-0.7658939274623651f,0.207216130669387f,0f,0f,0f,1f], start_interpolation: 0, interpolation_duration: 1 }
$data merge entity $(bone_7) { transformation: [-0.7776709793488059f,-0.5772369767231555f,-0.24904883172217426f,-0.07876485136759581f,0.09067146869758223f,0.2890242688943382f,-0.9530181828036214f,0.7627762827800416f,0.6220984911112485f,-0.7637162069077783f,-0.17242686178059186f,-0.022229331030868063f,0f,0f,0f,1f], start_interpolation: 0, interpolation_duration: 1 }
data modify entity @s data merge value {"locators":{},"cameras":{"camera":{"posx":0.033163265306122125,"posy":0.8873906705539358,"posz":2.613884839650146,"roty":176.2784947407481,"rotx":-4.646872440017356}}}