# This file was generated by Animated Java via MC-Build. It is not recommended to edit this file directly.
$data merge entity $(bone_layer) { transformation: [-0.8444815026537033f,0.48197159566672965f,-0.2335687749811816f,0.010292968339186352f,0.09108256091774593f,0.5589860798512781f,0.824159286563687f,1.3619305555555554f,0.5277830603310497f,0.6747132305675997f,-0.5159526118982485f,-0.11410787766305044f,0f,0f,0f,1f], start_interpolation: 0, interpolation_duration: 1 }
$data merge entity $(bone_head) { transformation: [-0.8444815026537033f,0.48197159566672965f,-0.2335687749811816f,0.010292968339186352f,0.09108256091774593f,0.5589860798512781f,0.824159286563687f,1.3619305555555554f,0.5277830603310497f,0.6747132305675997f,-0.5159526118982485f,-0.11410787766305044f,0f,0f,0f,1f], start_interpolation: 0, interpolation_duration: 1 }
$data merge entity $(bone_6) { transformation: [-0.4578868059166475f,0.022285914393549766f,-0.8884948286356857f,0.2056606644669099f,-0.019577636513102337f,0.9991891106546444f,0.03517199992397385f,0.3890497353937802f,0.8876696396272721f,0.03353295645814766f,-0.45753674159458624f,-0.15124826719209777f,0f,0f,0f,1f], start_interpolation: 0, interpolation_duration: 1 }
$data merge entity $(bone_12) { transformation: [-0.45834515106771523f,-0.38192462940908856f,-0.8025293140711083f,0.08630921777656973f,-0.019597233746849185f,0.9070852911843477f,-0.42049045523825923f,0.6725138888888889f,0.8885581978250972f,-0.1770024066721622f,-0.42324281105540085f,-0.20656151927714844f,0f,0f,0f,1f], start_interpolation: 0, interpolation_duration: 1 }
$data merge entity $(bone_10) { transformation: [-0.726087651021416f,-0.23029910765260345f,-0.647072680441233f,-0.09976303855512456f,0f,0.9421094835334323f,-0.33530541456464635f,1.0412595721965907f,0.6861470126978636f,-0.24370482566166787f,-0.6847388007044939f,-0.23170939896008869f,0f,0f,0f,1f], start_interpolation: 0, interpolation_duration: 1 }
$data merge entity $(bone_9) { transformation: [-0.726814465486903f,0.23029910765260336f,-0.647072680441233f,-0.011873838874356384f,0f,0.9421094835334324f,0.33530541456464624f,1.3188240740740742f,0.686833846544408f,0.24370482566166776f,-0.6847388007044939f,-0.13870416631257526f,0f,0f,0f,1f], start_interpolation: 0, interpolation_duration: 1 }
$data merge entity $(bone_2) { transformation: [0.2956549784903075f,-0.24524520533039812f,0.923183533560933f,-0.4381007730355042f,-0.6268432302606801f,0.6787914295347903f,0.3814743957657205f,1.0861797463732057f,-0.7194836331496719f,-0.6921683208964178f,0.04700477355681987f,0.10872761717604316f,0f,0f,0f,1f], start_interpolation: 0, interpolation_duration: 1 }
$data merge entity $(bone_1) { transformation: [0.2959509294197272f,0.7475336717036681f,0.5946481792159394f,-0.19759395864797963f,-0.6274707009616418f,0.6215225728305095f,-0.4690311406472388f,1.256037037037037f,-0.7202038369866586f,-0.23431410783684428f,0.6529956600608599f,0.059571730788881894f,0f,0f,0f,1f], start_interpolation: 0, interpolation_duration: 1 }
$data merge entity $(bone_4) { transformation: [-0.6615895099065661f,-0.06832158339016364f,0.746160013274888f,0.41862279972382666f,-0.7111526155917639f,0.36812884876342244f,-0.5981054361232407f,1.0845345771414203f,-0.2335856967337302f,-0.927261188636286f,-0.29242968705219896f,-0.39084087828475056f,0f,0f,0f,1f], start_interpolation: 0, interpolation_duration: 1 }
$data merge entity $(bone_3) { transformation: [-0.6622517616682343f,-0.6443491223152356f,0.3824092215662504f,0.21801233993231248f,-0.7118644800718358f,0.7003325161768617f,-0.052757262982839725f,1.2867916666666668f,-0.23381951624998018f,-0.3071621320361143f,-0.9224856955333529f,-0.438420343199192f,0f,0f,0f,1f], start_interpolation: 0, interpolation_duration: 1 }
$data merge entity $(bone_8) { transformation: [-0.7847179652274734f,-0.018854192008018245f,-0.6185699799618556f,0.10213209883411484f,0.09235598229757246f,0.9847450193453146f,-0.14741280314297997f,0.7699296854875104f,0.6113011431226872f,-0.17297909214214632f,-0.7717775880132297f,0.2079195598750943f,0f,0f,0f,1f], start_interpolation: 0, interpolation_duration: 1 }
$data merge entity $(bone_7) { transformation: [-0.7855034686961696f,-0.5746949211575156f,-0.2295866900803321f,-0.07865266937527646f,0.09244843072830075f,0.25785279884357026f,-0.9617511225802713f,0.7639255819070759f,0.6119130561788662f,-0.7766837720232693f,-0.14941462429610325f,-0.02324398719035871f,0f,0f,0f,1f], start_interpolation: 0, interpolation_duration: 1 }
data modify entity @s data merge value {"locators":{},"cameras":{"camera":{"posx":0.029336734693877195,"posy":0.8995991253644315,"posz":2.60932944606414,"roty":176.12343886767815,"rotx":-4.632090966781613}}}