# This file was generated by Animated Java via MC-Build. It is not recommended to edit this file directly.
$data merge entity $(bone_layer) { transformation: [-0.8667547075665182f,0.4551187954353576f,-0.20396852441675553f,0.0101130421448002f,0.09136987548444572f,0.5469556807174629f,0.8321604587967718f,1.3600416666666666f,0.4902936087338243f,0.7026424164341104f,-0.51566055876167f,-0.11330870203861267f,0f,0f,0f,1f], start_interpolation: 0, interpolation_duration: 1 }
$data merge entity $(bone_head) { transformation: [-0.8667547075665182f,0.4551187954353576f,-0.20396852441675553f,0.0101130421448002f,0.09136987548444572f,0.5469556807174629f,0.8321604587967718f,1.3600416666666666f,0.4902936087338243f,0.7026424164341104f,-0.51566055876167f,-0.11330870203861267f,0f,0f,0f,1f], start_interpolation: 0, interpolation_duration: 1 }
$data merge entity $(bone_6) { transformation: [-0.4964741605173752f,0.020790396581154447f,-0.8675179846651518f,0.20854835164805838f,-0.0195776046390989f,0.9991890934836525f,0.035172505502480245f,0.38962599081141164f,0.8666782132574712f,0.034480644908627484f,-0.49616070092177933f,-0.1410494819611926f,0f,0f,0f,1f], start_interpolation: 0, interpolation_duration: 1 }
$data merge entity $(bone_12) { transformation: [-0.49697113164902423f,-0.3799567807782274f,-0.7801618672097056f,0.08981185765486231f,-0.01959720184093984f,0.9037301627368161f,-0.4276537649076568f,0.6720416666666666f,0.8675457590164877f,-0.1972425859198108f,-0.4565738914044169f,-0.2026877900611335f,0f,0f,0f,1f], start_interpolation: 0, interpolation_duration: 1 }
$data merge entity $(bone_10) { transformation: [-0.7555540698712205f,-0.22260913880283062f,-0.6151745931403019f,-0.09570903129128921f,0f,0.940327725604311f,-0.3402701404176156f,1.039311249758316f,0.6535587559669251f,-0.25734983928746863f,-0.7111796197127982f,-0.23633903027266318f,0f,0f,0f,1f], start_interpolation: 0, interpolation_duration: 1 }
$data merge entity $(bone_9) { transformation: [-0.756310380251472f,0.2226091388028306f,-0.6151745931403019f,-0.010957176712199307f,0f,0.9403277256043109f,0.34027014041761555f,1.3151481481481482f,0.654212968935861f,0.2573498392874686f,-0.7111796197127982f,-0.13836068009108313f,0f,0f,0f,1f], start_interpolation: 0, interpolation_duration: 1 }
$data merge entity $(bone_2) { transformation: [0.3173016618269981f,-0.24243056358218756f,0.9167035584689268f,-0.44389913112007773f,-0.6204878680779995f,0.6773001320320579f,0.39431988254586015f,1.0809934634378549f,-0.7157621539099736f,-0.6946164070842127f,0.06454778167703495f,0.09065769665990882f,0f,0f,0f,1f], start_interpolation: 0, interpolation_duration: 1 }
$data merge entity $(bone_1) { transformation: [0.3176192811081062f,0.7511969420562339f,0.5786373186320887f,-0.2028051227398805f,-0.6211089770550545f,0.6259184532865796f,-0.47164576586349183f,1.2520740740740741f,-0.7164786325425161f,-0.20959304397021172f,0.6653789334126139f,0.0492278534003964f,0f,0f,0f,1f], start_interpolation: 0, interpolation_duration: 1 }
$data merge entity $(bone_4) { transformation: [-0.6528394096963418f,-0.00500797206166731f,0.756916076238734f,0.4273217108945897f,-0.7069391300063471f,0.35897879054275184f,-0.6085805347272534f,1.0804486721092836f,-0.26840039421208206f,-0.9333322817498027f,-0.238133967090899f,-0.37130265302718024f,0f,0f,0f,1f], start_interpolation: 0, interpolation_duration: 1 }
$data merge entity $(bone_3) { transformation: [-0.6534929025989408f,-0.6210949701550641f,0.4326523596386498f,0.2316118030221485f,-0.7076467767831303f,0.7041851631617327f,-0.057959427976218225f,1.2834444444444444f,-0.26866906327535744f,-0.3440411225870592f,-0.8996958599481151f,-0.4299408454509179f,0f,0f,0f,1f], start_interpolation: 0, interpolation_duration: 1 }
$data merge entity $(bone_8) { transformation: [-0.8101061970352417f,-0.014981310148596633f,-0.5849692251100523f,0.08993090021846775f,0.09350741084626002f,0.983479403335044f,-0.15494229182144648f,0.7788509849548942f,0.5770487965864991f,-0.18039906751970033f,-0.7961180137889502f,0.21229814248189113f,0f,0f,0f,1f], start_interpolation: 0, interpolation_duration: 1 }
$data merge entity $(bone_7) { transformation: [-0.810917114149391f,-0.5451908174388205f,-0.21255683136520034f,-0.08128766041463562f,0.09360101185811814f,0.23771557871589954f,-0.9668144362880094f,0.7648176856275848f,0.5776264230095086f,-0.8039019070857812f,-0.14173721891262164f,-0.025797838903643178f,0f,0f,0f,1f], start_interpolation: 0, interpolation_duration: 1 }
data modify entity @s data merge value {"locators":{},"cameras":{"camera":{"posx":0.006377551020407895,"posy":0.9129008746355685,"posz":2.581997084548105,"roty":176.69197980341485,"rotx":-4.686263224051296}}}