# This file was generated by Animated Java via MC-Build. It is not recommended to edit this file directly.
$data merge entity $(bone_layer) { transformation: [-0.8939629075710669f,0.41413590628935576f,-0.17123600967371957f,0.009511897328261274f,0.09147128322263985f,0.5426821568320992f,0.8349425614984928f,1.359375f,0.43870642146279093f,0.7307445023932474f,-0.5230192615854194f,-0.11260385405794945f,0f,0f,0f,1f], start_interpolation: 0, interpolation_duration: 1 }
$data merge entity $(bone_head) { transformation: [-0.8939629075710669f,0.41413590628935576f,-0.17123600967371957f,0.009511897328261274f,0.09147128322263985f,0.5426821568320992f,0.8349425614984928f,1.359375f,0.43870642146279093f,0.7307445023932474f,-0.5230192615854194f,-0.11260385405794945f,0f,0f,0f,1f], start_interpolation: 0, interpolation_duration: 1 }
$data merge entity $(bone_6) { transformation: [-0.546416594093255f,0.01873390694061794f,-0.8369467768816632f,0.20978628265100874f,-0.019577593389436782f,0.9991890874232423f,0.03517268394193118f,0.3898335990713069f,0.8360900809940307f,0.035639981832890355f,-0.5461528860783551f,-0.1283615797632408f,0f,0f,0f,1f], start_interpolation: 0, interpolation_duration: 1 }
$data merge entity $(bone_12) { transformation: [-0.546963557650906f,-0.36984183517255853f,-0.7510312134379358f,0.0942107091595842f,-0.0195971905800168f,0.902532482971818f,-0.4301756237888145f,0.671875f,0.8369270080020328f,-0.22057228778094318f,-0.5009002387101111f,-0.19729041969478556f,0f,0f,0f,1f], start_interpolation: 0, interpolation_duration: 1 }
$data merge entity $(bone_10) { transformation: [-0.7925599869509441f,-0.20820867120070158f,-0.5720486226585794f,-0.0887140182982464f,0f,0.9396926207859084f,-0.3420201433256688f,1.0372749908553058f,0.6081526675797119f,-0.2713428231543064f,-0.7455082795475255f,-0.24061435957297378f,0f,0f,0f,1f], start_interpolation: 0, interpolation_duration: 1 }
$data merge entity $(bone_9) { transformation: [-0.7933533402912353f,0.20820867120070147f,-0.5720486226585794f,-0.009511897328261243f,0f,0.9396926207859084f,0.34202014332566866f,1.3125f,0.6087614290087205f,0.27134282315430625f,-0.7455082795475255f,-0.13739614594205055f,0f,0f,0f,1f], start_interpolation: 0, interpolation_duration: 1 }
$data merge entity $(bone_2) { transformation: [0.35546790465922795f,-0.21125853715046294f,0.9103621833080408f,-0.45341093422144607f,-0.6182175016392054f,0.6766916278600857f,0.39891105221973633f,1.0784760249170129f,-0.6996075252769633f,-0.7053072176471139f,0.11004847849725144f,0.06496872156523012f,0f,0f,0f,1f], start_interpolation: 0, interpolation_duration: 1 }
$data merge entity $(bone_1) { transformation: [0.35582372838761556f,0.76021984621742f,0.5435579635452862f,-0.21073448101485934f,-0.6188363379771826f,0.6275044312405732f,-0.4725248941298594f,1.25f,-0.7003078331100734f,-0.16823785005345f,0.6937326319945359f,0.03670225458044141f,0f,0f,0f,1f], start_interpolation: 0, interpolation_duration: 1 }
$data merge entity $(bone_4) { transformation: [-0.6373630992021833f,0.06335515096542138f,0.767424733025309f,0.4399111550083362f,-0.703646149894023f,0.35475175974920964f,-0.61485084496077f,1.0774433997972646f,-0.31088804337688275f,-0.9328115103283128f,-0.18170778076918043f,-0.34343257819389683f,0f,0f,0f,1f], start_interpolation: 0, interpolation_duration: 1 }
$data merge entity $(bone_3) { transformation: [-0.6380011003024857f,-0.5922985171803865f,0.4920742449658724f,0.24994801596790694f,-0.7043505003944174f,0.7071335767286429f,-0.06206832732634587f,1.28125f,-0.31119924261950227f,-0.3861924018010607f,-0.8683377569725829f,-0.415266265588523f,0f,0f,0f,1f], start_interpolation: 0, interpolation_duration: 1 }
$data merge entity $(bone_8) { transformation: [-0.8422947312239681f,-0.005566001845160151f,-0.5376686278040328f,0.07210474091662354f,0.09391613169850853f,0.9830184438760444f,-0.15759705654191994f,0.782329255543427f,0.5288859479690606f,-0.18342235039105587f,-0.828296815425878f,0.21867890816304408f,0f,0f,0f,1f], start_interpolation: 0, interpolation_duration: 1 }
$data merge entity $(bone_7) { transformation: [-0.8431378690930612f,-0.49887105719223124f,-0.2006145607804118f,-0.08512959748453873f,0.09401014184034888f,0.23058417725757036f,-0.9685004029062696f,0.7654638339019022f,0.529415363332393f,-0.8354391692363692f,-0.14751531301283816f,-0.028734962720142976f,0f,0f,0f,1f], start_interpolation: 0, interpolation_duration: 1 }
data modify entity @s data merge value {"locators":{},"cameras":{"camera":{"posx":-0.024234693877551373,"posy":0.9251093294460642,"posz":2.5455539358600583,"roty":177.6740226207751,"rotx":-4.779661819221787}}}