# This file was generated by Animated Java via MC-Build. It is not recommended to edit this file directly.
$data merge entity $(bone_layer) { transformation: [-0.9837584115425965f,-0.008399295986253101f,0.1793009747495054f,1.5308084989341915e-17f,0.08197052509401812f,0.8676415980329704f,0.4903864704277683f,1.421875f,-0.15968788537330691f,0.49711921024008804f,-0.8528612255667818f,-0.125f,0f,0f,0f,1f], start_interpolation: 0, interpolation_duration: 1 }
$data merge entity $(bone_head) { transformation: [-0.9837584115425965f,-0.008399295986253101f,0.1793009747495054f,1.5308084989341915e-17f,0.08197052509401812f,0.8676415980329704f,0.4903864704277683f,1.421875f,-0.15968788537330691f,0.49711921024008804f,-0.8528612255667818f,-0.125f,0f,0f,0f,1f], start_interpolation: 0, interpolation_duration: 1 }
$data merge entity $(bone_6) { transformation: [-0.9271456797234353f,-0.005102028596846039f,-0.3723614875513749f,0.14537912217482993f,-0.019578648013844003f,0.9991896554498109f,0.03515595519420053f,0.3802768711434218f,0.37150849938072655f,0.03992495142495839f,-0.9274216847814756f,-0.07963223326485758f,0f,0f,0f,1f], start_interpolation: 0, interpolation_duration: 1 }
$data merge entity $(bone_12) { transformation: [-0.9280737534769122f,-0.08557486675834977f,-0.3624307524018435f,0.11863697631284562f,-0.019598246260104108f,0.9831140123410503f,-0.1819416045939178f,0.6875f,0.37188037976048705f,-0.16175222075128337f,-0.9140794288415116f,-0.13017980224963363f,0f,0f,0f,1f], start_interpolation: 0, interpolation_duration: 1 }
$data merge entity $(bone_10) { transformation: [-0.998049173360276f,-0.007574427126938497f,-0.04295671085902552f,-0.0159535747081909f,0f,0.984807753012208f,-0.17364817766693028f,1.0010005098073795f,0.04357576797797054f,-0.17348290307907716f,-0.9838704342468719f,-0.13218465936870286f,0f,0f,0f,1f], start_interpolation: 0, interpolation_duration: 1 }
$data merge entity $(bone_9) { transformation: [-0.9990482215818578f,0.0075744271269385f,-0.04295671085902552f,-0.01288391675188302f,0f,0.984807753012208f,0.17364817766693033f,1.328125f,0.043619387365335875f,0.1734829030790772f,-0.9838704342468719f,-0.06187793322355052f,0f,0f,0f,1f], start_interpolation: 0, interpolation_duration: 1 }
$data merge entity $(bone_2) { transformation: [0.6461123782803557f,0.7620788485533836f,-0.030634078314308533f,-0.4622638750852913f,-0.753604194744013f,0.6450963808288727f,0.12162989973143687f,1.16825364042992f,0.11234105348059793f,-0.05555617003573626f,0.9921026765094194f,-0.28170047453504243f,0f,0f,0f,1f], start_interpolation: 0, interpolation_duration: 1 }
$data merge entity $(bone_1) { transformation: [0.6467591374177735f,0.564095061178224f,-0.5133219069170472f,-0.3108394633891638f,-0.7543585532973103f,0.5723546903249056f,-0.3214860518440428f,1.328125f,0.11245350698758552f,0.5951528126602588f,0.7957055600841155f,-0.08014868452389948f,0f,0f,0f,1f], start_interpolation: 0, interpolation_duration: 1 }
$data merge entity $(bone_4) { transformation: [-0.3437792296415739f,0.2618046433373575f,0.9016858913450818f,0.46233925150242416f,-0.703646149894023f,0.5630411216968191f,-0.4322904901481428f,1.089193194997561f,-0.6202410313792247f,-0.783864161704939f,-0.009353367131882506f,0.11138127235933795f,0f,0f,0f,1f], start_interpolation: 0, interpolation_duration: 1 }
$data merge entity $(bone_3) { transformation: [-0.3441233529945685f,-0.2636716796067485f,0.9011416998991512f,0.3461490378790971f,-0.7043505003944174f,0.7071335767286429f,-0.06206832732634587f,1.3125f,-0.6208618932724972f,-0.6560787681645496f,-0.42905845690975225f,-0.07755365055796809f,0f,0f,0f,1f], start_interpolation: 0, interpolation_duration: 1 }
$data merge entity $(bone_8) { transformation: [-0.9929020130336335f,0.05223716614474483f,0.0971709867212272f,-0.1815700587611908f,0.06141678699743651f,0.9936080419419226f,0.09467566682431111f,0.3847341190595577f,-0.09151268102656514f,0.10007166163057896f,-0.9907544183353387f,0.09991604423561187f,0f,0f,0f,1f], start_interpolation: 0, interpolation_duration: 1 }
$data merge entity $(bone_7) { transformation: [-0.9938959089425761f,0.10416104583091788f,0.036351048384056436f,-0.14985206909673582f,0.06147826526269921f,0.7965266444020502f,-0.6014696398471823f,0.6080458182447592f,-0.09160428531187702f,-0.5955634150021469f,-0.7980682136405891f,-0.09434958676653837f,0f,0f,0f,1f], start_interpolation: 0, interpolation_duration: 1 }
data modify entity @s data merge value {"locators":{},"cameras":{"camera":{"posx":-0.05102040816326578,"posy":0.9340379008746356,"posz":2.513666180758017,"roty":178.75946381668263,"rotx":-4.882638493353087}}}