# This file was generated by Animated Java via MC-Build. It is not recommended to edit this file directly.
$data merge entity $(bone_layer) { transformation: [-0.8305864810414695f,-0.23588449643749254f,0.5044646685859966f,-0.0005740240739069937f,0.08290734711292368f,0.8433892811986894f,0.5308680553149298f,1.4157083333333333f,-0.5506836381315918f,0.4827556573460209f,-0.6809511773942133f,-0.1235691846821877f,0f,0f,0f,1f], start_interpolation: 0, interpolation_duration: 1 }
$data merge entity $(bone_head) { transformation: [-0.8305864810414695f,-0.23588449643749254f,0.5044646685859966f,-0.0005740240739069937f,0.08290734711292368f,0.8433892811986894f,0.5308680553149298f,1.4157083333333333f,-0.5506836381315918f,0.4827556573460209f,-0.6809511773942133f,-0.1235691846821877f,0f,0f,0f,1f], start_interpolation: 0, interpolation_duration: 1 }
$data merge entity $(bone_6) { transformation: [-0.9978390156107837f,-0.02111568754930467f,0.043325168508081546f,0.11334382863781635f,-0.019578543960393196f,0.9991895994168295f,0.035157605768398215f,0.38030608222157064f,-0.0439884023498591f,0.03426765466961315f,-0.9984422229304909f,-0.015798944525668365f,0f,0f,0f,1f], start_interpolation: 0, interpolation_duration: 1 }
$data merge entity $(bone_12) { transformation: [-0.9988378534642479f,-0.010023611142413028f,0.04714307697424103f,0.11021145015581228f,-0.01959814210249569f,0.9780872035576407f,-0.20727116312435956f,0.6859583333333333f,-0.04403243478464375f,-0.20795420038186335f,-0.9771469670579118f,-0.08078463214500066f,0f,0f,0f,1f], start_interpolation: 0, interpolation_duration: 1 }
$data merge entity $(bone_10) { transformation: [-0.9271683259423702f,0.07096075245388081f,0.36551552963582656f,0.02950616734685465f,0f,0.9816715601371319f,-0.19058055519367503f,1.0608546095002287f,-0.37196759989174183f,-0.17687713144753467f,-0.9110858629004799f,-0.19822394152578265f,0f,0f,0f,1f], start_interpolation: 0, interpolation_duration: 1 }
$data merge entity $(bone_9) { transformation: [-0.9280964223647349f,-0.07096075245388084f,0.3655155296358265f,0.0008650141698513149f,0f,0.9816715601371319f,0.19058055519367506f,1.383398148148148f,-0.37233993983157343f,0.17687713144753472f,-0.9110858629004798f,-0.12683285786174892f,0f,0f,0f,1f], start_interpolation: 0, interpolation_duration: 1 }
$data merge entity $(bone_2) { transformation: [0.5735993214818319f,0.737884913034207f,-0.3547543555512994f,-0.37774101671403615f,-0.7483579946472281f,0.6483238817319067f,0.1360687123673928f,1.1906219232634658f,0.3300683720733654f,0.18762195898287992f,0.9250052176782908f,-0.4948999676979048f,0f,0f,0f,1f], start_interpolation: 0, interpolation_duration: 1 }
$data merge entity $(bone_1) { transformation: [0.5741734949768087f,0.301525167129315f,-0.7611881313142997f,-0.3120128618260926f,-0.7491071017489771f,0.5686599363427475f,-0.33980056931663605f,1.348824074074074f,0.33039877084420965f,0.7653159154142171f,0.552384107155822f,-0.2504348019606897f,0f,0f,0f,1f], start_interpolation: 0, interpolation_duration: 1 }
$data merge entity $(bone_4) { transformation: [-0.1333513380899373f,0.4027111580061785f,0.9055415646281777f,0.41928213003405546f,-0.77244106508867f,0.529243823789206f,-0.34934317391691716f,1.156212215048138f,-0.6193167376991393f,-0.7468096800378947f,0.24073599973499377f,0.22045651816120715f,0f,0f,0f,1f], start_interpolation: 0, interpolation_duration: 1 }
$data merge entity $(bone_3) { transformation: [-0.13348482291285013f,-0.18475957997107487f,0.9736763834359121f,0.3249441709788821f,-0.7732142793680381f,0.6339836190253596f,0.014298565972617194f,1.3520277777777778f,-0.6199366743735129f,-0.7509518416093138f,-0.2274859365989239f,-0.0034610353645419534f,0f,0f,0f,1f], start_interpolation: 0, interpolation_duration: 1 }
$data merge entity $(bone_8) { transformation: [-0.8688362566361733f,0.02149140237649458f,0.4931020769009548f,-0.26332138712812936f,0.06405987637321442f,0.9955041941801523f,0.06971019972581899f,0.533177646351562f,-0.48889762874602943f,0.09224705411890977f,-0.8671740481645835f,0.022538077793231137f,0f,0f,0f,1f], start_interpolation: 0, interpolation_duration: 1 }
$data merge entity $(bone_7) { transformation: [-0.869705962598772f,0.36367846690400396f,0.33369074205092486f,-0.14655776867746886f,0.06412400037358801f,0.7536010451860264f,-0.654196894879987f,0.7373963837692421f,-0.4893870157617912f,-0.5475613549227905f,-0.678731840566572f,-0.15820781438985393f,0f,0f,0f,1f], start_interpolation: 0, interpolation_duration: 1 }
data modify entity @s data merge value {"locators":{},"cameras":{"camera":{"posx":-1.1755000000000002,"posy":0.927,"posz":1.1749999999999998,"roty":224.89256454451322,"rotx":-9.034760394080479}}}