# This file was generated by Animated Java via MC-Build. It is not recommended to edit this file directly.
$data merge entity $(bone_layer) { transformation: [-0.8948889114223708f,-0.1844665935372013f,0.40638148589972123f,-0.0006545858159277896f,0.08356573457681277f,0.8252139096957016f,0.5586043065080792f,1.411375f,-0.43839548836401365f,0.5338483671544901f,-0.7230596909443665f,-0.12245792556962111f,0f,0f,0f,1f], start_interpolation: 0, interpolation_duration: 1 }
$data merge entity $(bone_head) { transformation: [-0.8948889114223708f,-0.1844665935372013f,0.40638148589972123f,-0.0006545858159277896f,0.08356573457681277f,0.8252139096957016f,0.5586043065080792f,1.411375f,-0.43839548836401365f,0.5338483671544901f,-0.7230596909443665f,-0.12245792556962111f,0f,0f,0f,1f], start_interpolation: 0, interpolation_duration: 1 }
$data merge entity $(bone_6) { transformation: [-0.9951642207321056f,-0.016513407217924894f,-0.08597559236447201f,0.12694558691446384f,-0.019578470841382204f,0.9991895600406903f,0.035158765630768724f,0.3804486615415331f,0.08523999797145934f,0.036708724953979116f,-0.9956766838270842f,-0.025831159525403657f,0f,0f,0f,1f], start_interpolation: 0, interpolation_duration: 1 }
$data merge entity $(bone_12) { transformation: [-0.9961603811132188f,-0.038230341538102806f,-0.07875872069965892f,0.1149986051838067f,-0.019598068910292497f,0.974164283067094f,-0.2249885892470152f,0.684875f,0.08532532329475409f,-0.2225811999748737f,-0.9711731043549298f,-0.09538778451755169f,0f,0f,0f,1f], start_interpolation: 0, interpolation_duration: 1 }
$data merge entity $(bone_10) { transformation: [-0.9674408975041927f,0.05048302209811464f,0.2442025367633857f,0.021454842184334105f,0f,0.9792935370823674f,-0.20244546976582592f,1.059252002337974f,-0.2491166590902389f,-0.19605007704295146f,-0.9483569754104314f,-0.20731702309075523f,0f,0f,0f,1f], start_interpolation: 0, interpolation_duration: 1 }
$data merge entity $(bone_9) { transformation: [-0.9684093068110037f,-0.050483022098114616f,0.24420253676338574f,0.0011460541677459253f,0f,0.9792935370823674f,0.20244546976582584f,1.3785f,-0.24936602511535425f,0.1960500770429514f,-0.9483569754104314f,-0.12844814223091106f,0f,0f,0f,1f], start_interpolation: 0, interpolation_duration: 1 }
$data merge entity $(bone_2) { transformation: [0.6288840923511722f,0.7579258278529741f,-0.1710586431263732f,-0.42458564732635884f,-0.7434877664589589f,0.6514303504847232f,0.1475033251809289f,1.1841060710163056f,0.22300614232238222f,0.03445196570204112f,0.9741569225090654f,-0.43938419425001957f,0f,0f,0f,1f], start_interpolation: 0, interpolation_duration: 1 }
$data merge entity $(bone_1) { transformation: [0.6295136059571292f,0.4193252748554609f,-0.6541245552509432f,-0.3205398487052359f,-0.7442319984574163f,0.5672822492444772f,-0.35257564034431954f,1.3415f,0.2232293716940763f,0.7087715877202746f,0.669187181626747f,-0.20805552971972718f,0f,0f,0f,1f], start_interpolation: 0, interpolation_duration: 1 }
$data merge entity $(bone_4) { transformation: [-0.20798917904296355f,0.34276695317216027f,0.9160593148181836f,0.45957368909747165f,-0.7682649952170341f,0.5213389753298884f,-0.3698544776844173f,1.1506921670723858f,-0.6037469656447183f,-0.7814835178140714f,0.15505804420160535f,0.15747364997162755f,0f,0f,0f,1f], start_interpolation: 0, interpolation_duration: 1 }
$data merge entity $(bone_3) { transformation: [-0.20819737641938293f,-0.2657450479390695f,0.9412934834300871f,0.34149714318179464f,-0.7690340292462804f,0.6391241982546587f,0.010340264337571958f,1.347f,-0.60435131696168f,-0.7217339043589412f,-0.33743096625158997f,-0.051650038693446795f,0f,0f,0f,1f], start_interpolation: 0, interpolation_duration: 1 }
$data merge entity $(bone_8) { transformation: [-0.925743215434864f,0.04188666753671286f,0.3735350461781941f,-0.24343998169906433f,0.06599556088880366f,0.9964519071306861f,0.05214843053046886f,0.550311871429575f,-0.36965535978704717f,0.07300071135466774f,-0.926149075726939f,0.06679511827155307f,0f,0f,0f,1f], start_interpolation: 0, interpolation_duration: 1 }
$data merge entity $(bone_7) { transformation: [-0.9266698853201842f,0.3005752759783628f,0.22569321458831626f,-0.14768888892013435f,0.06606162251131498f,0.7213372128143647f,-0.6894262015911321f,0.740245173023689f,-0.3700253851722194f,-0.623960839219686f,-0.6882979626937857f,-0.13908900521105086f,0f,0f,0f,1f], start_interpolation: 0, interpolation_duration: 1 }
data modify entity @s data merge value {"locators":{},"cameras":{"camera":{"posx":-1.0363750000000003,"posy":0.91940625,"posz":1.3406249999999997,"roty":219.28188871707187,"rotx":-8.548903990009956}}}