# This file was generated by Animated Java via MC-Build. It is not recommended to edit this file directly.
$data merge entity $(bone_layer) { transformation: [-0.9486789903960486f,-0.11623846893899831f,0.29410336876658066f,-0.00041565758812380714f,0.08431705131430318f,0.8033620539113357f,0.5894913444597989f,1.4064305555555556f,-0.30479305772736187f,0.5840359823453326f,-0.7523318172768765f,-0.12116132734115284f,0f,0f,0f,1f], start_interpolation: 0, interpolation_duration: 1 }
$data merge entity $(bone_head) { transformation: [-0.9486789903960486f,-0.11623846893899831f,0.29410336876658066f,-0.00041565758812380714f,0.08431705131430318f,0.8033620539113357f,0.5894913444597989f,1.4064305555555556f,-0.30479305772736187f,0.5840359823453326f,-0.7523318172768765f,-0.12116132734115284f,0f,0f,0f,1f], start_interpolation: 0, interpolation_duration: 1 }
$data merge entity $(bone_6) { transformation: [-0.9725953653589684f,-0.011068063972798081f,-0.2281250274278931f,0.14127820135752728f,-0.019578387410342887f,0.9991895151098804f,0.035160089062889754f,0.38073381996042277f,0.22732343044364223f,0.038701561394548084f,-0.9729967831386253f,-0.03896548751851049f,0f,0f,0f,1f], start_interpolation: 0, interpolation_duration: 1 }
$data merge entity $(bone_12) { transformation: [-0.9735689342932616f,-0.0742985754733734f,-0.2159704884045743f,0.11805989652209808f,-0.019597985395738628f,0.9692962205710917f,-0.24511376084387038f,0.6836388888888889f,0.2275509814250673f,-0.23440255644771688f,-0.9451327908729353f,-0.11221628640842202f,0f,0f,0f,1f], start_interpolation: 0, interpolation_duration: 1 }
$data merge entity $(bone_10) { transformation: [-0.9931944136890608f,0.023247232354719243f,0.10511226979669533f,0.010309657357145355f,0f,0.9764050132178228f,-0.21594733191939003f,1.0575368025620056f,-0.1075446726567277f,-0.21469237608948505f,-0.9707307353612965f,-0.21642706794551747f,0f,0f,0f,1f], start_interpolation: 0, interpolation_duration: 1 }
$data merge entity $(bone_9) { transformation: [-0.9941886022913522f,-0.023247232354719243f,0.10511226979669533f,0.0009961308075460632f,0f,0.9764050132178228f,0.21594733191939003f,1.3729490740740742f,-0.1076523249817094f,0.21469237608948508f,-0.9707307353612965f,-0.13041497350795905f,0f,0f,0f,1f], start_interpolation: 0, interpolation_duration: 1 }
$data merge entity $(bone_2) { transformation: [0.6682018034218342f,0.7422361214824242f,0.041201472075461154f,-0.46702488717662854f,-0.7367677823802768f,0.6556123882379761f,0.1620442749705137f,1.176315578883971f,0.09316965573757614f,-0.13877296694826985f,0.9859229643578123f,-0.37022486836464524f,0f,0f,0f,1f], start_interpolation: 0, interpolation_duration: 1 }
$data merge entity $(bone_1) { transformation: [0.6688706740959302f,0.5381699506449853f,-0.5128207538285001f,-0.32328133163603917f,-0.7375052876679448f,0.5669512217683867f,-0.3669499459015571f,1.3331620370370372f,0.09326291865623237f,0.6236500752490195f,0.7761202301484056f,-0.1608249950829549f,0f,0f,0f,1f], start_interpolation: 0, interpolation_duration: 1 }
$data merge entity $(bone_4) { transformation: [-0.2889271158621906f,0.2731488825253399f,0.9174658583114608f,0.49356978120118566f,-0.7634629570138839f,0.5112792591182809f,-0.3931288975999257f,1.1444566701162229f,-0.5758875193882682f,-0.8148516473387165f,0.06087748930994147f,0.08178499771082483f,0f,0f,0f,1f], start_interpolation: 0, interpolation_duration: 1 }
$data merge entity $(bone_3) { transformation: [-0.289216332194385f,-0.3505371351028028f,0.8907736132744092f,0.35168339871445453f,-0.764227184198082f,0.6449222973198097f,0.005660508140623133f,1.3412916666666668f,-0.5764639833716398f,-0.6791162988278654f,-0.4544120690976896f,-0.10797672060925963f,0f,0f,0f,1f], start_interpolation: 0, interpolation_duration: 1 }
$data merge entity $(bone_8) { transformation: [-0.9699112701789467f,0.059076529105400385f,0.23215901876395795f,-0.2126104630979969f,0.06828198894477307f,0.9971448395840818f,0.03209984440133484f,0.5704901303480807f,-0.229370220311199f,0.047033313722237347f,-0.9721480288494989f,0.11184824194607454f,0f,0f,0f,1f], start_interpolation: 0, interpolation_duration: 1 }
$data merge entity $(bone_7) { transformation: [-0.9708821523312781f,0.21336112080166195f,0.1089260226706347f,-0.14602763270259886f,0.06835033928405712f,0.6825149973738651f,-0.7276685436924613f,0.7433203181632861f,-0.22959982013133032f,-0.6990352712775026f,-0.677224934645535f,-0.11825245968634249f,0f,0f,0f,1f], start_interpolation: 0, interpolation_duration: 1 }
data modify entity @s data merge value {"locators":{},"cameras":{"camera":{"posx":-0.8815000000000002,"posy":0.911,"posz":1.525,"roty":213.03517410559374,"rotx":-8.003351897334106}}}