# This file was generated by Animated Java via MC-Build. It is not recommended to edit this file directly.
$data merge entity $(bone_layer) { transformation: [-0.9838281047333782f,-0.03310459118151956f,0.17602939066938042f,0.000227184309194473f,0.08513599780977513f,0.778230286364428f,0.6221812302392884f,1.4010416666666665f,-0.15758845837707422f,0.6271058183654852f,-0.7628264352777061f,-0.11979662384592782f,0f,0f,0f,1f], start_interpolation: 0, interpolation_duration: 1 }
$data merge entity $(bone_head) { transformation: [-0.9838281047333782f,-0.03310459118151956f,0.17602939066938042f,0.000227184309194473f,0.08513599780977513f,0.778230286364428f,0.6221812302392884f,1.4010416666666665f,-0.15758845837707422f,0.6271058183654852f,-0.7628264352777061f,-0.11979662384592782f,0f,0f,0f,1f], start_interpolation: 0, interpolation_duration: 1 }
$data merge entity $(bone_6) { transformation: [-0.9271503997015242f,-0.0051001308080244195f,-0.3723497374853189f,0.15514691590921287f,-0.019578296479431597f,0.9991894661383736f,0.03516153145449258f,0.3811925393875867f,0.37149673839788605f,0.03992993142810475f,-0.9274261909717608f,-0.05492962043958108f,0f,0f,0f,1f], start_interpolation: 0, interpolation_duration: 1 }
$data merge entity $(bone_12) { transformation: [-0.9280784781797039f,-0.11683180670837516f,-0.35358261733419777f,0.11863697631284562f,-0.0195978943738054f,0.9635172072930562f,-0.26692791870897087f,0.6822916666666667f,0.37186860700489094f,-0.24080058179216815f,-0.8965092408518696f,-0.13017980224963363f,0f,0f,0f,1f], start_interpolation: 0, interpolation_duration: 1 }
$data merge entity $(bone_10) { transformation: [-0.998049173360276f,-0.01005932299850872f,-0.04244362113367445f,-0.003760409511240223f,0f,0.9730448705798238f,-0.23061587074244003f,1.0557559763276234f,0.04357576797797054f,-0.23039637553378636f,-0.972118747472122f,-0.22439465912291093f,0f,0f,0f,1f], start_interpolation: 0, interpolation_duration: 1 }
$data merge entity $(bone_9) { transformation: [-0.9990482215818578f,0.010059322998508726f,-0.04244362113367445f,0.00024999779272715157f,0f,0.9730448705798238f,0.23061587074244017f,1.3668981481481481f,0.043619387365335875f,0.23039637553378645f,-0.972118747472122f,-0.13254123047912586f,0f,0f,0f,1f], start_interpolation: 0, interpolation_duration: 1 }
$data merge entity $(bone_2) { transformation: [0.6821358216640466f,0.6816320563820442f,0.26293809949359337f,-0.49924487247922184f,-0.7280704185977238f,0.6606728175084191f,0.17989754950233494f,1.1673642249304281f,-0.05104102629895675f,-0.3144664813901044f,0.9478926244663751f,-0.29092433260859873f,0f,0f,0f,1f], start_interpolation: 0, interpolation_duration: 1 }
$data merge entity $(bone_1) { transformation: [0.682818640304351f,0.6446353996778171f,-0.34380794920294955f,-0.31861273661246203f,-0.7287992178155394f,0.5681012652831687f,-0.38224684759343747f,1.324074074074074f,-0.05109211841737413f,0.51157223719225f,0.8577199085772357f,-0.11224757754911091f,0f,0f,0f,1f], start_interpolation: 0, interpolation_duration: 1 }
$data merge entity $(bone_4) { transformation: [-0.3699285507845594f,0.19774911419545482f,0.9076199919539598f,0.5160719813886797f,-0.7581335684400445f,0.49906169021539337f,-0.41835351336765614f,1.1376820288970553f,-0.5351517165428885f,-0.8437017939973033f,-0.034731657870485655f,-0.002151694646249702f,0f,0f,0f,1f], start_interpolation: 0, interpolation_duration: 1 }
$data merge entity $(bone_3) { transformation: [-0.37029884963419357f,-0.43192227507067343f,0.8223879317313493f,0.3525926861268493f,-0.7588924609009455f,0.6512158894246283f,0.0003132867650827431f,1.3350694444444444f,-0.5356874039468353f,-0.6239879915981267f,-0.5689270529637666f,-0.16877802541961606f,0f,0f,0f,1f], start_interpolation: 0, interpolation_duration: 1 }
$data merge entity $(bone_8) { transformation: [-0.9935348128504651f,0.06993449525992797f,0.07759222828723793f,-0.17134313064482415f,0.07086682410498055f,0.9974281136035563f,0.01024656696525239f,0.5931665203791298f,-0.07659940532057226f,0.015694730516643496f,-0.9969325222776353f,0.1526852839233236f,0f,0f,0f,1f], start_interpolation: 0, interpolation_duration: 1 }
$data merge entity $(bone_7) { transformation: [-0.9945293421926578f,0.10432730335786922f,-0.0052154857793749315f,-0.1411370785372731f,0.07093776186684739f,0.6378982904463966f,-0.7668465328779202f,0.7464694510843343f,-0.07667608140197424f,-0.7630213527940355f,-0.6418093125852865f,-0.0972732166999334f,0f,0f,0f,1f], start_interpolation: 0, interpolation_duration: 1 }
data modify entity @s data merge value {"locators":{},"cameras":{"camera":{"posx":-0.7187500000000002,"posy":0.90234375,"posz":1.71875,"roty":206.4702340839613,"rotx":-7.423578834699139}}}