# This file was generated by Animated Java via MC-Build. It is not recommended to edit this file directly.
$data merge entity $(bone_layer) { transformation: [-0.9962725655205961f,0.06031694467744568f,0.061667182324049885f,0.0012845339795929307f,0.08599726426266152f,0.750369042092101f,0.6554012291788296f,1.395375f,-0.006741344847106923f,0.6582614730139996f,-0.7527591828832723f,-0.11850072331291618f,0f,0f,0f,1f], start_interpolation: 0, interpolation_duration: 1 }
$data merge entity $(bone_head) { transformation: [-0.9962725655205961f,0.06031694467744568f,0.061667182324049885f,0.0012845339795929307f,0.08599726426266152f,0.750369042092101f,0.6554012291788296f,1.395375f,-0.006741344847106923f,0.6582614730139996f,-0.7527591828832723f,-0.11850072331291618f,0f,0f,0f,1f], start_interpolation: 0, interpolation_duration: 1 }
$data merge entity $(bone_6) { transformation: [-0.860468438633569f,0.0009850535966953178f,-0.5080453323612164f,0.16752677048974074f,-0.01957820086085066f,0.9991894146403426f,0.03516304819538074f,0.38184034521563376f,0.5071604875841179f,0.040243550291953756f,-0.8606122822198105f,-0.07298845068453237f,0f,0f,0f,1f], start_interpolation: 0, interpolation_duration: 1 }
$data merge entity $(bone_12) { transformation: [-0.861329768401971f,-0.1632969650250043f,-0.48108744660220526f,0.11649646891942692f,-0.01959779865951017f,0.956910895309972f,-0.2897196312381492f,0.680875f,0.5076681557398578f,-0.2401158879597316f,-0.82741610088093f,-0.1480246656719485f,0f,0f,0f,1f], start_interpolation: 0, interpolation_duration: 1 }
$data merge entity $(bone_10) { transformation: [-0.9800418732674313f,-0.047694334947304115f,-0.18793437050397893f,-0.020040530717655793f,0f,0.9692738567985852f,-0.245984126574858f,1.0539463791562986f,0.19369802952653928f,-0.2413160602627395f,-0.9508798461722057f,-0.23026596122657622f,0f,0f,0f,1f], start_interpolation: 0, interpolation_duration: 1 }
$data merge entity $(bone_9) { transformation: [-0.981022896163595f,0.047694334947304115f,-0.18793437050397893f,-0.0011304425718141654f,0f,0.9692738567985852f,0.24598412657485796f,1.3605f,0.19389192144798725f,0.24131606026273947f,-0.9508798461722057f,-0.13458776431666059f,0f,0f,0f,1f], start_interpolation: 0, interpolation_duration: 1 }
$data merge entity $(bone_2) { transformation: [0.6663274329682989f,0.576538236341726f,0.4719344190235144f,-0.5175756404039094f,-0.71743036902842f,0.666193533332614f,0.2011190764008699f,1.157413310635813f,-0.1982483736872074f,-0.4730643066030026f,0.8583874540372775f,-0.20694611801446008f,0f,0f,0f,1f], start_interpolation: 0, interpolation_duration: 1 }
$data merge entity $(bone_1) { transformation: [0.6669944273956946f,0.7278007851798527f,-0.15945046539499272f,-0.30649260934723405f,-0.7181485175459659f,0.5710041133958477f,-0.3977650176065681f,1.3145f,-0.19844682050771512f,0.37981616550195957f,0.9035256166007506f,-0.06595301836229236f,0f,0f,0f,1f], start_interpolation: 0, interpolation_duration: 1 }
$data merge entity $(bone_4) { transformation: [-0.44519177060085363f,0.12130443385368761f,0.886956895745548f,0.5243777006017741f,-0.7523825857337618f,0.4847938921847369f,-0.44470379711500485f,1.1305433861710148f,-0.48345189220216683f,-0.866175569055033f,-0.12468359122562045f,-0.08840477159992133f,0f,0f,0f,1f], start_interpolation: 0, interpolation_duration: 1 }
$data merge entity $(bone_3) { transformation: [-0.4456374080088625f,-0.5038599514777024f,0.7399543566193999f,0.3432208282680948f,-0.753135721455217f,0.6578410843529425f,-0.005629636353661538f,1.3285f,-0.483935828030197f,-0.5597948347691609f,-0.6726335237813349f,-0.2296588680808413f,0f,0f,0f,1f], start_interpolation: 0, interpolation_duration: 1 }
$data merge entity $(bone_8) { transformation: [-0.9932144489199252f,0.07252848106381758f,-0.07930173158585765f,-0.12236706257817648f,0.07368747820927429f,0.9971947538962226f,-0.012724085697608523f,0.6176763239099947f,0.07807825569162652f,-0.018499790172523345f,-0.9967694482730922f,0.1851547392449136f,0f,0f,0f,1f], start_interpolation: 0, interpolation_duration: 1 }
$data merge entity $(bone_7) { transformation: [-0.9942086575775027f,-0.019868811197790055f,-0.1056142771576198f,-0.1332430756858349f,0.07376123944872301f,0.5885606427025067f,-0.8050811446162431f,0.7495602500835865f,0.07815641210373026f,-0.8082088840165016f,-0.5836865383438898f,-0.07766372563326168f,0f,0f,0f,1f], start_interpolation: 0, interpolation_duration: 1 }
data modify entity @s data merge value {"locators":{},"cameras":{"camera":{"posx":-0.5560000000000003,"posy":0.894,"posz":1.9125,"roty":199.90507905972476,"rotx":-6.836103794631177}}}