# This file was generated by Animated Java via MC-Build. It is not recommended to edit this file directly.
$data merge entity $(bone_layer) { transformation: [-0.9867513143746609f,0.1572196314481703f,-0.0400478597078629f,0.0026856688245535587f,0.08687552883857293f,0.7205019454497333f,0.6879895268768034f,1.3895972222222222f,0.1370200206863853f,0.6753953909307132f,-0.72461478030789f,-0.11739059025897564f,0f,0f,0f,1f], start_interpolation: 0, interpolation_duration: 1 }
$data merge entity $(bone_head) { transformation: [-0.9867513143746609f,0.1572196314481703f,-0.0400478597078629f,0.0026856688245535587f,0.08687552883857293f,0.7205019454497333f,0.6879895268768034f,1.3895972222222222f,0.1370200206863853f,0.6753953909307132f,-0.72461478030789f,-0.11739059025897564f,0f,0f,0f,1f], start_interpolation: 0, interpolation_duration: 1 }
$data merge entity $(bone_6) { transformation: [-0.7786830362412012f,0.006757344446320701f,-0.6264124450824082f,0.17774200828664527f,-0.01957810336685806f,0.999189362130204f,0.03516459467544486f,0.3826742844564022f,0.6255161284401393f,0.03968572667685305f,-0.7786982085039047f,-0.0919458755630899f,0f,0f,0f,1f], start_interpolation: 0, interpolation_duration: 1 }
$data merge entity $(bone_12) { transformation: [-0.7794624987399411f,-0.21043802287797636f,-0.5900458046501946f,0.11198012613727767f,-0.019597701067925986f,0.9496200675172906f,-0.3127901173012165f,0.6794305555555555f,0.6261422707108502f,-0.23224462511684715f,-0.7443173321463068f,-0.16452232091210464f,0f,0f,0f,1f], start_interpolation: 0, interpolation_duration: 1 }
$data merge entity $(bone_10) { transformation: [-0.9420475453569717f,-0.08706235654340466f,-0.3212304395439469f,-0.03735192135789551f,0f,0.9651790131626743f,-0.2615902761004818f,1.0521333583839136f,0.33248672497846354f,-0.24667715464435575f,-0.9101546748548165f,-0.233557073464843f,0f,0f,0f,1f], start_interpolation: 0, interpolation_duration: 1 }
$data merge entity $(bone_9) { transformation: [-0.9429905358928645f,0.08706235654340463f,-0.32123043954394687f,-0.0030380039072897317f,0f,0.9651790131626743f,0.2615902761004818f,1.3539074074074073f,0.3328195445229865f,0.24667715464435572f,-0.9101546748548164f,-0.13633411905059153f,0f,0f,0f,1f], start_interpolation: 0, interpolation_duration: 1 }
$data merge entity $(bone_2) { transformation: [0.6226276770796451f,0.437277741252591f,0.6483413126915729f,-0.5212370806414939f,-0.705064872467689f,0.6715943328890148f,0.2254968987687574f,1.1466843637150488f,-0.3364807592515902f,-0.5981214166341073f,0.727189583879638f,-0.12481865093978851f,0f,0f,0f,1f], start_interpolation: 0, interpolation_duration: 1 }
$data merge entity $(bone_1) { transformation: [0.6232509280076527f,0.7816361051448961f,0.024561756279156355f,-0.28842130704287916f,-0.7057706431107998f,0.5757306244776923f,-0.4128220529011192f,1.3047037037037037f,-0.3368175768284186f,0.23995676104757585f,0.9104804625948812f,-0.0251289730476994f,0f,0f,0f,1f], start_interpolation: 0, interpolation_duration: 1 }
$data merge entity $(bone_4) { transformation: [-0.5101931504970558f,0.04919750832264097f,0.8583479354699122f,0.51875775614643f,-0.7463244618159809f,0.4687240595681167f,-0.4713617295040672f,1.123213932772528f,-0.42509263329417424f,-0.8819735603502117f,-0.2026251258691138f,-0.17054720068304285f,0f,0f,0f,1f], start_interpolation: 0, interpolation_duration: 1 }
$data merge entity $(bone_3) { transformation: [-0.5107038543514072f,-0.5622323694629683f,0.650443184204949f,0.3247354603923327f,-0.7470715333493302f,0.6646339881323953f,-0.012074182303900116f,1.32175f,-0.4255181514456199f,-0.49209391842135536f,-0.7594589378254883f,-0.2862478111735426f,0f,0f,0f,1f], start_interpolation: 0, interpolation_duration: 1 }
$data merge entity $(bone_8) { transformation: [-0.9706098790797727f,0.06660033556415758f,-0.2271428203511916f,-0.0701352877186705f,0.0766694986519415f,0.9963961037888935f,-0.036122268042676264f,0.64324501672031f,0.2236945475625387f,-0.05252808446016338f,-0.973191307459309f,0.20692149988852365f,0f,0f,0f,1f], start_interpolation: 0, interpolation_duration: 1 }
$data merge entity $(bone_7) { transformation: [-0.971581460540313f,-0.14918657355174142f,-0.18377386050862332f,-0.12317306400419875f,0.07674624489683834f,0.5359007029221566f,-0.8407856150659174f,0.7524852403789393f,0.22391846602856727f,-0.8309956695912617f,-0.5092216783405671f,-0.06065043451884532f,0f,0f,0f,1f], start_interpolation: 0, interpolation_duration: 1 }
data modify entity @s data merge value {"locators":{},"cameras":{"camera":{"posx":-0.40112500000000034,"posy":0.88653125,"posz":2.096875,"roty":193.65772717019576,"rotx":-6.269110446936268}}}