# This file was generated by Animated Java via MC-Build. It is not recommended to edit this file directly.
$data merge entity $(bone_layer) { transformation: [-0.9605685684845569f,0.24971716529109497f,-0.12226758605006066f,0.004292214066316244f,0.08774545698579331f,0.6895270888091907f,0.7189249811883552f,1.383875f,0.2638347210241354f,0.6798483148153729f,-0.6842495954144321f,-0.11652492487296325f,0f,0f,0f,1f], start_interpolation: 0, interpolation_duration: 1 }
$data merge entity $(bone_head) { transformation: [-0.9605685684845569f,0.24971716529109497f,-0.12226758605006066f,0.004292214066316244f,0.08774545698579331f,0.6895270888091907f,0.7189249811883552f,1.383875f,0.2638347210241354f,0.6798483148153729f,-0.6842495954144321f,-0.11652492487296325f,0f,0f,0f,1f], start_interpolation: 0, interpolation_duration: 1 }
$data merge entity $(bone_6) { transformation: [-0.6913847241058318f,0.011826882512748271f,-0.7217269750374612f,0.18560244084657457f,-0.01957800680977271f,0.9991893101226392f,0.035166126284670585f,0.38367149988487187f,0.7208362261446487f,0.03848177993120913f,-0.6912839626849495f,-0.1102375397567179f,0f,0f,0f,1f], start_interpolation: 0, interpolation_duration: 1 }
$data merge entity $(bone_12) { transformation: [-0.6920768009067386f,-0.2549248056275683f,-0.6753095920557037f,0.10593843908795947f,-0.019597604414186898f,0.9418512003684099f,-0.3354582690377605f,0.6779999999999999f,0.7215577839285773f,-0.21892843543115176f,-0.6568292811771934f,-0.17865267582895283f,0f,0f,0f,1f], start_interpolation: 0, interpolation_duration: 1 }
$data merge entity $(bone_10) { transformation: [-0.89122105809576f,-0.1251425559046056f,-0.43413526734596286f,-0.05425905225657784f,0f,0.9608758966968985f,-0.2769792612217223f,1.0503304559742417f,0.45136019497367497f,-0.24709684710370897f,-0.8572100433963185f,-0.23443102762143486f,0f,0f,0f,1f], start_interpolation: 0, interpolation_duration: 1 }
$data merge entity $(bone_9) { transformation: [-0.892113171267027f,0.12514255590460566f,-0.43413526734596286f,-0.005241242806551645f,0f,0.9608758966968985f,0.27697926122172234f,1.3472731481481481f,0.4518120069806556f,0.247096847103709f,-0.8572100433963185f,-0.13764423851138363f,0f,0f,0f,1f], start_interpolation: 0, interpolation_duration: 1 }
$data merge entity $(bone_2) { transformation: [0.5587573711344689f,0.28129180774395995f,0.7797690437684978f,-0.5124509427764403f,-0.6913742460260024f,0.6762448748312528f,0.2524620537642708f,1.135465571207068f,-0.4558430125984986f,-0.6808581263087036f,0.572907627623764f,-0.05094890185263486f,0f,0f,0f,1f], start_interpolation: 0, interpolation_duration: 1 }
$data merge entity $(bone_1) { transformation: [0.5593166878222912f,0.8062396503361953f,0.1927238152104507f,-0.2670759273575557f,-0.6920663123383407f,0.582134561822603f,-0.42680624557053565f,1.2949490740740741f,-0.456299311910409f,0.10534219552190693f,0.883568876654623f,0.007936089838388227f,0f,0f,0f,1f], start_interpolation: 0, interpolation_duration: 1 }
$data merge entity $(bone_4) { transformation: [-0.5622909848125949f,-0.012812128894160335f,0.8264571408541136f,0.5022990791573769f,-0.7400833028624654f,0.45125959355918593f,-0.4975383322831623f,1.1158641744752764f,-0.3662056160446839f,-0.8923007500691666f,-0.2634847286658817f,-0.2427476405072626f,0f,0f,0f,1f], start_interpolation: 0, interpolation_duration: 1 }
$data merge entity $(bone_3) { transformation: [-0.5628538386512462f,-0.6051752381117852f,0.5629906637697474f,0.30027879940546504f,-0.7408241269894549f,0.6714330707662872f,-0.018900908752387258f,1.3149861111111112f,-0.3665721882329168f,-0.4277155160357149f,-0.8262470987279973f,-0.3349707987667465f,0f,0f,0f,1f], start_interpolation: 0, interpolation_duration: 1 }
$data merge entity $(bone_8) { transformation: [-0.9320506623854495f,0.05363281828192504f,-0.3559003189671822f,-0.019861867750828474f,0.07972606988384418f,0.9950474187819843f,-0.05925923193522775f,0.669015468190798f,0.35060849465995697f,-0.08369083091025231f,-0.9326431827818744f,0.21797983592767367f,0f,0f,0f,1f], start_interpolation: 0, interpolation_duration: 1 }
$data merge entity $(bone_7) { transformation: [-0.932983646031481f,-0.2721701336010995f,-0.23550994589053703f,-0.11217791790464034f,0.07980587575960378f,0.48161635895954596f,-0.8727409151499617f,0.7551646070521936f,0.35095945411407103f,-0.8330480785393539f,-0.4276194107028396f,-0.04702106785840572f,0f,0f,0f,1f], start_interpolation: 0, interpolation_duration: 1 }
data modify entity @s data merge value {"locators":{},"cameras":{"camera":{"posx":-0.2620000000000003,"posy":0.8805,"posz":2.2625,"roty":188.04604190887142,"rotx":-5.752704463555449}}}