# This file was generated by Animated Java via MC-Build. It is not recommended to edit this file directly.
$data merge entity $(bone_layer) { transformation: [-0.926440941954562f,0.33006181935497725f,-0.18101485152999588f,0.005926132814775239f,0.08858170173276568f,0.6585027300168051f,0.7473469319389369f,1.3783750000000001f,0.36586946195121484f,0.6763381920049295f,-0.6393013271118961f,-0.11588152562861286f,0f,0f,0f,1f], start_interpolation: 0, interpolation_duration: 1 }
$data merge entity $(bone_head) { transformation: [-0.926440941954562f,0.33006181935497725f,-0.18101485152999588f,0.005926132814775239f,0.08858170173276568f,0.6585027300168051f,0.7473469319389369f,1.3783750000000001f,0.36586946195121484f,0.6763381920049295f,-0.6393013271118961f,-0.11588152562861286f,0f,0f,0f,1f], start_interpolation: 0, interpolation_duration: 1 }
$data merge entity $(bone_6) { transformation: [-0.6100458675917179f,0.015888992955374104f,-0.7917361615195002f,0.1914321138295736f,-0.01957791400197538f,0.999189260132599f,0.03516759841314088f,0.38478935372072826f,0.790861394125165f,0.036991381949494f,-0.6098500558040638f,-0.12607516413713785f,0f,0f,0f,1f], start_interpolation: 0, interpolation_duration: 1 }
$data merge entity $(bone_12) { transformation: [-0.6106565241158337f,-0.29396021150731433f,-0.7353135410186209f,0.09956954773353786f,-0.019597511513488867f,0.9338740680936697f,-0.3570646474865002f,0.676625f,0.7916530471723373f,-0.203633540932615f,-0.576037181013516f,-0.18971064567858004f,0f,0f,0f,1f], start_interpolation: 0, interpolation_duration: 1 }
$data merge entity $(bone_10) { transformation: [-0.8376419215646679f,-0.1589587758405801f,-0.5212319283209109f,-0.0693133188730979f,0f,0.9565086368562778f,-0.2917040068619989f,1.0485400685632054f,0.5443868213296964f,-0.24458809292892672f,-0.8020137463158095f,-0.2337161082744929f,0f,0f,0f,1f], start_interpolation: 0, interpolation_duration: 1 }
$data merge entity $(bone_9) { transformation: [-0.8384804019666345f,0.15895877584058013f,-0.5212319283209109f,-0.00743503525143525f,0f,0.9565086368562778f,0.29170400686199893f,1.3407499999999999f,0.5449317530827792f,0.24458809292892678f,-0.8020137463158095f,-0.13850468440245514f,0f,0f,0f,1f], start_interpolation: 0, interpolation_duration: 1 }
$data merge entity $(bone_2) { transformation: [0.48662570877863226f,0.1284337456200887f,0.8638436617922568f,-0.4958531083887782f,-0.6769253589568289f,0.6796058759010797f,0.2810517380121793f,1.124111193051254f,-0.5504257242869947f,-0.7222469289839322f,0.4180718222287636f,0.009393159245378702f,0f,0f,0f,1f], start_interpolation: 0, interpolation_duration: 1 }
$data merge entity $(bone_1) { transformation: [0.4871128216002325f,0.8074225275091587f,0.332851259729301f,-0.24574794366795605f,-0.6776029619187477f,0.5898597915352701f,-0.43922619722519757f,1.2854999999999999f,-0.5509767009879827f,-0.011588287219854498f,0.8344401635633979f,0.03202914158834058f,0f,0f,0f,1f], start_interpolation: 0, interpolation_duration: 1 }
$data merge entity $(bone_4) { transformation: [-0.6008274418682571f,-0.058807190296098266f,0.7967590776458683f,0.4801598503504192f,-0.7337932420406369f,0.4329731916460168f,-0.5224970532865735f,1.1086613317780316f,-0.3139344884423145f,-0.8994864811020454f,-0.30359809204893456f,-0.30055662589913346f,0f,0f,0f,1f], start_interpolation: 0, interpolation_duration: 1 }
$data merge entity $(bone_3) { transformation: [-0.6014288707389961f,-0.632821369232627f,0.4876683587071848f,0.27438172995605625f,-0.7345277698104473f,0.678081743395498f,-0.025963525396461684f,1.3083749999999998f,-0.314248737179494f,-0.3738211656879067f,-0.8726428062299192f,-0.3735380894175414f,0f,0f,0f,1f], start_interpolation: 0, interpolation_duration: 1 }
$data merge entity $(bone_8) { transformation: [-0.8872272067436615f,0.03650144062733798f,-0.4581689857947814f,0.023516507324210484f,0.08275852388163125f,0.9932285793874578f,-0.08145119576780896f,0.6940865825333375f,0.4516413514491046f,-0.11029339925898335f,-0.8851253488426232f,0.2205145598218332f,0f,0f,0f,1f], start_interpolation: 0, interpolation_duration: 1 }
$data merge entity $(bone_7) { transformation: [-0.8881153220657272f,-0.3780796845249374f,-0.2613559390211239f,-0.1017004269634276f,0.08284136524687813f,0.4276471792908235f,-0.9001417656395218f,0.7575469078818293f,0.4520934448939986f,-0.8210807768996458f,-0.34847937512821475f,-0.037096381520472566f,0f,0f,0f,1f], start_interpolation: 0, interpolation_duration: 1 }
data modify entity @s data merge value {"locators":{},"cameras":{"camera":{"posx":-0.14650000000000038,"posy":0.87646875,"posz":2.4000000000000004,"roty":183.38765630549264,"rotx":-5.318703134817785}}}