# This file was generated by Animated Java via MC-Build. It is not recommended to edit this file directly.
$data merge entity $(bone_layer) {transformation: [-0.5001f,0.2604f,-0.8259f,0.0039f,0f,0.9537f,0.3007f,1.2813f,0.8661f,0.1504f,-0.4769f,0.0312f,0f,0f,0f,1f],start_interpolation: 0,interpolation_duration: 1}
$data merge entity $(bone_l_1) {transformation: [-0.5001f,0.2604f,-0.8259f,0.1865f,0f,0.9537f,0.3007f,1.3554f,0.8661f,0.1504f,-0.4769f,0.263f,0f,0f,0f,1f],start_interpolation: 0,interpolation_duration: 1}
$data merge entity $(bone_eye_l) {transformation: [-0.5001f,0.2604f,-0.8259f,-0.0039f,0f,0.9537f,0.3007f,1.2841f,0.8661f,0.1504f,-0.4769f,0.0268f,0f,0f,0f,1f],start_interpolation: 0,interpolation_duration: 1}
$data merge entity $(bone_r_1) {transformation: [-0.5001f,0.2604f,-0.8259f,0.2959f,0f,0.9537f,0.3007f,1.3554f,0.8661f,0.1504f,-0.4769f,0.0735f,0f,0f,0f,1f],start_interpolation: 0,interpolation_duration: 1}
$data merge entity $(bone_eye_r) {transformation: [-0.5001f,0.2604f,-0.8259f,0.2912f,0f,0.9537f,0.3007f,1.3305f,0.8661f,0.1504f,-0.4769f,0.0528f,0f,0f,0f,1f],start_interpolation: 0,interpolation_duration: 1}
$data merge entity $(bone_eyes_down) {transformation: [-0.5001f,0.2604f,-0.8259f,0.0283f,0f,0.9537f,0.3007f,1.3707f,0.8661f,0.1504f,-0.4769f,0.0453f,0f,0f,0f,1f],start_interpolation: 0,interpolation_duration: 1}
$data merge entity $(bone_eyes_up) {transformation: [-0.5001f,0.2604f,-0.8259f,0.0441f,0f,0.9537f,0.3007f,1.4305f,0.8661f,0.1504f,-0.4769f,0.0544f,0f,0f,0f,1f],start_interpolation: 0,interpolation_duration: 1}
$data merge entity $(bone_bone) {transformation: [-0.5001f,0.2604f,-0.8259f,0.0039f,0f,0.9537f,0.3007f,1.2813f,0.8661f,0.1504f,-0.4769f,0.0312f,0f,0f,0f,1f],start_interpolation: 0,interpolation_duration: 1}
$data merge entity $(bone_l) {transformation: [-0.5001f,0.1953f,-0.8259f,0.1958f,0f,0.7153f,0.3007f,1.3607f,0.8661f,0.1128f,-0.4769f,0.2864f,0f,0f,0f,1f],start_interpolation: 0,interpolation_duration: 1}
$data merge entity $(bone_r) {transformation: [-0.5001f,0.1953f,-0.8259f,0.3208f,0f,0.7153f,0.3007f,1.3607f,0.8661f,0.1128f,-0.4769f,0.0698f,0f,0f,0f,1f],start_interpolation: 0,interpolation_duration: 1}
$data merge entity $(bone_sad) {transformation: [-0.8001f,0f,0f,0.1536f,0f,0f,0f,1.3281f,1.3858f,0f,0f,0.3061f,0f,0f,0f,1f],start_interpolation: 0,interpolation_duration: 1}
$data merge entity $(bone_head) {transformation: [-0.5001f,0.2604f,-0.8259f,0.0039f,0f,0.9537f,0.3007f,1.2813f,0.8661f,0.1504f,-0.4769f,0.0312f,0f,0f,0f,1f],start_interpolation: 0,interpolation_duration: 1}
$data merge entity $(bone_6) {transformation: [-0.5056f,0.1592f,-0.848f,0.0208f,-0.13f,0.9575f,0.2573f,0.338f,0.8529f,0.2404f,-0.4634f,-0.1473f,0f,0f,0f,1f],start_interpolation: 0,interpolation_duration: 1}
$data merge entity $(bone_12) {transformation: [-0.5056f,-0.3559f,-0.7859f,-0.1127f,-0.13f,0.932f,-0.3384f,0.6875f,0.8529f,-0.0689f,-0.5175f,-0.1732f,0f,0f,0f,1f],start_interpolation: 0,interpolation_duration: 1}
$data merge entity $(bone_10) {transformation: [-0.5f,0.0378f,-0.8652f,-0.149f,0f,0.999f,0.0436f,0.9962f,0.866f,0.0218f,-0.4995f,-0.057f,0f,0f,0f,1f],start_interpolation: 0,interpolation_duration: 1}
$data merge entity $(bone_9) {transformation: [-0.5f,0.4653f,-0.7304f,0.0255f,0f,0.8434f,0.5373f,1.3125f,0.866f,0.2686f,-0.4217f,0.0438f,0f,0f,0f,1f],start_interpolation: 0,interpolation_duration: 1}
$data merge entity $(item_display_item_display) {transformation: [0.2853f,0.6792f,-0.0931f,0.1547f,-0.5464f,0.2861f,0.4134f,0.8626f,0.414f,-0.0904f,0.6097f,0.5557f,0f,0f,0f,1f],start_interpolation: 0,interpolation_duration: 1}
$data merge entity $(bone_2) {transformation: [0.1241f,-0.3804f,0.9056f,-0.2234f,-0.5512f,0.7285f,0.3815f,0.9255f,-0.8129f,-0.552f,-0.1205f,0.4554f,0f,0f,0f,1f],start_interpolation: 0,interpolation_duration: 1}
$data merge entity $(bone_1) {transformation: [0.1241f,0.1234f,0.9744f,-0.1749f,-0.5512f,0.8217f,-0.0338f,1.2077f,-0.8129f,-0.5383f,0.1717f,0.2714f,0f,0f,0f,1f],start_interpolation: 0,interpolation_duration: 1}
$data merge entity $(bone_4) {transformation: [-0.436f,-0.8343f,0.3374f,0.2648f,-0.4769f,-0.1037f,-0.8728f,0.9117f,0.7631f,-0.5415f,-0.3527f,-0.3682f,0f,0f,0f,1f],start_interpolation: 0,interpolation_duration: 1}
$data merge entity $(bone_3) {transformation: [-0.436f,-0.5099f,-0.7415f,0.0736f,-0.4769f,0.8297f,-0.2901f,1.2228f,0.7631f,0.2272f,-0.605f,-0.283f,0f,0f,0f,1f],start_interpolation: 0,interpolation_duration: 1}
$data merge entity $(bone_8) {transformation: [-0.5521f,0.6809f,-0.4813f,-0.2442f,0.2002f,0.6685f,0.7162f,0.3631f,0.8094f,0.2991f,-0.5054f,0.1124f,0f,0f,0f,1f],start_interpolation: 0,interpolation_duration: 1}
$data merge entity $(bone_7) {transformation: [-0.5521f,0.2123f,-0.8063f,-0.2106f,0.2002f,0.9725f,0.1189f,0.6719f,0.8094f,-0.0958f,-0.5794f,0.059f,0f,0f,0f,1f],start_interpolation: 0,interpolation_duration: 1}
data modify entity @s data merge value {"cameras":{"camera":{"posx":0.1874999999999998,"posy":1.4375,"posz":1.6875,"roty":170,"rotx":0}},"locators":{}}