# This file was generated by Animated Java via MC-Build. It is not recommended to edit this file directly.
$data merge entity $(bone_layer) {transformation: [-0.502f,0.2494f,-0.8282f,0.0009f,-0.0001f,0.9575f,0.2884f,1.2827f,0.865f,0.1448f,-0.4806f,0.0307f,0f,0f,0f,1f],start_interpolation: 0,interpolation_duration: 1}
$data merge entity $(bone_l_1) {transformation: [-0.502f,0.2494f,-0.8282f,0.1822f,-0.0001f,0.9575f,0.2884f,1.3604f,0.865f,0.1448f,-0.4806f,0.2624f,0f,0f,0f,1f],start_interpolation: 0,interpolation_duration: 1}
$data merge entity $(bone_eye_l) {transformation: [-0.502f,0.2494f,-0.8282f,-0.0069f,-0.0001f,0.9575f,0.2884f,1.2854f,0.865f,0.1448f,-0.4806f,0.0262f,0f,0f,0f,1f],start_interpolation: 0,interpolation_duration: 1}
$data merge entity $(bone_r_1) {transformation: [-0.502f,0.2494f,-0.8282f,0.292f,-0.0001f,0.9575f,0.2884f,1.3604f,0.865f,0.1448f,-0.4806f,0.0732f,0f,0f,0f,1f],start_interpolation: 0,interpolation_duration: 1}
$data merge entity $(bone_eye_r) {transformation: [-0.502f,0.2494f,-0.8282f,0.2876f,-0.0001f,0.9575f,0.2884f,1.3353f,0.865f,0.1448f,-0.4806f,0.0526f,0f,0f,0f,1f],start_interpolation: 0,interpolation_duration: 1}
$data merge entity $(bone_eyes_down) {transformation: [-0.502f,0.2494f,-0.8282f,0.0243f,-0.0001f,0.9575f,0.2884f,1.3725f,0.865f,0.1448f,-0.4806f,0.0443f,0f,0f,0f,1f],start_interpolation: 0,interpolation_duration: 1}
$data merge entity $(bone_eyes_up) {transformation: [-0.502f,0.2494f,-0.8282f,0.0398f,-0.0001f,0.9575f,0.2884f,1.4342f,0.865f,0.1448f,-0.4806f,0.0533f,0f,0f,0f,1f],start_interpolation: 0,interpolation_duration: 1}
$data merge entity $(bone_bone) {transformation: [-0.502f,0.2494f,-0.8282f,0.0009f,-0.0001f,0.9575f,0.2884f,1.2827f,0.865f,0.1448f,-0.4806f,0.0307f,0f,0f,0f,1f],start_interpolation: 0,interpolation_duration: 1}
$data merge entity $(bone_l) {transformation: [-0.502f,0.187f,-0.8282f,0.1916f,-0.0001f,0.7181f,0.2884f,1.3672f,0.865f,0.1086f,-0.4806f,0.286f,0f,0f,0f,1f],start_interpolation: 0,interpolation_duration: 1}
$data merge entity $(bone_r) {transformation: [-0.502f,0.187f,-0.8282f,0.3171f,-0.0001f,0.7181f,0.2884f,1.3672f,0.865f,0.1086f,-0.4806f,0.0697f,0f,0f,0f,1f],start_interpolation: 0,interpolation_duration: 1}
$data merge entity $(bone_sad) {transformation: [-0.8032f,0.0045f,-0.053f,0.1496f,-0.0001f,0.0171f,0.0185f,1.3334f,1.384f,0.0026f,-0.0308f,0.3056f,0f,0f,0f,1f],start_interpolation: 0,interpolation_duration: 1}
$data merge entity $(bone_head) {transformation: [-0.502f,0.2494f,-0.8282f,0.0009f,-0.0001f,0.9575f,0.2884f,1.2827f,0.865f,0.1448f,-0.4806f,0.0307f,0f,0f,0f,1f],start_interpolation: 0,interpolation_duration: 1}
$data merge entity $(bone_6) {transformation: [-0.5071f,0.1559f,-0.8477f,0.021f,-0.1302f,0.9584f,0.2541f,0.3392f,0.852f,0.2392f,-0.4657f,-0.1463f,0f,0f,0f,1f],start_interpolation: 0,interpolation_duration: 1}
$data merge entity $(bone_12) {transformation: [-0.5071f,-0.3585f,-0.7838f,-0.1134f,-0.1302f,0.9308f,-0.3416f,0.6883f,0.852f,-0.0712f,-0.5187f,-0.173f,0f,0f,0f,1f],start_interpolation: 0,interpolation_duration: 1}
$data merge entity $(bone_10) {transformation: [-0.5019f,0.0348f,-0.8642f,-0.1509f,-0.0001f,0.9992f,0.0403f,0.9971f,0.8649f,0.0203f,-0.5015f,-0.0574f,0f,0f,0f,1f],start_interpolation: 0,interpolation_duration: 1}
$data merge entity $(bone_9) {transformation: [-0.5019f,0.4622f,-0.731f,0.0224f,-0.0001f,0.8452f,0.5345f,1.3141f,0.8649f,0.2683f,-0.4242f,0.0432f,0f,0f,0f,1f],start_interpolation: 0,interpolation_duration: 1}
$data merge entity $(item_display_item_display) {transformation: [0.286f,0.6785f,-0.0956f,0.1517f,-0.5449f,0.288f,0.4141f,0.8654f,0.4155f,-0.0893f,0.6088f,0.5562f,0f,0f,0f,1f],start_interpolation: -1,interpolation_duration: 0}
$data merge entity $(bone_2) {transformation: [0.1275f,-0.3813f,0.9047f,-0.2263f,-0.5521f,0.7265f,0.384f,0.927f,-0.8118f,-0.554f,-0.1191f,0.4549f,0f,0f,0f,1f],start_interpolation: 0,interpolation_duration: 1}
$data merge entity $(bone_1) {transformation: [0.1275f,0.1221f,0.9741f,-0.1782f,-0.5521f,0.8212f,-0.0307f,1.2091f,-0.8118f,-0.5393f,0.1739f,0.2706f,0f,0f,0f,1f],start_interpolation: 0,interpolation_duration: 1}
$data merge entity $(bone_4) {transformation: [-0.4363f,-0.8334f,0.3392f,0.2689f,-0.477f,-0.1054f,-0.8726f,0.9148f,0.7629f,-0.5425f,-0.3515f,-0.3653f,0f,0f,0f,1f],start_interpolation: 0,interpolation_duration: 1}
$data merge entity $(bone_3) {transformation: [-0.4363f,-0.5256f,-0.7303f,0.0718f,-0.477f,0.8233f,-0.3075f,1.2235f,0.7629f,0.2142f,-0.61f,-0.285f,0f,0f,0f,1f],start_interpolation: 0,interpolation_duration: 1}
$data merge entity $(bone_8) {transformation: [-0.5545f,0.6783f,-0.4822f,-0.2446f,0.1998f,0.671f,0.714f,0.364f,0.8079f,0.2995f,-0.5076f,0.1128f,0f,0f,0f,1f],start_interpolation: 0,interpolation_duration: 1}
$data merge entity $(bone_7) {transformation: [-0.5545f,0.2096f,-0.8054f,-0.2118f,0.1998f,0.973f,0.1156f,0.6728f,0.8079f,-0.0968f,-0.5814f,0.059f,0f,0f,0f,1f],start_interpolation: 0,interpolation_duration: 1}
data modify entity @s data merge value {"cameras":{"camera":{"posx":0.1881867921640647,"posy":1.439164597072655,"posz":1.6814829075882796,"roty":169.816001484375,"rotx":0}},"locators":{}}