# This file was generated by Animated Java via MC-Build. It is not recommended to edit this file directly.
$data merge entity $(bone_layer) {transformation: [-0.531f,0.0817f,-0.8435f,-0.0455f,-0.0016f,0.9952f,0.0973f,1.3038f,0.8475f,0.053f,-0.5283f,0.0208f,0f,0f,0f,1f],start_interpolation: 0,interpolation_duration: 1}
$data merge entity $(bone_l_1) {transformation: [-0.531f,0.0817f,-0.8435f,0.1105f,-0.0016f,0.9952f,0.0973f,1.4327f,0.8475f,0.053f,-0.5283f,0.2479f,0f,0f,0f,1f],start_interpolation: 0,interpolation_duration: 1}
$data merge entity $(bone_eye_l) {transformation: [-0.531f,0.0817f,-0.8435f,-0.0534f,-0.0016f,0.9952f,0.0973f,1.3047f,0.8475f,0.053f,-0.5283f,0.0158f,0f,0f,0f,1f],start_interpolation: 0,interpolation_duration: 1}
$data merge entity $(bone_r_1) {transformation: [-0.531f,0.0817f,-0.8435f,0.2267f,-0.0016f,0.9952f,0.0973f,1.4331f,0.8475f,0.053f,-0.5283f,0.0625f,0f,0f,0f,1f],start_interpolation: 0,interpolation_duration: 1}
$data merge entity $(bone_eye_r) {transformation: [-0.531f,0.0817f,-0.8435f,0.2274f,-0.0016f,0.9952f,0.0973f,1.4057f,0.8475f,0.053f,-0.5283f,0.0445f,0f,0f,0f,1f],start_interpolation: 0,interpolation_duration: 1}
$data merge entity $(bone_eyes_down) {transformation: [-0.531f,0.0817f,-0.8435f,-0.0379f,-0.0016f,0.9952f,0.0973f,1.3971f,0.8475f,0.053f,-0.5283f,0.0258f,0f,0f,0f,1f],start_interpolation: 0,interpolation_duration: 1}
$data merge entity $(bone_eyes_up) {transformation: [-0.531f,0.0817f,-0.8435f,-0.0307f,-0.0016f,0.9952f,0.0973f,1.4905f,0.8475f,0.053f,-0.5283f,0.0304f,0f,0f,0f,1f],start_interpolation: 0,interpolation_duration: 1}
$data merge entity $(bone_bone) {transformation: [-0.531f,0.0817f,-0.8435f,-0.0455f,-0.0016f,0.9952f,0.0973f,1.3038f,0.8475f,0.053f,-0.5283f,0.0208f,0f,0f,0f,1f],start_interpolation: 0,interpolation_duration: 1}
$data merge entity $(bone_l) {transformation: [-0.531f,0.0612f,-0.8435f,0.1196f,-0.0016f,0.7464f,0.0973f,1.4653f,0.8475f,0.0398f,-0.5283f,0.272f,0f,0f,0f,1f],start_interpolation: 0,interpolation_duration: 1}
$data merge entity $(bone_r) {transformation: [-0.531f,0.0612f,-0.8435f,0.2523f,-0.0016f,0.7464f,0.0973f,1.4657f,0.8475f,0.0398f,-0.5283f,0.0602f,0f,0f,0f,1f],start_interpolation: 0,interpolation_duration: 1}
$data merge entity $(bone_sad) {transformation: [-0.8495f,0.0245f,-0.8435f,0.0815f,-0.0025f,0.2986f,0.0973f,1.4101f,1.356f,0.0159f,-0.5283f,0.2931f,0f,0f,0f,1f],start_interpolation: 0,interpolation_duration: 1}
$data merge entity $(bone_head) {transformation: [-0.531f,0.0817f,-0.8435f,-0.0455f,-0.0016f,0.9952f,0.0973f,1.3038f,0.8475f,0.053f,-0.5283f,0.0208f,0f,0f,0f,1f],start_interpolation: 0,interpolation_duration: 1}
$data merge entity $(bone_6) {transformation: [-0.5299f,0.1053f,-0.8415f,0.0222f,-0.132f,0.9699f,0.2045f,0.3582f,0.8377f,0.2195f,-0.5f,-0.131f,0f,0f,0f,1f],start_interpolation: 0,interpolation_duration: 1}
$data merge entity $(bone_12) {transformation: [-0.5299f,-0.3965f,-0.7497f,-0.1265f,-0.132f,0.9118f,-0.3889f,0.7001f,0.8377f,-0.1071f,-0.5355f,-0.1712f,0f,0f,0f,1f],start_interpolation: 0,interpolation_duration: 1}
$data merge entity $(bone_10) {transformation: [-0.5309f,-0.01f,-0.8474f,-0.1814f,-0.0016f,0.9999f,-0.0108f,1.0096f,0.8474f,-0.0044f,-0.5309f,-0.0649f,0f,0f,0f,1f],start_interpolation: 0,interpolation_duration: 1}
$data merge entity $(bone_9) {transformation: [-0.5309f,0.4149f,-0.7389f,-0.0258f,-0.0016f,0.8714f,0.4905f,1.3364f,0.8474f,0.2616f,-0.462f,0.0332f,0f,0f,0f,1f],start_interpolation: 0,interpolation_duration: 1}
$data merge entity $(item_display_item_display) {transformation: [0.2965f,0.6672f,-0.1349f,0.1064f,-0.5214f,0.3172f,0.4228f,0.9067f,0.4376f,-0.0742f,0.5953f,0.5607f,0f,0f,0f,1f],start_interpolation: 0,interpolation_duration: 1}
$data merge entity $(bone_2) {transformation: [0.1798f,-0.3957f,0.8895f,-0.2705f,-0.5638f,0.6951f,0.4232f,0.9483f,-0.7937f,-0.5834f,-0.0991f,0.4458f,0f,0f,0f,1f],start_interpolation: 0,interpolation_duration: 1}
$data merge entity $(bone_1) {transformation: [0.1798f,0.1019f,0.9682f,-0.2294f,-0.5638f,0.8136f,0.0191f,1.228f,-0.7937f,-0.5548f,0.2058f,0.2564f,0f,0f,0f,1f],start_interpolation: 0,interpolation_duration: 1}
$data merge entity $(bone_4) {transformation: [-0.4409f,-0.8162f,0.3735f,0.3224f,-0.4774f,-0.1391f,-0.8676f,0.9783f,0.76f,-0.5608f,-0.3283f,-0.317f,0f,0f,0f,1f],start_interpolation: 0,interpolation_duration: 1}
$data merge entity $(bone_3) {transformation: [-0.4409f,-0.7368f,-0.5125f,0.0461f,-0.4774f,0.6761f,-0.5612f,1.2319f,0.76f,-0.0028f,-0.6499f,-0.318f,0f,0f,0f,1f],start_interpolation: 0,interpolation_duration: 1}
$data merge entity $(bone_8) {transformation: [-0.5902f,0.6372f,-0.4956f,-0.253f,0.1942f,0.708f,0.679f,0.3772f,0.7835f,0.3045f,-0.5416f,0.1183f,0f,0f,0f,1f],start_interpolation: 0,interpolation_duration: 1}
$data merge entity $(bone_7) {transformation: [-0.5902f,0.1697f,-0.7892f,-0.232f,0.1942f,0.9788f,0.0652f,0.6858f,0.7835f,-0.1148f,-0.6106f,0.0577f,0f,0f,0f,1f],start_interpolation: 0,interpolation_duration: 1}
data modify entity @s data merge value {"cameras":{"camera":{"posx":0.1987239822467093,"posy":1.464106370175585,"posz":1.5936513899323816,"roty":167.20804687499998,"rotx":0}},"locators":{}}