# This file was generated by Animated Java via MC-Build. It is not recommended to edit this file directly.
$data merge entity $(bone_layer) {transformation: [-0.6015f,0.0938f,-0.7934f,-0.1574f,-0.0061f,0.9925f,0.122f,1.3468f,0.799f,0.0782f,-0.5964f,-0.0168f,0f,0f,0f,1f],start_interpolation: 0,interpolation_duration: 1}
$data merge entity $(bone_l_1) {transformation: [-0.6015f,0.0938f,-0.7934f,-0.0192f,-0.0061f,0.9925f,0.122f,1.4689f,0.799f,0.0782f,-0.5964f,0.2252f,0f,0f,0f,1f],start_interpolation: 0,interpolation_duration: 1}
$data merge entity $(bone_eye_l) {transformation: [-0.6015f,0.0938f,-0.7934f,-0.1648f,-0.0061f,0.9925f,0.122f,1.3479f,0.799f,0.0782f,-0.5964f,-0.0224f,0f,0f,0f,1f],start_interpolation: 0,interpolation_duration: 1}
$data merge entity $(bone_r_1) {transformation: [-0.6015f,0.0938f,-0.7934f,0.1124f,-0.0061f,0.9925f,0.122f,1.4703f,0.799f,0.0782f,-0.5964f,0.0504f,0f,0f,0f,1f],start_interpolation: 0,interpolation_duration: 1}
$data merge entity $(bone_eye_r) {transformation: [-0.6015f,0.0938f,-0.7934f,0.1142f,-0.0061f,0.9925f,0.122f,1.4432f,0.799f,0.0782f,-0.5964f,0.032f,0f,0f,0f,1f],start_interpolation: 0,interpolation_duration: 1}
$data merge entity $(bone_eyes_down) {transformation: [-0.6015f,0.0938f,-0.7934f,-0.1486f,-0.0061f,0.9925f,0.122f,1.4398f,0.799f,0.0782f,-0.5964f,-0.0094f,0f,0f,0f,1f],start_interpolation: 0,interpolation_duration: 1}
$data merge entity $(bone_eyes_up) {transformation: [-0.6015f,0.0938f,-0.7934f,-0.1432f,-0.0061f,0.9925f,0.122f,1.502f,0.799f,0.0782f,-0.5964f,-0.0049f,0f,0f,0f,1f],start_interpolation: 0,interpolation_duration: 1}
$data merge entity $(bone_bone) {transformation: [-0.6015f,0.0938f,-0.7934f,-0.1574f,-0.0061f,0.9925f,0.122f,1.3468f,0.799f,0.0782f,-0.5964f,-0.0168f,0f,0f,0f,1f],start_interpolation: 0,interpolation_duration: 1}
$data merge entity $(bone_l) {transformation: [-0.6015f,0.0704f,-0.7934f,-0.0139f,-0.0061f,0.7444f,0.122f,1.4776f,0.799f,0.0586f,-0.5964f,0.2488f,0f,0f,0f,1f],start_interpolation: 0,interpolation_duration: 1}
$data merge entity $(bone_r) {transformation: [-0.6015f,0.0704f,-0.7934f,0.1365f,-0.0061f,0.7444f,0.122f,1.4791f,0.799f,0.0586f,-0.5964f,0.049f,0f,0f,0f,1f],start_interpolation: 0,interpolation_duration: 1}
$data merge entity $(bone_sad) {transformation: [-0.4211f,0.076f,-0.7934f,-0.0627f,-0.0042f,0.8039f,0.122f,1.428f,0.5593f,0.0633f,-0.5964f,0.2774f,0f,0f,0f,1f],start_interpolation: 0,interpolation_duration: 1}
$data merge entity $(bone_head) {transformation: [-0.6015f,0.0938f,-0.7934f,-0.1574f,-0.0061f,0.9925f,0.122f,1.3468f,0.799f,0.0782f,-0.5964f,-0.0168f,0f,0f,0f,1f],start_interpolation: 0,interpolation_duration: 1}
$data merge entity $(bone_6) {transformation: [-0.5859f,-0.0154f,-0.8103f,0.0228f,-0.1359f,0.9875f,0.0795f,0.4068f,0.7989f,0.1567f,-0.5807f,-0.0924f,0f,0f,0f,1f],start_interpolation: 0,interpolation_duration: 1}
$data merge entity $(bone_12) {transformation: [-0.5859f,-0.4791f,-0.6537f,-0.1569f,-0.1359f,0.8532f,-0.5035f,0.7267f,0.7989f,-0.2061f,-0.565f,-0.1697f,0f,0f,0f,1f],start_interpolation: 0,interpolation_duration: 1}
$data merge entity $(bone_10) {transformation: [-0.6015f,-0.1147f,-0.7906f,-0.2527f,-0.0061f,0.9903f,-0.139f,1.0341f,0.7989f,-0.0788f,-0.5963f,-0.0909f,0f,0f,0f,1f],start_interpolation: 0,interpolation_duration: 1}
$data merge entity $(bone_9) {transformation: [-0.6015f,0.2941f,-0.7428f,-0.1424f,-0.0061f,0.9281f,0.3724f,1.3821f,0.7989f,0.2285f,-0.5564f,-0.0052f,0f,0f,0f,1f],start_interpolation: 0,interpolation_duration: 1}
$data merge entity $(item_display_item_display) {transformation: [0.3064f,0.6356f,-0.2312f,-0.0148f,-0.4568f,0.3816f,0.4438f,1.0036f,0.4988f,-0.0409f,0.5485f,0.563f,0f,0f,0f,1f],start_interpolation: 0,interpolation_duration: 1}
$data merge entity $(bone_2) {transformation: [0.3083f,-0.4085f,0.8475f,-0.3817f,-0.5918f,0.6091f,0.5088f,0.9969f,-0.7313f,-0.665f,-0.0545f,0.4137f,0f,0f,0f,1f],start_interpolation: 0,interpolation_duration: 1}
$data merge entity $(bone_1) {transformation: [0.3083f,0.0676f,0.9384f,-0.3526f,-0.5918f,0.7816f,0.1381f,1.2664f,-0.7313f,-0.6039f,0.2838f,0.2079f,0f,0f,0f,1f],start_interpolation: 0,interpolation_duration: 1}
$data merge entity $(bone_4) {transformation: [-0.3317f,0.2175f,0.918f,0.2862f,-0.9279f,-0.251f,-0.2758f,1.1838f,0.1704f,-0.9432f,0.2851f,-0.1599f,0f,0f,0f,1f],start_interpolation: 0,interpolation_duration: 1}
$data merge entity $(bone_3) {transformation: [-0.3317f,-0.8101f,0.4835f,-0.0175f,-0.9279f,0.1876f,-0.3223f,1.2541f,0.1704f,-0.5555f,-0.8139f,-0.3682f,0f,0f,0f,1f],start_interpolation: 0,interpolation_duration: 1}
$data merge entity $(bone_8) {transformation: [-0.6752f,0.527f,-0.5161f,-0.2736f,0.1751f,0.7942f,0.5819f,0.411f,0.7165f,0.3026f,-0.6285f,0.1309f,0f,0f,0f,1f],start_interpolation: 0,interpolation_duration: 1}
$data merge entity $(bone_7) {transformation: [-0.6752f,0.0738f,-0.7339f,-0.2804f,0.1751f,0.9826f,-0.0623f,0.7155f,0.7165f,-0.1705f,-0.6764f,0.0501f,0f,0f,0f,1f],start_interpolation: 0,interpolation_duration: 1}
data modify entity @s data merge value {"cameras":{"camera":{"posx":0.21499999999999977,"posy":1.52875,"posz":1.7618749999999999,"roty":156.3,"rotx":0}},"locators":{}}