# This file was generated by Animated Java via MC-Build. It is not recommended to edit this file directly.
$data merge entity $(bone_layer) {transformation: [-0.6496f,0.0959f,-0.7542f,-0.1332f,-0.0102f,0.9908f,0.1348f,1.3465f,0.7603f,0.0953f,-0.6426f,0.0145f,0f,0f,0f,1f],start_interpolation: 0,interpolation_duration: 1}
$data merge entity $(bone_l_1) {transformation: [-0.6496f,0.0959f,-0.7542f,-0.0093f,-0.0102f,0.9908f,0.1348f,1.4648f,0.7603f,0.0953f,-0.6426f,0.2659f,0f,0f,0f,1f],start_interpolation: 0,interpolation_duration: 1}
$data merge entity $(bone_eye_l) {transformation: [-0.6496f,0.0959f,-0.7542f,-0.1403f,-0.0102f,0.9908f,0.1348f,1.3477f,0.7603f,0.0953f,-0.6426f,0.0085f,0f,0f,0f,1f],start_interpolation: 0,interpolation_duration: 1}
$data merge entity $(bone_r_1) {transformation: [-0.6496f,0.0959f,-0.7542f,0.1328f,-0.0102f,0.9908f,0.1348f,1.4671f,0.7603f,0.0953f,-0.6426f,0.0996f,0f,0f,0f,1f],start_interpolation: 0,interpolation_duration: 1}
$data merge entity $(bone_eye_r) {transformation: [-0.6496f,0.0959f,-0.7542f,0.1355f,-0.0102f,0.9908f,0.1348f,1.4402f,0.7603f,0.0953f,-0.6426f,0.081f,0f,0f,0f,1f],start_interpolation: 0,interpolation_duration: 1}
$data merge entity $(bone_eyes_down) {transformation: [-0.6496f,0.0959f,-0.7542f,-0.1242f,-0.0102f,0.9908f,0.1348f,1.4394f,0.7603f,0.0953f,-0.6426f,0.0235f,0f,0f,0f,1f],start_interpolation: 0,interpolation_duration: 1}
$data merge entity $(bone_eyes_up) {transformation: [-0.6496f,0.0959f,-0.7542f,-0.1187f,-0.0102f,0.9908f,0.1348f,1.5014f,0.7603f,0.0953f,-0.6426f,0.029f,0f,0f,0f,1f],start_interpolation: 0,interpolation_duration: 1}
$data merge entity $(bone_bone) {transformation: [-0.6496f,0.0959f,-0.7542f,-0.1332f,-0.0102f,0.9908f,0.1348f,1.3465f,0.7603f,0.0953f,-0.6426f,0.0145f,0f,0f,0f,1f],start_interpolation: 0,interpolation_duration: 1}
$data merge entity $(bone_l) {transformation: [-0.65f,0.0701f,-0.7542f,-0.0056f,-0.014f,0.7431f,0.1348f,1.4711f,0.7599f,0.0736f,-0.6426f,0.2897f,0f,0f,0f,1f],start_interpolation: 0,interpolation_duration: 1}
$data merge entity $(bone_r) {transformation: [-0.6493f,0.0738f,-0.7542f,0.1568f,-0.0064f,0.7431f,0.1348f,1.4737f,0.7607f,0.0693f,-0.6426f,0.0996f,0f,0f,0f,1f],start_interpolation: 0,interpolation_duration: 1}
$data merge entity $(bone_sad) {transformation: [-0.4471f,0.078f,-0.7546f,-0.0567f,-0.007f,0.8058f,0.1349f,1.4207f,0.5233f,0.0775f,-0.643f,0.3148f,0f,0f,0f,1f],start_interpolation: 0,interpolation_duration: 1}
$data merge entity $(bone_head) {transformation: [-0.6496f,0.0959f,-0.7542f,-0.1332f,-0.0102f,0.9908f,0.1348f,1.3465f,0.7603f,0.0953f,-0.6426f,0.0145f,0f,0f,0f,1f],start_interpolation: 0,interpolation_duration: 1}
$data merge entity $(bone_6) {transformation: [-0.6338f,-0.027f,-0.7731f,0.053f,-0.1401f,0.9869f,0.0804f,0.407f,0.7607f,0.1592f,-0.6292f,-0.0535f,0f,0f,0f,1f],start_interpolation: 0,interpolation_duration: 1}
$data merge entity $(bone_12) {transformation: [-0.6338f,-0.467f,-0.6166f,-0.1222f,-0.1401f,0.8533f,-0.5023f,0.727f,0.7607f,-0.232f,-0.6062f,-0.1405f,0f,0f,0f,1f],start_interpolation: 0,interpolation_duration: 1}
$data merge entity $(bone_10) {transformation: [-0.6496f,-0.1115f,-0.7521f,-0.2233f,-0.0102f,0.9904f,-0.138f,1.0339f,0.7602f,-0.0819f,-0.6445f,-0.0666f,0f,0f,0f,1f],start_interpolation: 0,interpolation_duration: 1}
$data merge entity $(bone_9) {transformation: [-0.6496f,0.2778f,-0.7077f,-0.1191f,-0.0102f,0.9276f,0.3735f,1.3817f,0.7602f,0.2498f,-0.5997f,0.0271f,0f,0f,0f,1f],start_interpolation: 0,interpolation_duration: 1}
$data merge entity $(item_display_item_display) {transformation: [0.2238f,0.6588f,-0.2592f,-0.0655f,-0.4518f,0.3422f,0.4797f,0.9943f,0.5451f,0.0132f,0.504f,0.6261f,0f,0f,0f,1f],start_interpolation: 0,interpolation_duration: 1}
$data merge entity $(bone_2) {transformation: [0.3456f,-0.287f,0.8822f,-0.4129f,-0.6396f,0.6082f,0.4484f,1.0062f,-0.672f,-0.7265f,0.027f,0.436f,0f,0f,0f,1f],start_interpolation: 0,interpolation_duration: 1}
$data merge entity $(bone_1) {transformation: [0.3456f,0.1904f,0.908f,-0.3418f,-0.6396f,0.7507f,0.086f,1.2648f,-0.672f,-0.6166f,0.3851f,0.2264f,0f,0f,0f,1f],start_interpolation: 0,interpolation_duration: 1}
$data merge entity $(bone_4) {transformation: [-0.3615f,0.3092f,0.8796f,0.3257f,-0.9233f,-0.25f,-0.2915f,1.177f,0.1298f,-0.9175f,0.3759f,-0.1136f,0f,0f,0f,1f],start_interpolation: 0,interpolation_duration: 1}
$data merge entity $(bone_3) {transformation: [-0.3639f,-0.7935f,0.4878f,0.0282f,-0.9157f,0.209f,-0.3432f,1.2554f,0.1703f,-0.5716f,-0.8027f,-0.3279f,0f,0f,0f,1f],start_interpolation: 0,interpolation_duration: 1}
$data merge entity $(bone_8) {transformation: [-0.7185f,0.5059f,-0.4774f,-0.2567f,0.1712f,0.7938f,0.5836f,0.4099f,0.6742f,0.3376f,-0.6569f,0.1511f,0f,0f,0f,1f],start_interpolation: 0,interpolation_duration: 1}
$data merge entity $(bone_7) {transformation: [-0.7185f,0.0824f,-0.6907f,-0.259f,0.1712f,0.9834f,-0.0608f,0.7147f,0.6742f,-0.1619f,-0.7206f,0.0713f,0f,0f,0f,1f],start_interpolation: 0,interpolation_duration: 1}
data modify entity @s data merge value {"cameras":{"camera":{"posx":0.2096328124999998,"posy":1.5269609375,"posz":1.7838906249999997,"roty":157.007775625,"rotx":0}},"locators":{}}