# This file was generated by Animated Java via MC-Build. It is not recommended to edit this file directly.
$data merge entity $(bone_layer) {transformation: [-0.7153f,0.0904f,-0.693f,-0.1001f,-0.0171f,0.989f,0.1467f,1.3457f,0.6987f,0.1168f,-0.7058f,0.0597f,0f,0f,0f,1f],start_interpolation: 0,interpolation_duration: 1}
$data merge entity $(bone_l_1) {transformation: [-0.7153f,0.0904f,-0.693f,0.0011f,-0.0171f,0.989f,0.1467f,1.4602f,0.6987f,0.1168f,-0.7058f,0.3227f,0f,0f,0f,1f],start_interpolation: 0,interpolation_duration: 1}
$data merge entity $(bone_eye_l) {transformation: [-0.7153f,0.0904f,-0.693f,-0.1066f,-0.0171f,0.989f,0.1467f,1.3471f,0.6987f,0.1168f,-0.7058f,0.053f,0f,0f,0f,1f],start_interpolation: 0,interpolation_duration: 1}
$data merge entity $(bone_r_1) {transformation: [-0.7153f,0.0904f,-0.693f,0.1576f,-0.0171f,0.989f,0.1467f,1.4639f,0.6987f,0.1168f,-0.7058f,0.1699f,0f,0f,0f,1f],start_interpolation: 0,interpolation_duration: 1}
$data merge entity $(bone_eye_r) {transformation: [-0.7153f,0.0904f,-0.693f,0.1619f,-0.0171f,0.989f,0.1467f,1.4373f,0.6987f,0.1168f,-0.7058f,0.1512f,0f,0f,0f,1f],start_interpolation: 0,interpolation_duration: 1}
$data merge entity $(bone_eyes_down) {transformation: [-0.7153f,0.0904f,-0.693f,-0.0917f,-0.0171f,0.989f,0.1467f,1.4384f,0.6987f,0.1168f,-0.7058f,0.0706f,0f,0f,0f,1f],start_interpolation: 0,interpolation_duration: 1}
$data merge entity $(bone_eyes_up) {transformation: [-0.7153f,0.0904f,-0.693f,-0.0864f,-0.0171f,0.989f,0.1467f,1.5003f,0.6987f,0.1168f,-0.7058f,0.0775f,0f,0f,0f,1f],start_interpolation: 0,interpolation_duration: 1}
$data merge entity $(bone_bone) {transformation: [-0.7153f,0.0904f,-0.693f,-0.1001f,-0.0171f,0.989f,0.1467f,1.3457f,0.6987f,0.1168f,-0.7058f,0.0597f,0f,0f,0f,1f],start_interpolation: 0,interpolation_duration: 1}
$data merge entity $(bone_l) {transformation: [-0.7162f,0.0622f,-0.693f,0.0025f,-0.0275f,0.7416f,0.1467f,1.4645f,0.6975f,0.0931f,-0.7058f,0.3466f,0f,0f,0f,1f],start_interpolation: 0,interpolation_duration: 1}
$data merge entity $(bone_r) {transformation: [-0.7143f,0.0734f,-0.693f,0.1814f,-0.0068f,0.7419f,0.1467f,1.4688f,0.6999f,0.0821f,-0.7058f,0.1719f,0f,0f,0f,1f],start_interpolation: 0,interpolation_duration: 1}
$data merge entity $(bone_sad) {transformation: [-0.4856f,0.0739f,-0.6944f,-0.051f,-0.0116f,0.808f,0.1471f,1.4128f,0.4744f,0.0954f,-0.7073f,0.3663f,0f,0f,0f,1f],start_interpolation: 0,interpolation_duration: 1}
$data merge entity $(bone_head) {transformation: [-0.7153f,0.0904f,-0.693f,-0.1001f,-0.0171f,0.989f,0.1467f,1.3457f,0.6987f,0.1168f,-0.7058f,0.0597f,0f,0f,0f,1f],start_interpolation: 0,interpolation_duration: 1}
$data merge entity $(bone_6) {transformation: [-0.6991f,-0.0444f,-0.7136f,0.0945f,-0.1469f,0.9857f,0.0826f,0.4072f,0.6997f,0.1626f,-0.6956f,0.0024f,0f,0f,0f,1f],start_interpolation: 0,interpolation_duration: 1}
$data merge entity $(bone_12) {transformation: [-0.6991f,-0.447f,-0.558f,-0.0732f,-0.1469f,0.8536f,-0.4997f,0.7273f,0.6997f,-0.2674f,-0.6625f,-0.0979f,0f,0f,0f,1f],start_interpolation: 0,interpolation_duration: 1}
$data merge entity $(bone_10) {transformation: [-0.7152f,-0.1068f,-0.6907f,-0.1815f,-0.0171f,0.9906f,-0.1355f,1.0334f,0.6987f,-0.0851f,-0.7104f,-0.0313f,0f,0f,0f,1f],start_interpolation: 0,interpolation_duration: 1}
$data merge entity $(bone_9) {transformation: [-0.7152f,0.2513f,-0.6521f,-0.0873f,-0.0171f,0.9265f,0.3758f,1.3809f,0.6987f,0.28f,-0.6584f,0.0737f,0f,0f,0f,1f],start_interpolation: 0,interpolation_duration: 1}
$data merge entity $(item_display_item_display) {transformation: [0.095f,0.677f,-0.2897f,-0.1503f,-0.4359f,0.2872f,0.528f,0.9882f,0.5935f,0.1025f,0.4342f,0.7021f,0f,0f,0f,1f],start_interpolation: 0,interpolation_duration: 1}
$data merge entity $(bone_2) {transformation: [0.3863f,-0.0975f,0.9063f,-0.4579f,-0.7041f,0.5933f,0.3639f,1.0228f,-0.5789f,-0.7865f,0.1622f,0.4548f,0f,0f,0f,1f],start_interpolation: 0,interpolation_duration: 1}
$data merge entity $(bone_1) {transformation: [0.3863f,0.3668f,0.8345f,-0.3266f,-0.7041f,0.6957f,0.0202f,1.2621f,-0.5789f,-0.6013f,0.5323f,0.2514f,0f,0f,0f,1f],start_interpolation: 0,interpolation_duration: 1}
$data merge entity $(bone_4) {transformation: [-0.4291f,0.3362f,0.8384f,0.3821f,-0.8954f,-0.2804f,-0.3458f,1.1675f,0.1188f,-0.8991f,0.4214f,-0.0479f,0f,0f,0f,1f],start_interpolation: 0,interpolation_duration: 1}
$data merge entity $(bone_3) {transformation: [-0.4351f,-0.7743f,0.4595f,0.0917f,-0.8736f,0.2397f,-0.4234f,1.2574f,0.2177f,-0.5857f,-0.7807f,-0.2675f,0f,0f,0f,1f],start_interpolation: 0,interpolation_duration: 1}
$data merge entity $(bone_8) {transformation: [-0.7767f,0.4711f,-0.4182f,-0.2323f,0.1648f,0.7927f,0.5869f,0.4079f,0.608f,0.3869f,-0.6933f,0.1784f,0f,0f,0f,1f],start_interpolation: 0,interpolation_duration: 1}
$data merge entity $(bone_7) {transformation: [-0.7767f,0.0935f,-0.6229f,-0.2284f,0.1648f,0.9846f,-0.0576f,0.7133f,0.608f,-0.1474f,-0.7802f,0.1007f,0f,0f,0f,1f],start_interpolation: 0,interpolation_duration: 1}
data modify entity @s data merge value {"cameras":{"camera1":{"px":0.20299999999999982,"py":1.52475,"pz":1.8061249999999998,"ry":157.887805,"rx":0}},"locators":{}}