# This file was generated by Animated Java via MC-Build. It is not recommended to edit this file directly.
$data merge entity $(bone_layer) {transformation: [-0.7819f,0.0786f,-0.6185f,-0.066f,-0.0259f,0.9871f,0.1582f,1.3443f,0.623f,0.1397f,-0.7697f,0.1091f,0f,0f,0f,1f],start_interpolation: 0,interpolation_duration: 1}
$data merge entity $(bone_l_1) {transformation: [-0.7819f,0.0786f,-0.6185f,0.0084f,-0.0259f,0.9871f,0.1582f,1.4548f,0.623f,0.1397f,-0.7697f,0.3827f,0f,0f,0f,1f],start_interpolation: 0,interpolation_duration: 1}
$data merge entity $(bone_eye_l) {transformation: [-0.7819f,0.0786f,-0.6185f,-0.0718f,-0.0259f,0.9871f,0.1582f,1.3458f,0.623f,0.1397f,-0.7697f,0.1019f,0f,0f,0f,1f],start_interpolation: 0,interpolation_duration: 1}
$data merge entity $(bone_r_1) {transformation: [-0.7819f,0.0786f,-0.6185f,0.1794f,-0.0259f,0.9871f,0.1582f,1.4605f,0.623f,0.1397f,-0.7697f,0.2464f,0f,0f,0f,1f],start_interpolation: 0,interpolation_duration: 1}
$data merge entity $(bone_eye_r) {transformation: [-0.7819f,0.0786f,-0.6185f,0.1856f,-0.0259f,0.9871f,0.1582f,1.4341f,0.623f,0.1397f,-0.7697f,0.2279f,0f,0f,0f,1f],start_interpolation: 0,interpolation_duration: 1}
$data merge entity $(bone_eyes_down) {transformation: [-0.7819f,0.0786f,-0.6185f,-0.0586f,-0.0259f,0.9871f,0.1582f,1.4369f,0.623f,0.1397f,-0.7697f,0.1222f,0f,0f,0f,1f],start_interpolation: 0,interpolation_duration: 1}
$data merge entity $(bone_eyes_up) {transformation: [-0.7819f,0.0786f,-0.6185f,-0.0541f,-0.0259f,0.9871f,0.1582f,1.4986f,0.623f,0.1397f,-0.7697f,0.1305f,0f,0f,0f,1f],start_interpolation: 0,interpolation_duration: 1}
$data merge entity $(bone_bone) {transformation: [-0.7819f,0.0786f,-0.6185f,-0.066f,-0.0259f,0.9871f,0.1582f,1.3443f,0.623f,0.1397f,-0.7697f,0.1091f,0f,0f,0f,1f],start_interpolation: 0,interpolation_duration: 1}
$data merge entity $(bone_l) {transformation: [-0.7833f,0.0476f,-0.6185f,0.0073f,-0.045f,0.7398f,0.1582f,1.4576f,0.6202f,0.1138f,-0.7697f,0.4065f,0f,0f,0f,1f],start_interpolation: 0,interpolation_duration: 1}
$data merge entity $(bone_r) {transformation: [-0.7802f,0.0703f,-0.6185f,0.2027f,-0.0069f,0.7405f,0.1582f,1.4641f,0.6256f,0.0957f,-0.7697f,0.2507f,0f,0f,0f,1f],start_interpolation: 0,interpolation_duration: 1}
$data merge entity $(bone_sad) {transformation: [-0.5252f,0.0645f,-0.6213f,-0.0483f,-0.0174f,0.8104f,0.1589f,1.4041f,0.4185f,0.1147f,-0.7731f,0.4198f,0f,0f,0f,1f],start_interpolation: 0,interpolation_duration: 1}
$data merge entity $(bone_head) {transformation: [-0.7819f,0.0786f,-0.6185f,-0.066f,-0.0259f,0.9871f,0.1582f,1.3443f,0.623f,0.1397f,-0.7697f,0.1091f,0f,0f,0f,1f],start_interpolation: 0,interpolation_duration: 1}
$data merge entity $(bone_6) {transformation: [-0.7653f,-0.0648f,-0.6404f,0.1373f,-0.1557f,0.984f,0.0865f,0.4071f,0.6245f,0.1659f,-0.7632f,0.0635f,0f,0f,0f,1f],start_interpolation: 0,interpolation_duration: 1}
$data merge entity $(bone_12) {transformation: [-0.7653f,-0.4215f,-0.4864f,-0.0207f,-0.1557f,0.8546f,-0.4955f,0.7275f,0.6245f,-0.3035f,-0.7196f,-0.0503f,0f,0f,0f,1f],start_interpolation: 0,interpolation_duration: 1}
$data merge entity $(bone_10) {transformation: [-0.7818f,-0.1019f,-0.6151f,-0.1365f,-0.0259f,0.991f,-0.1313f,1.0327f,0.623f,-0.0867f,-0.7774f,0.0077f,0f,0f,0f,1f],start_interpolation: 0,interpolation_duration: 1}
$data merge entity $(bone_9) {transformation: [-0.7818f,0.218f,-0.5842f,-0.0548f,-0.0259f,0.9247f,0.3797f,1.3794f,0.623f,0.312f,-0.7173f,0.1247f,0f,0f,0f,1f],start_interpolation: 0,interpolation_duration: 1}
$data merge entity $(item_display_item_display) {transformation: [-0.0563f,0.673f,-0.3085f,-0.256f,-0.4075f,0.2302f,0.5764f,0.9913f,0.6181f,0.213f,0.3519f,0.7612f,0f,0f,0f,1f],start_interpolation: 0,interpolation_duration: 1}
$data merge entity $(bone_2) {transformation: [0.4114f,0.1228f,0.8921f,-0.504f,-0.7686f,0.5589f,0.2775f,1.0443f,-0.4692f,-0.8079f,0.3276f,0.4568f,0f,0f,0f,1f],start_interpolation: 0,interpolation_duration: 1}
$data merge entity $(bone_1) {transformation: [0.4114f,0.5507f,0.7124f,-0.3103f,-0.7686f,0.6229f,-0.0377f,1.2582f,-0.4692f,-0.5374f,0.6864f,0.2764f,0f,0f,0f,1f],start_interpolation: 0,interpolation_duration: 1}
$data merge entity $(bone_4) {transformation: [-0.5257f,0.3294f,0.7843f,0.4369f,-0.8441f,-0.3169f,-0.4326f,1.1497f,0.106f,-0.8894f,0.4447f,0.0277f,0f,0f,0f,1f],start_interpolation: 0,interpolation_duration: 1}
$data merge entity $(bone_3) {transformation: [-0.534f,-0.7432f,0.403f,0.1582f,-0.8015f,0.2933f,-0.5211f,1.2597f,0.2691f,-0.6013f,-0.7524f,-0.1978f,0f,0f,0f,1f],start_interpolation: 0,interpolation_duration: 1}
$data merge entity $(bone_8) {transformation: [-0.8346f,0.4265f,-0.3487f,-0.2055f,0.1567f,0.7906f,0.5919f,0.405f,0.5282f,0.4394f,-0.7267f,0.2058f,0f,0f,0f,1f],start_interpolation: 0,interpolation_duration: 1}
$data merge entity $(bone_7) {transformation: [-0.8346f,0.1038f,-0.541f,-0.1951f,0.1567f,0.9863f,-0.0525f,0.7111f,0.5282f,-0.1286f,-0.8394f,0.1315f,0f,0f,0f,1f],start_interpolation: 0,interpolation_duration: 1}
data modify entity @s data merge value {"cameras":{"camera1":{"px":0.19524218749999972,"py":1.5221640625,"pz":1.8284843750000002,"ry":158.920891875,"rx":0}},"locators":{}}