# This file was generated by Animated Java via MC-Build. It is not recommended to edit this file directly.
$data merge entity $(bone_layer) {transformation: [-0.8368f,0.0635f,-0.5439f,-0.0368f,-0.035f,0.985f,0.1689f,1.3425f,0.5465f,0.1603f,-0.822f,0.154f,0f,0f,0f,1f],start_interpolation: 0,interpolation_duration: 1}
$data merge entity $(bone_l_1) {transformation: [-0.8368f,0.0635f,-0.5439f,0.0114f,-0.035f,0.985f,0.1689f,1.4492f,0.5465f,0.1603f,-0.822f,0.4349f,0f,0f,0f,1f],start_interpolation: 0,interpolation_duration: 1}
$data merge entity $(bone_eye_l) {transformation: [-0.8368f,0.0635f,-0.5439f,-0.0419f,-0.035f,0.985f,0.1689f,1.3441f,0.5465f,0.1603f,-0.822f,0.1463f,0f,0f,0f,1f],start_interpolation: 0,interpolation_duration: 1}
$data merge entity $(bone_r_1) {transformation: [-0.8368f,0.0635f,-0.5439f,0.1944f,-0.035f,0.985f,0.1689f,1.4568f,0.5465f,0.1603f,-0.822f,0.3153f,0f,0f,0f,1f],start_interpolation: 0,interpolation_duration: 1}
$data merge entity $(bone_eye_r) {transformation: [-0.8368f,0.0635f,-0.5439f,0.2023f,-0.035f,0.985f,0.1689f,1.4307f,0.5465f,0.1603f,-0.822f,0.2971f,0f,0f,0f,1f],start_interpolation: 0,interpolation_duration: 1}
$data merge entity $(bone_eyes_down) {transformation: [-0.8368f,0.0635f,-0.5439f,-0.0309f,-0.035f,0.985f,0.1689f,1.4349f,0.5465f,0.1603f,-0.822f,0.1691f,0f,0f,0f,1f],start_interpolation: 0,interpolation_duration: 1}
$data merge entity $(bone_eyes_up) {transformation: [-0.8368f,0.0635f,-0.5439f,-0.0273f,-0.035f,0.985f,0.1689f,1.4965f,0.5465f,0.1603f,-0.822f,0.1786f,0f,0f,0f,1f],start_interpolation: 0,interpolation_duration: 1}
$data merge entity $(bone_bone) {transformation: [-0.8368f,0.0635f,-0.5439f,-0.0368f,-0.035f,0.985f,0.1689f,1.3425f,0.5465f,0.1603f,-0.822f,0.154f,0f,0f,0f,1f],start_interpolation: 0,interpolation_duration: 1}
$data merge entity $(bone_l) {transformation: [-0.8383f,0.029f,-0.5439f,0.008f,-0.0642f,0.7377f,0.1689f,1.4509f,0.5415f,0.1323f,-0.822f,0.4584f,0f,0f,0f,1f],start_interpolation: 0,interpolation_duration: 1}
$data merge entity $(bone_r) {transformation: [-0.8346f,0.0663f,-0.5439f,0.2172f,-0.0057f,0.7392f,0.1689f,1.4597f,0.5511f,0.108f,-0.822f,0.3218f,0f,0f,0f,1f],start_interpolation: 0,interpolation_duration: 1}
$data merge entity $(bone_sad) {transformation: [-0.5577f,0.0524f,-0.5481f,-0.0487f,-0.0233f,0.813f,0.1702f,1.3951f,0.3642f,0.1323f,-0.8283f,0.4654f,0f,0f,0f,1f],start_interpolation: 0,interpolation_duration: 1}
$data merge entity $(bone_head) {transformation: [-0.8368f,0.0635f,-0.5439f,-0.0368f,-0.035f,0.985f,0.1689f,1.3425f,0.5465f,0.1603f,-0.822f,0.154f,0f,0f,0f,1f],start_interpolation: 0,interpolation_duration: 1}
$data merge entity $(bone_6) {transformation: [-0.8199f,-0.0846f,-0.5662f,0.1742f,-0.1647f,0.9821f,0.0916f,0.4065f,0.5483f,0.1684f,-0.8191f,0.1188f,0f,0f,0f,1f],start_interpolation: 0,interpolation_duration: 1}
$data merge entity $(bone_12) {transformation: [-0.8199f,-0.395f,-0.4144f,0.0261f,-0.1647f,0.856f,-0.4901f,0.7275f,0.5483f,-0.3336f,-0.7668f,-0.0063f,0f,0f,0f,1f],start_interpolation: 0,interpolation_duration: 1}
$data merge entity $(bone_10) {transformation: [-0.8367f,-0.0979f,-0.5388f,-0.0961f,-0.035f,0.9914f,-0.1258f,1.0316f,0.5465f,-0.0864f,-0.833f,0.0434f,0f,0f,0f,1f],start_interpolation: 0,interpolation_duration: 1}
$data merge entity $(bone_9) {transformation: [-0.8367f,0.1835f,-0.5159f,-0.0273f,-0.035f,0.9224f,0.3847f,1.3775f,0.5465f,0.34f,-0.7654f,0.1709f,0f,0f,0f,1f],start_interpolation: 0,interpolation_duration: 1}
$data merge entity $(item_display_item_display) {transformation: [-0.1989f,0.6443f,-0.3109f,-0.3588f,-0.3722f,0.1824f,0.616f,1.0028f,0.6109f,0.3209f,0.2742f,0.7888f,0f,0f,0f,1f],start_interpolation: 0,interpolation_duration: 1}
$data merge entity $(bone_2) {transformation: [0.4146f,0.3254f,0.8381f,-0.5394f,-0.8214f,0.5123f,0.2073f,1.0661f,-0.3655f,-0.7821f,0.4845f,0.4419f,0f,0f,0f,1f],start_interpolation: 0,interpolation_duration: 1}
$data merge entity $(bone_1) {transformation: [0.4146f,0.6996f,0.5646f,-0.2953f,-0.8214f,0.5475f,-0.0754f,1.2538f,-0.3655f,-0.4368f,0.8097f,0.2968f,0f,0f,0f,1f],start_interpolation: 0,interpolation_duration: 1}
$data merge entity $(bone_4) {transformation: [-0.6253f,0.3181f,0.7126f,0.4769f,-0.7768f,-0.3403f,-0.5298f,1.1255f,0.074f,-0.8849f,0.4599f,0.1006f,0f,0f,0f,1f],start_interpolation: 0,interpolation_duration: 1}
$data merge entity $(bone_3) {transformation: [-0.6349f,-0.6969f,0.3337f,0.2155f,-0.7136f,0.3633f,-0.599f,1.2618f,0.2962f,-0.6184f,-0.7279f,-0.1313f,0f,0f,0f,1f],start_interpolation: 0,interpolation_duration: 1}
$data merge entity $(bone_8) {transformation: [-0.8812f,0.3798f,-0.2816f,-0.1805f,0.1485f,0.7877f,0.5978f,0.4018f,0.4489f,0.485f,-0.7505f,0.2282f,0f,0f,0f,1f],start_interpolation: 0,interpolation_duration: 1}
$data merge entity $(bone_7) {transformation: [-0.8812f,0.1109f,-0.4596f,-0.1645f,0.1485f,0.9878f,-0.0462f,0.7086f,0.4489f,-0.109f,-0.8869f,0.1582f,0f,0f,0f,1f],start_interpolation: 0,interpolation_duration: 1}
data modify entity @s data merge value {"cameras":{"camera":{"posx":0.18649999999999975,"posy":1.51925,"posz":1.850875,"roty":160.08784,"rotx":0}},"locators":{}}