# This file was generated by Animated Java via MC-Build. It is not recommended to edit this file directly.
$data merge entity $(bone_layer) {transformation: [-0.8728f,0.0502f,-0.4856f,-0.0168f,-0.0421f,0.9832f,0.1774f,1.3408f,0.4864f,0.1752f,-0.856f,0.1865f,0f,0f,0f,1f],start_interpolation: 0,interpolation_duration: 1}
$data merge entity $(bone_l_1) {transformation: [-0.8728f,0.0502f,-0.4856f,0.0115f,-0.0421f,0.9832f,0.1774f,1.4444f,0.4864f,0.1752f,-0.856f,0.4711f,0f,0f,0f,1f],start_interpolation: 0,interpolation_duration: 1}
$data merge entity $(bone_eye_l) {transformation: [-0.8728f,0.0502f,-0.4856f,-0.0213f,-0.0421f,0.9832f,0.1774f,1.3425f,0.4864f,0.1752f,-0.856f,0.1784f,0f,0f,0f,1f],start_interpolation: 0,interpolation_duration: 1}
$data merge entity $(bone_r_1) {transformation: [-0.8728f,0.0502f,-0.4856f,0.2025f,-0.0421f,0.9832f,0.1774f,1.4536f,0.4864f,0.1752f,-0.856f,0.3647f,0f,0f,0f,1f],start_interpolation: 0,interpolation_duration: 1}
$data merge entity $(bone_eye_r) {transformation: [-0.8728f,0.0502f,-0.4856f,0.2116f,-0.0421f,0.9832f,0.1774f,1.4277f,0.4864f,0.1752f,-0.856f,0.3469f,0f,0f,0f,1f],start_interpolation: 0,interpolation_duration: 1}
$data merge entity $(bone_eyes_down) {transformation: [-0.8728f,0.0502f,-0.4856f,-0.0121f,-0.0421f,0.9832f,0.1774f,1.433f,0.4864f,0.1752f,-0.856f,0.2029f,0f,0f,0f,1f],start_interpolation: 0,interpolation_duration: 1}
$data merge entity $(bone_eyes_up) {transformation: [-0.8728f,0.0502f,-0.4856f,-0.0092f,-0.0421f,0.9832f,0.1774f,1.4945f,0.4864f,0.1752f,-0.856f,0.2133f,0f,0f,0f,1f],start_interpolation: 0,interpolation_duration: 1}
$data merge entity $(bone_bone) {transformation: [-0.8728f,0.0502f,-0.4856f,-0.0168f,-0.0421f,0.9832f,0.1774f,1.3408f,0.4864f,0.1752f,-0.856f,0.1865f,0f,0f,0f,1f],start_interpolation: 0,interpolation_duration: 1}
$data merge entity $(bone_l) {transformation: [-0.8742f,0.0109f,-0.4856f,0.0065f,-0.0823f,0.7355f,0.1774f,1.4456f,0.4788f,0.1462f,-0.856f,0.4943f,0f,0f,0f,1f],start_interpolation: 0,interpolation_duration: 1}
$data merge entity $(bone_r) {transformation: [-0.8701f,0.0644f,-0.4856f,0.2247f,-0.0018f,0.7381f,0.1774f,1.4562f,0.4931f,0.1164f,-0.856f,0.3727f,0f,0f,0f,1f],start_interpolation: 0,interpolation_duration: 1}
$data merge entity $(bone_sad) {transformation: [-0.5788f,0.0417f,-0.4912f,-0.0507f,-0.0279f,0.816f,0.1794f,1.3869f,0.3225f,0.1454f,-0.8659f,0.4963f,0f,0f,0f,1f],start_interpolation: 0,interpolation_duration: 1}
$data merge entity $(bone_head) {transformation: [-0.8728f,0.0502f,-0.4856f,-0.0168f,-0.0421f,0.9832f,0.1774f,1.3408f,0.4864f,0.1752f,-0.856f,0.1865f,0f,0f,0f,1f],start_interpolation: 0,interpolation_duration: 1}
$data merge entity $(bone_6) {transformation: [-0.8556f,-0.0999f,-0.5079f,0.1997f,-0.1717f,0.9804f,0.0964f,0.4058f,0.4883f,0.1697f,-0.856f,0.1587f,0f,0f,0f,1f],start_interpolation: 0,interpolation_duration: 1}
$data merge entity $(bone_12) {transformation: [-0.8556f,-0.3739f,-0.358f,0.0595f,-0.1717f,0.8574f,-0.4852f,0.7273f,0.4883f,-0.3537f,-0.7978f,0.0261f,0f,0f,0f,1f],start_interpolation: 0,interpolation_duration: 1}
$data merge entity $(bone_10) {transformation: [-0.8728f,-0.0953f,-0.4788f,-0.067f,-0.0421f,0.9918f,-0.1208f,1.0306f,0.4863f,-0.0853f,-0.8696f,0.0695f,0f,0f,0f,1f],start_interpolation: 0,interpolation_duration: 1}
$data merge entity $(bone_9) {transformation: [-0.8728f,0.1559f,-0.4626f,-0.0086f,-0.0421f,0.9201f,0.3894f,1.3757f,0.4863f,0.3593f,-0.7965f,0.2042f,0f,0f,0f,1f],start_interpolation: 0,interpolation_duration: 1}
$data merge entity $(item_display_item_display) {transformation: [-0.3033f,0.6061f,-0.3033f,-0.4344f,-0.3416f,0.1502f,0.6419f,1.0161f,0.5853f,0.4018f,0.2174f,0.7916f,0f,0f,0f,1f],start_interpolation: 0,interpolation_duration: 1}
$data merge entity $(bone_2) {transformation: [0.4044f,0.4681f,0.773f,-0.5589f,-0.8559f,0.4701f,0.1631f,1.0827f,-0.2899f,-0.7348f,0.5967f,0.4214f,0f,0f,0f,1f],start_interpolation: 0,interpolation_duration: 1}
$data merge entity $(bone_1) {transformation: [0.4044f,0.791f,0.437f,-0.2843f,-0.8559f,0.4888f,-0.0928f,1.2501f,-0.2899f,-0.3399f,0.8835f,0.3101f,0f,0f,0f,1f],start_interpolation: 0,interpolation_duration: 1}
$data merge entity $(bone_4) {transformation: [-0.6955f,0.3238f,0.6414f,0.4985f,-0.7179f,-0.3496f,-0.6019f,1.1042f,0.0294f,-0.8792f,0.4756f,0.1559f,0f,0f,0f,1f],start_interpolation: 0,interpolation_duration: 1}
$data merge entity $(bone_3) {transformation: [-0.7076f,-0.6487f,0.2801f,0.2552f,-0.6416f,0.4239f,-0.6392f,1.2632f,0.2959f,-0.632f,-0.7162f,-0.0812f,0f,0f,0f,1f],start_interpolation: 0,interpolation_duration: 1}
$data merge entity $(bone_8) {transformation: [-0.911f,0.3421f,-0.2306f,-0.1618f,0.1421f,0.7849f,0.6031f,0.3991f,0.3873f,0.5166f,-0.7636f,0.243f,0f,0f,0f,1f],start_interpolation: 0,interpolation_duration: 1}
$data merge entity $(bone_7) {transformation: [-0.911f,0.1147f,-0.3963f,-0.1421f,0.1421f,0.989f,-0.0405f,0.7065f,0.3873f,-0.0932f,-0.9172f,0.1766f,0f,0f,0f,1f],start_interpolation: 0,interpolation_duration: 1}
data modify entity @s data merge value {"cameras":{"camera1":{"px":0.17691406249999977,"py":1.5160546875,"pz":1.8732031249999999,"ry":161.369453125,"rx":0}},"locators":{}}