# This file was generated by Animated Java via MC-Build. It is not recommended to edit this file directly.
$data merge entity $(bone_layer) {transformation: [-0.8806f,0.0475f,-0.4716f,-0.0123f,-0.0438f,0.9826f,0.1806f,1.3403f,0.472f,0.1797f,-0.8631f,0.1939f,0f,0f,0f,1f],start_interpolation: 0,interpolation_duration: 1}
$data merge entity $(bone_l_1) {transformation: [-0.8806f,0.0475f,-0.4716f,0.0114f,-0.0438f,0.9826f,0.1806f,1.4428f,0.472f,0.1797f,-0.8631f,0.4793f,0f,0f,0f,1f],start_interpolation: 0,interpolation_duration: 1}
$data merge entity $(bone_eye_l) {transformation: [-0.8806f,0.0475f,-0.4716f,-0.0167f,-0.0438f,0.9826f,0.1806f,1.342f,0.472f,0.1797f,-0.8631f,0.1858f,0f,0f,0f,1f],start_interpolation: 0,interpolation_duration: 1}
$data merge entity $(bone_r_1) {transformation: [-0.8806f,0.0475f,-0.4716f,0.204f,-0.0438f,0.9826f,0.1806f,1.4524f,0.472f,0.1797f,-0.8631f,0.3761f,0f,0f,0f,1f],start_interpolation: 0,interpolation_duration: 1}
$data merge entity $(bone_eye_r) {transformation: [-0.8806f,0.0475f,-0.4716f,0.2135f,-0.0438f,0.9826f,0.1806f,1.4266f,0.472f,0.1797f,-0.8631f,0.3583f,0f,0f,0f,1f],start_interpolation: 0,interpolation_duration: 1}
$data merge entity $(bone_eyes_down) {transformation: [-0.8806f,0.0475f,-0.4716f,-0.0079f,-0.0438f,0.9826f,0.1806f,1.4325f,0.472f,0.1797f,-0.8631f,0.2107f,0f,0f,0f,1f],start_interpolation: 0,interpolation_duration: 1}
$data merge entity $(bone_eyes_up) {transformation: [-0.8806f,0.0475f,-0.4716f,-0.0052f,-0.0438f,0.9826f,0.1806f,1.494f,0.472f,0.1797f,-0.8631f,0.2214f,0f,0f,0f,1f],start_interpolation: 0,interpolation_duration: 1}
$data merge entity $(bone_bone) {transformation: [-0.8806f,0.0475f,-0.4716f,-0.0123f,-0.0438f,0.9826f,0.1806f,1.3403f,0.472f,0.1797f,-0.8631f,0.1939f,0f,0f,0f,1f],start_interpolation: 0,interpolation_duration: 1}
$data merge entity $(bone_l) {transformation: [-0.8819f,0.001f,-0.4716f,0.006f,-0.0951f,0.7342f,0.1806f,1.4443f,0.462f,0.1531f,-0.8631f,0.5025f,0f,0f,0f,1f],start_interpolation: 0,interpolation_duration: 1}
$data merge entity $(bone_r) {transformation: [-0.8769f,0.0701f,-0.4716f,0.2261f,0.0077f,0.7376f,0.1806f,1.4552f,0.4808f,0.116f,-0.8631f,0.3845f,0f,0f,0f,1f],start_interpolation: 0,interpolation_duration: 1}
$data merge entity $(bone_sad) {transformation: [-0.5825f,0.0396f,-0.4792f,-0.0514f,-0.029f,0.82f,0.1835f,1.3823f,0.3122f,0.1499f,-0.8769f,0.5028f,0f,0f,0f,1f],start_interpolation: 0,interpolation_duration: 1}
$data merge entity $(bone_head) {transformation: [-0.8806f,0.0475f,-0.4716f,-0.0123f,-0.0438f,0.9826f,0.1806f,1.3403f,0.472f,0.1797f,-0.8631f,0.1939f,0f,0f,0f,1f],start_interpolation: 0,interpolation_duration: 1}
$data merge entity $(bone_6) {transformation: [-0.8633f,-0.1036f,-0.494f,0.2054f,-0.1734f,0.98f,0.0975f,0.4056f,0.474f,0.1698f,-0.864f,0.1678f,0f,0f,0f,1f],start_interpolation: 0,interpolation_duration: 1}
$data merge entity $(bone_12) {transformation: [-0.8633f,-0.3689f,-0.3445f,0.0671f,-0.1734f,0.8577f,-0.4839f,0.7272f,0.474f,-0.358f,-0.8044f,0.0336f,0f,0f,0f,1f],start_interpolation: 0,interpolation_duration: 1}
$data merge entity $(bone_10) {transformation: [-0.8805f,-0.0948f,-0.4644f,-0.0604f,-0.0438f,0.9919f,-0.1195f,1.0304f,0.472f,-0.0849f,-0.8775f,0.0755f,0f,0f,0f,1f],start_interpolation: 0,interpolation_duration: 1}
$data merge entity $(bone_9) {transformation: [-0.8805f,0.1492f,-0.4499f,-0.0044f,-0.0438f,0.9195f,0.3906f,1.3752f,0.472f,0.3637f,-0.8031f,0.2118f,0f,0f,0f,1f],start_interpolation: 0,interpolation_duration: 1}
$data merge entity $(item_display_item_display) {transformation: [-0.3278f,0.5947f,-0.3004f,-0.4515f,-0.3342f,0.1429f,0.6475f,1.0197f,0.5764f,0.4211f,0.2045f,0.79f,0f,0f,0f,1f],start_interpolation: 0,interpolation_duration: 1}
$data merge entity $(bone_2) {transformation: [0.4005f,0.4998f,0.7549f,-0.5625f,-0.8633f,0.4595f,0.1538f,1.0865f,-0.2727f,-0.7205f,0.6217f,0.4156f,0f,0f,0f,1f],start_interpolation: 0,interpolation_duration: 1}
$data merge entity $(bone_1) {transformation: [0.4005f,0.8095f,0.4055f,-0.2817f,-0.8633f,0.475f,-0.0956f,1.2492f,-0.2727f,-0.3149f,0.8981f,0.3129f,0f,0f,0f,1f],start_interpolation: 0,interpolation_duration: 1}
$data merge entity $(bone_4) {transformation: [-0.7098f,0.3294f,0.6226f,0.5026f,-0.7042f,-0.3513f,-0.617f,1.0991f,0.0155f,-0.8764f,0.4813f,0.1688f,0f,0f,0f,1f],start_interpolation: 0,interpolation_duration: 1}
$data merge entity $(bone_3) {transformation: [-0.7233f,-0.636f,0.2691f,0.2641f,-0.6255f,0.4382f,-0.6455f,1.2635f,0.2926f,-0.6352f,-0.7148f,-0.0694f,0f,0f,0f,1f],start_interpolation: 0,interpolation_duration: 1}
$data merge entity $(bone_8) {transformation: [-0.9172f,0.333f,-0.2186f,-0.1574f,0.1407f,0.7841f,0.6045f,0.3984f,0.3727f,0.5237f,-0.7661f,0.2462f,0f,0f,0f,1f],start_interpolation: 0,interpolation_duration: 1}
$data merge entity $(bone_7) {transformation: [-0.9172f,0.1154f,-0.3812f,-0.1369f,0.1407f,0.9893f,-0.039f,0.706f,0.3727f,-0.0894f,-0.9236f,0.1808f,0f,0f,0f,1f],start_interpolation: 0,interpolation_duration: 1}
data modify entity @s data merge value {"cameras":{"camera1":{"px":0.1666249999999998,"py":1.5126249999999999,"pz":1.895375,"ry":162.746535,"rx":0}},"locators":{}}