# This file was generated by Animated Java via MC-Build. It is not recommended to edit this file directly.
$data merge entity $(bone_layer) {transformation: [-0.8872f,0.0444f,-0.4595f,-0.0085f,-0.0453f,0.9822f,0.1823f,1.3399f,0.4594f,0.1825f,-0.8693f,0.2003f,0f,0f,0f,1f],start_interpolation: 0,interpolation_duration: 1}
$data merge entity $(bone_l_1) {transformation: [-0.8872f,0.0444f,-0.4595f,0.0111f,-0.0453f,0.9822f,0.1823f,1.4418f,0.4594f,0.1825f,-0.8693f,0.4863f,0f,0f,0f,1f],start_interpolation: 0,interpolation_duration: 1}
$data merge entity $(bone_eye_l) {transformation: [-0.8872f,0.0444f,-0.4595f,-0.0128f,-0.0453f,0.9822f,0.1823f,1.3417f,0.4594f,0.1825f,-0.8693f,0.1921f,0f,0f,0f,1f],start_interpolation: 0,interpolation_duration: 1}
$data merge entity $(bone_r_1) {transformation: [-0.8872f,0.0444f,-0.4595f,0.2052f,-0.0453f,0.9822f,0.1823f,1.4517f,0.4594f,0.1825f,-0.8693f,0.3858f,0f,0f,0f,1f],start_interpolation: 0,interpolation_duration: 1}
$data merge entity $(bone_eye_r) {transformation: [-0.8872f,0.0444f,-0.4595f,0.215f,-0.0453f,0.9822f,0.1823f,1.4259f,0.4594f,0.1825f,-0.8693f,0.368f,0f,0f,0f,1f],start_interpolation: 0,interpolation_duration: 1}
$data merge entity $(bone_eyes_down) {transformation: [-0.8872f,0.0444f,-0.4595f,-0.0043f,-0.0453f,0.9822f,0.1823f,1.432f,0.4594f,0.1825f,-0.8693f,0.2174f,0f,0f,0f,1f],start_interpolation: 0,interpolation_duration: 1}
$data merge entity $(bone_eyes_up) {transformation: [-0.8872f,0.0444f,-0.4595f,-0.0018f,-0.0453f,0.9822f,0.1823f,1.4935f,0.4594f,0.1825f,-0.8693f,0.2282f,0f,0f,0f,1f],start_interpolation: 0,interpolation_duration: 1}
$data merge entity $(bone_bone) {transformation: [-0.8872f,0.0444f,-0.4595f,-0.0085f,-0.0453f,0.9822f,0.1823f,1.3399f,0.4594f,0.1825f,-0.8693f,0.2003f,0f,0f,0f,1f],start_interpolation: 0,interpolation_duration: 1}
$data merge entity $(bone_l) {transformation: [-0.8882f,-0.0089f,-0.4595f,0.0054f,-0.1074f,0.733f,0.1823f,1.4439f,0.4469f,0.1584f,-0.8693f,0.5095f,0f,0f,0f,1f],start_interpolation: 0,interpolation_duration: 1}
$data merge entity $(bone_r) {transformation: [-0.8826f,0.0754f,-0.4595f,0.2272f,0.017f,0.7373f,0.1823f,1.4552f,0.4701f,0.1148f,-0.8693f,0.3946f,0f,0f,0f,1f],start_interpolation: 0,interpolation_duration: 1}
$data merge entity $(bone_sad) {transformation: [-0.5867f,0.0373f,-0.4691f,-0.0521f,-0.0299f,0.8244f,0.1861f,1.3778f,0.3038f,0.1532f,-0.8874f,0.5081f,0f,0f,0f,1f],start_interpolation: 0,interpolation_duration: 1}
$data merge entity $(bone_head) {transformation: [-0.8872f,0.0444f,-0.4595f,-0.0085f,-0.0453f,0.9822f,0.1823f,1.3399f,0.4594f,0.1825f,-0.8693f,0.2003f,0f,0f,0f,1f],start_interpolation: 0,interpolation_duration: 1}
$data merge entity $(bone_6) {transformation: [-0.8698f,-0.1068f,-0.4818f,0.2104f,-0.1749f,0.9796f,0.0985f,0.4054f,0.4614f,0.17f,-0.8707f,0.1757f,0f,0f,0f,1f],start_interpolation: 0,interpolation_duration: 1}
$data merge entity $(bone_12) {transformation: [-0.8698f,-0.3645f,-0.3327f,0.0737f,-0.1749f,0.8581f,-0.4828f,0.7272f,0.4614f,-0.3617f,-0.8101f,0.0401f,0f,0f,0f,1f],start_interpolation: 0,interpolation_duration: 1}
$data merge entity $(bone_10) {transformation: [-0.8871f,-0.0944f,-0.4519f,-0.0546f,-0.0453f,0.9919f,-0.1183f,1.0302f,0.4594f,-0.0845f,-0.8842f,0.0806f,0f,0f,0f,1f],start_interpolation: 0,interpolation_duration: 1}
$data merge entity $(bone_9) {transformation: [-0.8871f,0.1434f,-0.4388f,-0.0008f,-0.0453f,0.9189f,0.3918f,1.3748f,0.4594f,0.3674f,-0.8087f,0.2184f,0f,0f,0f,1f],start_interpolation: 0,interpolation_duration: 1}
$data merge entity $(item_display_item_display) {transformation: [-0.3496f,0.5836f,-0.2975f,-0.4664f,-0.3277f,0.1362f,0.6522f,1.023f,0.5672f,0.4384f,0.1934f,0.7879f,0f,0f,0f,1f],start_interpolation: 0,interpolation_duration: 1}
$data merge entity $(bone_2) {transformation: [0.3967f,0.527f,0.7383f,-0.5653f,-0.8696f,0.45f,0.146f,1.0899f,-0.2579f,-0.707f,0.6432f,0.4102f,0f,0f,0f,1f],start_interpolation: 0,interpolation_duration: 1}
$data merge entity $(bone_1) {transformation: [0.3967f,0.8248f,0.3774f,-0.2795f,-0.8696f,0.463f,-0.0977f,1.2484f,-0.2579f,-0.2924f,0.91f,0.3153f,0f,0f,0f,1f],start_interpolation: 0,interpolation_duration: 1}
$data merge entity $(bone_4) {transformation: [-0.7222f,0.3339f,0.6058f,0.5058f,-0.6917f,-0.3526f,-0.6302f,1.0947f,0.0031f,-0.8742f,0.4856f,0.18f,0f,0f,0f,1f],start_interpolation: 0,interpolation_duration: 1}
$data merge entity $(bone_3) {transformation: [-0.7369f,-0.6243f,0.2594f,0.2717f,-0.611f,0.4509f,-0.6507f,1.2637f,0.2893f,-0.6379f,-0.7137f,-0.0592f,0f,0f,0f,1f],start_interpolation: 0,interpolation_duration: 1}
$data merge entity $(bone_8) {transformation: [-0.9225f,0.325f,-0.2081f,-0.1536f,0.1394f,0.7834f,0.6057f,0.3978f,0.3599f,0.5298f,-0.768f,0.249f,0f,0f,0f,1f],start_interpolation: 0,interpolation_duration: 1}
$data merge entity $(bone_7) {transformation: [-0.9225f,0.116f,-0.3681f,-0.1323f,0.1394f,0.9895f,-0.0377f,0.7055f,0.3599f,-0.0861f,-0.929f,0.1843f,0f,0f,0f,1f],start_interpolation: 0,interpolation_duration: 1}
data modify entity @s data merge value {"cameras":{"camera1":{"px":0.15577343749999983,"py":1.5090078125,"pz":1.917296875,"ry":164.19988937499997,"rx":0}},"locators":{}}