# This file was generated by Animated Java via MC-Build. It is not recommended to edit this file directly.
$data merge entity $(bone_layer) {transformation: [-0.8927f,0.0412f,-0.4489f,-0.0052f,-0.0465f,0.9821f,0.1827f,1.3396f,0.4485f,0.184f,-0.8747f,0.2058f,0f,0f,0f,1f],start_interpolation: 0,interpolation_duration: 1}
$data merge entity $(bone_l_1) {transformation: [-0.8927f,0.0412f,-0.4489f,0.0108f,-0.0465f,0.9821f,0.1827f,1.4412f,0.4485f,0.184f,-0.8747f,0.4921f,0f,0f,0f,1f],start_interpolation: 0,interpolation_duration: 1}
$data merge entity $(bone_eye_l) {transformation: [-0.8927f,0.0412f,-0.4489f,-0.0094f,-0.0465f,0.9821f,0.1827f,1.3413f,0.4485f,0.184f,-0.8747f,0.1976f,0f,0f,0f,1f],start_interpolation: 0,interpolation_duration: 1}
$data merge entity $(bone_r_1) {transformation: [-0.8927f,0.0412f,-0.4489f,0.2061f,-0.0465f,0.9821f,0.1827f,1.4514f,0.4485f,0.184f,-0.8747f,0.394f,0f,0f,0f,1f],start_interpolation: 0,interpolation_duration: 1}
$data merge entity $(bone_eye_r) {transformation: [-0.8927f,0.0412f,-0.4489f,0.2161f,-0.0465f,0.9821f,0.1827f,1.4256f,0.4485f,0.184f,-0.8747f,0.3764f,0f,0f,0f,1f],start_interpolation: 0,interpolation_duration: 1}
$data merge entity $(bone_eyes_down) {transformation: [-0.8927f,0.0412f,-0.4489f,-0.0013f,-0.0465f,0.9821f,0.1827f,1.4317f,0.4485f,0.184f,-0.8747f,0.223f,0f,0f,0f,1f],start_interpolation: 0,interpolation_duration: 1}
$data merge entity $(bone_eyes_up) {transformation: [-0.8927f,0.0412f,-0.4489f,0.001f,-0.0465f,0.9821f,0.1827f,1.4931f,0.4485f,0.184f,-0.8747f,0.234f,0f,0f,0f,1f],start_interpolation: 0,interpolation_duration: 1}
$data merge entity $(bone_bone) {transformation: [-0.8927f,0.0412f,-0.4489f,-0.0052f,-0.0465f,0.9821f,0.1827f,1.3396f,0.4485f,0.184f,-0.8747f,0.2058f,0f,0f,0f,1f],start_interpolation: 0,interpolation_duration: 1}
$data merge entity $(bone_l) {transformation: [-0.8933f,-0.0182f,-0.4489f,0.0049f,-0.1183f,0.732f,0.1827f,1.4444f,0.4338f,0.1622f,-0.8747f,0.5155f,0f,0f,0f,1f],start_interpolation: 0,interpolation_duration: 1}
$data merge entity $(bone_r) {transformation: [-0.8873f,0.0799f,-0.4489f,0.2281f,0.0255f,0.7371f,0.1827f,1.456f,0.4607f,0.113f,-0.8747f,0.4034f,0f,0f,0f,1f],start_interpolation: 0,interpolation_duration: 1}
$data merge entity $(bone_sad) {transformation: [-0.5914f,0.0348f,-0.4606f,-0.0528f,-0.0308f,0.829f,0.1875f,1.3736f,0.2971f,0.1553f,-0.8975f,0.5124f,0f,0f,0f,1f],start_interpolation: 0,interpolation_duration: 1}
$data merge entity $(bone_head) {transformation: [-0.8927f,0.0412f,-0.4489f,-0.0052f,-0.0465f,0.9821f,0.1827f,1.3396f,0.4485f,0.184f,-0.8747f,0.2058f,0f,0f,0f,1f],start_interpolation: 0,interpolation_duration: 1}
$data merge entity $(bone_6) {transformation: [-0.8752f,-0.1096f,-0.4711f,0.2146f,-0.1762f,0.9793f,0.0994f,0.4052f,0.4505f,0.17f,-0.8764f,0.1825f,0f,0f,0f,1f],start_interpolation: 0,interpolation_duration: 1}
$data merge entity $(bone_12) {transformation: [-0.8752f,-0.3606f,-0.3224f,0.0794f,-0.1762f,0.8584f,-0.4818f,0.7271f,0.4505f,-0.3649f,-0.8148f,0.0457f,0f,0f,0f,1f],start_interpolation: 0,interpolation_duration: 1}
$data merge entity $(bone_10) {transformation: [-0.8926f,-0.094f,-0.4409f,-0.0497f,-0.0465f,0.992f,-0.1173f,1.03f,0.4484f,-0.0842f,-0.8899f,0.0851f,0f,0f,0f,1f],start_interpolation: 0,interpolation_duration: 1}
$data merge entity $(bone_9) {transformation: [-0.8926f,0.1383f,-0.4291f,0.0022f,-0.0465f,0.9184f,0.3928f,1.3744f,0.4484f,0.3706f,-0.8134f,0.2241f,0f,0f,0f,1f],start_interpolation: 0,interpolation_duration: 1}
$data merge entity $(item_display_item_display) {transformation: [-0.3689f,0.573f,-0.2948f,-0.4791f,-0.3221f,0.1302f,0.6562f,1.0259f,0.5581f,0.4539f,0.1839f,0.7856f,0f,0f,0f,1f],start_interpolation: 0,interpolation_duration: 1}
$data merge entity $(bone_2) {transformation: [0.393f,0.5501f,0.7232f,-0.5675f,-0.8749f,0.4417f,0.1395f,1.0928f,-0.2452f,-0.6945f,0.6615f,0.4053f,0f,0f,0f,1f],start_interpolation: 0,interpolation_duration: 1}
$data merge entity $(bone_1) {transformation: [0.393f,0.8374f,0.3527f,-0.2775f,-0.8749f,0.4525f,-0.0993f,1.2477f,-0.2452f,-0.2723f,0.9197f,0.3174f,0f,0f,0f,1f],start_interpolation: 0,interpolation_duration: 1}
$data merge entity $(bone_4) {transformation: [-0.7328f,0.3375f,0.5908f,0.5084f,-0.6804f,-0.3536f,-0.6419f,1.0908f,-0.0078f,-0.8724f,0.4887f,0.1897f,0f,0f,0f,1f],start_interpolation: 0,interpolation_duration: 1}
$data merge entity $(bone_3) {transformation: [-0.7486f,-0.6137f,0.2507f,0.2782f,-0.598f,0.4619f,-0.655f,1.264f,0.2862f,-0.6403f,-0.7128f,-0.0504f,0f,0f,0f,1f],start_interpolation: 0,interpolation_duration: 1}
$data merge entity $(bone_8) {transformation: [-0.927f,0.3181f,-0.1989f,-0.1503f,0.1384f,0.7827f,0.6068f,0.3973f,0.3487f,0.5349f,-0.7696f,0.2513f,0f,0f,0f,1f],start_interpolation: 0,interpolation_duration: 1}
$data merge entity $(bone_7) {transformation: [-0.927f,0.1164f,-0.3567f,-0.1284f,0.1384f,0.9897f,-0.0365f,0.7051f,0.3487f,-0.0832f,-0.9335f,0.1874f,0f,0f,0f,1f],start_interpolation: 0,interpolation_duration: 1}
data modify entity @s data merge value {"cameras":{"camera":{"posx":0.14449999999999966,"posy":1.50525,"posz":1.9388750000000001,"roty":165.71032000000002,"rotx":0}},"locators":{}}