# This file was generated by Animated Java via MC-Build. It is not recommended to edit this file directly.
$data merge entity $(bone_layer) {transformation: [-0.8973f,0.0379f,-0.4399f,-0.0024f,-0.0477f,0.9822f,0.1819f,1.3393f,0.439f,0.1842f,-0.8794f,0.2105f,0f,0f,0f,1f],start_interpolation: 0,interpolation_duration: 1}
$data merge entity $(bone_l_1) {transformation: [-0.8973f,0.0379f,-0.4399f,0.0104f,-0.0477f,0.9822f,0.1819f,1.441f,0.439f,0.1842f,-0.8794f,0.4969f,0f,0f,0f,1f],start_interpolation: 0,interpolation_duration: 1}
$data merge entity $(bone_eye_l) {transformation: [-0.8973f,0.0379f,-0.4399f,-0.0065f,-0.0477f,0.9822f,0.1819f,1.341f,0.439f,0.1842f,-0.8794f,0.2022f,0f,0f,0f,1f],start_interpolation: 0,interpolation_duration: 1}
$data merge entity $(bone_r_1) {transformation: [-0.8973f,0.0379f,-0.4399f,0.2067f,-0.0477f,0.9822f,0.1819f,1.4514f,0.439f,0.1842f,-0.8794f,0.4009f,0f,0f,0f,1f],start_interpolation: 0,interpolation_duration: 1}
$data merge entity $(bone_eye_r) {transformation: [-0.8973f,0.0379f,-0.4399f,0.2169f,-0.0477f,0.9822f,0.1819f,1.4256f,0.439f,0.1842f,-0.8794f,0.3834f,0f,0f,0f,1f],start_interpolation: 0,interpolation_duration: 1}
$data merge entity $(bone_eyes_down) {transformation: [-0.8973f,0.0379f,-0.4399f,0.0012f,-0.0477f,0.9822f,0.1819f,1.4313f,0.439f,0.1842f,-0.8794f,0.2277f,0f,0f,0f,1f],start_interpolation: 0,interpolation_duration: 1}
$data merge entity $(bone_eyes_up) {transformation: [-0.8973f,0.0379f,-0.4399f,0.0033f,-0.0477f,0.9822f,0.1819f,1.4928f,0.439f,0.1842f,-0.8794f,0.2387f,0f,0f,0f,1f],start_interpolation: 0,interpolation_duration: 1}
$data merge entity $(bone_bone) {transformation: [-0.8973f,0.0379f,-0.4399f,-0.0024f,-0.0477f,0.9822f,0.1819f,1.3393f,0.439f,0.1842f,-0.8794f,0.2105f,0f,0f,0f,1f],start_interpolation: 0,interpolation_duration: 1}
$data merge entity $(bone_l) {transformation: [-0.8974f,-0.0264f,-0.4399f,0.0043f,-0.1274f,0.7313f,0.1819f,1.4458f,0.4225f,0.1645f,-0.8794f,0.5205f,0f,0f,0f,1f],start_interpolation: 0,interpolation_duration: 1}
$data merge entity $(bone_r) {transformation: [-0.8913f,0.0831f,-0.4399f,0.2286f,0.0324f,0.7371f,0.1819f,1.4577f,0.4525f,0.1109f,-0.8794f,0.4108f,0f,0f,0f,1f],start_interpolation: 0,interpolation_duration: 1}
$data merge entity $(bone_sad) {transformation: [-0.5966f,0.0322f,-0.4537f,-0.0534f,-0.0317f,0.8337f,0.1876f,1.3694f,0.2919f,0.1563f,-0.9071f,0.5158f,0f,0f,0f,1f],start_interpolation: 0,interpolation_duration: 1}
$data merge entity $(bone_head) {transformation: [-0.8973f,0.0379f,-0.4399f,-0.0024f,-0.0477f,0.9822f,0.1819f,1.3393f,0.439f,0.1842f,-0.8794f,0.2105f,0f,0f,0f,1f],start_interpolation: 0,interpolation_duration: 1}
$data merge entity $(bone_6) {transformation: [-0.8798f,-0.112f,-0.4619f,0.2182f,-0.1773f,0.979f,0.1002f,0.4051f,0.441f,0.17f,-0.8812f,0.1883f,0f,0f,0f,1f],start_interpolation: 0,interpolation_duration: 1}
$data merge entity $(bone_12) {transformation: [-0.8798f,-0.3573f,-0.3135f,0.0842f,-0.1773f,0.8587f,-0.4809f,0.7271f,0.441f,-0.3675f,-0.8188f,0.0505f,0f,0f,0f,1f],start_interpolation: 0,interpolation_duration: 1}
$data merge entity $(bone_10) {transformation: [-0.8972f,-0.0937f,-0.4315f,-0.0454f,-0.0477f,0.9921f,-0.1164f,1.0298f,0.4389f,-0.0838f,-0.8946f,0.0889f,0f,0f,0f,1f],start_interpolation: 0,interpolation_duration: 1}
$data merge entity $(bone_9) {transformation: [-0.8972f,0.1339f,-0.4207f,0.0048f,-0.0477f,0.918f,0.3938f,1.3741f,0.4389f,0.3733f,-0.8173f,0.2289f,0f,0f,0f,1f],start_interpolation: 0,interpolation_duration: 1}
$data merge entity $(item_display_item_display) {transformation: [-0.3859f,0.563f,-0.2923f,-0.4899f,-0.3174f,0.1248f,0.6595f,1.0285f,0.5492f,0.4677f,0.1758f,0.7832f,0f,0f,0f,1f],start_interpolation: 0,interpolation_duration: 1}
$data merge entity $(bone_2) {transformation: [0.3897f,0.5697f,0.7097f,-0.5693f,-0.8794f,0.4345f,0.1341f,1.0952f,-0.2344f,-0.6832f,0.6771f,0.4008f,0f,0f,0f,1f],start_interpolation: 0,interpolation_duration: 1}
$data merge entity $(bone_1) {transformation: [0.3897f,0.8477f,0.3312f,-0.2758f,-0.8794f,0.4435f,-0.1004f,1.2471f,-0.2344f,-0.2547f,0.9275f,0.3191f,0f,0f,0f,1f],start_interpolation: 0,interpolation_duration: 1}
$data merge entity $(bone_4) {transformation: [-0.7419f,0.3403f,0.5778f,0.5103f,-0.6703f,-0.3542f,-0.6521f,1.0874f,-0.0172f,-0.8711f,0.4909f,0.1981f,0f,0f,0f,1f],start_interpolation: 0,interpolation_duration: 1}
$data merge entity $(bone_3) {transformation: [-0.7588f,-0.6043f,0.2431f,0.2837f,-0.5864f,0.4714f,-0.6587f,1.2641f,0.2835f,-0.6424f,-0.7121f,-0.0428f,0f,0f,0f,1f],start_interpolation: 0,interpolation_duration: 1}
$data merge entity $(bone_8) {transformation: [-0.9306f,0.3121f,-0.1911f,-0.1474f,0.1375f,0.7821f,0.6078f,0.3968f,0.3391f,0.5393f,-0.7708f,0.2532f,0f,0f,0f,1f],start_interpolation: 0,interpolation_duration: 1}
$data merge entity $(bone_7) {transformation: [-0.9306f,0.1168f,-0.3468f,-0.125f,0.1375f,0.9899f,-0.0355f,0.7047f,0.3391f,-0.0807f,-0.9373f,0.1899f,0f,0f,0f,1f],start_interpolation: 0,interpolation_duration: 1}
data modify entity @s data merge value {"cameras":{"camera":{"posx":0.13294531249999972,"posy":1.5013984375,"posz":1.960015625,"roty":167.25863062500002,"rotx":0}},"locators":{}}