# This file was generated by Animated Java via MC-Build. It is not recommended to edit this file directly.
$data merge entity $(bone_layer) {transformation: [-0.535f,0.058f,-0.8429f,-0.0522f,-0.0018f,0.9976f,0.0698f,1.3066f,0.845f,0.0389f,-0.5336f,0.0191f,0f,0f,0f,1f],start_interpolation: 0,interpolation_duration: 1}
$data merge entity $(bone_l_1) {transformation: [-0.535f,0.058f,-0.8429f,0.0997f,-0.0018f,0.9976f,0.0698f,1.4425f,0.845f,0.0389f,-0.5336f,0.245f,0f,0f,0f,1f],start_interpolation: 0,interpolation_duration: 1}
$data merge entity $(bone_eye_l) {transformation: [-0.535f,0.058f,-0.8429f,-0.0601f,-0.0018f,0.9976f,0.0698f,1.3072f,0.845f,0.0389f,-0.5336f,0.0141f,0f,0f,0f,1f],start_interpolation: 0,interpolation_duration: 1}
$data merge entity $(bone_r_1) {transformation: [-0.535f,0.058f,-0.8429f,0.2167f,-0.0018f,0.9976f,0.0698f,1.4429f,0.845f,0.0389f,-0.5336f,0.0602f,0f,0f,0f,1f],start_interpolation: 0,interpolation_duration: 1}
$data merge entity $(bone_eye_r) {transformation: [-0.535f,0.058f,-0.8429f,0.2182f,-0.0018f,0.9976f,0.0698f,1.4153f,0.845f,0.0389f,-0.5336f,0.0426f,0f,0f,0f,1f],start_interpolation: 0,interpolation_duration: 1}
$data merge entity $(bone_eyes_down) {transformation: [-0.535f,0.058f,-0.8429f,-0.0467f,-0.0018f,0.9976f,0.0698f,1.4001f,0.845f,0.0389f,-0.5336f,0.0227f,0f,0f,0f,1f],start_interpolation: 0,interpolation_duration: 1}
$data merge entity $(bone_eyes_up) {transformation: [-0.535f,0.058f,-0.8429f,-0.0416f,-0.0018f,0.9976f,0.0698f,1.4976f,0.845f,0.0389f,-0.5336f,0.0262f,0f,0f,0f,1f],start_interpolation: 0,interpolation_duration: 1}
$data merge entity $(bone_bone) {transformation: [-0.535f,0.058f,-0.8429f,-0.0522f,-0.0018f,0.9976f,0.0698f,1.3066f,0.845f,0.0389f,-0.5336f,0.0191f,0f,0f,0f,1f],start_interpolation: 0,interpolation_duration: 1}
$data merge entity $(bone_l) {transformation: [-0.535f,0.0435f,-0.8429f,0.108f,-0.0018f,0.7482f,0.0698f,1.4784f,0.845f,0.0292f,-0.5336f,0.2688f,0f,0f,0f,1f],start_interpolation: 0,interpolation_duration: 1}
$data merge entity $(bone_r) {transformation: [-0.535f,0.0435f,-0.8429f,0.2418f,-0.0018f,0.7482f,0.0698f,1.4789f,0.845f,0.0292f,-0.5336f,0.0576f,0f,0f,0f,1f],start_interpolation: 0,interpolation_duration: 1}
$data merge entity $(bone_sad) {transformation: [-0.8561f,0.0183f,-0.8619f,0.0709f,-0.0029f,0.3146f,0.0714f,1.4195f,1.352f,0.0123f,-0.5456f,0.2904f,0f,0f,0f,1f],start_interpolation: 0,interpolation_duration: 1}
$data merge entity $(bone_head) {transformation: [-0.535f,0.058f,-0.8429f,-0.0522f,-0.0018f,0.9976f,0.0698f,1.3066f,0.845f,0.0389f,-0.5336f,0.0191f,0f,0f,0f,1f],start_interpolation: 0,interpolation_duration: 1}
$data merge entity $(bone_6) {transformation: [-0.5331f,0.0982f,-0.8403f,0.0222f,-0.1323f,0.9713f,0.1975f,0.3608f,0.8357f,0.2164f,-0.5048f,-0.1289f,0f,0f,0f,1f],start_interpolation: 0,interpolation_duration: 1}
$data merge entity $(bone_12) {transformation: [-0.5331f,-0.4016f,-0.7446f,-0.1284f,-0.1323f,0.9089f,-0.3955f,0.7017f,0.8357f,-0.1124f,-0.5376f,-0.1711f,0f,0f,0f,1f],start_interpolation: 0,interpolation_duration: 1}
$data merge entity $(bone_10) {transformation: [-0.535f,-0.0162f,-0.8447f,-0.1858f,-0.0018f,0.9998f,-0.018f,1.0112f,0.8449f,-0.0081f,-0.5349f,-0.0662f,0f,0f,0f,1f],start_interpolation: 0,interpolation_duration: 1}
$data merge entity $(bone_9) {transformation: [-0.535f,0.4082f,-0.7397f,-0.0327f,-0.0018f,0.875f,0.4842f,1.3393f,0.8449f,0.2604f,-0.4673f,0.0315f,0f,0f,0f,1f],start_interpolation: 0,interpolation_duration: 1}
$data merge entity $(item_display_item_display) {transformation: [0.2979f,0.6655f,-0.1404f,0.0999f,-0.518f,0.3213f,0.4239f,0.9125f,0.4407f,-0.0721f,0.5932f,0.561f,0f,0f,0f,1f],start_interpolation: 0,interpolation_duration: 1}
$data merge entity $(bone_2) {transformation: [0.1872f,-0.3976f,0.8871f,-0.2768f,-0.5652f,0.6905f,0.4288f,0.9511f,-0.7909f,-0.5875f,-0.0964f,0.4443f,0f,0f,0f,1f],start_interpolation: 0,interpolation_duration: 1}
$data merge entity $(bone_1) {transformation: [0.1872f,0.0991f,0.9671f,-0.2367f,-0.5652f,0.8124f,0.0262f,1.2306f,-0.7909f,-0.5571f,0.2102f,0.2541f,0f,0f,0f,1f],start_interpolation: 0,interpolation_duration: 1}
$data merge entity $(bone_4) {transformation: [-0.4416f,-0.8142f,0.377f,0.3273f,-0.4774f,-0.1426f,-0.867f,0.9892f,0.7597f,-0.5629f,-0.3257f,-0.3103f,0f,0f,0f,1f],start_interpolation: 0,interpolation_duration: 1}
$data merge entity $(bone_3) {transformation: [-0.4416f,-0.7593f,-0.478f,0.0425f,-0.4774f,0.65f,-0.5913f,1.2329f,0.7597f,-0.0329f,-0.6495f,-0.3226f,0f,0f,0f,1f],start_interpolation: 0,interpolation_duration: 1}
$data merge entity $(bone_8) {transformation: [-0.5952f,0.6313f,-0.4972f,-0.2543f,0.1934f,0.7131f,0.6739f,0.3791f,0.78f,0.305f,-0.5465f,0.1191f,0f,0f,0f,1f],start_interpolation: 0,interpolation_duration: 1}
$data merge entity $(bone_7) {transformation: [-0.5952f,0.1641f,-0.7866f,-0.235f,0.1934f,0.9794f,0.058f,0.6876f,0.78f,-0.1176f,-0.6147f,0.0573f,0f,0f,0f,1f],start_interpolation: 0,interpolation_duration: 1}
data modify entity @s data merge value {"cameras":{"camera1":{"px":0.2002314814814813,"py":1.467662037037037,"pz":1.5811805555555556,"ry":166.836381953125,"rx":0}},"locators":{}}