# This file was generated by Animated Java via MC-Build. It is not recommended to edit this file directly.
$data merge entity $(bone_layer) {transformation: [-0.9012f,0.0346f,-0.4322f,0f,-0.0486f,0.9824f,0.1801f,1.339f,0.4309f,0.1833f,-0.8836f,0.2145f,0f,0f,0f,1f],start_interpolation: 0,interpolation_duration: 1}
$data merge entity $(bone_l_1) {transformation: [-0.9012f,0.0346f,-0.4322f,0.01f,-0.0486f,0.9824f,0.1801f,1.4411f,0.4309f,0.1833f,-0.8836f,0.5009f,0f,0f,0f,1f],start_interpolation: 0,interpolation_duration: 1}
$data merge entity $(bone_eye_l) {transformation: [-0.9012f,0.0346f,-0.4322f,-0.0041f,-0.0486f,0.9824f,0.1801f,1.3407f,0.4309f,0.1833f,-0.8836f,0.2062f,0f,0f,0f,1f],start_interpolation: 0,interpolation_duration: 1}
$data merge entity $(bone_r_1) {transformation: [-0.9012f,0.0346f,-0.4322f,0.2072f,-0.0486f,0.9824f,0.1801f,1.4517f,0.4309f,0.1833f,-0.8836f,0.4067f,0f,0f,0f,1f],start_interpolation: 0,interpolation_duration: 1}
$data merge entity $(bone_eye_r) {transformation: [-0.9012f,0.0346f,-0.4322f,0.2176f,-0.0486f,0.9824f,0.1801f,1.4259f,0.4309f,0.1833f,-0.8836f,0.3892f,0f,0f,0f,1f],start_interpolation: 0,interpolation_duration: 1}
$data merge entity $(bone_eyes_down) {transformation: [-0.9012f,0.0346f,-0.4322f,0.0032f,-0.0486f,0.9824f,0.1801f,1.4311f,0.4309f,0.1833f,-0.8836f,0.2317f,0f,0f,0f,1f],start_interpolation: 0,interpolation_duration: 1}
$data merge entity $(bone_eyes_up) {transformation: [-0.9012f,0.0346f,-0.4322f,0.0051f,-0.0486f,0.9824f,0.1801f,1.4926f,0.4309f,0.1833f,-0.8836f,0.2426f,0f,0f,0f,1f],start_interpolation: 0,interpolation_duration: 1}
$data merge entity $(bone_bone) {transformation: [-0.9012f,0.0346f,-0.4322f,0f,-0.0486f,0.9824f,0.1801f,1.339f,0.4309f,0.1833f,-0.8836f,0.2145f,0f,0f,0f,1f],start_interpolation: 0,interpolation_duration: 1}
$data merge entity $(bone_l) {transformation: [-0.9008f,-0.033f,-0.4322f,0.0037f,-0.1341f,0.7309f,0.1801f,1.4479f,0.4133f,0.1651f,-0.8836f,0.5248f,0f,0f,0f,1f],start_interpolation: 0,interpolation_duration: 1}
$data merge entity $(bone_r) {transformation: [-0.8948f,0.0848f,-0.4322f,0.2291f,0.0372f,0.7372f,0.1801f,1.4601f,0.4452f,0.1088f,-0.8836f,0.4171f,0f,0f,0f,1f],start_interpolation: 0,interpolation_duration: 1}
$data merge entity $(bone_sad) {transformation: [-0.6023f,0.0296f,-0.4482f,-0.0539f,-0.0325f,0.8385f,0.1868f,1.3651f,0.288f,0.1564f,-0.9163f,0.5185f,0f,0f,0f,1f],start_interpolation: 0,interpolation_duration: 1}
$data merge entity $(bone_head) {transformation: [-0.9012f,0.0346f,-0.4322f,0f,-0.0486f,0.9824f,0.1801f,1.339f,0.4309f,0.1833f,-0.8836f,0.2145f,0f,0f,0f,1f],start_interpolation: 0,interpolation_duration: 1}
$data merge entity $(bone_6) {transformation: [-0.8836f,-0.1141f,-0.4541f,0.2212f,-0.1782f,0.9788f,0.1008f,0.4049f,0.4329f,0.17f,-0.8852f,0.1932f,0f,0f,0f,1f],start_interpolation: 0,interpolation_duration: 1}
$data merge entity $(bone_12) {transformation: [-0.8836f,-0.3544f,-0.3059f,0.0883f,-0.1782f,0.8589f,-0.4801f,0.727f,0.4329f,-0.3697f,-0.8221f,0.0545f,0f,0f,0f,1f],start_interpolation: 0,interpolation_duration: 1}
$data merge entity $(bone_10) {transformation: [-0.9011f,-0.0935f,-0.4234f,-0.0419f,-0.0486f,0.9921f,-0.1156f,1.0297f,0.4308f,-0.0835f,-0.8986f,0.0921f,0f,0f,0f,1f],start_interpolation: 0,interpolation_duration: 1}
$data merge entity $(bone_9) {transformation: [-0.9011f,0.1301f,-0.4136f,0.0069f,-0.0486f,0.9176f,0.3946f,1.3738f,0.4308f,0.3757f,-0.8205f,0.233f,0f,0f,0f,1f],start_interpolation: 0,interpolation_duration: 1}
$data merge entity $(item_display_item_display) {transformation: [-0.4009f,0.5536f,-0.29f,-0.4991f,-0.3134f,0.12f,0.6623f,1.0307f,0.5407f,0.48f,0.1689f,0.7809f,0f,0f,0f,1f],start_interpolation: 0,interpolation_duration: 1}
$data merge entity $(bone_2) {transformation: [0.3866f,0.5862f,0.6979f,-0.5706f,-0.8831f,0.4283f,0.1295f,1.0973f,-0.2252f,-0.6731f,0.6901f,0.397f,0f,0f,0f,1f],start_interpolation: 0,interpolation_duration: 1}
$data merge entity $(bone_1) {transformation: [0.3866f,0.8561f,0.3126f,-0.2744f,-0.8831f,0.4358f,-0.1013f,1.2465f,-0.2252f,-0.2393f,0.9339f,0.3205f,0f,0f,0f,1f],start_interpolation: 0,interpolation_duration: 1}
$data merge entity $(bone_4) {transformation: [-0.7496f,0.3422f,0.5665f,0.5119f,-0.6614f,-0.3546f,-0.6609f,1.0845f,-0.0253f,-0.8701f,0.4922f,0.2052f,0f,0f,0f,1f],start_interpolation: 0,interpolation_duration: 1}
$data merge entity $(bone_3) {transformation: [-0.7674f,-0.596f,0.2363f,0.2884f,-0.5762f,0.4795f,-0.6618f,1.2643f,0.2811f,-0.6441f,-0.7114f,-0.0363f,0f,0f,0f,1f],start_interpolation: 0,interpolation_duration: 1}
$data merge entity $(bone_8) {transformation: [-0.9337f,0.307f,-0.1844f,-0.145f,0.1367f,0.7816f,0.6086f,0.3964f,0.3309f,0.5431f,-0.7717f,0.2549f,0f,0f,0f,1f],start_interpolation: 0,interpolation_duration: 1}
$data merge entity $(bone_7) {transformation: [-0.9337f,0.1171f,-0.3384f,-0.1222f,0.1367f,0.99f,-0.0346f,0.7044f,0.3309f,-0.0786f,-0.9404f,0.1921f,0f,0f,0f,1f],start_interpolation: 0,interpolation_duration: 1}
data modify entity @s data merge value {"cameras":{"camera1":{"px":0.12124999999999976,"py":1.4975,"pz":1.9806249999999999,"ry":168.825625,"rx":0}},"locators":{}}