# This file was generated by Animated Java via MC-Build. It is not recommended to edit this file directly.
$data merge entity $(bone_layer) {transformation: [-0.9044f,0.0314f,-0.4257f,0.002f,-0.0494f,0.9829f,0.1775f,1.3387f,0.424f,0.1815f,-0.8873f,0.2178f,0f,0f,0f,1f],start_interpolation: 0,interpolation_duration: 1}
$data merge entity $(bone_l_1) {transformation: [-0.9044f,0.0314f,-0.4257f,0.0096f,-0.0494f,0.9829f,0.1775f,1.4414f,0.424f,0.1815f,-0.8873f,0.5041f,0f,0f,0f,1f],start_interpolation: 0,interpolation_duration: 1}
$data merge entity $(bone_eye_l) {transformation: [-0.9044f,0.0314f,-0.4257f,-0.002f,-0.0494f,0.9829f,0.1775f,1.3404f,0.424f,0.1815f,-0.8873f,0.2095f,0f,0f,0f,1f],start_interpolation: 0,interpolation_duration: 1}
$data merge entity $(bone_r_1) {transformation: [-0.9044f,0.0314f,-0.4257f,0.2074f,-0.0494f,0.9829f,0.1775f,1.4522f,0.424f,0.1815f,-0.8873f,0.4114f,0f,0f,0f,1f],start_interpolation: 0,interpolation_duration: 1}
$data merge entity $(bone_eye_r) {transformation: [-0.9044f,0.0314f,-0.4257f,0.218f,-0.0494f,0.9829f,0.1775f,1.4265f,0.424f,0.1815f,-0.8873f,0.3941f,0f,0f,0f,1f],start_interpolation: 0,interpolation_duration: 1}
$data merge entity $(bone_eyes_down) {transformation: [-0.9044f,0.0314f,-0.4257f,0.0049f,-0.0494f,0.9829f,0.1775f,1.4309f,0.424f,0.1815f,-0.8873f,0.2349f,0f,0f,0f,1f],start_interpolation: 0,interpolation_duration: 1}
$data merge entity $(bone_eyes_up) {transformation: [-0.9044f,0.0314f,-0.4257f,0.0067f,-0.0494f,0.9829f,0.1775f,1.4964f,0.424f,0.1815f,-0.8873f,0.2464f,0f,0f,0f,1f],start_interpolation: 0,interpolation_duration: 1}
$data merge entity $(bone_bone) {transformation: [-0.9044f,0.0314f,-0.4257f,0.002f,-0.0494f,0.9829f,0.1775f,1.3387f,0.424f,0.1815f,-0.8873f,0.2178f,0f,0f,0f,1f],start_interpolation: 0,interpolation_duration: 1}
$data merge entity $(bone_l) {transformation: [-0.9037f,-0.0357f,-0.4257f,0.0032f,-0.1349f,0.7311f,0.1775f,1.4513f,0.4066f,0.1634f,-0.8873f,0.5285f,0f,0f,0f,1f],start_interpolation: 0,interpolation_duration: 1}
$data merge entity $(bone_r) {transformation: [-0.8982f,0.0826f,-0.4257f,0.2293f,0.0364f,0.7376f,0.1775f,1.4636f,0.4382f,0.1079f,-0.8873f,0.4225f,0f,0f,0f,1f],start_interpolation: 0,interpolation_duration: 1}
$data merge entity $(bone_sad) {transformation: [-0.6083f,0.0269f,-0.4438f,-0.0545f,-0.0332f,0.8431f,0.185f,1.3607f,0.2852f,0.1557f,-0.9251f,0.5205f,0f,0f,0f,1f],start_interpolation: 0,interpolation_duration: 1}
$data merge entity $(bone_head) {transformation: [-0.9044f,0.0314f,-0.4257f,0.002f,-0.0494f,0.9829f,0.1775f,1.3387f,0.424f,0.1815f,-0.8873f,0.2178f,0f,0f,0f,1f],start_interpolation: 0,interpolation_duration: 1}
$data merge entity $(bone_6) {transformation: [-0.8868f,-0.1159f,-0.4474f,0.2237f,-0.179f,0.9786f,0.1014f,0.4048f,0.4261f,0.17f,-0.8886f,0.1973f,0f,0f,0f,1f],start_interpolation: 0,interpolation_duration: 1}
$data merge entity $(bone_12) {transformation: [-0.8868f,-0.352f,-0.2995f,0.0918f,-0.179f,0.8591f,-0.4795f,0.727f,0.4261f,-0.3716f,-0.8249f,0.058f,0f,0f,0f,1f],start_interpolation: 0,interpolation_duration: 1}
$data merge entity $(bone_10) {transformation: [-0.9043f,-0.0933f,-0.4165f,-0.0388f,-0.0494f,0.9921f,-0.1149f,1.0296f,0.424f,-0.0833f,-0.9018f,0.0948f,0f,0f,0f,1f],start_interpolation: 0,interpolation_duration: 1}
$data merge entity $(bone_9) {transformation: [-0.9043f,0.1269f,-0.4075f,0.0088f,-0.0494f,0.9172f,0.3953f,1.3735f,0.424f,0.3776f,-0.8232f,0.2365f,0f,0f,0f,1f],start_interpolation: 0,interpolation_duration: 1}
$data merge entity $(item_display_item_display) {transformation: [-0.414f,0.545f,-0.2879f,-0.5068f,-0.3101f,0.1156f,0.6647f,1.0327f,0.5327f,0.4909f,0.1632f,0.7787f,0f,0f,0f,1f],start_interpolation: 0,interpolation_duration: 1}
$data merge entity $(bone_2) {transformation: [0.3839f,0.6f,0.6876f,-0.5716f,-0.8862f,0.423f,0.1258f,1.0991f,-0.2175f,-0.6643f,0.7011f,0.3936f,0f,0f,0f,1f],start_interpolation: 0,interpolation_duration: 1}
$data merge entity $(bone_1) {transformation: [0.3839f,0.8629f,0.2967f,-0.2731f,-0.8862f,0.4293f,-0.102f,1.2461f,-0.2175f,-0.226f,0.939f,0.3217f,0f,0f,0f,1f],start_interpolation: 0,interpolation_duration: 1}
$data merge entity $(bone_4) {transformation: [-0.7562f,0.3435f,0.5568f,0.513f,-0.6535f,-0.3547f,-0.6687f,1.082f,-0.0322f,-0.8696f,0.4928f,0.2113f,0f,0f,0f,1f],start_interpolation: 0,interpolation_duration: 1}
$data merge entity $(bone_3) {transformation: [-0.7749f,-0.5887f,0.2304f,0.2923f,-0.5672f,0.4865f,-0.6645f,1.2644f,0.2791f,-0.6456f,-0.7109f,-0.0308f,0f,0f,0f,1f],start_interpolation: 0,interpolation_duration: 1}
$data merge entity $(bone_8) {transformation: [-0.9362f,0.3026f,-0.1787f,-0.1429f,0.1361f,0.7811f,0.6094f,0.3961f,0.324f,0.5462f,-0.7725f,0.2563f,0f,0f,0f,1f],start_interpolation: 0,interpolation_duration: 1}
$data merge entity $(bone_7) {transformation: [-0.9362f,0.1174f,-0.3312f,-0.1197f,0.1361f,0.9901f,-0.0339f,0.7041f,0.324f,-0.0768f,-0.9429f,0.1939f,0f,0f,0f,1f],start_interpolation: 0,interpolation_duration: 1}
data modify entity @s data merge value {"cameras":{"camera":{"posx":0.10955468749999979,"posy":1.4936015624999999,"posz":2.000609375,"roty":170.392106875,"rotx":0}},"locators":{}}