# This file was generated by Animated Java via MC-Build. It is not recommended to edit this file directly.
$data merge entity $(bone_layer) {transformation: [-0.9071f,0.0282f,-0.4202f,0.0036f,-0.0501f,0.9834f,0.1743f,1.3385f,0.4182f,0.1791f,-0.8906f,0.2207f,0f,0f,0f,1f],start_interpolation: 0,interpolation_duration: 1}
$data merge entity $(bone_l_1) {transformation: [-0.9071f,0.0282f,-0.4202f,0.0092f,-0.0501f,0.9834f,0.1743f,1.442f,0.4182f,0.1791f,-0.8906f,0.5067f,0f,0f,0f,1f],start_interpolation: 0,interpolation_duration: 1}
$data merge entity $(bone_eye_l) {transformation: [-0.9071f,0.0282f,-0.4202f,-0.0003f,-0.0501f,0.9834f,0.1743f,1.3402f,0.4182f,0.1791f,-0.8906f,0.2123f,0f,0f,0f,1f],start_interpolation: 0,interpolation_duration: 1}
$data merge entity $(bone_r_1) {transformation: [-0.9071f,0.0282f,-0.4202f,0.2076f,-0.0501f,0.9834f,0.1743f,1.4529f,0.4182f,0.1791f,-0.8906f,0.4153f,0f,0f,0f,1f],start_interpolation: 0,interpolation_duration: 1}
$data merge entity $(bone_eye_r) {transformation: [-0.9071f,0.0282f,-0.4202f,0.2184f,-0.0501f,0.9834f,0.1743f,1.4272f,0.4182f,0.1791f,-0.8906f,0.3981f,0f,0f,0f,1f],start_interpolation: 0,interpolation_duration: 1}
$data merge entity $(bone_eyes_down) {transformation: [-0.9071f,0.0282f,-0.4202f,0.0063f,-0.0501f,0.9834f,0.1743f,1.4307f,0.4182f,0.1791f,-0.8906f,0.2375f,0f,0f,0f,1f],start_interpolation: 0,interpolation_duration: 1}
$data merge entity $(bone_eyes_up) {transformation: [-0.9071f,0.0282f,-0.4202f,0.008f,-0.0501f,0.9834f,0.1743f,1.5017f,0.4182f,0.1791f,-0.8906f,0.2498f,0f,0f,0f,1f],start_interpolation: 0,interpolation_duration: 1}
$data merge entity $(bone_bone) {transformation: [-0.9071f,0.0282f,-0.4202f,0.0036f,-0.0501f,0.9834f,0.1743f,1.3385f,0.4182f,0.1791f,-0.8906f,0.2207f,0f,0f,0f,1f],start_interpolation: 0,interpolation_duration: 1}
$data merge entity $(bone_l) {transformation: [-0.9061f,-0.0382f,-0.4202f,0.0027f,-0.1356f,0.7315f,0.1743f,1.456f,0.401f,0.1612f,-0.8906f,0.5318f,0f,0f,0f,1f],start_interpolation: 0,interpolation_duration: 1}
$data merge entity $(bone_r) {transformation: [-0.9012f,0.0804f,-0.4202f,0.2295f,0.0358f,0.738f,0.1743f,1.4685f,0.4322f,0.1065f,-0.8906f,0.4273f,0f,0f,0f,1f],start_interpolation: 0,interpolation_duration: 1}
$data merge entity $(bone_sad) {transformation: [-0.6147f,0.0243f,-0.4403f,-0.0549f,-0.034f,0.8477f,0.1826f,1.3559f,0.2834f,0.1544f,-0.9333f,0.5219f,0f,0f,0f,1f],start_interpolation: 0,interpolation_duration: 1}
$data merge entity $(bone_head) {transformation: [-0.9071f,0.0282f,-0.4202f,0.0036f,-0.0501f,0.9834f,0.1743f,1.3385f,0.4182f,0.1791f,-0.8906f,0.2207f,0f,0f,0f,1f],start_interpolation: 0,interpolation_duration: 1}
$data merge entity $(bone_6) {transformation: [-0.8894f,-0.1174f,-0.4417f,0.2259f,-0.1797f,0.9784f,0.1018f,0.4047f,0.4202f,0.1699f,-0.8914f,0.2008f,0f,0f,0f,1f],start_interpolation: 0,interpolation_duration: 1}
$data merge entity $(bone_12) {transformation: [-0.8894f,-0.3499f,-0.294f,0.0947f,-0.1797f,0.8593f,-0.4789f,0.7269f,0.4202f,-0.3731f,-0.8271f,0.0609f,0f,0f,0f,1f],start_interpolation: 0,interpolation_duration: 1}
$data merge entity $(bone_10) {transformation: [-0.907f,-0.0931f,-0.4107f,-0.0363f,-0.0501f,0.9922f,-0.1143f,1.0295f,0.4181f,-0.0831f,-0.9046f,0.0971f,0f,0f,0f,1f],start_interpolation: 0,interpolation_duration: 1}
$data merge entity $(bone_9) {transformation: [-0.907f,0.1242f,-0.4024f,0.0103f,-0.0501f,0.9169f,0.3959f,1.3733f,0.4181f,0.3793f,-0.8254f,0.2394f,0f,0f,0f,1f],start_interpolation: 0,interpolation_duration: 1}
$data merge entity $(item_display_item_display) {transformation: [-0.4255f,0.537f,-0.2862f,-0.5132f,-0.3074f,0.1117f,0.6666f,1.0343f,0.5252f,0.5004f,0.1583f,0.7768f,0f,0f,0f,1f],start_interpolation: 0,interpolation_duration: 1}
$data merge entity $(bone_2) {transformation: [0.3816f,0.6114f,0.6787f,-0.5724f,-0.8888f,0.4185f,0.1227f,1.1006f,-0.2111f,-0.6566f,0.7102f,0.3907f,0f,0f,0f,1f],start_interpolation: 0,interpolation_duration: 1}
$data merge entity $(bone_1) {transformation: [0.3816f,0.8685f,0.2832f,-0.2721f,-0.8888f,0.4239f,-0.1024f,1.2457f,-0.2111f,-0.2147f,0.9431f,0.3227f,0f,0f,0f,1f],start_interpolation: 0,interpolation_duration: 1}
$data merge entity $(bone_4) {transformation: [-0.7619f,0.3442f,0.5486f,0.5139f,-0.6466f,-0.3547f,-0.6754f,1.0798f,-0.0379f,-0.8693f,0.4928f,0.2164f,0f,0f,0f,1f],start_interpolation: 0,interpolation_duration: 1}
$data merge entity $(bone_3) {transformation: [-0.7812f,-0.5823f,0.2251f,0.2956f,-0.5593f,0.4925f,-0.6668f,1.2645f,0.2774f,-0.6468f,-0.7104f,-0.0262f,0f,0f,0f,1f],start_interpolation: 0,interpolation_duration: 1}
$data merge entity $(bone_8) {transformation: [-0.9383f,0.2989f,-0.1739f,-0.1412f,0.1357f,0.7807f,0.61f,0.3958f,0.3181f,0.5488f,-0.7731f,0.2574f,0f,0f,0f,1f],start_interpolation: 0,interpolation_duration: 1}
$data merge entity $(bone_7) {transformation: [-0.9383f,0.1176f,-0.3252f,-0.1177f,0.1357f,0.9902f,-0.0332f,0.7039f,0.3181f,-0.0753f,-0.9451f,0.1955f,0f,0f,0f,1f],start_interpolation: 0,interpolation_duration: 1}
data modify entity @s data merge value {"cameras":{"camera1":{"px":0.09799999999999984,"py":1.48975,"pz":2.019875,"ry":171.93887999999998,"rx":0}},"locators":{}}