# This file was generated by Animated Java via MC-Build. It is not recommended to edit this file directly.
$data merge entity $(bone_layer) {transformation: [-0.9093f,0.0252f,-0.4156f,0.005f,-0.0507f,0.984f,0.1706f,1.3384f,0.4133f,0.1762f,-0.8934f,0.2231f,0f,0f,0f,1f],start_interpolation: 0,interpolation_duration: 1}
$data merge entity $(bone_l_1) {transformation: [-0.9093f,0.0252f,-0.4156f,0.0088f,-0.0507f,0.984f,0.1706f,1.4427f,0.4133f,0.1762f,-0.8934f,0.5088f,0f,0f,0f,1f],start_interpolation: 0,interpolation_duration: 1}
$data merge entity $(bone_eye_l) {transformation: [-0.9093f,0.0252f,-0.4156f,0.0011f,-0.0507f,0.984f,0.1706f,1.34f,0.4133f,0.1762f,-0.8934f,0.2147f,0f,0f,0f,1f],start_interpolation: 0,interpolation_duration: 1}
$data merge entity $(bone_r_1) {transformation: [-0.9093f,0.0252f,-0.4156f,0.2077f,-0.0507f,0.984f,0.1706f,1.4538f,0.4133f,0.1762f,-0.8934f,0.4184f,0f,0f,0f,1f],start_interpolation: 0,interpolation_duration: 1}
$data merge entity $(bone_eye_r) {transformation: [-0.9093f,0.0252f,-0.4156f,0.2186f,-0.0507f,0.984f,0.1706f,1.428f,0.4133f,0.1762f,-0.8934f,0.4014f,0f,0f,0f,1f],start_interpolation: 0,interpolation_duration: 1}
$data merge entity $(bone_eyes_down) {transformation: [-0.9093f,0.0252f,-0.4156f,0.0074f,-0.0507f,0.984f,0.1706f,1.4306f,0.4133f,0.1762f,-0.8934f,0.2396f,0f,0f,0f,1f],start_interpolation: 0,interpolation_duration: 1}
$data merge entity $(bone_eyes_up) {transformation: [-0.9093f,0.0252f,-0.4156f,0.0091f,-0.0507f,0.984f,0.1706f,1.5081f,0.4133f,0.1762f,-0.8934f,0.2529f,0f,0f,0f,1f],start_interpolation: 0,interpolation_duration: 1}
$data merge entity $(bone_bone) {transformation: [-0.9093f,0.0252f,-0.4156f,0.005f,-0.0507f,0.984f,0.1706f,1.3384f,0.4133f,0.1762f,-0.8934f,0.2231f,0f,0f,0f,1f],start_interpolation: 0,interpolation_duration: 1}
$data merge entity $(bone_l) {transformation: [-0.908f,-0.0406f,-0.4156f,0.0023f,-0.1363f,0.7319f,0.1706f,1.4617f,0.3963f,0.1587f,-0.8934f,0.5347f,0f,0f,0f,1f],start_interpolation: 0,interpolation_duration: 1}
$data merge entity $(bone_r) {transformation: [-0.9037f,0.0783f,-0.4156f,0.2296f,0.0353f,0.7385f,0.1706f,1.4743f,0.427f,0.1046f,-0.8934f,0.4314f,0f,0f,0f,1f],start_interpolation: 0,interpolation_duration: 1}
$data merge entity $(bone_sad) {transformation: [-0.6212f,0.0218f,-0.4377f,-0.0553f,-0.0346f,0.8519f,0.1797f,1.3507f,0.2823f,0.1525f,-0.941f,0.5228f,0f,0f,0f,1f],start_interpolation: 0,interpolation_duration: 1}
$data merge entity $(bone_head) {transformation: [-0.9093f,0.0252f,-0.4156f,0.005f,-0.0507f,0.984f,0.1706f,1.3384f,0.4133f,0.1762f,-0.8934f,0.2231f,0f,0f,0f,1f],start_interpolation: 0,interpolation_duration: 1}
$data merge entity $(bone_6) {transformation: [-0.8916f,-0.1187f,-0.4369f,0.2277f,-0.1803f,0.9783f,0.1021f,0.4046f,0.4153f,0.1698f,-0.8937f,0.2038f,0f,0f,0f,1f],start_interpolation: 0,interpolation_duration: 1}
$data merge entity $(bone_12) {transformation: [-0.8916f,-0.3482f,-0.2894f,0.0971f,-0.1803f,0.8594f,-0.4784f,0.7269f,0.4153f,-0.3744f,-0.829f,0.0634f,0f,0f,0f,1f],start_interpolation: 0,interpolation_duration: 1}
$data merge entity $(bone_10) {transformation: [-0.9092f,-0.093f,-0.4058f,-0.0341f,-0.0507f,0.9922f,-0.1138f,1.0294f,0.4132f,-0.0829f,-0.9068f,0.099f,0f,0f,0f,1f],start_interpolation: 0,interpolation_duration: 1}
$data merge entity $(bone_9) {transformation: [-0.9092f,0.1219f,-0.3981f,0.0116f,-0.0507f,0.9166f,0.3965f,1.3731f,0.4132f,0.3807f,-0.8272f,0.2418f,0f,0f,0f,1f],start_interpolation: 0,interpolation_duration: 1}
$data merge entity $(item_display_item_display) {transformation: [-0.4354f,0.5298f,-0.2846f,-0.5185f,-0.3052f,0.1082f,0.6682f,1.0358f,0.5182f,0.5088f,0.1543f,0.775f,0f,0f,0f,1f],start_interpolation: 0,interpolation_duration: 1}
$data merge entity $(bone_2) {transformation: [0.3795f,0.621f,0.6712f,-0.573f,-0.8909f,0.4146f,0.1202f,1.1019f,-0.2057f,-0.6501f,0.7178f,0.3882f,0f,0f,0f,1f],start_interpolation: 0,interpolation_duration: 1}
$data merge entity $(bone_1) {transformation: [0.3795f,0.873f,0.2718f,-0.2712f,-0.8909f,0.4193f,-0.1028f,1.2453f,-0.2057f,-0.2052f,0.9464f,0.3236f,0f,0f,0f,1f],start_interpolation: 0,interpolation_duration: 1}
$data merge entity $(bone_4) {transformation: [-0.7668f,0.3445f,0.5416f,0.5146f,-0.6404f,-0.3546f,-0.6812f,1.078f,-0.0426f,-0.8693f,0.4925f,0.2206f,0f,0f,0f,1f],start_interpolation: 0,interpolation_duration: 1}
$data merge entity $(bone_3) {transformation: [-0.7865f,-0.5768f,0.2204f,0.2983f,-0.5524f,0.4976f,-0.6688f,1.2646f,0.2761f,-0.6478f,-0.71f,-0.0223f,0f,0f,0f,1f],start_interpolation: 0,interpolation_duration: 1}
$data merge entity $(bone_8) {transformation: [-0.94f,0.2958f,-0.1698f,-0.1397f,0.1353f,0.7803f,0.6106f,0.3956f,0.3131f,0.551f,-0.7735f,0.2584f,0f,0f,0f,1f],start_interpolation: 0,interpolation_duration: 1}
$data merge entity $(bone_7) {transformation: [-0.94f,0.1178f,-0.3201f,-0.1159f,0.1353f,0.9903f,-0.0327f,0.7037f,0.3131f,-0.074f,-0.9468f,0.1968f,0f,0f,0f,1f],start_interpolation: 0,interpolation_duration: 1}
data modify entity @s data merge value {"cameras":{"camera1":{"px":0.08672656249999966,"py":1.4859921875,"pz":2.038328125,"ry":173.446748125,"rx":0}},"locators":{}}