# This file was generated by Animated Java via MC-Build. It is not recommended to edit this file directly.
$data merge entity $(bone_layer) {transformation: [-0.9112f,0.0223f,-0.4116f,0.0062f,-0.0512f,0.9847f,0.1667f,1.3382f,0.4091f,0.173f,-0.896f,0.2251f,0f,0f,0f,1f],start_interpolation: 0,interpolation_duration: 1}
$data merge entity $(bone_l_1) {transformation: [-0.9112f,0.0223f,-0.4116f,0.0084f,-0.0512f,0.9847f,0.1667f,1.4435f,0.4091f,0.173f,-0.896f,0.5105f,0f,0f,0f,1f],start_interpolation: 0,interpolation_duration: 1}
$data merge entity $(bone_eye_l) {transformation: [-0.9112f,0.0223f,-0.4116f,0.0023f,-0.0512f,0.9847f,0.1667f,1.3398f,0.4091f,0.173f,-0.896f,0.2167f,0f,0f,0f,1f],start_interpolation: 0,interpolation_duration: 1}
$data merge entity $(bone_r_1) {transformation: [-0.9112f,0.0223f,-0.4116f,0.2077f,-0.0512f,0.9847f,0.1667f,1.4547f,0.4091f,0.173f,-0.896f,0.421f,0f,0f,0f,1f],start_interpolation: 0,interpolation_duration: 1}
$data merge entity $(bone_eye_r) {transformation: [-0.9112f,0.0223f,-0.4116f,0.2187f,-0.0512f,0.9847f,0.1667f,1.4289f,0.4091f,0.173f,-0.896f,0.4041f,0f,0f,0f,1f],start_interpolation: 0,interpolation_duration: 1}
$data merge entity $(bone_eyes_down) {transformation: [-0.9112f,0.0223f,-0.4116f,0.0083f,-0.0512f,0.9847f,0.1667f,1.4305f,0.4091f,0.173f,-0.896f,0.2413f,0f,0f,0f,1f],start_interpolation: 0,interpolation_duration: 1}
$data merge entity $(bone_eyes_up) {transformation: [-0.9112f,0.0223f,-0.4116f,0.0099f,-0.0512f,0.9847f,0.1667f,1.5153f,0.4091f,0.173f,-0.896f,0.2556f,0f,0f,0f,1f],start_interpolation: 0,interpolation_duration: 1}
$data merge entity $(bone_bone) {transformation: [-0.9112f,0.0223f,-0.4116f,0.0062f,-0.0512f,0.9847f,0.1667f,1.3382f,0.4091f,0.173f,-0.896f,0.2251f,0f,0f,0f,1f],start_interpolation: 0,interpolation_duration: 1}
$data merge entity $(bone_l) {transformation: [-0.9096f,-0.0429f,-0.4116f,0.0018f,-0.1368f,0.7324f,0.1667f,1.468f,0.3925f,0.156f,-0.896f,0.5372f,0f,0f,0f,1f],start_interpolation: 0,interpolation_duration: 1}
$data merge entity $(bone_r) {transformation: [-0.9057f,0.0763f,-0.4116f,0.2296f,0.0348f,0.739f,0.1667f,1.4808f,0.4226f,0.1025f,-0.896f,0.4349f,0f,0f,0f,1f],start_interpolation: 0,interpolation_duration: 1}
$data merge entity $(bone_sad) {transformation: [-0.6278f,0.0194f,-0.4356f,-0.0556f,-0.0353f,0.8558f,0.1764f,1.345f,0.2819f,0.1503f,-0.948f,0.5233f,0f,0f,0f,1f],start_interpolation: 0,interpolation_duration: 1}
$data merge entity $(bone_head) {transformation: [-0.9112f,0.0223f,-0.4116f,0.0062f,-0.0512f,0.9847f,0.1667f,1.3382f,0.4091f,0.173f,-0.896f,0.2251f,0f,0f,0f,1f],start_interpolation: 0,interpolation_duration: 1}
$data merge entity $(bone_6) {transformation: [-0.8934f,-0.1198f,-0.4329f,0.2292f,-0.1808f,0.9782f,0.1024f,0.4045f,0.4112f,0.1697f,-0.8956f,0.2062f,0f,0f,0f,1f],start_interpolation: 0,interpolation_duration: 1}
$data merge entity $(bone_12) {transformation: [-0.8934f,-0.3467f,-0.2855f,0.0992f,-0.1808f,0.8595f,-0.478f,0.7269f,0.4112f,-0.3755f,-0.8306f,0.0654f,0f,0f,0f,1f],start_interpolation: 0,interpolation_duration: 1}
$data merge entity $(bone_10) {transformation: [-0.9111f,-0.0929f,-0.4017f,-0.0323f,-0.0512f,0.9922f,-0.1134f,1.0293f,0.4091f,-0.0827f,-0.9087f,0.1006f,0f,0f,0f,1f],start_interpolation: 0,interpolation_duration: 1}
$data merge entity $(bone_9) {transformation: [-0.9111f,0.12f,-0.3944f,0.0127f,-0.0512f,0.9164f,0.397f,1.373f,0.4091f,0.3819f,-0.8287f,0.2438f,0f,0f,0f,1f],start_interpolation: 0,interpolation_duration: 1}
$data merge entity $(item_display_item_display) {transformation: [-0.4441f,0.5233f,-0.2833f,-0.523f,-0.3033f,0.1051f,0.6695f,1.037f,0.512f,0.5162f,0.1509f,0.7735f,0f,0f,0f,1f],start_interpolation: 0,interpolation_duration: 1}
$data merge entity $(bone_2) {transformation: [0.3777f,0.6289f,0.6648f,-0.5735f,-0.8927f,0.4114f,0.1181f,1.1029f,-0.2012f,-0.6445f,0.724f,0.3861f,0f,0f,0f,1f],start_interpolation: 0,interpolation_duration: 1}
$data merge entity $(bone_1) {transformation: [0.3777f,0.8768f,0.2622f,-0.2705f,-0.8927f,0.4154f,-0.103f,1.2451f,-0.2012f,-0.1971f,0.9491f,0.3243f,0f,0f,0f,1f],start_interpolation: 0,interpolation_duration: 1}
$data merge entity $(bone_4) {transformation: [-0.7711f,0.3444f,0.5356f,0.5151f,-0.6351f,-0.3544f,-0.6864f,1.0764f,-0.0465f,-0.8694f,0.4919f,0.2242f,0f,0f,0f,1f],start_interpolation: 0,interpolation_duration: 1}
$data merge entity $(bone_3) {transformation: [-0.7912f,-0.5721f,0.2162f,0.3006f,-0.5463f,0.502f,-0.6705f,1.2647f,0.2751f,-0.6486f,-0.7097f,-0.019f,0f,0f,0f,1f],start_interpolation: 0,interpolation_duration: 1}
$data merge entity $(bone_8) {transformation: [-0.9415f,0.2933f,-0.1663f,-0.1385f,0.135f,0.7799f,0.6111f,0.3954f,0.3089f,0.5529f,-0.7739f,0.2592f,0f,0f,0f,1f],start_interpolation: 0,interpolation_duration: 1}
$data merge entity $(bone_7) {transformation: [-0.9415f,0.118f,-0.3158f,-0.1145f,0.135f,0.9903f,-0.0322f,0.7035f,0.3089f,-0.073f,-0.9483f,0.1979f,0f,0f,0f,1f],start_interpolation: 0,interpolation_duration: 1}
data modify entity @s data merge value {"cameras":{"camera1":{"px":0.07587499999999969,"py":1.482375,"pz":2.055875,"ry":174.896515,"rx":0}},"locators":{}}