# This file was generated by Animated Java via MC-Build. It is not recommended to edit this file directly.
$data merge entity $(bone_layer) {transformation: [-0.9127f,0.0197f,-0.4083f,0.0072f,-0.0516f,0.9853f,0.1628f,1.3381f,0.4055f,0.1696f,-0.8982f,0.2268f,0f,0f,0f,1f],start_interpolation: 0,interpolation_duration: 1}
$data merge entity $(bone_l_1) {transformation: [-0.9127f,0.0197f,-0.4083f,0.008f,-0.0516f,0.9853f,0.1628f,1.4444f,0.4055f,0.1696f,-0.8982f,0.5118f,0f,0f,0f,1f],start_interpolation: 0,interpolation_duration: 1}
$data merge entity $(bone_eye_l) {transformation: [-0.9127f,0.0197f,-0.4083f,0.0034f,-0.0516f,0.9853f,0.1628f,1.3396f,0.4055f,0.1696f,-0.8982f,0.2184f,0f,0f,0f,1f],start_interpolation: 0,interpolation_duration: 1}
$data merge entity $(bone_r_1) {transformation: [-0.9127f,0.0197f,-0.4083f,0.2076f,-0.0516f,0.9853f,0.1628f,1.4557f,0.4055f,0.1696f,-0.8982f,0.4231f,0f,0f,0f,1f],start_interpolation: 0,interpolation_duration: 1}
$data merge entity $(bone_eye_r) {transformation: [-0.9127f,0.0197f,-0.4083f,0.2188f,-0.0516f,0.9853f,0.1628f,1.4298f,0.4055f,0.1696f,-0.8982f,0.4064f,0f,0f,0f,1f],start_interpolation: 0,interpolation_duration: 1}
$data merge entity $(bone_eyes_down) {transformation: [-0.9127f,0.0197f,-0.4083f,0.009f,-0.0516f,0.9853f,0.1628f,1.4305f,0.4055f,0.1696f,-0.8982f,0.2427f,0f,0f,0f,1f],start_interpolation: 0,interpolation_duration: 1}
$data merge entity $(bone_eyes_up) {transformation: [-0.9127f,0.0197f,-0.4083f,0.0106f,-0.0516f,0.9853f,0.1628f,1.5229f,0.4055f,0.1696f,-0.8982f,0.258f,0f,0f,0f,1f],start_interpolation: 0,interpolation_duration: 1}
$data merge entity $(bone_bone) {transformation: [-0.9127f,0.0197f,-0.4083f,0.0072f,-0.0516f,0.9853f,0.1628f,1.3381f,0.4055f,0.1696f,-0.8982f,0.2268f,0f,0f,0f,1f],start_interpolation: 0,interpolation_duration: 1}
$data merge entity $(bone_l) {transformation: [-0.911f,-0.045f,-0.4083f,0.0014f,-0.1373f,0.7328f,0.1628f,1.4747f,0.3892f,0.1532f,-0.8982f,0.5394f,0f,0f,0f,1f],start_interpolation: 0,interpolation_duration: 1}
$data merge entity $(bone_r) {transformation: [-0.9075f,0.0744f,-0.4083f,0.2296f,0.0345f,0.7395f,0.1628f,1.4876f,0.4188f,0.1002f,-0.8982f,0.4381f,0f,0f,0f,1f],start_interpolation: 0,interpolation_duration: 1}
$data merge entity $(bone_sad) {transformation: [-0.6345f,0.0171f,-0.4338f,-0.0559f,-0.0359f,0.8592f,0.173f,1.3386f,0.2819f,0.1479f,-0.9544f,0.5234f,0f,0f,0f,1f],start_interpolation: 0,interpolation_duration: 1}
$data merge entity $(bone_head) {transformation: [-0.9127f,0.0197f,-0.4083f,0.0072f,-0.0516f,0.9853f,0.1628f,1.3381f,0.4055f,0.1696f,-0.8982f,0.2268f,0f,0f,0f,1f],start_interpolation: 0,interpolation_duration: 1}
$data merge entity $(bone_6) {transformation: [-0.895f,-0.1208f,-0.4294f,0.2305f,-0.1812f,0.9781f,0.1026f,0.4045f,0.4076f,0.1696f,-0.8973f,0.2083f,0f,0f,0f,1f],start_interpolation: 0,interpolation_duration: 1}
$data merge entity $(bone_12) {transformation: [-0.895f,-0.3455f,-0.2822f,0.1009f,-0.1812f,0.8596f,-0.4777f,0.7268f,0.4076f,-0.3764f,-0.832f,0.0672f,0f,0f,0f,1f],start_interpolation: 0,interpolation_duration: 1}
$data merge entity $(bone_10) {transformation: [-0.9126f,-0.0928f,-0.3981f,-0.0308f,-0.0516f,0.9923f,-0.113f,1.0293f,0.4055f,-0.0826f,-0.9104f,0.102f,0f,0f,0f,1f],start_interpolation: 0,interpolation_duration: 1}
$data merge entity $(bone_9) {transformation: [-0.9126f,0.1184f,-0.3913f,0.0136f,-0.0516f,0.9162f,0.3975f,1.3728f,0.4055f,0.3829f,-0.83f,0.2456f,0f,0f,0f,1f],start_interpolation: 0,interpolation_duration: 1}
$data merge entity $(item_display_item_display) {transformation: [-0.4516f,0.5175f,-0.2821f,-0.5267f,-0.3017f,0.1024f,0.6707f,1.038f,0.5063f,0.5225f,0.148f,0.7722f,0f,0f,0f,1f],start_interpolation: 0,interpolation_duration: 1}
$data merge entity $(bone_2) {transformation: [0.3762f,0.6355f,0.6594f,-0.5739f,-0.8942f,0.4085f,0.1164f,1.1038f,-0.1974f,-0.6398f,0.7292f,0.3843f,0f,0f,0f,1f],start_interpolation: 0,interpolation_duration: 1}
$data merge entity $(bone_1) {transformation: [0.3762f,0.8798f,0.254f,-0.2698f,-0.8942f,0.4121f,-0.1031f,1.2448f,-0.1974f,-0.1903f,0.9513f,0.3249f,0f,0f,0f,1f],start_interpolation: 0,interpolation_duration: 1}
$data merge entity $(bone_4) {transformation: [-0.7748f,0.344f,0.5304f,0.5156f,-0.6302f,-0.3541f,-0.6909f,1.075f,-0.0499f,-0.8696f,0.4912f,0.2273f,0f,0f,0f,1f],start_interpolation: 0,interpolation_duration: 1}
$data merge entity $(bone_3) {transformation: [-0.7952f,-0.568f,0.2123f,0.3026f,-0.5408f,0.506f,-0.6719f,1.2648f,0.2742f,-0.6492f,-0.7095f,-0.0162f,0f,0f,0f,1f],start_interpolation: 0,interpolation_duration: 1}
$data merge entity $(bone_8) {transformation: [-0.9427f,0.2911f,-0.1633f,-0.1375f,0.1348f,0.7796f,0.6116f,0.3952f,0.3053f,0.5545f,-0.7741f,0.2599f,0f,0f,0f,1f],start_interpolation: 0,interpolation_duration: 1}
$data merge entity $(bone_7) {transformation: [-0.9427f,0.1182f,-0.3121f,-0.1132f,0.1348f,0.9904f,-0.0318f,0.7034f,0.3053f,-0.0721f,-0.9495f,0.1988f,0f,0f,0f,1f],start_interpolation: 0,interpolation_duration: 1}
data modify entity @s data merge value {"cameras":{"camera1":{"px":0.06558593749999975,"py":1.4789453125,"pz":2.072421875,"ry":176.268984375,"rx":0}},"locators":{}}