# This file was generated by Animated Java via MC-Build. It is not recommended to edit this file directly.
$data merge entity $(bone_layer) {transformation: [-0.9141f,0.0172f,-0.4053f,0.0081f,-0.052f,0.9859f,0.159f,1.338f,0.4024f,0.1664f,-0.9002f,0.2283f,0f,0f,0f,1f],start_interpolation: 0,interpolation_duration: 1}
$data merge entity $(bone_l_1) {transformation: [-0.9141f,0.0172f,-0.4053f,0.0076f,-0.052f,0.9859f,0.159f,1.4453f,0.4024f,0.1664f,-0.9002f,0.513f,0f,0f,0f,1f],start_interpolation: 0,interpolation_duration: 1}
$data merge entity $(bone_eye_l) {transformation: [-0.9141f,0.0172f,-0.4053f,0.0043f,-0.052f,0.9859f,0.159f,1.3395f,0.4024f,0.1664f,-0.9002f,0.2198f,0f,0f,0f,1f],start_interpolation: 0,interpolation_duration: 1}
$data merge entity $(bone_r_1) {transformation: [-0.9141f,0.0172f,-0.4053f,0.2076f,-0.052f,0.9859f,0.159f,1.4566f,0.4024f,0.1664f,-0.9002f,0.425f,0f,0f,0f,1f],start_interpolation: 0,interpolation_duration: 1}
$data merge entity $(bone_eye_r) {transformation: [-0.9141f,0.0172f,-0.4053f,0.2188f,-0.052f,0.9859f,0.159f,1.4307f,0.4024f,0.1664f,-0.9002f,0.4084f,0f,0f,0f,1f],start_interpolation: 0,interpolation_duration: 1}
$data merge entity $(bone_eyes_down) {transformation: [-0.9141f,0.0172f,-0.4053f,0.0097f,-0.052f,0.9859f,0.159f,1.4304f,0.4024f,0.1664f,-0.9002f,0.2439f,0f,0f,0f,1f],start_interpolation: 0,interpolation_duration: 1}
$data merge entity $(bone_eyes_up) {transformation: [-0.9141f,0.0172f,-0.4053f,0.0112f,-0.052f,0.9859f,0.159f,1.5306f,0.4024f,0.1664f,-0.9002f,0.2602f,0f,0f,0f,1f],start_interpolation: 0,interpolation_duration: 1}
$data merge entity $(bone_bone) {transformation: [-0.9141f,0.0172f,-0.4053f,0.0081f,-0.052f,0.9859f,0.159f,1.338f,0.4024f,0.1664f,-0.9002f,0.2283f,0f,0f,0f,1f],start_interpolation: 0,interpolation_duration: 1}
$data merge entity $(bone_l) {transformation: [-0.9121f,-0.0469f,-0.4053f,0.001f,-0.1377f,0.7332f,0.159f,1.4813f,0.3864f,0.1506f,-0.9002f,0.5414f,0f,0f,0f,1f],start_interpolation: 0,interpolation_duration: 1}
$data merge entity $(bone_r) {transformation: [-0.9091f,0.0726f,-0.4053f,0.2295f,0.0342f,0.74f,0.159f,1.4943f,0.4154f,0.098f,-0.9002f,0.4408f,0f,0f,0f,1f],start_interpolation: 0,interpolation_duration: 1}
$data merge entity $(bone_sad) {transformation: [-0.6411f,0.015f,-0.4322f,-0.0562f,-0.0364f,0.862f,0.1695f,1.3314f,0.2822f,0.1455f,-0.96f,0.5233f,0f,0f,0f,1f],start_interpolation: 0,interpolation_duration: 1}
$data merge entity $(bone_head) {transformation: [-0.9141f,0.0172f,-0.4053f,0.0081f,-0.052f,0.9859f,0.159f,1.338f,0.4024f,0.1664f,-0.9002f,0.2283f,0f,0f,0f,1f],start_interpolation: 0,interpolation_duration: 1}
$data merge entity $(bone_6) {transformation: [-0.8963f,-0.1216f,-0.4264f,0.2316f,-0.1816f,0.978f,0.1027f,0.4044f,0.4045f,0.1695f,-0.8987f,0.2102f,0f,0f,0f,1f],start_interpolation: 0,interpolation_duration: 1}
$data merge entity $(bone_12) {transformation: [-0.8963f,-0.3443f,-0.2793f,0.1025f,-0.1816f,0.8597f,-0.4774f,0.7268f,0.4045f,-0.3772f,-0.8331f,0.0688f,0f,0f,0f,1f],start_interpolation: 0,interpolation_duration: 1}
$data merge entity $(bone_10) {transformation: [-0.914f,-0.0927f,-0.395f,-0.0295f,-0.052f,0.9923f,-0.1127f,1.0292f,0.4024f,-0.0825f,-0.9118f,0.1032f,0f,0f,0f,1f],start_interpolation: 0,interpolation_duration: 1}
$data merge entity $(bone_9) {transformation: [-0.914f,0.1169f,-0.3885f,0.0144f,-0.052f,0.9159f,0.3979f,1.3727f,0.4024f,0.3839f,-0.8311f,0.2471f,0f,0f,0f,1f],start_interpolation: 0,interpolation_duration: 1}
$data merge entity $(item_display_item_display) {transformation: [-0.4581f,0.5123f,-0.2811f,-0.5298f,-0.3003f,0.1f,0.6717f,1.039f,0.5013f,0.528f,0.1455f,0.771f,0f,0f,0f,1f],start_interpolation: 0,interpolation_duration: 1}
$data merge entity $(bone_2) {transformation: [0.3748f,0.6411f,0.6547f,-0.5741f,-0.8956f,0.406f,0.115f,1.1046f,-0.194f,-0.6358f,0.7337f,0.3828f,0f,0f,0f,1f],start_interpolation: 0,interpolation_duration: 1}
$data merge entity $(bone_1) {transformation: [0.3748f,0.8824f,0.247f,-0.2693f,-0.8956f,0.4092f,-0.1031f,1.2446f,-0.194f,-0.1844f,0.9531f,0.3254f,0f,0f,0f,1f],start_interpolation: 0,interpolation_duration: 1}
$data merge entity $(bone_4) {transformation: [-0.7781f,0.3436f,0.5258f,0.5159f,-0.6259f,-0.3539f,-0.695f,1.0737f,-0.0528f,-0.8699f,0.4904f,0.2299f,0f,0f,0f,1f],start_interpolation: 0,interpolation_duration: 1}
$data merge entity $(bone_3) {transformation: [-0.7987f,-0.5643f,0.2088f,0.3043f,-0.536f,0.5096f,-0.6731f,1.2648f,0.2735f,-0.6495f,-0.7095f,-0.0137f,0f,0f,0f,1f],start_interpolation: 0,interpolation_duration: 1}
$data merge entity $(bone_8) {transformation: [-0.9437f,0.2891f,-0.1607f,-0.1365f,0.1346f,0.7793f,0.612f,0.395f,0.3022f,0.5559f,-0.7744f,0.2605f,0f,0f,0f,1f],start_interpolation: 0,interpolation_duration: 1}
$data merge entity $(bone_7) {transformation: [-0.9437f,0.1184f,-0.3089f,-0.1121f,0.1346f,0.9904f,-0.0315f,0.7033f,0.3022f,-0.0713f,-0.9506f,0.1996f,0f,0f,0f,1f],start_interpolation: 0,interpolation_duration: 1}
data modify entity @s data merge value {"cameras":{"camera":{"posx":0.05599999999999979,"posy":1.4757500000000001,"posz":2.087875,"roty":177.54496,"rotx":0}},"locators":{}}