# This file was generated by Animated Java via MC-Build. It is not recommended to edit this file directly.
$data merge entity $(bone_layer) {transformation: [-0.9153f,0.0149f,-0.4026f,0.0089f,-0.0523f,0.9864f,0.1555f,1.3379f,0.3995f,0.1634f,-0.9021f,0.2297f,0f,0f,0f,1f],start_interpolation: 0,interpolation_duration: 1}
$data merge entity $(bone_l_1) {transformation: [-0.9153f,0.0149f,-0.4026f,0.0073f,-0.0523f,0.9864f,0.1555f,1.446f,0.3995f,0.1634f,-0.9021f,0.514f,0f,0f,0f,1f],start_interpolation: 0,interpolation_duration: 1}
$data merge entity $(bone_eye_l) {transformation: [-0.9153f,0.0149f,-0.4026f,0.0051f,-0.0523f,0.9864f,0.1555f,1.3393f,0.3995f,0.1634f,-0.9021f,0.2212f,0f,0f,0f,1f],start_interpolation: 0,interpolation_duration: 1}
$data merge entity $(bone_r_1) {transformation: [-0.9153f,0.0149f,-0.4026f,0.2075f,-0.0523f,0.9864f,0.1555f,1.4575f,0.3995f,0.1634f,-0.9021f,0.4266f,0f,0f,0f,1f],start_interpolation: 0,interpolation_duration: 1}
$data merge entity $(bone_eye_r) {transformation: [-0.9153f,0.0149f,-0.4026f,0.2189f,-0.0523f,0.9864f,0.1555f,1.4315f,0.3995f,0.1634f,-0.9021f,0.4102f,0f,0f,0f,1f],start_interpolation: 0,interpolation_duration: 1}
$data merge entity $(bone_eyes_down) {transformation: [-0.9153f,0.0149f,-0.4026f,0.0103f,-0.0523f,0.9864f,0.1555f,1.4304f,0.3995f,0.1634f,-0.9021f,0.245f,0f,0f,0f,1f],start_interpolation: 0,interpolation_duration: 1}
$data merge entity $(bone_eyes_up) {transformation: [-0.9153f,0.0149f,-0.4026f,0.0116f,-0.0523f,0.9864f,0.1555f,1.5378f,0.3995f,0.1634f,-0.9021f,0.2622f,0f,0f,0f,1f],start_interpolation: 0,interpolation_duration: 1}
$data merge entity $(bone_bone) {transformation: [-0.9153f,0.0149f,-0.4026f,0.0089f,-0.0523f,0.9864f,0.1555f,1.3379f,0.3995f,0.1634f,-0.9021f,0.2297f,0f,0f,0f,1f],start_interpolation: 0,interpolation_duration: 1}
$data merge entity $(bone_l) {transformation: [-0.9132f,-0.0487f,-0.4026f,0.0006f,-0.1381f,0.7336f,0.1555f,1.4876f,0.3838f,0.1482f,-0.9021f,0.5432f,0f,0f,0f,1f],start_interpolation: 0,interpolation_duration: 1}
$data merge entity $(bone_r) {transformation: [-0.9106f,0.071f,-0.4026f,0.2294f,0.0339f,0.7404f,0.1555f,1.5007f,0.4122f,0.096f,-0.9021f,0.4434f,0f,0f,0f,1f],start_interpolation: 0,interpolation_duration: 1}
$data merge entity $(bone_sad) {transformation: [-0.6474f,0.0131f,-0.4306f,-0.0564f,-0.037f,0.8641f,0.1663f,1.3233f,0.2826f,0.1431f,-0.9648f,0.523f,0f,0f,0f,1f],start_interpolation: 0,interpolation_duration: 1}
$data merge entity $(bone_head) {transformation: [-0.9153f,0.0149f,-0.4026f,0.0089f,-0.0523f,0.9864f,0.1555f,1.3379f,0.3995f,0.1634f,-0.9021f,0.2297f,0f,0f,0f,1f],start_interpolation: 0,interpolation_duration: 1}
$data merge entity $(bone_6) {transformation: [-0.8976f,-0.1224f,-0.4235f,0.2327f,-0.1819f,0.9779f,0.1029f,0.4043f,0.4016f,0.1694f,-0.9f,0.2119f,0f,0f,0f,1f],start_interpolation: 0,interpolation_duration: 1}
$data merge entity $(bone_12) {transformation: [-0.8976f,-0.3433f,-0.2766f,0.1039f,-0.1819f,0.8598f,-0.4771f,0.7268f,0.4016f,-0.3779f,-0.8342f,0.0702f,0f,0f,0f,1f],start_interpolation: 0,interpolation_duration: 1}
$data merge entity $(bone_10) {transformation: [-0.9153f,-0.0927f,-0.3921f,-0.0282f,-0.0523f,0.9923f,-0.1124f,1.0292f,0.3995f,-0.0824f,-0.913f,0.1043f,0f,0f,0f,1f],start_interpolation: 0,interpolation_duration: 1}
$data merge entity $(bone_9) {transformation: [-0.9153f,0.1156f,-0.3859f,0.0151f,-0.0523f,0.9158f,0.3983f,1.3726f,0.3995f,0.3848f,-0.8321f,0.2486f,0f,0f,0f,1f],start_interpolation: 0,interpolation_duration: 1}
$data merge entity $(item_display_item_display) {transformation: [-0.4637f,0.5078f,-0.2801f,-0.5326f,-0.2989f,0.0981f,0.6726f,1.04f,0.4969f,0.5328f,0.1432f,0.77f,0f,0f,0f,1f],start_interpolation: 0,interpolation_duration: 1}
$data merge entity $(bone_2) {transformation: [0.3735f,0.6461f,0.6505f,-0.5744f,-0.8968f,0.4037f,0.1139f,1.1053f,-0.1909f,-0.6322f,0.7375f,0.3815f,0f,0f,0f,1f],start_interpolation: 0,interpolation_duration: 1}
$data merge entity $(bone_1) {transformation: [0.3735f,0.8847f,0.2408f,-0.2687f,-0.8968f,0.4066f,-0.103f,1.2444f,-0.1909f,-0.1792f,0.9547f,0.3259f,0f,0f,0f,1f],start_interpolation: 0,interpolation_duration: 1}
$data merge entity $(bone_4) {transformation: [-0.7812f,0.3433f,0.5214f,0.5162f,-0.6218f,-0.3536f,-0.6988f,1.0725f,-0.0555f,-0.8701f,0.4897f,0.2322f,0f,0f,0f,1f],start_interpolation: 0,interpolation_duration: 1}
$data merge entity $(bone_3) {transformation: [-0.8019f,-0.561f,0.2054f,0.3059f,-0.5315f,0.513f,-0.674f,1.2649f,0.2728f,-0.6497f,-0.7096f,-0.0114f,0f,0f,0f,1f],start_interpolation: 0,interpolation_duration: 1}
$data merge entity $(bone_8) {transformation: [-0.9447f,0.2874f,-0.1582f,-0.1357f,0.1344f,0.779f,0.6124f,0.3949f,0.2993f,0.5572f,-0.7746f,0.261f,0f,0f,0f,1f],start_interpolation: 0,interpolation_duration: 1}
$data merge entity $(bone_7) {transformation: [-0.9447f,0.1186f,-0.3059f,-0.1111f,0.1344f,0.9904f,-0.0311f,0.7032f,0.2993f,-0.0705f,-0.9516f,0.2003f,0f,0f,0f,1f],start_interpolation: 0,interpolation_duration: 1}
data modify entity @s data merge value {"cameras":{"camera1":{"px":0.04725781249999982,"py":1.4728359375,"pz":2.1021406249999997,"ry":178.705245625,"rx":0}},"locators":{}}