# This file was generated by Animated Java via MC-Build. It is not recommended to edit this file directly.
$data merge entity $(bone_layer) {transformation: [-0.9165f,0.013f,-0.4f,0.0096f,-0.0526f,0.9869f,0.1526f,1.3378f,0.3967f,0.1609f,-0.9037f,0.231f,0f,0f,0f,1f],start_interpolation: 0,interpolation_duration: 1}
$data merge entity $(bone_l_1) {transformation: [-0.9165f,0.013f,-0.4f,0.007f,-0.0526f,0.9869f,0.1526f,1.4466f,0.3967f,0.1609f,-0.9037f,0.5151f,0f,0f,0f,1f],start_interpolation: 0,interpolation_duration: 1}
$data merge entity $(bone_eye_l) {transformation: [-0.9165f,0.013f,-0.4f,0.0059f,-0.0526f,0.9869f,0.1526f,1.3392f,0.3967f,0.1609f,-0.9037f,0.2225f,0f,0f,0f,1f],start_interpolation: 0,interpolation_duration: 1}
$data merge entity $(bone_r_1) {transformation: [-0.9165f,0.013f,-0.4f,0.2075f,-0.0526f,0.9869f,0.1526f,1.4582f,0.3967f,0.1609f,-0.9037f,0.4283f,0f,0f,0f,1f],start_interpolation: 0,interpolation_duration: 1}
$data merge entity $(bone_eye_r) {transformation: [-0.9165f,0.013f,-0.4f,0.2189f,-0.0526f,0.9869f,0.1526f,1.4322f,0.3967f,0.1609f,-0.9037f,0.4119f,0f,0f,0f,1f],start_interpolation: 0,interpolation_duration: 1}
$data merge entity $(bone_eyes_down) {transformation: [-0.9165f,0.013f,-0.4f,0.0109f,-0.0526f,0.9869f,0.1526f,1.4303f,0.3967f,0.1609f,-0.9037f,0.2461f,0f,0f,0f,1f],start_interpolation: 0,interpolation_duration: 1}
$data merge entity $(bone_eyes_up) {transformation: [-0.9165f,0.013f,-0.4f,0.0121f,-0.0526f,0.9869f,0.1526f,1.5444f,0.3967f,0.1609f,-0.9037f,0.2641f,0f,0f,0f,1f],start_interpolation: 0,interpolation_duration: 1}
$data merge entity $(bone_bone) {transformation: [-0.9165f,0.013f,-0.4f,0.0096f,-0.0526f,0.9869f,0.1526f,1.3378f,0.3967f,0.1609f,-0.9037f,0.231f,0f,0f,0f,1f],start_interpolation: 0,interpolation_duration: 1}
$data merge entity $(bone_l) {transformation: [-0.9142f,-0.0502f,-0.4f,0.0002f,-0.1385f,0.7339f,0.1526f,1.4932f,0.3812f,0.1462f,-0.9037f,0.545f,0f,0f,0f,1f],start_interpolation: 0,interpolation_duration: 1}
$data merge entity $(bone_r) {transformation: [-0.9119f,0.0696f,-0.4f,0.2293f,0.0336f,0.7408f,0.1526f,1.5064f,0.4092f,0.0943f,-0.9037f,0.4458f,0f,0f,0f,1f],start_interpolation: 0,interpolation_duration: 1}
$data merge entity $(bone_sad) {transformation: [-0.6536f,0.0114f,-0.4288f,-0.0566f,-0.0375f,0.8655f,0.1636f,1.3142f,0.2829f,0.1411f,-0.9688f,0.5226f,0f,0f,0f,1f],start_interpolation: 0,interpolation_duration: 1}
$data merge entity $(bone_head) {transformation: [-0.9165f,0.013f,-0.4f,0.0096f,-0.0526f,0.9869f,0.1526f,1.3378f,0.3967f,0.1609f,-0.9037f,0.231f,0f,0f,0f,1f],start_interpolation: 0,interpolation_duration: 1}
$data merge entity $(bone_6) {transformation: [-0.8987f,-0.1232f,-0.4208f,0.2337f,-0.1822f,0.9778f,0.103f,0.4043f,0.3988f,0.1692f,-0.9013f,0.2135f,0f,0f,0f,1f],start_interpolation: 0,interpolation_duration: 1}
$data merge entity $(bone_12) {transformation: [-0.8987f,-0.3424f,-0.274f,0.1053f,-0.1822f,0.8599f,-0.4768f,0.7268f,0.3988f,-0.3786f,-0.8352f,0.0715f,0f,0f,0f,1f],start_interpolation: 0,interpolation_duration: 1}
$data merge entity $(bone_10) {transformation: [-0.9164f,-0.0926f,-0.3893f,-0.027f,-0.0526f,0.9923f,-0.1121f,1.0291f,0.3967f,-0.0823f,-0.9143f,0.1053f,0f,0f,0f,1f],start_interpolation: 0,interpolation_duration: 1}
$data merge entity $(bone_9) {transformation: [-0.9164f,0.1143f,-0.3835f,0.0158f,-0.0526f,0.9156f,0.3987f,1.3725f,0.3967f,0.3856f,-0.833f,0.2499f,0f,0f,0f,1f],start_interpolation: 0,interpolation_duration: 1}
$data merge entity $(item_display_item_display) {transformation: [-0.4686f,0.5038f,-0.2792f,-0.5351f,-0.2975f,0.0965f,0.6734f,1.0409f,0.4932f,0.5369f,0.141f,0.7691f,0f,0f,0f,1f],start_interpolation: 0,interpolation_duration: 1}
$data merge entity $(bone_2) {transformation: [0.3722f,0.6507f,0.6467f,-0.5745f,-0.8979f,0.4014f,0.113f,1.1059f,-0.1879f,-0.629f,0.7411f,0.3803f,0f,0f,0f,1f],start_interpolation: 0,interpolation_duration: 1}
$data merge entity $(bone_1) {transformation: [0.3722f,0.8868f,0.235f,-0.2682f,-0.8979f,0.4041f,-0.1027f,1.2442f,-0.1879f,-0.1745f,0.9562f,0.3263f,0f,0f,0f,1f],start_interpolation: 0,interpolation_duration: 1}
$data merge entity $(bone_4) {transformation: [-0.7842f,0.3431f,0.5171f,0.5166f,-0.6178f,-0.3534f,-0.7024f,1.0712f,-0.0583f,-0.8703f,0.4891f,0.2344f,0f,0f,0f,1f],start_interpolation: 0,interpolation_duration: 1}
$data merge entity $(bone_3) {transformation: [-0.805f,-0.5579f,0.202f,0.3074f,-0.5273f,0.5166f,-0.6747f,1.2649f,0.272f,-0.6496f,-0.71f,-0.0092f,0f,0f,0f,1f],start_interpolation: 0,interpolation_duration: 1}
$data merge entity $(bone_8) {transformation: [-0.9456f,0.2857f,-0.1559f,-0.1349f,0.1343f,0.7788f,0.6128f,0.3948f,0.2965f,0.5585f,-0.7747f,0.2616f,0f,0f,0f,1f],start_interpolation: 0,interpolation_duration: 1}
$data merge entity $(bone_7) {transformation: [-0.9456f,0.1188f,-0.303f,-0.1101f,0.1343f,0.9905f,-0.0308f,0.703f,0.2965f,-0.0698f,-0.9525f,0.2011f,0f,0f,0f,1f],start_interpolation: 0,interpolation_duration: 1}
data modify entity @s data merge value {"cameras":{"camera1":{"px":0.039499999999999695,"py":1.47025,"pz":2.115125,"ry":179.730645,"rx":0}},"locators":{}}