# This file was generated by Animated Java via MC-Build. It is not recommended to edit this file directly.
$data merge entity $(bone_layer) {transformation: [-0.9177f,0.0113f,-0.3972f,0.0104f,-0.053f,0.9872f,0.1504f,1.3377f,0.3939f,0.1591f,-0.9053f,0.2323f,0f,0f,0f,1f],start_interpolation: 0,interpolation_duration: 1}
$data merge entity $(bone_l_1) {transformation: [-0.9177f,0.0113f,-0.3972f,0.0067f,-0.053f,0.9872f,0.1504f,1.4471f,0.3939f,0.1591f,-0.9053f,0.5162f,0f,0f,0f,1f],start_interpolation: 0,interpolation_duration: 1}
$data merge entity $(bone_eye_l) {transformation: [-0.9177f,0.0113f,-0.3972f,0.0067f,-0.053f,0.9872f,0.1504f,1.3391f,0.3939f,0.1591f,-0.9053f,0.2238f,0f,0f,0f,1f],start_interpolation: 0,interpolation_duration: 1}
$data merge entity $(bone_r_1) {transformation: [-0.9177f,0.0113f,-0.3972f,0.2075f,-0.053f,0.9872f,0.1504f,1.4587f,0.3939f,0.1591f,-0.9053f,0.43f,0f,0f,0f,1f],start_interpolation: 0,interpolation_duration: 1}
$data merge entity $(bone_eye_r) {transformation: [-0.9177f,0.0113f,-0.3972f,0.219f,-0.053f,0.9872f,0.1504f,1.4327f,0.3939f,0.1591f,-0.9053f,0.4138f,0f,0f,0f,1f],start_interpolation: 0,interpolation_duration: 1}
$data merge entity $(bone_eyes_down) {transformation: [-0.9177f,0.0113f,-0.3972f,0.0115f,-0.053f,0.9872f,0.1504f,1.4302f,0.3939f,0.1591f,-0.9053f,0.2472f,0f,0f,0f,1f],start_interpolation: 0,interpolation_duration: 1}
$data merge entity $(bone_eyes_up) {transformation: [-0.9177f,0.0113f,-0.3972f,0.0126f,-0.053f,0.9872f,0.1504f,1.5498f,0.3939f,0.1591f,-0.9053f,0.2659f,0f,0f,0f,1f],start_interpolation: 0,interpolation_duration: 1}
$data merge entity $(bone_bone) {transformation: [-0.9177f,0.0113f,-0.3972f,0.0104f,-0.053f,0.9872f,0.1504f,1.3377f,0.3939f,0.1591f,-0.9053f,0.2323f,0f,0f,0f,1f],start_interpolation: 0,interpolation_duration: 1}
$data merge entity $(bone_l) {transformation: [-0.9152f,-0.0516f,-0.3972f,-0.0002f,-0.1388f,0.7341f,0.1504f,1.4978f,0.3785f,0.1446f,-0.9053f,0.5466f,0f,0f,0f,1f],start_interpolation: 0,interpolation_duration: 1}
$data merge entity $(bone_r) {transformation: [-0.9133f,0.0684f,-0.3972f,0.2293f,0.0333f,0.741f,0.1504f,1.511f,0.4062f,0.0931f,-0.9053f,0.4482f,0f,0f,0f,1f],start_interpolation: 0,interpolation_duration: 1}
$data merge entity $(bone_sad) {transformation: [-0.6593f,0.0099f,-0.4264f,-0.0568f,-0.0381f,0.8661f,0.1615f,1.304f,0.2829f,0.1395f,-0.9719f,0.522f,0f,0f,0f,1f],start_interpolation: 0,interpolation_duration: 1}
$data merge entity $(bone_head) {transformation: [-0.9177f,0.0113f,-0.3972f,0.0104f,-0.053f,0.9872f,0.1504f,1.3377f,0.3939f,0.1591f,-0.9053f,0.2323f,0f,0f,0f,1f],start_interpolation: 0,interpolation_duration: 1}
$data merge entity $(bone_6) {transformation: [-0.8999f,-0.1239f,-0.418f,0.2347f,-0.1826f,0.9778f,0.1031f,0.4042f,0.396f,0.1691f,-0.9026f,0.2152f,0f,0f,0f,1f],start_interpolation: 0,interpolation_duration: 1}
$data merge entity $(bone_12) {transformation: [-0.8999f,-0.3413f,-0.2713f,0.1067f,-0.1826f,0.86f,-0.4765f,0.7267f,0.396f,-0.3793f,-0.8363f,0.0729f,0f,0f,0f,1f],start_interpolation: 0,interpolation_duration: 1}
$data merge entity $(bone_10) {transformation: [-0.9177f,-0.0925f,-0.3865f,-0.0258f,-0.053f,0.9923f,-0.1118f,1.0291f,0.3938f,-0.0821f,-0.9155f,0.1064f,0f,0f,0f,1f],start_interpolation: 0,interpolation_duration: 1}
$data merge entity $(bone_9) {transformation: [-0.9177f,0.113f,-0.381f,0.0166f,-0.053f,0.9154f,0.3992f,1.3724f,0.3938f,0.3865f,-0.834f,0.2513f,0f,0f,0f,1f],start_interpolation: 0,interpolation_duration: 1}
$data merge entity $(item_display_item_display) {transformation: [-0.473f,0.5002f,-0.2782f,-0.5376f,-0.2959f,0.0952f,0.6743f,1.0419f,0.49f,0.5404f,0.1387f,0.7683f,0f,0f,0f,1f],start_interpolation: 0,interpolation_duration: 1}
$data merge entity $(bone_2) {transformation: [0.3709f,0.6552f,0.6429f,-0.5747f,-0.8991f,0.399f,0.1121f,1.1066f,-0.1849f,-0.6258f,0.7445f,0.3792f,0f,0f,0f,1f],start_interpolation: 0,interpolation_duration: 1}
$data merge entity $(bone_1) {transformation: [0.3709f,0.8888f,0.2293f,-0.2677f,-0.8991f,0.4016f,-0.1023f,1.244f,-0.1849f,-0.1699f,0.9576f,0.3268f,0f,0f,0f,1f],start_interpolation: 0,interpolation_duration: 1}
$data merge entity $(bone_4) {transformation: [-0.7871f,0.3432f,0.5125f,0.5169f,-0.6138f,-0.3533f,-0.706f,1.0698f,-0.0613f,-0.8703f,0.4888f,0.2365f,0f,0f,0f,1f],start_interpolation: 0,interpolation_duration: 1}
$data merge entity $(bone_3) {transformation: [-0.808f,-0.5547f,0.1986f,0.3089f,-0.5231f,0.5203f,-0.675f,1.265f,0.2711f,-0.6493f,-0.7106f,-0.007f,0f,0f,0f,1f],start_interpolation: 0,interpolation_duration: 1}
$data merge entity $(bone_8) {transformation: [-0.9465f,0.284f,-0.1534f,-0.1341f,0.1342f,0.7785f,0.6132f,0.3946f,0.2936f,0.5598f,-0.7749f,0.2621f,0f,0f,0f,1f],start_interpolation: 0,interpolation_duration: 1}
$data merge entity $(bone_7) {transformation: [-0.9465f,0.119f,-0.3001f,-0.1091f,0.1342f,0.9905f,-0.0305f,0.7029f,0.2936f,-0.0691f,-0.9534f,0.2018f,0f,0f,0f,1f],start_interpolation: 0,interpolation_duration: 1}
data modify entity @s data merge value {"cameras":{"camera":{"posx":0.03286718749999974,"posy":1.4680390625,"posz":2.126734375,"roty":180.601961875,"rotx":0}},"locators":{}}