# This file was generated by Animated Java via MC-Build. It is not recommended to edit this file directly.
$data merge entity $(bone_layer) {transformation: [-0.5392f,0.034f,-0.8416f,-0.0589f,-0.002f,0.9991f,0.0416f,1.3094f,0.8423f,0.0242f,-0.5386f,0.0173f,0f,0f,0f,1f],start_interpolation: 0,interpolation_duration: 1}
$data merge entity $(bone_l_1) {transformation: [-0.5392f,0.034f,-0.8416f,0.0885f,-0.002f,0.9991f,0.0416f,1.4522f,0.8423f,0.0242f,-0.5386f,0.2419f,0f,0f,0f,1f],start_interpolation: 0,interpolation_duration: 1}
$data merge entity $(bone_eye_l) {transformation: [-0.5392f,0.034f,-0.8416f,-0.0668f,-0.002f,0.9991f,0.0416f,1.3098f,0.8423f,0.0242f,-0.5386f,0.0122f,0f,0f,0f,1f],start_interpolation: 0,interpolation_duration: 1}
$data merge entity $(bone_r_1) {transformation: [-0.5392f,0.034f,-0.8416f,0.2064f,-0.002f,0.9991f,0.0416f,1.4527f,0.8423f,0.0242f,-0.5386f,0.0576f,0f,0f,0f,1f],start_interpolation: 0,interpolation_duration: 1}
$data merge entity $(bone_eye_r) {transformation: [-0.5392f,0.034f,-0.8416f,0.2086f,-0.002f,0.9991f,0.0416f,1.4249f,0.8423f,0.0242f,-0.5386f,0.0404f,0f,0f,0f,1f],start_interpolation: 0,interpolation_duration: 1}
$data merge entity $(bone_eyes_down) {transformation: [-0.5392f,0.034f,-0.8416f,-0.0558f,-0.002f,0.9991f,0.0416f,1.4031f,0.8423f,0.0242f,-0.5386f,0.0196f,0f,0f,0f,1f],start_interpolation: 0,interpolation_duration: 1}
$data merge entity $(bone_eyes_up) {transformation: [-0.5392f,0.034f,-0.8416f,-0.0528f,-0.002f,0.9991f,0.0416f,1.5045f,0.8423f,0.0242f,-0.5386f,0.0217f,0f,0f,0f,1f],start_interpolation: 0,interpolation_duration: 1}
$data merge entity $(bone_bone) {transformation: [-0.5392f,0.034f,-0.8416f,-0.0589f,-0.002f,0.9991f,0.0416f,1.3094f,0.8423f,0.0242f,-0.5386f,0.0173f,0f,0f,0f,1f],start_interpolation: 0,interpolation_duration: 1}
$data merge entity $(bone_l) {transformation: [-0.5392f,0.0255f,-0.8416f,0.0959f,-0.002f,0.7493f,0.0416f,1.4916f,0.8423f,0.0181f,-0.5386f,0.2653f,0f,0f,0f,1f],start_interpolation: 0,interpolation_duration: 1}
$data merge entity $(bone_r) {transformation: [-0.5392f,0.0255f,-0.8416f,0.2307f,-0.002f,0.7493f,0.0416f,1.4921f,0.8423f,0.0181f,-0.5386f,0.0547f,0f,0f,0f,1f],start_interpolation: 0,interpolation_duration: 1}
$data merge entity $(bone_sad) {transformation: [-0.863f,0.0112f,-0.8756f,0.06f,-0.0033f,0.3309f,0.0433f,1.4288f,1.3482f,0.008f,-0.5604f,0.2874f,0f,0f,0f,1f],start_interpolation: 0,interpolation_duration: 1}
$data merge entity $(bone_head) {transformation: [-0.5392f,0.034f,-0.8416f,-0.0589f,-0.002f,0.9991f,0.0416f,1.3094f,0.8423f,0.0242f,-0.5386f,0.0173f,0f,0f,0f,1f],start_interpolation: 0,interpolation_duration: 1}
$data merge entity $(bone_6) {transformation: [-0.5364f,0.091f,-0.8391f,0.0221f,-0.1325f,0.9727f,0.1902f,0.3636f,0.8335f,0.2132f,-0.5097f,-0.1268f,0f,0f,0f,1f],start_interpolation: 0,interpolation_duration: 1}
$data merge entity $(bone_12) {transformation: [-0.5364f,-0.4069f,-0.7395f,-0.1304f,-0.1325f,0.9059f,-0.4023f,0.7033f,0.8335f,-0.1178f,-0.5398f,-0.1709f,0f,0f,0f,1f],start_interpolation: 0,interpolation_duration: 1}
$data merge entity $(bone_10) {transformation: [-0.5391f,-0.0225f,-0.8419f,-0.1903f,-0.002f,0.9997f,-0.0254f,1.0129f,0.8422f,-0.012f,-0.539f,-0.0675f,0f,0f,0f,1f],start_interpolation: 0,interpolation_duration: 1}
$data merge entity $(bone_9) {transformation: [-0.5391f,0.4014f,-0.7405f,-0.0398f,-0.002f,0.8785f,0.4777f,1.3423f,0.8422f,0.259f,-0.4728f,0.0296f,0f,0f,0f,1f],start_interpolation: 0,interpolation_duration: 1}
$data merge entity $(item_display_item_display) {transformation: [0.2993f,0.6636f,-0.146f,0.0931f,-0.5145f,0.3256f,0.425f,0.9184f,0.4439f,-0.0701f,0.5911f,0.5613f,0f,0f,0f,1f],start_interpolation: 0,interpolation_duration: 1}
$data merge entity $(bone_2) {transformation: [0.1947f,-0.3995f,0.8846f,-0.2832f,-0.5666f,0.6858f,0.4344f,0.9541f,-0.7881f,-0.5918f,-0.0938f,0.4426f,0f,0f,0f,1f],start_interpolation: 0,interpolation_duration: 1}
$data merge entity $(bone_1) {transformation: [0.1947f,0.0961f,0.9659f,-0.2441f,-0.5666f,0.8111f,0.0335f,1.2331f,-0.7881f,-0.5594f,0.2146f,0.2517f,0f,0f,0f,1f],start_interpolation: 0,interpolation_duration: 1}
$data merge entity $(bone_4) {transformation: [-0.4423f,-0.8123f,0.3801f,0.3314f,-0.4773f,-0.1456f,-0.8666f,1.0005f,0.7593f,-0.5647f,-0.3234f,-0.3035f,0f,0f,0f,1f],start_interpolation: 0,interpolation_duration: 1}
$data merge entity $(bone_3) {transformation: [-0.4423f,-0.7801f,-0.4425f,0.0389f,-0.4773f,0.6225f,-0.6202f,1.2339f,0.7593f,-0.0631f,-0.6477f,-0.3272f,0f,0f,0f,1f],start_interpolation: 0,interpolation_duration: 1}
$data merge entity $(bone_8) {transformation: [-0.6002f,0.6252f,-0.4988f,-0.2557f,0.1925f,0.7182f,0.6686f,0.3811f,0.7763f,0.3054f,-0.5514f,0.1198f,0f,0f,0f,1f],start_interpolation: 0,interpolation_duration: 1}
$data merge entity $(bone_7) {transformation: [-0.6002f,0.1585f,-0.784f,-0.238f,0.1925f,0.98f,0.0507f,0.6894f,0.7763f,-0.1204f,-0.6187f,0.057f,0f,0f,0f,1f],start_interpolation: 0,interpolation_duration: 1}
data modify entity @s data merge value {"cameras":{"camera":{"posx":0.20177685950413204,"posy":1.471310105184072,"posz":1.5683734034560481,"roty":166.453115,"rotx":0}},"locators":{}}