# This file was generated by Animated Java via MC-Build. It is not recommended to edit this file directly.
$data merge entity $(bone_layer) {transformation: [-0.9194f,0.0094f,-0.3935f,0.0115f,-0.0534f,0.9875f,0.1484f,1.3375f,0.39f,0.1574f,-0.9073f,0.2341f,0f,0f,0f,1f],start_interpolation: 0,interpolation_duration: 1}
$data merge entity $(bone_l_1) {transformation: [-0.9194f,0.0094f,-0.3935f,0.0064f,-0.0534f,0.9875f,0.1484f,1.4474f,0.39f,0.1574f,-0.9073f,0.5178f,0f,0f,0f,1f],start_interpolation: 0,interpolation_duration: 1}
$data merge entity $(bone_eye_l) {transformation: [-0.9194f,0.0094f,-0.3935f,0.0078f,-0.0534f,0.9875f,0.1484f,1.3389f,0.39f,0.1574f,-0.9073f,0.2256f,0f,0f,0f,1f],start_interpolation: 0,interpolation_duration: 1}
$data merge entity $(bone_r_1) {transformation: [-0.9194f,0.0094f,-0.3935f,0.2075f,-0.0534f,0.9875f,0.1484f,1.4591f,0.39f,0.1574f,-0.9073f,0.4325f,0f,0f,0f,1f],start_interpolation: 0,interpolation_duration: 1}
$data merge entity $(bone_eye_r) {transformation: [-0.9194f,0.0094f,-0.3935f,0.2192f,-0.0534f,0.9875f,0.1484f,1.4331f,0.39f,0.1574f,-0.9073f,0.4163f,0f,0f,0f,1f],start_interpolation: 0,interpolation_duration: 1}
$data merge entity $(bone_eyes_down) {transformation: [-0.9194f,0.0094f,-0.3935f,0.0124f,-0.0534f,0.9875f,0.1484f,1.4301f,0.39f,0.1574f,-0.9073f,0.2489f,0f,0f,0f,1f],start_interpolation: 0,interpolation_duration: 1}
$data merge entity $(bone_eyes_up) {transformation: [-0.9194f,0.0094f,-0.3935f,0.0133f,-0.0534f,0.9875f,0.1484f,1.5536f,0.39f,0.1574f,-0.9073f,0.268f,0f,0f,0f,1f],start_interpolation: 0,interpolation_duration: 1}
$data merge entity $(bone_bone) {transformation: [-0.9194f,0.0094f,-0.3935f,0.0115f,-0.0534f,0.9875f,0.1484f,1.3375f,0.39f,0.1574f,-0.9073f,0.2341f,0f,0f,0f,1f],start_interpolation: 0,interpolation_duration: 1}
$data merge entity $(bone_l) {transformation: [-0.9167f,-0.0531f,-0.3935f,-0.0006f,-0.1393f,0.7343f,0.1484f,1.5011f,0.3748f,0.1431f,-0.9073f,0.5486f,0f,0f,0f,1f],start_interpolation: 0,interpolation_duration: 1}
$data merge entity $(bone_r) {transformation: [-0.915f,0.0671f,-0.3935f,0.2292f,0.0328f,0.7413f,0.1484f,1.5145f,0.4023f,0.0921f,-0.9073f,0.4511f,0f,0f,0f,1f],start_interpolation: 0,interpolation_duration: 1}
$data merge entity $(bone_sad) {transformation: [-0.6683f,0.0082f,-0.4224f,-0.0571f,-0.0388f,0.8643f,0.1593f,1.28f,0.2835f,0.1378f,-0.9739f,0.5197f,0f,0f,0f,1f],start_interpolation: 0,interpolation_duration: 1}
$data merge entity $(bone_head) {transformation: [-0.9194f,0.0094f,-0.3935f,0.0115f,-0.0534f,0.9875f,0.1484f,1.3375f,0.39f,0.1574f,-0.9073f,0.2341f,0f,0f,0f,1f],start_interpolation: 0,interpolation_duration: 1}
$data merge entity $(bone_6) {transformation: [-0.9012f,-0.1259f,-0.4146f,0.2363f,-0.1837f,0.9776f,0.1024f,0.4042f,0.3924f,0.1685f,-0.9042f,0.2173f,0f,0f,0f,1f],start_interpolation: 0,interpolation_duration: 1}
$data merge entity $(bone_12) {transformation: [-0.9012f,-0.3407f,-0.2677f,0.1085f,-0.1837f,0.86f,-0.4761f,0.7267f,0.3924f,-0.3799f,-0.8376f,0.0748f,0f,0f,0f,1f],start_interpolation: 0,interpolation_duration: 1}
$data merge entity $(bone_10) {transformation: [-0.9193f,-0.0924f,-0.3826f,-0.0243f,-0.0534f,0.9923f,-0.1114f,1.0292f,0.39f,-0.082f,-0.9172f,0.1076f,0f,0f,0f,1f],start_interpolation: 0,interpolation_duration: 1}
$data merge entity $(bone_9) {transformation: [-0.9193f,0.1116f,-0.3775f,0.0175f,-0.0534f,0.9148f,0.4004f,1.3722f,0.39f,0.3883f,-0.835f,0.2532f,0f,0f,0f,1f],start_interpolation: 0,interpolation_duration: 1}
$data merge entity $(item_display_item_display) {transformation: [-0.4777f,0.4967f,-0.2764f,-0.5408f,-0.2929f,0.0944f,0.6757f,1.0438f,0.4872f,0.5438f,0.1352f,0.7672f,0f,0f,0f,1f],start_interpolation: 0,interpolation_duration: 1}
$data merge entity $(bone_2) {transformation: [0.3685f,0.661f,0.6383f,-0.575f,-0.901f,0.3949f,0.1113f,1.1077f,-0.1803f,-0.6223f,0.7486f,0.3777f,0f,0f,0f,1f],start_interpolation: 0,interpolation_duration: 1}
$data merge entity $(bone_1) {transformation: [0.3685f,0.8917f,0.2215f,-0.2671f,-0.901f,0.3975f,-0.1014f,1.2438f,-0.1803f,-0.1639f,0.9596f,0.3274f,0f,0f,0f,1f],start_interpolation: 0,interpolation_duration: 1}
$data merge entity $(bone_4) {transformation: [-0.7916f,0.3436f,0.5053f,0.5173f,-0.6075f,-0.3535f,-0.7114f,1.0676f,-0.0658f,-0.8701f,0.4885f,0.239f,0f,0f,0f,1f],start_interpolation: 0,interpolation_duration: 1}
$data merge entity $(bone_3) {transformation: [-0.8124f,-0.5503f,0.1927f,0.311f,-0.5168f,0.5266f,-0.675f,1.265f,0.27f,-0.648f,-0.7122f,-0.004f,0f,0f,0f,1f],start_interpolation: 0,interpolation_duration: 1}
$data merge entity $(bone_8) {transformation: [-0.9476f,0.2823f,-0.1495f,-0.1332f,0.1348f,0.7775f,0.6143f,0.3945f,0.2897f,0.5619f,-0.7748f,0.2629f,0f,0f,0f,1f],start_interpolation: 0,interpolation_duration: 1}
$data merge entity $(bone_7) {transformation: [-0.9476f,0.1199f,-0.2961f,-0.1078f,0.1348f,0.9904f,-0.03f,0.7028f,0.2897f,-0.0684f,-0.9547f,0.2028f,0f,0f,0f,1f],start_interpolation: 0,interpolation_duration: 1}
data modify entity @s data merge value {"cameras":{"camera1":{"px":0.02749999999999974,"py":1.46625,"pz":2.136875,"ry":181.58648515624998,"rx":0}},"locators":{}}