# This file was generated by Animated Java via MC-Build. It is not recommended to edit this file directly.
$data merge entity $(bone_layer) {transformation: [-0.9197f,0.0089f,-0.3928f,0.0117f,-0.0535f,0.9876f,0.1475f,1.3375f,0.3893f,0.1566f,-0.9077f,0.2345f,0f,0f,0f,1f],start_interpolation: 0,interpolation_duration: 1}
$data merge entity $(bone_l_1) {transformation: [-0.9197f,0.0089f,-0.3928f,0.0063f,-0.0535f,0.9876f,0.1475f,1.4476f,0.3893f,0.1566f,-0.9077f,0.518f,0f,0f,0f,1f],start_interpolation: 0,interpolation_duration: 1}
$data merge entity $(bone_eye_l) {transformation: [-0.9197f,0.0089f,-0.3928f,0.008f,-0.0535f,0.9876f,0.1475f,1.3389f,0.3893f,0.1566f,-0.9077f,0.226f,0f,0f,0f,1f],start_interpolation: 0,interpolation_duration: 1}
$data merge entity $(bone_r_1) {transformation: [-0.9197f,0.0089f,-0.3928f,0.2075f,-0.0535f,0.9876f,0.1475f,1.4593f,0.3893f,0.1566f,-0.9077f,0.4329f,0f,0f,0f,1f],start_interpolation: 0,interpolation_duration: 1}
$data merge entity $(bone_eye_r) {transformation: [-0.9197f,0.0089f,-0.3928f,0.2192f,-0.0535f,0.9876f,0.1475f,1.4333f,0.3893f,0.1566f,-0.9077f,0.4167f,0f,0f,0f,1f],start_interpolation: 0,interpolation_duration: 1}
$data merge entity $(bone_eyes_down) {transformation: [-0.9197f,0.0089f,-0.3928f,0.0125f,-0.0535f,0.9876f,0.1475f,1.4301f,0.3893f,0.1566f,-0.9077f,0.2492f,0f,0f,0f,1f],start_interpolation: 0,interpolation_duration: 1}
$data merge entity $(bone_eyes_up) {transformation: [-0.9197f,0.0089f,-0.3928f,0.0134f,-0.0535f,0.9876f,0.1475f,1.5536f,0.3893f,0.1566f,-0.9077f,0.2682f,0f,0f,0f,1f],start_interpolation: 0,interpolation_duration: 1}
$data merge entity $(bone_bone) {transformation: [-0.9197f,0.0089f,-0.3928f,0.0117f,-0.0535f,0.9876f,0.1475f,1.3375f,0.3893f,0.1566f,-0.9077f,0.2345f,0f,0f,0f,1f],start_interpolation: 0,interpolation_duration: 1}
$data merge entity $(bone_l) {transformation: [-0.9169f,-0.0535f,-0.3928f,-0.0008f,-0.1394f,0.7344f,0.1475f,1.5013f,0.3742f,0.1425f,-0.9077f,0.5488f,0f,0f,0f,1f],start_interpolation: 0,interpolation_duration: 1}
$data merge entity $(bone_r) {transformation: [-0.9154f,0.0667f,-0.3928f,0.2292f,0.0328f,0.7414f,0.1475f,1.5147f,0.4015f,0.0916f,-0.9077f,0.4515f,0f,0f,0f,1f],start_interpolation: 0,interpolation_duration: 1}
$data merge entity $(bone_sad) {transformation: [-0.6713f,0.0077f,-0.421f,-0.0573f,-0.0391f,0.862f,0.1581f,1.2641f,0.2842f,0.1367f,-0.9728f,0.5175f,0f,0f,0f,1f],start_interpolation: 0,interpolation_duration: 1}
$data merge entity $(bone_head) {transformation: [-0.9197f,0.0089f,-0.3928f,0.0117f,-0.0535f,0.9876f,0.1475f,1.3375f,0.3893f,0.1566f,-0.9077f,0.2345f,0f,0f,0f,1f],start_interpolation: 0,interpolation_duration: 1}
$data merge entity $(bone_6) {transformation: [-0.9012f,-0.1272f,-0.4143f,0.2369f,-0.1846f,0.9776f,0.1014f,0.4043f,0.3921f,0.1679f,-0.9045f,0.2176f,0f,0f,0f,1f],start_interpolation: 0,interpolation_duration: 1}
$data merge entity $(bone_12) {transformation: [-0.9012f,-0.3414f,-0.267f,0.1089f,-0.1846f,0.8598f,-0.4761f,0.7267f,0.3921f,-0.3797f,-0.8379f,0.0752f,0f,0f,0f,1f],start_interpolation: 0,interpolation_duration: 1}
$data merge entity $(bone_10) {transformation: [-0.9196f,-0.0924f,-0.3819f,-0.0242f,-0.0535f,0.9923f,-0.1113f,1.0293f,0.3893f,-0.0819f,-0.9175f,0.1075f,0f,0f,0f,1f],start_interpolation: 0,interpolation_duration: 1}
$data merge entity $(bone_9) {transformation: [-0.9196f,0.1116f,-0.3768f,0.0177f,-0.0535f,0.9143f,0.4014f,1.3722f,0.3893f,0.3893f,-0.8348f,0.2535f,0f,0f,0f,1f],start_interpolation: 0,interpolation_duration: 1}
$data merge entity $(item_display_item_display) {transformation: [-0.478f,0.4967f,-0.2758f,-0.5411f,-0.2918f,0.0946f,0.6762f,1.0446f,0.4875f,0.5437f,0.1343f,0.7671f,0f,0f,0f,1f],start_interpolation: 0,interpolation_duration: 1}
$data merge entity $(bone_2) {transformation: [0.3678f,0.6617f,0.638f,-0.5751f,-0.9016f,0.3935f,0.1116f,1.1081f,-0.179f,-0.6224f,0.7487f,0.3775f,0f,0f,0f,1f],start_interpolation: 0,interpolation_duration: 1}
$data merge entity $(bone_1) {transformation: [0.3678f,0.8924f,0.22f,-0.2669f,-0.9016f,0.3964f,-0.1009f,1.2437f,-0.179f,-0.1629f,0.96f,0.3275f,0f,0f,0f,1f],start_interpolation: 0,interpolation_duration: 1}
$data merge entity $(bone_4) {transformation: [-0.793f,0.3433f,0.5033f,0.5173f,-0.6055f,-0.3537f,-0.7129f,1.0668f,-0.0668f,-0.8701f,0.4884f,0.2393f,0f,0f,0f,1f],start_interpolation: 0,interpolation_duration: 1}
$data merge entity $(bone_3) {transformation: [-0.8136f,-0.5494f,0.1906f,0.3113f,-0.515f,0.5286f,-0.6748f,1.265f,0.27f,-0.6471f,-0.713f,-0.0034f,0f,0f,0f,1f],start_interpolation: 0,interpolation_duration: 1}
$data merge entity $(bone_8) {transformation: [-0.9477f,0.2827f,-0.148f,-0.1333f,0.1357f,0.7768f,0.615f,0.3945f,0.2889f,0.5628f,-0.7745f,0.2631f,0f,0f,0f,1f],start_interpolation: 0,interpolation_duration: 1}
$data merge entity $(bone_7) {transformation: [-0.9477f,0.1209f,-0.2954f,-0.1075f,0.1357f,0.9903f,-0.03f,0.7027f,0.2889f,-0.0685f,-0.9549f,0.2029f,0f,0f,0f,1f],start_interpolation: 0,interpolation_duration: 1}
data modify entity @s data merge value {"cameras":{"camera":{"posx":0.02749999999999974,"posy":1.46625,"posz":2.136875,"roty":181.84175625,"rotx":0}},"locators":{}}