# This file was generated by Animated Java via MC-Build. It is not recommended to edit this file directly.
$data merge entity $(bone_layer) {transformation: [-0.9199f,0.0082f,-0.3922f,0.0118f,-0.0536f,0.9878f,0.1464f,1.3375f,0.3887f,0.1557f,-0.9081f,0.2348f,0f,0f,0f,1f],start_interpolation: 0,interpolation_duration: 1}
$data merge entity $(bone_l_1) {transformation: [-0.9199f,0.0082f,-0.3922f,0.0062f,-0.0536f,0.9878f,0.1464f,1.4479f,0.3887f,0.1557f,-0.9081f,0.5182f,0f,0f,0f,1f],start_interpolation: 0,interpolation_duration: 1}
$data merge entity $(bone_eye_l) {transformation: [-0.9199f,0.0082f,-0.3922f,0.0082f,-0.0536f,0.9878f,0.1464f,1.3388f,0.3887f,0.1557f,-0.9081f,0.2263f,0f,0f,0f,1f],start_interpolation: 0,interpolation_duration: 1}
$data merge entity $(bone_r_1) {transformation: [-0.9199f,0.0082f,-0.3922f,0.2075f,-0.0536f,0.9878f,0.1464f,1.4596f,0.3887f,0.1557f,-0.9081f,0.4332f,0f,0f,0f,1f],start_interpolation: 0,interpolation_duration: 1}
$data merge entity $(bone_eye_r) {transformation: [-0.9199f,0.0082f,-0.3922f,0.2192f,-0.0536f,0.9878f,0.1464f,1.4336f,0.3887f,0.1557f,-0.9081f,0.4171f,0f,0f,0f,1f],start_interpolation: 0,interpolation_duration: 1}
$data merge entity $(bone_eyes_down) {transformation: [-0.9199f,0.0082f,-0.3922f,0.0126f,-0.0536f,0.9878f,0.1464f,1.4301f,0.3887f,0.1557f,-0.9081f,0.2494f,0f,0f,0f,1f],start_interpolation: 0,interpolation_duration: 1}
$data merge entity $(bone_eyes_up) {transformation: [-0.9199f,0.0082f,-0.3922f,0.0134f,-0.0536f,0.9878f,0.1464f,1.5536f,0.3887f,0.1557f,-0.9081f,0.2683f,0f,0f,0f,1f],start_interpolation: 0,interpolation_duration: 1}
$data merge entity $(bone_bone) {transformation: [-0.9199f,0.0082f,-0.3922f,0.0118f,-0.0536f,0.9878f,0.1464f,1.3375f,0.3887f,0.1557f,-0.9081f,0.2348f,0f,0f,0f,1f],start_interpolation: 0,interpolation_duration: 1}
$data merge entity $(bone_l) {transformation: [-0.9171f,-0.054f,-0.3922f,-0.0009f,-0.1395f,0.7345f,0.1464f,1.5016f,0.3736f,0.1417f,-0.9081f,0.5489f,0f,0f,0f,1f],start_interpolation: 0,interpolation_duration: 1}
$data merge entity $(bone_r) {transformation: [-0.9157f,0.0663f,-0.3922f,0.2291f,0.0327f,0.7415f,0.1464f,1.515f,0.4008f,0.0909f,-0.9081f,0.4518f,0f,0f,0f,1f],start_interpolation: 0,interpolation_duration: 1}
$data merge entity $(bone_sad) {transformation: [-0.6732f,0.0072f,-0.4191f,-0.0575f,-0.0392f,0.8587f,0.1564f,1.2458f,0.2844f,0.1353f,-0.9704f,0.5149f,0f,0f,0f,1f],start_interpolation: 0,interpolation_duration: 1}
$data merge entity $(bone_head) {transformation: [-0.9199f,0.0082f,-0.3922f,0.0118f,-0.0536f,0.9878f,0.1464f,1.3375f,0.3887f,0.1557f,-0.9081f,0.2348f,0f,0f,0f,1f],start_interpolation: 0,interpolation_duration: 1}
$data merge entity $(bone_6) {transformation: [-0.9011f,-0.1287f,-0.4141f,0.2375f,-0.1857f,0.9775f,0.1002f,0.4043f,0.3919f,0.1672f,-0.9047f,0.2178f,0f,0f,0f,1f],start_interpolation: 0,interpolation_duration: 1}
$data merge entity $(bone_12) {transformation: [-0.9011f,-0.3422f,-0.2664f,0.1092f,-0.1857f,0.8596f,-0.476f,0.7267f,0.3919f,-0.3794f,-0.8381f,0.0755f,0f,0f,0f,1f],start_interpolation: 0,interpolation_duration: 1}
$data merge entity $(bone_10) {transformation: [-0.9198f,-0.0924f,-0.3813f,-0.0241f,-0.0536f,0.9923f,-0.1113f,1.0295f,0.3886f,-0.0819f,-0.9177f,0.1074f,0f,0f,0f,1f],start_interpolation: 0,interpolation_duration: 1}
$data merge entity $(bone_9) {transformation: [-0.9198f,0.1117f,-0.3761f,0.0178f,-0.0536f,0.9138f,0.4025f,1.3722f,0.3886f,0.3904f,-0.8346f,0.2538f,0f,0f,0f,1f],start_interpolation: 0,interpolation_duration: 1}
$data merge entity $(item_display_item_display) {transformation: [-0.4779f,0.4971f,-0.2753f,-0.5412f,-0.2908f,0.0951f,0.6765f,1.0453f,0.4882f,0.5432f,0.1335f,0.767f,0f,0f,0f,1f],start_interpolation: 0,interpolation_duration: 1}
$data merge entity $(bone_2) {transformation: [0.3671f,0.6619f,0.6381f,-0.5751f,-0.902f,0.3923f,0.112f,1.1084f,-0.178f,-0.623f,0.7486f,0.3774f,0f,0f,0f,1f],start_interpolation: 0,interpolation_duration: 1}
$data merge entity $(bone_1) {transformation: [0.3671f,0.893f,0.219f,-0.2668f,-0.902f,0.3954f,-0.1003f,1.2437f,-0.178f,-0.1624f,0.9602f,0.3276f,0f,0f,0f,1f],start_interpolation: 0,interpolation_duration: 1}
$data merge entity $(bone_4) {transformation: [-0.7942f,0.3432f,0.5014f,0.5174f,-0.6038f,-0.3538f,-0.7143f,1.0661f,-0.0677f,-0.8701f,0.4883f,0.2394f,0f,0f,0f,1f],start_interpolation: 0,interpolation_duration: 1}
$data merge entity $(bone_3) {transformation: [-0.8146f,-0.5486f,0.1886f,0.3117f,-0.5135f,0.5306f,-0.6744f,1.265f,0.2699f,-0.6462f,-0.7138f,-0.0029f,0f,0f,0f,1f],start_interpolation: 0,interpolation_duration: 1}
$data merge entity $(bone_8) {transformation: [-0.9478f,0.2833f,-0.1465f,-0.1334f,0.1368f,0.7759f,0.6159f,0.3945f,0.2881f,0.5637f,-0.7741f,0.2633f,0f,0f,0f,1f],start_interpolation: 0,interpolation_duration: 1}
$data merge entity $(bone_7) {transformation: [-0.9478f,0.122f,-0.2947f,-0.1073f,0.1368f,0.9902f,-0.0299f,0.7027f,0.2881f,-0.0686f,-0.9551f,0.2031f,0f,0f,0f,1f],start_interpolation: 0,interpolation_duration: 1}
data modify entity @s data merge value {"cameras":{"camera":{"posx":0.02749999999999974,"posy":1.46625,"posz":2.136875,"roty":182.06703671875,"rotx":0}},"locators":{}}