# This file was generated by Animated Java via MC-Build. It is not recommended to edit this file directly.
$data merge entity $(bone_layer) {transformation: [-0.9202f,0.0076f,-0.3916f,0.012f,-0.0537f,0.988f,0.1452f,1.3374f,0.3881f,0.1546f,-0.9086f,0.2351f,0f,0f,0f,1f],start_interpolation: 0,interpolation_duration: 1}
$data merge entity $(bone_l_1) {transformation: [-0.9202f,0.0076f,-0.3916f,0.0061f,-0.0537f,0.988f,0.1452f,1.4482f,0.3881f,0.1546f,-0.9086f,0.5184f,0f,0f,0f,1f],start_interpolation: 0,interpolation_duration: 1}
$data merge entity $(bone_eye_l) {transformation: [-0.9202f,0.0076f,-0.3916f,0.0083f,-0.0537f,0.988f,0.1452f,1.3388f,0.3881f,0.1546f,-0.9086f,0.2266f,0f,0f,0f,1f],start_interpolation: 0,interpolation_duration: 1}
$data merge entity $(bone_r_1) {transformation: [-0.9202f,0.0076f,-0.3916f,0.2074f,-0.0537f,0.988f,0.1452f,1.4599f,0.3881f,0.1546f,-0.9086f,0.4335f,0f,0f,0f,1f],start_interpolation: 0,interpolation_duration: 1}
$data merge entity $(bone_eye_r) {transformation: [-0.9202f,0.0076f,-0.3916f,0.2192f,-0.0537f,0.988f,0.1452f,1.4338f,0.3881f,0.1546f,-0.9086f,0.4174f,0f,0f,0f,1f],start_interpolation: 0,interpolation_duration: 1}
$data merge entity $(bone_eyes_down) {transformation: [-0.9202f,0.0076f,-0.3916f,0.0127f,-0.0537f,0.988f,0.1452f,1.4301f,0.3881f,0.1546f,-0.9086f,0.2496f,0f,0f,0f,1f],start_interpolation: 0,interpolation_duration: 1}
$data merge entity $(bone_eyes_up) {transformation: [-0.9202f,0.0076f,-0.3916f,0.0134f,-0.0537f,0.988f,0.1452f,1.5537f,0.3881f,0.1546f,-0.9086f,0.2683f,0f,0f,0f,1f],start_interpolation: 0,interpolation_duration: 1}
$data merge entity $(bone_bone) {transformation: [-0.9202f,0.0076f,-0.3916f,0.012f,-0.0537f,0.988f,0.1452f,1.3374f,0.3881f,0.1546f,-0.9086f,0.2351f,0f,0f,0f,1f],start_interpolation: 0,interpolation_duration: 1}
$data merge entity $(bone_l) {transformation: [-0.9173f,-0.0545f,-0.3916f,-0.0011f,-0.1396f,0.7346f,0.1452f,1.5019f,0.3731f,0.1409f,-0.9086f,0.549f,0f,0f,0f,1f],start_interpolation: 0,interpolation_duration: 1}
$data merge entity $(bone_r) {transformation: [-0.916f,0.0658f,-0.3916f,0.229f,0.0327f,0.7417f,0.1452f,1.5153f,0.4001f,0.0901f,-0.9086f,0.452f,0f,0f,0f,1f],start_interpolation: 0,interpolation_duration: 1}
$data merge entity $(bone_sad) {transformation: [-0.6739f,0.0066f,-0.4167f,-0.0576f,-0.0393f,0.8543f,0.1545f,1.2251f,0.2842f,0.1337f,-0.9667f,0.512f,0f,0f,0f,1f],start_interpolation: 0,interpolation_duration: 1}
$data merge entity $(bone_head) {transformation: [-0.9202f,0.0076f,-0.3916f,0.012f,-0.0537f,0.988f,0.1452f,1.3374f,0.3881f,0.1546f,-0.9086f,0.2351f,0f,0f,0f,1f],start_interpolation: 0,interpolation_duration: 1}
$data merge entity $(bone_6) {transformation: [-0.9009f,-0.1304f,-0.414f,0.2382f,-0.1869f,0.9774f,0.0989f,0.4044f,0.3918f,0.1665f,-0.9049f,0.2179f,0f,0f,0f,1f],start_interpolation: 0,interpolation_duration: 1}
$data merge entity $(bone_12) {transformation: [-0.9009f,-0.3432f,-0.2658f,0.1095f,-0.1869f,0.8594f,-0.4759f,0.7267f,0.3918f,-0.3791f,-0.8383f,0.0758f,0f,0f,0f,1f],start_interpolation: 0,interpolation_duration: 1}
$data merge entity $(bone_10) {transformation: [-0.9201f,-0.0924f,-0.3807f,-0.024f,-0.0536f,0.9923f,-0.1112f,1.0297f,0.388f,-0.0819f,-0.918f,0.1072f,0f,0f,0f,1f],start_interpolation: 0,interpolation_duration: 1}
$data merge entity $(bone_9) {transformation: [-0.9201f,0.1119f,-0.3754f,0.018f,-0.0536f,0.9133f,0.4038f,1.3721f,0.388f,0.3917f,-0.8343f,0.2541f,0f,0f,0f,1f],start_interpolation: 0,interpolation_duration: 1}
$data merge entity $(item_display_item_display) {transformation: [-0.4772f,0.498f,-0.2749f,-0.541f,-0.2899f,0.0958f,0.6768f,1.046f,0.4894f,0.5424f,0.1328f,0.7671f,0f,0f,0f,1f],start_interpolation: 0,interpolation_duration: 1}
$data merge entity $(bone_2) {transformation: [0.3666f,0.6617f,0.6387f,-0.5752f,-0.9024f,0.3912f,0.1126f,1.1086f,-0.1771f,-0.6239f,0.748f,0.3774f,0f,0f,0f,1f],start_interpolation: 0,interpolation_duration: 1}
$data merge entity $(bone_1) {transformation: [0.3666f,0.8933f,0.2184f,-0.2667f,-0.9024f,0.3947f,-0.0997f,1.2436f,-0.1771f,-0.1621f,0.9604f,0.3277f,0f,0f,0f,1f],start_interpolation: 0,interpolation_duration: 1}
$data merge entity $(bone_4) {transformation: [-0.7953f,0.3431f,0.4998f,0.5175f,-0.6023f,-0.354f,-0.7155f,1.0654f,-0.0686f,-0.87f,0.4882f,0.2395f,0f,0f,0f,1f],start_interpolation: 0,interpolation_duration: 1}
$data merge entity $(bone_3) {transformation: [-0.8154f,-0.548f,0.1868f,0.312f,-0.5122f,0.5324f,-0.6739f,1.2651f,0.2698f,-0.6452f,-0.7148f,-0.0024f,0f,0f,0f,1f],start_interpolation: 0,interpolation_duration: 1}
$data merge entity $(bone_8) {transformation: [-0.9478f,0.2841f,-0.1448f,-0.1336f,0.138f,0.7749f,0.6168f,0.3945f,0.2874f,0.5647f,-0.7737f,0.2636f,0f,0f,0f,1f],start_interpolation: 0,interpolation_duration: 1}
$data merge entity $(bone_7) {transformation: [-0.9478f,0.1233f,-0.2941f,-0.1071f,0.138f,0.99f,-0.0298f,0.7027f,0.2874f,-0.0689f,-0.9553f,0.2032f,0f,0f,0f,1f],start_interpolation: 0,interpolation_duration: 1}
data modify entity @s data merge value {"cameras":{"camera":{"posx":0.02749999999999974,"posy":1.46625,"posz":2.136875,"roty":182.26355,"rotx":0}},"locators":{}}