# This file was generated by Animated Java via MC-Build. It is not recommended to edit this file directly.
$data merge entity $(bone_layer) {transformation: [-0.9204f,0.0069f,-0.3911f,0.0122f,-0.0537f,0.9881f,0.1438f,1.3374f,0.3875f,0.1533f,-0.909f,0.2353f,0f,0f,0f,1f],start_interpolation: 0,interpolation_duration: 1}
$data merge entity $(bone_l_1) {transformation: [-0.9204f,0.0069f,-0.3911f,0.006f,-0.0537f,0.9881f,0.1438f,1.4485f,0.3875f,0.1533f,-0.909f,0.5185f,0f,0f,0f,1f],start_interpolation: 0,interpolation_duration: 1}
$data merge entity $(bone_eye_l) {transformation: [-0.9204f,0.0069f,-0.3911f,0.0085f,-0.0537f,0.9881f,0.1438f,1.3388f,0.3875f,0.1533f,-0.909f,0.2268f,0f,0f,0f,1f],start_interpolation: 0,interpolation_duration: 1}
$data merge entity $(bone_r_1) {transformation: [-0.9204f,0.0069f,-0.3911f,0.2074f,-0.0537f,0.9881f,0.1438f,1.4602f,0.3875f,0.1533f,-0.909f,0.4338f,0f,0f,0f,1f],start_interpolation: 0,interpolation_duration: 1}
$data merge entity $(bone_eye_r) {transformation: [-0.9204f,0.0069f,-0.3911f,0.2191f,-0.0537f,0.9881f,0.1438f,1.4342f,0.3875f,0.1533f,-0.909f,0.4177f,0f,0f,0f,1f],start_interpolation: 0,interpolation_duration: 1}
$data merge entity $(bone_eyes_down) {transformation: [-0.9204f,0.0069f,-0.3911f,0.0128f,-0.0537f,0.9881f,0.1438f,1.4301f,0.3875f,0.1533f,-0.909f,0.2497f,0f,0f,0f,1f],start_interpolation: 0,interpolation_duration: 1}
$data merge entity $(bone_eyes_up) {transformation: [-0.9204f,0.0069f,-0.3911f,0.0134f,-0.0537f,0.9881f,0.1438f,1.5537f,0.3875f,0.1533f,-0.909f,0.2683f,0f,0f,0f,1f],start_interpolation: 0,interpolation_duration: 1}
$data merge entity $(bone_bone) {transformation: [-0.9204f,0.0069f,-0.3911f,0.0122f,-0.0537f,0.9881f,0.1438f,1.3374f,0.3875f,0.1533f,-0.909f,0.2353f,0f,0f,0f,1f],start_interpolation: 0,interpolation_duration: 1}
$data merge entity $(bone_l) {transformation: [-0.9175f,-0.055f,-0.3911f,-0.0012f,-0.1396f,0.7348f,0.1438f,1.5023f,0.3727f,0.1399f,-0.909f,0.5491f,0f,0f,0f,1f],start_interpolation: 0,interpolation_duration: 1}
$data merge entity $(bone_r) {transformation: [-0.9163f,0.0653f,-0.3911f,0.2289f,0.0326f,0.7418f,0.1438f,1.5157f,0.3994f,0.0892f,-0.909f,0.4522f,0f,0f,0f,1f],start_interpolation: 0,interpolation_duration: 1}
$data merge entity $(bone_sad) {transformation: [-0.6733f,0.0059f,-0.4137f,-0.0577f,-0.0393f,0.8488f,0.1521f,1.2026f,0.2835f,0.1317f,-0.9617f,0.5088f,0f,0f,0f,1f],start_interpolation: 0,interpolation_duration: 1}
$data merge entity $(bone_head) {transformation: [-0.9204f,0.0069f,-0.3911f,0.0122f,-0.0537f,0.9881f,0.1438f,1.3374f,0.3875f,0.1533f,-0.909f,0.2353f,0f,0f,0f,1f],start_interpolation: 0,interpolation_duration: 1}
$data merge entity $(bone_6) {transformation: [-0.9006f,-0.1322f,-0.414f,0.2389f,-0.1882f,0.9773f,0.0973f,0.4045f,0.3918f,0.1656f,-0.905f,0.218f,0f,0f,0f,1f],start_interpolation: 0,interpolation_duration: 1}
$data merge entity $(bone_12) {transformation: [-0.9006f,-0.3443f,-0.2653f,0.1098f,-0.1882f,0.8591f,-0.4759f,0.7267f,0.3918f,-0.3786f,-0.8385f,0.0761f,0f,0f,0f,1f],start_interpolation: 0,interpolation_duration: 1}
$data merge entity $(bone_10) {transformation: [-0.9203f,-0.0924f,-0.3801f,-0.0239f,-0.0537f,0.9924f,-0.1111f,1.0299f,0.3875f,-0.0819f,-0.9182f,0.107f,0f,0f,0f,1f],start_interpolation: 0,interpolation_duration: 1}
$data merge entity $(bone_9) {transformation: [-0.9203f,0.1122f,-0.3747f,0.0181f,-0.0537f,0.9127f,0.4052f,1.3721f,0.3875f,0.393f,-0.8339f,0.2544f,0f,0f,0f,1f],start_interpolation: 0,interpolation_duration: 1}
$data merge entity $(item_display_item_display) {transformation: [-0.4762f,0.4991f,-0.2746f,-0.5405f,-0.289f,0.0967f,0.6771f,1.0466f,0.4909f,0.5411f,0.1322f,0.7673f,0f,0f,0f,1f],start_interpolation: 0,interpolation_duration: 1}
$data merge entity $(bone_2) {transformation: [0.3662f,0.6611f,0.6395f,-0.5751f,-0.9027f,0.3902f,0.1135f,1.1087f,-0.1763f,-0.6251f,0.7471f,0.3775f,0f,0f,0f,1f],start_interpolation: 0,interpolation_duration: 1}
$data merge entity $(bone_1) {transformation: [0.3662f,0.8936f,0.2182f,-0.2666f,-0.9027f,0.3941f,-0.0991f,1.2436f,-0.1763f,-0.1623f,0.9606f,0.3278f,0f,0f,0f,1f],start_interpolation: 0,interpolation_duration: 1}
$data merge entity $(bone_4) {transformation: [-0.7963f,0.3431f,0.4983f,0.5176f,-0.601f,-0.3542f,-0.7165f,1.0647f,-0.0694f,-0.87f,0.4882f,0.2396f,0f,0f,0f,1f],start_interpolation: 0,interpolation_duration: 1}
$data merge entity $(bone_3) {transformation: [-0.8161f,-0.5475f,0.1852f,0.3123f,-0.5112f,0.5342f,-0.6733f,1.2651f,0.2697f,-0.6442f,-0.7158f,-0.002f,0f,0f,0f,1f],start_interpolation: 0,interpolation_duration: 1}
$data merge entity $(bone_8) {transformation: [-0.9478f,0.285f,-0.1431f,-0.1339f,0.1394f,0.7738f,0.6179f,0.3946f,0.2868f,0.5657f,-0.7731f,0.2638f,0f,0f,0f,1f],start_interpolation: 0,interpolation_duration: 1}
$data merge entity $(bone_7) {transformation: [-0.9478f,0.1246f,-0.2935f,-0.1069f,0.1394f,0.9898f,-0.0298f,0.7027f,0.2868f,-0.0691f,-0.9555f,0.2034f,0f,0f,0f,1f],start_interpolation: 0,interpolation_duration: 1}
data modify entity @s data merge value {"cameras":{"camera":{"posx":0.02749999999999974,"posy":1.46625,"posz":2.136875,"roty":182.43251953125,"rotx":0}},"locators":{}}