# This file was generated by Animated Java via MC-Build. It is not recommended to edit this file directly.
$data merge entity $(bone_layer) {transformation: [-0.9206f,0.0062f,-0.3906f,0.0123f,-0.0538f,0.9884f,0.1423f,1.3374f,0.387f,0.152f,-0.9095f,0.2356f,0f,0f,0f,1f],start_interpolation: 0,interpolation_duration: 1}
$data merge entity $(bone_l_1) {transformation: [-0.9206f,0.0062f,-0.3906f,0.0059f,-0.0538f,0.9884f,0.1423f,1.4488f,0.387f,0.152f,-0.9095f,0.5186f,0f,0f,0f,1f],start_interpolation: 0,interpolation_duration: 1}
$data merge entity $(bone_eye_l) {transformation: [-0.9206f,0.0062f,-0.3906f,0.0086f,-0.0538f,0.9884f,0.1423f,1.3387f,0.387f,0.152f,-0.9095f,0.2271f,0f,0f,0f,1f],start_interpolation: 0,interpolation_duration: 1}
$data merge entity $(bone_r_1) {transformation: [-0.9206f,0.0062f,-0.3906f,0.2073f,-0.0538f,0.9884f,0.1423f,1.4606f,0.387f,0.152f,-0.9095f,0.434f,0f,0f,0f,1f],start_interpolation: 0,interpolation_duration: 1}
$data merge entity $(bone_eye_r) {transformation: [-0.9206f,0.0062f,-0.3906f,0.2191f,-0.0538f,0.9884f,0.1423f,1.4345f,0.387f,0.152f,-0.9095f,0.418f,0f,0f,0f,1f],start_interpolation: 0,interpolation_duration: 1}
$data merge entity $(bone_eyes_down) {transformation: [-0.9206f,0.0062f,-0.3906f,0.0129f,-0.0538f,0.9884f,0.1423f,1.4301f,0.387f,0.152f,-0.9095f,0.2498f,0f,0f,0f,1f],start_interpolation: 0,interpolation_duration: 1}
$data merge entity $(bone_eyes_up) {transformation: [-0.9206f,0.0062f,-0.3906f,0.0134f,-0.0538f,0.9884f,0.1423f,1.5537f,0.387f,0.152f,-0.9095f,0.2683f,0f,0f,0f,1f],start_interpolation: 0,interpolation_duration: 1}
$data merge entity $(bone_bone) {transformation: [-0.9206f,0.0062f,-0.3906f,0.0123f,-0.0538f,0.9884f,0.1423f,1.3374f,0.387f,0.152f,-0.9095f,0.2356f,0f,0f,0f,1f],start_interpolation: 0,interpolation_duration: 1}
$data merge entity $(bone_l) {transformation: [-0.9177f,-0.0556f,-0.3906f,-0.0014f,-0.1397f,0.7349f,0.1423f,1.5027f,0.3722f,0.1389f,-0.9095f,0.5491f,0f,0f,0f,1f],start_interpolation: 0,interpolation_duration: 1}
$data merge entity $(bone_r) {transformation: [-0.9166f,0.0648f,-0.3906f,0.2288f,0.0326f,0.742f,0.1423f,1.5161f,0.3987f,0.0883f,-0.9095f,0.4523f,0f,0f,0f,1f],start_interpolation: 0,interpolation_duration: 1}
$data merge entity $(bone_sad) {transformation: [-0.6712f,0.0052f,-0.4102f,-0.0578f,-0.0392f,0.842f,0.1494f,1.1785f,0.2821f,0.1295f,-0.955f,0.5054f,0f,0f,0f,1f],start_interpolation: 0,interpolation_duration: 1}
$data merge entity $(bone_head) {transformation: [-0.9206f,0.0062f,-0.3906f,0.0123f,-0.0538f,0.9884f,0.1423f,1.3374f,0.387f,0.152f,-0.9095f,0.2356f,0f,0f,0f,1f],start_interpolation: 0,interpolation_duration: 1}
$data merge entity $(bone_6) {transformation: [-0.9003f,-0.1342f,-0.4141f,0.2396f,-0.1897f,0.9772f,0.0957f,0.4046f,0.3918f,0.1647f,-0.9052f,0.2181f,0f,0f,0f,1f],start_interpolation: 0,interpolation_duration: 1}
$data merge entity $(bone_12) {transformation: [-0.9003f,-0.3455f,-0.2648f,0.11f,-0.1897f,0.8589f,-0.4758f,0.7267f,0.3918f,-0.3781f,-0.8387f,0.0763f,0f,0f,0f,1f],start_interpolation: 0,interpolation_duration: 1}
$data merge entity $(bone_10) {transformation: [-0.9205f,-0.0924f,-0.3796f,-0.0239f,-0.0538f,0.9924f,-0.1111f,1.0301f,0.3869f,-0.0818f,-0.9185f,0.1067f,0f,0f,0f,1f],start_interpolation: 0,interpolation_duration: 1}
$data merge entity $(bone_9) {transformation: [-0.9205f,0.1125f,-0.3741f,0.0183f,-0.0538f,0.912f,0.4067f,1.3721f,0.3869f,0.3945f,-0.8335f,0.2546f,0f,0f,0f,1f],start_interpolation: 0,interpolation_duration: 1}
$data merge entity $(item_display_item_display) {transformation: [-0.4748f,0.5006f,-0.2744f,-0.5399f,-0.2882f,0.0978f,0.6772f,1.0472f,0.4928f,0.5396f,0.1318f,0.7676f,0f,0f,0f,1f],start_interpolation: 0,interpolation_duration: 1}
$data merge entity $(bone_2) {transformation: [0.3658f,0.6601f,0.6407f,-0.5751f,-0.903f,0.3894f,0.1144f,1.1088f,-0.1757f,-0.6267f,0.746f,0.3778f,0f,0f,0f,1f],start_interpolation: 0,interpolation_duration: 1}
$data merge entity $(bone_1) {transformation: [0.3658f,0.8937f,0.2183f,-0.2665f,-0.903f,0.3937f,-0.0985f,1.2435f,-0.1757f,-0.1627f,0.9606f,0.3278f,0f,0f,0f,1f],start_interpolation: 0,interpolation_duration: 1}
$data merge entity $(bone_4) {transformation: [-0.7971f,0.3431f,0.4969f,0.5178f,-0.5998f,-0.3543f,-0.7174f,1.0641f,-0.0701f,-0.8699f,0.4882f,0.2396f,0f,0f,0f,1f],start_interpolation: 0,interpolation_duration: 1}
$data merge entity $(bone_3) {transformation: [-0.8166f,-0.5471f,0.1838f,0.3126f,-0.5103f,0.5359f,-0.6726f,1.2651f,0.2695f,-0.6431f,-0.7168f,-0.0016f,0f,0f,0f,1f],start_interpolation: 0,interpolation_duration: 1}
$data merge entity $(bone_8) {transformation: [-0.9478f,0.286f,-0.1412f,-0.1342f,0.1409f,0.7727f,0.619f,0.3946f,0.2861f,0.5668f,-0.7726f,0.264f,0f,0f,0f,1f],start_interpolation: 0,interpolation_duration: 1}
$data merge entity $(bone_7) {transformation: [-0.9478f,0.1261f,-0.2929f,-0.1067f,0.1409f,0.9896f,-0.0297f,0.7026f,0.2861f,-0.0694f,-0.9557f,0.2035f,0f,0f,0f,1f],start_interpolation: 0,interpolation_duration: 1}
data modify entity @s data merge value {"cameras":{"camera1":{"px":0.02749999999999974,"py":1.46625,"pz":2.136875,"ry":182.57516875000002,"rx":0}},"locators":{}}