# This file was generated by Animated Java via MC-Build. It is not recommended to edit this file directly.
$data merge entity $(bone_layer) {transformation: [-0.9208f,0.0054f,-0.3901f,0.0124f,-0.0538f,0.9886f,0.1407f,1.3374f,0.3865f,0.1505f,-0.9099f,0.2358f,0f,0f,0f,1f],start_interpolation: 0,interpolation_duration: 1}
$data merge entity $(bone_l_1) {transformation: [-0.9208f,0.0054f,-0.3901f,0.0058f,-0.0538f,0.9886f,0.1407f,1.4492f,0.3865f,0.1505f,-0.9099f,0.5187f,0f,0f,0f,1f],start_interpolation: 0,interpolation_duration: 1}
$data merge entity $(bone_eye_l) {transformation: [-0.9208f,0.0054f,-0.3901f,0.0088f,-0.0538f,0.9886f,0.1407f,1.3387f,0.3865f,0.1505f,-0.9099f,0.2273f,0f,0f,0f,1f],start_interpolation: 0,interpolation_duration: 1}
$data merge entity $(bone_r_1) {transformation: [-0.9208f,0.0054f,-0.3901f,0.2072f,-0.0538f,0.9886f,0.1407f,1.461f,0.3865f,0.1505f,-0.9099f,0.4341f,0f,0f,0f,1f],start_interpolation: 0,interpolation_duration: 1}
$data merge entity $(bone_eye_r) {transformation: [-0.9208f,0.0054f,-0.3901f,0.219f,-0.0538f,0.9886f,0.1407f,1.4349f,0.3865f,0.1505f,-0.9099f,0.4182f,0f,0f,0f,1f],start_interpolation: 0,interpolation_duration: 1}
$data merge entity $(bone_eyes_down) {transformation: [-0.9208f,0.0054f,-0.3901f,0.0129f,-0.0538f,0.9886f,0.1407f,1.4301f,0.3865f,0.1505f,-0.9099f,0.2499f,0f,0f,0f,1f],start_interpolation: 0,interpolation_duration: 1}
$data merge entity $(bone_eyes_up) {transformation: [-0.9208f,0.0054f,-0.3901f,0.0134f,-0.0538f,0.9886f,0.1407f,1.5537f,0.3865f,0.1505f,-0.9099f,0.2682f,0f,0f,0f,1f],start_interpolation: 0,interpolation_duration: 1}
$data merge entity $(bone_bone) {transformation: [-0.9208f,0.0054f,-0.3901f,0.0124f,-0.0538f,0.9886f,0.1407f,1.3374f,0.3865f,0.1505f,-0.9099f,0.2358f,0f,0f,0f,1f],start_interpolation: 0,interpolation_duration: 1}
$data merge entity $(bone_l) {transformation: [-0.9178f,-0.0562f,-0.3901f,-0.0016f,-0.1398f,0.7351f,0.1407f,1.5031f,0.3719f,0.1377f,-0.9099f,0.549f,0f,0f,0f,1f],start_interpolation: 0,interpolation_duration: 1}
$data merge entity $(bone_r) {transformation: [-0.9169f,0.0642f,-0.3901f,0.2286f,0.0325f,0.7421f,0.1407f,1.5166f,0.3981f,0.0872f,-0.9099f,0.4524f,0f,0f,0f,1f],start_interpolation: 0,interpolation_duration: 1}
$data merge entity $(bone_sad) {transformation: [-0.6675f,0.0045f,-0.4059f,-0.0579f,-0.039f,0.834f,0.1464f,1.1531f,0.2801f,0.127f,-0.9468f,0.5019f,0f,0f,0f,1f],start_interpolation: 0,interpolation_duration: 1}
$data merge entity $(bone_head) {transformation: [-0.9208f,0.0054f,-0.3901f,0.0124f,-0.0538f,0.9886f,0.1407f,1.3374f,0.3865f,0.1505f,-0.9099f,0.2358f,0f,0f,0f,1f],start_interpolation: 0,interpolation_duration: 1}
$data merge entity $(bone_6) {transformation: [-0.8999f,-0.1362f,-0.4143f,0.2403f,-0.1911f,0.9771f,0.0939f,0.4047f,0.392f,0.1637f,-0.9053f,0.2182f,0f,0f,0f,1f],start_interpolation: 0,interpolation_duration: 1}
$data merge entity $(bone_12) {transformation: [-0.8999f,-0.3469f,-0.2644f,0.1103f,-0.1911f,0.8585f,-0.4758f,0.7267f,0.392f,-0.3776f,-0.8389f,0.0766f,0f,0f,0f,1f],start_interpolation: 0,interpolation_duration: 1}
$data merge entity $(bone_10) {transformation: [-0.9207f,-0.0924f,-0.3791f,-0.024f,-0.0538f,0.9924f,-0.111f,1.0303f,0.3864f,-0.0818f,-0.9187f,0.1064f,0f,0f,0f,1f],start_interpolation: 0,interpolation_duration: 1}
$data merge entity $(bone_9) {transformation: [-0.9207f,0.1129f,-0.3735f,0.0184f,-0.0538f,0.9113f,0.4082f,1.3721f,0.3864f,0.396f,-0.833f,0.2549f,0f,0f,0f,1f],start_interpolation: 0,interpolation_duration: 1}
$data merge entity $(item_display_item_display) {transformation: [-0.473f,0.5024f,-0.2742f,-0.539f,-0.2875f,0.099f,0.6774f,1.0478f,0.4949f,0.5377f,0.1314f,0.7679f,0f,0f,0f,1f],start_interpolation: 0,interpolation_duration: 1}
$data merge entity $(bone_2) {transformation: [0.3656f,0.6588f,0.6422f,-0.575f,-0.9032f,0.3887f,0.1155f,1.1089f,-0.1752f,-0.6285f,0.7445f,0.3781f,0f,0f,0f,1f],start_interpolation: 0,interpolation_duration: 1}
$data merge entity $(bone_1) {transformation: [0.3656f,0.8936f,0.2187f,-0.2664f,-0.9032f,0.3935f,-0.0978f,1.2435f,-0.1752f,-0.1634f,0.9606f,0.3279f,0f,0f,0f,1f],start_interpolation: 0,interpolation_duration: 1}
$data merge entity $(bone_4) {transformation: [-0.7978f,0.3432f,0.4957f,0.5179f,-0.5988f,-0.3545f,-0.7182f,1.0635f,-0.0708f,-0.8698f,0.4883f,0.2395f,0f,0f,0f,1f],start_interpolation: 0,interpolation_duration: 1}
$data merge entity $(bone_3) {transformation: [-0.8171f,-0.5469f,0.1825f,0.3128f,-0.5098f,0.5375f,-0.6718f,1.2651f,0.2693f,-0.6419f,-0.7179f,-0.0012f,0f,0f,0f,1f],start_interpolation: 0,interpolation_duration: 1}
$data merge entity $(bone_8) {transformation: [-0.9477f,0.2871f,-0.1393f,-0.1346f,0.1425f,0.7714f,0.6202f,0.3947f,0.2855f,0.5679f,-0.772f,0.2643f,0f,0f,0f,1f],start_interpolation: 0,interpolation_duration: 1}
$data merge entity $(bone_7) {transformation: [-0.9477f,0.1277f,-0.2924f,-0.1065f,0.1425f,0.9894f,-0.0297f,0.7026f,0.2855f,-0.0698f,-0.9558f,0.2036f,0f,0f,0f,1f],start_interpolation: 0,interpolation_duration: 1}
data modify entity @s data merge value {"cameras":{"camera":{"posx":0.02749999999999974,"posy":1.46625,"posz":2.136875,"roty":182.69272109375,"rotx":0}},"locators":{}}