# This file was generated by Animated Java via MC-Build. It is not recommended to edit this file directly.
$data merge entity $(bone_layer) {transformation: [-0.921f,0.0046f,-0.3897f,0.0125f,-0.0539f,0.9888f,0.139f,1.3374f,0.386f,0.149f,-0.9104f,0.236f,0f,0f,0f,1f],start_interpolation: 0,interpolation_duration: 1}
$data merge entity $(bone_l_1) {transformation: [-0.921f,0.0046f,-0.3897f,0.0057f,-0.0539f,0.9888f,0.139f,1.4497f,0.386f,0.149f,-0.9104f,0.5187f,0f,0f,0f,1f],start_interpolation: 0,interpolation_duration: 1}
$data merge entity $(bone_eye_l) {transformation: [-0.921f,0.0046f,-0.3897f,0.0089f,-0.0539f,0.9888f,0.139f,1.3387f,0.386f,0.149f,-0.9104f,0.2275f,0f,0f,0f,1f],start_interpolation: 0,interpolation_duration: 1}
$data merge entity $(bone_r_1) {transformation: [-0.921f,0.0046f,-0.3897f,0.2072f,-0.0539f,0.9888f,0.139f,1.4615f,0.386f,0.149f,-0.9104f,0.4342f,0f,0f,0f,1f],start_interpolation: 0,interpolation_duration: 1}
$data merge entity $(bone_eye_r) {transformation: [-0.921f,0.0046f,-0.3897f,0.219f,-0.0539f,0.9888f,0.139f,1.4354f,0.386f,0.149f,-0.9104f,0.4183f,0f,0f,0f,1f],start_interpolation: 0,interpolation_duration: 1}
$data merge entity $(bone_eyes_down) {transformation: [-0.921f,0.0046f,-0.3897f,0.013f,-0.0539f,0.9888f,0.139f,1.4301f,0.386f,0.149f,-0.9104f,0.25f,0f,0f,0f,1f],start_interpolation: 0,interpolation_duration: 1}
$data merge entity $(bone_eyes_up) {transformation: [-0.921f,0.0046f,-0.3897f,0.0133f,-0.0539f,0.9888f,0.139f,1.5538f,0.386f,0.149f,-0.9104f,0.268f,0f,0f,0f,1f],start_interpolation: 0,interpolation_duration: 1}
$data merge entity $(bone_bone) {transformation: [-0.921f,0.0046f,-0.3897f,0.0125f,-0.0539f,0.9888f,0.139f,1.3374f,0.386f,0.149f,-0.9104f,0.236f,0f,0f,0f,1f],start_interpolation: 0,interpolation_duration: 1}
$data merge entity $(bone_l) {transformation: [-0.9179f,-0.0568f,-0.3897f,-0.0017f,-0.1399f,0.7353f,0.139f,1.5036f,0.3716f,0.1366f,-0.9104f,0.549f,0f,0f,0f,1f],start_interpolation: 0,interpolation_duration: 1}
$data merge entity $(bone_r) {transformation: [-0.9171f,0.0636f,-0.3897f,0.2285f,0.0325f,0.7423f,0.139f,1.5171f,0.3976f,0.0861f,-0.9104f,0.4525f,0f,0f,0f,1f],start_interpolation: 0,interpolation_duration: 1}
$data merge entity $(bone_sad) {transformation: [-0.6619f,0.0038f,-0.401f,-0.0579f,-0.0387f,0.8246f,0.143f,1.1268f,0.2775f,0.1242f,-0.9368f,0.4984f,0f,0f,0f,1f],start_interpolation: 0,interpolation_duration: 1}
$data merge entity $(bone_head) {transformation: [-0.921f,0.0046f,-0.3897f,0.0125f,-0.0539f,0.9888f,0.139f,1.3374f,0.386f,0.149f,-0.9104f,0.236f,0f,0f,0f,1f],start_interpolation: 0,interpolation_duration: 1}
$data merge entity $(bone_6) {transformation: [-0.8995f,-0.1384f,-0.4145f,0.2411f,-0.1927f,0.9769f,0.092f,0.4048f,0.3922f,0.1627f,-0.9054f,0.2181f,0f,0f,0f,1f],start_interpolation: 0,interpolation_duration: 1}
$data merge entity $(bone_12) {transformation: [-0.8995f,-0.3483f,-0.264f,0.1105f,-0.1927f,0.8582f,-0.4757f,0.7267f,0.3922f,-0.377f,-0.8391f,0.0768f,0f,0f,0f,1f],start_interpolation: 0,interpolation_duration: 1}
$data merge entity $(bone_10) {transformation: [-0.9209f,-0.0924f,-0.3786f,-0.024f,-0.0539f,0.9924f,-0.111f,1.0306f,0.386f,-0.0818f,-0.9189f,0.106f,0f,0f,0f,1f],start_interpolation: 0,interpolation_duration: 1}
$data merge entity $(bone_9) {transformation: [-0.9209f,0.1134f,-0.3729f,0.0185f,-0.0539f,0.9105f,0.4099f,1.3721f,0.386f,0.3976f,-0.8324f,0.2551f,0f,0f,0f,1f],start_interpolation: 0,interpolation_duration: 1}
$data merge entity $(item_display_item_display) {transformation: [-0.4709f,0.5044f,-0.2741f,-0.5379f,-0.2868f,0.1004f,0.6775f,1.0483f,0.4973f,0.5355f,0.1312f,0.7683f,0f,0f,0f,1f],start_interpolation: 0,interpolation_duration: 1}
$data merge entity $(bone_2) {transformation: [0.3655f,0.6571f,0.6439f,-0.5749f,-0.9033f,0.388f,0.1168f,1.1089f,-0.1749f,-0.6306f,0.7428f,0.3785f,0f,0f,0f,1f],start_interpolation: 0,interpolation_duration: 1}
$data merge entity $(bone_1) {transformation: [0.3655f,0.8935f,0.2195f,-0.2664f,-0.9033f,0.3934f,-0.0971f,1.2435f,-0.1749f,-0.1644f,0.9605f,0.328f,0f,0f,0f,1f],start_interpolation: 0,interpolation_duration: 1}
$data merge entity $(bone_4) {transformation: [-0.7984f,0.3434f,0.4947f,0.5181f,-0.5979f,-0.3546f,-0.7188f,1.063f,-0.0714f,-0.8697f,0.4884f,0.2395f,0f,0f,0f,1f],start_interpolation: 0,interpolation_duration: 1}
$data merge entity $(bone_3) {transformation: [-0.8174f,-0.5467f,0.1814f,0.3131f,-0.5094f,0.539f,-0.6708f,1.2651f,0.269f,-0.6408f,-0.7191f,-0.0008f,0f,0f,0f,1f],start_interpolation: 0,interpolation_duration: 1}
$data merge entity $(bone_8) {transformation: [-0.9476f,0.2883f,-0.1374f,-0.1349f,0.1442f,0.7701f,0.6214f,0.3947f,0.285f,0.5691f,-0.7713f,0.2645f,0f,0f,0f,1f],start_interpolation: 0,interpolation_duration: 1}
$data merge entity $(bone_7) {transformation: [-0.9476f,0.1294f,-0.292f,-0.1064f,0.1442f,0.9891f,-0.0296f,0.7026f,0.285f,-0.0702f,-0.956f,0.2037f,0f,0f,0f,1f],start_interpolation: 0,interpolation_duration: 1}
data modify entity @s data merge value {"cameras":{"camera":{"posx":0.02749999999999974,"posy":1.46625,"posz":2.136875,"roty":182.7864,"rotx":0}},"locators":{}}