# This file was generated by Animated Java via MC-Build. It is not recommended to edit this file directly.
$data merge entity $(bone_layer) {transformation: [-0.9212f,0.0038f,-0.3893f,0.0127f,-0.0539f,0.9891f,0.1372f,1.3374f,0.3856f,0.1474f,-0.9108f,0.2362f,0f,0f,0f,1f],start_interpolation: 0,interpolation_duration: 1}
$data merge entity $(bone_l_1) {transformation: [-0.9212f,0.0038f,-0.3893f,0.0056f,-0.0539f,0.9891f,0.1372f,1.4501f,0.3856f,0.1474f,-0.9108f,0.5187f,0f,0f,0f,1f],start_interpolation: 0,interpolation_duration: 1}
$data merge entity $(bone_eye_l) {transformation: [-0.9212f,0.0038f,-0.3893f,0.009f,-0.0539f,0.9891f,0.1372f,1.3386f,0.3856f,0.1474f,-0.9108f,0.2277f,0f,0f,0f,1f],start_interpolation: 0,interpolation_duration: 1}
$data merge entity $(bone_r_1) {transformation: [-0.9212f,0.0038f,-0.3893f,0.2071f,-0.0539f,0.9891f,0.1372f,1.4619f,0.3856f,0.1474f,-0.9108f,0.4343f,0f,0f,0f,1f],start_interpolation: 0,interpolation_duration: 1}
$data merge entity $(bone_eye_r) {transformation: [-0.9212f,0.0038f,-0.3893f,0.2189f,-0.0539f,0.9891f,0.1372f,1.4358f,0.3856f,0.1474f,-0.9108f,0.4185f,0f,0f,0f,1f],start_interpolation: 0,interpolation_duration: 1}
$data merge entity $(bone_eyes_down) {transformation: [-0.9212f,0.0038f,-0.3893f,0.013f,-0.0539f,0.9891f,0.1372f,1.4301f,0.3856f,0.1474f,-0.9108f,0.25f,0f,0f,0f,1f],start_interpolation: 0,interpolation_duration: 1}
$data merge entity $(bone_eyes_up) {transformation: [-0.9212f,0.0038f,-0.3893f,0.0132f,-0.0539f,0.9891f,0.1372f,1.5538f,0.3856f,0.1474f,-0.9108f,0.2679f,0f,0f,0f,1f],start_interpolation: 0,interpolation_duration: 1}
$data merge entity $(bone_bone) {transformation: [-0.9212f,0.0038f,-0.3893f,0.0127f,-0.0539f,0.9891f,0.1372f,1.3374f,0.3856f,0.1474f,-0.9108f,0.2362f,0f,0f,0f,1f],start_interpolation: 0,interpolation_duration: 1}
$data merge entity $(bone_l) {transformation: [-0.918f,-0.0574f,-0.3893f,-0.0019f,-0.1399f,0.7355f,0.1372f,1.5041f,0.3713f,0.1353f,-0.9108f,0.5489f,0f,0f,0f,1f],start_interpolation: 0,interpolation_duration: 1}
$data merge entity $(bone_r) {transformation: [-0.9173f,0.063f,-0.3893f,0.2284f,0.0325f,0.7425f,0.1372f,1.5176f,0.397f,0.0849f,-0.9108f,0.4525f,0f,0f,0f,1f],start_interpolation: 0,interpolation_duration: 1}
$data merge entity $(bone_sad) {transformation: [-0.6545f,0.0031f,-0.3954f,-0.0579f,-0.0383f,0.8137f,0.1393f,1.0998f,0.274f,0.1212f,-0.925f,0.4948f,0f,0f,0f,1f],start_interpolation: 0,interpolation_duration: 1}
$data merge entity $(bone_head) {transformation: [-0.9212f,0.0038f,-0.3893f,0.0127f,-0.0539f,0.9891f,0.1372f,1.3374f,0.3856f,0.1474f,-0.9108f,0.2362f,0f,0f,0f,1f],start_interpolation: 0,interpolation_duration: 1}
$data merge entity $(bone_6) {transformation: [-0.899f,-0.1406f,-0.4148f,0.2418f,-0.1944f,0.9768f,0.0901f,0.405f,0.3925f,0.1616f,-0.9054f,0.2181f,0f,0f,0f,1f],start_interpolation: 0,interpolation_duration: 1}
$data merge entity $(bone_12) {transformation: [-0.899f,-0.3498f,-0.2636f,0.1107f,-0.1944f,0.8579f,-0.4757f,0.7267f,0.3925f,-0.3764f,-0.8392f,0.077f,0f,0f,0f,1f],start_interpolation: 0,interpolation_duration: 1}
$data merge entity $(bone_10) {transformation: [-0.9211f,-0.0923f,-0.3782f,-0.0241f,-0.0539f,0.9924f,-0.1109f,1.0309f,0.3856f,-0.0818f,-0.919f,0.1056f,0f,0f,0f,1f],start_interpolation: 0,interpolation_duration: 1}
$data merge entity $(bone_9) {transformation: [-0.9211f,0.1139f,-0.3723f,0.0186f,-0.0539f,0.9098f,0.4116f,1.372f,0.3856f,0.3992f,-0.8318f,0.2553f,0f,0f,0f,1f],start_interpolation: 0,interpolation_duration: 1}
$data merge entity $(item_display_item_display) {transformation: [-0.4685f,0.5066f,-0.2741f,-0.5367f,-0.2862f,0.1019f,0.6775f,1.0488f,0.4999f,0.5331f,0.131f,0.7687f,0f,0f,0f,1f],start_interpolation: 0,interpolation_duration: 1}
$data merge entity $(bone_2) {transformation: [0.3655f,0.6552f,0.6459f,-0.5747f,-0.9033f,0.3875f,0.1181f,1.1088f,-0.1746f,-0.633f,0.7409f,0.379f,0f,0f,0f,1f],start_interpolation: 0,interpolation_duration: 1}
$data merge entity $(bone_1) {transformation: [0.3655f,0.8932f,0.2205f,-0.2663f,-0.9033f,0.3934f,-0.0964f,1.2434f,-0.1746f,-0.1656f,0.9603f,0.328f,0f,0f,0f,1f],start_interpolation: 0,interpolation_duration: 1}
$data merge entity $(bone_4) {transformation: [-0.7989f,0.3436f,0.4937f,0.5183f,-0.5972f,-0.3548f,-0.7194f,1.0624f,-0.072f,-0.8695f,0.4886f,0.2393f,0f,0f,0f,1f],start_interpolation: 0,interpolation_duration: 1}
$data merge entity $(bone_3) {transformation: [-0.8177f,-0.5467f,0.1804f,0.3133f,-0.5091f,0.5404f,-0.6698f,1.2651f,0.2687f,-0.6396f,-0.7202f,-0.0005f,0f,0f,0f,1f],start_interpolation: 0,interpolation_duration: 1}
$data merge entity $(bone_8) {transformation: [-0.9475f,0.2896f,-0.1354f,-0.1354f,0.146f,0.7687f,0.6227f,0.3948f,0.2844f,0.5703f,-0.7706f,0.2648f,0f,0f,0f,1f],start_interpolation: 0,interpolation_duration: 1}
$data merge entity $(bone_7) {transformation: [-0.9475f,0.1312f,-0.2916f,-0.1062f,0.146f,0.9888f,-0.0296f,0.7026f,0.2844f,-0.0706f,-0.9561f,0.2038f,0f,0f,0f,1f],start_interpolation: 0,interpolation_duration: 1}
data modify entity @s data merge value {"cameras":{"camera1":{"px":0.02749999999999974,"py":1.46625,"pz":2.136875,"ry":182.85742890625002,"rx":0}},"locators":{}}