# This file was generated by Animated Java via MC-Build. It is not recommended to edit this file directly.
$data merge entity $(bone_layer) {transformation: [-0.5434f,0.0096f,-0.8395f,-0.0658f,-0.0023f,0.9999f,0.0129f,1.3122f,0.8396f,0.0089f,-0.5432f,0.0154f,0f,0f,0f,1f],start_interpolation: 0,interpolation_duration: 1}
$data merge entity $(bone_l_1) {transformation: [-0.5434f,0.0096f,-0.8395f,0.0769f,-0.0023f,0.9999f,0.0129f,1.462f,0.8396f,0.0089f,-0.5432f,0.2385f,0f,0f,0f,1f],start_interpolation: 0,interpolation_duration: 1}
$data merge entity $(bone_eye_l) {transformation: [-0.5434f,0.0096f,-0.8395f,-0.0737f,-0.0023f,0.9999f,0.0129f,1.3123f,0.8396f,0.0089f,-0.5432f,0.0103f,0f,0f,0f,1f],start_interpolation: 0,interpolation_duration: 1}
$data merge entity $(bone_r_1) {transformation: [-0.5434f,0.0096f,-0.8395f,0.1957f,-0.0023f,0.9999f,0.0129f,1.4625f,0.8396f,0.0089f,-0.5432f,0.0548f,0f,0f,0f,1f],start_interpolation: 0,interpolation_duration: 1}
$data merge entity $(bone_eye_r) {transformation: [-0.5434f,0.0096f,-0.8395f,0.1987f,-0.0023f,0.9999f,0.0129f,1.4345f,0.8396f,0.0089f,-0.5432f,0.038f,0f,0f,0f,1f],start_interpolation: 0,interpolation_duration: 1}
$data merge entity $(bone_eyes_down) {transformation: [-0.5434f,0.0096f,-0.8395f,-0.0649f,-0.0023f,0.9999f,0.0129f,1.406f,0.8396f,0.0089f,-0.5432f,0.0162f,0f,0f,0f,1f],start_interpolation: 0,interpolation_duration: 1}
$data merge entity $(bone_eyes_up) {transformation: [-0.5434f,0.0096f,-0.8395f,-0.0645f,-0.0023f,0.9999f,0.0129f,1.5112f,0.8396f,0.0089f,-0.5432f,0.0168f,0f,0f,0f,1f],start_interpolation: 0,interpolation_duration: 1}
$data merge entity $(bone_bone) {transformation: [-0.5434f,0.0096f,-0.8395f,-0.0658f,-0.0023f,0.9999f,0.0129f,1.3122f,0.8396f,0.0089f,-0.5432f,0.0154f,0f,0f,0f,1f],start_interpolation: 0,interpolation_duration: 1}
$data merge entity $(bone_l) {transformation: [-0.5434f,0.0072f,-0.8395f,0.0832f,-0.0023f,0.7499f,0.0129f,1.5047f,0.8396f,0.0067f,-0.5432f,0.2613f,0f,0f,0f,1f],start_interpolation: 0,interpolation_duration: 1}
$data merge entity $(bone_r) {transformation: [-0.5434f,0.0072f,-0.8395f,0.2191f,-0.0023f,0.7499f,0.0129f,1.5053f,0.8396f,0.0067f,-0.5432f,0.0514f,0f,0f,0f,1f],start_interpolation: 0,interpolation_duration: 1}
$data merge entity $(bone_sad) {transformation: [-0.87f,0.0033f,-0.885f,0.0488f,-0.0037f,0.3476f,0.0136f,1.4381f,1.3444f,0.0031f,-0.5727f,0.2842f,0f,0f,0f,1f],start_interpolation: 0,interpolation_duration: 1}
$data merge entity $(bone_head) {transformation: [-0.5434f,0.0096f,-0.8395f,-0.0658f,-0.0023f,0.9999f,0.0129f,1.3122f,0.8396f,0.0089f,-0.5432f,0.0154f,0f,0f,0f,1f],start_interpolation: 0,interpolation_duration: 1}
$data merge entity $(bone_6) {transformation: [-0.5397f,0.0837f,-0.8377f,0.022f,-0.1328f,0.9741f,0.1829f,0.3664f,0.8313f,0.2099f,-0.5146f,-0.1246f,0f,0f,0f,1f],start_interpolation: 0,interpolation_duration: 1}
$data merge entity $(bone_12) {transformation: [-0.5397f,-0.4121f,-0.7341f,-0.1325f,-0.1328f,0.9028f,-0.4091f,0.705f,0.8313f,-0.1233f,-0.5419f,-0.1708f,0f,0f,0f,1f],start_interpolation: 0,interpolation_duration: 1}
$data merge entity $(bone_10) {transformation: [-0.5433f,-0.0289f,-0.839f,-0.1949f,-0.0023f,0.9995f,-0.0329f,1.0145f,0.8395f,-0.016f,-0.5431f,-0.0689f,0f,0f,0f,1f],start_interpolation: 0,interpolation_duration: 1}
$data merge entity $(bone_9) {transformation: [-0.5433f,0.3944f,-0.7411f,-0.047f,-0.0023f,0.8821f,0.471f,1.3453f,0.8395f,0.2576f,-0.4784f,0.0277f,0f,0f,0f,1f],start_interpolation: 0,interpolation_duration: 1}
$data merge entity $(item_display_item_display) {transformation: [0.3007f,0.6617f,-0.1518f,0.0862f,-0.5109f,0.3299f,0.426f,0.9243f,0.4471f,-0.0681f,0.5889f,0.5614f,0f,0f,0f,1f],start_interpolation: 0,interpolation_duration: 1}
$data merge entity $(bone_2) {transformation: [0.2024f,-0.4014f,0.882f,-0.2898f,-0.568f,0.6809f,0.4402f,0.957f,-0.7852f,-0.5961f,-0.0911f,0.4409f,0f,0f,0f,1f],start_interpolation: 0,interpolation_duration: 1}
$data merge entity $(bone_1) {transformation: [0.2024f,0.0932f,0.9646f,-0.2517f,-0.568f,0.8098f,0.041f,1.2356f,-0.7852f,-0.5618f,0.219f,0.2491f,0f,0f,0f,1f],start_interpolation: 0,interpolation_duration: 1}
$data merge entity $(bone_4) {transformation: [-0.443f,-0.8108f,0.3826f,0.3349f,-0.4773f,-0.148f,-0.8662f,1.0122f,0.7589f,-0.5663f,-0.3214f,-0.2969f,0f,0f,0f,1f],start_interpolation: 0,interpolation_duration: 1}
$data merge entity $(bone_3) {transformation: [-0.443f,-0.7991f,-0.4065f,0.0352f,-0.4773f,0.594f,-0.6476f,1.235f,0.7589f,-0.0929f,-0.6445f,-0.3318f,0f,0f,0f,1f],start_interpolation: 0,interpolation_duration: 1}
$data merge entity $(bone_8) {transformation: [-0.6054f,0.619f,-0.5004f,-0.2571f,0.1915f,0.7235f,0.6633f,0.383f,0.7726f,0.3057f,-0.5565f,0.1205f,0f,0f,0f,1f],start_interpolation: 0,interpolation_duration: 1}
$data merge entity $(bone_7) {transformation: [-0.6054f,0.1527f,-0.7812f,-0.2411f,0.1915f,0.9805f,0.0433f,0.6912f,0.7726f,-0.1234f,-0.6228f,0.0566f,0f,0f,0f,1f],start_interpolation: 0,interpolation_duration: 1}
data modify entity @s data merge value {"cameras":{"camera":{"posx":0.20335208142026304,"posy":1.4750329917633636,"posz":1.5552861257200101,"roty":166.059548671875,"rotx":0}},"locators":{}}