# This file was generated by Animated Java via MC-Build. It is not recommended to edit this file directly.
$data merge entity $(bone_layer) {transformation: [-0.9213f,0.003f,-0.389f,0.0128f,-0.054f,0.9893f,0.1353f,1.3373f,0.3853f,0.1457f,-0.9112f,0.2364f,0f,0f,0f,1f],start_interpolation: 0,interpolation_duration: 1}
$data merge entity $(bone_l_1) {transformation: [-0.9213f,0.003f,-0.389f,0.0054f,-0.054f,0.9893f,0.1353f,1.4506f,0.3853f,0.1457f,-0.9112f,0.5187f,0f,0f,0f,1f],start_interpolation: 0,interpolation_duration: 1}
$data merge entity $(bone_eye_l) {transformation: [-0.9213f,0.003f,-0.389f,0.0091f,-0.054f,0.9893f,0.1353f,1.3386f,0.3853f,0.1457f,-0.9112f,0.2278f,0f,0f,0f,1f],start_interpolation: 0,interpolation_duration: 1}
$data merge entity $(bone_r_1) {transformation: [-0.9213f,0.003f,-0.389f,0.207f,-0.054f,0.9893f,0.1353f,1.4624f,0.3853f,0.1457f,-0.9112f,0.4344f,0f,0f,0f,1f],start_interpolation: 0,interpolation_duration: 1}
$data merge entity $(bone_eye_r) {transformation: [-0.9213f,0.003f,-0.389f,0.2188f,-0.054f,0.9893f,0.1353f,1.4362f,0.3853f,0.1457f,-0.9112f,0.4186f,0f,0f,0f,1f],start_interpolation: 0,interpolation_duration: 1}
$data merge entity $(bone_eyes_down) {transformation: [-0.9213f,0.003f,-0.389f,0.013f,-0.054f,0.9893f,0.1353f,1.4301f,0.3853f,0.1457f,-0.9112f,0.25f,0f,0f,0f,1f],start_interpolation: 0,interpolation_duration: 1}
$data merge entity $(bone_eyes_up) {transformation: [-0.9213f,0.003f,-0.389f,0.0132f,-0.054f,0.9893f,0.1353f,1.5538f,0.3853f,0.1457f,-0.9112f,0.2677f,0f,0f,0f,1f],start_interpolation: 0,interpolation_duration: 1}
$data merge entity $(bone_bone) {transformation: [-0.9213f,0.003f,-0.389f,0.0128f,-0.054f,0.9893f,0.1353f,1.3373f,0.3853f,0.1457f,-0.9112f,0.2364f,0f,0f,0f,1f],start_interpolation: 0,interpolation_duration: 1}
$data merge entity $(bone_l) {transformation: [-0.9181f,-0.058f,-0.389f,-0.0021f,-0.14f,0.7356f,0.1353f,1.5046f,0.3711f,0.134f,-0.9112f,0.5488f,0f,0f,0f,1f],start_interpolation: 0,interpolation_duration: 1}
$data merge entity $(bone_r) {transformation: [-0.9176f,0.0624f,-0.389f,0.2282f,0.0325f,0.7427f,0.1353f,1.5181f,0.3965f,0.0837f,-0.9112f,0.4524f,0f,0f,0f,1f],start_interpolation: 0,interpolation_duration: 1}
$data merge entity $(bone_sad) {transformation: [-0.6449f,0.0024f,-0.389f,-0.0578f,-0.0378f,0.8014f,0.1353f,1.0725f,0.2697f,0.118f,-0.9112f,0.4912f,0f,0f,0f,1f],start_interpolation: 0,interpolation_duration: 1}
$data merge entity $(bone_head) {transformation: [-0.9213f,0.003f,-0.389f,0.0128f,-0.054f,0.9893f,0.1353f,1.3373f,0.3853f,0.1457f,-0.9112f,0.2364f,0f,0f,0f,1f],start_interpolation: 0,interpolation_duration: 1}
$data merge entity $(bone_6) {transformation: [-0.8985f,-0.1429f,-0.4152f,0.2426f,-0.196f,0.9766f,0.088f,0.4051f,0.3929f,0.1605f,-0.9055f,0.218f,0f,0f,0f,1f],start_interpolation: 0,interpolation_duration: 1}
$data merge entity $(bone_12) {transformation: [-0.8985f,-0.3514f,-0.2632f,0.1108f,-0.196f,0.8575f,-0.4756f,0.7267f,0.3929f,-0.3757f,-0.8393f,0.0771f,0f,0f,0f,1f],start_interpolation: 0,interpolation_duration: 1}
$data merge entity $(bone_10) {transformation: [-0.9212f,-0.0923f,-0.3779f,-0.0242f,-0.054f,0.9924f,-0.1109f,1.0312f,0.3852f,-0.0818f,-0.9192f,0.1051f,0f,0f,0f,1f],start_interpolation: 0,interpolation_duration: 1}
$data merge entity $(bone_9) {transformation: [-0.9212f,0.1144f,-0.3718f,0.0187f,-0.054f,0.9089f,0.4134f,1.372f,0.3852f,0.4009f,-0.8312f,0.2554f,0f,0f,0f,1f],start_interpolation: 0,interpolation_duration: 1}
$data merge entity $(item_display_item_display) {transformation: [-0.4658f,0.5091f,-0.2742f,-0.5353f,-0.2856f,0.1035f,0.6775f,1.0493f,0.5027f,0.5305f,0.1309f,0.7692f,0f,0f,0f,1f],start_interpolation: 0,interpolation_duration: 1}
$data merge entity $(bone_2) {transformation: [0.3655f,0.653f,0.6481f,-0.5745f,-0.9033f,0.387f,0.1195f,1.1087f,-0.1745f,-0.6355f,0.7388f,0.3795f,0f,0f,0f,1f],start_interpolation: 0,interpolation_duration: 1}
$data merge entity $(bone_1) {transformation: [0.3655f,0.8929f,0.2218f,-0.2662f,-0.9033f,0.3936f,-0.0957f,1.2434f,-0.1745f,-0.167f,0.9601f,0.3281f,0f,0f,0f,1f],start_interpolation: 0,interpolation_duration: 1}
$data merge entity $(bone_4) {transformation: [-0.7992f,0.3438f,0.493f,0.5185f,-0.5966f,-0.3549f,-0.7198f,1.0619f,-0.0725f,-0.8694f,0.4888f,0.2391f,0f,0f,0f,1f],start_interpolation: 0,interpolation_duration: 1}
$data merge entity $(bone_3) {transformation: [-0.8178f,-0.5468f,0.1796f,0.3135f,-0.5091f,0.5418f,-0.6688f,1.2651f,0.2684f,-0.6383f,-0.7214f,-0.0002f,0f,0f,0f,1f],start_interpolation: 0,interpolation_duration: 1}
$data merge entity $(bone_8) {transformation: [-0.9474f,0.291f,-0.1334f,-0.1358f,0.1478f,0.7673f,0.624f,0.3948f,0.2839f,0.5715f,-0.7699f,0.265f,0f,0f,0f,1f],start_interpolation: 0,interpolation_duration: 1}
$data merge entity $(bone_7) {transformation: [-0.9474f,0.133f,-0.2912f,-0.1061f,0.1478f,0.9886f,-0.0296f,0.7026f,0.2839f,-0.071f,-0.9562f,0.2039f,0f,0f,0f,1f],start_interpolation: 0,interpolation_duration: 1}
data modify entity @s data merge value {"cameras":{"camera":{"posx":0.02749999999999974,"posy":1.46625,"posz":2.136875,"roty":182.90703125000002,"rotx":0}},"locators":{}}