# This file was generated by Animated Java via MC-Build. It is not recommended to edit this file directly.
$data merge entity $(bone_layer) {transformation: [-0.9215f,0.0021f,-0.3887f,0.0128f,-0.054f,0.9896f,0.1334f,1.3373f,0.385f,0.1439f,-0.9117f,0.2365f,0f,0f,0f,1f],start_interpolation: 0,interpolation_duration: 1}
$data merge entity $(bone_l_1) {transformation: [-0.9215f,0.0021f,-0.3887f,0.0053f,-0.054f,0.9896f,0.1334f,1.4511f,0.385f,0.1439f,-0.9117f,0.5186f,0f,0f,0f,1f],start_interpolation: 0,interpolation_duration: 1}
$data merge entity $(bone_eye_l) {transformation: [-0.9215f,0.0021f,-0.3887f,0.0092f,-0.054f,0.9896f,0.1334f,1.3386f,0.385f,0.1439f,-0.9117f,0.228f,0f,0f,0f,1f],start_interpolation: 0,interpolation_duration: 1}
$data merge entity $(bone_r_1) {transformation: [-0.9215f,0.0021f,-0.3887f,0.2069f,-0.054f,0.9896f,0.1334f,1.4629f,0.385f,0.1439f,-0.9117f,0.4344f,0f,0f,0f,1f],start_interpolation: 0,interpolation_duration: 1}
$data merge entity $(bone_eye_r) {transformation: [-0.9215f,0.0021f,-0.3887f,0.2188f,-0.054f,0.9896f,0.1334f,1.4367f,0.385f,0.1439f,-0.9117f,0.4186f,0f,0f,0f,1f],start_interpolation: 0,interpolation_duration: 1}
$data merge entity $(bone_eyes_down) {transformation: [-0.9215f,0.0021f,-0.3887f,0.013f,-0.054f,0.9896f,0.1334f,1.4301f,0.385f,0.1439f,-0.9117f,0.25f,0f,0f,0f,1f],start_interpolation: 0,interpolation_duration: 1}
$data merge entity $(bone_eyes_up) {transformation: [-0.9215f,0.0021f,-0.3887f,0.0131f,-0.054f,0.9896f,0.1334f,1.5539f,0.385f,0.1439f,-0.9117f,0.2674f,0f,0f,0f,1f],start_interpolation: 0,interpolation_duration: 1}
$data merge entity $(bone_bone) {transformation: [-0.9215f,0.0021f,-0.3887f,0.0128f,-0.054f,0.9896f,0.1334f,1.3373f,0.385f,0.1439f,-0.9117f,0.2365f,0f,0f,0f,1f],start_interpolation: 0,interpolation_duration: 1}
$data merge entity $(bone_l) {transformation: [-0.9181f,-0.0586f,-0.3887f,-0.0023f,-0.1401f,0.7358f,0.1334f,1.5051f,0.3709f,0.1327f,-0.9117f,0.5486f,0f,0f,0f,1f],start_interpolation: 0,interpolation_duration: 1}
$data merge entity $(bone_r) {transformation: [-0.9178f,0.0618f,-0.3887f,0.2281f,0.0324f,0.7429f,0.1334f,1.5186f,0.396f,0.0824f,-0.9117f,0.4524f,0f,0f,0f,1f],start_interpolation: 0,interpolation_duration: 1}
$data merge entity $(bone_sad) {transformation: [-0.6037f,0.0016f,-0.3638f,-0.0577f,-0.0354f,0.7503f,0.1249f,1.0453f,0.2522f,0.1091f,-0.8533f,0.4878f,0f,0f,0f,1f],start_interpolation: 0,interpolation_duration: 1}
$data merge entity $(bone_head) {transformation: [-0.9215f,0.0021f,-0.3887f,0.0128f,-0.054f,0.9896f,0.1334f,1.3373f,0.385f,0.1439f,-0.9117f,0.2365f,0f,0f,0f,1f],start_interpolation: 0,interpolation_duration: 1}
$data merge entity $(bone_6) {transformation: [-0.8979f,-0.1453f,-0.4156f,0.2434f,-0.1978f,0.9765f,0.0859f,0.4052f,0.3933f,0.1593f,-0.9055f,0.2179f,0f,0f,0f,1f],start_interpolation: 0,interpolation_duration: 1}
$data merge entity $(bone_12) {transformation: [-0.8979f,-0.3531f,-0.2629f,0.111f,-0.1978f,0.8571f,-0.4756f,0.7267f,0.3933f,-0.3751f,-0.8394f,0.0773f,0f,0f,0f,1f],start_interpolation: 0,interpolation_duration: 1}
$data merge entity $(bone_10) {transformation: [-0.9214f,-0.0923f,-0.3776f,-0.0243f,-0.054f,0.9924f,-0.1109f,1.0315f,0.3849f,-0.0818f,-0.9193f,0.1046f,0f,0f,0f,1f],start_interpolation: 0,interpolation_duration: 1}
$data merge entity $(bone_9) {transformation: [-0.9214f,0.115f,-0.3713f,0.0188f,-0.054f,0.9081f,0.4152f,1.372f,0.3849f,0.4026f,-0.8305f,0.2556f,0f,0f,0f,1f],start_interpolation: 0,interpolation_duration: 1}
$data merge entity $(item_display_item_display) {transformation: [-0.4629f,0.5117f,-0.2742f,-0.5338f,-0.2851f,0.1052f,0.6775f,1.0498f,0.5057f,0.5277f,0.1308f,0.7698f,0f,0f,0f,1f],start_interpolation: 0,interpolation_duration: 1}
$data merge entity $(bone_2) {transformation: [0.3657f,0.6507f,0.6504f,-0.5743f,-0.9033f,0.3866f,0.1211f,1.1086f,-0.1745f,-0.6382f,0.7365f,0.3801f,0f,0f,0f,1f],start_interpolation: 0,interpolation_duration: 1}
$data merge entity $(bone_1) {transformation: [0.3657f,0.8925f,0.2233f,-0.2662f,-0.9033f,0.3938f,-0.095f,1.2434f,-0.1745f,-0.1686f,0.9598f,0.3281f,0f,0f,0f,1f],start_interpolation: 0,interpolation_duration: 1}
$data merge entity $(bone_4) {transformation: [-0.7995f,0.344f,0.4923f,0.5188f,-0.5962f,-0.3551f,-0.7201f,1.0615f,-0.0729f,-0.8692f,0.489f,0.2389f,0f,0f,0f,1f],start_interpolation: 0,interpolation_duration: 1}
$data merge entity $(bone_3) {transformation: [-0.8178f,-0.547f,0.1788f,0.3137f,-0.5092f,0.5431f,-0.6677f,1.2651f,0.2681f,-0.6371f,-0.7227f,0f,0f,0f,0f,1f],start_interpolation: 0,interpolation_duration: 1}
$data merge entity $(bone_8) {transformation: [-0.9472f,0.2925f,-0.1313f,-0.1363f,0.1497f,0.7658f,0.6254f,0.3949f,0.2835f,0.5727f,-0.7692f,0.2652f,0f,0f,0f,1f],start_interpolation: 0,interpolation_duration: 1}
$data merge entity $(bone_7) {transformation: [-0.9472f,0.1348f,-0.2909f,-0.106f,0.1497f,0.9883f,-0.0295f,0.7026f,0.2835f,-0.0715f,-0.9563f,0.204f,0f,0f,0f,1f],start_interpolation: 0,interpolation_duration: 1}
data modify entity @s data merge value {"cameras":{"camera1":{"px":0.02749999999999974,"py":1.46625,"pz":2.136875,"ry":182.93643046875,"rx":0}},"locators":{}}