# This file was generated by Animated Java via MC-Build. It is not recommended to edit this file directly.
$data merge entity $(bone_layer) {transformation: [-0.9216f,0.0013f,-0.3884f,0.0129f,-0.054f,0.9898f,0.1315f,1.3373f,0.3847f,0.1422f,-0.9121f,0.2367f,0f,0f,0f,1f],start_interpolation: 0,interpolation_duration: 1}
$data merge entity $(bone_l_1) {transformation: [-0.9216f,0.0013f,-0.3884f,0.0052f,-0.054f,0.9898f,0.1315f,1.4515f,0.3847f,0.1422f,-0.9121f,0.5185f,0f,0f,0f,1f],start_interpolation: 0,interpolation_duration: 1}
$data merge entity $(bone_eye_l) {transformation: [-0.9216f,0.0013f,-0.3884f,0.0093f,-0.054f,0.9898f,0.1315f,1.3386f,0.3847f,0.1422f,-0.9121f,0.2281f,0f,0f,0f,1f],start_interpolation: 0,interpolation_duration: 1}
$data merge entity $(bone_r_1) {transformation: [-0.9216f,0.0013f,-0.3884f,0.2068f,-0.054f,0.9898f,0.1315f,1.4634f,0.3847f,0.1422f,-0.9121f,0.4344f,0f,0f,0f,1f],start_interpolation: 0,interpolation_duration: 1}
$data merge entity $(bone_eye_r) {transformation: [-0.9216f,0.0013f,-0.3884f,0.2187f,-0.054f,0.9898f,0.1315f,1.4372f,0.3847f,0.1422f,-0.9121f,0.4187f,0f,0f,0f,1f],start_interpolation: 0,interpolation_duration: 1}
$data merge entity $(bone_eyes_down) {transformation: [-0.9216f,0.0013f,-0.3884f,0.013f,-0.054f,0.9898f,0.1315f,1.4301f,0.3847f,0.1422f,-0.9121f,0.25f,0f,0f,0f,1f],start_interpolation: 0,interpolation_duration: 1}
$data merge entity $(bone_eyes_up) {transformation: [-0.9216f,0.0013f,-0.3884f,0.013f,-0.054f,0.9898f,0.1315f,1.5539f,0.3847f,0.1422f,-0.9121f,0.2672f,0f,0f,0f,1f],start_interpolation: 0,interpolation_duration: 1}
$data merge entity $(bone_bone) {transformation: [-0.9216f,0.0013f,-0.3884f,0.0129f,-0.054f,0.9898f,0.1315f,1.3373f,0.3847f,0.1422f,-0.9121f,0.2367f,0f,0f,0f,1f],start_interpolation: 0,interpolation_duration: 1}
$data merge entity $(bone_l) {transformation: [-0.9182f,-0.0593f,-0.3884f,-0.0025f,-0.1401f,0.736f,0.1315f,1.5057f,0.3708f,0.1314f,-0.9121f,0.5484f,0f,0f,0f,1f],start_interpolation: 0,interpolation_duration: 1}
$data merge entity $(bone_r) {transformation: [-0.918f,0.0612f,-0.3884f,0.2279f,0.0324f,0.7431f,0.1315f,1.5192f,0.3956f,0.0811f,-0.9121f,0.4523f,0f,0f,0f,1f],start_interpolation: 0,interpolation_duration: 1}
$data merge entity $(bone_sad) {transformation: [-0.5471f,0.0009f,-0.3294f,-0.0576f,-0.0321f,0.6799f,0.1115f,1.0183f,0.2283f,0.0976f,-0.7734f,0.4845f,0f,0f,0f,1f],start_interpolation: 0,interpolation_duration: 1}
$data merge entity $(bone_head) {transformation: [-0.9216f,0.0013f,-0.3884f,0.0129f,-0.054f,0.9898f,0.1315f,1.3373f,0.3847f,0.1422f,-0.9121f,0.2367f,0f,0f,0f,1f],start_interpolation: 0,interpolation_duration: 1}
$data merge entity $(bone_6) {transformation: [-0.8973f,-0.1477f,-0.416f,0.2442f,-0.1995f,0.9763f,0.0838f,0.4054f,0.3938f,0.1582f,-0.9055f,0.2178f,0f,0f,0f,1f],start_interpolation: 0,interpolation_duration: 1}
$data merge entity $(bone_12) {transformation: [-0.8973f,-0.3548f,-0.2627f,0.1111f,-0.1995f,0.8567f,-0.4756f,0.7267f,0.3938f,-0.3743f,-0.8395f,0.0774f,0f,0f,0f,1f],start_interpolation: 0,interpolation_duration: 1}
$data merge entity $(bone_10) {transformation: [-0.9215f,-0.0923f,-0.3773f,-0.0245f,-0.054f,0.9924f,-0.1108f,1.0318f,0.3846f,-0.0818f,-0.9194f,0.1041f,0f,0f,0f,1f],start_interpolation: 0,interpolation_duration: 1}
$data merge entity $(bone_9) {transformation: [-0.9215f,0.1156f,-0.3708f,0.0188f,-0.054f,0.9073f,0.417f,1.372f,0.3846f,0.4043f,-0.8298f,0.2557f,0f,0f,0f,1f],start_interpolation: 0,interpolation_duration: 1}
$data merge entity $(item_display_item_display) {transformation: [-0.4598f,0.5144f,-0.2744f,-0.5321f,-0.2846f,0.107f,0.6774f,1.0502f,0.5088f,0.5247f,0.1309f,0.7704f,0f,0f,0f,1f],start_interpolation: 0,interpolation_duration: 1}
$data merge entity $(bone_2) {transformation: [0.3658f,0.6481f,0.6529f,-0.5741f,-0.9032f,0.3863f,0.1226f,1.1085f,-0.1745f,-0.641f,0.734f,0.3808f,0f,0f,0f,1f],start_interpolation: 0,interpolation_duration: 1}
$data merge entity $(bone_1) {transformation: [0.3658f,0.892f,0.2249f,-0.2661f,-0.9032f,0.3942f,-0.0943f,1.2434f,-0.1745f,-0.1704f,0.9595f,0.3282f,0f,0f,0f,1f],start_interpolation: 0,interpolation_duration: 1}
$data merge entity $(bone_4) {transformation: [-0.7998f,0.3443f,0.4917f,0.519f,-0.5958f,-0.3552f,-0.7203f,1.061f,-0.0733f,-0.8691f,0.4892f,0.2387f,0f,0f,0f,1f],start_interpolation: 0,interpolation_duration: 1}
$data merge entity $(bone_3) {transformation: [-0.8178f,-0.5472f,0.1782f,0.3138f,-0.5094f,0.5443f,-0.6665f,1.2651f,0.2677f,-0.6359f,-0.7239f,0.0002f,0f,0f,0f,1f],start_interpolation: 0,interpolation_duration: 1}
$data merge entity $(bone_8) {transformation: [-0.947f,0.294f,-0.1293f,-0.1368f,0.1517f,0.7643f,0.6267f,0.395f,0.2831f,0.5739f,-0.7684f,0.2654f,0f,0f,0f,1f],start_interpolation: 0,interpolation_duration: 1}
$data merge entity $(bone_7) {transformation: [-0.947f,0.1367f,-0.2906f,-0.1059f,0.1517f,0.988f,-0.0295f,0.7026f,0.2831f,-0.072f,-0.9564f,0.2041f,0f,0f,0f,1f],start_interpolation: 0,interpolation_duration: 1}
data modify entity @s data merge value {"cameras":{"camera":{"posx":0.02749999999999974,"posy":1.46625,"posz":2.136875,"roty":182.94685,"rotx":0}},"locators":{}}