# This file was generated by Animated Java via MC-Build. It is not recommended to edit this file directly.
$data merge entity $(bone_layer) {transformation: [-0.9217f,0.0004f,-0.3882f,0.013f,-0.0541f,0.9901f,0.1295f,1.3373f,0.3844f,0.1404f,-0.9124f,0.2368f,0f,0f,0f,1f],start_interpolation: 0,interpolation_duration: 1}
$data merge entity $(bone_l_1) {transformation: [-0.9217f,0.0004f,-0.3882f,0.005f,-0.0541f,0.9901f,0.1295f,1.452f,0.3844f,0.1404f,-0.9124f,0.5184f,0f,0f,0f,1f],start_interpolation: 0,interpolation_duration: 1}
$data merge entity $(bone_eye_l) {transformation: [-0.9217f,0.0004f,-0.3882f,0.0093f,-0.0541f,0.9901f,0.1295f,1.3385f,0.3844f,0.1404f,-0.9124f,0.2282f,0f,0f,0f,1f],start_interpolation: 0,interpolation_duration: 1}
$data merge entity $(bone_r_1) {transformation: [-0.9217f,0.0004f,-0.3882f,0.2067f,-0.0541f,0.9901f,0.1295f,1.4639f,0.3844f,0.1404f,-0.9124f,0.4344f,0f,0f,0f,1f],start_interpolation: 0,interpolation_duration: 1}
$data merge entity $(bone_eye_r) {transformation: [-0.9217f,0.0004f,-0.3882f,0.2186f,-0.0541f,0.9901f,0.1295f,1.4377f,0.3844f,0.1404f,-0.9124f,0.4187f,0f,0f,0f,1f],start_interpolation: 0,interpolation_duration: 1}
$data merge entity $(bone_eyes_down) {transformation: [-0.9217f,0.0004f,-0.3882f,0.013f,-0.0541f,0.9901f,0.1295f,1.4301f,0.3844f,0.1404f,-0.9124f,0.2499f,0f,0f,0f,1f],start_interpolation: 0,interpolation_duration: 1}
$data merge entity $(bone_eyes_up) {transformation: [-0.9217f,0.0004f,-0.3882f,0.0128f,-0.0541f,0.9901f,0.1295f,1.554f,0.3844f,0.1404f,-0.9124f,0.2669f,0f,0f,0f,1f],start_interpolation: 0,interpolation_duration: 1}
$data merge entity $(bone_bone) {transformation: [-0.9217f,0.0004f,-0.3882f,0.013f,-0.0541f,0.9901f,0.1295f,1.3373f,0.3844f,0.1404f,-0.9124f,0.2368f,0f,0f,0f,1f],start_interpolation: 0,interpolation_duration: 1}
$data merge entity $(bone_l) {transformation: [-0.9182f,-0.0599f,-0.3882f,-0.0027f,-0.1402f,0.7362f,0.1295f,1.5062f,0.3707f,0.13f,-0.9124f,0.5483f,0f,0f,0f,1f],start_interpolation: 0,interpolation_duration: 1}
$data merge entity $(bone_r) {transformation: [-0.9181f,0.0606f,-0.3882f,0.2278f,0.0324f,0.7433f,0.1295f,1.5197f,0.3952f,0.0797f,-0.9124f,0.4521f,0f,0f,0f,1f],start_interpolation: 0,interpolation_duration: 1}
$data merge entity $(bone_sad) {transformation: [-0.4787f,0.0003f,-0.288f,-0.0574f,-0.0281f,0.5951f,0.0961f,0.992f,0.1997f,0.0844f,-0.677f,0.4814f,0f,0f,0f,1f],start_interpolation: 0,interpolation_duration: 1}
$data merge entity $(bone_head) {transformation: [-0.9217f,0.0004f,-0.3882f,0.013f,-0.0541f,0.9901f,0.1295f,1.3373f,0.3844f,0.1404f,-0.9124f,0.2368f,0f,0f,0f,1f],start_interpolation: 0,interpolation_duration: 1}
$data merge entity $(bone_6) {transformation: [-0.8967f,-0.1501f,-0.4164f,0.2449f,-0.2013f,0.9761f,0.0816f,0.4055f,0.3943f,0.157f,-0.9055f,0.2177f,0f,0f,0f,1f],start_interpolation: 0,interpolation_duration: 1}
$data merge entity $(bone_12) {transformation: [-0.8967f,-0.3565f,-0.2624f,0.1113f,-0.2013f,0.8564f,-0.4756f,0.7267f,0.3943f,-0.3736f,-0.8396f,0.0776f,0f,0f,0f,1f],start_interpolation: 0,interpolation_duration: 1}
$data merge entity $(bone_10) {transformation: [-0.9216f,-0.0923f,-0.377f,-0.0247f,-0.0541f,0.9924f,-0.1108f,1.0321f,0.3844f,-0.0817f,-0.9196f,0.1036f,0f,0f,0f,1f],start_interpolation: 0,interpolation_duration: 1}
$data merge entity $(bone_9) {transformation: [-0.9216f,0.1162f,-0.3704f,0.0189f,-0.0541f,0.9064f,0.4189f,1.372f,0.3844f,0.4061f,-0.8291f,0.2559f,0f,0f,0f,1f],start_interpolation: 0,interpolation_duration: 1}
$data merge entity $(item_display_item_display) {transformation: [-0.4566f,0.5171f,-0.2746f,-0.5304f,-0.2841f,0.1088f,0.6773f,1.0506f,0.512f,0.5216f,0.131f,0.771f,0f,0f,0f,1f],start_interpolation: 0,interpolation_duration: 1}
$data merge entity $(bone_2) {transformation: [0.3661f,0.6453f,0.6555f,-0.5739f,-0.9031f,0.3861f,0.1243f,1.1083f,-0.1746f,-0.6439f,0.7314f,0.3814f,0f,0f,0f,1f],start_interpolation: 0,interpolation_duration: 1}
$data merge entity $(bone_1) {transformation: [0.3661f,0.8914f,0.2268f,-0.2661f,-0.9031f,0.3947f,-0.0935f,1.2434f,-0.1746f,-0.1723f,0.9591f,0.3282f,0f,0f,0f,1f],start_interpolation: 0,interpolation_duration: 1}
$data merge entity $(bone_4) {transformation: [-0.7999f,0.3446f,0.4913f,0.5193f,-0.5956f,-0.3553f,-0.7204f,1.0606f,-0.0737f,-0.8689f,0.4895f,0.2384f,0f,0f,0f,1f],start_interpolation: 0,interpolation_duration: 1}
$data merge entity $(bone_3) {transformation: [-0.8177f,-0.5475f,0.1777f,0.3139f,-0.5098f,0.5454f,-0.6653f,1.2651f,0.2673f,-0.6346f,-0.7251f,0.0004f,0f,0f,0f,1f],start_interpolation: 0,interpolation_duration: 1}
$data merge entity $(bone_8) {transformation: [-0.9468f,0.2955f,-0.1272f,-0.1373f,0.1537f,0.7628f,0.6281f,0.3951f,0.2827f,0.5751f,-0.7677f,0.2657f,0f,0f,0f,1f],start_interpolation: 0,interpolation_duration: 1}
$data merge entity $(bone_7) {transformation: [-0.9468f,0.1386f,-0.2903f,-0.1058f,0.1537f,0.9877f,-0.0295f,0.7025f,0.2827f,-0.0725f,-0.9565f,0.2042f,0f,0f,0f,1f],start_interpolation: 0,interpolation_duration: 1}
data modify entity @s data merge value {"cameras":{"camera":{"posx":0.02749999999999974,"posy":1.46625,"posz":2.136875,"roty":182.93951328125,"rotx":0}},"locators":{}}