# This file was generated by Animated Java via MC-Build. It is not recommended to edit this file directly.
$data merge entity $(bone_layer) {transformation: [-0.9218f,-0.0004f,-0.3879f,0.013f,-0.0541f,0.9904f,0.1275f,1.3373f,0.3842f,0.1385f,-0.9128f,0.2369f,0f,0f,0f,1f],start_interpolation: 0,interpolation_duration: 1}
$data merge entity $(bone_l_1) {transformation: [-0.9218f,-0.0004f,-0.3879f,0.0049f,-0.0541f,0.9904f,0.1275f,1.4525f,0.3842f,0.1385f,-0.9128f,0.5183f,0f,0f,0f,1f],start_interpolation: 0,interpolation_duration: 1}
$data merge entity $(bone_eye_l) {transformation: [-0.9218f,-0.0004f,-0.3879f,0.0094f,-0.0541f,0.9904f,0.1275f,1.3385f,0.3842f,0.1385f,-0.9128f,0.2283f,0f,0f,0f,1f],start_interpolation: 0,interpolation_duration: 1}
$data merge entity $(bone_r_1) {transformation: [-0.9218f,-0.0004f,-0.3879f,0.2065f,-0.0541f,0.9904f,0.1275f,1.4644f,0.3842f,0.1385f,-0.9128f,0.4343f,0f,0f,0f,1f],start_interpolation: 0,interpolation_duration: 1}
$data merge entity $(bone_eye_r) {transformation: [-0.9218f,-0.0004f,-0.3879f,0.2185f,-0.0541f,0.9904f,0.1275f,1.4382f,0.3842f,0.1385f,-0.9128f,0.4187f,0f,0f,0f,1f],start_interpolation: 0,interpolation_duration: 1}
$data merge entity $(bone_eyes_down) {transformation: [-0.9218f,-0.0004f,-0.3879f,0.013f,-0.0541f,0.9904f,0.1275f,1.4301f,0.3842f,0.1385f,-0.9128f,0.2499f,0f,0f,0f,1f],start_interpolation: 0,interpolation_duration: 1}
$data merge entity $(bone_eyes_up) {transformation: [-0.9218f,-0.0004f,-0.3879f,0.0127f,-0.0541f,0.9904f,0.1275f,1.554f,0.3842f,0.1385f,-0.9128f,0.2666f,0f,0f,0f,1f],start_interpolation: 0,interpolation_duration: 1}
$data merge entity $(bone_bone) {transformation: [-0.9218f,-0.0004f,-0.3879f,0.013f,-0.0541f,0.9904f,0.1275f,1.3373f,0.3842f,0.1385f,-0.9128f,0.2369f,0f,0f,0f,1f],start_interpolation: 0,interpolation_duration: 1}
$data merge entity $(bone_l) {transformation: [-0.9182f,-0.0605f,-0.3879f,-0.0028f,-0.1402f,0.7364f,0.1275f,1.5068f,0.3707f,0.1286f,-0.9128f,0.548f,0f,0f,0f,1f],start_interpolation: 0,interpolation_duration: 1}
$data merge entity $(bone_r) {transformation: [-0.9183f,0.06f,-0.3879f,0.2276f,0.0324f,0.7435f,0.1275f,1.5203f,0.3948f,0.0784f,-0.9128f,0.452f,0f,0f,0f,1f],start_interpolation: 0,interpolation_duration: 1}
$data merge entity $(bone_sad) {transformation: [-0.4026f,-0.0002f,-0.2421f,-0.0571f,-0.0236f,0.5006f,0.0796f,0.9667f,0.1678f,0.07f,-0.5696f,0.4785f,0f,0f,0f,1f],start_interpolation: 0,interpolation_duration: 1}
$data merge entity $(bone_head) {transformation: [-0.9218f,-0.0004f,-0.3879f,0.013f,-0.0541f,0.9904f,0.1275f,1.3373f,0.3842f,0.1385f,-0.9128f,0.2369f,0f,0f,0f,1f],start_interpolation: 0,interpolation_duration: 1}
$data merge entity $(bone_6) {transformation: [-0.8961f,-0.1525f,-0.4169f,0.2457f,-0.203f,0.9759f,0.0794f,0.4057f,0.3948f,0.1558f,-0.9055f,0.2175f,0f,0f,0f,1f],start_interpolation: 0,interpolation_duration: 1}
$data merge entity $(bone_12) {transformation: [-0.8961f,-0.3582f,-0.2622f,0.1114f,-0.203f,0.856f,-0.4755f,0.7267f,0.3948f,-0.3729f,-0.8397f,0.0777f,0f,0f,0f,1f],start_interpolation: 0,interpolation_duration: 1}
$data merge entity $(bone_10) {transformation: [-0.9217f,-0.0923f,-0.3768f,-0.0249f,-0.0541f,0.9924f,-0.1108f,1.0324f,0.3842f,-0.0817f,-0.9196f,0.103f,0f,0f,0f,1f],start_interpolation: 0,interpolation_duration: 1}
$data merge entity $(bone_9) {transformation: [-0.9217f,0.1168f,-0.3699f,0.019f,-0.0541f,0.9056f,0.4207f,1.372f,0.3842f,0.4078f,-0.8283f,0.256f,0f,0f,0f,1f],start_interpolation: 0,interpolation_duration: 1}
$data merge entity $(item_display_item_display) {transformation: [-0.4532f,0.52f,-0.2748f,-0.5286f,-0.2836f,0.1106f,0.6772f,1.051f,0.5152f,0.5183f,0.1311f,0.7716f,0f,0f,0f,1f],start_interpolation: 0,interpolation_duration: 1}
$data merge entity $(bone_2) {transformation: [0.3664f,0.6425f,0.6581f,-0.5737f,-0.903f,0.3859f,0.1259f,1.1081f,-0.1748f,-0.6469f,0.7288f,0.3822f,0f,0f,0f,1f],start_interpolation: 0,interpolation_duration: 1}
$data merge entity $(bone_1) {transformation: [0.3664f,0.8908f,0.2287f,-0.266f,-0.903f,0.3952f,-0.0928f,1.2433f,-0.1748f,-0.1743f,0.9587f,0.3283f,0f,0f,0f,1f],start_interpolation: 0,interpolation_duration: 1}
$data merge entity $(bone_4) {transformation: [-0.8f,0.345f,0.491f,0.5195f,-0.5954f,-0.3555f,-0.7205f,1.0602f,-0.074f,-0.8687f,0.4898f,0.2381f,0f,0f,0f,1f],start_interpolation: 0,interpolation_duration: 1}
$data merge entity $(bone_3) {transformation: [-0.8175f,-0.5479f,0.1773f,0.3141f,-0.5103f,0.5464f,-0.6641f,1.2651f,0.267f,-0.6334f,-0.7263f,0.0006f,0f,0f,0f,1f],start_interpolation: 0,interpolation_duration: 1}
$data merge entity $(bone_8) {transformation: [-0.9466f,0.297f,-0.1252f,-0.1379f,0.1556f,0.7613f,0.6294f,0.3952f,0.2823f,0.5764f,-0.7669f,0.2659f,0f,0f,0f,1f],start_interpolation: 0,interpolation_duration: 1}
$data merge entity $(bone_7) {transformation: [-0.9466f,0.1406f,-0.2901f,-0.1057f,0.1556f,0.9874f,-0.0294f,0.7025f,0.2823f,-0.073f,-0.9565f,0.2042f,0f,0f,0f,1f],start_interpolation: 0,interpolation_duration: 1}
data modify entity @s data merge value {"cameras":{"camera":{"posx":0.02749999999999974,"posy":1.46625,"posz":2.136875,"roty":182.91564375000002,"rotx":0}},"locators":{}}