# This file was generated by Animated Java via MC-Build. It is not recommended to edit this file directly.
$data merge entity $(bone_layer) {transformation: [-0.9219f,-0.0012f,-0.3878f,0.0131f,-0.0541f,0.9906f,0.1256f,1.3373f,0.384f,0.1367f,-0.9132f,0.237f,0f,0f,0f,1f],start_interpolation: 0,interpolation_duration: 1}
$data merge entity $(bone_l_1) {transformation: [-0.9219f,-0.0012f,-0.3878f,0.0048f,-0.0541f,0.9906f,0.1256f,1.453f,0.384f,0.1367f,-0.9132f,0.5182f,0f,0f,0f,1f],start_interpolation: 0,interpolation_duration: 1}
$data merge entity $(bone_eye_l) {transformation: [-0.9219f,-0.0012f,-0.3878f,0.0095f,-0.0541f,0.9906f,0.1256f,1.3385f,0.384f,0.1367f,-0.9132f,0.2284f,0f,0f,0f,1f],start_interpolation: 0,interpolation_duration: 1}
$data merge entity $(bone_r_1) {transformation: [-0.9219f,-0.0012f,-0.3878f,0.2064f,-0.0541f,0.9906f,0.1256f,1.4649f,0.384f,0.1367f,-0.9132f,0.4342f,0f,0f,0f,1f],start_interpolation: 0,interpolation_duration: 1}
$data merge entity $(bone_eye_r) {transformation: [-0.9219f,-0.0012f,-0.3878f,0.2185f,-0.0541f,0.9906f,0.1256f,1.4386f,0.384f,0.1367f,-0.9132f,0.4187f,0f,0f,0f,1f],start_interpolation: 0,interpolation_duration: 1}
$data merge entity $(bone_eyes_down) {transformation: [-0.9219f,-0.0012f,-0.3878f,0.013f,-0.0541f,0.9906f,0.1256f,1.4302f,0.384f,0.1367f,-0.9132f,0.2498f,0f,0f,0f,1f],start_interpolation: 0,interpolation_duration: 1}
$data merge entity $(bone_eyes_up) {transformation: [-0.9219f,-0.0012f,-0.3878f,0.0126f,-0.0541f,0.9906f,0.1256f,1.5541f,0.384f,0.1367f,-0.9132f,0.2663f,0f,0f,0f,1f],start_interpolation: 0,interpolation_duration: 1}
$data merge entity $(bone_bone) {transformation: [-0.9219f,-0.0012f,-0.3878f,0.0131f,-0.0541f,0.9906f,0.1256f,1.3373f,0.384f,0.1367f,-0.9132f,0.237f,0f,0f,0f,1f],start_interpolation: 0,interpolation_duration: 1}
$data merge entity $(bone_l) {transformation: [-0.9182f,-0.0612f,-0.3878f,-0.003f,-0.1403f,0.7366f,0.1256f,1.5073f,0.3706f,0.1273f,-0.9132f,0.5478f,0f,0f,0f,1f],start_interpolation: 0,interpolation_duration: 1}
$data merge entity $(bone_r) {transformation: [-0.9184f,0.0594f,-0.3878f,0.2274f,0.0324f,0.7437f,0.1256f,1.5208f,0.3945f,0.0771f,-0.9132f,0.4518f,0f,0f,0f,1f],start_interpolation: 0,interpolation_duration: 1}
$data merge entity $(bone_sad) {transformation: [-0.3226f,-0.0005f,-0.1939f,-0.0568f,-0.0189f,0.4012f,0.0628f,0.9427f,0.1344f,0.0554f,-0.4566f,0.4759f,0f,0f,0f,1f],start_interpolation: 0,interpolation_duration: 1}
$data merge entity $(bone_head) {transformation: [-0.9219f,-0.0012f,-0.3878f,0.0131f,-0.0541f,0.9906f,0.1256f,1.3373f,0.384f,0.1367f,-0.9132f,0.237f,0f,0f,0f,1f],start_interpolation: 0,interpolation_duration: 1}
$data merge entity $(bone_6) {transformation: [-0.8954f,-0.1548f,-0.4174f,0.2464f,-0.2047f,0.9758f,0.0773f,0.4058f,0.3954f,0.1547f,-0.9054f,0.2173f,0f,0f,0f,1f],start_interpolation: 0,interpolation_duration: 1}
$data merge entity $(bone_12) {transformation: [-0.8954f,-0.3599f,-0.2621f,0.1114f,-0.2047f,0.8555f,-0.4755f,0.7267f,0.3954f,-0.3721f,-0.8398f,0.0778f,0f,0f,0f,1f],start_interpolation: 0,interpolation_duration: 1}
$data merge entity $(bone_10) {transformation: [-0.9218f,-0.0923f,-0.3766f,-0.0251f,-0.0541f,0.9924f,-0.1108f,1.0327f,0.384f,-0.0817f,-0.9197f,0.1025f,0f,0f,0f,1f],start_interpolation: 0,interpolation_duration: 1}
$data merge entity $(bone_9) {transformation: [-0.9218f,0.1175f,-0.3695f,0.019f,-0.0541f,0.9047f,0.4226f,1.372f,0.384f,0.4095f,-0.8276f,0.256f,0f,0f,0f,1f],start_interpolation: 0,interpolation_duration: 1}
$data merge entity $(item_display_item_display) {transformation: [-0.4497f,0.5229f,-0.275f,-0.5268f,-0.2832f,0.1125f,0.6771f,1.0513f,0.5185f,0.515f,0.1313f,0.7723f,0f,0f,0f,1f],start_interpolation: 0,interpolation_duration: 1}
$data merge entity $(bone_2) {transformation: [0.3667f,0.6395f,0.6608f,-0.5734f,-0.9028f,0.3858f,0.1276f,1.1079f,-0.1751f,-0.6499f,0.726f,0.3829f,0f,0f,0f,1f],start_interpolation: 0,interpolation_duration: 1}
$data merge entity $(bone_1) {transformation: [0.3667f,0.8902f,0.2308f,-0.266f,-0.9028f,0.3958f,-0.0921f,1.2433f,-0.1751f,-0.1763f,0.9583f,0.3283f,0f,0f,0f,1f],start_interpolation: 0,interpolation_duration: 1}
$data merge entity $(bone_4) {transformation: [-0.8f,0.3453f,0.4907f,0.5198f,-0.5954f,-0.3556f,-0.7204f,1.0598f,-0.0743f,-0.8685f,0.4901f,0.2378f,0f,0f,0f,1f],start_interpolation: 0,interpolation_duration: 1}
$data merge entity $(bone_3) {transformation: [-0.8173f,-0.5484f,0.177f,0.3142f,-0.5108f,0.5474f,-0.6629f,1.2651f,0.2666f,-0.6322f,-0.7275f,0.0008f,0f,0f,0f,1f],start_interpolation: 0,interpolation_duration: 1}
$data merge entity $(bone_8) {transformation: [-0.9464f,0.2986f,-0.1232f,-0.1384f,0.1576f,0.7598f,0.6308f,0.3953f,0.282f,0.5776f,-0.7661f,0.2661f,0f,0f,0f,1f],start_interpolation: 0,interpolation_duration: 1}
$data merge entity $(bone_7) {transformation: [-0.9464f,0.1425f,-0.2899f,-0.1057f,0.1576f,0.9871f,-0.0294f,0.7025f,0.282f,-0.0735f,-0.9566f,0.2043f,0f,0f,0f,1f],start_interpolation: 0,interpolation_duration: 1}
data modify entity @s data merge value {"cameras":{"camera1":{"px":0.02749999999999974,"py":1.46625,"pz":2.136875,"ry":182.87646484375,"rx":0}},"locators":{}}