# This file was generated by Animated Java via MC-Build. It is not recommended to edit this file directly.
$data merge entity $(bone_layer) {transformation: [-0.9219f,-0.002f,-0.3876f,0.0131f,-0.0541f,0.9909f,0.1236f,1.3373f,0.3839f,0.1349f,-0.9135f,0.237f,0f,0f,0f,1f],start_interpolation: 0,interpolation_duration: 1}
$data merge entity $(bone_l_1) {transformation: [-0.9219f,-0.002f,-0.3876f,0.0047f,-0.0541f,0.9909f,0.1236f,1.4535f,0.3839f,0.1349f,-0.9135f,0.5181f,0f,0f,0f,1f],start_interpolation: 0,interpolation_duration: 1}
$data merge entity $(bone_eye_l) {transformation: [-0.9219f,-0.002f,-0.3876f,0.0095f,-0.0541f,0.9909f,0.1236f,1.3384f,0.3839f,0.1349f,-0.9135f,0.2285f,0f,0f,0f,1f],start_interpolation: 0,interpolation_duration: 1}
$data merge entity $(bone_r_1) {transformation: [-0.9219f,-0.002f,-0.3876f,0.2063f,-0.0541f,0.9909f,0.1236f,1.4654f,0.3839f,0.1349f,-0.9135f,0.4341f,0f,0f,0f,1f],start_interpolation: 0,interpolation_duration: 1}
$data merge entity $(bone_eye_r) {transformation: [-0.9219f,-0.002f,-0.3876f,0.2184f,-0.0541f,0.9909f,0.1236f,1.4391f,0.3839f,0.1349f,-0.9135f,0.4186f,0f,0f,0f,1f],start_interpolation: 0,interpolation_duration: 1}
$data merge entity $(bone_eyes_down) {transformation: [-0.9219f,-0.002f,-0.3876f,0.0129f,-0.0541f,0.9909f,0.1236f,1.4302f,0.3839f,0.1349f,-0.9135f,0.2497f,0f,0f,0f,1f],start_interpolation: 0,interpolation_duration: 1}
$data merge entity $(bone_eyes_up) {transformation: [-0.9219f,-0.002f,-0.3876f,0.0125f,-0.0541f,0.9909f,0.1236f,1.5541f,0.3839f,0.1349f,-0.9135f,0.266f,0f,0f,0f,1f],start_interpolation: 0,interpolation_duration: 1}
$data merge entity $(bone_bone) {transformation: [-0.9219f,-0.002f,-0.3876f,0.0131f,-0.0541f,0.9909f,0.1236f,1.3373f,0.3839f,0.1349f,-0.9135f,0.237f,0f,0f,0f,1f],start_interpolation: 0,interpolation_duration: 1}
$data merge entity $(bone_l) {transformation: [-0.9182f,-0.0618f,-0.3876f,-0.0032f,-0.1403f,0.7368f,0.1236f,1.5078f,0.3706f,0.1259f,-0.9135f,0.5476f,0f,0f,0f,1f],start_interpolation: 0,interpolation_duration: 1}
$data merge entity $(bone_r) {transformation: [-0.9186f,0.0588f,-0.3876f,0.2273f,0.0324f,0.7438f,0.1236f,1.5214f,0.3942f,0.0757f,-0.9135f,0.4516f,0f,0f,0f,1f],start_interpolation: 0,interpolation_duration: 1}
$data merge entity $(bone_sad) {transformation: [-0.2426f,-0.0006f,-0.1457f,-0.0565f,-0.0142f,0.3018f,0.0465f,0.9203f,0.101f,0.0411f,-0.3435f,0.4736f,0f,0f,0f,1f],start_interpolation: 0,interpolation_duration: 1}
$data merge entity $(bone_head) {transformation: [-0.9219f,-0.002f,-0.3876f,0.0131f,-0.0541f,0.9909f,0.1236f,1.3373f,0.3839f,0.1349f,-0.9135f,0.237f,0f,0f,0f,1f],start_interpolation: 0,interpolation_duration: 1}
$data merge entity $(bone_6) {transformation: [-0.8948f,-0.1572f,-0.418f,0.2471f,-0.2065f,0.9756f,0.0751f,0.406f,0.3959f,0.1535f,-0.9054f,0.2171f,0f,0f,0f,1f],start_interpolation: 0,interpolation_duration: 1}
$data merge entity $(bone_12) {transformation: [-0.8948f,-0.3617f,-0.2619f,0.1115f,-0.2065f,0.8551f,-0.4755f,0.7267f,0.3959f,-0.3714f,-0.8398f,0.0778f,0f,0f,0f,1f],start_interpolation: 0,interpolation_duration: 1}
$data merge entity $(bone_10) {transformation: [-0.9218f,-0.0923f,-0.3765f,-0.0253f,-0.0541f,0.9924f,-0.1108f,1.033f,0.3838f,-0.0817f,-0.9198f,0.1019f,0f,0f,0f,1f],start_interpolation: 0,interpolation_duration: 1}
$data merge entity $(bone_9) {transformation: [-0.9218f,0.1181f,-0.3692f,0.019f,-0.0541f,0.9039f,0.4244f,1.372f,0.3838f,0.4112f,-0.8268f,0.2561f,0f,0f,0f,1f],start_interpolation: 0,interpolation_duration: 1}
$data merge entity $(item_display_item_display) {transformation: [-0.4462f,0.5258f,-0.2753f,-0.5249f,-0.2828f,0.1144f,0.6769f,1.0516f,0.5217f,0.5117f,0.1315f,0.7729f,0f,0f,0f,1f],start_interpolation: 0,interpolation_duration: 1}
$data merge entity $(bone_2) {transformation: [0.367f,0.6365f,0.6636f,-0.5732f,-0.9026f,0.3857f,0.1293f,1.1076f,-0.1753f,-0.6529f,0.7232f,0.3837f,0f,0f,0f,1f],start_interpolation: 0,interpolation_duration: 1}
$data merge entity $(bone_1) {transformation: [0.367f,0.8895f,0.2329f,-0.266f,-0.9026f,0.3964f,-0.0914f,1.2433f,-0.1753f,-0.1785f,0.9579f,0.3283f,0f,0f,0f,1f],start_interpolation: 0,interpolation_duration: 1}
$data merge entity $(bone_4) {transformation: [-0.8f,0.3456f,0.4905f,0.5201f,-0.5954f,-0.3557f,-0.7204f,1.0595f,-0.0745f,-0.8683f,0.4904f,0.2375f,0f,0f,0f,1f],start_interpolation: 0,interpolation_duration: 1}
$data merge entity $(bone_3) {transformation: [-0.817f,-0.5488f,0.1768f,0.3142f,-0.5115f,0.5483f,-0.6617f,1.2651f,0.2662f,-0.631f,-0.7287f,0.0009f,0f,0f,0f,1f],start_interpolation: 0,interpolation_duration: 1}
$data merge entity $(bone_8) {transformation: [-0.9462f,0.3001f,-0.1213f,-0.1389f,0.1595f,0.7583f,0.6321f,0.3954f,0.2817f,0.5787f,-0.7653f,0.2663f,0f,0f,0f,1f],start_interpolation: 0,interpolation_duration: 1}
$data merge entity $(bone_7) {transformation: [-0.9462f,0.1443f,-0.2897f,-0.1056f,0.1595f,0.9868f,-0.0294f,0.7025f,0.2817f,-0.074f,-0.9567f,0.2043f,0f,0f,0f,1f],start_interpolation: 0,interpolation_duration: 1}
data modify entity @s data merge value {"cameras":{"camera1":{"px":0.02749999999999974,"py":1.46625,"pz":2.136875,"ry":182.8232,"rx":0}},"locators":{}}