# This file was generated by Animated Java via MC-Build. It is not recommended to edit this file directly.
$data merge entity $(bone_layer) {transformation: [-0.922f,-0.0028f,-0.3875f,0.0132f,-0.0542f,0.9911f,0.1217f,1.3373f,0.3837f,0.1332f,-0.9138f,0.2371f,0f,0f,0f,1f],start_interpolation: 0,interpolation_duration: 1}
$data merge entity $(bone_l_1) {transformation: [-0.922f,-0.0028f,-0.3875f,0.0045f,-0.0542f,0.9911f,0.1217f,1.454f,0.3837f,0.1332f,-0.9138f,0.5179f,0f,0f,0f,1f],start_interpolation: 0,interpolation_duration: 1}
$data merge entity $(bone_eye_l) {transformation: [-0.922f,-0.0028f,-0.3875f,0.0095f,-0.0542f,0.9911f,0.1217f,1.3384f,0.3837f,0.1332f,-0.9138f,0.2285f,0f,0f,0f,1f],start_interpolation: 0,interpolation_duration: 1}
$data merge entity $(bone_r_1) {transformation: [-0.922f,-0.0028f,-0.3875f,0.2062f,-0.0542f,0.9911f,0.1217f,1.4659f,0.3837f,0.1332f,-0.9138f,0.434f,0f,0f,0f,1f],start_interpolation: 0,interpolation_duration: 1}
$data merge entity $(bone_eye_r) {transformation: [-0.922f,-0.0028f,-0.3875f,0.2183f,-0.0542f,0.9911f,0.1217f,1.4396f,0.3837f,0.1332f,-0.9138f,0.4185f,0f,0f,0f,1f],start_interpolation: 0,interpolation_duration: 1}
$data merge entity $(bone_eyes_down) {transformation: [-0.922f,-0.0028f,-0.3875f,0.0129f,-0.0542f,0.9911f,0.1217f,1.4302f,0.3837f,0.1332f,-0.9138f,0.2496f,0f,0f,0f,1f],start_interpolation: 0,interpolation_duration: 1}
$data merge entity $(bone_eyes_up) {transformation: [-0.922f,-0.0028f,-0.3875f,0.0123f,-0.0542f,0.9911f,0.1217f,1.5542f,0.3837f,0.1332f,-0.9138f,0.2657f,0f,0f,0f,1f],start_interpolation: 0,interpolation_duration: 1}
$data merge entity $(bone_bone) {transformation: [-0.922f,-0.0028f,-0.3875f,0.0132f,-0.0542f,0.9911f,0.1217f,1.3373f,0.3837f,0.1332f,-0.9138f,0.2371f,0f,0f,0f,1f],start_interpolation: 0,interpolation_duration: 1}
$data merge entity $(bone_l) {transformation: [-0.9182f,-0.0623f,-0.3875f,-0.0034f,-0.1403f,0.7369f,0.1217f,1.5084f,0.3707f,0.1246f,-0.9138f,0.5473f,0f,0f,0f,1f],start_interpolation: 0,interpolation_duration: 1}
$data merge entity $(bone_r) {transformation: [-0.9187f,0.0582f,-0.3875f,0.2271f,0.0324f,0.744f,0.1217f,1.5219f,0.3939f,0.0744f,-0.9138f,0.4514f,0f,0f,0f,1f],start_interpolation: 0,interpolation_duration: 1}
$data merge entity $(bone_sad) {transformation: [-0.1665f,-0.0006f,-0.1f,-0.0561f,-0.0098f,0.2071f,0.0314f,0.8998f,0.0693f,0.0278f,-0.2358f,0.4715f,0f,0f,0f,1f],start_interpolation: 0,interpolation_duration: 1}
$data merge entity $(bone_head) {transformation: [-0.922f,-0.0028f,-0.3875f,0.0132f,-0.0542f,0.9911f,0.1217f,1.3373f,0.3837f,0.1332f,-0.9138f,0.2371f,0f,0f,0f,1f],start_interpolation: 0,interpolation_duration: 1}
$data merge entity $(bone_6) {transformation: [-0.8941f,-0.1595f,-0.4185f,0.2478f,-0.2081f,0.9754f,0.073f,0.4061f,0.3965f,0.1524f,-0.9053f,0.2169f,0f,0f,0f,1f],start_interpolation: 0,interpolation_duration: 1}
$data merge entity $(bone_12) {transformation: [-0.8941f,-0.3634f,-0.2618f,0.1116f,-0.2081f,0.8547f,-0.4755f,0.7267f,0.3965f,-0.3706f,-0.8399f,0.0779f,0f,0f,0f,1f],start_interpolation: 0,interpolation_duration: 1}
$data merge entity $(bone_10) {transformation: [-0.9219f,-0.0923f,-0.3763f,-0.0255f,-0.0541f,0.9924f,-0.1107f,1.0333f,0.3837f,-0.0817f,-0.9198f,0.1014f,0f,0f,0f,1f],start_interpolation: 0,interpolation_duration: 1}
$data merge entity $(bone_9) {transformation: [-0.9219f,0.1188f,-0.3688f,0.0191f,-0.0541f,0.903f,0.4262f,1.372f,0.3837f,0.4128f,-0.826f,0.2562f,0f,0f,0f,1f],start_interpolation: 0,interpolation_duration: 1}
$data merge entity $(item_display_item_display) {transformation: [-0.4426f,0.5286f,-0.2756f,-0.523f,-0.2825f,0.1163f,0.6768f,1.0519f,0.525f,0.5083f,0.1318f,0.7736f,0f,0f,0f,1f],start_interpolation: 0,interpolation_duration: 1}
$data merge entity $(bone_2) {transformation: [0.3674f,0.6334f,0.6663f,-0.5729f,-0.9023f,0.3856f,0.131f,1.1074f,-0.1757f,-0.6559f,0.7204f,0.3844f,0f,0f,0f,1f],start_interpolation: 0,interpolation_duration: 1}
$data merge entity $(bone_1) {transformation: [0.3674f,0.8887f,0.2351f,-0.2659f,-0.9023f,0.397f,-0.0907f,1.2433f,-0.1757f,-0.1806f,0.9574f,0.3283f,0f,0f,0f,1f],start_interpolation: 0,interpolation_duration: 1}
$data merge entity $(bone_4) {transformation: [-0.7999f,0.346f,0.4904f,0.5203f,-0.5955f,-0.3558f,-0.7202f,1.0592f,-0.0747f,-0.8682f,0.4907f,0.2372f,0f,0f,0f,1f],start_interpolation: 0,interpolation_duration: 1}
$data merge entity $(bone_3) {transformation: [-0.8167f,-0.5494f,0.1766f,0.3143f,-0.5121f,0.5491f,-0.6605f,1.2651f,0.2659f,-0.6298f,-0.7298f,0.001f,0f,0f,0f,1f],start_interpolation: 0,interpolation_duration: 1}
$data merge entity $(bone_8) {transformation: [-0.9459f,0.3017f,-0.1193f,-0.1395f,0.1614f,0.7568f,0.6334f,0.3954f,0.2814f,0.5799f,-0.7646f,0.2665f,0f,0f,0f,1f],start_interpolation: 0,interpolation_duration: 1}
$data merge entity $(bone_7) {transformation: [-0.9459f,0.1462f,-0.2896f,-0.1056f,0.1614f,0.9864f,-0.0294f,0.7025f,0.2814f,-0.0745f,-0.9567f,0.2043f,0f,0f,0f,1f],start_interpolation: 0,interpolation_duration: 1}
data modify entity @s data merge value {"cameras":{"camera":{"posx":0.02749999999999974,"posy":1.46625,"posz":2.136875,"roty":182.75707265625002,"rotx":0}},"locators":{}}