# This file was generated by Animated Java via MC-Build. It is not recommended to edit this file directly.
$data merge entity $(bone_layer) {transformation: [-0.922f,-0.0035f,-0.3874f,0.0132f,-0.0542f,0.9913f,0.1198f,1.3373f,0.3836f,0.1315f,-0.9141f,0.2371f,0f,0f,0f,1f],start_interpolation: 0,interpolation_duration: 1}
$data merge entity $(bone_l_1) {transformation: [-0.922f,-0.0035f,-0.3874f,0.0044f,-0.0542f,0.9913f,0.1198f,1.4545f,0.3836f,0.1315f,-0.9141f,0.5178f,0f,0f,0f,1f],start_interpolation: 0,interpolation_duration: 1}
$data merge entity $(bone_eye_l) {transformation: [-0.922f,-0.0035f,-0.3874f,0.0096f,-0.0542f,0.9913f,0.1198f,1.3384f,0.3836f,0.1315f,-0.9141f,0.2286f,0f,0f,0f,1f],start_interpolation: 0,interpolation_duration: 1}
$data merge entity $(bone_r_1) {transformation: [-0.922f,-0.0035f,-0.3874f,0.2061f,-0.0542f,0.9913f,0.1198f,1.4663f,0.3836f,0.1315f,-0.9141f,0.4338f,0f,0f,0f,1f],start_interpolation: 0,interpolation_duration: 1}
$data merge entity $(bone_eye_r) {transformation: [-0.922f,-0.0035f,-0.3874f,0.2182f,-0.0542f,0.9913f,0.1198f,1.4401f,0.3836f,0.1315f,-0.9141f,0.4184f,0f,0f,0f,1f],start_interpolation: 0,interpolation_duration: 1}
$data merge entity $(bone_eyes_down) {transformation: [-0.922f,-0.0035f,-0.3874f,0.0129f,-0.0542f,0.9913f,0.1198f,1.4302f,0.3836f,0.1315f,-0.9141f,0.2495f,0f,0f,0f,1f],start_interpolation: 0,interpolation_duration: 1}
$data merge entity $(bone_eyes_up) {transformation: [-0.922f,-0.0035f,-0.3874f,0.0122f,-0.0542f,0.9913f,0.1198f,1.5542f,0.3836f,0.1315f,-0.9141f,0.2653f,0f,0f,0f,1f],start_interpolation: 0,interpolation_duration: 1}
$data merge entity $(bone_bone) {transformation: [-0.922f,-0.0035f,-0.3874f,0.0132f,-0.0542f,0.9913f,0.1198f,1.3373f,0.3836f,0.1315f,-0.9141f,0.2371f,0f,0f,0f,1f],start_interpolation: 0,interpolation_duration: 1}
$data merge entity $(bone_l) {transformation: [-0.9182f,-0.0629f,-0.3874f,-0.0035f,-0.1404f,0.7371f,0.1198f,1.5089f,0.3707f,0.1233f,-0.9141f,0.5471f,0f,0f,0f,1f],start_interpolation: 0,interpolation_duration: 1}
$data merge entity $(bone_r) {transformation: [-0.9188f,0.0576f,-0.3874f,0.227f,0.0324f,0.7442f,0.1198f,1.5224f,0.3936f,0.0731f,-0.9141f,0.4512f,0f,0f,0f,1f],start_interpolation: 0,interpolation_duration: 1}
$data merge entity $(bone_sad) {transformation: [-0.0981f,-0.0004f,-0.0589f,-0.0558f,-0.0058f,0.1221f,0.0182f,0.8817f,0.0408f,0.0162f,-0.1389f,0.4699f,0f,0f,0f,1f],start_interpolation: 0,interpolation_duration: 1}
$data merge entity $(bone_head) {transformation: [-0.922f,-0.0035f,-0.3874f,0.0132f,-0.0542f,0.9913f,0.1198f,1.3373f,0.3836f,0.1315f,-0.9141f,0.2371f,0f,0f,0f,1f],start_interpolation: 0,interpolation_duration: 1}
$data merge entity $(bone_6) {transformation: [-0.8935f,-0.1617f,-0.419f,0.2485f,-0.2098f,0.9752f,0.071f,0.4063f,0.3971f,0.1513f,-0.9052f,0.2167f,0f,0f,0f,1f],start_interpolation: 0,interpolation_duration: 1}
$data merge entity $(bone_12) {transformation: [-0.8935f,-0.365f,-0.2617f,0.1116f,-0.2098f,0.8544f,-0.4755f,0.7267f,0.3971f,-0.3699f,-0.8399f,0.0779f,0f,0f,0f,1f],start_interpolation: 0,interpolation_duration: 1}
$data merge entity $(bone_10) {transformation: [-0.9219f,-0.0923f,-0.3762f,-0.0257f,-0.0542f,0.9924f,-0.1107f,1.0336f,0.3836f,-0.0817f,-0.9199f,0.1008f,0f,0f,0f,1f],start_interpolation: 0,interpolation_duration: 1}
$data merge entity $(bone_9) {transformation: [-0.9219f,0.1194f,-0.3685f,0.0191f,-0.0542f,0.9022f,0.4279f,1.372f,0.3836f,0.4144f,-0.8253f,0.2562f,0f,0f,0f,1f],start_interpolation: 0,interpolation_duration: 1}
$data merge entity $(item_display_item_display) {transformation: [-0.4391f,0.5314f,-0.2759f,-0.5212f,-0.2821f,0.1181f,0.6766f,1.0522f,0.5281f,0.5049f,0.132f,0.7742f,0f,0f,0f,1f],start_interpolation: 0,interpolation_duration: 1}
$data merge entity $(bone_2) {transformation: [0.3678f,0.6303f,0.669f,-0.5726f,-0.9021f,0.3856f,0.1327f,1.1071f,-0.1761f,-0.6589f,0.7176f,0.3852f,0f,0f,0f,1f],start_interpolation: 0,interpolation_duration: 1}
$data merge entity $(bone_1) {transformation: [0.3678f,0.888f,0.2373f,-0.2659f,-0.9021f,0.3977f,-0.09f,1.2433f,-0.1761f,-0.1828f,0.9569f,0.3283f,0f,0f,0f,1f],start_interpolation: 0,interpolation_duration: 1}
$data merge entity $(bone_4) {transformation: [-0.7997f,0.3463f,0.4904f,0.5206f,-0.5957f,-0.356f,-0.7201f,1.0589f,-0.0748f,-0.868f,0.491f,0.2368f,0f,0f,0f,1f],start_interpolation: 0,interpolation_duration: 1}
$data merge entity $(bone_3) {transformation: [-0.8164f,-0.5499f,0.1765f,0.3144f,-0.5129f,0.5498f,-0.6593f,1.2651f,0.2655f,-0.6287f,-0.7309f,0.001f,0f,0f,0f,1f],start_interpolation: 0,interpolation_duration: 1}
$data merge entity $(bone_8) {transformation: [-0.9457f,0.3032f,-0.1175f,-0.14f,0.1633f,0.7554f,0.6346f,0.3955f,0.2812f,0.5809f,-0.7638f,0.2667f,0f,0f,0f,1f],start_interpolation: 0,interpolation_duration: 1}
$data merge entity $(bone_7) {transformation: [-0.9457f,0.148f,-0.2895f,-0.1055f,0.1633f,0.9861f,-0.0294f,0.7025f,0.2812f,-0.075f,-0.9567f,0.2043f,0f,0f,0f,1f],start_interpolation: 0,interpolation_duration: 1}
data modify entity @s data merge value {"cameras":{"camera":{"posx":0.02749999999999974,"posy":1.46625,"posz":2.136875,"roty":182.67930625,"rotx":0}},"locators":{}}