# This file was generated by Animated Java via MC-Build. It is not recommended to edit this file directly.
$data merge entity $(bone_layer) {transformation: [-0.922f,-0.0043f,-0.3873f,0.0132f,-0.0542f,0.9915f,0.118f,1.3373f,0.3836f,0.1298f,-0.9144f,0.2372f,0f,0f,0f,1f],start_interpolation: 0,interpolation_duration: 1}
$data merge entity $(bone_l_1) {transformation: [-0.922f,-0.0043f,-0.3873f,0.0043f,-0.0542f,0.9915f,0.118f,1.455f,0.3836f,0.1298f,-0.9144f,0.5176f,0f,0f,0f,1f],start_interpolation: 0,interpolation_duration: 1}
$data merge entity $(bone_eye_l) {transformation: [-0.922f,-0.0043f,-0.3873f,0.0096f,-0.0542f,0.9915f,0.118f,1.3384f,0.3836f,0.1298f,-0.9144f,0.2286f,0f,0f,0f,1f],start_interpolation: 0,interpolation_duration: 1}
$data merge entity $(bone_r_1) {transformation: [-0.922f,-0.0043f,-0.3873f,0.206f,-0.0542f,0.9915f,0.118f,1.4668f,0.3836f,0.1298f,-0.9144f,0.4337f,0f,0f,0f,1f],start_interpolation: 0,interpolation_duration: 1}
$data merge entity $(bone_eye_r) {transformation: [-0.922f,-0.0043f,-0.3873f,0.2181f,-0.0542f,0.9915f,0.118f,1.4405f,0.3836f,0.1298f,-0.9144f,0.4183f,0f,0f,0f,1f],start_interpolation: 0,interpolation_duration: 1}
$data merge entity $(bone_eyes_down) {transformation: [-0.922f,-0.0043f,-0.3873f,0.0128f,-0.0542f,0.9915f,0.118f,1.4302f,0.3836f,0.1298f,-0.9144f,0.2493f,0f,0f,0f,1f],start_interpolation: 0,interpolation_duration: 1}
$data merge entity $(bone_eyes_up) {transformation: [-0.922f,-0.0043f,-0.3873f,0.012f,-0.0542f,0.9915f,0.118f,1.5542f,0.3836f,0.1298f,-0.9144f,0.265f,0f,0f,0f,1f],start_interpolation: 0,interpolation_duration: 1}
$data merge entity $(bone_bone) {transformation: [-0.922f,-0.0043f,-0.3873f,0.0132f,-0.0542f,0.9915f,0.118f,1.3373f,0.3836f,0.1298f,-0.9144f,0.2372f,0f,0f,0f,1f],start_interpolation: 0,interpolation_duration: 1}
$data merge entity $(bone_l) {transformation: [-0.9182f,-0.0635f,-0.3873f,-0.0037f,-0.1404f,0.7373f,0.118f,1.5094f,0.3708f,0.1221f,-0.9144f,0.5468f,0f,0f,0f,1f],start_interpolation: 0,interpolation_duration: 1}
$data merge entity $(bone_r) {transformation: [-0.9189f,0.0571f,-0.3873f,0.2268f,0.0325f,0.7444f,0.118f,1.523f,0.3934f,0.0719f,-0.9144f,0.4509f,0f,0f,0f,1f],start_interpolation: 0,interpolation_duration: 1}
$data merge entity $(bone_sad) {transformation: [-0.0413f,-0.0002f,-0.0248f,-0.0554f,-0.0024f,0.0514f,0.0076f,0.8661f,0.0172f,0.0067f,-0.0585f,0.4686f,0f,0f,0f,1f],start_interpolation: 0,interpolation_duration: 1}
$data merge entity $(bone_head) {transformation: [-0.922f,-0.0043f,-0.3873f,0.0132f,-0.0542f,0.9915f,0.118f,1.3373f,0.3836f,0.1298f,-0.9144f,0.2372f,0f,0f,0f,1f],start_interpolation: 0,interpolation_duration: 1}
$data merge entity $(bone_6) {transformation: [-0.8928f,-0.1638f,-0.4196f,0.2491f,-0.2113f,0.975f,0.069f,0.4064f,0.3978f,0.1503f,-0.9051f,0.2164f,0f,0f,0f,1f],start_interpolation: 0,interpolation_duration: 1}
$data merge entity $(bone_12) {transformation: [-0.8928f,-0.3666f,-0.2616f,0.1117f,-0.2113f,0.854f,-0.4755f,0.7267f,0.3978f,-0.3692f,-0.8399f,0.078f,0f,0f,0f,1f],start_interpolation: 0,interpolation_duration: 1}
$data merge entity $(bone_10) {transformation: [-0.9219f,-0.0923f,-0.3762f,-0.0259f,-0.0542f,0.9924f,-0.1107f,1.0339f,0.3835f,-0.0817f,-0.9199f,0.1003f,0f,0f,0f,1f],start_interpolation: 0,interpolation_duration: 1}
$data merge entity $(bone_9) {transformation: [-0.9219f,0.1201f,-0.3683f,0.0191f,-0.0542f,0.9014f,0.4295f,1.372f,0.3835f,0.416f,-0.8246f,0.2563f,0f,0f,0f,1f],start_interpolation: 0,interpolation_duration: 1}
$data merge entity $(item_display_item_display) {transformation: [-0.4356f,0.5341f,-0.2762f,-0.5193f,-0.2818f,0.1199f,0.6764f,1.0525f,0.5312f,0.5016f,0.1323f,0.7748f,0f,0f,0f,1f],start_interpolation: 0,interpolation_duration: 1}
$data merge entity $(bone_2) {transformation: [0.3682f,0.6273f,0.6716f,-0.5724f,-0.9019f,0.3856f,0.1343f,1.1069f,-0.1765f,-0.6618f,0.7149f,0.386f,0f,0f,0f,1f],start_interpolation: 0,interpolation_duration: 1}
$data merge entity $(bone_1) {transformation: [0.3682f,0.8872f,0.2395f,-0.2659f,-0.9019f,0.3984f,-0.0893f,1.2433f,-0.1765f,-0.185f,0.9564f,0.3284f,0f,0f,0f,1f],start_interpolation: 0,interpolation_duration: 1}
$data merge entity $(bone_4) {transformation: [-0.7996f,0.3466f,0.4904f,0.5208f,-0.5959f,-0.3561f,-0.7198f,1.0587f,-0.0749f,-0.8678f,0.4912f,0.2365f,0f,0f,0f,1f],start_interpolation: 0,interpolation_duration: 1}
$data merge entity $(bone_3) {transformation: [-0.816f,-0.5505f,0.1764f,0.3144f,-0.5136f,0.5505f,-0.6581f,1.2651f,0.2652f,-0.6276f,-0.732f,0.0011f,0f,0f,0f,1f],start_interpolation: 0,interpolation_duration: 1}
$data merge entity $(bone_8) {transformation: [-0.9454f,0.3046f,-0.1158f,-0.1405f,0.1651f,0.754f,0.6358f,0.3956f,0.2809f,0.582f,-0.7631f,0.2668f,0f,0f,0f,1f],start_interpolation: 0,interpolation_duration: 1}
$data merge entity $(bone_7) {transformation: [-0.9454f,0.1497f,-0.2894f,-0.1055f,0.1651f,0.9858f,-0.0293f,0.7025f,0.2809f,-0.0755f,-0.9567f,0.2044f,0f,0f,0f,1f],start_interpolation: 0,interpolation_duration: 1}
data modify entity @s data merge value {"cameras":{"camera1":{"px":0.02749999999999974,"py":1.46625,"pz":2.136875,"ry":182.59112421875,"rx":0}},"locators":{}}