# This file was generated by Animated Java via MC-Build. It is not recommended to edit this file directly.
$data merge entity $(bone_layer) {transformation: [-0.5476f,-0.0149f,-0.8367f,-0.0728f,-0.0025f,0.9999f,-0.0162f,1.315f,0.8369f,-0.0067f,-0.5475f,0.0134f,0f,0f,0f,1f],start_interpolation: 0,interpolation_duration: 1}
$data merge entity $(bone_l_1) {transformation: [-0.5476f,-0.0149f,-0.8367f,0.065f,-0.0025f,0.9999f,-0.0162f,1.4717f,0.8369f,-0.0067f,-0.5475f,0.2348f,0f,0f,0f,1f],start_interpolation: 0,interpolation_duration: 1}
$data merge entity $(bone_eye_l) {transformation: [-0.5476f,-0.0149f,-0.8367f,-0.0807f,-0.0025f,0.9999f,-0.0162f,1.3149f,0.8369f,-0.0067f,-0.5475f,0.0083f,0f,0f,0f,1f],start_interpolation: 0,interpolation_duration: 1}
$data merge entity $(bone_r_1) {transformation: [-0.5476f,-0.0149f,-0.8367f,0.1848f,-0.0025f,0.9999f,-0.0162f,1.4723f,0.8369f,-0.0067f,-0.5475f,0.0517f,0f,0f,0f,1f],start_interpolation: 0,interpolation_duration: 1}
$data merge entity $(bone_eye_r) {transformation: [-0.5476f,-0.0149f,-0.8367f,0.1885f,-0.0025f,0.9999f,-0.0162f,1.4441f,0.8369f,-0.0067f,-0.5475f,0.0354f,0f,0f,0f,1f],start_interpolation: 0,interpolation_duration: 1}
$data merge entity $(bone_eyes_down) {transformation: [-0.5476f,-0.0149f,-0.8367f,-0.0742f,-0.0025f,0.9999f,-0.0162f,1.4088f,0.8369f,-0.0067f,-0.5475f,0.0128f,0f,0f,0f,1f],start_interpolation: 0,interpolation_duration: 1}
$data merge entity $(bone_eyes_up) {transformation: [-0.5476f,-0.0149f,-0.8367f,-0.0764f,-0.0025f,0.9999f,-0.0162f,1.5176f,0.8369f,-0.0067f,-0.5475f,0.0117f,0f,0f,0f,1f],start_interpolation: 0,interpolation_duration: 1}
$data merge entity $(bone_bone) {transformation: [-0.5476f,-0.0149f,-0.8367f,-0.0728f,-0.0025f,0.9999f,-0.0162f,1.315f,0.8369f,-0.0067f,-0.5475f,0.0134f,0f,0f,0f,1f],start_interpolation: 0,interpolation_duration: 1}
$data merge entity $(bone_l) {transformation: [-0.5476f,-0.0112f,-0.8367f,0.0702f,-0.0025f,0.7499f,-0.0162f,1.5177f,0.8369f,-0.005f,-0.5475f,0.257f,0f,0f,0f,1f],start_interpolation: 0,interpolation_duration: 1}
$data merge entity $(bone_r) {transformation: [-0.5476f,-0.0112f,-0.8367f,0.207f,-0.0025f,0.7499f,-0.0162f,1.5183f,0.8369f,-0.005f,-0.5475f,0.0478f,0f,0f,0f,1f],start_interpolation: 0,interpolation_duration: 1}
$data merge entity $(bone_sad) {transformation: [-0.8772f,-0.0054f,-0.8902f,0.0373f,-0.0041f,0.3643f,-0.0172f,1.4472f,1.3406f,-0.0024f,-0.5825f,0.2808f,0f,0f,0f,1f],start_interpolation: 0,interpolation_duration: 1}
$data merge entity $(bone_head) {transformation: [-0.5476f,-0.0149f,-0.8367f,-0.0728f,-0.0025f,0.9999f,-0.0162f,1.315f,0.8369f,-0.0067f,-0.5475f,0.0134f,0f,0f,0f,1f],start_interpolation: 0,interpolation_duration: 1}
$data merge entity $(bone_6) {transformation: [-0.543f,0.0764f,-0.8362f,0.0219f,-0.133f,0.9755f,0.1755f,0.3693f,0.8291f,0.2065f,-0.5195f,-0.1224f,0f,0f,0f,1f],start_interpolation: 0,interpolation_duration: 1}
$data merge entity $(bone_12) {transformation: [-0.543f,-0.4173f,-0.7287f,-0.1346f,-0.133f,0.8996f,-0.416f,0.7066f,0.8291f,-0.1289f,-0.544f,-0.1708f,0f,0f,0f,1f],start_interpolation: 0,interpolation_duration: 1}
$data merge entity $(bone_10) {transformation: [-0.5475f,-0.0353f,-0.836f,-0.1995f,-0.0025f,0.9992f,-0.0405f,1.0161f,0.8368f,-0.02f,-0.5472f,-0.0704f,0f,0f,0f,1f],start_interpolation: 0,interpolation_duration: 1}
$data merge entity $(bone_9) {transformation: [-0.5475f,0.3873f,-0.7418f,-0.0542f,-0.0025f,0.8857f,0.4643f,1.3483f,0.8368f,0.2561f,-0.4839f,0.0257f,0f,0f,0f,1f],start_interpolation: 0,interpolation_duration: 1}
$data merge entity $(item_display_item_display) {transformation: [0.302f,0.6597f,-0.1575f,0.0792f,-0.5072f,0.3342f,0.427f,0.9303f,0.4503f,-0.0661f,0.5866f,0.5615f,0f,0f,0f,1f],start_interpolation: 0,interpolation_duration: 1}
$data merge entity $(bone_2) {transformation: [0.2101f,-0.4033f,0.8794f,-0.2964f,-0.5694f,0.676f,0.446f,0.9599f,-0.7822f,-0.6004f,-0.0885f,0.4391f,0f,0f,0f,1f],start_interpolation: 0,interpolation_duration: 1}
$data merge entity $(bone_1) {transformation: [0.2101f,0.0902f,0.9632f,-0.2594f,-0.5694f,0.8084f,0.0485f,1.2381f,-0.7822f,-0.5643f,0.2234f,0.2465f,0f,0f,0f,1f],start_interpolation: 0,interpolation_duration: 1}
$data merge entity $(bone_4) {transformation: [-0.4438f,-0.8095f,0.3844f,0.3375f,-0.4772f,-0.1497f,-0.866f,1.0242f,0.7586f,-0.5677f,-0.3199f,-0.2905f,0f,0f,0f,1f],start_interpolation: 0,interpolation_duration: 1}
$data merge entity $(bone_3) {transformation: [-0.4438f,-0.816f,-0.3703f,0.0315f,-0.4772f,0.565f,-0.6732f,1.236f,0.7586f,-0.122f,-0.6401f,-0.3363f,0f,0f,0f,1f],start_interpolation: 0,interpolation_duration: 1}
$data merge entity $(bone_8) {transformation: [-0.6105f,0.6127f,-0.5019f,-0.2586f,0.1906f,0.7287f,0.6578f,0.385f,0.7687f,0.3059f,-0.5616f,0.1212f,0f,0f,0f,1f],start_interpolation: 0,interpolation_duration: 1}
$data merge entity $(bone_7) {transformation: [-0.6105f,0.147f,-0.7783f,-0.2443f,0.1906f,0.981f,0.0358f,0.693f,0.7687f,-0.1265f,-0.6269f,0.0562f,0f,0f,0f,1f],start_interpolation: 0,interpolation_duration: 1}
data modify entity @s data merge value {"cameras":{"camera":{"posx":0.20494911233547577,"posy":1.478813113921585,"posz":1.5419749144335921,"roty":165.656985625,"rotx":0}},"locators":{}}