# This file was generated by Animated Java via MC-Build. It is not recommended to edit this file directly.
$data merge entity $(bone_layer) {transformation: [-0.922f,-0.0049f,-0.3873f,0.0132f,-0.0542f,0.9917f,0.1163f,1.3373f,0.3835f,0.1282f,-0.9146f,0.2372f,0f,0f,0f,1f],start_interpolation: 0,interpolation_duration: 1}
$data merge entity $(bone_l_1) {transformation: [-0.922f,-0.0049f,-0.3873f,0.0042f,-0.0542f,0.9917f,0.1163f,1.4554f,0.3835f,0.1282f,-0.9146f,0.5174f,0f,0f,0f,1f],start_interpolation: 0,interpolation_duration: 1}
$data merge entity $(bone_eye_l) {transformation: [-0.922f,-0.0049f,-0.3873f,0.0096f,-0.0542f,0.9917f,0.1163f,1.3384f,0.3835f,0.1282f,-0.9146f,0.2286f,0f,0f,0f,1f],start_interpolation: 0,interpolation_duration: 1}
$data merge entity $(bone_r_1) {transformation: [-0.922f,-0.0049f,-0.3873f,0.2059f,-0.0542f,0.9917f,0.1163f,1.4673f,0.3835f,0.1282f,-0.9146f,0.4335f,0f,0f,0f,1f],start_interpolation: 0,interpolation_duration: 1}
$data merge entity $(bone_eye_r) {transformation: [-0.922f,-0.0049f,-0.3873f,0.218f,-0.0542f,0.9917f,0.1163f,1.4409f,0.3835f,0.1282f,-0.9146f,0.4182f,0f,0f,0f,1f],start_interpolation: 0,interpolation_duration: 1}
$data merge entity $(bone_eyes_down) {transformation: [-0.922f,-0.0049f,-0.3873f,0.0128f,-0.0542f,0.9917f,0.1163f,1.4303f,0.3835f,0.1282f,-0.9146f,0.2492f,0f,0f,0f,1f],start_interpolation: 0,interpolation_duration: 1}
$data merge entity $(bone_eyes_up) {transformation: [-0.922f,-0.0049f,-0.3873f,0.0119f,-0.0542f,0.9917f,0.1163f,1.5543f,0.3835f,0.1282f,-0.9146f,0.2647f,0f,0f,0f,1f],start_interpolation: 0,interpolation_duration: 1}
$data merge entity $(bone_bone) {transformation: [-0.922f,-0.0049f,-0.3873f,0.0132f,-0.0542f,0.9917f,0.1163f,1.3373f,0.3835f,0.1282f,-0.9146f,0.2372f,0f,0f,0f,1f],start_interpolation: 0,interpolation_duration: 1}
$data merge entity $(bone_l) {transformation: [-0.9181f,-0.064f,-0.3873f,-0.0038f,-0.1404f,0.7374f,0.1163f,1.5099f,0.3709f,0.1209f,-0.9146f,0.5465f,0f,0f,0f,1f],start_interpolation: 0,interpolation_duration: 1}
$data merge entity $(bone_r) {transformation: [-0.919f,0.0566f,-0.3873f,0.2267f,0.0325f,0.7445f,0.1163f,1.5234f,0.3932f,0.0707f,-0.9146f,0.4507f,0f,0f,0f,1f],start_interpolation: 0,interpolation_duration: 1}
$data merge entity $(bone_sad) {transformation: [0f,0f,0f,-0.055f,0f,0f,0f,0.8534f,0f,0f,0f,0.4676f,0f,0f,0f,1f],start_interpolation: 0,interpolation_duration: 1}
$data merge entity $(bone_head) {transformation: [-0.922f,-0.0049f,-0.3873f,0.0132f,-0.0542f,0.9917f,0.1163f,1.3373f,0.3835f,0.1282f,-0.9146f,0.2372f,0f,0f,0f,1f],start_interpolation: 0,interpolation_duration: 1}
$data merge entity $(bone_6) {transformation: [-0.8922f,-0.1659f,-0.4201f,0.2497f,-0.2128f,0.9748f,0.0671f,0.4066f,0.3984f,0.1493f,-0.905f,0.2162f,0f,0f,0f,1f],start_interpolation: 0,interpolation_duration: 1}
$data merge entity $(bone_12) {transformation: [-0.8922f,-0.3682f,-0.2616f,0.1117f,-0.2128f,0.8536f,-0.4755f,0.7267f,0.3984f,-0.3685f,-0.8399f,0.078f,0f,0f,0f,1f],start_interpolation: 0,interpolation_duration: 1}
$data merge entity $(bone_10) {transformation: [-0.922f,-0.0923f,-0.3761f,-0.0261f,-0.0542f,0.9924f,-0.1107f,1.0342f,0.3835f,-0.0817f,-0.9199f,0.0997f,0f,0f,0f,1f],start_interpolation: 0,interpolation_duration: 1}
$data merge entity $(bone_9) {transformation: [-0.922f,0.1207f,-0.368f,0.0191f,-0.0542f,0.9007f,0.4311f,1.372f,0.3835f,0.4174f,-0.8238f,0.2563f,0f,0f,0f,1f],start_interpolation: 0,interpolation_duration: 1}
$data merge entity $(item_display_item_display) {transformation: [-0.4322f,0.5367f,-0.2765f,-0.5176f,-0.2815f,0.1217f,0.6762f,1.0527f,0.5341f,0.4984f,0.1326f,0.7754f,0f,0f,0f,1f],start_interpolation: 0,interpolation_duration: 1}
$data merge entity $(bone_2) {transformation: [0.3686f,0.6243f,0.6741f,-0.5721f,-0.9016f,0.3856f,0.1359f,1.1067f,-0.1769f,-0.6645f,0.7122f,0.3867f,0f,0f,0f,1f],start_interpolation: 0,interpolation_duration: 1}
$data merge entity $(bone_1) {transformation: [0.3686f,0.8864f,0.2417f,-0.2659f,-0.9016f,0.3991f,-0.0887f,1.2433f,-0.1769f,-0.1871f,0.9559f,0.3284f,0f,0f,0f,1f],start_interpolation: 0,interpolation_duration: 1}
$data merge entity $(bone_4) {transformation: [-0.7994f,0.3469f,0.4905f,0.5211f,-0.5961f,-0.3562f,-0.7196f,1.0585f,-0.0749f,-0.8676f,0.4915f,0.2361f,0f,0f,0f,1f],start_interpolation: 0,interpolation_duration: 1}
$data merge entity $(bone_3) {transformation: [-0.8156f,-0.5511f,0.1764f,0.3144f,-0.5144f,0.5511f,-0.657f,1.2651f,0.2649f,-0.6266f,-0.733f,0.0011f,0f,0f,0f,1f],start_interpolation: 0,interpolation_duration: 1}
$data merge entity $(bone_8) {transformation: [-0.9452f,0.306f,-0.1141f,-0.141f,0.1668f,0.7527f,0.6369f,0.3957f,0.2808f,0.583f,-0.7624f,0.267f,0f,0f,0f,1f],start_interpolation: 0,interpolation_duration: 1}
$data merge entity $(bone_7) {transformation: [-0.9452f,0.1514f,-0.2894f,-0.1055f,0.1668f,0.9856f,-0.0293f,0.7025f,0.2808f,-0.076f,-0.9568f,0.2044f,0f,0f,0f,1f],start_interpolation: 0,interpolation_duration: 1}
data modify entity @s data merge value {"cameras":{"camera":{"posx":0.02749999999999974,"posy":1.46625,"posz":2.136875,"roty":182.49374999999998,"rotx":0}},"locators":{}}