# This file was generated by Animated Java via MC-Build. It is not recommended to edit this file directly.
$data merge entity $(bone_layer) {transformation: [-0.9221f,-0.0056f,-0.3872f,0.0132f,-0.0542f,0.9919f,0.1147f,1.3373f,0.3835f,0.1267f,-0.9148f,0.2372f,0f,0f,0f,1f],start_interpolation: 0,interpolation_duration: 1}
$data merge entity $(bone_l_1) {transformation: [-0.9221f,-0.0056f,-0.3872f,0.0041f,-0.0542f,0.9919f,0.1147f,1.4558f,0.3835f,0.1267f,-0.9148f,0.5172f,0f,0f,0f,1f],start_interpolation: 0,interpolation_duration: 1}
$data merge entity $(bone_eye_l) {transformation: [-0.9221f,-0.0056f,-0.3872f,0.0096f,-0.0542f,0.9919f,0.1147f,1.3384f,0.3835f,0.1267f,-0.9148f,0.2286f,0f,0f,0f,1f],start_interpolation: 0,interpolation_duration: 1}
$data merge entity $(bone_r_1) {transformation: [-0.9221f,-0.0056f,-0.3872f,0.2058f,-0.0542f,0.9919f,0.1147f,1.4677f,0.3835f,0.1267f,-0.9148f,0.4333f,0f,0f,0f,1f],start_interpolation: 0,interpolation_duration: 1}
$data merge entity $(bone_eye_r) {transformation: [-0.9221f,-0.0056f,-0.3872f,0.2179f,-0.0542f,0.9919f,0.1147f,1.4413f,0.3835f,0.1267f,-0.9148f,0.4181f,0f,0f,0f,1f],start_interpolation: 0,interpolation_duration: 1}
$data merge entity $(bone_eyes_down) {transformation: [-0.9221f,-0.0056f,-0.3872f,0.0127f,-0.0542f,0.9919f,0.1147f,1.4303f,0.3835f,0.1267f,-0.9148f,0.2491f,0f,0f,0f,1f],start_interpolation: 0,interpolation_duration: 1}
$data merge entity $(bone_eyes_up) {transformation: [-0.9221f,-0.0056f,-0.3872f,0.0118f,-0.0542f,0.9919f,0.1147f,1.5543f,0.3835f,0.1267f,-0.9148f,0.2643f,0f,0f,0f,1f],start_interpolation: 0,interpolation_duration: 1}
$data merge entity $(bone_bone) {transformation: [-0.9221f,-0.0056f,-0.3872f,0.0132f,-0.0542f,0.9919f,0.1147f,1.3373f,0.3835f,0.1267f,-0.9148f,0.2372f,0f,0f,0f,1f],start_interpolation: 0,interpolation_duration: 1}
$data merge entity $(bone_l) {transformation: [-0.9181f,-0.0644f,-0.3872f,-0.004f,-0.1404f,0.7376f,0.1147f,1.5103f,0.371f,0.1197f,-0.9148f,0.5463f,0f,0f,0f,1f],start_interpolation: 0,interpolation_duration: 1}
$data merge entity $(bone_r) {transformation: [-0.919f,0.0561f,-0.3872f,0.2265f,0.0325f,0.7447f,0.1147f,1.5239f,0.3931f,0.0696f,-0.9148f,0.4504f,0f,0f,0f,1f],start_interpolation: 0,interpolation_duration: 1}
$data merge entity $(bone_sad) {transformation: [0f,0f,0f,-0.0547f,0f,0f,0f,0.8537f,0f,0f,0f,0.4684f,0f,0f,0f,1f],start_interpolation: 0,interpolation_duration: 1}
$data merge entity $(bone_head) {transformation: [-0.9221f,-0.0056f,-0.3872f,0.0132f,-0.0542f,0.9919f,0.1147f,1.3373f,0.3835f,0.1267f,-0.9148f,0.2372f,0f,0f,0f,1f],start_interpolation: 0,interpolation_duration: 1}
$data merge entity $(bone_6) {transformation: [-0.8916f,-0.1678f,-0.4206f,0.2503f,-0.2142f,0.9746f,0.0653f,0.4067f,0.399f,0.1483f,-0.9049f,0.2159f,0f,0f,0f,1f],start_interpolation: 0,interpolation_duration: 1}
$data merge entity $(bone_12) {transformation: [-0.8916f,-0.3696f,-0.2616f,0.1117f,-0.2142f,0.8532f,-0.4755f,0.7267f,0.399f,-0.3679f,-0.8399f,0.078f,0f,0f,0f,1f],start_interpolation: 0,interpolation_duration: 1}
$data merge entity $(bone_10) {transformation: [-0.922f,-0.0923f,-0.3761f,-0.0264f,-0.0542f,0.9924f,-0.1107f,1.0345f,0.3835f,-0.0817f,-0.9199f,0.0992f,0f,0f,0f,1f],start_interpolation: 0,interpolation_duration: 1}
$data merge entity $(bone_9) {transformation: [-0.922f,0.1213f,-0.3678f,0.0191f,-0.0542f,0.9f,0.4326f,1.372f,0.3835f,0.4188f,-0.8232f,0.2563f,0f,0f,0f,1f],start_interpolation: 0,interpolation_duration: 1}
$data merge entity $(item_display_item_display) {transformation: [-0.4289f,0.5392f,-0.2768f,-0.5158f,-0.2812f,0.1233f,0.676f,1.0529f,0.5369f,0.4953f,0.133f,0.776f,0f,0f,0f,1f],start_interpolation: 0,interpolation_duration: 1}
$data merge entity $(bone_2) {transformation: [0.369f,0.6215f,0.6765f,-0.5719f,-0.9014f,0.3857f,0.1374f,1.1064f,-0.1773f,-0.6672f,0.7096f,0.3874f,0f,0f,0f,1f],start_interpolation: 0,interpolation_duration: 1}
$data merge entity $(bone_1) {transformation: [0.369f,0.8857f,0.2438f,-0.2659f,-0.9014f,0.3998f,-0.0881f,1.2433f,-0.1773f,-0.1891f,0.9555f,0.3284f,0f,0f,0f,1f],start_interpolation: 0,interpolation_duration: 1}
$data merge entity $(bone_4) {transformation: [-0.7992f,0.3472f,0.4906f,0.5213f,-0.5963f,-0.3563f,-0.7193f,1.0583f,-0.075f,-0.8675f,0.4918f,0.2357f,0f,0f,0f,1f],start_interpolation: 0,interpolation_duration: 1}
$data merge entity $(bone_3) {transformation: [-0.8152f,-0.5516f,0.1764f,0.3144f,-0.5152f,0.5516f,-0.656f,1.2651f,0.2646f,-0.6256f,-0.7339f,0.0011f,0f,0f,0f,1f],start_interpolation: 0,interpolation_duration: 1}
$data merge entity $(bone_8) {transformation: [-0.9449f,0.3073f,-0.1125f,-0.1415f,0.1684f,0.7514f,0.638f,0.3958f,0.2806f,0.5839f,-0.7618f,0.2671f,0f,0f,0f,1f],start_interpolation: 0,interpolation_duration: 1}
$data merge entity $(bone_7) {transformation: [-0.9449f,0.1529f,-0.2894f,-0.1055f,0.1684f,0.9853f,-0.0293f,0.7025f,0.2806f,-0.0764f,-0.9568f,0.2044f,0f,0f,0f,1f],start_interpolation: 0,interpolation_duration: 1}
data modify entity @s data merge value {"cameras":{"camera":{"posx":0.02749999999999974,"posy":1.46625,"posz":2.136875,"roty":182.38840703125,"rotx":0}},"locators":{}}