# This file was generated by Animated Java via MC-Build. It is not recommended to edit this file directly.
$data merge entity $(bone_layer) {transformation: [-0.922f,-0.0062f,-0.3872f,0.0132f,-0.0542f,0.9921f,0.1132f,1.3373f,0.3835f,0.1253f,-0.915f,0.2372f,0f,0f,0f,1f],start_interpolation: 0,interpolation_duration: 1}
$data merge entity $(bone_l_1) {transformation: [-0.922f,-0.0062f,-0.3872f,0.004f,-0.0542f,0.9921f,0.1132f,1.4562f,0.3835f,0.1253f,-0.915f,0.5171f,0f,0f,0f,1f],start_interpolation: 0,interpolation_duration: 1}
$data merge entity $(bone_eye_l) {transformation: [-0.922f,-0.0062f,-0.3872f,0.0096f,-0.0542f,0.9921f,0.1132f,1.3383f,0.3835f,0.1253f,-0.915f,0.2286f,0f,0f,0f,1f],start_interpolation: 0,interpolation_duration: 1}
$data merge entity $(bone_r_1) {transformation: [-0.922f,-0.0062f,-0.3872f,0.2057f,-0.0542f,0.9921f,0.1132f,1.4681f,0.3835f,0.1253f,-0.915f,0.4332f,0f,0f,0f,1f],start_interpolation: 0,interpolation_duration: 1}
$data merge entity $(bone_eye_r) {transformation: [-0.922f,-0.0062f,-0.3872f,0.2179f,-0.0542f,0.9921f,0.1132f,1.4417f,0.3835f,0.1253f,-0.915f,0.4179f,0f,0f,0f,1f],start_interpolation: 0,interpolation_duration: 1}
$data merge entity $(bone_eyes_down) {transformation: [-0.922f,-0.0062f,-0.3872f,0.0126f,-0.0542f,0.9921f,0.1132f,1.4303f,0.3835f,0.1253f,-0.915f,0.2489f,0f,0f,0f,1f],start_interpolation: 0,interpolation_duration: 1}
$data merge entity $(bone_eyes_up) {transformation: [-0.922f,-0.0062f,-0.3872f,0.0116f,-0.0542f,0.9921f,0.1132f,1.5544f,0.3835f,0.1253f,-0.915f,0.264f,0f,0f,0f,1f],start_interpolation: 0,interpolation_duration: 1}
$data merge entity $(bone_bone) {transformation: [-0.922f,-0.0062f,-0.3872f,0.0132f,-0.0542f,0.9921f,0.1132f,1.3373f,0.3835f,0.1253f,-0.915f,0.2372f,0f,0f,0f,1f],start_interpolation: 0,interpolation_duration: 1}
$data merge entity $(bone_l) {transformation: [-0.918f,-0.0649f,-0.3872f,-0.0041f,-0.1404f,0.7377f,0.1132f,1.5108f,0.3711f,0.1187f,-0.915f,0.546f,0f,0f,0f,1f],start_interpolation: 0,interpolation_duration: 1}
$data merge entity $(bone_r) {transformation: [-0.9191f,0.0557f,-0.3872f,0.2264f,0.0325f,0.7448f,0.1132f,1.5243f,0.393f,0.0686f,-0.915f,0.4502f,0f,0f,0f,1f],start_interpolation: 0,interpolation_duration: 1}
$data merge entity $(bone_sad) {transformation: [0f,0f,0f,-0.0545f,0f,0f,0f,0.854f,0f,0f,0f,0.4691f,0f,0f,0f,1f],start_interpolation: 0,interpolation_duration: 1}
$data merge entity $(bone_head) {transformation: [-0.922f,-0.0062f,-0.3872f,0.0132f,-0.0542f,0.9921f,0.1132f,1.3373f,0.3835f,0.1253f,-0.915f,0.2372f,0f,0f,0f,1f],start_interpolation: 0,interpolation_duration: 1}
$data merge entity $(bone_6) {transformation: [-0.891f,-0.1696f,-0.4211f,0.2508f,-0.2155f,0.9744f,0.0636f,0.4068f,0.3995f,0.1475f,-0.9048f,0.2157f,0f,0f,0f,1f],start_interpolation: 0,interpolation_duration: 1}
$data merge entity $(bone_12) {transformation: [-0.891f,-0.371f,-0.2616f,0.1117f,-0.2155f,0.8529f,-0.4755f,0.7267f,0.3995f,-0.3673f,-0.8399f,0.078f,0f,0f,0f,1f],start_interpolation: 0,interpolation_duration: 1}
$data merge entity $(bone_10) {transformation: [-0.922f,-0.0923f,-0.3761f,-0.0266f,-0.0542f,0.9924f,-0.1107f,1.0347f,0.3835f,-0.0817f,-0.9199f,0.0988f,0f,0f,0f,1f],start_interpolation: 0,interpolation_duration: 1}
$data merge entity $(bone_9) {transformation: [-0.922f,0.1219f,-0.3676f,0.0191f,-0.0542f,0.8993f,0.434f,1.372f,0.3835f,0.42f,-0.8225f,0.2563f,0f,0f,0f,1f],start_interpolation: 0,interpolation_duration: 1}
$data merge entity $(item_display_item_display) {transformation: [-0.4258f,0.5415f,-0.2771f,-0.5142f,-0.2809f,0.1249f,0.6759f,1.0531f,0.5395f,0.4924f,0.1333f,0.7765f,0f,0f,0f,1f],start_interpolation: 0,interpolation_duration: 1}
$data merge entity $(bone_2) {transformation: [0.3694f,0.6187f,0.6788f,-0.5717f,-0.9011f,0.3857f,0.1388f,1.1062f,-0.1777f,-0.6697f,0.7071f,0.3881f,0f,0f,0f,1f],start_interpolation: 0,interpolation_duration: 1}
$data merge entity $(bone_1) {transformation: [0.3694f,0.885f,0.2458f,-0.2659f,-0.9011f,0.4005f,-0.0875f,1.2433f,-0.1777f,-0.1911f,0.955f,0.3284f,0f,0f,0f,1f],start_interpolation: 0,interpolation_duration: 1}
$data merge entity $(bone_4) {transformation: [-0.799f,0.3475f,0.4908f,0.5215f,-0.5966f,-0.3563f,-0.7191f,1.0581f,-0.075f,-0.8673f,0.492f,0.2354f,0f,0f,0f,1f],start_interpolation: 0,interpolation_duration: 1}
$data merge entity $(bone_3) {transformation: [-0.8148f,-0.5522f,0.1764f,0.3144f,-0.5159f,0.5521f,-0.655f,1.2651f,0.2643f,-0.6247f,-0.7348f,0.0011f,0f,0f,0f,1f],start_interpolation: 0,interpolation_duration: 1}
$data merge entity $(bone_8) {transformation: [-0.9447f,0.3086f,-0.1111f,-0.142f,0.1699f,0.7502f,0.639f,0.3959f,0.2805f,0.5848f,-0.7612f,0.2673f,0f,0f,0f,1f],start_interpolation: 0,interpolation_duration: 1}
$data merge entity $(bone_7) {transformation: [-0.9447f,0.1544f,-0.2894f,-0.1055f,0.1699f,0.985f,-0.0293f,0.7025f,0.2805f,-0.0769f,-0.9568f,0.2044f,0f,0f,0f,1f],start_interpolation: 0,interpolation_duration: 1}
data modify entity @s data merge value {"cameras":{"camera1":{"px":0.02749999999999974,"py":1.46625,"pz":2.136875,"ry":182.27631875,"rx":0}},"locators":{}}