# This file was generated by Animated Java via MC-Build. It is not recommended to edit this file directly.
$data merge entity $(bone_layer) {transformation: [-0.922f,-0.0067f,-0.3873f,0.0132f,-0.0542f,0.9923f,0.1118f,1.3373f,0.3836f,0.124f,-0.9152f,0.2372f,0f,0f,0f,1f],start_interpolation: 0,interpolation_duration: 1}
$data merge entity $(bone_l_1) {transformation: [-0.922f,-0.0067f,-0.3873f,0.0039f,-0.0542f,0.9923f,0.1118f,1.4566f,0.3836f,0.124f,-0.9152f,0.5169f,0f,0f,0f,1f],start_interpolation: 0,interpolation_duration: 1}
$data merge entity $(bone_eye_l) {transformation: [-0.922f,-0.0067f,-0.3873f,0.0096f,-0.0542f,0.9923f,0.1118f,1.3383f,0.3836f,0.124f,-0.9152f,0.2286f,0f,0f,0f,1f],start_interpolation: 0,interpolation_duration: 1}
$data merge entity $(bone_r_1) {transformation: [-0.922f,-0.0067f,-0.3873f,0.2056f,-0.0542f,0.9923f,0.1118f,1.4684f,0.3836f,0.124f,-0.9152f,0.433f,0f,0f,0f,1f],start_interpolation: 0,interpolation_duration: 1}
$data merge entity $(bone_eye_r) {transformation: [-0.922f,-0.0067f,-0.3873f,0.2178f,-0.0542f,0.9923f,0.1118f,1.4421f,0.3836f,0.124f,-0.9152f,0.4178f,0f,0f,0f,1f],start_interpolation: 0,interpolation_duration: 1}
$data merge entity $(bone_eyes_down) {transformation: [-0.922f,-0.0067f,-0.3873f,0.0126f,-0.0542f,0.9923f,0.1118f,1.4303f,0.3836f,0.124f,-0.9152f,0.2488f,0f,0f,0f,1f],start_interpolation: 0,interpolation_duration: 1}
$data merge entity $(bone_eyes_up) {transformation: [-0.922f,-0.0067f,-0.3873f,0.0115f,-0.0542f,0.9923f,0.1118f,1.5544f,0.3836f,0.124f,-0.9152f,0.2637f,0f,0f,0f,1f],start_interpolation: 0,interpolation_duration: 1}
$data merge entity $(bone_bone) {transformation: [-0.922f,-0.0067f,-0.3873f,0.0132f,-0.0542f,0.9923f,0.1118f,1.3373f,0.3836f,0.124f,-0.9152f,0.2372f,0f,0f,0f,1f],start_interpolation: 0,interpolation_duration: 1}
$data merge entity $(bone_l) {transformation: [-0.9179f,-0.0653f,-0.3873f,-0.0042f,-0.1404f,0.7378f,0.1118f,1.5112f,0.3713f,0.1177f,-0.9152f,0.5458f,0f,0f,0f,1f],start_interpolation: 0,interpolation_duration: 1}
$data merge entity $(bone_r) {transformation: [-0.9191f,0.0553f,-0.3873f,0.2263f,0.0325f,0.7449f,0.1118f,1.5247f,0.3929f,0.0676f,-0.9152f,0.4499f,0f,0f,0f,1f],start_interpolation: 0,interpolation_duration: 1}
$data merge entity $(bone_sad) {transformation: [0f,0f,0f,-0.0542f,0f,0f,0f,0.8543f,0f,0f,0f,0.4697f,0f,0f,0f,1f],start_interpolation: 0,interpolation_duration: 1}
$data merge entity $(bone_head) {transformation: [-0.922f,-0.0067f,-0.3873f,0.0132f,-0.0542f,0.9923f,0.1118f,1.3373f,0.3836f,0.124f,-0.9152f,0.2372f,0f,0f,0f,1f],start_interpolation: 0,interpolation_duration: 1}
$data merge entity $(bone_6) {transformation: [-0.8905f,-0.1712f,-0.4216f,0.2513f,-0.2167f,0.9743f,0.0621f,0.4069f,0.4001f,0.1467f,-0.9047f,0.2155f,0f,0f,0f,1f],start_interpolation: 0,interpolation_duration: 1}
$data merge entity $(bone_12) {transformation: [-0.8905f,-0.3723f,-0.2616f,0.1117f,-0.2167f,0.8526f,-0.4755f,0.7267f,0.4001f,-0.3667f,-0.8399f,0.078f,0f,0f,0f,1f],start_interpolation: 0,interpolation_duration: 1}
$data merge entity $(bone_10) {transformation: [-0.9219f,-0.0923f,-0.3762f,-0.0268f,-0.0542f,0.9924f,-0.1107f,1.0349f,0.3835f,-0.0817f,-0.9199f,0.0983f,0f,0f,0f,1f],start_interpolation: 0,interpolation_duration: 1}
$data merge entity $(bone_9) {transformation: [-0.9219f,0.1224f,-0.3675f,0.0191f,-0.0542f,0.8987f,0.4352f,1.372f,0.3835f,0.4212f,-0.8219f,0.2563f,0f,0f,0f,1f],start_interpolation: 0,interpolation_duration: 1}
$data merge entity $(item_display_item_display) {transformation: [-0.4229f,0.5437f,-0.2773f,-0.5127f,-0.2807f,0.1263f,0.6757f,1.0533f,0.5419f,0.4897f,0.1336f,0.777f,0f,0f,0f,1f],start_interpolation: 0,interpolation_duration: 1}
$data merge entity $(bone_2) {transformation: [0.3698f,0.6162f,0.6809f,-0.5714f,-0.9009f,0.3858f,0.1402f,1.106f,-0.1781f,-0.672f,0.7048f,0.3887f,0f,0f,0f,1f],start_interpolation: 0,interpolation_duration: 1}
$data merge entity $(bone_1) {transformation: [0.3698f,0.8843f,0.2477f,-0.2659f,-0.9009f,0.4011f,-0.087f,1.2433f,-0.1781f,-0.1929f,0.9545f,0.3284f,0f,0f,0f,1f],start_interpolation: 0,interpolation_duration: 1}
$data merge entity $(bone_4) {transformation: [-0.7988f,0.3477f,0.4909f,0.5217f,-0.5969f,-0.3564f,-0.7188f,1.0579f,-0.075f,-0.8672f,0.4923f,0.235f,0f,0f,0f,1f],start_interpolation: 0,interpolation_duration: 1}
$data merge entity $(bone_3) {transformation: [-0.8144f,-0.5528f,0.1764f,0.3144f,-0.5167f,0.5525f,-0.6541f,1.2651f,0.2641f,-0.6238f,-0.7356f,0.0011f,0f,0f,0f,1f],start_interpolation: 0,interpolation_duration: 1}
$data merge entity $(bone_8) {transformation: [-0.9445f,0.3098f,-0.1098f,-0.1424f,0.1713f,0.7491f,0.6399f,0.396f,0.2805f,0.5855f,-0.7606f,0.2674f,0f,0f,0f,1f],start_interpolation: 0,interpolation_duration: 1}
$data merge entity $(bone_7) {transformation: [-0.9445f,0.1557f,-0.2894f,-0.1055f,0.1713f,0.9848f,-0.0293f,0.7025f,0.2805f,-0.0773f,-0.9568f,0.2044f,0f,0f,0f,1f],start_interpolation: 0,interpolation_duration: 1}
data modify entity @s data merge value {"cameras":{"camera1":{"px":0.02749999999999974,"py":1.46625,"pz":2.136875,"ry":182.15870859375,"rx":0}},"locators":{}}