# This file was generated by Animated Java via MC-Build. It is not recommended to edit this file directly.
$data merge entity $(bone_layer) {transformation: [-0.922f,-0.0072f,-0.3873f,0.0132f,-0.0542f,0.9924f,0.1105f,1.3373f,0.3836f,0.1228f,-0.9153f,0.2371f,0f,0f,0f,1f],start_interpolation: 0,interpolation_duration: 1}
$data merge entity $(bone_l_1) {transformation: [-0.922f,-0.0072f,-0.3873f,0.0038f,-0.0542f,0.9924f,0.1105f,1.4569f,0.3836f,0.1228f,-0.9153f,0.5167f,0f,0f,0f,1f],start_interpolation: 0,interpolation_duration: 1}
$data merge entity $(bone_eye_l) {transformation: [-0.922f,-0.0072f,-0.3873f,0.0096f,-0.0542f,0.9924f,0.1105f,1.3383f,0.3836f,0.1228f,-0.9153f,0.2286f,0f,0f,0f,1f],start_interpolation: 0,interpolation_duration: 1}
$data merge entity $(bone_r_1) {transformation: [-0.922f,-0.0072f,-0.3873f,0.2055f,-0.0542f,0.9924f,0.1105f,1.4687f,0.3836f,0.1228f,-0.9153f,0.4328f,0f,0f,0f,1f],start_interpolation: 0,interpolation_duration: 1}
$data merge entity $(bone_eye_r) {transformation: [-0.922f,-0.0072f,-0.3873f,0.2177f,-0.0542f,0.9924f,0.1105f,1.4424f,0.3836f,0.1228f,-0.9153f,0.4176f,0f,0f,0f,1f],start_interpolation: 0,interpolation_duration: 1}
$data merge entity $(bone_eyes_down) {transformation: [-0.922f,-0.0072f,-0.3873f,0.0125f,-0.0542f,0.9924f,0.1105f,1.4303f,0.3836f,0.1228f,-0.9153f,0.2487f,0f,0f,0f,1f],start_interpolation: 0,interpolation_duration: 1}
$data merge entity $(bone_eyes_up) {transformation: [-0.922f,-0.0072f,-0.3873f,0.0114f,-0.0542f,0.9924f,0.1105f,1.5544f,0.3836f,0.1228f,-0.9153f,0.2634f,0f,0f,0f,1f],start_interpolation: 0,interpolation_duration: 1}
$data merge entity $(bone_bone) {transformation: [-0.922f,-0.0072f,-0.3873f,0.0132f,-0.0542f,0.9924f,0.1105f,1.3373f,0.3836f,0.1228f,-0.9153f,0.2371f,0f,0f,0f,1f],start_interpolation: 0,interpolation_duration: 1}
$data merge entity $(bone_l) {transformation: [-0.9179f,-0.0656f,-0.3873f,-0.0043f,-0.1405f,0.7379f,0.1105f,1.5115f,0.3715f,0.1169f,-0.9153f,0.5456f,0f,0f,0f,1f],start_interpolation: 0,interpolation_duration: 1}
$data merge entity $(bone_r) {transformation: [-0.9191f,0.0549f,-0.3873f,0.2262f,0.0325f,0.745f,0.1105f,1.5251f,0.3929f,0.0667f,-0.9153f,0.4497f,0f,0f,0f,1f],start_interpolation: 0,interpolation_duration: 1}
$data merge entity $(bone_sad) {transformation: [0f,0f,0f,-0.054f,0f,0f,0f,0.8545f,0f,0f,0f,0.4702f,0f,0f,0f,1f],start_interpolation: 0,interpolation_duration: 1}
$data merge entity $(bone_head) {transformation: [-0.922f,-0.0072f,-0.3873f,0.0132f,-0.0542f,0.9924f,0.1105f,1.3373f,0.3836f,0.1228f,-0.9153f,0.2371f,0f,0f,0f,1f],start_interpolation: 0,interpolation_duration: 1}
$data merge entity $(bone_6) {transformation: [-0.89f,-0.1727f,-0.422f,0.2517f,-0.2178f,0.9741f,0.0607f,0.407f,0.4006f,0.1459f,-0.9046f,0.2153f,0f,0f,0f,1f],start_interpolation: 0,interpolation_duration: 1}
$data merge entity $(bone_12) {transformation: [-0.89f,-0.3734f,-0.2617f,0.1116f,-0.2178f,0.8523f,-0.4755f,0.7267f,0.4006f,-0.3662f,-0.8399f,0.0779f,0f,0f,0f,1f],start_interpolation: 0,interpolation_duration: 1}
$data merge entity $(bone_10) {transformation: [-0.9219f,-0.0923f,-0.3762f,-0.027f,-0.0542f,0.9924f,-0.1107f,1.0352f,0.3836f,-0.0817f,-0.9199f,0.0979f,0f,0f,0f,1f],start_interpolation: 0,interpolation_duration: 1}
$data merge entity $(bone_9) {transformation: [-0.9219f,0.1229f,-0.3674f,0.0191f,-0.0542f,0.8981f,0.4364f,1.372f,0.3836f,0.4222f,-0.8213f,0.2562f,0f,0f,0f,1f],start_interpolation: 0,interpolation_duration: 1}
$data merge entity $(item_display_item_display) {transformation: [-0.4202f,0.5456f,-0.2776f,-0.5113f,-0.2805f,0.1277f,0.6755f,1.0535f,0.5441f,0.4872f,0.1339f,0.7774f,0f,0f,0f,1f],start_interpolation: 0,interpolation_duration: 1}
$data merge entity $(bone_2) {transformation: [0.3701f,0.6139f,0.6829f,-0.5712f,-0.9007f,0.3858f,0.1413f,1.1058f,-0.1785f,-0.6741f,0.7027f,0.3893f,0f,0f,0f,1f],start_interpolation: 0,interpolation_duration: 1}
$data merge entity $(bone_1) {transformation: [0.3701f,0.8837f,0.2495f,-0.2659f,-0.9007f,0.4017f,-0.0866f,1.2433f,-0.1785f,-0.1946f,0.9541f,0.3283f,0f,0f,0f,1f],start_interpolation: 0,interpolation_duration: 1}
$data merge entity $(bone_4) {transformation: [-0.7986f,0.3479f,0.4911f,0.5218f,-0.5972f,-0.3565f,-0.7185f,1.0578f,-0.0749f,-0.8671f,0.4925f,0.2347f,0f,0f,0f,1f],start_interpolation: 0,interpolation_duration: 1}
$data merge entity $(bone_3) {transformation: [-0.8141f,-0.5533f,0.1764f,0.3144f,-0.5173f,0.5529f,-0.6532f,1.2651f,0.2639f,-0.6231f,-0.7363f,0.0011f,0f,0f,0f,1f],start_interpolation: 0,interpolation_duration: 1}
$data merge entity $(bone_8) {transformation: [-0.9442f,0.3108f,-0.1086f,-0.1428f,0.1726f,0.7482f,0.6407f,0.396f,0.2804f,0.5862f,-0.7601f,0.2675f,0f,0f,0f,1f],start_interpolation: 0,interpolation_duration: 1}
$data merge entity $(bone_7) {transformation: [-0.9442f,0.1569f,-0.2895f,-0.1055f,0.1726f,0.9846f,-0.0293f,0.7025f,0.2804f,-0.0776f,-0.9567f,0.2043f,0f,0f,0f,1f],start_interpolation: 0,interpolation_duration: 1}
data modify entity @s data merge value {"cameras":{"camera1":{"px":0.02749999999999974,"py":1.46625,"pz":2.136875,"ry":182.0368,"rx":0}},"locators":{}}