# This file was generated by Animated Java via MC-Build. It is not recommended to edit this file directly.
$data merge entity $(bone_layer) {transformation: [-0.922f,-0.0076f,-0.3874f,0.0132f,-0.0542f,0.9925f,0.1094f,1.3373f,0.3837f,0.1218f,-0.9154f,0.2371f,0f,0f,0f,1f],start_interpolation: 0,interpolation_duration: 1}
$data merge entity $(bone_l_1) {transformation: [-0.922f,-0.0076f,-0.3874f,0.0038f,-0.0542f,0.9925f,0.1094f,1.4572f,0.3837f,0.1218f,-0.9154f,0.5166f,0f,0f,0f,1f],start_interpolation: 0,interpolation_duration: 1}
$data merge entity $(bone_eye_l) {transformation: [-0.922f,-0.0076f,-0.3874f,0.0095f,-0.0542f,0.9925f,0.1094f,1.3383f,0.3837f,0.1218f,-0.9154f,0.2285f,0f,0f,0f,1f],start_interpolation: 0,interpolation_duration: 1}
$data merge entity $(bone_r_1) {transformation: [-0.922f,-0.0076f,-0.3874f,0.2055f,-0.0542f,0.9925f,0.1094f,1.469f,0.3837f,0.1218f,-0.9154f,0.4326f,0f,0f,0f,1f],start_interpolation: 0,interpolation_duration: 1}
$data merge entity $(bone_eye_r) {transformation: [-0.922f,-0.0076f,-0.3874f,0.2177f,-0.0542f,0.9925f,0.1094f,1.4427f,0.3837f,0.1218f,-0.9154f,0.4175f,0f,0f,0f,1f],start_interpolation: 0,interpolation_duration: 1}
$data merge entity $(bone_eyes_down) {transformation: [-0.922f,-0.0076f,-0.3874f,0.0125f,-0.0542f,0.9925f,0.1094f,1.4303f,0.3837f,0.1218f,-0.9154f,0.2485f,0f,0f,0f,1f],start_interpolation: 0,interpolation_duration: 1}
$data merge entity $(bone_eyes_up) {transformation: [-0.922f,-0.0076f,-0.3874f,0.0113f,-0.0542f,0.9925f,0.1094f,1.5545f,0.3837f,0.1218f,-0.9154f,0.2632f,0f,0f,0f,1f],start_interpolation: 0,interpolation_duration: 1}
$data merge entity $(bone_bone) {transformation: [-0.922f,-0.0076f,-0.3874f,0.0132f,-0.0542f,0.9925f,0.1094f,1.3373f,0.3837f,0.1218f,-0.9154f,0.2371f,0f,0f,0f,1f],start_interpolation: 0,interpolation_duration: 1}
$data merge entity $(bone_l) {transformation: [-0.9178f,-0.0659f,-0.3874f,-0.0044f,-0.1405f,0.738f,0.1094f,1.5118f,0.3716f,0.1161f,-0.9154f,0.5453f,0f,0f,0f,1f],start_interpolation: 0,interpolation_duration: 1}
$data merge entity $(bone_r) {transformation: [-0.9191f,0.0546f,-0.3874f,0.2261f,0.0326f,0.7451f,0.1094f,1.5254f,0.3929f,0.0659f,-0.9154f,0.4494f,0f,0f,0f,1f],start_interpolation: 0,interpolation_duration: 1}
$data merge entity $(bone_sad) {transformation: [0f,0f,0f,-0.0538f,0f,0f,0f,0.8547f,0f,0f,0f,0.4707f,0f,0f,0f,1f],start_interpolation: 0,interpolation_duration: 1}
$data merge entity $(bone_head) {transformation: [-0.922f,-0.0076f,-0.3874f,0.0132f,-0.0542f,0.9925f,0.1094f,1.3373f,0.3837f,0.1218f,-0.9154f,0.2371f,0f,0f,0f,1f],start_interpolation: 0,interpolation_duration: 1}
$data merge entity $(bone_6) {transformation: [-0.8895f,-0.174f,-0.4224f,0.252f,-0.2188f,0.974f,0.0595f,0.4071f,0.4011f,0.1453f,-0.9044f,0.215f,0f,0f,0f,1f],start_interpolation: 0,interpolation_duration: 1}
$data merge entity $(bone_12) {transformation: [-0.8895f,-0.3744f,-0.2618f,0.1116f,-0.2188f,0.8521f,-0.4755f,0.7267f,0.4011f,-0.3657f,-0.8399f,0.0779f,0f,0f,0f,1f],start_interpolation: 0,interpolation_duration: 1}
$data merge entity $(bone_10) {transformation: [-0.9219f,-0.0923f,-0.3763f,-0.0272f,-0.0542f,0.9924f,-0.1107f,1.0353f,0.3837f,-0.0817f,-0.9199f,0.0975f,0f,0f,0f,1f],start_interpolation: 0,interpolation_duration: 1}
$data merge entity $(bone_9) {transformation: [-0.9219f,0.1233f,-0.3673f,0.0191f,-0.0542f,0.8977f,0.4374f,1.372f,0.3837f,0.4231f,-0.8209f,0.2562f,0f,0f,0f,1f],start_interpolation: 0,interpolation_duration: 1}
$data merge entity $(item_display_item_display) {transformation: [-0.4178f,0.5473f,-0.2778f,-0.5101f,-0.2803f,0.1288f,0.6754f,1.0536f,0.546f,0.4849f,0.1341f,0.7778f,0f,0f,0f,1f],start_interpolation: 0,interpolation_duration: 1}
$data merge entity $(bone_2) {transformation: [0.3704f,0.6118f,0.6846f,-0.5711f,-0.9005f,0.3859f,0.1424f,1.1056f,-0.1789f,-0.676f,0.7008f,0.3898f,0f,0f,0f,1f],start_interpolation: 0,interpolation_duration: 1}
$data merge entity $(bone_1) {transformation: [0.3704f,0.8831f,0.2511f,-0.2659f,-0.9005f,0.4022f,-0.0861f,1.2433f,-0.1789f,-0.1962f,0.9537f,0.3283f,0f,0f,0f,1f],start_interpolation: 0,interpolation_duration: 1}
$data merge entity $(bone_4) {transformation: [-0.7984f,0.3481f,0.4913f,0.522f,-0.5974f,-0.3566f,-0.7183f,1.0577f,-0.0748f,-0.867f,0.4926f,0.2344f,0f,0f,0f,1f],start_interpolation: 0,interpolation_duration: 1}
$data merge entity $(bone_3) {transformation: [-0.8137f,-0.5538f,0.1765f,0.3143f,-0.5179f,0.5531f,-0.6525f,1.2651f,0.2637f,-0.6224f,-0.7369f,0.001f,0f,0f,0f,1f],start_interpolation: 0,interpolation_duration: 1}
$data merge entity $(bone_8) {transformation: [-0.944f,0.3118f,-0.1076f,-0.1432f,0.1737f,0.7473f,0.6414f,0.3961f,0.2804f,0.5868f,-0.7596f,0.2676f,0f,0f,0f,1f],start_interpolation: 0,interpolation_duration: 1}
$data merge entity $(bone_7) {transformation: [-0.944f,0.1579f,-0.2896f,-0.1056f,0.1737f,0.9844f,-0.0293f,0.7025f,0.2804f,-0.078f,-0.9567f,0.2043f,0f,0f,0f,1f],start_interpolation: 0,interpolation_duration: 1}
data modify entity @s data merge value {"cameras":{"camera":{"posx":0.02749999999999974,"posy":1.46625,"posz":2.136875,"roty":181.91181640625,"rotx":0}},"locators":{}}