# This file was generated by Animated Java via MC-Build. It is not recommended to edit this file directly.
$data merge entity $(bone_layer) {transformation: [-0.9219f,-0.008f,-0.3875f,0.0131f,-0.0541f,0.9926f,0.1084f,1.3373f,0.3838f,0.1209f,-0.9155f,0.2371f,0f,0f,0f,1f],start_interpolation: 0,interpolation_duration: 1}
$data merge entity $(bone_l_1) {transformation: [-0.9219f,-0.008f,-0.3875f,0.0037f,-0.0541f,0.9926f,0.1084f,1.4574f,0.3838f,0.1209f,-0.9155f,0.5164f,0f,0f,0f,1f],start_interpolation: 0,interpolation_duration: 1}
$data merge entity $(bone_eye_l) {transformation: [-0.9219f,-0.008f,-0.3875f,0.0095f,-0.0541f,0.9926f,0.1084f,1.3383f,0.3838f,0.1209f,-0.9155f,0.2285f,0f,0f,0f,1f],start_interpolation: 0,interpolation_duration: 1}
$data merge entity $(bone_r_1) {transformation: [-0.9219f,-0.008f,-0.3875f,0.2054f,-0.0541f,0.9926f,0.1084f,1.4693f,0.3838f,0.1209f,-0.9155f,0.4325f,0f,0f,0f,1f],start_interpolation: 0,interpolation_duration: 1}
$data merge entity $(bone_eye_r) {transformation: [-0.9219f,-0.008f,-0.3875f,0.2176f,-0.0541f,0.9926f,0.1084f,1.4429f,0.3838f,0.1209f,-0.9155f,0.4173f,0f,0f,0f,1f],start_interpolation: 0,interpolation_duration: 1}
$data merge entity $(bone_eyes_down) {transformation: [-0.9219f,-0.008f,-0.3875f,0.0124f,-0.0541f,0.9926f,0.1084f,1.4303f,0.3838f,0.1209f,-0.9155f,0.2484f,0f,0f,0f,1f],start_interpolation: 0,interpolation_duration: 1}
$data merge entity $(bone_eyes_up) {transformation: [-0.9219f,-0.008f,-0.3875f,0.0112f,-0.0541f,0.9926f,0.1084f,1.5545f,0.3838f,0.1209f,-0.9155f,0.2629f,0f,0f,0f,1f],start_interpolation: 0,interpolation_duration: 1}
$data merge entity $(bone_bone) {transformation: [-0.9219f,-0.008f,-0.3875f,0.0131f,-0.0541f,0.9926f,0.1084f,1.3373f,0.3838f,0.1209f,-0.9155f,0.2371f,0f,0f,0f,1f],start_interpolation: 0,interpolation_duration: 1}
$data merge entity $(bone_l) {transformation: [-0.9177f,-0.0662f,-0.3875f,-0.0045f,-0.1405f,0.7381f,0.1084f,1.5121f,0.3718f,0.1154f,-0.9155f,0.5451f,0f,0f,0f,1f],start_interpolation: 0,interpolation_duration: 1}
$data merge entity $(bone_r) {transformation: [-0.9191f,0.0543f,-0.3875f,0.226f,0.0326f,0.7452f,0.1084f,1.5257f,0.3929f,0.0653f,-0.9155f,0.4492f,0f,0f,0f,1f],start_interpolation: 0,interpolation_duration: 1}
$data merge entity $(bone_sad) {transformation: [0f,0f,0f,-0.0537f,0f,0f,0f,0.8549f,0f,0f,0f,0.4711f,0f,0f,0f,1f],start_interpolation: 0,interpolation_duration: 1}
$data merge entity $(bone_head) {transformation: [-0.9219f,-0.008f,-0.3875f,0.0131f,-0.0541f,0.9926f,0.1084f,1.3373f,0.3838f,0.1209f,-0.9155f,0.2371f,0f,0f,0f,1f],start_interpolation: 0,interpolation_duration: 1}
$data merge entity $(bone_6) {transformation: [-0.8891f,-0.1751f,-0.4228f,0.2523f,-0.2195f,0.9739f,0.0584f,0.4072f,0.4015f,0.1448f,-0.9043f,0.2148f,0f,0f,0f,1f],start_interpolation: 0,interpolation_duration: 1}
$data merge entity $(bone_12) {transformation: [-0.8891f,-0.3753f,-0.2619f,0.1115f,-0.2195f,0.8519f,-0.4755f,0.7267f,0.4015f,-0.3653f,-0.8398f,0.0779f,0f,0f,0f,1f],start_interpolation: 0,interpolation_duration: 1}
$data merge entity $(bone_10) {transformation: [-0.9218f,-0.0923f,-0.3764f,-0.0274f,-0.0541f,0.9924f,-0.1107f,1.0355f,0.3838f,-0.0817f,-0.9198f,0.0972f,0f,0f,0f,1f],start_interpolation: 0,interpolation_duration: 1}
$data merge entity $(bone_9) {transformation: [-0.9218f,0.1237f,-0.3673f,0.019f,-0.0541f,0.8972f,0.4382f,1.372f,0.3838f,0.4238f,-0.8204f,0.2561f,0f,0f,0f,1f],start_interpolation: 0,interpolation_duration: 1}
$data merge entity $(item_display_item_display) {transformation: [-0.4158f,0.5488f,-0.278f,-0.509f,-0.2802f,0.1298f,0.6752f,1.0537f,0.5477f,0.483f,0.1344f,0.7781f,0f,0f,0f,1f],start_interpolation: 0,interpolation_duration: 1}
$data merge entity $(bone_2) {transformation: [0.3707f,0.6099f,0.6861f,-0.5709f,-0.9003f,0.386f,0.1433f,1.1054f,-0.1792f,-0.6776f,0.6992f,0.3902f,0f,0f,0f,1f],start_interpolation: 0,interpolation_duration: 1}
$data merge entity $(bone_1) {transformation: [0.3707f,0.8826f,0.2525f,-0.266f,-0.9003f,0.4027f,-0.0858f,1.2433f,-0.1792f,-0.1975f,0.9534f,0.3283f,0f,0f,0f,1f],start_interpolation: 0,interpolation_duration: 1}
$data merge entity $(bone_4) {transformation: [-0.7983f,0.3482f,0.4915f,0.5221f,-0.5977f,-0.3566f,-0.7181f,1.0576f,-0.0747f,-0.8669f,0.4928f,0.2341f,0f,0f,0f,1f],start_interpolation: 0,interpolation_duration: 1}
$data merge entity $(bone_3) {transformation: [-0.8134f,-0.5542f,0.1765f,0.3143f,-0.5185f,0.5534f,-0.6519f,1.2651f,0.2636f,-0.6218f,-0.7375f,0.0009f,0f,0f,0f,1f],start_interpolation: 0,interpolation_duration: 1}
$data merge entity $(bone_8) {transformation: [-0.9439f,0.3126f,-0.1068f,-0.1435f,0.1746f,0.7466f,0.642f,0.3961f,0.2804f,0.5873f,-0.7593f,0.2676f,0f,0f,0f,1f],start_interpolation: 0,interpolation_duration: 1}
$data merge entity $(bone_7) {transformation: [-0.9439f,0.1588f,-0.2897f,-0.1056f,0.1746f,0.9842f,-0.0293f,0.7025f,0.2804f,-0.0783f,-0.9567f,0.2043f,0f,0f,0f,1f],start_interpolation: 0,interpolation_duration: 1}
data modify entity @s data merge value {"cameras":{"camera":{"posx":0.02749999999999974,"posy":1.46625,"posz":2.136875,"roty":181.78498125,"rotx":0}},"locators":{}}