# This file was generated by Animated Java via MC-Build. It is not recommended to edit this file directly.
$data merge entity $(bone_layer) {transformation: [-0.9219f,-0.0082f,-0.3876f,0.0131f,-0.0541f,0.9927f,0.1077f,1.3373f,0.3839f,0.1202f,-0.9155f,0.237f,0f,0f,0f,1f],start_interpolation: 0,interpolation_duration: 1}
$data merge entity $(bone_l_1) {transformation: [-0.9219f,-0.0082f,-0.3876f,0.0037f,-0.0541f,0.9927f,0.1077f,1.4576f,0.3839f,0.1202f,-0.9155f,0.5163f,0f,0f,0f,1f],start_interpolation: 0,interpolation_duration: 1}
$data merge entity $(bone_eye_l) {transformation: [-0.9219f,-0.0082f,-0.3876f,0.0095f,-0.0541f,0.9927f,0.1077f,1.3383f,0.3839f,0.1202f,-0.9155f,0.2284f,0f,0f,0f,1f],start_interpolation: 0,interpolation_duration: 1}
$data merge entity $(bone_r_1) {transformation: [-0.9219f,-0.0082f,-0.3876f,0.2053f,-0.0541f,0.9927f,0.1077f,1.4695f,0.3839f,0.1202f,-0.9155f,0.4323f,0f,0f,0f,1f],start_interpolation: 0,interpolation_duration: 1}
$data merge entity $(bone_eye_r) {transformation: [-0.9219f,-0.0082f,-0.3876f,0.2176f,-0.0541f,0.9927f,0.1077f,1.4431f,0.3839f,0.1202f,-0.9155f,0.4172f,0f,0f,0f,1f],start_interpolation: 0,interpolation_duration: 1}
$data merge entity $(bone_eyes_down) {transformation: [-0.9219f,-0.0082f,-0.3876f,0.0123f,-0.0541f,0.9927f,0.1077f,1.4304f,0.3839f,0.1202f,-0.9155f,0.2483f,0f,0f,0f,1f],start_interpolation: 0,interpolation_duration: 1}
$data merge entity $(bone_eyes_up) {transformation: [-0.9219f,-0.0082f,-0.3876f,0.0111f,-0.0541f,0.9927f,0.1077f,1.5545f,0.3839f,0.1202f,-0.9155f,0.2627f,0f,0f,0f,1f],start_interpolation: 0,interpolation_duration: 1}
$data merge entity $(bone_bone) {transformation: [-0.9219f,-0.0082f,-0.3876f,0.0131f,-0.0541f,0.9927f,0.1077f,1.3373f,0.3839f,0.1202f,-0.9155f,0.237f,0f,0f,0f,1f],start_interpolation: 0,interpolation_duration: 1}
$data merge entity $(bone_l) {transformation: [-0.9177f,-0.0664f,-0.3876f,-0.0045f,-0.1404f,0.7382f,0.1077f,1.5123f,0.372f,0.1149f,-0.9155f,0.545f,0f,0f,0f,1f],start_interpolation: 0,interpolation_duration: 1}
$data merge entity $(bone_r) {transformation: [-0.9191f,0.0541f,-0.3876f,0.2259f,0.0326f,0.7452f,0.1077f,1.5259f,0.3929f,0.0647f,-0.9155f,0.449f,0f,0f,0f,1f],start_interpolation: 0,interpolation_duration: 1}
$data merge entity $(bone_sad) {transformation: [0f,0f,0f,-0.0536f,0f,0f,0f,0.8551f,0f,0f,0f,0.4713f,0f,0f,0f,1f],start_interpolation: 0,interpolation_duration: 1}
$data merge entity $(bone_head) {transformation: [-0.9219f,-0.0082f,-0.3876f,0.0131f,-0.0541f,0.9927f,0.1077f,1.3373f,0.3839f,0.1202f,-0.9155f,0.237f,0f,0f,0f,1f],start_interpolation: 0,interpolation_duration: 1}
$data merge entity $(bone_6) {transformation: [-0.8888f,-0.1759f,-0.4232f,0.2525f,-0.2202f,0.9738f,0.0576f,0.4073f,0.4019f,0.1444f,-0.9042f,0.2147f,0f,0f,0f,1f],start_interpolation: 0,interpolation_duration: 1}
$data merge entity $(bone_12) {transformation: [-0.8888f,-0.376f,-0.262f,0.1115f,-0.2202f,0.8517f,-0.4755f,0.7267f,0.4019f,-0.365f,-0.8398f,0.0778f,0f,0f,0f,1f],start_interpolation: 0,interpolation_duration: 1}
$data merge entity $(bone_10) {transformation: [-0.9218f,-0.0923f,-0.3765f,-0.0275f,-0.0541f,0.9924f,-0.1108f,1.0356f,0.3839f,-0.0817f,-0.9198f,0.0969f,0f,0f,0f,1f],start_interpolation: 0,interpolation_duration: 1}
$data merge entity $(bone_9) {transformation: [-0.9218f,0.1241f,-0.3673f,0.019f,-0.0541f,0.8969f,0.4389f,1.372f,0.3839f,0.4244f,-0.8201f,0.2561f,0f,0f,0f,1f],start_interpolation: 0,interpolation_duration: 1}
$data merge entity $(item_display_item_display) {transformation: [-0.4141f,0.55f,-0.2782f,-0.5081f,-0.28f,0.1306f,0.6751f,1.0538f,0.549f,0.4814f,0.1346f,0.7784f,0f,0f,0f,1f],start_interpolation: 0,interpolation_duration: 1}
$data merge entity $(bone_2) {transformation: [0.3709f,0.6084f,0.6873f,-0.5708f,-0.9002f,0.386f,0.144f,1.1053f,-0.1794f,-0.6789f,0.6978f,0.3906f,0f,0f,0f,1f],start_interpolation: 0,interpolation_duration: 1}
$data merge entity $(bone_1) {transformation: [0.3709f,0.8822f,0.2536f,-0.266f,-0.9002f,0.403f,-0.0855f,1.2433f,-0.1794f,-0.1986f,0.9531f,0.3283f,0f,0f,0f,1f],start_interpolation: 0,interpolation_duration: 1}
$data merge entity $(bone_4) {transformation: [-0.7981f,0.3482f,0.4917f,0.5222f,-0.5979f,-0.3567f,-0.7179f,1.0575f,-0.0746f,-0.8669f,0.4929f,0.2338f,0f,0f,0f,1f],start_interpolation: 0,interpolation_duration: 1}
$data merge entity $(bone_3) {transformation: [-0.8132f,-0.5546f,0.1765f,0.3142f,-0.5189f,0.5535f,-0.6514f,1.2651f,0.2636f,-0.6213f,-0.7379f,0.0008f,0f,0f,0f,1f],start_interpolation: 0,interpolation_duration: 1}
$data merge entity $(bone_8) {transformation: [-0.9437f,0.3133f,-0.1062f,-0.1437f,0.1754f,0.746f,0.6424f,0.3962f,0.2805f,0.5876f,-0.759f,0.2677f,0f,0f,0f,1f],start_interpolation: 0,interpolation_duration: 1}
$data merge entity $(bone_7) {transformation: [-0.9437f,0.1596f,-0.2898f,-0.1056f,0.1754f,0.9841f,-0.0293f,0.7025f,0.2805f,-0.0785f,-0.9566f,0.2043f,0f,0f,0f,1f],start_interpolation: 0,interpolation_duration: 1}
data modify entity @s data merge value {"cameras":{"camera1":{"px":0.02749999999999974,"py":1.46625,"pz":2.136875,"ry":181.65751796875,"rx":0}},"locators":{}}