# This file was generated by Animated Java via MC-Build. It is not recommended to edit this file directly.
$data merge entity $(bone_layer) {transformation: [-0.9218f,-0.0084f,-0.3877f,0.0131f,-0.0541f,0.9928f,0.1071f,1.3373f,0.3841f,0.1197f,-0.9155f,0.2369f,0f,0f,0f,1f],start_interpolation: 0,interpolation_duration: 1}
$data merge entity $(bone_l_1) {transformation: [-0.9218f,-0.0084f,-0.3877f,0.0037f,-0.0541f,0.9928f,0.1071f,1.4578f,0.3841f,0.1197f,-0.9155f,0.5161f,0f,0f,0f,1f],start_interpolation: 0,interpolation_duration: 1}
$data merge entity $(bone_eye_l) {transformation: [-0.9218f,-0.0084f,-0.3877f,0.0094f,-0.0541f,0.9928f,0.1071f,1.3383f,0.3841f,0.1197f,-0.9155f,0.2284f,0f,0f,0f,1f],start_interpolation: 0,interpolation_duration: 1}
$data merge entity $(bone_r_1) {transformation: [-0.9218f,-0.0084f,-0.3877f,0.2053f,-0.0541f,0.9928f,0.1071f,1.4696f,0.3841f,0.1197f,-0.9155f,0.4321f,0f,0f,0f,1f],start_interpolation: 0,interpolation_duration: 1}
$data merge entity $(bone_eye_r) {transformation: [-0.9218f,-0.0084f,-0.3877f,0.2175f,-0.0541f,0.9928f,0.1071f,1.4432f,0.3841f,0.1197f,-0.9155f,0.417f,0f,0f,0f,1f],start_interpolation: 0,interpolation_duration: 1}
$data merge entity $(bone_eyes_down) {transformation: [-0.9218f,-0.0084f,-0.3877f,0.0123f,-0.0541f,0.9928f,0.1071f,1.4304f,0.3841f,0.1197f,-0.9155f,0.2482f,0f,0f,0f,1f],start_interpolation: 0,interpolation_duration: 1}
$data merge entity $(bone_eyes_up) {transformation: [-0.9218f,-0.0084f,-0.3877f,0.011f,-0.0541f,0.9928f,0.1071f,1.5545f,0.3841f,0.1197f,-0.9155f,0.2626f,0f,0f,0f,1f],start_interpolation: 0,interpolation_duration: 1}
$data merge entity $(bone_bone) {transformation: [-0.9218f,-0.0084f,-0.3877f,0.0131f,-0.0541f,0.9928f,0.1071f,1.3373f,0.3841f,0.1197f,-0.9155f,0.2369f,0f,0f,0f,1f],start_interpolation: 0,interpolation_duration: 1}
$data merge entity $(bone_l) {transformation: [-0.9176f,-0.0665f,-0.3877f,-0.0046f,-0.1404f,0.7382f,0.1071f,1.5125f,0.3722f,0.1145f,-0.9155f,0.5448f,0f,0f,0f,1f],start_interpolation: 0,interpolation_duration: 1}
$data merge entity $(bone_r) {transformation: [-0.9191f,0.054f,-0.3877f,0.2259f,0.0326f,0.7453f,0.1071f,1.526f,0.393f,0.0643f,-0.9155f,0.4488f,0f,0f,0f,1f],start_interpolation: 0,interpolation_duration: 1}
$data merge entity $(bone_sad) {transformation: [0f,0f,0f,-0.0535f,0f,0f,0f,0.8552f,0f,0f,0f,0.4715f,0f,0f,0f,1f],start_interpolation: 0,interpolation_duration: 1}
$data merge entity $(bone_head) {transformation: [-0.9218f,-0.0084f,-0.3877f,0.0131f,-0.0541f,0.9928f,0.1071f,1.3373f,0.3841f,0.1197f,-0.9155f,0.2369f,0f,0f,0f,1f],start_interpolation: 0,interpolation_duration: 1}
$data merge entity $(bone_6) {transformation: [-0.8885f,-0.1766f,-0.4235f,0.2526f,-0.2206f,0.9737f,0.057f,0.4073f,0.4023f,0.144f,-0.9041f,0.2145f,0f,0f,0f,1f],start_interpolation: 0,interpolation_duration: 1}
$data merge entity $(bone_12) {transformation: [-0.8885f,-0.3766f,-0.2621f,0.1114f,-0.2206f,0.8516f,-0.4755f,0.7267f,0.4023f,-0.3647f,-0.8398f,0.0777f,0f,0f,0f,1f],start_interpolation: 0,interpolation_duration: 1}
$data merge entity $(bone_10) {transformation: [-0.9217f,-0.0923f,-0.3767f,-0.0277f,-0.0541f,0.9924f,-0.1108f,1.0357f,0.384f,-0.0817f,-0.9197f,0.0967f,0f,0f,0f,1f],start_interpolation: 0,interpolation_duration: 1}
$data merge entity $(bone_9) {transformation: [-0.9217f,0.1244f,-0.3673f,0.019f,-0.0541f,0.8967f,0.4394f,1.372f,0.384f,0.4248f,-0.8198f,0.256f,0f,0f,0f,1f],start_interpolation: 0,interpolation_duration: 1}
$data merge entity $(item_display_item_display) {transformation: [-0.4128f,0.5509f,-0.2783f,-0.5075f,-0.2799f,0.1312f,0.6751f,1.0539f,0.55f,0.4802f,0.1348f,0.7786f,0f,0f,0f,1f],start_interpolation: 0,interpolation_duration: 1}
$data merge entity $(bone_2) {transformation: [0.371f,0.6073f,0.6882f,-0.5707f,-0.9001f,0.386f,0.1446f,1.1052f,-0.1797f,-0.6799f,0.6968f,0.3909f,0f,0f,0f,1f],start_interpolation: 0,interpolation_duration: 1}
$data merge entity $(bone_1) {transformation: [0.371f,0.8818f,0.2546f,-0.266f,-0.9001f,0.4033f,-0.0853f,1.2433f,-0.1797f,-0.1995f,0.9529f,0.3283f,0f,0f,0f,1f],start_interpolation: 0,interpolation_duration: 1}
$data merge entity $(bone_4) {transformation: [-0.798f,0.3482f,0.4918f,0.5222f,-0.598f,-0.3567f,-0.7177f,1.0575f,-0.0745f,-0.8669f,0.4929f,0.2336f,0f,0f,0f,1f],start_interpolation: 0,interpolation_duration: 1}
$data merge entity $(bone_3) {transformation: [-0.813f,-0.5549f,0.1765f,0.3141f,-0.5192f,0.5537f,-0.6511f,1.2651f,0.2636f,-0.6209f,-0.7382f,0.0007f,0f,0f,0f,1f],start_interpolation: 0,interpolation_duration: 1}
$data merge entity $(bone_8) {transformation: [-0.9436f,0.3138f,-0.1057f,-0.1439f,0.176f,0.7456f,0.6428f,0.3962f,0.2806f,0.5879f,-0.7587f,0.2677f,0f,0f,0f,1f],start_interpolation: 0,interpolation_duration: 1}
$data merge entity $(bone_7) {transformation: [-0.9436f,0.1601f,-0.2899f,-0.1057f,0.176f,0.984f,-0.0293f,0.7025f,0.2806f,-0.0787f,-0.9566f,0.2042f,0f,0f,0f,1f],start_interpolation: 0,interpolation_duration: 1}
data modify entity @s data merge value {"cameras":{"camera":{"posx":0.02749999999999974,"posy":1.46625,"posz":2.136875,"roty":181.53065,"rotx":0}},"locators":{}}