# This file was generated by Animated Java via MC-Build. It is not recommended to edit this file directly.
$data merge entity $(bone_layer) {transformation: [-0.9218f,-0.0085f,-0.3879f,0.013f,-0.0541f,0.9928f,0.1067f,1.3373f,0.3842f,0.1194f,-0.9155f,0.2369f,0f,0f,0f,1f],start_interpolation: 0,interpolation_duration: 1}
$data merge entity $(bone_l_1) {transformation: [-0.9218f,-0.0085f,-0.3879f,0.0036f,-0.0541f,0.9928f,0.1067f,1.4579f,0.3842f,0.1194f,-0.9155f,0.516f,0f,0f,0f,1f],start_interpolation: 0,interpolation_duration: 1}
$data merge entity $(bone_eye_l) {transformation: [-0.9218f,-0.0085f,-0.3879f,0.0094f,-0.0541f,0.9928f,0.1067f,1.3383f,0.3842f,0.1194f,-0.9155f,0.2283f,0f,0f,0f,1f],start_interpolation: 0,interpolation_duration: 1}
$data merge entity $(bone_r_1) {transformation: [-0.9218f,-0.0085f,-0.3879f,0.2053f,-0.0541f,0.9928f,0.1067f,1.4697f,0.3842f,0.1194f,-0.9155f,0.432f,0f,0f,0f,1f],start_interpolation: 0,interpolation_duration: 1}
$data merge entity $(bone_eye_r) {transformation: [-0.9218f,-0.0085f,-0.3879f,0.2175f,-0.0541f,0.9928f,0.1067f,1.4433f,0.3842f,0.1194f,-0.9155f,0.4169f,0f,0f,0f,1f],start_interpolation: 0,interpolation_duration: 1}
$data merge entity $(bone_eyes_down) {transformation: [-0.9218f,-0.0085f,-0.3879f,0.0122f,-0.0541f,0.9928f,0.1067f,1.4304f,0.3842f,0.1194f,-0.9155f,0.2481f,0f,0f,0f,1f],start_interpolation: 0,interpolation_duration: 1}
$data merge entity $(bone_eyes_up) {transformation: [-0.9218f,-0.0085f,-0.3879f,0.0109f,-0.0541f,0.9928f,0.1067f,1.5545f,0.3842f,0.1194f,-0.9155f,0.2624f,0f,0f,0f,1f],start_interpolation: 0,interpolation_duration: 1}
$data merge entity $(bone_bone) {transformation: [-0.9218f,-0.0085f,-0.3879f,0.013f,-0.0541f,0.9928f,0.1067f,1.3373f,0.3842f,0.1194f,-0.9155f,0.2369f,0f,0f,0f,1f],start_interpolation: 0,interpolation_duration: 1}
$data merge entity $(bone_l) {transformation: [-0.9175f,-0.0666f,-0.3879f,-0.0046f,-0.1404f,0.7382f,0.1067f,1.5126f,0.3723f,0.1143f,-0.9155f,0.5447f,0f,0f,0f,1f],start_interpolation: 0,interpolation_duration: 1}
$data merge entity $(bone_r) {transformation: [-0.919f,0.0539f,-0.3879f,0.2259f,0.0326f,0.7453f,0.1067f,1.5261f,0.3932f,0.0641f,-0.9155f,0.4486f,0f,0f,0f,1f],start_interpolation: 0,interpolation_duration: 1}
$data merge entity $(bone_sad) {transformation: [0f,0f,0f,-0.0534f,0f,0f,0f,0.8552f,0f,0f,0f,0.4717f,0f,0f,0f,1f],start_interpolation: 0,interpolation_duration: 1}
$data merge entity $(bone_head) {transformation: [-0.9218f,-0.0085f,-0.3879f,0.013f,-0.0541f,0.9928f,0.1067f,1.3373f,0.3842f,0.1194f,-0.9155f,0.2369f,0f,0f,0f,1f],start_interpolation: 0,interpolation_duration: 1}
$data merge entity $(bone_6) {transformation: [-0.8883f,-0.1769f,-0.4237f,0.2527f,-0.2209f,0.9737f,0.0566f,0.4073f,0.4025f,0.1439f,-0.904f,0.2143f,0f,0f,0f,1f],start_interpolation: 0,interpolation_duration: 1}
$data merge entity $(bone_12) {transformation: [-0.8883f,-0.3769f,-0.2622f,0.1113f,-0.2209f,0.8515f,-0.4755f,0.7267f,0.4025f,-0.3645f,-0.8397f,0.0777f,0f,0f,0f,1f],start_interpolation: 0,interpolation_duration: 1}
$data merge entity $(bone_10) {transformation: [-0.9217f,-0.0923f,-0.3768f,-0.0278f,-0.0541f,0.9924f,-0.1108f,1.0358f,0.3842f,-0.0817f,-0.9196f,0.0965f,0f,0f,0f,1f],start_interpolation: 0,interpolation_duration: 1}
$data merge entity $(bone_9) {transformation: [-0.9217f,0.1246f,-0.3674f,0.0189f,-0.0541f,0.8965f,0.4397f,1.372f,0.3842f,0.4251f,-0.8196f,0.2559f,0f,0f,0f,1f],start_interpolation: 0,interpolation_duration: 1}
$data merge entity $(item_display_item_display) {transformation: [-0.412f,0.5515f,-0.2783f,-0.507f,-0.2799f,0.1316f,0.675f,1.054f,0.5507f,0.4794f,0.1349f,0.7788f,0f,0f,0f,1f],start_interpolation: 0,interpolation_duration: 1}
$data merge entity $(bone_2) {transformation: [0.3711f,0.6065f,0.6889f,-0.5707f,-0.9f,0.3861f,0.1449f,1.1052f,-0.1798f,-0.6806f,0.6961f,0.3911f,0f,0f,0f,1f],start_interpolation: 0,interpolation_duration: 1}
$data merge entity $(bone_1) {transformation: [0.3711f,0.8816f,0.2552f,-0.266f,-0.9f,0.4035f,-0.0851f,1.2433f,-0.1798f,-0.2001f,0.9527f,0.3283f,0f,0f,0f,1f],start_interpolation: 0,interpolation_duration: 1}
$data merge entity $(bone_4) {transformation: [-0.798f,0.3482f,0.492f,0.5222f,-0.5981f,-0.3568f,-0.7176f,1.0575f,-0.0743f,-0.8669f,0.4929f,0.2333f,0f,0f,0f,1f],start_interpolation: 0,interpolation_duration: 1}
$data merge entity $(bone_3) {transformation: [-0.8128f,-0.5552f,0.1764f,0.314f,-0.5194f,0.5537f,-0.6508f,1.2651f,0.2636f,-0.6206f,-0.7384f,0.0006f,0f,0f,0f,1f],start_interpolation: 0,interpolation_duration: 1}
$data merge entity $(bone_8) {transformation: [-0.9435f,0.3142f,-0.1055f,-0.1441f,0.1763f,0.7453f,0.643f,0.3963f,0.2807f,0.588f,-0.7586f,0.2677f,0f,0f,0f,1f],start_interpolation: 0,interpolation_duration: 1}
$data merge entity $(bone_7) {transformation: [-0.9435f,0.1604f,-0.2901f,-0.1057f,0.1763f,0.9839f,-0.0294f,0.7025f,0.2807f,-0.0788f,-0.9566f,0.2042f,0f,0f,0f,1f],start_interpolation: 0,interpolation_duration: 1}
data modify entity @s data merge value {"cameras":{"camera1":{"px":0.02749999999999974,"py":1.46625,"pz":2.136875,"ry":181.40560078125,"rx":0}},"locators":{}}