# This file was generated by Animated Java via MC-Build. It is not recommended to edit this file directly.
$data merge entity $(bone_layer) {transformation: [-0.5518f,-0.0394f,-0.8331f,-0.0799f,-0.0028f,0.999f,-0.0454f,1.3178f,0.8341f,-0.0227f,-0.5513f,0.0113f,0f,0f,0f,1f],start_interpolation: 0,interpolation_duration: 1}
$data merge entity $(bone_l_1) {transformation: [-0.5518f,-0.0394f,-0.8331f,0.0529f,-0.0028f,0.999f,-0.0454f,1.4813f,0.8341f,-0.0227f,-0.5513f,0.2309f,0f,0f,0f,1f],start_interpolation: 0,interpolation_duration: 1}
$data merge entity $(bone_eye_l) {transformation: [-0.5518f,-0.0394f,-0.8331f,-0.0877f,-0.0028f,0.999f,-0.0454f,1.3174f,0.8341f,-0.0227f,-0.5513f,0.0062f,0f,0f,0f,1f],start_interpolation: 0,interpolation_duration: 1}
$data merge entity $(bone_r_1) {transformation: [-0.5518f,-0.0394f,-0.8331f,0.1736f,-0.0028f,0.999f,-0.0454f,1.4819f,0.8341f,-0.0227f,-0.5513f,0.0484f,0f,0f,0f,1f],start_interpolation: 0,interpolation_duration: 1}
$data merge entity $(bone_eye_r) {transformation: [-0.5518f,-0.0394f,-0.8331f,0.1782f,-0.0028f,0.999f,-0.0454f,1.4536f,0.8341f,-0.0227f,-0.5513f,0.0326f,0f,0f,0f,1f],start_interpolation: 0,interpolation_duration: 1}
$data merge entity $(bone_eyes_down) {transformation: [-0.5518f,-0.0394f,-0.8331f,-0.0835f,-0.0028f,0.999f,-0.0454f,1.4114f,0.8341f,-0.0227f,-0.5513f,0.0092f,0f,0f,0f,1f],start_interpolation: 0,interpolation_duration: 1}
$data merge entity $(bone_eyes_up) {transformation: [-0.5518f,-0.0394f,-0.8331f,-0.0885f,-0.0028f,0.999f,-0.0454f,1.5236f,0.8341f,-0.0227f,-0.5513f,0.0063f,0f,0f,0f,1f],start_interpolation: 0,interpolation_duration: 1}
$data merge entity $(bone_bone) {transformation: [-0.5518f,-0.0394f,-0.8331f,-0.0799f,-0.0028f,0.999f,-0.0454f,1.3178f,0.8341f,-0.0227f,-0.5513f,0.0113f,0f,0f,0f,1f],start_interpolation: 0,interpolation_duration: 1}
$data merge entity $(bone_l) {transformation: [-0.5518f,-0.0295f,-0.8331f,0.0567f,-0.0028f,0.7492f,-0.0454f,1.5303f,0.8341f,-0.017f,-0.5513f,0.2523f,0f,0f,0f,1f],start_interpolation: 0,interpolation_duration: 1}
$data merge entity $(bone_r) {transformation: [-0.5518f,-0.0295f,-0.8331f,0.1947f,-0.0028f,0.7492f,-0.0454f,1.531f,0.8341f,-0.017f,-0.5513f,0.0438f,0f,0f,0f,1f],start_interpolation: 0,interpolation_duration: 1}
$data merge entity $(bone_sad) {transformation: [-0.8845f,-0.015f,-0.8916f,0.0256f,-0.0045f,0.381f,-0.0486f,1.4561f,1.3369f,-0.0087f,-0.5901f,0.2771f,0f,0f,0f,1f],start_interpolation: 0,interpolation_duration: 1}
$data merge entity $(bone_head) {transformation: [-0.5518f,-0.0394f,-0.8331f,-0.0799f,-0.0028f,0.999f,-0.0454f,1.3178f,0.8341f,-0.0227f,-0.5513f,0.0113f,0f,0f,0f,1f],start_interpolation: 0,interpolation_duration: 1}
$data merge entity $(bone_6) {transformation: [-0.5464f,0.069f,-0.8347f,0.0217f,-0.1333f,0.9767f,0.168f,0.3721f,0.8269f,0.203f,-0.5244f,-0.1202f,0f,0f,0f,1f],start_interpolation: 0,interpolation_duration: 1}
$data merge entity $(bone_12) {transformation: [-0.5464f,-0.4225f,-0.7232f,-0.1367f,-0.1333f,0.8963f,-0.4229f,0.7083f,0.8269f,-0.1347f,-0.546f,-0.1707f,0f,0f,0f,1f],start_interpolation: 0,interpolation_duration: 1}
$data merge entity $(bone_10) {transformation: [-0.5518f,-0.0416f,-0.833f,-0.2041f,-0.0028f,0.9988f,-0.0481f,1.0177f,0.834f,-0.0242f,-0.5512f,-0.0719f,0f,0f,0f,1f],start_interpolation: 0,interpolation_duration: 1}
$data merge entity $(bone_9) {transformation: [-0.5518f,0.3802f,-0.7423f,-0.0615f,-0.0028f,0.8892f,0.4575f,1.3512f,0.834f,0.2545f,-0.4896f,0.0236f,0f,0f,0f,1f],start_interpolation: 0,interpolation_duration: 1}
$data merge entity $(item_display_item_display) {transformation: [0.3034f,0.6577f,-0.1634f,0.0722f,-0.5035f,0.3385f,0.428f,0.9363f,0.4536f,-0.0641f,0.5843f,0.5615f,0f,0f,0f,1f],start_interpolation: 0,interpolation_duration: 1}
$data merge entity $(bone_2) {transformation: [0.2178f,-0.4052f,0.8766f,-0.3031f,-0.5707f,0.671f,0.4519f,0.9628f,-0.7791f,-0.6047f,-0.0859f,0.4372f,0f,0f,0f,1f],start_interpolation: 0,interpolation_duration: 1}
$data merge entity $(bone_1) {transformation: [0.2178f,0.0872f,0.9618f,-0.2671f,-0.5707f,0.807f,0.0561f,1.2406f,-0.7791f,-0.5668f,0.2278f,0.2438f,0f,0f,0f,1f],start_interpolation: 0,interpolation_duration: 1}
$data merge entity $(bone_4) {transformation: [-0.4445f,-0.8086f,0.3854f,0.3393f,-0.477f,-0.1505f,-0.8659f,1.0362f,0.7582f,-0.5687f,-0.3188f,-0.2843f,0f,0f,0f,1f],start_interpolation: 0,interpolation_duration: 1}
$data merge entity $(bone_3) {transformation: [-0.4445f,-0.831f,-0.3346f,0.0277f,-0.477f,0.5357f,-0.6968f,1.2371f,0.7582f,-0.1501f,-0.6345f,-0.3406f,0f,0f,0f,1f],start_interpolation: 0,interpolation_duration: 1}
$data merge entity $(bone_8) {transformation: [-0.6157f,0.6064f,-0.5033f,-0.2601f,0.1896f,0.7339f,0.6523f,0.387f,0.7649f,0.3061f,-0.5668f,0.1219f,0f,0f,0f,1f],start_interpolation: 0,interpolation_duration: 1}
$data merge entity $(bone_7) {transformation: [-0.6157f,0.1412f,-0.7753f,-0.2475f,0.1896f,0.9815f,0.0282f,0.6949f,0.7649f,-0.1296f,-0.631f,0.0557f,0f,0f,0f,1f],start_interpolation: 0,interpolation_duration: 1}
data modify entity @s data merge value {"cameras":{"camera":{"posx":0.2065599173553717,"posy":1.4826328888054094,"posz":1.5284959616829452,"roty":165.246728515625,"rotx":0}},"locators":{}}