# This file was generated by Animated Java via MC-Build. It is not recommended to edit this file directly.
$data merge entity $(bone_layer) {transformation: [-0.9217f,-0.0085f,-0.388f,0.013f,-0.0541f,0.9928f,0.1066f,1.3373f,0.3844f,0.1192f,-0.9155f,0.2368f,0f,0f,0f,1f],start_interpolation: 0,interpolation_duration: 1}
$data merge entity $(bone_l_1) {transformation: [-0.9217f,-0.0085f,-0.388f,0.0036f,-0.0541f,0.9928f,0.1066f,1.4579f,0.3844f,0.1192f,-0.9155f,0.5159f,0f,0f,0f,1f],start_interpolation: 0,interpolation_duration: 1}
$data merge entity $(bone_eye_l) {transformation: [-0.9217f,-0.0085f,-0.388f,0.0094f,-0.0541f,0.9928f,0.1066f,1.3383f,0.3844f,0.1192f,-0.9155f,0.2282f,0f,0f,0f,1f],start_interpolation: 0,interpolation_duration: 1}
$data merge entity $(bone_r_1) {transformation: [-0.9217f,-0.0085f,-0.388f,0.2053f,-0.0541f,0.9928f,0.1066f,1.4698f,0.3844f,0.1192f,-0.9155f,0.4319f,0f,0f,0f,1f],start_interpolation: 0,interpolation_duration: 1}
$data merge entity $(bone_eye_r) {transformation: [-0.9217f,-0.0085f,-0.388f,0.2175f,-0.0541f,0.9928f,0.1066f,1.4434f,0.3844f,0.1192f,-0.9155f,0.4168f,0f,0f,0f,1f],start_interpolation: 0,interpolation_duration: 1}
$data merge entity $(bone_eyes_down) {transformation: [-0.9217f,-0.0085f,-0.388f,0.0122f,-0.0541f,0.9928f,0.1066f,1.4304f,0.3844f,0.1192f,-0.9155f,0.248f,0f,0f,0f,1f],start_interpolation: 0,interpolation_duration: 1}
$data merge entity $(bone_eyes_up) {transformation: [-0.9217f,-0.0085f,-0.388f,0.0109f,-0.0541f,0.9928f,0.1066f,1.5546f,0.3844f,0.1192f,-0.9155f,0.2623f,0f,0f,0f,1f],start_interpolation: 0,interpolation_duration: 1}
$data merge entity $(bone_bone) {transformation: [-0.9217f,-0.0085f,-0.388f,0.013f,-0.0541f,0.9928f,0.1066f,1.3373f,0.3844f,0.1192f,-0.9155f,0.2368f,0f,0f,0f,1f],start_interpolation: 0,interpolation_duration: 1}
$data merge entity $(bone_l) {transformation: [-0.9174f,-0.0666f,-0.388f,-0.0046f,-0.1404f,0.7383f,0.1066f,1.5127f,0.3725f,0.1142f,-0.9155f,0.5446f,0f,0f,0f,1f],start_interpolation: 0,interpolation_duration: 1}
$data merge entity $(bone_r) {transformation: [-0.9189f,0.0539f,-0.388f,0.2258f,0.0327f,0.7453f,0.1066f,1.5262f,0.3933f,0.064f,-0.9155f,0.4485f,0f,0f,0f,1f],start_interpolation: 0,interpolation_duration: 1}
$data merge entity $(bone_sad) {transformation: [0f,0f,0f,-0.0534f,0f,0f,0f,0.8553f,0f,0f,0f,0.4717f,0f,0f,0f,1f],start_interpolation: 0,interpolation_duration: 1}
$data merge entity $(bone_head) {transformation: [-0.9217f,-0.0085f,-0.388f,0.013f,-0.0541f,0.9928f,0.1066f,1.3373f,0.3844f,0.1192f,-0.9155f,0.2368f,0f,0f,0f,1f],start_interpolation: 0,interpolation_duration: 1}
$data merge entity $(bone_6) {transformation: [-0.8882f,-0.177f,-0.4239f,0.2527f,-0.221f,0.9736f,0.0564f,0.4074f,0.4028f,0.1438f,-0.9039f,0.2142f,0f,0f,0f,1f],start_interpolation: 0,interpolation_duration: 1}
$data merge entity $(bone_12) {transformation: [-0.8882f,-0.3771f,-0.2624f,0.1113f,-0.221f,0.8515f,-0.4756f,0.7267f,0.4028f,-0.3644f,-0.8396f,0.0776f,0f,0f,0f,1f],start_interpolation: 0,interpolation_duration: 1}
$data merge entity $(bone_10) {transformation: [-0.9216f,-0.0923f,-0.377f,-0.0279f,-0.0541f,0.9924f,-0.1108f,1.0358f,0.3843f,-0.0817f,-0.9196f,0.0964f,0f,0f,0f,1f],start_interpolation: 0,interpolation_duration: 1}
$data merge entity $(bone_9) {transformation: [-0.9216f,0.1247f,-0.3675f,0.0189f,-0.0541f,0.8965f,0.4397f,1.372f,0.3843f,0.4251f,-0.8195f,0.2559f,0f,0f,0f,1f],start_interpolation: 0,interpolation_duration: 1}
$data merge entity $(item_display_item_display) {transformation: [-0.4116f,0.5517f,-0.2783f,-0.5069f,-0.2798f,0.1317f,0.675f,1.054f,0.551f,0.4791f,0.1349f,0.7788f,0f,0f,0f,1f],start_interpolation: 0,interpolation_duration: 1}
$data merge entity $(bone_2) {transformation: [0.3711f,0.6062f,0.6892f,-0.5707f,-0.9f,0.386f,0.1451f,1.1052f,-0.1799f,-0.6809f,0.6958f,0.3912f,0f,0f,0f,1f],start_interpolation: 0,interpolation_duration: 1}
$data merge entity $(bone_1) {transformation: [0.3711f,0.8815f,0.2556f,-0.2661f,-0.9f,0.4035f,-0.0851f,1.2434f,-0.1799f,-0.2004f,0.9527f,0.3282f,0f,0f,0f,1f],start_interpolation: 0,interpolation_duration: 1}
$data merge entity $(bone_4) {transformation: [-0.798f,0.348f,0.4921f,0.5222f,-0.5981f,-0.3568f,-0.7176f,1.0575f,-0.0742f,-0.8669f,0.4929f,0.2332f,0f,0f,0f,1f],start_interpolation: 0,interpolation_duration: 1}
$data merge entity $(bone_3) {transformation: [-0.8127f,-0.5553f,0.1763f,0.314f,-0.5195f,0.5537f,-0.6508f,1.2651f,0.2638f,-0.6205f,-0.7385f,0.0005f,0f,0f,0f,1f],start_interpolation: 0,interpolation_duration: 1}
$data merge entity $(bone_8) {transformation: [-0.9434f,0.3144f,-0.1056f,-0.1442f,0.1764f,0.7452f,0.643f,0.3963f,0.2809f,0.588f,-0.7585f,0.2677f,0f,0f,0f,1f],start_interpolation: 0,interpolation_duration: 1}
$data merge entity $(bone_7) {transformation: [-0.9434f,0.1605f,-0.2903f,-0.1058f,0.1764f,0.9839f,-0.0294f,0.7025f,0.2809f,-0.0789f,-0.9565f,0.2042f,0f,0f,0f,1f],start_interpolation: 0,interpolation_duration: 1}
data modify entity @s data merge value {"cameras":{"camera":{"posx":0.02749999999999974,"posy":1.46625,"posz":2.136875,"roty":181.28359375,"rotx":0}},"locators":{}}