# This file was generated by Animated Java via MC-Build. It is not recommended to edit this file directly.
$data merge entity $(bone_layer) {transformation: [-0.9216f,-0.0084f,-0.3882f,0.0129f,-0.0541f,0.9928f,0.1067f,1.3373f,0.3846f,0.1193f,-0.9154f,0.2367f,0f,0f,0f,1f],start_interpolation: 0,interpolation_duration: 1}
$data merge entity $(bone_l_1) {transformation: [-0.9216f,-0.0084f,-0.3882f,0.0037f,-0.0541f,0.9928f,0.1067f,1.4579f,0.3846f,0.1193f,-0.9154f,0.5159f,0f,0f,0f,1f],start_interpolation: 0,interpolation_duration: 1}
$data merge entity $(bone_eye_l) {transformation: [-0.9216f,-0.0084f,-0.3882f,0.0093f,-0.0541f,0.9928f,0.1067f,1.3383f,0.3846f,0.1193f,-0.9154f,0.2281f,0f,0f,0f,1f],start_interpolation: 0,interpolation_duration: 1}
$data merge entity $(bone_r_1) {transformation: [-0.9216f,-0.0084f,-0.3882f,0.2053f,-0.0541f,0.9928f,0.1067f,1.4697f,0.3846f,0.1193f,-0.9154f,0.4317f,0f,0f,0f,1f],start_interpolation: 0,interpolation_duration: 1}
$data merge entity $(bone_eye_r) {transformation: [-0.9216f,-0.0084f,-0.3882f,0.2175f,-0.0541f,0.9928f,0.1067f,1.4433f,0.3846f,0.1193f,-0.9154f,0.4167f,0f,0f,0f,1f],start_interpolation: 0,interpolation_duration: 1}
$data merge entity $(bone_eyes_down) {transformation: [-0.9216f,-0.0084f,-0.3882f,0.0122f,-0.0541f,0.9928f,0.1067f,1.4304f,0.3846f,0.1193f,-0.9154f,0.2479f,0f,0f,0f,1f],start_interpolation: 0,interpolation_duration: 1}
$data merge entity $(bone_eyes_up) {transformation: [-0.9216f,-0.0084f,-0.3882f,0.0109f,-0.0541f,0.9928f,0.1067f,1.5546f,0.3846f,0.1193f,-0.9154f,0.2622f,0f,0f,0f,1f],start_interpolation: 0,interpolation_duration: 1}
$data merge entity $(bone_bone) {transformation: [-0.9216f,-0.0084f,-0.3882f,0.0129f,-0.0541f,0.9928f,0.1067f,1.3373f,0.3846f,0.1193f,-0.9154f,0.2367f,0f,0f,0f,1f],start_interpolation: 0,interpolation_duration: 1}
$data merge entity $(bone_l) {transformation: [-0.9174f,-0.0666f,-0.3882f,-0.0046f,-0.1404f,0.7382f,0.1067f,1.5126f,0.3727f,0.1143f,-0.9154f,0.5445f,0f,0f,0f,1f],start_interpolation: 0,interpolation_duration: 1}
$data merge entity $(bone_r) {transformation: [-0.9189f,0.0539f,-0.3882f,0.2258f,0.0327f,0.7453f,0.1067f,1.5262f,0.3935f,0.064f,-0.9154f,0.4484f,0f,0f,0f,1f],start_interpolation: 0,interpolation_duration: 1}
$data merge entity $(bone_sad) {transformation: [0f,0f,0f,-0.0534f,0f,0f,0f,0.8553f,0f,0f,0f,0.4715f,0f,0f,0f,1f],start_interpolation: 0,interpolation_duration: 1}
$data merge entity $(bone_head) {transformation: [-0.9216f,-0.0084f,-0.3882f,0.0129f,-0.0541f,0.9928f,0.1067f,1.3373f,0.3846f,0.1193f,-0.9154f,0.2367f,0f,0f,0f,1f],start_interpolation: 0,interpolation_duration: 1}
$data merge entity $(bone_6) {transformation: [-0.8882f,-0.1769f,-0.4241f,0.2526f,-0.2209f,0.9737f,0.0565f,0.4074f,0.4029f,0.1439f,-0.9039f,0.2141f,0f,0f,0f,1f],start_interpolation: 0,interpolation_duration: 1}
$data merge entity $(bone_12) {transformation: [-0.8882f,-0.377f,-0.2626f,0.1112f,-0.2209f,0.8515f,-0.4756f,0.7267f,0.4029f,-0.3644f,-0.8396f,0.0775f,0f,0f,0f,1f],start_interpolation: 0,interpolation_duration: 1}
$data merge entity $(bone_10) {transformation: [-0.9215f,-0.0923f,-0.3772f,-0.0279f,-0.0541f,0.9924f,-0.1108f,1.0358f,0.3845f,-0.0817f,-0.9195f,0.0964f,0f,0f,0f,1f],start_interpolation: 0,interpolation_duration: 1}
$data merge entity $(bone_9) {transformation: [-0.9215f,0.1247f,-0.3677f,0.0189f,-0.0541f,0.8966f,0.4396f,1.372f,0.3845f,0.425f,-0.8195f,0.2558f,0f,0f,0f,1f],start_interpolation: 0,interpolation_duration: 1}
$data merge entity $(item_display_item_display) {transformation: [-0.4117f,0.5517f,-0.2783f,-0.5069f,-0.2799f,0.1316f,0.675f,1.054f,0.5509f,0.4792f,0.135f,0.7788f,0f,0f,0f,1f],start_interpolation: 0,interpolation_duration: 1}
$data merge entity $(bone_2) {transformation: [0.371f,0.6062f,0.6892f,-0.5707f,-0.9f,0.3861f,0.145f,1.1052f,-0.18f,-0.6809f,0.6958f,0.3912f,0f,0f,0f,1f],start_interpolation: 0,interpolation_duration: 1}
$data merge entity $(bone_1) {transformation: [0.371f,0.8815f,0.2556f,-0.2661f,-0.9f,0.4035f,-0.0851f,1.2434f,-0.18f,-0.2005f,0.9526f,0.3282f,0f,0f,0f,1f],start_interpolation: 0,interpolation_duration: 1}
$data merge entity $(bone_4) {transformation: [-0.798f,0.3479f,0.4922f,0.5221f,-0.5982f,-0.3568f,-0.7176f,1.0575f,-0.074f,-0.867f,0.4928f,0.233f,0f,0f,0f,1f],start_interpolation: 0,interpolation_duration: 1}
$data merge entity $(bone_3) {transformation: [-0.8127f,-0.5554f,0.1762f,0.3139f,-0.5195f,0.5537f,-0.6509f,1.2651f,0.264f,-0.6205f,-0.7385f,0.0003f,0f,0f,0f,1f],start_interpolation: 0,interpolation_duration: 1}
$data merge entity $(bone_8) {transformation: [-0.9434f,0.3145f,-0.1058f,-0.1442f,0.1763f,0.7453f,0.6429f,0.3963f,0.281f,0.5879f,-0.7586f,0.2676f,0f,0f,0f,1f],start_interpolation: 0,interpolation_duration: 1}
$data merge entity $(bone_7) {transformation: [-0.9434f,0.1604f,-0.2904f,-0.1059f,0.1763f,0.9839f,-0.0294f,0.7025f,0.281f,-0.079f,-0.9564f,0.2041f,0f,0f,0f,1f],start_interpolation: 0,interpolation_duration: 1}
data modify entity @s data merge value {"cameras":{"camera1":{"px":0.02749999999999974,"py":1.46625,"pz":2.136875,"ry":181.16585234374998,"rx":0}},"locators":{}}