# This file was generated by Animated Java via MC-Build. It is not recommended to edit this file directly.
$data merge entity $(bone_layer) {transformation: [-0.9215f,-0.0083f,-0.3884f,0.0129f,-0.054f,0.9928f,0.107f,1.3373f,0.3848f,0.1196f,-0.9153f,0.2366f,0f,0f,0f,1f],start_interpolation: 0,interpolation_duration: 1}
$data merge entity $(bone_l_1) {transformation: [-0.9215f,-0.0083f,-0.3884f,0.0037f,-0.054f,0.9928f,0.107f,1.4578f,0.3848f,0.1196f,-0.9153f,0.5158f,0f,0f,0f,1f],start_interpolation: 0,interpolation_duration: 1}
$data merge entity $(bone_eye_l) {transformation: [-0.9215f,-0.0083f,-0.3884f,0.0093f,-0.054f,0.9928f,0.107f,1.3383f,0.3848f,0.1196f,-0.9153f,0.228f,0f,0f,0f,1f],start_interpolation: 0,interpolation_duration: 1}
$data merge entity $(bone_r_1) {transformation: [-0.9215f,-0.0083f,-0.3884f,0.2053f,-0.054f,0.9928f,0.107f,1.4697f,0.3848f,0.1196f,-0.9153f,0.4317f,0f,0f,0f,1f],start_interpolation: 0,interpolation_duration: 1}
$data merge entity $(bone_eye_r) {transformation: [-0.9215f,-0.0083f,-0.3884f,0.2175f,-0.054f,0.9928f,0.107f,1.4433f,0.3848f,0.1196f,-0.9153f,0.4166f,0f,0f,0f,1f],start_interpolation: 0,interpolation_duration: 1}
$data merge entity $(bone_eyes_down) {transformation: [-0.9215f,-0.0083f,-0.3884f,0.0121f,-0.054f,0.9928f,0.107f,1.4304f,0.3848f,0.1196f,-0.9153f,0.2478f,0f,0f,0f,1f],start_interpolation: 0,interpolation_duration: 1}
$data merge entity $(bone_eyes_up) {transformation: [-0.9215f,-0.0083f,-0.3884f,0.0108f,-0.054f,0.9928f,0.107f,1.5546f,0.3848f,0.1196f,-0.9153f,0.2622f,0f,0f,0f,1f],start_interpolation: 0,interpolation_duration: 1}
$data merge entity $(bone_bone) {transformation: [-0.9215f,-0.0083f,-0.3884f,0.0129f,-0.054f,0.9928f,0.107f,1.3373f,0.3848f,0.1196f,-0.9153f,0.2366f,0f,0f,0f,1f],start_interpolation: 0,interpolation_duration: 1}
$data merge entity $(bone_l) {transformation: [-0.9173f,-0.0664f,-0.3884f,-0.0045f,-0.1404f,0.7382f,0.107f,1.5126f,0.3729f,0.1145f,-0.9153f,0.5445f,0f,0f,0f,1f],start_interpolation: 0,interpolation_duration: 1}
$data merge entity $(bone_r) {transformation: [-0.9188f,0.0541f,-0.3884f,0.2259f,0.0327f,0.7453f,0.107f,1.5261f,0.3937f,0.0642f,-0.9153f,0.4483f,0f,0f,0f,1f],start_interpolation: 0,interpolation_duration: 1}
$data merge entity $(bone_sad) {transformation: [0f,0f,0f,-0.0535f,0f,0f,0f,0.8552f,0f,0f,0f,0.4713f,0f,0f,0f,1f],start_interpolation: 0,interpolation_duration: 1}
$data merge entity $(bone_head) {transformation: [-0.9215f,-0.0083f,-0.3884f,0.0129f,-0.054f,0.9928f,0.107f,1.3373f,0.3848f,0.1196f,-0.9153f,0.2366f,0f,0f,0f,1f],start_interpolation: 0,interpolation_duration: 1}
$data merge entity $(bone_6) {transformation: [-0.8882f,-0.1764f,-0.4241f,0.2524f,-0.2206f,0.9737f,0.0569f,0.4073f,0.403f,0.1441f,-0.9038f,0.2141f,0f,0f,0f,1f],start_interpolation: 0,interpolation_duration: 1}
$data merge entity $(bone_12) {transformation: [-0.8882f,-0.3768f,-0.2628f,0.1111f,-0.2206f,0.8516f,-0.4756f,0.7267f,0.403f,-0.3645f,-0.8395f,0.0774f,0f,0f,0f,1f],start_interpolation: 0,interpolation_duration: 1}
$data merge entity $(bone_10) {transformation: [-0.9215f,-0.0923f,-0.3774f,-0.028f,-0.054f,0.9924f,-0.1109f,1.0357f,0.3847f,-0.0818f,-0.9194f,0.0964f,0f,0f,0f,1f],start_interpolation: 0,interpolation_duration: 1}
$data merge entity $(bone_9) {transformation: [-0.9215f,0.1247f,-0.3679f,0.0188f,-0.054f,0.8967f,0.4393f,1.372f,0.3847f,0.4247f,-0.8195f,0.2557f,0f,0f,0f,1f],start_interpolation: 0,interpolation_duration: 1}
$data merge entity $(item_display_item_display) {transformation: [-0.4122f,0.5514f,-0.2782f,-0.5071f,-0.28f,0.1313f,0.675f,1.0539f,0.5505f,0.4796f,0.135f,0.7788f,0f,0f,0f,1f],start_interpolation: 0,interpolation_duration: 1}
$data merge entity $(bone_2) {transformation: [0.371f,0.6065f,0.6889f,-0.5708f,-0.9f,0.3861f,0.1447f,1.1052f,-0.18f,-0.6805f,0.6961f,0.3911f,0f,0f,0f,1f],start_interpolation: 0,interpolation_duration: 1}
$data merge entity $(bone_1) {transformation: [0.371f,0.8816f,0.2555f,-0.2661f,-0.9f,0.4035f,-0.0852f,1.2434f,-0.18f,-0.2004f,0.9527f,0.3282f,0f,0f,0f,1f],start_interpolation: 0,interpolation_duration: 1}
$data merge entity $(bone_4) {transformation: [-0.7979f,0.3477f,0.4924f,0.5221f,-0.5982f,-0.3568f,-0.7175f,1.0576f,-0.0738f,-0.8671f,0.4927f,0.2329f,0f,0f,0f,1f],start_interpolation: 0,interpolation_duration: 1}
$data merge entity $(bone_3) {transformation: [-0.8127f,-0.5555f,0.1762f,0.3138f,-0.5194f,0.5534f,-0.6511f,1.2651f,0.2641f,-0.6206f,-0.7383f,0.0002f,0f,0f,0f,1f],start_interpolation: 0,interpolation_duration: 1}
$data merge entity $(bone_8) {transformation: [-0.9433f,0.3143f,-0.1063f,-0.1441f,0.176f,0.7456f,0.6427f,0.3963f,0.2813f,0.5876f,-0.7587f,0.2676f,0f,0f,0f,1f],start_interpolation: 0,interpolation_duration: 1}
$data merge entity $(bone_7) {transformation: [-0.9433f,0.1601f,-0.2906f,-0.1059f,0.176f,0.9839f,-0.0294f,0.7026f,0.2813f,-0.0789f,-0.9564f,0.2041f,0f,0f,0f,1f],start_interpolation: 0,interpolation_duration: 1}
data modify entity @s data merge value {"cameras":{"camera":{"posx":0.02749999999999974,"posy":1.46625,"posz":2.136875,"roty":181.0536,"rotx":0}},"locators":{}}