# This file was generated by Animated Java via MC-Build. It is not recommended to edit this file directly.
$data merge entity $(bone_layer) {transformation: [-0.9215f,-0.008f,-0.3886f,0.0128f,-0.054f,0.9927f,0.1076f,1.3373f,0.385f,0.1201f,-0.9151f,0.2365f,0f,0f,0f,1f],start_interpolation: 0,interpolation_duration: 1}
$data merge entity $(bone_l_1) {transformation: [-0.9215f,-0.008f,-0.3886f,0.0037f,-0.054f,0.9927f,0.1076f,1.4577f,0.385f,0.1201f,-0.9151f,0.5158f,0f,0f,0f,1f],start_interpolation: 0,interpolation_duration: 1}
$data merge entity $(bone_eye_l) {transformation: [-0.9215f,-0.008f,-0.3886f,0.0092f,-0.054f,0.9927f,0.1076f,1.3383f,0.385f,0.1201f,-0.9151f,0.2279f,0f,0f,0f,1f],start_interpolation: 0,interpolation_duration: 1}
$data merge entity $(bone_r_1) {transformation: [-0.9215f,-0.008f,-0.3886f,0.2053f,-0.054f,0.9927f,0.1076f,1.4695f,0.385f,0.1201f,-0.9151f,0.4316f,0f,0f,0f,1f],start_interpolation: 0,interpolation_duration: 1}
$data merge entity $(bone_eye_r) {transformation: [-0.9215f,-0.008f,-0.3886f,0.2175f,-0.054f,0.9927f,0.1076f,1.4431f,0.385f,0.1201f,-0.9151f,0.4165f,0f,0f,0f,1f],start_interpolation: 0,interpolation_duration: 1}
$data merge entity $(bone_eyes_down) {transformation: [-0.9215f,-0.008f,-0.3886f,0.0121f,-0.054f,0.9927f,0.1076f,1.4304f,0.385f,0.1201f,-0.9151f,0.2478f,0f,0f,0f,1f],start_interpolation: 0,interpolation_duration: 1}
$data merge entity $(bone_eyes_up) {transformation: [-0.9215f,-0.008f,-0.3886f,0.0108f,-0.054f,0.9927f,0.1076f,1.5546f,0.385f,0.1201f,-0.9151f,0.2622f,0f,0f,0f,1f],start_interpolation: 0,interpolation_duration: 1}
$data merge entity $(bone_bone) {transformation: [-0.9215f,-0.008f,-0.3886f,0.0128f,-0.054f,0.9927f,0.1076f,1.3373f,0.385f,0.1201f,-0.9151f,0.2365f,0f,0f,0f,1f],start_interpolation: 0,interpolation_duration: 1}
$data merge entity $(bone_l) {transformation: [-0.9173f,-0.0662f,-0.3886f,-0.0045f,-0.1403f,0.7382f,0.1076f,1.5124f,0.373f,0.1149f,-0.9151f,0.5445f,0f,0f,0f,1f],start_interpolation: 0,interpolation_duration: 1}
$data merge entity $(bone_r) {transformation: [-0.9187f,0.0542f,-0.3886f,0.2259f,0.0327f,0.7452f,0.1076f,1.5259f,0.394f,0.0646f,-0.9151f,0.4482f,0f,0f,0f,1f],start_interpolation: 0,interpolation_duration: 1}
$data merge entity $(bone_sad) {transformation: [0f,0f,0f,-0.0536f,0f,0f,0f,0.8551f,0f,0f,0f,0.471f,0f,0f,0f,1f],start_interpolation: 0,interpolation_duration: 1}
$data merge entity $(bone_head) {transformation: [-0.9215f,-0.008f,-0.3886f,0.0128f,-0.054f,0.9927f,0.1076f,1.3373f,0.385f,0.1201f,-0.9151f,0.2365f,0f,0f,0f,1f],start_interpolation: 0,interpolation_duration: 1}
$data merge entity $(bone_6) {transformation: [-0.8884f,-0.1757f,-0.4242f,0.2521f,-0.2201f,0.9738f,0.0575f,0.4073f,0.403f,0.1444f,-0.9038f,0.214f,0f,0f,0f,1f],start_interpolation: 0,interpolation_duration: 1}
$data merge entity $(bone_12) {transformation: [-0.8884f,-0.3764f,-0.2629f,0.111f,-0.2201f,0.8517f,-0.4756f,0.7267f,0.403f,-0.3647f,-0.8394f,0.0773f,0f,0f,0f,1f],start_interpolation: 0,interpolation_duration: 1}
$data merge entity $(bone_10) {transformation: [-0.9214f,-0.0923f,-0.3776f,-0.028f,-0.054f,0.9924f,-0.1109f,1.0356f,0.3849f,-0.0818f,-0.9193f,0.0965f,0f,0f,0f,1f],start_interpolation: 0,interpolation_duration: 1}
$data merge entity $(bone_9) {transformation: [-0.9214f,0.1246f,-0.3682f,0.0188f,-0.054f,0.897f,0.4388f,1.372f,0.3849f,0.4242f,-0.8197f,0.2556f,0f,0f,0f,1f],start_interpolation: 0,interpolation_duration: 1}
$data merge entity $(item_display_item_display) {transformation: [-0.413f,0.5508f,-0.2782f,-0.5075f,-0.2802f,0.1309f,0.675f,1.0538f,0.5498f,0.4804f,0.1351f,0.7787f,0f,0f,0f,1f],start_interpolation: 0,interpolation_duration: 1}
$data merge entity $(bone_2) {transformation: [0.3709f,0.6072f,0.6884f,-0.5708f,-0.9f,0.3863f,0.1443f,1.1053f,-0.1801f,-0.6799f,0.6967f,0.391f,0f,0f,0f,1f],start_interpolation: 0,interpolation_duration: 1}
$data merge entity $(bone_1) {transformation: [0.3709f,0.8817f,0.2553f,-0.2662f,-0.9f,0.4034f,-0.0854f,1.2434f,-0.1801f,-0.2001f,0.9527f,0.3281f,0f,0f,0f,1f],start_interpolation: 0,interpolation_duration: 1}
$data merge entity $(bone_4) {transformation: [-0.7978f,0.3475f,0.4926f,0.522f,-0.5984f,-0.3568f,-0.7174f,1.0577f,-0.0735f,-0.8671f,0.4926f,0.2329f,0f,0f,0f,1f],start_interpolation: 0,interpolation_duration: 1}
$data merge entity $(bone_3) {transformation: [-0.8126f,-0.5555f,0.1763f,0.3137f,-0.5194f,0.553f,-0.6514f,1.2651f,0.2643f,-0.6209f,-0.7379f,0f,0f,0f,0f,1f],start_interpolation: 0,interpolation_duration: 1}
$data merge entity $(bone_8) {transformation: [-0.9434f,0.314f,-0.107f,-0.144f,0.1755f,0.7461f,0.6423f,0.3962f,0.2815f,0.5872f,-0.7589f,0.2675f,0f,0f,0f,1f],start_interpolation: 0,interpolation_duration: 1}
$data merge entity $(bone_7) {transformation: [-0.9434f,0.1595f,-0.2909f,-0.106f,0.1755f,0.984f,-0.0295f,0.7026f,0.2815f,-0.0788f,-0.9563f,0.204f,0f,0f,0f,1f],start_interpolation: 0,interpolation_duration: 1}
data modify entity @s data merge value {"cameras":{"camera":{"posx":0.02749999999999974,"posy":1.46625,"posz":2.136875,"roty":180.94806015625,"rotx":0}},"locators":{}}