# This file was generated by Animated Java via MC-Build. It is not recommended to edit this file directly.
$data merge entity $(bone_layer) {transformation: [-0.9214f,-0.0077f,-0.3888f,0.0128f,-0.054f,0.9927f,0.1083f,1.3373f,0.3852f,0.1207f,-0.9149f,0.2364f,0f,0f,0f,1f],start_interpolation: 0,interpolation_duration: 1}
$data merge entity $(bone_l_1) {transformation: [-0.9214f,-0.0077f,-0.3888f,0.0038f,-0.054f,0.9927f,0.1083f,1.4575f,0.3852f,0.1207f,-0.9149f,0.5158f,0f,0f,0f,1f],start_interpolation: 0,interpolation_duration: 1}
$data merge entity $(bone_eye_l) {transformation: [-0.9214f,-0.0077f,-0.3888f,0.0091f,-0.054f,0.9927f,0.1083f,1.3384f,0.3852f,0.1207f,-0.9149f,0.2278f,0f,0f,0f,1f],start_interpolation: 0,interpolation_duration: 1}
$data merge entity $(bone_r_1) {transformation: [-0.9214f,-0.0077f,-0.3888f,0.2053f,-0.054f,0.9927f,0.1083f,1.4694f,0.3852f,0.1207f,-0.9149f,0.4315f,0f,0f,0f,1f],start_interpolation: 0,interpolation_duration: 1}
$data merge entity $(bone_eye_r) {transformation: [-0.9214f,-0.0077f,-0.3888f,0.2175f,-0.054f,0.9927f,0.1083f,1.443f,0.3852f,0.1207f,-0.9149f,0.4164f,0f,0f,0f,1f],start_interpolation: 0,interpolation_duration: 1}
$data merge entity $(bone_eyes_down) {transformation: [-0.9214f,-0.0077f,-0.3888f,0.0121f,-0.054f,0.9927f,0.1083f,1.4304f,0.3852f,0.1207f,-0.9149f,0.2477f,0f,0f,0f,1f],start_interpolation: 0,interpolation_duration: 1}
$data merge entity $(bone_eyes_up) {transformation: [-0.9214f,-0.0077f,-0.3888f,0.0109f,-0.054f,0.9927f,0.1083f,1.5545f,0.3852f,0.1207f,-0.9149f,0.2623f,0f,0f,0f,1f],start_interpolation: 0,interpolation_duration: 1}
$data merge entity $(bone_bone) {transformation: [-0.9214f,-0.0077f,-0.3888f,0.0128f,-0.054f,0.9927f,0.1083f,1.3373f,0.3852f,0.1207f,-0.9149f,0.2364f,0f,0f,0f,1f],start_interpolation: 0,interpolation_duration: 1}
$data merge entity $(bone_l) {transformation: [-0.9172f,-0.066f,-0.3888f,-0.0044f,-0.1403f,0.7381f,0.1083f,1.5122f,0.3732f,0.1154f,-0.9149f,0.5445f,0f,0f,0f,1f],start_interpolation: 0,interpolation_duration: 1}
$data merge entity $(bone_r) {transformation: [-0.9185f,0.0545f,-0.3888f,0.226f,0.0327f,0.7452f,0.1083f,1.5257f,0.3942f,0.065f,-0.9149f,0.4482f,0f,0f,0f,1f],start_interpolation: 0,interpolation_duration: 1}
$data merge entity $(bone_sad) {transformation: [0f,0f,0f,-0.0537f,0f,0f,0f,0.855f,0f,0f,0f,0.4706f,0f,0f,0f,1f],start_interpolation: 0,interpolation_duration: 1}
$data merge entity $(bone_head) {transformation: [-0.9214f,-0.0077f,-0.3888f,0.0128f,-0.054f,0.9927f,0.1083f,1.3373f,0.3852f,0.1207f,-0.9149f,0.2364f,0f,0f,0f,1f],start_interpolation: 0,interpolation_duration: 1}
$data merge entity $(bone_6) {transformation: [-0.8886f,-0.1748f,-0.4242f,0.2518f,-0.2194f,0.9739f,0.0583f,0.4072f,0.4029f,0.1448f,-0.9037f,0.214f,0f,0f,0f,1f],start_interpolation: 0,interpolation_duration: 1}
$data merge entity $(bone_12) {transformation: [-0.8886f,-0.3758f,-0.2631f,0.1109f,-0.2194f,0.8518f,-0.4756f,0.7267f,0.4029f,-0.3649f,-0.8394f,0.0772f,0f,0f,0f,1f],start_interpolation: 0,interpolation_duration: 1}
$data merge entity $(bone_10) {transformation: [-0.9213f,-0.0923f,-0.3778f,-0.028f,-0.054f,0.9924f,-0.1109f,1.0355f,0.3851f,-0.0818f,-0.9192f,0.0967f,0f,0f,0f,1f],start_interpolation: 0,interpolation_duration: 1}
$data merge entity $(bone_9) {transformation: [-0.9213f,0.1245f,-0.3685f,0.0187f,-0.054f,0.8973f,0.4381f,1.372f,0.3851f,0.4235f,-0.82f,0.2555f,0f,0f,0f,1f],start_interpolation: 0,interpolation_duration: 1}
$data merge entity $(item_display_item_display) {transformation: [-0.4141f,0.55f,-0.2782f,-0.508f,-0.2805f,0.1303f,0.675f,1.0536f,0.5488f,0.4815f,0.1351f,0.7785f,0f,0f,0f,1f],start_interpolation: 0,interpolation_duration: 1}
$data merge entity $(bone_2) {transformation: [0.3709f,0.608f,0.6876f,-0.5709f,-0.9001f,0.3864f,0.1437f,1.1053f,-0.1801f,-0.679f,0.6976f,0.3908f,0f,0f,0f,1f],start_interpolation: 0,interpolation_duration: 1}
$data merge entity $(bone_1) {transformation: [0.3709f,0.8818f,0.2548f,-0.2662f,-0.9001f,0.4033f,-0.0857f,1.2434f,-0.1801f,-0.1996f,0.9528f,0.3281f,0f,0f,0f,1f],start_interpolation: 0,interpolation_duration: 1}
$data merge entity $(bone_4) {transformation: [-0.7977f,0.3474f,0.493f,0.5219f,-0.5986f,-0.3567f,-0.7173f,1.0579f,-0.0733f,-0.8672f,0.4925f,0.2329f,0f,0f,0f,1f],start_interpolation: 0,interpolation_duration: 1}
$data merge entity $(bone_3) {transformation: [-0.8125f,-0.5555f,0.1766f,0.3135f,-0.5194f,0.5525f,-0.6519f,1.2651f,0.2645f,-0.6214f,-0.7375f,-0.0002f,0f,0f,0f,1f],start_interpolation: 0,interpolation_duration: 1}
$data merge entity $(bone_8) {transformation: [-0.9434f,0.3136f,-0.1079f,-0.1439f,0.1748f,0.7467f,0.6418f,0.3962f,0.2818f,0.5867f,-0.7592f,0.2674f,0f,0f,0f,1f],start_interpolation: 0,interpolation_duration: 1}
$data merge entity $(bone_7) {transformation: [-0.9434f,0.1588f,-0.2911f,-0.1061f,0.1748f,0.9842f,-0.0295f,0.7026f,0.2818f,-0.0787f,-0.9562f,0.204f,0f,0f,0f,1f],start_interpolation: 0,interpolation_duration: 1}
data modify entity @s data merge value {"cameras":{"camera1":{"px":0.02749999999999974,"py":1.46625,"pz":2.136875,"ry":180.85045624999998,"rx":0}},"locators":{}}