# This file was generated by Animated Java via MC-Build. It is not recommended to edit this file directly.
$data merge entity $(bone_layer) {transformation: [-0.9213f,-0.0073f,-0.3891f,0.0127f,-0.054f,0.9926f,0.1092f,1.3373f,0.3854f,0.1216f,-0.9147f,0.2363f,0f,0f,0f,1f],start_interpolation: 0,interpolation_duration: 1}
$data merge entity $(bone_l_1) {transformation: [-0.9213f,-0.0073f,-0.3891f,0.0038f,-0.054f,0.9926f,0.1092f,1.4573f,0.3854f,0.1216f,-0.9147f,0.5158f,0f,0f,0f,1f],start_interpolation: 0,interpolation_duration: 1}
$data merge entity $(bone_eye_l) {transformation: [-0.9213f,-0.0073f,-0.3891f,0.0091f,-0.054f,0.9926f,0.1092f,1.3384f,0.3854f,0.1216f,-0.9147f,0.2277f,0f,0f,0f,1f],start_interpolation: 0,interpolation_duration: 1}
$data merge entity $(bone_r_1) {transformation: [-0.9213f,-0.0073f,-0.3891f,0.2054f,-0.054f,0.9926f,0.1092f,1.4691f,0.3854f,0.1216f,-0.9147f,0.4315f,0f,0f,0f,1f],start_interpolation: 0,interpolation_duration: 1}
$data merge entity $(bone_eye_r) {transformation: [-0.9213f,-0.0073f,-0.3891f,0.2175f,-0.054f,0.9926f,0.1092f,1.4427f,0.3854f,0.1216f,-0.9147f,0.4163f,0f,0f,0f,1f],start_interpolation: 0,interpolation_duration: 1}
$data merge entity $(bone_eyes_down) {transformation: [-0.9213f,-0.0073f,-0.3891f,0.012f,-0.054f,0.9926f,0.1092f,1.4304f,0.3854f,0.1216f,-0.9147f,0.2477f,0f,0f,0f,1f],start_interpolation: 0,interpolation_duration: 1}
$data merge entity $(bone_eyes_up) {transformation: [-0.9213f,-0.0073f,-0.3891f,0.0109f,-0.054f,0.9926f,0.1092f,1.5545f,0.3854f,0.1216f,-0.9147f,0.2623f,0f,0f,0f,1f],start_interpolation: 0,interpolation_duration: 1}
$data merge entity $(bone_bone) {transformation: [-0.9213f,-0.0073f,-0.3891f,0.0127f,-0.054f,0.9926f,0.1092f,1.3373f,0.3854f,0.1216f,-0.9147f,0.2363f,0f,0f,0f,1f],start_interpolation: 0,interpolation_duration: 1}
$data merge entity $(bone_l) {transformation: [-0.9171f,-0.0657f,-0.3891f,-0.0043f,-0.1403f,0.7381f,0.1092f,1.512f,0.3733f,0.116f,-0.9147f,0.5445f,0f,0f,0f,1f],start_interpolation: 0,interpolation_duration: 1}
$data merge entity $(bone_r) {transformation: [-0.9184f,0.0548f,-0.3891f,0.226f,0.0328f,0.7451f,0.1092f,1.5255f,0.3945f,0.0656f,-0.9147f,0.4482f,0f,0f,0f,1f],start_interpolation: 0,interpolation_duration: 1}
$data merge entity $(bone_sad) {transformation: [0f,0f,0f,-0.0539f,0f,0f,0f,0.8548f,0f,0f,0f,0.4701f,0f,0f,0f,1f],start_interpolation: 0,interpolation_duration: 1}
$data merge entity $(bone_head) {transformation: [-0.9213f,-0.0073f,-0.3891f,0.0127f,-0.054f,0.9926f,0.1092f,1.3373f,0.3854f,0.1216f,-0.9147f,0.2363f,0f,0f,0f,1f],start_interpolation: 0,interpolation_duration: 1}
$data merge entity $(bone_6) {transformation: [-0.8888f,-0.1737f,-0.4241f,0.2514f,-0.2186f,0.974f,0.0593f,0.4072f,0.4028f,0.1454f,-0.9037f,0.214f,0f,0f,0f,1f],start_interpolation: 0,interpolation_duration: 1}
$data merge entity $(bone_12) {transformation: [-0.8888f,-0.375f,-0.2634f,0.1108f,-0.2186f,0.852f,-0.4757f,0.7267f,0.4028f,-0.3652f,-0.8393f,0.0771f,0f,0f,0f,1f],start_interpolation: 0,interpolation_duration: 1}
$data merge entity $(bone_10) {transformation: [-0.9212f,-0.0923f,-0.378f,-0.0279f,-0.054f,0.9924f,-0.1109f,1.0354f,0.3854f,-0.0818f,-0.9191f,0.0969f,0f,0f,0f,1f],start_interpolation: 0,interpolation_duration: 1}
$data merge entity $(bone_9) {transformation: [-0.9212f,0.1242f,-0.3688f,0.0187f,-0.054f,0.8977f,0.4372f,1.372f,0.3854f,0.4227f,-0.8203f,0.2554f,0f,0f,0f,1f],start_interpolation: 0,interpolation_duration: 1}
$data merge entity $(item_display_item_display) {transformation: [-0.4155f,0.5489f,-0.2781f,-0.5087f,-0.2808f,0.1295f,0.6751f,1.0534f,0.5476f,0.4829f,0.1351f,0.7783f,0f,0f,0f,1f],start_interpolation: 0,interpolation_duration: 1}
$data merge entity $(bone_2) {transformation: [0.3708f,0.6092f,0.6867f,-0.571f,-0.9001f,0.3867f,0.143f,1.1054f,-0.1802f,-0.6779f,0.6987f,0.3905f,0f,0f,0f,1f],start_interpolation: 0,interpolation_duration: 1}
$data merge entity $(bone_1) {transformation: [0.3708f,0.882f,0.2542f,-0.2662f,-0.9001f,0.4032f,-0.086f,1.2434f,-0.1802f,-0.1989f,0.9529f,0.3281f,0f,0f,0f,1f],start_interpolation: 0,interpolation_duration: 1}
$data merge entity $(bone_4) {transformation: [-0.7975f,0.3472f,0.4933f,0.5217f,-0.5988f,-0.3567f,-0.7171f,1.0581f,-0.073f,-0.8673f,0.4924f,0.2329f,0f,0f,0f,1f],start_interpolation: 0,interpolation_duration: 1}
$data merge entity $(bone_3) {transformation: [-0.8125f,-0.5555f,0.1769f,0.3134f,-0.5194f,0.5519f,-0.6524f,1.2651f,0.2648f,-0.6219f,-0.7369f,-0.0003f,0f,0f,0f,1f],start_interpolation: 0,interpolation_duration: 1}
$data merge entity $(bone_8) {transformation: [-0.9435f,0.313f,-0.1089f,-0.1437f,0.1739f,0.7474f,0.6412f,0.3962f,0.2821f,0.586f,-0.7596f,0.2673f,0f,0f,0f,1f],start_interpolation: 0,interpolation_duration: 1}
$data merge entity $(bone_7) {transformation: [-0.9435f,0.1579f,-0.2913f,-0.1061f,0.1739f,0.9843f,-0.0295f,0.7026f,0.2821f,-0.0785f,-0.9562f,0.2039f,0f,0f,0f,1f],start_interpolation: 0,interpolation_duration: 1}
data modify entity @s data merge value {"cameras":{"camera":{"posx":0.02749999999999974,"posy":1.46625,"posz":2.136875,"roty":180.76201171875002,"rotx":0}},"locators":{}}