# This file was generated by Animated Java via MC-Build. It is not recommended to edit this file directly.
$data merge entity $(bone_layer) {transformation: [-0.9212f,-0.0068f,-0.3893f,0.0127f,-0.0539f,0.9924f,0.1102f,1.3374f,0.3856f,0.1225f,-0.9145f,0.2362f,0f,0f,0f,1f],start_interpolation: 0,interpolation_duration: 1}
$data merge entity $(bone_l_1) {transformation: [-0.9212f,-0.0068f,-0.3893f,0.0039f,-0.0539f,0.9924f,0.1102f,1.4571f,0.3856f,0.1225f,-0.9145f,0.5158f,0f,0f,0f,1f],start_interpolation: 0,interpolation_duration: 1}
$data merge entity $(bone_eye_l) {transformation: [-0.9212f,-0.0068f,-0.3893f,0.009f,-0.0539f,0.9924f,0.1102f,1.3384f,0.3856f,0.1225f,-0.9145f,0.2276f,0f,0f,0f,1f],start_interpolation: 0,interpolation_duration: 1}
$data merge entity $(bone_r_1) {transformation: [-0.9212f,-0.0068f,-0.3893f,0.2054f,-0.0539f,0.9924f,0.1102f,1.4689f,0.3856f,0.1225f,-0.9145f,0.4314f,0f,0f,0f,1f],start_interpolation: 0,interpolation_duration: 1}
$data merge entity $(bone_eye_r) {transformation: [-0.9212f,-0.0068f,-0.3893f,0.2176f,-0.0539f,0.9924f,0.1102f,1.4425f,0.3856f,0.1225f,-0.9145f,0.4162f,0f,0f,0f,1f],start_interpolation: 0,interpolation_duration: 1}
$data merge entity $(bone_eyes_down) {transformation: [-0.9212f,-0.0068f,-0.3893f,0.012f,-0.0539f,0.9924f,0.1102f,1.4304f,0.3856f,0.1225f,-0.9145f,0.2477f,0f,0f,0f,1f],start_interpolation: 0,interpolation_duration: 1}
$data merge entity $(bone_eyes_up) {transformation: [-0.9212f,-0.0068f,-0.3893f,0.0109f,-0.0539f,0.9924f,0.1102f,1.5545f,0.3856f,0.1225f,-0.9145f,0.2624f,0f,0f,0f,1f],start_interpolation: 0,interpolation_duration: 1}
$data merge entity $(bone_bone) {transformation: [-0.9212f,-0.0068f,-0.3893f,0.0127f,-0.0539f,0.9924f,0.1102f,1.3374f,0.3856f,0.1225f,-0.9145f,0.2362f,0f,0f,0f,1f],start_interpolation: 0,interpolation_duration: 1}
$data merge entity $(bone_l) {transformation: [-0.9171f,-0.0653f,-0.3893f,-0.0042f,-0.1402f,0.738f,0.1102f,1.5117f,0.3735f,0.1168f,-0.9145f,0.5446f,0f,0f,0f,1f],start_interpolation: 0,interpolation_duration: 1}
$data merge entity $(bone_r) {transformation: [-0.9183f,0.0551f,-0.3893f,0.2261f,0.0328f,0.745f,0.1102f,1.5252f,0.3949f,0.0663f,-0.9145f,0.4482f,0f,0f,0f,1f],start_interpolation: 0,interpolation_duration: 1}
$data merge entity $(bone_sad) {transformation: [0f,0f,0f,-0.0541f,0f,0f,0f,0.8547f,0f,0f,0f,0.4696f,0f,0f,0f,1f],start_interpolation: 0,interpolation_duration: 1}
$data merge entity $(bone_head) {transformation: [-0.9212f,-0.0068f,-0.3893f,0.0127f,-0.0539f,0.9924f,0.1102f,1.3374f,0.3856f,0.1225f,-0.9145f,0.2362f,0f,0f,0f,1f],start_interpolation: 0,interpolation_duration: 1}
$data merge entity $(bone_6) {transformation: [-0.8891f,-0.1723f,-0.424f,0.251f,-0.2176f,0.9742f,0.0604f,0.4071f,0.4026f,0.146f,-0.9037f,0.2141f,0f,0f,0f,1f],start_interpolation: 0,interpolation_duration: 1}
$data merge entity $(bone_12) {transformation: [-0.8891f,-0.3741f,-0.2636f,0.1107f,-0.2176f,0.8523f,-0.4757f,0.7267f,0.4026f,-0.3656f,-0.8392f,0.077f,0f,0f,0f,1f],start_interpolation: 0,interpolation_duration: 1}
$data merge entity $(bone_10) {transformation: [-0.9211f,-0.0923f,-0.3782f,-0.0279f,-0.0539f,0.9924f,-0.1109f,1.0352f,0.3856f,-0.0818f,-0.919f,0.0971f,0f,0f,0f,1f],start_interpolation: 0,interpolation_duration: 1}
$data merge entity $(bone_9) {transformation: [-0.9211f,0.1239f,-0.3691f,0.0186f,-0.0539f,0.8982f,0.4362f,1.372f,0.3856f,0.4217f,-0.8207f,0.2553f,0f,0f,0f,1f],start_interpolation: 0,interpolation_duration: 1}
$data merge entity $(item_display_item_display) {transformation: [-0.4172f,0.5477f,-0.2781f,-0.5095f,-0.2812f,0.1286f,0.6751f,1.0531f,0.5461f,0.4846f,0.1352f,0.778f,0f,0f,0f,1f],start_interpolation: 0,interpolation_duration: 1}
$data merge entity $(bone_2) {transformation: [0.3708f,0.6105f,0.6855f,-0.5711f,-0.9001f,0.387f,0.1422f,1.1054f,-0.1803f,-0.6765f,0.7f,0.3902f,0f,0f,0f,1f],start_interpolation: 0,interpolation_duration: 1}
$data merge entity $(bone_1) {transformation: [0.3708f,0.8823f,0.2535f,-0.2663f,-0.9001f,0.4031f,-0.0865f,1.2434f,-0.1803f,-0.1981f,0.9531f,0.328f,0f,0f,0f,1f],start_interpolation: 0,interpolation_duration: 1}
$data merge entity $(bone_4) {transformation: [-0.7974f,0.347f,0.4938f,0.5216f,-0.5991f,-0.3566f,-0.7169f,1.0584f,-0.0727f,-0.8674f,0.4922f,0.233f,0f,0f,0f,1f],start_interpolation: 0,interpolation_duration: 1}
$data merge entity $(bone_3) {transformation: [-0.8124f,-0.5554f,0.1773f,0.3133f,-0.5194f,0.5512f,-0.653f,1.2651f,0.265f,-0.6226f,-0.7363f,-0.0005f,0f,0f,0f,1f],start_interpolation: 0,interpolation_duration: 1}
$data merge entity $(bone_8) {transformation: [-0.9436f,0.3122f,-0.1102f,-0.1434f,0.1728f,0.7483f,0.6405f,0.3961f,0.2824f,0.5853f,-0.76f,0.2671f,0f,0f,0f,1f],start_interpolation: 0,interpolation_duration: 1}
$data merge entity $(bone_7) {transformation: [-0.9436f,0.1569f,-0.2916f,-0.1062f,0.1728f,0.9845f,-0.0296f,0.7026f,0.2824f,-0.0783f,-0.9561f,0.2038f,0f,0f,0f,1f],start_interpolation: 0,interpolation_duration: 1}
data modify entity @s data merge value {"cameras":{"camera1":{"px":0.02749999999999974,"py":1.46625,"pz":2.136875,"ry":180.68395,"rx":0}},"locators":{}}