# This file was generated by Animated Java via MC-Build. It is not recommended to edit this file directly.
$data merge entity $(bone_layer) {transformation: [-0.9211f,-0.0063f,-0.3895f,0.0126f,-0.0539f,0.9923f,0.1115f,1.3374f,0.3859f,0.1237f,-0.9142f,0.2361f,0f,0f,0f,1f],start_interpolation: 0,interpolation_duration: 1}
$data merge entity $(bone_l_1) {transformation: [-0.9211f,-0.0063f,-0.3895f,0.004f,-0.0539f,0.9923f,0.1115f,1.4568f,0.3859f,0.1237f,-0.9142f,0.5158f,0f,0f,0f,1f],start_interpolation: 0,interpolation_duration: 1}
$data merge entity $(bone_eye_l) {transformation: [-0.9211f,-0.0063f,-0.3895f,0.0089f,-0.0539f,0.9923f,0.1115f,1.3384f,0.3859f,0.1237f,-0.9142f,0.2275f,0f,0f,0f,1f],start_interpolation: 0,interpolation_duration: 1}
$data merge entity $(bone_r_1) {transformation: [-0.9211f,-0.0063f,-0.3895f,0.2055f,-0.0539f,0.9923f,0.1115f,1.4686f,0.3859f,0.1237f,-0.9142f,0.4314f,0f,0f,0f,1f],start_interpolation: 0,interpolation_duration: 1}
$data merge entity $(bone_eye_r) {transformation: [-0.9211f,-0.0063f,-0.3895f,0.2176f,-0.0539f,0.9923f,0.1115f,1.4422f,0.3859f,0.1237f,-0.9142f,0.4162f,0f,0f,0f,1f],start_interpolation: 0,interpolation_duration: 1}
$data merge entity $(bone_eyes_down) {transformation: [-0.9211f,-0.0063f,-0.3895f,0.012f,-0.0539f,0.9923f,0.1115f,1.4304f,0.3859f,0.1237f,-0.9142f,0.2477f,0f,0f,0f,1f],start_interpolation: 0,interpolation_duration: 1}
$data merge entity $(bone_eyes_up) {transformation: [-0.9211f,-0.0063f,-0.3895f,0.011f,-0.0539f,0.9923f,0.1115f,1.5545f,0.3859f,0.1237f,-0.9142f,0.2626f,0f,0f,0f,1f],start_interpolation: 0,interpolation_duration: 1}
$data merge entity $(bone_bone) {transformation: [-0.9211f,-0.0063f,-0.3895f,0.0126f,-0.0539f,0.9923f,0.1115f,1.3374f,0.3859f,0.1237f,-0.9142f,0.2361f,0f,0f,0f,1f],start_interpolation: 0,interpolation_duration: 1}
$data merge entity $(bone_l) {transformation: [-0.917f,-0.0649f,-0.3895f,-0.004f,-0.1402f,0.7379f,0.1115f,1.5114f,0.3736f,0.1176f,-0.9142f,0.5447f,0f,0f,0f,1f],start_interpolation: 0,interpolation_duration: 1}
$data merge entity $(bone_r) {transformation: [-0.9181f,0.0555f,-0.3895f,0.2262f,0.0328f,0.7449f,0.1115f,1.5249f,0.3952f,0.0672f,-0.9142f,0.4482f,0f,0f,0f,1f],start_interpolation: 0,interpolation_duration: 1}
$data merge entity $(bone_sad) {transformation: [0f,0f,0f,-0.0543f,0f,0f,0f,0.8544f,0f,0f,0f,0.4689f,0f,0f,0f,1f],start_interpolation: 0,interpolation_duration: 1}
$data merge entity $(bone_head) {transformation: [-0.9211f,-0.0063f,-0.3895f,0.0126f,-0.0539f,0.9923f,0.1115f,1.3374f,0.3859f,0.1237f,-0.9142f,0.2361f,0f,0f,0f,1f],start_interpolation: 0,interpolation_duration: 1}
$data merge entity $(bone_6) {transformation: [-0.8895f,-0.1708f,-0.4238f,0.2505f,-0.2165f,0.9743f,0.0618f,0.407f,0.4024f,0.1467f,-0.9036f,0.2141f,0f,0f,0f,1f],start_interpolation: 0,interpolation_duration: 1}
$data merge entity $(bone_12) {transformation: [-0.8895f,-0.3731f,-0.2638f,0.1105f,-0.2165f,0.8525f,-0.4757f,0.7267f,0.4024f,-0.366f,-0.8391f,0.0768f,0f,0f,0f,1f],start_interpolation: 0,interpolation_duration: 1}
$data merge entity $(bone_10) {transformation: [-0.921f,-0.0923f,-0.3785f,-0.0278f,-0.0539f,0.9924f,-0.111f,1.035f,0.3858f,-0.0818f,-0.9189f,0.0974f,0f,0f,0f,1f],start_interpolation: 0,interpolation_duration: 1}
$data merge entity $(bone_9) {transformation: [-0.921f,0.1236f,-0.3695f,0.0185f,-0.0539f,0.8988f,0.4351f,1.372f,0.3858f,0.4206f,-0.8211f,0.2551f,0f,0f,0f,1f],start_interpolation: 0,interpolation_duration: 1}
$data merge entity $(item_display_item_display) {transformation: [-0.4191f,0.5462f,-0.278f,-0.5105f,-0.2817f,0.1275f,0.6751f,1.0528f,0.5444f,0.4865f,0.1352f,0.7778f,0f,0f,0f,1f],start_interpolation: 0,interpolation_duration: 1}
$data merge entity $(bone_2) {transformation: [0.3707f,0.612f,0.6842f,-0.5713f,-0.9001f,0.3873f,0.1412f,1.1055f,-0.1803f,-0.6749f,0.7015f,0.3898f,0f,0f,0f,1f],start_interpolation: 0,interpolation_duration: 1}
$data merge entity $(bone_1) {transformation: [0.3707f,0.8825f,0.2526f,-0.2663f,-0.9001f,0.403f,-0.0869f,1.2435f,-0.1803f,-0.1971f,0.9533f,0.328f,0f,0f,0f,1f],start_interpolation: 0,interpolation_duration: 1}
$data merge entity $(bone_4) {transformation: [-0.7971f,0.3468f,0.4942f,0.5214f,-0.5994f,-0.3565f,-0.7167f,1.0587f,-0.0724f,-0.8675f,0.4921f,0.2331f,0f,0f,0f,1f],start_interpolation: 0,interpolation_duration: 1}
$data merge entity $(bone_3) {transformation: [-0.8124f,-0.5554f,0.1778f,0.3132f,-0.5193f,0.5504f,-0.6537f,1.2651f,0.2652f,-0.6234f,-0.7355f,-0.0007f,0f,0f,0f,1f],start_interpolation: 0,interpolation_duration: 1}
$data merge entity $(bone_8) {transformation: [-0.9437f,0.3114f,-0.1115f,-0.1431f,0.1716f,0.7492f,0.6397f,0.3961f,0.2827f,0.5845f,-0.7605f,0.267f,0f,0f,0f,1f],start_interpolation: 0,interpolation_duration: 1}
$data merge entity $(bone_7) {transformation: [-0.9437f,0.1557f,-0.2918f,-0.1063f,0.1716f,0.9847f,-0.0296f,0.7026f,0.2827f,-0.078f,-0.956f,0.2038f,0f,0f,0f,1f],start_interpolation: 0,interpolation_duration: 1}
data modify entity @s data merge value {"cameras":{"camera1":{"px":0.02749999999999974,"py":1.46625,"pz":2.136875,"ry":180.61749453125,"rx":0}},"locators":{}}