# This file was generated by Animated Java via MC-Build. It is not recommended to edit this file directly.
$data merge entity $(bone_layer) {transformation: [-0.921f,-0.0057f,-0.3898f,0.0125f,-0.0539f,0.9922f,0.1128f,1.3374f,0.3861f,0.1249f,-0.914f,0.236f,0f,0f,0f,1f],start_interpolation: 0,interpolation_duration: 1}
$data merge entity $(bone_l_1) {transformation: [-0.921f,-0.0057f,-0.3898f,0.0041f,-0.0539f,0.9922f,0.1128f,1.4564f,0.3861f,0.1249f,-0.914f,0.5158f,0f,0f,0f,1f],start_interpolation: 0,interpolation_duration: 1}
$data merge entity $(bone_eye_l) {transformation: [-0.921f,-0.0057f,-0.3898f,0.0089f,-0.0539f,0.9922f,0.1128f,1.3384f,0.3861f,0.1249f,-0.914f,0.2274f,0f,0f,0f,1f],start_interpolation: 0,interpolation_duration: 1}
$data merge entity $(bone_r_1) {transformation: [-0.921f,-0.0057f,-0.3898f,0.2056f,-0.0539f,0.9922f,0.1128f,1.4682f,0.3861f,0.1249f,-0.914f,0.4314f,0f,0f,0f,1f],start_interpolation: 0,interpolation_duration: 1}
$data merge entity $(bone_eye_r) {transformation: [-0.921f,-0.0057f,-0.3898f,0.2177f,-0.0539f,0.9922f,0.1128f,1.4419f,0.3861f,0.1249f,-0.914f,0.4161f,0f,0f,0f,1f],start_interpolation: 0,interpolation_duration: 1}
$data merge entity $(bone_eyes_down) {transformation: [-0.921f,-0.0057f,-0.3898f,0.012f,-0.0539f,0.9922f,0.1128f,1.4304f,0.3861f,0.1249f,-0.914f,0.2477f,0f,0f,0f,1f],start_interpolation: 0,interpolation_duration: 1}
$data merge entity $(bone_eyes_up) {transformation: [-0.921f,-0.0057f,-0.3898f,0.011f,-0.0539f,0.9922f,0.1128f,1.5545f,0.3861f,0.1249f,-0.914f,0.2627f,0f,0f,0f,1f],start_interpolation: 0,interpolation_duration: 1}
$data merge entity $(bone_bone) {transformation: [-0.921f,-0.0057f,-0.3898f,0.0125f,-0.0539f,0.9922f,0.1128f,1.3374f,0.3861f,0.1249f,-0.914f,0.236f,0f,0f,0f,1f],start_interpolation: 0,interpolation_duration: 1}
$data merge entity $(bone_l) {transformation: [-0.917f,-0.0644f,-0.3898f,-0.0039f,-0.1401f,0.7378f,0.1128f,1.511f,0.3738f,0.1186f,-0.914f,0.5448f,0f,0f,0f,1f],start_interpolation: 0,interpolation_duration: 1}
$data merge entity $(bone_r) {transformation: [-0.918f,0.056f,-0.3898f,0.2263f,0.0328f,0.7448f,0.1128f,1.5245f,0.3955f,0.0681f,-0.914f,0.4483f,0f,0f,0f,1f],start_interpolation: 0,interpolation_duration: 1}
$data merge entity $(bone_sad) {transformation: [0f,0f,0f,-0.0546f,0f,0f,0f,0.8542f,0f,0f,0f,0.4682f,0f,0f,0f,1f],start_interpolation: 0,interpolation_duration: 1}
$data merge entity $(bone_head) {transformation: [-0.921f,-0.0057f,-0.3898f,0.0125f,-0.0539f,0.9922f,0.1128f,1.3374f,0.3861f,0.1249f,-0.914f,0.236f,0f,0f,0f,1f],start_interpolation: 0,interpolation_duration: 1}
$data merge entity $(bone_6) {transformation: [-0.8899f,-0.1691f,-0.4236f,0.2499f,-0.2153f,0.9745f,0.0633f,0.4069f,0.4021f,0.1475f,-0.9036f,0.2142f,0f,0f,0f,1f],start_interpolation: 0,interpolation_duration: 1}
$data merge entity $(bone_12) {transformation: [-0.8899f,-0.3719f,-0.264f,0.1104f,-0.2153f,0.8528f,-0.4757f,0.7267f,0.4021f,-0.3665f,-0.839f,0.0767f,0f,0f,0f,1f],start_interpolation: 0,interpolation_duration: 1}
$data merge entity $(bone_10) {transformation: [-0.9209f,-0.0924f,-0.3787f,-0.0277f,-0.0539f,0.9924f,-0.111f,1.0348f,0.3861f,-0.0818f,-0.9188f,0.0978f,0f,0f,0f,1f],start_interpolation: 0,interpolation_duration: 1}
$data merge entity $(bone_9) {transformation: [-0.9209f,0.1232f,-0.3698f,0.0185f,-0.0539f,0.8994f,0.4338f,1.3721f,0.3861f,0.4194f,-0.8216f,0.255f,0f,0f,0f,1f],start_interpolation: 0,interpolation_duration: 1}
$data merge entity $(item_display_item_display) {transformation: [-0.4212f,0.5446f,-0.278f,-0.5115f,-0.2822f,0.1263f,0.6751f,1.0525f,0.5425f,0.4886f,0.1353f,0.7774f,0f,0f,0f,1f],start_interpolation: 0,interpolation_duration: 1}
$data merge entity $(bone_2) {transformation: [0.3706f,0.6138f,0.6826f,-0.5714f,-0.9001f,0.3876f,0.1402f,1.1056f,-0.1804f,-0.6731f,0.7032f,0.3894f,0f,0f,0f,1f],start_interpolation: 0,interpolation_duration: 1}
$data merge entity $(bone_1) {transformation: [0.3706f,0.8828f,0.2517f,-0.2664f,-0.9001f,0.4028f,-0.0875f,1.2435f,-0.1804f,-0.1961f,0.9535f,0.328f,0f,0f,0f,1f],start_interpolation: 0,interpolation_duration: 1}
$data merge entity $(bone_4) {transformation: [-0.7969f,0.3467f,0.4947f,0.5213f,-0.5998f,-0.3564f,-0.7164f,1.059f,-0.072f,-0.8676f,0.4919f,0.2332f,0f,0f,0f,1f],start_interpolation: 0,interpolation_duration: 1}
$data merge entity $(bone_3) {transformation: [-0.8123f,-0.5553f,0.1784f,0.313f,-0.5193f,0.5494f,-0.6545f,1.2651f,0.2654f,-0.6243f,-0.7347f,-0.0009f,0f,0f,0f,1f],start_interpolation: 0,interpolation_duration: 1}
$data merge entity $(bone_8) {transformation: [-0.9439f,0.3104f,-0.113f,-0.1428f,0.1703f,0.7503f,0.6388f,0.396f,0.2831f,0.5836f,-0.7611f,0.2668f,0f,0f,0f,1f],start_interpolation: 0,interpolation_duration: 1}
$data merge entity $(bone_7) {transformation: [-0.9439f,0.1544f,-0.2921f,-0.1064f,0.1703f,0.985f,-0.0296f,0.7026f,0.2831f,-0.0777f,-0.9559f,0.2037f,0f,0f,0f,1f],start_interpolation: 0,interpolation_duration: 1}
data modify entity @s data merge value {"cameras":{"camera":{"posx":0.02749999999999974,"posy":1.46625,"posz":2.136875,"roty":180.56386875,"rotx":0}},"locators":{}}