# This file was generated by Animated Java via MC-Build. It is not recommended to edit this file directly.
$data merge entity $(bone_layer) {transformation: [-0.9209f,-0.005f,-0.39f,0.0125f,-0.0538f,0.992f,0.1143f,1.3374f,0.3864f,0.1262f,-0.9137f,0.2359f,0f,0f,0f,1f],start_interpolation: 0,interpolation_duration: 1}
$data merge entity $(bone_l_1) {transformation: [-0.9209f,-0.005f,-0.39f,0.0042f,-0.0538f,0.992f,0.1143f,1.4561f,0.3864f,0.1262f,-0.9137f,0.5159f,0f,0f,0f,1f],start_interpolation: 0,interpolation_duration: 1}
$data merge entity $(bone_eye_l) {transformation: [-0.9209f,-0.005f,-0.39f,0.0088f,-0.0538f,0.992f,0.1143f,1.3385f,0.3864f,0.1262f,-0.9137f,0.2273f,0f,0f,0f,1f],start_interpolation: 0,interpolation_duration: 1}
$data merge entity $(bone_r_1) {transformation: [-0.9209f,-0.005f,-0.39f,0.2056f,-0.0538f,0.992f,0.1143f,1.4678f,0.3864f,0.1262f,-0.9137f,0.4314f,0f,0f,0f,1f],start_interpolation: 0,interpolation_duration: 1}
$data merge entity $(bone_eye_r) {transformation: [-0.9209f,-0.005f,-0.39f,0.2177f,-0.0538f,0.992f,0.1143f,1.4415f,0.3864f,0.1262f,-0.9137f,0.4161f,0f,0f,0f,1f],start_interpolation: 0,interpolation_duration: 1}
$data merge entity $(bone_eyes_down) {transformation: [-0.9209f,-0.005f,-0.39f,0.012f,-0.0538f,0.992f,0.1143f,1.4304f,0.3864f,0.1262f,-0.9137f,0.2477f,0f,0f,0f,1f],start_interpolation: 0,interpolation_duration: 1}
$data merge entity $(bone_eyes_up) {transformation: [-0.9209f,-0.005f,-0.39f,0.0111f,-0.0538f,0.992f,0.1143f,1.5545f,0.3864f,0.1262f,-0.9137f,0.2629f,0f,0f,0f,1f],start_interpolation: 0,interpolation_duration: 1}
$data merge entity $(bone_bone) {transformation: [-0.9209f,-0.005f,-0.39f,0.0125f,-0.0538f,0.992f,0.1143f,1.3374f,0.3864f,0.1262f,-0.9137f,0.2359f,0f,0f,0f,1f],start_interpolation: 0,interpolation_duration: 1}
$data merge entity $(bone_l) {transformation: [-0.9169f,-0.064f,-0.39f,-0.0038f,-0.1401f,0.7376f,0.1143f,1.5106f,0.3739f,0.1196f,-0.9137f,0.5449f,0f,0f,0f,1f],start_interpolation: 0,interpolation_duration: 1}
$data merge entity $(bone_r) {transformation: [-0.9178f,0.0564f,-0.39f,0.2265f,0.0328f,0.7447f,0.1143f,1.5241f,0.3959f,0.0691f,-0.9137f,0.4483f,0f,0f,0f,1f],start_interpolation: 0,interpolation_duration: 1}
$data merge entity $(bone_sad) {transformation: [0f,0f,0f,-0.0549f,0f,0f,0f,0.8539f,0f,0f,0f,0.4675f,0f,0f,0f,1f],start_interpolation: 0,interpolation_duration: 1}
$data merge entity $(bone_head) {transformation: [-0.9209f,-0.005f,-0.39f,0.0125f,-0.0538f,0.992f,0.1143f,1.3374f,0.3864f,0.1262f,-0.9137f,0.2359f,0f,0f,0f,1f],start_interpolation: 0,interpolation_duration: 1}
$data merge entity $(bone_6) {transformation: [-0.8904f,-0.1673f,-0.4234f,0.2493f,-0.214f,0.9747f,0.0649f,0.4067f,0.4018f,0.1484f,-0.9036f,0.2142f,0f,0f,0f,1f],start_interpolation: 0,interpolation_duration: 1}
$data merge entity $(bone_12) {transformation: [-0.8904f,-0.3707f,-0.2643f,0.1103f,-0.214f,0.8532f,-0.4758f,0.7267f,0.4018f,-0.3671f,-0.8389f,0.0766f,0f,0f,0f,1f],start_interpolation: 0,interpolation_duration: 1}
$data merge entity $(bone_10) {transformation: [-0.9208f,-0.0924f,-0.379f,-0.0276f,-0.0538f,0.9924f,-0.111f,1.0345f,0.3863f,-0.0818f,-0.9187f,0.0981f,0f,0f,0f,1f],start_interpolation: 0,interpolation_duration: 1}
$data merge entity $(bone_9) {transformation: [-0.9208f,0.1228f,-0.3702f,0.0184f,-0.0538f,0.9001f,0.4324f,1.3721f,0.3863f,0.4181f,-0.8222f,0.2549f,0f,0f,0f,1f],start_interpolation: 0,interpolation_duration: 1}
$data merge entity $(item_display_item_display) {transformation: [-0.4235f,0.5428f,-0.2779f,-0.5127f,-0.2827f,0.1251f,0.6751f,1.0521f,0.5404f,0.4909f,0.1353f,0.7771f,0f,0f,0f,1f],start_interpolation: 0,interpolation_duration: 1}
$data merge entity $(bone_2) {transformation: [0.3706f,0.6157f,0.681f,-0.5716f,-0.9001f,0.388f,0.139f,1.1056f,-0.1805f,-0.6712f,0.705f,0.3889f,0f,0f,0f,1f],start_interpolation: 0,interpolation_duration: 1}
$data merge entity $(bone_1) {transformation: [0.3706f,0.8832f,0.2506f,-0.2664f,-0.9001f,0.4027f,-0.088f,1.2435f,-0.1805f,-0.1949f,0.9537f,0.3279f,0f,0f,0f,1f],start_interpolation: 0,interpolation_duration: 1}
$data merge entity $(bone_4) {transformation: [-0.7966f,0.3465f,0.4953f,0.5211f,-0.6002f,-0.3563f,-0.7161f,1.0594f,-0.0717f,-0.8678f,0.4918f,0.2334f,0f,0f,0f,1f],start_interpolation: 0,interpolation_duration: 1}
$data merge entity $(bone_3) {transformation: [-0.8122f,-0.5552f,0.179f,0.3129f,-0.5193f,0.5484f,-0.6554f,1.2651f,0.2657f,-0.6253f,-0.7338f,-0.0011f,0f,0f,0f,1f],start_interpolation: 0,interpolation_duration: 1}
$data merge entity $(bone_8) {transformation: [-0.944f,0.3094f,-0.1147f,-0.1424f,0.1688f,0.7515f,0.6378f,0.396f,0.2835f,0.5827f,-0.7617f,0.2667f,0f,0f,0f,1f],start_interpolation: 0,interpolation_duration: 1}
$data merge entity $(bone_7) {transformation: [-0.944f,0.1529f,-0.2923f,-0.1065f,0.1688f,0.9852f,-0.0297f,0.7026f,0.2835f,-0.0774f,-0.9559f,0.2037f,0f,0f,0f,1f],start_interpolation: 0,interpolation_duration: 1}
data modify entity @s data merge value {"cameras":{"camera1":{"px":0.02749999999999974,"py":1.46625,"pz":2.136875,"ry":180.52429609375,"rx":0}},"locators":{}}