# This file was generated by Animated Java via MC-Build. It is not recommended to edit this file directly.
$data merge entity $(bone_layer) {transformation: [-0.556f,-0.0637f,-0.8288f,-0.0869f,-0.003f,0.9972f,-0.0746f,1.3205f,0.8313f,-0.0389f,-0.5546f,0.0092f,0f,0f,0f,1f],start_interpolation: 0,interpolation_duration: 1}
$data merge entity $(bone_l_1) {transformation: [-0.556f,-0.0637f,-0.8288f,0.0407f,-0.003f,0.9972f,-0.0746f,1.4907f,0.8313f,-0.0389f,-0.5546f,0.2267f,0f,0f,0f,1f],start_interpolation: 0,interpolation_duration: 1}
$data merge entity $(bone_eye_l) {transformation: [-0.556f,-0.0637f,-0.8288f,-0.0947f,-0.003f,0.9972f,-0.0746f,1.3198f,0.8313f,-0.0389f,-0.5546f,0.004f,0f,0f,0f,1f],start_interpolation: 0,interpolation_duration: 1}
$data merge entity $(bone_r_1) {transformation: [-0.556f,-0.0637f,-0.8288f,0.1623f,-0.003f,0.9972f,-0.0746f,1.4913f,0.8313f,-0.0389f,-0.5546f,0.0449f,0f,0f,0f,1f],start_interpolation: 0,interpolation_duration: 1}
$data merge entity $(bone_eye_r) {transformation: [-0.556f,-0.0637f,-0.8288f,0.1676f,-0.003f,0.9972f,-0.0746f,1.4629f,0.8313f,-0.0389f,-0.5546f,0.0295f,0f,0f,0f,1f],start_interpolation: 0,interpolation_duration: 1}
$data merge entity $(bone_eyes_down) {transformation: [-0.556f,-0.0637f,-0.8288f,-0.0929f,-0.003f,0.9972f,-0.0746f,1.414f,0.8313f,-0.0389f,-0.5546f,0.0055f,0f,0f,0f,1f],start_interpolation: 0,interpolation_duration: 1}
$data merge entity $(bone_eyes_up) {transformation: [-0.556f,-0.0637f,-0.8288f,-0.1007f,-0.003f,0.9972f,-0.0746f,1.5291f,0.8313f,-0.0389f,-0.5546f,0.0007f,0f,0f,0f,1f],start_interpolation: 0,interpolation_duration: 1}
$data merge entity $(bone_bone) {transformation: [-0.556f,-0.0637f,-0.8288f,-0.0869f,-0.003f,0.9972f,-0.0746f,1.3205f,0.8313f,-0.0389f,-0.5546f,0.0092f,0f,0f,0f,1f],start_interpolation: 0,interpolation_duration: 1}
$data merge entity $(bone_l) {transformation: [-0.556f,-0.0482f,-0.8288f,0.043f,-0.004f,0.7479f,-0.0746f,1.5425f,0.8313f,-0.0286f,-0.5546f,0.2473f,0f,0f,0f,1f],start_interpolation: 0,interpolation_duration: 1}
$data merge entity $(bone_r) {transformation: [-0.5561f,-0.0473f,-0.8288f,0.182f,-0.0021f,0.7479f,-0.0746f,1.5432f,0.8312f,-0.0298f,-0.5546f,0.0394f,0f,0f,0f,1f],start_interpolation: 0,interpolation_duration: 1}
$data merge entity $(bone_sad) {transformation: [-0.8918f,-0.0254f,-0.8897f,0.0138f,-0.0049f,0.3974f,-0.08f,1.4648f,1.3332f,-0.0155f,-0.5954f,0.2732f,0f,0f,0f,1f],start_interpolation: 0,interpolation_duration: 1}
$data merge entity $(bone_head) {transformation: [-0.556f,-0.0637f,-0.8288f,-0.0869f,-0.003f,0.9972f,-0.0746f,1.3205f,0.8313f,-0.0389f,-0.5546f,0.0092f,0f,0f,0f,1f],start_interpolation: 0,interpolation_duration: 1}
$data merge entity $(bone_6) {transformation: [-0.5497f,0.0617f,-0.8331f,0.0215f,-0.1335f,0.978f,0.1605f,0.375f,0.8246f,0.1995f,-0.5293f,-0.1181f,0f,0f,0f,1f],start_interpolation: 0,interpolation_duration: 1}
$data merge entity $(bone_12) {transformation: [-0.5497f,-0.4276f,-0.7177f,-0.1389f,-0.1335f,0.893f,-0.4298f,0.7099f,0.8246f,-0.1404f,-0.548f,-0.1707f,0f,0f,0f,1f],start_interpolation: 0,interpolation_duration: 1}
$data merge entity $(bone_10) {transformation: [-0.556f,-0.048f,-0.8298f,-0.2088f,-0.003f,0.9984f,-0.0557f,1.0193f,0.8312f,-0.0284f,-0.5553f,-0.0734f,0f,0f,0f,1f],start_interpolation: 0,interpolation_duration: 1}
$data merge entity $(bone_9) {transformation: [-0.556f,0.3731f,-0.7428f,-0.0688f,-0.003f,0.8927f,0.4507f,1.3541f,0.8312f,0.2528f,-0.4952f,0.0214f,0f,0f,0f,1f],start_interpolation: 0,interpolation_duration: 1}
$data merge entity $(item_display_item_display) {transformation: [0.3047f,0.6557f,-0.1691f,0.0651f,-0.4998f,0.3429f,0.4289f,0.9422f,0.4569f,-0.0622f,0.582f,0.5614f,0f,0f,0f,1f],start_interpolation: 0,interpolation_duration: 1}
$data merge entity $(bone_2) {transformation: [0.2255f,-0.407f,0.8738f,-0.3097f,-0.5719f,0.6659f,0.4577f,0.9657f,-0.776f,-0.6091f,-0.0834f,0.4352f,0f,0f,0f,1f],start_interpolation: 0,interpolation_duration: 1}
$data merge entity $(bone_1) {transformation: [0.2255f,0.0842f,0.9603f,-0.2748f,-0.5719f,0.8056f,0.0637f,1.243f,-0.776f,-0.5693f,0.2321f,0.241f,0f,0f,0f,1f],start_interpolation: 0,interpolation_duration: 1}
$data merge entity $(bone_4) {transformation: [-0.4453f,-0.8082f,0.3855f,0.3404f,-0.4769f,-0.1503f,-0.866f,1.0481f,0.7578f,-0.5694f,-0.3185f,-0.2785f,0f,0f,0f,1f],start_interpolation: 0,interpolation_duration: 1}
$data merge entity $(bone_3) {transformation: [-0.4453f,-0.8438f,-0.2997f,0.0239f,-0.4769f,0.5067f,-0.7182f,1.2382f,0.7578f,-0.1769f,-0.628f,-0.3448f,0f,0f,0f,1f],start_interpolation: 0,interpolation_duration: 1}
$data merge entity $(bone_8) {transformation: [-0.6208f,0.6f,-0.5046f,-0.2617f,0.1886f,0.7391f,0.6467f,0.389f,0.761f,0.3063f,-0.572f,0.1225f,0f,0f,0f,1f],start_interpolation: 0,interpolation_duration: 1}
$data merge entity $(bone_7) {transformation: [-0.6208f,0.1355f,-0.7722f,-0.2507f,0.1886f,0.9818f,0.0207f,0.6967f,0.761f,-0.1328f,-0.635f,0.0552f,0f,0f,0f,1f],start_interpolation: 0,interpolation_duration: 1}
data modify entity @s data merge value {"cameras":{"camera1":{"px":0.2081764615855523,"py":1.4864747335615105,"pz":1.5149054595542197,"ry":164.83007999999998,"rx":0}},"locators":{}}