# This file was generated by Animated Java via MC-Build. It is not recommended to edit this file directly.
$data merge entity $(bone_layer) {transformation: [-0.9208f,-0.0043f,-0.3903f,0.0124f,-0.0538f,0.9918f,0.1159f,1.3374f,0.3866f,0.1277f,-0.9134f,0.2357f,0f,0f,0f,1f],start_interpolation: 0,interpolation_duration: 1}
$data merge entity $(bone_l_1) {transformation: [-0.9208f,-0.0043f,-0.3903f,0.0043f,-0.0538f,0.9918f,0.1159f,1.4557f,0.3866f,0.1277f,-0.9134f,0.5159f,0f,0f,0f,1f],start_interpolation: 0,interpolation_duration: 1}
$data merge entity $(bone_eye_l) {transformation: [-0.9208f,-0.0043f,-0.3903f,0.0087f,-0.0538f,0.9918f,0.1159f,1.3385f,0.3866f,0.1277f,-0.9134f,0.2272f,0f,0f,0f,1f],start_interpolation: 0,interpolation_duration: 1}
$data merge entity $(bone_r_1) {transformation: [-0.9208f,-0.0043f,-0.3903f,0.2057f,-0.0538f,0.9918f,0.1159f,1.4674f,0.3866f,0.1277f,-0.9134f,0.4314f,0f,0f,0f,1f],start_interpolation: 0,interpolation_duration: 1}
$data merge entity $(bone_eye_r) {transformation: [-0.9208f,-0.0043f,-0.3903f,0.2178f,-0.0538f,0.9918f,0.1159f,1.4411f,0.3866f,0.1277f,-0.9134f,0.416f,0f,0f,0f,1f],start_interpolation: 0,interpolation_duration: 1}
$data merge entity $(bone_eyes_down) {transformation: [-0.9208f,-0.0043f,-0.3903f,0.012f,-0.0538f,0.9918f,0.1159f,1.4304f,0.3866f,0.1277f,-0.9134f,0.2477f,0f,0f,0f,1f],start_interpolation: 0,interpolation_duration: 1}
$data merge entity $(bone_eyes_up) {transformation: [-0.9208f,-0.0043f,-0.3903f,0.0112f,-0.0538f,0.9918f,0.1159f,1.5544f,0.3866f,0.1277f,-0.9134f,0.2631f,0f,0f,0f,1f],start_interpolation: 0,interpolation_duration: 1}
$data merge entity $(bone_bone) {transformation: [-0.9208f,-0.0043f,-0.3903f,0.0124f,-0.0538f,0.9918f,0.1159f,1.3374f,0.3866f,0.1277f,-0.9134f,0.2357f,0f,0f,0f,1f],start_interpolation: 0,interpolation_duration: 1}
$data merge entity $(bone_l) {transformation: [-0.9169f,-0.0634f,-0.3903f,-0.0036f,-0.1401f,0.7375f,0.1159f,1.5102f,0.374f,0.1207f,-0.9134f,0.5451f,0f,0f,0f,1f],start_interpolation: 0,interpolation_duration: 1}
$data merge entity $(bone_r) {transformation: [-0.9176f,0.0569f,-0.3903f,0.2266f,0.0328f,0.7445f,0.1159f,1.5236f,0.3963f,0.0701f,-0.9134f,0.4484f,0f,0f,0f,1f],start_interpolation: 0,interpolation_duration: 1}
$data merge entity $(bone_sad) {transformation: [0f,0f,0f,-0.0552f,0f,0f,0f,0.8536f,0f,0f,0f,0.4667f,0f,0f,0f,1f],start_interpolation: 0,interpolation_duration: 1}
$data merge entity $(bone_head) {transformation: [-0.9208f,-0.0043f,-0.3903f,0.0124f,-0.0538f,0.9918f,0.1159f,1.3374f,0.3866f,0.1277f,-0.9134f,0.2357f,0f,0f,0f,1f],start_interpolation: 0,interpolation_duration: 1}
$data merge entity $(bone_6) {transformation: [-0.8909f,-0.1653f,-0.4231f,0.2487f,-0.2126f,0.9749f,0.0667f,0.4066f,0.4015f,0.1493f,-0.9036f,0.2143f,0f,0f,0f,1f],start_interpolation: 0,interpolation_duration: 1}
$data merge entity $(bone_12) {transformation: [-0.8909f,-0.3693f,-0.2645f,0.1102f,-0.2126f,0.8535f,-0.4758f,0.7267f,0.4015f,-0.3676f,-0.8388f,0.0765f,0f,0f,0f,1f],start_interpolation: 0,interpolation_duration: 1}
$data merge entity $(bone_10) {transformation: [-0.9207f,-0.0924f,-0.3792f,-0.0275f,-0.0538f,0.9924f,-0.1111f,1.0343f,0.3866f,-0.0818f,-0.9186f,0.0985f,0f,0f,0f,1f],start_interpolation: 0,interpolation_duration: 1}
$data merge entity $(bone_9) {transformation: [-0.9207f,0.1223f,-0.3707f,0.0184f,-0.0538f,0.9008f,0.4309f,1.3721f,0.3866f,0.4167f,-0.8228f,0.2548f,0f,0f,0f,1f],start_interpolation: 0,interpolation_duration: 1}
$data merge entity $(item_display_item_display) {transformation: [-0.426f,0.5409f,-0.2779f,-0.5139f,-0.2833f,0.1237f,0.6751f,1.0517f,0.5381f,0.4934f,0.1354f,0.7767f,0f,0f,0f,1f],start_interpolation: 0,interpolation_duration: 1}
$data merge entity $(bone_2) {transformation: [0.3705f,0.6177f,0.6792f,-0.5717f,-0.9001f,0.3884f,0.1378f,1.1057f,-0.1805f,-0.6691f,0.707f,0.3885f,0f,0f,0f,1f],start_interpolation: 0,interpolation_duration: 1}
$data merge entity $(bone_1) {transformation: [0.3705f,0.8835f,0.2494f,-0.2665f,-0.9001f,0.4025f,-0.0887f,1.2435f,-0.1805f,-0.1936f,0.954f,0.3279f,0f,0f,0f,1f],start_interpolation: 0,interpolation_duration: 1}
$data merge entity $(bone_4) {transformation: [-0.7963f,0.3463f,0.4959f,0.5209f,-0.6006f,-0.3561f,-0.7158f,1.0598f,-0.0713f,-0.8679f,0.4916f,0.2336f,0f,0f,0f,1f],start_interpolation: 0,interpolation_duration: 1}
$data merge entity $(bone_3) {transformation: [-0.8122f,-0.555f,0.1797f,0.3128f,-0.5193f,0.5474f,-0.6563f,1.2651f,0.2659f,-0.6264f,-0.7328f,-0.0013f,0f,0f,0f,1f],start_interpolation: 0,interpolation_duration: 1}
$data merge entity $(bone_8) {transformation: [-0.9442f,0.3082f,-0.1164f,-0.142f,0.1672f,0.7528f,0.6367f,0.3959f,0.2839f,0.5817f,-0.7623f,0.2665f,0f,0f,0f,1f],start_interpolation: 0,interpolation_duration: 1}
$data merge entity $(bone_7) {transformation: [-0.9442f,0.1514f,-0.2926f,-0.1066f,0.1672f,0.9855f,-0.0297f,0.7026f,0.2839f,-0.077f,-0.9558f,0.2036f,0f,0f,0f,1f],start_interpolation: 0,interpolation_duration: 1}
data modify entity @s data merge value {"cameras":{"camera":{"posx":0.02749999999999974,"posy":1.46625,"posz":2.136875,"roty":180.5,"rotx":0}},"locators":{}}