# This file was generated by Animated Java via MC-Build. It is not recommended to edit this file directly.
$data merge entity $(bone_layer) {transformation: [-0.9207f,-0.0036f,-0.3906f,0.0123f,-0.0538f,0.9916f,0.1176f,1.3374f,0.3869f,0.1292f,-0.913f,0.2356f,0f,0f,0f,1f],start_interpolation: 0,interpolation_duration: 1}
$data merge entity $(bone_l_1) {transformation: [-0.9207f,-0.0036f,-0.3906f,0.0044f,-0.0538f,0.9916f,0.1176f,1.4553f,0.3869f,0.1292f,-0.913f,0.516f,0f,0f,0f,1f],start_interpolation: 0,interpolation_duration: 1}
$data merge entity $(bone_eye_l) {transformation: [-0.9207f,-0.0036f,-0.3906f,0.0087f,-0.0538f,0.9916f,0.1176f,1.3385f,0.3869f,0.1292f,-0.913f,0.2271f,0f,0f,0f,1f],start_interpolation: 0,interpolation_duration: 1}
$data merge entity $(bone_r_1) {transformation: [-0.9207f,-0.0036f,-0.3906f,0.2058f,-0.0538f,0.9916f,0.1176f,1.467f,0.3869f,0.1292f,-0.913f,0.4314f,0f,0f,0f,1f],start_interpolation: 0,interpolation_duration: 1}
$data merge entity $(bone_eye_r) {transformation: [-0.9207f,-0.0036f,-0.3906f,0.2179f,-0.0538f,0.9916f,0.1176f,1.4407f,0.3869f,0.1292f,-0.913f,0.416f,0f,0f,0f,1f],start_interpolation: 0,interpolation_duration: 1}
$data merge entity $(bone_eyes_down) {transformation: [-0.9207f,-0.0036f,-0.3906f,0.012f,-0.0538f,0.9916f,0.1176f,1.4304f,0.3869f,0.1292f,-0.913f,0.2477f,0f,0f,0f,1f],start_interpolation: 0,interpolation_duration: 1}
$data merge entity $(bone_eyes_up) {transformation: [-0.9207f,-0.0036f,-0.3906f,0.0113f,-0.0538f,0.9916f,0.1176f,1.5544f,0.3869f,0.1292f,-0.913f,0.2633f,0f,0f,0f,1f],start_interpolation: 0,interpolation_duration: 1}
$data merge entity $(bone_bone) {transformation: [-0.9207f,-0.0036f,-0.3906f,0.0123f,-0.0538f,0.9916f,0.1176f,1.3374f,0.3869f,0.1292f,-0.913f,0.2356f,0f,0f,0f,1f],start_interpolation: 0,interpolation_duration: 1}
$data merge entity $(bone_l) {transformation: [-0.9168f,-0.0629f,-0.3906f,-0.0035f,-0.14f,0.7374f,0.1176f,1.5097f,0.3742f,0.1218f,-0.913f,0.5452f,0f,0f,0f,1f],start_interpolation: 0,interpolation_duration: 1}
$data merge entity $(bone_r) {transformation: [-0.9175f,0.0575f,-0.3906f,0.2267f,0.0328f,0.7444f,0.1176f,1.5232f,0.3967f,0.0713f,-0.913f,0.4485f,0f,0f,0f,1f],start_interpolation: 0,interpolation_duration: 1}
$data merge entity $(bone_sad) {transformation: [0f,0f,0f,-0.0555f,0f,0f,0f,0.8533f,0f,0f,0f,0.4658f,0f,0f,0f,1f],start_interpolation: 0,interpolation_duration: 1}
$data merge entity $(bone_head) {transformation: [-0.9207f,-0.0036f,-0.3906f,0.0123f,-0.0538f,0.9916f,0.1176f,1.3374f,0.3869f,0.1292f,-0.913f,0.2356f,0f,0f,0f,1f],start_interpolation: 0,interpolation_duration: 1}
$data merge entity $(bone_6) {transformation: [-0.8914f,-0.1632f,-0.4228f,0.248f,-0.2111f,0.9751f,0.0685f,0.4065f,0.4011f,0.1503f,-0.9036f,0.2144f,0f,0f,0f,1f],start_interpolation: 0,interpolation_duration: 1}
$data merge entity $(bone_12) {transformation: [-0.8914f,-0.3679f,-0.2648f,0.1101f,-0.2111f,0.8538f,-0.4758f,0.7267f,0.4011f,-0.3683f,-0.8388f,0.0764f,0f,0f,0f,1f],start_interpolation: 0,interpolation_duration: 1}
$data merge entity $(bone_10) {transformation: [-0.9206f,-0.0924f,-0.3795f,-0.0274f,-0.0538f,0.9924f,-0.1111f,1.034f,0.3869f,-0.0818f,-0.9185f,0.099f,0f,0f,0f,1f],start_interpolation: 0,interpolation_duration: 1}
$data merge entity $(bone_9) {transformation: [-0.9206f,0.1218f,-0.3711f,0.0183f,-0.0538f,0.9015f,0.4293f,1.3721f,0.3869f,0.4152f,-0.8234f,0.2547f,0f,0f,0f,1f],start_interpolation: 0,interpolation_duration: 1}
$data merge entity $(item_display_item_display) {transformation: [-0.4287f,0.5388f,-0.2778f,-0.5152f,-0.2839f,0.1222f,0.6751f,1.0512f,0.5357f,0.496f,0.1354f,0.7763f,0f,0f,0f,1f],start_interpolation: 0,interpolation_duration: 1}
$data merge entity $(bone_2) {transformation: [0.3704f,0.6199f,0.6772f,-0.5719f,-0.9001f,0.3889f,0.1364f,1.1058f,-0.1806f,-0.6668f,0.7091f,0.3879f,0f,0f,0f,1f],start_interpolation: 0,interpolation_duration: 1}
$data merge entity $(bone_1) {transformation: [0.3704f,0.8839f,0.2481f,-0.2665f,-0.9001f,0.4023f,-0.0893f,1.2435f,-0.1806f,-0.1922f,0.9542f,0.3278f,0f,0f,0f,1f],start_interpolation: 0,interpolation_duration: 1}
$data merge entity $(bone_4) {transformation: [-0.796f,0.3462f,0.4965f,0.5207f,-0.6011f,-0.356f,-0.7155f,1.0602f,-0.071f,-0.868f,0.4915f,0.2338f,0f,0f,0f,1f],start_interpolation: 0,interpolation_duration: 1}
$data merge entity $(bone_3) {transformation: [-0.8121f,-0.5549f,0.1804f,0.3126f,-0.5192f,0.5462f,-0.6573f,1.2651f,0.2662f,-0.6275f,-0.7317f,-0.0015f,0f,0f,0f,1f],start_interpolation: 0,interpolation_duration: 1}
$data merge entity $(bone_8) {transformation: [-0.9443f,0.307f,-0.1182f,-0.1416f,0.1656f,0.7541f,0.6355f,0.3958f,0.2842f,0.5806f,-0.763f,0.2663f,0f,0f,0f,1f],start_interpolation: 0,interpolation_duration: 1}
$data merge entity $(bone_7) {transformation: [-0.9443f,0.1498f,-0.2929f,-0.1067f,0.1656f,0.9858f,-0.0297f,0.7026f,0.2842f,-0.0766f,-0.9557f,0.2035f,0f,0f,0f,1f],start_interpolation: 0,interpolation_duration: 1}
data modify entity @s data merge value {"cameras":{"camera":{"posx":0.02749999999999974,"posy":1.46625,"posz":2.136875,"roty":180.4718418673461,"rotx":0}},"locators":{}}