# This file was generated by Animated Java via MC-Build. It is not recommended to edit this file directly.
$data merge entity $(bone_layer) {transformation: [-0.9206f,-0.0029f,-0.3908f,0.0122f,-0.0538f,0.9914f,0.1193f,1.3374f,0.3872f,0.1308f,-0.9127f,0.2355f,0f,0f,0f,1f],start_interpolation: 0,interpolation_duration: 1}
$data merge entity $(bone_l_1) {transformation: [-0.9206f,-0.0029f,-0.3908f,0.0046f,-0.0538f,0.9914f,0.1193f,1.4548f,0.3872f,0.1308f,-0.9127f,0.5161f,0f,0f,0f,1f],start_interpolation: 0,interpolation_duration: 1}
$data merge entity $(bone_eye_l) {transformation: [-0.9206f,-0.0029f,-0.3908f,0.0086f,-0.0538f,0.9914f,0.1193f,1.3385f,0.3872f,0.1308f,-0.9127f,0.2269f,0f,0f,0f,1f],start_interpolation: 0,interpolation_duration: 1}
$data merge entity $(bone_r_1) {transformation: [-0.9206f,-0.0029f,-0.3908f,0.2059f,-0.0538f,0.9914f,0.1193f,1.4666f,0.3872f,0.1308f,-0.9127f,0.4314f,0f,0f,0f,1f],start_interpolation: 0,interpolation_duration: 1}
$data merge entity $(bone_eye_r) {transformation: [-0.9206f,-0.0029f,-0.3908f,0.2179f,-0.0538f,0.9914f,0.1193f,1.4403f,0.3872f,0.1308f,-0.9127f,0.4159f,0f,0f,0f,1f],start_interpolation: 0,interpolation_duration: 1}
$data merge entity $(bone_eyes_down) {transformation: [-0.9206f,-0.0029f,-0.3908f,0.012f,-0.0538f,0.9914f,0.1193f,1.4304f,0.3872f,0.1308f,-0.9127f,0.2478f,0f,0f,0f,1f],start_interpolation: 0,interpolation_duration: 1}
$data merge entity $(bone_eyes_up) {transformation: [-0.9206f,-0.0029f,-0.3908f,0.0114f,-0.0538f,0.9914f,0.1193f,1.5544f,0.3872f,0.1308f,-0.9127f,0.2635f,0f,0f,0f,1f],start_interpolation: 0,interpolation_duration: 1}
$data merge entity $(bone_bone) {transformation: [-0.9206f,-0.0029f,-0.3908f,0.0122f,-0.0538f,0.9914f,0.1193f,1.3374f,0.3872f,0.1308f,-0.9127f,0.2355f,0f,0f,0f,1f],start_interpolation: 0,interpolation_duration: 1}
$data merge entity $(bone_l) {transformation: [-0.9168f,-0.0623f,-0.3908f,-0.0033f,-0.14f,0.7372f,0.1193f,1.5092f,0.3743f,0.1231f,-0.9127f,0.5454f,0f,0f,0f,1f],start_interpolation: 0,interpolation_duration: 1}
$data merge entity $(bone_r) {transformation: [-0.9173f,0.058f,-0.3908f,0.2269f,0.0329f,0.7442f,0.1193f,1.5227f,0.3971f,0.0724f,-0.9127f,0.4486f,0f,0f,0f,1f],start_interpolation: 0,interpolation_duration: 1}
$data merge entity $(bone_sad) {transformation: [0f,0f,0f,-0.0558f,0f,0f,0f,0.853f,0f,0f,0f,0.465f,0f,0f,0f,1f],start_interpolation: 0,interpolation_duration: 1}
$data merge entity $(bone_head) {transformation: [-0.9206f,-0.0029f,-0.3908f,0.0122f,-0.0538f,0.9914f,0.1193f,1.3374f,0.3872f,0.1308f,-0.9127f,0.2355f,0f,0f,0f,1f],start_interpolation: 0,interpolation_duration: 1}
$data merge entity $(bone_6) {transformation: [-0.8919f,-0.1611f,-0.4225f,0.2473f,-0.2095f,0.9753f,0.0704f,0.4064f,0.4007f,0.1513f,-0.9036f,0.2146f,0f,0f,0f,1f],start_interpolation: 0,interpolation_duration: 1}
$data merge entity $(bone_12) {transformation: [-0.8919f,-0.3664f,-0.265f,0.1099f,-0.2095f,0.8542f,-0.4758f,0.7267f,0.4007f,-0.3689f,-0.8387f,0.0762f,0f,0f,0f,1f],start_interpolation: 0,interpolation_duration: 1}
$data merge entity $(bone_10) {transformation: [-0.9205f,-0.0924f,-0.3798f,-0.0273f,-0.0538f,0.9924f,-0.1111f,1.0337f,0.3871f,-0.0819f,-0.9184f,0.0994f,0f,0f,0f,1f],start_interpolation: 0,interpolation_duration: 1}
$data merge entity $(bone_9) {transformation: [-0.9205f,0.1213f,-0.3715f,0.0182f,-0.0538f,0.9023f,0.4277f,1.3721f,0.3871f,0.4136f,-0.824f,0.2545f,0f,0f,0f,1f],start_interpolation: 0,interpolation_duration: 1}
$data merge entity $(item_display_item_display) {transformation: [-0.4314f,0.5367f,-0.2778f,-0.5166f,-0.2845f,0.1207f,0.6751f,1.0507f,0.5331f,0.4987f,0.1355f,0.7758f,0f,0f,0f,1f],start_interpolation: 0,interpolation_duration: 1}
$data merge entity $(bone_2) {transformation: [0.3704f,0.6221f,0.6752f,-0.5721f,-0.9002f,0.3893f,0.1351f,1.1059f,-0.1807f,-0.6645f,0.7113f,0.3874f,0f,0f,0f,1f],start_interpolation: 0,interpolation_duration: 1}
$data merge entity $(bone_1) {transformation: [0.3704f,0.8843f,0.2468f,-0.2665f,-0.9002f,0.4021f,-0.09f,1.2436f,-0.1807f,-0.1907f,0.9545f,0.3278f,0f,0f,0f,1f],start_interpolation: 0,interpolation_duration: 1}
$data merge entity $(bone_4) {transformation: [-0.7957f,0.346f,0.4971f,0.5205f,-0.6016f,-0.3558f,-0.7152f,1.0607f,-0.0706f,-0.8681f,0.4913f,0.2341f,0f,0f,0f,1f],start_interpolation: 0,interpolation_duration: 1}
$data merge entity $(bone_3) {transformation: [-0.8121f,-0.5547f,0.1812f,0.3125f,-0.5192f,0.545f,-0.6583f,1.2651f,0.2664f,-0.6287f,-0.7306f,-0.0017f,0f,0f,0f,1f],start_interpolation: 0,interpolation_duration: 1}
$data merge entity $(bone_8) {transformation: [-0.9445f,0.3057f,-0.1201f,-0.1411f,0.1638f,0.7555f,0.6344f,0.3957f,0.2846f,0.5795f,-0.7637f,0.2661f,0f,0f,0f,1f],start_interpolation: 0,interpolation_duration: 1}
$data merge entity $(bone_7) {transformation: [-0.9445f,0.1481f,-0.2931f,-0.1068f,0.1638f,0.986f,-0.0298f,0.7027f,0.2846f,-0.0761f,-0.9556f,0.2035f,0f,0f,0f,1f],start_interpolation: 0,interpolation_duration: 1}
data modify entity @s data merge value {"cameras":{"camera1":{"px":0.02749999999999974,"py":1.46625,"pz":2.136875,"ry":180.44392208432646,"rx":0}},"locators":{}}