# This file was generated by Animated Java via MC-Build. It is not recommended to edit this file directly.
$data merge entity $(bone_layer) {transformation: [-0.9204f,-0.0021f,-0.3911f,0.0122f,-0.0537f,0.9912f,0.1211f,1.3374f,0.3874f,0.1325f,-0.9123f,0.2354f,0f,0f,0f,1f],start_interpolation: 0,interpolation_duration: 1}
$data merge entity $(bone_l_1) {transformation: [-0.9204f,-0.0021f,-0.3911f,0.0047f,-0.0537f,0.9912f,0.1211f,1.4544f,0.3874f,0.1325f,-0.9123f,0.5161f,0f,0f,0f,1f],start_interpolation: 0,interpolation_duration: 1}
$data merge entity $(bone_eye_l) {transformation: [-0.9204f,-0.0021f,-0.3911f,0.0085f,-0.0537f,0.9912f,0.1211f,1.3386f,0.3874f,0.1325f,-0.9123f,0.2268f,0f,0f,0f,1f],start_interpolation: 0,interpolation_duration: 1}
$data merge entity $(bone_r_1) {transformation: [-0.9204f,-0.0021f,-0.3911f,0.206f,-0.0537f,0.9912f,0.1211f,1.4661f,0.3874f,0.1325f,-0.9123f,0.4314f,0f,0f,0f,1f],start_interpolation: 0,interpolation_duration: 1}
$data merge entity $(bone_eye_r) {transformation: [-0.9204f,-0.0021f,-0.3911f,0.218f,-0.0537f,0.9912f,0.1211f,1.4398f,0.3874f,0.1325f,-0.9123f,0.4159f,0f,0f,0f,1f],start_interpolation: 0,interpolation_duration: 1}
$data merge entity $(bone_eyes_down) {transformation: [-0.9204f,-0.0021f,-0.3911f,0.012f,-0.0537f,0.9912f,0.1211f,1.4303f,0.3874f,0.1325f,-0.9123f,0.2478f,0f,0f,0f,1f],start_interpolation: 0,interpolation_duration: 1}
$data merge entity $(bone_eyes_up) {transformation: [-0.9204f,-0.0021f,-0.3911f,0.0115f,-0.0537f,0.9912f,0.1211f,1.5543f,0.3874f,0.1325f,-0.9123f,0.2638f,0f,0f,0f,1f],start_interpolation: 0,interpolation_duration: 1}
$data merge entity $(bone_bone) {transformation: [-0.9204f,-0.0021f,-0.3911f,0.0122f,-0.0537f,0.9912f,0.1211f,1.3374f,0.3874f,0.1325f,-0.9123f,0.2354f,0f,0f,0f,1f],start_interpolation: 0,interpolation_duration: 1}
$data merge entity $(bone_l) {transformation: [-0.9168f,-0.0617f,-0.3911f,-0.0031f,-0.1399f,0.737f,0.1211f,1.5087f,0.3744f,0.1243f,-0.9123f,0.5455f,0f,0f,0f,1f],start_interpolation: 0,interpolation_duration: 1}
$data merge entity $(bone_r) {transformation: [-0.9171f,0.0586f,-0.3911f,0.227f,0.0329f,0.7441f,0.1211f,1.5222f,0.3975f,0.0737f,-0.9123f,0.4487f,0f,0f,0f,1f],start_interpolation: 0,interpolation_duration: 1}
$data merge entity $(bone_sad) {transformation: [0f,0f,0f,-0.0562f,0f,0f,0f,0.8527f,0f,0f,0f,0.464f,0f,0f,0f,1f],start_interpolation: 0,interpolation_duration: 1}
$data merge entity $(bone_head) {transformation: [-0.9204f,-0.0021f,-0.3911f,0.0122f,-0.0537f,0.9912f,0.1211f,1.3374f,0.3874f,0.1325f,-0.9123f,0.2354f,0f,0f,0f,1f],start_interpolation: 0,interpolation_duration: 1}
$data merge entity $(bone_6) {transformation: [-0.8925f,-0.1588f,-0.4221f,0.2466f,-0.2079f,0.9755f,0.0725f,0.4062f,0.4003f,0.1524f,-0.9036f,0.2147f,0f,0f,0f,1f],start_interpolation: 0,interpolation_duration: 1}
$data merge entity $(bone_12) {transformation: [-0.8925f,-0.3648f,-0.2652f,0.1098f,-0.2079f,0.8546f,-0.4759f,0.7267f,0.4003f,-0.3696f,-0.8386f,0.0761f,0f,0f,0f,1f],start_interpolation: 0,interpolation_duration: 1}
$data merge entity $(bone_10) {transformation: [-0.9204f,-0.0924f,-0.38f,-0.0271f,-0.0537f,0.9924f,-0.1111f,1.0334f,0.3874f,-0.0819f,-0.9183f,0.0999f,0f,0f,0f,1f],start_interpolation: 0,interpolation_duration: 1}
$data merge entity $(bone_9) {transformation: [-0.9204f,0.1207f,-0.372f,0.0182f,-0.0537f,0.9031f,0.426f,1.3721f,0.3874f,0.412f,-0.8247f,0.2544f,0f,0f,0f,1f],start_interpolation: 0,interpolation_duration: 1}
$data merge entity $(item_display_item_display) {transformation: [-0.4343f,0.5344f,-0.2777f,-0.518f,-0.2852f,0.1191f,0.6751f,1.0503f,0.5304f,0.5016f,0.1356f,0.7753f,0f,0f,0f,1f],start_interpolation: 0,interpolation_duration: 1}
$data merge entity $(bone_2) {transformation: [0.3703f,0.6245f,0.6731f,-0.5723f,-0.9002f,0.3898f,0.1336f,1.106f,-0.1807f,-0.662f,0.7136f,0.3868f,0f,0f,0f,1f],start_interpolation: 0,interpolation_duration: 1}
$data merge entity $(bone_1) {transformation: [0.3703f,0.8847f,0.2454f,-0.2666f,-0.9002f,0.4019f,-0.0907f,1.2436f,-0.1807f,-0.1892f,0.9548f,0.3278f,0f,0f,0f,1f],start_interpolation: 0,interpolation_duration: 1}
$data merge entity $(bone_4) {transformation: [-0.7954f,0.3459f,0.4978f,0.5203f,-0.602f,-0.3557f,-0.7149f,1.0612f,-0.0702f,-0.8683f,0.4911f,0.2343f,0f,0f,0f,1f],start_interpolation: 0,interpolation_duration: 1}
$data merge entity $(bone_3) {transformation: [-0.812f,-0.5546f,0.182f,0.3124f,-0.5192f,0.5438f,-0.6594f,1.2651f,0.2667f,-0.6299f,-0.7295f,-0.0019f,0f,0f,0f,1f],start_interpolation: 0,interpolation_duration: 1}
$data merge entity $(bone_8) {transformation: [-0.9447f,0.3043f,-0.1221f,-0.1406f,0.162f,0.7569f,0.6331f,0.3956f,0.285f,0.5783f,-0.7644f,0.2659f,0f,0f,0f,1f],start_interpolation: 0,interpolation_duration: 1}
$data merge entity $(bone_7) {transformation: [-0.9447f,0.1463f,-0.2934f,-0.1068f,0.162f,0.9863f,-0.0298f,0.7027f,0.285f,-0.0757f,-0.9555f,0.2034f,0f,0f,0f,1f],start_interpolation: 0,interpolation_duration: 1}
data modify entity @s data merge value {"cameras":{"camera1":{"px":0.02749999999999974,"py":1.46625,"pz":2.136875,"ry":180.4162899646585,"rx":0}},"locators":{}}