# This file was generated by Animated Java via MC-Build. It is not recommended to edit this file directly.
$data merge entity $(bone_layer) {transformation: [-0.9203f,-0.0013f,-0.3913f,0.0121f,-0.0537f,0.991f,0.123f,1.3374f,0.3877f,0.1342f,-0.912f,0.2353f,0f,0f,0f,1f],start_interpolation: 0,interpolation_duration: 1}
$data merge entity $(bone_l_1) {transformation: [-0.9203f,-0.0013f,-0.3913f,0.0048f,-0.0537f,0.991f,0.123f,1.4539f,0.3877f,0.1342f,-0.912f,0.5162f,0f,0f,0f,1f],start_interpolation: 0,interpolation_duration: 1}
$data merge entity $(bone_eye_l) {transformation: [-0.9203f,-0.0013f,-0.3913f,0.0084f,-0.0537f,0.991f,0.123f,1.3386f,0.3877f,0.1342f,-0.912f,0.2267f,0f,0f,0f,1f],start_interpolation: 0,interpolation_duration: 1}
$data merge entity $(bone_r_1) {transformation: [-0.9203f,-0.0013f,-0.3913f,0.2061f,-0.0537f,0.991f,0.123f,1.4656f,0.3877f,0.1342f,-0.912f,0.4314f,0f,0f,0f,1f],start_interpolation: 0,interpolation_duration: 1}
$data merge entity $(bone_eye_r) {transformation: [-0.9203f,-0.0013f,-0.3913f,0.2181f,-0.0537f,0.991f,0.123f,1.4394f,0.3877f,0.1342f,-0.912f,0.4159f,0f,0f,0f,1f],start_interpolation: 0,interpolation_duration: 1}
$data merge entity $(bone_eyes_down) {transformation: [-0.9203f,-0.0013f,-0.3913f,0.012f,-0.0537f,0.991f,0.123f,1.4303f,0.3877f,0.1342f,-0.912f,0.2478f,0f,0f,0f,1f],start_interpolation: 0,interpolation_duration: 1}
$data merge entity $(bone_eyes_up) {transformation: [-0.9203f,-0.0013f,-0.3913f,0.0116f,-0.0537f,0.991f,0.123f,1.5543f,0.3877f,0.1342f,-0.912f,0.264f,0f,0f,0f,1f],start_interpolation: 0,interpolation_duration: 1}
$data merge entity $(bone_bone) {transformation: [-0.9203f,-0.0013f,-0.3913f,0.0121f,-0.0537f,0.991f,0.123f,1.3374f,0.3877f,0.1342f,-0.912f,0.2353f,0f,0f,0f,1f],start_interpolation: 0,interpolation_duration: 1}
$data merge entity $(bone_l) {transformation: [-0.9167f,-0.0611f,-0.3913f,-0.0029f,-0.1399f,0.7369f,0.123f,1.5082f,0.3745f,0.1256f,-0.912f,0.5457f,0f,0f,0f,1f],start_interpolation: 0,interpolation_duration: 1}
$data merge entity $(bone_r) {transformation: [-0.9169f,0.0592f,-0.3913f,0.2272f,0.0329f,0.7439f,0.123f,1.5217f,0.3979f,0.0749f,-0.912f,0.4488f,0f,0f,0f,1f],start_interpolation: 0,interpolation_duration: 1}
$data merge entity $(bone_sad) {transformation: [0f,0f,0f,-0.0565f,0f,0f,0f,0.8524f,0f,0f,0f,0.4631f,0f,0f,0f,1f],start_interpolation: 0,interpolation_duration: 1}
$data merge entity $(bone_head) {transformation: [-0.9203f,-0.0013f,-0.3913f,0.0121f,-0.0537f,0.991f,0.123f,1.3374f,0.3877f,0.1342f,-0.912f,0.2353f,0f,0f,0f,1f],start_interpolation: 0,interpolation_duration: 1}
$data merge entity $(bone_6) {transformation: [-0.8931f,-0.1565f,-0.4217f,0.2459f,-0.2062f,0.9757f,0.0745f,0.4061f,0.3998f,0.1535f,-0.9037f,0.2148f,0f,0f,0f,1f],start_interpolation: 0,interpolation_duration: 1}
$data merge entity $(bone_12) {transformation: [-0.8931f,-0.3632f,-0.2655f,0.1097f,-0.2062f,0.855f,-0.4759f,0.7267f,0.3998f,-0.3703f,-0.8385f,0.076f,0f,0f,0f,1f],start_interpolation: 0,interpolation_duration: 1}
$data merge entity $(bone_10) {transformation: [-0.9202f,-0.0924f,-0.3803f,-0.027f,-0.0537f,0.9924f,-0.1112f,1.0331f,0.3876f,-0.0819f,-0.9182f,0.1004f,0f,0f,0f,1f],start_interpolation: 0,interpolation_duration: 1}
$data merge entity $(bone_9) {transformation: [-0.9202f,0.1201f,-0.3724f,0.0181f,-0.0537f,0.904f,0.4242f,1.3721f,0.3876f,0.4104f,-0.8254f,0.2543f,0f,0f,0f,1f],start_interpolation: 0,interpolation_duration: 1}
$data merge entity $(item_display_item_display) {transformation: [-0.4372f,0.532f,-0.2777f,-0.5195f,-0.2858f,0.1175f,0.6751f,1.0498f,0.5277f,0.5045f,0.1356f,0.7748f,0f,0f,0f,1f],start_interpolation: 0,interpolation_duration: 1}
$data merge entity $(bone_2) {transformation: [0.3702f,0.6268f,0.6709f,-0.5724f,-0.9002f,0.3903f,0.1321f,1.1061f,-0.1808f,-0.6594f,0.7159f,0.3863f,0f,0f,0f,1f],start_interpolation: 0,interpolation_duration: 1}
$data merge entity $(bone_1) {transformation: [0.3702f,0.8851f,0.244f,-0.2666f,-0.9002f,0.4018f,-0.0915f,1.2436f,-0.1808f,-0.1876f,0.9551f,0.3277f,0f,0f,0f,1f],start_interpolation: 0,interpolation_duration: 1}
$data merge entity $(bone_4) {transformation: [-0.795f,0.3457f,0.4984f,0.5201f,-0.6026f,-0.3555f,-0.7145f,1.0616f,-0.0698f,-0.8684f,0.491f,0.2346f,0f,0f,0f,1f],start_interpolation: 0,interpolation_duration: 1}
$data merge entity $(bone_3) {transformation: [-0.8119f,-0.5544f,0.1829f,0.3122f,-0.5192f,0.5425f,-0.6604f,1.2651f,0.2669f,-0.6312f,-0.7283f,-0.0021f,0f,0f,0f,1f],start_interpolation: 0,interpolation_duration: 1}
$data merge entity $(bone_8) {transformation: [-0.9449f,0.3029f,-0.1241f,-0.1402f,0.1601f,0.7584f,0.6318f,0.3956f,0.2854f,0.5772f,-0.7651f,0.2657f,0f,0f,0f,1f],start_interpolation: 0,interpolation_duration: 1}
$data merge entity $(bone_7) {transformation: [-0.9449f,0.1445f,-0.2937f,-0.1069f,0.1601f,0.9866f,-0.0298f,0.7027f,0.2854f,-0.0752f,-0.9554f,0.2033f,0f,0f,0f,1f],start_interpolation: 0,interpolation_duration: 1}
data modify entity @s data merge value {"cameras":{"camera1":{"px":0.02749999999999974,"py":1.46625,"pz":2.136875,"ry":180.38899482205966,"rx":0}},"locators":{}}