# This file was generated by Animated Java via MC-Build. It is not recommended to edit this file directly.
$data merge entity $(bone_layer) {transformation: [-0.9202f,-0.0005f,-0.3916f,0.012f,-0.0537f,0.9907f,0.1249f,1.3374f,0.3879f,0.136f,-0.9116f,0.2351f,0f,0f,0f,1f],start_interpolation: 0,interpolation_duration: 1}
$data merge entity $(bone_l_1) {transformation: [-0.9202f,-0.0005f,-0.3916f,0.0049f,-0.0537f,0.9907f,0.1249f,1.4534f,0.3879f,0.136f,-0.9116f,0.5163f,0f,0f,0f,1f],start_interpolation: 0,interpolation_duration: 1}
$data merge entity $(bone_eye_l) {transformation: [-0.9202f,-0.0005f,-0.3916f,0.0084f,-0.0537f,0.9907f,0.1249f,1.3386f,0.3879f,0.136f,-0.9116f,0.2266f,0f,0f,0f,1f],start_interpolation: 0,interpolation_duration: 1}
$data merge entity $(bone_r_1) {transformation: [-0.9202f,-0.0005f,-0.3916f,0.2062f,-0.0537f,0.9907f,0.1249f,1.4652f,0.3879f,0.136f,-0.9116f,0.4315f,0f,0f,0f,1f],start_interpolation: 0,interpolation_duration: 1}
$data merge entity $(bone_eye_r) {transformation: [-0.9202f,-0.0005f,-0.3916f,0.2182f,-0.0537f,0.9907f,0.1249f,1.4389f,0.3879f,0.136f,-0.9116f,0.4159f,0f,0f,0f,1f],start_interpolation: 0,interpolation_duration: 1}
$data merge entity $(bone_eyes_down) {transformation: [-0.9202f,-0.0005f,-0.3916f,0.012f,-0.0537f,0.9907f,0.1249f,1.4303f,0.3879f,0.136f,-0.9116f,0.2479f,0f,0f,0f,1f],start_interpolation: 0,interpolation_duration: 1}
$data merge entity $(bone_eyes_up) {transformation: [-0.9202f,-0.0005f,-0.3916f,0.0117f,-0.0537f,0.9907f,0.1249f,1.5542f,0.3879f,0.136f,-0.9116f,0.2643f,0f,0f,0f,1f],start_interpolation: 0,interpolation_duration: 1}
$data merge entity $(bone_bone) {transformation: [-0.9202f,-0.0005f,-0.3916f,0.012f,-0.0537f,0.9907f,0.1249f,1.3374f,0.3879f,0.136f,-0.9116f,0.2351f,0f,0f,0f,1f],start_interpolation: 0,interpolation_duration: 1}
$data merge entity $(bone_l) {transformation: [-0.9167f,-0.0605f,-0.3916f,-0.0027f,-0.1398f,0.7367f,0.1249f,1.5077f,0.3746f,0.1269f,-0.9116f,0.5459f,0f,0f,0f,1f],start_interpolation: 0,interpolation_duration: 1}
$data merge entity $(bone_r) {transformation: [-0.9168f,0.0598f,-0.3916f,0.2273f,0.0329f,0.7437f,0.1249f,1.5211f,0.3983f,0.0762f,-0.9116f,0.4489f,0f,0f,0f,1f],start_interpolation: 0,interpolation_duration: 1}
$data merge entity $(bone_sad) {transformation: [0f,0f,0f,-0.0569f,0f,0f,0f,0.852f,0f,0f,0f,0.4622f,0f,0f,0f,1f],start_interpolation: 0,interpolation_duration: 1}
$data merge entity $(bone_head) {transformation: [-0.9202f,-0.0005f,-0.3916f,0.012f,-0.0537f,0.9907f,0.1249f,1.3374f,0.3879f,0.136f,-0.9116f,0.2351f,0f,0f,0f,1f],start_interpolation: 0,interpolation_duration: 1}
$data merge entity $(bone_6) {transformation: [-0.8937f,-0.1542f,-0.4213f,0.2451f,-0.2045f,0.9759f,0.0766f,0.4059f,0.3993f,0.1546f,-0.9037f,0.215f,0f,0f,0f,1f],start_interpolation: 0,interpolation_duration: 1}
$data merge entity $(bone_12) {transformation: [-0.8937f,-0.3615f,-0.2657f,0.1096f,-0.2045f,0.8554f,-0.4759f,0.7267f,0.3993f,-0.371f,-0.8384f,0.0758f,0f,0f,0f,1f],start_interpolation: 0,interpolation_duration: 1}
$data merge entity $(bone_10) {transformation: [-0.9201f,-0.0924f,-0.3805f,-0.0268f,-0.0537f,0.9923f,-0.1112f,1.0328f,0.3879f,-0.0819f,-0.9181f,0.1009f,0f,0f,0f,1f],start_interpolation: 0,interpolation_duration: 1}
$data merge entity $(bone_9) {transformation: [-0.9201f,0.1195f,-0.3729f,0.018f,-0.0537f,0.9048f,0.4224f,1.3721f,0.3879f,0.4087f,-0.8261f,0.2542f,0f,0f,0f,1f],start_interpolation: 0,interpolation_duration: 1}
$data merge entity $(item_display_item_display) {transformation: [-0.4402f,0.5296f,-0.2776f,-0.521f,-0.2865f,0.1158f,0.6751f,1.0493f,0.5248f,0.5074f,0.1357f,0.7743f,0f,0f,0f,1f],start_interpolation: 0,interpolation_duration: 1}
$data merge entity $(bone_2) {transformation: [0.3702f,0.6293f,0.6686f,-0.5726f,-0.9002f,0.3908f,0.1306f,1.1061f,-0.1809f,-0.6568f,0.7183f,0.3857f,0f,0f,0f,1f],start_interpolation: 0,interpolation_duration: 1}
$data merge entity $(bone_1) {transformation: [0.3702f,0.8856f,0.2425f,-0.2667f,-0.9002f,0.4016f,-0.0922f,1.2436f,-0.1809f,-0.186f,0.9554f,0.3277f,0f,0f,0f,1f],start_interpolation: 0,interpolation_duration: 1}
$data merge entity $(bone_4) {transformation: [-0.7947f,0.3456f,0.4991f,0.5199f,-0.6031f,-0.3554f,-0.7142f,1.0621f,-0.0694f,-0.8685f,0.4908f,0.2349f,0f,0f,0f,1f],start_interpolation: 0,interpolation_duration: 1}
$data merge entity $(bone_3) {transformation: [-0.8119f,-0.5542f,0.1838f,0.3121f,-0.5192f,0.5412f,-0.6615f,1.2651f,0.2672f,-0.6325f,-0.7271f,-0.0023f,0f,0f,0f,1f],start_interpolation: 0,interpolation_duration: 1}
$data merge entity $(bone_8) {transformation: [-0.9451f,0.3014f,-0.1261f,-0.1397f,0.1582f,0.7599f,0.6305f,0.3955f,0.2858f,0.576f,-0.7659f,0.2654f,0f,0f,0f,1f],start_interpolation: 0,interpolation_duration: 1}
$data merge entity $(bone_7) {transformation: [-0.9451f,0.1426f,-0.2939f,-0.107f,0.1582f,0.987f,-0.0299f,0.7027f,0.2858f,-0.0747f,-0.9554f,0.2033f,0f,0f,0f,1f],start_interpolation: 0,interpolation_duration: 1}
data modify entity @s data merge value {"cameras":{"camera":{"posx":0.02749999999999974,"posy":1.46625,"posz":2.136875,"roty":180.3620859702474,"rotx":0}},"locators":{}}