# This file was generated by Animated Java via MC-Build. It is not recommended to edit this file directly.
$data merge entity $(bone_layer) {transformation: [-0.9201f,0.0004f,-0.3918f,0.012f,-0.0536f,0.9905f,0.1269f,1.3375f,0.3882f,0.1377f,-0.9112f,0.235f,0f,0f,0f,1f],start_interpolation: 0,interpolation_duration: 1}
$data merge entity $(bone_l_1) {transformation: [-0.9201f,0.0004f,-0.3918f,0.0051f,-0.0536f,0.9905f,0.1269f,1.4529f,0.3882f,0.1377f,-0.9112f,0.5164f,0f,0f,0f,1f],start_interpolation: 0,interpolation_duration: 1}
$data merge entity $(bone_eye_l) {transformation: [-0.9201f,0.0004f,-0.3918f,0.0083f,-0.0536f,0.9905f,0.1269f,1.3386f,0.3882f,0.1377f,-0.9112f,0.2265f,0f,0f,0f,1f],start_interpolation: 0,interpolation_duration: 1}
$data merge entity $(bone_r_1) {transformation: [-0.9201f,0.0004f,-0.3918f,0.2063f,-0.0536f,0.9905f,0.1269f,1.4647f,0.3882f,0.1377f,-0.9112f,0.4315f,0f,0f,0f,1f],start_interpolation: 0,interpolation_duration: 1}
$data merge entity $(bone_eye_r) {transformation: [-0.9201f,0.0004f,-0.3918f,0.2183f,-0.0536f,0.9905f,0.1269f,1.4384f,0.3882f,0.1377f,-0.9112f,0.4159f,0f,0f,0f,1f],start_interpolation: 0,interpolation_duration: 1}
$data merge entity $(bone_eyes_down) {transformation: [-0.9201f,0.0004f,-0.3918f,0.012f,-0.0536f,0.9905f,0.1269f,1.4303f,0.3882f,0.1377f,-0.9112f,0.2479f,0f,0f,0f,1f],start_interpolation: 0,interpolation_duration: 1}
$data merge entity $(bone_eyes_up) {transformation: [-0.9201f,0.0004f,-0.3918f,0.0118f,-0.0536f,0.9905f,0.1269f,1.5542f,0.3882f,0.1377f,-0.9112f,0.2646f,0f,0f,0f,1f],start_interpolation: 0,interpolation_duration: 1}
$data merge entity $(bone_bone) {transformation: [-0.9201f,0.0004f,-0.3918f,0.012f,-0.0536f,0.9905f,0.1269f,1.3375f,0.3882f,0.1377f,-0.9112f,0.235f,0f,0f,0f,1f],start_interpolation: 0,interpolation_duration: 1}
$data merge entity $(bone_l) {transformation: [-0.9167f,-0.0599f,-0.3918f,-0.0026f,-0.1398f,0.7365f,0.1269f,1.5072f,0.3747f,0.1283f,-0.9112f,0.5461f,0f,0f,0f,1f],start_interpolation: 0,interpolation_duration: 1}
$data merge entity $(bone_r) {transformation: [-0.9166f,0.0604f,-0.3918f,0.2275f,0.0329f,0.7435f,0.1269f,1.5206f,0.3987f,0.0775f,-0.9112f,0.4491f,0f,0f,0f,1f],start_interpolation: 0,interpolation_duration: 1}
$data merge entity $(bone_sad) {transformation: [0f,0f,0f,-0.0572f,0f,0f,0f,0.8517f,0f,0f,0f,0.4612f,0f,0f,0f,1f],start_interpolation: 0,interpolation_duration: 1}
$data merge entity $(bone_head) {transformation: [-0.9201f,0.0004f,-0.3918f,0.012f,-0.0536f,0.9905f,0.1269f,1.3375f,0.3882f,0.1377f,-0.9112f,0.235f,0f,0f,0f,1f],start_interpolation: 0,interpolation_duration: 1}
$data merge entity $(bone_6) {transformation: [-0.8943f,-0.1518f,-0.4209f,0.2444f,-0.2028f,0.9761f,0.0787f,0.4058f,0.3989f,0.1558f,-0.9037f,0.2151f,0f,0f,0f,1f],start_interpolation: 0,interpolation_duration: 1}
$data merge entity $(bone_12) {transformation: [-0.8943f,-0.3598f,-0.266f,0.1094f,-0.2028f,0.8558f,-0.4759f,0.7267f,0.3989f,-0.3717f,-0.8383f,0.0757f,0f,0f,0f,1f],start_interpolation: 0,interpolation_duration: 1}
$data merge entity $(bone_10) {transformation: [-0.92f,-0.0924f,-0.3808f,-0.0266f,-0.0536f,0.9923f,-0.1112f,1.0325f,0.3881f,-0.0819f,-0.918f,0.1014f,0f,0f,0f,1f],start_interpolation: 0,interpolation_duration: 1}
$data merge entity $(bone_9) {transformation: [-0.92f,0.1189f,-0.3734f,0.018f,-0.0536f,0.9056f,0.4206f,1.3721f,0.3881f,0.407f,-0.8269f,0.254f,0f,0f,0f,1f],start_interpolation: 0,interpolation_duration: 1}
$data merge entity $(item_display_item_display) {transformation: [-0.4432f,0.5271f,-0.2776f,-0.5225f,-0.2871f,0.1141f,0.6752f,1.0488f,0.522f,0.5103f,0.1357f,0.7738f,0f,0f,0f,1f],start_interpolation: 0,interpolation_duration: 1}
$data merge entity $(bone_2) {transformation: [0.3701f,0.6318f,0.6663f,-0.5728f,-0.9002f,0.3912f,0.1291f,1.1062f,-0.1809f,-0.6542f,0.7207f,0.3851f,0f,0f,0f,1f],start_interpolation: 0,interpolation_duration: 1}
$data merge entity $(bone_1) {transformation: [0.3701f,0.886f,0.241f,-0.2667f,-0.9002f,0.4013f,-0.093f,1.2436f,-0.1809f,-0.1844f,0.9557f,0.3276f,0f,0f,0f,1f],start_interpolation: 0,interpolation_duration: 1}
$data merge entity $(bone_4) {transformation: [-0.7943f,0.3454f,0.4998f,0.5197f,-0.6036f,-0.3552f,-0.7138f,1.0626f,-0.069f,-0.8686f,0.4906f,0.2352f,0f,0f,0f,1f],start_interpolation: 0,interpolation_duration: 1}
$data merge entity $(bone_3) {transformation: [-0.8118f,-0.554f,0.1846f,0.3119f,-0.5191f,0.5399f,-0.6626f,1.2651f,0.2674f,-0.6338f,-0.7258f,-0.0025f,0f,0f,0f,1f],start_interpolation: 0,interpolation_duration: 1}
$data merge entity $(bone_8) {transformation: [-0.9453f,0.2999f,-0.1281f,-0.1391f,0.1563f,0.7614f,0.6292f,0.3954f,0.2862f,0.5748f,-0.7666f,0.2652f,0f,0f,0f,1f],start_interpolation: 0,interpolation_duration: 1}
$data merge entity $(bone_7) {transformation: [-0.9453f,0.1408f,-0.2942f,-0.1071f,0.1563f,0.9873f,-0.0299f,0.7027f,0.2862f,-0.0743f,-0.9553f,0.2032f,0f,0f,0f,1f],start_interpolation: 0,interpolation_duration: 1}
data modify entity @s data merge value {"cameras":{"camera":{"posx":0.02749999999999974,"posy":1.46625,"posz":2.136875,"roty":180.3356127229391,"rotx":0}},"locators":{}}