# This file was generated by Animated Java via MC-Build. It is not recommended to edit this file directly.
$data merge entity $(bone_layer) {transformation: [-0.92f,0.0012f,-0.3921f,0.0119f,-0.0536f,0.9902f,0.1288f,1.3375f,0.3884f,0.1395f,-0.9109f,0.2349f,0f,0f,0f,1f],start_interpolation: 0,interpolation_duration: 1}
$data merge entity $(bone_l_1) {transformation: [-0.92f,0.0012f,-0.3921f,0.0052f,-0.0536f,0.9902f,0.1288f,1.4524f,0.3884f,0.1395f,-0.9109f,0.5165f,0f,0f,0f,1f],start_interpolation: 0,interpolation_duration: 1}
$data merge entity $(bone_eye_l) {transformation: [-0.92f,0.0012f,-0.3921f,0.0082f,-0.0536f,0.9902f,0.1288f,1.3387f,0.3884f,0.1395f,-0.9109f,0.2264f,0f,0f,0f,1f],start_interpolation: 0,interpolation_duration: 1}
$data merge entity $(bone_r_1) {transformation: [-0.92f,0.0012f,-0.3921f,0.2064f,-0.0536f,0.9902f,0.1288f,1.4642f,0.3884f,0.1395f,-0.9109f,0.4315f,0f,0f,0f,1f],start_interpolation: 0,interpolation_duration: 1}
$data merge entity $(bone_eye_r) {transformation: [-0.92f,0.0012f,-0.3921f,0.2183f,-0.0536f,0.9902f,0.1288f,1.438f,0.3884f,0.1395f,-0.9109f,0.4158f,0f,0f,0f,1f],start_interpolation: 0,interpolation_duration: 1}
$data merge entity $(bone_eyes_down) {transformation: [-0.92f,0.0012f,-0.3921f,0.012f,-0.0536f,0.9902f,0.1288f,1.4303f,0.3884f,0.1395f,-0.9109f,0.248f,0f,0f,0f,1f],start_interpolation: 0,interpolation_duration: 1}
$data merge entity $(bone_eyes_up) {transformation: [-0.92f,0.0012f,-0.3921f,0.0119f,-0.0536f,0.9902f,0.1288f,1.5542f,0.3884f,0.1395f,-0.9109f,0.2648f,0f,0f,0f,1f],start_interpolation: 0,interpolation_duration: 1}
$data merge entity $(bone_bone) {transformation: [-0.92f,0.0012f,-0.3921f,0.0119f,-0.0536f,0.9902f,0.1288f,1.3375f,0.3884f,0.1395f,-0.9109f,0.2349f,0f,0f,0f,1f],start_interpolation: 0,interpolation_duration: 1}
$data merge entity $(bone_l) {transformation: [-0.9166f,-0.0592f,-0.3921f,-0.0024f,-0.1397f,0.7363f,0.1288f,1.5066f,0.3748f,0.1296f,-0.9109f,0.5463f,0f,0f,0f,1f],start_interpolation: 0,interpolation_duration: 1}
$data merge entity $(bone_r) {transformation: [-0.9164f,0.061f,-0.3921f,0.2276f,0.0329f,0.7433f,0.1288f,1.52f,0.3991f,0.0788f,-0.9109f,0.4492f,0f,0f,0f,1f],start_interpolation: 0,interpolation_duration: 1}
$data merge entity $(bone_sad) {transformation: [0f,0f,0f,-0.0576f,0f,0f,0f,0.8514f,0f,0f,0f,0.4603f,0f,0f,0f,1f],start_interpolation: 0,interpolation_duration: 1}
$data merge entity $(bone_head) {transformation: [-0.92f,0.0012f,-0.3921f,0.0119f,-0.0536f,0.9902f,0.1288f,1.3375f,0.3884f,0.1395f,-0.9109f,0.2349f,0f,0f,0f,1f],start_interpolation: 0,interpolation_duration: 1}
$data merge entity $(bone_6) {transformation: [-0.8949f,-0.1495f,-0.4204f,0.2436f,-0.2011f,0.9762f,0.0809f,0.4056f,0.3984f,0.1569f,-0.9037f,0.2153f,0f,0f,0f,1f],start_interpolation: 0,interpolation_duration: 1}
$data merge entity $(bone_12) {transformation: [-0.8949f,-0.3581f,-0.2662f,0.1093f,-0.2011f,0.8562f,-0.476f,0.7267f,0.3984f,-0.3724f,-0.8382f,0.0756f,0f,0f,0f,1f],start_interpolation: 0,interpolation_duration: 1}
$data merge entity $(bone_10) {transformation: [-0.9199f,-0.0924f,-0.381f,-0.0265f,-0.0536f,0.9923f,-0.1112f,1.0322f,0.3884f,-0.0819f,-0.9178f,0.1019f,0f,0f,0f,1f],start_interpolation: 0,interpolation_duration: 1}
$data merge entity $(bone_9) {transformation: [-0.9199f,0.1183f,-0.3738f,0.0179f,-0.0536f,0.9065f,0.4188f,1.3722f,0.3884f,0.4053f,-0.8276f,0.2539f,0f,0f,0f,1f],start_interpolation: 0,interpolation_duration: 1}
$data merge entity $(item_display_item_display) {transformation: [-0.4462f,0.5246f,-0.2775f,-0.524f,-0.2878f,0.1124f,0.6752f,1.0483f,0.519f,0.5133f,0.1358f,0.7733f,0f,0f,0f,1f],start_interpolation: 0,interpolation_duration: 1}
$data merge entity $(bone_2) {transformation: [0.3701f,0.6342f,0.664f,-0.573f,-0.9002f,0.3917f,0.1276f,1.1063f,-0.181f,-0.6515f,0.7231f,0.3845f,0f,0f,0f,1f],start_interpolation: 0,interpolation_duration: 1}
$data merge entity $(bone_1) {transformation: [0.3701f,0.8864f,0.2395f,-0.2668f,-0.9002f,0.4011f,-0.0938f,1.2436f,-0.181f,-0.1828f,0.956f,0.3276f,0f,0f,0f,1f],start_interpolation: 0,interpolation_duration: 1}
$data merge entity $(bone_4) {transformation: [-0.7939f,0.3453f,0.5005f,0.5195f,-0.6041f,-0.355f,-0.7134f,1.0631f,-0.0686f,-0.8688f,0.4905f,0.2355f,0f,0f,0f,1f],start_interpolation: 0,interpolation_duration: 1}
$data merge entity $(bone_3) {transformation: [-0.8117f,-0.5538f,0.1855f,0.3118f,-0.5191f,0.5385f,-0.6637f,1.265f,0.2676f,-0.6351f,-0.7246f,-0.0027f,0f,0f,0f,1f],start_interpolation: 0,interpolation_duration: 1}
$data merge entity $(bone_8) {transformation: [-0.9455f,0.2984f,-0.1301f,-0.1386f,0.1544f,0.7628f,0.6279f,0.3953f,0.2866f,0.5736f,-0.7674f,0.265f,0f,0f,0f,1f],start_interpolation: 0,interpolation_duration: 1}
$data merge entity $(bone_7) {transformation: [-0.9455f,0.1389f,-0.2945f,-0.1072f,0.1544f,0.9876f,-0.0299f,0.7027f,0.2866f,-0.0738f,-0.9552f,0.2032f,0f,0f,0f,1f],start_interpolation: 0,interpolation_duration: 1}
data modify entity @s data merge value {"cameras":{"camera1":{"px":0.02749999999999974,"py":1.46625,"pz":2.136875,"ry":180.30962439385223,"rx":0}},"locators":{}}