# This file was generated by Animated Java via MC-Build. It is not recommended to edit this file directly.
$data merge entity $(bone_layer) {transformation: [-0.9199f,0.002f,-0.3923f,0.0118f,-0.0536f,0.99f,0.1307f,1.3375f,0.3887f,0.1413f,-0.9105f,0.2348f,0f,0f,0f,1f],start_interpolation: 0,interpolation_duration: 1}
$data merge entity $(bone_l_1) {transformation: [-0.9199f,0.002f,-0.3923f,0.0053f,-0.0536f,0.99f,0.1307f,1.4519f,0.3887f,0.1413f,-0.9105f,0.5166f,0f,0f,0f,1f],start_interpolation: 0,interpolation_duration: 1}
$data merge entity $(bone_eye_l) {transformation: [-0.9199f,0.002f,-0.3923f,0.0082f,-0.0536f,0.99f,0.1307f,1.3387f,0.3887f,0.1413f,-0.9105f,0.2263f,0f,0f,0f,1f],start_interpolation: 0,interpolation_duration: 1}
$data merge entity $(bone_r_1) {transformation: [-0.9199f,0.002f,-0.3923f,0.2065f,-0.0536f,0.99f,0.1307f,1.4637f,0.3887f,0.1413f,-0.9105f,0.4316f,0f,0f,0f,1f],start_interpolation: 0,interpolation_duration: 1}
$data merge entity $(bone_eye_r) {transformation: [-0.9199f,0.002f,-0.3923f,0.2184f,-0.0536f,0.99f,0.1307f,1.4375f,0.3887f,0.1413f,-0.9105f,0.4158f,0f,0f,0f,1f],start_interpolation: 0,interpolation_duration: 1}
$data merge entity $(bone_eyes_down) {transformation: [-0.9199f,0.002f,-0.3923f,0.012f,-0.0536f,0.99f,0.1307f,1.4303f,0.3887f,0.1413f,-0.9105f,0.248f,0f,0f,0f,1f],start_interpolation: 0,interpolation_duration: 1}
$data merge entity $(bone_eyes_up) {transformation: [-0.9199f,0.002f,-0.3923f,0.012f,-0.0536f,0.99f,0.1307f,1.5541f,0.3887f,0.1413f,-0.9105f,0.2651f,0f,0f,0f,1f],start_interpolation: 0,interpolation_duration: 1}
$data merge entity $(bone_bone) {transformation: [-0.9199f,0.002f,-0.3923f,0.0118f,-0.0536f,0.99f,0.1307f,1.3375f,0.3887f,0.1413f,-0.9105f,0.2348f,0f,0f,0f,1f],start_interpolation: 0,interpolation_duration: 1}
$data merge entity $(bone_l) {transformation: [-0.9166f,-0.0586f,-0.3923f,-0.0022f,-0.1397f,0.7361f,0.1307f,1.5061f,0.3749f,0.131f,-0.9105f,0.5465f,0f,0f,0f,1f],start_interpolation: 0,interpolation_duration: 1}
$data merge entity $(bone_r) {transformation: [-0.9162f,0.0616f,-0.3923f,0.2278f,0.0329f,0.7432f,0.1307f,1.5195f,0.3995f,0.0801f,-0.9105f,0.4493f,0f,0f,0f,1f],start_interpolation: 0,interpolation_duration: 1}
$data merge entity $(bone_sad) {transformation: [0f,0f,0f,-0.058f,0f,0f,0f,0.851f,0f,0f,0f,0.4593f,0f,0f,0f,1f],start_interpolation: 0,interpolation_duration: 1}
$data merge entity $(bone_head) {transformation: [-0.9199f,0.002f,-0.3923f,0.0118f,-0.0536f,0.99f,0.1307f,1.3375f,0.3887f,0.1413f,-0.9105f,0.2348f,0f,0f,0f,1f],start_interpolation: 0,interpolation_duration: 1}
$data merge entity $(bone_6) {transformation: [-0.8955f,-0.1471f,-0.42f,0.2429f,-0.1993f,0.9764f,0.083f,0.4055f,0.3979f,0.158f,-0.9037f,0.2154f,0f,0f,0f,1f],start_interpolation: 0,interpolation_duration: 1}
$data merge entity $(bone_12) {transformation: [-0.8955f,-0.3565f,-0.2664f,0.1092f,-0.1993f,0.8566f,-0.476f,0.7267f,0.3979f,-0.3732f,-0.8381f,0.0755f,0f,0f,0f,1f],start_interpolation: 0,interpolation_duration: 1}
$data merge entity $(bone_10) {transformation: [-0.9198f,-0.0924f,-0.3813f,-0.0263f,-0.0536f,0.9923f,-0.1113f,1.0319f,0.3886f,-0.0819f,-0.9177f,0.1025f,0f,0f,0f,1f],start_interpolation: 0,interpolation_duration: 1}
$data merge entity $(bone_9) {transformation: [-0.9198f,0.1177f,-0.3742f,0.0178f,-0.0536f,0.9073f,0.417f,1.3722f,0.3886f,0.4036f,-0.8283f,0.2538f,0f,0f,0f,1f],start_interpolation: 0,interpolation_duration: 1}
$data merge entity $(item_display_item_display) {transformation: [-0.4492f,0.5221f,-0.2775f,-0.5256f,-0.2884f,0.1107f,0.6752f,1.0478f,0.5161f,0.5162f,0.1358f,0.7728f,0f,0f,0f,1f],start_interpolation: 0,interpolation_duration: 1}
$data merge entity $(bone_2) {transformation: [0.37f,0.6367f,0.6617f,-0.5732f,-0.9002f,0.3922f,0.126f,1.1064f,-0.1811f,-0.6488f,0.7255f,0.3839f,0f,0f,0f,1f],start_interpolation: 0,interpolation_duration: 1}
$data merge entity $(bone_1) {transformation: [0.37f,0.8869f,0.238f,-0.2668f,-0.9002f,0.4009f,-0.0945f,1.2437f,-0.1811f,-0.1811f,0.9563f,0.3276f,0f,0f,0f,1f],start_interpolation: 0,interpolation_duration: 1}
$data merge entity $(bone_4) {transformation: [-0.7936f,0.3451f,0.5011f,0.5193f,-0.6046f,-0.3549f,-0.7131f,1.0636f,-0.0683f,-0.8689f,0.4903f,0.2358f,0f,0f,0f,1f],start_interpolation: 0,interpolation_duration: 1}
$data merge entity $(bone_3) {transformation: [-0.8117f,-0.5536f,0.1864f,0.3117f,-0.5191f,0.5372f,-0.6648f,1.265f,0.2679f,-0.6364f,-0.7234f,-0.0029f,0f,0f,0f,1f],start_interpolation: 0,interpolation_duration: 1}
$data merge entity $(bone_8) {transformation: [-0.9457f,0.2969f,-0.1321f,-0.1381f,0.1524f,0.7643f,0.6265f,0.3952f,0.287f,0.5724f,-0.7681f,0.2648f,0f,0f,0f,1f],start_interpolation: 0,interpolation_duration: 1}
$data merge entity $(bone_7) {transformation: [-0.9457f,0.137f,-0.2947f,-0.1073f,0.1524f,0.9879f,-0.03f,0.7027f,0.287f,-0.0733f,-0.9551f,0.2031f,0f,0f,0f,1f],start_interpolation: 0,interpolation_duration: 1}
data modify entity @s data merge value {"cameras":{"camera":{"posx":0.02749999999999974,"posy":1.46625,"posz":2.136875,"roty":180.28417029670422,"rotx":0}},"locators":{}}