# This file was generated by Animated Java via MC-Build. It is not recommended to edit this file directly.
$data merge entity $(bone_layer) {transformation: [-0.9198f,0.0028f,-0.3925f,0.0118f,-0.0536f,0.9897f,0.1326f,1.3375f,0.3889f,0.143f,-0.9101f,0.2347f,0f,0f,0f,1f],start_interpolation: 0,interpolation_duration: 1}
$data merge entity $(bone_l_1) {transformation: [-0.9198f,0.0028f,-0.3925f,0.0054f,-0.0536f,0.9897f,0.1326f,1.4515f,0.3889f,0.143f,-0.9101f,0.5167f,0f,0f,0f,1f],start_interpolation: 0,interpolation_duration: 1}
$data merge entity $(bone_eye_l) {transformation: [-0.9198f,0.0028f,-0.3925f,0.0081f,-0.0536f,0.9897f,0.1326f,1.3387f,0.3889f,0.143f,-0.9101f,0.2261f,0f,0f,0f,1f],start_interpolation: 0,interpolation_duration: 1}
$data merge entity $(bone_r_1) {transformation: [-0.9198f,0.0028f,-0.3925f,0.2067f,-0.0536f,0.9897f,0.1326f,1.4632f,0.3889f,0.143f,-0.9101f,0.4316f,0f,0f,0f,1f],start_interpolation: 0,interpolation_duration: 1}
$data merge entity $(bone_eye_r) {transformation: [-0.9198f,0.0028f,-0.3925f,0.2185f,-0.0536f,0.9897f,0.1326f,1.437f,0.3889f,0.143f,-0.9101f,0.4158f,0f,0f,0f,1f],start_interpolation: 0,interpolation_duration: 1}
$data merge entity $(bone_eyes_down) {transformation: [-0.9198f,0.0028f,-0.3925f,0.012f,-0.0536f,0.9897f,0.1326f,1.4303f,0.3889f,0.143f,-0.9101f,0.2481f,0f,0f,0f,1f],start_interpolation: 0,interpolation_duration: 1}
$data merge entity $(bone_eyes_up) {transformation: [-0.9198f,0.0028f,-0.3925f,0.0121f,-0.0536f,0.9897f,0.1326f,1.5541f,0.3889f,0.143f,-0.9101f,0.2654f,0f,0f,0f,1f],start_interpolation: 0,interpolation_duration: 1}
$data merge entity $(bone_bone) {transformation: [-0.9198f,0.0028f,-0.3925f,0.0118f,-0.0536f,0.9897f,0.1326f,1.3375f,0.3889f,0.143f,-0.9101f,0.2347f,0f,0f,0f,1f],start_interpolation: 0,interpolation_duration: 1}
$data merge entity $(bone_l) {transformation: [-0.9166f,-0.058f,-0.3925f,-0.002f,-0.1396f,0.736f,0.1326f,1.5056f,0.375f,0.1323f,-0.9101f,0.5467f,0f,0f,0f,1f],start_interpolation: 0,interpolation_duration: 1}
$data merge entity $(bone_r) {transformation: [-0.9161f,0.0622f,-0.3925f,0.2279f,0.0329f,0.743f,0.1326f,1.519f,0.3999f,0.0814f,-0.9101f,0.4494f,0f,0f,0f,1f],start_interpolation: 0,interpolation_duration: 1}
$data merge entity $(bone_sad) {transformation: [0f,0f,0f,-0.0583f,0f,0f,0f,0.8507f,0f,0f,0f,0.4584f,0f,0f,0f,1f],start_interpolation: 0,interpolation_duration: 1}
$data merge entity $(bone_head) {transformation: [-0.9198f,0.0028f,-0.3925f,0.0118f,-0.0536f,0.9897f,0.1326f,1.3375f,0.3889f,0.143f,-0.9101f,0.2347f,0f,0f,0f,1f],start_interpolation: 0,interpolation_duration: 1}
$data merge entity $(bone_6) {transformation: [-0.8961f,-0.1448f,-0.4195f,0.2421f,-0.1976f,0.9766f,0.0851f,0.4053f,0.3974f,0.1592f,-0.9037f,0.2156f,0f,0f,0f,1f],start_interpolation: 0,interpolation_duration: 1}
$data merge entity $(bone_12) {transformation: [-0.8961f,-0.3548f,-0.2666f,0.1091f,-0.1976f,0.8569f,-0.476f,0.7267f,0.3974f,-0.3739f,-0.838f,0.0754f,0f,0f,0f,1f],start_interpolation: 0,interpolation_duration: 1}
$data merge entity $(bone_10) {transformation: [-0.9197f,-0.0924f,-0.3815f,-0.0261f,-0.0535f,0.9923f,-0.1113f,1.0316f,0.3889f,-0.0819f,-0.9176f,0.103f,0f,0f,0f,1f],start_interpolation: 0,interpolation_duration: 1}
$data merge entity $(bone_9) {transformation: [-0.9197f,0.1171f,-0.3747f,0.0178f,-0.0535f,0.9082f,0.4152f,1.3722f,0.3889f,0.4019f,-0.829f,0.2537f,0f,0f,0f,1f],start_interpolation: 0,interpolation_duration: 1}
$data merge entity $(item_display_item_display) {transformation: [-0.4521f,0.5196f,-0.2774f,-0.5271f,-0.289f,0.1091f,0.6752f,1.0473f,0.5132f,0.5191f,0.1359f,0.7723f,0f,0f,0f,1f],start_interpolation: 0,interpolation_duration: 1}
$data merge entity $(bone_2) {transformation: [0.3699f,0.6391f,0.6594f,-0.5733f,-0.9002f,0.3926f,0.1245f,1.1065f,-0.1811f,-0.6461f,0.7279f,0.3833f,0f,0f,0f,1f],start_interpolation: 0,interpolation_duration: 1}
$data merge entity $(bone_1) {transformation: [0.3699f,0.8873f,0.2365f,-0.2669f,-0.9002f,0.4007f,-0.0953f,1.2437f,-0.1811f,-0.1795f,0.9566f,0.3275f,0f,0f,0f,1f],start_interpolation: 0,interpolation_duration: 1}
$data merge entity $(bone_4) {transformation: [-0.7932f,0.345f,0.5018f,0.5191f,-0.6051f,-0.3547f,-0.7127f,1.0641f,-0.0679f,-0.869f,0.4901f,0.2361f,0f,0f,0f,1f],start_interpolation: 0,interpolation_duration: 1}
$data merge entity $(bone_3) {transformation: [-0.8116f,-0.5534f,0.1873f,0.3116f,-0.5191f,0.5359f,-0.6659f,1.265f,0.2681f,-0.6377f,-0.7222f,-0.0031f,0f,0f,0f,1f],start_interpolation: 0,interpolation_duration: 1}
$data merge entity $(bone_8) {transformation: [-0.9459f,0.2954f,-0.1341f,-0.1376f,0.1505f,0.7658f,0.6252f,0.3951f,0.2874f,0.5712f,-0.7688f,0.2646f,0f,0f,0f,1f],start_interpolation: 0,interpolation_duration: 1}
$data merge entity $(bone_7) {transformation: [-0.9459f,0.1352f,-0.2949f,-0.1074f,0.1505f,0.9881f,-0.03f,0.7027f,0.2874f,-0.0728f,-0.955f,0.203f,0f,0f,0f,1f],start_interpolation: 0,interpolation_duration: 1}
data modify entity @s data merge value {"cameras":{"camera":{"posx":0.02749999999999974,"posy":1.46625,"posz":2.136875,"roty":180.25929974521247,"rotx":0}},"locators":{}}