# This file was generated by Animated Java via MC-Build. It is not recommended to edit this file directly.
$data merge entity $(bone_layer) {transformation: [-0.5602f,-0.0876f,-0.8237f,-0.0939f,-0.0033f,0.9946f,-0.1036f,1.3231f,0.8285f,-0.0553f,-0.5574f,0.0069f,0f,0f,0f,1f],start_interpolation: 0,interpolation_duration: 1}
$data merge entity $(bone_l_1) {transformation: [-0.5602f,-0.0876f,-0.8237f,0.0284f,-0.0033f,0.9946f,-0.1036f,1.4998f,0.8285f,-0.0553f,-0.5574f,0.2224f,0f,0f,0f,1f],start_interpolation: 0,interpolation_duration: 1}
$data merge entity $(bone_eye_l) {transformation: [-0.5602f,-0.0876f,-0.8237f,-0.1016f,-0.0033f,0.9946f,-0.1036f,1.3222f,0.8285f,-0.0553f,-0.5574f,0.0017f,0f,0f,0f,1f],start_interpolation: 0,interpolation_duration: 1}
$data merge entity $(bone_r_1) {transformation: [-0.5602f,-0.0876f,-0.8237f,0.1509f,-0.0033f,0.9946f,-0.1036f,1.5005f,0.8285f,-0.0553f,-0.5574f,0.0411f,0f,0f,0f,1f],start_interpolation: 0,interpolation_duration: 1}
$data merge entity $(bone_eye_r) {transformation: [-0.5602f,-0.0876f,-0.8237f,0.157f,-0.0033f,0.9946f,-0.1036f,1.472f,0.8285f,-0.0553f,-0.5574f,0.0263f,0f,0f,0f,1f],start_interpolation: 0,interpolation_duration: 1}
$data merge entity $(bone_eyes_down) {transformation: [-0.5602f,-0.0876f,-0.8237f,-0.1021f,-0.0033f,0.9946f,-0.1036f,1.4164f,0.8285f,-0.0553f,-0.5574f,0.0018f,0f,0f,0f,1f],start_interpolation: 0,interpolation_duration: 1}
$data merge entity $(bone_eyes_up) {transformation: [-0.5602f,-0.0876f,-0.8237f,-0.113f,-0.0033f,0.9946f,-0.1036f,1.5341f,0.8285f,-0.0553f,-0.5574f,-0.0051f,0f,0f,0f,1f],start_interpolation: 0,interpolation_duration: 1}
$data merge entity $(bone_bone) {transformation: [-0.5602f,-0.0876f,-0.8237f,-0.0939f,-0.0033f,0.9946f,-0.1036f,1.3231f,0.8285f,-0.0553f,-0.5574f,0.0069f,0f,0f,0f,1f],start_interpolation: 0,interpolation_duration: 1}
$data merge entity $(bone_l) {transformation: [-0.56f,-0.0666f,-0.8237f,0.0291f,-0.0054f,0.746f,-0.1036f,1.5541f,0.8286f,-0.0401f,-0.5574f,0.242f,0f,0f,0f,1f],start_interpolation: 0,interpolation_duration: 1}
$data merge entity $(bone_r) {transformation: [-0.5604f,-0.0648f,-0.8237f,0.1692f,-0.0012f,0.746f,-0.1036f,1.555f,0.8283f,-0.0428f,-0.5574f,0.0348f,0f,0f,0f,1f],start_interpolation: 0,interpolation_duration: 1}
$data merge entity $(bone_sad) {transformation: [-0.8991f,-0.0364f,-0.8846f,0.0019f,-0.0053f,0.4136f,-0.1112f,1.4732f,1.3296f,-0.023f,-0.5987f,0.2692f,0f,0f,0f,1f],start_interpolation: 0,interpolation_duration: 1}
$data merge entity $(bone_head) {transformation: [-0.5602f,-0.0876f,-0.8237f,-0.0939f,-0.0033f,0.9946f,-0.1036f,1.3231f,0.8285f,-0.0553f,-0.5574f,0.0069f,0f,0f,0f,1f],start_interpolation: 0,interpolation_duration: 1}
$data merge entity $(bone_6) {transformation: [-0.553f,0.0544f,-0.8314f,0.0212f,-0.1338f,0.9791f,0.153f,0.3779f,0.8224f,0.1958f,-0.5342f,-0.1159f,0f,0f,0f,1f],start_interpolation: 0,interpolation_duration: 1}
$data merge entity $(bone_12) {transformation: [-0.553f,-0.4326f,-0.7121f,-0.141f,-0.1338f,0.8897f,-0.4366f,0.7115f,0.8224f,-0.1462f,-0.5499f,-0.1707f,0f,0f,0f,1f],start_interpolation: 0,interpolation_duration: 1}
$data merge entity $(bone_10) {transformation: [-0.5602f,-0.0543f,-0.8266f,-0.2134f,-0.0033f,0.998f,-0.0633f,1.0208f,0.8284f,-0.0327f,-0.5592f,-0.0751f,0f,0f,0f,1f],start_interpolation: 0,interpolation_duration: 1}
$data merge entity $(bone_9) {transformation: [-0.5602f,0.366f,-0.7431f,-0.0761f,-0.0033f,0.8961f,0.4439f,1.3569f,0.8284f,0.2511f,-0.5008f,0.0191f,0f,0f,0f,1f],start_interpolation: 0,interpolation_duration: 1}
$data merge entity $(item_display_item_display) {transformation: [0.3059f,0.6536f,-0.1749f,0.058f,-0.496f,0.3472f,0.4298f,0.9481f,0.4601f,-0.0603f,0.5796f,0.5612f,0f,0f,0f,1f],start_interpolation: 0,interpolation_duration: 1}
$data merge entity $(bone_2) {transformation: [0.2332f,-0.4087f,0.871f,-0.3164f,-0.5731f,0.6609f,0.4636f,0.9685f,-0.7728f,-0.6134f,-0.0809f,0.4332f,0f,0f,0f,1f],start_interpolation: 0,interpolation_duration: 1}
$data merge entity $(bone_1) {transformation: [0.2332f,0.0812f,0.9587f,-0.2825f,-0.5731f,0.8041f,0.0713f,1.2454f,-0.7728f,-0.5718f,0.2364f,0.2381f,0f,0f,0f,1f],start_interpolation: 0,interpolation_duration: 1}
$data merge entity $(bone_4) {transformation: [-0.446f,-0.8082f,0.3845f,0.3406f,-0.4767f,-0.1491f,-0.8663f,1.0598f,0.7575f,-0.5697f,-0.3188f,-0.273f,0f,0f,0f,1f],start_interpolation: 0,interpolation_duration: 1}
$data merge entity $(bone_3) {transformation: [-0.446f,-0.8545f,-0.2662f,0.0201f,-0.4767f,0.4785f,-0.7374f,1.2392f,0.7575f,-0.202f,-0.6208f,-0.3488f,0f,0f,0f,1f],start_interpolation: 0,interpolation_duration: 1}
$data merge entity $(bone_8) {transformation: [-0.6258f,0.5936f,-0.5059f,-0.2633f,0.1876f,0.7442f,0.6411f,0.391f,0.7571f,0.3063f,-0.5771f,0.1232f,0f,0f,0f,1f],start_interpolation: 0,interpolation_duration: 1}
$data merge entity $(bone_7) {transformation: [-0.6258f,0.1298f,-0.7691f,-0.2539f,0.1876f,0.9822f,0.0131f,0.6985f,0.7571f,-0.1361f,-0.639f,0.0547f,0f,0f,0f,1f],start_interpolation: 0,interpolation_duration: 1}
data modify entity @s data merge value {"cameras":{"camera1":{"px":0.20979071013161904,"py":1.4903210653365613,"pz":1.501259600133567,"ry":164.408342734375,"rx":0}},"locators":{}}