# This file was generated by Animated Java via MC-Build. It is not recommended to edit this file directly.
$data merge entity $(bone_layer) {transformation: [-0.9197f,0.0036f,-0.3927f,0.0117f,-0.0535f,0.9895f,0.1345f,1.3375f,0.3891f,0.1447f,-0.9098f,0.2346f,0f,0f,0f,1f],start_interpolation: 0,interpolation_duration: 1}
$data merge entity $(bone_l_1) {transformation: [-0.9197f,0.0036f,-0.3927f,0.0056f,-0.0535f,0.9895f,0.1345f,1.451f,0.3891f,0.1447f,-0.9098f,0.5168f,0f,0f,0f,1f],start_interpolation: 0,interpolation_duration: 1}
$data merge entity $(bone_eye_l) {transformation: [-0.9197f,0.0036f,-0.3927f,0.008f,-0.0535f,0.9895f,0.1345f,1.3387f,0.3891f,0.1447f,-0.9098f,0.226f,0f,0f,0f,1f],start_interpolation: 0,interpolation_duration: 1}
$data merge entity $(bone_r_1) {transformation: [-0.9197f,0.0036f,-0.3927f,0.2068f,-0.0535f,0.9895f,0.1345f,1.4627f,0.3891f,0.1447f,-0.9098f,0.4317f,0f,0f,0f,1f],start_interpolation: 0,interpolation_duration: 1}
$data merge entity $(bone_eye_r) {transformation: [-0.9197f,0.0036f,-0.3927f,0.2186f,-0.0535f,0.9895f,0.1345f,1.4365f,0.3891f,0.1447f,-0.9098f,0.4158f,0f,0f,0f,1f],start_interpolation: 0,interpolation_duration: 1}
$data merge entity $(bone_eyes_down) {transformation: [-0.9197f,0.0036f,-0.3927f,0.0121f,-0.0535f,0.9895f,0.1345f,1.4303f,0.3891f,0.1447f,-0.9098f,0.2481f,0f,0f,0f,1f],start_interpolation: 0,interpolation_duration: 1}
$data merge entity $(bone_eyes_up) {transformation: [-0.9197f,0.0036f,-0.3927f,0.0123f,-0.0535f,0.9895f,0.1345f,1.554f,0.3891f,0.1447f,-0.9098f,0.2657f,0f,0f,0f,1f],start_interpolation: 0,interpolation_duration: 1}
$data merge entity $(bone_bone) {transformation: [-0.9197f,0.0036f,-0.3927f,0.0117f,-0.0535f,0.9895f,0.1345f,1.3375f,0.3891f,0.1447f,-0.9098f,0.2346f,0f,0f,0f,1f],start_interpolation: 0,interpolation_duration: 1}
$data merge entity $(bone_l) {transformation: [-0.9166f,-0.0574f,-0.3927f,-0.0018f,-0.1396f,0.7358f,0.1345f,1.505f,0.375f,0.1336f,-0.9098f,0.5469f,0f,0f,0f,1f],start_interpolation: 0,interpolation_duration: 1}
$data merge entity $(bone_r) {transformation: [-0.9159f,0.0628f,-0.3927f,0.2281f,0.0329f,0.7428f,0.1345f,1.5184f,0.4003f,0.0827f,-0.9098f,0.4496f,0f,0f,0f,1f],start_interpolation: 0,interpolation_duration: 1}
$data merge entity $(bone_sad) {transformation: [0f,0f,0f,-0.0587f,0f,0f,0f,0.8504f,0f,0f,0f,0.4574f,0f,0f,0f,1f],start_interpolation: 0,interpolation_duration: 1}
$data merge entity $(bone_head) {transformation: [-0.9197f,0.0036f,-0.3927f,0.0117f,-0.0535f,0.9895f,0.1345f,1.3375f,0.3891f,0.1447f,-0.9098f,0.2346f,0f,0f,0f,1f],start_interpolation: 0,interpolation_duration: 1}
$data merge entity $(bone_6) {transformation: [-0.8967f,-0.1425f,-0.4191f,0.2414f,-0.196f,0.9767f,0.0872f,0.4052f,0.3969f,0.1603f,-0.9038f,0.2157f,0f,0f,0f,1f],start_interpolation: 0,interpolation_duration: 1}
$data merge entity $(bone_12) {transformation: [-0.8967f,-0.3531f,-0.2668f,0.109f,-0.196f,0.8573f,-0.476f,0.7267f,0.3969f,-0.3746f,-0.838f,0.0753f,0f,0f,0f,1f],start_interpolation: 0,interpolation_duration: 1}
$data merge entity $(bone_10) {transformation: [-0.9196f,-0.0924f,-0.3817f,-0.0259f,-0.0535f,0.9923f,-0.1113f,1.0313f,0.3891f,-0.0819f,-0.9175f,0.1035f,0f,0f,0f,1f],start_interpolation: 0,interpolation_duration: 1}
$data merge entity $(bone_9) {transformation: [-0.9196f,0.1165f,-0.3751f,0.0177f,-0.0535f,0.909f,0.4134f,1.3722f,0.3891f,0.4003f,-0.8297f,0.2536f,0f,0f,0f,1f],start_interpolation: 0,interpolation_duration: 1}
$data merge entity $(item_display_item_display) {transformation: [-0.4549f,0.5171f,-0.2774f,-0.5285f,-0.2896f,0.1074f,0.6752f,1.0468f,0.5103f,0.5219f,0.1359f,0.7717f,0f,0f,0f,1f],start_interpolation: 0,interpolation_duration: 1}
$data merge entity $(bone_2) {transformation: [0.3699f,0.6415f,0.6571f,-0.5735f,-0.9003f,0.3931f,0.123f,1.1066f,-0.1812f,-0.6435f,0.7302f,0.3827f,0f,0f,0f,1f],start_interpolation: 0,interpolation_duration: 1}
$data merge entity $(bone_1) {transformation: [0.3699f,0.8877f,0.2351f,-0.2669f,-0.9003f,0.4005f,-0.096f,1.2437f,-0.1812f,-0.1779f,0.9569f,0.3275f,0f,0f,0f,1f],start_interpolation: 0,interpolation_duration: 1}
$data merge entity $(bone_4) {transformation: [-0.7929f,0.3448f,0.5024f,0.5189f,-0.6056f,-0.3546f,-0.7124f,1.0646f,-0.0675f,-0.8691f,0.49f,0.2364f,0f,0f,0f,1f],start_interpolation: 0,interpolation_duration: 1}
$data merge entity $(bone_3) {transformation: [-0.8115f,-0.5531f,0.1882f,0.3114f,-0.519f,0.5346f,-0.6669f,1.265f,0.2683f,-0.6389f,-0.721f,-0.0032f,0f,0f,0f,1f],start_interpolation: 0,interpolation_duration: 1}
$data merge entity $(bone_8) {transformation: [-0.9461f,0.294f,-0.136f,-0.1371f,0.1487f,0.7672f,0.6239f,0.3951f,0.2878f,0.5701f,-0.7696f,0.2644f,0f,0f,0f,1f],start_interpolation: 0,interpolation_duration: 1}
$data merge entity $(bone_7) {transformation: [-0.9461f,0.1333f,-0.2952f,-0.1074f,0.1487f,0.9884f,-0.03f,0.7027f,0.2878f,-0.0723f,-0.955f,0.203f,0f,0f,0f,1f],start_interpolation: 0,interpolation_duration: 1}
data modify entity @s data merge value {"cameras":{"camera1":{"px":0.02749999999999974,"py":1.46625,"pz":2.136875,"ry":180.23506205309442,"rx":0}},"locators":{}}