# This file was generated by Animated Java via MC-Build. It is not recommended to edit this file directly.
$data merge entity $(bone_layer) {transformation: [-0.9196f,0.0044f,-0.3929f,0.0117f,-0.0535f,0.9892f,0.1363f,1.3375f,0.3893f,0.1464f,-0.9094f,0.2345f,0f,0f,0f,1f],start_interpolation: 0,interpolation_duration: 1}
$data merge entity $(bone_l_1) {transformation: [-0.9196f,0.0044f,-0.3929f,0.0057f,-0.0535f,0.9892f,0.1363f,1.4505f,0.3893f,0.1464f,-0.9094f,0.5169f,0f,0f,0f,1f],start_interpolation: 0,interpolation_duration: 1}
$data merge entity $(bone_eye_l) {transformation: [-0.9196f,0.0044f,-0.3929f,0.008f,-0.0535f,0.9892f,0.1363f,1.3388f,0.3893f,0.1464f,-0.9094f,0.2259f,0f,0f,0f,1f],start_interpolation: 0,interpolation_duration: 1}
$data merge entity $(bone_r_1) {transformation: [-0.9196f,0.0044f,-0.3929f,0.2069f,-0.0535f,0.9892f,0.1363f,1.4622f,0.3893f,0.1464f,-0.9094f,0.4317f,0f,0f,0f,1f],start_interpolation: 0,interpolation_duration: 1}
$data merge entity $(bone_eye_r) {transformation: [-0.9196f,0.0044f,-0.3929f,0.2186f,-0.0535f,0.9892f,0.1363f,1.4361f,0.3893f,0.1464f,-0.9094f,0.4158f,0f,0f,0f,1f],start_interpolation: 0,interpolation_duration: 1}
$data merge entity $(bone_eyes_down) {transformation: [-0.9196f,0.0044f,-0.3929f,0.0121f,-0.0535f,0.9892f,0.1363f,1.4302f,0.3893f,0.1464f,-0.9094f,0.2482f,0f,0f,0f,1f],start_interpolation: 0,interpolation_duration: 1}
$data merge entity $(bone_eyes_up) {transformation: [-0.9196f,0.0044f,-0.3929f,0.0124f,-0.0535f,0.9892f,0.1363f,1.554f,0.3893f,0.1464f,-0.9094f,0.2659f,0f,0f,0f,1f],start_interpolation: 0,interpolation_duration: 1}
$data merge entity $(bone_bone) {transformation: [-0.9196f,0.0044f,-0.3929f,0.0117f,-0.0535f,0.9892f,0.1363f,1.3375f,0.3893f,0.1464f,-0.9094f,0.2345f,0f,0f,0f,1f],start_interpolation: 0,interpolation_duration: 1}
$data merge entity $(bone_l) {transformation: [-0.9165f,-0.0568f,-0.3929f,-0.0017f,-0.1395f,0.7356f,0.1363f,1.5045f,0.3751f,0.1348f,-0.9094f,0.547f,0f,0f,0f,1f],start_interpolation: 0,interpolation_duration: 1}
$data merge entity $(bone_r) {transformation: [-0.9158f,0.0634f,-0.3929f,0.2282f,0.0329f,0.7426f,0.1363f,1.5179f,0.4006f,0.0839f,-0.9094f,0.4497f,0f,0f,0f,1f],start_interpolation: 0,interpolation_duration: 1}
$data merge entity $(bone_sad) {transformation: [0f,0f,0f,-0.059f,0f,0f,0f,0.85f,0f,0f,0f,0.4565f,0f,0f,0f,1f],start_interpolation: 0,interpolation_duration: 1}
$data merge entity $(bone_head) {transformation: [-0.9196f,0.0044f,-0.3929f,0.0117f,-0.0535f,0.9892f,0.1363f,1.3375f,0.3893f,0.1464f,-0.9094f,0.2345f,0f,0f,0f,1f],start_interpolation: 0,interpolation_duration: 1}
$data merge entity $(bone_6) {transformation: [-0.8973f,-0.1403f,-0.4186f,0.2407f,-0.1943f,0.9769f,0.0892f,0.4051f,0.3964f,0.1614f,-0.9038f,0.2159f,0f,0f,0f,1f],start_interpolation: 0,interpolation_duration: 1}
$data merge entity $(bone_12) {transformation: [-0.8973f,-0.3515f,-0.267f,0.1089f,-0.1943f,0.8577f,-0.4761f,0.7267f,0.3964f,-0.3753f,-0.8379f,0.0752f,0f,0f,0f,1f],start_interpolation: 0,interpolation_duration: 1}
$data merge entity $(bone_10) {transformation: [-0.9196f,-0.0924f,-0.3819f,-0.0258f,-0.0535f,0.9923f,-0.1113f,1.031f,0.3893f,-0.082f,-0.9175f,0.104f,0f,0f,0f,1f],start_interpolation: 0,interpolation_duration: 1}
$data merge entity $(bone_9) {transformation: [-0.9196f,0.1159f,-0.3755f,0.0177f,-0.0535f,0.9097f,0.4117f,1.3722f,0.3893f,0.3987f,-0.8304f,0.2535f,0f,0f,0f,1f],start_interpolation: 0,interpolation_duration: 1}
$data merge entity $(item_display_item_display) {transformation: [-0.4577f,0.5147f,-0.2774f,-0.53f,-0.2902f,0.1058f,0.6752f,1.0463f,0.5075f,0.5246f,0.1359f,0.7712f,0f,0f,0f,1f],start_interpolation: 0,interpolation_duration: 1}
$data merge entity $(bone_2) {transformation: [0.3698f,0.6438f,0.6549f,-0.5737f,-0.9003f,0.3935f,0.1216f,1.1067f,-0.1813f,-0.6409f,0.7324f,0.3821f,0f,0f,0f,1f],start_interpolation: 0,interpolation_duration: 1}
$data merge entity $(bone_1) {transformation: [0.3698f,0.8881f,0.2336f,-0.2669f,-0.9003f,0.4003f,-0.0967f,1.2437f,-0.1813f,-0.1763f,0.9572f,0.3275f,0f,0f,0f,1f],start_interpolation: 0,interpolation_duration: 1}
$data merge entity $(bone_4) {transformation: [-0.7925f,0.3447f,0.5031f,0.5187f,-0.6061f,-0.3544f,-0.712f,1.065f,-0.0672f,-0.8692f,0.4898f,0.2366f,0f,0f,0f,1f],start_interpolation: 0,interpolation_duration: 1}
$data merge entity $(bone_3) {transformation: [-0.8115f,-0.5529f,0.1891f,0.3113f,-0.519f,0.5333f,-0.6679f,1.265f,0.2685f,-0.6402f,-0.7198f,-0.0034f,0f,0f,0f,1f],start_interpolation: 0,interpolation_duration: 1}
$data merge entity $(bone_8) {transformation: [-0.9463f,0.2925f,-0.1379f,-0.1366f,0.1468f,0.7686f,0.6227f,0.395f,0.2881f,0.5689f,-0.7703f,0.2642f,0f,0f,0f,1f],start_interpolation: 0,interpolation_duration: 1}
$data merge entity $(bone_7) {transformation: [-0.9463f,0.1316f,-0.2954f,-0.1075f,0.1468f,0.9887f,-0.03f,0.7027f,0.2881f,-0.0718f,-0.9549f,0.2029f,0f,0f,0f,1f],start_interpolation: 0,interpolation_duration: 1}
data modify entity @s data merge value {"cameras":{"camera":{"posx":0.02749999999999974,"posy":1.46625,"posz":2.136875,"roty":180.21150653406755,"rotx":0}},"locators":{}}