# This file was generated by Animated Java via MC-Build. It is not recommended to edit this file directly.
$data merge entity $(bone_layer) {transformation: [-0.9196f,0.0052f,-0.3931f,0.0116f,-0.0535f,0.989f,0.1381f,1.3375f,0.3896f,0.148f,-0.9091f,0.2344f,0f,0f,0f,1f],start_interpolation: 0,interpolation_duration: 1}
$data merge entity $(bone_l_1) {transformation: [-0.9196f,0.0052f,-0.3931f,0.0058f,-0.0535f,0.989f,0.1381f,1.4501f,0.3896f,0.148f,-0.9091f,0.517f,0f,0f,0f,1f],start_interpolation: 0,interpolation_duration: 1}
$data merge entity $(bone_eye_l) {transformation: [-0.9196f,0.0052f,-0.3931f,0.0079f,-0.0535f,0.989f,0.1381f,1.3388f,0.3896f,0.148f,-0.9091f,0.2258f,0f,0f,0f,1f],start_interpolation: 0,interpolation_duration: 1}
$data merge entity $(bone_r_1) {transformation: [-0.9196f,0.0052f,-0.3931f,0.207f,-0.0535f,0.989f,0.1381f,1.4618f,0.3896f,0.148f,-0.9091f,0.4317f,0f,0f,0f,1f],start_interpolation: 0,interpolation_duration: 1}
$data merge entity $(bone_eye_r) {transformation: [-0.9196f,0.0052f,-0.3931f,0.2187f,-0.0535f,0.989f,0.1381f,1.4357f,0.3896f,0.148f,-0.9091f,0.4158f,0f,0f,0f,1f],start_interpolation: 0,interpolation_duration: 1}
$data merge entity $(bone_eyes_down) {transformation: [-0.9196f,0.0052f,-0.3931f,0.0121f,-0.0535f,0.989f,0.1381f,1.4302f,0.3896f,0.148f,-0.9091f,0.2482f,0f,0f,0f,1f],start_interpolation: 0,interpolation_duration: 1}
$data merge entity $(bone_eyes_up) {transformation: [-0.9196f,0.0052f,-0.3931f,0.0125f,-0.0535f,0.989f,0.1381f,1.5539f,0.3896f,0.148f,-0.9091f,0.2662f,0f,0f,0f,1f],start_interpolation: 0,interpolation_duration: 1}
$data merge entity $(bone_bone) {transformation: [-0.9196f,0.0052f,-0.3931f,0.0116f,-0.0535f,0.989f,0.1381f,1.3375f,0.3896f,0.148f,-0.9091f,0.2344f,0f,0f,0f,1f],start_interpolation: 0,interpolation_duration: 1}
$data merge entity $(bone_l) {transformation: [-0.9165f,-0.0562f,-0.3931f,-0.0015f,-0.1395f,0.7354f,0.1381f,1.504f,0.3752f,0.136f,-0.9091f,0.5472f,0f,0f,0f,1f],start_interpolation: 0,interpolation_duration: 1}
$data merge entity $(bone_r) {transformation: [-0.9156f,0.064f,-0.3931f,0.2284f,0.0329f,0.7424f,0.1381f,1.5174f,0.401f,0.0851f,-0.9091f,0.4498f,0f,0f,0f,1f],start_interpolation: 0,interpolation_duration: 1}
$data merge entity $(bone_sad) {transformation: [0f,0f,0f,-0.0594f,0f,0f,0f,0.8497f,0f,0f,0f,0.4557f,0f,0f,0f,1f],start_interpolation: 0,interpolation_duration: 1}
$data merge entity $(bone_head) {transformation: [-0.9196f,0.0052f,-0.3931f,0.0116f,-0.0535f,0.989f,0.1381f,1.3375f,0.3896f,0.148f,-0.9091f,0.2344f,0f,0f,0f,1f],start_interpolation: 0,interpolation_duration: 1}
$data merge entity $(bone_6) {transformation: [-0.8978f,-0.1382f,-0.4181f,0.24f,-0.1928f,0.977f,0.0911f,0.405f,0.3959f,0.1624f,-0.9038f,0.216f,0f,0f,0f,1f],start_interpolation: 0,interpolation_duration: 1}
$data merge entity $(bone_12) {transformation: [-0.8978f,-0.35f,-0.2672f,0.1088f,-0.1928f,0.858f,-0.4761f,0.7267f,0.3959f,-0.3759f,-0.8378f,0.0751f,0f,0f,0f,1f],start_interpolation: 0,interpolation_duration: 1}
$data merge entity $(bone_10) {transformation: [-0.9195f,-0.0924f,-0.3822f,-0.0256f,-0.0535f,0.9923f,-0.1114f,1.0308f,0.3895f,-0.082f,-0.9174f,0.1045f,0f,0f,0f,1f],start_interpolation: 0,interpolation_duration: 1}
$data merge entity $(bone_9) {transformation: [-0.9195f,0.1153f,-0.3759f,0.0176f,-0.0535f,0.9105f,0.4101f,1.3722f,0.3895f,0.3971f,-0.831f,0.2534f,0f,0f,0f,1f],start_interpolation: 0,interpolation_duration: 1}
$data merge entity $(item_display_item_display) {transformation: [-0.4604f,0.5123f,-0.2773f,-0.5314f,-0.2908f,0.1042f,0.6752f,1.0458f,0.5048f,0.5273f,0.136f,0.7707f,0f,0f,0f,1f],start_interpolation: 0,interpolation_duration: 1}
$data merge entity $(bone_2) {transformation: [0.3698f,0.646f,0.6527f,-0.5738f,-0.9003f,0.3939f,0.1201f,1.1068f,-0.1813f,-0.6385f,0.7346f,0.3815f,0f,0f,0f,1f],start_interpolation: 0,interpolation_duration: 1}
$data merge entity $(bone_1) {transformation: [0.3698f,0.8885f,0.2322f,-0.267f,-0.9003f,0.4001f,-0.0974f,1.2437f,-0.1813f,-0.1748f,0.9574f,0.3274f,0f,0f,0f,1f],start_interpolation: 0,interpolation_duration: 1}
$data merge entity $(bone_4) {transformation: [-0.7922f,0.3446f,0.5037f,0.5185f,-0.6066f,-0.3543f,-0.7117f,1.0655f,-0.0668f,-0.8693f,0.4897f,0.2369f,0f,0f,0f,1f],start_interpolation: 0,interpolation_duration: 1}
$data merge entity $(bone_3) {transformation: [-0.8114f,-0.5527f,0.1899f,0.3112f,-0.519f,0.5321f,-0.6689f,1.265f,0.2687f,-0.6413f,-0.7187f,-0.0036f,0f,0f,0f,1f],start_interpolation: 0,interpolation_duration: 1}
$data merge entity $(bone_8) {transformation: [-0.9464f,0.2911f,-0.1397f,-0.1362f,0.1451f,0.7699f,0.6214f,0.3949f,0.2884f,0.5679f,-0.7709f,0.264f,0f,0f,0f,1f],start_interpolation: 0,interpolation_duration: 1}
$data merge entity $(bone_7) {transformation: [-0.9464f,0.1299f,-0.2956f,-0.1076f,0.1451f,0.989f,-0.0301f,0.7028f,0.2884f,-0.0713f,-0.9548f,0.2029f,0f,0f,0f,1f],start_interpolation: 0,interpolation_duration: 1}
data modify entity @s data merge value {"cameras":{"camera1":{"px":0.02749999999999974,"py":1.46625,"pz":2.136875,"ry":180.18868250184926,"rx":0}},"locators":{}}