# This file was generated by Animated Java via MC-Build. It is not recommended to edit this file directly.
$data merge entity $(bone_layer) {transformation: [-0.9195f,0.0059f,-0.3933f,0.0115f,-0.0535f,0.9887f,0.1398f,1.3375f,0.3897f,0.1495f,-0.9087f,0.2343f,0f,0f,0f,1f],start_interpolation: 0,interpolation_duration: 1}
$data merge entity $(bone_l_1) {transformation: [-0.9195f,0.0059f,-0.3933f,0.0059f,-0.0535f,0.9887f,0.1398f,1.4497f,0.3897f,0.1495f,-0.9087f,0.517f,0f,0f,0f,1f],start_interpolation: 0,interpolation_duration: 1}
$data merge entity $(bone_eye_l) {transformation: [-0.9195f,0.0059f,-0.3933f,0.0079f,-0.0535f,0.9887f,0.1398f,1.3388f,0.3897f,0.1495f,-0.9087f,0.2258f,0f,0f,0f,1f],start_interpolation: 0,interpolation_duration: 1}
$data merge entity $(bone_r_1) {transformation: [-0.9195f,0.0059f,-0.3933f,0.207f,-0.0535f,0.9887f,0.1398f,1.4613f,0.3897f,0.1495f,-0.9087f,0.4318f,0f,0f,0f,1f],start_interpolation: 0,interpolation_duration: 1}
$data merge entity $(bone_eye_r) {transformation: [-0.9195f,0.0059f,-0.3933f,0.2188f,-0.0535f,0.9887f,0.1398f,1.4352f,0.3897f,0.1495f,-0.9087f,0.4158f,0f,0f,0f,1f],start_interpolation: 0,interpolation_duration: 1}
$data merge entity $(bone_eyes_down) {transformation: [-0.9195f,0.0059f,-0.3933f,0.0121f,-0.0535f,0.9887f,0.1398f,1.4302f,0.3897f,0.1495f,-0.9087f,0.2483f,0f,0f,0f,1f],start_interpolation: 0,interpolation_duration: 1}
$data merge entity $(bone_eyes_up) {transformation: [-0.9195f,0.0059f,-0.3933f,0.0126f,-0.0535f,0.9887f,0.1398f,1.5539f,0.3897f,0.1495f,-0.9087f,0.2664f,0f,0f,0f,1f],start_interpolation: 0,interpolation_duration: 1}
$data merge entity $(bone_bone) {transformation: [-0.9195f,0.0059f,-0.3933f,0.0115f,-0.0535f,0.9887f,0.1398f,1.3375f,0.3897f,0.1495f,-0.9087f,0.2343f,0f,0f,0f,1f],start_interpolation: 0,interpolation_duration: 1}
$data merge entity $(bone_l) {transformation: [-0.9165f,-0.0557f,-0.3933f,-0.0014f,-0.1394f,0.7352f,0.1398f,1.5036f,0.3752f,0.1372f,-0.9087f,0.5474f,0f,0f,0f,1f],start_interpolation: 0,interpolation_duration: 1}
$data merge entity $(bone_r) {transformation: [-0.9155f,0.0645f,-0.3933f,0.2285f,0.0329f,0.7422f,0.1398f,1.5169f,0.4013f,0.0862f,-0.9087f,0.45f,0f,0f,0f,1f],start_interpolation: 0,interpolation_duration: 1}
$data merge entity $(bone_sad) {transformation: [0f,0f,0f,-0.0597f,0f,0f,0f,0.8495f,0f,0f,0f,0.4548f,0f,0f,0f,1f],start_interpolation: 0,interpolation_duration: 1}
$data merge entity $(bone_head) {transformation: [-0.9195f,0.0059f,-0.3933f,0.0115f,-0.0535f,0.9887f,0.1398f,1.3375f,0.3897f,0.1495f,-0.9087f,0.2343f,0f,0f,0f,1f],start_interpolation: 0,interpolation_duration: 1}
$data merge entity $(bone_6) {transformation: [-0.8983f,-0.1361f,-0.4177f,0.2394f,-0.1913f,0.9771f,0.093f,0.4048f,0.3955f,0.1634f,-0.9038f,0.2162f,0f,0f,0f,1f],start_interpolation: 0,interpolation_duration: 1}
$data merge entity $(bone_12) {transformation: [-0.8983f,-0.3485f,-0.2674f,0.1087f,-0.1913f,0.8583f,-0.4761f,0.7267f,0.3955f,-0.3766f,-0.8377f,0.075f,0f,0f,0f,1f],start_interpolation: 0,interpolation_duration: 1}
$data merge entity $(bone_10) {transformation: [-0.9194f,-0.0924f,-0.3823f,-0.0254f,-0.0534f,0.9923f,-0.1114f,1.0305f,0.3897f,-0.082f,-0.9173f,0.1049f,0f,0f,0f,1f],start_interpolation: 0,interpolation_duration: 1}
$data merge entity $(bone_9) {transformation: [-0.9194f,0.1147f,-0.3763f,0.0176f,-0.0534f,0.9112f,0.4085f,1.3722f,0.3897f,0.3957f,-0.8316f,0.2533f,0f,0f,0f,1f],start_interpolation: 0,interpolation_duration: 1}
$data merge entity $(item_display_item_display) {transformation: [-0.4629f,0.51f,-0.2773f,-0.5327f,-0.2913f,0.1027f,0.6752f,1.0454f,0.5022f,0.5297f,0.136f,0.7702f,0f,0f,0f,1f],start_interpolation: 0,interpolation_duration: 1}
$data merge entity $(bone_2) {transformation: [0.3697f,0.6481f,0.6507f,-0.574f,-0.9003f,0.3943f,0.1188f,1.1069f,-0.1814f,-0.6361f,0.7366f,0.381f,0f,0f,0f,1f],start_interpolation: 0,interpolation_duration: 1}
$data merge entity $(bone_1) {transformation: [0.3697f,0.8889f,0.2309f,-0.267f,-0.9003f,0.4f,-0.0981f,1.2437f,-0.1814f,-0.1734f,0.9577f,0.3274f,0f,0f,0f,1f],start_interpolation: 0,interpolation_duration: 1}
$data merge entity $(bone_4) {transformation: [-0.7919f,0.3445f,0.5043f,0.5183f,-0.6071f,-0.3541f,-0.7114f,1.0659f,-0.0665f,-0.8694f,0.4895f,0.2372f,0f,0f,0f,1f],start_interpolation: 0,interpolation_duration: 1}
$data merge entity $(bone_3) {transformation: [-0.8114f,-0.5525f,0.1907f,0.3111f,-0.519f,0.531f,-0.6699f,1.265f,0.2689f,-0.6425f,-0.7176f,-0.0037f,0f,0f,0f,1f],start_interpolation: 0,interpolation_duration: 1}
$data merge entity $(bone_8) {transformation: [-0.9466f,0.2898f,-0.1414f,-0.1357f,0.1434f,0.7712f,0.6202f,0.3949f,0.2888f,0.5668f,-0.7716f,0.2638f,0f,0f,0f,1f],start_interpolation: 0,interpolation_duration: 1}
$data merge entity $(bone_7) {transformation: [-0.9466f,0.1282f,-0.2958f,-0.1077f,0.1434f,0.9892f,-0.0301f,0.7028f,0.2888f,-0.0709f,-0.9548f,0.2028f,0f,0f,0f,1f],start_interpolation: 0,interpolation_duration: 1}
data modify entity @s data merge value {"cameras":{"camera1":{"px":0.02749999999999974,"py":1.46625,"pz":2.136875,"ry":180.166639270157,"rx":0}},"locators":{}}