# This file was generated by Animated Java via MC-Build. It is not recommended to edit this file directly.
$data merge entity $(bone_layer) {transformation: [-0.9194f,0.0066f,-0.3935f,0.0115f,-0.0534f,0.9885f,0.1414f,1.3375f,0.3899f,0.151f,-0.9084f,0.2342f,0f,0f,0f,1f],start_interpolation: 0,interpolation_duration: 1}
$data merge entity $(bone_l_1) {transformation: [-0.9194f,0.0066f,-0.3935f,0.006f,-0.0534f,0.9885f,0.1414f,1.4492f,0.3899f,0.151f,-0.9084f,0.5171f,0f,0f,0f,1f],start_interpolation: 0,interpolation_duration: 1}
$data merge entity $(bone_eye_l) {transformation: [-0.9194f,0.0066f,-0.3935f,0.0078f,-0.0534f,0.9885f,0.1414f,1.3388f,0.3899f,0.151f,-0.9084f,0.2257f,0f,0f,0f,1f],start_interpolation: 0,interpolation_duration: 1}
$data merge entity $(bone_r_1) {transformation: [-0.9194f,0.0066f,-0.3935f,0.2071f,-0.0534f,0.9885f,0.1414f,1.4609f,0.3899f,0.151f,-0.9084f,0.4318f,0f,0f,0f,1f],start_interpolation: 0,interpolation_duration: 1}
$data merge entity $(bone_eye_r) {transformation: [-0.9194f,0.0066f,-0.3935f,0.2189f,-0.0534f,0.9885f,0.1414f,1.4349f,0.3899f,0.151f,-0.9084f,0.4158f,0f,0f,0f,1f],start_interpolation: 0,interpolation_duration: 1}
$data merge entity $(bone_eyes_down) {transformation: [-0.9194f,0.0066f,-0.3935f,0.0121f,-0.0534f,0.9885f,0.1414f,1.4302f,0.3899f,0.151f,-0.9084f,0.2483f,0f,0f,0f,1f],start_interpolation: 0,interpolation_duration: 1}
$data merge entity $(bone_eyes_up) {transformation: [-0.9194f,0.0066f,-0.3935f,0.0127f,-0.0534f,0.9885f,0.1414f,1.5538f,0.3899f,0.151f,-0.9084f,0.2667f,0f,0f,0f,1f],start_interpolation: 0,interpolation_duration: 1}
$data merge entity $(bone_bone) {transformation: [-0.9194f,0.0066f,-0.3935f,0.0115f,-0.0534f,0.9885f,0.1414f,1.3375f,0.3899f,0.151f,-0.9084f,0.2342f,0f,0f,0f,1f],start_interpolation: 0,interpolation_duration: 1}
$data merge entity $(bone_l) {transformation: [-0.9165f,-0.0552f,-0.3935f,-0.0012f,-0.1394f,0.7351f,0.1414f,1.5031f,0.3753f,0.1383f,-0.9084f,0.5476f,0f,0f,0f,1f],start_interpolation: 0,interpolation_duration: 1}
$data merge entity $(bone_r) {transformation: [-0.9153f,0.065f,-0.3935f,0.2286f,0.0329f,0.7421f,0.1414f,1.5165f,0.4016f,0.0873f,-0.9084f,0.4501f,0f,0f,0f,1f],start_interpolation: 0,interpolation_duration: 1}
$data merge entity $(bone_sad) {transformation: [0f,0f,0f,-0.06f,0f,0f,0f,0.8492f,0f,0f,0f,0.4541f,0f,0f,0f,1f],start_interpolation: 0,interpolation_duration: 1}
$data merge entity $(bone_head) {transformation: [-0.9194f,0.0066f,-0.3935f,0.0115f,-0.0534f,0.9885f,0.1414f,1.3375f,0.3899f,0.151f,-0.9084f,0.2342f,0f,0f,0f,1f],start_interpolation: 0,interpolation_duration: 1}
$data merge entity $(bone_6) {transformation: [-0.8988f,-0.1342f,-0.4172f,0.2388f,-0.1899f,0.9772f,0.0947f,0.4047f,0.395f,0.1643f,-0.9038f,0.2163f,0f,0f,0f,1f],start_interpolation: 0,interpolation_duration: 1}
$data merge entity $(bone_12) {transformation: [-0.8988f,-0.3471f,-0.2676f,0.1086f,-0.1899f,0.8586f,-0.4761f,0.7267f,0.395f,-0.3772f,-0.8377f,0.0749f,0f,0f,0f,1f],start_interpolation: 0,interpolation_duration: 1}
$data merge entity $(bone_10) {transformation: [-0.9193f,-0.0924f,-0.3825f,-0.0253f,-0.0534f,0.9923f,-0.1114f,1.0303f,0.3899f,-0.082f,-0.9172f,0.1054f,0f,0f,0f,1f],start_interpolation: 0,interpolation_duration: 1}
$data merge entity $(bone_9) {transformation: [-0.9193f,0.1142f,-0.3766f,0.0175f,-0.0534f,0.9119f,0.407f,1.3722f,0.3899f,0.3943f,-0.8322f,0.2532f,0f,0f,0f,1f],start_interpolation: 0,interpolation_duration: 1}
$data merge entity $(item_display_item_display) {transformation: [-0.4653f,0.5079f,-0.2773f,-0.5339f,-0.2917f,0.1013f,0.6752f,1.045f,0.4997f,0.5321f,0.1361f,0.7698f,0f,0f,0f,1f],start_interpolation: 0,interpolation_duration: 1}
$data merge entity $(bone_2) {transformation: [0.3697f,0.6501f,0.6487f,-0.5741f,-0.9003f,0.3947f,0.1175f,1.1069f,-0.1814f,-0.6338f,0.7386f,0.3805f,0f,0f,0f,1f],start_interpolation: 0,interpolation_duration: 1}
$data merge entity $(bone_1) {transformation: [0.3697f,0.8892f,0.2297f,-0.267f,-0.9003f,0.3998f,-0.0987f,1.2437f,-0.1814f,-0.172f,0.9579f,0.3274f,0f,0f,0f,1f],start_interpolation: 0,interpolation_duration: 1}
$data merge entity $(bone_4) {transformation: [-0.7916f,0.3444f,0.5048f,0.5181f,-0.6075f,-0.354f,-0.7111f,1.0663f,-0.0662f,-0.8695f,0.4894f,0.2375f,0f,0f,0f,1f],start_interpolation: 0,interpolation_duration: 1}
$data merge entity $(bone_3) {transformation: [-0.8113f,-0.5523f,0.1914f,0.311f,-0.519f,0.5299f,-0.6708f,1.265f,0.2691f,-0.6436f,-0.7166f,-0.0039f,0f,0f,0f,1f],start_interpolation: 0,interpolation_duration: 1}
$data merge entity $(bone_8) {transformation: [-0.9467f,0.2885f,-0.143f,-0.1353f,0.1418f,0.7724f,0.6191f,0.3948f,0.2891f,0.5659f,-0.7722f,0.2636f,0f,0f,0f,1f],start_interpolation: 0,interpolation_duration: 1}
$data merge entity $(bone_7) {transformation: [-0.9467f,0.1267f,-0.296f,-0.1077f,0.1418f,0.9894f,-0.0301f,0.7028f,0.2891f,-0.0705f,-0.9547f,0.2028f,0f,0f,0f,1f],start_interpolation: 0,interpolation_duration: 1}
data modify entity @s data merge value {"cameras":{"camera":{"posx":0.02749999999999974,"posy":1.46625,"posz":2.136875,"roty":180.14542615270815,"rotx":0}},"locators":{}}