# This file was generated by Animated Java via MC-Build. It is not recommended to edit this file directly.
$data merge entity $(bone_layer) {transformation: [-0.9193f,0.0072f,-0.3936f,0.0115f,-0.0534f,0.9883f,0.1428f,1.3375f,0.3901f,0.1523f,-0.9081f,0.2341f,0f,0f,0f,1f],start_interpolation: 0,interpolation_duration: 1}
$data merge entity $(bone_l_1) {transformation: [-0.9193f,0.0072f,-0.3936f,0.0061f,-0.0534f,0.9883f,0.1428f,1.4489f,0.3901f,0.1523f,-0.9081f,0.5172f,0f,0f,0f,1f],start_interpolation: 0,interpolation_duration: 1}
$data merge entity $(bone_eye_l) {transformation: [-0.9193f,0.0072f,-0.3936f,0.0078f,-0.0534f,0.9883f,0.1428f,1.3389f,0.3901f,0.1523f,-0.9081f,0.2256f,0f,0f,0f,1f],start_interpolation: 0,interpolation_duration: 1}
$data merge entity $(bone_r_1) {transformation: [-0.9193f,0.0072f,-0.3936f,0.2072f,-0.0534f,0.9883f,0.1428f,1.4606f,0.3901f,0.1523f,-0.9081f,0.4319f,0f,0f,0f,1f],start_interpolation: 0,interpolation_duration: 1}
$data merge entity $(bone_eye_r) {transformation: [-0.9193f,0.0072f,-0.3936f,0.2189f,-0.0534f,0.9883f,0.1428f,1.4345f,0.3901f,0.1523f,-0.9081f,0.4158f,0f,0f,0f,1f],start_interpolation: 0,interpolation_duration: 1}
$data merge entity $(bone_eyes_down) {transformation: [-0.9193f,0.0072f,-0.3936f,0.0121f,-0.0534f,0.9883f,0.1428f,1.4302f,0.3901f,0.1523f,-0.9081f,0.2484f,0f,0f,0f,1f],start_interpolation: 0,interpolation_duration: 1}
$data merge entity $(bone_eyes_up) {transformation: [-0.9193f,0.0072f,-0.3936f,0.0128f,-0.0534f,0.9883f,0.1428f,1.5538f,0.3901f,0.1523f,-0.9081f,0.2669f,0f,0f,0f,1f],start_interpolation: 0,interpolation_duration: 1}
$data merge entity $(bone_bone) {transformation: [-0.9193f,0.0072f,-0.3936f,0.0115f,-0.0534f,0.9883f,0.1428f,1.3375f,0.3901f,0.1523f,-0.9081f,0.2341f,0f,0f,0f,1f],start_interpolation: 0,interpolation_duration: 1}
$data merge entity $(bone_l) {transformation: [-0.9165f,-0.0547f,-0.3936f,-0.0011f,-0.1393f,0.7349f,0.1428f,1.5027f,0.3753f,0.1393f,-0.9081f,0.5477f,0f,0f,0f,1f],start_interpolation: 0,interpolation_duration: 1}
$data merge entity $(bone_r) {transformation: [-0.9152f,0.0655f,-0.3936f,0.2288f,0.0329f,0.7419f,0.1428f,1.5161f,0.4019f,0.0883f,-0.9081f,0.4502f,0f,0f,0f,1f],start_interpolation: 0,interpolation_duration: 1}
$data merge entity $(bone_sad) {transformation: [0f,0f,0f,-0.0603f,0f,0f,0f,0.8489f,0f,0f,0f,0.4533f,0f,0f,0f,1f],start_interpolation: 0,interpolation_duration: 1}
$data merge entity $(bone_head) {transformation: [-0.9193f,0.0072f,-0.3936f,0.0115f,-0.0534f,0.9883f,0.1428f,1.3375f,0.3901f,0.1523f,-0.9081f,0.2341f,0f,0f,0f,1f],start_interpolation: 0,interpolation_duration: 1}
$data merge entity $(bone_6) {transformation: [-0.8993f,-0.1324f,-0.4168f,0.2382f,-0.1885f,0.9773f,0.0963f,0.4046f,0.3946f,0.1652f,-0.9039f,0.2164f,0f,0f,0f,1f],start_interpolation: 0,interpolation_duration: 1}
$data merge entity $(bone_12) {transformation: [-0.8993f,-0.3458f,-0.2678f,0.1085f,-0.1885f,0.8589f,-0.4761f,0.7267f,0.3946f,-0.3777f,-0.8376f,0.0748f,0f,0f,0f,1f],start_interpolation: 0,interpolation_duration: 1}
$data merge entity $(bone_10) {transformation: [-0.9192f,-0.0924f,-0.3827f,-0.0252f,-0.0534f,0.9923f,-0.1114f,1.03f,0.3901f,-0.082f,-0.9171f,0.1058f,0f,0f,0f,1f],start_interpolation: 0,interpolation_duration: 1}
$data merge entity $(bone_9) {transformation: [-0.9192f,0.1137f,-0.3769f,0.0175f,-0.0534f,0.9125f,0.4056f,1.3722f,0.3901f,0.3929f,-0.8327f,0.2531f,0f,0f,0f,1f],start_interpolation: 0,interpolation_duration: 1}
$data merge entity $(item_display_item_display) {transformation: [-0.4675f,0.5058f,-0.2772f,-0.5351f,-0.2922f,0.1f,0.6752f,1.0446f,0.4973f,0.5343f,0.1361f,0.7693f,0f,0f,0f,1f],start_interpolation: 0,interpolation_duration: 1}
$data merge entity $(bone_2) {transformation: [0.3696f,0.652f,0.6469f,-0.5743f,-0.9003f,0.395f,0.1163f,1.107f,-0.1815f,-0.6317f,0.7404f,0.38f,0f,0f,0f,1f],start_interpolation: 0,interpolation_duration: 1}
$data merge entity $(bone_1) {transformation: [0.3696f,0.8895f,0.2285f,-0.2671f,-0.9003f,0.3996f,-0.0993f,1.2438f,-0.1815f,-0.1707f,0.9581f,0.3274f,0f,0f,0f,1f],start_interpolation: 0,interpolation_duration: 1}
$data merge entity $(bone_4) {transformation: [-0.7913f,0.3443f,0.5053f,0.518f,-0.6079f,-0.3539f,-0.7108f,1.0667f,-0.0659f,-0.8696f,0.4893f,0.2377f,0f,0f,0f,1f],start_interpolation: 0,interpolation_duration: 1}
$data merge entity $(bone_3) {transformation: [-0.8113f,-0.5522f,0.1921f,0.3109f,-0.519f,0.5288f,-0.6716f,1.265f,0.2692f,-0.6446f,-0.7156f,-0.004f,0f,0f,0f,1f],start_interpolation: 0,interpolation_duration: 1}
$data merge entity $(bone_8) {transformation: [-0.9469f,0.2873f,-0.1445f,-0.1349f,0.1403f,0.7735f,0.6181f,0.3947f,0.2893f,0.565f,-0.7727f,0.2634f,0f,0f,0f,1f],start_interpolation: 0,interpolation_duration: 1}
$data merge entity $(bone_7) {transformation: [-0.9469f,0.1253f,-0.2962f,-0.1078f,0.1403f,0.9896f,-0.0301f,0.7028f,0.2893f,-0.0701f,-0.9547f,0.2027f,0f,0f,0f,1f],start_interpolation: 0,interpolation_duration: 1}
data modify entity @s data merge value {"cameras":{"camera1":{"px":0.02749999999999974,"py":1.46625,"pz":2.136875,"ry":180.12509246322017,"rx":0}},"locators":{}}