# This file was generated by Animated Java via MC-Build. It is not recommended to edit this file directly.
$data merge entity $(bone_layer) {transformation: [-0.9193f,0.0078f,-0.3938f,0.0114f,-0.0534f,0.9881f,0.1442f,1.3375f,0.3903f,0.1536f,-0.9078f,0.234f,0f,0f,0f,1f],start_interpolation: 0,interpolation_duration: 1}
$data merge entity $(bone_l_1) {transformation: [-0.9193f,0.0078f,-0.3938f,0.0062f,-0.0534f,0.9881f,0.1442f,1.4485f,0.3903f,0.1536f,-0.9078f,0.5173f,0f,0f,0f,1f],start_interpolation: 0,interpolation_duration: 1}
$data merge entity $(bone_eye_l) {transformation: [-0.9193f,0.0078f,-0.3938f,0.0077f,-0.0534f,0.9881f,0.1442f,1.3389f,0.3903f,0.1536f,-0.9078f,0.2255f,0f,0f,0f,1f],start_interpolation: 0,interpolation_duration: 1}
$data merge entity $(bone_r_1) {transformation: [-0.9193f,0.0078f,-0.3938f,0.2073f,-0.0534f,0.9881f,0.1442f,1.4602f,0.3903f,0.1536f,-0.9078f,0.4319f,0f,0f,0f,1f],start_interpolation: 0,interpolation_duration: 1}
$data merge entity $(bone_eye_r) {transformation: [-0.9193f,0.0078f,-0.3938f,0.219f,-0.0534f,0.9881f,0.1442f,1.4341f,0.3903f,0.1536f,-0.9078f,0.4158f,0f,0f,0f,1f],start_interpolation: 0,interpolation_duration: 1}
$data merge entity $(bone_eyes_down) {transformation: [-0.9193f,0.0078f,-0.3938f,0.0121f,-0.0534f,0.9881f,0.1442f,1.4302f,0.3903f,0.1536f,-0.9078f,0.2484f,0f,0f,0f,1f],start_interpolation: 0,interpolation_duration: 1}
$data merge entity $(bone_eyes_up) {transformation: [-0.9193f,0.0078f,-0.3938f,0.0129f,-0.0534f,0.9881f,0.1442f,1.5538f,0.3903f,0.1536f,-0.9078f,0.2671f,0f,0f,0f,1f],start_interpolation: 0,interpolation_duration: 1}
$data merge entity $(bone_bone) {transformation: [-0.9193f,0.0078f,-0.3938f,0.0114f,-0.0534f,0.9881f,0.1442f,1.3375f,0.3903f,0.1536f,-0.9078f,0.234f,0f,0f,0f,1f],start_interpolation: 0,interpolation_duration: 1}
$data merge entity $(bone_l) {transformation: [-0.9164f,-0.0543f,-0.3938f,-0.001f,-0.1393f,0.7348f,0.1442f,1.5023f,0.3754f,0.1402f,-0.9078f,0.5479f,0f,0f,0f,1f],start_interpolation: 0,interpolation_duration: 1}
$data merge entity $(bone_r) {transformation: [-0.9151f,0.0659f,-0.3938f,0.2289f,0.0329f,0.7418f,0.1442f,1.5157f,0.4022f,0.0892f,-0.9078f,0.4503f,0f,0f,0f,1f],start_interpolation: 0,interpolation_duration: 1}
$data merge entity $(bone_sad) {transformation: [0f,0f,0f,-0.0605f,0f,0f,0f,0.8487f,0f,0f,0f,0.4527f,0f,0f,0f,1f],start_interpolation: 0,interpolation_duration: 1}
$data merge entity $(bone_head) {transformation: [-0.9193f,0.0078f,-0.3938f,0.0114f,-0.0534f,0.9881f,0.1442f,1.3375f,0.3903f,0.1536f,-0.9078f,0.234f,0f,0f,0f,1f],start_interpolation: 0,interpolation_duration: 1}
$data merge entity $(bone_6) {transformation: [-0.8997f,-0.1307f,-0.4165f,0.2377f,-0.1873f,0.9774f,0.0978f,0.4045f,0.3943f,0.166f,-0.9039f,0.2166f,0f,0f,0f,1f],start_interpolation: 0,interpolation_duration: 1}
$data merge entity $(bone_12) {transformation: [-0.8997f,-0.3446f,-0.2679f,0.1084f,-0.1873f,0.8592f,-0.4762f,0.7267f,0.3943f,-0.3782f,-0.8376f,0.0747f,0f,0f,0f,1f],start_interpolation: 0,interpolation_duration: 1}
$data merge entity $(bone_10) {transformation: [-0.9192f,-0.0924f,-0.3828f,-0.025f,-0.0534f,0.9923f,-0.1114f,1.0298f,0.3902f,-0.082f,-0.9171f,0.1061f,0f,0f,0f,1f],start_interpolation: 0,interpolation_duration: 1}
$data merge entity $(bone_9) {transformation: [-0.9192f,0.1133f,-0.3772f,0.0175f,-0.0534f,0.9131f,0.4043f,1.3722f,0.3902f,0.3917f,-0.8332f,0.2531f,0f,0f,0f,1f],start_interpolation: 0,interpolation_duration: 1}
$data merge entity $(item_display_item_display) {transformation: [-0.4696f,0.504f,-0.2772f,-0.5362f,-0.2926f,0.0988f,0.6752f,1.0443f,0.4952f,0.5362f,0.1361f,0.7689f,0f,0f,0f,1f],start_interpolation: 0,interpolation_duration: 1}
$data merge entity $(bone_2) {transformation: [0.3696f,0.6537f,0.6452f,-0.5744f,-0.9003f,0.3953f,0.1153f,1.1071f,-0.1815f,-0.6297f,0.742f,0.3796f,0f,0f,0f,1f],start_interpolation: 0,interpolation_duration: 1}
$data merge entity $(bone_1) {transformation: [0.3696f,0.8898f,0.2274f,-0.2671f,-0.9003f,0.3995f,-0.0999f,1.2438f,-0.1815f,-0.1695f,0.9583f,0.3273f,0f,0f,0f,1f],start_interpolation: 0,interpolation_duration: 1}
$data merge entity $(bone_4) {transformation: [-0.791f,0.3442f,0.5058f,0.5178f,-0.6082f,-0.3538f,-0.7106f,1.0671f,-0.0656f,-0.8697f,0.4892f,0.2379f,0f,0f,0f,1f],start_interpolation: 0,interpolation_duration: 1}
$data merge entity $(bone_3) {transformation: [-0.8113f,-0.552f,0.1928f,0.3108f,-0.5189f,0.5279f,-0.6723f,1.265f,0.2694f,-0.6455f,-0.7147f,-0.0041f,0f,0f,0f,1f],start_interpolation: 0,interpolation_duration: 1}
$data merge entity $(bone_8) {transformation: [-0.947f,0.2862f,-0.1459f,-0.1345f,0.139f,0.7745f,0.6171f,0.3947f,0.2896f,0.5641f,-0.7732f,0.2633f,0f,0f,0f,1f],start_interpolation: 0,interpolation_duration: 1}
$data merge entity $(bone_7) {transformation: [-0.947f,0.1239f,-0.2963f,-0.1078f,0.139f,0.9898f,-0.0301f,0.7028f,0.2896f,-0.0697f,-0.9546f,0.2027f,0f,0f,0f,1f],start_interpolation: 0,interpolation_duration: 1}
data modify entity @s data merge value {"cameras":{"camera":{"posx":0.02749999999999974,"posy":1.46625,"posz":2.136875,"roty":180.10568751541052,"rotx":0}},"locators":{}}