# This file was generated by Animated Java via MC-Build. It is not recommended to edit this file directly.
$data merge entity $(bone_layer) {transformation: [-0.9192f,0.0083f,-0.3939f,0.0114f,-0.0534f,0.9879f,0.1454f,1.3375f,0.3904f,0.1547f,-0.9076f,0.234f,0f,0f,0f,1f],start_interpolation: 0,interpolation_duration: 1}
$data merge entity $(bone_l_1) {transformation: [-0.9192f,0.0083f,-0.3939f,0.0063f,-0.0534f,0.9879f,0.1454f,1.4482f,0.3904f,0.1547f,-0.9076f,0.5173f,0f,0f,0f,1f],start_interpolation: 0,interpolation_duration: 1}
$data merge entity $(bone_eye_l) {transformation: [-0.9192f,0.0083f,-0.3939f,0.0077f,-0.0534f,0.9879f,0.1454f,1.3389f,0.3904f,0.1547f,-0.9076f,0.2255f,0f,0f,0f,1f],start_interpolation: 0,interpolation_duration: 1}
$data merge entity $(bone_r_1) {transformation: [-0.9192f,0.0083f,-0.3939f,0.2074f,-0.0534f,0.9879f,0.1454f,1.4599f,0.3904f,0.1547f,-0.9076f,0.4319f,0f,0f,0f,1f],start_interpolation: 0,interpolation_duration: 1}
$data merge entity $(bone_eye_r) {transformation: [-0.9192f,0.0083f,-0.3939f,0.219f,-0.0534f,0.9879f,0.1454f,1.4338f,0.3904f,0.1547f,-0.9076f,0.4158f,0f,0f,0f,1f],start_interpolation: 0,interpolation_duration: 1}
$data merge entity $(bone_eyes_down) {transformation: [-0.9192f,0.0083f,-0.3939f,0.0122f,-0.0534f,0.9879f,0.1454f,1.4302f,0.3904f,0.1547f,-0.9076f,0.2485f,0f,0f,0f,1f],start_interpolation: 0,interpolation_duration: 1}
$data merge entity $(bone_eyes_up) {transformation: [-0.9192f,0.0083f,-0.3939f,0.0129f,-0.0534f,0.9879f,0.1454f,1.5537f,0.3904f,0.1547f,-0.9076f,0.2673f,0f,0f,0f,1f],start_interpolation: 0,interpolation_duration: 1}
$data merge entity $(bone_bone) {transformation: [-0.9192f,0.0083f,-0.3939f,0.0114f,-0.0534f,0.9879f,0.1454f,1.3375f,0.3904f,0.1547f,-0.9076f,0.234f,0f,0f,0f,1f],start_interpolation: 0,interpolation_duration: 1}
$data merge entity $(bone_l) {transformation: [-0.9164f,-0.0539f,-0.3939f,-0.0008f,-0.1393f,0.7346f,0.1454f,1.502f,0.3754f,0.1411f,-0.9076f,0.548f,0f,0f,0f,1f],start_interpolation: 0,interpolation_duration: 1}
$data merge entity $(bone_r) {transformation: [-0.915f,0.0663f,-0.3939f,0.229f,0.0329f,0.7416f,0.1454f,1.5153f,0.4024f,0.0901f,-0.9076f,0.4504f,0f,0f,0f,1f],start_interpolation: 0,interpolation_duration: 1}
$data merge entity $(bone_sad) {transformation: [0f,0f,0f,-0.0608f,0f,0f,0f,0.8485f,0f,0f,0f,0.4521f,0f,0f,0f,1f],start_interpolation: 0,interpolation_duration: 1}
$data merge entity $(bone_head) {transformation: [-0.9192f,0.0083f,-0.3939f,0.0114f,-0.0534f,0.9879f,0.1454f,1.3375f,0.3904f,0.1547f,-0.9076f,0.234f,0f,0f,0f,1f],start_interpolation: 0,interpolation_duration: 1}
$data merge entity $(bone_6) {transformation: [-0.9001f,-0.1293f,-0.4161f,0.2372f,-0.1862f,0.9775f,0.0992f,0.4044f,0.3939f,0.1667f,-0.9039f,0.2167f,0f,0f,0f,1f],start_interpolation: 0,interpolation_duration: 1}
$data merge entity $(bone_12) {transformation: [-0.9001f,-0.3435f,-0.268f,0.1084f,-0.1862f,0.8594f,-0.4762f,0.7267f,0.3939f,-0.3787f,-0.8375f,0.0747f,0f,0f,0f,1f],start_interpolation: 0,interpolation_duration: 1}
$data merge entity $(bone_10) {transformation: [-0.9191f,-0.0924f,-0.383f,-0.0249f,-0.0534f,0.9923f,-0.1114f,1.0296f,0.3903f,-0.082f,-0.917f,0.1065f,0f,0f,0f,1f],start_interpolation: 0,interpolation_duration: 1}
$data merge entity $(bone_9) {transformation: [-0.9191f,0.1129f,-0.3775f,0.0174f,-0.0534f,0.9136f,0.4031f,1.3722f,0.3903f,0.3907f,-0.8337f,0.253f,0f,0f,0f,1f],start_interpolation: 0,interpolation_duration: 1}
$data merge entity $(item_display_item_display) {transformation: [-0.4714f,0.5023f,-0.2772f,-0.5372f,-0.2929f,0.0977f,0.6752f,1.044f,0.4932f,0.538f,0.1362f,0.7686f,0f,0f,0f,1f],start_interpolation: 0,interpolation_duration: 1}
$data merge entity $(bone_2) {transformation: [0.3696f,0.6552f,0.6436f,-0.5745f,-0.9003f,0.3956f,0.1143f,1.1071f,-0.1815f,-0.628f,0.7435f,0.3792f,0f,0f,0f,1f],start_interpolation: 0,interpolation_duration: 1}
$data merge entity $(bone_1) {transformation: [0.3696f,0.8901f,0.2264f,-0.2671f,-0.9003f,0.3993f,-0.1003f,1.2438f,-0.1815f,-0.1685f,0.9585f,0.3273f,0f,0f,0f,1f],start_interpolation: 0,interpolation_duration: 1}
$data merge entity $(bone_4) {transformation: [-0.7908f,0.3441f,0.5062f,0.5177f,-0.6086f,-0.3536f,-0.7103f,1.0674f,-0.0654f,-0.8698f,0.4891f,0.2381f,0f,0f,0f,1f],start_interpolation: 0,interpolation_duration: 1}
$data merge entity $(bone_3) {transformation: [-0.8112f,-0.5518f,0.1933f,0.3108f,-0.5189f,0.527f,-0.673f,1.265f,0.2695f,-0.6463f,-0.7139f,-0.0042f,0f,0f,0f,1f],start_interpolation: 0,interpolation_duration: 1}
$data merge entity $(bone_8) {transformation: [-0.9471f,0.2852f,-0.1471f,-0.1342f,0.1377f,0.7754f,0.6163f,0.3946f,0.2898f,0.5634f,-0.7737f,0.2631f,0f,0f,0f,1f],start_interpolation: 0,interpolation_duration: 1}
$data merge entity $(bone_7) {transformation: [-0.9471f,0.1228f,-0.2965f,-0.1079f,0.1377f,0.99f,-0.0301f,0.7028f,0.2898f,-0.0694f,-0.9546f,0.2027f,0f,0f,0f,1f],start_interpolation: 0,interpolation_duration: 1}
data modify entity @s data merge value {"cameras":{"camera1":{"px":0.02749999999999974,"py":1.46625,"pz":2.136875,"ry":180.0872606229966,"rx":0}},"locators":{}}