# This file was generated by Animated Java via MC-Build. It is not recommended to edit this file directly.
$data merge entity $(bone_layer) {transformation: [-0.9192f,0.0088f,-0.394f,0.0113f,-0.0534f,0.9878f,0.1465f,1.3375f,0.3905f,0.1557f,-0.9074f,0.2339f,0f,0f,0f,1f],start_interpolation: 0,interpolation_duration: 1}
$data merge entity $(bone_l_1) {transformation: [-0.9192f,0.0088f,-0.394f,0.0063f,-0.0534f,0.9878f,0.1465f,1.4479f,0.3905f,0.1557f,-0.9074f,0.5174f,0f,0f,0f,1f],start_interpolation: 0,interpolation_duration: 1}
$data merge entity $(bone_eye_l) {transformation: [-0.9192f,0.0088f,-0.394f,0.0076f,-0.0534f,0.9878f,0.1465f,1.3389f,0.3905f,0.1557f,-0.9074f,0.2254f,0f,0f,0f,1f],start_interpolation: 0,interpolation_duration: 1}
$data merge entity $(bone_r_1) {transformation: [-0.9192f,0.0088f,-0.394f,0.2074f,-0.0534f,0.9878f,0.1465f,1.4596f,0.3905f,0.1557f,-0.9074f,0.432f,0f,0f,0f,1f],start_interpolation: 0,interpolation_duration: 1}
$data merge entity $(bone_eye_r) {transformation: [-0.9192f,0.0088f,-0.394f,0.2191f,-0.0534f,0.9878f,0.1465f,1.4336f,0.3905f,0.1557f,-0.9074f,0.4158f,0f,0f,0f,1f],start_interpolation: 0,interpolation_duration: 1}
$data merge entity $(bone_eyes_down) {transformation: [-0.9192f,0.0088f,-0.394f,0.0122f,-0.0534f,0.9878f,0.1465f,1.4301f,0.3905f,0.1557f,-0.9074f,0.2485f,0f,0f,0f,1f],start_interpolation: 0,interpolation_duration: 1}
$data merge entity $(bone_eyes_up) {transformation: [-0.9192f,0.0088f,-0.394f,0.013f,-0.0534f,0.9878f,0.1465f,1.5537f,0.3905f,0.1557f,-0.9074f,0.2674f,0f,0f,0f,1f],start_interpolation: 0,interpolation_duration: 1}
$data merge entity $(bone_bone) {transformation: [-0.9192f,0.0088f,-0.394f,0.0113f,-0.0534f,0.9878f,0.1465f,1.3375f,0.3905f,0.1557f,-0.9074f,0.2339f,0f,0f,0f,1f],start_interpolation: 0,interpolation_duration: 1}
$data merge entity $(bone_l) {transformation: [-0.9164f,-0.0535f,-0.394f,-0.0007f,-0.1393f,0.7345f,0.1465f,1.5017f,0.3755f,0.1418f,-0.9074f,0.5481f,0f,0f,0f,1f],start_interpolation: 0,interpolation_duration: 1}
$data merge entity $(bone_r) {transformation: [-0.9149f,0.0666f,-0.394f,0.2291f,0.0329f,0.7415f,0.1465f,1.515f,0.4026f,0.0908f,-0.9074f,0.4505f,0f,0f,0f,1f],start_interpolation: 0,interpolation_duration: 1}
$data merge entity $(bone_sad) {transformation: [0f,0f,0f,-0.061f,0f,0f,0f,0.8483f,0f,0f,0f,0.4515f,0f,0f,0f,1f],start_interpolation: 0,interpolation_duration: 1}
$data merge entity $(bone_head) {transformation: [-0.9192f,0.0088f,-0.394f,0.0113f,-0.0534f,0.9878f,0.1465f,1.3375f,0.3905f,0.1557f,-0.9074f,0.2339f,0f,0f,0f,1f],start_interpolation: 0,interpolation_duration: 1}
$data merge entity $(bone_6) {transformation: [-0.9004f,-0.128f,-0.4158f,0.2368f,-0.1853f,0.9776f,0.1003f,0.4044f,0.3936f,0.1674f,-0.9039f,0.2168f,0f,0f,0f,1f],start_interpolation: 0,interpolation_duration: 1}
$data merge entity $(bone_12) {transformation: [-0.9004f,-0.3426f,-0.2681f,0.1083f,-0.1853f,0.8596f,-0.4762f,0.7267f,0.3936f,-0.3791f,-0.8375f,0.0746f,0f,0f,0f,1f],start_interpolation: 0,interpolation_duration: 1}
$data merge entity $(bone_10) {transformation: [-0.9191f,-0.0925f,-0.3831f,-0.0248f,-0.0534f,0.9923f,-0.1115f,1.0295f,0.3905f,-0.082f,-0.917f,0.1068f,0f,0f,0f,1f],start_interpolation: 0,interpolation_duration: 1}
$data merge entity $(bone_9) {transformation: [-0.9191f,0.1125f,-0.3777f,0.0174f,-0.0534f,0.914f,0.4021f,1.3722f,0.3905f,0.3897f,-0.8341f,0.2529f,0f,0f,0f,1f],start_interpolation: 0,interpolation_duration: 1}
$data merge entity $(item_display_item_display) {transformation: [-0.473f,0.5008f,-0.2771f,-0.538f,-0.2933f,0.0967f,0.6752f,1.0437f,0.4915f,0.5396f,0.1362f,0.7682f,0f,0f,0f,1f],start_interpolation: 0,interpolation_duration: 1}
$data merge entity $(bone_2) {transformation: [0.3695f,0.6565f,0.6423f,-0.5746f,-0.9003f,0.3958f,0.1134f,1.1072f,-0.1816f,-0.6264f,0.7448f,0.3789f,0f,0f,0f,1f],start_interpolation: 0,interpolation_duration: 1}
$data merge entity $(bone_1) {transformation: [0.3695f,0.8903f,0.2256f,-0.2671f,-0.9003f,0.3992f,-0.1008f,1.2438f,-0.1816f,-0.1675f,0.9587f,0.3273f,0f,0f,0f,1f],start_interpolation: 0,interpolation_duration: 1}
$data merge entity $(bone_4) {transformation: [-0.7906f,0.344f,0.5066f,0.5176f,-0.6089f,-0.3536f,-0.7101f,1.0677f,-0.0652f,-0.8698f,0.489f,0.2383f,0f,0f,0f,1f],start_interpolation: 0,interpolation_duration: 1}
$data merge entity $(bone_3) {transformation: [-0.8112f,-0.5517f,0.1939f,0.3107f,-0.5189f,0.5263f,-0.6736f,1.265f,0.2696f,-0.647f,-0.7132f,-0.0043f,0f,0f,0f,1f],start_interpolation: 0,interpolation_duration: 1}
$data merge entity $(bone_8) {transformation: [-0.9472f,0.2843f,-0.1482f,-0.1339f,0.1367f,0.7762f,0.6155f,0.3946f,0.29f,0.5628f,-0.7741f,0.263f,0f,0f,0f,1f],start_interpolation: 0,interpolation_duration: 1}
$data merge entity $(bone_7) {transformation: [-0.9472f,0.1217f,-0.2966f,-0.1079f,0.1367f,0.9902f,-0.0301f,0.7028f,0.29f,-0.0691f,-0.9545f,0.2026f,0f,0f,0f,1f],start_interpolation: 0,interpolation_duration: 1}
data modify entity @s data merge value {"cameras":{"camera1":{"px":0.02749999999999974,"py":1.46625,"pz":2.136875,"ry":180.06986109969588,"rx":0}},"locators":{}}