# This file was generated by Animated Java via MC-Build. It is not recommended to edit this file directly.
$data merge entity $(bone_layer) {transformation: [-0.9191f,0.0092f,-0.3941f,0.0113f,-0.0534f,0.9876f,0.1474f,1.3375f,0.3906f,0.1565f,-0.9072f,0.2339f,0f,0f,0f,1f],start_interpolation: 0,interpolation_duration: 1}
$data merge entity $(bone_l_1) {transformation: [-0.9191f,0.0092f,-0.3941f,0.0064f,-0.0534f,0.9876f,0.1474f,1.4477f,0.3906f,0.1565f,-0.9072f,0.5174f,0f,0f,0f,1f],start_interpolation: 0,interpolation_duration: 1}
$data merge entity $(bone_eye_l) {transformation: [-0.9191f,0.0092f,-0.3941f,0.0076f,-0.0534f,0.9876f,0.1474f,1.3389f,0.3906f,0.1565f,-0.9072f,0.2254f,0f,0f,0f,1f],start_interpolation: 0,interpolation_duration: 1}
$data merge entity $(bone_r_1) {transformation: [-0.9191f,0.0092f,-0.3941f,0.2075f,-0.0534f,0.9876f,0.1474f,1.4594f,0.3906f,0.1565f,-0.9072f,0.432f,0f,0f,0f,1f],start_interpolation: 0,interpolation_duration: 1}
$data merge entity $(bone_eye_r) {transformation: [-0.9191f,0.0092f,-0.3941f,0.2191f,-0.0534f,0.9876f,0.1474f,1.4333f,0.3906f,0.1565f,-0.9072f,0.4158f,0f,0f,0f,1f],start_interpolation: 0,interpolation_duration: 1}
$data merge entity $(bone_eyes_down) {transformation: [-0.9191f,0.0092f,-0.3941f,0.0122f,-0.0534f,0.9876f,0.1474f,1.4301f,0.3906f,0.1565f,-0.9072f,0.2486f,0f,0f,0f,1f],start_interpolation: 0,interpolation_duration: 1}
$data merge entity $(bone_eyes_up) {transformation: [-0.9191f,0.0092f,-0.3941f,0.0131f,-0.0534f,0.9876f,0.1474f,1.5537f,0.3906f,0.1565f,-0.9072f,0.2675f,0f,0f,0f,1f],start_interpolation: 0,interpolation_duration: 1}
$data merge entity $(bone_bone) {transformation: [-0.9191f,0.0092f,-0.3941f,0.0113f,-0.0534f,0.9876f,0.1474f,1.3375f,0.3906f,0.1565f,-0.9072f,0.2339f,0f,0f,0f,1f],start_interpolation: 0,interpolation_duration: 1}
$data merge entity $(bone_l) {transformation: [-0.9164f,-0.0532f,-0.3941f,-0.0007f,-0.1392f,0.7344f,0.1474f,1.5014f,0.3755f,0.1425f,-0.9072f,0.5482f,0f,0f,0f,1f],start_interpolation: 0,interpolation_duration: 1}
$data merge entity $(bone_r) {transformation: [-0.9148f,0.0669f,-0.3941f,0.2291f,0.0329f,0.7414f,0.1474f,1.5148f,0.4028f,0.0914f,-0.9072f,0.4505f,0f,0f,0f,1f],start_interpolation: 0,interpolation_duration: 1}
$data merge entity $(bone_sad) {transformation: [0f,0f,0f,-0.0611f,0f,0f,0f,0.8482f,0f,0f,0f,0.4511f,0f,0f,0f,1f],start_interpolation: 0,interpolation_duration: 1}
$data merge entity $(bone_head) {transformation: [-0.9191f,0.0092f,-0.3941f,0.0113f,-0.0534f,0.9876f,0.1474f,1.3375f,0.3906f,0.1565f,-0.9072f,0.2339f,0f,0f,0f,1f],start_interpolation: 0,interpolation_duration: 1}
$data merge entity $(bone_6) {transformation: [-0.9007f,-0.1269f,-0.4155f,0.2364f,-0.1845f,0.9776f,0.1013f,0.4043f,0.3934f,0.1679f,-0.9039f,0.2168f,0f,0f,0f,1f],start_interpolation: 0,interpolation_duration: 1}
$data merge entity $(bone_12) {transformation: [-0.9007f,-0.3418f,-0.2682f,0.1083f,-0.1845f,0.8598f,-0.4762f,0.7267f,0.3934f,-0.3794f,-0.8374f,0.0745f,0f,0f,0f,1f],start_interpolation: 0,interpolation_duration: 1}
$data merge entity $(bone_10) {transformation: [-0.919f,-0.0925f,-0.3832f,-0.0247f,-0.0533f,0.9923f,-0.1115f,1.0293f,0.3906f,-0.082f,-0.9169f,0.107f,0f,0f,0f,1f],start_interpolation: 0,interpolation_duration: 1}
$data merge entity $(bone_9) {transformation: [-0.919f,0.1122f,-0.3779f,0.0174f,-0.0533f,0.9144f,0.4012f,1.3722f,0.3906f,0.3889f,-0.8344f,0.2529f,0f,0f,0f,1f],start_interpolation: 0,interpolation_duration: 1}
$data merge entity $(item_display_item_display) {transformation: [-0.4743f,0.4995f,-0.2771f,-0.5387f,-0.2935f,0.0959f,0.6752f,1.0434f,0.4901f,0.5409f,0.1362f,0.768f,0f,0f,0f,1f],start_interpolation: 0,interpolation_duration: 1}
$data merge entity $(bone_2) {transformation: [0.3695f,0.6577f,0.6411f,-0.5747f,-0.9003f,0.396f,0.1127f,1.1072f,-0.1816f,-0.6251f,0.7459f,0.3786f,0f,0f,0f,1f],start_interpolation: 0,interpolation_duration: 1}
$data merge entity $(bone_1) {transformation: [0.3695f,0.8905f,0.2248f,-0.2672f,-0.9003f,0.3991f,-0.1011f,1.2438f,-0.1816f,-0.1667f,0.9588f,0.3273f,0f,0f,0f,1f],start_interpolation: 0,interpolation_duration: 1}
$data merge entity $(bone_4) {transformation: [-0.7904f,0.344f,0.5069f,0.5175f,-0.6091f,-0.3535f,-0.71f,1.0679f,-0.065f,-0.8699f,0.4889f,0.2385f,0f,0f,0f,1f],start_interpolation: 0,interpolation_duration: 1}
$data merge entity $(bone_3) {transformation: [-0.8112f,-0.5516f,0.1943f,0.3107f,-0.5189f,0.5257f,-0.6741f,1.265f,0.2697f,-0.6476f,-0.7126f,-0.0044f,0f,0f,0f,1f],start_interpolation: 0,interpolation_duration: 1}
$data merge entity $(bone_8) {transformation: [-0.9473f,0.2835f,-0.1491f,-0.1337f,0.1358f,0.7769f,0.6148f,0.3946f,0.2902f,0.5622f,-0.7744f,0.2629f,0f,0f,0f,1f],start_interpolation: 0,interpolation_duration: 1}
$data merge entity $(bone_7) {transformation: [-0.9473f,0.1208f,-0.2967f,-0.1079f,0.1358f,0.9903f,-0.0301f,0.7028f,0.2902f,-0.0688f,-0.9545f,0.2026f,0f,0f,0f,1f],start_interpolation: 0,interpolation_duration: 1}
data modify entity @s data merge value {"cameras":{"camera1":{"px":0.02749999999999974,"py":1.46625,"pz":2.136875,"ry":180.05353825922577,"rx":0}},"locators":{}}