# This file was generated by Animated Java via MC-Build. It is not recommended to edit this file directly.
$data merge entity $(bone_layer) {transformation: [-0.5643f,-0.1111f,-0.8181f,-0.1008f,-0.0036f,0.9912f,-0.1322f,1.3257f,0.8257f,-0.0717f,-0.5597f,0.0047f,0f,0f,0f,1f],start_interpolation: 0,interpolation_duration: 1}
$data merge entity $(bone_l_1) {transformation: [-0.5643f,-0.1111f,-0.8181f,0.016f,-0.0036f,0.9912f,-0.1322f,1.5087f,0.8257f,-0.0717f,-0.5597f,0.2178f,0f,0f,0f,1f],start_interpolation: 0,interpolation_duration: 1}
$data merge entity $(bone_eye_l) {transformation: [-0.5643f,-0.1111f,-0.8181f,-0.1085f,-0.0036f,0.9912f,-0.1322f,1.3244f,0.8257f,-0.0717f,-0.5597f,-0.0006f,0f,0f,0f,1f],start_interpolation: 0,interpolation_duration: 1}
$data merge entity $(bone_r_1) {transformation: [-0.5643f,-0.1111f,-0.8181f,0.1395f,-0.0036f,0.9912f,-0.1322f,1.5095f,0.8257f,-0.0717f,-0.5597f,0.0372f,0f,0f,0f,1f],start_interpolation: 0,interpolation_duration: 1}
$data merge entity $(bone_eye_r) {transformation: [-0.5643f,-0.1111f,-0.8181f,0.1463f,-0.0036f,0.9912f,-0.1322f,1.4808f,0.8257f,-0.0717f,-0.5597f,0.0228f,0f,0f,0f,1f],start_interpolation: 0,interpolation_duration: 1}
$data merge entity $(bone_eyes_down) {transformation: [-0.5643f,-0.1111f,-0.8181f,-0.1112f,-0.0036f,0.9912f,-0.1322f,1.4186f,0.8257f,-0.0717f,-0.5597f,-0.002f,0f,0f,0f,1f],start_interpolation: 0,interpolation_duration: 1}
$data merge entity $(bone_eyes_up) {transformation: [-0.5643f,-0.1111f,-0.8181f,-0.1252f,-0.0036f,0.9912f,-0.1322f,1.5385f,0.8257f,-0.0717f,-0.5597f,-0.0111f,0f,0f,0f,1f],start_interpolation: 0,interpolation_duration: 1}
$data merge entity $(bone_bone) {transformation: [-0.5643f,-0.1111f,-0.8181f,-0.1008f,-0.0036f,0.9912f,-0.1322f,1.3257f,0.8257f,-0.0717f,-0.5597f,0.0047f,0f,0f,0f,1f],start_interpolation: 0,interpolation_duration: 1}
$data merge entity $(bone_l) {transformation: [-0.564f,-0.0848f,-0.8181f,0.0152f,-0.007f,0.7434f,-0.1322f,1.5652f,0.8259f,-0.0516f,-0.5597f,0.2364f,0f,0f,0f,1f],start_interpolation: 0,interpolation_duration: 1}
$data merge entity $(bone_r) {transformation: [-0.5647f,-0.0819f,-0.8181f,0.1563f,-0.0001f,0.7434f,-0.1322f,1.5661f,0.8254f,-0.0559f,-0.5597f,0.03f,0f,0f,0f,1f],start_interpolation: 0,interpolation_duration: 1}
$data merge entity $(bone_sad) {transformation: [-0.9063f,-0.0481f,-0.877f,-0.0099f,-0.0057f,0.4292f,-0.1417f,1.4812f,1.3259f,-0.031f,-0.6f,0.265f,0f,0f,0f,1f],start_interpolation: 0,interpolation_duration: 1}
$data merge entity $(bone_head) {transformation: [-0.5643f,-0.1111f,-0.8181f,-0.1008f,-0.0036f,0.9912f,-0.1322f,1.3257f,0.8257f,-0.0717f,-0.5597f,0.0047f,0f,0f,0f,1f],start_interpolation: 0,interpolation_duration: 1}
$data merge entity $(bone_6) {transformation: [-0.5563f,0.0472f,-0.8297f,0.0209f,-0.134f,0.9802f,0.1457f,0.3807f,0.8201f,0.1922f,-0.5389f,-0.1138f,0f,0f,0f,1f],start_interpolation: 0,interpolation_duration: 1}
$data merge entity $(bone_12) {transformation: [-0.5563f,-0.4375f,-0.7065f,-0.1432f,-0.134f,0.8863f,-0.4433f,0.713f,0.8201f,-0.1519f,-0.5517f,-0.1708f,0f,0f,0f,1f],start_interpolation: 0,interpolation_duration: 1}
$data merge entity $(bone_10) {transformation: [-0.5643f,-0.0604f,-0.8234f,-0.218f,-0.0036f,0.9975f,-0.0707f,1.0223f,0.8256f,-0.037f,-0.5631f,-0.0767f,0f,0f,0f,1f],start_interpolation: 0,interpolation_duration: 1}
$data merge entity $(bone_9) {transformation: [-0.5643f,0.3591f,-0.7434f,-0.0833f,-0.0036f,0.8994f,0.4371f,1.3596f,0.8256f,0.2493f,-0.5062f,0.0168f,0f,0f,0f,1f],start_interpolation: 0,interpolation_duration: 1}
$data merge entity $(item_display_item_display) {transformation: [0.3071f,0.6514f,-0.1806f,0.051f,-0.4923f,0.3515f,0.4307f,0.9539f,0.4633f,-0.0584f,0.5773f,0.561f,0f,0f,0f,1f],start_interpolation: 0,interpolation_duration: 1}
$data merge entity $(bone_2) {transformation: [0.2407f,-0.4104f,0.8681f,-0.3229f,-0.5742f,0.6559f,0.4693f,0.9712f,-0.7697f,-0.6176f,-0.0786f,0.4311f,0f,0f,0f,1f],start_interpolation: 0,interpolation_duration: 1}
$data merge entity $(bone_1) {transformation: [0.2407f,0.0782f,0.9571f,-0.29f,-0.5742f,0.8026f,0.0788f,1.2476f,-0.7697f,-0.5743f,0.2405f,0.2352f,0f,0f,0f,1f],start_interpolation: 0,interpolation_duration: 1}
$data merge entity $(bone_4) {transformation: [-0.4468f,-0.8088f,0.3824f,0.34f,-0.4765f,-0.1467f,-0.8669f,1.071f,0.7572f,-0.5696f,-0.3198f,-0.268f,0f,0f,0f,1f],start_interpolation: 0,interpolation_duration: 1}
$data merge entity $(bone_3) {transformation: [-0.4468f,-0.8633f,-0.2346f,0.0163f,-0.4765f,0.4516f,-0.7543f,1.2403f,0.7572f,-0.2253f,-0.6131f,-0.3525f,0f,0f,0f,1f],start_interpolation: 0,interpolation_duration: 1}
$data merge entity $(bone_8) {transformation: [-0.6308f,0.5873f,-0.5071f,-0.2649f,0.1866f,0.7492f,0.6355f,0.393f,0.7532f,0.3063f,-0.5822f,0.1238f,0f,0f,0f,1f],start_interpolation: 0,interpolation_duration: 1}
$data merge entity $(bone_7) {transformation: [-0.6308f,0.1243f,-0.7659f,-0.2571f,0.1866f,0.9824f,0.0057f,0.7002f,0.7532f,-0.1393f,-0.6429f,0.0541f,0f,0f,0f,1f],start_interpolation: 0,interpolation_duration: 1}
data modify entity @s data merge value {"cameras":{"camera":{"posx":0.21139462809917337,"posy":1.4941543012772351,"posz":1.4876145755071375,"roty":163.982819375,"rotx":0}},"locators":{}}