# This file was generated by Animated Java via MC-Build. It is not recommended to edit this file directly.
$data merge entity $(bone_layer) {transformation: [-0.9191f,0.0095f,-0.3942f,0.0113f,-0.0533f,0.9875f,0.1481f,1.3375f,0.3907f,0.1572f,-0.907f,0.2338f,0f,0f,0f,1f],start_interpolation: 0,interpolation_duration: 1}
$data merge entity $(bone_l_1) {transformation: [-0.9191f,0.0095f,-0.3942f,0.0064f,-0.0533f,0.9875f,0.1481f,1.4475f,0.3907f,0.1572f,-0.907f,0.5175f,0f,0f,0f,1f],start_interpolation: 0,interpolation_duration: 1}
$data merge entity $(bone_eye_l) {transformation: [-0.9191f,0.0095f,-0.3942f,0.0076f,-0.0533f,0.9875f,0.1481f,1.3389f,0.3907f,0.1572f,-0.907f,0.2253f,0f,0f,0f,1f],start_interpolation: 0,interpolation_duration: 1}
$data merge entity $(bone_r_1) {transformation: [-0.9191f,0.0095f,-0.3942f,0.2075f,-0.0533f,0.9875f,0.1481f,1.4592f,0.3907f,0.1572f,-0.907f,0.432f,0f,0f,0f,1f],start_interpolation: 0,interpolation_duration: 1}
$data merge entity $(bone_eye_r) {transformation: [-0.9191f,0.0095f,-0.3942f,0.2191f,-0.0533f,0.9875f,0.1481f,1.4332f,0.3907f,0.1572f,-0.907f,0.4158f,0f,0f,0f,1f],start_interpolation: 0,interpolation_duration: 1}
$data merge entity $(bone_eyes_down) {transformation: [-0.9191f,0.0095f,-0.3942f,0.0122f,-0.0533f,0.9875f,0.1481f,1.4301f,0.3907f,0.1572f,-0.907f,0.2486f,0f,0f,0f,1f],start_interpolation: 0,interpolation_duration: 1}
$data merge entity $(bone_eyes_up) {transformation: [-0.9191f,0.0095f,-0.3942f,0.0131f,-0.0533f,0.9875f,0.1481f,1.5537f,0.3907f,0.1572f,-0.907f,0.2677f,0f,0f,0f,1f],start_interpolation: 0,interpolation_duration: 1}
$data merge entity $(bone_bone) {transformation: [-0.9191f,0.0095f,-0.3942f,0.0113f,-0.0533f,0.9875f,0.1481f,1.3375f,0.3907f,0.1572f,-0.907f,0.2338f,0f,0f,0f,1f],start_interpolation: 0,interpolation_duration: 1}
$data merge entity $(bone_l) {transformation: [-0.9164f,-0.053f,-0.3942f,-0.0006f,-0.1392f,0.7343f,0.1481f,1.5012f,0.3755f,0.143f,-0.907f,0.5483f,0f,0f,0f,1f],start_interpolation: 0,interpolation_duration: 1}
$data merge entity $(bone_r) {transformation: [-0.9148f,0.0672f,-0.3942f,0.2292f,0.0329f,0.7413f,0.1481f,1.5146f,0.4029f,0.0919f,-0.907f,0.4506f,0f,0f,0f,1f],start_interpolation: 0,interpolation_duration: 1}
$data merge entity $(bone_sad) {transformation: [0f,0f,0f,-0.0613f,0f,0f,0f,0.848f,0f,0f,0f,0.4507f,0f,0f,0f,1f],start_interpolation: 0,interpolation_duration: 1}
$data merge entity $(bone_head) {transformation: [-0.9191f,0.0095f,-0.3942f,0.0113f,-0.0533f,0.9875f,0.1481f,1.3375f,0.3907f,0.1572f,-0.907f,0.2338f,0f,0f,0f,1f],start_interpolation: 0,interpolation_duration: 1}
$data merge entity $(bone_6) {transformation: [-0.9009f,-0.126f,-0.4153f,0.2362f,-0.1838f,0.9776f,0.1022f,0.4042f,0.3932f,0.1684f,-0.9039f,0.2169f,0f,0f,0f,1f],start_interpolation: 0,interpolation_duration: 1}
$data merge entity $(bone_12) {transformation: [-0.9009f,-0.3411f,-0.2683f,0.1082f,-0.1838f,0.8599f,-0.4762f,0.7267f,0.3932f,-0.3797f,-0.8374f,0.0745f,0f,0f,0f,1f],start_interpolation: 0,interpolation_duration: 1}
$data merge entity $(bone_10) {transformation: [-0.919f,-0.0925f,-0.3833f,-0.0246f,-0.0533f,0.9923f,-0.1115f,1.0292f,0.3906f,-0.082f,-0.9169f,0.1072f,0f,0f,0f,1f],start_interpolation: 0,interpolation_duration: 1}
$data merge entity $(bone_9) {transformation: [-0.919f,0.112f,-0.378f,0.0173f,-0.0533f,0.9147f,0.4006f,1.3722f,0.3906f,0.3883f,-0.8347f,0.2528f,0f,0f,0f,1f],start_interpolation: 0,interpolation_duration: 1}
$data merge entity $(item_display_item_display) {transformation: [-0.4754f,0.4985f,-0.2771f,-0.5393f,-0.2937f,0.0952f,0.6752f,1.0433f,0.4889f,0.542f,0.1362f,0.7677f,0f,0f,0f,1f],start_interpolation: 0,interpolation_duration: 1}
$data merge entity $(bone_2) {transformation: [0.3695f,0.6586f,0.6402f,-0.5747f,-0.9003f,0.3962f,0.1121f,1.1073f,-0.1816f,-0.6241f,0.7468f,0.3784f,0f,0f,0f,1f],start_interpolation: 0,interpolation_duration: 1}
$data merge entity $(bone_1) {transformation: [0.3695f,0.8907f,0.2242f,-0.2672f,-0.9003f,0.399f,-0.1014f,1.2438f,-0.1816f,-0.1661f,0.9589f,0.3273f,0f,0f,0f,1f],start_interpolation: 0,interpolation_duration: 1}
$data merge entity $(bone_4) {transformation: [-0.7903f,0.3439f,0.5071f,0.5174f,-0.6093f,-0.3534f,-0.7098f,1.0681f,-0.0649f,-0.8699f,0.4889f,0.2386f,0f,0f,0f,1f],start_interpolation: 0,interpolation_duration: 1}
$data merge entity $(bone_3) {transformation: [-0.8112f,-0.5515f,0.1946f,0.3106f,-0.5189f,0.5252f,-0.6745f,1.265f,0.2698f,-0.6481f,-0.7121f,-0.0045f,0f,0f,0f,1f],start_interpolation: 0,interpolation_duration: 1}
$data merge entity $(bone_8) {transformation: [-0.9474f,0.2829f,-0.1498f,-0.1335f,0.135f,0.7774f,0.6143f,0.3945f,0.2903f,0.5618f,-0.7747f,0.2628f,0f,0f,0f,1f],start_interpolation: 0,interpolation_duration: 1}
$data merge entity $(bone_7) {transformation: [-0.9474f,0.1201f,-0.2968f,-0.108f,0.135f,0.9904f,-0.0301f,0.7028f,0.2903f,-0.0686f,-0.9545f,0.2026f,0f,0f,0f,1f],start_interpolation: 0,interpolation_duration: 1}
data modify entity @s data merge value {"cameras":{"camera":{"posx":0.02749999999999974,"posy":1.46625,"posz":2.136875,"roty":180.03834141530368,"rotx":0}},"locators":{}}