# This file was generated by Animated Java via MC-Build. It is not recommended to edit this file directly.
$data merge entity $(bone_layer) {transformation: [-0.9191f,0.0097f,-0.3942f,0.0113f,-0.0533f,0.9874f,0.1487f,1.3375f,0.3907f,0.1577f,-0.9069f,0.2338f,0f,0f,0f,1f],start_interpolation: 0,interpolation_duration: 1}
$data merge entity $(bone_l_1) {transformation: [-0.9191f,0.0097f,-0.3942f,0.0065f,-0.0533f,0.9874f,0.1487f,1.4474f,0.3907f,0.1577f,-0.9069f,0.5175f,0f,0f,0f,1f],start_interpolation: 0,interpolation_duration: 1}
$data merge entity $(bone_eye_l) {transformation: [-0.9191f,0.0097f,-0.3942f,0.0076f,-0.0533f,0.9874f,0.1487f,1.3389f,0.3907f,0.1577f,-0.9069f,0.2253f,0f,0f,0f,1f],start_interpolation: 0,interpolation_duration: 1}
$data merge entity $(bone_r_1) {transformation: [-0.9191f,0.0097f,-0.3942f,0.2075f,-0.0533f,0.9874f,0.1487f,1.459f,0.3907f,0.1577f,-0.9069f,0.432f,0f,0f,0f,1f],start_interpolation: 0,interpolation_duration: 1}
$data merge entity $(bone_eye_r) {transformation: [-0.9191f,0.0097f,-0.3942f,0.2192f,-0.0533f,0.9874f,0.1487f,1.433f,0.3907f,0.1577f,-0.9069f,0.4158f,0f,0f,0f,1f],start_interpolation: 0,interpolation_duration: 1}
$data merge entity $(bone_eyes_down) {transformation: [-0.9191f,0.0097f,-0.3942f,0.0122f,-0.0533f,0.9874f,0.1487f,1.4301f,0.3907f,0.1577f,-0.9069f,0.2486f,0f,0f,0f,1f],start_interpolation: 0,interpolation_duration: 1}
$data merge entity $(bone_eyes_up) {transformation: [-0.9191f,0.0097f,-0.3942f,0.0132f,-0.0533f,0.9874f,0.1487f,1.5536f,0.3907f,0.1577f,-0.9069f,0.2677f,0f,0f,0f,1f],start_interpolation: 0,interpolation_duration: 1}
$data merge entity $(bone_bone) {transformation: [-0.9191f,0.0097f,-0.3942f,0.0113f,-0.0533f,0.9874f,0.1487f,1.3375f,0.3907f,0.1577f,-0.9069f,0.2338f,0f,0f,0f,1f],start_interpolation: 0,interpolation_duration: 1}
$data merge entity $(bone_l) {transformation: [-0.9164f,-0.0528f,-0.3942f,-0.0005f,-0.1392f,0.7343f,0.1487f,1.5011f,0.3755f,0.1433f,-0.9069f,0.5483f,0f,0f,0f,1f],start_interpolation: 0,interpolation_duration: 1}
$data merge entity $(bone_r) {transformation: [-0.9147f,0.0673f,-0.3942f,0.2292f,0.0329f,0.7413f,0.1487f,1.5144f,0.403f,0.0923f,-0.9069f,0.4506f,0f,0f,0f,1f],start_interpolation: 0,interpolation_duration: 1}
$data merge entity $(bone_sad) {transformation: [0f,0f,0f,-0.0614f,0f,0f,0f,0.848f,0f,0f,0f,0.4504f,0f,0f,0f,1f],start_interpolation: 0,interpolation_duration: 1}
$data merge entity $(bone_head) {transformation: [-0.9191f,0.0097f,-0.3942f,0.0113f,-0.0533f,0.9874f,0.1487f,1.3375f,0.3907f,0.1577f,-0.9069f,0.2338f,0f,0f,0f,1f],start_interpolation: 0,interpolation_duration: 1}
$data merge entity $(bone_6) {transformation: [-0.9011f,-0.1253f,-0.4152f,0.2359f,-0.1833f,0.9777f,0.1027f,0.4042f,0.393f,0.1687f,-0.9039f,0.2169f,0f,0f,0f,1f],start_interpolation: 0,interpolation_duration: 1}
$data merge entity $(bone_12) {transformation: [-0.9011f,-0.3407f,-0.2684f,0.1082f,-0.1833f,0.86f,-0.4762f,0.7267f,0.393f,-0.3799f,-0.8374f,0.0745f,0f,0f,0f,1f],start_interpolation: 0,interpolation_duration: 1}
$data merge entity $(bone_10) {transformation: [-0.919f,-0.0925f,-0.3833f,-0.0246f,-0.0533f,0.9923f,-0.1115f,1.0291f,0.3907f,-0.082f,-0.9169f,0.1074f,0f,0f,0f,1f],start_interpolation: 0,interpolation_duration: 1}
$data merge entity $(bone_9) {transformation: [-0.919f,0.1118f,-0.3782f,0.0173f,-0.0533f,0.9149f,0.4f,1.3722f,0.3907f,0.3878f,-0.8348f,0.2528f,0f,0f,0f,1f],start_interpolation: 0,interpolation_duration: 1}
$data merge entity $(item_display_item_display) {transformation: [-0.4762f,0.4977f,-0.2771f,-0.5397f,-0.2939f,0.0948f,0.6753f,1.0431f,0.488f,0.5428f,0.1362f,0.7676f,0f,0f,0f,1f],start_interpolation: 0,interpolation_duration: 1}
$data merge entity $(bone_2) {transformation: [0.3695f,0.6592f,0.6395f,-0.5748f,-0.9003f,0.3963f,0.1117f,1.1073f,-0.1816f,-0.6233f,0.7474f,0.3782f,0f,0f,0f,1f],start_interpolation: 0,interpolation_duration: 1}
$data merge entity $(bone_1) {transformation: [0.3695f,0.8908f,0.2238f,-0.2672f,-0.9003f,0.399f,-0.1016f,1.2438f,-0.1816f,-0.1656f,0.959f,0.3273f,0f,0f,0f,1f],start_interpolation: 0,interpolation_duration: 1}
$data merge entity $(bone_4) {transformation: [-0.7902f,0.3439f,0.5073f,0.5174f,-0.6094f,-0.3534f,-0.7097f,1.0682f,-0.0648f,-0.87f,0.4888f,0.2387f,0f,0f,0f,1f],start_interpolation: 0,interpolation_duration: 1}
$data merge entity $(bone_3) {transformation: [-0.8111f,-0.5514f,0.1949f,0.3106f,-0.5189f,0.5248f,-0.6748f,1.265f,0.2698f,-0.6485f,-0.7118f,-0.0045f,0f,0f,0f,1f],start_interpolation: 0,interpolation_duration: 1}
$data merge entity $(bone_8) {transformation: [-0.9474f,0.2825f,-0.1504f,-0.1333f,0.1345f,0.7778f,0.6139f,0.3945f,0.2904f,0.5614f,-0.7749f,0.2627f,0f,0f,0f,1f],start_interpolation: 0,interpolation_duration: 1}
$data merge entity $(bone_7) {transformation: [-0.9474f,0.1196f,-0.2968f,-0.108f,0.1345f,0.9905f,-0.0301f,0.7028f,0.2904f,-0.0685f,-0.9545f,0.2026f,0f,0f,0f,1f],start_interpolation: 0,interpolation_duration: 1}
data modify entity @s data merge value {"cameras":{"camera":{"posx":0.02749999999999974,"posy":1.46625,"posz":2.136875,"roty":180.0243198816471,"rotx":0}},"locators":{}}