# This file was generated by Animated Java via MC-Build. It is not recommended to edit this file directly.
$data merge entity $(bone_layer) {transformation: [-0.919f,0.0099f,-0.3942f,0.0113f,-0.0533f,0.9874f,0.149f,1.3375f,0.3908f,0.158f,-0.9068f,0.2338f,0f,0f,0f,1f],start_interpolation: 0,interpolation_duration: 1}
$data merge entity $(bone_l_1) {transformation: [-0.919f,0.0099f,-0.3942f,0.0065f,-0.0533f,0.9874f,0.149f,1.4473f,0.3908f,0.158f,-0.9068f,0.5175f,0f,0f,0f,1f],start_interpolation: 0,interpolation_duration: 1}
$data merge entity $(bone_eye_l) {transformation: [-0.919f,0.0099f,-0.3942f,0.0076f,-0.0533f,0.9874f,0.149f,1.3389f,0.3908f,0.158f,-0.9068f,0.2253f,0f,0f,0f,1f],start_interpolation: 0,interpolation_duration: 1}
$data merge entity $(bone_r_1) {transformation: [-0.919f,0.0099f,-0.3942f,0.2075f,-0.0533f,0.9874f,0.149f,1.459f,0.3908f,0.158f,-0.9068f,0.432f,0f,0f,0f,1f],start_interpolation: 0,interpolation_duration: 1}
$data merge entity $(bone_eye_r) {transformation: [-0.919f,0.0099f,-0.3942f,0.2192f,-0.0533f,0.9874f,0.149f,1.4329f,0.3908f,0.158f,-0.9068f,0.4158f,0f,0f,0f,1f],start_interpolation: 0,interpolation_duration: 1}
$data merge entity $(bone_eyes_down) {transformation: [-0.919f,0.0099f,-0.3942f,0.0122f,-0.0533f,0.9874f,0.149f,1.4301f,0.3908f,0.158f,-0.9068f,0.2486f,0f,0f,0f,1f],start_interpolation: 0,interpolation_duration: 1}
$data merge entity $(bone_eyes_up) {transformation: [-0.919f,0.0099f,-0.3942f,0.0132f,-0.0533f,0.9874f,0.149f,1.5536f,0.3908f,0.158f,-0.9068f,0.2678f,0f,0f,0f,1f],start_interpolation: 0,interpolation_duration: 1}
$data merge entity $(bone_bone) {transformation: [-0.919f,0.0099f,-0.3942f,0.0113f,-0.0533f,0.9874f,0.149f,1.3375f,0.3908f,0.158f,-0.9068f,0.2338f,0f,0f,0f,1f],start_interpolation: 0,interpolation_duration: 1}
$data merge entity $(bone_l) {transformation: [-0.9164f,-0.0527f,-0.3942f,-0.0005f,-0.1392f,0.7342f,0.149f,1.501f,0.3755f,0.1436f,-0.9068f,0.5483f,0f,0f,0f,1f],start_interpolation: 0,interpolation_duration: 1}
$data merge entity $(bone_r) {transformation: [-0.9147f,0.0674f,-0.3942f,0.2293f,0.0329f,0.7412f,0.149f,1.5143f,0.4031f,0.0925f,-0.9068f,0.4507f,0f,0f,0f,1f],start_interpolation: 0,interpolation_duration: 1}
$data merge entity $(bone_sad) {transformation: [0f,0f,0f,-0.0614f,0f,0f,0f,0.8479f,0f,0f,0f,0.4503f,0f,0f,0f,1f],start_interpolation: 0,interpolation_duration: 1}
$data merge entity $(bone_head) {transformation: [-0.919f,0.0099f,-0.3942f,0.0113f,-0.0533f,0.9874f,0.149f,1.3375f,0.3908f,0.158f,-0.9068f,0.2338f,0f,0f,0f,1f],start_interpolation: 0,interpolation_duration: 1}
$data merge entity $(bone_6) {transformation: [-0.9012f,-0.1249f,-0.4151f,0.2358f,-0.183f,0.9777f,0.1031f,0.4042f,0.3929f,0.1689f,-0.9039f,0.217f,0f,0f,0f,1f],start_interpolation: 0,interpolation_duration: 1}
$data merge entity $(bone_12) {transformation: [-0.9012f,-0.3404f,-0.2684f,0.1082f,-0.183f,0.8601f,-0.4762f,0.7267f,0.3929f,-0.38f,-0.8374f,0.0745f,0f,0f,0f,1f],start_interpolation: 0,interpolation_duration: 1}
$data merge entity $(bone_10) {transformation: [-0.919f,-0.0925f,-0.3834f,-0.0245f,-0.0533f,0.9923f,-0.1115f,1.0291f,0.3907f,-0.082f,-0.9168f,0.1075f,0f,0f,0f,1f],start_interpolation: 0,interpolation_duration: 1}
$data merge entity $(bone_9) {transformation: [-0.919f,0.1117f,-0.3782f,0.0173f,-0.0533f,0.9151f,0.3997f,1.3722f,0.3907f,0.3875f,-0.835f,0.2528f,0f,0f,0f,1f],start_interpolation: 0,interpolation_duration: 1}
$data merge entity $(item_display_item_display) {transformation: [-0.4767f,0.4973f,-0.2771f,-0.54f,-0.294f,0.0945f,0.6753f,1.043f,0.4875f,0.5432f,0.1362f,0.7675f,0f,0f,0f,1f],start_interpolation: 0,interpolation_duration: 1}
$data merge entity $(bone_2) {transformation: [0.3695f,0.6597f,0.6391f,-0.5748f,-0.9003f,0.3963f,0.1114f,1.1073f,-0.1816f,-0.6228f,0.7478f,0.3781f,0f,0f,0f,1f],start_interpolation: 0,interpolation_duration: 1}
$data merge entity $(bone_1) {transformation: [0.3695f,0.8909f,0.2235f,-0.2672f,-0.9003f,0.3989f,-0.1018f,1.2438f,-0.1816f,-0.1653f,0.959f,0.3272f,0f,0f,0f,1f],start_interpolation: 0,interpolation_duration: 1}
$data merge entity $(bone_4) {transformation: [-0.7901f,0.3439f,0.5074f,0.5173f,-0.6095f,-0.3533f,-0.7097f,1.0683f,-0.0647f,-0.87f,0.4888f,0.2387f,0f,0f,0f,1f],start_interpolation: 0,interpolation_duration: 1}
$data merge entity $(bone_3) {transformation: [-0.8111f,-0.5514f,0.1951f,0.3106f,-0.5189f,0.5245f,-0.675f,1.265f,0.2699f,-0.6487f,-0.7116f,-0.0045f,0f,0f,0f,1f],start_interpolation: 0,interpolation_duration: 1}
$data merge entity $(bone_8) {transformation: [-0.9474f,0.2822f,-0.1507f,-0.1332f,0.1341f,0.7781f,0.6137f,0.3945f,0.2904f,0.5612f,-0.775f,0.2627f,0f,0f,0f,1f],start_interpolation: 0,interpolation_duration: 1}
$data merge entity $(bone_7) {transformation: [-0.9474f,0.1193f,-0.2969f,-0.108f,0.1341f,0.9905f,-0.0301f,0.7028f,0.2904f,-0.0684f,-0.9544f,0.2026f,0f,0f,0f,1f],start_interpolation: 0,interpolation_duration: 1}
data modify entity @s data merge value {"cameras":{"camera1":{"px":0.02749999999999974,"py":1.46625,"pz":2.136875,"ry":180.01152297197336,"rx":0}},"locators":{}}