# This file was generated by Animated Java via MC-Build. It is not recommended to edit this file directly.
$data merge entity $(bone_layer) {transformation: [-0.919f,0.0096f,-0.3943f,0.0113f,-0.0533f,0.9875f,0.1485f,1.3375f,0.3908f,0.1575f,-0.9069f,0.2338f,0f,0f,0f,1f],start_interpolation: 0,interpolation_duration: 1}
$data merge entity $(bone_l_1) {transformation: [-0.919f,0.0096f,-0.3943f,0.0065f,-0.0533f,0.9875f,0.1485f,1.4474f,0.3908f,0.1575f,-0.9069f,0.5175f,0f,0f,0f,1f],start_interpolation: 0,interpolation_duration: 1}
$data merge entity $(bone_eye_l) {transformation: [-0.919f,0.0096f,-0.3943f,0.0076f,-0.0533f,0.9875f,0.1485f,1.3389f,0.3908f,0.1575f,-0.9069f,0.2253f,0f,0f,0f,1f],start_interpolation: 0,interpolation_duration: 1}
$data merge entity $(bone_r_1) {transformation: [-0.919f,0.0096f,-0.3943f,0.2075f,-0.0533f,0.9875f,0.1485f,1.4591f,0.3908f,0.1575f,-0.9069f,0.432f,0f,0f,0f,1f],start_interpolation: 0,interpolation_duration: 1}
$data merge entity $(bone_eye_r) {transformation: [-0.919f,0.0096f,-0.3943f,0.2191f,-0.0533f,0.9875f,0.1485f,1.4331f,0.3908f,0.1575f,-0.9069f,0.4158f,0f,0f,0f,1f],start_interpolation: 0,interpolation_duration: 1}
$data merge entity $(bone_eyes_down) {transformation: [-0.919f,0.0096f,-0.3943f,0.0122f,-0.0533f,0.9875f,0.1485f,1.4301f,0.3908f,0.1575f,-0.9069f,0.2486f,0f,0f,0f,1f],start_interpolation: 0,interpolation_duration: 1}
$data merge entity $(bone_eyes_up) {transformation: [-0.919f,0.0096f,-0.3943f,0.0131f,-0.0533f,0.9875f,0.1485f,1.5537f,0.3908f,0.1575f,-0.9069f,0.2677f,0f,0f,0f,1f],start_interpolation: 0,interpolation_duration: 1}
$data merge entity $(bone_bone) {transformation: [-0.919f,0.0096f,-0.3943f,0.0113f,-0.0533f,0.9875f,0.1485f,1.3375f,0.3908f,0.1575f,-0.9069f,0.2338f,0f,0f,0f,1f],start_interpolation: 0,interpolation_duration: 1}
$data merge entity $(bone_l) {transformation: [-0.9164f,-0.0529f,-0.3943f,-0.0006f,-0.1392f,0.7343f,0.1485f,1.5011f,0.3756f,0.1432f,-0.9069f,0.5483f,0f,0f,0f,1f],start_interpolation: 0,interpolation_duration: 1}
$data merge entity $(bone_r) {transformation: [-0.9147f,0.0673f,-0.3943f,0.2292f,0.0329f,0.7413f,0.1485f,1.5145f,0.403f,0.0921f,-0.9069f,0.4506f,0f,0f,0f,1f],start_interpolation: 0,interpolation_duration: 1}
$data merge entity $(bone_sad) {transformation: [0f,0f,0f,-0.0613f,0f,0f,0f,0.848f,0f,0f,0f,0.4505f,0f,0f,0f,1f],start_interpolation: 0,interpolation_duration: 1}
$data merge entity $(bone_head) {transformation: [-0.919f,0.0096f,-0.3943f,0.0113f,-0.0533f,0.9875f,0.1485f,1.3375f,0.3908f,0.1575f,-0.9069f,0.2338f,0f,0f,0f,1f],start_interpolation: 0,interpolation_duration: 1}
$data merge entity $(bone_6) {transformation: [-0.901f,-0.1256f,-0.4153f,0.236f,-0.1835f,0.9777f,0.1025f,0.4042f,0.3931f,0.1686f,-0.9039f,0.2169f,0f,0f,0f,1f],start_interpolation: 0,interpolation_duration: 1}
$data merge entity $(bone_12) {transformation: [-0.901f,-0.3409f,-0.2684f,0.1082f,-0.1835f,0.86f,-0.4762f,0.7267f,0.3931f,-0.3798f,-0.8374f,0.0745f,0f,0f,0f,1f],start_interpolation: 0,interpolation_duration: 1}
$data merge entity $(bone_10) {transformation: [-0.919f,-0.0925f,-0.3834f,-0.0246f,-0.0533f,0.9923f,-0.1115f,1.0292f,0.3907f,-0.082f,-0.9168f,0.1073f,0f,0f,0f,1f],start_interpolation: 0,interpolation_duration: 1}
$data merge entity $(bone_9) {transformation: [-0.919f,0.1119f,-0.3782f,0.0173f,-0.0533f,0.9149f,0.4002f,1.3722f,0.3907f,0.388f,-0.8347f,0.2528f,0f,0f,0f,1f],start_interpolation: 0,interpolation_duration: 1}
$data merge entity $(item_display_item_display) {transformation: [-0.4759f,0.498f,-0.2771f,-0.5396f,-0.2938f,0.0949f,0.6753f,1.0432f,0.4884f,0.5425f,0.1362f,0.7677f,0f,0f,0f,1f],start_interpolation: 0,interpolation_duration: 1}
$data merge entity $(bone_2) {transformation: [0.3695f,0.6589f,0.6399f,-0.5748f,-0.9003f,0.3962f,0.1118f,1.1073f,-0.1816f,-0.6236f,0.7471f,0.3783f,0f,0f,0f,1f],start_interpolation: 0,interpolation_duration: 1}
$data merge entity $(bone_1) {transformation: [0.3695f,0.8907f,0.2241f,-0.2672f,-0.9003f,0.399f,-0.1015f,1.2438f,-0.1816f,-0.1659f,0.959f,0.3272f,0f,0f,0f,1f],start_interpolation: 0,interpolation_duration: 1}
$data merge entity $(bone_4) {transformation: [-0.7902f,0.3438f,0.5073f,0.5174f,-0.6094f,-0.3534f,-0.7098f,1.0682f,-0.0648f,-0.87f,0.4888f,0.2386f,0f,0f,0f,1f],start_interpolation: 0,interpolation_duration: 1}
$data merge entity $(bone_3) {transformation: [-0.8111f,-0.5515f,0.1947f,0.3106f,-0.5189f,0.5249f,-0.6747f,1.265f,0.2699f,-0.6483f,-0.7119f,-0.0045f,0f,0f,0f,1f],start_interpolation: 0,interpolation_duration: 1}
$data merge entity $(bone_8) {transformation: [-0.9474f,0.2827f,-0.1502f,-0.1334f,0.1347f,0.7777f,0.6141f,0.3945f,0.2904f,0.5615f,-0.7748f,0.2628f,0f,0f,0f,1f],start_interpolation: 0,interpolation_duration: 1}
$data merge entity $(bone_7) {transformation: [-0.9474f,0.1198f,-0.2969f,-0.108f,0.1347f,0.9904f,-0.0301f,0.7028f,0.2904f,-0.0685f,-0.9544f,0.2026f,0f,0f,0f,1f],start_interpolation: 0,interpolation_duration: 1}
data modify entity @s data merge value {"cameras":{"camera":{"posx":0.02749999999999974,"posy":1.46625,"posz":2.136875,"roty":179.98790792253175,"rotx":0}},"locators":{}}