# This file was generated by Animated Java via MC-Build. It is not recommended to edit this file directly.
$data merge entity $(bone_layer) {transformation: [-0.919f,0.0093f,-0.3943f,0.0113f,-0.0533f,0.9876f,0.1477f,1.3375f,0.3908f,0.1567f,-0.9071f,0.2338f,0f,0f,0f,1f],start_interpolation: 0,interpolation_duration: 1}
$data merge entity $(bone_l_1) {transformation: [-0.919f,0.0093f,-0.3943f,0.0064f,-0.0533f,0.9876f,0.1477f,1.4476f,0.3908f,0.1567f,-0.9071f,0.5174f,0f,0f,0f,1f],start_interpolation: 0,interpolation_duration: 1}
$data merge entity $(bone_eye_l) {transformation: [-0.919f,0.0093f,-0.3943f,0.0076f,-0.0533f,0.9876f,0.1477f,1.3389f,0.3908f,0.1567f,-0.9071f,0.2253f,0f,0f,0f,1f],start_interpolation: 0,interpolation_duration: 1}
$data merge entity $(bone_r_1) {transformation: [-0.919f,0.0093f,-0.3943f,0.2075f,-0.0533f,0.9876f,0.1477f,1.4593f,0.3908f,0.1567f,-0.9071f,0.4319f,0f,0f,0f,1f],start_interpolation: 0,interpolation_duration: 1}
$data merge entity $(bone_eye_r) {transformation: [-0.919f,0.0093f,-0.3943f,0.2191f,-0.0533f,0.9876f,0.1477f,1.4333f,0.3908f,0.1567f,-0.9071f,0.4157f,0f,0f,0f,1f],start_interpolation: 0,interpolation_duration: 1}
$data merge entity $(bone_eyes_down) {transformation: [-0.919f,0.0093f,-0.3943f,0.0121f,-0.0533f,0.9876f,0.1477f,1.4301f,0.3908f,0.1567f,-0.9071f,0.2485f,0f,0f,0f,1f],start_interpolation: 0,interpolation_duration: 1}
$data merge entity $(bone_eyes_up) {transformation: [-0.919f,0.0093f,-0.3943f,0.0131f,-0.0533f,0.9876f,0.1477f,1.5537f,0.3908f,0.1567f,-0.9071f,0.2675f,0f,0f,0f,1f],start_interpolation: 0,interpolation_duration: 1}
$data merge entity $(bone_bone) {transformation: [-0.919f,0.0093f,-0.3943f,0.0113f,-0.0533f,0.9876f,0.1477f,1.3375f,0.3908f,0.1567f,-0.9071f,0.2338f,0f,0f,0f,1f],start_interpolation: 0,interpolation_duration: 1}
$data merge entity $(bone_l) {transformation: [-0.9164f,-0.0531f,-0.3943f,-0.0006f,-0.1392f,0.7344f,0.1477f,1.5014f,0.3756f,0.1426f,-0.9071f,0.5481f,0f,0f,0f,1f],start_interpolation: 0,interpolation_duration: 1}
$data merge entity $(bone_r) {transformation: [-0.9147f,0.067f,-0.3943f,0.2291f,0.0329f,0.7414f,0.1477f,1.5147f,0.403f,0.0915f,-0.9071f,0.4504f,0f,0f,0f,1f],start_interpolation: 0,interpolation_duration: 1}
$data merge entity $(bone_sad) {transformation: [0f,0f,0f,-0.0612f,0f,0f,0f,0.8481f,0f,0f,0f,0.4509f,0f,0f,0f,1f],start_interpolation: 0,interpolation_duration: 1}
$data merge entity $(bone_head) {transformation: [-0.919f,0.0093f,-0.3943f,0.0113f,-0.0533f,0.9876f,0.1477f,1.3375f,0.3908f,0.1567f,-0.9071f,0.2338f,0f,0f,0f,1f],start_interpolation: 0,interpolation_duration: 1}
$data merge entity $(bone_6) {transformation: [-0.9007f,-0.1265f,-0.4156f,0.2363f,-0.1842f,0.9776f,0.1016f,0.4043f,0.3934f,0.1681f,-0.9039f,0.2168f,0f,0f,0f,1f],start_interpolation: 0,interpolation_duration: 1}
$data merge entity $(bone_12) {transformation: [-0.9007f,-0.3416f,-0.2684f,0.1082f,-0.1842f,0.8598f,-0.4762f,0.7267f,0.3934f,-0.3795f,-0.8374f,0.0745f,0f,0f,0f,1f],start_interpolation: 0,interpolation_duration: 1}
$data merge entity $(bone_10) {transformation: [-0.919f,-0.0925f,-0.3834f,-0.0247f,-0.0533f,0.9923f,-0.1115f,1.0293f,0.3907f,-0.082f,-0.9168f,0.1071f,0f,0f,0f,1f],start_interpolation: 0,interpolation_duration: 1}
$data merge entity $(bone_9) {transformation: [-0.919f,0.1122f,-0.3781f,0.0173f,-0.0533f,0.9145f,0.401f,1.3722f,0.3907f,0.3886f,-0.8344f,0.2528f,0f,0f,0f,1f],start_interpolation: 0,interpolation_duration: 1}
$data merge entity $(item_display_item_display) {transformation: [-0.4748f,0.4991f,-0.2771f,-0.5389f,-0.2936f,0.0956f,0.6753f,1.0434f,0.4896f,0.5413f,0.1362f,0.7679f,0f,0f,0f,1f],start_interpolation: 0,interpolation_duration: 1}
$data merge entity $(bone_2) {transformation: [0.3695f,0.6579f,0.6409f,-0.5747f,-0.9003f,0.396f,0.1125f,1.1073f,-0.1816f,-0.6249f,0.7461f,0.3785f,0f,0f,0f,1f],start_interpolation: 0,interpolation_duration: 1}
$data merge entity $(bone_1) {transformation: [0.3695f,0.8905f,0.2248f,-0.2672f,-0.9003f,0.3991f,-0.1012f,1.2438f,-0.1816f,-0.1667f,0.9588f,0.3272f,0f,0f,0f,1f],start_interpolation: 0,interpolation_duration: 1}
$data merge entity $(bone_4) {transformation: [-0.7904f,0.3438f,0.507f,0.5174f,-0.6092f,-0.3535f,-0.7099f,1.068f,-0.0648f,-0.87f,0.4888f,0.2384f,0f,0f,0f,1f],start_interpolation: 0,interpolation_duration: 1}
$data merge entity $(bone_3) {transformation: [-0.8111f,-0.5517f,0.1943f,0.3106f,-0.5189f,0.5255f,-0.6743f,1.265f,0.2699f,-0.6477f,-0.7125f,-0.0045f,0f,0f,0f,1f],start_interpolation: 0,interpolation_duration: 1}
$data merge entity $(bone_8) {transformation: [-0.9473f,0.2834f,-0.1495f,-0.1336f,0.1355f,0.7771f,0.6146f,0.3946f,0.2904f,0.562f,-0.7745f,0.2628f,0f,0f,0f,1f],start_interpolation: 0,interpolation_duration: 1}
$data merge entity $(bone_7) {transformation: [-0.9473f,0.1206f,-0.2969f,-0.108f,0.1355f,0.9903f,-0.0301f,0.7028f,0.2904f,-0.0688f,-0.9544f,0.2026f,0f,0f,0f,1f],start_interpolation: 0,interpolation_duration: 1}
data modify entity @s data merge value {"cameras":{"camera1":{"px":0.02749999999999974,"py":1.46625,"pz":2.136875,"ry":179.98288354095513,"rx":0}},"locators":{}}