# This file was generated by Animated Java via MC-Build. It is not recommended to edit this file directly.
$data merge entity $(bone_layer) {transformation: [-0.919f,0.0089f,-0.3943f,0.0113f,-0.0533f,0.9878f,0.1466f,1.3375f,0.3908f,0.1557f,-0.9072f,0.2338f,0f,0f,0f,1f],start_interpolation: 0,interpolation_duration: 1}
$data merge entity $(bone_l_1) {transformation: [-0.919f,0.0089f,-0.3943f,0.0064f,-0.0533f,0.9878f,0.1466f,1.4479f,0.3908f,0.1557f,-0.9072f,0.5173f,0f,0f,0f,1f],start_interpolation: 0,interpolation_duration: 1}
$data merge entity $(bone_eye_l) {transformation: [-0.919f,0.0089f,-0.3943f,0.0076f,-0.0533f,0.9878f,0.1466f,1.3389f,0.3908f,0.1557f,-0.9072f,0.2253f,0f,0f,0f,1f],start_interpolation: 0,interpolation_duration: 1}
$data merge entity $(bone_r_1) {transformation: [-0.919f,0.0089f,-0.3943f,0.2074f,-0.0533f,0.9878f,0.1466f,1.4596f,0.3908f,0.1557f,-0.9072f,0.4318f,0f,0f,0f,1f],start_interpolation: 0,interpolation_duration: 1}
$data merge entity $(bone_eye_r) {transformation: [-0.919f,0.0089f,-0.3943f,0.219f,-0.0533f,0.9878f,0.1466f,1.4336f,0.3908f,0.1557f,-0.9072f,0.4156f,0f,0f,0f,1f],start_interpolation: 0,interpolation_duration: 1}
$data merge entity $(bone_eyes_down) {transformation: [-0.919f,0.0089f,-0.3943f,0.0121f,-0.0533f,0.9878f,0.1466f,1.4302f,0.3908f,0.1557f,-0.9072f,0.2484f,0f,0f,0f,1f],start_interpolation: 0,interpolation_duration: 1}
$data merge entity $(bone_eyes_up) {transformation: [-0.919f,0.0089f,-0.3943f,0.013f,-0.0533f,0.9878f,0.1466f,1.5537f,0.3908f,0.1557f,-0.9072f,0.2673f,0f,0f,0f,1f],start_interpolation: 0,interpolation_duration: 1}
$data merge entity $(bone_bone) {transformation: [-0.919f,0.0089f,-0.3943f,0.0113f,-0.0533f,0.9878f,0.1466f,1.3375f,0.3908f,0.1557f,-0.9072f,0.2338f,0f,0f,0f,1f],start_interpolation: 0,interpolation_duration: 1}
$data merge entity $(bone_l) {transformation: [-0.9163f,-0.0534f,-0.3943f,-0.0007f,-0.1392f,0.7345f,0.1466f,1.5017f,0.3757f,0.1419f,-0.9072f,0.548f,0f,0f,0f,1f],start_interpolation: 0,interpolation_duration: 1}
$data merge entity $(bone_r) {transformation: [-0.9148f,0.0667f,-0.3943f,0.2291f,0.033f,0.7415f,0.1466f,1.515f,0.4029f,0.0908f,-0.9072f,0.4503f,0f,0f,0f,1f],start_interpolation: 0,interpolation_duration: 1}
$data merge entity $(bone_sad) {transformation: [0f,0f,0f,-0.061f,0f,0f,0f,0.8483f,0f,0f,0f,0.4514f,0f,0f,0f,1f],start_interpolation: 0,interpolation_duration: 1}
$data merge entity $(bone_head) {transformation: [-0.919f,0.0089f,-0.3943f,0.0113f,-0.0533f,0.9878f,0.1466f,1.3375f,0.3908f,0.1557f,-0.9072f,0.2338f,0f,0f,0f,1f],start_interpolation: 0,interpolation_duration: 1}
$data merge entity $(bone_6) {transformation: [-0.9003f,-0.1278f,-0.416f,0.2366f,-0.1851f,0.9776f,0.1004f,0.4044f,0.3939f,0.1674f,-0.9038f,0.2166f,0f,0f,0f,1f],start_interpolation: 0,interpolation_duration: 1}
$data merge entity $(bone_12) {transformation: [-0.9003f,-0.3426f,-0.2684f,0.1082f,-0.1851f,0.8596f,-0.4762f,0.7267f,0.3939f,-0.3791f,-0.8374f,0.0745f,0f,0f,0f,1f],start_interpolation: 0,interpolation_duration: 1}
$data merge entity $(bone_10) {transformation: [-0.919f,-0.0925f,-0.3834f,-0.0249f,-0.0533f,0.9923f,-0.1115f,1.0295f,0.3907f,-0.082f,-0.9168f,0.1067f,0f,0f,0f,1f],start_interpolation: 0,interpolation_duration: 1}
$data merge entity $(bone_9) {transformation: [-0.919f,0.1126f,-0.378f,0.0173f,-0.0533f,0.9141f,0.402f,1.3722f,0.3907f,0.3896f,-0.834f,0.2528f,0f,0f,0f,1f],start_interpolation: 0,interpolation_duration: 1}
$data merge entity $(item_display_item_display) {transformation: [-0.4732f,0.5006f,-0.2771f,-0.538f,-0.2933f,0.0965f,0.6753f,1.0437f,0.4913f,0.5398f,0.1362f,0.7682f,0f,0f,0f,1f],start_interpolation: 0,interpolation_duration: 1}
$data merge entity $(bone_2) {transformation: [0.3695f,0.6565f,0.6424f,-0.5746f,-0.9003f,0.3958f,0.1133f,1.1072f,-0.1816f,-0.6265f,0.7447f,0.3789f,0f,0f,0f,1f],start_interpolation: 0,interpolation_duration: 1}
$data merge entity $(bone_1) {transformation: [0.3695f,0.8903f,0.2258f,-0.2672f,-0.9003f,0.3992f,-0.1008f,1.2438f,-0.1816f,-0.1677f,0.9586f,0.3272f,0f,0f,0f,1f],start_interpolation: 0,interpolation_duration: 1}
$data merge entity $(bone_4) {transformation: [-0.7906f,0.3438f,0.5067f,0.5175f,-0.6089f,-0.3536f,-0.7101f,1.0677f,-0.0649f,-0.8699f,0.4889f,0.2381f,0f,0f,0f,1f],start_interpolation: 0,interpolation_duration: 1}
$data merge entity $(bone_3) {transformation: [-0.8111f,-0.5519f,0.1937f,0.3106f,-0.5189f,0.5262f,-0.6737f,1.265f,0.2699f,-0.647f,-0.7132f,-0.0045f,0f,0f,0f,1f],start_interpolation: 0,interpolation_duration: 1}
$data merge entity $(bone_8) {transformation: [-0.9471f,0.2844f,-0.1485f,-0.134f,0.1366f,0.7763f,0.6154f,0.3946f,0.2903f,0.5626f,-0.7741f,0.2629f,0f,0f,0f,1f],start_interpolation: 0,interpolation_duration: 1}
$data merge entity $(bone_7) {transformation: [-0.9471f,0.1216f,-0.2969f,-0.108f,0.1366f,0.9902f,-0.0302f,0.7028f,0.2903f,-0.0691f,-0.9544f,0.2026f,0f,0f,0f,1f],start_interpolation: 0,interpolation_duration: 1}
data modify entity @s data merge value {"cameras":{"camera":{"posx":0.02749999999999974,"posy":1.46625,"posz":2.136875,"roty":179.9785007798156,"rotx":0}},"locators":{}}