# This file was generated by Animated Java via MC-Build. It is not recommended to edit this file directly.
$data merge entity $(bone_layer) {transformation: [-0.919f,0.0084f,-0.3943f,0.0113f,-0.0533f,0.988f,0.1453f,1.3375f,0.3908f,0.1545f,-0.9074f,0.2338f,0f,0f,0f,1f],start_interpolation: 0,interpolation_duration: 1}
$data merge entity $(bone_l_1) {transformation: [-0.919f,0.0084f,-0.3943f,0.0063f,-0.0533f,0.988f,0.1453f,1.4483f,0.3908f,0.1545f,-0.9074f,0.5171f,0f,0f,0f,1f],start_interpolation: 0,interpolation_duration: 1}
$data merge entity $(bone_eye_l) {transformation: [-0.919f,0.0084f,-0.3943f,0.0076f,-0.0533f,0.988f,0.1453f,1.3389f,0.3908f,0.1545f,-0.9074f,0.2253f,0f,0f,0f,1f],start_interpolation: 0,interpolation_duration: 1}
$data merge entity $(bone_r_1) {transformation: [-0.919f,0.0084f,-0.3943f,0.2073f,-0.0533f,0.988f,0.1453f,1.4599f,0.3908f,0.1545f,-0.9074f,0.4316f,0f,0f,0f,1f],start_interpolation: 0,interpolation_duration: 1}
$data merge entity $(bone_eye_r) {transformation: [-0.919f,0.0084f,-0.3943f,0.219f,-0.0533f,0.988f,0.1453f,1.4339f,0.3908f,0.1545f,-0.9074f,0.4155f,0f,0f,0f,1f],start_interpolation: 0,interpolation_duration: 1}
$data merge entity $(bone_eyes_down) {transformation: [-0.919f,0.0084f,-0.3943f,0.012f,-0.0533f,0.988f,0.1453f,1.4302f,0.3908f,0.1545f,-0.9074f,0.2483f,0f,0f,0f,1f],start_interpolation: 0,interpolation_duration: 1}
$data merge entity $(bone_eyes_up) {transformation: [-0.919f,0.0084f,-0.3943f,0.0128f,-0.0533f,0.988f,0.1453f,1.5538f,0.3908f,0.1545f,-0.9074f,0.267f,0f,0f,0f,1f],start_interpolation: 0,interpolation_duration: 1}
$data merge entity $(bone_bone) {transformation: [-0.919f,0.0084f,-0.3943f,0.0113f,-0.0533f,0.988f,0.1453f,1.3375f,0.3908f,0.1545f,-0.9074f,0.2338f,0f,0f,0f,1f],start_interpolation: 0,interpolation_duration: 1}
$data merge entity $(bone_l) {transformation: [-0.9163f,-0.0538f,-0.3943f,-0.0008f,-0.1392f,0.7347f,0.1453f,1.5021f,0.3758f,0.141f,-0.9074f,0.5478f,0f,0f,0f,1f],start_interpolation: 0,interpolation_duration: 1}
$data merge entity $(bone_r) {transformation: [-0.9148f,0.0663f,-0.3943f,0.2289f,0.033f,0.7416f,0.1453f,1.5154f,0.4028f,0.0899f,-0.9074f,0.4501f,0f,0f,0f,1f],start_interpolation: 0,interpolation_duration: 1}
$data merge entity $(bone_sad) {transformation: [0f,0f,0f,-0.0608f,0f,0f,0f,0.8486f,0f,0f,0f,0.452f,0f,0f,0f,1f],start_interpolation: 0,interpolation_duration: 1}
$data merge entity $(bone_head) {transformation: [-0.919f,0.0084f,-0.3943f,0.0113f,-0.0533f,0.988f,0.1453f,1.3375f,0.3908f,0.1545f,-0.9074f,0.2338f,0f,0f,0f,1f],start_interpolation: 0,interpolation_duration: 1}
$data merge entity $(bone_6) {transformation: [-0.8999f,-0.1293f,-0.4165f,0.2371f,-0.1863f,0.9775f,0.099f,0.4045f,0.3944f,0.1667f,-0.9037f,0.2164f,0f,0f,0f,1f],start_interpolation: 0,interpolation_duration: 1}
$data merge entity $(bone_12) {transformation: [-0.8999f,-0.3438f,-0.2684f,0.1082f,-0.1863f,0.8594f,-0.4762f,0.7267f,0.3944f,-0.3785f,-0.8374f,0.0745f,0f,0f,0f,1f],start_interpolation: 0,interpolation_duration: 1}
$data merge entity $(bone_10) {transformation: [-0.919f,-0.0925f,-0.3834f,-0.0251f,-0.0533f,0.9923f,-0.1115f,1.0297f,0.3907f,-0.082f,-0.9168f,0.1063f,0f,0f,0f,1f],start_interpolation: 0,interpolation_duration: 1}
$data merge entity $(bone_9) {transformation: [-0.919f,0.1131f,-0.3778f,0.0173f,-0.0533f,0.9136f,0.4032f,1.3722f,0.3907f,0.3907f,-0.8335f,0.2528f,0f,0f,0f,1f],start_interpolation: 0,interpolation_duration: 1}
$data merge entity $(item_display_item_display) {transformation: [-0.4713f,0.5024f,-0.2771f,-0.5369f,-0.2929f,0.0976f,0.6753f,1.0441f,0.4934f,0.5379f,0.1362f,0.7687f,0f,0f,0f,1f],start_interpolation: 0,interpolation_duration: 1}
$data merge entity $(bone_2) {transformation: [0.3695f,0.6548f,0.6441f,-0.5745f,-0.9003f,0.3955f,0.1144f,1.1072f,-0.1816f,-0.6285f,0.743f,0.3793f,0f,0f,0f,1f],start_interpolation: 0,interpolation_duration: 1}
$data merge entity $(bone_1) {transformation: [0.3695f,0.89f,0.227f,-0.2672f,-0.9003f,0.3993f,-0.1002f,1.2438f,-0.1816f,-0.169f,0.9584f,0.3272f,0f,0f,0f,1f],start_interpolation: 0,interpolation_duration: 1}
$data merge entity $(bone_4) {transformation: [-0.7909f,0.3437f,0.5063f,0.5176f,-0.6085f,-0.3537f,-0.7103f,1.0673f,-0.0651f,-0.8699f,0.4889f,0.2377f,0f,0f,0f,1f],start_interpolation: 0,interpolation_duration: 1}
$data merge entity $(bone_3) {transformation: [-0.8111f,-0.5521f,0.1929f,0.3106f,-0.5189f,0.5271f,-0.673f,1.265f,0.2699f,-0.646f,-0.714f,-0.0045f,0f,0f,0f,1f],start_interpolation: 0,interpolation_duration: 1}
$data merge entity $(bone_8) {transformation: [-0.947f,0.2855f,-0.1473f,-0.1344f,0.1379f,0.7753f,0.6163f,0.3947f,0.2902f,0.5633f,-0.7736f,0.2631f,0f,0f,0f,1f],start_interpolation: 0,interpolation_duration: 1}
$data merge entity $(bone_7) {transformation: [-0.947f,0.1229f,-0.2969f,-0.108f,0.1379f,0.99f,-0.0302f,0.7028f,0.2902f,-0.0695f,-0.9544f,0.2026f,0f,0f,0f,1f],start_interpolation: 0,interpolation_duration: 1}