# This file was generated by Animated Java via MC-Build. It is not recommended to edit this file directly.
$data merge entity $(bone_layer) {transformation: [-0.919f,0.0077f,-0.3943f,0.0113f,-0.0533f,0.9882f,0.1437f,1.3375f,0.3908f,0.1531f,-0.9077f,0.2338f,0f,0f,0f,1f],start_interpolation: 0,interpolation_duration: 1}
$data merge entity $(bone_l_1) {transformation: [-0.919f,0.0077f,-0.3943f,0.0062f,-0.0533f,0.9882f,0.1437f,1.4487f,0.3908f,0.1531f,-0.9077f,0.517f,0f,0f,0f,1f],start_interpolation: 0,interpolation_duration: 1}
$data merge entity $(bone_eye_l) {transformation: [-0.919f,0.0077f,-0.3943f,0.0076f,-0.0533f,0.9882f,0.1437f,1.3389f,0.3908f,0.1531f,-0.9077f,0.2253f,0f,0f,0f,1f],start_interpolation: 0,interpolation_duration: 1}
$data merge entity $(bone_r_1) {transformation: [-0.919f,0.0077f,-0.3943f,0.2072f,-0.0533f,0.9882f,0.1437f,1.4603f,0.3908f,0.1531f,-0.9077f,0.4315f,0f,0f,0f,1f],start_interpolation: 0,interpolation_duration: 1}
$data merge entity $(bone_eye_r) {transformation: [-0.919f,0.0077f,-0.3943f,0.2189f,-0.0533f,0.9882f,0.1437f,1.4343f,0.3908f,0.1531f,-0.9077f,0.4154f,0f,0f,0f,1f],start_interpolation: 0,interpolation_duration: 1}
$data merge entity $(bone_eyes_down) {transformation: [-0.919f,0.0077f,-0.3943f,0.012f,-0.0533f,0.9882f,0.1437f,1.4302f,0.3908f,0.1531f,-0.9077f,0.2481f,0f,0f,0f,1f],start_interpolation: 0,interpolation_duration: 1}
$data merge entity $(bone_eyes_up) {transformation: [-0.919f,0.0077f,-0.3943f,0.0127f,-0.0533f,0.9882f,0.1437f,1.5538f,0.3908f,0.1531f,-0.9077f,0.2667f,0f,0f,0f,1f],start_interpolation: 0,interpolation_duration: 1}
$data merge entity $(bone_bone) {transformation: [-0.919f,0.0077f,-0.3943f,0.0113f,-0.0533f,0.9882f,0.1437f,1.3375f,0.3908f,0.1531f,-0.9077f,0.2338f,0f,0f,0f,1f],start_interpolation: 0,interpolation_duration: 1}
$data merge entity $(bone_l) {transformation: [-0.9162f,-0.0543f,-0.3943f,-0.0009f,-0.1393f,0.7348f,0.1437f,1.5025f,0.376f,0.1399f,-0.9077f,0.5475f,0f,0f,0f,1f],start_interpolation: 0,interpolation_duration: 1}
$data merge entity $(bone_r) {transformation: [-0.9149f,0.0659f,-0.3943f,0.2288f,0.033f,0.7418f,0.1437f,1.5158f,0.4026f,0.0888f,-0.9077f,0.4498f,0f,0f,0f,1f],start_interpolation: 0,interpolation_duration: 1}
$data merge entity $(bone_sad) {transformation: [0f,0f,0f,-0.0605f,0f,0f,0f,0.8488f,0f,0f,0f,0.4527f,0f,0f,0f,1f],start_interpolation: 0,interpolation_duration: 1}
$data merge entity $(bone_head) {transformation: [-0.919f,0.0077f,-0.3943f,0.0113f,-0.0533f,0.9882f,0.1437f,1.3375f,0.3908f,0.1531f,-0.9077f,0.2338f,0f,0f,0f,1f],start_interpolation: 0,interpolation_duration: 1}
$data merge entity $(bone_6) {transformation: [-0.8993f,-0.1311f,-0.4171f,0.2376f,-0.1876f,0.9774f,0.0973f,0.4046f,0.395f,0.1658f,-0.9036f,0.2162f,0f,0f,0f,1f],start_interpolation: 0,interpolation_duration: 1}
$data merge entity $(bone_12) {transformation: [-0.8993f,-0.3452f,-0.2684f,0.1082f,-0.1876f,0.8591f,-0.4762f,0.7267f,0.395f,-0.3779f,-0.8374f,0.0745f,0f,0f,0f,1f],start_interpolation: 0,interpolation_duration: 1}
$data merge entity $(bone_10) {transformation: [-0.919f,-0.0925f,-0.3834f,-0.0253f,-0.0533f,0.9923f,-0.1115f,1.0299f,0.3907f,-0.082f,-0.9168f,0.1058f,0f,0f,0f,1f],start_interpolation: 0,interpolation_duration: 1}
$data merge entity $(bone_9) {transformation: [-0.919f,0.1137f,-0.3776f,0.0173f,-0.0533f,0.9129f,0.4046f,1.3722f,0.3907f,0.392f,-0.8329f,0.2528f,0f,0f,0f,1f],start_interpolation: 0,interpolation_duration: 1}
$data merge entity $(item_display_item_display) {transformation: [-0.469f,0.5045f,-0.2771f,-0.5357f,-0.2925f,0.099f,0.6753f,1.0445f,0.4958f,0.5357f,0.1362f,0.7692f,0f,0f,0f,1f],start_interpolation: 0,interpolation_duration: 1}
$data merge entity $(bone_2) {transformation: [0.3695f,0.6527f,0.6462f,-0.5744f,-0.9003f,0.3951f,0.1156f,1.1071f,-0.1816f,-0.6308f,0.7411f,0.3799f,0f,0f,0f,1f],start_interpolation: 0,interpolation_duration: 1}
$data merge entity $(bone_1) {transformation: [0.3695f,0.8896f,0.2284f,-0.2672f,-0.9003f,0.3995f,-0.0996f,1.2438f,-0.1816f,-0.1705f,0.9581f,0.3272f,0f,0f,0f,1f],start_interpolation: 0,interpolation_duration: 1}
$data merge entity $(bone_4) {transformation: [-0.7912f,0.3437f,0.5059f,0.5177f,-0.6081f,-0.3539f,-0.7106f,1.0669f,-0.0652f,-0.8699f,0.489f,0.2373f,0f,0f,0f,1f],start_interpolation: 0,interpolation_duration: 1}
$data merge entity $(bone_3) {transformation: [-0.8111f,-0.5524f,0.1921f,0.3106f,-0.5189f,0.5282f,-0.6722f,1.265f,0.2699f,-0.6449f,-0.7151f,-0.0045f,0f,0f,0f,1f],start_interpolation: 0,interpolation_duration: 1}
$data merge entity $(bone_8) {transformation: [-0.9468f,0.2869f,-0.1459f,-0.1348f,0.1395f,0.7742f,0.6174f,0.3947f,0.2901f,0.5642f,-0.773f,0.2632f,0f,0f,0f,1f],start_interpolation: 0,interpolation_duration: 1}
$data merge entity $(bone_7) {transformation: [-0.9468f,0.1244f,-0.2969f,-0.108f,0.1395f,0.9898f,-0.0302f,0.7028f,0.2901f,-0.07f,-0.9544f,0.2026f,0f,0f,0f,1f],start_interpolation: 0,interpolation_duration: 1}
data modify entity @s data merge value {"cameras":{"camera":{"posx":0.02749999999999974,"posy":1.46625,"posz":2.136875,"roty":179.9715416658441,"rotx":0}},"locators":{}}