# This file was generated by Animated Java via MC-Build. It is not recommended to edit this file directly.
$data merge entity $(bone_layer) {transformation: [-0.5684f,-0.134f,-0.8118f,-0.1076f,-0.0038f,0.9871f,-0.1603f,1.3282f,0.8229f,-0.088f,-0.5615f,0.0024f,0f,0f,0f,1f],start_interpolation: 0,interpolation_duration: 1}
$data merge entity $(bone_l_1) {transformation: [-0.5684f,-0.134f,-0.8118f,0.0038f,-0.0038f,0.9871f,-0.1603f,1.5172f,0.8229f,-0.088f,-0.5615f,0.2131f,0f,0f,0f,1f],start_interpolation: 0,interpolation_duration: 1}
$data merge entity $(bone_eye_l) {transformation: [-0.5684f,-0.134f,-0.8118f,-0.1152f,-0.0038f,0.9871f,-0.1603f,1.3266f,0.8229f,-0.088f,-0.5615f,-0.0029f,0f,0f,0f,1f],start_interpolation: 0,interpolation_duration: 1}
$data merge entity $(bone_r_1) {transformation: [-0.5684f,-0.134f,-0.8118f,0.1281f,-0.0038f,0.9871f,-0.1603f,1.518f,0.8229f,-0.088f,-0.5615f,0.0331f,0f,0f,0f,1f],start_interpolation: 0,interpolation_duration: 1}
$data merge entity $(bone_eye_r) {transformation: [-0.5684f,-0.134f,-0.8118f,0.1357f,-0.0038f,0.9871f,-0.1603f,1.4893f,0.8229f,-0.088f,-0.5615f,0.0192f,0f,0f,0f,1f],start_interpolation: 0,interpolation_duration: 1}
$data merge entity $(bone_eyes_down) {transformation: [-0.5684f,-0.134f,-0.8118f,-0.1202f,-0.0038f,0.9871f,-0.1603f,1.4207f,0.8229f,-0.088f,-0.5615f,-0.0059f,0f,0f,0f,1f],start_interpolation: 0,interpolation_duration: 1}
$data merge entity $(bone_eyes_up) {transformation: [-0.5684f,-0.134f,-0.8118f,-0.1372f,-0.0038f,0.9871f,-0.1603f,1.5422f,0.8229f,-0.088f,-0.5615f,-0.0171f,0f,0f,0f,1f],start_interpolation: 0,interpolation_duration: 1}
$data merge entity $(bone_bone) {transformation: [-0.5684f,-0.134f,-0.8118f,-0.1076f,-0.0038f,0.9871f,-0.1603f,1.3282f,0.8229f,-0.088f,-0.5615f,0.0024f,0f,0f,0f,1f],start_interpolation: 0,interpolation_duration: 1}
$data merge entity $(bone_l) {transformation: [-0.5677f,-0.1026f,-0.8118f,0.0013f,-0.0087f,0.7403f,-0.1603f,1.5756f,0.8233f,-0.0629f,-0.5615f,0.2307f,0f,0f,0f,1f],start_interpolation: 0,interpolation_duration: 1}
$data merge entity $(bone_r) {transformation: [-0.569f,-0.0984f,-0.8118f,0.1434f,0.0011f,0.7403f,-0.1603f,1.5766f,0.8224f,-0.0691f,-0.5615f,0.0249f,0f,0f,0f,1f],start_interpolation: 0,interpolation_duration: 1}
$data merge entity $(bone_sad) {transformation: [-0.9133f,-0.0603f,-0.8671f,-0.0216f,-0.0061f,0.4443f,-0.1712f,1.489f,1.3222f,-0.0396f,-0.5997f,0.2606f,0f,0f,0f,1f],start_interpolation: 0,interpolation_duration: 1}
$data merge entity $(bone_head) {transformation: [-0.5684f,-0.134f,-0.8118f,-0.1076f,-0.0038f,0.9871f,-0.1603f,1.3282f,0.8229f,-0.088f,-0.5615f,0.0024f,0f,0f,0f,1f],start_interpolation: 0,interpolation_duration: 1}
$data merge entity $(bone_6) {transformation: [-0.5595f,0.0402f,-0.8279f,0.0205f,-0.1342f,0.9812f,0.1384f,0.3835f,0.8179f,0.1886f,-0.5436f,-0.1117f,0f,0f,0f,1f],start_interpolation: 0,interpolation_duration: 1}
$data merge entity $(bone_12) {transformation: [-0.5595f,-0.4422f,-0.701f,-0.1453f,-0.1342f,0.883f,-0.4498f,0.7146f,0.8179f,-0.1576f,-0.5534f,-0.1708f,0f,0f,0f,1f],start_interpolation: 0,interpolation_duration: 1}
$data merge entity $(bone_10) {transformation: [-0.5683f,-0.0664f,-0.8201f,-0.2225f,-0.0038f,0.9969f,-0.0781f,1.0237f,0.8228f,-0.0413f,-0.5668f,-0.0784f,0f,0f,0f,1f],start_interpolation: 0,interpolation_duration: 1}
$data merge entity $(bone_9) {transformation: [-0.5683f,0.3522f,-0.7436f,-0.0904f,-0.0038f,0.9026f,0.4304f,1.3622f,0.8228f,0.2475f,-0.5116f,0.0144f,0f,0f,0f,1f],start_interpolation: 0,interpolation_duration: 1}
$data merge entity $(item_display_item_display) {transformation: [0.3083f,0.6493f,-0.1861f,0.044f,-0.4886f,0.3556f,0.4314f,0.9596f,0.4664f,-0.0567f,0.5749f,0.5606f,0f,0f,0f,1f],start_interpolation: 0,interpolation_duration: 1}
$data merge entity $(bone_2) {transformation: [0.2482f,-0.4121f,0.8653f,-0.3294f,-0.5752f,0.6509f,0.475f,0.9739f,-0.7666f,-0.6218f,-0.0763f,0.429f,0f,0f,0f,1f],start_interpolation: 0,interpolation_duration: 1}
$data merge entity $(bone_1) {transformation: [0.2482f,0.0753f,0.9554f,-0.2975f,-0.5752f,0.8011f,0.0863f,1.2498f,-0.7666f,-0.5768f,0.2446f,0.2323f,0f,0f,0f,1f],start_interpolation: 0,interpolation_duration: 1}
$data merge entity $(bone_4) {transformation: [-0.4476f,-0.8099f,0.3791f,0.3388f,-0.4763f,-0.1429f,-0.8676f,1.0816f,0.7569f,-0.5689f,-0.3218f,-0.2635f,0f,0f,0f,1f],start_interpolation: 0,interpolation_duration: 1}
$data merge entity $(bone_3) {transformation: [-0.4476f,-0.8703f,-0.2054f,0.0125f,-0.4763f,0.4264f,-0.769f,1.2415f,0.7569f,-0.2463f,-0.6054f,-0.3559f,0f,0f,0f,1f],start_interpolation: 0,interpolation_duration: 1}
$data merge entity $(bone_8) {transformation: [-0.6357f,0.5811f,-0.5082f,-0.2664f,0.1856f,0.7541f,0.63f,0.3949f,0.7493f,0.3062f,-0.5872f,0.1244f,0f,0f,0f,1f],start_interpolation: 0,interpolation_duration: 1}
$data merge entity $(bone_7) {transformation: [-0.6357f,0.1188f,-0.7628f,-0.2603f,0.1856f,0.9826f,-0.0016f,0.7019f,0.7493f,-0.1426f,-0.6467f,0.0535f,0f,0f,0f,1f],start_interpolation: 0,interpolation_duration: 1}
data modify entity @s data merge value {"cameras":{"camera1":{"px":0.21298018059381676,"py":1.4979568585302057,"pz":1.474026577761082,"ry":163.554812578125,"rx":0}},"locators":{}}