# This file was generated by Animated Java via MC-Build. It is not recommended to edit this file directly.
$data merge entity $(bone_layer) {transformation: [-0.919f,0.0063f,-0.3943f,0.0113f,-0.0533f,0.9887f,0.14f,1.3375f,0.3908f,0.1497f,-0.9082f,0.2338f,0f,0f,0f,1f],start_interpolation: 0,interpolation_duration: 1}
$data merge entity $(bone_l_1) {transformation: [-0.919f,0.0063f,-0.3943f,0.006f,-0.0533f,0.9887f,0.14f,1.4496f,0.3908f,0.1497f,-0.9082f,0.5166f,0f,0f,0f,1f],start_interpolation: 0,interpolation_duration: 1}
$data merge entity $(bone_eye_l) {transformation: [-0.919f,0.0063f,-0.3943f,0.0076f,-0.0533f,0.9887f,0.14f,1.3389f,0.3908f,0.1497f,-0.9082f,0.2253f,0f,0f,0f,1f],start_interpolation: 0,interpolation_duration: 1}
$data merge entity $(bone_r_1) {transformation: [-0.919f,0.0063f,-0.3943f,0.207f,-0.0533f,0.9887f,0.14f,1.4613f,0.3908f,0.1497f,-0.9082f,0.4311f,0f,0f,0f,1f],start_interpolation: 0,interpolation_duration: 1}
$data merge entity $(bone_eye_r) {transformation: [-0.919f,0.0063f,-0.3943f,0.2187f,-0.0533f,0.9887f,0.14f,1.4352f,0.3908f,0.1497f,-0.9082f,0.4151f,0f,0f,0f,1f],start_interpolation: 0,interpolation_duration: 1}
$data merge entity $(bone_eyes_down) {transformation: [-0.919f,0.0063f,-0.3943f,0.0119f,-0.0533f,0.9887f,0.14f,1.4302f,0.3908f,0.1497f,-0.9082f,0.2478f,0f,0f,0f,1f],start_interpolation: 0,interpolation_duration: 1}
$data merge entity $(bone_eyes_up) {transformation: [-0.919f,0.0063f,-0.3943f,0.0124f,-0.0533f,0.9887f,0.14f,1.5539f,0.3908f,0.1497f,-0.9082f,0.266f,0f,0f,0f,1f],start_interpolation: 0,interpolation_duration: 1}
$data merge entity $(bone_bone) {transformation: [-0.919f,0.0063f,-0.3943f,0.0113f,-0.0533f,0.9887f,0.14f,1.3375f,0.3908f,0.1497f,-0.9082f,0.2338f,0f,0f,0f,1f],start_interpolation: 0,interpolation_duration: 1}
$data merge entity $(bone_l) {transformation: [-0.9161f,-0.0554f,-0.3943f,-0.0012f,-0.1393f,0.7352f,0.14f,1.5036f,0.3763f,0.1374f,-0.9082f,0.547f,0f,0f,0f,1f],start_interpolation: 0,interpolation_duration: 1}
$data merge entity $(bone_r) {transformation: [-0.915f,0.0648f,-0.3943f,0.2285f,0.033f,0.7422f,0.14f,1.5169f,0.4023f,0.0863f,-0.9082f,0.4493f,0f,0f,0f,1f],start_interpolation: 0,interpolation_duration: 1}
$data merge entity $(bone_sad) {transformation: [0f,0f,0f,-0.0598f,0f,0f,0f,0.8495f,0f,0f,0f,0.4543f,0f,0f,0f,1f],start_interpolation: 0,interpolation_duration: 1}
$data merge entity $(bone_head) {transformation: [-0.919f,0.0063f,-0.3943f,0.0113f,-0.0533f,0.9887f,0.14f,1.3375f,0.3908f,0.1497f,-0.9082f,0.2338f,0f,0f,0f,1f],start_interpolation: 0,interpolation_duration: 1}
$data merge entity $(bone_6) {transformation: [-0.898f,-0.1354f,-0.4185f,0.2389f,-0.1908f,0.9772f,0.0932f,0.4048f,0.3964f,0.1636f,-0.9034f,0.2156f,0f,0f,0f,1f],start_interpolation: 0,interpolation_duration: 1}
$data merge entity $(bone_12) {transformation: [-0.898f,-0.3486f,-0.2684f,0.1082f,-0.1908f,0.8584f,-0.4762f,0.7267f,0.3964f,-0.3764f,-0.8374f,0.0745f,0f,0f,0f,1f],start_interpolation: 0,interpolation_duration: 1}
$data merge entity $(bone_10) {transformation: [-0.919f,-0.0925f,-0.3834f,-0.0258f,-0.0533f,0.9923f,-0.1115f,1.0305f,0.3907f,-0.082f,-0.9168f,0.1046f,0f,0f,0f,1f],start_interpolation: 0,interpolation_duration: 1}
$data merge entity $(bone_9) {transformation: [-0.919f,0.1151f,-0.3772f,0.0173f,-0.0533f,0.9114f,0.408f,1.3722f,0.3907f,0.3951f,-0.8314f,0.2528f,0f,0f,0f,1f],start_interpolation: 0,interpolation_duration: 1}
$data merge entity $(item_display_item_display) {transformation: [-0.4636f,0.5095f,-0.2771f,-0.5327f,-0.2914f,0.1021f,0.6753f,1.0455f,0.5014f,0.5304f,0.1362f,0.7703f,0f,0f,0f,1f],start_interpolation: 0,interpolation_duration: 1}
$data merge entity $(bone_2) {transformation: [0.3695f,0.6479f,0.651f,-0.5742f,-0.9003f,0.3942f,0.1186f,1.107f,-0.1816f,-0.6363f,0.7364f,0.3811f,0f,0f,0f,1f],start_interpolation: 0,interpolation_duration: 1}
$data merge entity $(bone_1) {transformation: [0.3695f,0.8888f,0.2317f,-0.2672f,-0.9003f,0.3998f,-0.0981f,1.2438f,-0.1816f,-0.1741f,0.9575f,0.3272f,0f,0f,0f,1f],start_interpolation: 0,interpolation_duration: 1}
$data merge entity $(bone_4) {transformation: [-0.7919f,0.3435f,0.5049f,0.518f,-0.6071f,-0.3542f,-0.7113f,1.066f,-0.0655f,-0.8698f,0.4891f,0.2363f,0f,0f,0f,1f],start_interpolation: 0,interpolation_duration: 1}
$data merge entity $(bone_3) {transformation: [-0.8111f,-0.5531f,0.19f,0.3106f,-0.5189f,0.5307f,-0.6702f,1.265f,0.2699f,-0.6422f,-0.7175f,-0.0045f,0f,0f,0f,1f],start_interpolation: 0,interpolation_duration: 1}
$data merge entity $(bone_8) {transformation: [-0.9463f,0.2901f,-0.1426f,-0.1359f,0.1432f,0.7715f,0.6199f,0.3949f,0.2898f,0.5662f,-0.7716f,0.2635f,0f,0f,0f,1f],start_interpolation: 0,interpolation_duration: 1}
$data merge entity $(bone_7) {transformation: [-0.9463f,0.1279f,-0.2969f,-0.108f,0.1432f,0.9892f,-0.0302f,0.7028f,0.2898f,-0.0711f,-0.9544f,0.2026f,0f,0f,0f,1f],start_interpolation: 0,interpolation_duration: 1}
data modify entity @s data merge value {"cameras":{"camera1":{"px":0.02749999999999974,"py":1.46625,"pz":2.136875,"ry":179.96679367460962,"rx":0}},"locators":{}}