# This file was generated by Animated Java via MC-Build. It is not recommended to edit this file directly.
$data merge entity $(bone_layer) {transformation: [-0.919f,0.0055f,-0.3943f,0.0113f,-0.0533f,0.989f,0.138f,1.3375f,0.3908f,0.1478f,-0.9086f,0.2338f,0f,0f,0f,1f],start_interpolation: 0,interpolation_duration: 1}
$data merge entity $(bone_l_1) {transformation: [-0.919f,0.0055f,-0.3943f,0.0058f,-0.0533f,0.989f,0.138f,1.4502f,0.3908f,0.1478f,-0.9086f,0.5164f,0f,0f,0f,1f],start_interpolation: 0,interpolation_duration: 1}
$data merge entity $(bone_eye_l) {transformation: [-0.919f,0.0055f,-0.3943f,0.0076f,-0.0533f,0.989f,0.138f,1.3388f,0.3908f,0.1478f,-0.9086f,0.2253f,0f,0f,0f,1f],start_interpolation: 0,interpolation_duration: 1}
$data merge entity $(bone_r_1) {transformation: [-0.919f,0.0055f,-0.3943f,0.2069f,-0.0533f,0.989f,0.138f,1.4618f,0.3908f,0.1478f,-0.9086f,0.4309f,0f,0f,0f,1f],start_interpolation: 0,interpolation_duration: 1}
$data merge entity $(bone_eye_r) {transformation: [-0.919f,0.0055f,-0.3943f,0.2186f,-0.0533f,0.989f,0.138f,1.4357f,0.3908f,0.1478f,-0.9086f,0.4149f,0f,0f,0f,1f],start_interpolation: 0,interpolation_duration: 1}
$data merge entity $(bone_eyes_down) {transformation: [-0.919f,0.0055f,-0.3943f,0.0118f,-0.0533f,0.989f,0.138f,1.4303f,0.3908f,0.1478f,-0.9086f,0.2477f,0f,0f,0f,1f],start_interpolation: 0,interpolation_duration: 1}
$data merge entity $(bone_eyes_up) {transformation: [-0.919f,0.0055f,-0.3943f,0.0122f,-0.0533f,0.989f,0.138f,1.554f,0.3908f,0.1478f,-0.9086f,0.2656f,0f,0f,0f,1f],start_interpolation: 0,interpolation_duration: 1}
$data merge entity $(bone_bone) {transformation: [-0.919f,0.0055f,-0.3943f,0.0113f,-0.0533f,0.989f,0.138f,1.3375f,0.3908f,0.1478f,-0.9086f,0.2338f,0f,0f,0f,1f],start_interpolation: 0,interpolation_duration: 1}
$data merge entity $(bone_l) {transformation: [-0.916f,-0.056f,-0.3943f,-0.0014f,-0.1393f,0.7354f,0.138f,1.5041f,0.3764f,0.136f,-0.9086f,0.5466f,0f,0f,0f,1f],start_interpolation: 0,interpolation_duration: 1}
$data merge entity $(bone_r) {transformation: [-0.9151f,0.0642f,-0.3943f,0.2283f,0.0331f,0.7424f,0.138f,1.5175f,0.4022f,0.0849f,-0.9086f,0.4489f,0f,0f,0f,1f],start_interpolation: 0,interpolation_duration: 1}
$data merge entity $(bone_sad) {transformation: [0f,0f,0f,-0.0594f,0f,0f,0f,0.8498f,0f,0f,0f,0.4553f,0f,0f,0f,1f],start_interpolation: 0,interpolation_duration: 1}
$data merge entity $(bone_head) {transformation: [-0.919f,0.0055f,-0.3943f,0.0113f,-0.0533f,0.989f,0.138f,1.3375f,0.3908f,0.1478f,-0.9086f,0.2338f,0f,0f,0f,1f],start_interpolation: 0,interpolation_duration: 1}
$data merge entity $(bone_6) {transformation: [-0.8973f,-0.1379f,-0.4193f,0.2396f,-0.1926f,0.977f,0.091f,0.405f,0.3972f,0.1624f,-0.9033f,0.2153f,0f,0f,0f,1f],start_interpolation: 0,interpolation_duration: 1}
$data merge entity $(bone_12) {transformation: [-0.8973f,-0.3504f,-0.2684f,0.1082f,-0.1926f,0.858f,-0.4762f,0.7267f,0.3972f,-0.3756f,-0.8374f,0.0745f,0f,0f,0f,1f],start_interpolation: 0,interpolation_duration: 1}
$data merge entity $(bone_10) {transformation: [-0.919f,-0.0925f,-0.3834f,-0.0261f,-0.0533f,0.9923f,-0.1115f,1.0308f,0.3907f,-0.082f,-0.9168f,0.104f,0f,0f,0f,1f],start_interpolation: 0,interpolation_duration: 1}
$data merge entity $(bone_9) {transformation: [-0.919f,0.1159f,-0.377f,0.0173f,-0.0533f,0.9106f,0.4099f,1.3722f,0.3907f,0.3968f,-0.8306f,0.2528f,0f,0f,0f,1f],start_interpolation: 0,interpolation_duration: 1}
$data merge entity $(item_display_item_display) {transformation: [-0.4606f,0.5123f,-0.2771f,-0.531f,-0.2908f,0.1038f,0.6753f,1.046f,0.5046f,0.5274f,0.1362f,0.7709f,0f,0f,0f,1f],start_interpolation: 0,interpolation_duration: 1}
$data merge entity $(bone_2) {transformation: [0.3695f,0.6452f,0.6537f,-0.574f,-0.9003f,0.3937f,0.1202f,1.1069f,-0.1816f,-0.6394f,0.7337f,0.3818f,0f,0f,0f,1f],start_interpolation: 0,interpolation_duration: 1}
$data merge entity $(bone_1) {transformation: [0.3695f,0.8883f,0.2335f,-0.2672f,-0.9003f,0.4f,-0.0973f,1.2438f,-0.1816f,-0.1761f,0.9571f,0.3272f,0f,0f,0f,1f],start_interpolation: 0,interpolation_duration: 1}
$data merge entity $(bone_4) {transformation: [-0.7923f,0.3434f,0.5043f,0.5181f,-0.6066f,-0.3544f,-0.7117f,1.0655f,-0.0657f,-0.8697f,0.4891f,0.2357f,0f,0f,0f,1f],start_interpolation: 0,interpolation_duration: 1}
$data merge entity $(bone_3) {transformation: [-0.8111f,-0.5535f,0.1889f,0.3106f,-0.5189f,0.5321f,-0.6691f,1.265f,0.2699f,-0.6407f,-0.7188f,-0.0045f,0f,0f,0f,1f],start_interpolation: 0,interpolation_duration: 1}
$data merge entity $(bone_8) {transformation: [-0.946f,0.2919f,-0.1407f,-0.1365f,0.1452f,0.77f,0.6213f,0.395f,0.2897f,0.5673f,-0.7708f,0.2637f,0f,0f,0f,1f],start_interpolation: 0,interpolation_duration: 1}
$data merge entity $(bone_7) {transformation: [-0.946f,0.1299f,-0.2969f,-0.108f,0.1452f,0.9889f,-0.0302f,0.7028f,0.2897f,-0.0717f,-0.9544f,0.2026f,0f,0f,0f,1f],start_interpolation: 0,interpolation_duration: 1}