# This file was generated by Animated Java via MC-Build. It is not recommended to edit this file directly.
$data merge entity $(bone_layer) {transformation: [-0.919f,0.0046f,-0.3943f,0.0113f,-0.0533f,0.9893f,0.1358f,1.3375f,0.3908f,0.1458f,-0.9089f,0.2338f,0f,0f,0f,1f],start_interpolation: 0,interpolation_duration: 1}
$data merge entity $(bone_l_1) {transformation: [-0.919f,0.0046f,-0.3943f,0.0057f,-0.0533f,0.9893f,0.1358f,1.4507f,0.3908f,0.1458f,-0.9089f,0.5161f,0f,0f,0f,1f],start_interpolation: 0,interpolation_duration: 1}
$data merge entity $(bone_eye_l) {transformation: [-0.919f,0.0046f,-0.3943f,0.0076f,-0.0533f,0.9893f,0.1358f,1.3388f,0.3908f,0.1458f,-0.9089f,0.2253f,0f,0f,0f,1f],start_interpolation: 0,interpolation_duration: 1}
$data merge entity $(bone_r_1) {transformation: [-0.919f,0.0046f,-0.3943f,0.2068f,-0.0533f,0.9893f,0.1358f,1.4624f,0.3908f,0.1458f,-0.9089f,0.4307f,0f,0f,0f,1f],start_interpolation: 0,interpolation_duration: 1}
$data merge entity $(bone_eye_r) {transformation: [-0.919f,0.0046f,-0.3943f,0.2185f,-0.0533f,0.9893f,0.1358f,1.4363f,0.3908f,0.1458f,-0.9089f,0.4148f,0f,0f,0f,1f],start_interpolation: 0,interpolation_duration: 1}
$data merge entity $(bone_eyes_down) {transformation: [-0.919f,0.0046f,-0.3943f,0.0117f,-0.0533f,0.9893f,0.1358f,1.4303f,0.3908f,0.1458f,-0.9089f,0.2475f,0f,0f,0f,1f],start_interpolation: 0,interpolation_duration: 1}
$data merge entity $(bone_eyes_up) {transformation: [-0.919f,0.0046f,-0.3943f,0.012f,-0.0533f,0.9893f,0.1358f,1.554f,0.3908f,0.1458f,-0.9089f,0.2651f,0f,0f,0f,1f],start_interpolation: 0,interpolation_duration: 1}
$data merge entity $(bone_bone) {transformation: [-0.919f,0.0046f,-0.3943f,0.0113f,-0.0533f,0.9893f,0.1358f,1.3375f,0.3908f,0.1458f,-0.9089f,0.2338f,0f,0f,0f,1f],start_interpolation: 0,interpolation_duration: 1}
$data merge entity $(bone_l) {transformation: [-0.9159f,-0.0566f,-0.3943f,-0.0016f,-0.1394f,0.7357f,0.1358f,1.5048f,0.3766f,0.1345f,-0.9089f,0.5463f,0f,0f,0f,1f],start_interpolation: 0,interpolation_duration: 1}
$data merge entity $(bone_r) {transformation: [-0.9151f,0.0635f,-0.3943f,0.2282f,0.0331f,0.7426f,0.1358f,1.5181f,0.402f,0.0834f,-0.9089f,0.4486f,0f,0f,0f,1f],start_interpolation: 0,interpolation_duration: 1}
$data merge entity $(bone_sad) {transformation: [0f,0f,0f,-0.059f,0f,0f,0f,0.8502f,0f,0f,0f,0.4562f,0f,0f,0f,1f],start_interpolation: 0,interpolation_duration: 1}
$data merge entity $(bone_head) {transformation: [-0.919f,0.0046f,-0.3943f,0.0113f,-0.0533f,0.9893f,0.1358f,1.3375f,0.3908f,0.1458f,-0.9089f,0.2338f,0f,0f,0f,1f],start_interpolation: 0,interpolation_duration: 1}
$data merge entity $(bone_6) {transformation: [-0.8965f,-0.1404f,-0.4201f,0.2403f,-0.1945f,0.9769f,0.0886f,0.4051f,0.398f,0.1611f,-0.9031f,0.215f,0f,0f,0f,1f],start_interpolation: 0,interpolation_duration: 1}
$data merge entity $(bone_12) {transformation: [-0.8965f,-0.3524f,-0.2684f,0.1082f,-0.1945f,0.8575f,-0.4762f,0.7267f,0.398f,-0.3747f,-0.8374f,0.0745f,0f,0f,0f,1f],start_interpolation: 0,interpolation_duration: 1}
$data merge entity $(bone_10) {transformation: [-0.919f,-0.0925f,-0.3834f,-0.0264f,-0.0533f,0.9923f,-0.1115f,1.0311f,0.3907f,-0.082f,-0.9168f,0.1033f,0f,0f,0f,1f],start_interpolation: 0,interpolation_duration: 1}
$data merge entity $(bone_9) {transformation: [-0.919f,0.1167f,-0.3767f,0.0173f,-0.0533f,0.9096f,0.4119f,1.3722f,0.3907f,0.3987f,-0.8297f,0.2528f,0f,0f,0f,1f],start_interpolation: 0,interpolation_duration: 1}
$data merge entity $(item_display_item_display) {transformation: [-0.4573f,0.5152f,-0.2771f,-0.5292f,-0.2901f,0.1057f,0.6753f,1.0466f,0.508f,0.5241f,0.1362f,0.7716f,0f,0f,0f,1f],start_interpolation: 0,interpolation_duration: 1}
$data merge entity $(bone_2) {transformation: [0.3695f,0.6423f,0.6566f,-0.5738f,-0.9003f,0.3932f,0.122f,1.1068f,-0.1816f,-0.6426f,0.7309f,0.3825f,0f,0f,0f,1f],start_interpolation: 0,interpolation_duration: 1}
$data merge entity $(bone_1) {transformation: [0.3695f,0.8878f,0.2355f,-0.2672f,-0.9003f,0.4002f,-0.0964f,1.2438f,-0.1816f,-0.1782f,0.9567f,0.3272f,0f,0f,0f,1f],start_interpolation: 0,interpolation_duration: 1}
$data merge entity $(bone_4) {transformation: [-0.7928f,0.3433f,0.5036f,0.5183f,-0.606f,-0.3547f,-0.7121f,1.0649f,-0.0658f,-0.8697f,0.4892f,0.2351f,0f,0f,0f,1f],start_interpolation: 0,interpolation_duration: 1}
$data merge entity $(bone_3) {transformation: [-0.8111f,-0.554f,0.1876f,0.3106f,-0.5189f,0.5335f,-0.6679f,1.265f,0.2699f,-0.6391f,-0.7202f,-0.0045f,0f,0f,0f,1f],start_interpolation: 0,interpolation_duration: 1}
$data merge entity $(bone_8) {transformation: [-0.9458f,0.2938f,-0.1387f,-0.1372f,0.1474f,0.7684f,0.6228f,0.3951f,0.2895f,0.5686f,-0.77f,0.2639f,0f,0f,0f,1f],start_interpolation: 0,interpolation_duration: 1}
$data merge entity $(bone_7) {transformation: [-0.9458f,0.1319f,-0.2969f,-0.108f,0.1474f,0.9886f,-0.0302f,0.7028f,0.2895f,-0.0723f,-0.9544f,0.2026f,0f,0f,0f,1f],start_interpolation: 0,interpolation_duration: 1}