# This file was generated by Animated Java via MC-Build. It is not recommended to edit this file directly.
$data merge entity $(bone_layer) {transformation: [-0.919f,0.0037f,-0.3944f,0.0113f,-0.0533f,0.9896f,0.1335f,1.3375f,0.3908f,0.1437f,-0.9092f,0.2338f,0f,0f,0f,1f],start_interpolation: 0,interpolation_duration: 1}
$data merge entity $(bone_l_1) {transformation: [-0.919f,0.0037f,-0.3944f,0.0056f,-0.0533f,0.9896f,0.1335f,1.4513f,0.3908f,0.1437f,-0.9092f,0.5159f,0f,0f,0f,1f],start_interpolation: 0,interpolation_duration: 1}
$data merge entity $(bone_eye_l) {transformation: [-0.919f,0.0037f,-0.3944f,0.0076f,-0.0533f,0.9896f,0.1335f,1.3388f,0.3908f,0.1437f,-0.9092f,0.2253f,0f,0f,0f,1f],start_interpolation: 0,interpolation_duration: 1}
$data merge entity $(bone_r_1) {transformation: [-0.919f,0.0037f,-0.3944f,0.2066f,-0.0533f,0.9896f,0.1335f,1.463f,0.3908f,0.1437f,-0.9092f,0.4304f,0f,0f,0f,1f],start_interpolation: 0,interpolation_duration: 1}
$data merge entity $(bone_eye_r) {transformation: [-0.919f,0.0037f,-0.3944f,0.2184f,-0.0533f,0.9896f,0.1335f,1.4368f,0.3908f,0.1437f,-0.9092f,0.4146f,0f,0f,0f,1f],start_interpolation: 0,interpolation_duration: 1}
$data merge entity $(bone_eyes_down) {transformation: [-0.919f,0.0037f,-0.3944f,0.0116f,-0.0533f,0.9896f,0.1335f,1.4303f,0.3908f,0.1437f,-0.9092f,0.2473f,0f,0f,0f,1f],start_interpolation: 0,interpolation_duration: 1}
$data merge entity $(bone_eyes_up) {transformation: [-0.919f,0.0037f,-0.3944f,0.0118f,-0.0533f,0.9896f,0.1335f,1.5541f,0.3908f,0.1437f,-0.9092f,0.2647f,0f,0f,0f,1f],start_interpolation: 0,interpolation_duration: 1}
$data merge entity $(bone_bone) {transformation: [-0.919f,0.0037f,-0.3944f,0.0113f,-0.0533f,0.9896f,0.1335f,1.3375f,0.3908f,0.1437f,-0.9092f,0.2338f,0f,0f,0f,1f],start_interpolation: 0,interpolation_duration: 1}
$data merge entity $(bone_l) {transformation: [-0.9159f,-0.0573f,-0.3944f,-0.0018f,-0.1394f,0.7359f,0.1335f,1.5054f,0.3768f,0.1329f,-0.9092f,0.5459f,0f,0f,0f,1f],start_interpolation: 0,interpolation_duration: 1}
$data merge entity $(bone_r) {transformation: [-0.9152f,0.0628f,-0.3944f,0.228f,0.0331f,0.7429f,0.1335f,1.5188f,0.4018f,0.0818f,-0.9092f,0.4482f,0f,0f,0f,1f],start_interpolation: 0,interpolation_duration: 1}
$data merge entity $(bone_sad) {transformation: [0f,0f,0f,-0.0586f,0f,0f,0f,0.8506f,0f,0f,0f,0.4573f,0f,0f,0f,1f],start_interpolation: 0,interpolation_duration: 1}
$data merge entity $(bone_head) {transformation: [-0.919f,0.0037f,-0.3944f,0.0113f,-0.0533f,0.9896f,0.1335f,1.3375f,0.3908f,0.1437f,-0.9092f,0.2338f,0f,0f,0f,1f],start_interpolation: 0,interpolation_duration: 1}
$data merge entity $(bone_6) {transformation: [-0.8957f,-0.1431f,-0.421f,0.2411f,-0.1965f,0.9767f,0.0861f,0.4053f,0.3988f,0.1598f,-0.903f,0.2146f,0f,0f,0f,1f],start_interpolation: 0,interpolation_duration: 1}
$data merge entity $(bone_12) {transformation: [-0.8957f,-0.3545f,-0.2684f,0.1082f,-0.1965f,0.8571f,-0.4762f,0.7267f,0.3988f,-0.3738f,-0.8374f,0.0745f,0f,0f,0f,1f],start_interpolation: 0,interpolation_duration: 1}
$data merge entity $(bone_10) {transformation: [-0.919f,-0.0925f,-0.3834f,-0.0268f,-0.0533f,0.9923f,-0.1115f,1.0315f,0.3907f,-0.082f,-0.9168f,0.1026f,0f,0f,0f,1f],start_interpolation: 0,interpolation_duration: 1}
$data merge entity $(bone_9) {transformation: [-0.919f,0.1176f,-0.3764f,0.0173f,-0.0533f,0.9087f,0.414f,1.3722f,0.3907f,0.4006f,-0.8288f,0.2528f,0f,0f,0f,1f],start_interpolation: 0,interpolation_duration: 1}
$data merge entity $(item_display_item_display) {transformation: [-0.4539f,0.5182f,-0.2771f,-0.5274f,-0.2894f,0.1076f,0.6753f,1.0473f,0.5114f,0.5208f,0.1362f,0.7722f,0f,0f,0f,1f],start_interpolation: 0,interpolation_duration: 1}
$data merge entity $(bone_2) {transformation: [0.3695f,0.6393f,0.6595f,-0.5737f,-0.9003f,0.3926f,0.1238f,1.1067f,-0.1816f,-0.646f,0.7279f,0.3833f,0f,0f,0f,1f],start_interpolation: 0,interpolation_duration: 1}
$data merge entity $(bone_1) {transformation: [0.3695f,0.8872f,0.2375f,-0.2672f,-0.9003f,0.4005f,-0.0955f,1.2438f,-0.1816f,-0.1804f,0.9563f,0.3272f,0f,0f,0f,1f],start_interpolation: 0,interpolation_duration: 1}
$data merge entity $(bone_4) {transformation: [-0.7932f,0.3432f,0.503f,0.5185f,-0.6053f,-0.3549f,-0.7125f,1.0644f,-0.066f,-0.8696f,0.4893f,0.2345f,0f,0f,0f,1f],start_interpolation: 0,interpolation_duration: 1}
$data merge entity $(bone_3) {transformation: [-0.8111f,-0.5544f,0.1864f,0.3106f,-0.5189f,0.5351f,-0.6667f,1.265f,0.2699f,-0.6375f,-0.7217f,-0.0045f,0f,0f,0f,1f],start_interpolation: 0,interpolation_duration: 1}
$data merge entity $(bone_8) {transformation: [-0.9454f,0.2958f,-0.1366f,-0.1379f,0.1497f,0.7667f,0.6243f,0.3952f,0.2894f,0.5698f,-0.7691f,0.2641f,0f,0f,0f,1f],start_interpolation: 0,interpolation_duration: 1}
$data merge entity $(bone_7) {transformation: [-0.9454f,0.1341f,-0.2969f,-0.108f,0.1497f,0.9883f,-0.0302f,0.7028f,0.2894f,-0.073f,-0.9544f,0.2026f,0f,0f,0f,1f],start_interpolation: 0,interpolation_duration: 1}