# This file was generated by Animated Java via MC-Build. It is not recommended to edit this file directly.
$data merge entity $(bone_layer) {transformation: [-0.919f,0.0027f,-0.3944f,0.0113f,-0.0533f,0.9899f,0.1312f,1.3375f,0.3908f,0.1416f,-0.9095f,0.2338f,0f,0f,0f,1f],start_interpolation: 0,interpolation_duration: 1}
$data merge entity $(bone_l_1) {transformation: [-0.919f,0.0027f,-0.3944f,0.0054f,-0.0533f,0.9899f,0.1312f,1.4519f,0.3908f,0.1416f,-0.9095f,0.5156f,0f,0f,0f,1f],start_interpolation: 0,interpolation_duration: 1}
$data merge entity $(bone_eye_l) {transformation: [-0.919f,0.0027f,-0.3944f,0.0076f,-0.0533f,0.9899f,0.1312f,1.3388f,0.3908f,0.1416f,-0.9095f,0.2253f,0f,0f,0f,1f],start_interpolation: 0,interpolation_duration: 1}
$data merge entity $(bone_r_1) {transformation: [-0.919f,0.0027f,-0.3944f,0.2065f,-0.0533f,0.9899f,0.1312f,1.4636f,0.3908f,0.1416f,-0.9095f,0.4302f,0f,0f,0f,1f],start_interpolation: 0,interpolation_duration: 1}
$data merge entity $(bone_eye_r) {transformation: [-0.919f,0.0027f,-0.3944f,0.2183f,-0.0533f,0.9899f,0.1312f,1.4374f,0.3908f,0.1416f,-0.9095f,0.4144f,0f,0f,0f,1f],start_interpolation: 0,interpolation_duration: 1}
$data merge entity $(bone_eyes_down) {transformation: [-0.919f,0.0027f,-0.3944f,0.0115f,-0.0533f,0.9899f,0.1312f,1.4304f,0.3908f,0.1416f,-0.9095f,0.2471f,0f,0f,0f,1f],start_interpolation: 0,interpolation_duration: 1}
$data merge entity $(bone_eyes_up) {transformation: [-0.919f,0.0027f,-0.3944f,0.0116f,-0.0533f,0.9899f,0.1312f,1.5542f,0.3908f,0.1416f,-0.9095f,0.2642f,0f,0f,0f,1f],start_interpolation: 0,interpolation_duration: 1}
$data merge entity $(bone_bone) {transformation: [-0.919f,0.0027f,-0.3944f,0.0113f,-0.0533f,0.9899f,0.1312f,1.3375f,0.3908f,0.1416f,-0.9095f,0.2338f,0f,0f,0f,1f],start_interpolation: 0,interpolation_duration: 1}
$data merge entity $(bone_l) {transformation: [-0.9158f,-0.058f,-0.3944f,-0.002f,-0.1394f,0.7361f,0.1312f,1.5061f,0.377f,0.1313f,-0.9095f,0.5456f,0f,0f,0f,1f],start_interpolation: 0,interpolation_duration: 1}
$data merge entity $(bone_r) {transformation: [-0.9153f,0.0621f,-0.3944f,0.2278f,0.0331f,0.7431f,0.1312f,1.5194f,0.4016f,0.0802f,-0.9095f,0.4479f,0f,0f,0f,1f],start_interpolation: 0,interpolation_duration: 1}
$data merge entity $(bone_sad) {transformation: [0f,0f,0f,-0.0582f,0f,0f,0f,0.8511f,0f,0f,0f,0.4583f,0f,0f,0f,1f],start_interpolation: 0,interpolation_duration: 1}
$data merge entity $(bone_head) {transformation: [-0.919f,0.0027f,-0.3944f,0.0113f,-0.0533f,0.9899f,0.1312f,1.3375f,0.3908f,0.1416f,-0.9095f,0.2338f,0f,0f,0f,1f],start_interpolation: 0,interpolation_duration: 1}
$data merge entity $(bone_6) {transformation: [-0.8949f,-0.1459f,-0.4218f,0.2419f,-0.1985f,0.9765f,0.0835f,0.4055f,0.3997f,0.1585f,-0.9028f,0.2143f,0f,0f,0f,1f],start_interpolation: 0,interpolation_duration: 1}
$data merge entity $(bone_12) {transformation: [-0.8949f,-0.3566f,-0.2684f,0.1082f,-0.1985f,0.8566f,-0.4762f,0.7267f,0.3997f,-0.3729f,-0.8374f,0.0745f,0f,0f,0f,1f],start_interpolation: 0,interpolation_duration: 1}
$data merge entity $(bone_10) {transformation: [-0.919f,-0.0925f,-0.3834f,-0.0271f,-0.0533f,0.9923f,-0.1115f,1.0319f,0.3907f,-0.082f,-0.9168f,0.1018f,0f,0f,0f,1f],start_interpolation: 0,interpolation_duration: 1}
$data merge entity $(bone_9) {transformation: [-0.919f,0.1185f,-0.3762f,0.0173f,-0.0533f,0.9077f,0.4162f,1.3722f,0.3907f,0.4025f,-0.8278f,0.2528f,0f,0f,0f,1f],start_interpolation: 0,interpolation_duration: 1}
$data merge entity $(item_display_item_display) {transformation: [-0.4503f,0.5213f,-0.2771f,-0.5255f,-0.2887f,0.1096f,0.6753f,1.0479f,0.515f,0.5172f,0.1362f,0.7729f,0f,0f,0f,1f],start_interpolation: 0,interpolation_duration: 1}
$data merge entity $(bone_2) {transformation: [0.3695f,0.6361f,0.6625f,-0.5735f,-0.9003f,0.3921f,0.1256f,1.1067f,-0.1816f,-0.6494f,0.7248f,0.3841f,0f,0f,0f,1f],start_interpolation: 0,interpolation_duration: 1}
$data merge entity $(bone_1) {transformation: [0.3695f,0.8867f,0.2396f,-0.2672f,-0.9003f,0.4007f,-0.0945f,1.2438f,-0.1816f,-0.1826f,0.9559f,0.3272f,0f,0f,0f,1f],start_interpolation: 0,interpolation_duration: 1}
$data merge entity $(bone_4) {transformation: [-0.7937f,0.3431f,0.5023f,0.5186f,-0.6047f,-0.3551f,-0.7129f,1.0638f,-0.0662f,-0.8696f,0.4893f,0.2339f,0f,0f,0f,1f],start_interpolation: 0,interpolation_duration: 1}
$data merge entity $(bone_3) {transformation: [-0.8111f,-0.5548f,0.1851f,0.3106f,-0.5189f,0.5367f,-0.6654f,1.265f,0.2699f,-0.6357f,-0.7232f,-0.0045f,0f,0f,0f,1f],start_interpolation: 0,interpolation_duration: 1}
$data merge entity $(bone_8) {transformation: [-0.9451f,0.2978f,-0.1344f,-0.1386f,0.152f,0.7649f,0.6259f,0.3953f,0.2892f,0.5711f,-0.7682f,0.2644f,0f,0f,0f,1f],start_interpolation: 0,interpolation_duration: 1}
$data merge entity $(bone_7) {transformation: [-0.9451f,0.1364f,-0.2969f,-0.108f,0.152f,0.9879f,-0.0302f,0.7028f,0.2892f,-0.0737f,-0.9544f,0.2026f,0f,0f,0f,1f],start_interpolation: 0,interpolation_duration: 1}