# This file was generated by Animated Java via MC-Build. It is not recommended to edit this file directly.
$data merge entity $(bone_layer) {transformation: [-0.919f,0.0018f,-0.3944f,0.0113f,-0.0533f,0.9902f,0.1288f,1.3375f,0.3908f,0.1394f,-0.9099f,0.2338f,0f,0f,0f,1f],start_interpolation: 0,interpolation_duration: 1}
$data merge entity $(bone_l_1) {transformation: [-0.919f,0.0018f,-0.3944f,0.0053f,-0.0533f,0.9902f,0.1288f,1.4526f,0.3908f,0.1394f,-0.9099f,0.5154f,0f,0f,0f,1f],start_interpolation: 0,interpolation_duration: 1}
$data merge entity $(bone_eye_l) {transformation: [-0.919f,0.0018f,-0.3944f,0.0076f,-0.0533f,0.9902f,0.1288f,1.3388f,0.3908f,0.1394f,-0.9099f,0.2253f,0f,0f,0f,1f],start_interpolation: 0,interpolation_duration: 1}
$data merge entity $(bone_r_1) {transformation: [-0.919f,0.0018f,-0.3944f,0.2063f,-0.0533f,0.9902f,0.1288f,1.4642f,0.3908f,0.1394f,-0.9099f,0.4299f,0f,0f,0f,1f],start_interpolation: 0,interpolation_duration: 1}
$data merge entity $(bone_eye_r) {transformation: [-0.919f,0.0018f,-0.3944f,0.2182f,-0.0533f,0.9902f,0.1288f,1.438f,0.3908f,0.1394f,-0.9099f,0.4142f,0f,0f,0f,1f],start_interpolation: 0,interpolation_duration: 1}
$data merge entity $(bone_eyes_down) {transformation: [-0.919f,0.0018f,-0.3944f,0.0114f,-0.0533f,0.9902f,0.1288f,1.4304f,0.3908f,0.1394f,-0.9099f,0.2469f,0f,0f,0f,1f],start_interpolation: 0,interpolation_duration: 1}
$data merge entity $(bone_eyes_up) {transformation: [-0.919f,0.0018f,-0.3944f,0.0114f,-0.0533f,0.9902f,0.1288f,1.5542f,0.3908f,0.1394f,-0.9099f,0.2637f,0f,0f,0f,1f],start_interpolation: 0,interpolation_duration: 1}
$data merge entity $(bone_bone) {transformation: [-0.919f,0.0018f,-0.3944f,0.0113f,-0.0533f,0.9902f,0.1288f,1.3375f,0.3908f,0.1394f,-0.9099f,0.2338f,0f,0f,0f,1f],start_interpolation: 0,interpolation_duration: 1}
$data merge entity $(bone_l) {transformation: [-0.9157f,-0.0587f,-0.3944f,-0.0022f,-0.1394f,0.7364f,0.1288f,1.5068f,0.3772f,0.1297f,-0.9099f,0.5452f,0f,0f,0f,1f],start_interpolation: 0,interpolation_duration: 1}
$data merge entity $(bone_r) {transformation: [-0.9154f,0.0614f,-0.3944f,0.2276f,0.0332f,0.7433f,0.1288f,1.5201f,0.4014f,0.0786f,-0.9099f,0.4475f,0f,0f,0f,1f],start_interpolation: 0,interpolation_duration: 1}
$data merge entity $(bone_sad) {transformation: [0f,0f,0f,-0.0578f,0f,0f,0f,0.8515f,0f,0f,0f,0.4594f,0f,0f,0f,1f],start_interpolation: 0,interpolation_duration: 1}
$data merge entity $(bone_head) {transformation: [-0.919f,0.0018f,-0.3944f,0.0113f,-0.0533f,0.9902f,0.1288f,1.3375f,0.3908f,0.1394f,-0.9099f,0.2338f,0f,0f,0f,1f],start_interpolation: 0,interpolation_duration: 1}
$data merge entity $(bone_6) {transformation: [-0.894f,-0.1487f,-0.4227f,0.2427f,-0.2006f,0.9763f,0.0809f,0.4057f,0.4006f,0.1571f,-0.9027f,0.2139f,0f,0f,0f,1f],start_interpolation: 0,interpolation_duration: 1}
$data merge entity $(bone_12) {transformation: [-0.894f,-0.3588f,-0.2684f,0.1082f,-0.2006f,0.8561f,-0.4762f,0.7267f,0.4006f,-0.3719f,-0.8374f,0.0745f,0f,0f,0f,1f],start_interpolation: 0,interpolation_duration: 1}
$data merge entity $(bone_10) {transformation: [-0.919f,-0.0925f,-0.3834f,-0.0274f,-0.0533f,0.9923f,-0.1115f,1.0322f,0.3907f,-0.082f,-0.9168f,0.1011f,0f,0f,0f,1f],start_interpolation: 0,interpolation_duration: 1}
$data merge entity $(bone_9) {transformation: [-0.919f,0.1194f,-0.3759f,0.0173f,-0.0533f,0.9067f,0.4184f,1.3722f,0.3907f,0.4045f,-0.8268f,0.2528f,0f,0f,0f,1f],start_interpolation: 0,interpolation_duration: 1}
$data merge entity $(item_display_item_display) {transformation: [-0.4466f,0.5245f,-0.2771f,-0.5235f,-0.2879f,0.1116f,0.6753f,1.0486f,0.5186f,0.5136f,0.1362f,0.7736f,0f,0f,0f,1f],start_interpolation: 0,interpolation_duration: 1}
$data merge entity $(bone_2) {transformation: [0.3695f,0.6329f,0.6656f,-0.5733f,-0.9003f,0.3914f,0.1275f,1.1066f,-0.1816f,-0.6529f,0.7217f,0.3848f,0f,0f,0f,1f],start_interpolation: 0,interpolation_duration: 1}
$data merge entity $(bone_1) {transformation: [0.3695f,0.8861f,0.2418f,-0.2672f,-0.9003f,0.4009f,-0.0936f,1.2438f,-0.1816f,-0.1849f,0.9555f,0.3272f,0f,0f,0f,1f],start_interpolation: 0,interpolation_duration: 1}
$data merge entity $(bone_4) {transformation: [-0.7942f,0.343f,0.5017f,0.5188f,-0.6041f,-0.3554f,-0.7133f,1.0632f,-0.0664f,-0.8695f,0.4894f,0.2332f,0f,0f,0f,1f],start_interpolation: 0,interpolation_duration: 1}
$data merge entity $(bone_3) {transformation: [-0.8111f,-0.5553f,0.1837f,0.3106f,-0.5189f,0.5383f,-0.6641f,1.265f,0.2699f,-0.634f,-0.7247f,-0.0045f,0f,0f,0f,1f],start_interpolation: 0,interpolation_duration: 1}
$data merge entity $(bone_8) {transformation: [-0.9448f,0.2998f,-0.1322f,-0.1393f,0.1544f,0.7632f,0.6275f,0.3954f,0.289f,0.5724f,-0.7673f,0.2646f,0f,0f,0f,1f],start_interpolation: 0,interpolation_duration: 1}
$data merge entity $(bone_7) {transformation: [-0.9448f,0.1386f,-0.2969f,-0.108f,0.1544f,0.9875f,-0.0302f,0.7028f,0.289f,-0.0744f,-0.9544f,0.2026f,0f,0f,0f,1f],start_interpolation: 0,interpolation_duration: 1}