# This file was generated by Animated Java via MC-Build. It is not recommended to edit this file directly.
$data merge entity $(bone_layer) {transformation: [-0.919f,0.0008f,-0.3944f,0.0113f,-0.0533f,0.9905f,0.1264f,1.3375f,0.3908f,0.1372f,-0.9102f,0.2338f,0f,0f,0f,1f],start_interpolation: 0,interpolation_duration: 1}
$data merge entity $(bone_l_1) {transformation: [-0.919f,0.0008f,-0.3944f,0.0052f,-0.0533f,0.9905f,0.1264f,1.4532f,0.3908f,0.1372f,-0.9102f,0.5151f,0f,0f,0f,1f],start_interpolation: 0,interpolation_duration: 1}
$data merge entity $(bone_eye_l) {transformation: [-0.919f,0.0008f,-0.3944f,0.0076f,-0.0533f,0.9905f,0.1264f,1.3387f,0.3908f,0.1372f,-0.9102f,0.2253f,0f,0f,0f,1f],start_interpolation: 0,interpolation_duration: 1}
$data merge entity $(bone_r_1) {transformation: [-0.919f,0.0008f,-0.3944f,0.2062f,-0.0533f,0.9905f,0.1264f,1.4649f,0.3908f,0.1372f,-0.9102f,0.4297f,0f,0f,0f,1f],start_interpolation: 0,interpolation_duration: 1}
$data merge entity $(bone_eye_r) {transformation: [-0.919f,0.0008f,-0.3944f,0.2181f,-0.0533f,0.9905f,0.1264f,1.4386f,0.3908f,0.1372f,-0.9102f,0.414f,0f,0f,0f,1f],start_interpolation: 0,interpolation_duration: 1}
$data merge entity $(bone_eyes_down) {transformation: [-0.919f,0.0008f,-0.3944f,0.0113f,-0.0533f,0.9905f,0.1264f,1.4304f,0.3908f,0.1372f,-0.9102f,0.2467f,0f,0f,0f,1f],start_interpolation: 0,interpolation_duration: 1}
$data merge entity $(bone_eyes_up) {transformation: [-0.919f,0.0008f,-0.3944f,0.0112f,-0.0533f,0.9905f,0.1264f,1.5543f,0.3908f,0.1372f,-0.9102f,0.2632f,0f,0f,0f,1f],start_interpolation: 0,interpolation_duration: 1}
$data merge entity $(bone_bone) {transformation: [-0.919f,0.0008f,-0.3944f,0.0113f,-0.0533f,0.9905f,0.1264f,1.3375f,0.3908f,0.1372f,-0.9102f,0.2338f,0f,0f,0f,1f],start_interpolation: 0,interpolation_duration: 1}
$data merge entity $(bone_l) {transformation: [-0.9156f,-0.0594f,-0.3944f,-0.0024f,-0.1395f,0.7366f,0.1264f,1.5074f,0.3773f,0.128f,-0.9102f,0.5448f,0f,0f,0f,1f],start_interpolation: 0,interpolation_duration: 1}
$data merge entity $(bone_r) {transformation: [-0.9155f,0.0607f,-0.3944f,0.2274f,0.0332f,0.7436f,0.1264f,1.5208f,0.4013f,0.0769f,-0.9102f,0.4471f,0f,0f,0f,1f],start_interpolation: 0,interpolation_duration: 1}
$data merge entity $(bone_sad) {transformation: [0f,0f,0f,-0.0573f,0f,0f,0f,0.8519f,0f,0f,0f,0.4605f,0f,0f,0f,1f],start_interpolation: 0,interpolation_duration: 1}
$data merge entity $(bone_head) {transformation: [-0.919f,0.0008f,-0.3944f,0.0113f,-0.0533f,0.9905f,0.1264f,1.3375f,0.3908f,0.1372f,-0.9102f,0.2338f,0f,0f,0f,1f],start_interpolation: 0,interpolation_duration: 1}
$data merge entity $(bone_6) {transformation: [-0.8931f,-0.1515f,-0.4235f,0.2435f,-0.2027f,0.9761f,0.0782f,0.4058f,0.4015f,0.1557f,-0.9025f,0.2136f,0f,0f,0f,1f],start_interpolation: 0,interpolation_duration: 1}
$data merge entity $(bone_12) {transformation: [-0.8931f,-0.3609f,-0.2684f,0.1082f,-0.2027f,0.8557f,-0.4762f,0.7267f,0.4015f,-0.3709f,-0.8374f,0.0745f,0f,0f,0f,1f],start_interpolation: 0,interpolation_duration: 1}
$data merge entity $(bone_10) {transformation: [-0.919f,-0.0925f,-0.3834f,-0.0278f,-0.0533f,0.9923f,-0.1115f,1.0326f,0.3907f,-0.082f,-0.9168f,0.1004f,0f,0f,0f,1f],start_interpolation: 0,interpolation_duration: 1}
$data merge entity $(bone_9) {transformation: [-0.919f,0.1203f,-0.3756f,0.0173f,-0.0533f,0.9057f,0.4206f,1.3722f,0.3907f,0.4065f,-0.8259f,0.2528f,0f,0f,0f,1f],start_interpolation: 0,interpolation_duration: 1}
$data merge entity $(item_display_item_display) {transformation: [-0.4429f,0.5276f,-0.2771f,-0.5216f,-0.2871f,0.1136f,0.6753f,1.0492f,0.5222f,0.5099f,0.1362f,0.7743f,0f,0f,0f,1f],start_interpolation: 0,interpolation_duration: 1}
$data merge entity $(bone_2) {transformation: [0.3695f,0.6297f,0.6687f,-0.5731f,-0.9003f,0.3908f,0.1294f,1.1065f,-0.1816f,-0.6564f,0.7185f,0.3856f,0f,0f,0f,1f],start_interpolation: 0,interpolation_duration: 1}
$data merge entity $(bone_1) {transformation: [0.3695f,0.8855f,0.2439f,-0.2672f,-0.9003f,0.4011f,-0.0926f,1.2438f,-0.1816f,-0.1873f,0.955f,0.3272f,0f,0f,0f,1f],start_interpolation: 0,interpolation_duration: 1}
$data merge entity $(bone_4) {transformation: [-0.7946f,0.3429f,0.501f,0.519f,-0.6034f,-0.3556f,-0.7137f,1.0626f,-0.0666f,-0.8695f,0.4895f,0.2325f,0f,0f,0f,1f],start_interpolation: 0,interpolation_duration: 1}
$data merge entity $(bone_3) {transformation: [-0.8111f,-0.5557f,0.1824f,0.3106f,-0.5189f,0.5399f,-0.6628f,1.265f,0.2699f,-0.6322f,-0.7263f,-0.0045f,0f,0f,0f,1f],start_interpolation: 0,interpolation_duration: 1}
$data merge entity $(bone_8) {transformation: [-0.9445f,0.3019f,-0.1299f,-0.14f,0.1568f,0.7614f,0.6291f,0.3955f,0.2888f,0.5738f,-0.7664f,0.2648f,0f,0f,0f,1f],start_interpolation: 0,interpolation_duration: 1}
$data merge entity $(bone_7) {transformation: [-0.9445f,0.1409f,-0.2969f,-0.108f,0.1568f,0.9872f,-0.0302f,0.7028f,0.2888f,-0.0751f,-0.9544f,0.2026f,0f,0f,0f,1f],start_interpolation: 0,interpolation_duration: 1}