# This file was generated by Animated Java via MC-Build. It is not recommended to edit this file directly.
$data merge entity $(bone_layer) {transformation: [-0.919f,-0.0001f,-0.3944f,0.0113f,-0.0533f,0.9909f,0.124f,1.3375f,0.3908f,0.135f,-0.9105f,0.2338f,0f,0f,0f,1f],start_interpolation: 0,interpolation_duration: 1}
$data merge entity $(bone_l_1) {transformation: [-0.919f,-0.0001f,-0.3944f,0.005f,-0.0533f,0.9909f,0.124f,1.4538f,0.3908f,0.135f,-0.9105f,0.5149f,0f,0f,0f,1f],start_interpolation: 0,interpolation_duration: 1}
$data merge entity $(bone_eye_l) {transformation: [-0.919f,-0.0001f,-0.3944f,0.0076f,-0.0533f,0.9909f,0.124f,1.3387f,0.3908f,0.135f,-0.9105f,0.2253f,0f,0f,0f,1f],start_interpolation: 0,interpolation_duration: 1}
$data merge entity $(bone_r_1) {transformation: [-0.919f,-0.0001f,-0.3944f,0.206f,-0.0533f,0.9909f,0.124f,1.4655f,0.3908f,0.135f,-0.9105f,0.4294f,0f,0f,0f,1f],start_interpolation: 0,interpolation_duration: 1}
$data merge entity $(bone_eye_r) {transformation: [-0.919f,-0.0001f,-0.3944f,0.2179f,-0.0533f,0.9909f,0.124f,1.4392f,0.3908f,0.135f,-0.9105f,0.4138f,0f,0f,0f,1f],start_interpolation: 0,interpolation_duration: 1}
$data merge entity $(bone_eyes_down) {transformation: [-0.919f,-0.0001f,-0.3944f,0.0113f,-0.0533f,0.9909f,0.124f,1.4304f,0.3908f,0.135f,-0.9105f,0.2464f,0f,0f,0f,1f],start_interpolation: 0,interpolation_duration: 1}
$data merge entity $(bone_eyes_up) {transformation: [-0.919f,-0.0001f,-0.3944f,0.011f,-0.0533f,0.9909f,0.124f,1.5544f,0.3908f,0.135f,-0.9105f,0.2627f,0f,0f,0f,1f],start_interpolation: 0,interpolation_duration: 1}
$data merge entity $(bone_bone) {transformation: [-0.919f,-0.0001f,-0.3944f,0.0113f,-0.0533f,0.9909f,0.124f,1.3375f,0.3908f,0.135f,-0.9105f,0.2338f,0f,0f,0f,1f],start_interpolation: 0,interpolation_duration: 1}
$data merge entity $(bone_l) {transformation: [-0.9155f,-0.0602f,-0.3944f,-0.0026f,-0.1395f,0.7368f,0.124f,1.5081f,0.3775f,0.1264f,-0.9105f,0.5444f,0f,0f,0f,1f],start_interpolation: 0,interpolation_duration: 1}
$data merge entity $(bone_r) {transformation: [-0.9156f,0.06f,-0.3944f,0.2272f,0.0332f,0.7438f,0.124f,1.5215f,0.4011f,0.0753f,-0.9105f,0.4467f,0f,0f,0f,1f],start_interpolation: 0,interpolation_duration: 1}
$data merge entity $(bone_sad) {transformation: [0f,0f,0f,-0.0569f,0f,0f,0f,0.8524f,0f,0f,0f,0.4615f,0f,0f,0f,1f],start_interpolation: 0,interpolation_duration: 1}
$data merge entity $(bone_head) {transformation: [-0.919f,-0.0001f,-0.3944f,0.0113f,-0.0533f,0.9909f,0.124f,1.3375f,0.3908f,0.135f,-0.9105f,0.2338f,0f,0f,0f,1f],start_interpolation: 0,interpolation_duration: 1}
$data merge entity $(bone_6) {transformation: [-0.8923f,-0.1543f,-0.4243f,0.2443f,-0.2047f,0.9759f,0.0756f,0.406f,0.4024f,0.1543f,-0.9024f,0.2132f,0f,0f,0f,1f],start_interpolation: 0,interpolation_duration: 1}
$data merge entity $(bone_12) {transformation: [-0.8923f,-0.3631f,-0.2684f,0.1082f,-0.2047f,0.8552f,-0.4762f,0.7267f,0.4024f,-0.37f,-0.8374f,0.0745f,0f,0f,0f,1f],start_interpolation: 0,interpolation_duration: 1}
$data merge entity $(bone_10) {transformation: [-0.919f,-0.0925f,-0.3834f,-0.0281f,-0.0533f,0.9923f,-0.1115f,1.033f,0.3907f,-0.082f,-0.9168f,0.0996f,0f,0f,0f,1f],start_interpolation: 0,interpolation_duration: 1}
$data merge entity $(bone_9) {transformation: [-0.919f,0.1212f,-0.3753f,0.0173f,-0.0533f,0.9047f,0.4228f,1.3722f,0.3907f,0.4085f,-0.8249f,0.2528f,0f,0f,0f,1f],start_interpolation: 0,interpolation_duration: 1}
$data merge entity $(item_display_item_display) {transformation: [-0.4392f,0.5307f,-0.2771f,-0.5196f,-0.2863f,0.1156f,0.6753f,1.0499f,0.5258f,0.5062f,0.1362f,0.7749f,0f,0f,0f,1f],start_interpolation: 0,interpolation_duration: 1}
$data merge entity $(bone_2) {transformation: [0.3695f,0.6265f,0.6717f,-0.5729f,-0.9003f,0.3902f,0.1313f,1.1064f,-0.1816f,-0.6598f,0.7153f,0.3864f,0f,0f,0f,1f],start_interpolation: 0,interpolation_duration: 1}
$data merge entity $(bone_1) {transformation: [0.3695f,0.8849f,0.246f,-0.2672f,-0.9003f,0.4014f,-0.0916f,1.2438f,-0.1816f,-0.1896f,0.9546f,0.3272f,0f,0f,0f,1f],start_interpolation: 0,interpolation_duration: 1}
$data merge entity $(bone_4) {transformation: [-0.7951f,0.3428f,0.5003f,0.5191f,-0.6028f,-0.3559f,-0.7142f,1.062f,-0.0668f,-0.8694f,0.4896f,0.2319f,0f,0f,0f,1f],start_interpolation: 0,interpolation_duration: 1}
$data merge entity $(bone_3) {transformation: [-0.8111f,-0.5562f,0.181f,0.3106f,-0.5189f,0.5415f,-0.6615f,1.265f,0.2699f,-0.6305f,-0.7278f,-0.0045f,0f,0f,0f,1f],start_interpolation: 0,interpolation_duration: 1}
$data merge entity $(bone_8) {transformation: [-0.9441f,0.3039f,-0.1277f,-0.1407f,0.1592f,0.7595f,0.6307f,0.3957f,0.2886f,0.5751f,-0.7655f,0.265f,0f,0f,0f,1f],start_interpolation: 0,interpolation_duration: 1}
$data merge entity $(bone_7) {transformation: [-0.9441f,0.1432f,-0.2969f,-0.108f,0.1592f,0.9868f,-0.0302f,0.7028f,0.2886f,-0.0758f,-0.9544f,0.2026f,0f,0f,0f,1f],start_interpolation: 0,interpolation_duration: 1}