# This file was generated by Animated Java via MC-Build. It is not recommended to edit this file directly.
$data merge entity $(bone_layer) {transformation: [-0.919f,-0.001f,-0.3944f,0.0113f,-0.0533f,0.9911f,0.1216f,1.3375f,0.3908f,0.1328f,-0.9109f,0.2338f,0f,0f,0f,1f],start_interpolation: 0,interpolation_duration: 1}
$data merge entity $(bone_l_1) {transformation: [-0.919f,-0.001f,-0.3944f,0.0049f,-0.0533f,0.9911f,0.1216f,1.4544f,0.3908f,0.1328f,-0.9109f,0.5146f,0f,0f,0f,1f],start_interpolation: 0,interpolation_duration: 1}
$data merge entity $(bone_eye_l) {transformation: [-0.919f,-0.001f,-0.3944f,0.0076f,-0.0533f,0.9911f,0.1216f,1.3387f,0.3908f,0.1328f,-0.9109f,0.2253f,0f,0f,0f,1f],start_interpolation: 0,interpolation_duration: 1}
$data merge entity $(bone_r_1) {transformation: [-0.919f,-0.001f,-0.3944f,0.2059f,-0.0533f,0.9911f,0.1216f,1.4661f,0.3908f,0.1328f,-0.9109f,0.4291f,0f,0f,0f,1f],start_interpolation: 0,interpolation_duration: 1}
$data merge entity $(bone_eye_r) {transformation: [-0.919f,-0.001f,-0.3944f,0.2178f,-0.0533f,0.9911f,0.1216f,1.4398f,0.3908f,0.1328f,-0.9109f,0.4136f,0f,0f,0f,1f],start_interpolation: 0,interpolation_duration: 1}
$data merge entity $(bone_eyes_down) {transformation: [-0.919f,-0.001f,-0.3944f,0.0112f,-0.0533f,0.9911f,0.1216f,1.4305f,0.3908f,0.1328f,-0.9109f,0.2462f,0f,0f,0f,1f],start_interpolation: 0,interpolation_duration: 1}
$data merge entity $(bone_eyes_up) {transformation: [-0.919f,-0.001f,-0.3944f,0.0108f,-0.0533f,0.9911f,0.1216f,1.5544f,0.3908f,0.1328f,-0.9109f,0.2623f,0f,0f,0f,1f],start_interpolation: 0,interpolation_duration: 1}
$data merge entity $(bone_bone) {transformation: [-0.919f,-0.001f,-0.3944f,0.0113f,-0.0533f,0.9911f,0.1216f,1.3375f,0.3908f,0.1328f,-0.9109f,0.2338f,0f,0f,0f,1f],start_interpolation: 0,interpolation_duration: 1}
$data merge entity $(bone_l) {transformation: [-0.9155f,-0.0609f,-0.3944f,-0.0028f,-0.1395f,0.737f,0.1216f,1.5088f,0.3777f,0.1248f,-0.9109f,0.5441f,0f,0f,0f,1f],start_interpolation: 0,interpolation_duration: 1}
$data merge entity $(bone_r) {transformation: [-0.9156f,0.0593f,-0.3944f,0.227f,0.0333f,0.744f,0.1216f,1.5221f,0.4009f,0.0737f,-0.9109f,0.4464f,0f,0f,0f,1f],start_interpolation: 0,interpolation_duration: 1}
$data merge entity $(bone_sad) {transformation: [0f,0f,0f,-0.0565f,0f,0f,0f,0.8528f,0f,0f,0f,0.4626f,0f,0f,0f,1f],start_interpolation: 0,interpolation_duration: 1}
$data merge entity $(bone_head) {transformation: [-0.919f,-0.001f,-0.3944f,0.0113f,-0.0533f,0.9911f,0.1216f,1.3375f,0.3908f,0.1328f,-0.9109f,0.2338f,0f,0f,0f,1f],start_interpolation: 0,interpolation_duration: 1}
$data merge entity $(bone_6) {transformation: [-0.8914f,-0.1571f,-0.4251f,0.2451f,-0.2068f,0.9757f,0.073f,0.4062f,0.4033f,0.153f,-0.9022f,0.2128f,0f,0f,0f,1f],start_interpolation: 0,interpolation_duration: 1}
$data merge entity $(bone_12) {transformation: [-0.8914f,-0.3652f,-0.2684f,0.1082f,-0.2068f,0.8547f,-0.4762f,0.7267f,0.4033f,-0.369f,-0.8374f,0.0745f,0f,0f,0f,1f],start_interpolation: 0,interpolation_duration: 1}
$data merge entity $(bone_10) {transformation: [-0.919f,-0.0925f,-0.3834f,-0.0285f,-0.0533f,0.9923f,-0.1115f,1.0334f,0.3907f,-0.082f,-0.9168f,0.0989f,0f,0f,0f,1f],start_interpolation: 0,interpolation_duration: 1}
$data merge entity $(bone_9) {transformation: [-0.919f,0.1221f,-0.375f,0.0173f,-0.0533f,0.9037f,0.4249f,1.3722f,0.3907f,0.4105f,-0.8239f,0.2528f,0f,0f,0f,1f],start_interpolation: 0,interpolation_duration: 1}
$data merge entity $(item_display_item_display) {transformation: [-0.4355f,0.5338f,-0.2771f,-0.5177f,-0.2855f,0.1176f,0.6753f,1.0505f,0.5293f,0.5026f,0.1362f,0.7756f,0f,0f,0f,1f],start_interpolation: 0,interpolation_duration: 1}
$data merge entity $(bone_2) {transformation: [0.3695f,0.6233f,0.6746f,-0.5727f,-0.9003f,0.3896f,0.1331f,1.1063f,-0.1816f,-0.6632f,0.7122f,0.3872f,0f,0f,0f,1f],start_interpolation: 0,interpolation_duration: 1}
$data merge entity $(bone_1) {transformation: [0.3695f,0.8843f,0.2481f,-0.2672f,-0.9003f,0.4016f,-0.0907f,1.2438f,-0.1816f,-0.1918f,0.9541f,0.3272f,0f,0f,0f,1f],start_interpolation: 0,interpolation_duration: 1}
$data merge entity $(bone_4) {transformation: [-0.7956f,0.3427f,0.4996f,0.5193f,-0.6021f,-0.3561f,-0.7146f,1.0614f,-0.0669f,-0.8694f,0.4896f,0.2312f,0f,0f,0f,1f],start_interpolation: 0,interpolation_duration: 1}
$data merge entity $(bone_3) {transformation: [-0.8111f,-0.5566f,0.1797f,0.3106f,-0.5189f,0.543f,-0.6602f,1.265f,0.2699f,-0.6288f,-0.7293f,-0.0045f,0f,0f,0f,1f],start_interpolation: 0,interpolation_duration: 1}
$data merge entity $(bone_8) {transformation: [-0.9438f,0.3059f,-0.1255f,-0.1414f,0.1615f,0.7578f,0.6322f,0.3958f,0.2885f,0.5764f,-0.7646f,0.2652f,0f,0f,0f,1f],start_interpolation: 0,interpolation_duration: 1}
$data merge entity $(bone_7) {transformation: [-0.9438f,0.1454f,-0.2969f,-0.108f,0.1615f,0.9864f,-0.0302f,0.7028f,0.2885f,-0.0765f,-0.9544f,0.2026f,0f,0f,0f,1f],start_interpolation: 0,interpolation_duration: 1}