# This file was generated by Animated Java via MC-Build. It is not recommended to edit this file directly.
$data merge entity $(bone_layer) {transformation: [-0.5042f,0.2364f,-0.8306f,-0.0026f,-0.0002f,0.9618f,0.2739f,1.2844f,0.8637f,0.1383f,-0.4849f,0.0301f,0f,0f,0f,1f],start_interpolation: 0,interpolation_duration: 1}
$data merge entity $(bone_l_1) {transformation: [-0.5042f,0.2364f,-0.8306f,0.177f,-0.0002f,0.9618f,0.2739f,1.3662f,0.8637f,0.1383f,-0.4849f,0.2616f,0f,0f,0f,1f],start_interpolation: 0,interpolation_duration: 1}
$data merge entity $(bone_eye_l) {transformation: [-0.5042f,0.2364f,-0.8306f,-0.0104f,-0.0002f,0.9618f,0.2739f,1.287f,0.8637f,0.1383f,-0.4849f,0.0255f,0f,0f,0f,1f],start_interpolation: 0,interpolation_duration: 1}
$data merge entity $(bone_r_1) {transformation: [-0.5042f,0.2364f,-0.8306f,0.2873f,-0.0002f,0.9618f,0.2739f,1.3662f,0.8637f,0.1383f,-0.4849f,0.0727f,0f,0f,0f,1f],start_interpolation: 0,interpolation_duration: 1}
$data merge entity $(bone_eye_r) {transformation: [-0.5042f,0.2364f,-0.8306f,0.2833f,-0.0002f,0.9618f,0.2739f,1.3409f,0.8637f,0.1383f,-0.4849f,0.0523f,0f,0f,0f,1f],start_interpolation: 0,interpolation_duration: 1}
$data merge entity $(bone_eyes_down) {transformation: [-0.5042f,0.2364f,-0.8306f,0.0195f,-0.0002f,0.9618f,0.2739f,1.3746f,0.8637f,0.1383f,-0.4849f,0.0431f,0f,0f,0f,1f],start_interpolation: 0,interpolation_duration: 1}
$data merge entity $(bone_eyes_up) {transformation: [-0.5042f,0.2364f,-0.8306f,0.0347f,-0.0002f,0.9618f,0.2739f,1.4387f,0.8637f,0.1383f,-0.4849f,0.0519f,0f,0f,0f,1f],start_interpolation: 0,interpolation_duration: 1}
$data merge entity $(bone_bone) {transformation: [-0.5042f,0.2364f,-0.8306f,-0.0026f,-0.0002f,0.9618f,0.2739f,1.2844f,0.8637f,0.1383f,-0.4849f,0.0301f,0f,0f,0f,1f],start_interpolation: 0,interpolation_duration: 1}
$data merge entity $(bone_l) {transformation: [-0.5042f,0.1773f,-0.8306f,0.1867f,-0.0002f,0.7213f,0.2739f,1.3749f,0.8637f,0.1037f,-0.4849f,0.2854f,0f,0f,0f,1f],start_interpolation: 0,interpolation_duration: 1}
$data merge entity $(bone_r) {transformation: [-0.5042f,0.1773f,-0.8306f,0.3127f,-0.0002f,0.7213f,0.2739f,1.3749f,0.8637f,0.1037f,-0.4849f,0.0695f,0f,0f,0f,1f],start_interpolation: 0,interpolation_duration: 1}
$data merge entity $(bone_sad) {transformation: [-0.8068f,0.0096f,-0.1263f,0.1448f,-0.0003f,0.0392f,0.0416f,1.3398f,1.3819f,0.0056f,-0.0737f,0.3051f,0f,0f,0f,1f],start_interpolation: 0,interpolation_duration: 1}
$data merge entity $(bone_head) {transformation: [-0.5042f,0.2364f,-0.8306f,-0.0026f,-0.0002f,0.9618f,0.2739f,1.2844f,0.8637f,0.1383f,-0.4849f,0.0301f,0f,0f,0f,1f],start_interpolation: 0,interpolation_duration: 1}
$data merge entity $(bone_6) {transformation: [-0.5089f,0.1519f,-0.8473f,0.0212f,-0.1303f,0.9594f,0.2503f,0.3407f,0.8509f,0.2378f,-0.4684f,-0.1451f,0f,0f,0f,1f],start_interpolation: 0,interpolation_duration: 1}
$data merge entity $(bone_12) {transformation: [-0.5089f,-0.3616f,-0.7812f,-0.1144f,-0.1303f,0.9294f,-0.3453f,0.6892f,0.8509f,-0.0739f,-0.5201f,-0.1728f,0f,0f,0f,1f],start_interpolation: 0,interpolation_duration: 1}
$data merge entity $(bone_10) {transformation: [-0.5042f,0.0313f,-0.863f,-0.1532f,-0.0002f,0.9993f,0.0363f,0.9981f,0.8636f,0.0185f,-0.5038f,-0.0579f,0f,0f,0f,1f],start_interpolation: 0,interpolation_duration: 1}
$data merge entity $(bone_9) {transformation: [-0.5042f,0.4586f,-0.7318f,0.0188f,-0.0002f,0.8473f,0.5311f,1.3159f,0.8636f,0.2679f,-0.4271f,0.0426f,0f,0f,0f,1f],start_interpolation: 0,interpolation_duration: 1}
$data merge entity $(item_display_item_display) {transformation: [0.2868f,0.6777f,-0.0987f,0.1483f,-0.5431f,0.2902f,0.4149f,0.8686f,0.4172f,-0.0881f,0.6078f,0.5567f,0f,0f,0f,1f],start_interpolation: 0,interpolation_duration: 1}
$data merge entity $(bone_2) {transformation: [0.1316f,-0.3824f,0.9036f,-0.2297f,-0.5532f,0.7241f,0.387f,0.9287f,-0.8104f,-0.5563f,-0.1175f,0.4544f,0f,0f,0f,1f],start_interpolation: 0,interpolation_duration: 1}
$data merge entity $(bone_1) {transformation: [0.1316f,0.1206f,0.9738f,-0.1821f,-0.5532f,0.8206f,-0.0269f,1.2106f,-0.8104f,-0.5405f,0.1764f,0.2697f,0f,0f,0f,1f],start_interpolation: 0,interpolation_duration: 1}
$data merge entity $(bone_4) {transformation: [-0.4367f,-0.8322f,0.3418f,0.2738f,-0.4771f,-0.1079f,-0.8722f,0.9186f,0.7627f,-0.5439f,-0.3499f,-0.3618f,0f,0f,0f,1f],start_interpolation: 0,interpolation_duration: 1}
$data merge entity $(bone_3) {transformation: [-0.4367f,-0.5442f,-0.7164f,0.0698f,-0.4771f,0.8152f,-0.3284f,1.2243f,0.7627f,0.1984f,-0.6156f,-0.2874f,0f,0f,0f,1f],start_interpolation: 0,interpolation_duration: 1}
$data merge entity $(bone_8) {transformation: [-0.5572f,0.6751f,-0.4834f,-0.2452f,0.1994f,0.6739f,0.7114f,0.365f,0.806f,0.3f,-0.5102f,0.1133f,0f,0f,0f,1f],start_interpolation: 0,interpolation_duration: 1}
$data merge entity $(bone_7) {transformation: [-0.5572f,0.2065f,-0.8043f,-0.2133f,0.1994f,0.9735f,0.1117f,0.6738f,0.806f,-0.0981f,-0.5837f,0.0589f,0f,0f,0f,1f],start_interpolation: 0,interpolation_duration: 1}
data modify entity @s data merge value {"cameras":{"camera":{"posx":0.18899181205999369,"posy":1.4410974239641594,"posz":1.67456757659237,"roty":169.607374375,"rotx":0}},"locators":{}}