# This file was generated by Animated Java via MC-Build. It is not recommended to edit this file directly.
$data merge entity $(bone_layer) {transformation: [-0.5723f,-0.1562f,-0.805f,-0.1143f,-0.0041f,0.9822f,-0.1877f,1.3305f,0.8201f,-0.1041f,-0.5627f,0f,0f,0f,0f,1f],start_interpolation: 0,interpolation_duration: 1}
$data merge entity $(bone_l_1) {transformation: [-0.5723f,-0.1562f,-0.805f,-0.0083f,-0.0041f,0.9822f,-0.1877f,1.5253f,0.8201f,-0.1041f,-0.5627f,0.2083f,0f,0f,0f,1f],start_interpolation: 0,interpolation_duration: 1}
$data merge entity $(bone_eye_l) {transformation: [-0.5723f,-0.1562f,-0.805f,-0.1218f,-0.0041f,0.9822f,-0.1877f,1.3288f,0.8201f,-0.1041f,-0.5627f,-0.0052f,0f,0f,0f,1f],start_interpolation: 0,interpolation_duration: 1}
$data merge entity $(bone_r_1) {transformation: [-0.5723f,-0.1562f,-0.805f,0.1169f,-0.0041f,0.9822f,-0.1877f,1.5262f,0.8201f,-0.1041f,-0.5627f,0.0289f,0f,0f,0f,1f],start_interpolation: 0,interpolation_duration: 1}
$data merge entity $(bone_eye_r) {transformation: [-0.5723f,-0.1562f,-0.805f,0.1252f,-0.0041f,0.9822f,-0.1877f,1.4975f,0.8201f,-0.1041f,-0.5627f,0.0155f,0f,0f,0f,1f],start_interpolation: 0,interpolation_duration: 1}
$data merge entity $(bone_eyes_down) {transformation: [-0.5723f,-0.1562f,-0.805f,-0.1289f,-0.0041f,0.9822f,-0.1877f,1.4226f,0.8201f,-0.1041f,-0.5627f,-0.0097f,0f,0f,0f,1f],start_interpolation: 0,interpolation_duration: 1}
$data merge entity $(bone_eyes_up) {transformation: [-0.5723f,-0.1562f,-0.805f,-0.149f,-0.0041f,0.9822f,-0.1877f,1.5453f,0.8201f,-0.1041f,-0.5627f,-0.0231f,0f,0f,0f,1f],start_interpolation: 0,interpolation_duration: 1}
$data merge entity $(bone_bone) {transformation: [-0.5723f,-0.1562f,-0.805f,-0.1143f,-0.0041f,0.9822f,-0.1877f,1.3305f,0.8201f,-0.1041f,-0.5627f,0f,0f,0f,0f,1f],start_interpolation: 0,interpolation_duration: 1}
$data merge entity $(bone_l) {transformation: [-0.5713f,-0.12f,-0.805f,-0.0125f,-0.0106f,0.7366f,-0.1877f,1.5853f,0.8208f,-0.074f,-0.5627f,0.2248f,0f,0f,0f,1f],start_interpolation: 0,interpolation_duration: 1}
$data merge entity $(bone_r) {transformation: [-0.5734f,-0.1143f,-0.805f,0.1306f,0.0024f,0.7367f,-0.1877f,1.5863f,0.8194f,-0.0822f,-0.5627f,0.0198f,0f,0f,0f,1f],start_interpolation: 0,interpolation_duration: 1}
$data merge entity $(bone_sad) {transformation: [-0.9201f,-0.0729f,-0.8554f,-0.0331f,-0.0065f,0.4587f,-0.1994f,1.4963f,1.3185f,-0.0486f,-0.5979f,0.2562f,0f,0f,0f,1f],start_interpolation: 0,interpolation_duration: 1}
$data merge entity $(bone_head) {transformation: [-0.5723f,-0.1562f,-0.805f,-0.1143f,-0.0041f,0.9822f,-0.1877f,1.3305f,0.8201f,-0.1041f,-0.5627f,0f,0f,0f,0f,1f],start_interpolation: 0,interpolation_duration: 1}
$data merge entity $(bone_6) {transformation: [-0.5626f,0.0334f,-0.826f,0.0201f,-0.1344f,0.9822f,0.1313f,0.3862f,0.8157f,0.1849f,-0.5481f,-0.1098f,0f,0f,0f,1f],start_interpolation: 0,interpolation_duration: 1}
$data merge entity $(bone_12) {transformation: [-0.5626f,-0.4468f,-0.6956f,-0.1474f,-0.1344f,0.8796f,-0.4562f,0.7161f,0.8157f,-0.1632f,-0.555f,-0.1709f,0f,0f,0f,1f],start_interpolation: 0,interpolation_duration: 1}
$data merge entity $(bone_10) {transformation: [-0.5723f,-0.0723f,-0.8169f,-0.2269f,-0.0041f,0.9963f,-0.0853f,1.0251f,0.8201f,-0.0455f,-0.5705f,-0.08f,0f,0f,0f,1f],start_interpolation: 0,interpolation_duration: 1}
$data merge entity $(bone_9) {transformation: [-0.5723f,0.3455f,-0.7437f,-0.0973f,-0.0041f,0.9057f,0.4239f,1.3647f,0.8201f,0.2456f,-0.5169f,0.0121f,0f,0f,0f,1f],start_interpolation: 0,interpolation_duration: 1}
$data merge entity $(item_display_item_display) {transformation: [0.3094f,0.6472f,-0.1915f,0.0372f,-0.4849f,0.3597f,0.4321f,0.9652f,0.4695f,-0.055f,0.5726f,0.5602f,0f,0f,0f,1f],start_interpolation: 0,interpolation_duration: 1}
$data merge entity $(bone_2) {transformation: [0.2554f,-0.4137f,0.8624f,-0.3357f,-0.5762f,0.6459f,0.4805f,0.9765f,-0.7635f,-0.6259f,-0.0741f,0.4269f,0f,0f,0f,1f],start_interpolation: 0,interpolation_duration: 1}
$data merge entity $(bone_1) {transformation: [0.2554f,0.0725f,0.9537f,-0.3048f,-0.5762f,0.7996f,0.0935f,1.2519f,-0.7635f,-0.5792f,0.2485f,0.2294f,0f,0f,0f,1f],start_interpolation: 0,interpolation_duration: 1}
$data merge entity $(bone_4) {transformation: [-0.4484f,-0.8117f,0.3744f,0.337f,-0.476f,-0.1377f,-0.8686f,1.0913f,0.7565f,-0.5676f,-0.3247f,-0.2595f,0f,0f,0f,1f],start_interpolation: 0,interpolation_duration: 1}
$data merge entity $(bone_3) {transformation: [-0.4484f,-0.8757f,-0.1791f,0.0086f,-0.476f,0.4035f,-0.7814f,1.2426f,0.7565f,-0.2651f,-0.5978f,-0.3589f,0f,0f,0f,1f],start_interpolation: 0,interpolation_duration: 1}
$data merge entity $(bone_8) {transformation: [-0.6404f,0.575f,-0.5092f,-0.268f,0.1846f,0.7588f,0.6246f,0.3968f,0.7455f,0.306f,-0.5921f,0.1249f,0f,0f,0f,1f],start_interpolation: 0,interpolation_duration: 1}
$data merge entity $(bone_7) {transformation: [-0.6404f,0.1135f,-0.7596f,-0.2634f,0.1846f,0.9828f,-0.0087f,0.7036f,0.7455f,-0.1458f,-0.6503f,0.0529f,0f,0f,0f,1f],start_interpolation: 0,interpolation_duration: 1}
data modify entity @s data merge value {"cameras":{"camera":{"posx":0.21453933272115075,"posy":1.501711154242146,"posz":1.460551798981551,"roty":163.125625,"rotx":0}},"locators":{}}