# This file was generated by Animated Java via MC-Build. It is not recommended to edit this file directly.
$data merge entity $(bone_layer) {transformation: [-0.919f,-0.002f,-0.3944f,0.0113f,-0.0533f,0.9914f,0.1193f,1.3375f,0.3908f,0.1307f,-0.9112f,0.2338f,0f,0f,0f,1f],start_interpolation: 0,interpolation_duration: 1}
$data merge entity $(bone_l_1) {transformation: [-0.919f,-0.002f,-0.3944f,0.0047f,-0.0533f,0.9914f,0.1193f,1.455f,0.3908f,0.1307f,-0.9112f,0.5144f,0f,0f,0f,1f],start_interpolation: 0,interpolation_duration: 1}
$data merge entity $(bone_eye_l) {transformation: [-0.919f,-0.002f,-0.3944f,0.0076f,-0.0533f,0.9914f,0.1193f,1.3387f,0.3908f,0.1307f,-0.9112f,0.2253f,0f,0f,0f,1f],start_interpolation: 0,interpolation_duration: 1}
$data merge entity $(bone_r_1) {transformation: [-0.919f,-0.002f,-0.3944f,0.2058f,-0.0533f,0.9914f,0.1193f,1.4667f,0.3908f,0.1307f,-0.9112f,0.4289f,0f,0f,0f,1f],start_interpolation: 0,interpolation_duration: 1}
$data merge entity $(bone_eye_r) {transformation: [-0.919f,-0.002f,-0.3944f,0.2177f,-0.0533f,0.9914f,0.1193f,1.4404f,0.3908f,0.1307f,-0.9112f,0.4134f,0f,0f,0f,1f],start_interpolation: 0,interpolation_duration: 1}
$data merge entity $(bone_eyes_down) {transformation: [-0.919f,-0.002f,-0.3944f,0.0111f,-0.0533f,0.9914f,0.1193f,1.4305f,0.3908f,0.1307f,-0.9112f,0.246f,0f,0f,0f,1f],start_interpolation: 0,interpolation_duration: 1}
$data merge entity $(bone_eyes_up) {transformation: [-0.919f,-0.002f,-0.3944f,0.0106f,-0.0533f,0.9914f,0.1193f,1.5545f,0.3908f,0.1307f,-0.9112f,0.2618f,0f,0f,0f,1f],start_interpolation: 0,interpolation_duration: 1}
$data merge entity $(bone_bone) {transformation: [-0.919f,-0.002f,-0.3944f,0.0113f,-0.0533f,0.9914f,0.1193f,1.3375f,0.3908f,0.1307f,-0.9112f,0.2338f,0f,0f,0f,1f],start_interpolation: 0,interpolation_duration: 1}
$data merge entity $(bone_l) {transformation: [-0.9154f,-0.0615f,-0.3944f,-0.003f,-0.1395f,0.7372f,0.1193f,1.5094f,0.3779f,0.1232f,-0.9112f,0.5437f,0f,0f,0f,1f],start_interpolation: 0,interpolation_duration: 1}
$data merge entity $(bone_r) {transformation: [-0.9157f,0.0586f,-0.3944f,0.2268f,0.0333f,0.7442f,0.1193f,1.5228f,0.4007f,0.0721f,-0.9112f,0.446f,0f,0f,0f,1f],start_interpolation: 0,interpolation_duration: 1}
$data merge entity $(bone_sad) {transformation: [0f,0f,0f,-0.0561f,0f,0f,0f,0.8532f,0f,0f,0f,0.4636f,0f,0f,0f,1f],start_interpolation: 0,interpolation_duration: 1}
$data merge entity $(bone_head) {transformation: [-0.919f,-0.002f,-0.3944f,0.0113f,-0.0533f,0.9914f,0.1193f,1.3375f,0.3908f,0.1307f,-0.9112f,0.2338f,0f,0f,0f,1f],start_interpolation: 0,interpolation_duration: 1}
$data merge entity $(bone_6) {transformation: [-0.8906f,-0.1598f,-0.4259f,0.2459f,-0.2087f,0.9754f,0.0705f,0.4064f,0.4041f,0.1517f,-0.902f,0.2125f,0f,0f,0f,1f],start_interpolation: 0,interpolation_duration: 1}
$data merge entity $(bone_12) {transformation: [-0.8906f,-0.3672f,-0.2684f,0.1082f,-0.2087f,0.8542f,-0.4762f,0.7267f,0.4041f,-0.3681f,-0.8374f,0.0745f,0f,0f,0f,1f],start_interpolation: 0,interpolation_duration: 1}
$data merge entity $(bone_10) {transformation: [-0.919f,-0.0925f,-0.3834f,-0.0288f,-0.0533f,0.9923f,-0.1115f,1.0337f,0.3907f,-0.082f,-0.9168f,0.0982f,0f,0f,0f,1f],start_interpolation: 0,interpolation_duration: 1}
$data merge entity $(bone_9) {transformation: [-0.919f,0.123f,-0.3747f,0.0173f,-0.0533f,0.9027f,0.427f,1.3722f,0.3907f,0.4124f,-0.823f,0.2528f,0f,0f,0f,1f],start_interpolation: 0,interpolation_duration: 1}
$data merge entity $(item_display_item_display) {transformation: [-0.4318f,0.5367f,-0.2771f,-0.5159f,-0.2847f,0.1196f,0.6753f,1.0512f,0.5327f,0.4989f,0.1362f,0.7762f,0f,0f,0f,1f],start_interpolation: 0,interpolation_duration: 1}
$data merge entity $(bone_2) {transformation: [0.3695f,0.6202f,0.6775f,-0.5725f,-0.9003f,0.3889f,0.1349f,1.1062f,-0.1816f,-0.6665f,0.7091f,0.388f,0f,0f,0f,1f],start_interpolation: 0,interpolation_duration: 1}
$data merge entity $(bone_1) {transformation: [0.3695f,0.8838f,0.2502f,-0.2672f,-0.9003f,0.4018f,-0.0897f,1.2438f,-0.1816f,-0.194f,0.9537f,0.3272f,0f,0f,0f,1f],start_interpolation: 0,interpolation_duration: 1}
$data merge entity $(bone_4) {transformation: [-0.796f,0.3426f,0.499f,0.5194f,-0.6015f,-0.3563f,-0.715f,1.0608f,-0.0671f,-0.8693f,0.4897f,0.2306f,0f,0f,0f,1f],start_interpolation: 0,interpolation_duration: 1}
$data merge entity $(bone_3) {transformation: [-0.8111f,-0.557f,0.1784f,0.3106f,-0.5189f,0.5445f,-0.659f,1.265f,0.2699f,-0.6271f,-0.7307f,-0.0045f,0f,0f,0f,1f],start_interpolation: 0,interpolation_duration: 1}
$data merge entity $(bone_8) {transformation: [-0.9434f,0.3078f,-0.1233f,-0.1421f,0.1638f,0.756f,0.6337f,0.3959f,0.2883f,0.5777f,-0.7637f,0.2654f,0f,0f,0f,1f],start_interpolation: 0,interpolation_duration: 1}
$data merge entity $(bone_7) {transformation: [-0.9434f,0.1476f,-0.2969f,-0.108f,0.1638f,0.986f,-0.0302f,0.7028f,0.2883f,-0.0771f,-0.9544f,0.2026f,0f,0f,0f,1f],start_interpolation: 0,interpolation_duration: 1}