# This file was generated by Animated Java via MC-Build. It is not recommended to edit this file directly.
$data merge entity $(bone_layer) {transformation: [-0.919f,-0.0028f,-0.3944f,0.0113f,-0.0533f,0.9917f,0.1172f,1.3375f,0.3908f,0.1287f,-0.9115f,0.2338f,0f,0f,0f,1f],start_interpolation: 0,interpolation_duration: 1}
$data merge entity $(bone_l_1) {transformation: [-0.919f,-0.0028f,-0.3944f,0.0046f,-0.0533f,0.9917f,0.1172f,1.4556f,0.3908f,0.1287f,-0.9115f,0.5141f,0f,0f,0f,1f],start_interpolation: 0,interpolation_duration: 1}
$data merge entity $(bone_eye_l) {transformation: [-0.919f,-0.0028f,-0.3944f,0.0076f,-0.0533f,0.9917f,0.1172f,1.3386f,0.3908f,0.1287f,-0.9115f,0.2252f,0f,0f,0f,1f],start_interpolation: 0,interpolation_duration: 1}
$data merge entity $(bone_r_1) {transformation: [-0.919f,-0.0028f,-0.3944f,0.2056f,-0.0533f,0.9917f,0.1172f,1.4672f,0.3908f,0.1287f,-0.9115f,0.4287f,0f,0f,0f,1f],start_interpolation: 0,interpolation_duration: 1}
$data merge entity $(bone_eye_r) {transformation: [-0.919f,-0.0028f,-0.3944f,0.2176f,-0.0533f,0.9917f,0.1172f,1.4409f,0.3908f,0.1287f,-0.9115f,0.4132f,0f,0f,0f,1f],start_interpolation: 0,interpolation_duration: 1}
$data merge entity $(bone_eyes_down) {transformation: [-0.919f,-0.0028f,-0.3944f,0.011f,-0.0533f,0.9917f,0.1172f,1.4305f,0.3908f,0.1287f,-0.9115f,0.2459f,0f,0f,0f,1f],start_interpolation: 0,interpolation_duration: 1}
$data merge entity $(bone_eyes_up) {transformation: [-0.919f,-0.0028f,-0.3944f,0.0104f,-0.0533f,0.9917f,0.1172f,1.5546f,0.3908f,0.1287f,-0.9115f,0.2614f,0f,0f,0f,1f],start_interpolation: 0,interpolation_duration: 1}
$data merge entity $(bone_bone) {transformation: [-0.919f,-0.0028f,-0.3944f,0.0113f,-0.0533f,0.9917f,0.1172f,1.3375f,0.3908f,0.1287f,-0.9115f,0.2338f,0f,0f,0f,1f],start_interpolation: 0,interpolation_duration: 1}
$data merge entity $(bone_l) {transformation: [-0.9153f,-0.0622f,-0.3944f,-0.0032f,-0.1396f,0.7374f,0.1172f,1.51f,0.3781f,0.1217f,-0.9115f,0.5433f,0f,0f,0f,1f],start_interpolation: 0,interpolation_duration: 1}
$data merge entity $(bone_r) {transformation: [-0.9158f,0.058f,-0.3944f,0.2266f,0.0333f,0.7444f,0.1172f,1.5234f,0.4005f,0.0706f,-0.9115f,0.4457f,0f,0f,0f,1f],start_interpolation: 0,interpolation_duration: 1}
$data merge entity $(bone_sad) {transformation: [0f,0f,0f,-0.0557f,0f,0f,0f,0.8536f,0f,0f,0f,0.4646f,0f,0f,0f,1f],start_interpolation: 0,interpolation_duration: 1}
$data merge entity $(bone_head) {transformation: [-0.919f,-0.0028f,-0.3944f,0.0113f,-0.0533f,0.9917f,0.1172f,1.3375f,0.3908f,0.1287f,-0.9115f,0.2338f,0f,0f,0f,1f],start_interpolation: 0,interpolation_duration: 1}
$data merge entity $(bone_6) {transformation: [-0.8897f,-0.1624f,-0.4266f,0.2466f,-0.2106f,0.9752f,0.0681f,0.4066f,0.405f,0.1505f,-0.9019f,0.2122f,0f,0f,0f,1f],start_interpolation: 0,interpolation_duration: 1}
$data merge entity $(bone_12) {transformation: [-0.8897f,-0.3692f,-0.2684f,0.1082f,-0.2106f,0.8537f,-0.4762f,0.7267f,0.405f,-0.3672f,-0.8374f,0.0745f,0f,0f,0f,1f],start_interpolation: 0,interpolation_duration: 1}
$data merge entity $(bone_10) {transformation: [-0.919f,-0.0925f,-0.3834f,-0.0291f,-0.0533f,0.9923f,-0.1115f,1.0341f,0.3907f,-0.082f,-0.9168f,0.0975f,0f,0f,0f,1f],start_interpolation: 0,interpolation_duration: 1}
$data merge entity $(bone_9) {transformation: [-0.919f,0.1238f,-0.3744f,0.0173f,-0.0533f,0.9017f,0.429f,1.3722f,0.3907f,0.4142f,-0.8221f,0.2528f,0f,0f,0f,1f],start_interpolation: 0,interpolation_duration: 1}
$data merge entity $(item_display_item_display) {transformation: [-0.4283f,0.5396f,-0.2771f,-0.5141f,-0.2839f,0.1215f,0.6753f,1.0518f,0.536f,0.4954f,0.1362f,0.7768f,0f,0f,0f,1f],start_interpolation: 0,interpolation_duration: 1}
$data merge entity $(bone_2) {transformation: [0.3695f,0.6172f,0.6802f,-0.5724f,-0.9003f,0.3883f,0.1367f,1.1062f,-0.1816f,-0.6696f,0.7062f,0.3887f,0f,0f,0f,1f],start_interpolation: 0,interpolation_duration: 1}
$data merge entity $(bone_1) {transformation: [0.3695f,0.8832f,0.2521f,-0.2672f,-0.9003f,0.402f,-0.0889f,1.2438f,-0.1816f,-0.1961f,0.9532f,0.3272f,0f,0f,0f,1f],start_interpolation: 0,interpolation_duration: 1}
$data merge entity $(bone_4) {transformation: [-0.7965f,0.3424f,0.4984f,0.5196f,-0.6009f,-0.3566f,-0.7154f,1.0603f,-0.0673f,-0.8692f,0.4898f,0.23f,0f,0f,0f,1f],start_interpolation: 0,interpolation_duration: 1}
$data merge entity $(bone_3) {transformation: [-0.8111f,-0.5574f,0.1772f,0.3106f,-0.5189f,0.546f,-0.6578f,1.265f,0.2699f,-0.6255f,-0.7321f,-0.0045f,0f,0f,0f,1f],start_interpolation: 0,interpolation_duration: 1}
$data merge entity $(bone_8) {transformation: [-0.9431f,0.3096f,-0.1213f,-0.1427f,0.166f,0.7543f,0.6352f,0.396f,0.2881f,0.5789f,-0.7628f,0.2656f,0f,0f,0f,1f],start_interpolation: 0,interpolation_duration: 1}
$data merge entity $(bone_7) {transformation: [-0.9431f,0.1497f,-0.2969f,-0.108f,0.166f,0.9857f,-0.0302f,0.7028f,0.2881f,-0.0777f,-0.9544f,0.2026f,0f,0f,0f,1f],start_interpolation: 0,interpolation_duration: 1}