# This file was generated by Animated Java via MC-Build. It is not recommended to edit this file directly.
$data merge entity $(bone_layer) {transformation: [-0.919f,-0.0037f,-0.3944f,0.0113f,-0.0533f,0.9919f,0.1151f,1.3375f,0.3908f,0.1268f,-0.9117f,0.2338f,0f,0f,0f,1f],start_interpolation: 0,interpolation_duration: 1}
$data merge entity $(bone_l_1) {transformation: [-0.919f,-0.0037f,-0.3944f,0.0045f,-0.0533f,0.9919f,0.1151f,1.4561f,0.3908f,0.1268f,-0.9117f,0.5139f,0f,0f,0f,1f],start_interpolation: 0,interpolation_duration: 1}
$data merge entity $(bone_eye_l) {transformation: [-0.919f,-0.0037f,-0.3944f,0.0076f,-0.0533f,0.9919f,0.1151f,1.3386f,0.3908f,0.1268f,-0.9117f,0.2252f,0f,0f,0f,1f],start_interpolation: 0,interpolation_duration: 1}
$data merge entity $(bone_r_1) {transformation: [-0.919f,-0.0037f,-0.3944f,0.2055f,-0.0533f,0.9919f,0.1151f,1.4678f,0.3908f,0.1268f,-0.9117f,0.4284f,0f,0f,0f,1f],start_interpolation: 0,interpolation_duration: 1}
$data merge entity $(bone_eye_r) {transformation: [-0.919f,-0.0037f,-0.3944f,0.2175f,-0.0533f,0.9919f,0.1151f,1.4414f,0.3908f,0.1268f,-0.9117f,0.4131f,0f,0f,0f,1f],start_interpolation: 0,interpolation_duration: 1}
$data merge entity $(bone_eyes_down) {transformation: [-0.919f,-0.0037f,-0.3944f,0.0109f,-0.0533f,0.9919f,0.1151f,1.4305f,0.3908f,0.1268f,-0.9117f,0.2457f,0f,0f,0f,1f],start_interpolation: 0,interpolation_duration: 1}
$data merge entity $(bone_eyes_up) {transformation: [-0.919f,-0.0037f,-0.3944f,0.0102f,-0.0533f,0.9919f,0.1151f,1.5546f,0.3908f,0.1268f,-0.9117f,0.261f,0f,0f,0f,1f],start_interpolation: 0,interpolation_duration: 1}
$data merge entity $(bone_bone) {transformation: [-0.919f,-0.0037f,-0.3944f,0.0113f,-0.0533f,0.9919f,0.1151f,1.3375f,0.3908f,0.1268f,-0.9117f,0.2338f,0f,0f,0f,1f],start_interpolation: 0,interpolation_duration: 1}
$data merge entity $(bone_l) {transformation: [-0.9152f,-0.0628f,-0.3944f,-0.0033f,-0.1396f,0.7376f,0.1151f,1.5106f,0.3783f,0.1203f,-0.9117f,0.543f,0f,0f,0f,1f],start_interpolation: 0,interpolation_duration: 1}
$data merge entity $(bone_r) {transformation: [-0.9159f,0.0573f,-0.3944f,0.2264f,0.0333f,0.7446f,0.1151f,1.524f,0.4004f,0.0692f,-0.9117f,0.4453f,0f,0f,0f,1f],start_interpolation: 0,interpolation_duration: 1}
$data merge entity $(bone_sad) {transformation: [0f,0f,0f,-0.0553f,0f,0f,0f,0.854f,0f,0f,0f,0.4655f,0f,0f,0f,1f],start_interpolation: 0,interpolation_duration: 1}
$data merge entity $(bone_head) {transformation: [-0.919f,-0.0037f,-0.3944f,0.0113f,-0.0533f,0.9919f,0.1151f,1.3375f,0.3908f,0.1268f,-0.9117f,0.2338f,0f,0f,0f,1f],start_interpolation: 0,interpolation_duration: 1}
$data merge entity $(bone_6) {transformation: [-0.889f,-0.1648f,-0.4273f,0.2473f,-0.2124f,0.975f,0.0658f,0.4067f,0.4057f,0.1493f,-0.9017f,0.2118f,0f,0f,0f,1f],start_interpolation: 0,interpolation_duration: 1}
$data merge entity $(bone_12) {transformation: [-0.889f,-0.3711f,-0.2684f,0.1082f,-0.2124f,0.8533f,-0.4762f,0.7267f,0.4057f,-0.3663f,-0.8374f,0.0745f,0f,0f,0f,1f],start_interpolation: 0,interpolation_duration: 1}
$data merge entity $(bone_10) {transformation: [-0.919f,-0.0925f,-0.3834f,-0.0294f,-0.0533f,0.9923f,-0.1115f,1.0344f,0.3907f,-0.082f,-0.9168f,0.0968f,0f,0f,0f,1f],start_interpolation: 0,interpolation_duration: 1}
$data merge entity $(bone_9) {transformation: [-0.919f,0.1246f,-0.3742f,0.0173f,-0.0533f,0.9008f,0.4309f,1.3722f,0.3907f,0.4159f,-0.8212f,0.2528f,0f,0f,0f,1f],start_interpolation: 0,interpolation_duration: 1}
$data merge entity $(item_display_item_display) {transformation: [-0.4248f,0.5422f,-0.2771f,-0.5124f,-0.2831f,0.1232f,0.6753f,1.0524f,0.5391f,0.492f,0.1362f,0.7773f,0f,0f,0f,1f],start_interpolation: 0,interpolation_duration: 1}
$data merge entity $(bone_2) {transformation: [0.3695f,0.6143f,0.6828f,-0.5722f,-0.9003f,0.3878f,0.1383f,1.1061f,-0.1816f,-0.6726f,0.7034f,0.3894f,0f,0f,0f,1f],start_interpolation: 0,interpolation_duration: 1}
$data merge entity $(bone_1) {transformation: [0.3695f,0.8827f,0.254f,-0.2672f,-0.9003f,0.4022f,-0.088f,1.2438f,-0.1816f,-0.1981f,0.9528f,0.3272f,0f,0f,0f,1f],start_interpolation: 0,interpolation_duration: 1}
$data merge entity $(bone_4) {transformation: [-0.7969f,0.3423f,0.4978f,0.5197f,-0.6004f,-0.3568f,-0.7157f,1.0597f,-0.0674f,-0.8692f,0.4898f,0.2294f,0f,0f,0f,1f],start_interpolation: 0,interpolation_duration: 1}
$data merge entity $(bone_3) {transformation: [-0.8111f,-0.5578f,0.176f,0.3106f,-0.5189f,0.5474f,-0.6566f,1.265f,0.2699f,-0.6239f,-0.7334f,-0.0045f,0f,0f,0f,1f],start_interpolation: 0,interpolation_duration: 1}
$data merge entity $(bone_8) {transformation: [-0.9428f,0.3113f,-0.1193f,-0.1434f,0.168f,0.7528f,0.6365f,0.3961f,0.2879f,0.58f,-0.762f,0.2658f,0f,0f,0f,1f],start_interpolation: 0,interpolation_duration: 1}
$data merge entity $(bone_7) {transformation: [-0.9428f,0.1517f,-0.2969f,-0.108f,0.168f,0.9853f,-0.0302f,0.7028f,0.2879f,-0.0783f,-0.9544f,0.2026f,0f,0f,0f,1f],start_interpolation: 0,interpolation_duration: 1}
data modify entity @s data merge value {"cameras":{"camera1":{"px":0.02749999999999974,"py":1.46625,"pz":2.136875,"ry":179.9696168045328,"rx":0}},"locators":{}}