# This file was generated by Animated Java via MC-Build. It is not recommended to edit this file directly.
$data merge entity $(bone_layer) {transformation: [-0.919f,-0.0044f,-0.3943f,0.0113f,-0.0533f,0.9921f,0.1132f,1.3375f,0.3908f,0.125f,-0.912f,0.2338f,0f,0f,0f,1f],start_interpolation: 0,interpolation_duration: 1}
$data merge entity $(bone_l_1) {transformation: [-0.919f,-0.0044f,-0.3943f,0.0043f,-0.0533f,0.9921f,0.1132f,1.4566f,0.3908f,0.125f,-0.912f,0.5137f,0f,0f,0f,1f],start_interpolation: 0,interpolation_duration: 1}
$data merge entity $(bone_eye_l) {transformation: [-0.919f,-0.0044f,-0.3943f,0.0076f,-0.0533f,0.9921f,0.1132f,1.3386f,0.3908f,0.125f,-0.912f,0.2252f,0f,0f,0f,1f],start_interpolation: 0,interpolation_duration: 1}
$data merge entity $(bone_r_1) {transformation: [-0.919f,-0.0044f,-0.3943f,0.2054f,-0.0533f,0.9921f,0.1132f,1.4683f,0.3908f,0.125f,-0.912f,0.4282f,0f,0f,0f,1f],start_interpolation: 0,interpolation_duration: 1}
$data merge entity $(bone_eye_r) {transformation: [-0.919f,-0.0044f,-0.3943f,0.2174f,-0.0533f,0.9921f,0.1132f,1.4419f,0.3908f,0.125f,-0.912f,0.4129f,0f,0f,0f,1f],start_interpolation: 0,interpolation_duration: 1}
$data merge entity $(bone_eyes_down) {transformation: [-0.919f,-0.0044f,-0.3943f,0.0108f,-0.0533f,0.9921f,0.1132f,1.4306f,0.3908f,0.125f,-0.912f,0.2455f,0f,0f,0f,1f],start_interpolation: 0,interpolation_duration: 1}
$data merge entity $(bone_eyes_up) {transformation: [-0.919f,-0.0044f,-0.3943f,0.0101f,-0.0533f,0.9921f,0.1132f,1.5547f,0.3908f,0.125f,-0.912f,0.2606f,0f,0f,0f,1f],start_interpolation: 0,interpolation_duration: 1}
$data merge entity $(bone_bone) {transformation: [-0.919f,-0.0044f,-0.3943f,0.0113f,-0.0533f,0.9921f,0.1132f,1.3375f,0.3908f,0.125f,-0.912f,0.2338f,0f,0f,0f,1f],start_interpolation: 0,interpolation_duration: 1}
$data merge entity $(bone_l) {transformation: [-0.9152f,-0.0634f,-0.3943f,-0.0035f,-0.1396f,0.7378f,0.1132f,1.5112f,0.3784f,0.1189f,-0.912f,0.5427f,0f,0f,0f,1f],start_interpolation: 0,interpolation_duration: 1}
$data merge entity $(bone_r) {transformation: [-0.9159f,0.0568f,-0.3943f,0.2263f,0.0333f,0.7448f,0.1132f,1.5245f,0.4002f,0.0679f,-0.912f,0.445f,0f,0f,0f,1f],start_interpolation: 0,interpolation_duration: 1}
$data merge entity $(bone_sad) {transformation: [0f,0f,0f,-0.055f,0f,0f,0f,0.8544f,0f,0f,0f,0.4663f,0f,0f,0f,1f],start_interpolation: 0,interpolation_duration: 1}
$data merge entity $(bone_head) {transformation: [-0.919f,-0.0044f,-0.3943f,0.0113f,-0.0533f,0.9921f,0.1132f,1.3375f,0.3908f,0.125f,-0.912f,0.2338f,0f,0f,0f,1f],start_interpolation: 0,interpolation_duration: 1}
$data merge entity $(bone_6) {transformation: [-0.8883f,-0.1671f,-0.4279f,0.248f,-0.2141f,0.9747f,0.0637f,0.4069f,0.4064f,0.1482f,-0.9016f,0.2115f,0f,0f,0f,1f],start_interpolation: 0,interpolation_duration: 1}
$data merge entity $(bone_12) {transformation: [-0.8883f,-0.3728f,-0.2684f,0.1082f,-0.2141f,0.8529f,-0.4762f,0.7267f,0.4064f,-0.3655f,-0.8374f,0.0745f,0f,0f,0f,1f],start_interpolation: 0,interpolation_duration: 1}
$data merge entity $(bone_10) {transformation: [-0.919f,-0.0925f,-0.3834f,-0.0297f,-0.0533f,0.9923f,-0.1115f,1.0347f,0.3907f,-0.082f,-0.9168f,0.0962f,0f,0f,0f,1f],start_interpolation: 0,interpolation_duration: 1}
$data merge entity $(bone_9) {transformation: [-0.919f,0.1253f,-0.3739f,0.0173f,-0.0533f,0.9f,0.4326f,1.3722f,0.3907f,0.4175f,-0.8204f,0.2528f,0f,0f,0f,1f],start_interpolation: 0,interpolation_duration: 1}
$data merge entity $(item_display_item_display) {transformation: [-0.4216f,0.5448f,-0.2771f,-0.5108f,-0.2824f,0.1249f,0.6753f,1.0529f,0.542f,0.4888f,0.1362f,0.7778f,0f,0f,0f,1f],start_interpolation: 0,interpolation_duration: 1}
$data merge entity $(bone_2) {transformation: [0.3695f,0.6116f,0.6852f,-0.572f,-0.9003f,0.3872f,0.1398f,1.106f,-0.1816f,-0.6753f,0.7008f,0.39f,0f,0f,0f,1f],start_interpolation: 0,interpolation_duration: 1}
$data merge entity $(bone_1) {transformation: [0.3695f,0.8822f,0.2557f,-0.2672f,-0.9003f,0.4023f,-0.0872f,1.2438f,-0.1816f,-0.2f,0.9524f,0.3272f,0f,0f,0f,1f],start_interpolation: 0,interpolation_duration: 1}
$data merge entity $(bone_4) {transformation: [-0.7973f,0.3422f,0.4972f,0.5198f,-0.5998f,-0.357f,-0.7161f,1.0593f,-0.0676f,-0.8692f,0.4899f,0.2289f,0f,0f,0f,1f],start_interpolation: 0,interpolation_duration: 1}
$data merge entity $(bone_3) {transformation: [-0.8111f,-0.5581f,0.1749f,0.3106f,-0.5189f,0.5486f,-0.6555f,1.265f,0.2699f,-0.6225f,-0.7346f,-0.0045f,0f,0f,0f,1f],start_interpolation: 0,interpolation_duration: 1}
$data merge entity $(bone_8) {transformation: [-0.9425f,0.3129f,-0.1175f,-0.1439f,0.1699f,0.7513f,0.6378f,0.3962f,0.2878f,0.5811f,-0.7612f,0.266f,0f,0f,0f,1f],start_interpolation: 0,interpolation_duration: 1}
$data merge entity $(bone_7) {transformation: [-0.9425f,0.1535f,-0.2969f,-0.108f,0.1699f,0.985f,-0.0302f,0.7028f,0.2878f,-0.0789f,-0.9544f,0.2026f,0f,0f,0f,1f],start_interpolation: 0,interpolation_duration: 1}