# This file was generated by Animated Java via MC-Build. It is not recommended to edit this file directly.
$data merge entity $(bone_layer) {transformation: [-0.919f,-0.0051f,-0.3943f,0.0113f,-0.0533f,0.9923f,0.1114f,1.3375f,0.3908f,0.1234f,-0.9122f,0.2338f,0f,0f,0f,1f],start_interpolation: 0,interpolation_duration: 1}
$data merge entity $(bone_l_1) {transformation: [-0.919f,-0.0051f,-0.3943f,0.0042f,-0.0533f,0.9923f,0.1114f,1.457f,0.3908f,0.1234f,-0.9122f,0.5135f,0f,0f,0f,1f],start_interpolation: 0,interpolation_duration: 1}
$data merge entity $(bone_eye_l) {transformation: [-0.919f,-0.0051f,-0.3943f,0.0076f,-0.0533f,0.9923f,0.1114f,1.3386f,0.3908f,0.1234f,-0.9122f,0.2252f,0f,0f,0f,1f],start_interpolation: 0,interpolation_duration: 1}
$data merge entity $(bone_r_1) {transformation: [-0.919f,-0.0051f,-0.3943f,0.2053f,-0.0533f,0.9923f,0.1114f,1.4687f,0.3908f,0.1234f,-0.9122f,0.428f,0f,0f,0f,1f],start_interpolation: 0,interpolation_duration: 1}
$data merge entity $(bone_eye_r) {transformation: [-0.919f,-0.0051f,-0.3943f,0.2173f,-0.0533f,0.9923f,0.1114f,1.4423f,0.3908f,0.1234f,-0.9122f,0.4127f,0f,0f,0f,1f],start_interpolation: 0,interpolation_duration: 1}
$data merge entity $(bone_eyes_down) {transformation: [-0.919f,-0.0051f,-0.3943f,0.0108f,-0.0533f,0.9923f,0.1114f,1.4306f,0.3908f,0.1234f,-0.9122f,0.2454f,0f,0f,0f,1f],start_interpolation: 0,interpolation_duration: 1}
$data merge entity $(bone_eyes_up) {transformation: [-0.919f,-0.0051f,-0.3943f,0.0099f,-0.0533f,0.9923f,0.1114f,1.5547f,0.3908f,0.1234f,-0.9122f,0.2602f,0f,0f,0f,1f],start_interpolation: 0,interpolation_duration: 1}
$data merge entity $(bone_bone) {transformation: [-0.919f,-0.0051f,-0.3943f,0.0113f,-0.0533f,0.9923f,0.1114f,1.3375f,0.3908f,0.1234f,-0.9122f,0.2338f,0f,0f,0f,1f],start_interpolation: 0,interpolation_duration: 1}
$data merge entity $(bone_l) {transformation: [-0.9151f,-0.0639f,-0.3943f,-0.0036f,-0.1396f,0.7379f,0.1114f,1.5117f,0.3785f,0.1177f,-0.9122f,0.5424f,0f,0f,0f,1f],start_interpolation: 0,interpolation_duration: 1}
$data merge entity $(bone_r) {transformation: [-0.916f,0.0563f,-0.3943f,0.2261f,0.0334f,0.7449f,0.1114f,1.525f,0.4001f,0.0667f,-0.9122f,0.4447f,0f,0f,0f,1f],start_interpolation: 0,interpolation_duration: 1}
$data merge entity $(bone_sad) {transformation: [0f,0f,0f,-0.0547f,0f,0f,0f,0.8547f,0f,0f,0f,0.4671f,0f,0f,0f,1f],start_interpolation: 0,interpolation_duration: 1}
$data merge entity $(bone_head) {transformation: [-0.919f,-0.0051f,-0.3943f,0.0113f,-0.0533f,0.9923f,0.1114f,1.3375f,0.3908f,0.1234f,-0.9122f,0.2338f,0f,0f,0f,1f],start_interpolation: 0,interpolation_duration: 1}
$data merge entity $(bone_6) {transformation: [-0.8876f,-0.1692f,-0.4284f,0.2486f,-0.2156f,0.9745f,0.0618f,0.407f,0.4071f,0.1472f,-0.9015f,0.2113f,0f,0f,0f,1f],start_interpolation: 0,interpolation_duration: 1}
$data merge entity $(bone_12) {transformation: [-0.8876f,-0.3744f,-0.2684f,0.1082f,-0.2156f,0.8525f,-0.4762f,0.7267f,0.4071f,-0.3648f,-0.8374f,0.0745f,0f,0f,0f,1f],start_interpolation: 0,interpolation_duration: 1}
$data merge entity $(bone_10) {transformation: [-0.919f,-0.0925f,-0.3834f,-0.0299f,-0.0533f,0.9923f,-0.1115f,1.035f,0.3907f,-0.082f,-0.9168f,0.0957f,0f,0f,0f,1f],start_interpolation: 0,interpolation_duration: 1}
$data merge entity $(bone_9) {transformation: [-0.919f,0.126f,-0.3737f,0.0173f,-0.0533f,0.8992f,0.4342f,1.3722f,0.3907f,0.4189f,-0.8196f,0.2528f,0f,0f,0f,1f],start_interpolation: 0,interpolation_duration: 1}
$data merge entity $(item_display_item_display) {transformation: [-0.4186f,0.5471f,-0.2771f,-0.5094f,-0.2817f,0.1265f,0.6753f,1.0534f,0.5447f,0.4858f,0.1362f,0.7783f,0f,0f,0f,1f],start_interpolation: 0,interpolation_duration: 1}
$data merge entity $(bone_2) {transformation: [0.3695f,0.6092f,0.6874f,-0.5719f,-0.9003f,0.3867f,0.1412f,1.106f,-0.1816f,-0.6778f,0.6984f,0.3906f,0f,0f,0f,1f],start_interpolation: 0,interpolation_duration: 1}
$data merge entity $(bone_1) {transformation: [0.3695f,0.8817f,0.2572f,-0.2672f,-0.9003f,0.4025f,-0.0865f,1.2438f,-0.1816f,-0.2017f,0.9521f,0.3272f,0f,0f,0f,1f],start_interpolation: 0,interpolation_duration: 1}
$data merge entity $(bone_4) {transformation: [-0.7976f,0.3422f,0.4967f,0.52f,-0.5993f,-0.3572f,-0.7164f,1.0588f,-0.0677f,-0.8691f,0.49f,0.2284f,0f,0f,0f,1f],start_interpolation: 0,interpolation_duration: 1}
$data merge entity $(bone_3) {transformation: [-0.8111f,-0.5584f,0.174f,0.3106f,-0.5189f,0.5498f,-0.6546f,1.265f,0.2699f,-0.6212f,-0.7357f,-0.0045f,0f,0f,0f,1f],start_interpolation: 0,interpolation_duration: 1}
$data merge entity $(bone_8) {transformation: [-0.9422f,0.3143f,-0.1158f,-0.1444f,0.1717f,0.7499f,0.6389f,0.3963f,0.2877f,0.5821f,-0.7605f,0.2661f,0f,0f,0f,1f],start_interpolation: 0,interpolation_duration: 1}
$data merge entity $(bone_7) {transformation: [-0.9422f,0.1552f,-0.2969f,-0.108f,0.1717f,0.9847f,-0.0302f,0.7028f,0.2877f,-0.0794f,-0.9544f,0.2026f,0f,0f,0f,1f],start_interpolation: 0,interpolation_duration: 1}