# This file was generated by Animated Java via MC-Build. It is not recommended to edit this file directly.
$data merge entity $(bone_layer) {transformation: [-0.919f,-0.0057f,-0.3943f,0.0113f,-0.0533f,0.9925f,0.1098f,1.3375f,0.3908f,0.122f,-0.9124f,0.2338f,0f,0f,0f,1f],start_interpolation: 0,interpolation_duration: 1}
$data merge entity $(bone_l_1) {transformation: [-0.919f,-0.0057f,-0.3943f,0.0041f,-0.0533f,0.9925f,0.1098f,1.4574f,0.3908f,0.122f,-0.9124f,0.5133f,0f,0f,0f,1f],start_interpolation: 0,interpolation_duration: 1}
$data merge entity $(bone_eye_l) {transformation: [-0.919f,-0.0057f,-0.3943f,0.0076f,-0.0533f,0.9925f,0.1098f,1.3386f,0.3908f,0.122f,-0.9124f,0.2252f,0f,0f,0f,1f],start_interpolation: 0,interpolation_duration: 1}
$data merge entity $(bone_r_1) {transformation: [-0.919f,-0.0057f,-0.3943f,0.2052f,-0.0533f,0.9925f,0.1098f,1.4691f,0.3908f,0.122f,-0.9124f,0.4278f,0f,0f,0f,1f],start_interpolation: 0,interpolation_duration: 1}
$data merge entity $(bone_eye_r) {transformation: [-0.919f,-0.0057f,-0.3943f,0.2172f,-0.0533f,0.9925f,0.1098f,1.4427f,0.3908f,0.122f,-0.9124f,0.4126f,0f,0f,0f,1f],start_interpolation: 0,interpolation_duration: 1}
$data merge entity $(bone_eyes_down) {transformation: [-0.919f,-0.0057f,-0.3943f,0.0107f,-0.0533f,0.9925f,0.1098f,1.4306f,0.3908f,0.122f,-0.9124f,0.2452f,0f,0f,0f,1f],start_interpolation: 0,interpolation_duration: 1}
$data merge entity $(bone_eyes_up) {transformation: [-0.919f,-0.0057f,-0.3943f,0.0098f,-0.0533f,0.9925f,0.1098f,1.5547f,0.3908f,0.122f,-0.9124f,0.2599f,0f,0f,0f,1f],start_interpolation: 0,interpolation_duration: 1}
$data merge entity $(bone_bone) {transformation: [-0.919f,-0.0057f,-0.3943f,0.0113f,-0.0533f,0.9925f,0.1098f,1.3375f,0.3908f,0.122f,-0.9124f,0.2338f,0f,0f,0f,1f],start_interpolation: 0,interpolation_duration: 1}
$data merge entity $(bone_l) {transformation: [-0.915f,-0.0644f,-0.3943f,-0.0038f,-0.1396f,0.7381f,0.1098f,1.5121f,0.3787f,0.1167f,-0.9124f,0.5422f,0f,0f,0f,1f],start_interpolation: 0,interpolation_duration: 1}
$data merge entity $(bone_r) {transformation: [-0.916f,0.0558f,-0.3943f,0.226f,0.0334f,0.745f,0.1098f,1.5254f,0.3999f,0.0656f,-0.9124f,0.4445f,0f,0f,0f,1f],start_interpolation: 0,interpolation_duration: 1}
$data merge entity $(bone_sad) {transformation: [0f,0f,0f,-0.0544f,0f,0f,0f,0.855f,0f,0f,0f,0.4678f,0f,0f,0f,1f],start_interpolation: 0,interpolation_duration: 1}
$data merge entity $(bone_head) {transformation: [-0.919f,-0.0057f,-0.3943f,0.0113f,-0.0533f,0.9925f,0.1098f,1.3375f,0.3908f,0.122f,-0.9124f,0.2338f,0f,0f,0f,1f],start_interpolation: 0,interpolation_duration: 1}
$data merge entity $(bone_6) {transformation: [-0.887f,-0.171f,-0.4289f,0.2491f,-0.2169f,0.9743f,0.0601f,0.4072f,0.4077f,0.1463f,-0.9013f,0.211f,0f,0f,0f,1f],start_interpolation: 0,interpolation_duration: 1}
$data merge entity $(bone_12) {transformation: [-0.887f,-0.3758f,-0.2684f,0.1082f,-0.2169f,0.8522f,-0.4762f,0.7267f,0.4077f,-0.3642f,-0.8374f,0.0745f,0f,0f,0f,1f],start_interpolation: 0,interpolation_duration: 1}
$data merge entity $(bone_10) {transformation: [-0.919f,-0.0925f,-0.3834f,-0.0301f,-0.0533f,0.9923f,-0.1115f,1.0353f,0.3907f,-0.082f,-0.9168f,0.0952f,0f,0f,0f,1f],start_interpolation: 0,interpolation_duration: 1}
$data merge entity $(bone_9) {transformation: [-0.919f,0.1265f,-0.3735f,0.0173f,-0.0533f,0.8986f,0.4356f,1.3722f,0.3907f,0.4202f,-0.819f,0.2528f,0f,0f,0f,1f],start_interpolation: 0,interpolation_duration: 1}
$data merge entity $(item_display_item_display) {transformation: [-0.4159f,0.5491f,-0.2771f,-0.5081f,-0.2811f,0.1279f,0.6753f,1.0539f,0.5471f,0.4831f,0.1362f,0.7787f,0f,0f,0f,1f],start_interpolation: 0,interpolation_duration: 1}
$data merge entity $(bone_2) {transformation: [0.3695f,0.607f,0.6893f,-0.5718f,-0.9003f,0.3863f,0.1424f,1.1059f,-0.1816f,-0.68f,0.6962f,0.3911f,0f,0f,0f,1f],start_interpolation: 0,interpolation_duration: 1}
$data merge entity $(bone_1) {transformation: [0.3695f,0.8813f,0.2586f,-0.2672f,-0.9003f,0.4026f,-0.0859f,1.2438f,-0.1816f,-0.2032f,0.9518f,0.3272f,0f,0f,0f,1f],start_interpolation: 0,interpolation_duration: 1}
$data merge entity $(bone_4) {transformation: [-0.7979f,0.3421f,0.4963f,0.5201f,-0.5989f,-0.3573f,-0.7167f,1.0584f,-0.0678f,-0.8691f,0.49f,0.228f,0f,0f,0f,1f],start_interpolation: 0,interpolation_duration: 1}
$data merge entity $(bone_3) {transformation: [-0.8111f,-0.5587f,0.1731f,0.3106f,-0.5189f,0.5508f,-0.6537f,1.265f,0.2699f,-0.62f,-0.7367f,-0.0045f,0f,0f,0f,1f],start_interpolation: 0,interpolation_duration: 1}
$data merge entity $(bone_8) {transformation: [-0.942f,0.3156f,-0.1143f,-0.1449f,0.1732f,0.7487f,0.6399f,0.3964f,0.2875f,0.583f,-0.7599f,0.2663f,0f,0f,0f,1f],start_interpolation: 0,interpolation_duration: 1}
$data merge entity $(bone_7) {transformation: [-0.942f,0.1567f,-0.2969f,-0.108f,0.1732f,0.9844f,-0.0302f,0.7028f,0.2875f,-0.0798f,-0.9544f,0.2026f,0f,0f,0f,1f],start_interpolation: 0,interpolation_duration: 1}
data modify entity @s data merge value {"cameras":{"camera":{"posx":0.02749999999999974,"posy":1.46625,"posz":2.136875,"roty":179.9755690679723,"rotx":0}},"locators":{}}