# This file was generated by Animated Java via MC-Build. It is not recommended to edit this file directly.
$data merge entity $(bone_layer) {transformation: [-0.919f,-0.0063f,-0.3943f,0.0113f,-0.0533f,0.9927f,0.1085f,1.3375f,0.3908f,0.1207f,-0.9125f,0.2338f,0f,0f,0f,1f],start_interpolation: 0,interpolation_duration: 1}
$data merge entity $(bone_l_1) {transformation: [-0.919f,-0.0063f,-0.3943f,0.0041f,-0.0533f,0.9927f,0.1085f,1.4578f,0.3908f,0.1207f,-0.9125f,0.5132f,0f,0f,0f,1f],start_interpolation: 0,interpolation_duration: 1}
$data merge entity $(bone_eye_l) {transformation: [-0.919f,-0.0063f,-0.3943f,0.0076f,-0.0533f,0.9927f,0.1085f,1.3386f,0.3908f,0.1207f,-0.9125f,0.2252f,0f,0f,0f,1f],start_interpolation: 0,interpolation_duration: 1}
$data merge entity $(bone_r_1) {transformation: [-0.919f,-0.0063f,-0.3943f,0.2051f,-0.0533f,0.9927f,0.1085f,1.4694f,0.3908f,0.1207f,-0.9125f,0.4277f,0f,0f,0f,1f],start_interpolation: 0,interpolation_duration: 1}
$data merge entity $(bone_eye_r) {transformation: [-0.919f,-0.0063f,-0.3943f,0.2172f,-0.0533f,0.9927f,0.1085f,1.443f,0.3908f,0.1207f,-0.9125f,0.4125f,0f,0f,0f,1f],start_interpolation: 0,interpolation_duration: 1}
$data merge entity $(bone_eyes_down) {transformation: [-0.919f,-0.0063f,-0.3943f,0.0107f,-0.0533f,0.9927f,0.1085f,1.4306f,0.3908f,0.1207f,-0.9125f,0.2451f,0f,0f,0f,1f],start_interpolation: 0,interpolation_duration: 1}
$data merge entity $(bone_eyes_up) {transformation: [-0.919f,-0.0063f,-0.3943f,0.0096f,-0.0533f,0.9927f,0.1085f,1.5548f,0.3908f,0.1207f,-0.9125f,0.2596f,0f,0f,0f,1f],start_interpolation: 0,interpolation_duration: 1}
$data merge entity $(bone_bone) {transformation: [-0.919f,-0.0063f,-0.3943f,0.0113f,-0.0533f,0.9927f,0.1085f,1.3375f,0.3908f,0.1207f,-0.9125f,0.2338f,0f,0f,0f,1f],start_interpolation: 0,interpolation_duration: 1}
$data merge entity $(bone_l) {transformation: [-0.915f,-0.0648f,-0.3943f,-0.0039f,-0.1396f,0.7382f,0.1085f,1.5125f,0.3788f,0.1158f,-0.9125f,0.5419f,0f,0f,0f,1f],start_interpolation: 0,interpolation_duration: 1}
$data merge entity $(bone_r) {transformation: [-0.9161f,0.0554f,-0.3943f,0.2259f,0.0334f,0.7452f,0.1085f,1.5258f,0.3998f,0.0647f,-0.9125f,0.4443f,0f,0f,0f,1f],start_interpolation: 0,interpolation_duration: 1}
$data merge entity $(bone_sad) {transformation: [0f,0f,0f,-0.0542f,0f,0f,0f,0.8553f,0f,0f,0f,0.4684f,0f,0f,0f,1f],start_interpolation: 0,interpolation_duration: 1}
$data merge entity $(bone_head) {transformation: [-0.919f,-0.0063f,-0.3943f,0.0113f,-0.0533f,0.9927f,0.1085f,1.3375f,0.3908f,0.1207f,-0.9125f,0.2338f,0f,0f,0f,1f],start_interpolation: 0,interpolation_duration: 1}
$data merge entity $(bone_6) {transformation: [-0.8865f,-0.1726f,-0.4293f,0.2495f,-0.218f,0.9742f,0.0586f,0.4073f,0.4081f,0.1456f,-0.9012f,0.2108f,0f,0f,0f,1f],start_interpolation: 0,interpolation_duration: 1}
$data merge entity $(bone_12) {transformation: [-0.8865f,-0.3769f,-0.2684f,0.1082f,-0.218f,0.8519f,-0.4762f,0.7267f,0.4081f,-0.3636f,-0.8374f,0.0745f,0f,0f,0f,1f],start_interpolation: 0,interpolation_duration: 1}
$data merge entity $(bone_10) {transformation: [-0.919f,-0.0925f,-0.3834f,-0.0303f,-0.0533f,0.9923f,-0.1115f,1.0355f,0.3907f,-0.082f,-0.9168f,0.0948f,0f,0f,0f,1f],start_interpolation: 0,interpolation_duration: 1}
$data merge entity $(bone_9) {transformation: [-0.919f,0.127f,-0.3733f,0.0173f,-0.0533f,0.898f,0.4368f,1.3722f,0.3907f,0.4213f,-0.8184f,0.2528f,0f,0f,0f,1f],start_interpolation: 0,interpolation_duration: 1}
$data merge entity $(item_display_item_display) {transformation: [-0.4135f,0.5509f,-0.2771f,-0.507f,-0.2805f,0.1291f,0.6753f,1.0542f,0.5492f,0.4807f,0.1362f,0.779f,0f,0f,0f,1f],start_interpolation: 0,interpolation_duration: 1}
$data merge entity $(bone_2) {transformation: [0.3695f,0.6052f,0.6909f,-0.5716f,-0.9003f,0.3859f,0.1434f,1.1059f,-0.1816f,-0.6819f,0.6944f,0.3916f,0f,0f,0f,1f],start_interpolation: 0,interpolation_duration: 1}
$data merge entity $(bone_1) {transformation: [0.3695f,0.881f,0.2598f,-0.2672f,-0.9003f,0.4027f,-0.0854f,1.2438f,-0.1816f,-0.2044f,0.9515f,0.3272f,0f,0f,0f,1f],start_interpolation: 0,interpolation_duration: 1}
$data merge entity $(bone_4) {transformation: [-0.7982f,0.342f,0.4959f,0.5201f,-0.5986f,-0.3575f,-0.7169f,1.0581f,-0.0679f,-0.8691f,0.49f,0.2276f,0f,0f,0f,1f],start_interpolation: 0,interpolation_duration: 1}
$data merge entity $(bone_3) {transformation: [-0.8111f,-0.5589f,0.1723f,0.3106f,-0.5189f,0.5517f,-0.653f,1.265f,0.2699f,-0.6191f,-0.7375f,-0.0045f,0f,0f,0f,1f],start_interpolation: 0,interpolation_duration: 1}
$data merge entity $(bone_8) {transformation: [-0.9418f,0.3167f,-0.113f,-0.1453f,0.1746f,0.7476f,0.6407f,0.3965f,0.2874f,0.5837f,-0.7594f,0.2664f,0f,0f,0f,1f],start_interpolation: 0,interpolation_duration: 1}
$data merge entity $(bone_7) {transformation: [-0.9418f,0.1579f,-0.2969f,-0.108f,0.1746f,0.9842f,-0.0302f,0.7028f,0.2874f,-0.0802f,-0.9544f,0.2026f,0f,0f,0f,1f],start_interpolation: 0,interpolation_duration: 1}