# This file was generated by Animated Java via MC-Build. It is not recommended to edit this file directly.
$data merge entity $(bone_layer) {transformation: [-0.919f,-0.0067f,-0.3943f,0.0113f,-0.0533f,0.9928f,0.1074f,1.3375f,0.3908f,0.1197f,-0.9127f,0.2338f,0f,0f,0f,1f],start_interpolation: 0,interpolation_duration: 1}
$data merge entity $(bone_l_1) {transformation: [-0.919f,-0.0067f,-0.3943f,0.004f,-0.0533f,0.9928f,0.1074f,1.4581f,0.3908f,0.1197f,-0.9127f,0.5131f,0f,0f,0f,1f],start_interpolation: 0,interpolation_duration: 1}
$data merge entity $(bone_eye_l) {transformation: [-0.919f,-0.0067f,-0.3943f,0.0076f,-0.0533f,0.9928f,0.1074f,1.3386f,0.3908f,0.1197f,-0.9127f,0.2252f,0f,0f,0f,1f],start_interpolation: 0,interpolation_duration: 1}
$data merge entity $(bone_r_1) {transformation: [-0.919f,-0.0067f,-0.3943f,0.205f,-0.0533f,0.9928f,0.1074f,1.4697f,0.3908f,0.1197f,-0.9127f,0.4276f,0f,0f,0f,1f],start_interpolation: 0,interpolation_duration: 1}
$data merge entity $(bone_eye_r) {transformation: [-0.919f,-0.0067f,-0.3943f,0.2171f,-0.0533f,0.9928f,0.1074f,1.4433f,0.3908f,0.1197f,-0.9127f,0.4124f,0f,0f,0f,1f],start_interpolation: 0,interpolation_duration: 1}
$data merge entity $(bone_eyes_down) {transformation: [-0.919f,-0.0067f,-0.3943f,0.0106f,-0.0533f,0.9928f,0.1074f,1.4306f,0.3908f,0.1197f,-0.9127f,0.245f,0f,0f,0f,1f],start_interpolation: 0,interpolation_duration: 1}
$data merge entity $(bone_eyes_up) {transformation: [-0.919f,-0.0067f,-0.3943f,0.0096f,-0.0533f,0.9928f,0.1074f,1.5548f,0.3908f,0.1197f,-0.9127f,0.2594f,0f,0f,0f,1f],start_interpolation: 0,interpolation_duration: 1}
$data merge entity $(bone_bone) {transformation: [-0.919f,-0.0067f,-0.3943f,0.0113f,-0.0533f,0.9928f,0.1074f,1.3375f,0.3908f,0.1197f,-0.9127f,0.2338f,0f,0f,0f,1f],start_interpolation: 0,interpolation_duration: 1}
$data merge entity $(bone_l) {transformation: [-0.915f,-0.0651f,-0.3943f,-0.004f,-0.1397f,0.7383f,0.1074f,1.5128f,0.3789f,0.115f,-0.9127f,0.5418f,0f,0f,0f,1f],start_interpolation: 0,interpolation_duration: 1}
$data merge entity $(bone_r) {transformation: [-0.9161f,0.0551f,-0.3943f,0.2258f,0.0334f,0.7452f,0.1074f,1.5261f,0.3997f,0.0639f,-0.9127f,0.4441f,0f,0f,0f,1f],start_interpolation: 0,interpolation_duration: 1}
$data merge entity $(bone_sad) {transformation: [0f,0f,0f,-0.054f,0f,0f,0f,0.8555f,0f,0f,0f,0.4689f,0f,0f,0f,1f],start_interpolation: 0,interpolation_duration: 1}
$data merge entity $(bone_head) {transformation: [-0.919f,-0.0067f,-0.3943f,0.0113f,-0.0533f,0.9928f,0.1074f,1.3375f,0.3908f,0.1197f,-0.9127f,0.2338f,0f,0f,0f,1f],start_interpolation: 0,interpolation_duration: 1}
$data merge entity $(bone_6) {transformation: [-0.8861f,-0.1739f,-0.4297f,0.2499f,-0.219f,0.974f,0.0574f,0.4074f,0.4085f,0.145f,-0.9012f,0.2107f,0f,0f,0f,1f],start_interpolation: 0,interpolation_duration: 1}
$data merge entity $(bone_12) {transformation: [-0.8861f,-0.3779f,-0.2684f,0.1082f,-0.219f,0.8516f,-0.4762f,0.7267f,0.4085f,-0.3632f,-0.8374f,0.0745f,0f,0f,0f,1f],start_interpolation: 0,interpolation_duration: 1}
$data merge entity $(bone_10) {transformation: [-0.919f,-0.0925f,-0.3834f,-0.0305f,-0.0533f,0.9923f,-0.1115f,1.0357f,0.3907f,-0.082f,-0.9168f,0.0945f,0f,0f,0f,1f],start_interpolation: 0,interpolation_duration: 1}
$data merge entity $(bone_9) {transformation: [-0.919f,0.1275f,-0.3732f,0.0173f,-0.0533f,0.8975f,0.4378f,1.3722f,0.3907f,0.4222f,-0.8179f,0.2528f,0f,0f,0f,1f],start_interpolation: 0,interpolation_duration: 1}
$data merge entity $(item_display_item_display) {transformation: [-0.4115f,0.5525f,-0.2771f,-0.5062f,-0.28f,0.1301f,0.6753f,1.0545f,0.551f,0.4787f,0.1362f,0.7793f,0f,0f,0f,1f],start_interpolation: 0,interpolation_duration: 1}
$data merge entity $(bone_2) {transformation: [0.3695f,0.6037f,0.6922f,-0.5716f,-0.9003f,0.3856f,0.1443f,1.1059f,-0.1816f,-0.6834f,0.6929f,0.3919f,0f,0f,0f,1f],start_interpolation: 0,interpolation_duration: 1}
$data merge entity $(bone_1) {transformation: [0.3695f,0.8807f,0.2608f,-0.2672f,-0.9003f,0.4028f,-0.0849f,1.2438f,-0.1816f,-0.2055f,0.9513f,0.3272f,0f,0f,0f,1f],start_interpolation: 0,interpolation_duration: 1}
$data merge entity $(bone_4) {transformation: [-0.7984f,0.342f,0.4956f,0.5202f,-0.5983f,-0.3576f,-0.7171f,1.0578f,-0.068f,-0.869f,0.4901f,0.2273f,0f,0f,0f,1f],start_interpolation: 0,interpolation_duration: 1}
$data merge entity $(bone_3) {transformation: [-0.8111f,-0.5591f,0.1717f,0.3106f,-0.5189f,0.5524f,-0.6524f,1.265f,0.2699f,-0.6182f,-0.7382f,-0.0045f,0f,0f,0f,1f],start_interpolation: 0,interpolation_duration: 1}
$data merge entity $(bone_8) {transformation: [-0.9416f,0.3176f,-0.112f,-0.1456f,0.1756f,0.7468f,0.6414f,0.3965f,0.2873f,0.5843f,-0.759f,0.2665f,0f,0f,0f,1f],start_interpolation: 0,interpolation_duration: 1}
$data merge entity $(bone_7) {transformation: [-0.9416f,0.159f,-0.2969f,-0.108f,0.1756f,0.984f,-0.0301f,0.7028f,0.2873f,-0.0805f,-0.9544f,0.2026f,0f,0f,0f,1f],start_interpolation: 0,interpolation_duration: 1}
data modify entity @s data merge value {"cameras":{"camera1":{"px":0.02749999999999974,"py":1.46625,"pz":2.136875,"ry":179.97998144236274,"rx":0}},"locators":{}}