# This file was generated by Animated Java via MC-Build. It is not recommended to edit this file directly.
$data merge entity $(bone_layer) {transformation: [-0.919f,-0.007f,-0.3943f,0.0113f,-0.0533f,0.9929f,0.1066f,1.3375f,0.3908f,0.119f,-0.9128f,0.2338f,0f,0f,0f,1f],start_interpolation: 0,interpolation_duration: 1}
$data merge entity $(bone_l_1) {transformation: [-0.919f,-0.007f,-0.3943f,0.0039f,-0.0533f,0.9929f,0.1066f,1.4583f,0.3908f,0.119f,-0.9128f,0.513f,0f,0f,0f,1f],start_interpolation: 0,interpolation_duration: 1}
$data merge entity $(bone_eye_l) {transformation: [-0.919f,-0.007f,-0.3943f,0.0076f,-0.0533f,0.9929f,0.1066f,1.3385f,0.3908f,0.119f,-0.9128f,0.2252f,0f,0f,0f,1f],start_interpolation: 0,interpolation_duration: 1}
$data merge entity $(bone_r_1) {transformation: [-0.919f,-0.007f,-0.3943f,0.205f,-0.0533f,0.9929f,0.1066f,1.4699f,0.3908f,0.119f,-0.9128f,0.4275f,0f,0f,0f,1f],start_interpolation: 0,interpolation_duration: 1}
$data merge entity $(bone_eye_r) {transformation: [-0.919f,-0.007f,-0.3943f,0.2171f,-0.0533f,0.9929f,0.1066f,1.4435f,0.3908f,0.119f,-0.9128f,0.4123f,0f,0f,0f,1f],start_interpolation: 0,interpolation_duration: 1}
$data merge entity $(bone_eyes_down) {transformation: [-0.919f,-0.007f,-0.3943f,0.0106f,-0.0533f,0.9929f,0.1066f,1.4306f,0.3908f,0.119f,-0.9128f,0.2449f,0f,0f,0f,1f],start_interpolation: 0,interpolation_duration: 1}
$data merge entity $(bone_eyes_up) {transformation: [-0.919f,-0.007f,-0.3943f,0.0095f,-0.0533f,0.9929f,0.1066f,1.5548f,0.3908f,0.119f,-0.9128f,0.2593f,0f,0f,0f,1f],start_interpolation: 0,interpolation_duration: 1}
$data merge entity $(bone_bone) {transformation: [-0.919f,-0.007f,-0.3943f,0.0113f,-0.0533f,0.9929f,0.1066f,1.3375f,0.3908f,0.119f,-0.9128f,0.2338f,0f,0f,0f,1f],start_interpolation: 0,interpolation_duration: 1}
$data merge entity $(bone_l) {transformation: [-0.9149f,-0.0653f,-0.3943f,-0.0041f,-0.1397f,0.7383f,0.1066f,1.513f,0.3789f,0.1145f,-0.9128f,0.5416f,0f,0f,0f,1f],start_interpolation: 0,interpolation_duration: 1}
$data merge entity $(bone_r) {transformation: [-0.9162f,0.0548f,-0.3943f,0.2257f,0.0334f,0.7453f,0.1066f,1.5263f,0.3997f,0.0634f,-0.9128f,0.4439f,0f,0f,0f,1f],start_interpolation: 0,interpolation_duration: 1}
$data merge entity $(bone_sad) {transformation: [0f,0f,0f,-0.0538f,0f,0f,0f,0.8556f,0f,0f,0f,0.4692f,0f,0f,0f,1f],start_interpolation: 0,interpolation_duration: 1}
$data merge entity $(bone_head) {transformation: [-0.919f,-0.007f,-0.3943f,0.0113f,-0.0533f,0.9929f,0.1066f,1.3375f,0.3908f,0.119f,-0.9128f,0.2338f,0f,0f,0f,1f],start_interpolation: 0,interpolation_duration: 1}
$data merge entity $(bone_6) {transformation: [-0.8858f,-0.1748f,-0.4299f,0.2502f,-0.2197f,0.9739f,0.0565f,0.4074f,0.4088f,0.1445f,-0.9011f,0.2105f,0f,0f,0f,1f],start_interpolation: 0,interpolation_duration: 1}
$data merge entity $(bone_12) {transformation: [-0.8858f,-0.3786f,-0.2684f,0.1082f,-0.2197f,0.8515f,-0.4762f,0.7267f,0.4088f,-0.3629f,-0.8374f,0.0745f,0f,0f,0f,1f],start_interpolation: 0,interpolation_duration: 1}
$data merge entity $(bone_10) {transformation: [-0.919f,-0.0925f,-0.3834f,-0.0306f,-0.0533f,0.9923f,-0.1115f,1.0358f,0.3907f,-0.082f,-0.9168f,0.0942f,0f,0f,0f,1f],start_interpolation: 0,interpolation_duration: 1}
$data merge entity $(bone_9) {transformation: [-0.919f,0.1278f,-0.3731f,0.0173f,-0.0533f,0.8971f,0.4385f,1.3722f,0.3907f,0.4229f,-0.8176f,0.2528f,0f,0f,0f,1f],start_interpolation: 0,interpolation_duration: 1}
$data merge entity $(item_display_item_display) {transformation: [-0.4098f,0.5537f,-0.2771f,-0.5055f,-0.2796f,0.131f,0.6753f,1.0548f,0.5524f,0.477f,0.1362f,0.7795f,0f,0f,0f,1f],start_interpolation: 0,interpolation_duration: 1}
$data merge entity $(bone_2) {transformation: [0.3695f,0.6026f,0.6932f,-0.5715f,-0.9003f,0.3854f,0.1449f,1.1058f,-0.1816f,-0.6845f,0.6918f,0.3922f,0f,0f,0f,1f],start_interpolation: 0,interpolation_duration: 1}
$data merge entity $(bone_1) {transformation: [0.3695f,0.8805f,0.2615f,-0.2672f,-0.9003f,0.4029f,-0.0846f,1.2438f,-0.1816f,-0.2062f,0.9511f,0.3272f,0f,0f,0f,1f],start_interpolation: 0,interpolation_duration: 1}
$data merge entity $(bone_4) {transformation: [-0.7986f,0.3419f,0.4954f,0.5203f,-0.598f,-0.3577f,-0.7172f,1.0577f,-0.0681f,-0.869f,0.4901f,0.2271f,0f,0f,0f,1f],start_interpolation: 0,interpolation_duration: 1}
$data merge entity $(bone_3) {transformation: [-0.8111f,-0.5592f,0.1713f,0.3106f,-0.5189f,0.553f,-0.6519f,1.265f,0.2699f,-0.6176f,-0.7387f,-0.0045f,0f,0f,0f,1f],start_interpolation: 0,interpolation_duration: 1}
$data merge entity $(bone_8) {transformation: [-0.9415f,0.3183f,-0.1112f,-0.1459f,0.1764f,0.7462f,0.642f,0.3966f,0.2873f,0.5848f,-0.7586f,0.2666f,0f,0f,0f,1f],start_interpolation: 0,interpolation_duration: 1}
$data merge entity $(bone_7) {transformation: [-0.9415f,0.1597f,-0.2969f,-0.108f,0.1764f,0.9839f,-0.0301f,0.7028f,0.2873f,-0.0808f,-0.9544f,0.2026f,0f,0f,0f,1f],start_interpolation: 0,interpolation_duration: 1}