# This file was generated by Animated Java via MC-Build. It is not recommended to edit this file directly.
$data merge entity $(bone_layer) {transformation: [-0.5761f,-0.1775f,-0.7979f,-0.1208f,-0.0043f,0.9768f,-0.2142f,1.3328f,0.8175f,-0.12f,-0.5635f,-0.0023f,0f,0f,0f,1f],start_interpolation: 0,interpolation_duration: 1}
$data merge entity $(bone_l_1) {transformation: [-0.5761f,-0.1775f,-0.7979f,-0.0202f,-0.0043f,0.9768f,-0.2142f,1.5331f,0.8175f,-0.12f,-0.5635f,0.2035f,0f,0f,0f,1f],start_interpolation: 0,interpolation_duration: 1}
$data merge entity $(bone_eye_l) {transformation: [-0.5761f,-0.1775f,-0.7979f,-0.1283f,-0.0043f,0.9768f,-0.2142f,1.3308f,0.8175f,-0.12f,-0.5635f,-0.0076f,0f,0f,0f,1f],start_interpolation: 0,interpolation_duration: 1}
$data merge entity $(bone_r_1) {transformation: [-0.5761f,-0.1775f,-0.7979f,0.1058f,-0.0043f,0.9768f,-0.2142f,1.534f,0.8175f,-0.12f,-0.5635f,0.0246f,0f,0f,0f,1f],start_interpolation: 0,interpolation_duration: 1}
$data merge entity $(bone_eye_r) {transformation: [-0.5761f,-0.1775f,-0.7979f,0.1148f,-0.0043f,0.9768f,-0.2142f,1.5053f,0.8175f,-0.12f,-0.5635f,0.0117f,0f,0f,0f,1f],start_interpolation: 0,interpolation_duration: 1}
$data merge entity $(bone_eyes_down) {transformation: [-0.5761f,-0.1775f,-0.7979f,-0.1374f,-0.0043f,0.9768f,-0.2142f,1.4243f,0.8175f,-0.12f,-0.5635f,-0.0135f,0f,0f,0f,1f],start_interpolation: 0,interpolation_duration: 1}
$data merge entity $(bone_eyes_up) {transformation: [-0.5761f,-0.1775f,-0.7979f,-0.1602f,-0.0043f,0.9768f,-0.2142f,1.5468f,0.8175f,-0.12f,-0.5635f,-0.0289f,0f,0f,0f,1f],start_interpolation: 0,interpolation_duration: 1}
$data merge entity $(bone_bone) {transformation: [-0.5761f,-0.1775f,-0.7979f,-0.1208f,-0.0043f,0.9768f,-0.2142f,1.3328f,0.8175f,-0.12f,-0.5635f,-0.0023f,0f,0f,0f,1f],start_interpolation: 0,interpolation_duration: 1}
$data merge entity $(bone_l) {transformation: [-0.5746f,-0.1368f,-0.7979f,-0.0258f,-0.0125f,0.7325f,-0.2142f,1.5935f,0.8184f,-0.0848f,-0.5635f,0.2189f,0f,0f,0f,1f],start_interpolation: 0,interpolation_duration: 1}
$data merge entity $(bone_r) {transformation: [-0.5776f,-0.1295f,-0.7979f,0.1182f,0.0039f,0.7326f,-0.2142f,1.5946f,0.8164f,-0.0951f,-0.5635f,0.0146f,0f,0f,0f,1f],start_interpolation: 0,interpolation_duration: 1}
$data merge entity $(bone_sad) {transformation: [-0.9266f,-0.0858f,-0.8423f,-0.0444f,-0.0069f,0.4723f,-0.2261f,1.5033f,1.3147f,-0.058f,-0.5949f,0.2518f,0f,0f,0f,1f],start_interpolation: 0,interpolation_duration: 1}
$data merge entity $(bone_head) {transformation: [-0.5761f,-0.1775f,-0.7979f,-0.1208f,-0.0043f,0.9768f,-0.2142f,1.3328f,0.8175f,-0.12f,-0.5635f,-0.0023f,0f,0f,0f,1f],start_interpolation: 0,interpolation_duration: 1}
$data merge entity $(bone_6) {transformation: [-0.5656f,0.0268f,-0.8242f,0.0197f,-0.1346f,0.9831f,0.1244f,0.3888f,0.8136f,0.1813f,-0.5524f,-0.1078f,0f,0f,0f,1f],start_interpolation: 0,interpolation_duration: 1}
$data merge entity $(bone_12) {transformation: [-0.5656f,-0.4512f,-0.6903f,-0.1495f,-0.1346f,0.8764f,-0.4624f,0.7175f,0.8136f,-0.1686f,-0.5565f,-0.1711f,0f,0f,0f,1f],start_interpolation: 0,interpolation_duration: 1}
$data merge entity $(bone_10) {transformation: [-0.5761f,-0.0779f,-0.8137f,-0.2312f,-0.0043f,0.9957f,-0.0923f,1.0264f,0.8174f,-0.0496f,-0.574f,-0.0817f,0f,0f,0f,1f],start_interpolation: 0,interpolation_duration: 1}
$data merge entity $(bone_9) {transformation: [-0.5761f,0.339f,-0.7438f,-0.1041f,-0.0043f,0.9087f,0.4175f,1.3671f,0.8174f,0.2437f,-0.522f,0.0097f,0f,0f,0f,1f],start_interpolation: 0,interpolation_duration: 1}
$data merge entity $(item_display_item_display) {transformation: [0.3105f,0.6451f,-0.1968f,0.0306f,-0.4814f,0.3637f,0.4328f,0.9705f,0.4724f,-0.0534f,0.5703f,0.5597f,0f,0f,0f,1f],start_interpolation: 0,interpolation_duration: 1}
$data merge entity $(bone_2) {transformation: [0.2624f,-0.4152f,0.8596f,-0.3418f,-0.5771f,0.6411f,0.4859f,0.979f,-0.7604f,-0.6298f,-0.0721f,0.4248f,0f,0f,0f,1f],start_interpolation: 0,interpolation_duration: 1}
$data merge entity $(bone_1) {transformation: [0.2624f,0.0697f,0.952f,-0.3119f,-0.5771f,0.7981f,0.1006f,1.254f,-0.7604f,-0.5816f,0.2522f,0.2264f,0f,0f,0f,1f],start_interpolation: 0,interpolation_duration: 1}
$data merge entity $(bone_4) {transformation: [-0.4491f,-0.8137f,0.369f,0.3347f,-0.4758f,-0.1317f,-0.8696f,1.1004f,0.7563f,-0.5661f,-0.328f,-0.2559f,0f,0f,0f,1f],start_interpolation: 0,interpolation_duration: 1}
$data merge entity $(bone_3) {transformation: [-0.4491f,-0.8799f,-0.1553f,0.0048f,-0.4758f,0.3826f,-0.792f,1.2438f,0.7563f,-0.2818f,-0.5905f,-0.3615f,0f,0f,0f,1f],start_interpolation: 0,interpolation_duration: 1}
$data merge entity $(bone_8) {transformation: [-0.645f,0.569f,-0.5101f,-0.2696f,0.1836f,0.7633f,0.6193f,0.3987f,0.7418f,0.3058f,-0.5968f,0.1254f,0f,0f,0f,1f],start_interpolation: 0,interpolation_duration: 1}
$data merge entity $(bone_7) {transformation: [-0.645f,0.1084f,-0.7565f,-0.2665f,0.1836f,0.9829f,-0.0157f,0.7052f,0.7418f,-0.149f,-0.6538f,0.0523f,0f,0f,0f,1f],start_interpolation: 0,interpolation_duration: 1}
data modify entity @s data merge value {"cameras":{"camera":{"posx":0.21606404958677672,"posy":1.5053996055597296,"posz":1.4472464312546958,"roty":162.696559296875,"rotx":0}},"locators":{}}