# This file was generated by Animated Java via MC-Build. It is not recommended to edit this file directly.
$data merge entity $(bone_layer) {transformation: [-0.919f,-0.0073f,-0.3943f,0.0113f,-0.0533f,0.9929f,0.1059f,1.3375f,0.3908f,0.1184f,-0.9129f,0.2338f,0f,0f,0f,1f],start_interpolation: 0,interpolation_duration: 1}
$data merge entity $(bone_l_1) {transformation: [-0.919f,-0.0073f,-0.3943f,0.0039f,-0.0533f,0.9929f,0.1059f,1.4584f,0.3908f,0.1184f,-0.9129f,0.5129f,0f,0f,0f,1f],start_interpolation: 0,interpolation_duration: 1}
$data merge entity $(bone_eye_l) {transformation: [-0.919f,-0.0073f,-0.3943f,0.0076f,-0.0533f,0.9929f,0.1059f,1.3385f,0.3908f,0.1184f,-0.9129f,0.2252f,0f,0f,0f,1f],start_interpolation: 0,interpolation_duration: 1}
$data merge entity $(bone_r_1) {transformation: [-0.919f,-0.0073f,-0.3943f,0.2049f,-0.0533f,0.9929f,0.1059f,1.4701f,0.3908f,0.1184f,-0.9129f,0.4274f,0f,0f,0f,1f],start_interpolation: 0,interpolation_duration: 1}
$data merge entity $(bone_eye_r) {transformation: [-0.919f,-0.0073f,-0.3943f,0.217f,-0.0533f,0.9929f,0.1059f,1.4437f,0.3908f,0.1184f,-0.9129f,0.4123f,0f,0f,0f,1f],start_interpolation: 0,interpolation_duration: 1}
$data merge entity $(bone_eyes_down) {transformation: [-0.919f,-0.0073f,-0.3943f,0.0106f,-0.0533f,0.9929f,0.1059f,1.4306f,0.3908f,0.1184f,-0.9129f,0.2449f,0f,0f,0f,1f],start_interpolation: 0,interpolation_duration: 1}
$data merge entity $(bone_eyes_up) {transformation: [-0.919f,-0.0073f,-0.3943f,0.0094f,-0.0533f,0.9929f,0.1059f,1.5548f,0.3908f,0.1184f,-0.9129f,0.2591f,0f,0f,0f,1f],start_interpolation: 0,interpolation_duration: 1}
$data merge entity $(bone_bone) {transformation: [-0.919f,-0.0073f,-0.3943f,0.0113f,-0.0533f,0.9929f,0.1059f,1.3375f,0.3908f,0.1184f,-0.9129f,0.2338f,0f,0f,0f,1f],start_interpolation: 0,interpolation_duration: 1}
$data merge entity $(bone_l) {transformation: [-0.9149f,-0.0655f,-0.3943f,-0.0041f,-0.1397f,0.7384f,0.1059f,1.5132f,0.379f,0.114f,-0.9129f,0.5415f,0f,0f,0f,1f],start_interpolation: 0,interpolation_duration: 1}
$data merge entity $(bone_r) {transformation: [-0.9162f,0.0546f,-0.3943f,0.2256f,0.0334f,0.7454f,0.1059f,1.5265f,0.3996f,0.0629f,-0.9129f,0.4438f,0f,0f,0f,1f],start_interpolation: 0,interpolation_duration: 1}
$data merge entity $(bone_sad) {transformation: [0f,0f,0f,-0.0537f,0f,0f,0f,0.8558f,0f,0f,0f,0.4695f,0f,0f,0f,1f],start_interpolation: 0,interpolation_duration: 1}
$data merge entity $(bone_head) {transformation: [-0.919f,-0.0073f,-0.3943f,0.0113f,-0.0533f,0.9929f,0.1059f,1.3375f,0.3908f,0.1184f,-0.9129f,0.2338f,0f,0f,0f,1f],start_interpolation: 0,interpolation_duration: 1}
$data merge entity $(bone_6) {transformation: [-0.8855f,-0.1756f,-0.4301f,0.2504f,-0.2203f,0.9738f,0.0558f,0.4075f,0.4091f,0.1441f,-0.901f,0.2104f,0f,0f,0f,1f],start_interpolation: 0,interpolation_duration: 1}
$data merge entity $(bone_12) {transformation: [-0.8855f,-0.3792f,-0.2684f,0.1082f,-0.2203f,0.8513f,-0.4762f,0.7267f,0.4091f,-0.3626f,-0.8374f,0.0745f,0f,0f,0f,1f],start_interpolation: 0,interpolation_duration: 1}
$data merge entity $(bone_10) {transformation: [-0.919f,-0.0925f,-0.3834f,-0.0307f,-0.0533f,0.9923f,-0.1115f,1.0359f,0.3907f,-0.082f,-0.9168f,0.094f,0f,0f,0f,1f],start_interpolation: 0,interpolation_duration: 1}
$data merge entity $(bone_9) {transformation: [-0.919f,0.128f,-0.373f,0.0173f,-0.0533f,0.8968f,0.4391f,1.3722f,0.3907f,0.4234f,-0.8173f,0.2528f,0f,0f,0f,1f],start_interpolation: 0,interpolation_duration: 1}
$data merge entity $(item_display_item_display) {transformation: [-0.4079f,0.5551f,-0.2771f,-0.5049f,-0.2792f,0.1319f,0.6753f,1.055f,0.5541f,0.4751f,0.1362f,0.7797f,0f,0f,0f,1f],start_interpolation: 0,interpolation_duration: 1}
$data merge entity $(bone_2) {transformation: [0.3695f,0.6016f,0.694f,-0.5714f,-0.9003f,0.3852f,0.1454f,1.1058f,-0.1816f,-0.6854f,0.6909f,0.3924f,0f,0f,0f,1f],start_interpolation: 0,interpolation_duration: 1}
$data merge entity $(bone_1) {transformation: [0.3695f,0.8803f,0.2621f,-0.2672f,-0.9003f,0.403f,-0.0843f,1.2438f,-0.1816f,-0.2069f,0.9509f,0.3272f,0f,0f,0f,1f],start_interpolation: 0,interpolation_duration: 1}
$data merge entity $(bone_4) {transformation: [-0.7987f,0.3419f,0.4952f,0.5203f,-0.5979f,-0.3577f,-0.7173f,1.0575f,-0.0681f,-0.869f,0.4901f,0.2269f,0f,0f,0f,1f],start_interpolation: 0,interpolation_duration: 1}
$data merge entity $(bone_3) {transformation: [-0.8111f,-0.5594f,0.1709f,0.3106f,-0.5189f,0.5534f,-0.6515f,1.265f,0.2699f,-0.6171f,-0.7391f,-0.0045f,0f,0f,0f,1f],start_interpolation: 0,interpolation_duration: 1}
$data merge entity $(bone_8) {transformation: [-0.9414f,0.3188f,-0.1105f,-0.1461f,0.1771f,0.7456f,0.6424f,0.3966f,0.2872f,0.5851f,-0.7584f,0.2666f,0f,0f,0f,1f],start_interpolation: 0,interpolation_duration: 1}
$data merge entity $(bone_7) {transformation: [-0.9414f,0.1604f,-0.2969f,-0.108f,0.1771f,0.9837f,-0.0301f,0.7028f,0.2872f,-0.0809f,-0.9544f,0.2026f,0f,0f,0f,1f],start_interpolation: 0,interpolation_duration: 1}
data modify entity @s data merge value {"cameras":{"camera":{"posx":0.02749999999999974,"posy":1.46625,"posz":2.136875,"roty":179.98667403707577,"rotx":0}},"locators":{}}