# This file was generated by Animated Java via MC-Build. It is not recommended to edit this file directly.
$data merge entity $(bone_layer) {transformation: [-0.919f,-0.0069f,-0.3943f,0.0113f,-0.0533f,0.9928f,0.1069f,1.3375f,0.3908f,0.1193f,-0.9127f,0.2338f,0f,0f,0f,1f],start_interpolation: 0,interpolation_duration: 1}
$data merge entity $(bone_l_1) {transformation: [-0.919f,-0.0069f,-0.3943f,0.004f,-0.0533f,0.9928f,0.1069f,1.4582f,0.3908f,0.1193f,-0.9127f,0.513f,0f,0f,0f,1f],start_interpolation: 0,interpolation_duration: 1}
$data merge entity $(bone_eye_l) {transformation: [-0.919f,-0.0069f,-0.3943f,0.0076f,-0.0533f,0.9928f,0.1069f,1.3386f,0.3908f,0.1193f,-0.9127f,0.2252f,0f,0f,0f,1f],start_interpolation: 0,interpolation_duration: 1}
$data merge entity $(bone_r_1) {transformation: [-0.919f,-0.0069f,-0.3943f,0.205f,-0.0533f,0.9928f,0.1069f,1.4698f,0.3908f,0.1193f,-0.9127f,0.4275f,0f,0f,0f,1f],start_interpolation: 0,interpolation_duration: 1}
$data merge entity $(bone_eye_r) {transformation: [-0.919f,-0.0069f,-0.3943f,0.2171f,-0.0533f,0.9928f,0.1069f,1.4434f,0.3908f,0.1193f,-0.9127f,0.4124f,0f,0f,0f,1f],start_interpolation: 0,interpolation_duration: 1}
$data merge entity $(bone_eyes_down) {transformation: [-0.919f,-0.0069f,-0.3943f,0.0106f,-0.0533f,0.9928f,0.1069f,1.4306f,0.3908f,0.1193f,-0.9127f,0.245f,0f,0f,0f,1f],start_interpolation: 0,interpolation_duration: 1}
$data merge entity $(bone_eyes_up) {transformation: [-0.919f,-0.0069f,-0.3943f,0.0095f,-0.0533f,0.9928f,0.1069f,1.5548f,0.3908f,0.1193f,-0.9127f,0.2593f,0f,0f,0f,1f],start_interpolation: 0,interpolation_duration: 1}
$data merge entity $(bone_bone) {transformation: [-0.919f,-0.0069f,-0.3943f,0.0113f,-0.0533f,0.9928f,0.1069f,1.3375f,0.3908f,0.1193f,-0.9127f,0.2338f,0f,0f,0f,1f],start_interpolation: 0,interpolation_duration: 1}
$data merge entity $(bone_l) {transformation: [-0.9149f,-0.0652f,-0.3943f,-0.004f,-0.1397f,0.7383f,0.1069f,1.5129f,0.3789f,0.1147f,-0.9127f,0.5417f,0f,0f,0f,1f],start_interpolation: 0,interpolation_duration: 1}
$data merge entity $(bone_r) {transformation: [-0.9161f,0.0549f,-0.3943f,0.2257f,0.0334f,0.7453f,0.1069f,1.5262f,0.3997f,0.0636f,-0.9127f,0.444f,0f,0f,0f,1f],start_interpolation: 0,interpolation_duration: 1}
$data merge entity $(bone_sad) {transformation: [0f,0f,0f,-0.0539f,0f,0f,0f,0.8556f,0f,0f,0f,0.4691f,0f,0f,0f,1f],start_interpolation: 0,interpolation_duration: 1}
$data merge entity $(bone_head) {transformation: [-0.919f,-0.0069f,-0.3943f,0.0113f,-0.0533f,0.9928f,0.1069f,1.3375f,0.3908f,0.1193f,-0.9127f,0.2338f,0f,0f,0f,1f],start_interpolation: 0,interpolation_duration: 1}
$data merge entity $(bone_6) {transformation: [-0.8859f,-0.1744f,-0.4298f,0.2501f,-0.2194f,0.974f,0.0569f,0.4074f,0.4087f,0.1447f,-0.9011f,0.2106f,0f,0f,0f,1f],start_interpolation: 0,interpolation_duration: 1}
$data merge entity $(bone_12) {transformation: [-0.8859f,-0.3783f,-0.2684f,0.1082f,-0.2194f,0.8515f,-0.4762f,0.7267f,0.4087f,-0.363f,-0.8374f,0.0745f,0f,0f,0f,1f],start_interpolation: 0,interpolation_duration: 1}
$data merge entity $(bone_10) {transformation: [-0.919f,-0.0925f,-0.3834f,-0.0305f,-0.0533f,0.9923f,-0.1115f,1.0358f,0.3907f,-0.082f,-0.9168f,0.0943f,0f,0f,0f,1f],start_interpolation: 0,interpolation_duration: 1}
$data merge entity $(bone_9) {transformation: [-0.919f,0.1276f,-0.3731f,0.0173f,-0.0533f,0.8973f,0.4382f,1.3722f,0.3907f,0.4226f,-0.8178f,0.2528f,0f,0f,0f,1f],start_interpolation: 0,interpolation_duration: 1}
$data merge entity $(item_display_item_display) {transformation: [-0.409f,0.5543f,-0.2771f,-0.5058f,-0.2794f,0.1313f,0.6753f,1.0547f,0.5531f,0.4763f,0.1362f,0.7794f,0f,0f,0f,1f],start_interpolation: 0,interpolation_duration: 1}
$data merge entity $(bone_2) {transformation: [0.3695f,0.603f,0.6928f,-0.5715f,-0.9003f,0.3855f,0.1446f,1.1058f,-0.1816f,-0.684f,0.6923f,0.3921f,0f,0f,0f,1f],start_interpolation: 0,interpolation_duration: 1}
$data merge entity $(bone_1) {transformation: [0.3695f,0.8806f,0.2612f,-0.2672f,-0.9003f,0.4029f,-0.0847f,1.2438f,-0.1816f,-0.2059f,0.9512f,0.3272f,0f,0f,0f,1f],start_interpolation: 0,interpolation_duration: 1}
$data merge entity $(bone_4) {transformation: [-0.7985f,0.3419f,0.4955f,0.5203f,-0.5981f,-0.3576f,-0.7172f,1.0577f,-0.068f,-0.869f,0.4901f,0.2272f,0f,0f,0f,1f],start_interpolation: 0,interpolation_duration: 1}
$data merge entity $(bone_3) {transformation: [-0.8111f,-0.5592f,0.1715f,0.3106f,-0.5189f,0.5527f,-0.6521f,1.265f,0.2699f,-0.6179f,-0.7385f,-0.0045f,0f,0f,0f,1f],start_interpolation: 0,interpolation_duration: 1}
$data merge entity $(bone_8) {transformation: [-0.9415f,0.318f,-0.1115f,-0.1458f,0.1761f,0.7464f,0.6417f,0.3966f,0.2873f,0.5846f,-0.7588f,0.2665f,0f,0f,0f,1f],start_interpolation: 0,interpolation_duration: 1}
$data merge entity $(bone_7) {transformation: [-0.9415f,0.1594f,-0.2969f,-0.108f,0.1761f,0.9839f,-0.0301f,0.7028f,0.2873f,-0.0807f,-0.9544f,0.2026f,0f,0f,0f,1f],start_interpolation: 0,interpolation_duration: 1}