# This file was generated by Animated Java via MC-Build. It is not recommended to edit this file directly.
$data merge entity $(bone_layer) {transformation: [-0.919f,-0.0058f,-0.3943f,0.0113f,-0.0533f,0.9925f,0.1097f,1.3375f,0.3908f,0.1219f,-0.9124f,0.2338f,0f,0f,0f,1f],start_interpolation: 0,interpolation_duration: 1}
$data merge entity $(bone_l_1) {transformation: [-0.919f,-0.0058f,-0.3943f,0.0041f,-0.0533f,0.9925f,0.1097f,1.4575f,0.3908f,0.1219f,-0.9124f,0.5133f,0f,0f,0f,1f],start_interpolation: 0,interpolation_duration: 1}
$data merge entity $(bone_eye_l) {transformation: [-0.919f,-0.0058f,-0.3943f,0.0076f,-0.0533f,0.9925f,0.1097f,1.3386f,0.3908f,0.1219f,-0.9124f,0.2252f,0f,0f,0f,1f],start_interpolation: 0,interpolation_duration: 1}
$data merge entity $(bone_r_1) {transformation: [-0.919f,-0.0058f,-0.3943f,0.2052f,-0.0533f,0.9925f,0.1097f,1.4691f,0.3908f,0.1219f,-0.9124f,0.4278f,0f,0f,0f,1f],start_interpolation: 0,interpolation_duration: 1}
$data merge entity $(bone_eye_r) {transformation: [-0.919f,-0.0058f,-0.3943f,0.2172f,-0.0533f,0.9925f,0.1097f,1.4427f,0.3908f,0.1219f,-0.9124f,0.4126f,0f,0f,0f,1f],start_interpolation: 0,interpolation_duration: 1}
$data merge entity $(bone_eyes_down) {transformation: [-0.919f,-0.0058f,-0.3943f,0.0107f,-0.0533f,0.9925f,0.1097f,1.4306f,0.3908f,0.1219f,-0.9124f,0.2452f,0f,0f,0f,1f],start_interpolation: 0,interpolation_duration: 1}
$data merge entity $(bone_eyes_up) {transformation: [-0.919f,-0.0058f,-0.3943f,0.0098f,-0.0533f,0.9925f,0.1097f,1.5547f,0.3908f,0.1219f,-0.9124f,0.2599f,0f,0f,0f,1f],start_interpolation: 0,interpolation_duration: 1}
$data merge entity $(bone_bone) {transformation: [-0.919f,-0.0058f,-0.3943f,0.0113f,-0.0533f,0.9925f,0.1097f,1.3375f,0.3908f,0.1219f,-0.9124f,0.2338f,0f,0f,0f,1f],start_interpolation: 0,interpolation_duration: 1}
$data merge entity $(bone_l) {transformation: [-0.915f,-0.0644f,-0.3943f,-0.0038f,-0.1396f,0.7381f,0.1097f,1.5121f,0.3787f,0.1166f,-0.9124f,0.5422f,0f,0f,0f,1f],start_interpolation: 0,interpolation_duration: 1}
$data merge entity $(bone_r) {transformation: [-0.916f,0.0558f,-0.3943f,0.226f,0.0334f,0.745f,0.1097f,1.5255f,0.3999f,0.0655f,-0.9124f,0.4445f,0f,0f,0f,1f],start_interpolation: 0,interpolation_duration: 1}
$data merge entity $(bone_sad) {transformation: [0f,0f,0f,-0.0544f,0f,0f,0f,0.855f,0f,0f,0f,0.4679f,0f,0f,0f,1f],start_interpolation: 0,interpolation_duration: 1}
$data merge entity $(bone_head) {transformation: [-0.919f,-0.0058f,-0.3943f,0.0113f,-0.0533f,0.9925f,0.1097f,1.3375f,0.3908f,0.1219f,-0.9124f,0.2338f,0f,0f,0f,1f],start_interpolation: 0,interpolation_duration: 1}
$data merge entity $(bone_6) {transformation: [-0.887f,-0.1711f,-0.429f,0.2491f,-0.217f,0.9743f,0.06f,0.4072f,0.4077f,0.1463f,-0.9013f,0.211f,0f,0f,0f,1f],start_interpolation: 0,interpolation_duration: 1}
$data merge entity $(bone_12) {transformation: [-0.887f,-0.3758f,-0.2684f,0.1082f,-0.217f,0.8521f,-0.4762f,0.7267f,0.4077f,-0.3641f,-0.8374f,0.0745f,0f,0f,0f,1f],start_interpolation: 0,interpolation_duration: 1}
$data merge entity $(bone_10) {transformation: [-0.919f,-0.0925f,-0.3834f,-0.0301f,-0.0533f,0.9923f,-0.1115f,1.0353f,0.3907f,-0.082f,-0.9168f,0.0952f,0f,0f,0f,1f],start_interpolation: 0,interpolation_duration: 1}
$data merge entity $(bone_9) {transformation: [-0.919f,0.1266f,-0.3735f,0.0173f,-0.0533f,0.8985f,0.4357f,1.3722f,0.3907f,0.4203f,-0.8189f,0.2528f,0f,0f,0f,1f],start_interpolation: 0,interpolation_duration: 1}
$data merge entity $(item_display_item_display) {transformation: [-0.4122f,0.552f,-0.2771f,-0.508f,-0.2802f,0.1298f,0.6753f,1.0539f,0.5504f,0.4794f,0.1362f,0.7787f,0f,0f,0f,1f],start_interpolation: 0,interpolation_duration: 1}
$data merge entity $(bone_2) {transformation: [0.3695f,0.6069f,0.6894f,-0.5717f,-0.9003f,0.3863f,0.1424f,1.1059f,-0.1816f,-0.6801f,0.6961f,0.3912f,0f,0f,0f,1f],start_interpolation: 0,interpolation_duration: 1}
$data merge entity $(bone_1) {transformation: [0.3695f,0.8813f,0.2587f,-0.2672f,-0.9003f,0.4026f,-0.0859f,1.2438f,-0.1816f,-0.2032f,0.9517f,0.3272f,0f,0f,0f,1f],start_interpolation: 0,interpolation_duration: 1}
$data merge entity $(bone_4) {transformation: [-0.7979f,0.3421f,0.4963f,0.5201f,-0.5989f,-0.3573f,-0.7167f,1.0584f,-0.0678f,-0.8691f,0.49f,0.2279f,0f,0f,0f,1f],start_interpolation: 0,interpolation_duration: 1}
$data merge entity $(bone_3) {transformation: [-0.8111f,-0.5587f,0.173f,0.3106f,-0.5189f,0.5509f,-0.6537f,1.265f,0.2699f,-0.62f,-0.7367f,-0.0045f,0f,0f,0f,1f],start_interpolation: 0,interpolation_duration: 1}
$data merge entity $(bone_8) {transformation: [-0.942f,0.3157f,-0.1142f,-0.1449f,0.1733f,0.7486f,0.6399f,0.3964f,0.2875f,0.583f,-0.7599f,0.2663f,0f,0f,0f,1f],start_interpolation: 0,interpolation_duration: 1}
$data merge entity $(bone_7) {transformation: [-0.942f,0.1568f,-0.2969f,-0.108f,0.1733f,0.9844f,-0.0302f,0.7028f,0.2875f,-0.0799f,-0.9544f,0.2026f,0f,0f,0f,1f],start_interpolation: 0,interpolation_duration: 1}