# This file was generated by Animated Java via MC-Build. It is not recommended to edit this file directly.
$data merge entity $(bone_layer) {transformation: [-0.919f,-0.0041f,-0.3944f,0.0113f,-0.0533f,0.9921f,0.1139f,1.3375f,0.3908f,0.1257f,-0.9119f,0.2338f,0f,0f,0f,1f],start_interpolation: 0,interpolation_duration: 1}
$data merge entity $(bone_l_1) {transformation: [-0.919f,-0.0041f,-0.3944f,0.0044f,-0.0533f,0.9921f,0.1139f,1.4564f,0.3908f,0.1257f,-0.9119f,0.5138f,0f,0f,0f,1f],start_interpolation: 0,interpolation_duration: 1}
$data merge entity $(bone_eye_l) {transformation: [-0.919f,-0.0041f,-0.3944f,0.0076f,-0.0533f,0.9921f,0.1139f,1.3386f,0.3908f,0.1257f,-0.9119f,0.2252f,0f,0f,0f,1f],start_interpolation: 0,interpolation_duration: 1}
$data merge entity $(bone_r_1) {transformation: [-0.919f,-0.0041f,-0.3944f,0.2054f,-0.0533f,0.9921f,0.1139f,1.4681f,0.3908f,0.1257f,-0.9119f,0.4283f,0f,0f,0f,1f],start_interpolation: 0,interpolation_duration: 1}
$data merge entity $(bone_eye_r) {transformation: [-0.919f,-0.0041f,-0.3944f,0.2174f,-0.0533f,0.9921f,0.1139f,1.4417f,0.3908f,0.1257f,-0.9119f,0.413f,0f,0f,0f,1f],start_interpolation: 0,interpolation_duration: 1}
$data merge entity $(bone_eyes_down) {transformation: [-0.919f,-0.0041f,-0.3944f,0.0109f,-0.0533f,0.9921f,0.1139f,1.4306f,0.3908f,0.1257f,-0.9119f,0.2456f,0f,0f,0f,1f],start_interpolation: 0,interpolation_duration: 1}
$data merge entity $(bone_eyes_up) {transformation: [-0.919f,-0.0041f,-0.3944f,0.0101f,-0.0533f,0.9921f,0.1139f,1.5546f,0.3908f,0.1257f,-0.9119f,0.2607f,0f,0f,0f,1f],start_interpolation: 0,interpolation_duration: 1}
$data merge entity $(bone_bone) {transformation: [-0.919f,-0.0041f,-0.3944f,0.0113f,-0.0533f,0.9921f,0.1139f,1.3375f,0.3908f,0.1257f,-0.9119f,0.2338f,0f,0f,0f,1f],start_interpolation: 0,interpolation_duration: 1}
$data merge entity $(bone_l) {transformation: [-0.9152f,-0.0631f,-0.3944f,-0.0034f,-0.1396f,0.7377f,0.1139f,1.511f,0.3783f,0.1195f,-0.9119f,0.5428f,0f,0f,0f,1f],start_interpolation: 0,interpolation_duration: 1}
$data merge entity $(bone_r) {transformation: [-0.9159f,0.057f,-0.3944f,0.2263f,0.0333f,0.7447f,0.1139f,1.5243f,0.4003f,0.0684f,-0.9119f,0.4451f,0f,0f,0f,1f],start_interpolation: 0,interpolation_duration: 1}
$data merge entity $(bone_sad) {transformation: [0f,0f,0f,-0.0551f,0f,0f,0f,0.8542f,0f,0f,0f,0.466f,0f,0f,0f,1f],start_interpolation: 0,interpolation_duration: 1}
$data merge entity $(bone_head) {transformation: [-0.919f,-0.0041f,-0.3944f,0.0113f,-0.0533f,0.9921f,0.1139f,1.3375f,0.3908f,0.1257f,-0.9119f,0.2338f,0f,0f,0f,1f],start_interpolation: 0,interpolation_duration: 1}
$data merge entity $(bone_6) {transformation: [-0.8885f,-0.1662f,-0.4276f,0.2477f,-0.2134f,0.9748f,0.0646f,0.4068f,0.4062f,0.1486f,-0.9016f,0.2117f,0f,0f,0f,1f],start_interpolation: 0,interpolation_duration: 1}
$data merge entity $(bone_12) {transformation: [-0.8885f,-0.3721f,-0.2684f,0.1082f,-0.2134f,0.853f,-0.4762f,0.7267f,0.4062f,-0.3659f,-0.8374f,0.0745f,0f,0f,0f,1f],start_interpolation: 0,interpolation_duration: 1}
$data merge entity $(bone_10) {transformation: [-0.919f,-0.0925f,-0.3834f,-0.0296f,-0.0533f,0.9923f,-0.1115f,1.0346f,0.3907f,-0.082f,-0.9168f,0.0965f,0f,0f,0f,1f],start_interpolation: 0,interpolation_duration: 1}
$data merge entity $(bone_9) {transformation: [-0.919f,0.125f,-0.374f,0.0173f,-0.0533f,0.9003f,0.4319f,1.3722f,0.3907f,0.4169f,-0.8207f,0.2528f,0f,0f,0f,1f],start_interpolation: 0,interpolation_duration: 1}
$data merge entity $(item_display_item_display) {transformation: [-0.4168f,0.5485f,-0.2771f,-0.5114f,-0.2813f,0.1274f,0.6753f,1.0527f,0.5463f,0.484f,0.1362f,0.7776f,0f,0f,0f,1f],start_interpolation: 0,interpolation_duration: 1}
$data merge entity $(bone_2) {transformation: [0.3695f,0.6127f,0.6843f,-0.5721f,-0.9003f,0.3874f,0.1392f,1.1061f,-0.1816f,-0.6742f,0.7018f,0.3898f,0f,0f,0f,1f],start_interpolation: 0,interpolation_duration: 1}
$data merge entity $(bone_1) {transformation: [0.3695f,0.8824f,0.255f,-0.2672f,-0.9003f,0.4023f,-0.0875f,1.2438f,-0.1816f,-0.1992f,0.9526f,0.3272f,0f,0f,0f,1f],start_interpolation: 0,interpolation_duration: 1}
$data merge entity $(bone_4) {transformation: [-0.7971f,0.3423f,0.4974f,0.5198f,-0.6f,-0.3569f,-0.7159f,1.0595f,-0.0675f,-0.8692f,0.4899f,0.2291f,0f,0f,0f,1f],start_interpolation: 0,interpolation_duration: 1}
$data merge entity $(bone_3) {transformation: [-0.8111f,-0.558f,0.1754f,0.3106f,-0.5189f,0.5481f,-0.656f,1.265f,0.2699f,-0.6231f,-0.7341f,-0.0045f,0f,0f,0f,1f],start_interpolation: 0,interpolation_duration: 1}
$data merge entity $(bone_8) {transformation: [-0.9426f,0.3123f,-0.1182f,-0.1437f,0.1692f,0.7519f,0.6373f,0.3962f,0.2879f,0.5807f,-0.7615f,0.2659f,0f,0f,0f,1f],start_interpolation: 0,interpolation_duration: 1}
$data merge entity $(bone_7) {transformation: [-0.9426f,0.1528f,-0.2969f,-0.108f,0.1692f,0.9851f,-0.0302f,0.7028f,0.2879f,-0.0787f,-0.9544f,0.2026f,0f,0f,0f,1f],start_interpolation: 0,interpolation_duration: 1}
data modify entity @s data merge value {"cameras":{"camera":{"posx":0.02749999999999974,"posy":1.46625,"posz":2.136875,"roty":179.99274475351905,"rotx":0}},"locators":{}}