# This file was generated by Animated Java via MC-Build. It is not recommended to edit this file directly.
$data merge entity $(bone_layer) {transformation: [-0.919f,-0.0021f,-0.3944f,0.0113f,-0.0533f,0.9915f,0.1191f,1.3375f,0.3908f,0.1305f,-0.9112f,0.2338f,0f,0f,0f,1f],start_interpolation: 0,interpolation_duration: 1}
$data merge entity $(bone_l_1) {transformation: [-0.919f,-0.0021f,-0.3944f,0.0047f,-0.0533f,0.9915f,0.1191f,1.4551f,0.3908f,0.1305f,-0.9112f,0.5143f,0f,0f,0f,1f],start_interpolation: 0,interpolation_duration: 1}
$data merge entity $(bone_eye_l) {transformation: [-0.919f,-0.0021f,-0.3944f,0.0076f,-0.0533f,0.9915f,0.1191f,1.3387f,0.3908f,0.1305f,-0.9112f,0.2253f,0f,0f,0f,1f],start_interpolation: 0,interpolation_duration: 1}
$data merge entity $(bone_r_1) {transformation: [-0.919f,-0.0021f,-0.3944f,0.2057f,-0.0533f,0.9915f,0.1191f,1.4667f,0.3908f,0.1305f,-0.9112f,0.4289f,0f,0f,0f,1f],start_interpolation: 0,interpolation_duration: 1}
$data merge entity $(bone_eye_r) {transformation: [-0.919f,-0.0021f,-0.3944f,0.2177f,-0.0533f,0.9915f,0.1191f,1.4404f,0.3908f,0.1305f,-0.9112f,0.4134f,0f,0f,0f,1f],start_interpolation: 0,interpolation_duration: 1}
$data merge entity $(bone_eyes_down) {transformation: [-0.919f,-0.0021f,-0.3944f,0.0111f,-0.0533f,0.9915f,0.1191f,1.4305f,0.3908f,0.1305f,-0.9112f,0.246f,0f,0f,0f,1f],start_interpolation: 0,interpolation_duration: 1}
$data merge entity $(bone_eyes_up) {transformation: [-0.919f,-0.0021f,-0.3944f,0.0106f,-0.0533f,0.9915f,0.1191f,1.5545f,0.3908f,0.1305f,-0.9112f,0.2618f,0f,0f,0f,1f],start_interpolation: 0,interpolation_duration: 1}
$data merge entity $(bone_bone) {transformation: [-0.919f,-0.0021f,-0.3944f,0.0113f,-0.0533f,0.9915f,0.1191f,1.3375f,0.3908f,0.1305f,-0.9112f,0.2338f,0f,0f,0f,1f],start_interpolation: 0,interpolation_duration: 1}
$data merge entity $(bone_l) {transformation: [-0.9154f,-0.0616f,-0.3944f,-0.003f,-0.1395f,0.7373f,0.1191f,1.5095f,0.3779f,0.123f,-0.9112f,0.5437f,0f,0f,0f,1f],start_interpolation: 0,interpolation_duration: 1}
$data merge entity $(bone_r) {transformation: [-0.9157f,0.0585f,-0.3944f,0.2268f,0.0333f,0.7442f,0.1191f,1.5228f,0.4007f,0.0719f,-0.9112f,0.446f,0f,0f,0f,1f],start_interpolation: 0,interpolation_duration: 1}
$data merge entity $(bone_sad) {transformation: [0f,0f,0f,-0.056f,0f,0f,0f,0.8533f,0f,0f,0f,0.4637f,0f,0f,0f,1f],start_interpolation: 0,interpolation_duration: 1}
$data merge entity $(bone_head) {transformation: [-0.919f,-0.0021f,-0.3944f,0.0113f,-0.0533f,0.9915f,0.1191f,1.3375f,0.3908f,0.1305f,-0.9112f,0.2338f,0f,0f,0f,1f],start_interpolation: 0,interpolation_duration: 1}
$data merge entity $(bone_6) {transformation: [-0.8905f,-0.1601f,-0.426f,0.246f,-0.2089f,0.9754f,0.0702f,0.4064f,0.4042f,0.1516f,-0.902f,0.2124f,0f,0f,0f,1f],start_interpolation: 0,interpolation_duration: 1}
$data merge entity $(bone_12) {transformation: [-0.8905f,-0.3675f,-0.2684f,0.1082f,-0.2089f,0.8541f,-0.4762f,0.7267f,0.4042f,-0.368f,-0.8374f,0.0745f,0f,0f,0f,1f],start_interpolation: 0,interpolation_duration: 1}
$data merge entity $(bone_10) {transformation: [-0.919f,-0.0925f,-0.3834f,-0.0288f,-0.0533f,0.9923f,-0.1115f,1.0338f,0.3907f,-0.082f,-0.9168f,0.0981f,0f,0f,0f,1f],start_interpolation: 0,interpolation_duration: 1}
$data merge entity $(bone_9) {transformation: [-0.919f,0.1231f,-0.3747f,0.0173f,-0.0533f,0.9026f,0.4272f,1.3722f,0.3907f,0.4126f,-0.8229f,0.2528f,0f,0f,0f,1f],start_interpolation: 0,interpolation_duration: 1}
$data merge entity $(item_display_item_display) {transformation: [-0.4225f,0.5441f,-0.2771f,-0.5157f,-0.2826f,0.1245f,0.6753f,1.0513f,0.5413f,0.4897f,0.1362f,0.7763f,0f,0f,0f,1f],start_interpolation: 0,interpolation_duration: 1}
$data merge entity $(bone_2) {transformation: [0.3695f,0.6198f,0.6778f,-0.5725f,-0.9003f,0.3889f,0.1351f,1.1062f,-0.1816f,-0.6669f,0.7088f,0.3881f,0f,0f,0f,1f],start_interpolation: 0,interpolation_duration: 1}
$data merge entity $(bone_1) {transformation: [0.3695f,0.8837f,0.2504f,-0.2672f,-0.9003f,0.4018f,-0.0896f,1.2438f,-0.1816f,-0.1943f,0.9536f,0.3272f,0f,0f,0f,1f],start_interpolation: 0,interpolation_duration: 1}
$data merge entity $(bone_4) {transformation: [-0.7961f,0.3425f,0.4989f,0.5194f,-0.6014f,-0.3564f,-0.715f,1.0607f,-0.0671f,-0.8693f,0.4897f,0.2305f,0f,0f,0f,1f],start_interpolation: 0,interpolation_duration: 1}
$data merge entity $(bone_3) {transformation: [-0.8111f,-0.557f,0.1783f,0.3106f,-0.5189f,0.5447f,-0.6588f,1.265f,0.2699f,-0.6269f,-0.7309f,-0.0045f,0f,0f,0f,1f],start_interpolation: 0,interpolation_duration: 1}
$data merge entity $(bone_8) {transformation: [-0.9434f,0.308f,-0.1231f,-0.1422f,0.164f,0.7558f,0.6339f,0.3959f,0.2883f,0.5778f,-0.7636f,0.2655f,0f,0f,0f,1f],start_interpolation: 0,interpolation_duration: 1}
$data merge entity $(bone_7) {transformation: [-0.9434f,0.1479f,-0.2969f,-0.108f,0.164f,0.986f,-0.0302f,0.7028f,0.2883f,-0.0772f,-0.9544f,0.2026f,0f,0f,0f,1f],start_interpolation: 0,interpolation_duration: 1}