# This file was generated by Animated Java via MC-Build. It is not recommended to edit this file directly.
$data merge entity $(bone_layer) {transformation: [-0.919f,0.0002f,-0.3944f,0.0113f,-0.0533f,0.9907f,0.1249f,1.3375f,0.3908f,0.1358f,-0.9104f,0.2338f,0f,0f,0f,1f],start_interpolation: 0,interpolation_duration: 1}
$data merge entity $(bone_l_1) {transformation: [-0.919f,0.0002f,-0.3944f,0.0051f,-0.0533f,0.9907f,0.1249f,1.4536f,0.3908f,0.1358f,-0.9104f,0.515f,0f,0f,0f,1f],start_interpolation: 0,interpolation_duration: 1}
$data merge entity $(bone_eye_l) {transformation: [-0.919f,0.0002f,-0.3944f,0.0076f,-0.0533f,0.9907f,0.1249f,1.3387f,0.3908f,0.1358f,-0.9104f,0.2253f,0f,0f,0f,1f],start_interpolation: 0,interpolation_duration: 1}
$data merge entity $(bone_r_1) {transformation: [-0.919f,0.0002f,-0.3944f,0.2061f,-0.0533f,0.9907f,0.1249f,1.4652f,0.3908f,0.1358f,-0.9104f,0.4295f,0f,0f,0f,1f],start_interpolation: 0,interpolation_duration: 1}
$data merge entity $(bone_eye_r) {transformation: [-0.919f,0.0002f,-0.3944f,0.218f,-0.0533f,0.9907f,0.1249f,1.439f,0.3908f,0.1358f,-0.9104f,0.4139f,0f,0f,0f,1f],start_interpolation: 0,interpolation_duration: 1}
$data merge entity $(bone_eyes_down) {transformation: [-0.919f,0.0002f,-0.3944f,0.0113f,-0.0533f,0.9907f,0.1249f,1.4304f,0.3908f,0.1358f,-0.9104f,0.2465f,0f,0f,0f,1f],start_interpolation: 0,interpolation_duration: 1}
$data merge entity $(bone_eyes_up) {transformation: [-0.919f,0.0002f,-0.3944f,0.0111f,-0.0533f,0.9907f,0.1249f,1.5544f,0.3908f,0.1358f,-0.9104f,0.2629f,0f,0f,0f,1f],start_interpolation: 0,interpolation_duration: 1}
$data merge entity $(bone_bone) {transformation: [-0.919f,0.0002f,-0.3944f,0.0113f,-0.0533f,0.9907f,0.1249f,1.3375f,0.3908f,0.1358f,-0.9104f,0.2338f,0f,0f,0f,1f],start_interpolation: 0,interpolation_duration: 1}
$data merge entity $(bone_l) {transformation: [-0.9156f,-0.0599f,-0.3944f,-0.0025f,-0.1395f,0.7367f,0.1249f,1.5079f,0.3775f,0.127f,-0.9104f,0.5446f,0f,0f,0f,1f],start_interpolation: 0,interpolation_duration: 1}
$data merge entity $(bone_r) {transformation: [-0.9155f,0.0603f,-0.3944f,0.2273f,0.0332f,0.7437f,0.1249f,1.5212f,0.4011f,0.0759f,-0.9104f,0.4469f,0f,0f,0f,1f],start_interpolation: 0,interpolation_duration: 1}
$data merge entity $(bone_sad) {transformation: [0f,0f,0f,-0.0571f,0f,0f,0f,0.8522f,0f,0f,0f,0.4611f,0f,0f,0f,1f],start_interpolation: 0,interpolation_duration: 1}
$data merge entity $(bone_head) {transformation: [-0.919f,0.0002f,-0.3944f,0.0113f,-0.0533f,0.9907f,0.1249f,1.3375f,0.3908f,0.1358f,-0.9104f,0.2338f,0f,0f,0f,1f],start_interpolation: 0,interpolation_duration: 1}
$data merge entity $(bone_6) {transformation: [-0.8926f,-0.1533f,-0.424f,0.244f,-0.204f,0.976f,0.0766f,0.406f,0.4021f,0.1548f,-0.9024f,0.2133f,0f,0f,0f,1f],start_interpolation: 0,interpolation_duration: 1}
$data merge entity $(bone_12) {transformation: [-0.8926f,-0.3623f,-0.2684f,0.1082f,-0.204f,0.8553f,-0.4762f,0.7267f,0.4021f,-0.3703f,-0.8374f,0.0745f,0f,0f,0f,1f],start_interpolation: 0,interpolation_duration: 1}
$data merge entity $(bone_10) {transformation: [-0.919f,-0.0925f,-0.3834f,-0.028f,-0.0533f,0.9923f,-0.1115f,1.0329f,0.3907f,-0.082f,-0.9168f,0.0999f,0f,0f,0f,1f],start_interpolation: 0,interpolation_duration: 1}
$data merge entity $(bone_9) {transformation: [-0.919f,0.1209f,-0.3754f,0.0173f,-0.0533f,0.905f,0.422f,1.3722f,0.3907f,0.4078f,-0.8253f,0.2528f,0f,0f,0f,1f],start_interpolation: 0,interpolation_duration: 1}
$data merge entity $(item_display_item_display) {transformation: [-0.4288f,0.5391f,-0.2771f,-0.5203f,-0.284f,0.1212f,0.6753f,1.0496f,0.5355f,0.4959f,0.1362f,0.7747f,0f,0f,0f,1f],start_interpolation: 0,interpolation_duration: 1}
$data merge entity $(bone_2) {transformation: [0.3695f,0.6277f,0.6706f,-0.573f,-0.9003f,0.3904f,0.1306f,1.1064f,-0.1816f,-0.6586f,0.7165f,0.3861f,0f,0f,0f,1f],start_interpolation: 0,interpolation_duration: 1}
$data merge entity $(bone_1) {transformation: [0.3695f,0.8851f,0.2452f,-0.2672f,-0.9003f,0.4013f,-0.092f,1.2438f,-0.1816f,-0.1887f,0.9547f,0.3272f,0f,0f,0f,1f],start_interpolation: 0,interpolation_duration: 1}
$data merge entity $(bone_4) {transformation: [-0.7949f,0.3428f,0.5005f,0.5191f,-0.603f,-0.3558f,-0.714f,1.0622f,-0.0667f,-0.8694f,0.4895f,0.2321f,0f,0f,0f,1f],start_interpolation: 0,interpolation_duration: 1}
$data merge entity $(bone_3) {transformation: [-0.8111f,-0.556f,0.1815f,0.3106f,-0.5189f,0.5409f,-0.662f,1.265f,0.2699f,-0.6311f,-0.7272f,-0.0045f,0f,0f,0f,1f],start_interpolation: 0,interpolation_duration: 1}
$data merge entity $(bone_8) {transformation: [-0.9442f,0.3031f,-0.1285f,-0.1404f,0.1583f,0.7602f,0.6301f,0.3956f,0.2887f,0.5746f,-0.7658f,0.2649f,0f,0f,0f,1f],start_interpolation: 0,interpolation_duration: 1}
$data merge entity $(bone_7) {transformation: [-0.9442f,0.1424f,-0.2969f,-0.108f,0.1583f,0.9869f,-0.0302f,0.7028f,0.2887f,-0.0755f,-0.9544f,0.2026f,0f,0f,0f,1f],start_interpolation: 0,interpolation_duration: 1}