# This file was generated by Animated Java via MC-Build. It is not recommended to edit this file directly.
$data merge entity $(bone_layer) {transformation: [-0.919f,0.0026f,-0.3944f,0.0113f,-0.0533f,0.99f,0.1309f,1.3375f,0.3908f,0.1413f,-0.9096f,0.2338f,0f,0f,0f,1f],start_interpolation: 0,interpolation_duration: 1}
$data merge entity $(bone_l_1) {transformation: [-0.919f,0.0026f,-0.3944f,0.0054f,-0.0533f,0.99f,0.1309f,1.452f,0.3908f,0.1413f,-0.9096f,0.5156f,0f,0f,0f,1f],start_interpolation: 0,interpolation_duration: 1}
$data merge entity $(bone_eye_l) {transformation: [-0.919f,0.0026f,-0.3944f,0.0076f,-0.0533f,0.99f,0.1309f,1.3388f,0.3908f,0.1413f,-0.9096f,0.2253f,0f,0f,0f,1f],start_interpolation: 0,interpolation_duration: 1}
$data merge entity $(bone_r_1) {transformation: [-0.919f,0.0026f,-0.3944f,0.2065f,-0.0533f,0.99f,0.1309f,1.4637f,0.3908f,0.1413f,-0.9096f,0.4301f,0f,0f,0f,1f],start_interpolation: 0,interpolation_duration: 1}
$data merge entity $(bone_eye_r) {transformation: [-0.919f,0.0026f,-0.3944f,0.2183f,-0.0533f,0.99f,0.1309f,1.4375f,0.3908f,0.1413f,-0.9096f,0.4144f,0f,0f,0f,1f],start_interpolation: 0,interpolation_duration: 1}
$data merge entity $(bone_eyes_down) {transformation: [-0.919f,0.0026f,-0.3944f,0.0115f,-0.0533f,0.99f,0.1309f,1.4304f,0.3908f,0.1413f,-0.9096f,0.247f,0f,0f,0f,1f],start_interpolation: 0,interpolation_duration: 1}
$data merge entity $(bone_eyes_up) {transformation: [-0.919f,0.0026f,-0.3944f,0.0116f,-0.0533f,0.99f,0.1309f,1.5542f,0.3908f,0.1413f,-0.9096f,0.2641f,0f,0f,0f,1f],start_interpolation: 0,interpolation_duration: 1}
$data merge entity $(bone_bone) {transformation: [-0.919f,0.0026f,-0.3944f,0.0113f,-0.0533f,0.99f,0.1309f,1.3375f,0.3908f,0.1413f,-0.9096f,0.2338f,0f,0f,0f,1f],start_interpolation: 0,interpolation_duration: 1}
$data merge entity $(bone_l) {transformation: [-0.9158f,-0.0581f,-0.3944f,-0.002f,-0.1394f,0.7362f,0.1309f,1.5062f,0.377f,0.1311f,-0.9096f,0.5455f,0f,0f,0f,1f],start_interpolation: 0,interpolation_duration: 1}
$data merge entity $(bone_r) {transformation: [-0.9153f,0.062f,-0.3944f,0.2278f,0.0332f,0.7431f,0.1309f,1.5195f,0.4016f,0.08f,-0.9096f,0.4478f,0f,0f,0f,1f],start_interpolation: 0,interpolation_duration: 1}
$data merge entity $(bone_sad) {transformation: [0f,0f,0f,-0.0582f,0f,0f,0f,0.8511f,0f,0f,0f,0.4585f,0f,0f,0f,1f],start_interpolation: 0,interpolation_duration: 1}
$data merge entity $(bone_head) {transformation: [-0.919f,0.0026f,-0.3944f,0.0113f,-0.0533f,0.99f,0.1309f,1.3375f,0.3908f,0.1413f,-0.9096f,0.2338f,0f,0f,0f,1f],start_interpolation: 0,interpolation_duration: 1}
$data merge entity $(bone_6) {transformation: [-0.8948f,-0.1462f,-0.4219f,0.242f,-0.1988f,0.9765f,0.0832f,0.4055f,0.3998f,0.1583f,-0.9028f,0.2142f,0f,0f,0f,1f],start_interpolation: 0,interpolation_duration: 1}
$data merge entity $(bone_12) {transformation: [-0.8948f,-0.3569f,-0.2684f,0.1082f,-0.1988f,0.8566f,-0.4762f,0.7267f,0.3998f,-0.3727f,-0.8374f,0.0745f,0f,0f,0f,1f],start_interpolation: 0,interpolation_duration: 1}
$data merge entity $(bone_10) {transformation: [-0.919f,-0.0925f,-0.3834f,-0.0272f,-0.0533f,0.9923f,-0.1115f,1.0319f,0.3907f,-0.082f,-0.9168f,0.1018f,0f,0f,0f,1f],start_interpolation: 0,interpolation_duration: 1}
$data merge entity $(bone_9) {transformation: [-0.919f,0.1186f,-0.3761f,0.0173f,-0.0533f,0.9076f,0.4165f,1.3722f,0.3907f,0.4028f,-0.8277f,0.2528f,0f,0f,0f,1f],start_interpolation: 0,interpolation_duration: 1}
$data merge entity $(item_display_item_display) {transformation: [-0.4353f,0.5339f,-0.2771f,-0.5252f,-0.2854f,0.1177f,0.6753f,1.048f,0.5295f,0.5024f,0.1362f,0.773f,0f,0f,0f,1f],start_interpolation: 0,interpolation_duration: 1}
$data merge entity $(bone_2) {transformation: [0.3695f,0.6357f,0.6629f,-0.5735f,-0.9003f,0.392f,0.1259f,1.1066f,-0.1816f,-0.6499f,0.7244f,0.3842f,0f,0f,0f,1f],start_interpolation: 0,interpolation_duration: 1}
$data merge entity $(bone_1) {transformation: [0.3695f,0.8866f,0.2399f,-0.2672f,-0.9003f,0.4007f,-0.0944f,1.2438f,-0.1816f,-0.1829f,0.9558f,0.3272f,0f,0f,0f,1f],start_interpolation: 0,interpolation_duration: 1}
$data merge entity $(bone_4) {transformation: [-0.7937f,0.3431f,0.5022f,0.5186f,-0.6046f,-0.3552f,-0.7129f,1.0637f,-0.0662f,-0.8696f,0.4894f,0.2338f,0f,0f,0f,1f],start_interpolation: 0,interpolation_duration: 1}
$data merge entity $(bone_3) {transformation: [-0.8111f,-0.5549f,0.1849f,0.3106f,-0.5189f,0.5369f,-0.6652f,1.265f,0.2699f,-0.6355f,-0.7234f,-0.0045f,0f,0f,0f,1f],start_interpolation: 0,interpolation_duration: 1}
$data merge entity $(bone_8) {transformation: [-0.9451f,0.298f,-0.1341f,-0.1387f,0.1523f,0.7647f,0.6261f,0.3953f,0.2892f,0.5713f,-0.7681f,0.2644f,0f,0f,0f,1f],start_interpolation: 0,interpolation_duration: 1}
$data merge entity $(bone_7) {transformation: [-0.9451f,0.1366f,-0.2969f,-0.108f,0.1523f,0.9879f,-0.0302f,0.7028f,0.2892f,-0.0738f,-0.9544f,0.2026f,0f,0f,0f,1f],start_interpolation: 0,interpolation_duration: 1}
data modify entity @s data merge value {"cameras":{"camera1":{"px":0.02749999999999974,"py":1.46625,"pz":2.136875,"ry":179.99739403391706,"rx":0}},"locators":{}}