# This file was generated by Animated Java via MC-Build. It is not recommended to edit this file directly.
$data merge entity $(bone_layer) {transformation: [-0.919f,0.0049f,-0.3943f,0.0113f,-0.0533f,0.9892f,0.1367f,1.3375f,0.3908f,0.1466f,-0.9087f,0.2338f,0f,0f,0f,1f],start_interpolation: 0,interpolation_duration: 1}
$data merge entity $(bone_l_1) {transformation: [-0.919f,0.0049f,-0.3943f,0.0058f,-0.0533f,0.9892f,0.1367f,1.4505f,0.3908f,0.1466f,-0.9087f,0.5162f,0f,0f,0f,1f],start_interpolation: 0,interpolation_duration: 1}
$data merge entity $(bone_eye_l) {transformation: [-0.919f,0.0049f,-0.3943f,0.0076f,-0.0533f,0.9892f,0.1367f,1.3388f,0.3908f,0.1466f,-0.9087f,0.2253f,0f,0f,0f,1f],start_interpolation: 0,interpolation_duration: 1}
$data merge entity $(bone_r_1) {transformation: [-0.919f,0.0049f,-0.3943f,0.2068f,-0.0533f,0.9892f,0.1367f,1.4622f,0.3908f,0.1466f,-0.9087f,0.4307f,0f,0f,0f,1f],start_interpolation: 0,interpolation_duration: 1}
$data merge entity $(bone_eye_r) {transformation: [-0.919f,0.0049f,-0.3943f,0.2186f,-0.0533f,0.9892f,0.1367f,1.436f,0.3908f,0.1466f,-0.9087f,0.4148f,0f,0f,0f,1f],start_interpolation: 0,interpolation_duration: 1}
$data merge entity $(bone_eyes_down) {transformation: [-0.919f,0.0049f,-0.3943f,0.0117f,-0.0533f,0.9892f,0.1367f,1.4303f,0.3908f,0.1466f,-0.9087f,0.2475f,0f,0f,0f,1f],start_interpolation: 0,interpolation_duration: 1}
$data merge entity $(bone_eyes_up) {transformation: [-0.919f,0.0049f,-0.3943f,0.0121f,-0.0533f,0.9892f,0.1367f,1.554f,0.3908f,0.1466f,-0.9087f,0.2653f,0f,0f,0f,1f],start_interpolation: 0,interpolation_duration: 1}
$data merge entity $(bone_bone) {transformation: [-0.919f,0.0049f,-0.3943f,0.0113f,-0.0533f,0.9892f,0.1367f,1.3375f,0.3908f,0.1466f,-0.9087f,0.2338f,0f,0f,0f,1f],start_interpolation: 0,interpolation_duration: 1}
$data merge entity $(bone_l) {transformation: [-0.916f,-0.0564f,-0.3943f,-0.0015f,-0.1393f,0.7356f,0.1367f,1.5045f,0.3765f,0.1351f,-0.9087f,0.5464f,0f,0f,0f,1f],start_interpolation: 0,interpolation_duration: 1}
$data merge entity $(bone_r) {transformation: [-0.9151f,0.0638f,-0.3943f,0.2282f,0.0331f,0.7425f,0.1367f,1.5179f,0.4021f,0.084f,-0.9087f,0.4487f,0f,0f,0f,1f],start_interpolation: 0,interpolation_duration: 1}
$data merge entity $(bone_sad) {transformation: [0f,0f,0f,-0.0592f,0f,0f,0f,0.8501f,0f,0f,0f,0.4558f,0f,0f,0f,1f],start_interpolation: 0,interpolation_duration: 1}
$data merge entity $(bone_head) {transformation: [-0.919f,0.0049f,-0.3943f,0.0113f,-0.0533f,0.9892f,0.1367f,1.3375f,0.3908f,0.1466f,-0.9087f,0.2338f,0f,0f,0f,1f],start_interpolation: 0,interpolation_duration: 1}
$data merge entity $(bone_6) {transformation: [-0.8968f,-0.1394f,-0.4198f,0.24f,-0.1938f,0.977f,0.0895f,0.4051f,0.3977f,0.1616f,-0.9032f,0.2151f,0f,0f,0f,1f],start_interpolation: 0,interpolation_duration: 1}
$data merge entity $(bone_12) {transformation: [-0.8968f,-0.3516f,-0.2684f,0.1082f,-0.1938f,0.8577f,-0.4762f,0.7267f,0.3977f,-0.3751f,-0.8374f,0.0745f,0f,0f,0f,1f],start_interpolation: 0,interpolation_duration: 1}
$data merge entity $(bone_10) {transformation: [-0.919f,-0.0925f,-0.3834f,-0.0263f,-0.0533f,0.9923f,-0.1115f,1.031f,0.3907f,-0.082f,-0.9168f,0.1036f,0f,0f,0f,1f],start_interpolation: 0,interpolation_duration: 1}
$data merge entity $(bone_9) {transformation: [-0.919f,0.1164f,-0.3768f,0.0173f,-0.0533f,0.91f,0.4111f,1.3722f,0.3907f,0.3979f,-0.83f,0.2528f,0f,0f,0f,1f],start_interpolation: 0,interpolation_duration: 1}
$data merge entity $(item_display_item_display) {transformation: [-0.4415f,0.5288f,-0.2771f,-0.5299f,-0.2868f,0.1144f,0.6753f,1.0464f,0.5236f,0.5086f,0.1362f,0.7713f,0f,0f,0f,1f],start_interpolation: 0,interpolation_duration: 1}
$data merge entity $(bone_2) {transformation: [0.3695f,0.6435f,0.6554f,-0.5739f,-0.9003f,0.3934f,0.1213f,1.1069f,-0.1816f,-0.6413f,0.732f,0.3822f,0f,0f,0f,1f],start_interpolation: 0,interpolation_duration: 1}
$data merge entity $(bone_1) {transformation: [0.3695f,0.888f,0.2347f,-0.2672f,-0.9003f,0.4002f,-0.0968f,1.2438f,-0.1816f,-0.1773f,0.9569f,0.3272f,0f,0f,0f,1f],start_interpolation: 0,interpolation_duration: 1}
$data merge entity $(bone_4) {transformation: [-0.7926f,0.3434f,0.5039f,0.5182f,-0.6062f,-0.3546f,-0.7119f,1.0652f,-0.0658f,-0.8697f,0.4892f,0.2354f,0f,0f,0f,1f],start_interpolation: 0,interpolation_duration: 1}
$data merge entity $(bone_3) {transformation: [-0.8111f,-0.5538f,0.1881f,0.3106f,-0.5189f,0.5329f,-0.6684f,1.265f,0.2699f,-0.6398f,-0.7196f,-0.0045f,0f,0f,0f,1f],start_interpolation: 0,interpolation_duration: 1}
$data merge entity $(bone_8) {transformation: [-0.9459f,0.2931f,-0.1395f,-0.1369f,0.1465f,0.769f,0.6222f,0.395f,0.2896f,0.5681f,-0.7703f,0.2639f,0f,0f,0f,1f],start_interpolation: 0,interpolation_duration: 1}
$data merge entity $(bone_7) {transformation: [-0.9459f,0.1311f,-0.2969f,-0.108f,0.1465f,0.9887f,-0.0302f,0.7028f,0.2896f,-0.0721f,-0.9544f,0.2026f,0f,0f,0f,1f],start_interpolation: 0,interpolation_duration: 1}