# This file was generated by Animated Java via MC-Build. It is not recommended to edit this file directly.
$data merge entity $(bone_layer) {transformation: [-0.919f,0.007f,-0.3943f,0.0113f,-0.0533f,0.9884f,0.1419f,1.3375f,0.3908f,0.1514f,-0.908f,0.2338f,0f,0f,0f,1f],start_interpolation: 0,interpolation_duration: 1}
$data merge entity $(bone_l_1) {transformation: [-0.919f,0.007f,-0.3943f,0.0061f,-0.0533f,0.9884f,0.1419f,1.4491f,0.3908f,0.1514f,-0.908f,0.5168f,0f,0f,0f,1f],start_interpolation: 0,interpolation_duration: 1}
$data merge entity $(bone_eye_l) {transformation: [-0.919f,0.007f,-0.3943f,0.0076f,-0.0533f,0.9884f,0.1419f,1.3389f,0.3908f,0.1514f,-0.908f,0.2253f,0f,0f,0f,1f],start_interpolation: 0,interpolation_duration: 1}
$data merge entity $(bone_r_1) {transformation: [-0.919f,0.007f,-0.3943f,0.2071f,-0.0533f,0.9884f,0.1419f,1.4608f,0.3908f,0.1514f,-0.908f,0.4313f,0f,0f,0f,1f],start_interpolation: 0,interpolation_duration: 1}
$data merge entity $(bone_eye_r) {transformation: [-0.919f,0.007f,-0.3943f,0.2188f,-0.0533f,0.9884f,0.1419f,1.4347f,0.3908f,0.1514f,-0.908f,0.4153f,0f,0f,0f,1f],start_interpolation: 0,interpolation_duration: 1}
$data merge entity $(bone_eyes_down) {transformation: [-0.919f,0.007f,-0.3943f,0.0119f,-0.0533f,0.9884f,0.1419f,1.4302f,0.3908f,0.1514f,-0.908f,0.248f,0f,0f,0f,1f],start_interpolation: 0,interpolation_duration: 1}
$data merge entity $(bone_eyes_up) {transformation: [-0.919f,0.007f,-0.3943f,0.0126f,-0.0533f,0.9884f,0.1419f,1.5539f,0.3908f,0.1514f,-0.908f,0.2664f,0f,0f,0f,1f],start_interpolation: 0,interpolation_duration: 1}
$data merge entity $(bone_bone) {transformation: [-0.919f,0.007f,-0.3943f,0.0113f,-0.0533f,0.9884f,0.1419f,1.3375f,0.3908f,0.1514f,-0.908f,0.2338f,0f,0f,0f,1f],start_interpolation: 0,interpolation_duration: 1}
$data merge entity $(bone_l) {transformation: [-0.9162f,-0.0548f,-0.3943f,-0.0011f,-0.1393f,0.735f,0.1419f,1.503f,0.3761f,0.1387f,-0.908f,0.5472f,0f,0f,0f,1f],start_interpolation: 0,interpolation_duration: 1}
$data merge entity $(bone_r) {transformation: [-0.9149f,0.0653f,-0.3943f,0.2287f,0.033f,0.742f,0.1419f,1.5164f,0.4025f,0.0876f,-0.908f,0.4495f,0f,0f,0f,1f],start_interpolation: 0,interpolation_duration: 1}
$data merge entity $(bone_sad) {transformation: [0f,0f,0f,-0.0601f,0f,0f,0f,0.8491f,0f,0f,0f,0.4535f,0f,0f,0f,1f],start_interpolation: 0,interpolation_duration: 1}
$data merge entity $(bone_head) {transformation: [-0.919f,0.007f,-0.3943f,0.0113f,-0.0533f,0.9884f,0.1419f,1.3375f,0.3908f,0.1514f,-0.908f,0.2338f,0f,0f,0f,1f],start_interpolation: 0,interpolation_duration: 1}
$data merge entity $(bone_6) {transformation: [-0.8987f,-0.1332f,-0.4178f,0.2382f,-0.1892f,0.9773f,0.0953f,0.4047f,0.3957f,0.1647f,-0.9035f,0.2159f,0f,0f,0f,1f],start_interpolation: 0,interpolation_duration: 1}
$data merge entity $(bone_12) {transformation: [-0.8987f,-0.3469f,-0.2684f,0.1082f,-0.1892f,0.8587f,-0.4762f,0.7267f,0.3957f,-0.3772f,-0.8374f,0.0745f,0f,0f,0f,1f],start_interpolation: 0,interpolation_duration: 1}
$data merge entity $(bone_10) {transformation: [-0.919f,-0.0925f,-0.3834f,-0.0256f,-0.0533f,0.9923f,-0.1115f,1.0302f,0.3907f,-0.082f,-0.9168f,0.1052f,0f,0f,0f,1f],start_interpolation: 0,interpolation_duration: 1}
$data merge entity $(bone_9) {transformation: [-0.919f,0.1144f,-0.3774f,0.0173f,-0.0533f,0.9122f,0.4063f,1.3722f,0.3907f,0.3935f,-0.8321f,0.2528f,0f,0f,0f,1f],start_interpolation: 0,interpolation_duration: 1}
$data merge entity $(item_display_item_display) {transformation: [-0.4471f,0.524f,-0.2771f,-0.5342f,-0.288f,0.1113f,0.6753f,1.045f,0.5181f,0.5141f,0.1362f,0.7697f,0f,0f,0f,1f],start_interpolation: 0,interpolation_duration: 1}
$data merge entity $(bone_2) {transformation: [0.3695f,0.6504f,0.6486f,-0.5743f,-0.9003f,0.3947f,0.1171f,1.107f,-0.1816f,-0.6335f,0.7388f,0.3805f,0f,0f,0f,1f],start_interpolation: 0,interpolation_duration: 1}
$data merge entity $(bone_1) {transformation: [0.3695f,0.8892f,0.23f,-0.2672f,-0.9003f,0.3996f,-0.0989f,1.2438f,-0.1816f,-0.1722f,0.9578f,0.3272f,0f,0f,0f,1f],start_interpolation: 0,interpolation_duration: 1}
$data merge entity $(bone_4) {transformation: [-0.7915f,0.3436f,0.5054f,0.5179f,-0.6076f,-0.3541f,-0.711f,1.0665f,-0.0653f,-0.8698f,0.489f,0.2368f,0f,0f,0f,1f],start_interpolation: 0,interpolation_duration: 1}
$data merge entity $(bone_3) {transformation: [-0.8111f,-0.5528f,0.1911f,0.3106f,-0.5189f,0.5294f,-0.6712f,1.265f,0.2699f,-0.6436f,-0.7162f,-0.0045f,0f,0f,0f,1f],start_interpolation: 0,interpolation_duration: 1}
$data merge entity $(bone_8) {transformation: [-0.9466f,0.2885f,-0.1443f,-0.1354f,0.1413f,0.7729f,0.6186f,0.3948f,0.29f,0.5652f,-0.7723f,0.2634f,0f,0f,0f,1f],start_interpolation: 0,interpolation_duration: 1}
$data merge entity $(bone_7) {transformation: [-0.9466f,0.1261f,-0.2969f,-0.108f,0.1413f,0.9895f,-0.0302f,0.7028f,0.29f,-0.0705f,-0.9544f,0.2026f,0f,0f,0f,1f],start_interpolation: 0,interpolation_duration: 1}