# This file was generated by Animated Java via MC-Build. It is not recommended to edit this file directly.
$data merge entity $(bone_layer) {transformation: [-0.919f,0.0087f,-0.3943f,0.0113f,-0.0533f,0.9878f,0.1462f,1.3375f,0.3908f,0.1554f,-0.9073f,0.2338f,0f,0f,0f,1f],start_interpolation: 0,interpolation_duration: 1}
$data merge entity $(bone_l_1) {transformation: [-0.919f,0.0087f,-0.3943f,0.0063f,-0.0533f,0.9878f,0.1462f,1.448f,0.3908f,0.1554f,-0.9073f,0.5172f,0f,0f,0f,1f],start_interpolation: 0,interpolation_duration: 1}
$data merge entity $(bone_eye_l) {transformation: [-0.919f,0.0087f,-0.3943f,0.0076f,-0.0533f,0.9878f,0.1462f,1.3389f,0.3908f,0.1554f,-0.9073f,0.2253f,0f,0f,0f,1f],start_interpolation: 0,interpolation_duration: 1}
$data merge entity $(bone_r_1) {transformation: [-0.919f,0.0087f,-0.3943f,0.2074f,-0.0533f,0.9878f,0.1462f,1.4597f,0.3908f,0.1554f,-0.9073f,0.4317f,0f,0f,0f,1f],start_interpolation: 0,interpolation_duration: 1}
$data merge entity $(bone_eye_r) {transformation: [-0.919f,0.0087f,-0.3943f,0.219f,-0.0533f,0.9878f,0.1462f,1.4337f,0.3908f,0.1554f,-0.9073f,0.4156f,0f,0f,0f,1f],start_interpolation: 0,interpolation_duration: 1}
$data merge entity $(bone_eyes_down) {transformation: [-0.919f,0.0087f,-0.3943f,0.0121f,-0.0533f,0.9878f,0.1462f,1.4302f,0.3908f,0.1554f,-0.9073f,0.2484f,0f,0f,0f,1f],start_interpolation: 0,interpolation_duration: 1}
$data merge entity $(bone_eyes_up) {transformation: [-0.919f,0.0087f,-0.3943f,0.0129f,-0.0533f,0.9878f,0.1462f,1.5537f,0.3908f,0.1554f,-0.9073f,0.2672f,0f,0f,0f,1f],start_interpolation: 0,interpolation_duration: 1}
$data merge entity $(bone_bone) {transformation: [-0.919f,0.0087f,-0.3943f,0.0113f,-0.0533f,0.9878f,0.1462f,1.3375f,0.3908f,0.1554f,-0.9073f,0.2338f,0f,0f,0f,1f],start_interpolation: 0,interpolation_duration: 1}
$data merge entity $(bone_l) {transformation: [-0.9163f,-0.0535f,-0.3943f,-0.0007f,-0.1392f,0.7346f,0.1462f,1.5018f,0.3758f,0.1416f,-0.9073f,0.5479f,0f,0f,0f,1f],start_interpolation: 0,interpolation_duration: 1}
$data merge entity $(bone_r) {transformation: [-0.9148f,0.0666f,-0.3943f,0.229f,0.033f,0.7415f,0.1462f,1.5151f,0.4028f,0.0905f,-0.9073f,0.4502f,0f,0f,0f,1f],start_interpolation: 0,interpolation_duration: 1}
$data merge entity $(bone_sad) {transformation: [0f,0f,0f,-0.0609f,0f,0f,0f,0.8484f,0f,0f,0f,0.4516f,0f,0f,0f,1f],start_interpolation: 0,interpolation_duration: 1}
$data merge entity $(bone_head) {transformation: [-0.919f,0.0087f,-0.3943f,0.0113f,-0.0533f,0.9878f,0.1462f,1.3375f,0.3908f,0.1554f,-0.9073f,0.2338f,0f,0f,0f,1f],start_interpolation: 0,interpolation_duration: 1}
$data merge entity $(bone_6) {transformation: [-0.9002f,-0.1282f,-0.4162f,0.2368f,-0.1855f,0.9775f,0.1f,0.4044f,0.394f,0.1672f,-0.9038f,0.2165f,0f,0f,0f,1f],start_interpolation: 0,interpolation_duration: 1}
$data merge entity $(bone_12) {transformation: [-0.9002f,-0.3429f,-0.2684f,0.1082f,-0.1855f,0.8595f,-0.4762f,0.7267f,0.394f,-0.3789f,-0.8374f,0.0745f,0f,0f,0f,1f],start_interpolation: 0,interpolation_duration: 1}
$data merge entity $(bone_10) {transformation: [-0.919f,-0.0925f,-0.3834f,-0.025f,-0.0533f,0.9923f,-0.1115f,1.0295f,0.3907f,-0.082f,-0.9168f,0.1066f,0f,0f,0f,1f],start_interpolation: 0,interpolation_duration: 1}
$data merge entity $(bone_9) {transformation: [-0.919f,0.1127f,-0.3779f,0.0173f,-0.0533f,0.9139f,0.4023f,1.3722f,0.3907f,0.3899f,-0.8338f,0.2528f,0f,0f,0f,1f],start_interpolation: 0,interpolation_duration: 1}
$data merge entity $(item_display_item_display) {transformation: [-0.4516f,0.5201f,-0.2771f,-0.5377f,-0.289f,0.1088f,0.6753f,1.0438f,0.5136f,0.5186f,0.1362f,0.7684f,0f,0f,0f,1f],start_interpolation: 0,interpolation_duration: 1}
$data merge entity $(bone_2) {transformation: [0.3695f,0.656f,0.6429f,-0.5746f,-0.9003f,0.3957f,0.1137f,1.1072f,-0.1816f,-0.6271f,0.7442f,0.379f,0f,0f,0f,1f],start_interpolation: 0,interpolation_duration: 1}
$data merge entity $(bone_1) {transformation: [0.3695f,0.8902f,0.2261f,-0.2672f,-0.9003f,0.3992f,-0.1006f,1.2438f,-0.1816f,-0.1681f,0.9586f,0.3272f,0f,0f,0f,1f],start_interpolation: 0,interpolation_duration: 1}
$data merge entity $(bone_4) {transformation: [-0.7907f,0.3438f,0.5066f,0.5175f,-0.6088f,-0.3536f,-0.7102f,1.0676f,-0.065f,-0.8699f,0.4889f,0.238f,0f,0f,0f,1f],start_interpolation: 0,interpolation_duration: 1}
$data merge entity $(bone_3) {transformation: [-0.8111f,-0.5519f,0.1935f,0.3106f,-0.5189f,0.5265f,-0.6735f,1.265f,0.2699f,-0.6467f,-0.7134f,-0.0045f,0f,0f,0f,1f],start_interpolation: 0,interpolation_duration: 1}
$data merge entity $(bone_8) {transformation: [-0.9471f,0.2847f,-0.1482f,-0.1341f,0.137f,0.776f,0.6157f,0.3946f,0.2903f,0.5628f,-0.774f,0.263f,0f,0f,0f,1f],start_interpolation: 0,interpolation_duration: 1}
$data merge entity $(bone_7) {transformation: [-0.9471f,0.122f,-0.2969f,-0.108f,0.137f,0.9901f,-0.0302f,0.7028f,0.2903f,-0.0692f,-0.9544f,0.2026f,0f,0f,0f,1f],start_interpolation: 0,interpolation_duration: 1}