# This file was generated by Animated Java via MC-Build. It is not recommended to edit this file directly.
$data merge entity $(bone_layer) {transformation: [-0.5798f,-0.1979f,-0.7904f,-0.127f,-0.0046f,0.9708f,-0.2397f,1.3349f,0.8149f,-0.1354f,-0.5638f,-0.0046f,0f,0f,0f,1f],start_interpolation: 0,interpolation_duration: 1}
$data merge entity $(bone_l_1) {transformation: [-0.5798f,-0.1979f,-0.7904f,-0.0318f,-0.0046f,0.9708f,-0.2397f,1.5404f,0.8149f,-0.1354f,-0.5638f,0.1986f,0f,0f,0f,1f],start_interpolation: 0,interpolation_duration: 1}
$data merge entity $(bone_eye_l) {transformation: [-0.5798f,-0.1979f,-0.7904f,-0.1345f,-0.0046f,0.9708f,-0.2397f,1.3327f,0.8149f,-0.1354f,-0.5638f,-0.0099f,0f,0f,0f,1f],start_interpolation: 0,interpolation_duration: 1}
$data merge entity $(bone_r_1) {transformation: [-0.5798f,-0.1979f,-0.7904f,0.095f,-0.0046f,0.9708f,-0.2397f,1.5414f,0.8149f,-0.1354f,-0.5638f,0.0203f,0f,0f,0f,1f],start_interpolation: 0,interpolation_duration: 1}
$data merge entity $(bone_eye_r) {transformation: [-0.5798f,-0.1979f,-0.7904f,0.1047f,-0.0046f,0.9708f,-0.2397f,1.5126f,0.8149f,-0.1354f,-0.5638f,0.0079f,0f,0f,0f,1f],start_interpolation: 0,interpolation_duration: 1}
$data merge entity $(bone_eyes_down) {transformation: [-0.5798f,-0.1979f,-0.7904f,-0.1456f,-0.0046f,0.9708f,-0.2397f,1.4259f,0.8149f,-0.1354f,-0.5638f,-0.0173f,0f,0f,0f,1f],start_interpolation: 0,interpolation_duration: 1}
$data merge entity $(bone_eyes_up) {transformation: [-0.5798f,-0.1979f,-0.7904f,-0.171f,-0.0046f,0.9708f,-0.2397f,1.5481f,0.8149f,-0.1354f,-0.5638f,-0.0347f,0f,0f,0f,1f],start_interpolation: 0,interpolation_duration: 1}
$data merge entity $(bone_bone) {transformation: [-0.5798f,-0.1979f,-0.7904f,-0.127f,-0.0046f,0.9708f,-0.2397f,1.3349f,0.8149f,-0.1354f,-0.5638f,-0.0046f,0f,0f,0f,1f],start_interpolation: 0,interpolation_duration: 1}
$data merge entity $(bone_l) {transformation: [-0.5778f,-0.1529f,-0.7904f,-0.0389f,-0.0145f,0.7281f,-0.2397f,1.6013f,0.8162f,-0.0952f,-0.5638f,0.2131f,0f,0f,0f,1f],start_interpolation: 0,interpolation_duration: 1}
$data merge entity $(bone_r) {transformation: [-0.5818f,-0.1439f,-0.7904f,0.1061f,0.0054f,0.7281f,-0.2397f,1.6024f,0.8134f,-0.1078f,-0.5638f,0.0094f,0f,0f,0f,1f],start_interpolation: 0,interpolation_duration: 1}
$data merge entity $(bone_sad) {transformation: [-0.9328f,-0.0989f,-0.8283f,-0.0554f,-0.0073f,0.485f,-0.2512f,1.5099f,1.3109f,-0.0676f,-0.5908f,0.2474f,0f,0f,0f,1f],start_interpolation: 0,interpolation_duration: 1}
$data merge entity $(bone_head) {transformation: [-0.5798f,-0.1979f,-0.7904f,-0.127f,-0.0046f,0.9708f,-0.2397f,1.3349f,0.8149f,-0.1354f,-0.5638f,-0.0046f,0f,0f,0f,1f],start_interpolation: 0,interpolation_duration: 1}
$data merge entity $(bone_6) {transformation: [-0.5686f,0.0205f,-0.8224f,0.0192f,-0.1348f,0.9838f,0.1177f,0.3914f,0.8115f,0.1778f,-0.5566f,-0.106f,0f,0f,0f,1f],start_interpolation: 0,interpolation_duration: 1}
$data merge entity $(bone_12) {transformation: [-0.5686f,-0.4553f,-0.6851f,-0.1516f,-0.1348f,0.8732f,-0.4684f,0.7188f,0.8115f,-0.1739f,-0.5578f,-0.1712f,0f,0f,0f,1f],start_interpolation: 0,interpolation_duration: 1}
$data merge entity $(bone_10) {transformation: [-0.5798f,-0.0833f,-0.8105f,-0.2354f,-0.0046f,0.9951f,-0.099f,1.0276f,0.8148f,-0.0537f,-0.5773f,-0.0834f,0f,0f,0f,1f],start_interpolation: 0,interpolation_duration: 1}
$data merge entity $(bone_9) {transformation: [-0.5798f,0.3327f,-0.7438f,-0.1106f,-0.0046f,0.9115f,0.4113f,1.3694f,0.8148f,0.2418f,-0.5269f,0.0073f,0f,0f,0f,1f],start_interpolation: 0,interpolation_duration: 1}
$data merge entity $(item_display_item_display) {transformation: [0.3115f,0.6431f,-0.2019f,0.0242f,-0.4779f,0.3676f,0.4334f,0.9757f,0.4753f,-0.0519f,0.5681f,0.5592f,0f,0f,0f,1f],start_interpolation: 0,interpolation_duration: 1}
$data merge entity $(bone_2) {transformation: [0.2692f,-0.4166f,0.8568f,-0.3477f,-0.5779f,0.6364f,0.491f,0.9813f,-0.7575f,-0.6336f,-0.0701f,0.4227f,0f,0f,0f,1f],start_interpolation: 0,interpolation_duration: 1}
$data merge entity $(bone_1) {transformation: [0.2692f,0.067f,0.9503f,-0.3188f,-0.5779f,0.7966f,0.1075f,1.2559f,-0.7575f,-0.5839f,0.2557f,0.2236f,0f,0f,0f,1f],start_interpolation: 0,interpolation_duration: 1}
$data merge entity $(bone_4) {transformation: [-0.4498f,-0.8156f,0.3639f,0.3322f,-0.4755f,-0.1262f,-0.8706f,1.1089f,0.756f,-0.5647f,-0.3311f,-0.2525f,0f,0f,0f,1f],start_interpolation: 0,interpolation_duration: 1}
$data merge entity $(bone_3) {transformation: [-0.4498f,-0.8831f,-0.1331f,0.001f,-0.4755f,0.363f,-0.8013f,1.245f,0.756f,-0.2972f,-0.5833f,-0.3639f,0f,0f,0f,1f],start_interpolation: 0,interpolation_duration: 1}
$data merge entity $(bone_8) {transformation: [-0.6494f,0.5633f,-0.5109f,-0.2712f,0.1827f,0.7677f,0.6142f,0.4004f,0.7382f,0.3055f,-0.6014f,0.1259f,0f,0f,0f,1f],start_interpolation: 0,interpolation_duration: 1}
$data merge entity $(bone_7) {transformation: [-0.6494f,0.1035f,-0.7534f,-0.2694f,0.1827f,0.9829f,-0.0224f,0.7067f,0.7382f,-0.1522f,-0.6572f,0.0517f,0f,0f,0f,1f],start_interpolation: 0,interpolation_duration: 1}
data modify entity @s data merge value {"cameras":{"camera":{"posx":0.21754629629629613,"posy":1.5090046296296296,"posz":1.4341666666666666,"roty":162.268918125,"rotx":0}},"locators":{}}