# This file was generated by Animated Java via MC-Build. It is not recommended to edit this file directly.
$data merge entity $(bone_layer) {transformation: [-0.919f,0.0099f,-0.3942f,0.0113f,-0.0533f,0.9874f,0.1491f,1.3375f,0.3908f,0.1581f,-0.9068f,0.2338f,0f,0f,0f,1f],start_interpolation: 0,interpolation_duration: 1}
$data merge entity $(bone_l_1) {transformation: [-0.919f,0.0099f,-0.3942f,0.0065f,-0.0533f,0.9874f,0.1491f,1.4473f,0.3908f,0.1581f,-0.9068f,0.5175f,0f,0f,0f,1f],start_interpolation: 0,interpolation_duration: 1}
$data merge entity $(bone_eye_l) {transformation: [-0.919f,0.0099f,-0.3942f,0.0076f,-0.0533f,0.9874f,0.1491f,1.3389f,0.3908f,0.1581f,-0.9068f,0.2253f,0f,0f,0f,1f],start_interpolation: 0,interpolation_duration: 1}
$data merge entity $(bone_r_1) {transformation: [-0.919f,0.0099f,-0.3942f,0.2076f,-0.0533f,0.9874f,0.1491f,1.4589f,0.3908f,0.1581f,-0.9068f,0.432f,0f,0f,0f,1f],start_interpolation: 0,interpolation_duration: 1}
$data merge entity $(bone_eye_r) {transformation: [-0.919f,0.0099f,-0.3942f,0.2192f,-0.0533f,0.9874f,0.1491f,1.4329f,0.3908f,0.1581f,-0.9068f,0.4158f,0f,0f,0f,1f],start_interpolation: 0,interpolation_duration: 1}
$data merge entity $(bone_eyes_down) {transformation: [-0.919f,0.0099f,-0.3942f,0.0122f,-0.0533f,0.9874f,0.1491f,1.4301f,0.3908f,0.1581f,-0.9068f,0.2486f,0f,0f,0f,1f],start_interpolation: 0,interpolation_duration: 1}
$data merge entity $(bone_eyes_up) {transformation: [-0.919f,0.0099f,-0.3942f,0.0132f,-0.0533f,0.9874f,0.1491f,1.5536f,0.3908f,0.1581f,-0.9068f,0.2678f,0f,0f,0f,1f],start_interpolation: 0,interpolation_duration: 1}
$data merge entity $(bone_bone) {transformation: [-0.919f,0.0099f,-0.3942f,0.0113f,-0.0533f,0.9874f,0.1491f,1.3375f,0.3908f,0.1581f,-0.9068f,0.2338f,0f,0f,0f,1f],start_interpolation: 0,interpolation_duration: 1}
$data merge entity $(bone_l) {transformation: [-0.9164f,-0.0527f,-0.3942f,-0.0005f,-0.1392f,0.7342f,0.1491f,1.5009f,0.3755f,0.1437f,-0.9068f,0.5484f,0f,0f,0f,1f],start_interpolation: 0,interpolation_duration: 1}
$data merge entity $(bone_r) {transformation: [-0.9147f,0.0675f,-0.3942f,0.2293f,0.0329f,0.7412f,0.1491f,1.5143f,0.4031f,0.0926f,-0.9068f,0.4507f,0f,0f,0f,1f],start_interpolation: 0,interpolation_duration: 1}
$data merge entity $(bone_sad) {transformation: [0f,0f,0f,-0.0615f,0f,0f,0f,0.8479f,0f,0f,0f,0.4502f,0f,0f,0f,1f],start_interpolation: 0,interpolation_duration: 1}
$data merge entity $(bone_head) {transformation: [-0.919f,0.0099f,-0.3942f,0.0113f,-0.0533f,0.9874f,0.1491f,1.3375f,0.3908f,0.1581f,-0.9068f,0.2338f,0f,0f,0f,1f],start_interpolation: 0,interpolation_duration: 1}
$data merge entity $(bone_6) {transformation: [-0.9012f,-0.1248f,-0.415f,0.2358f,-0.1829f,0.9777f,0.1032f,0.4042f,0.3929f,0.169f,-0.9039f,0.217f,0f,0f,0f,1f],start_interpolation: 0,interpolation_duration: 1}
$data merge entity $(bone_12) {transformation: [-0.9012f,-0.3403f,-0.2684f,0.1082f,-0.1829f,0.8601f,-0.4762f,0.7267f,0.3929f,-0.3801f,-0.8374f,0.0745f,0f,0f,0f,1f],start_interpolation: 0,interpolation_duration: 1}
$data merge entity $(bone_10) {transformation: [-0.919f,-0.0925f,-0.3834f,-0.0245f,-0.0533f,0.9923f,-0.1115f,1.0291f,0.3907f,-0.082f,-0.9168f,0.1075f,0f,0f,0f,1f],start_interpolation: 0,interpolation_duration: 1}
$data merge entity $(bone_9) {transformation: [-0.919f,0.1116f,-0.3782f,0.0173f,-0.0533f,0.9151f,0.3996f,1.3722f,0.3907f,0.3874f,-0.835f,0.2528f,0f,0f,0f,1f],start_interpolation: 0,interpolation_duration: 1}
$data merge entity $(item_display_item_display) {transformation: [-0.4547f,0.5174f,-0.2771f,-0.5401f,-0.2896f,0.1071f,0.6753f,1.043f,0.5105f,0.5216f,0.1362f,0.7674f,0f,0f,0f,1f],start_interpolation: 0,interpolation_duration: 1}
$data merge entity $(bone_2) {transformation: [0.3695f,0.6598f,0.639f,-0.5748f,-0.9003f,0.3964f,0.1113f,1.1073f,-0.1816f,-0.6226f,0.748f,0.378f,0f,0f,0f,1f],start_interpolation: 0,interpolation_duration: 1}
$data merge entity $(bone_1) {transformation: [0.3695f,0.8909f,0.2234f,-0.2672f,-0.9003f,0.3989f,-0.1018f,1.2438f,-0.1816f,-0.1652f,0.9591f,0.3272f,0f,0f,0f,1f],start_interpolation: 0,interpolation_duration: 1}
$data merge entity $(bone_4) {transformation: [-0.7901f,0.3439f,0.5075f,0.5173f,-0.6096f,-0.3533f,-0.7096f,1.0683f,-0.0647f,-0.87f,0.4888f,0.2388f,0f,0f,0f,1f],start_interpolation: 0,interpolation_duration: 1}
$data merge entity $(bone_3) {transformation: [-0.8111f,-0.5514f,0.1951f,0.3106f,-0.5189f,0.5245f,-0.6751f,1.265f,0.2699f,-0.6488f,-0.7115f,-0.0045f,0f,0f,0f,1f],start_interpolation: 0,interpolation_duration: 1}
$data merge entity $(bone_8) {transformation: [-0.9475f,0.2821f,-0.1508f,-0.1332f,0.134f,0.7782f,0.6136f,0.3945f,0.2905f,0.5612f,-0.7751f,0.2627f,0f,0f,0f,1f],start_interpolation: 0,interpolation_duration: 1}
$data merge entity $(bone_7) {transformation: [-0.9475f,0.1192f,-0.2969f,-0.108f,0.134f,0.9905f,-0.0301f,0.7028f,0.2905f,-0.0683f,-0.9544f,0.2026f,0f,0f,0f,1f],start_interpolation: 0,interpolation_duration: 1}

execute on vehicle \
    unless entity @s[tag=aj.transforms_only] at @s run function animated_java:oceanid/animations/2/zzz/frames/220_root_function