# This file was generated by Animated Java via MC-Build. It is not recommended to edit this file directly.
$data merge entity $(bone_layer) {transformation: [-0.5833f,-0.2172f,-0.7827f,-0.1331f,-0.0048f,0.9645f,-0.2641f,1.3369f,0.8123f,-0.1503f,-0.5636f,-0.0069f,0f,0f,0f,1f],start_interpolation: 0,interpolation_duration: 1}
$data merge entity $(bone_l_1) {transformation: [-0.5833f,-0.2172f,-0.7827f,-0.043f,-0.0048f,0.9645f,-0.2641f,1.5472f,0.8123f,-0.1503f,-0.5636f,0.1937f,0f,0f,0f,1f],start_interpolation: 0,interpolation_duration: 1}
$data merge entity $(bone_eye_l) {transformation: [-0.5833f,-0.2172f,-0.7827f,-0.1404f,-0.0048f,0.9645f,-0.2641f,1.3344f,0.8123f,-0.1503f,-0.5636f,-0.0121f,0f,0f,0f,1f],start_interpolation: 0,interpolation_duration: 1}
$data merge entity $(bone_r_1) {transformation: [-0.5833f,-0.2172f,-0.7827f,0.0846f,-0.0048f,0.9645f,-0.2641f,1.5483f,0.8123f,-0.1503f,-0.5636f,0.016f,0f,0f,0f,1f],start_interpolation: 0,interpolation_duration: 1}
$data merge entity $(bone_eye_r) {transformation: [-0.5833f,-0.2172f,-0.7827f,0.0949f,-0.0048f,0.9645f,-0.2641f,1.5195f,0.8123f,-0.1503f,-0.5636f,0.004f,0f,0f,0f,1f],start_interpolation: 0,interpolation_duration: 1}
$data merge entity $(bone_eyes_down) {transformation: [-0.5833f,-0.2172f,-0.7827f,-0.1534f,-0.0048f,0.9645f,-0.2641f,1.4273f,0.8123f,-0.1503f,-0.5636f,-0.0209f,0f,0f,0f,1f],start_interpolation: 0,interpolation_duration: 1}
$data merge entity $(bone_eyes_up) {transformation: [-0.5833f,-0.2172f,-0.7827f,-0.1814f,-0.0048f,0.9645f,-0.2641f,1.5492f,0.8123f,-0.1503f,-0.5636f,-0.0403f,0f,0f,0f,1f],start_interpolation: 0,interpolation_duration: 1}
$data merge entity $(bone_bone) {transformation: [-0.5833f,-0.2172f,-0.7827f,-0.1331f,-0.0048f,0.9645f,-0.2641f,1.3369f,0.8123f,-0.1503f,-0.5636f,-0.0069f,0f,0f,0f,1f],start_interpolation: 0,interpolation_duration: 1}
$data merge entity $(bone_l) {transformation: [-0.5806f,-0.1682f,-0.7827f,-0.0515f,-0.0166f,0.7233f,-0.2641f,1.6085f,0.8141f,-0.1052f,-0.5636f,0.2072f,0f,0f,0f,1f],start_interpolation: 0,interpolation_duration: 1}
$data merge entity $(bone_r) {transformation: [-0.5859f,-0.1575f,-0.7827f,0.0944f,0.007f,0.7234f,-0.2641f,1.6097f,0.8104f,-0.1202f,-0.5636f,0.0042f,0f,0f,0f,1f],start_interpolation: 0,interpolation_duration: 1}
$data merge entity $(bone_sad) {transformation: [-0.9386f,-0.1119f,-0.8139f,-0.066f,-0.0077f,0.4968f,-0.2746f,1.516f,1.3071f,-0.0774f,-0.586f,0.243f,0f,0f,0f,1f],start_interpolation: 0,interpolation_duration: 1}
$data merge entity $(bone_head) {transformation: [-0.5833f,-0.2172f,-0.7827f,-0.1331f,-0.0048f,0.9645f,-0.2641f,1.3369f,0.8123f,-0.1503f,-0.5636f,-0.0069f,0f,0f,0f,1f],start_interpolation: 0,interpolation_duration: 1}
$data merge entity $(bone_6) {transformation: [-0.5713f,0.0145f,-0.8206f,0.0187f,-0.135f,0.9846f,0.1114f,0.3939f,0.8095f,0.1744f,-0.5606f,-0.1043f,0f,0f,0f,1f],start_interpolation: 0,interpolation_duration: 1}
$data merge entity $(bone_12) {transformation: [-0.5713f,-0.4593f,-0.6802f,-0.1535f,-0.135f,0.8701f,-0.4741f,0.7201f,0.8095f,-0.179f,-0.5591f,-0.1714f,0f,0f,0f,1f],start_interpolation: 0,interpolation_duration: 1}
$data merge entity $(bone_10) {transformation: [-0.5833f,-0.0884f,-0.8075f,-0.2394f,-0.0048f,0.9944f,-0.1054f,1.0287f,0.8123f,-0.0576f,-0.5804f,-0.085f,0f,0f,0f,1f],start_interpolation: 0,interpolation_duration: 1}
$data merge entity $(bone_9) {transformation: [-0.5833f,0.3267f,-0.7437f,-0.1169f,-0.0048f,0.9142f,0.4053f,1.3715f,0.8123f,0.24f,-0.5316f,0.005f,0f,0f,0f,1f],start_interpolation: 0,interpolation_duration: 1}
$data merge entity $(item_display_item_display) {transformation: [0.3125f,0.641f,-0.2067f,0.018f,-0.4746f,0.3712f,0.4339f,0.9806f,0.478f,-0.0505f,0.5659f,0.5585f,0f,0f,0f,1f],start_interpolation: 0,interpolation_duration: 1}
$data merge entity $(bone_2) {transformation: [0.2756f,-0.418f,0.854f,-0.3534f,-0.5785f,0.6319f,0.496f,0.9836f,-0.7546f,-0.6372f,-0.0683f,0.4206f,0f,0f,0f,1f],start_interpolation: 0,interpolation_duration: 1}
$data merge entity $(bone_1) {transformation: [0.2756f,0.0644f,0.9487f,-0.3254f,-0.5785f,0.7952f,0.1141f,1.2576f,-0.7546f,-0.5862f,0.259f,0.2207f,0f,0f,0f,1f],start_interpolation: 0,interpolation_duration: 1}
$data merge entity $(bone_4) {transformation: [-0.4506f,-0.8172f,0.3594f,0.3294f,-0.4753f,-0.1213f,-0.8714f,1.1169f,0.7557f,-0.5635f,-0.3338f,-0.2494f,0f,0f,0f,1f],start_interpolation: 0,interpolation_duration: 1}
$data merge entity $(bone_3) {transformation: [-0.4506f,-0.8856f,-0.1127f,-0.0027f,-0.4753f,0.3448f,-0.8095f,1.2462f,0.7557f,-0.3112f,-0.5762f,-0.3661f,0f,0f,0f,1f],start_interpolation: 0,interpolation_duration: 1}
$data merge entity $(bone_8) {transformation: [-0.6536f,0.5577f,-0.5117f,-0.2727f,0.1817f,0.7719f,0.6093f,0.4021f,0.7347f,0.3052f,-0.6058f,0.1263f,0f,0f,0f,1f],start_interpolation: 0,interpolation_duration: 1}
$data merge entity $(bone_7) {transformation: [-0.6536f,0.0988f,-0.7504f,-0.2723f,0.1817f,0.9829f,-0.0288f,0.7081f,0.7347f,-0.1552f,-0.6604f,0.051f,0f,0f,0f,1f],start_interpolation: 0,interpolation_duration: 1}
data modify entity @s data merge value {"cameras":{"camera":{"posx":0.2189780379553105,"posy":1.5125086435985196,"posz":1.4213686973036148,"roty":161.844004140625,"rotx":0}},"locators":{}}