# This file was generated by Animated Java via MC-Build. It is not recommended to edit this file directly.
$data merge entity $(bone_layer) {transformation: [-0.5866f,-0.2353f,-0.7749f,-0.1388f,-0.005f,0.9579f,-0.2871f,1.3388f,0.81f,-0.1645f,-0.5631f,-0.0091f,0f,0f,0f,1f],start_interpolation: 0,interpolation_duration: 1}
$data merge entity $(bone_l_1) {transformation: [-0.5866f,-0.2353f,-0.7749f,-0.0537f,-0.005f,0.9579f,-0.2871f,1.5535f,0.81f,-0.1645f,-0.5631f,0.1889f,0f,0f,0f,1f],start_interpolation: 0,interpolation_duration: 1}
$data merge entity $(bone_eye_l) {transformation: [-0.5866f,-0.2353f,-0.7749f,-0.1461f,-0.005f,0.9579f,-0.2871f,1.3361f,0.81f,-0.1645f,-0.5631f,-0.0143f,0f,0f,0f,1f],start_interpolation: 0,interpolation_duration: 1}
$data merge entity $(bone_r_1) {transformation: [-0.5866f,-0.2353f,-0.7749f,0.0746f,-0.005f,0.9579f,-0.2871f,1.5546f,0.81f,-0.1645f,-0.5631f,0.0118f,0f,0f,0f,1f],start_interpolation: 0,interpolation_duration: 1}
$data merge entity $(bone_eye_r) {transformation: [-0.5866f,-0.2353f,-0.7749f,0.0855f,-0.005f,0.9579f,-0.2871f,1.526f,0.81f,-0.1645f,-0.5631f,0.0002f,0f,0f,0f,1f],start_interpolation: 0,interpolation_duration: 1}
$data merge entity $(bone_eyes_down) {transformation: [-0.5866f,-0.2353f,-0.7749f,-0.1609f,-0.005f,0.9579f,-0.2871f,1.4286f,0.81f,-0.1645f,-0.5631f,-0.0245f,0f,0f,0f,1f],start_interpolation: 0,interpolation_duration: 1}
$data merge entity $(bone_eyes_up) {transformation: [-0.5866f,-0.2353f,-0.7749f,-0.1912f,-0.005f,0.9579f,-0.2871f,1.55f,0.81f,-0.1645f,-0.5631f,-0.0457f,0f,0f,0f,1f],start_interpolation: 0,interpolation_duration: 1}
$data merge entity $(bone_bone) {transformation: [-0.5866f,-0.2353f,-0.7749f,-0.1388f,-0.005f,0.9579f,-0.2871f,1.3388f,0.81f,-0.1645f,-0.5631f,-0.0091f,0f,0f,0f,1f],start_interpolation: 0,interpolation_duration: 1}
$data merge entity $(bone_l) {transformation: [-0.5832f,-0.1828f,-0.7749f,-0.0635f,-0.0187f,0.7183f,-0.2871f,1.6152f,0.8122f,-0.1147f,-0.5631f,0.2015f,0f,0f,0f,1f],start_interpolation: 0,interpolation_duration: 1}
$data merge entity $(bone_r) {transformation: [-0.5899f,-0.1702f,-0.7749f,0.0831f,0.0087f,0.7184f,-0.2871f,1.6164f,0.8075f,-0.1321f,-0.5631f,-0.001f,0f,0f,0f,1f],start_interpolation: 0,interpolation_duration: 1}
$data merge entity $(bone_sad) {transformation: [-0.9439f,-0.1247f,-0.7994f,-0.0761f,-0.0081f,0.5076f,-0.2961f,1.5217f,1.3032f,-0.0872f,-0.5808f,0.2387f,0f,0f,0f,1f],start_interpolation: 0,interpolation_duration: 1}
$data merge entity $(bone_head) {transformation: [-0.5866f,-0.2353f,-0.7749f,-0.1388f,-0.005f,0.9579f,-0.2871f,1.3388f,0.81f,-0.1645f,-0.5631f,-0.0091f,0f,0f,0f,1f],start_interpolation: 0,interpolation_duration: 1}
$data merge entity $(bone_6) {transformation: [-0.574f,0.0087f,-0.8188f,0.0182f,-0.1352f,0.9852f,0.1053f,0.3962f,0.8076f,0.1711f,-0.5643f,-0.1026f,0f,0f,0f,1f],start_interpolation: 0,interpolation_duration: 1}
$data merge entity $(bone_12) {transformation: [-0.574f,-0.463f,-0.6754f,-0.1554f,-0.1352f,0.8671f,-0.4794f,0.7214f,0.8076f,-0.1839f,-0.5603f,-0.1716f,0f,0f,0f,1f],start_interpolation: 0,interpolation_duration: 1}
$data merge entity $(bone_10) {transformation: [-0.5866f,-0.0932f,-0.8045f,-0.2432f,-0.005f,0.9937f,-0.1115f,1.0298f,0.8099f,-0.0614f,-0.5834f,-0.0866f,0f,0f,0f,1f],start_interpolation: 0,interpolation_duration: 1}
$data merge entity $(bone_9) {transformation: [-0.5866f,0.321f,-0.7436f,-0.1228f,-0.005f,0.9167f,0.3997f,1.3735f,0.8099f,0.2382f,-0.5361f,0.0027f,0f,0f,0f,1f],start_interpolation: 0,interpolation_duration: 1}
$data merge entity $(item_display_item_display) {transformation: [0.3134f,0.6391f,-0.2113f,0.0121f,-0.4714f,0.3748f,0.4344f,0.9853f,0.4805f,-0.0492f,0.5639f,0.5579f,0f,0f,0f,1f],start_interpolation: 0,interpolation_duration: 1}
$data merge entity $(bone_2) {transformation: [0.2818f,-0.4194f,0.8514f,-0.3588f,-0.5791f,0.6276f,0.5008f,0.9857f,-0.7519f,-0.6406f,-0.0667f,0.4186f,0f,0f,0f,1f],start_interpolation: 0,interpolation_duration: 1}
$data merge entity $(bone_1) {transformation: [0.2818f,0.0619f,0.947f,-0.3316f,-0.5791f,0.7938f,0.1204f,1.2593f,-0.7519f,-0.5883f,0.2621f,0.218f,0f,0f,0f,1f],start_interpolation: 0,interpolation_duration: 1}
$data merge entity $(bone_4) {transformation: [-0.4512f,-0.8184f,0.3559f,0.3265f,-0.475f,-0.1173f,-0.8721f,1.1243f,0.7555f,-0.5626f,-0.3358f,-0.2465f,0f,0f,0f,1f],start_interpolation: 0,interpolation_duration: 1}
$data merge entity $(bone_3) {transformation: [-0.4512f,-0.8875f,-0.0939f,-0.0063f,-0.475f,0.3279f,-0.8166f,1.2473f,0.7555f,-0.3239f,-0.5695f,-0.368f,0f,0f,0f,1f],start_interpolation: 0,interpolation_duration: 1}
$data merge entity $(bone_8) {transformation: [-0.6575f,0.5525f,-0.5123f,-0.2742f,0.1808f,0.7758f,0.6045f,0.4038f,0.7314f,0.3049f,-0.61f,0.1267f,0f,0f,0f,1f],start_interpolation: 0,interpolation_duration: 1}
$data merge entity $(bone_7) {transformation: [-0.6575f,0.0944f,-0.7475f,-0.2751f,0.1808f,0.9829f,-0.0349f,0.7095f,0.7314f,-0.1581f,-0.6633f,0.0504f,0f,0f,0f,1f],start_interpolation: 0,interpolation_duration: 1}
data modify entity @s data merge value {"cameras":{"camera1":{"px":0.22035123966942133,"py":1.515894064613073,"pz":1.4089087152516906,"ry":161.42312,"rx":0}},"locators":{}}