# This file was generated by Animated Java via MC-Build. It is not recommended to edit this file directly.
$data merge entity $(bone_layer) {transformation: [-0.5898f,-0.2522f,-0.7672f,-0.1442f,-0.0052f,0.9512f,-0.3087f,1.3405f,0.8077f,-0.178f,-0.5622f,-0.0112f,0f,0f,0f,1f],start_interpolation: 0,interpolation_duration: 1}
$data merge entity $(bone_l_1) {transformation: [-0.5898f,-0.2522f,-0.7672f,-0.0639f,-0.0052f,0.9512f,-0.3087f,1.5594f,0.8077f,-0.178f,-0.5622f,0.1843f,0f,0f,0f,1f],start_interpolation: 0,interpolation_duration: 1}
$data merge entity $(bone_eye_l) {transformation: [-0.5898f,-0.2522f,-0.7672f,-0.1514f,-0.0052f,0.9512f,-0.3087f,1.3376f,0.8077f,-0.178f,-0.5622f,-0.0165f,0f,0f,0f,1f],start_interpolation: 0,interpolation_duration: 1}
$data merge entity $(bone_r_1) {transformation: [-0.5898f,-0.2522f,-0.7672f,0.0651f,-0.0052f,0.9512f,-0.3087f,1.5605f,0.8077f,-0.178f,-0.5622f,0.0076f,0f,0f,0f,1f],start_interpolation: 0,interpolation_duration: 1}
$data merge entity $(bone_eye_r) {transformation: [-0.5898f,-0.2522f,-0.7672f,0.0766f,-0.0052f,0.9512f,-0.3087f,1.5319f,0.8077f,-0.178f,-0.5622f,-0.0035f,0f,0f,0f,1f],start_interpolation: 0,interpolation_duration: 1}
$data merge entity $(bone_eyes_down) {transformation: [-0.5898f,-0.2522f,-0.7672f,-0.1679f,-0.0052f,0.9512f,-0.3087f,1.4297f,0.8077f,-0.178f,-0.5622f,-0.0279f,0f,0f,0f,1f],start_interpolation: 0,interpolation_duration: 1}
$data merge entity $(bone_eyes_up) {transformation: [-0.5898f,-0.2522f,-0.7672f,-0.2005f,-0.0052f,0.9512f,-0.3087f,1.5507f,0.8077f,-0.178f,-0.5622f,-0.0509f,0f,0f,0f,1f],start_interpolation: 0,interpolation_duration: 1}
$data merge entity $(bone_bone) {transformation: [-0.5898f,-0.2522f,-0.7672f,-0.1442f,-0.0052f,0.9512f,-0.3087f,1.3405f,0.8077f,-0.178f,-0.5622f,-0.0112f,0f,0f,0f,1f],start_interpolation: 0,interpolation_duration: 1}
$data merge entity $(bone_l) {transformation: [-0.5855f,-0.1964f,-0.7672f,-0.075f,-0.0208f,0.7132f,-0.3087f,1.6213f,0.8105f,-0.1235f,-0.5622f,0.196f,0f,0f,0f,1f],start_interpolation: 0,interpolation_duration: 1}
$data merge entity $(bone_r) {transformation: [-0.5938f,-0.1819f,-0.7672f,0.0725f,0.0104f,0.7133f,-0.3087f,1.6226f,0.8047f,-0.1434f,-0.5622f,-0.006f,0f,0f,0f,1f],start_interpolation: 0,interpolation_duration: 1}
$data merge entity $(bone_sad) {transformation: [-0.9487f,-0.1372f,-0.7852f,-0.0857f,-0.0084f,0.5175f,-0.3159f,1.527f,1.2992f,-0.0968f,-0.5754f,0.2345f,0f,0f,0f,1f],start_interpolation: 0,interpolation_duration: 1}
$data merge entity $(bone_head) {transformation: [-0.5898f,-0.2522f,-0.7672f,-0.1442f,-0.0052f,0.9512f,-0.3087f,1.3405f,0.8077f,-0.178f,-0.5622f,-0.0112f,0f,0f,0f,1f],start_interpolation: 0,interpolation_duration: 1}
$data merge entity $(bone_6) {transformation: [-0.5765f,0.0034f,-0.8171f,0.0176f,-0.1354f,0.9858f,0.0996f,0.3984f,0.8058f,0.168f,-0.5678f,-0.1011f,0f,0f,0f,1f],start_interpolation: 0,interpolation_duration: 1}
$data merge entity $(bone_12) {transformation: [-0.5765f,-0.4664f,-0.6709f,-0.1572f,-0.1354f,0.8643f,-0.4845f,0.7225f,0.8058f,-0.1885f,-0.5614f,-0.1718f,0f,0f,0f,1f],start_interpolation: 0,interpolation_duration: 1}
$data merge entity $(bone_10) {transformation: [-0.5897f,-0.0978f,-0.8017f,-0.2468f,-0.0052f,0.9931f,-0.1173f,1.0308f,0.8076f,-0.0649f,-0.5861f,-0.0881f,0f,0f,0f,1f],start_interpolation: 0,interpolation_duration: 1}
$data merge entity $(bone_9) {transformation: [-0.5897f,0.3156f,-0.7434f,-0.1284f,-0.0052f,0.919f,0.3943f,1.3754f,0.8076f,0.2364f,-0.5403f,0.0005f,0f,0f,0f,1f],start_interpolation: 0,interpolation_duration: 1}
$data merge entity $(item_display_item_display) {transformation: [0.3143f,0.6372f,-0.2156f,0.0065f,-0.4684f,0.3781f,0.4347f,0.9896f,0.4829f,-0.048f,0.562f,0.5572f,0f,0f,0f,1f],start_interpolation: 0,interpolation_duration: 1}
$data merge entity $(bone_2) {transformation: [0.2875f,-0.4206f,0.8488f,-0.3639f,-0.5796f,0.6235f,0.5053f,0.9876f,-0.7493f,-0.6437f,-0.0652f,0.4166f,0f,0f,0f,1f],start_interpolation: 0,interpolation_duration: 1}
$data merge entity $(bone_1) {transformation: [0.2875f,0.0594f,0.9455f,-0.3375f,-0.5796f,0.7926f,0.1264f,1.2608f,-0.7493f,-0.5903f,0.265f,0.2154f,0f,0f,0f,1f],start_interpolation: 0,interpolation_duration: 1}
$data merge entity $(bone_4) {transformation: [-0.4519f,-0.819f,0.3536f,0.3236f,-0.4747f,-0.1148f,-0.8726f,1.1313f,0.7553f,-0.5622f,-0.3369f,-0.2439f,0f,0f,0f,1f],start_interpolation: 0,interpolation_duration: 1}
$data merge entity $(bone_3) {transformation: [-0.4519f,-0.8888f,-0.0767f,-0.0097f,-0.4747f,0.3124f,-0.8228f,1.2484f,0.7553f,-0.3354f,-0.5631f,-0.3697f,0f,0f,0f,1f],start_interpolation: 0,interpolation_duration: 1}
$data merge entity $(bone_8) {transformation: [-0.6612f,0.5475f,-0.5129f,-0.2757f,0.18f,0.7794f,0.6001f,0.4053f,0.7283f,0.3045f,-0.6139f,0.1271f,0f,0f,0f,1f],start_interpolation: 0,interpolation_duration: 1}
$data merge entity $(bone_7) {transformation: [-0.6612f,0.0903f,-0.7447f,-0.2777f,0.18f,0.9828f,-0.0406f,0.7108f,0.7283f,-0.1609f,-0.6661f,0.0498f,0f,0f,0f,1f],start_interpolation: 0,interpolation_duration: 1}
data modify entity @s data merge value {"cameras":{"camera1":{"px":0.22165786654423003,"py":1.5191433098199627,"pz":1.396842912597045,"ry":161.007568359375,"rx":0}},"locators":{}}