# This file was generated by Animated Java via MC-Build. It is not recommended to edit this file directly.
$data merge entity $(bone_layer) {transformation: [-0.5926f,-0.2678f,-0.7597f,-0.1493f,-0.0054f,0.9444f,-0.3287f,1.3421f,0.8056f,-0.1906f,-0.5611f,-0.0132f,0f,0f,0f,1f],start_interpolation: 0,interpolation_duration: 1}
$data merge entity $(bone_l_1) {transformation: [-0.5926f,-0.2678f,-0.7597f,-0.0735f,-0.0054f,0.9444f,-0.3287f,1.5647f,0.8056f,-0.1906f,-0.5611f,0.1798f,0f,0f,0f,1f],start_interpolation: 0,interpolation_duration: 1}
$data merge entity $(bone_eye_l) {transformation: [-0.5926f,-0.2678f,-0.7597f,-0.1564f,-0.0054f,0.9444f,-0.3287f,1.339f,0.8056f,-0.1906f,-0.5611f,-0.0185f,0f,0f,0f,1f],start_interpolation: 0,interpolation_duration: 1}
$data merge entity $(bone_r_1) {transformation: [-0.5926f,-0.2678f,-0.7597f,0.0562f,-0.0054f,0.9444f,-0.3287f,1.5659f,0.8056f,-0.1906f,-0.5611f,0.0036f,0f,0f,0f,1f],start_interpolation: 0,interpolation_duration: 1}
$data merge entity $(bone_eye_r) {transformation: [-0.5926f,-0.2678f,-0.7597f,0.0682f,-0.0054f,0.9444f,-0.3287f,1.5373f,0.8056f,-0.1906f,-0.5611f,-0.0071f,0f,0f,0f,1f],start_interpolation: 0,interpolation_duration: 1}
$data merge entity $(bone_eyes_down) {transformation: [-0.5926f,-0.2678f,-0.7597f,-0.1744f,-0.0054f,0.9444f,-0.3287f,1.4306f,0.8056f,-0.1906f,-0.5611f,-0.0311f,0f,0f,0f,1f],start_interpolation: 0,interpolation_duration: 1}
$data merge entity $(bone_eyes_up) {transformation: [-0.5926f,-0.2678f,-0.7597f,-0.2091f,-0.0054f,0.9444f,-0.3287f,1.5511f,0.8056f,-0.1906f,-0.5611f,-0.0558f,0f,0f,0f,1f],start_interpolation: 0,interpolation_duration: 1}
$data merge entity $(bone_bone) {transformation: [-0.5926f,-0.2678f,-0.7597f,-0.1493f,-0.0054f,0.9444f,-0.3287f,1.3421f,0.8056f,-0.1906f,-0.5611f,-0.0132f,0f,0f,0f,1f],start_interpolation: 0,interpolation_duration: 1}
$data merge entity $(bone_l) {transformation: [-0.5876f,-0.209f,-0.7597f,-0.0857f,-0.023f,0.7081f,-0.3287f,1.6268f,0.809f,-0.1317f,-0.5611f,0.1906f,0f,0f,0f,1f],start_interpolation: 0,interpolation_duration: 1}
$data merge entity $(bone_r) {transformation: [-0.5975f,-0.1926f,-0.7597f,0.0624f,0.0121f,0.7083f,-0.3287f,1.6282f,0.8019f,-0.1542f,-0.5611f,-0.0108f,0f,0f,0f,1f],start_interpolation: 0,interpolation_duration: 1}
$data merge entity $(bone_sad) {transformation: [-0.9529f,-0.1493f,-0.7719f,-0.0946f,-0.0087f,0.5264f,-0.3339f,1.5318f,1.2952f,-0.1063f,-0.5701f,0.2306f,0f,0f,0f,1f],start_interpolation: 0,interpolation_duration: 1}
$data merge entity $(bone_head) {transformation: [-0.5926f,-0.2678f,-0.7597f,-0.1493f,-0.0054f,0.9444f,-0.3287f,1.3421f,0.8056f,-0.1906f,-0.5611f,-0.0132f,0f,0f,0f,1f],start_interpolation: 0,interpolation_duration: 1}
$data merge entity $(bone_6) {transformation: [-0.5788f,-0.0015f,-0.8155f,0.0171f,-0.1355f,0.9863f,0.0943f,0.4004f,0.8042f,0.1651f,-0.571f,-0.0997f,0f,0f,0f,1f],start_interpolation: 0,interpolation_duration: 1}
$data merge entity $(bone_12) {transformation: [-0.5788f,-0.4695f,-0.6668f,-0.159f,-0.1355f,0.8616f,-0.4891f,0.7235f,0.8042f,-0.1928f,-0.5623f,-0.172f,0f,0f,0f,1f],start_interpolation: 0,interpolation_duration: 1}
$data merge entity $(bone_10) {transformation: [-0.5926f,-0.1019f,-0.799f,-0.2502f,-0.0054f,0.9924f,-0.1226f,1.0316f,0.8055f,-0.0683f,-0.5887f,-0.0896f,0f,0f,0f,1f],start_interpolation: 0,interpolation_duration: 1}
$data merge entity $(bone_9) {transformation: [-0.5926f,0.3106f,-0.7432f,-0.1337f,-0.0054f,0.9211f,0.3893f,1.377f,0.8055f,0.2347f,-0.5441f,-0.0015f,0f,0f,0f,1f],start_interpolation: 0,interpolation_duration: 1}
$data merge entity $(item_display_item_display) {transformation: [0.3151f,0.6354f,-0.2196f,0.0014f,-0.4656f,0.3812f,0.435f,0.9937f,0.4851f,-0.0469f,0.5602f,0.5565f,0f,0f,0f,1f],start_interpolation: 0,interpolation_duration: 1}
$data merge entity $(bone_2) {transformation: [0.2928f,-0.4218f,0.8464f,-0.3686f,-0.58f,0.6197f,0.5095f,0.9894f,-0.7469f,-0.6466f,-0.0638f,0.4147f,0f,0f,0f,1f],start_interpolation: 0,interpolation_duration: 1}
$data merge entity $(bone_1) {transformation: [0.2928f,0.0571f,0.944f,-0.343f,-0.58f,0.7914f,0.132f,1.2622f,-0.7469f,-0.5921f,0.2676f,0.2129f,0f,0f,0f,1f],start_interpolation: 0,interpolation_duration: 1}
$data merge entity $(bone_4) {transformation: [-0.4525f,-0.8234f,0.3425f,0.3206f,-0.4745f,-0.1029f,-0.8742f,1.1376f,0.7551f,-0.5581f,-0.3441f,-0.2414f,0f,0f,0f,1f],start_interpolation: 0,interpolation_duration: 1}
$data merge entity $(bone_3) {transformation: [-0.4525f,-0.8897f,-0.061f,-0.013f,-0.4745f,0.2982f,-0.8282f,1.2494f,0.7551f,-0.3458f,-0.557f,-0.3711f,0f,0f,0f,1f],start_interpolation: 0,interpolation_duration: 1}
$data merge entity $(bone_8) {transformation: [-0.6646f,0.5429f,-0.5134f,-0.2771f,0.1791f,0.7828f,0.5959f,0.4067f,0.7254f,0.3041f,-0.6176f,0.1274f,0f,0f,0f,1f],start_interpolation: 0,interpolation_duration: 1}
$data merge entity $(bone_7) {transformation: [-0.6646f,0.0865f,-0.7421f,-0.2802f,0.1791f,0.9828f,-0.0459f,0.7119f,0.7254f,-0.1635f,-0.6687f,0.0491f,0f,0f,0f,1f],start_interpolation: 0,interpolation_duration: 1}
data modify entity @s data merge value {"cameras":{"camera":{"posx":0.22288988368533807,"posy":1.5222387963658626,"posz":1.3852274814258285,"roty":160.598651875,"rotx":0}},"locators":{}}