# This file was generated by Animated Java via MC-Build. It is not recommended to edit this file directly.
$data merge entity $(bone_layer) {transformation: [-0.5953f,-0.2819f,-0.7525f,-0.1539f,-0.0056f,0.9379f,-0.347f,1.3435f,0.8036f,-0.2023f,-0.5598f,-0.0151f,0f,0f,0f,1f],start_interpolation: 0,interpolation_duration: 1}
$data merge entity $(bone_l_1) {transformation: [-0.5953f,-0.2819f,-0.7525f,-0.0823f,-0.0056f,0.9379f,-0.347f,1.5694f,0.8036f,-0.2023f,-0.5598f,0.1756f,0f,0f,0f,1f],start_interpolation: 0,interpolation_duration: 1}
$data merge entity $(bone_eye_l) {transformation: [-0.5953f,-0.2819f,-0.7525f,-0.161f,-0.0056f,0.9379f,-0.347f,1.3403f,0.8036f,-0.2023f,-0.5598f,-0.0204f,0f,0f,0f,1f],start_interpolation: 0,interpolation_duration: 1}
$data merge entity $(bone_r_1) {transformation: [-0.5953f,-0.2819f,-0.7525f,0.0479f,-0.0056f,0.9379f,-0.347f,1.5707f,0.8036f,-0.2023f,-0.5598f,-0.0002f,0f,0f,0f,1f],start_interpolation: 0,interpolation_duration: 1}
$data merge entity $(bone_eye_r) {transformation: [-0.5953f,-0.2819f,-0.7525f,0.0604f,-0.0056f,0.9379f,-0.347f,1.5422f,0.8036f,-0.2023f,-0.5598f,-0.0106f,0f,0f,0f,1f],start_interpolation: 0,interpolation_duration: 1}
$data merge entity $(bone_eyes_down) {transformation: [-0.5953f,-0.2819f,-0.7525f,-0.1804f,-0.0056f,0.9379f,-0.347f,1.4314f,0.8036f,-0.2023f,-0.5598f,-0.0341f,0f,0f,0f,1f],start_interpolation: 0,interpolation_duration: 1}
$data merge entity $(bone_eyes_up) {transformation: [-0.5953f,-0.2819f,-0.7525f,-0.217f,-0.0056f,0.9379f,-0.347f,1.5515f,0.8036f,-0.2023f,-0.5598f,-0.0604f,0f,0f,0f,1f],start_interpolation: 0,interpolation_duration: 1}
$data merge entity $(bone_bone) {transformation: [-0.5953f,-0.2819f,-0.7525f,-0.1539f,-0.0056f,0.9379f,-0.347f,1.3435f,0.8036f,-0.2023f,-0.5598f,-0.0151f,0f,0f,0f,1f],start_interpolation: 0,interpolation_duration: 1}
$data merge entity $(bone_l) {transformation: [-0.5893f,-0.2207f,-0.7525f,-0.0957f,-0.0251f,0.7032f,-0.347f,1.6318f,0.8076f,-0.1392f,-0.5598f,0.1856f,0f,0f,0f,1f],start_interpolation: 0,interpolation_duration: 1}
$data merge entity $(bone_r) {transformation: [-0.601f,-0.2022f,-0.7525f,0.0532f,0.0138f,0.7033f,-0.347f,1.6332f,0.7993f,-0.1642f,-0.5598f,-0.0153f,0f,0f,0f,1f],start_interpolation: 0,interpolation_duration: 1}
$data merge entity $(bone_sad) {transformation: [-0.9564f,-0.1606f,-0.7597f,-0.103f,-0.009f,0.5343f,-0.3503f,1.5361f,1.2911f,-0.1152f,-0.5652f,0.2268f,0f,0f,0f,1f],start_interpolation: 0,interpolation_duration: 1}
$data merge entity $(bone_head) {transformation: [-0.5953f,-0.2819f,-0.7525f,-0.1539f,-0.0056f,0.9379f,-0.347f,1.3435f,0.8036f,-0.2023f,-0.5598f,-0.0151f,0f,0f,0f,1f],start_interpolation: 0,interpolation_duration: 1}
$data merge entity $(bone_6) {transformation: [-0.5809f,-0.0061f,-0.814f,0.0166f,-0.1356f,0.9867f,0.0895f,0.4023f,0.8026f,0.1624f,-0.574f,-0.0984f,0f,0f,0f,1f],start_interpolation: 0,interpolation_duration: 1}
$data merge entity $(bone_12) {transformation: [-0.5809f,-0.4724f,-0.6629f,-0.1606f,-0.1356f,0.8592f,-0.4934f,0.7245f,0.8026f,-0.1967f,-0.5631f,-0.1722f,0f,0f,0f,1f],start_interpolation: 0,interpolation_duration: 1}
$data merge entity $(bone_10) {transformation: [-0.5952f,-0.1057f,-0.7966f,-0.2533f,-0.0056f,0.9918f,-0.1275f,1.0324f,0.8035f,-0.0714f,-0.591f,-0.0909f,0f,0f,0f,1f],start_interpolation: 0,interpolation_duration: 1}
$data merge entity $(bone_9) {transformation: [-0.5952f,0.3061f,-0.743f,-0.1385f,-0.0056f,0.923f,0.3847f,1.3786f,0.8035f,0.2332f,-0.5477f,-0.0035f,0f,0f,0f,1f],start_interpolation: 0,interpolation_duration: 1}
$data merge entity $(item_display_item_display) {transformation: [0.3159f,0.6338f,-0.2233f,-0.0034f,-0.463f,0.3841f,0.4352f,0.9974f,0.487f,-0.0459f,0.5586f,0.5557f,0f,0f,0f,1f],start_interpolation: 0,interpolation_duration: 1}
$data merge entity $(bone_2) {transformation: [0.2977f,-0.423f,0.8441f,-0.3729f,-0.5803f,0.6162f,0.5134f,0.991f,-0.7448f,-0.6492f,-0.0626f,0.413f,0f,0f,0f,1f],start_interpolation: 0,interpolation_duration: 1}
$data merge entity $(bone_1) {transformation: [0.2977f,0.055f,0.9426f,-0.3481f,-0.5803f,0.7903f,0.1372f,1.2635f,-0.7448f,-0.5938f,0.2699f,0.2105f,0f,0f,0f,1f],start_interpolation: 0,interpolation_duration: 1}
$data merge entity $(bone_4) {transformation: [-0.4531f,-0.8264f,0.3342f,0.3177f,-0.4742f,-0.0941f,-0.8754f,1.1434f,0.7549f,-0.5551f,-0.3493f,-0.2392f,0f,0f,0f,1f],start_interpolation: 0,interpolation_duration: 1}
$data merge entity $(bone_3) {transformation: [-0.4531f,-0.8902f,-0.0469f,-0.0161f,-0.4742f,0.2852f,-0.8329f,1.2504f,0.7549f,-0.3551f,-0.5514f,-0.3723f,0f,0f,0f,1f],start_interpolation: 0,interpolation_duration: 1}
$data merge entity $(bone_8) {transformation: [-0.6678f,0.5386f,-0.5138f,-0.2784f,0.1784f,0.7859f,0.5921f,0.408f,0.7227f,0.3037f,-0.6209f,0.1277f,0f,0f,0f,1f],start_interpolation: 0,interpolation_duration: 1}
$data merge entity $(bone_7) {transformation: [-0.6678f,0.083f,-0.7397f,-0.2825f,0.1784f,0.9826f,-0.0508f,0.713f,0.7227f,-0.1659f,-0.671f,0.0486f,0f,0f,0f,1f],start_interpolation: 0,interpolation_duration: 1}
data modify entity @s data merge value {"cameras":{"camera":{"posx":0.22403925619834697,"posy":1.5251629413974455,"posz":1.3741186138241923,"roty":160.197673203125,"rotx":0}},"locators":{}}