# This file was generated by Animated Java via MC-Build. It is not recommended to edit this file directly.
$data merge entity $(bone_layer) {transformation: [-0.5977f,-0.2947f,-0.7457f,-0.1582f,-0.0058f,0.9316f,-0.3635f,1.3448f,0.8019f,-0.2129f,-0.5584f,-0.0169f,0f,0f,0f,1f],start_interpolation: 0,interpolation_duration: 1}
$data merge entity $(bone_l_1) {transformation: [-0.5977f,-0.2947f,-0.7457f,-0.0904f,-0.0058f,0.9316f,-0.3635f,1.5737f,0.8019f,-0.2129f,-0.5584f,0.1717f,0f,0f,0f,1f],start_interpolation: 0,interpolation_duration: 1}
$data merge entity $(bone_eye_l) {transformation: [-0.5977f,-0.2947f,-0.7457f,-0.1652f,-0.0058f,0.9316f,-0.3635f,1.3414f,0.8019f,-0.2129f,-0.5584f,-0.0221f,0f,0f,0f,1f],start_interpolation: 0,interpolation_duration: 1}
$data merge entity $(bone_r_1) {transformation: [-0.5977f,-0.2947f,-0.7457f,0.0404f,-0.0058f,0.9316f,-0.3635f,1.5749f,0.8019f,-0.2129f,-0.5584f,-0.0037f,0f,0f,0f,1f],start_interpolation: 0,interpolation_duration: 1}
$data merge entity $(bone_eye_r) {transformation: [-0.5977f,-0.2947f,-0.7457f,0.0533f,-0.0058f,0.9316f,-0.3635f,1.5466f,0.8019f,-0.2129f,-0.5584f,-0.0137f,0f,0f,0f,1f],start_interpolation: 0,interpolation_duration: 1}
$data merge entity $(bone_eyes_down) {transformation: [-0.5977f,-0.2947f,-0.7457f,-0.1858f,-0.0058f,0.9316f,-0.3635f,1.4321f,0.8019f,-0.2129f,-0.5584f,-0.0369f,0f,0f,0f,1f],start_interpolation: 0,interpolation_duration: 1}
$data merge entity $(bone_eyes_up) {transformation: [-0.5977f,-0.2947f,-0.7457f,-0.2241f,-0.0058f,0.9316f,-0.3635f,1.5517f,0.8019f,-0.2129f,-0.5584f,-0.0646f,0f,0f,0f,1f],start_interpolation: 0,interpolation_duration: 1}
$data merge entity $(bone_bone) {transformation: [-0.5977f,-0.2947f,-0.7457f,-0.1582f,-0.0058f,0.9316f,-0.3635f,1.3448f,0.8019f,-0.2129f,-0.5584f,-0.0169f,0f,0f,0f,1f],start_interpolation: 0,interpolation_duration: 1}
$data merge entity $(bone_l) {transformation: [-0.5908f,-0.2312f,-0.7457f,-0.1047f,-0.0271f,0.6984f,-0.3635f,1.6362f,0.8065f,-0.1459f,-0.5584f,0.1809f,0f,0f,0f,1f],start_interpolation: 0,interpolation_duration: 1}
$data merge entity $(bone_r) {transformation: [-0.6043f,-0.2107f,-0.7457f,0.0447f,0.0155f,0.6986f,-0.3635f,1.6377f,0.7968f,-0.1734f,-0.5584f,-0.0195f,0f,0f,0f,1f],start_interpolation: 0,interpolation_duration: 1}
$data merge entity $(bone_sad) {transformation: [-0.9592f,-0.1712f,-0.749f,-0.1105f,-0.0093f,0.5412f,-0.3651f,1.5399f,1.2869f,-0.1237f,-0.5609f,0.2234f,0f,0f,0f,1f],start_interpolation: 0,interpolation_duration: 1}
$data merge entity $(bone_head) {transformation: [-0.5977f,-0.2947f,-0.7457f,-0.1582f,-0.0058f,0.9316f,-0.3635f,1.3448f,0.8019f,-0.2129f,-0.5584f,-0.0169f,0f,0f,0f,1f],start_interpolation: 0,interpolation_duration: 1}
$data merge entity $(bone_6) {transformation: [-0.5828f,-0.0101f,-0.8126f,0.016f,-0.1358f,0.9871f,0.0851f,0.404f,0.8012f,0.1599f,-0.5766f,-0.0973f,0f,0f,0f,1f],start_interpolation: 0,interpolation_duration: 1}
$data merge entity $(bone_12) {transformation: [-0.5828f,-0.4749f,-0.6594f,-0.1621f,-0.1358f,0.8569f,-0.4972f,0.7253f,0.8012f,-0.2003f,-0.5639f,-0.1724f,0f,0f,0f,1f],start_interpolation: 0,interpolation_duration: 1}
$data merge entity $(bone_10) {transformation: [-0.5976f,-0.1092f,-0.7943f,-0.2562f,-0.0058f,0.9913f,-0.1319f,1.0331f,0.8018f,-0.0742f,-0.593f,-0.0922f,0f,0f,0f,1f],start_interpolation: 0,interpolation_duration: 1}
$data merge entity $(bone_9) {transformation: [-0.5976f,0.302f,-0.7428f,-0.1429f,-0.0058f,0.9247f,0.3806f,1.3799f,0.8018f,0.2317f,-0.5509f,-0.0053f,0f,0f,0f,1f],start_interpolation: 0,interpolation_duration: 1}
$data merge entity $(item_display_item_display) {transformation: [0.3166f,0.6322f,-0.2266f,-0.0077f,-0.4606f,0.3867f,0.4354f,1.0007f,0.4887f,-0.0451f,0.5571f,0.555f,0f,0f,0f,1f],start_interpolation: 0,interpolation_duration: 1}
$data merge entity $(bone_2) {transformation: [0.3021f,-0.4241f,0.842f,-0.3768f,-0.5805f,0.613f,0.517f,0.9924f,-0.7429f,-0.6515f,-0.0616f,0.4113f,0f,0f,0f,1f],start_interpolation: 0,interpolation_duration: 1}
$data merge entity $(bone_1) {transformation: [0.3021f,0.0529f,0.9413f,-0.3527f,-0.5805f,0.7893f,0.142f,1.2646f,-0.7429f,-0.5953f,0.2719f,0.2084f,0f,0f,0f,1f],start_interpolation: 0,interpolation_duration: 1}
$data merge entity $(bone_4) {transformation: [-0.4536f,-0.8284f,0.3286f,0.315f,-0.474f,-0.088f,-0.8761f,1.1487f,0.7547f,-0.5531f,-0.3528f,-0.2371f,0f,0f,0f,1f],start_interpolation: 0,interpolation_duration: 1}
$data merge entity $(bone_3) {transformation: [-0.4536f,-0.8906f,-0.0343f,-0.019f,-0.474f,0.2736f,-0.8369f,1.2513f,0.7547f,-0.3634f,-0.5462f,-0.3734f,0f,0f,0f,1f],start_interpolation: 0,interpolation_duration: 1}
$data merge entity $(bone_8) {transformation: [-0.6706f,0.5348f,-0.5141f,-0.2796f,0.1777f,0.7887f,0.5886f,0.4092f,0.7202f,0.3033f,-0.6239f,0.1279f,0f,0f,0f,1f],start_interpolation: 0,interpolation_duration: 1}
$data merge entity $(bone_7) {transformation: [-0.6706f,0.0799f,-0.7375f,-0.2846f,0.1777f,0.9825f,-0.0552f,0.714f,0.7202f,-0.1681f,-0.6731f,0.048f,0f,0f,0f,1f],start_interpolation: 0,interpolation_duration: 1}
data modify entity @s data merge value {"cameras":{"camera1":{"px":0.22509794918885812,"py":1.5278981620613852,"pz":1.363572501878287,"ry":159.805935,"rx":0}},"locators":{}}