# This file was generated by Animated Java via MC-Build. It is not recommended to edit this file directly.
$data merge entity $(bone_layer) {transformation: [-0.5997f,-0.3058f,-0.7395f,-0.1619f,-0.0059f,0.9258f,-0.3781f,1.3459f,0.8003f,-0.2223f,-0.557f,-0.0185f,0f,0f,0f,1f],start_interpolation: 0,interpolation_duration: 1}
$data merge entity $(bone_l_1) {transformation: [-0.5997f,-0.3058f,-0.7395f,-0.0976f,-0.0059f,0.9258f,-0.3781f,1.5774f,0.8003f,-0.2223f,-0.557f,0.1681f,0f,0f,0f,1f],start_interpolation: 0,interpolation_duration: 1}
$data merge entity $(bone_eye_l) {transformation: [-0.5997f,-0.3058f,-0.7395f,-0.1689f,-0.0059f,0.9258f,-0.3781f,1.3423f,0.8003f,-0.2223f,-0.557f,-0.0237f,0f,0f,0f,1f],start_interpolation: 0,interpolation_duration: 1}
$data merge entity $(bone_r_1) {transformation: [-0.5997f,-0.3058f,-0.7395f,0.0336f,-0.0059f,0.9258f,-0.3781f,1.5787f,0.8003f,-0.2223f,-0.557f,-0.0069f,0f,0f,0f,1f],start_interpolation: 0,interpolation_duration: 1}
$data merge entity $(bone_eye_r) {transformation: [-0.5997f,-0.3058f,-0.7395f,0.047f,-0.0059f,0.9258f,-0.3781f,1.5503f,0.8003f,-0.2223f,-0.557f,-0.0167f,0f,0f,0f,1f],start_interpolation: 0,interpolation_duration: 1}
$data merge entity $(bone_eyes_down) {transformation: [-0.5997f,-0.3058f,-0.7395f,-0.1906f,-0.0059f,0.9258f,-0.3781f,1.4327f,0.8003f,-0.2223f,-0.557f,-0.0393f,0f,0f,0f,1f],start_interpolation: 0,interpolation_duration: 1}
$data merge entity $(bone_eyes_up) {transformation: [-0.5997f,-0.3058f,-0.7395f,-0.2305f,-0.0059f,0.9258f,-0.3781f,1.5518f,0.8003f,-0.2223f,-0.557f,-0.0684f,0f,0f,0f,1f],start_interpolation: 0,interpolation_duration: 1}
$data merge entity $(bone_bone) {transformation: [-0.5997f,-0.3058f,-0.7395f,-0.1619f,-0.0059f,0.9258f,-0.3781f,1.3459f,0.8003f,-0.2223f,-0.557f,-0.0185f,0f,0f,0f,1f],start_interpolation: 0,interpolation_duration: 1}
$data merge entity $(bone_l) {transformation: [-0.5919f,-0.2406f,-0.7395f,-0.1128f,-0.0292f,0.694f,-0.3781f,1.64f,0.8056f,-0.1516f,-0.557f,0.1767f,0f,0f,0f,1f],start_interpolation: 0,interpolation_duration: 1}
$data merge entity $(bone_r) {transformation: [-0.6072f,-0.218f,-0.7395f,0.0371f,0.0173f,0.6942f,-0.3781f,1.6415f,0.7945f,-0.1817f,-0.557f,-0.0234f,0f,0f,0f,1f],start_interpolation: 0,interpolation_duration: 1}
$data merge entity $(bone_sad) {transformation: [-0.9612f,-0.1808f,-0.7404f,-0.1173f,-0.0095f,0.5472f,-0.3785f,1.5433f,1.2827f,-0.1314f,-0.5576f,0.2202f,0f,0f,0f,1f],start_interpolation: 0,interpolation_duration: 1}
$data merge entity $(bone_head) {transformation: [-0.5997f,-0.3058f,-0.7395f,-0.1619f,-0.0059f,0.9258f,-0.3781f,1.3459f,0.8003f,-0.2223f,-0.557f,-0.0185f,0f,0f,0f,1f],start_interpolation: 0,interpolation_duration: 1}
$data merge entity $(bone_6) {transformation: [-0.5844f,-0.0136f,-0.8113f,0.0155f,-0.1359f,0.9874f,0.0813f,0.4055f,0.8f,0.1577f,-0.5789f,-0.0964f,0f,0f,0f,1f],start_interpolation: 0,interpolation_duration: 1}
$data merge entity $(bone_12) {transformation: [-0.5844f,-0.4772f,-0.6563f,-0.1635f,-0.1359f,0.8549f,-0.5006f,0.7261f,0.8f,-0.2034f,-0.5645f,-0.1726f,0f,0f,0f,1f],start_interpolation: 0,interpolation_duration: 1}
$data merge entity $(bone_10) {transformation: [-0.5997f,-0.1122f,-0.7923f,-0.2587f,-0.0059f,0.9907f,-0.1357f,1.0338f,0.8002f,-0.0767f,-0.5948f,-0.0933f,0f,0f,0f,1f],start_interpolation: 0,interpolation_duration: 1}
$data merge entity $(bone_9) {transformation: [-0.5997f,0.2983f,-0.7425f,-0.1469f,-0.0059f,0.9262f,0.3769f,1.3811f,0.8002f,0.2304f,-0.5537f,-0.0069f,0f,0f,0f,1f],start_interpolation: 0,interpolation_duration: 1}
$data merge entity $(item_display_item_display) {transformation: [0.3173f,0.6308f,-0.2295f,-0.0115f,-0.4586f,0.3891f,0.4354f,1.0037f,0.4902f,-0.0444f,0.5559f,0.5542f,0f,0f,0f,1f],start_interpolation: 0,interpolation_duration: 1}
$data merge entity $(bone_2) {transformation: [0.306f,-0.4251f,0.8401f,-0.3803f,-0.5806f,0.6102f,0.5203f,0.9936f,-0.7412f,-0.6535f,-0.0607f,0.4098f,0f,0f,0f,1f],start_interpolation: 0,interpolation_duration: 1}
$data merge entity $(bone_1) {transformation: [0.306f,0.051f,0.9401f,-0.3569f,-0.5806f,0.7884f,0.1462f,1.2656f,-0.7412f,-0.5965f,0.2736f,0.2065f,0f,0f,0f,1f],start_interpolation: 0,interpolation_duration: 1}
$data merge entity $(bone_4) {transformation: [-0.454f,-0.8296f,0.325f,0.3124f,-0.4738f,-0.0842f,-0.8766f,1.1535f,0.7546f,-0.552f,-0.3548f,-0.2351f,0f,0f,0f,1f],start_interpolation: 0,interpolation_duration: 1}
$data merge entity $(bone_3) {transformation: [-0.454f,-0.8907f,-0.023f,-0.0216f,-0.4738f,0.2632f,-0.8404f,1.2522f,0.7546f,-0.3707f,-0.5415f,-0.3742f,0f,0f,0f,1f],start_interpolation: 0,interpolation_duration: 1}
$data merge entity $(bone_8) {transformation: [-0.673f,0.5314f,-0.5144f,-0.2807f,0.1771f,0.7911f,0.5855f,0.4102f,0.7181f,0.303f,-0.6265f,0.128f,0f,0f,0f,1f],start_interpolation: 0,interpolation_duration: 1}
$data merge entity $(bone_7) {transformation: [-0.673f,0.0771f,-0.7356f,-0.2865f,0.1771f,0.9824f,-0.059f,0.7148f,0.7181f,-0.17f,-0.6749f,0.0475f,0f,0f,0f,1f],start_interpolation: 0,interpolation_duration: 1}
data modify entity @s data merge value {"cameras":{"camera1":{"px":0.22605792776247305,"py":1.5304268755043549,"pz":1.3536453376742634,"ry":159.42473992187502,"rx":0}},"locators":{}}