# This file was generated by Animated Java via MC-Build. It is not recommended to edit this file directly.
$data merge entity $(bone_layer) {transformation: [-0.5068f,0.2218f,-0.8331f,-0.0067f,-0.0003f,0.9663f,0.2574f,1.2863f,0.8622f,0.1307f,-0.4896f,0.0293f,0f,0f,0f,1f],start_interpolation: 0,interpolation_duration: 1}
$data merge entity $(bone_l_1) {transformation: [-0.5068f,0.2218f,-0.8331f,0.171f,-0.0003f,0.9663f,0.2574f,1.3727f,0.8622f,0.1307f,-0.4896f,0.2607f,0f,0f,0f,1f],start_interpolation: 0,interpolation_duration: 1}
$data merge entity $(bone_eye_l) {transformation: [-0.5068f,0.2218f,-0.8331f,-0.0145f,-0.0003f,0.9663f,0.2574f,1.2888f,0.8622f,0.1307f,-0.4896f,0.0248f,0f,0f,0f,1f],start_interpolation: 0,interpolation_duration: 1}
$data merge entity $(bone_r_1) {transformation: [-0.5068f,0.2218f,-0.8331f,0.2819f,-0.0003f,0.9663f,0.2574f,1.3728f,0.8622f,0.1307f,-0.4896f,0.0721f,0f,0f,0f,1f],start_interpolation: 0,interpolation_duration: 1}
$data merge entity $(bone_eye_r) {transformation: [-0.5068f,0.2218f,-0.8331f,0.2784f,-0.0003f,0.9663f,0.2574f,1.3472f,0.8622f,0.1307f,-0.4896f,0.0519f,0f,0f,0f,1f],start_interpolation: 0,interpolation_duration: 1}
$data merge entity $(bone_eyes_down) {transformation: [-0.5068f,0.2218f,-0.8331f,0.0141f,-0.0003f,0.9663f,0.2574f,1.3769f,0.8622f,0.1307f,-0.4896f,0.0416f,0f,0f,0f,1f],start_interpolation: 0,interpolation_duration: 1}
$data merge entity $(bone_eyes_up) {transformation: [-0.5068f,0.2218f,-0.8331f,0.0289f,-0.0003f,0.9663f,0.2574f,1.4438f,0.8622f,0.1307f,-0.4896f,0.0503f,0f,0f,0f,1f],start_interpolation: 0,interpolation_duration: 1}
$data merge entity $(bone_bone) {transformation: [-0.5068f,0.2218f,-0.8331f,-0.0067f,-0.0003f,0.9663f,0.2574f,1.2863f,0.8622f,0.1307f,-0.4896f,0.0293f,0f,0f,0f,1f],start_interpolation: 0,interpolation_duration: 1}
$data merge entity $(bone_l) {transformation: [-0.5068f,0.1663f,-0.8331f,0.181f,-0.0003f,0.7247f,0.2574f,1.3836f,0.8622f,0.098f,-0.4896f,0.2847f,0f,0f,0f,1f],start_interpolation: 0,interpolation_duration: 1}
$data merge entity $(bone_r) {transformation: [-0.5068f,0.1663f,-0.8331f,0.3076f,-0.0003f,0.7247f,0.2574f,1.3837f,0.8622f,0.098f,-0.4896f,0.0691f,0f,0f,0f,1f],start_interpolation: 0,interpolation_duration: 1}
$data merge entity $(bone_sad) {transformation: [-0.8109f,0.0151f,-0.2149f,0.1393f,-0.0005f,0.0657f,0.0664f,1.347f,1.3795f,0.0089f,-0.1263f,0.3044f,0f,0f,0f,1f],start_interpolation: 0,interpolation_duration: 1}
$data merge entity $(bone_head) {transformation: [-0.5068f,0.2218f,-0.8331f,-0.0067f,-0.0003f,0.9663f,0.2574f,1.2863f,0.8622f,0.1307f,-0.4896f,0.0293f,0f,0f,0f,1f],start_interpolation: 0,interpolation_duration: 1}
$data merge entity $(bone_6) {transformation: [-0.5109f,0.1475f,-0.8469f,0.0214f,-0.1305f,0.9605f,0.246f,0.3423f,0.8497f,0.2362f,-0.4714f,-0.1437f,0f,0f,0f,1f],start_interpolation: 0,interpolation_duration: 1}
$data merge entity $(bone_12) {transformation: [-0.5109f,-0.365f,-0.7783f,-0.1155f,-0.1305f,0.9278f,-0.3494f,0.6903f,0.8497f,-0.077f,-0.5216f,-0.1726f,0f,0f,0f,1f],start_interpolation: 0,interpolation_duration: 1}
$data merge entity $(bone_10) {transformation: [-0.5067f,0.0273f,-0.8617f,-0.1559f,-0.0003f,0.9995f,0.0319f,0.9993f,0.8621f,0.0164f,-0.5065f,-0.0585f,0f,0f,0f,1f],start_interpolation: 0,interpolation_duration: 1}
$data merge entity $(bone_9) {transformation: [-0.5067f,0.4545f,-0.7326f,0.0146f,-0.0003f,0.8497f,0.5273f,1.3179f,0.8621f,0.2675f,-0.4304f,0.0418f,0f,0f,0f,1f],start_interpolation: 0,interpolation_duration: 1}
$data merge entity $(item_display_item_display) {transformation: [0.2878f,0.6768f,-0.1021f,0.1444f,-0.5411f,0.2928f,0.4157f,0.8722f,0.4192f,-0.0867f,0.6067f,0.5573f,0f,0f,0f,1f],start_interpolation: 0,interpolation_duration: 1}
$data merge entity $(bone_2) {transformation: [0.1361f,-0.3837f,0.9024f,-0.2335f,-0.5543f,0.7214f,0.3904f,0.9306f,-0.8089f,-0.5589f,-0.1156f,0.4537f,0f,0f,0f,1f],start_interpolation: 0,interpolation_duration: 1}
$data merge entity $(bone_1) {transformation: [0.1361f,0.1189f,0.9734f,-0.1866f,-0.5543f,0.82f,-0.0226f,1.2123f,-0.8089f,-0.5419f,0.1793f,0.2685f,0f,0f,0f,1f],start_interpolation: 0,interpolation_duration: 1}
$data merge entity $(bone_4) {transformation: [-0.4371f,-0.8306f,0.345f,0.2794f,-0.4772f,-0.111f,-0.8718f,0.9232f,0.7624f,-0.5456f,-0.3478f,-0.3577f,0f,0f,0f,1f],start_interpolation: 0,interpolation_duration: 1}
$data merge entity $(bone_3) {transformation: [-0.4371f,-0.5652f,-0.6997f,0.0675f,-0.4772f,0.8051f,-0.3523f,1.2251f,0.7624f,0.1799f,-0.6216f,-0.2902f,0f,0f,0f,1f],start_interpolation: 0,interpolation_duration: 1}
$data merge entity $(bone_8) {transformation: [-0.5604f,0.6716f,-0.4847f,-0.2459f,0.199f,0.6772f,0.7084f,0.3662f,0.804f,0.3005f,-0.5132f,0.1138f,0f,0f,0f,1f],start_interpolation: 0,interpolation_duration: 1}
$data merge entity $(bone_7) {transformation: [-0.5604f,0.203f,-0.803f,-0.2151f,0.199f,0.9741f,0.1073f,0.6749f,0.804f,-0.0996f,-0.5863f,0.0589f,0f,0f,0f,1f],start_interpolation: 0,interpolation_duration: 1}
data modify entity @s data merge value {"cameras":{"camera1":{"px":0.18990702479338822,"py":1.443280897821187,"pz":1.6668101990984223,"ry":169.375421328125,"rx":0}},"locators":{}}