# This file was generated by Animated Java via MC-Build. It is not recommended to edit this file directly.
$data merge entity $(bone_layer) {transformation: [-0.6015f,-0.3154f,-0.734f,-0.1652f,-0.0061f,0.9205f,-0.3906f,1.3468f,0.799f,-0.2305f,-0.5556f,-0.0199f,0f,0f,0f,1f],start_interpolation: 0,interpolation_duration: 1}
$data merge entity $(bone_l_1) {transformation: [-0.6015f,-0.3154f,-0.734f,-0.1039f,-0.0061f,0.9205f,-0.3906f,1.5805f,0.799f,-0.2305f,-0.5556f,0.165f,0f,0f,0f,1f],start_interpolation: 0,interpolation_duration: 1}
$data merge entity $(bone_eye_l) {transformation: [-0.6015f,-0.3154f,-0.734f,-0.1721f,-0.0061f,0.9205f,-0.3906f,1.3431f,0.799f,-0.2305f,-0.5556f,-0.0251f,0f,0f,0f,1f],start_interpolation: 0,interpolation_duration: 1}
$data merge entity $(bone_r_1) {transformation: [-0.6015f,-0.3154f,-0.734f,0.0277f,-0.0061f,0.9205f,-0.3906f,1.5818f,0.799f,-0.2305f,-0.5556f,-0.0098f,0f,0f,0f,1f],start_interpolation: 0,interpolation_duration: 1}
$data merge entity $(bone_eye_r) {transformation: [-0.6015f,-0.3154f,-0.734f,0.0414f,-0.0061f,0.9205f,-0.3906f,1.5536f,0.799f,-0.2305f,-0.5556f,-0.0192f,0f,0f,0f,1f],start_interpolation: 0,interpolation_duration: 1}
$data merge entity $(bone_eyes_down) {transformation: [-0.6015f,-0.3154f,-0.734f,-0.1948f,-0.0061f,0.9205f,-0.3906f,1.4331f,0.799f,-0.2305f,-0.5556f,-0.0415f,0f,0f,0f,1f],start_interpolation: 0,interpolation_duration: 1}
$data merge entity $(bone_eyes_up) {transformation: [-0.6015f,-0.3154f,-0.734f,-0.2361f,-0.0061f,0.9205f,-0.3906f,1.5519f,0.799f,-0.2305f,-0.5556f,-0.0717f,0f,0f,0f,1f],start_interpolation: 0,interpolation_duration: 1}
$data merge entity $(bone_bone) {transformation: [-0.6015f,-0.3154f,-0.734f,-0.1652f,-0.0061f,0.9205f,-0.3906f,1.3468f,0.799f,-0.2305f,-0.5556f,-0.0199f,0f,0f,0f,1f],start_interpolation: 0,interpolation_duration: 1}
$data merge entity $(bone_l) {transformation: [-0.5927f,-0.2488f,-0.734f,-0.1199f,-0.0311f,0.69f,-0.3906f,1.6433f,0.8049f,-0.1565f,-0.5556f,0.173f,0f,0f,0f,1f],start_interpolation: 0,interpolation_duration: 1}
$data merge entity $(bone_r) {transformation: [-0.6099f,-0.2242f,-0.734f,0.0305f,0.019f,0.6903f,-0.3906f,1.6448f,0.7924f,-0.1891f,-0.5556f,-0.0268f,0f,0f,0f,1f],start_interpolation: 0,interpolation_duration: 1}
$data merge entity $(bone_sad) {transformation: [-0.9624f,-0.1892f,-0.734f,-0.1232f,-0.0097f,0.5523f,-0.3906f,1.5462f,1.2783f,-0.1383f,-0.5556f,0.2175f,0f,0f,0f,1f],start_interpolation: 0,interpolation_duration: 1}
$data merge entity $(bone_head) {transformation: [-0.6015f,-0.3154f,-0.734f,-0.1652f,-0.0061f,0.9205f,-0.3906f,1.3468f,0.799f,-0.2305f,-0.5556f,-0.0199f,0f,0f,0f,1f],start_interpolation: 0,interpolation_duration: 1}
$data merge entity $(bone_6) {transformation: [-0.5859f,-0.0167f,-0.8102f,0.0149f,-0.1359f,0.9876f,0.078f,0.4068f,0.7989f,0.1558f,-0.5809f,-0.0956f,0f,0f,0f,1f],start_interpolation: 0,interpolation_duration: 1}
$data merge entity $(bone_12) {transformation: [-0.5859f,-0.4791f,-0.6537f,-0.1647f,-0.1359f,0.8532f,-0.5035f,0.7267f,0.7989f,-0.2061f,-0.565f,-0.1729f,0f,0f,0f,1f],start_interpolation: 0,interpolation_duration: 1}
$data merge entity $(bone_10) {transformation: [-0.6015f,-0.1147f,-0.7906f,-0.261f,-0.0061f,0.9903f,-0.139f,1.0343f,0.7989f,-0.0788f,-0.5963f,-0.0944f,0f,0f,0f,1f],start_interpolation: 0,interpolation_duration: 1}
$data merge entity $(bone_9) {transformation: [-0.6015f,0.2952f,-0.7423f,-0.1503f,-0.0061f,0.9275f,0.3738f,1.3821f,0.7989f,0.2293f,-0.5561f,-0.0084f,0f,0f,0f,1f],start_interpolation: 0,interpolation_duration: 1}
$data merge entity $(item_display_item_display) {transformation: [0.318f,0.6296f,-0.232f,-0.0147f,-0.4568f,0.3912f,0.4354f,1.0062f,0.4914f,-0.0438f,0.5549f,0.5535f,0f,0f,0f,1f],start_interpolation: 0,interpolation_duration: 1}
$data merge entity $(bone_2) {transformation: [0.3093f,-0.4261f,0.8384f,-0.3832f,-0.5806f,0.6078f,0.5231f,0.9947f,-0.7398f,-0.6551f,-0.06f,0.4085f,0f,0f,0f,1f],start_interpolation: 0,interpolation_duration: 1}
$data merge entity $(bone_1) {transformation: [0.3093f,0.0492f,0.9392f,-0.3604f,-0.5806f,0.7878f,0.1499f,1.2664f,-0.7398f,-0.5976f,0.275f,0.2048f,0f,0f,0f,1f],start_interpolation: 0,interpolation_duration: 1}
$data merge entity $(bone_4) {transformation: [-0.4544f,-0.83f,0.3233f,0.31f,-0.4736f,-0.0823f,-0.8769f,1.1577f,0.7545f,-0.5516f,-0.3557f,-0.2334f,0f,0f,0f,1f],start_interpolation: 0,interpolation_duration: 1}
$data merge entity $(bone_3) {transformation: [-0.4544f,-0.8907f,-0.0131f,-0.024f,-0.4736f,0.254f,-0.8433f,1.2529f,0.7545f,-0.3771f,-0.5372f,-0.3747f,0f,0f,0f,1f],start_interpolation: 0,interpolation_duration: 1}
$data merge entity $(bone_8) {transformation: [-0.6751f,0.5285f,-0.5147f,-0.2818f,0.1765f,0.7932f,0.5829f,0.4111f,0.7163f,0.3027f,-0.6288f,0.1281f,0f,0f,0f,1f],start_interpolation: 0,interpolation_duration: 1}
$data merge entity $(bone_7) {transformation: [-0.6751f,0.0748f,-0.7339f,-0.2882f,0.1765f,0.9823f,-0.0623f,0.7155f,0.7163f,-0.1716f,-0.6764f,0.047f,0f,0f,0f,1f],start_interpolation: 0,interpolation_duration: 1}
data modify entity @s data merge value {"cameras":{"camera":{"posx":0.22691115702479323,"posy":1.5327314988730278,"posz":1.3443933132982722,"roty":159.055390625,"rotx":0}},"locators":{}}