# This file was generated by Animated Java via MC-Build. It is not recommended to edit this file directly.
$data merge entity $(bone_layer) {transformation: [-0.6022f,-0.3228f,-0.7303f,-0.1667f,-0.0061f,0.9165f,-0.4f,1.3471f,0.7985f,-0.2364f,-0.5538f,-0.0205f,0f,0f,0f,1f],start_interpolation: 0,interpolation_duration: 1}
$data merge entity $(bone_l_1) {transformation: [-0.6022f,-0.3228f,-0.7303f,-0.1074f,-0.0061f,0.9165f,-0.4f,1.5824f,0.7985f,-0.2364f,-0.5538f,0.163f,0f,0f,0f,1f],start_interpolation: 0,interpolation_duration: 1}
$data merge entity $(bone_eye_l) {transformation: [-0.6022f,-0.3228f,-0.7303f,-0.1736f,-0.0061f,0.9165f,-0.4f,1.3434f,0.7985f,-0.2364f,-0.5538f,-0.0257f,0f,0f,0f,1f],start_interpolation: 0,interpolation_duration: 1}
$data merge entity $(bone_r_1) {transformation: [-0.6022f,-0.3228f,-0.7303f,0.0243f,-0.0061f,0.9165f,-0.4f,1.5838f,0.7985f,-0.2364f,-0.5538f,-0.0117f,0f,0f,0f,1f],start_interpolation: 0,interpolation_duration: 1}
$data merge entity $(bone_eye_r) {transformation: [-0.6022f,-0.3228f,-0.7303f,0.0382f,-0.0061f,0.9165f,-0.4f,1.5556f,0.7985f,-0.2364f,-0.5538f,-0.021f,0f,0f,0f,1f],start_interpolation: 0,interpolation_duration: 1}
$data merge entity $(bone_eyes_down) {transformation: [-0.6022f,-0.3228f,-0.7303f,-0.197f,-0.0061f,0.9165f,-0.4f,1.4331f,0.7985f,-0.2364f,-0.5538f,-0.0427f,0f,0f,0f,1f],start_interpolation: 0,interpolation_duration: 1}
$data merge entity $(bone_eyes_up) {transformation: [-0.6022f,-0.3228f,-0.7303f,-0.2393f,-0.0061f,0.9165f,-0.4f,1.5517f,0.7985f,-0.2364f,-0.5538f,-0.0737f,0f,0f,0f,1f],start_interpolation: 0,interpolation_duration: 1}
$data merge entity $(bone_bone) {transformation: [-0.6022f,-0.3228f,-0.7303f,-0.1667f,-0.0061f,0.9165f,-0.4f,1.3471f,0.7985f,-0.2364f,-0.5538f,-0.0205f,0f,0f,0f,1f],start_interpolation: 0,interpolation_duration: 1}
$data merge entity $(bone_l) {transformation: [-0.5924f,-0.2552f,-0.7303f,-0.1241f,-0.033f,0.6869f,-0.4f,1.6454f,0.8051f,-0.1596f,-0.5538f,0.1705f,0f,0f,0f,1f],start_interpolation: 0,interpolation_duration: 1}
$data merge entity $(bone_r) {transformation: [-0.6114f,-0.2287f,-0.7303f,0.0265f,0.0208f,0.6872f,-0.4f,1.647f,0.7912f,-0.1948f,-0.5538f,-0.0291f,0f,0f,0f,1f],start_interpolation: 0,interpolation_duration: 1}
$data merge entity $(bone_sad) {transformation: [-0.9584f,-0.1982f,-0.7303f,-0.1267f,-0.0097f,0.5628f,-0.4f,1.5483f,1.2709f,-0.1452f,-0.5538f,0.2158f,0f,0f,0f,1f],start_interpolation: 0,interpolation_duration: 1}
$data merge entity $(bone_head) {transformation: [-0.6022f,-0.3228f,-0.7303f,-0.1667f,-0.0061f,0.9165f,-0.4f,1.3471f,0.7985f,-0.2364f,-0.5538f,-0.0205f,0f,0f,0f,1f],start_interpolation: 0,interpolation_duration: 1}
$data merge entity $(bone_6) {transformation: [-0.5864f,-0.0178f,-0.8098f,0.0145f,-0.136f,0.9877f,0.0768f,0.4072f,0.7985f,0.1551f,-0.5816f,-0.0954f,0f,0f,0f,1f],start_interpolation: 0,interpolation_duration: 1}
$data merge entity $(bone_12) {transformation: [-0.5864f,-0.4798f,-0.6527f,-0.1655f,-0.136f,0.8526f,-0.5046f,0.727f,0.7985f,-0.2071f,-0.5652f,-0.1731f,0f,0f,0f,1f],start_interpolation: 0,interpolation_duration: 1}
$data merge entity $(bone_10) {transformation: [-0.6021f,-0.1157f,-0.79f,-0.2621f,-0.0061f,0.9901f,-0.1403f,1.0345f,0.7984f,-0.0796f,-0.5968f,-0.0948f,0f,0f,0f,1f],start_interpolation: 0,interpolation_duration: 1}
$data merge entity $(bone_9) {transformation: [-0.6021f,0.294f,-0.7423f,-0.1518f,-0.0061f,0.928f,0.3725f,1.3824f,0.7984f,0.2289f,-0.557f,-0.009f,0f,0f,0f,1f],start_interpolation: 0,interpolation_duration: 1}
$data merge entity $(item_display_item_display) {transformation: [0.3186f,0.6289f,-0.2329f,-0.0159f,-0.4562f,0.3922f,0.4351f,1.0072f,0.4916f,-0.0436f,0.5547f,0.5529f,0f,0f,0f,1f],start_interpolation: 0,interpolation_duration: 1}
$data merge entity $(bone_2) {transformation: [0.3106f,-0.427f,0.8374f,-0.3844f,-0.5802f,0.6069f,0.5246f,0.995f,-0.7396f,-0.6553f,-0.0599f,0.4078f,0f,0f,0f,1f],start_interpolation: 0,interpolation_duration: 1}
$data merge entity $(bone_1) {transformation: [0.3106f,0.0479f,0.9388f,-0.362f,-0.5802f,0.7877f,0.1517f,1.2667f,-0.7396f,-0.5978f,0.2752f,0.204f,0f,0f,0f,1f],start_interpolation: 0,interpolation_duration: 1}
$data merge entity $(bone_4) {transformation: [-0.4546f,-0.8306f,0.3216f,0.3088f,-0.4735f,-0.0805f,-0.8771f,1.1605f,0.7544f,-0.551f,-0.3567f,-0.2318f,0f,0f,0f,1f],start_interpolation: 0,interpolation_duration: 1}
$data merge entity $(bone_3) {transformation: [-0.4546f,-0.8907f,-0.006f,-0.0252f,-0.4735f,0.2473f,-0.8454f,1.2533f,0.7544f,-0.3814f,-0.5342f,-0.3748f,0f,0f,0f,1f],start_interpolation: 0,interpolation_duration: 1}
$data merge entity $(bone_8) {transformation: [-0.6759f,0.5273f,-0.5148f,-0.2824f,0.1763f,0.794f,0.5818f,0.4114f,0.7156f,0.3025f,-0.6296f,0.128f,0f,0f,0f,1f],start_interpolation: 0,interpolation_duration: 1}
$data merge entity $(bone_7) {transformation: [-0.6759f,0.0738f,-0.7333f,-0.2891f,0.1763f,0.9823f,-0.0636f,0.7158f,0.7156f,-0.1723f,-0.677f,0.0467f,0f,0f,0f,1f],start_interpolation: 0,interpolation_duration: 1}
data modify entity @s data merge value {"cameras":{"camera":{"posx":0.2276496020814201,"posy":1.5347944493140775,"posz":1.3358726208364637,"roty":158.69918976562502,"rotx":0}},"locators":{}}