# This file was generated by Animated Java via MC-Build. It is not recommended to edit this file directly.
$data merge entity $(bone_layer) {transformation: [-0.6027f,-0.3293f,-0.7269f,-0.1681f,-0.0062f,0.9128f,-0.4085f,1.3475f,0.7981f,-0.2417f,-0.5521f,-0.0212f,0f,0f,0f,1f],start_interpolation: 0,interpolation_duration: 1}
$data merge entity $(bone_l_1) {transformation: [-0.6027f,-0.3293f,-0.7269f,-0.1107f,-0.0062f,0.9128f,-0.4085f,1.5842f,0.7981f,-0.2417f,-0.5521f,0.1611f,0f,0f,0f,1f],start_interpolation: 0,interpolation_duration: 1}
$data merge entity $(bone_eye_l) {transformation: [-0.6027f,-0.3293f,-0.7269f,-0.175f,-0.0062f,0.9128f,-0.4085f,1.3436f,0.7981f,-0.2417f,-0.5521f,-0.0264f,0f,0f,0f,1f],start_interpolation: 0,interpolation_duration: 1}
$data merge entity $(bone_r_1) {transformation: [-0.6027f,-0.3293f,-0.7269f,0.0211f,-0.0062f,0.9128f,-0.4085f,1.5856f,0.7981f,-0.2417f,-0.5521f,-0.0135f,0f,0f,0f,1f],start_interpolation: 0,interpolation_duration: 1}
$data merge entity $(bone_eye_r) {transformation: [-0.6027f,-0.3293f,-0.7269f,0.0352f,-0.0062f,0.9128f,-0.4085f,1.5574f,0.7981f,-0.2417f,-0.5521f,-0.0226f,0f,0f,0f,1f],start_interpolation: 0,interpolation_duration: 1}
$data merge entity $(bone_eyes_down) {transformation: [-0.6027f,-0.3293f,-0.7269f,-0.199f,-0.0062f,0.9128f,-0.4085f,1.433f,0.7981f,-0.2417f,-0.5521f,-0.0438f,0f,0f,0f,1f],start_interpolation: 0,interpolation_duration: 1}
$data merge entity $(bone_eyes_up) {transformation: [-0.6027f,-0.3293f,-0.7269f,-0.2423f,-0.0062f,0.9128f,-0.4085f,1.5514f,0.7981f,-0.2417f,-0.5521f,-0.0756f,0f,0f,0f,1f],start_interpolation: 0,interpolation_duration: 1}
$data merge entity $(bone_bone) {transformation: [-0.6027f,-0.3293f,-0.7269f,-0.1681f,-0.0062f,0.9128f,-0.4085f,1.3475f,0.7981f,-0.2417f,-0.5521f,-0.0212f,0f,0f,0f,1f],start_interpolation: 0,interpolation_duration: 1}
$data merge entity $(bone_l) {transformation: [-0.5921f,-0.2611f,-0.7269f,-0.1279f,-0.0348f,0.6841f,-0.4085f,1.6473f,0.8053f,-0.1624f,-0.5521f,0.1682f,0f,0f,0f,1f],start_interpolation: 0,interpolation_duration: 1}
$data merge entity $(bone_r) {transformation: [-0.6127f,-0.2327f,-0.7269f,0.0227f,0.0225f,0.6844f,-0.4085f,1.6489f,0.7901f,-0.2f,-0.5521f,-0.0314f,0f,0f,0f,1f],start_interpolation: 0,interpolation_duration: 1}
$data merge entity $(bone_sad) {transformation: [-0.9519f,-0.2055f,-0.7269f,-0.1299f,-0.0097f,0.5695f,-0.4085f,1.5502f,1.2605f,-0.1508f,-0.5521f,0.2143f,0f,0f,0f,1f],start_interpolation: 0,interpolation_duration: 1}
$data merge entity $(bone_head) {transformation: [-0.6027f,-0.3293f,-0.7269f,-0.1681f,-0.0062f,0.9128f,-0.4085f,1.3475f,0.7981f,-0.2417f,-0.5521f,-0.0212f,0f,0f,0f,1f],start_interpolation: 0,interpolation_duration: 1}
$data merge entity $(bone_6) {transformation: [-0.5868f,-0.0188f,-0.8095f,0.014f,-0.136f,0.9878f,0.0756f,0.4077f,0.7982f,0.1545f,-0.5822f,-0.0953f,0f,0f,0f,1f],start_interpolation: 0,interpolation_duration: 1}
$data merge entity $(bone_12) {transformation: [-0.5868f,-0.4805f,-0.6518f,-0.1662f,-0.136f,0.852f,-0.5056f,0.7272f,0.7982f,-0.208f,-0.5653f,-0.1733f,0f,0f,0f,1f],start_interpolation: 0,interpolation_duration: 1}
$data merge entity $(bone_10) {transformation: [-0.6026f,-0.1166f,-0.7895f,-0.2631f,-0.0062f,0.9899f,-0.1415f,1.0346f,0.798f,-0.0804f,-0.5973f,-0.0953f,0f,0f,0f,1f],start_interpolation: 0,interpolation_duration: 1}
$data merge entity $(bone_9) {transformation: [-0.6026f,0.2929f,-0.7423f,-0.1533f,-0.0062f,0.9285f,0.3714f,1.3828f,0.798f,0.2284f,-0.5577f,-0.0097f,0f,0f,0f,1f],start_interpolation: 0,interpolation_duration: 1}
$data merge entity $(item_display_item_display) {transformation: [0.3192f,0.6283f,-0.2338f,-0.017f,-0.4556f,0.3933f,0.4348f,1.0082f,0.4918f,-0.0435f,0.5546f,0.5523f,0f,0f,0f,1f],start_interpolation: 0,interpolation_duration: 1}
$data merge entity $(bone_2) {transformation: [0.3117f,-0.428f,0.8365f,-0.3854f,-0.5798f,0.606f,0.5261f,0.9953f,-0.7394f,-0.6555f,-0.0599f,0.4072f,0f,0f,0f,1f],start_interpolation: 0,interpolation_duration: 1}
$data merge entity $(bone_1) {transformation: [0.3117f,0.0466f,0.9385f,-0.3635f,-0.5798f,0.7876f,0.1535f,1.267f,-0.7394f,-0.598f,0.2752f,0.2033f,0f,0f,0f,1f],start_interpolation: 0,interpolation_duration: 1}
$data merge entity $(bone_4) {transformation: [-0.4546f,-0.8306f,0.3215f,0.3075f,-0.4734f,-0.0804f,-0.8772f,1.1632f,0.7544f,-0.551f,-0.3567f,-0.2304f,0f,0f,0f,1f],start_interpolation: 0,interpolation_duration: 1}
$data merge entity $(bone_3) {transformation: [-0.4546f,-0.8907f,0.0005f,-0.0265f,-0.4734f,0.2412f,-0.8472f,1.2537f,0.7544f,-0.3853f,-0.5313f,-0.3749f,0f,0f,0f,1f],start_interpolation: 0,interpolation_duration: 1}
$data merge entity $(bone_8) {transformation: [-0.6766f,0.5263f,-0.515f,-0.283f,0.1761f,0.7947f,0.5808f,0.4117f,0.715f,0.3023f,-0.6304f,0.1279f,0f,0f,0f,1f],start_interpolation: 0,interpolation_duration: 1}
$data merge entity $(bone_7) {transformation: [-0.6766f,0.073f,-0.7328f,-0.29f,0.1761f,0.9822f,-0.0648f,0.7161f,0.715f,-0.1728f,-0.6774f,0.0464f,0f,0f,0f,1f],start_interpolation: 0,interpolation_duration: 1}
data modify entity @s data merge value {"cameras":{"camera":{"posx":0.22826522803795515,"posy":1.5365981439741772,"posz":1.3281394523749896,"roty":158.35744,"rotx":0}},"locators":{}}