# This file was generated by Animated Java via MC-Build. It is not recommended to edit this file directly.
$data merge entity $(bone_layer) {transformation: [-0.6031f,-0.3352f,-0.7238f,-0.1695f,-0.0062f,0.9093f,-0.416f,1.3478f,0.7977f,-0.2464f,-0.5505f,-0.0218f,0f,0f,0f,1f],start_interpolation: 0,interpolation_duration: 1}
$data merge entity $(bone_l_1) {transformation: [-0.6031f,-0.3352f,-0.7238f,-0.1138f,-0.0062f,0.9093f,-0.416f,1.5858f,0.7977f,-0.2464f,-0.5505f,0.1593f,0f,0f,0f,1f],start_interpolation: 0,interpolation_duration: 1}
$data merge entity $(bone_eye_l) {transformation: [-0.6031f,-0.3352f,-0.7238f,-0.1763f,-0.0062f,0.9093f,-0.416f,1.3439f,0.7977f,-0.2464f,-0.5505f,-0.027f,0f,0f,0f,1f],start_interpolation: 0,interpolation_duration: 1}
$data merge entity $(bone_r_1) {transformation: [-0.6031f,-0.3352f,-0.7238f,0.0182f,-0.0062f,0.9093f,-0.416f,1.5872f,0.7977f,-0.2464f,-0.5505f,-0.0152f,0f,0f,0f,1f],start_interpolation: 0,interpolation_duration: 1}
$data merge entity $(bone_eye_r) {transformation: [-0.6031f,-0.3352f,-0.7238f,0.0325f,-0.0062f,0.9093f,-0.416f,1.5591f,0.7977f,-0.2464f,-0.5505f,-0.0242f,0f,0f,0f,1f],start_interpolation: 0,interpolation_duration: 1}
$data merge entity $(bone_eyes_down) {transformation: [-0.6031f,-0.3352f,-0.7238f,-0.2009f,-0.0062f,0.9093f,-0.416f,1.433f,0.7977f,-0.2464f,-0.5505f,-0.0449f,0f,0f,0f,1f],start_interpolation: 0,interpolation_duration: 1}
$data merge entity $(bone_eyes_up) {transformation: [-0.6031f,-0.3352f,-0.7238f,-0.2451f,-0.0062f,0.9093f,-0.416f,1.5513f,0.7977f,-0.2464f,-0.5505f,-0.0774f,0f,0f,0f,1f],start_interpolation: 0,interpolation_duration: 1}
$data merge entity $(bone_bone) {transformation: [-0.6031f,-0.3352f,-0.7238f,-0.1695f,-0.0062f,0.9093f,-0.416f,1.3478f,0.7977f,-0.2464f,-0.5505f,-0.0218f,0f,0f,0f,1f],start_interpolation: 0,interpolation_duration: 1}
$data merge entity $(bone_l) {transformation: [-0.5916f,-0.2664f,-0.7238f,-0.1315f,-0.0365f,0.6815f,-0.416f,1.649f,0.8055f,-0.1648f,-0.5505f,0.166f,0f,0f,0f,1f],start_interpolation: 0,interpolation_duration: 1}
$data merge entity $(bone_r) {transformation: [-0.614f,-0.2362f,-0.7238f,0.0193f,0.0241f,0.6818f,-0.416f,1.6506f,0.7891f,-0.2047f,-0.5505f,-0.0334f,0f,0f,0f,1f],start_interpolation: 0,interpolation_duration: 1}
$data merge entity $(bone_sad) {transformation: [-0.9437f,-0.2113f,-0.7238f,-0.1329f,-0.0097f,0.5732f,-0.416f,1.5518f,1.2481f,-0.1553f,-0.5505f,0.2129f,0f,0f,0f,1f],start_interpolation: 0,interpolation_duration: 1}
$data merge entity $(bone_head) {transformation: [-0.6031f,-0.3352f,-0.7238f,-0.1695f,-0.0062f,0.9093f,-0.416f,1.3478f,0.7977f,-0.2464f,-0.5505f,-0.0218f,0f,0f,0f,1f],start_interpolation: 0,interpolation_duration: 1}
$data merge entity $(bone_6) {transformation: [-0.5871f,-0.0197f,-0.8093f,0.0136f,-0.136f,0.9879f,0.0746f,0.4081f,0.798f,0.1539f,-0.5827f,-0.0952f,0f,0f,0f,1f],start_interpolation: 0,interpolation_duration: 1}
$data merge entity $(bone_12) {transformation: [-0.5871f,-0.4811f,-0.651f,-0.1669f,-0.136f,0.8514f,-0.5066f,0.7274f,0.798f,-0.2089f,-0.5653f,-0.1735f,0f,0f,0f,1f],start_interpolation: 0,interpolation_duration: 1}
$data merge entity $(bone_10) {transformation: [-0.6031f,-0.1174f,-0.789f,-0.2641f,-0.0062f,0.9898f,-0.1426f,1.0348f,0.7977f,-0.0811f,-0.5976f,-0.0958f,0f,0f,0f,1f],start_interpolation: 0,interpolation_duration: 1}
$data merge entity $(bone_9) {transformation: [-0.6031f,0.2919f,-0.7424f,-0.1547f,-0.0062f,0.9289f,0.3703f,1.3831f,0.7977f,0.2279f,-0.5584f,-0.0103f,0f,0f,0f,1f],start_interpolation: 0,interpolation_duration: 1}
$data merge entity $(item_display_item_display) {transformation: [0.3199f,0.6277f,-0.2345f,-0.0179f,-0.455f,0.3943f,0.4345f,1.0091f,0.4919f,-0.0435f,0.5545f,0.5517f,0f,0f,0f,1f],start_interpolation: 0,interpolation_duration: 1}
$data merge entity $(bone_2) {transformation: [0.3127f,-0.429f,0.8356f,-0.3863f,-0.5794f,0.6051f,0.5275f,0.9956f,-0.7393f,-0.6557f,-0.0599f,0.4065f,0f,0f,0f,1f],start_interpolation: 0,interpolation_duration: 1}
$data merge entity $(bone_1) {transformation: [0.3127f,0.0452f,0.9382f,-0.3649f,-0.5794f,0.7876f,0.1552f,1.2673f,-0.7393f,-0.5981f,0.2752f,0.2026f,0f,0f,0f,1f],start_interpolation: 0,interpolation_duration: 1}
$data merge entity $(bone_4) {transformation: [-0.4546f,-0.8302f,0.3227f,0.3063f,-0.4734f,-0.0817f,-0.8771f,1.1657f,0.7545f,-0.5514f,-0.3558f,-0.2291f,0f,0f,0f,1f],start_interpolation: 0,interpolation_duration: 1}
$data merge entity $(bone_3) {transformation: [-0.4546f,-0.8907f,0.0063f,-0.0277f,-0.4734f,0.2356f,-0.8488f,1.254f,0.7545f,-0.3889f,-0.5287f,-0.375f,0f,0f,0f,1f],start_interpolation: 0,interpolation_duration: 1}
$data merge entity $(bone_8) {transformation: [-0.6771f,0.5253f,-0.5153f,-0.2836f,0.1759f,0.7955f,0.5799f,0.412f,0.7145f,0.3021f,-0.631f,0.1278f,0f,0f,0f,1f],start_interpolation: 0,interpolation_duration: 1}
$data merge entity $(bone_7) {transformation: [-0.6771f,0.0721f,-0.7323f,-0.2908f,0.1759f,0.9822f,-0.0659f,0.7163f,0.7145f,-0.1734f,-0.6778f,0.0461f,0f,0f,0f,1f],start_interpolation: 0,interpolation_duration: 1}
data modify entity @s data merge value {"cameras":{"camera1":{"px":0.22874999999999984,"py":1.538125,"pz":1.32125,"ry":158.03144398437502,"rx":0}},"locators":{}}