# This file was generated by Animated Java via MC-Build. It is not recommended to edit this file directly.
$data merge entity $(bone_layer) {transformation: [-0.6035f,-0.3405f,-0.7211f,-0.1708f,-0.0062f,0.9062f,-0.4227f,1.3481f,0.7975f,-0.2506f,-0.549f,-0.0225f,0f,0f,0f,1f],start_interpolation: 0,interpolation_duration: 1}
$data merge entity $(bone_l_1) {transformation: [-0.6035f,-0.3405f,-0.7211f,-0.1165f,-0.0062f,0.9062f,-0.4227f,1.5872f,0.7975f,-0.2506f,-0.549f,0.1576f,0f,0f,0f,1f],start_interpolation: 0,interpolation_duration: 1}
$data merge entity $(bone_eye_l) {transformation: [-0.6035f,-0.3405f,-0.7211f,-0.1775f,-0.0062f,0.9062f,-0.4227f,1.3441f,0.7975f,-0.2506f,-0.549f,-0.0276f,0f,0f,0f,1f],start_interpolation: 0,interpolation_duration: 1}
$data merge entity $(bone_r_1) {transformation: [-0.6035f,-0.3405f,-0.7211f,0.0155f,-0.0062f,0.9062f,-0.4227f,1.5886f,0.7975f,-0.2506f,-0.549f,-0.0168f,0f,0f,0f,1f],start_interpolation: 0,interpolation_duration: 1}
$data merge entity $(bone_eye_r) {transformation: [-0.6035f,-0.3405f,-0.7211f,0.03f,-0.0062f,0.9062f,-0.4227f,1.5605f,0.7975f,-0.2506f,-0.549f,-0.0257f,0f,0f,0f,1f],start_interpolation: 0,interpolation_duration: 1}
$data merge entity $(bone_eyes_down) {transformation: [-0.6035f,-0.3405f,-0.7211f,-0.2027f,-0.0062f,0.9062f,-0.4227f,1.433f,0.7975f,-0.2506f,-0.549f,-0.046f,0f,0f,0f,1f],start_interpolation: 0,interpolation_duration: 1}
$data merge entity $(bone_eyes_up) {transformation: [-0.6035f,-0.3405f,-0.7211f,-0.2476f,-0.0062f,0.9062f,-0.4227f,1.5511f,0.7975f,-0.2506f,-0.549f,-0.079f,0f,0f,0f,1f],start_interpolation: 0,interpolation_duration: 1}
$data merge entity $(bone_bone) {transformation: [-0.6035f,-0.3405f,-0.7211f,-0.1708f,-0.0062f,0.9062f,-0.4227f,1.3481f,0.7975f,-0.2506f,-0.549f,-0.0225f,0f,0f,0f,1f],start_interpolation: 0,interpolation_duration: 1}
$data merge entity $(bone_l) {transformation: [-0.5911f,-0.2712f,-0.7211f,-0.1347f,-0.0381f,0.6791f,-0.4227f,1.6506f,0.8058f,-0.1668f,-0.549f,0.164f,0f,0f,0f,1f],start_interpolation: 0,interpolation_duration: 1}
$data merge entity $(bone_r) {transformation: [-0.6151f,-0.2393f,-0.7211f,0.0162f,0.0257f,0.6794f,-0.4227f,1.6521f,0.7882f,-0.2089f,-0.549f,-0.0354f,0f,0f,0f,1f],start_interpolation: 0,interpolation_duration: 1}
$data merge entity $(bone_sad) {transformation: [-0.9343f,-0.2158f,-0.7211f,-0.1356f,-0.0096f,0.5743f,-0.4227f,1.5533f,1.2346f,-0.1588f,-0.549f,0.2116f,0f,0f,0f,1f],start_interpolation: 0,interpolation_duration: 1}
$data merge entity $(bone_head) {transformation: [-0.6035f,-0.3405f,-0.7211f,-0.1708f,-0.0062f,0.9062f,-0.4227f,1.3481f,0.7975f,-0.2506f,-0.549f,-0.0225f,0f,0f,0f,1f],start_interpolation: 0,interpolation_duration: 1}
$data merge entity $(bone_6) {transformation: [-0.5873f,-0.0206f,-0.8091f,0.0131f,-0.136f,0.988f,0.0736f,0.4085f,0.7978f,0.1533f,-0.5831f,-0.0952f,0f,0f,0f,1f],start_interpolation: 0,interpolation_duration: 1}
$data merge entity $(bone_12) {transformation: [-0.5873f,-0.4818f,-0.6503f,-0.1675f,-0.136f,0.8509f,-0.5075f,0.7276f,0.7978f,-0.2096f,-0.5653f,-0.1738f,0f,0f,0f,1f],start_interpolation: 0,interpolation_duration: 1}
$data merge entity $(bone_10) {transformation: [-0.6034f,-0.1182f,-0.7886f,-0.2651f,-0.0062f,0.9896f,-0.1436f,1.0349f,0.7974f,-0.0818f,-0.5979f,-0.0963f,0f,0f,0f,1f],start_interpolation: 0,interpolation_duration: 1}
$data merge entity $(bone_9) {transformation: [-0.6034f,0.291f,-0.7424f,-0.156f,-0.0062f,0.9293f,0.3692f,1.3834f,0.7974f,0.2274f,-0.559f,-0.011f,0f,0f,0f,1f],start_interpolation: 0,interpolation_duration: 1}
$data merge entity $(item_display_item_display) {transformation: [0.3206f,0.6271f,-0.2352f,-0.0187f,-0.4545f,0.3952f,0.4342f,1.01f,0.4919f,-0.0436f,0.5545f,0.551f,0f,0f,0f,1f],start_interpolation: 0,interpolation_duration: 1}
$data merge entity $(bone_2) {transformation: [0.3135f,-0.43f,0.8348f,-0.3871f,-0.579f,0.6044f,0.5288f,0.9958f,-0.7393f,-0.6557f,-0.0601f,0.4059f,0f,0f,0f,1f],start_interpolation: 0,interpolation_duration: 1}
$data merge entity $(bone_1) {transformation: [0.3135f,0.0438f,0.938f,-0.3662f,-0.579f,0.7876f,0.1568f,1.2675f,-0.7393f,-0.5982f,0.2751f,0.202f,0f,0f,0f,1f],start_interpolation: 0,interpolation_duration: 1}
$data merge entity $(bone_4) {transformation: [-0.4545f,-0.8295f,0.3247f,0.305f,-0.4733f,-0.0839f,-0.8769f,1.168f,0.7546f,-0.5522f,-0.3544f,-0.228f,0f,0f,0f,1f],start_interpolation: 0,interpolation_duration: 1}
$data merge entity $(bone_3) {transformation: [-0.4545f,-0.8907f,0.0118f,-0.029f,-0.4733f,0.2303f,-0.8503f,1.2544f,0.7546f,-0.3921f,-0.5262f,-0.375f,0f,0f,0f,1f],start_interpolation: 0,interpolation_duration: 1}
$data merge entity $(bone_8) {transformation: [-0.6776f,0.5245f,-0.5155f,-0.2841f,0.1757f,0.7961f,0.5791f,0.4123f,0.7141f,0.3018f,-0.6316f,0.1277f,0f,0f,0f,1f],start_interpolation: 0,interpolation_duration: 1}
$data merge entity $(bone_7) {transformation: [-0.6776f,0.0713f,-0.732f,-0.2915f,0.1757f,0.9822f,-0.0669f,0.7165f,0.7141f,-0.1739f,-0.678f,0.0458f,0f,0f,0f,1f],start_interpolation: 0,interpolation_duration: 1}
data modify entity @s data merge value {"cameras":{"camera1":{"px":0.22955174927113686,"py":1.5424763119533527,"pz":1.291771137026239,"ry":157.722504375,"rx":0}},"locators":{}}