# This file was generated by Animated Java via MC-Build. It is not recommended to edit this file directly.
$data merge entity $(bone_layer) {transformation: [-0.6037f,-0.3451f,-0.7187f,-0.1719f,-0.0062f,0.9035f,-0.4286f,1.3483f,0.7973f,-0.2543f,-0.5475f,-0.0231f,0f,0f,0f,1f],start_interpolation: 0,interpolation_duration: 1}
$data merge entity $(bone_l_1) {transformation: [-0.6037f,-0.3451f,-0.7187f,-0.119f,-0.0062f,0.9035f,-0.4286f,1.5885f,0.7973f,-0.2543f,-0.5475f,0.1561f,0f,0f,0f,1f],start_interpolation: 0,interpolation_duration: 1}
$data merge entity $(bone_eye_l) {transformation: [-0.6037f,-0.3451f,-0.7187f,-0.1787f,-0.0062f,0.9035f,-0.4286f,1.3443f,0.7973f,-0.2543f,-0.5475f,-0.0282f,0f,0f,0f,1f],start_interpolation: 0,interpolation_duration: 1}
$data merge entity $(bone_r_1) {transformation: [-0.6037f,-0.3451f,-0.7187f,0.013f,-0.0062f,0.9035f,-0.4286f,1.5898f,0.7973f,-0.2543f,-0.5475f,-0.0183f,0f,0f,0f,1f],start_interpolation: 0,interpolation_duration: 1}
$data merge entity $(bone_eye_r) {transformation: [-0.6037f,-0.3451f,-0.7187f,0.0277f,-0.0062f,0.9035f,-0.4286f,1.5618f,0.7973f,-0.2543f,-0.5475f,-0.0271f,0f,0f,0f,1f],start_interpolation: 0,interpolation_duration: 1}
$data merge entity $(bone_eyes_down) {transformation: [-0.6037f,-0.3451f,-0.7187f,-0.2043f,-0.0062f,0.9035f,-0.4286f,1.433f,0.7973f,-0.2543f,-0.5475f,-0.0469f,0f,0f,0f,1f],start_interpolation: 0,interpolation_duration: 1}
$data merge entity $(bone_eyes_up) {transformation: [-0.6037f,-0.3451f,-0.7187f,-0.2499f,-0.0062f,0.9035f,-0.4286f,1.551f,0.7973f,-0.2543f,-0.5475f,-0.0806f,0f,0f,0f,1f],start_interpolation: 0,interpolation_duration: 1}
$data merge entity $(bone_bone) {transformation: [-0.6037f,-0.3451f,-0.7187f,-0.1719f,-0.0062f,0.9035f,-0.4286f,1.3483f,0.7973f,-0.2543f,-0.5475f,-0.0231f,0f,0f,0f,1f],start_interpolation: 0,interpolation_duration: 1}
$data merge entity $(bone_l) {transformation: [-0.5905f,-0.2754f,-0.7187f,-0.1376f,-0.0396f,0.677f,-0.4286f,1.6519f,0.8062f,-0.1685f,-0.5475f,0.1621f,0f,0f,0f,1f],start_interpolation: 0,interpolation_duration: 1}
$data merge entity $(bone_r) {transformation: [-0.6161f,-0.2419f,-0.7187f,0.0134f,0.0272f,0.6773f,-0.4286f,1.6535f,0.7873f,-0.2127f,-0.5475f,-0.0372f,0f,0f,0f,1f],start_interpolation: 0,interpolation_duration: 1}
$data merge entity $(bone_sad) {transformation: [-0.9244f,-0.2191f,-0.7187f,-0.1381f,-0.0095f,0.5735f,-0.4286f,1.5546f,1.2208f,-0.1614f,-0.5475f,0.2104f,0f,0f,0f,1f],start_interpolation: 0,interpolation_duration: 1}
$data merge entity $(bone_head) {transformation: [-0.6037f,-0.3451f,-0.7187f,-0.1719f,-0.0062f,0.9035f,-0.4286f,1.3483f,0.7973f,-0.2543f,-0.5475f,-0.0231f,0f,0f,0f,1f],start_interpolation: 0,interpolation_duration: 1}
$data merge entity $(bone_6) {transformation: [-0.5875f,-0.0214f,-0.809f,0.0127f,-0.136f,0.988f,0.0727f,0.4089f,0.7977f,0.1527f,-0.5834f,-0.0952f,0f,0f,0f,1f],start_interpolation: 0,interpolation_duration: 1}
$data merge entity $(bone_12) {transformation: [-0.5875f,-0.4824f,-0.6498f,-0.1682f,-0.136f,0.8504f,-0.5083f,0.7278f,0.7977f,-0.2102f,-0.5652f,-0.174f,0f,0f,0f,1f],start_interpolation: 0,interpolation_duration: 1}
$data merge entity $(bone_10) {transformation: [-0.6037f,-0.119f,-0.7883f,-0.266f,-0.0062f,0.9895f,-0.1446f,1.0351f,0.7972f,-0.0824f,-0.5981f,-0.0967f,0f,0f,0f,1f],start_interpolation: 0,interpolation_duration: 1}
$data merge entity $(bone_9) {transformation: [-0.6037f,0.2901f,-0.7426f,-0.1572f,-0.0062f,0.9297f,0.3683f,1.3837f,0.7972f,0.2269f,-0.5594f,-0.0116f,0f,0f,0f,1f],start_interpolation: 0,interpolation_duration: 1}
$data merge entity $(item_display_item_display) {transformation: [0.3213f,0.6265f,-0.2357f,-0.0195f,-0.454f,0.3961f,0.4339f,1.0108f,0.4919f,-0.0437f,0.5545f,0.5503f,0f,0f,0f,1f],start_interpolation: 0,interpolation_duration: 1}
$data merge entity $(bone_2) {transformation: [0.3143f,-0.4311f,0.8339f,-0.3878f,-0.5786f,0.6036f,0.5301f,0.996f,-0.7393f,-0.6557f,-0.0603f,0.4053f,0f,0f,0f,1f],start_interpolation: 0,interpolation_duration: 1}
$data merge entity $(bone_1) {transformation: [0.3143f,0.0424f,0.9378f,-0.3674f,-0.5786f,0.7876f,0.1583f,1.2678f,-0.7393f,-0.5983f,0.2748f,0.2013f,0f,0f,0f,1f],start_interpolation: 0,interpolation_duration: 1}
$data merge entity $(bone_4) {transformation: [-0.4544f,-0.8285f,0.3273f,0.3038f,-0.4732f,-0.0868f,-0.8767f,1.1702f,0.7547f,-0.5532f,-0.3526f,-0.227f,0f,0f,0f,1f],start_interpolation: 0,interpolation_duration: 1}
$data merge entity $(bone_3) {transformation: [-0.4544f,-0.8906f,0.0169f,-0.0301f,-0.4732f,0.2252f,-0.8517f,1.2547f,0.7547f,-0.395f,-0.5238f,-0.3751f,0f,0f,0f,1f],start_interpolation: 0,interpolation_duration: 1}
$data merge entity $(bone_8) {transformation: [-0.678f,0.5237f,-0.5159f,-0.2846f,0.1755f,0.7968f,0.5782f,0.4126f,0.7138f,0.3015f,-0.6321f,0.1276f,0f,0f,0f,1f],start_interpolation: 0,interpolation_duration: 1}
$data merge entity $(bone_7) {transformation: [-0.678f,0.0705f,-0.7317f,-0.2922f,0.1755f,0.9821f,-0.0679f,0.7167f,0.7138f,-0.1744f,-0.6782f,0.0455f,0f,0f,0f,1f],start_interpolation: 0,interpolation_duration: 1}
data modify entity @s data merge value {"cameras":{"camera":{"posx":0.22842930029154504,"posy":1.5431905976676386,"posz":1.2656104227405247,"roty":157.431923828125,"rotx":0}},"locators":{}}