# This file was generated by Animated Java via MC-Build. It is not recommended to edit this file directly.
$data merge entity $(bone_layer) {transformation: [-0.6039f,-0.3492f,-0.7166f,-0.1731f,-0.0062f,0.901f,-0.4338f,1.3486f,0.7972f,-0.2575f,-0.5462f,-0.0237f,0f,0f,0f,1f],start_interpolation: 0,interpolation_duration: 1}
$data merge entity $(bone_l_1) {transformation: [-0.6039f,-0.3492f,-0.7166f,-0.1213f,-0.0062f,0.901f,-0.4338f,1.5896f,0.7972f,-0.2575f,-0.5462f,0.1546f,0f,0f,0f,1f],start_interpolation: 0,interpolation_duration: 1}
$data merge entity $(bone_eye_l) {transformation: [-0.6039f,-0.3492f,-0.7166f,-0.1798f,-0.0062f,0.901f,-0.4338f,1.3445f,0.7972f,-0.2575f,-0.5462f,-0.0288f,0f,0f,0f,1f],start_interpolation: 0,interpolation_duration: 1}
$data merge entity $(bone_r_1) {transformation: [-0.6039f,-0.3492f,-0.7166f,0.0108f,-0.0062f,0.901f,-0.4338f,1.5909f,0.7972f,-0.2575f,-0.5462f,-0.0198f,0f,0f,0f,1f],start_interpolation: 0,interpolation_duration: 1}
$data merge entity $(bone_eye_r) {transformation: [-0.6039f,-0.3492f,-0.7166f,0.0256f,-0.0062f,0.901f,-0.4338f,1.563f,0.7972f,-0.2575f,-0.5462f,-0.0284f,0f,0f,0f,1f],start_interpolation: 0,interpolation_duration: 1}
$data merge entity $(bone_eyes_down) {transformation: [-0.6039f,-0.3492f,-0.7166f,-0.2058f,-0.0062f,0.901f,-0.4338f,1.4331f,0.7972f,-0.2575f,-0.5462f,-0.0479f,0f,0f,0f,1f],start_interpolation: 0,interpolation_duration: 1}
$data merge entity $(bone_eyes_up) {transformation: [-0.6039f,-0.3492f,-0.7166f,-0.252f,-0.0062f,0.901f,-0.4338f,1.5509f,0.7972f,-0.2575f,-0.5462f,-0.082f,0f,0f,0f,1f],start_interpolation: 0,interpolation_duration: 1}
$data merge entity $(bone_bone) {transformation: [-0.6039f,-0.3492f,-0.7166f,-0.1731f,-0.0062f,0.901f,-0.4338f,1.3486f,0.7972f,-0.2575f,-0.5462f,-0.0237f,0f,0f,0f,1f],start_interpolation: 0,interpolation_duration: 1}
$data merge entity $(bone_l) {transformation: [-0.5899f,-0.2792f,-0.7166f,-0.1402f,-0.041f,0.6751f,-0.4338f,1.6531f,0.8065f,-0.1698f,-0.5462f,0.1604f,0f,0f,0f,1f],start_interpolation: 0,interpolation_duration: 1}
$data merge entity $(bone_r) {transformation: [-0.6169f,-0.2442f,-0.7166f,0.0108f,0.0286f,0.6754f,-0.4338f,1.6547f,0.7866f,-0.216f,-0.5462f,-0.0389f,0f,0f,0f,1f],start_interpolation: 0,interpolation_duration: 1}
$data merge entity $(bone_sad) {transformation: [-0.9148f,-0.2215f,-0.7166f,-0.1403f,-0.0094f,0.5714f,-0.4338f,1.5558f,1.2076f,-0.1633f,-0.5462f,0.2093f,0f,0f,0f,1f],start_interpolation: 0,interpolation_duration: 1}
$data merge entity $(bone_head) {transformation: [-0.6039f,-0.3492f,-0.7166f,-0.1731f,-0.0062f,0.901f,-0.4338f,1.3486f,0.7972f,-0.2575f,-0.5462f,-0.0237f,0f,0f,0f,1f],start_interpolation: 0,interpolation_duration: 1}
$data merge entity $(bone_6) {transformation: [-0.5875f,-0.0221f,-0.8089f,0.0123f,-0.136f,0.9881f,0.0718f,0.4092f,0.7977f,0.1522f,-0.5836f,-0.0953f,0f,0f,0f,1f],start_interpolation: 0,interpolation_duration: 1}
$data merge entity $(bone_12) {transformation: [-0.5875f,-0.483f,-0.6493f,-0.1688f,-0.136f,0.8499f,-0.5091f,0.7279f,0.7977f,-0.2108f,-0.565f,-0.1743f,0f,0f,0f,1f],start_interpolation: 0,interpolation_duration: 1}
$data merge entity $(bone_10) {transformation: [-0.6038f,-0.1197f,-0.7881f,-0.2668f,-0.0062f,0.9893f,-0.1455f,1.0352f,0.7971f,-0.083f,-0.5981f,-0.0972f,0f,0f,0f,1f],start_interpolation: 0,interpolation_duration: 1}
$data merge entity $(bone_9) {transformation: [-0.6038f,0.2893f,-0.7428f,-0.1583f,-0.0062f,0.9301f,0.3674f,1.384f,0.7971f,0.2265f,-0.5598f,-0.0123f,0f,0f,0f,1f],start_interpolation: 0,interpolation_duration: 1}
$data merge entity $(item_display_item_display) {transformation: [0.3221f,0.6259f,-0.2362f,-0.02f,-0.4535f,0.397f,0.4336f,1.0116f,0.4918f,-0.0438f,0.5545f,0.5496f,0f,0f,0f,1f],start_interpolation: 0,interpolation_duration: 1}
$data merge entity $(bone_2) {transformation: [0.3149f,-0.4322f,0.8331f,-0.3885f,-0.5782f,0.6029f,0.5314f,0.9963f,-0.7394f,-0.6556f,-0.0606f,0.4047f,0f,0f,0f,1f],start_interpolation: 0,interpolation_duration: 1}
$data merge entity $(bone_1) {transformation: [0.3149f,0.0409f,0.9377f,-0.3685f,-0.5782f,0.7876f,0.1598f,1.268f,-0.7394f,-0.5984f,0.2744f,0.2007f,0f,0f,0f,1f],start_interpolation: 0,interpolation_duration: 1}
$data merge entity $(bone_4) {transformation: [-0.4542f,-0.8275f,0.3301f,0.3027f,-0.4731f,-0.09f,-0.8764f,1.1724f,0.7549f,-0.5542f,-0.3506f,-0.2261f,0f,0f,0f,1f],start_interpolation: 0,interpolation_duration: 1}
$data merge entity $(bone_3) {transformation: [-0.4542f,-0.8906f,0.0218f,-0.0313f,-0.4731f,0.2204f,-0.853f,1.255f,0.7549f,-0.3977f,-0.5215f,-0.3752f,0f,0f,0f,1f],start_interpolation: 0,interpolation_duration: 1}
$data merge entity $(bone_8) {transformation: [-0.6782f,0.523f,-0.5162f,-0.285f,0.1753f,0.7974f,0.5775f,0.4128f,0.7136f,0.3012f,-0.6325f,0.1274f,0f,0f,0f,1f],start_interpolation: 0,interpolation_duration: 1}
$data merge entity $(bone_7) {transformation: [-0.6782f,0.0698f,-0.7315f,-0.2929f,0.1753f,0.9821f,-0.0688f,0.7169f,0.7136f,-0.1749f,-0.6784f,0.0452f,0f,0f,0f,1f],start_interpolation: 0,interpolation_duration: 1}
data modify entity @s data merge value {"cameras":{"camera1":{"px":0.22598396501457713,"py":1.5413119533527697,"pz":1.2449763119533528,"ry":157.161005,"rx":0}},"locators":{}}