# This file was generated by Animated Java via MC-Build. It is not recommended to edit this file directly.
$data merge entity $(bone_layer) {transformation: [-0.604f,-0.3527f,-0.7148f,-0.1741f,-0.0062f,0.8988f,-0.4382f,1.3488f,0.7971f,-0.2602f,-0.545f,-0.0243f,0f,0f,0f,1f],start_interpolation: 0,interpolation_duration: 1}
$data merge entity $(bone_l_1) {transformation: [-0.604f,-0.3527f,-0.7148f,-0.1233f,-0.0062f,0.8988f,-0.4382f,1.5905f,0.7971f,-0.2602f,-0.545f,0.1533f,0f,0f,0f,1f],start_interpolation: 0,interpolation_duration: 1}
$data merge entity $(bone_eye_l) {transformation: [-0.604f,-0.3527f,-0.7148f,-0.1808f,-0.0062f,0.8988f,-0.4382f,1.3447f,0.7971f,-0.2602f,-0.545f,-0.0294f,0f,0f,0f,1f],start_interpolation: 0,interpolation_duration: 1}
$data merge entity $(bone_r_1) {transformation: [-0.604f,-0.3527f,-0.7148f,0.0088f,-0.0062f,0.8988f,-0.4382f,1.5919f,0.7971f,-0.2602f,-0.545f,-0.0211f,0f,0f,0f,1f],start_interpolation: 0,interpolation_duration: 1}
$data merge entity $(bone_eye_r) {transformation: [-0.604f,-0.3527f,-0.7148f,0.0237f,-0.0062f,0.8988f,-0.4382f,1.564f,0.7971f,-0.2602f,-0.545f,-0.0296f,0f,0f,0f,1f],start_interpolation: 0,interpolation_duration: 1}
$data merge entity $(bone_eyes_down) {transformation: [-0.604f,-0.3527f,-0.7148f,-0.2072f,-0.0062f,0.8988f,-0.4382f,1.4331f,0.7971f,-0.2602f,-0.545f,-0.0487f,0f,0f,0f,1f],start_interpolation: 0,interpolation_duration: 1}
$data merge entity $(bone_eyes_up) {transformation: [-0.604f,-0.3527f,-0.7148f,-0.254f,-0.0062f,0.8988f,-0.4382f,1.5509f,0.7971f,-0.2602f,-0.545f,-0.0832f,0f,0f,0f,1f],start_interpolation: 0,interpolation_duration: 1}
$data merge entity $(bone_bone) {transformation: [-0.604f,-0.3527f,-0.7148f,-0.1741f,-0.0062f,0.8988f,-0.4382f,1.3488f,0.7971f,-0.2602f,-0.545f,-0.0243f,0f,0f,0f,1f],start_interpolation: 0,interpolation_duration: 1}
$data merge entity $(bone_l) {transformation: [-0.5893f,-0.2825f,-0.7148f,-0.1425f,-0.0423f,0.6734f,-0.4382f,1.6542f,0.8069f,-0.171f,-0.545f,0.1588f,0f,0f,0f,1f],start_interpolation: 0,interpolation_duration: 1}
$data merge entity $(bone_r) {transformation: [-0.6176f,-0.2461f,-0.7148f,0.0085f,0.0298f,0.6738f,-0.4382f,1.6558f,0.786f,-0.219f,-0.545f,-0.0404f,0f,0f,0f,1f],start_interpolation: 0,interpolation_duration: 1}
$data merge entity $(bone_sad) {transformation: [-0.9061f,-0.2231f,-0.7148f,-0.1423f,-0.0094f,0.5687f,-0.4382f,1.5568f,1.1959f,-0.1646f,-0.545f,0.2083f,0f,0f,0f,1f],start_interpolation: 0,interpolation_duration: 1}
$data merge entity $(bone_head) {transformation: [-0.604f,-0.3527f,-0.7148f,-0.1741f,-0.0062f,0.8988f,-0.4382f,1.3488f,0.7971f,-0.2602f,-0.545f,-0.0243f,0f,0f,0f,1f],start_interpolation: 0,interpolation_duration: 1}
$data merge entity $(bone_6) {transformation: [-0.5875f,-0.0228f,-0.8089f,0.0119f,-0.136f,0.9882f,0.071f,0.4096f,0.7977f,0.1517f,-0.5837f,-0.0954f,0f,0f,0f,1f],start_interpolation: 0,interpolation_duration: 1}
$data merge entity $(bone_12) {transformation: [-0.5875f,-0.4835f,-0.6489f,-0.1694f,-0.136f,0.8494f,-0.5098f,0.7281f,0.7977f,-0.2113f,-0.5648f,-0.1746f,0f,0f,0f,1f],start_interpolation: 0,interpolation_duration: 1}
$data merge entity $(bone_10) {transformation: [-0.6039f,-0.1204f,-0.7879f,-0.2676f,-0.0062f,0.9892f,-0.1464f,1.0353f,0.797f,-0.0835f,-0.5981f,-0.0976f,0f,0f,0f,1f],start_interpolation: 0,interpolation_duration: 1}
$data merge entity $(bone_9) {transformation: [-0.6039f,0.2886f,-0.743f,-0.1594f,-0.0062f,0.9304f,0.3665f,1.3842f,0.797f,0.226f,-0.5601f,-0.0129f,0f,0f,0f,1f],start_interpolation: 0,interpolation_duration: 1}
$data merge entity $(item_display_item_display) {transformation: [0.3229f,0.6254f,-0.2366f,-0.0205f,-0.4531f,0.3978f,0.4333f,1.0123f,0.4917f,-0.0441f,0.5546f,0.5489f,0f,0f,0f,1f],start_interpolation: 0,interpolation_duration: 1}
$data merge entity $(bone_2) {transformation: [0.3154f,-0.4334f,0.8323f,-0.389f,-0.5777f,0.6023f,0.5326f,0.9965f,-0.7395f,-0.6554f,-0.061f,0.4041f,0f,0f,0f,1f],start_interpolation: 0,interpolation_duration: 1}
$data merge entity $(bone_1) {transformation: [0.3154f,0.0395f,0.9376f,-0.3695f,-0.5777f,0.7876f,0.1612f,1.2682f,-0.7395f,-0.5985f,0.274f,0.2001f,0f,0f,0f,1f],start_interpolation: 0,interpolation_duration: 1}
$data merge entity $(bone_4) {transformation: [-0.4539f,-0.8265f,0.3329f,0.3016f,-0.473f,-0.093f,-0.8761f,1.1744f,0.7551f,-0.5552f,-0.3487f,-0.2253f,0f,0f,0f,1f],start_interpolation: 0,interpolation_duration: 1}
$data merge entity $(bone_3) {transformation: [-0.4539f,-0.8906f,0.0265f,-0.0324f,-0.473f,0.2156f,-0.8542f,1.2553f,0.7551f,-0.4003f,-0.5192f,-0.3754f,0f,0f,0f,1f],start_interpolation: 0,interpolation_duration: 1}
$data merge entity $(bone_8) {transformation: [-0.6784f,0.5223f,-0.5166f,-0.2854f,0.1752f,0.7979f,0.5767f,0.413f,0.7135f,0.3008f,-0.6328f,0.1273f,0f,0f,0f,1f],start_interpolation: 0,interpolation_duration: 1}
$data merge entity $(bone_7) {transformation: [-0.6784f,0.0691f,-0.7314f,-0.2935f,0.1752f,0.9821f,-0.0697f,0.7171f,0.7135f,-0.1754f,-0.6784f,0.0449f,0f,0f,0f,1f],start_interpolation: 0,interpolation_duration: 1}
data modify entity @s data merge value {"cameras":{"camera1":{"px":0.22281705539358587,"py":1.537884475218659,"pz":1.2320772594752187,"ry":156.911050546875,"rx":0}},"locators":{}}