# This file was generated by Animated Java via MC-Build. It is not recommended to edit this file directly.
$data merge entity $(bone_layer) {transformation: [-0.604f,-0.3557f,-0.7133f,-0.1751f,-0.0062f,0.897f,-0.442f,1.349f,0.7971f,-0.2625f,-0.5439f,-0.0249f,0f,0f,0f,1f],start_interpolation: 0,interpolation_duration: 1}
$data merge entity $(bone_l_1) {transformation: [-0.604f,-0.3557f,-0.7133f,-0.1251f,-0.0062f,0.897f,-0.442f,1.5914f,0.7971f,-0.2625f,-0.5439f,0.1521f,0f,0f,0f,1f],start_interpolation: 0,interpolation_duration: 1}
$data merge entity $(bone_eye_l) {transformation: [-0.604f,-0.3557f,-0.7133f,-0.1818f,-0.0062f,0.897f,-0.442f,1.3449f,0.7971f,-0.2625f,-0.5439f,-0.03f,0f,0f,0f,1f],start_interpolation: 0,interpolation_duration: 1}
$data merge entity $(bone_r_1) {transformation: [-0.604f,-0.3557f,-0.7133f,0.007f,-0.0062f,0.897f,-0.442f,1.5927f,0.7971f,-0.2625f,-0.5439f,-0.0223f,0f,0f,0f,1f],start_interpolation: 0,interpolation_duration: 1}
$data merge entity $(bone_eye_r) {transformation: [-0.604f,-0.3557f,-0.7133f,0.022f,-0.0062f,0.897f,-0.442f,1.5648f,0.7971f,-0.2625f,-0.5439f,-0.0308f,0f,0f,0f,1f],start_interpolation: 0,interpolation_duration: 1}
$data merge entity $(bone_eyes_down) {transformation: [-0.604f,-0.3557f,-0.7133f,-0.2085f,-0.0062f,0.897f,-0.442f,1.4331f,0.7971f,-0.2625f,-0.5439f,-0.0495f,0f,0f,0f,1f],start_interpolation: 0,interpolation_duration: 1}
$data merge entity $(bone_eyes_up) {transformation: [-0.604f,-0.3557f,-0.7133f,-0.2557f,-0.0062f,0.897f,-0.442f,1.5509f,0.7971f,-0.2625f,-0.5439f,-0.0844f,0f,0f,0f,1f],start_interpolation: 0,interpolation_duration: 1}
$data merge entity $(bone_bone) {transformation: [-0.604f,-0.3557f,-0.7133f,-0.1751f,-0.0062f,0.897f,-0.442f,1.349f,0.7971f,-0.2625f,-0.5439f,-0.0249f,0f,0f,0f,1f],start_interpolation: 0,interpolation_duration: 1}
$data merge entity $(bone_l) {transformation: [-0.5887f,-0.2853f,-0.7133f,-0.1446f,-0.0434f,0.672f,-0.442f,1.6551f,0.8073f,-0.1719f,-0.5439f,0.1574f,0f,0f,0f,1f],start_interpolation: 0,interpolation_duration: 1}
$data merge entity $(bone_r) {transformation: [-0.6182f,-0.2477f,-0.7133f,0.0064f,0.031f,0.6724f,-0.442f,1.6567f,0.7855f,-0.2215f,-0.5439f,-0.0419f,0f,0f,0f,1f],start_interpolation: 0,interpolation_duration: 1}
$data merge entity $(bone_sad) {transformation: [-0.899f,-0.2244f,-0.7133f,-0.1441f,-0.0093f,0.5658f,-0.442f,1.5576f,1.1865f,-0.1656f,-0.5439f,0.2073f,0f,0f,0f,1f],start_interpolation: 0,interpolation_duration: 1}
$data merge entity $(bone_head) {transformation: [-0.604f,-0.3557f,-0.7133f,-0.1751f,-0.0062f,0.897f,-0.442f,1.349f,0.7971f,-0.2625f,-0.5439f,-0.0249f,0f,0f,0f,1f],start_interpolation: 0,interpolation_duration: 1}
$data merge entity $(bone_6) {transformation: [-0.5874f,-0.0233f,-0.8089f,0.0115f,-0.136f,0.9882f,0.0703f,0.4099f,0.7978f,0.1513f,-0.5837f,-0.0955f,0f,0f,0f,1f],start_interpolation: 0,interpolation_duration: 1}
$data merge entity $(bone_12) {transformation: [-0.5874f,-0.4841f,-0.6485f,-0.17f,-0.136f,0.849f,-0.5105f,0.7282f,0.7978f,-0.2117f,-0.5646f,-0.1749f,0f,0f,0f,1f],start_interpolation: 0,interpolation_duration: 1}
$data merge entity $(bone_10) {transformation: [-0.6039f,-0.121f,-0.7878f,-0.2684f,-0.0062f,0.9891f,-0.1472f,1.0355f,0.797f,-0.084f,-0.5981f,-0.0981f,0f,0f,0f,1f],start_interpolation: 0,interpolation_duration: 1}
$data merge entity $(bone_9) {transformation: [-0.6039f,0.288f,-0.7432f,-0.1604f,-0.0062f,0.9307f,0.3657f,1.3845f,0.797f,0.2255f,-0.5603f,-0.0135f,0f,0f,0f,1f],start_interpolation: 0,interpolation_duration: 1}
$data merge entity $(item_display_item_display) {transformation: [0.3237f,0.6248f,-0.2369f,-0.0209f,-0.4527f,0.3987f,0.433f,1.013f,0.4915f,-0.0443f,0.5547f,0.5482f,0f,0f,0f,1f],start_interpolation: 0,interpolation_duration: 1}
$data merge entity $(bone_2) {transformation: [0.3159f,-0.4346f,0.8316f,-0.3894f,-0.5773f,0.6016f,0.5337f,0.9966f,-0.7396f,-0.6552f,-0.0615f,0.4036f,0f,0f,0f,1f],start_interpolation: 0,interpolation_duration: 1}
$data merge entity $(bone_1) {transformation: [0.3159f,0.038f,0.9375f,-0.3705f,-0.5773f,0.7877f,0.1626f,1.2684f,-0.7396f,-0.5985f,0.2735f,0.1995f,0f,0f,0f,1f],start_interpolation: 0,interpolation_duration: 1}
$data merge entity $(bone_4) {transformation: [-0.4536f,-0.8258f,0.3352f,0.3006f,-0.473f,-0.0957f,-0.8759f,1.1765f,0.7553f,-0.5558f,-0.3472f,-0.2246f,0f,0f,0f,1f],start_interpolation: 0,interpolation_duration: 1}
$data merge entity $(bone_3) {transformation: [-0.4536f,-0.8906f,0.0313f,-0.0334f,-0.473f,0.2108f,-0.8555f,1.2555f,0.7553f,-0.4029f,-0.5169f,-0.3757f,0f,0f,0f,1f],start_interpolation: 0,interpolation_duration: 1}
$data merge entity $(bone_8) {transformation: [-0.6786f,0.5218f,-0.517f,-0.2858f,0.175f,0.7984f,0.5761f,0.4133f,0.7134f,0.3004f,-0.6331f,0.1271f,0f,0f,0f,1f],start_interpolation: 0,interpolation_duration: 1}
$data merge entity $(bone_7) {transformation: [-0.6786f,0.0684f,-0.7314f,-0.2941f,0.175f,0.982f,-0.0705f,0.7173f,0.7134f,-0.1758f,-0.6783f,0.0446f,0f,0f,0f,1f],start_interpolation: 0,interpolation_duration: 1}
data modify entity @s data merge value {"cameras":{"camera1":{"px":0.21952988338192408,"py":1.5339522594752186,"pz":1.229121720116618,"ry":156.68336312500003,"rx":0}},"locators":{}}