# This file was generated by Animated Java via MC-Build. It is not recommended to edit this file directly.
$data merge entity $(bone_layer) {transformation: [-0.6039f,-0.3582f,-0.7121f,-0.176f,-0.0062f,0.8954f,-0.4452f,1.3492f,0.7972f,-0.2644f,-0.5429f,-0.0255f,0f,0f,0f,1f],start_interpolation: 0,interpolation_duration: 1}
$data merge entity $(bone_l_1) {transformation: [-0.6039f,-0.3582f,-0.7121f,-0.1267f,-0.0062f,0.8954f,-0.4452f,1.5921f,0.7972f,-0.2644f,-0.5429f,0.151f,0f,0f,0f,1f],start_interpolation: 0,interpolation_duration: 1}
$data merge entity $(bone_eye_l) {transformation: [-0.6039f,-0.3582f,-0.7121f,-0.1827f,-0.0062f,0.8954f,-0.4452f,1.3451f,0.7972f,-0.2644f,-0.5429f,-0.0306f,0f,0f,0f,1f],start_interpolation: 0,interpolation_duration: 1}
$data merge entity $(bone_r_1) {transformation: [-0.6039f,-0.3582f,-0.7121f,0.0054f,-0.0062f,0.8954f,-0.4452f,1.5934f,0.7972f,-0.2644f,-0.5429f,-0.0234f,0f,0f,0f,1f],start_interpolation: 0,interpolation_duration: 1}
$data merge entity $(bone_eye_r) {transformation: [-0.6039f,-0.3582f,-0.7121f,0.0205f,-0.0062f,0.8954f,-0.4452f,1.5656f,0.7972f,-0.2644f,-0.5429f,-0.0318f,0f,0f,0f,1f],start_interpolation: 0,interpolation_duration: 1}
$data merge entity $(bone_eyes_down) {transformation: [-0.6039f,-0.3582f,-0.7121f,-0.2096f,-0.0062f,0.8954f,-0.4452f,1.4332f,0.7972f,-0.2644f,-0.5429f,-0.0503f,0f,0f,0f,1f],start_interpolation: 0,interpolation_duration: 1}
$data merge entity $(bone_eyes_up) {transformation: [-0.6039f,-0.3582f,-0.7121f,-0.2573f,-0.0062f,0.8954f,-0.4452f,1.5509f,0.7972f,-0.2644f,-0.5429f,-0.0855f,0f,0f,0f,1f],start_interpolation: 0,interpolation_duration: 1}
$data merge entity $(bone_bone) {transformation: [-0.6039f,-0.3582f,-0.7121f,-0.176f,-0.0062f,0.8954f,-0.4452f,1.3492f,0.7972f,-0.2644f,-0.5429f,-0.0255f,0f,0f,0f,1f],start_interpolation: 0,interpolation_duration: 1}
$data merge entity $(bone_l) {transformation: [-0.588f,-0.2877f,-0.7121f,-0.1464f,-0.0444f,0.6708f,-0.4452f,1.6559f,0.8077f,-0.1726f,-0.5429f,0.1561f,0f,0f,0f,1f],start_interpolation: 0,interpolation_duration: 1}
$data merge entity $(bone_r) {transformation: [-0.6186f,-0.2491f,-0.7121f,0.0046f,0.032f,0.6712f,-0.4452f,1.6575f,0.7852f,-0.2236f,-0.5429f,-0.0432f,0f,0f,0f,1f],start_interpolation: 0,interpolation_duration: 1}
$data merge entity $(bone_sad) {transformation: [-0.8941f,-0.2254f,-0.7121f,-0.1458f,-0.0092f,0.5634f,-0.4452f,1.5583f,1.1803f,-0.1663f,-0.5429f,0.2065f,0f,0f,0f,1f],start_interpolation: 0,interpolation_duration: 1}
$data merge entity $(bone_head) {transformation: [-0.6039f,-0.3582f,-0.7121f,-0.176f,-0.0062f,0.8954f,-0.4452f,1.3492f,0.7972f,-0.2644f,-0.5429f,-0.0255f,0f,0f,0f,1f],start_interpolation: 0,interpolation_duration: 1}
$data merge entity $(bone_6) {transformation: [-0.5873f,-0.0238f,-0.809f,0.0111f,-0.136f,0.9883f,0.0696f,0.4101f,0.7979f,0.1509f,-0.5836f,-0.0957f,0f,0f,0f,1f],start_interpolation: 0,interpolation_duration: 1}
$data merge entity $(bone_12) {transformation: [-0.5873f,-0.4846f,-0.6483f,-0.1706f,-0.136f,0.8487f,-0.5112f,0.7284f,0.7979f,-0.212f,-0.5643f,-0.1752f,0f,0f,0f,1f],start_interpolation: 0,interpolation_duration: 1}
$data merge entity $(bone_10) {transformation: [-0.6038f,-0.1216f,-0.7878f,-0.2691f,-0.0062f,0.989f,-0.1479f,1.0356f,0.7971f,-0.0844f,-0.5979f,-0.0985f,0f,0f,0f,1f],start_interpolation: 0,interpolation_duration: 1}
$data merge entity $(bone_9) {transformation: [-0.6038f,0.2874f,-0.7435f,-0.1614f,-0.0062f,0.931f,0.365f,1.3847f,0.7971f,0.225f,-0.5604f,-0.0141f,0f,0f,0f,1f],start_interpolation: 0,interpolation_duration: 1}
$data merge entity $(item_display_item_display) {transformation: [0.3245f,0.6243f,-0.2371f,-0.0212f,-0.4523f,0.3994f,0.4326f,1.0137f,0.4913f,-0.0446f,0.5549f,0.5474f,0f,0f,0f,1f],start_interpolation: 0,interpolation_duration: 1}
$data merge entity $(bone_2) {transformation: [0.3162f,-0.4358f,0.8308f,-0.3897f,-0.5769f,0.6011f,0.5348f,0.9968f,-0.7398f,-0.6549f,-0.062f,0.4031f,0f,0f,0f,1f],start_interpolation: 0,interpolation_duration: 1}
$data merge entity $(bone_1) {transformation: [0.3162f,0.0365f,0.9374f,-0.3713f,-0.5769f,0.7877f,0.1638f,1.2686f,-0.7398f,-0.5986f,0.2729f,0.199f,0f,0f,0f,1f],start_interpolation: 0,interpolation_duration: 1}
$data merge entity $(bone_4) {transformation: [-0.4533f,-0.8253f,0.3367f,0.2996f,-0.4729f,-0.0975f,-0.8757f,1.1785f,0.7556f,-0.5562f,-0.3461f,-0.2241f,0f,0f,0f,1f],start_interpolation: 0,interpolation_duration: 1}
$data merge entity $(bone_3) {transformation: [-0.4533f,-0.8906f,0.0361f,-0.0344f,-0.4729f,0.2059f,-0.8567f,1.2557f,0.7556f,-0.4054f,-0.5145f,-0.3761f,0f,0f,0f,1f],start_interpolation: 0,interpolation_duration: 1}
$data merge entity $(bone_8) {transformation: [-0.6786f,0.5213f,-0.5175f,-0.2861f,0.1749f,0.7989f,0.5754f,0.4135f,0.7134f,0.3f,-0.6333f,0.1269f,0f,0f,0f,1f],start_interpolation: 0,interpolation_duration: 1}
$data merge entity $(bone_7) {transformation: [-0.6786f,0.0678f,-0.7314f,-0.2947f,0.1749f,0.982f,-0.0712f,0.7174f,0.7134f,-0.1762f,-0.6782f,0.0443f,0f,0f,0f,1f],start_interpolation: 0,interpolation_duration: 1}
data modify entity @s data merge value {"cameras":{"camera":{"posx":0.2167237609329445,"posy":1.5305594023323614,"posz":1.2383181486880466,"roty":156.47924539062498,"rotx":0}},"locators":{}}