# This file was generated by Animated Java via MC-Build. It is not recommended to edit this file directly.
$data merge entity $(bone_layer) {transformation: [-0.5096f,0.2055f,-0.8355f,-0.0111f,-0.0005f,0.971f,0.2391f,1.2884f,0.8605f,0.1222f,-0.4947f,0.0285f,0f,0f,0f,1f],start_interpolation: 0,interpolation_duration: 1}
$data merge entity $(bone_l_1) {transformation: [-0.5096f,0.2055f,-0.8355f,0.1643f,-0.0005f,0.971f,0.2391f,1.3799f,0.8605f,0.1222f,-0.4947f,0.2596f,0f,0f,0f,1f],start_interpolation: 0,interpolation_duration: 1}
$data merge entity $(bone_eye_l) {transformation: [-0.5096f,0.2055f,-0.8355f,-0.019f,-0.0005f,0.971f,0.2391f,1.2907f,0.8605f,0.1222f,-0.4947f,0.0238f,0f,0f,0f,1f],start_interpolation: 0,interpolation_duration: 1}
$data merge entity $(bone_r_1) {transformation: [-0.5096f,0.2055f,-0.8355f,0.2758f,-0.0005f,0.971f,0.2391f,1.38f,0.8605f,0.1222f,-0.4947f,0.0713f,0f,0f,0f,1f],start_interpolation: 0,interpolation_duration: 1}
$data merge entity $(bone_eye_r) {transformation: [-0.5096f,0.2055f,-0.8355f,0.2728f,-0.0005f,0.971f,0.2391f,1.3542f,0.8605f,0.1222f,-0.4947f,0.0514f,0f,0f,0f,1f],start_interpolation: 0,interpolation_duration: 1}
$data merge entity $(bone_eyes_down) {transformation: [-0.5096f,0.2055f,-0.8355f,0.0081f,-0.0005f,0.971f,0.2391f,1.3795f,0.8605f,0.1222f,-0.4947f,0.0399f,0f,0f,0f,1f],start_interpolation: 0,interpolation_duration: 1}
$data merge entity $(bone_eyes_up) {transformation: [-0.5096f,0.2055f,-0.8355f,0.0224f,-0.0005f,0.971f,0.2391f,1.4495f,0.8605f,0.1222f,-0.4947f,0.0484f,0f,0f,0f,1f],start_interpolation: 0,interpolation_duration: 1}
$data merge entity $(bone_bone) {transformation: [-0.5096f,0.2055f,-0.8355f,-0.0111f,-0.0005f,0.971f,0.2391f,1.2884f,0.8605f,0.1222f,-0.4947f,0.0285f,0f,0f,0f,1f],start_interpolation: 0,interpolation_duration: 1}
$data merge entity $(bone_l) {transformation: [-0.5096f,0.1541f,-0.8355f,0.1744f,-0.0005f,0.7282f,0.2391f,1.3933f,0.8605f,0.0917f,-0.4947f,0.2837f,0f,0f,0f,1f],start_interpolation: 0,interpolation_duration: 1}
$data merge entity $(bone_r) {transformation: [-0.5096f,0.1541f,-0.8355f,0.3018f,-0.0005f,0.7282f,0.2391f,1.3935f,0.8605f,0.0917f,-0.4947f,0.0686f,0f,0f,0f,1f],start_interpolation: 0,interpolation_duration: 1}
$data merge entity $(bone_sad) {transformation: [-0.8154f,0.0202f,-0.3142f,0.1331f,-0.0007f,0.0955f,0.0899f,1.355f,1.3768f,0.012f,-0.186f,0.3035f,0f,0f,0f,1f],start_interpolation: 0,interpolation_duration: 1}
$data merge entity $(bone_head) {transformation: [-0.5096f,0.2055f,-0.8355f,-0.0111f,-0.0005f,0.971f,0.2391f,1.2884f,0.8605f,0.1222f,-0.4947f,0.0285f,0f,0f,0f,1f],start_interpolation: 0,interpolation_duration: 1}
$data merge entity $(bone_6) {transformation: [-0.5131f,0.1426f,-0.8464f,0.0216f,-0.1307f,0.9616f,0.2412f,0.3442f,0.8483f,0.2343f,-0.4748f,-0.1422f,0f,0f,0f,1f],start_interpolation: 0,interpolation_duration: 1}
$data merge entity $(bone_12) {transformation: [-0.5131f,-0.3687f,-0.7751f,-0.1167f,-0.1307f,0.9261f,-0.354f,0.6914f,0.8483f,-0.0804f,-0.5233f,-0.1724f,0f,0f,0f,1f],start_interpolation: 0,interpolation_duration: 1}
$data merge entity $(bone_10) {transformation: [-0.5096f,0.0229f,-0.8601f,-0.1588f,-0.0005f,0.9996f,0.0269f,1.0005f,0.8604f,0.0141f,-0.5094f,-0.0591f,0f,0f,0f,1f],start_interpolation: 0,interpolation_duration: 1}
$data merge entity $(bone_9) {transformation: [-0.5096f,0.4499f,-0.7334f,0.0099f,-0.0005f,0.8523f,0.5231f,1.3201f,0.8604f,0.2669f,-0.4341f,0.041f,0f,0f,0f,1f],start_interpolation: 0,interpolation_duration: 1}
$data merge entity $(item_display_item_display) {transformation: [0.2888f,0.6758f,-0.1059f,0.1401f,-0.5388f,0.2956f,0.4166f,0.8763f,0.4213f,-0.0852f,0.6054f,0.5578f,0f,0f,0f,1f],start_interpolation: 0,interpolation_duration: 1}
$data merge entity $(bone_2) {transformation: [0.1412f,-0.3852f,0.901f,-0.2378f,-0.5555f,0.7184f,0.3942f,0.9327f,-0.8072f,-0.5618f,-0.1136f,0.4529f,0f,0f,0f,1f],start_interpolation: 0,interpolation_duration: 1}
$data merge entity $(bone_1) {transformation: [0.1412f,0.1169f,0.9729f,-0.1915f,-0.5555f,0.8193f,-0.0178f,1.2142f,-0.8072f,-0.5433f,0.1825f,0.2673f,0f,0f,0f,1f],start_interpolation: 0,interpolation_duration: 1}
$data merge entity $(bone_4) {transformation: [-0.4375f,-0.8289f,0.3486f,0.2855f,-0.4772f,-0.1146f,-0.8713f,0.9286f,0.7621f,-0.5475f,-0.3454f,-0.353f,0f,0f,0f,1f],start_interpolation: 0,interpolation_duration: 1}
$data merge entity $(bone_3) {transformation: [-0.4375f,-0.5881f,-0.6803f,0.0649f,-0.4772f,0.793f,-0.3786f,1.226f,0.7621f,0.159f,-0.6276f,-0.2934f,0f,0f,0f,1f],start_interpolation: 0,interpolation_duration: 1}
$data merge entity $(bone_8) {transformation: [-0.5639f,0.6677f,-0.486f,-0.2466f,0.1985f,0.6809f,0.705f,0.3675f,0.8016f,0.3011f,-0.5164f,0.1144f,0f,0f,0f,1f],start_interpolation: 0,interpolation_duration: 1}
$data merge entity $(bone_7) {transformation: [-0.5639f,0.1991f,-0.8015f,-0.217f,0.1985f,0.9747f,0.1025f,0.6762f,0.8016f,-0.1013f,-0.5892f,0.0588f,0f,0f,0f,1f],start_interpolation: 0,interpolation_duration: 1}
data modify entity @s data merge value {"cameras":{"camera1":{"px":0.19092439546984982,"py":1.4456974357904109,"pz":1.6582669671925871,"ry":169.121445,"rx":0}},"locators":{}}