# This file was generated by Animated Java via MC-Build. It is not recommended to edit this file directly.
$data merge entity $(bone_layer) {transformation: [-0.6037f,-0.3603f,-0.7112f,-0.1769f,-0.0062f,0.8941f,-0.4477f,1.3494f,0.7973f,-0.2659f,-0.542f,-0.0261f,0f,0f,0f,1f],start_interpolation: 0,interpolation_duration: 1}
$data merge entity $(bone_l_1) {transformation: [-0.6037f,-0.3603f,-0.7112f,-0.1281f,-0.0062f,0.8941f,-0.4477f,1.5927f,0.7973f,-0.2659f,-0.542f,0.1499f,0f,0f,0f,1f],start_interpolation: 0,interpolation_duration: 1}
$data merge entity $(bone_eye_l) {transformation: [-0.6037f,-0.3603f,-0.7112f,-0.1835f,-0.0062f,0.8941f,-0.4477f,1.3452f,0.7973f,-0.2659f,-0.542f,-0.0312f,0f,0f,0f,1f],start_interpolation: 0,interpolation_duration: 1}
$data merge entity $(bone_r_1) {transformation: [-0.6037f,-0.3603f,-0.7112f,0.004f,-0.0062f,0.8941f,-0.4477f,1.594f,0.7973f,-0.2659f,-0.542f,-0.0245f,0f,0f,0f,1f],start_interpolation: 0,interpolation_duration: 1}
$data merge entity $(bone_eye_r) {transformation: [-0.6037f,-0.3603f,-0.7112f,0.0191f,-0.0062f,0.8941f,-0.4477f,1.5662f,0.7973f,-0.2659f,-0.542f,-0.0328f,0f,0f,0f,1f],start_interpolation: 0,interpolation_duration: 1}
$data merge entity $(bone_eyes_down) {transformation: [-0.6037f,-0.3603f,-0.7112f,-0.2107f,-0.0062f,0.8941f,-0.4477f,1.4332f,0.7973f,-0.2659f,-0.542f,-0.051f,0f,0f,0f,1f],start_interpolation: 0,interpolation_duration: 1}
$data merge entity $(bone_eyes_up) {transformation: [-0.6037f,-0.3603f,-0.7112f,-0.2586f,-0.0062f,0.8941f,-0.4477f,1.5509f,0.7973f,-0.2659f,-0.542f,-0.0865f,0f,0f,0f,1f],start_interpolation: 0,interpolation_duration: 1}
$data merge entity $(bone_bone) {transformation: [-0.6037f,-0.3603f,-0.7112f,-0.1769f,-0.0062f,0.8941f,-0.4477f,1.3494f,0.7973f,-0.2659f,-0.542f,-0.0261f,0f,0f,0f,1f],start_interpolation: 0,interpolation_duration: 1}
$data merge entity $(bone_l) {transformation: [-0.5874f,-0.2897f,-0.7112f,-0.148f,-0.0452f,0.6698f,-0.4477f,1.6566f,0.8081f,-0.1731f,-0.542f,0.155f,0f,0f,0f,1f],start_interpolation: 0,interpolation_duration: 1}
$data merge entity $(bone_r) {transformation: [-0.6189f,-0.2502f,-0.7112f,0.0029f,0.0328f,0.6702f,-0.4477f,1.6582f,0.7849f,-0.2253f,-0.542f,-0.0444f,0f,0f,0f,1f],start_interpolation: 0,interpolation_duration: 1}
$data merge entity $(bone_sad) {transformation: [-0.8921f,-0.2265f,-0.7112f,-0.1472f,-0.0092f,0.562f,-0.4477f,1.5589f,1.1782f,-0.1671f,-0.542f,0.2058f,0f,0f,0f,1f],start_interpolation: 0,interpolation_duration: 1}
$data merge entity $(bone_head) {transformation: [-0.6037f,-0.3603f,-0.7112f,-0.1769f,-0.0062f,0.8941f,-0.4477f,1.3494f,0.7973f,-0.2659f,-0.542f,-0.0261f,0f,0f,0f,1f],start_interpolation: 0,interpolation_duration: 1}
$data merge entity $(bone_6) {transformation: [-0.587f,-0.0243f,-0.8092f,0.0108f,-0.136f,0.9883f,0.069f,0.4104f,0.7981f,0.1505f,-0.5835f,-0.0959f,0f,0f,0f,1f],start_interpolation: 0,interpolation_duration: 1}
$data merge entity $(bone_12) {transformation: [-0.587f,-0.4851f,-0.6481f,-0.1711f,-0.136f,0.8483f,-0.5117f,0.7285f,0.7981f,-0.2123f,-0.5639f,-0.1755f,0f,0f,0f,1f],start_interpolation: 0,interpolation_duration: 1}
$data merge entity $(bone_10) {transformation: [-0.6036f,-0.1222f,-0.7878f,-0.2698f,-0.0062f,0.9889f,-0.1486f,1.0356f,0.7972f,-0.0848f,-0.5977f,-0.0989f,0f,0f,0f,1f],start_interpolation: 0,interpolation_duration: 1}
$data merge entity $(bone_9) {transformation: [-0.6036f,0.2869f,-0.7438f,-0.1622f,-0.0062f,0.9313f,0.3643f,1.3849f,0.7972f,0.2245f,-0.5604f,-0.0147f,0f,0f,0f,1f],start_interpolation: 0,interpolation_duration: 1}
$data merge entity $(item_display_item_display) {transformation: [0.3253f,0.6238f,-0.2373f,-0.0213f,-0.452f,0.4002f,0.4323f,1.0143f,0.4911f,-0.045f,0.5551f,0.5466f,0f,0f,0f,1f],start_interpolation: 0,interpolation_duration: 1}
$data merge entity $(bone_2) {transformation: [0.3164f,-0.437f,0.8301f,-0.39f,-0.5764f,0.6006f,0.5359f,0.9969f,-0.7401f,-0.6546f,-0.0625f,0.4025f,0f,0f,0f,1f],start_interpolation: 0,interpolation_duration: 1}
$data merge entity $(bone_1) {transformation: [0.3164f,0.0351f,0.9374f,-0.3721f,-0.5764f,0.7878f,0.1651f,1.2688f,-0.7401f,-0.5986f,0.2722f,0.1985f,0f,0f,0f,1f],start_interpolation: 0,interpolation_duration: 1}
$data merge entity $(bone_4) {transformation: [-0.4529f,-0.8254f,0.3371f,0.2987f,-0.4728f,-0.0982f,-0.8757f,1.1806f,0.7559f,-0.556f,-0.3458f,-0.2236f,0f,0f,0f,1f],start_interpolation: 0,interpolation_duration: 1}
$data merge entity $(bone_3) {transformation: [-0.4529f,-0.8906f,0.0412f,-0.0353f,-0.4728f,0.2008f,-0.858f,1.2558f,0.7559f,-0.408f,-0.512f,-0.3766f,0f,0f,0f,1f],start_interpolation: 0,interpolation_duration: 1}
$data merge entity $(bone_8) {transformation: [-0.6785f,0.5208f,-0.518f,-0.2865f,0.1748f,0.7994f,0.5749f,0.4136f,0.7135f,0.2995f,-0.6334f,0.1268f,0f,0f,0f,1f],start_interpolation: 0,interpolation_duration: 1}
$data merge entity $(bone_7) {transformation: [-0.6785f,0.0672f,-0.7315f,-0.2952f,0.1748f,0.982f,-0.0719f,0.7176f,0.7135f,-0.1766f,-0.6781f,0.044f,0f,0f,0f,1f],start_interpolation: 0,interpolation_duration: 1}
data modify entity @s data merge value {"cameras":{"camera":{"posx":0.21499999999999983,"posy":1.52875,"posz":1.261875,"roty":156.3,"rotx":0}},"locators":{}}