# This file was generated by Animated Java via MC-Build. It is not recommended to edit this file directly.
$data merge entity $(bone_layer) {transformation: [-0.6035f,-0.362f,-0.7105f,-0.1777f,-0.0062f,0.8931f,-0.4498f,1.3496f,0.7975f,-0.267f,-0.5412f,-0.0267f,0f,0f,0f,1f],start_interpolation: 0,interpolation_duration: 1}
$data merge entity $(bone_l_1) {transformation: [-0.6035f,-0.362f,-0.7105f,-0.1292f,-0.0062f,0.8931f,-0.4498f,1.5932f,0.7975f,-0.267f,-0.5412f,0.149f,0f,0f,0f,1f],start_interpolation: 0,interpolation_duration: 1}
$data merge entity $(bone_eye_l) {transformation: [-0.6035f,-0.362f,-0.7105f,-0.1843f,-0.0062f,0.8931f,-0.4498f,1.3454f,0.7975f,-0.267f,-0.5412f,-0.0318f,0f,0f,0f,1f],start_interpolation: 0,interpolation_duration: 1}
$data merge entity $(bone_r_1) {transformation: [-0.6035f,-0.362f,-0.7105f,0.0028f,-0.0062f,0.8931f,-0.4498f,1.5945f,0.7975f,-0.267f,-0.5412f,-0.0254f,0f,0f,0f,1f],start_interpolation: 0,interpolation_duration: 1}
$data merge entity $(bone_eye_r) {transformation: [-0.6035f,-0.362f,-0.7105f,0.0179f,-0.0062f,0.8931f,-0.4498f,1.5667f,0.7975f,-0.267f,-0.5412f,-0.0338f,0f,0f,0f,1f],start_interpolation: 0,interpolation_duration: 1}
$data merge entity $(bone_eyes_down) {transformation: [-0.6035f,-0.362f,-0.7105f,-0.2116f,-0.0062f,0.8931f,-0.4498f,1.4333f,0.7975f,-0.267f,-0.5412f,-0.0517f,0f,0f,0f,1f],start_interpolation: 0,interpolation_duration: 1}
$data merge entity $(bone_eyes_up) {transformation: [-0.6035f,-0.362f,-0.7105f,-0.2599f,-0.0062f,0.8931f,-0.4498f,1.551f,0.7975f,-0.267f,-0.5412f,-0.0873f,0f,0f,0f,1f],start_interpolation: 0,interpolation_duration: 1}
$data merge entity $(bone_bone) {transformation: [-0.6035f,-0.362f,-0.7105f,-0.1777f,-0.0062f,0.8931f,-0.4498f,1.3496f,0.7975f,-0.267f,-0.5412f,-0.0267f,0f,0f,0f,1f],start_interpolation: 0,interpolation_duration: 1}
$data merge entity $(bone_l) {transformation: [-0.5869f,-0.2912f,-0.7105f,-0.1493f,-0.0456f,0.669f,-0.4498f,1.6572f,0.8085f,-0.1737f,-0.5412f,0.1539f,0f,0f,0f,1f],start_interpolation: 0,interpolation_duration: 1}
$data merge entity $(bone_r) {transformation: [-0.6189f,-0.2513f,-0.7105f,0.0015f,0.0332f,0.6694f,-0.4498f,1.6588f,0.7849f,-0.2265f,-0.5412f,-0.0454f,0f,0f,0f,1f],start_interpolation: 0,interpolation_duration: 1}
$data merge entity $(bone_sad) {transformation: [-0.8923f,-0.2275f,-0.7105f,-0.1482f,-0.0092f,0.5611f,-0.4498f,1.5595f,1.1791f,-0.1678f,-0.5412f,0.2048f,0f,0f,0f,1f],start_interpolation: 0,interpolation_duration: 1}
$data merge entity $(bone_head) {transformation: [-0.6035f,-0.362f,-0.7105f,-0.1777f,-0.0062f,0.8931f,-0.4498f,1.3496f,0.7975f,-0.267f,-0.5412f,-0.0267f,0f,0f,0f,1f],start_interpolation: 0,interpolation_duration: 1}
$data merge entity $(bone_6) {transformation: [-0.5868f,-0.0247f,-0.8094f,0.0104f,-0.1359f,0.9884f,0.0684f,0.4106f,0.7983f,0.1502f,-0.5833f,-0.0962f,0f,0f,0f,1f],start_interpolation: 0,interpolation_duration: 1}
$data merge entity $(bone_12) {transformation: [-0.5868f,-0.4855f,-0.6481f,-0.1717f,-0.1359f,0.848f,-0.5123f,0.7286f,0.7983f,-0.2125f,-0.5636f,-0.1759f,0f,0f,0f,1f],start_interpolation: 0,interpolation_duration: 1}
$data merge entity $(bone_10) {transformation: [-0.6034f,-0.1226f,-0.7879f,-0.2705f,-0.0062f,0.9888f,-0.1492f,1.0357f,0.7974f,-0.0851f,-0.5974f,-0.0993f,0f,0f,0f,1f],start_interpolation: 0,interpolation_duration: 1}
$data merge entity $(bone_9) {transformation: [-0.6034f,0.2865f,-0.7442f,-0.163f,-0.0062f,0.9315f,0.3636f,1.3851f,0.7974f,0.224f,-0.5603f,-0.0153f,0f,0f,0f,1f],start_interpolation: 0,interpolation_duration: 1}
$data merge entity $(item_display_item_display) {transformation: [0.3262f,0.6233f,-0.2374f,-0.0214f,-0.4517f,0.4009f,0.432f,1.0148f,0.4908f,-0.0454f,0.5553f,0.5459f,0f,0f,0f,1f],start_interpolation: 0,interpolation_duration: 1}
$data merge entity $(bone_2) {transformation: [0.3165f,-0.4383f,0.8294f,-0.3902f,-0.576f,0.6001f,0.5369f,0.9971f,-0.7404f,-0.6542f,-0.0631f,0.4021f,0f,0f,0f,1f],start_interpolation: 0,interpolation_duration: 1}
$data merge entity $(bone_1) {transformation: [0.3165f,0.0336f,0.9374f,-0.3728f,-0.576f,0.7878f,0.1662f,1.2689f,-0.7404f,-0.5986f,0.2714f,0.198f,0f,0f,0f,1f],start_interpolation: 0,interpolation_duration: 1}
$data merge entity $(bone_4) {transformation: [-0.4524f,-0.8252f,0.3382f,0.2978f,-0.4727f,-0.0996f,-0.8756f,1.1826f,0.7562f,-0.556f,-0.345f,-0.2232f,0f,0f,0f,1f],start_interpolation: 0,interpolation_duration: 1}
$data merge entity $(bone_3) {transformation: [-0.4524f,-0.8906f,0.0461f,-0.0362f,-0.4727f,0.1957f,-0.8592f,1.2559f,0.7562f,-0.4105f,-0.5095f,-0.3772f,0f,0f,0f,1f],start_interpolation: 0,interpolation_duration: 1}
$data merge entity $(bone_8) {transformation: [-0.6784f,0.5205f,-0.5185f,-0.2867f,0.1747f,0.7998f,0.5743f,0.4138f,0.7136f,0.2991f,-0.6335f,0.1266f,0f,0f,0f,1f],start_interpolation: 0,interpolation_duration: 1}
$data merge entity $(bone_7) {transformation: [-0.6784f,0.0667f,-0.7316f,-0.2956f,0.1747f,0.982f,-0.0725f,0.7177f,0.7136f,-0.177f,-0.6778f,0.0437f,0f,0f,0f,1f],start_interpolation: 0,interpolation_duration: 1}
data modify entity @s data merge value {"cameras":{"camera1":{"px":0.21491481192129613,"py":1.5286829933449073,"pz":1.2657180338541667,"ry":156.0939801851852,"rx":0}},"locators":{}}