# This file was generated by Animated Java via MC-Build. It is not recommended to edit this file directly.
$data merge entity $(bone_layer) {transformation: [-0.6032f,-0.3633f,-0.7101f,-0.1784f,-0.0062f,0.8923f,-0.4514f,1.3497f,0.7977f,-0.2678f,-0.5404f,-0.0272f,0f,0f,0f,1f],start_interpolation: 0,interpolation_duration: 1}
$data merge entity $(bone_l_1) {transformation: [-0.6032f,-0.3633f,-0.7101f,-0.1302f,-0.0062f,0.8923f,-0.4514f,1.5936f,0.7977f,-0.2678f,-0.5404f,0.1482f,0f,0f,0f,1f],start_interpolation: 0,interpolation_duration: 1}
$data merge entity $(bone_eye_l) {transformation: [-0.6032f,-0.3633f,-0.7101f,-0.185f,-0.0062f,0.8923f,-0.4514f,1.3455f,0.7977f,-0.2678f,-0.5404f,-0.0323f,0f,0f,0f,1f],start_interpolation: 0,interpolation_duration: 1}
$data merge entity $(bone_r_1) {transformation: [-0.6032f,-0.3633f,-0.7101f,0.0017f,-0.0062f,0.8923f,-0.4514f,1.5949f,0.7977f,-0.2678f,-0.5404f,-0.0263f,0f,0f,0f,1f],start_interpolation: 0,interpolation_duration: 1}
$data merge entity $(bone_eye_r) {transformation: [-0.6032f,-0.3633f,-0.7101f,0.0169f,-0.0062f,0.8923f,-0.4514f,1.5671f,0.7977f,-0.2678f,-0.5404f,-0.0346f,0f,0f,0f,1f],start_interpolation: 0,interpolation_duration: 1}
$data merge entity $(bone_eyes_down) {transformation: [-0.6032f,-0.3633f,-0.7101f,-0.2125f,-0.0062f,0.8923f,-0.4514f,1.4334f,0.7977f,-0.2678f,-0.5404f,-0.0524f,0f,0f,0f,1f],start_interpolation: 0,interpolation_duration: 1}
$data merge entity $(bone_eyes_up) {transformation: [-0.6032f,-0.3633f,-0.7101f,-0.261f,-0.0062f,0.8923f,-0.4514f,1.5511f,0.7977f,-0.2678f,-0.5404f,-0.0881f,0f,0f,0f,1f],start_interpolation: 0,interpolation_duration: 1}
$data merge entity $(bone_bone) {transformation: [-0.6032f,-0.3633f,-0.7101f,-0.1784f,-0.0062f,0.8923f,-0.4514f,1.3497f,0.7977f,-0.2678f,-0.5404f,-0.0272f,0f,0f,0f,1f],start_interpolation: 0,interpolation_duration: 1}
$data merge entity $(bone_l) {transformation: [-0.5864f,-0.2924f,-0.7101f,-0.1505f,-0.046f,0.6684f,-0.4514f,1.6577f,0.8089f,-0.174f,-0.5404f,0.153f,0f,0f,0f,1f],start_interpolation: 0,interpolation_duration: 1}
$data merge entity $(bone_r) {transformation: [-0.6188f,-0.252f,-0.7101f,0.0003f,0.0337f,0.6688f,-0.4514f,1.6592f,0.7849f,-0.2274f,-0.5404f,-0.0464f,0f,0f,0f,1f],start_interpolation: 0,interpolation_duration: 1}
$data merge entity $(bone_sad) {transformation: [-0.8934f,-0.2281f,-0.7101f,-0.1491f,-0.0091f,0.5601f,-0.4514f,1.56f,1.1815f,-0.1681f,-0.5404f,0.2039f,0f,0f,0f,1f],start_interpolation: 0,interpolation_duration: 1}
$data merge entity $(bone_head) {transformation: [-0.6032f,-0.3633f,-0.7101f,-0.1784f,-0.0062f,0.8923f,-0.4514f,1.3497f,0.7977f,-0.2678f,-0.5404f,-0.0272f,0f,0f,0f,1f],start_interpolation: 0,interpolation_duration: 1}
$data merge entity $(bone_6) {transformation: [-0.5864f,-0.025f,-0.8096f,0.0101f,-0.1359f,0.9884f,0.0679f,0.4108f,0.7985f,0.1499f,-0.583f,-0.0965f,0f,0f,0f,1f],start_interpolation: 0,interpolation_duration: 1}
$data merge entity $(bone_12) {transformation: [-0.5864f,-0.486f,-0.648f,-0.1722f,-0.1359f,0.8477f,-0.5128f,0.7287f,0.7985f,-0.2126f,-0.5631f,-0.1762f,0f,0f,0f,1f],start_interpolation: 0,interpolation_duration: 1}
$data merge entity $(bone_10) {transformation: [-0.6031f,-0.1231f,-0.7881f,-0.2711f,-0.0062f,0.9887f,-0.1497f,1.0358f,0.7976f,-0.0854f,-0.5971f,-0.0997f,0f,0f,0f,1f],start_interpolation: 0,interpolation_duration: 1}
$data merge entity $(bone_9) {transformation: [-0.6031f,0.2861f,-0.7446f,-0.1638f,-0.0062f,0.9317f,0.3631f,1.3852f,0.7976f,0.2236f,-0.5602f,-0.0159f,0f,0f,0f,1f],start_interpolation: 0,interpolation_duration: 1}
$data merge entity $(item_display_item_display) {transformation: [0.3271f,0.6229f,-0.2374f,-0.0214f,-0.4514f,0.4015f,0.4317f,1.0154f,0.4905f,-0.0458f,0.5555f,0.5451f,0f,0f,0f,1f],start_interpolation: 0,interpolation_duration: 1}
$data merge entity $(bone_2) {transformation: [0.3165f,-0.4395f,0.8287f,-0.3903f,-0.5756f,0.5996f,0.5378f,0.9972f,-0.7407f,-0.6537f,-0.0638f,0.4016f,0f,0f,0f,1f],start_interpolation: 0,interpolation_duration: 1}
$data merge entity $(bone_1) {transformation: [0.3165f,0.0321f,0.9375f,-0.3734f,-0.5756f,0.7879f,0.1673f,1.2691f,-0.7407f,-0.5985f,0.2706f,0.1975f,0f,0f,0f,1f],start_interpolation: 0,interpolation_duration: 1}
$data merge entity $(bone_4) {transformation: [-0.452f,-0.825f,0.3393f,0.297f,-0.4727f,-0.1012f,-0.8754f,1.1844f,0.7565f,-0.556f,-0.3442f,-0.223f,0f,0f,0f,1f],start_interpolation: 0,interpolation_duration: 1}
$data merge entity $(bone_3) {transformation: [-0.452f,-0.8906f,0.0506f,-0.037f,-0.4727f,0.191f,-0.8603f,1.256f,0.7565f,-0.4127f,-0.5073f,-0.3778f,0f,0f,0f,1f],start_interpolation: 0,interpolation_duration: 1}
$data merge entity $(bone_8) {transformation: [-0.6783f,0.5202f,-0.519f,-0.287f,0.1746f,0.8002f,0.5738f,0.414f,0.7138f,0.2986f,-0.6335f,0.1264f,0f,0f,0f,1f],start_interpolation: 0,interpolation_duration: 1}
$data merge entity $(bone_7) {transformation: [-0.6783f,0.0661f,-0.7318f,-0.2961f,0.1746f,0.9819f,-0.073f,0.7179f,0.7138f,-0.1773f,-0.6775f,0.0434f,0f,0f,0f,1f],start_interpolation: 0,interpolation_duration: 1}
data modify entity @s data merge value {"cameras":{"camera":{"posx":0.21488655092592576,"posy":1.5286375578703704,"posz":1.2698970486111112,"roty":155.91848592592595,"rotx":0}},"locators":{}}