# This file was generated by Animated Java via MC-Build. It is not recommended to edit this file directly.
$data merge entity $(bone_layer) {transformation: [-0.6028f,-0.3643f,-0.7099f,-0.1791f,-0.0061f,0.8918f,-0.4525f,1.3499f,0.798f,-0.2684f,-0.5398f,-0.0278f,0f,0f,0f,1f],start_interpolation: 0,interpolation_duration: 1}
$data merge entity $(bone_l_1) {transformation: [-0.6028f,-0.3643f,-0.7099f,-0.1311f,-0.0061f,0.8918f,-0.4525f,1.5939f,0.798f,-0.2684f,-0.5398f,0.1474f,0f,0f,0f,1f],start_interpolation: 0,interpolation_duration: 1}
$data merge entity $(bone_eye_l) {transformation: [-0.6028f,-0.3643f,-0.7099f,-0.1857f,-0.0061f,0.8918f,-0.4525f,1.3456f,0.798f,-0.2684f,-0.5398f,-0.0329f,0f,0f,0f,1f],start_interpolation: 0,interpolation_duration: 1}
$data merge entity $(bone_r_1) {transformation: [-0.6028f,-0.3643f,-0.7099f,0.0008f,-0.0061f,0.8918f,-0.4525f,1.5953f,0.798f,-0.2684f,-0.5398f,-0.0271f,0f,0f,0f,1f],start_interpolation: 0,interpolation_duration: 1}
$data merge entity $(bone_eye_r) {transformation: [-0.6028f,-0.3643f,-0.7099f,0.016f,-0.0061f,0.8918f,-0.4525f,1.5674f,0.798f,-0.2684f,-0.5398f,-0.0354f,0f,0f,0f,1f],start_interpolation: 0,interpolation_duration: 1}
$data merge entity $(bone_eyes_down) {transformation: [-0.6028f,-0.3643f,-0.7099f,-0.2132f,-0.0061f,0.8918f,-0.4525f,1.4335f,0.798f,-0.2684f,-0.5398f,-0.053f,0f,0f,0f,1f],start_interpolation: 0,interpolation_duration: 1}
$data merge entity $(bone_eyes_up) {transformation: [-0.6028f,-0.3643f,-0.7099f,-0.2619f,-0.0061f,0.8918f,-0.4525f,1.5512f,0.798f,-0.2684f,-0.5398f,-0.0888f,0f,0f,0f,1f],start_interpolation: 0,interpolation_duration: 1}
$data merge entity $(bone_bone) {transformation: [-0.6028f,-0.3643f,-0.7099f,-0.1791f,-0.0061f,0.8918f,-0.4525f,1.3499f,0.798f,-0.2684f,-0.5398f,-0.0278f,0f,0f,0f,1f],start_interpolation: 0,interpolation_duration: 1}
$data merge entity $(bone_l) {transformation: [-0.5858f,-0.2934f,-0.7099f,-0.1514f,-0.0464f,0.6679f,-0.4525f,1.6581f,0.8093f,-0.1741f,-0.5398f,0.1522f,0f,0f,0f,1f],start_interpolation: 0,interpolation_duration: 1}
$data merge entity $(bone_r) {transformation: [-0.6187f,-0.2526f,-0.7099f,-0.0007f,0.0341f,0.6683f,-0.4525f,1.6596f,0.785f,-0.2281f,-0.5398f,-0.0473f,0f,0f,0f,1f],start_interpolation: 0,interpolation_duration: 1}
$data merge entity $(bone_sad) {transformation: [-0.8953f,-0.2284f,-0.7099f,-0.1498f,-0.0091f,0.5589f,-0.4525f,1.5604f,1.1851f,-0.1682f,-0.5398f,0.2031f,0f,0f,0f,1f],start_interpolation: 0,interpolation_duration: 1}
$data merge entity $(bone_head) {transformation: [-0.6028f,-0.3643f,-0.7099f,-0.1791f,-0.0061f,0.8918f,-0.4525f,1.3499f,0.798f,-0.2684f,-0.5398f,-0.0278f,0f,0f,0f,1f],start_interpolation: 0,interpolation_duration: 1}
$data merge entity $(bone_6) {transformation: [-0.586f,-0.0253f,-0.8099f,0.0097f,-0.1359f,0.9884f,0.0675f,0.411f,0.7988f,0.1496f,-0.5826f,-0.0968f,0f,0f,0f,1f],start_interpolation: 0,interpolation_duration: 1}
$data merge entity $(bone_12) {transformation: [-0.586f,-0.4864f,-0.6481f,-0.1727f,-0.1359f,0.8475f,-0.5132f,0.7288f,0.7988f,-0.2127f,-0.5627f,-0.1766f,0f,0f,0f,1f],start_interpolation: 0,interpolation_duration: 1}
$data merge entity $(bone_10) {transformation: [-0.6028f,-0.1235f,-0.7883f,-0.2716f,-0.0061f,0.9886f,-0.1502f,1.0359f,0.7979f,-0.0857f,-0.5967f,-0.1001f,0f,0f,0f,1f],start_interpolation: 0,interpolation_duration: 1}
$data merge entity $(bone_9) {transformation: [-0.6028f,0.2858f,-0.745f,-0.1644f,-0.0061f,0.9319f,0.3625f,1.3854f,0.7979f,0.2231f,-0.56f,-0.0165f,0f,0f,0f,1f],start_interpolation: 0,interpolation_duration: 1}
$data merge entity $(item_display_item_display) {transformation: [0.3279f,0.6224f,-0.2373f,-0.0213f,-0.4511f,0.4022f,0.4313f,1.0158f,0.4901f,-0.0463f,0.5558f,0.5443f,0f,0f,0f,1f],start_interpolation: 0,interpolation_duration: 1}
$data merge entity $(bone_2) {transformation: [0.3165f,-0.4408f,0.8281f,-0.3903f,-0.5751f,0.5992f,0.5388f,0.9973f,-0.7411f,-0.6533f,-0.0645f,0.4012f,0f,0f,0f,1f],start_interpolation: 0,interpolation_duration: 1}
$data merge entity $(bone_1) {transformation: [0.3165f,0.0306f,0.9376f,-0.3739f,-0.5751f,0.788f,0.1684f,1.2692f,-0.7411f,-0.5985f,0.2697f,0.1971f,0f,0f,0f,1f],start_interpolation: 0,interpolation_duration: 1}
$data merge entity $(bone_4) {transformation: [-0.4514f,-0.8248f,0.3405f,0.2962f,-0.4726f,-0.1027f,-0.8753f,1.1861f,0.7569f,-0.5561f,-0.3434f,-0.2229f,0f,0f,0f,1f],start_interpolation: 0,interpolation_duration: 1}
$data merge entity $(bone_3) {transformation: [-0.4514f,-0.8906f,0.0546f,-0.0377f,-0.4726f,0.1867f,-0.8613f,1.2561f,0.7569f,-0.4146f,-0.5052f,-0.3783f,0f,0f,0f,1f],start_interpolation: 0,interpolation_duration: 1}
$data merge entity $(bone_8) {transformation: [-0.678f,0.5199f,-0.5196f,-0.2872f,0.1745f,0.8005f,0.5734f,0.4141f,0.7141f,0.2981f,-0.6335f,0.1262f,0f,0f,0f,1f],start_interpolation: 0,interpolation_duration: 1}
$data merge entity $(bone_7) {transformation: [-0.678f,0.0656f,-0.7321f,-0.2964f,0.1745f,0.9819f,-0.0735f,0.718f,0.7141f,-0.1776f,-0.6772f,0.0432f,0f,0f,0f,1f],start_interpolation: 0,interpolation_duration: 1}
data modify entity @s data merge value {"cameras":{"camera":{"posx":0.21491242187499984,"posy":1.5286126953124999,"posz":1.2744025390625,"roty":155.771865,"rotx":0}},"locators":{}}