# This file was generated by Animated Java via MC-Build. It is not recommended to edit this file directly.
$data merge entity $(bone_layer) {transformation: [-0.6024f,-0.365f,-0.7099f,-0.1797f,-0.0061f,0.8914f,-0.4532f,1.35f,0.7983f,-0.2686f,-0.5392f,-0.0283f,0f,0f,0f,1f],start_interpolation: 0,interpolation_duration: 1}
$data merge entity $(bone_l_1) {transformation: [-0.6024f,-0.365f,-0.7099f,-0.1317f,-0.0061f,0.8914f,-0.4532f,1.5942f,0.7983f,-0.2686f,-0.5392f,0.1467f,0f,0f,0f,1f],start_interpolation: 0,interpolation_duration: 1}
$data merge entity $(bone_eye_l) {transformation: [-0.6024f,-0.365f,-0.7099f,-0.1863f,-0.0061f,0.8914f,-0.4532f,1.3457f,0.7983f,-0.2686f,-0.5392f,-0.0334f,0f,0f,0f,1f],start_interpolation: 0,interpolation_duration: 1}
$data merge entity $(bone_r_1) {transformation: [-0.6024f,-0.365f,-0.7099f,0f,-0.0061f,0.8914f,-0.4532f,1.5955f,0.7983f,-0.2686f,-0.5392f,-0.0279f,0f,0f,0f,1f],start_interpolation: 0,interpolation_duration: 1}
$data merge entity $(bone_eye_r) {transformation: [-0.6024f,-0.365f,-0.7099f,0.0153f,-0.0061f,0.8914f,-0.4532f,1.5677f,0.7983f,-0.2686f,-0.5392f,-0.0362f,0f,0f,0f,1f],start_interpolation: 0,interpolation_duration: 1}
$data merge entity $(bone_eyes_down) {transformation: [-0.6024f,-0.365f,-0.7099f,-0.2139f,-0.0061f,0.8914f,-0.4532f,1.4336f,0.7983f,-0.2686f,-0.5392f,-0.0535f,0f,0f,0f,1f],start_interpolation: 0,interpolation_duration: 1}
$data merge entity $(bone_eyes_up) {transformation: [-0.6024f,-0.365f,-0.7099f,-0.2627f,-0.0061f,0.8914f,-0.4532f,1.5514f,0.7983f,-0.2686f,-0.5392f,-0.0894f,0f,0f,0f,1f],start_interpolation: 0,interpolation_duration: 1}
$data merge entity $(bone_bone) {transformation: [-0.6024f,-0.365f,-0.7099f,-0.1797f,-0.0061f,0.8914f,-0.4532f,1.35f,0.7983f,-0.2686f,-0.5392f,-0.0283f,0f,0f,0f,1f],start_interpolation: 0,interpolation_duration: 1}
$data merge entity $(bone_l) {transformation: [-0.5851f,-0.2941f,-0.7099f,-0.1521f,-0.0467f,0.6676f,-0.4532f,1.6584f,0.8097f,-0.174f,-0.5392f,0.1514f,0f,0f,0f,1f],start_interpolation: 0,interpolation_duration: 1}
$data merge entity $(bone_r) {transformation: [-0.6184f,-0.2529f,-0.7099f,-0.0015f,0.0345f,0.6681f,-0.4532f,1.6599f,0.7852f,-0.2286f,-0.5392f,-0.0481f,0f,0f,0f,1f],start_interpolation: 0,interpolation_duration: 1}
$data merge entity $(bone_sad) {transformation: [-0.8978f,-0.2283f,-0.7099f,-0.1503f,-0.0091f,0.5576f,-0.4532f,1.5606f,1.1898f,-0.168f,-0.5392f,0.2023f,0f,0f,0f,1f],start_interpolation: 0,interpolation_duration: 1}
$data merge entity $(bone_head) {transformation: [-0.6024f,-0.365f,-0.7099f,-0.1797f,-0.0061f,0.8914f,-0.4532f,1.35f,0.7983f,-0.2686f,-0.5392f,-0.0283f,0f,0f,0f,1f],start_interpolation: 0,interpolation_duration: 1}
$data merge entity $(bone_6) {transformation: [-0.5855f,-0.0255f,-0.8102f,0.0094f,-0.1358f,0.9885f,0.0671f,0.4112f,0.7992f,0.1493f,-0.5822f,-0.0972f,0f,0f,0f,1f],start_interpolation: 0,interpolation_duration: 1}
$data merge entity $(bone_12) {transformation: [-0.5855f,-0.4868f,-0.6482f,-0.1731f,-0.1358f,0.8472f,-0.5136f,0.7289f,0.7992f,-0.2127f,-0.5622f,-0.1769f,0f,0f,0f,1f],start_interpolation: 0,interpolation_duration: 1}
$data merge entity $(bone_10) {transformation: [-0.6024f,-0.1239f,-0.7886f,-0.2721f,-0.0061f,0.9886f,-0.1507f,1.0359f,0.7982f,-0.086f,-0.5962f,-0.1005f,0f,0f,0f,1f],start_interpolation: 0,interpolation_duration: 1}
$data merge entity $(bone_9) {transformation: [-0.6024f,0.2856f,-0.7454f,-0.165f,-0.0061f,0.9321f,0.3621f,1.3855f,0.7982f,0.2226f,-0.5597f,-0.017f,0f,0f,0f,1f],start_interpolation: 0,interpolation_duration: 1}
$data merge entity $(item_display_item_display) {transformation: [0.3288f,0.622f,-0.2372f,-0.0212f,-0.4509f,0.4028f,0.431f,1.0163f,0.4898f,-0.0468f,0.5561f,0.5435f,0f,0f,0f,1f],start_interpolation: 0,interpolation_duration: 1}
$data merge entity $(bone_2) {transformation: [0.3163f,-0.442f,0.8274f,-0.3902f,-0.5747f,0.5988f,0.5396f,0.9974f,-0.7415f,-0.6527f,-0.0653f,0.4007f,0f,0f,0f,1f],start_interpolation: 0,interpolation_duration: 1}
$data merge entity $(bone_1) {transformation: [0.3163f,0.0292f,0.9377f,-0.3744f,-0.5747f,0.7881f,0.1694f,1.2693f,-0.7415f,-0.5984f,0.2687f,0.1967f,0f,0f,0f,1f],start_interpolation: 0,interpolation_duration: 1}
$data merge entity $(bone_4) {transformation: [-0.4509f,-0.8246f,0.3417f,0.2955f,-0.4725f,-0.1043f,-0.8751f,1.1876f,0.7573f,-0.5561f,-0.3426f,-0.2228f,0f,0f,0f,1f],start_interpolation: 0,interpolation_duration: 1}
$data merge entity $(bone_3) {transformation: [-0.4509f,-0.8907f,0.0582f,-0.0385f,-0.4725f,0.1828f,-0.8622f,1.2562f,0.7573f,-0.4163f,-0.5033f,-0.3789f,0f,0f,0f,1f],start_interpolation: 0,interpolation_duration: 1}
$data merge entity $(bone_8) {transformation: [-0.6777f,0.5198f,-0.5202f,-0.2874f,0.1744f,0.8008f,0.573f,0.4142f,0.7144f,0.2976f,-0.6333f,0.126f,0f,0f,0f,1f],start_interpolation: 0,interpolation_duration: 1}
$data merge entity $(bone_7) {transformation: [-0.6777f,0.0652f,-0.7324f,-0.2968f,0.1744f,0.9819f,-0.074f,0.7181f,0.7144f,-0.1779f,-0.6768f,0.0429f,0f,0f,0f,1f],start_interpolation: 0,interpolation_duration: 1}
data modify entity @s data merge value {"cameras":{"camera1":{"px":0.21498962962962945,"py":1.5286074074074074,"pz":1.279225,"ry":155.65246518518518,"rx":0}},"locators":{}}