# This file was generated by Animated Java via MC-Build. It is not recommended to edit this file directly.
$data merge entity $(bone_layer) {transformation: [-0.6019f,-0.3654f,-0.7101f,-0.1802f,-0.0061f,0.8912f,-0.4535f,1.3501f,0.7986f,-0.2687f,-0.5386f,-0.0288f,0f,0f,0f,1f],start_interpolation: 0,interpolation_duration: 1}
$data merge entity $(bone_l_1) {transformation: [-0.6019f,-0.3654f,-0.7101f,-0.1322f,-0.0061f,0.8912f,-0.4535f,1.5943f,0.7986f,-0.2687f,-0.5386f,0.1461f,0f,0f,0f,1f],start_interpolation: 0,interpolation_duration: 1}
$data merge entity $(bone_eye_l) {transformation: [-0.6019f,-0.3654f,-0.7101f,-0.1869f,-0.0061f,0.8912f,-0.4535f,1.3458f,0.7986f,-0.2687f,-0.5386f,-0.0339f,0f,0f,0f,1f],start_interpolation: 0,interpolation_duration: 1}
$data merge entity $(bone_r_1) {transformation: [-0.6019f,-0.3654f,-0.7101f,-0.0006f,-0.0061f,0.8912f,-0.4535f,1.5956f,0.7986f,-0.2687f,-0.5386f,-0.0286f,0f,0f,0f,1f],start_interpolation: 0,interpolation_duration: 1}
$data merge entity $(bone_eye_r) {transformation: [-0.6019f,-0.3654f,-0.7101f,0.0147f,-0.0061f,0.8912f,-0.4535f,1.5678f,0.7986f,-0.2687f,-0.5386f,-0.0369f,0f,0f,0f,1f],start_interpolation: 0,interpolation_duration: 1}
$data merge entity $(bone_eyes_down) {transformation: [-0.6019f,-0.3654f,-0.7101f,-0.2145f,-0.0061f,0.8912f,-0.4535f,1.4336f,0.7986f,-0.2687f,-0.5386f,-0.054f,0f,0f,0f,1f],start_interpolation: 0,interpolation_duration: 1}
$data merge entity $(bone_eyes_up) {transformation: [-0.6019f,-0.3654f,-0.7101f,-0.2634f,-0.0061f,0.8912f,-0.4535f,1.5515f,0.7986f,-0.2687f,-0.5386f,-0.09f,0f,0f,0f,1f],start_interpolation: 0,interpolation_duration: 1}
$data merge entity $(bone_bone) {transformation: [-0.6019f,-0.3654f,-0.7101f,-0.1802f,-0.0061f,0.8912f,-0.4535f,1.3501f,0.7986f,-0.2687f,-0.5386f,-0.0288f,0f,0f,0f,1f],start_interpolation: 0,interpolation_duration: 1}
$data merge entity $(bone_l) {transformation: [-0.5845f,-0.2946f,-0.7101f,-0.1527f,-0.0471f,0.6675f,-0.4535f,1.6586f,0.8102f,-0.1737f,-0.5386f,0.1508f,0f,0f,0f,1f],start_interpolation: 0,interpolation_duration: 1}
$data merge entity $(bone_r) {transformation: [-0.6181f,-0.253f,-0.7101f,-0.0022f,0.0349f,0.6679f,-0.4535f,1.6601f,0.7854f,-0.2288f,-0.5386f,-0.0489f,0f,0f,0f,1f],start_interpolation: 0,interpolation_duration: 1}
$data merge entity $(bone_sad) {transformation: [-0.901f,-0.2281f,-0.7101f,-0.1507f,-0.0091f,0.5562f,-0.4535f,1.5609f,1.1954f,-0.1677f,-0.5386f,0.2016f,0f,0f,0f,1f],start_interpolation: 0,interpolation_duration: 1}
$data merge entity $(bone_head) {transformation: [-0.6019f,-0.3654f,-0.7101f,-0.1802f,-0.0061f,0.8912f,-0.4535f,1.3501f,0.7986f,-0.2687f,-0.5386f,-0.0288f,0f,0f,0f,1f],start_interpolation: 0,interpolation_duration: 1}
$data merge entity $(bone_6) {transformation: [-0.585f,-0.0256f,-0.8106f,0.0091f,-0.1358f,0.9885f,0.0667f,0.4113f,0.7996f,0.1491f,-0.5818f,-0.0975f,0f,0f,0f,1f],start_interpolation: 0,interpolation_duration: 1}
$data merge entity $(bone_12) {transformation: [-0.585f,-0.4872f,-0.6484f,-0.1736f,-0.1358f,0.847f,-0.5139f,0.7289f,0.7996f,-0.2126f,-0.5617f,-0.1773f,0f,0f,0f,1f],start_interpolation: 0,interpolation_duration: 1}
$data merge entity $(bone_10) {transformation: [-0.6019f,-0.1243f,-0.7889f,-0.2726f,-0.0061f,0.9885f,-0.1511f,1.036f,0.7986f,-0.0861f,-0.5957f,-0.1009f,0f,0f,0f,1f],start_interpolation: 0,interpolation_duration: 1}
$data merge entity $(bone_9) {transformation: [-0.6019f,0.2854f,-0.7458f,-0.1656f,-0.0061f,0.9323f,0.3616f,1.3856f,0.7986f,0.2222f,-0.5594f,-0.0176f,0f,0f,0f,1f],start_interpolation: 0,interpolation_duration: 1}
$data merge entity $(item_display_item_display) {transformation: [0.3297f,0.6216f,-0.2371f,-0.0209f,-0.4507f,0.4033f,0.4307f,1.0167f,0.4894f,-0.0474f,0.5564f,0.5427f,0f,0f,0f,1f],start_interpolation: 0,interpolation_duration: 1}
$data merge entity $(bone_2) {transformation: [0.3161f,-0.4433f,0.8268f,-0.3901f,-0.5743f,0.5985f,0.5404f,0.9974f,-0.7419f,-0.6522f,-0.0661f,0.4003f,0f,0f,0f,1f],start_interpolation: 0,interpolation_duration: 1}
$data merge entity $(bone_1) {transformation: [0.3161f,0.0277f,0.9378f,-0.3748f,-0.5743f,0.7882f,0.1703f,1.2694f,-0.7419f,-0.5984f,0.2677f,0.1963f,0f,0f,0f,1f],start_interpolation: 0,interpolation_duration: 1}
$data merge entity $(bone_4) {transformation: [-0.4503f,-0.8244f,0.3429f,0.2948f,-0.4724f,-0.1059f,-0.875f,1.189f,0.7577f,-0.556f,-0.3418f,-0.2229f,0f,0f,0f,1f],start_interpolation: 0,interpolation_duration: 1}
$data merge entity $(bone_3) {transformation: [-0.4503f,-0.8908f,0.0615f,-0.0392f,-0.4724f,0.1793f,-0.8629f,1.2562f,0.7577f,-0.4176f,-0.5016f,-0.3795f,0f,0f,0f,1f],start_interpolation: 0,interpolation_duration: 1}
$data merge entity $(bone_8) {transformation: [-0.6773f,0.5196f,-0.5208f,-0.2876f,0.1743f,0.8011f,0.5726f,0.4144f,0.7147f,0.2971f,-0.6332f,0.1258f,0f,0f,0f,1f],start_interpolation: 0,interpolation_duration: 1}
$data merge entity $(bone_7) {transformation: [-0.6773f,0.0647f,-0.7328f,-0.2971f,0.1743f,0.9819f,-0.0744f,0.7182f,0.7147f,-0.1781f,-0.6763f,0.0426f,0f,0f,0f,1f],start_interpolation: 0,interpolation_duration: 1}
data modify entity @s data merge value {"cameras":{"camera":{"posx":0.21511537905092576,"posy":1.5286206958912036,"posz":1.2843549262152778,"roty":155.55863425925926,"rotx":0}},"locators":{}}