# This file was generated by Animated Java via MC-Build. It is not recommended to edit this file directly.
$data merge entity $(bone_layer) {transformation: [-0.6014f,-0.3656f,-0.7104f,-0.1807f,-0.006f,0.8912f,-0.4535f,1.3502f,0.799f,-0.2685f,-0.5381f,-0.0294f,0f,0f,0f,1f],start_interpolation: 0,interpolation_duration: 1}
$data merge entity $(bone_l_1) {transformation: [-0.6014f,-0.3656f,-0.7104f,-0.1326f,-0.006f,0.8912f,-0.4535f,1.5944f,0.799f,-0.2685f,-0.5381f,0.1456f,0f,0f,0f,1f],start_interpolation: 0,interpolation_duration: 1}
$data merge entity $(bone_eye_l) {transformation: [-0.6014f,-0.3656f,-0.7104f,-0.1873f,-0.006f,0.8912f,-0.4535f,1.3459f,0.799f,-0.2685f,-0.5381f,-0.0344f,0f,0f,0f,1f],start_interpolation: 0,interpolation_duration: 1}
$data merge entity $(bone_r_1) {transformation: [-0.6014f,-0.3656f,-0.7104f,-0.0011f,-0.006f,0.8912f,-0.4535f,1.5957f,0.799f,-0.2685f,-0.5381f,-0.0292f,0f,0f,0f,1f],start_interpolation: 0,interpolation_duration: 1}
$data merge entity $(bone_eye_r) {transformation: [-0.6014f,-0.3656f,-0.7104f,0.0142f,-0.006f,0.8912f,-0.4535f,1.5679f,0.799f,-0.2685f,-0.5381f,-0.0375f,0f,0f,0f,1f],start_interpolation: 0,interpolation_duration: 1}
$data merge entity $(bone_eyes_down) {transformation: [-0.6014f,-0.3656f,-0.7104f,-0.215f,-0.006f,0.8912f,-0.4535f,1.4337f,0.799f,-0.2685f,-0.5381f,-0.0545f,0f,0f,0f,1f],start_interpolation: 0,interpolation_duration: 1}
$data merge entity $(bone_eyes_up) {transformation: [-0.6014f,-0.3656f,-0.7104f,-0.2639f,-0.006f,0.8912f,-0.4535f,1.5517f,0.799f,-0.2685f,-0.5381f,-0.0905f,0f,0f,0f,1f],start_interpolation: 0,interpolation_duration: 1}
$data merge entity $(bone_bone) {transformation: [-0.6014f,-0.3656f,-0.7104f,-0.1807f,-0.006f,0.8912f,-0.4535f,1.3502f,0.799f,-0.2685f,-0.5381f,-0.0294f,0f,0f,0f,1f],start_interpolation: 0,interpolation_duration: 1}
$data merge entity $(bone_l) {transformation: [-0.5838f,-0.2948f,-0.7104f,-0.153f,-0.0474f,0.6675f,-0.4535f,1.6588f,0.8106f,-0.1733f,-0.5381f,0.1502f,0f,0f,0f,1f],start_interpolation: 0,interpolation_duration: 1}
$data merge entity $(bone_r) {transformation: [-0.6177f,-0.253f,-0.7104f,-0.0027f,0.0353f,0.6679f,-0.4535f,1.6603f,0.7857f,-0.2289f,-0.5381f,-0.0495f,0f,0f,0f,1f],start_interpolation: 0,interpolation_duration: 1}
$data merge entity $(bone_sad) {transformation: [-0.9046f,-0.2275f,-0.7104f,-0.151f,-0.0091f,0.5546f,-0.4535f,1.561f,1.2018f,-0.1671f,-0.5381f,0.201f,0f,0f,0f,1f],start_interpolation: 0,interpolation_duration: 1}
$data merge entity $(bone_head) {transformation: [-0.6014f,-0.3656f,-0.7104f,-0.1807f,-0.006f,0.8912f,-0.4535f,1.3502f,0.799f,-0.2685f,-0.5381f,-0.0294f,0f,0f,0f,1f],start_interpolation: 0,interpolation_duration: 1}
$data merge entity $(bone_6) {transformation: [-0.5845f,-0.0257f,-0.811f,0.0088f,-0.1357f,0.9885f,0.0664f,0.4114f,0.8f,0.1489f,-0.5812f,-0.0979f,0f,0f,0f,1f],start_interpolation: 0,interpolation_duration: 1}
$data merge entity $(bone_12) {transformation: [-0.5845f,-0.4875f,-0.6486f,-0.174f,-0.1357f,0.8468f,-0.5142f,0.729f,0.8f,-0.2125f,-0.5611f,-0.1776f,0f,0f,0f,1f],start_interpolation: 0,interpolation_duration: 1}
$data merge entity $(bone_10) {transformation: [-0.6014f,-0.1246f,-0.7892f,-0.273f,-0.006f,0.9884f,-0.1514f,1.036f,0.799f,-0.0863f,-0.5952f,-0.1012f,0f,0f,0f,1f],start_interpolation: 0,interpolation_duration: 1}
$data merge entity $(bone_9) {transformation: [-0.6014f,0.2852f,-0.7463f,-0.1661f,-0.006f,0.9325f,0.3612f,1.3857f,0.799f,0.2217f,-0.559f,-0.0181f,0f,0f,0f,1f],start_interpolation: 0,interpolation_duration: 1}
$data merge entity $(item_display_item_display) {transformation: [0.3306f,0.6212f,-0.2368f,-0.0206f,-0.4505f,0.4038f,0.4304f,1.0171f,0.4889f,-0.0479f,0.5567f,0.5419f,0f,0f,0f,1f],start_interpolation: 0,interpolation_duration: 1}
$data merge entity $(bone_2) {transformation: [0.3158f,-0.4446f,0.8263f,-0.39f,-0.5739f,0.5982f,0.5412f,0.9975f,-0.7423f,-0.6516f,-0.0669f,0.3999f,0f,0f,0f,1f],start_interpolation: 0,interpolation_duration: 1}
$data merge entity $(bone_1) {transformation: [0.3158f,0.0262f,0.9379f,-0.3751f,-0.5739f,0.7883f,0.1712f,1.2695f,-0.7423f,-0.5983f,0.2667f,0.196f,0f,0f,0f,1f],start_interpolation: 0,interpolation_duration: 1}
$data merge entity $(bone_4) {transformation: [-0.4497f,-0.8242f,0.3441f,0.2942f,-0.4724f,-0.1075f,-0.8748f,1.1902f,0.7581f,-0.5559f,-0.341f,-0.223f,0f,0f,0f,1f],start_interpolation: 0,interpolation_duration: 1}
$data merge entity $(bone_3) {transformation: [-0.4497f,-0.8909f,0.0643f,-0.0399f,-0.4724f,0.1761f,-0.8636f,1.2563f,0.7581f,-0.4187f,-0.5f,-0.3801f,0f,0f,0f,1f],start_interpolation: 0,interpolation_duration: 1}
$data merge entity $(bone_8) {transformation: [-0.6769f,0.5196f,-0.5214f,-0.2877f,0.1743f,0.8013f,0.5723f,0.4145f,0.7151f,0.2965f,-0.633f,0.1255f,0f,0f,0f,1f],start_interpolation: 0,interpolation_duration: 1}
$data merge entity $(bone_7) {transformation: [-0.6769f,0.0643f,-0.7332f,-0.2974f,0.1743f,0.9819f,-0.0748f,0.7182f,0.7151f,-0.1784f,-0.6758f,0.0423f,0f,0f,0f,1f],start_interpolation: 0,interpolation_duration: 1}
data modify entity @s data merge value {"cameras":{"camera1":{"px":0.21528687499999982,"py":1.5286515625,"pz":1.2897828125,"ry":155.48872,"rx":0}},"locators":{}}