# This file was generated by Animated Java via MC-Build. It is not recommended to edit this file directly.
$data merge entity $(bone_layer) {transformation: [-0.6009f,-0.3656f,-0.7109f,-0.1811f,-0.006f,0.8913f,-0.4533f,1.3503f,0.7995f,-0.2681f,-0.5377f,-0.0298f,0f,0f,0f,1f],start_interpolation: 0,interpolation_duration: 1}
$data merge entity $(bone_l_1) {transformation: [-0.6009f,-0.3656f,-0.7109f,-0.1329f,-0.006f,0.8913f,-0.4533f,1.5945f,0.7995f,-0.2681f,-0.5377f,0.1451f,0f,0f,0f,1f],start_interpolation: 0,interpolation_duration: 1}
$data merge entity $(bone_eye_l) {transformation: [-0.6009f,-0.3656f,-0.7109f,-0.1878f,-0.006f,0.8913f,-0.4533f,1.346f,0.7995f,-0.2681f,-0.5377f,-0.0349f,0f,0f,0f,1f],start_interpolation: 0,interpolation_duration: 1}
$data merge entity $(bone_r_1) {transformation: [-0.6009f,-0.3656f,-0.7109f,-0.0014f,-0.006f,0.8913f,-0.4533f,1.5958f,0.7995f,-0.2681f,-0.5377f,-0.0298f,0f,0f,0f,1f],start_interpolation: 0,interpolation_duration: 1}
$data merge entity $(bone_eye_r) {transformation: [-0.6009f,-0.3656f,-0.7109f,0.0138f,-0.006f,0.8913f,-0.4533f,1.568f,0.7995f,-0.2681f,-0.5377f,-0.0381f,0f,0f,0f,1f],start_interpolation: 0,interpolation_duration: 1}
$data merge entity $(bone_eyes_down) {transformation: [-0.6009f,-0.3656f,-0.7109f,-0.2154f,-0.006f,0.8913f,-0.4533f,1.4338f,0.7995f,-0.2681f,-0.5377f,-0.055f,0f,0f,0f,1f],start_interpolation: 0,interpolation_duration: 1}
$data merge entity $(bone_eyes_up) {transformation: [-0.6009f,-0.3656f,-0.7109f,-0.2644f,-0.006f,0.8913f,-0.4533f,1.5519f,0.7995f,-0.2681f,-0.5377f,-0.0909f,0f,0f,0f,1f],start_interpolation: 0,interpolation_duration: 1}
$data merge entity $(bone_bone) {transformation: [-0.6009f,-0.3656f,-0.7109f,-0.1811f,-0.006f,0.8913f,-0.4533f,1.3503f,0.7995f,-0.2681f,-0.5377f,-0.0298f,0f,0f,0f,1f],start_interpolation: 0,interpolation_duration: 1}
$data merge entity $(bone_l) {transformation: [-0.5831f,-0.2949f,-0.7109f,-0.1533f,-0.0477f,0.6676f,-0.4533f,1.6589f,0.8111f,-0.1728f,-0.5377f,0.1498f,0f,0f,0f,1f],start_interpolation: 0,interpolation_duration: 1}
$data merge entity $(bone_r) {transformation: [-0.6173f,-0.2528f,-0.7109f,-0.0031f,0.0357f,0.668f,-0.4533f,1.6604f,0.7861f,-0.2289f,-0.5377f,-0.0501f,0f,0f,0f,1f],start_interpolation: 0,interpolation_duration: 1}
$data merge entity $(bone_sad) {transformation: [-0.9086f,-0.2268f,-0.7109f,-0.1512f,-0.009f,0.5531f,-0.4533f,1.5611f,1.2089f,-0.1663f,-0.5377f,0.2004f,0f,0f,0f,1f],start_interpolation: 0,interpolation_duration: 1}
$data merge entity $(bone_head) {transformation: [-0.6009f,-0.3656f,-0.7109f,-0.1811f,-0.006f,0.8913f,-0.4533f,1.3503f,0.7995f,-0.2681f,-0.5377f,-0.0298f,0f,0f,0f,1f],start_interpolation: 0,interpolation_duration: 1}
$data merge entity $(bone_6) {transformation: [-0.5839f,-0.0258f,-0.8114f,0.0086f,-0.1357f,0.9885f,0.0662f,0.4115f,0.8004f,0.1487f,-0.5807f,-0.0983f,0f,0f,0f,1f],start_interpolation: 0,interpolation_duration: 1}
$data merge entity $(bone_12) {transformation: [-0.5839f,-0.4879f,-0.6489f,-0.1744f,-0.1357f,0.8467f,-0.5145f,0.7291f,0.8004f,-0.2124f,-0.5605f,-0.178f,0f,0f,0f,1f],start_interpolation: 0,interpolation_duration: 1}
$data merge entity $(bone_10) {transformation: [-0.6008f,-0.1248f,-0.7896f,-0.2734f,-0.006f,0.9884f,-0.1517f,1.0361f,0.7994f,-0.0864f,-0.5946f,-0.1016f,0f,0f,0f,1f],start_interpolation: 0,interpolation_duration: 1}
$data merge entity $(bone_9) {transformation: [-0.6008f,0.2852f,-0.7468f,-0.1665f,-0.006f,0.9326f,0.3609f,1.3858f,0.7994f,0.2213f,-0.5586f,-0.0186f,0f,0f,0f,1f],start_interpolation: 0,interpolation_duration: 1}
$data merge entity $(item_display_item_display) {transformation: [0.3315f,0.6209f,-0.2366f,-0.0202f,-0.4504f,0.4043f,0.4301f,1.0174f,0.4885f,-0.0485f,0.5571f,0.5412f,0f,0f,0f,1f],start_interpolation: 0,interpolation_duration: 1}
$data merge entity $(bone_2) {transformation: [0.3154f,-0.4459f,0.8257f,-0.3897f,-0.5735f,0.598f,0.5419f,0.9975f,-0.7428f,-0.651f,-0.0677f,0.3996f,0f,0f,0f,1f],start_interpolation: 0,interpolation_duration: 1}
$data merge entity $(bone_1) {transformation: [0.3154f,0.0248f,0.9381f,-0.3753f,-0.5735f,0.7885f,0.172f,1.2696f,-0.7428f,-0.5982f,0.2656f,0.1956f,0f,0f,0f,1f],start_interpolation: 0,interpolation_duration: 1}
$data merge entity $(bone_4) {transformation: [-0.449f,-0.8241f,0.3452f,0.2936f,-0.4723f,-0.1091f,-0.8747f,1.1913f,0.7585f,-0.5558f,-0.3403f,-0.2233f,0f,0f,0f,1f],start_interpolation: 0,interpolation_duration: 1}
$data merge entity $(bone_3) {transformation: [-0.449f,-0.891f,0.0668f,-0.0406f,-0.4723f,0.1733f,-0.8642f,1.2563f,0.7585f,-0.4196f,-0.4986f,-0.3806f,0f,0f,0f,1f],start_interpolation: 0,interpolation_duration: 1}
$data merge entity $(bone_8) {transformation: [-0.6764f,0.5195f,-0.522f,-0.2878f,0.1742f,0.8015f,0.572f,0.4145f,0.7156f,0.296f,-0.6327f,0.1253f,0f,0f,0f,1f],start_interpolation: 0,interpolation_duration: 1}
$data merge entity $(bone_7) {transformation: [-0.6764f,0.0639f,-0.7337f,-0.2976f,0.1742f,0.9818f,-0.0751f,0.7183f,0.7156f,-0.1786f,-0.6753f,0.0421f,0f,0f,0f,1f],start_interpolation: 0,interpolation_duration: 1}
data modify entity @s data merge value {"cameras":{"camera1":{"px":0.2155013223379628,"py":1.5286990089699075,"pz":1.2954991536458333,"ry":155.4410701851852,"rx":0}},"locators":{}}