# This file was generated by Animated Java via MC-Build. It is not recommended to edit this file directly.
$data merge entity $(bone_layer) {transformation: [-0.6002f,-0.3653f,-0.7116f,-0.1815f,-0.0059f,0.8916f,-0.4528f,1.3503f,0.7999f,-0.2675f,-0.5373f,-0.0303f,0f,0f,0f,1f],start_interpolation: 0,interpolation_duration: 1}
$data merge entity $(bone_l_1) {transformation: [-0.6002f,-0.3653f,-0.7116f,-0.133f,-0.0059f,0.8916f,-0.4528f,1.5945f,0.7999f,-0.2675f,-0.5373f,0.1447f,0f,0f,0f,1f],start_interpolation: 0,interpolation_duration: 1}
$data merge entity $(bone_eye_l) {transformation: [-0.6002f,-0.3653f,-0.7116f,-0.1882f,-0.0059f,0.8916f,-0.4528f,1.3461f,0.7999f,-0.2675f,-0.5373f,-0.0354f,0f,0f,0f,1f],start_interpolation: 0,interpolation_duration: 1}
$data merge entity $(bone_r_1) {transformation: [-0.6002f,-0.3653f,-0.7116f,-0.0017f,-0.0059f,0.8916f,-0.4528f,1.5958f,0.7999f,-0.2675f,-0.5373f,-0.0303f,0f,0f,0f,1f],start_interpolation: 0,interpolation_duration: 1}
$data merge entity $(bone_eye_r) {transformation: [-0.6002f,-0.3653f,-0.7116f,0.0135f,-0.0059f,0.8916f,-0.4528f,1.5679f,0.7999f,-0.2675f,-0.5373f,-0.0387f,0f,0f,0f,1f],start_interpolation: 0,interpolation_duration: 1}
$data merge entity $(bone_eyes_down) {transformation: [-0.6002f,-0.3653f,-0.7116f,-0.2157f,-0.0059f,0.8916f,-0.4528f,1.4339f,0.7999f,-0.2675f,-0.5373f,-0.0554f,0f,0f,0f,1f],start_interpolation: 0,interpolation_duration: 1}
$data merge entity $(bone_eyes_up) {transformation: [-0.6002f,-0.3653f,-0.7116f,-0.2647f,-0.0059f,0.8916f,-0.4528f,1.552f,0.7999f,-0.2675f,-0.5373f,-0.0913f,0f,0f,0f,1f],start_interpolation: 0,interpolation_duration: 1}
$data merge entity $(bone_bone) {transformation: [-0.6002f,-0.3653f,-0.7116f,-0.1815f,-0.0059f,0.8916f,-0.4528f,1.3503f,0.7999f,-0.2675f,-0.5373f,-0.0303f,0f,0f,0f,1f],start_interpolation: 0,interpolation_duration: 1}
$data merge entity $(bone_l) {transformation: [-0.5824f,-0.2949f,-0.7116f,-0.1534f,-0.0479f,0.6678f,-0.4528f,1.6589f,0.8116f,-0.1722f,-0.5373f,0.1494f,0f,0f,0f,1f],start_interpolation: 0,interpolation_duration: 1}
$data merge entity $(bone_r) {transformation: [-0.6168f,-0.2525f,-0.7116f,-0.0033f,0.0361f,0.6682f,-0.4528f,1.6604f,0.7864f,-0.2287f,-0.5373f,-0.0506f,0f,0f,0f,1f],start_interpolation: 0,interpolation_duration: 1}
$data merge entity $(bone_sad) {transformation: [-0.9128f,-0.2259f,-0.7116f,-0.1512f,-0.009f,0.5514f,-0.4528f,1.5611f,1.2165f,-0.1655f,-0.5373f,0.1998f,0f,0f,0f,1f],start_interpolation: 0,interpolation_duration: 1}
$data merge entity $(bone_head) {transformation: [-0.6002f,-0.3653f,-0.7116f,-0.1815f,-0.0059f,0.8916f,-0.4528f,1.3503f,0.7999f,-0.2675f,-0.5373f,-0.0303f,0f,0f,0f,1f],start_interpolation: 0,interpolation_duration: 1}
$data merge entity $(bone_6) {transformation: [-0.5832f,-0.0258f,-0.8119f,0.0083f,-0.1356f,0.9886f,0.066f,0.4116f,0.8009f,0.1486f,-0.5801f,-0.0988f,0f,0f,0f,1f],start_interpolation: 0,interpolation_duration: 1}
$data merge entity $(bone_12) {transformation: [-0.5832f,-0.4882f,-0.6492f,-0.1748f,-0.1356f,0.8466f,-0.5147f,0.7291f,0.8009f,-0.2121f,-0.5599f,-0.1783f,0f,0f,0f,1f],start_interpolation: 0,interpolation_duration: 1}
$data merge entity $(bone_10) {transformation: [-0.6002f,-0.1251f,-0.79f,-0.2738f,-0.0059f,0.9884f,-0.152f,1.0361f,0.7998f,-0.0865f,-0.5939f,-0.1019f,0f,0f,0f,1f],start_interpolation: 0,interpolation_duration: 1}
$data merge entity $(bone_9) {transformation: [-0.6002f,0.2851f,-0.7473f,-0.1669f,-0.0059f,0.9327f,0.3606f,1.3859f,0.7998f,0.2209f,-0.5581f,-0.0191f,0f,0f,0f,1f],start_interpolation: 0,interpolation_duration: 1}
$data merge entity $(item_display_item_display) {transformation: [0.3324f,0.6205f,-0.2362f,-0.0198f,-0.4503f,0.4048f,0.4298f,1.0177f,0.488f,-0.0491f,0.5575f,0.5404f,0f,0f,0f,1f],start_interpolation: 0,interpolation_duration: 1}
$data merge entity $(bone_2) {transformation: [0.315f,-0.4471f,0.8252f,-0.3894f,-0.5731f,0.5977f,0.5426f,0.9975f,-0.7433f,-0.6503f,-0.0686f,0.3992f,0f,0f,0f,1f],start_interpolation: 0,interpolation_duration: 1}
$data merge entity $(bone_1) {transformation: [0.315f,0.0234f,0.9383f,-0.3755f,-0.5731f,0.7886f,0.1727f,1.2697f,-0.7433f,-0.598f,0.2645f,0.1953f,0f,0f,0f,1f],start_interpolation: 0,interpolation_duration: 1}
$data merge entity $(bone_4) {transformation: [-0.4484f,-0.8241f,0.3462f,0.293f,-0.4722f,-0.1105f,-0.8745f,1.1923f,0.7589f,-0.5556f,-0.3396f,-0.2236f,0f,0f,0f,1f],start_interpolation: 0,interpolation_duration: 1}
$data merge entity $(bone_3) {transformation: [-0.4484f,-0.8912f,0.0689f,-0.0412f,-0.4722f,0.1707f,-0.8648f,1.2563f,0.7589f,-0.4203f,-0.4974f,-0.3812f,0f,0f,0f,1f],start_interpolation: 0,interpolation_duration: 1}
$data merge entity $(bone_8) {transformation: [-0.6759f,0.5196f,-0.5227f,-0.2879f,0.1742f,0.8017f,0.5717f,0.4146f,0.7161f,0.2954f,-0.6324f,0.1251f,0f,0f,0f,1f],start_interpolation: 0,interpolation_duration: 1}
$data merge entity $(bone_7) {transformation: [-0.6759f,0.0636f,-0.7342f,-0.2978f,0.1742f,0.9818f,-0.0753f,0.7184f,0.7161f,-0.1788f,-0.6747f,0.0418f,0f,0f,0f,1f],start_interpolation: 0,interpolation_duration: 1}
data modify entity @s data merge value {"cameras":{"camera1":{"px":0.21575592592592577,"py":1.528762037037037,"pz":1.3014944444444445,"ry":155.41403259259258,"rx":0}},"locators":{}}