# This file was generated by Animated Java via MC-Build. It is not recommended to edit this file directly.
$data merge entity $(bone_layer) {transformation: [-0.5996f,-0.3649f,-0.7123f,-0.1818f,-0.0059f,0.892f,-0.4521f,1.3504f,0.8004f,-0.2668f,-0.5369f,-0.0308f,0f,0f,0f,1f],start_interpolation: 0,interpolation_duration: 1}
$data merge entity $(bone_l_1) {transformation: [-0.5996f,-0.3649f,-0.7123f,-0.133f,-0.0059f,0.892f,-0.4521f,1.5944f,0.8004f,-0.2668f,-0.5369f,0.1443f,0f,0f,0f,1f],start_interpolation: 0,interpolation_duration: 1}
$data merge entity $(bone_eye_l) {transformation: [-0.5996f,-0.3649f,-0.7123f,-0.1885f,-0.0059f,0.892f,-0.4521f,1.3462f,0.8004f,-0.2668f,-0.5369f,-0.0358f,0f,0f,0f,1f],start_interpolation: 0,interpolation_duration: 1}
$data merge entity $(bone_r_1) {transformation: [-0.5996f,-0.3649f,-0.7123f,-0.0018f,-0.0059f,0.892f,-0.4521f,1.5957f,0.8004f,-0.2668f,-0.5369f,-0.0308f,0f,0f,0f,1f],start_interpolation: 0,interpolation_duration: 1}
$data merge entity $(bone_eye_r) {transformation: [-0.5996f,-0.3649f,-0.7123f,0.0134f,-0.0059f,0.892f,-0.4521f,1.5679f,0.8004f,-0.2668f,-0.5369f,-0.0392f,0f,0f,0f,1f],start_interpolation: 0,interpolation_duration: 1}
$data merge entity $(bone_eyes_down) {transformation: [-0.5996f,-0.3649f,-0.7123f,-0.216f,-0.0059f,0.892f,-0.4521f,1.434f,0.8004f,-0.2668f,-0.5369f,-0.0558f,0f,0f,0f,1f],start_interpolation: 0,interpolation_duration: 1}
$data merge entity $(bone_eyes_up) {transformation: [-0.5996f,-0.3649f,-0.7123f,-0.2649f,-0.0059f,0.892f,-0.4521f,1.5522f,0.8004f,-0.2668f,-0.5369f,-0.0916f,0f,0f,0f,1f],start_interpolation: 0,interpolation_duration: 1}
$data merge entity $(bone_bone) {transformation: [-0.5996f,-0.3649f,-0.7123f,-0.1818f,-0.0059f,0.892f,-0.4521f,1.3504f,0.8004f,-0.2668f,-0.5369f,-0.0308f,0f,0f,0f,1f],start_interpolation: 0,interpolation_duration: 1}
$data merge entity $(bone_l) {transformation: [-0.5816f,-0.2947f,-0.7123f,-0.1533f,-0.0482f,0.668f,-0.4521f,1.6589f,0.8122f,-0.1714f,-0.5369f,0.149f,0f,0f,0f,1f],start_interpolation: 0,interpolation_duration: 1}
$data merge entity $(bone_r) {transformation: [-0.6162f,-0.2521f,-0.7123f,-0.0035f,0.0364f,0.6684f,-0.4521f,1.6603f,0.7869f,-0.2284f,-0.5369f,-0.0511f,0f,0f,0f,1f],start_interpolation: 0,interpolation_duration: 1}
$data merge entity $(bone_sad) {transformation: [-0.9172f,-0.2249f,-0.7123f,-0.1511f,-0.009f,0.5498f,-0.4521f,1.561f,1.2244f,-0.1645f,-0.5369f,0.1993f,0f,0f,0f,1f],start_interpolation: 0,interpolation_duration: 1}
$data merge entity $(bone_head) {transformation: [-0.5996f,-0.3649f,-0.7123f,-0.1818f,-0.0059f,0.892f,-0.4521f,1.3504f,0.8004f,-0.2668f,-0.5369f,-0.0308f,0f,0f,0f,1f],start_interpolation: 0,interpolation_duration: 1}
$data merge entity $(bone_6) {transformation: [-0.5826f,-0.0258f,-0.8124f,0.008f,-0.1356f,0.9886f,0.0658f,0.4117f,0.8014f,0.1485f,-0.5794f,-0.0992f,0f,0f,0f,1f],start_interpolation: 0,interpolation_duration: 1}
$data merge entity $(bone_12) {transformation: [-0.5826f,-0.4885f,-0.6496f,-0.1751f,-0.1356f,0.8465f,-0.5149f,0.7291f,0.8014f,-0.2119f,-0.5593f,-0.1787f,0f,0f,0f,1f],start_interpolation: 0,interpolation_duration: 1}
$data merge entity $(bone_10) {transformation: [-0.5995f,-0.1253f,-0.7905f,-0.2741f,-0.0059f,0.9883f,-0.1522f,1.0361f,0.8003f,-0.0866f,-0.5933f,-0.1022f,0f,0f,0f,1f],start_interpolation: 0,interpolation_duration: 1}
$data merge entity $(bone_9) {transformation: [-0.5995f,0.2851f,-0.7478f,-0.1672f,-0.0059f,0.9328f,0.3604f,1.3859f,0.8003f,0.2204f,-0.5576f,-0.0196f,0f,0f,0f,1f],start_interpolation: 0,interpolation_duration: 1}
$data merge entity $(item_display_item_display) {transformation: [0.3332f,0.6202f,-0.2359f,-0.0193f,-0.4502f,0.4052f,0.4295f,1.0179f,0.4875f,-0.0497f,0.5579f,0.5396f,0f,0f,0f,1f],start_interpolation: 0,interpolation_duration: 1}
$data merge entity $(bone_2) {transformation: [0.3145f,-0.4484f,0.8247f,-0.3891f,-0.5727f,0.5975f,0.5432f,0.9976f,-0.7438f,-0.6496f,-0.0695f,0.3989f,0f,0f,0f,1f],start_interpolation: 0,interpolation_duration: 1}
$data merge entity $(bone_1) {transformation: [0.3145f,0.022f,0.9385f,-0.3756f,-0.5727f,0.7887f,0.1734f,1.2698f,-0.7438f,-0.5979f,0.2633f,0.195f,0f,0f,0f,1f],start_interpolation: 0,interpolation_duration: 1}
$data merge entity $(bone_4) {transformation: [-0.4477f,-0.8241f,0.3471f,0.2925f,-0.4722f,-0.1118f,-0.8744f,1.1931f,0.7594f,-0.5554f,-0.339f,-0.224f,0f,0f,0f,1f],start_interpolation: 0,interpolation_duration: 1}
$data merge entity $(bone_3) {transformation: [-0.4477f,-0.8914f,0.0707f,-0.0418f,-0.4722f,0.1685f,-0.8653f,1.2563f,0.7594f,-0.4207f,-0.4963f,-0.3818f,0f,0f,0f,1f],start_interpolation: 0,interpolation_duration: 1}
$data merge entity $(bone_8) {transformation: [-0.6754f,0.5196f,-0.5233f,-0.2879f,0.1742f,0.8019f,0.5715f,0.4147f,0.7166f,0.2948f,-0.6321f,0.1249f,0f,0f,0f,1f],start_interpolation: 0,interpolation_duration: 1}
$data merge entity $(bone_7) {transformation: [-0.6754f,0.0633f,-0.7348f,-0.298f,0.1742f,0.9818f,-0.0755f,0.7184f,0.7166f,-0.179f,-0.6741f,0.0415f,0f,0f,0f,1f],start_interpolation: 0,interpolation_duration: 1}
data modify entity @s data merge value {"cameras":{"camera1":{"px":0.21604789062499982,"py":1.5288396484375,"pz":1.3077591796875,"ry":155.405955,"rx":0}},"locators":{}}