# This file was generated by Animated Java via MC-Build. It is not recommended to edit this file directly.
$data merge entity $(bone_layer) {transformation: [-0.5127f,0.1877f,-0.8378f,-0.016f,-0.0006f,0.9757f,0.219f,1.2907f,0.8587f,0.1128f,-0.5001f,0.0275f,0f,0f,0f,1f],start_interpolation: 0,interpolation_duration: 1}
$data merge entity $(bone_l_1) {transformation: [-0.5127f,0.1877f,-0.8378f,0.1569f,-0.0006f,0.9757f,0.219f,1.3877f,0.8587f,0.1128f,-0.5001f,0.2582f,0f,0f,0f,1f],start_interpolation: 0,interpolation_duration: 1}
$data merge entity $(bone_eye_l) {transformation: [-0.5127f,0.1877f,-0.8378f,-0.0239f,-0.0006f,0.9757f,0.219f,1.2928f,0.8587f,0.1128f,-0.5001f,0.0228f,0f,0f,0f,1f],start_interpolation: 0,interpolation_duration: 1}
$data merge entity $(bone_r_1) {transformation: [-0.5127f,0.1877f,-0.8378f,0.2691f,-0.0006f,0.9757f,0.219f,1.3878f,0.8587f,0.1128f,-0.5001f,0.0704f,0f,0f,0f,1f],start_interpolation: 0,interpolation_duration: 1}
$data merge entity $(bone_eye_r) {transformation: [-0.5127f,0.1877f,-0.8378f,0.2666f,-0.0006f,0.9757f,0.219f,1.3618f,0.8587f,0.1128f,-0.5001f,0.0507f,0f,0f,0f,1f],start_interpolation: 0,interpolation_duration: 1}
$data merge entity $(bone_eyes_down) {transformation: [-0.5127f,0.1877f,-0.8378f,0.0016f,-0.0006f,0.9757f,0.219f,1.3822f,0.8587f,0.1128f,-0.5001f,0.0381f,0f,0f,0f,1f],start_interpolation: 0,interpolation_duration: 1}
$data merge entity $(bone_eyes_up) {transformation: [-0.5127f,0.1877f,-0.8378f,0.0152f,-0.0006f,0.9757f,0.219f,1.4557f,0.8587f,0.1128f,-0.5001f,0.0462f,0f,0f,0f,1f],start_interpolation: 0,interpolation_duration: 1}
$data merge entity $(bone_bone) {transformation: [-0.5127f,0.1877f,-0.8378f,-0.016f,-0.0006f,0.9757f,0.219f,1.2907f,0.8587f,0.1128f,-0.5001f,0.0275f,0f,0f,0f,1f],start_interpolation: 0,interpolation_duration: 1}
$data merge entity $(bone_l) {transformation: [-0.5127f,0.1408f,-0.8378f,0.1672f,-0.0006f,0.7318f,0.219f,1.4039f,0.8587f,0.0846f,-0.5001f,0.2826f,0f,0f,0f,1f],start_interpolation: 0,interpolation_duration: 1}
$data merge entity $(bone_r) {transformation: [-0.5127f,0.1408f,-0.8378f,0.2953f,-0.0006f,0.7318f,0.219f,1.404f,0.8587f,0.0846f,-0.5001f,0.0679f,0f,0f,0f,1f],start_interpolation: 0,interpolation_duration: 1}
$data merge entity $(bone_sad) {transformation: [-0.8203f,0.0246f,-0.4189f,0.1261f,-0.001f,0.1281f,0.1095f,1.3635f,1.3739f,0.0148f,-0.25f,0.3024f,0f,0f,0f,1f],start_interpolation: 0,interpolation_duration: 1}
$data merge entity $(bone_head) {transformation: [-0.5127f,0.1877f,-0.8378f,-0.016f,-0.0006f,0.9757f,0.219f,1.2907f,0.8587f,0.1128f,-0.5001f,0.0275f,0f,0f,0f,1f],start_interpolation: 0,interpolation_duration: 1}
$data merge entity $(bone_6) {transformation: [-0.5155f,0.1372f,-0.8458f,0.0217f,-0.1309f,0.9629f,0.2359f,0.3462f,0.8468f,0.2323f,-0.4784f,-0.1406f,0f,0f,0f,1f],start_interpolation: 0,interpolation_duration: 1}
$data merge entity $(bone_12) {transformation: [-0.5155f,-0.3728f,-0.7715f,-0.1181f,-0.1309f,0.9241f,-0.3591f,0.6927f,0.8468f,-0.0841f,-0.5252f,-0.1722f,0f,0f,0f,1f],start_interpolation: 0,interpolation_duration: 1}
$data merge entity $(bone_10) {transformation: [-0.5126f,0.0182f,-0.8584f,-0.162f,-0.0006f,0.9998f,0.0215f,1.0019f,0.8586f,0.0116f,-0.5125f,-0.0599f,0f,0f,0f,1f],start_interpolation: 0,interpolation_duration: 1}
$data merge entity $(bone_9) {transformation: [-0.5126f,0.4449f,-0.7343f,0.0048f,-0.0006f,0.8551f,0.5185f,1.3225f,0.8586f,0.2663f,-0.4381f,0.04f,0f,0f,0f,1f],start_interpolation: 0,interpolation_duration: 1}
$data merge entity $(item_display_item_display) {transformation: [0.29f,0.6746f,-0.1101f,0.1353f,-0.5364f,0.2987f,0.4176f,0.8807f,0.4237f,-0.0836f,0.604f,0.5584f,0f,0f,0f,1f],start_interpolation: 0,interpolation_duration: 1}
$data merge entity $(bone_2) {transformation: [0.1468f,-0.3867f,0.8995f,-0.2425f,-0.5568f,0.7152f,0.3983f,0.935f,-0.8053f,-0.5649f,-0.1115f,0.452f,0f,0f,0f,1f],start_interpolation: 0,interpolation_duration: 1}
$data merge entity $(bone_1) {transformation: [0.1468f,0.1148f,0.9723f,-0.1969f,-0.5568f,0.8185f,-0.0126f,1.2163f,-0.8053f,-0.545f,0.1859f,0.2658f,0f,0f,0f,1f],start_interpolation: 0,interpolation_duration: 1}
$data merge entity $(bone_4) {transformation: [-0.438f,-0.827f,0.3526f,0.2918f,-0.4773f,-0.1185f,-0.8707f,0.9348f,0.7618f,-0.5496f,-0.3428f,-0.3479f,0f,0f,0f,1f],start_interpolation: 0,interpolation_duration: 1}
$data merge entity $(bone_3) {transformation: [-0.438f,-0.6124f,-0.6582f,0.0622f,-0.4773f,0.7788f,-0.407f,1.2269f,0.7618f,0.1359f,-0.6334f,-0.2969f,0f,0f,0f,1f],start_interpolation: 0,interpolation_duration: 1}
$data merge entity $(bone_8) {transformation: [-0.5677f,0.6633f,-0.4875f,-0.2475f,0.1979f,0.6848f,0.7014f,0.3689f,0.7991f,0.3017f,-0.52f,0.115f,0f,0f,0f,1f],start_interpolation: 0,interpolation_duration: 1}
$data merge entity $(bone_7) {transformation: [-0.5677f,0.1948f,-0.7998f,-0.2191f,0.1979f,0.9754f,0.0971f,0.6776f,0.7991f,-0.1031f,-0.5923f,0.0587f,0f,0f,0f,1f],start_interpolation: 0,interpolation_duration: 1}
data modify entity @s data merge value {"cameras":{"camera1":{"px":0.1920358891949799,"py":1.4483294550185046,"pz":1.648994072961015,"ry":168.846748046875,"rx":0}},"locators":{}}