# This file was generated by Animated Java via MC-Build. It is not recommended to edit this file directly.
$data merge entity $(bone_layer) {transformation: [-0.5989f,-0.3644f,-0.7131f,-0.1821f,-0.0058f,0.8924f,-0.4512f,1.3504f,0.8009f,-0.266f,-0.5365f,-0.0312f,0f,0f,0f,1f],start_interpolation: 0,interpolation_duration: 1}
$data merge entity $(bone_l_1) {transformation: [-0.5989f,-0.3644f,-0.7131f,-0.1329f,-0.0058f,0.8924f,-0.4512f,1.5943f,0.8009f,-0.266f,-0.5365f,0.1439f,0f,0f,0f,1f],start_interpolation: 0,interpolation_duration: 1}
$data merge entity $(bone_eye_l) {transformation: [-0.5989f,-0.3644f,-0.7131f,-0.1888f,-0.0058f,0.8924f,-0.4512f,1.3462f,0.8009f,-0.266f,-0.5365f,-0.0362f,0f,0f,0f,1f],start_interpolation: 0,interpolation_duration: 1}
$data merge entity $(bone_r_1) {transformation: [-0.5989f,-0.3644f,-0.7131f,-0.0019f,-0.0058f,0.8924f,-0.4512f,1.5956f,0.8009f,-0.266f,-0.5365f,-0.0313f,0f,0f,0f,1f],start_interpolation: 0,interpolation_duration: 1}
$data merge entity $(bone_eye_r) {transformation: [-0.5989f,-0.3644f,-0.7131f,0.0133f,-0.0058f,0.8924f,-0.4512f,1.5678f,0.8009f,-0.266f,-0.5365f,-0.0397f,0f,0f,0f,1f],start_interpolation: 0,interpolation_duration: 1}
$data merge entity $(bone_eyes_down) {transformation: [-0.5989f,-0.3644f,-0.7131f,-0.2162f,-0.0058f,0.8924f,-0.4512f,1.4341f,0.8009f,-0.266f,-0.5365f,-0.0561f,0f,0f,0f,1f],start_interpolation: 0,interpolation_duration: 1}
$data merge entity $(bone_eyes_up) {transformation: [-0.5989f,-0.3644f,-0.7131f,-0.2651f,-0.0058f,0.8924f,-0.4512f,1.5523f,0.8009f,-0.266f,-0.5365f,-0.0918f,0f,0f,0f,1f],start_interpolation: 0,interpolation_duration: 1}
$data merge entity $(bone_bone) {transformation: [-0.5989f,-0.3644f,-0.7131f,-0.1821f,-0.0058f,0.8924f,-0.4512f,1.3504f,0.8009f,-0.266f,-0.5365f,-0.0312f,0f,0f,0f,1f],start_interpolation: 0,interpolation_duration: 1}
$data merge entity $(bone_l) {transformation: [-0.5808f,-0.2945f,-0.7131f,-0.1532f,-0.0484f,0.6683f,-0.4512f,1.6588f,0.8127f,-0.1706f,-0.5365f,0.1487f,0f,0f,0f,1f],start_interpolation: 0,interpolation_duration: 1}
$data merge entity $(bone_r) {transformation: [-0.6156f,-0.2516f,-0.7131f,-0.0035f,0.0368f,0.6688f,-0.4512f,1.6603f,0.7873f,-0.2279f,-0.5365f,-0.0515f,0f,0f,0f,1f],start_interpolation: 0,interpolation_duration: 1}
$data merge entity $(bone_sad) {transformation: [-0.9216f,-0.2239f,-0.7131f,-0.1509f,-0.009f,0.5482f,-0.4512f,1.561f,1.2325f,-0.1634f,-0.5365f,0.1989f,0f,0f,0f,1f],start_interpolation: 0,interpolation_duration: 1}
$data merge entity $(bone_head) {transformation: [-0.5989f,-0.3644f,-0.7131f,-0.1821f,-0.0058f,0.8924f,-0.4512f,1.3504f,0.8009f,-0.266f,-0.5365f,-0.0312f,0f,0f,0f,1f],start_interpolation: 0,interpolation_duration: 1}
$data merge entity $(bone_6) {transformation: [-0.5818f,-0.0257f,-0.8129f,0.0078f,-0.1355f,0.9886f,0.0657f,0.4118f,0.8019f,0.1484f,-0.5787f,-0.0997f,0f,0f,0f,1f],start_interpolation: 0,interpolation_duration: 1}
$data merge entity $(bone_12) {transformation: [-0.5818f,-0.4887f,-0.6501f,-0.1755f,-0.1355f,0.8464f,-0.5151f,0.7292f,0.8019f,-0.2116f,-0.5587f,-0.179f,0f,0f,0f,1f],start_interpolation: 0,interpolation_duration: 1}
$data merge entity $(bone_10) {transformation: [-0.5988f,-0.1255f,-0.791f,-0.2744f,-0.0058f,0.9883f,-0.1524f,1.0361f,0.8009f,-0.0866f,-0.5926f,-0.1025f,0f,0f,0f,1f],start_interpolation: 0,interpolation_duration: 1}
$data merge entity $(bone_9) {transformation: [-0.5988f,0.2852f,-0.7484f,-0.1675f,-0.0058f,0.9329f,0.3601f,1.386f,0.8009f,0.22f,-0.557f,-0.02f,0f,0f,0f,1f],start_interpolation: 0,interpolation_duration: 1}
$data merge entity $(item_display_item_display) {transformation: [0.3341f,0.6199f,-0.2355f,-0.0187f,-0.4501f,0.4056f,0.4292f,1.0182f,0.4869f,-0.0504f,0.5583f,0.5388f,0f,0f,0f,1f],start_interpolation: 0,interpolation_duration: 1}
$data merge entity $(bone_2) {transformation: [0.3139f,-0.4496f,0.8243f,-0.3887f,-0.5723f,0.5974f,0.5438f,0.9976f,-0.7443f,-0.6489f,-0.0704f,0.3986f,0f,0f,0f,1f],start_interpolation: 0,interpolation_duration: 1}
$data merge entity $(bone_1) {transformation: [0.3139f,0.0207f,0.9387f,-0.3757f,-0.5723f,0.7889f,0.174f,1.2698f,-0.7443f,-0.5978f,0.2621f,0.1948f,0f,0f,0f,1f],start_interpolation: 0,interpolation_duration: 1}
$data merge entity $(bone_4) {transformation: [-0.447f,-0.8241f,0.3479f,0.292f,-0.4721f,-0.113f,-0.8743f,1.1939f,0.7598f,-0.555f,-0.3385f,-0.2244f,0f,0f,0f,1f],start_interpolation: 0,interpolation_duration: 1}
$data merge entity $(bone_3) {transformation: [-0.447f,-0.8916f,0.0722f,-0.0424f,-0.4721f,0.1666f,-0.8657f,1.2563f,0.7598f,-0.421f,-0.4954f,-0.3823f,0f,0f,0f,1f],start_interpolation: 0,interpolation_duration: 1}
$data merge entity $(bone_8) {transformation: [-0.6748f,0.5198f,-0.524f,-0.288f,0.1741f,0.802f,0.5713f,0.4147f,0.7172f,0.2943f,-0.6317f,0.1246f,0f,0f,0f,1f],start_interpolation: 0,interpolation_duration: 1}
$data merge entity $(bone_7) {transformation: [-0.6748f,0.063f,-0.7353f,-0.2982f,0.1741f,0.9818f,-0.0757f,0.7185f,0.7172f,-0.1791f,-0.6735f,0.0413f,0f,0f,0f,1f],start_interpolation: 0,interpolation_duration: 1}
data modify entity @s data merge value {"cameras":{"camera1":{"px":0.21637442129629614,"py":1.5289308449074075,"pz":1.3142838541666666,"ry":155.41518518518518,"rx":0}},"locators":{}}