# This file was generated by Animated Java via MC-Build. It is not recommended to edit this file directly.
$data merge entity $(bone_layer) {transformation: [-0.5982f,-0.3639f,-0.7141f,-0.1823f,-0.0058f,0.8929f,-0.4502f,1.3505f,0.8015f,-0.2651f,-0.5362f,-0.0316f,0f,0f,0f,1f],start_interpolation: 0,interpolation_duration: 1}
$data merge entity $(bone_l_1) {transformation: [-0.5982f,-0.3639f,-0.7141f,-0.1327f,-0.0058f,0.8929f,-0.4502f,1.5942f,0.8015f,-0.2651f,-0.5362f,0.1436f,0f,0f,0f,1f],start_interpolation: 0,interpolation_duration: 1}
$data merge entity $(bone_eye_l) {transformation: [-0.5982f,-0.3639f,-0.7141f,-0.189f,-0.0058f,0.8929f,-0.4502f,1.3463f,0.8015f,-0.2651f,-0.5362f,-0.0367f,0f,0f,0f,1f],start_interpolation: 0,interpolation_duration: 1}
$data merge entity $(bone_r_1) {transformation: [-0.5982f,-0.3639f,-0.7141f,-0.0019f,-0.0058f,0.8929f,-0.4502f,1.5954f,0.8015f,-0.2651f,-0.5362f,-0.0317f,0f,0f,0f,1f],start_interpolation: 0,interpolation_duration: 1}
$data merge entity $(bone_eye_r) {transformation: [-0.5982f,-0.3639f,-0.7141f,0.0132f,-0.0058f,0.8929f,-0.4502f,1.5676f,0.8015f,-0.2651f,-0.5362f,-0.0401f,0f,0f,0f,1f],start_interpolation: 0,interpolation_duration: 1}
$data merge entity $(bone_eyes_down) {transformation: [-0.5982f,-0.3639f,-0.7141f,-0.2164f,-0.0058f,0.8929f,-0.4502f,1.4342f,0.8015f,-0.2651f,-0.5362f,-0.0565f,0f,0f,0f,1f],start_interpolation: 0,interpolation_duration: 1}
$data merge entity $(bone_eyes_up) {transformation: [-0.5982f,-0.3639f,-0.7141f,-0.2652f,-0.0058f,0.8929f,-0.4502f,1.5525f,0.8015f,-0.2651f,-0.5362f,-0.092f,0f,0f,0f,1f],start_interpolation: 0,interpolation_duration: 1}
$data merge entity $(bone_bone) {transformation: [-0.5982f,-0.3639f,-0.7141f,-0.1823f,-0.0058f,0.8929f,-0.4502f,1.3505f,0.8015f,-0.2651f,-0.5362f,-0.0316f,0f,0f,0f,1f],start_interpolation: 0,interpolation_duration: 1}
$data merge entity $(bone_l) {transformation: [-0.58f,-0.2941f,-0.7141f,-0.153f,-0.0486f,0.6687f,-0.4502f,1.6587f,0.8133f,-0.1698f,-0.5362f,0.1485f,0f,0f,0f,1f],start_interpolation: 0,interpolation_duration: 1}
$data merge entity $(bone_r) {transformation: [-0.6149f,-0.2511f,-0.7141f,-0.0034f,0.0371f,0.6691f,-0.4502f,1.6601f,0.7878f,-0.2275f,-0.5362f,-0.0519f,0f,0f,0f,1f],start_interpolation: 0,interpolation_duration: 1}
$data merge entity $(bone_sad) {transformation: [-0.926f,-0.2227f,-0.7141f,-0.1507f,-0.0089f,0.5466f,-0.4502f,1.5608f,1.2407f,-0.1623f,-0.5362f,0.1984f,0f,0f,0f,1f],start_interpolation: 0,interpolation_duration: 1}
$data merge entity $(bone_head) {transformation: [-0.5982f,-0.3639f,-0.7141f,-0.1823f,-0.0058f,0.8929f,-0.4502f,1.3505f,0.8015f,-0.2651f,-0.5362f,-0.0316f,0f,0f,0f,1f],start_interpolation: 0,interpolation_duration: 1}
$data merge entity $(bone_6) {transformation: [-0.5811f,-0.0256f,-0.8134f,0.0076f,-0.1355f,0.9886f,0.0657f,0.4118f,0.8025f,0.1483f,-0.578f,-0.1002f,0f,0f,0f,1f],start_interpolation: 0,interpolation_duration: 1}
$data merge entity $(bone_12) {transformation: [-0.5811f,-0.489f,-0.6505f,-0.1758f,-0.1355f,0.8463f,-0.5152f,0.7292f,0.8025f,-0.2113f,-0.558f,-0.1794f,0f,0f,0f,1f],start_interpolation: 0,interpolation_duration: 1}
$data merge entity $(bone_10) {transformation: [-0.5981f,-0.1256f,-0.7915f,-0.2747f,-0.0058f,0.9883f,-0.1525f,1.0362f,0.8014f,-0.0866f,-0.5918f,-0.1028f,0f,0f,0f,1f],start_interpolation: 0,interpolation_duration: 1}
$data merge entity $(bone_9) {transformation: [-0.5981f,0.2853f,-0.7489f,-0.1677f,-0.0058f,0.9329f,0.36f,1.386f,0.8014f,0.2196f,-0.5564f,-0.0204f,0f,0f,0f,1f],start_interpolation: 0,interpolation_duration: 1}
$data merge entity $(item_display_item_display) {transformation: [0.3349f,0.6196f,-0.235f,-0.0181f,-0.45f,0.406f,0.4289f,1.0184f,0.4864f,-0.051f,0.5587f,0.5381f,0f,0f,0f,1f],start_interpolation: 0,interpolation_duration: 1}
$data merge entity $(bone_2) {transformation: [0.3133f,-0.4508f,0.8238f,-0.3882f,-0.5719f,0.5973f,0.5443f,0.9976f,-0.7449f,-0.6482f,-0.0714f,0.3983f,0f,0f,0f,1f],start_interpolation: 0,interpolation_duration: 1}
$data merge entity $(bone_1) {transformation: [0.3133f,0.0194f,0.9389f,-0.3757f,-0.5719f,0.789f,0.1746f,1.2699f,-0.7449f,-0.5976f,0.2609f,0.1945f,0f,0f,0f,1f],start_interpolation: 0,interpolation_duration: 1}
$data merge entity $(bone_4) {transformation: [-0.4463f,-0.8243f,0.3485f,0.2916f,-0.472f,-0.114f,-0.8742f,1.1945f,0.7603f,-0.5546f,-0.3382f,-0.2249f,0f,0f,0f,1f],start_interpolation: 0,interpolation_duration: 1}
$data merge entity $(bone_3) {transformation: [-0.4463f,-0.8919f,0.0734f,-0.0429f,-0.472f,0.1649f,-0.866f,1.2563f,0.7603f,-0.4211f,-0.4946f,-0.3828f,0f,0f,0f,1f],start_interpolation: 0,interpolation_duration: 1}
$data merge entity $(bone_8) {transformation: [-0.6741f,0.5199f,-0.5246f,-0.288f,0.1741f,0.8021f,0.5712f,0.4148f,0.7178f,0.2937f,-0.6313f,0.1244f,0f,0f,0f,1f],start_interpolation: 0,interpolation_duration: 1}
$data merge entity $(bone_7) {transformation: [-0.6741f,0.0627f,-0.7359f,-0.2983f,0.1741f,0.9818f,-0.0758f,0.7185f,0.7178f,-0.1793f,-0.6728f,0.0411f,0f,0f,0f,1f],start_interpolation: 0,interpolation_duration: 1}
data modify entity @s data merge value {"cameras":{"camera1":{"px":0.21673272280092576,"py":1.5290346281828704,"pz":1.3210589626736111,"ry":155.4400709259259,"rx":0}},"locators":{}}