# This file was generated by Animated Java via MC-Build. It is not recommended to edit this file directly.
$data merge entity $(bone_layer) {transformation: [-0.5974f,-0.3632f,-0.715f,-0.1825f,-0.0057f,0.8935f,-0.4491f,1.3505f,0.802f,-0.2642f,-0.5358f,-0.032f,0f,0f,0f,1f],start_interpolation: 0,interpolation_duration: 1}
$data merge entity $(bone_l_1) {transformation: [-0.5974f,-0.3632f,-0.715f,-0.1325f,-0.0057f,0.8935f,-0.4491f,1.594f,0.802f,-0.2642f,-0.5358f,0.1433f,0f,0f,0f,1f],start_interpolation: 0,interpolation_duration: 1}
$data merge entity $(bone_eye_l) {transformation: [-0.5974f,-0.3632f,-0.715f,-0.1892f,-0.0057f,0.8935f,-0.4491f,1.3463f,0.802f,-0.2642f,-0.5358f,-0.0371f,0f,0f,0f,1f],start_interpolation: 0,interpolation_duration: 1}
$data merge entity $(bone_r_1) {transformation: [-0.5974f,-0.3632f,-0.715f,-0.0018f,-0.0057f,0.8935f,-0.4491f,1.5953f,0.802f,-0.2642f,-0.5358f,-0.0321f,0f,0f,0f,1f],start_interpolation: 0,interpolation_duration: 1}
$data merge entity $(bone_eye_r) {transformation: [-0.5974f,-0.3632f,-0.715f,0.0133f,-0.0057f,0.8935f,-0.4491f,1.5674f,0.802f,-0.2642f,-0.5358f,-0.0406f,0f,0f,0f,1f],start_interpolation: 0,interpolation_duration: 1}
$data merge entity $(bone_eyes_down) {transformation: [-0.5974f,-0.3632f,-0.715f,-0.2165f,-0.0057f,0.8935f,-0.4491f,1.4343f,0.802f,-0.2642f,-0.5358f,-0.0568f,0f,0f,0f,1f],start_interpolation: 0,interpolation_duration: 1}
$data merge entity $(bone_eyes_up) {transformation: [-0.5974f,-0.3632f,-0.715f,-0.2652f,-0.0057f,0.8935f,-0.4491f,1.5526f,0.802f,-0.2642f,-0.5358f,-0.0922f,0f,0f,0f,1f],start_interpolation: 0,interpolation_duration: 1}
$data merge entity $(bone_bone) {transformation: [-0.5974f,-0.3632f,-0.715f,-0.1825f,-0.0057f,0.8935f,-0.4491f,1.3505f,0.802f,-0.2642f,-0.5358f,-0.032f,0f,0f,0f,1f],start_interpolation: 0,interpolation_duration: 1}
$data merge entity $(bone_l) {transformation: [-0.5792f,-0.2937f,-0.715f,-0.1527f,-0.0488f,0.6691f,-0.4491f,1.6585f,0.8138f,-0.1689f,-0.5358f,0.1483f,0f,0f,0f,1f],start_interpolation: 0,interpolation_duration: 1}
$data merge entity $(bone_r) {transformation: [-0.6142f,-0.2505f,-0.715f,-0.0033f,0.0374f,0.6695f,-0.4491f,1.66f,0.7884f,-0.2269f,-0.5358f,-0.0523f,0f,0f,0f,1f],start_interpolation: 0,interpolation_duration: 1}
$data merge entity $(bone_sad) {transformation: [-0.9301f,-0.2216f,-0.715f,-0.1504f,-0.0089f,0.545f,-0.4491f,1.5607f,1.2487f,-0.1612f,-0.5358f,0.1981f,0f,0f,0f,1f],start_interpolation: 0,interpolation_duration: 1}
$data merge entity $(bone_head) {transformation: [-0.5974f,-0.3632f,-0.715f,-0.1825f,-0.0057f,0.8935f,-0.4491f,1.3505f,0.802f,-0.2642f,-0.5358f,-0.032f,0f,0f,0f,1f],start_interpolation: 0,interpolation_duration: 1}
$data merge entity $(bone_6) {transformation: [-0.5804f,-0.0254f,-0.814f,0.0074f,-0.1354f,0.9886f,0.0656f,0.4118f,0.803f,0.1483f,-0.5772f,-0.1007f,0f,0f,0f,1f],start_interpolation: 0,interpolation_duration: 1}
$data merge entity $(bone_12) {transformation: [-0.5804f,-0.4892f,-0.651f,-0.1761f,-0.1354f,0.8463f,-0.5152f,0.7292f,0.803f,-0.2109f,-0.5574f,-0.1797f,0f,0f,0f,1f],start_interpolation: 0,interpolation_duration: 1}
$data merge entity $(bone_10) {transformation: [-0.5974f,-0.1257f,-0.7921f,-0.2749f,-0.0057f,0.9883f,-0.1526f,1.0362f,0.802f,-0.0866f,-0.5911f,-0.1031f,0f,0f,0f,1f],start_interpolation: 0,interpolation_duration: 1}
$data merge entity $(bone_9) {transformation: [-0.5974f,0.2854f,-0.7495f,-0.1678f,-0.0057f,0.933f,0.3598f,1.386f,0.802f,0.2192f,-0.5557f,-0.0209f,0f,0f,0f,1f],start_interpolation: 0,interpolation_duration: 1}
$data merge entity $(item_display_item_display) {transformation: [0.3358f,0.6193f,-0.2345f,-0.0174f,-0.45f,0.4063f,0.4287f,1.0185f,0.4859f,-0.0517f,0.5591f,0.5374f,0f,0f,0f,1f],start_interpolation: 0,interpolation_duration: 1}
$data merge entity $(bone_2) {transformation: [0.3127f,-0.452f,0.8234f,-0.3878f,-0.5715f,0.5972f,0.5448f,0.9975f,-0.7454f,-0.6475f,-0.0723f,0.3981f,0f,0f,0f,1f],start_interpolation: 0,interpolation_duration: 1}
$data merge entity $(bone_1) {transformation: [0.3127f,0.0181f,0.9391f,-0.3757f,-0.5715f,0.7892f,0.1751f,1.2699f,-0.7454f,-0.5975f,0.2597f,0.1943f,0f,0f,0f,1f],start_interpolation: 0,interpolation_duration: 1}
$data merge entity $(bone_4) {transformation: [-0.4455f,-0.8245f,0.3489f,0.2912f,-0.472f,-0.1148f,-0.8741f,1.195f,0.7607f,-0.5541f,-0.338f,-0.2255f,0f,0f,0f,1f],start_interpolation: 0,interpolation_duration: 1}
$data merge entity $(bone_3) {transformation: [-0.4455f,-0.8922f,0.0743f,-0.0434f,-0.472f,0.1636f,-0.8663f,1.2563f,0.7607f,-0.421f,-0.494f,-0.3834f,0f,0f,0f,1f],start_interpolation: 0,interpolation_duration: 1}
$data merge entity $(bone_8) {transformation: [-0.6735f,0.5201f,-0.5253f,-0.2879f,0.1741f,0.8022f,0.5711f,0.4148f,0.7184f,0.2931f,-0.6308f,0.1242f,0f,0f,0f,1f],start_interpolation: 0,interpolation_duration: 1}
$data merge entity $(bone_7) {transformation: [-0.6735f,0.0625f,-0.7366f,-0.2983f,0.1741f,0.9818f,-0.0759f,0.7185f,0.7184f,-0.1794f,-0.6721f,0.0408f,0f,0f,0f,1f],start_interpolation: 0,interpolation_duration: 1}
data modify entity @s data merge value {"cameras":{"camera1":{"px":0.21711999999999984,"py":1.52915,"pz":1.328075,"ry":155.47896,"rx":0}},"locators":{}}