# This file was generated by Animated Java via MC-Build. It is not recommended to edit this file directly.
$data merge entity $(bone_layer) {transformation: [-0.5966f,-0.3625f,-0.716f,-0.1826f,-0.0056f,0.894f,-0.4479f,1.3505f,0.8026f,-0.2632f,-0.5354f,-0.0324f,0f,0f,0f,1f],start_interpolation: 0,interpolation_duration: 1}
$data merge entity $(bone_l_1) {transformation: [-0.5966f,-0.3625f,-0.716f,-0.1322f,-0.0056f,0.894f,-0.4479f,1.5939f,0.8026f,-0.2632f,-0.5354f,0.1431f,0f,0f,0f,1f],start_interpolation: 0,interpolation_duration: 1}
$data merge entity $(bone_eye_l) {transformation: [-0.5966f,-0.3625f,-0.716f,-0.1893f,-0.0056f,0.894f,-0.4479f,1.3463f,0.8026f,-0.2632f,-0.5354f,-0.0374f,0f,0f,0f,1f],start_interpolation: 0,interpolation_duration: 1}
$data merge entity $(bone_r_1) {transformation: [-0.5966f,-0.3625f,-0.716f,-0.0017f,-0.0056f,0.894f,-0.4479f,1.5951f,0.8026f,-0.2632f,-0.5354f,-0.0325f,0f,0f,0f,1f],start_interpolation: 0,interpolation_duration: 1}
$data merge entity $(bone_eye_r) {transformation: [-0.5966f,-0.3625f,-0.716f,0.0134f,-0.0056f,0.894f,-0.4479f,1.5673f,0.8026f,-0.2632f,-0.5354f,-0.041f,0f,0f,0f,1f],start_interpolation: 0,interpolation_duration: 1}
$data merge entity $(bone_eyes_down) {transformation: [-0.5966f,-0.3625f,-0.716f,-0.2166f,-0.0056f,0.894f,-0.4479f,1.4343f,0.8026f,-0.2632f,-0.5354f,-0.0571f,0f,0f,0f,1f],start_interpolation: 0,interpolation_duration: 1}
$data merge entity $(bone_eyes_up) {transformation: [-0.5966f,-0.3625f,-0.716f,-0.2651f,-0.0056f,0.894f,-0.4479f,1.5527f,0.8026f,-0.2632f,-0.5354f,-0.0924f,0f,0f,0f,1f],start_interpolation: 0,interpolation_duration: 1}
$data merge entity $(bone_bone) {transformation: [-0.5966f,-0.3625f,-0.716f,-0.1826f,-0.0056f,0.894f,-0.4479f,1.3505f,0.8026f,-0.2632f,-0.5354f,-0.0324f,0f,0f,0f,1f],start_interpolation: 0,interpolation_duration: 1}
$data merge entity $(bone_l) {transformation: [-0.5784f,-0.2932f,-0.716f,-0.1523f,-0.0489f,0.6695f,-0.4479f,1.6584f,0.8144f,-0.168f,-0.5354f,0.1481f,0f,0f,0f,1f],start_interpolation: 0,interpolation_duration: 1}
$data merge entity $(bone_r) {transformation: [-0.6135f,-0.2499f,-0.716f,-0.0031f,0.0376f,0.67f,-0.4479f,1.6598f,0.7889f,-0.2263f,-0.5354f,-0.0526f,0f,0f,0f,1f],start_interpolation: 0,interpolation_duration: 1}
$data merge entity $(bone_sad) {transformation: [-0.9341f,-0.2204f,-0.716f,-0.15f,-0.0088f,0.5436f,-0.4479f,1.5605f,1.2565f,-0.16f,-0.5354f,0.1977f,0f,0f,0f,1f],start_interpolation: 0,interpolation_duration: 1}
$data merge entity $(bone_head) {transformation: [-0.5966f,-0.3625f,-0.716f,-0.1826f,-0.0056f,0.894f,-0.4479f,1.3505f,0.8026f,-0.2632f,-0.5354f,-0.0324f,0f,0f,0f,1f],start_interpolation: 0,interpolation_duration: 1}
$data merge entity $(bone_6) {transformation: [-0.5796f,-0.0252f,-0.8145f,0.0072f,-0.1353f,0.9886f,0.0657f,0.4118f,0.8036f,0.1483f,-0.5764f,-0.1012f,0f,0f,0f,1f],start_interpolation: 0,interpolation_duration: 1}
$data merge entity $(bone_12) {transformation: [-0.5796f,-0.4894f,-0.6516f,-0.1763f,-0.1353f,0.8463f,-0.5153f,0.7292f,0.8036f,-0.2105f,-0.5567f,-0.1801f,0f,0f,0f,1f],start_interpolation: 0,interpolation_duration: 1}
$data merge entity $(bone_10) {transformation: [-0.5966f,-0.1258f,-0.7926f,-0.275f,-0.0056f,0.9883f,-0.1526f,1.0362f,0.8025f,-0.0866f,-0.5903f,-0.1033f,0f,0f,0f,1f],start_interpolation: 0,interpolation_duration: 1}
$data merge entity $(bone_9) {transformation: [-0.5966f,0.2856f,-0.75f,-0.1679f,-0.0056f,0.933f,0.3598f,1.386f,0.8025f,0.2189f,-0.555f,-0.0213f,0f,0f,0f,1f],start_interpolation: 0,interpolation_duration: 1}
$data merge entity $(item_display_item_display) {transformation: [0.3366f,0.6191f,-0.234f,-0.0168f,-0.45f,0.4066f,0.4284f,1.0186f,0.4853f,-0.0524f,0.5595f,0.5366f,0f,0f,0f,1f],start_interpolation: 0,interpolation_duration: 1}
$data merge entity $(bone_2) {transformation: [0.312f,-0.4531f,0.8231f,-0.3872f,-0.5712f,0.5971f,0.5453f,0.9975f,-0.746f,-0.6467f,-0.0733f,0.3979f,0f,0f,0f,1f],start_interpolation: 0,interpolation_duration: 1}
$data merge entity $(bone_1) {transformation: [0.312f,0.0169f,0.9394f,-0.3756f,-0.5712f,0.7893f,0.1755f,1.2699f,-0.746f,-0.5973f,0.2585f,0.1941f,0f,0f,0f,1f],start_interpolation: 0,interpolation_duration: 1}
$data merge entity $(bone_4) {transformation: [-0.4448f,-0.8248f,0.3491f,0.2908f,-0.4719f,-0.1154f,-0.8741f,1.1954f,0.7612f,-0.5535f,-0.3379f,-0.2261f,0f,0f,0f,1f],start_interpolation: 0,interpolation_duration: 1}
$data merge entity $(bone_3) {transformation: [-0.4448f,-0.8925f,0.075f,-0.0438f,-0.4719f,0.1624f,-0.8666f,1.2563f,0.7612f,-0.4208f,-0.4934f,-0.3839f,0f,0f,0f,1f],start_interpolation: 0,interpolation_duration: 1}
$data merge entity $(bone_8) {transformation: [-0.6728f,0.5203f,-0.526f,-0.2879f,0.1741f,0.8023f,0.571f,0.4148f,0.7191f,0.2926f,-0.6304f,0.124f,0f,0f,0f,1f],start_interpolation: 0,interpolation_duration: 1}
$data merge entity $(bone_7) {transformation: [-0.6728f,0.0623f,-0.7372f,-0.2984f,0.1741f,0.9818f,-0.076f,0.7186f,0.7191f,-0.1795f,-0.6714f,0.0406f,0f,0f,0f,1f],start_interpolation: 0,interpolation_duration: 1}
data modify entity @s data merge value {"cameras":{"camera1":{"px":0.21753345775462946,"py":1.5292759620949075,"pz":1.3353224609374998,"ry":155.5302001851852,"rx":0}},"locators":{}}