# This file was generated by Animated Java via MC-Build. It is not recommended to edit this file directly.
$data merge entity $(bone_layer) {transformation: [-0.5958f,-0.3618f,-0.717f,-0.1827f,-0.0056f,0.8946f,-0.4468f,1.3505f,0.8032f,-0.2622f,-0.535f,-0.0328f,0f,0f,0f,1f],start_interpolation: 0,interpolation_duration: 1}
$data merge entity $(bone_l_1) {transformation: [-0.5958f,-0.3618f,-0.717f,-0.1318f,-0.0056f,0.8946f,-0.4468f,1.5937f,0.8032f,-0.2622f,-0.535f,0.1428f,0f,0f,0f,1f],start_interpolation: 0,interpolation_duration: 1}
$data merge entity $(bone_eye_l) {transformation: [-0.5958f,-0.3618f,-0.717f,-0.1894f,-0.0056f,0.8946f,-0.4468f,1.3463f,0.8032f,-0.2622f,-0.535f,-0.0378f,0f,0f,0f,1f],start_interpolation: 0,interpolation_duration: 1}
$data merge entity $(bone_r_1) {transformation: [-0.5958f,-0.3618f,-0.717f,-0.0015f,-0.0056f,0.8946f,-0.4468f,1.5949f,0.8032f,-0.2622f,-0.535f,-0.0329f,0f,0f,0f,1f],start_interpolation: 0,interpolation_duration: 1}
$data merge entity $(bone_eye_r) {transformation: [-0.5958f,-0.3618f,-0.717f,0.0135f,-0.0056f,0.8946f,-0.4468f,1.5671f,0.8032f,-0.2622f,-0.535f,-0.0414f,0f,0f,0f,1f],start_interpolation: 0,interpolation_duration: 1}
$data merge entity $(bone_eyes_down) {transformation: [-0.5958f,-0.3618f,-0.717f,-0.2166f,-0.0056f,0.8946f,-0.4468f,1.4344f,0.8032f,-0.2622f,-0.535f,-0.0574f,0f,0f,0f,1f],start_interpolation: 0,interpolation_duration: 1}
$data merge entity $(bone_eyes_up) {transformation: [-0.5958f,-0.3618f,-0.717f,-0.265f,-0.0056f,0.8946f,-0.4468f,1.5528f,0.8032f,-0.2622f,-0.535f,-0.0925f,0f,0f,0f,1f],start_interpolation: 0,interpolation_duration: 1}
$data merge entity $(bone_bone) {transformation: [-0.5958f,-0.3618f,-0.717f,-0.1827f,-0.0056f,0.8946f,-0.4468f,1.3505f,0.8032f,-0.2622f,-0.535f,-0.0328f,0f,0f,0f,1f],start_interpolation: 0,interpolation_duration: 1}
$data merge entity $(bone_l) {transformation: [-0.5776f,-0.2928f,-0.717f,-0.1518f,-0.049f,0.67f,-0.4468f,1.6582f,0.815f,-0.1671f,-0.535f,0.1479f,0f,0f,0f,1f],start_interpolation: 0,interpolation_duration: 1}
$data merge entity $(bone_r) {transformation: [-0.6127f,-0.2493f,-0.717f,-0.0028f,0.0379f,0.6704f,-0.4468f,1.6596f,0.7895f,-0.2257f,-0.535f,-0.0529f,0f,0f,0f,1f],start_interpolation: 0,interpolation_duration: 1}
$data merge entity $(bone_sad) {transformation: [-0.9376f,-0.2193f,-0.717f,-0.1495f,-0.0088f,0.5423f,-0.4468f,1.5604f,1.2639f,-0.1589f,-0.535f,0.1973f,0f,0f,0f,1f],start_interpolation: 0,interpolation_duration: 1}
$data merge entity $(bone_head) {transformation: [-0.5958f,-0.3618f,-0.717f,-0.1827f,-0.0056f,0.8946f,-0.4468f,1.3505f,0.8032f,-0.2622f,-0.535f,-0.0328f,0f,0f,0f,1f],start_interpolation: 0,interpolation_duration: 1}
$data merge entity $(bone_6) {transformation: [-0.5788f,-0.025f,-0.8151f,0.007f,-0.1353f,0.9886f,0.0657f,0.4118f,0.8042f,0.1483f,-0.5756f,-0.1017f,0f,0f,0f,1f],start_interpolation: 0,interpolation_duration: 1}
$data merge entity $(bone_12) {transformation: [-0.5788f,-0.4896f,-0.6521f,-0.1766f,-0.1353f,0.8463f,-0.5153f,0.7292f,0.8042f,-0.21f,-0.556f,-0.1804f,0f,0f,0f,1f],start_interpolation: 0,interpolation_duration: 1}
$data merge entity $(bone_10) {transformation: [-0.5958f,-0.1259f,-0.7932f,-0.2752f,-0.0056f,0.9883f,-0.1526f,1.0361f,0.8031f,-0.0865f,-0.5895f,-0.1036f,0f,0f,0f,1f],start_interpolation: 0,interpolation_duration: 1}
$data merge entity $(bone_9) {transformation: [-0.5958f,0.2858f,-0.7506f,-0.168f,-0.0056f,0.9331f,0.3597f,1.386f,0.8031f,0.2185f,-0.5543f,-0.0216f,0f,0f,0f,1f],start_interpolation: 0,interpolation_duration: 1}
$data merge entity $(item_display_item_display) {transformation: [0.3374f,0.6189f,-0.2334f,-0.016f,-0.45f,0.4068f,0.4281f,1.0187f,0.4848f,-0.053f,0.5599f,0.5359f,0f,0f,0f,1f],start_interpolation: 0,interpolation_duration: 1}
$data merge entity $(bone_2) {transformation: [0.3113f,-0.4543f,0.8227f,-0.3867f,-0.5709f,0.5971f,0.5456f,0.9975f,-0.7465f,-0.646f,-0.0742f,0.3976f,0f,0f,0f,1f],start_interpolation: 0,interpolation_duration: 1}
$data merge entity $(bone_1) {transformation: [0.3113f,0.0157f,0.9397f,-0.3754f,-0.5709f,0.7895f,0.1759f,1.27f,-0.7465f,-0.5971f,0.2573f,0.194f,0f,0f,0f,1f],start_interpolation: 0,interpolation_duration: 1}
$data merge entity $(bone_4) {transformation: [-0.4441f,-0.8252f,0.349f,0.2905f,-0.4719f,-0.1158f,-0.874f,1.1957f,0.7617f,-0.5528f,-0.338f,-0.2267f,0f,0f,0f,1f],start_interpolation: 0,interpolation_duration: 1}
$data merge entity $(bone_3) {transformation: [-0.4441f,-0.8928f,0.0754f,-0.0443f,-0.4719f,0.1615f,-0.8668f,1.2563f,0.7617f,-0.4205f,-0.493f,-0.3844f,0f,0f,0f,1f],start_interpolation: 0,interpolation_duration: 1}
$data merge entity $(bone_8) {transformation: [-0.6721f,0.5206f,-0.5266f,-0.2878f,0.1741f,0.8023f,0.5709f,0.4148f,0.7197f,0.292f,-0.6299f,0.1238f,0f,0f,0f,1f],start_interpolation: 0,interpolation_duration: 1}
$data merge entity $(bone_7) {transformation: [-0.6721f,0.0621f,-0.7379f,-0.2984f,0.1741f,0.9818f,-0.076f,0.7186f,0.7197f,-0.1795f,-0.6706f,0.0404f,0f,0f,0f,1f],start_interpolation: 0,interpolation_duration: 1}
data modify entity @s data merge value {"cameras":{"camera":{"posx":0.21797030092592576,"posy":1.5294115162037036,"posz":1.3427918402777779,"roty":155.59213925925926,"rotx":0}},"locators":{}}