# This file was generated by Animated Java via MC-Build. It is not recommended to edit this file directly.
$data merge entity $(bone_layer) {transformation: [-0.595f,-0.3612f,-0.718f,-0.1827f,-0.0055f,0.8952f,-0.4457f,1.3505f,0.8038f,-0.2612f,-0.5346f,-0.0331f,0f,0f,0f,1f],start_interpolation: 0,interpolation_duration: 1}
$data merge entity $(bone_l_1) {transformation: [-0.595f,-0.3612f,-0.718f,-0.1314f,-0.0055f,0.8952f,-0.4457f,1.5935f,0.8038f,-0.2612f,-0.5346f,0.1426f,0f,0f,0f,1f],start_interpolation: 0,interpolation_duration: 1}
$data merge entity $(bone_eye_l) {transformation: [-0.595f,-0.3612f,-0.718f,-0.1894f,-0.0055f,0.8952f,-0.4457f,1.3463f,0.8038f,-0.2612f,-0.5346f,-0.0381f,0f,0f,0f,1f],start_interpolation: 0,interpolation_duration: 1}
$data merge entity $(bone_r_1) {transformation: [-0.595f,-0.3612f,-0.718f,-0.0013f,-0.0055f,0.8952f,-0.4457f,1.5947f,0.8038f,-0.2612f,-0.5346f,-0.0332f,0f,0f,0f,1f],start_interpolation: 0,interpolation_duration: 1}
$data merge entity $(bone_eye_r) {transformation: [-0.595f,-0.3612f,-0.718f,0.0137f,-0.0055f,0.8952f,-0.4457f,1.5668f,0.8038f,-0.2612f,-0.5346f,-0.0418f,0f,0f,0f,1f],start_interpolation: 0,interpolation_duration: 1}
$data merge entity $(bone_eyes_down) {transformation: [-0.595f,-0.3612f,-0.718f,-0.2166f,-0.0055f,0.8952f,-0.4457f,1.4344f,0.8038f,-0.2612f,-0.5346f,-0.0576f,0f,0f,0f,1f],start_interpolation: 0,interpolation_duration: 1}
$data merge entity $(bone_eyes_up) {transformation: [-0.595f,-0.3612f,-0.718f,-0.2649f,-0.0055f,0.8952f,-0.4457f,1.5528f,0.8038f,-0.2612f,-0.5346f,-0.0926f,0f,0f,0f,1f],start_interpolation: 0,interpolation_duration: 1}
$data merge entity $(bone_bone) {transformation: [-0.595f,-0.3612f,-0.718f,-0.1827f,-0.0055f,0.8952f,-0.4457f,1.3505f,0.8038f,-0.2612f,-0.5346f,-0.0331f,0f,0f,0f,1f],start_interpolation: 0,interpolation_duration: 1}
$data merge entity $(bone_l) {transformation: [-0.5767f,-0.2923f,-0.718f,-0.1513f,-0.0491f,0.6704f,-0.4457f,1.6579f,0.8156f,-0.1663f,-0.5346f,0.1478f,0f,0f,0f,1f],start_interpolation: 0,interpolation_duration: 1}
$data merge entity $(bone_r) {transformation: [-0.6119f,-0.2488f,-0.718f,-0.0026f,0.0381f,0.6708f,-0.4457f,1.6593f,0.7901f,-0.225f,-0.5346f,-0.0532f,0f,0f,0f,1f],start_interpolation: 0,interpolation_duration: 1}
$data merge entity $(bone_sad) {transformation: [-0.9407f,-0.2183f,-0.718f,-0.149f,-0.0087f,0.5411f,-0.4457f,1.5602f,1.2708f,-0.1579f,-0.5346f,0.197f,0f,0f,0f,1f],start_interpolation: 0,interpolation_duration: 1}
$data merge entity $(bone_head) {transformation: [-0.595f,-0.3612f,-0.718f,-0.1827f,-0.0055f,0.8952f,-0.4457f,1.3505f,0.8038f,-0.2612f,-0.5346f,-0.0331f,0f,0f,0f,1f],start_interpolation: 0,interpolation_duration: 1}
$data merge entity $(bone_6) {transformation: [-0.578f,-0.0248f,-0.8157f,0.0069f,-0.1352f,0.9886f,0.0658f,0.4118f,0.8048f,0.1483f,-0.5747f,-0.1022f,0f,0f,0f,1f],start_interpolation: 0,interpolation_duration: 1}
$data merge entity $(bone_12) {transformation: [-0.578f,-0.4898f,-0.6527f,-0.1768f,-0.1352f,0.8463f,-0.5153f,0.7292f,0.8048f,-0.2095f,-0.5554f,-0.1808f,0f,0f,0f,1f],start_interpolation: 0,interpolation_duration: 1}
$data merge entity $(bone_10) {transformation: [-0.595f,-0.1259f,-0.7938f,-0.2753f,-0.0055f,0.9883f,-0.1526f,1.0361f,0.8037f,-0.0864f,-0.5887f,-0.1038f,0f,0f,0f,1f],start_interpolation: 0,interpolation_duration: 1}
$data merge entity $(bone_9) {transformation: [-0.595f,0.286f,-0.7511f,-0.168f,-0.0055f,0.9331f,0.3597f,1.386f,0.8037f,0.2181f,-0.5535f,-0.022f,0f,0f,0f,1f],start_interpolation: 0,interpolation_duration: 1}
$data merge entity $(item_display_item_display) {transformation: [0.3381f,0.6187f,-0.2329f,-0.0153f,-0.45f,0.407f,0.4279f,1.0188f,0.4842f,-0.0537f,0.5603f,0.5353f,0f,0f,0f,1f],start_interpolation: 0,interpolation_duration: 1}
$data merge entity $(bone_2) {transformation: [0.3105f,-0.4553f,0.8224f,-0.3861f,-0.5706f,0.5971f,0.546f,0.9974f,-0.7471f,-0.6452f,-0.0752f,0.3974f,0f,0f,0f,1f],start_interpolation: 0,interpolation_duration: 1}
$data merge entity $(bone_1) {transformation: [0.3105f,0.0145f,0.9399f,-0.3752f,-0.5706f,0.7896f,0.1763f,1.27f,-0.7471f,-0.597f,0.256f,0.1938f,0f,0f,0f,1f],start_interpolation: 0,interpolation_duration: 1}
$data merge entity $(bone_4) {transformation: [-0.4433f,-0.8258f,0.3487f,0.2903f,-0.4718f,-0.1158f,-0.8741f,1.196f,0.7622f,-0.552f,-0.3383f,-0.2274f,0f,0f,0f,1f],start_interpolation: 0,interpolation_duration: 1}
$data merge entity $(bone_3) {transformation: [-0.4433f,-0.8932f,0.0756f,-0.0447f,-0.4718f,0.1608f,-0.8669f,1.2563f,0.7622f,-0.42f,-0.4927f,-0.3848f,0f,0f,0f,1f],start_interpolation: 0,interpolation_duration: 1}
$data merge entity $(bone_8) {transformation: [-0.6713f,0.5209f,-0.5273f,-0.2878f,0.1741f,0.8023f,0.5709f,0.4148f,0.7204f,0.2914f,-0.6293f,0.1235f,0f,0f,0f,1f],start_interpolation: 0,interpolation_duration: 1}
$data merge entity $(bone_7) {transformation: [-0.6713f,0.0619f,-0.7386f,-0.2984f,0.1741f,0.9818f,-0.076f,0.7186f,0.7204f,-0.1796f,-0.6699f,0.0402f,0f,0f,0f,1f],start_interpolation: 0,interpolation_duration: 1}
data modify entity @s data merge value {"cameras":{"camera":{"posx":0.21842773437499982,"posy":1.5295556640624999,"posz":1.3504736328125,"roty":155.663125,"rotx":0}},"locators":{}}