# This file was generated by Animated Java via MC-Build. It is not recommended to edit this file directly.
$data merge entity $(bone_layer) {transformation: [-0.5942f,-0.3606f,-0.719f,-0.1827f,-0.0055f,0.8957f,-0.4447f,1.3505f,0.8044f,-0.2603f,-0.5341f,-0.0334f,0f,0f,0f,1f],start_interpolation: 0,interpolation_duration: 1}
$data merge entity $(bone_l_1) {transformation: [-0.5942f,-0.3606f,-0.719f,-0.131f,-0.0055f,0.8957f,-0.4447f,1.5933f,0.8044f,-0.2603f,-0.5341f,0.1424f,0f,0f,0f,1f],start_interpolation: 0,interpolation_duration: 1}
$data merge entity $(bone_eye_l) {transformation: [-0.5942f,-0.3606f,-0.719f,-0.1894f,-0.0055f,0.8957f,-0.4447f,1.3463f,0.8044f,-0.2603f,-0.5341f,-0.0384f,0f,0f,0f,1f],start_interpolation: 0,interpolation_duration: 1}
$data merge entity $(bone_r_1) {transformation: [-0.5942f,-0.3606f,-0.719f,-0.001f,-0.0055f,0.8957f,-0.4447f,1.5945f,0.8044f,-0.2603f,-0.5341f,-0.0336f,0f,0f,0f,1f],start_interpolation: 0,interpolation_duration: 1}
$data merge entity $(bone_eye_r) {transformation: [-0.5942f,-0.3606f,-0.719f,0.0139f,-0.0055f,0.8957f,-0.4447f,1.5666f,0.8044f,-0.2603f,-0.5341f,-0.0422f,0f,0f,0f,1f],start_interpolation: 0,interpolation_duration: 1}
$data merge entity $(bone_eyes_down) {transformation: [-0.5942f,-0.3606f,-0.719f,-0.2165f,-0.0055f,0.8957f,-0.4447f,1.4345f,0.8044f,-0.2603f,-0.5341f,-0.0578f,0f,0f,0f,1f],start_interpolation: 0,interpolation_duration: 1}
$data merge entity $(bone_eyes_up) {transformation: [-0.5942f,-0.3606f,-0.719f,-0.2647f,-0.0055f,0.8957f,-0.4447f,1.5529f,0.8044f,-0.2603f,-0.5341f,-0.0927f,0f,0f,0f,1f],start_interpolation: 0,interpolation_duration: 1}
$data merge entity $(bone_bone) {transformation: [-0.5942f,-0.3606f,-0.719f,-0.1827f,-0.0055f,0.8957f,-0.4447f,1.3505f,0.8044f,-0.2603f,-0.5341f,-0.0334f,0f,0f,0f,1f],start_interpolation: 0,interpolation_duration: 1}
$data merge entity $(bone_l) {transformation: [-0.5759f,-0.2919f,-0.719f,-0.1508f,-0.0492f,0.6708f,-0.4447f,1.6577f,0.8162f,-0.1655f,-0.5341f,0.1476f,0f,0f,0f,1f],start_interpolation: 0,interpolation_duration: 1}
$data merge entity $(bone_r) {transformation: [-0.6111f,-0.2483f,-0.719f,-0.0022f,0.0383f,0.6712f,-0.4447f,1.6591f,0.7908f,-0.2244f,-0.5341f,-0.0535f,0f,0f,0f,1f],start_interpolation: 0,interpolation_duration: 1}
$data merge entity $(bone_sad) {transformation: [-0.9431f,-0.2174f,-0.719f,-0.1485f,-0.0087f,0.5401f,-0.4447f,1.56f,1.2769f,-0.1569f,-0.5341f,0.1966f,0f,0f,0f,1f],start_interpolation: 0,interpolation_duration: 1}
$data merge entity $(bone_head) {transformation: [-0.5942f,-0.3606f,-0.719f,-0.1827f,-0.0055f,0.8957f,-0.4447f,1.3505f,0.8044f,-0.2603f,-0.5341f,-0.0334f,0f,0f,0f,1f],start_interpolation: 0,interpolation_duration: 1}
$data merge entity $(bone_6) {transformation: [-0.5771f,-0.0245f,-0.8163f,0.0067f,-0.1352f,0.9886f,0.0659f,0.4118f,0.8054f,0.1484f,-0.5739f,-0.1027f,0f,0f,0f,1f],start_interpolation: 0,interpolation_duration: 1}
$data merge entity $(bone_12) {transformation: [-0.5771f,-0.4899f,-0.6534f,-0.177f,-0.1352f,0.8463f,-0.5152f,0.7291f,0.8054f,-0.2091f,-0.5547f,-0.1811f,0f,0f,0f,1f],start_interpolation: 0,interpolation_duration: 1}
$data merge entity $(bone_10) {transformation: [-0.5941f,-0.1259f,-0.7945f,-0.2753f,-0.0055f,0.9883f,-0.1525f,1.0361f,0.8044f,-0.0863f,-0.5878f,-0.104f,0f,0f,0f,1f],start_interpolation: 0,interpolation_duration: 1}
$data merge entity $(bone_9) {transformation: [-0.5941f,0.2863f,-0.7517f,-0.168f,-0.0055f,0.9331f,0.3597f,1.386f,0.8044f,0.2178f,-0.5528f,-0.0223f,0f,0f,0f,1f],start_interpolation: 0,interpolation_duration: 1}
$data merge entity $(item_display_item_display) {transformation: [0.3389f,0.6185f,-0.2323f,-0.0145f,-0.4501f,0.4072f,0.4277f,1.0188f,0.4836f,-0.0544f,0.5608f,0.5346f,0f,0f,0f,1f],start_interpolation: 0,interpolation_duration: 1}
$data merge entity $(bone_2) {transformation: [0.3097f,-0.4564f,0.8221f,-0.3855f,-0.5703f,0.5971f,0.5463f,0.9974f,-0.7477f,-0.6444f,-0.0761f,0.3973f,0f,0f,0f,1f],start_interpolation: 0,interpolation_duration: 1}
$data merge entity $(bone_1) {transformation: [0.3097f,0.0134f,0.9402f,-0.375f,-0.5703f,0.7898f,0.1765f,1.27f,-0.7477f,-0.5968f,0.2548f,0.1937f,0f,0f,0f,1f],start_interpolation: 0,interpolation_duration: 1}
$data merge entity $(bone_4) {transformation: [-0.4426f,-0.8264f,0.3481f,0.2901f,-0.4718f,-0.1155f,-0.8741f,1.1961f,0.7626f,-0.5511f,-0.3388f,-0.228f,0f,0f,0f,1f],start_interpolation: 0,interpolation_duration: 1}
$data merge entity $(bone_3) {transformation: [-0.4426f,-0.8935f,0.0756f,-0.045f,-0.4718f,0.1603f,-0.867f,1.2562f,0.7626f,-0.4194f,-0.4925f,-0.3853f,0f,0f,0f,1f],start_interpolation: 0,interpolation_duration: 1}
$data merge entity $(bone_8) {transformation: [-0.6706f,0.5212f,-0.5279f,-0.2876f,0.1742f,0.8023f,0.5709f,0.4148f,0.7211f,0.2909f,-0.6288f,0.1233f,0f,0f,0f,1f],start_interpolation: 0,interpolation_duration: 1}
$data merge entity $(bone_7) {transformation: [-0.6706f,0.0618f,-0.7393f,-0.2984f,0.1742f,0.9818f,-0.0759f,0.7186f,0.7211f,-0.1796f,-0.6691f,0.04f,0f,0f,0f,1f],start_interpolation: 0,interpolation_duration: 1}
data modify entity @s data merge value {"cameras":{"camera":{"posx":0.2189029629629628,"posy":1.5297074074074075,"posz":1.3583583333333333,"roty":155.74150518518516,"rotx":0}},"locators":{}}