# This file was generated by Animated Java via MC-Build. It is not recommended to edit this file directly.
$data merge entity $(bone_layer) {transformation: [-0.5933f,-0.3601f,-0.72f,-0.1826f,-0.0054f,0.8961f,-0.4438f,1.3505f,0.8051f,-0.2594f,-0.5336f,-0.0337f,0f,0f,0f,1f],start_interpolation: 0,interpolation_duration: 1}
$data merge entity $(bone_l_1) {transformation: [-0.5933f,-0.3601f,-0.72f,-0.1305f,-0.0054f,0.8961f,-0.4438f,1.5932f,0.8051f,-0.2594f,-0.5336f,0.1422f,0f,0f,0f,1f],start_interpolation: 0,interpolation_duration: 1}
$data merge entity $(bone_eye_l) {transformation: [-0.5933f,-0.3601f,-0.72f,-0.1894f,-0.0054f,0.8961f,-0.4438f,1.3463f,0.8051f,-0.2594f,-0.5336f,-0.0387f,0f,0f,0f,1f],start_interpolation: 0,interpolation_duration: 1}
$data merge entity $(bone_r_1) {transformation: [-0.5933f,-0.3601f,-0.72f,-0.0007f,-0.0054f,0.8961f,-0.4438f,1.5944f,0.8051f,-0.2594f,-0.5336f,-0.0339f,0f,0f,0f,1f],start_interpolation: 0,interpolation_duration: 1}
$data merge entity $(bone_eye_r) {transformation: [-0.5933f,-0.3601f,-0.72f,0.0142f,-0.0054f,0.8961f,-0.4438f,1.5665f,0.8051f,-0.2594f,-0.5336f,-0.0426f,0f,0f,0f,1f],start_interpolation: 0,interpolation_duration: 1}
$data merge entity $(bone_eyes_down) {transformation: [-0.5933f,-0.3601f,-0.72f,-0.2164f,-0.0054f,0.8961f,-0.4438f,1.4345f,0.8051f,-0.2594f,-0.5336f,-0.0581f,0f,0f,0f,1f],start_interpolation: 0,interpolation_duration: 1}
$data merge entity $(bone_eyes_up) {transformation: [-0.5933f,-0.3601f,-0.72f,-0.2645f,-0.0054f,0.8961f,-0.4438f,1.5528f,0.8051f,-0.2594f,-0.5336f,-0.0927f,0f,0f,0f,1f],start_interpolation: 0,interpolation_duration: 1}
$data merge entity $(bone_bone) {transformation: [-0.5933f,-0.3601f,-0.72f,-0.1826f,-0.0054f,0.8961f,-0.4438f,1.3505f,0.8051f,-0.2594f,-0.5336f,-0.0337f,0f,0f,0f,1f],start_interpolation: 0,interpolation_duration: 1}
$data merge entity $(bone_l) {transformation: [-0.575f,-0.2915f,-0.72f,-0.1502f,-0.0492f,0.6711f,-0.4438f,1.6575f,0.8168f,-0.1648f,-0.5336f,0.1475f,0f,0f,0f,1f],start_interpolation: 0,interpolation_duration: 1}
$data merge entity $(bone_r) {transformation: [-0.6103f,-0.248f,-0.72f,-0.0019f,0.0385f,0.6715f,-0.4438f,1.6588f,0.7914f,-0.2239f,-0.5336f,-0.0538f,0f,0f,0f,1f],start_interpolation: 0,interpolation_duration: 1}
$data merge entity $(bone_sad) {transformation: [-0.9449f,-0.2167f,-0.72f,-0.148f,-0.0086f,0.5392f,-0.4438f,1.5599f,1.2821f,-0.1561f,-0.5336f,0.1963f,0f,0f,0f,1f],start_interpolation: 0,interpolation_duration: 1}
$data merge entity $(bone_head) {transformation: [-0.5933f,-0.3601f,-0.72f,-0.1826f,-0.0054f,0.8961f,-0.4438f,1.3505f,0.8051f,-0.2594f,-0.5336f,-0.0337f,0f,0f,0f,1f],start_interpolation: 0,interpolation_duration: 1}
$data merge entity $(bone_6) {transformation: [-0.5763f,-0.0242f,-0.8169f,0.0066f,-0.1351f,0.9886f,0.066f,0.4117f,0.806f,0.1484f,-0.573f,-0.1032f,0f,0f,0f,1f],start_interpolation: 0,interpolation_duration: 1}
$data merge entity $(bone_12) {transformation: [-0.5763f,-0.49f,-0.654f,-0.1771f,-0.1351f,0.8464f,-0.5151f,0.7291f,0.806f,-0.2085f,-0.554f,-0.1814f,0f,0f,0f,1f],start_interpolation: 0,interpolation_duration: 1}
$data merge entity $(bone_10) {transformation: [-0.5933f,-0.1259f,-0.7951f,-0.2754f,-0.0054f,0.9883f,-0.1524f,1.0361f,0.805f,-0.0861f,-0.587f,-0.1042f,0f,0f,0f,1f],start_interpolation: 0,interpolation_duration: 1}
$data merge entity $(bone_9) {transformation: [-0.5933f,0.2866f,-0.7523f,-0.1679f,-0.0054f,0.933f,0.3597f,1.386f,0.805f,0.2175f,-0.552f,-0.0227f,0f,0f,0f,1f],start_interpolation: 0,interpolation_duration: 1}
$data merge entity $(item_display_item_display) {transformation: [0.3396f,0.6183f,-0.2316f,-0.0136f,-0.4501f,0.4073f,0.4275f,1.0188f,0.4831f,-0.0551f,0.5612f,0.534f,0f,0f,0f,1f],start_interpolation: 0,interpolation_duration: 1}
$data merge entity $(bone_2) {transformation: [0.3089f,-0.4574f,0.8219f,-0.3848f,-0.57f,0.5971f,0.5465f,0.9973f,-0.7482f,-0.6437f,-0.077f,0.3971f,0f,0f,0f,1f],start_interpolation: 0,interpolation_duration: 1}
$data merge entity $(bone_1) {transformation: [0.3089f,0.0124f,0.9405f,-0.3747f,-0.57f,0.7899f,0.1768f,1.27f,-0.7482f,-0.5966f,0.2536f,0.1936f,0f,0f,0f,1f],start_interpolation: 0,interpolation_duration: 1}
$data merge entity $(bone_4) {transformation: [-0.4418f,-0.8272f,0.3471f,0.2899f,-0.4717f,-0.1149f,-0.8742f,1.1962f,0.7631f,-0.55f,-0.3395f,-0.2288f,0f,0f,0f,1f],start_interpolation: 0,interpolation_duration: 1}
$data merge entity $(bone_3) {transformation: [-0.4418f,-0.8939f,0.0754f,-0.0453f,-0.4717f,0.16f,-0.8671f,1.2562f,0.7631f,-0.4187f,-0.4924f,-0.3858f,0f,0f,0f,1f],start_interpolation: 0,interpolation_duration: 1}
$data merge entity $(bone_8) {transformation: [-0.6698f,0.5215f,-0.5286f,-0.2875f,0.1742f,0.8023f,0.5709f,0.4148f,0.7218f,0.2903f,-0.6282f,0.1231f,0f,0f,0f,1f],start_interpolation: 0,interpolation_duration: 1}
$data merge entity $(bone_7) {transformation: [-0.6698f,0.0617f,-0.74f,-0.2983f,0.1742f,0.9818f,-0.0758f,0.7185f,0.7218f,-0.1797f,-0.6683f,0.0398f,0f,0f,0f,1f],start_interpolation: 0,interpolation_duration: 1}
data modify entity @s data merge value {"cameras":{"camera":{"posx":0.21939319155092576,"posy":1.529865747974537,"posz":1.3664364366319446,"roty":155.82562759259258,"rotx":0}},"locators":{}}