# This file was generated by Animated Java via MC-Build. It is not recommended to edit this file directly.
$data merge entity $(bone_layer) {transformation: [-0.5925f,-0.3597f,-0.7209f,-0.1825f,-0.0053f,0.8965f,-0.443f,1.3504f,0.8057f,-0.2586f,-0.533f,-0.034f,0f,0f,0f,1f],start_interpolation: 0,interpolation_duration: 1}
$data merge entity $(bone_l_1) {transformation: [-0.5925f,-0.3597f,-0.7209f,-0.1301f,-0.0053f,0.8965f,-0.443f,1.593f,0.8057f,-0.2586f,-0.533f,0.1419f,0f,0f,0f,1f],start_interpolation: 0,interpolation_duration: 1}
$data merge entity $(bone_eye_l) {transformation: [-0.5925f,-0.3597f,-0.7209f,-0.1893f,-0.0053f,0.8965f,-0.443f,1.3463f,0.8057f,-0.2586f,-0.533f,-0.039f,0f,0f,0f,1f],start_interpolation: 0,interpolation_duration: 1}
$data merge entity $(bone_r_1) {transformation: [-0.5925f,-0.3597f,-0.7209f,-0.0005f,-0.0053f,0.8965f,-0.443f,1.5942f,0.8057f,-0.2586f,-0.533f,-0.0343f,0f,0f,0f,1f],start_interpolation: 0,interpolation_duration: 1}
$data merge entity $(bone_eye_r) {transformation: [-0.5925f,-0.3597f,-0.7209f,0.0144f,-0.0053f,0.8965f,-0.443f,1.5663f,0.8057f,-0.2586f,-0.533f,-0.043f,0f,0f,0f,1f],start_interpolation: 0,interpolation_duration: 1}
$data merge entity $(bone_eyes_down) {transformation: [-0.5925f,-0.3597f,-0.7209f,-0.2162f,-0.0053f,0.8965f,-0.443f,1.4345f,0.8057f,-0.2586f,-0.533f,-0.0583f,0f,0f,0f,1f],start_interpolation: 0,interpolation_duration: 1}
$data merge entity $(bone_eyes_up) {transformation: [-0.5925f,-0.3597f,-0.7209f,-0.2643f,-0.0053f,0.8965f,-0.443f,1.5528f,0.8057f,-0.2586f,-0.533f,-0.0928f,0f,0f,0f,1f],start_interpolation: 0,interpolation_duration: 1}
$data merge entity $(bone_bone) {transformation: [-0.5925f,-0.3597f,-0.7209f,-0.1825f,-0.0053f,0.8965f,-0.443f,1.3504f,0.8057f,-0.2586f,-0.533f,-0.034f,0f,0f,0f,1f],start_interpolation: 0,interpolation_duration: 1}
$data merge entity $(bone_l) {transformation: [-0.5741f,-0.2912f,-0.7209f,-0.1497f,-0.0493f,0.6714f,-0.443f,1.6573f,0.8174f,-0.1641f,-0.533f,0.1473f,0f,0f,0f,1f],start_interpolation: 0,interpolation_duration: 1}
$data merge entity $(bone_r) {transformation: [-0.6094f,-0.2477f,-0.7209f,-0.0016f,0.0386f,0.6718f,-0.443f,1.6586f,0.792f,-0.2233f,-0.533f,-0.0541f,0f,0f,0f,1f],start_interpolation: 0,interpolation_duration: 1}
$data merge entity $(bone_sad) {transformation: [-0.9459f,-0.2161f,-0.7209f,-0.1474f,-0.0085f,0.5386f,-0.443f,1.5598f,1.2863f,-0.1554f,-0.533f,0.196f,0f,0f,0f,1f],start_interpolation: 0,interpolation_duration: 1}
$data merge entity $(bone_head) {transformation: [-0.5925f,-0.3597f,-0.7209f,-0.1825f,-0.0053f,0.8965f,-0.443f,1.3504f,0.8057f,-0.2586f,-0.533f,-0.034f,0f,0f,0f,1f],start_interpolation: 0,interpolation_duration: 1}
$data merge entity $(bone_6) {transformation: [-0.5755f,-0.0238f,-0.8175f,0.0065f,-0.135f,0.9886f,0.0662f,0.4117f,0.8066f,0.1485f,-0.5722f,-0.1037f,0f,0f,0f,1f],start_interpolation: 0,interpolation_duration: 1}
$data merge entity $(bone_12) {transformation: [-0.5755f,-0.4901f,-0.6547f,-0.1773f,-0.135f,0.8465f,-0.515f,0.7291f,0.8066f,-0.208f,-0.5533f,-0.1817f,0f,0f,0f,1f],start_interpolation: 0,interpolation_duration: 1}
$data merge entity $(bone_10) {transformation: [-0.5924f,-0.1258f,-0.7957f,-0.2754f,-0.0053f,0.9883f,-0.1523f,1.0361f,0.8056f,-0.086f,-0.5862f,-0.1044f,0f,0f,0f,1f],start_interpolation: 0,interpolation_duration: 1}
$data merge entity $(bone_9) {transformation: [-0.5924f,0.2869f,-0.7528f,-0.1678f,-0.0053f,0.933f,0.3598f,1.386f,0.8056f,0.2172f,-0.5512f,-0.0229f,0f,0f,0f,1f],start_interpolation: 0,interpolation_duration: 1}
$data merge entity $(item_display_item_display) {transformation: [0.3402f,0.6182f,-0.231f,-0.0128f,-0.4502f,0.4075f,0.4273f,1.0188f,0.4825f,-0.0557f,0.5616f,0.5334f,0f,0f,0f,1f],start_interpolation: 0,interpolation_duration: 1}
$data merge entity $(bone_2) {transformation: [0.308f,-0.4583f,0.8217f,-0.3842f,-0.5697f,0.5972f,0.5467f,0.9973f,-0.7488f,-0.6429f,-0.078f,0.397f,0f,0f,0f,1f],start_interpolation: 0,interpolation_duration: 1}
$data merge entity $(bone_1) {transformation: [0.308f,0.0114f,0.9408f,-0.3744f,-0.5697f,0.7901f,0.1769f,1.27f,-0.7488f,-0.5964f,0.2524f,0.1935f,0f,0f,0f,1f],start_interpolation: 0,interpolation_duration: 1}
$data merge entity $(bone_4) {transformation: [-0.4411f,-0.8282f,0.3458f,0.2898f,-0.4717f,-0.1139f,-0.8744f,1.1962f,0.7635f,-0.5488f,-0.3404f,-0.2295f,0f,0f,0f,1f],start_interpolation: 0,interpolation_duration: 1}
$data merge entity $(bone_3) {transformation: [-0.4411f,-0.8943f,0.075f,-0.0456f,-0.4717f,0.1599f,-0.8672f,1.2562f,0.7635f,-0.4179f,-0.4923f,-0.3862f,0f,0f,0f,1f],start_interpolation: 0,interpolation_duration: 1}
$data merge entity $(bone_8) {transformation: [-0.669f,0.5219f,-0.5292f,-0.2874f,0.1742f,0.8023f,0.571f,0.4148f,0.7226f,0.2898f,-0.6276f,0.1229f,0f,0f,0f,1f],start_interpolation: 0,interpolation_duration: 1}
$data merge entity $(bone_7) {transformation: [-0.669f,0.0616f,-0.7407f,-0.2982f,0.1742f,0.9818f,-0.0757f,0.7185f,0.7226f,-0.1797f,-0.6676f,0.0396f,0f,0f,0f,1f],start_interpolation: 0,interpolation_duration: 1}
data modify entity @s data merge value {"cameras":{"camera1":{"px":0.21989562499999982,"py":1.5300296875,"pz":1.3746984375,"ry":155.91384,"rx":0}},"locators":{}}