# This file was generated by Animated Java via MC-Build. It is not recommended to edit this file directly.
$data merge entity $(bone_layer) {transformation: [-0.5916f,-0.3595f,-0.7217f,-0.1824f,-0.0053f,0.8968f,-0.4424f,1.3504f,0.8063f,-0.2579f,-0.5324f,-0.0343f,0f,0f,0f,1f],start_interpolation: 0,interpolation_duration: 1}
$data merge entity $(bone_l_1) {transformation: [-0.5916f,-0.3595f,-0.7217f,-0.1296f,-0.0053f,0.8968f,-0.4424f,1.5929f,0.8063f,-0.2579f,-0.5324f,0.1417f,0f,0f,0f,1f],start_interpolation: 0,interpolation_duration: 1}
$data merge entity $(bone_eye_l) {transformation: [-0.5916f,-0.3595f,-0.7217f,-0.1891f,-0.0053f,0.8968f,-0.4424f,1.3462f,0.8063f,-0.2579f,-0.5324f,-0.0393f,0f,0f,0f,1f],start_interpolation: 0,interpolation_duration: 1}
$data merge entity $(bone_r_1) {transformation: [-0.5916f,-0.3595f,-0.7217f,-0.0002f,-0.0053f,0.8968f,-0.4424f,1.5941f,0.8063f,-0.2579f,-0.5324f,-0.0347f,0f,0f,0f,1f],start_interpolation: 0,interpolation_duration: 1}
$data merge entity $(bone_eye_r) {transformation: [-0.5916f,-0.3595f,-0.7217f,0.0147f,-0.0053f,0.8968f,-0.4424f,1.5661f,0.8063f,-0.2579f,-0.5324f,-0.0434f,0f,0f,0f,1f],start_interpolation: 0,interpolation_duration: 1}
$data merge entity $(bone_eyes_down) {transformation: [-0.5916f,-0.3595f,-0.7217f,-0.2161f,-0.0053f,0.8968f,-0.4424f,1.4345f,0.8063f,-0.2579f,-0.5324f,-0.0585f,0f,0f,0f,1f],start_interpolation: 0,interpolation_duration: 1}
$data merge entity $(bone_eyes_up) {transformation: [-0.5916f,-0.3595f,-0.7217f,-0.264f,-0.0053f,0.8968f,-0.4424f,1.5527f,0.8063f,-0.2579f,-0.5324f,-0.0929f,0f,0f,0f,1f],start_interpolation: 0,interpolation_duration: 1}
$data merge entity $(bone_bone) {transformation: [-0.5916f,-0.3595f,-0.7217f,-0.1824f,-0.0053f,0.8968f,-0.4424f,1.3504f,0.8063f,-0.2579f,-0.5324f,-0.0343f,0f,0f,0f,1f],start_interpolation: 0,interpolation_duration: 1}
$data merge entity $(bone_l) {transformation: [-0.5733f,-0.2911f,-0.7217f,-0.1491f,-0.0492f,0.6716f,-0.4424f,1.657f,0.818f,-0.1636f,-0.5324f,0.1472f,0f,0f,0f,1f],start_interpolation: 0,interpolation_duration: 1}
$data merge entity $(bone_r) {transformation: [-0.6086f,-0.2475f,-0.7217f,-0.0012f,0.0387f,0.672f,-0.4424f,1.6584f,0.7927f,-0.2229f,-0.5324f,-0.0544f,0f,0f,0f,1f],start_interpolation: 0,interpolation_duration: 1}
$data merge entity $(bone_sad) {transformation: [-0.9461f,-0.2158f,-0.7217f,-0.1469f,-0.0084f,0.5383f,-0.4424f,1.5596f,1.2894f,-0.1548f,-0.5324f,0.1957f,0f,0f,0f,1f],start_interpolation: 0,interpolation_duration: 1}
$data merge entity $(bone_head) {transformation: [-0.5916f,-0.3595f,-0.7217f,-0.1824f,-0.0053f,0.8968f,-0.4424f,1.3504f,0.8063f,-0.2579f,-0.5324f,-0.0343f,0f,0f,0f,1f],start_interpolation: 0,interpolation_duration: 1}
$data merge entity $(bone_6) {transformation: [-0.5747f,-0.0235f,-0.8181f,0.0064f,-0.135f,0.9886f,0.0664f,0.4116f,0.8072f,0.1486f,-0.5713f,-0.1042f,0f,0f,0f,1f],start_interpolation: 0,interpolation_duration: 1}
$data merge entity $(bone_12) {transformation: [-0.5747f,-0.4902f,-0.6553f,-0.1774f,-0.135f,0.8466f,-0.5149f,0.729f,0.8072f,-0.2074f,-0.5526f,-0.182f,0f,0f,0f,1f],start_interpolation: 0,interpolation_duration: 1}
$data merge entity $(bone_10) {transformation: [-0.5916f,-0.1257f,-0.7964f,-0.2754f,-0.0053f,0.9883f,-0.1521f,1.036f,0.8062f,-0.0858f,-0.5853f,-0.1045f,0f,0f,0f,1f],start_interpolation: 0,interpolation_duration: 1}
$data merge entity $(bone_9) {transformation: [-0.5916f,0.2873f,-0.7533f,-0.1676f,-0.0053f,0.933f,0.3599f,1.3859f,0.8062f,0.2169f,-0.5504f,-0.0232f,0f,0f,0f,1f],start_interpolation: 0,interpolation_duration: 1}
$data merge entity $(item_display_item_display) {transformation: [0.3409f,0.6181f,-0.2303f,-0.0119f,-0.4503f,0.4075f,0.4271f,1.0188f,0.482f,-0.0564f,0.562f,0.5328f,0f,0f,0f,1f],start_interpolation: 0,interpolation_duration: 1}
$data merge entity $(bone_2) {transformation: [0.3071f,-0.4593f,0.8215f,-0.3835f,-0.5695f,0.5973f,0.5468f,0.9972f,-0.7493f,-0.6422f,-0.0789f,0.3969f,0f,0f,0f,1f],start_interpolation: 0,interpolation_duration: 1}
$data merge entity $(bone_1) {transformation: [0.3071f,0.0105f,0.9411f,-0.374f,-0.5695f,0.7902f,0.177f,1.2699f,-0.7493f,-0.5963f,0.2512f,0.1935f,0f,0f,0f,1f],start_interpolation: 0,interpolation_duration: 1}
$data merge entity $(bone_4) {transformation: [-0.4403f,-0.8293f,0.3441f,0.2897f,-0.4716f,-0.1125f,-0.8746f,1.1962f,0.764f,-0.5474f,-0.3416f,-0.2302f,0f,0f,0f,1f],start_interpolation: 0,interpolation_duration: 1}
$data merge entity $(bone_3) {transformation: [-0.4403f,-0.8947f,0.0745f,-0.0459f,-0.4716f,0.1599f,-0.8672f,1.2561f,0.764f,-0.417f,-0.4924f,-0.3866f,0f,0f,0f,1f],start_interpolation: 0,interpolation_duration: 1}
$data merge entity $(bone_8) {transformation: [-0.6682f,0.5223f,-0.5298f,-0.2872f,0.1742f,0.8022f,0.5711f,0.4148f,0.7233f,0.2893f,-0.627f,0.1227f,0f,0f,0f,1f],start_interpolation: 0,interpolation_duration: 1}
$data merge entity $(bone_7) {transformation: [-0.6682f,0.0615f,-0.7414f,-0.2981f,0.1742f,0.9818f,-0.0755f,0.7185f,0.7233f,-0.1797f,-0.6668f,0.0395f,0f,0f,0f,1f],start_interpolation: 0,interpolation_duration: 1}
data modify entity @s data merge value {"cameras":{"camera1":{"px":0.22040746817129614,"py":1.5301982277199073,"pz":1.3831348307291667,"ry":156.00449018518518,"rx":0}},"locators":{}}