# This file was generated by Animated Java via MC-Build. It is not recommended to edit this file directly.
$data merge entity $(bone_layer) {transformation: [-0.516f,0.1686f,-0.8399f,-0.0213f,-0.0008f,0.9803f,0.1973f,1.2931f,0.8567f,0.1025f,-0.5057f,0.0264f,0f,0f,0f,1f],start_interpolation: 0,interpolation_duration: 1}
$data merge entity $(bone_l_1) {transformation: [-0.516f,0.1686f,-0.8399f,0.1488f,-0.0008f,0.9803f,0.1973f,1.396f,0.8567f,0.1025f,-0.5057f,0.2567f,0f,0f,0f,1f],start_interpolation: 0,interpolation_duration: 1}
$data merge entity $(bone_eye_l) {transformation: [-0.516f,0.1686f,-0.8399f,-0.0292f,-0.0008f,0.9803f,0.1973f,1.295f,0.8567f,0.1025f,-0.5057f,0.0216f,0f,0f,0f,1f],start_interpolation: 0,interpolation_duration: 1}
$data merge entity $(bone_r_1) {transformation: [-0.516f,0.1686f,-0.8399f,0.2617f,-0.0008f,0.9803f,0.1973f,1.3962f,0.8567f,0.1025f,-0.5057f,0.0693f,0f,0f,0f,1f],start_interpolation: 0,interpolation_duration: 1}
$data merge entity $(bone_eye_r) {transformation: [-0.516f,0.1686f,-0.8399f,0.2598f,-0.0008f,0.9803f,0.1973f,1.3698f,0.8567f,0.1025f,-0.5057f,0.0498f,0f,0f,0f,1f],start_interpolation: 0,interpolation_duration: 1}
$data merge entity $(bone_eyes_down) {transformation: [-0.516f,0.1686f,-0.8399f,-0.0055f,-0.0008f,0.9803f,0.1973f,1.385f,0.8567f,0.1025f,-0.5057f,0.036f,0f,0f,0f,1f],start_interpolation: 0,interpolation_duration: 1}
$data merge entity $(bone_eyes_up) {transformation: [-0.516f,0.1686f,-0.8399f,0.0072f,-0.0008f,0.9803f,0.1973f,1.4622f,0.8567f,0.1025f,-0.5057f,0.0437f,0f,0f,0f,1f],start_interpolation: 0,interpolation_duration: 1}
$data merge entity $(bone_bone) {transformation: [-0.516f,0.1686f,-0.8399f,-0.0213f,-0.0008f,0.9803f,0.1973f,1.2931f,0.8567f,0.1025f,-0.5057f,0.0264f,0f,0f,0f,1f],start_interpolation: 0,interpolation_duration: 1}
$data merge entity $(bone_l) {transformation: [-0.516f,0.1265f,-0.8399f,0.1591f,-0.0008f,0.7353f,0.1973f,1.4152f,0.8567f,0.0769f,-0.5057f,0.2811f,0f,0f,0f,1f],start_interpolation: 0,interpolation_duration: 1}
$data merge entity $(bone_r) {transformation: [-0.516f,0.1265f,-0.8399f,0.2881f,-0.0008f,0.7353f,0.1973f,1.4154f,0.8567f,0.0769f,-0.5057f,0.0669f,0f,0f,0f,1f],start_interpolation: 0,interpolation_duration: 1}
$data merge entity $(bone_sad) {transformation: [-0.8256f,0.0279f,-0.5241f,0.1185f,-0.0013f,0.1623f,0.1231f,1.3726f,1.3707f,0.017f,-0.3155f,0.3011f,0f,0f,0f,1f],start_interpolation: 0,interpolation_duration: 1}
$data merge entity $(bone_head) {transformation: [-0.516f,0.1686f,-0.8399f,-0.0213f,-0.0008f,0.9803f,0.1973f,1.2931f,0.8567f,0.1025f,-0.5057f,0.0264f,0f,0f,0f,1f],start_interpolation: 0,interpolation_duration: 1}
$data merge entity $(bone_6) {transformation: [-0.5181f,0.1314f,-0.8452f,0.0219f,-0.1311f,0.9643f,0.2303f,0.3483f,0.8452f,0.2301f,-0.4824f,-0.1389f,0f,0f,0f,1f],start_interpolation: 0,interpolation_duration: 1}
$data merge entity $(bone_12) {transformation: [-0.5181f,-0.3771f,-0.7677f,-0.1195f,-0.1311f,0.9219f,-0.3645f,0.694f,0.8452f,-0.0882f,-0.5271f,-0.1719f,0f,0f,0f,1f],start_interpolation: 0,interpolation_duration: 1}
$data merge entity $(bone_10) {transformation: [-0.5159f,0.013f,-0.8565f,-0.1655f,-0.0008f,0.9999f,0.0157f,1.0033f,0.8566f,0.0088f,-0.5159f,-0.0607f,0f,0f,0f,1f],start_interpolation: 0,interpolation_duration: 1}
$data merge entity $(bone_9) {transformation: [-0.5159f,0.4395f,-0.7353f,-0.0007f,-0.0008f,0.8581f,0.5135f,1.3251f,0.8566f,0.2655f,-0.4424f,0.0389f,0f,0f,0f,1f],start_interpolation: 0,interpolation_duration: 1}
$data merge entity $(item_display_item_display) {transformation: [0.2912f,0.6733f,-0.1145f,0.1302f,-0.5337f,0.302f,0.4186f,0.8854f,0.4262f,-0.0818f,0.6025f,0.5589f,0f,0f,0f,1f],start_interpolation: 0,interpolation_duration: 1}
$data merge entity $(bone_2) {transformation: [0.1527f,-0.3884f,0.8977f,-0.2475f,-0.5581f,0.7116f,0.4028f,0.9374f,-0.8033f,-0.5682f,-0.1092f,0.451f,0f,0f,0f,1f],start_interpolation: 0,interpolation_duration: 1}
$data merge entity $(bone_1) {transformation: [0.1527f,0.1125f,0.9717f,-0.2027f,-0.5581f,0.8177f,-0.0069f,1.2185f,-0.8033f,-0.5467f,0.1895f,0.2642f,0f,0f,0f,1f],start_interpolation: 0,interpolation_duration: 1}
$data merge entity $(bone_4) {transformation: [-0.4385f,-0.8249f,0.3568f,0.2983f,-0.4773f,-0.1226f,-0.8701f,0.9419f,0.7615f,-0.5519f,-0.34f,-0.3423f,0f,0f,0f,1f],start_interpolation: 0,interpolation_duration: 1}
$data merge entity $(bone_3) {transformation: [-0.4385f,-0.6375f,-0.6335f,0.0593f,-0.4773f,0.7625f,-0.4368f,1.2278f,0.7615f,0.1109f,-0.6386f,-0.3008f,0f,0f,0f,1f],start_interpolation: 0,interpolation_duration: 1}
$data merge entity $(bone_8) {transformation: [-0.5718f,0.6587f,-0.4891f,-0.2484f,0.1972f,0.689f,0.6974f,0.3704f,0.7963f,0.3023f,-0.5239f,0.1156f,0f,0f,0f,1f],start_interpolation: 0,interpolation_duration: 1}
$data merge entity $(bone_7) {transformation: [-0.5718f,0.1903f,-0.798f,-0.2214f,0.1972f,0.9761f,0.0914f,0.6791f,0.7963f,-0.1051f,-0.5956f,0.0585f,0f,0f,0f,1f],start_interpolation: 0,interpolation_duration: 1}
data modify entity @s data merge value {"cameras":{"camera":{"posx":0.19323347107437996,"posy":1.4511593726521412,"posz":1.6390477084898571,"roty":168.552633125,"rotx":0}},"locators":{}}