# This file was generated by Animated Java via MC-Build. It is not recommended to edit this file directly.
$data merge entity $(bone_layer) {transformation: [-0.5908f,-0.3595f,-0.7224f,-0.1822f,-0.0052f,0.8969f,-0.4421f,1.3503f,0.8069f,-0.2574f,-0.5317f,-0.0345f,0f,0f,0f,1f],start_interpolation: 0,interpolation_duration: 1}
$data merge entity $(bone_l_1) {transformation: [-0.5908f,-0.3595f,-0.7224f,-0.1292f,-0.0052f,0.8969f,-0.4421f,1.5928f,0.8069f,-0.2574f,-0.5317f,0.1415f,0f,0f,0f,1f],start_interpolation: 0,interpolation_duration: 1}
$data merge entity $(bone_eye_l) {transformation: [-0.5908f,-0.3595f,-0.7224f,-0.189f,-0.0052f,0.8969f,-0.4421f,1.3462f,0.8069f,-0.2574f,-0.5317f,-0.0395f,0f,0f,0f,1f],start_interpolation: 0,interpolation_duration: 1}
$data merge entity $(bone_r_1) {transformation: [-0.5908f,-0.3595f,-0.7224f,0.0001f,-0.0052f,0.8969f,-0.4421f,1.5939f,0.8069f,-0.2574f,-0.5317f,-0.0351f,0f,0f,0f,1f],start_interpolation: 0,interpolation_duration: 1}
$data merge entity $(bone_eye_r) {transformation: [-0.5908f,-0.3595f,-0.7224f,0.0149f,-0.0052f,0.8969f,-0.4421f,1.566f,0.8069f,-0.2574f,-0.5317f,-0.0438f,0f,0f,0f,1f],start_interpolation: 0,interpolation_duration: 1}
$data merge entity $(bone_eyes_down) {transformation: [-0.5908f,-0.3595f,-0.7224f,-0.2159f,-0.0052f,0.8969f,-0.4421f,1.4344f,0.8069f,-0.2574f,-0.5317f,-0.0586f,0f,0f,0f,1f],start_interpolation: 0,interpolation_duration: 1}
$data merge entity $(bone_eyes_up) {transformation: [-0.5908f,-0.3595f,-0.7224f,-0.2638f,-0.0052f,0.8969f,-0.4421f,1.5525f,0.8069f,-0.2574f,-0.5317f,-0.0929f,0f,0f,0f,1f],start_interpolation: 0,interpolation_duration: 1}
$data merge entity $(bone_bone) {transformation: [-0.5908f,-0.3595f,-0.7224f,-0.1822f,-0.0052f,0.8969f,-0.4421f,1.3503f,0.8069f,-0.2574f,-0.5317f,-0.0345f,0f,0f,0f,1f],start_interpolation: 0,interpolation_duration: 1}
$data merge entity $(bone_l) {transformation: [-0.5724f,-0.291f,-0.7224f,-0.1486f,-0.0492f,0.6717f,-0.4421f,1.6568f,0.8186f,-0.1631f,-0.5317f,0.147f,0f,0f,0f,1f],start_interpolation: 0,interpolation_duration: 1}
$data merge entity $(bone_r) {transformation: [-0.6077f,-0.2476f,-0.7224f,-0.0009f,0.0388f,0.6721f,-0.4421f,1.6581f,0.7933f,-0.2225f,-0.5317f,-0.0548f,0f,0f,0f,1f],start_interpolation: 0,interpolation_duration: 1}
$data merge entity $(bone_sad) {transformation: [-0.9452f,-0.2157f,-0.7224f,-0.1463f,-0.0083f,0.5382f,-0.4421f,1.5596f,1.2911f,-0.1545f,-0.5317f,0.1953f,0f,0f,0f,1f],start_interpolation: 0,interpolation_duration: 1}
$data merge entity $(bone_head) {transformation: [-0.5908f,-0.3595f,-0.7224f,-0.1822f,-0.0052f,0.8969f,-0.4421f,1.3503f,0.8069f,-0.2574f,-0.5317f,-0.0345f,0f,0f,0f,1f],start_interpolation: 0,interpolation_duration: 1}
$data merge entity $(bone_6) {transformation: [-0.5738f,-0.0231f,-0.8187f,0.0064f,-0.1349f,0.9886f,0.0667f,0.4115f,0.8078f,0.1487f,-0.5704f,-0.1047f,0f,0f,0f,1f],start_interpolation: 0,interpolation_duration: 1}
$data merge entity $(bone_12) {transformation: [-0.5738f,-0.4903f,-0.656f,-0.1775f,-0.1349f,0.8467f,-0.5147f,0.729f,0.8078f,-0.2069f,-0.552f,-0.1822f,0f,0f,0f,1f],start_interpolation: 0,interpolation_duration: 1}
$data merge entity $(bone_10) {transformation: [-0.5907f,-0.1256f,-0.797f,-0.2753f,-0.0052f,0.9884f,-0.152f,1.036f,0.8069f,-0.0856f,-0.5845f,-0.1047f,0f,0f,0f,1f],start_interpolation: 0,interpolation_duration: 1}
$data merge entity $(bone_9) {transformation: [-0.5907f,0.2876f,-0.7539f,-0.1674f,-0.0052f,0.9329f,0.36f,1.3859f,0.8069f,0.2166f,-0.5496f,-0.0235f,0f,0f,0f,1f],start_interpolation: 0,interpolation_duration: 1}
$data merge entity $(item_display_item_display) {transformation: [0.3415f,0.618f,-0.2297f,-0.0111f,-0.4504f,0.4076f,0.4269f,1.0187f,0.4814f,-0.057f,0.5624f,0.5322f,0f,0f,0f,1f],start_interpolation: 0,interpolation_duration: 1}
$data merge entity $(bone_2) {transformation: [0.3062f,-0.4601f,0.8214f,-0.3828f,-0.5693f,0.5974f,0.5469f,0.9971f,-0.7498f,-0.6415f,-0.0798f,0.3968f,0f,0f,0f,1f],start_interpolation: 0,interpolation_duration: 1}
$data merge entity $(bone_1) {transformation: [0.3062f,0.0096f,0.9414f,-0.3736f,-0.5693f,0.7904f,0.1771f,1.2699f,-0.7498f,-0.5961f,0.25f,0.1934f,0f,0f,0f,1f],start_interpolation: 0,interpolation_duration: 1}
$data merge entity $(bone_4) {transformation: [-0.4396f,-0.8305f,0.342f,0.2896f,-0.4716f,-0.1106f,-0.8749f,1.196f,0.7644f,-0.5459f,-0.343f,-0.2309f,0f,0f,0f,1f],start_interpolation: 0,interpolation_duration: 1}
$data merge entity $(bone_3) {transformation: [-0.4396f,-0.8951f,0.0739f,-0.0461f,-0.4716f,0.16f,-0.8672f,1.2561f,0.7644f,-0.4161f,-0.4925f,-0.387f,0f,0f,0f,1f],start_interpolation: 0,interpolation_duration: 1}
$data merge entity $(bone_8) {transformation: [-0.6674f,0.5227f,-0.5304f,-0.287f,0.1743f,0.8021f,0.5712f,0.4147f,0.724f,0.2888f,-0.6264f,0.1225f,0f,0f,0f,1f],start_interpolation: 0,interpolation_duration: 1}
$data merge entity $(bone_7) {transformation: [-0.6674f,0.0615f,-0.7421f,-0.298f,0.1743f,0.9818f,-0.0753f,0.7185f,0.724f,-0.1796f,-0.666f,0.0393f,0f,0f,0f,1f],start_interpolation: 0,interpolation_duration: 1}
data modify entity @s data merge value {"cameras":{"camera1":{"px":0.22092592592592575,"py":1.5303703703703704,"pz":1.391736111111111,"ry":156.0959259259259,"rx":0}},"locators":{}}