# This file was generated by Animated Java via MC-Build. It is not recommended to edit this file directly.
$data merge entity $(bone_layer) {transformation: [-0.5899f,-0.3598f,-0.7229f,-0.182f,-0.0051f,0.8969f,-0.4423f,1.3503f,0.8076f,-0.2572f,-0.5309f,-0.0347f,0f,0f,0f,1f],start_interpolation: 0,interpolation_duration: 1}
$data merge entity $(bone_l_1) {transformation: [-0.5899f,-0.3598f,-0.7229f,-0.1288f,-0.0051f,0.8969f,-0.4423f,1.5928f,0.8076f,-0.2572f,-0.5309f,0.1412f,0f,0f,0f,1f],start_interpolation: 0,interpolation_duration: 1}
$data merge entity $(bone_eye_l) {transformation: [-0.5899f,-0.3598f,-0.7229f,-0.1887f,-0.0051f,0.8969f,-0.4423f,1.3461f,0.8076f,-0.2572f,-0.5309f,-0.0397f,0f,0f,0f,1f],start_interpolation: 0,interpolation_duration: 1}
$data merge entity $(bone_r_1) {transformation: [-0.5899f,-0.3598f,-0.7229f,0.0003f,-0.0051f,0.8969f,-0.4423f,1.5939f,0.8076f,-0.2572f,-0.5309f,-0.0355f,0f,0f,0f,1f],start_interpolation: 0,interpolation_duration: 1}
$data merge entity $(bone_eye_r) {transformation: [-0.5899f,-0.3598f,-0.7229f,0.0151f,-0.0051f,0.8969f,-0.4423f,1.566f,0.8076f,-0.2572f,-0.5309f,-0.0442f,0f,0f,0f,1f],start_interpolation: 0,interpolation_duration: 1}
$data merge entity $(bone_eyes_down) {transformation: [-0.5899f,-0.3598f,-0.7229f,-0.2157f,-0.0051f,0.8969f,-0.4423f,1.4344f,0.8076f,-0.2572f,-0.5309f,-0.0588f,0f,0f,0f,1f],start_interpolation: 0,interpolation_duration: 1}
$data merge entity $(bone_eyes_up) {transformation: [-0.5899f,-0.3598f,-0.7229f,-0.2636f,-0.0051f,0.8969f,-0.4423f,1.5523f,0.8076f,-0.2572f,-0.5309f,-0.093f,0f,0f,0f,1f],start_interpolation: 0,interpolation_duration: 1}
$data merge entity $(bone_bone) {transformation: [-0.5899f,-0.3598f,-0.7229f,-0.182f,-0.0051f,0.8969f,-0.4423f,1.3503f,0.8076f,-0.2572f,-0.5309f,-0.0347f,0f,0f,0f,1f],start_interpolation: 0,interpolation_duration: 1}
$data merge entity $(bone_l) {transformation: [-0.5716f,-0.2913f,-0.7229f,-0.1482f,-0.0491f,0.6717f,-0.4423f,1.6567f,0.8192f,-0.1629f,-0.5309f,0.1467f,0f,0f,0f,1f],start_interpolation: 0,interpolation_duration: 1}
$data merge entity $(bone_r) {transformation: [-0.6069f,-0.2479f,-0.7229f,-0.0007f,0.0389f,0.672f,-0.4423f,1.658f,0.794f,-0.2224f,-0.5309f,-0.0552f,0f,0f,0f,1f],start_interpolation: 0,interpolation_duration: 1}
$data merge entity $(bone_sad) {transformation: [-0.944f,-0.2159f,-0.7229f,-0.1459f,-0.0082f,0.5381f,-0.4423f,1.5595f,1.2922f,-0.1543f,-0.5309f,0.1951f,0f,0f,0f,1f],start_interpolation: 0,interpolation_duration: 1}
$data merge entity $(bone_head) {transformation: [-0.5899f,-0.3598f,-0.7229f,-0.182f,-0.0051f,0.8969f,-0.4423f,1.3503f,0.8076f,-0.2572f,-0.5309f,-0.0347f,0f,0f,0f,1f],start_interpolation: 0,interpolation_duration: 1}
$data merge entity $(bone_6) {transformation: [-0.573f,-0.0227f,-0.8192f,0.0063f,-0.1348f,0.9886f,0.0669f,0.4114f,0.8084f,0.1488f,-0.5695f,-0.1051f,0f,0f,0f,1f],start_interpolation: 0,interpolation_duration: 1}
$data merge entity $(bone_12) {transformation: [-0.573f,-0.4903f,-0.6567f,-0.1776f,-0.1348f,0.8468f,-0.5146f,0.729f,0.8084f,-0.2063f,-0.5513f,-0.1825f,0f,0f,0f,1f],start_interpolation: 0,interpolation_duration: 1}
$data merge entity $(bone_10) {transformation: [-0.5899f,-0.1255f,-0.7977f,-0.2752f,-0.0051f,0.9884f,-0.1517f,1.036f,0.8075f,-0.0854f,-0.5837f,-0.1048f,0f,0f,0f,1f],start_interpolation: 0,interpolation_duration: 1}
$data merge entity $(bone_9) {transformation: [-0.5899f,0.288f,-0.7544f,-0.1672f,-0.0051f,0.9329f,0.3602f,1.3858f,0.8075f,0.2163f,-0.5488f,-0.0237f,0f,0f,0f,1f],start_interpolation: 0,interpolation_duration: 1}
$data merge entity $(item_display_item_display) {transformation: [0.3421f,0.6179f,-0.229f,-0.0102f,-0.4506f,0.4076f,0.4268f,1.0186f,0.4809f,-0.0577f,0.5628f,0.5317f,0f,0f,0f,1f],start_interpolation: 0,interpolation_duration: 1}
$data merge entity $(bone_2) {transformation: [0.3053f,-0.4609f,0.8212f,-0.3821f,-0.5691f,0.5976f,0.547f,0.997f,-0.7504f,-0.6408f,-0.0806f,0.3967f,0f,0f,0f,1f],start_interpolation: 0,interpolation_duration: 1}
$data merge entity $(bone_1) {transformation: [0.3053f,0.0089f,0.9417f,-0.3731f,-0.5691f,0.7905f,0.1771f,1.2699f,-0.7504f,-0.5959f,0.2489f,0.1934f,0f,0f,0f,1f],start_interpolation: 0,interpolation_duration: 1}
$data merge entity $(bone_4) {transformation: [-0.439f,-0.8326f,0.3377f,0.2896f,-0.4708f,-0.107f,-0.8757f,1.1957f,0.7653f,-0.5434f,-0.345f,-0.2317f,0f,0f,0f,1f],start_interpolation: 0,interpolation_duration: 1}
$data merge entity $(bone_3) {transformation: [-0.439f,-0.8956f,0.0723f,-0.0462f,-0.4708f,0.1607f,-0.8675f,1.256f,0.7653f,-0.4149f,-0.4921f,-0.3873f,0f,0f,0f,1f],start_interpolation: 0,interpolation_duration: 1}
$data merge entity $(bone_8) {transformation: [-0.6666f,0.5231f,-0.531f,-0.2868f,0.1743f,0.802f,0.5713f,0.4147f,0.7247f,0.2883f,-0.6258f,0.1224f,0f,0f,0f,1f],start_interpolation: 0,interpolation_duration: 1}
$data merge entity $(bone_7) {transformation: [-0.6666f,0.0615f,-0.7429f,-0.2978f,0.1743f,0.9818f,-0.0751f,0.7184f,0.7247f,-0.1796f,-0.6652f,0.0392f,0f,0f,0f,1f],start_interpolation: 0,interpolation_duration: 1}
data modify entity @s data merge value {"cameras":{"camera":{"posx":0.22144820312499983,"posy":1.5305451171875,"posz":1.4004927734375,"roty":156.18649500000004,"rotx":0}},"locators":{}}