# This file was generated by Animated Java via MC-Build. It is not recommended to edit this file directly.
$data merge entity $(bone_layer) {transformation: [-0.5891f,-0.3606f,-0.7232f,-0.1817f,-0.0051f,0.8965f,-0.4429f,1.3502f,0.8082f,-0.2572f,-0.5299f,-0.0349f,0f,0f,0f,1f],start_interpolation: 0,interpolation_duration: 1}
$data merge entity $(bone_l_1) {transformation: [-0.5891f,-0.3606f,-0.7232f,-0.1285f,-0.0051f,0.8965f,-0.4429f,1.5928f,0.8082f,-0.2572f,-0.5299f,0.1408f,0f,0f,0f,1f],start_interpolation: 0,interpolation_duration: 1}
$data merge entity $(bone_eye_l) {transformation: [-0.5891f,-0.3606f,-0.7232f,-0.1885f,-0.0051f,0.8965f,-0.4429f,1.3461f,0.8082f,-0.2572f,-0.5299f,-0.0399f,0f,0f,0f,1f],start_interpolation: 0,interpolation_duration: 1}
$data merge entity $(bone_r_1) {transformation: [-0.5891f,-0.3606f,-0.7232f,0.0004f,-0.0051f,0.8965f,-0.4429f,1.5939f,0.8082f,-0.2572f,-0.5299f,-0.036f,0f,0f,0f,1f],start_interpolation: 0,interpolation_duration: 1}
$data merge entity $(bone_eye_r) {transformation: [-0.5891f,-0.3606f,-0.7232f,0.0152f,-0.0051f,0.8965f,-0.4429f,1.566f,0.8082f,-0.2572f,-0.5299f,-0.0447f,0f,0f,0f,1f],start_interpolation: 0,interpolation_duration: 1}
$data merge entity $(bone_eyes_down) {transformation: [-0.5891f,-0.3606f,-0.7232f,-0.2155f,-0.0051f,0.8965f,-0.4429f,1.4343f,0.8082f,-0.2572f,-0.5299f,-0.059f,0f,0f,0f,1f],start_interpolation: 0,interpolation_duration: 1}
$data merge entity $(bone_eyes_up) {transformation: [-0.5891f,-0.3606f,-0.7232f,-0.2634f,-0.0051f,0.8965f,-0.4429f,1.5519f,0.8082f,-0.2572f,-0.5299f,-0.0932f,0f,0f,0f,1f],start_interpolation: 0,interpolation_duration: 1}
$data merge entity $(bone_bone) {transformation: [-0.5891f,-0.3606f,-0.7232f,-0.1817f,-0.0051f,0.8965f,-0.4429f,1.3502f,0.8082f,-0.2572f,-0.5299f,-0.0349f,0f,0f,0f,1f],start_interpolation: 0,interpolation_duration: 1}
$data merge entity $(bone_l) {transformation: [-0.5707f,-0.2918f,-0.7232f,-0.1479f,-0.049f,0.6714f,-0.4429f,1.6566f,0.8198f,-0.163f,-0.5299f,0.1464f,0f,0f,0f,1f],start_interpolation: 0,interpolation_duration: 1}
$data merge entity $(bone_r) {transformation: [-0.6061f,-0.2485f,-0.7232f,-0.0006f,0.0389f,0.6718f,-0.4429f,1.6579f,0.7946f,-0.2224f,-0.5299f,-0.0556f,0f,0f,0f,1f],start_interpolation: 0,interpolation_duration: 1}
$data merge entity $(bone_sad) {transformation: [-0.9429f,-0.2163f,-0.7232f,-0.1456f,-0.0081f,0.5378f,-0.4429f,1.5596f,1.2936f,-0.1543f,-0.5299f,0.1949f,0f,0f,0f,1f],start_interpolation: 0,interpolation_duration: 1}
$data merge entity $(bone_head) {transformation: [-0.5891f,-0.3606f,-0.7232f,-0.1817f,-0.0051f,0.8965f,-0.4429f,1.3502f,0.8082f,-0.2572f,-0.5299f,-0.0349f,0f,0f,0f,1f],start_interpolation: 0,interpolation_duration: 1}
$data merge entity $(bone_6) {transformation: [-0.5722f,-0.0223f,-0.8198f,0.0063f,-0.1348f,0.9886f,0.0672f,0.4113f,0.809f,0.149f,-0.5687f,-0.1056f,0f,0f,0f,1f],start_interpolation: 0,interpolation_duration: 1}
$data merge entity $(bone_12) {transformation: [-0.5722f,-0.4903f,-0.6574f,-0.1776f,-0.1348f,0.8469f,-0.5144f,0.7289f,0.809f,-0.2057f,-0.5507f,-0.1827f,0f,0f,0f,1f],start_interpolation: 0,interpolation_duration: 1}
$data merge entity $(bone_10) {transformation: [-0.589f,-0.1254f,-0.7983f,-0.2751f,-0.0051f,0.9884f,-0.1515f,1.0359f,0.8081f,-0.0852f,-0.5829f,-0.1049f,0f,0f,0f,1f],start_interpolation: 0,interpolation_duration: 1}
$data merge entity $(bone_9) {transformation: [-0.589f,0.2884f,-0.7549f,-0.1669f,-0.0051f,0.9328f,0.3604f,1.3857f,0.8081f,0.2161f,-0.548f,-0.0239f,0f,0f,0f,1f],start_interpolation: 0,interpolation_duration: 1}
$data merge entity $(item_display_item_display) {transformation: [0.3426f,0.6179f,-0.2283f,-0.0093f,-0.4507f,0.4076f,0.4267f,1.0184f,0.4804f,-0.0583f,0.5631f,0.5312f,0f,0f,0f,1f],start_interpolation: 0,interpolation_duration: 1}
$data merge entity $(bone_2) {transformation: [0.3044f,-0.4616f,0.8212f,-0.3813f,-0.5689f,0.5977f,0.547f,0.997f,-0.7509f,-0.6401f,-0.0815f,0.3967f,0f,0f,0f,1f],start_interpolation: 0,interpolation_duration: 1}
$data merge entity $(bone_1) {transformation: [0.3044f,0.0081f,0.942f,-0.3726f,-0.5689f,0.7906f,0.177f,1.2698f,-0.7509f,-0.5957f,0.2478f,0.1934f,0f,0f,0f,1f],start_interpolation: 0,interpolation_duration: 1}
$data merge entity $(bone_4) {transformation: [-0.4384f,-0.836f,0.3301f,0.2897f,-0.4685f,-0.1008f,-0.8777f,1.1951f,0.767f,-0.5394f,-0.3474f,-0.2327f,0f,0f,0f,1f],start_interpolation: 0,interpolation_duration: 1}
$data merge entity $(bone_3) {transformation: [-0.4384f,-0.8961f,0.0692f,-0.0464f,-0.4685f,0.1622f,-0.8685f,1.2559f,0.767f,-0.4132f,-0.4909f,-0.3877f,0f,0f,0f,1f],start_interpolation: 0,interpolation_duration: 1}
$data merge entity $(bone_8) {transformation: [-0.6658f,0.5236f,-0.5315f,-0.2866f,0.1744f,0.8019f,0.5715f,0.4146f,0.7254f,0.2878f,-0.6252f,0.1222f,0f,0f,0f,1f],start_interpolation: 0,interpolation_duration: 1}
$data merge entity $(bone_7) {transformation: [-0.6658f,0.0615f,-0.7436f,-0.2976f,0.1744f,0.9818f,-0.0749f,0.7184f,0.7254f,-0.1795f,-0.6644f,0.0391f,0f,0f,0f,1f],start_interpolation: 0,interpolation_duration: 1}
data modify entity @s data merge value {"cameras":{"camera1":{"px":0.22197150462962947,"py":1.5307214699074074,"pz":1.4093953125,"ry":156.2745451851852,"rx":0}},"locators":{}}