# This file was generated by Animated Java via MC-Build. It is not recommended to edit this file directly.
$data merge entity $(bone_layer) {transformation: [-0.5883f,-0.3617f,-0.7233f,-0.1814f,-0.005f,0.896f,-0.444f,1.3501f,0.8088f,-0.2575f,-0.5289f,-0.0351f,0f,0f,0f,1f],start_interpolation: 0,interpolation_duration: 1}
$data merge entity $(bone_l_1) {transformation: [-0.5883f,-0.3617f,-0.7233f,-0.1282f,-0.005f,0.896f,-0.444f,1.5929f,0.8088f,-0.2575f,-0.5289f,0.1404f,0f,0f,0f,1f],start_interpolation: 0,interpolation_duration: 1}
$data merge entity $(bone_eye_l) {transformation: [-0.5883f,-0.3617f,-0.7233f,-0.1882f,-0.005f,0.896f,-0.444f,1.346f,0.8088f,-0.2575f,-0.5289f,-0.04f,0f,0f,0f,1f],start_interpolation: 0,interpolation_duration: 1}
$data merge entity $(bone_r_1) {transformation: [-0.5883f,-0.3617f,-0.7233f,0.0005f,-0.005f,0.896f,-0.444f,1.594f,0.8088f,-0.2575f,-0.5289f,-0.0365f,0f,0f,0f,1f],start_interpolation: 0,interpolation_duration: 1}
$data merge entity $(bone_eye_r) {transformation: [-0.5883f,-0.3617f,-0.7233f,0.0153f,-0.005f,0.896f,-0.444f,1.5661f,0.8088f,-0.2575f,-0.5289f,-0.0452f,0f,0f,0f,1f],start_interpolation: 0,interpolation_duration: 1}
$data merge entity $(bone_eyes_down) {transformation: [-0.5883f,-0.3617f,-0.7233f,-0.2153f,-0.005f,0.896f,-0.444f,1.4341f,0.8088f,-0.2575f,-0.5289f,-0.0592f,0f,0f,0f,1f],start_interpolation: 0,interpolation_duration: 1}
$data merge entity $(bone_eyes_up) {transformation: [-0.5883f,-0.3617f,-0.7233f,-0.2633f,-0.005f,0.896f,-0.444f,1.5516f,0.8088f,-0.2575f,-0.5289f,-0.0934f,0f,0f,0f,1f],start_interpolation: 0,interpolation_duration: 1}
$data merge entity $(bone_bone) {transformation: [-0.5883f,-0.3617f,-0.7233f,-0.1814f,-0.005f,0.896f,-0.444f,1.3501f,0.8088f,-0.2575f,-0.5289f,-0.0351f,0f,0f,0f,1f],start_interpolation: 0,interpolation_duration: 1}
$data merge entity $(bone_l) {transformation: [-0.5699f,-0.2925f,-0.7233f,-0.1476f,-0.0489f,0.671f,-0.444f,1.6566f,0.8204f,-0.1632f,-0.5289f,0.146f,0f,0f,0f,1f],start_interpolation: 0,interpolation_duration: 1}
$data merge entity $(bone_r) {transformation: [-0.6053f,-0.2493f,-0.7233f,-0.0005f,0.0388f,0.6714f,-0.444f,1.6578f,0.7952f,-0.2226f,-0.5289f,-0.0562f,0f,0f,0f,1f],start_interpolation: 0,interpolation_duration: 1}
$data merge entity $(bone_sad) {transformation: [-0.9419f,-0.2169f,-0.7233f,-0.1453f,-0.008f,0.5374f,-0.444f,1.5597f,1.295f,-0.1544f,-0.5289f,0.1947f,0f,0f,0f,1f],start_interpolation: 0,interpolation_duration: 1}
$data merge entity $(bone_head) {transformation: [-0.5883f,-0.3617f,-0.7233f,-0.1814f,-0.005f,0.896f,-0.444f,1.3501f,0.8088f,-0.2575f,-0.5289f,-0.0351f,0f,0f,0f,1f],start_interpolation: 0,interpolation_duration: 1}
$data merge entity $(bone_6) {transformation: [-0.5714f,-0.0218f,-0.8204f,0.0063f,-0.1347f,0.9886f,0.0675f,0.4112f,0.8095f,0.1491f,-0.5678f,-0.1061f,0f,0f,0f,1f],start_interpolation: 0,interpolation_duration: 1}
$data merge entity $(bone_12) {transformation: [-0.5714f,-0.4903f,-0.6581f,-0.1776f,-0.1347f,0.8471f,-0.5141f,0.7289f,0.8095f,-0.2051f,-0.5501f,-0.183f,0f,0f,0f,1f],start_interpolation: 0,interpolation_duration: 1}
$data merge entity $(bone_10) {transformation: [-0.5882f,-0.1252f,-0.799f,-0.2749f,-0.005f,0.9885f,-0.1512f,1.0359f,0.8087f,-0.085f,-0.5821f,-0.105f,0f,0f,0f,1f],start_interpolation: 0,interpolation_duration: 1}
$data merge entity $(bone_9) {transformation: [-0.5882f,0.2889f,-0.7554f,-0.1666f,-0.005f,0.9327f,0.3606f,1.3857f,0.8087f,0.2159f,-0.5472f,-0.024f,0f,0f,0f,1f],start_interpolation: 0,interpolation_duration: 1}
$data merge entity $(item_display_item_display) {transformation: [0.3431f,0.6179f,-0.2277f,-0.0084f,-0.4509f,0.4075f,0.4266f,1.0183f,0.4799f,-0.0589f,0.5635f,0.5308f,0f,0f,0f,1f],start_interpolation: 0,interpolation_duration: 1}
$data merge entity $(bone_2) {transformation: [0.3035f,-0.4623f,0.8211f,-0.3806f,-0.5687f,0.5979f,0.5469f,0.9969f,-0.7513f,-0.6394f,-0.0823f,0.3967f,0f,0f,0f,1f],start_interpolation: 0,interpolation_duration: 1}
$data merge entity $(bone_1) {transformation: [0.3035f,0.0075f,0.9423f,-0.3721f,-0.5687f,0.7908f,0.1769f,1.2698f,-0.7513f,-0.5956f,0.2468f,0.1935f,0f,0f,0f,1f],start_interpolation: 0,interpolation_duration: 1}
$data merge entity $(bone_4) {transformation: [-0.438f,-0.8403f,0.3194f,0.2898f,-0.4651f,-0.0923f,-0.8805f,1.1942f,0.7693f,-0.5342f,-0.3504f,-0.2338f,0f,0f,0f,1f],start_interpolation: 0,interpolation_duration: 1}
$data merge entity $(bone_3) {transformation: [-0.438f,-0.8966f,0.0647f,-0.0465f,-0.4651f,0.1644f,-0.8699f,1.2559f,0.7693f,-0.4111f,-0.489f,-0.388f,0f,0f,0f,1f],start_interpolation: 0,interpolation_duration: 1}
$data merge entity $(bone_8) {transformation: [-0.665f,0.524f,-0.5321f,-0.2864f,0.1744f,0.8018f,0.5716f,0.4145f,0.7262f,0.2874f,-0.6246f,0.122f,0f,0f,0f,1f],start_interpolation: 0,interpolation_duration: 1}
$data merge entity $(bone_7) {transformation: [-0.665f,0.0616f,-0.7443f,-0.2974f,0.1744f,0.9818f,-0.0747f,0.7183f,0.7262f,-0.1795f,-0.6637f,0.039f,0f,0f,0f,1f],start_interpolation: 0,interpolation_duration: 1}
data modify entity @s data merge value {"cameras":{"camera":{"posx":0.22249303530092576,"posy":1.5308984302662036,"posz":1.4184342230902778,"roty":156.35842425925927,"rotx":0}},"locators":{}}