# This file was generated by Animated Java via MC-Build. It is not recommended to edit this file directly.
$data merge entity $(bone_layer) {transformation: [-0.5875f,-0.363f,-0.7233f,-0.1811f,-0.005f,0.8954f,-0.4453f,1.3501f,0.8094f,-0.258f,-0.5277f,-0.0352f,0f,0f,0f,1f],start_interpolation: 0,interpolation_duration: 1}
$data merge entity $(bone_l_1) {transformation: [-0.5875f,-0.363f,-0.7233f,-0.128f,-0.005f,0.8954f,-0.4453f,1.5931f,0.8094f,-0.258f,-0.5277f,0.14f,0f,0f,0f,1f],start_interpolation: 0,interpolation_duration: 1}
$data merge entity $(bone_eye_l) {transformation: [-0.5875f,-0.363f,-0.7233f,-0.1879f,-0.005f,0.8954f,-0.4453f,1.3459f,0.8094f,-0.258f,-0.5277f,-0.0401f,0f,0f,0f,1f],start_interpolation: 0,interpolation_duration: 1}
$data merge entity $(bone_r_1) {transformation: [-0.5875f,-0.363f,-0.7233f,0.0005f,-0.005f,0.8954f,-0.4453f,1.5942f,0.8094f,-0.258f,-0.5277f,-0.0371f,0f,0f,0f,1f],start_interpolation: 0,interpolation_duration: 1}
$data merge entity $(bone_eye_r) {transformation: [-0.5875f,-0.363f,-0.7233f,0.0154f,-0.005f,0.8954f,-0.4453f,1.5663f,0.8094f,-0.258f,-0.5277f,-0.0457f,0f,0f,0f,1f],start_interpolation: 0,interpolation_duration: 1}
$data merge entity $(bone_eyes_down) {transformation: [-0.5875f,-0.363f,-0.7233f,-0.2151f,-0.005f,0.8954f,-0.4453f,1.434f,0.8094f,-0.258f,-0.5277f,-0.0594f,0f,0f,0f,1f],start_interpolation: 0,interpolation_duration: 1}
$data merge entity $(bone_eyes_up) {transformation: [-0.5875f,-0.363f,-0.7233f,-0.2632f,-0.005f,0.8954f,-0.4453f,1.5511f,0.8094f,-0.258f,-0.5277f,-0.0935f,0f,0f,0f,1f],start_interpolation: 0,interpolation_duration: 1}
$data merge entity $(bone_bone) {transformation: [-0.5875f,-0.363f,-0.7233f,-0.1811f,-0.005f,0.8954f,-0.4453f,1.3501f,0.8094f,-0.258f,-0.5277f,-0.0352f,0f,0f,0f,1f],start_interpolation: 0,interpolation_duration: 1}
$data merge entity $(bone_l) {transformation: [-0.569f,-0.2934f,-0.7233f,-0.1474f,-0.0487f,0.6705f,-0.4453f,1.6565f,0.821f,-0.1636f,-0.5277f,0.1456f,0f,0f,0f,1f],start_interpolation: 0,interpolation_duration: 1}
$data merge entity $(bone_r) {transformation: [-0.6045f,-0.2504f,-0.7233f,-0.0005f,0.0388f,0.6709f,-0.4453f,1.6578f,0.7958f,-0.2229f,-0.5277f,-0.0567f,0f,0f,0f,1f],start_interpolation: 0,interpolation_duration: 1}
$data merge entity $(bone_sad) {transformation: [-0.9409f,-0.2176f,-0.7233f,-0.1451f,-0.0079f,0.5369f,-0.4453f,1.5598f,1.2963f,-0.1547f,-0.5277f,0.1944f,0f,0f,0f,1f],start_interpolation: 0,interpolation_duration: 1}
$data merge entity $(bone_head) {transformation: [-0.5875f,-0.363f,-0.7233f,-0.1811f,-0.005f,0.8954f,-0.4453f,1.3501f,0.8094f,-0.258f,-0.5277f,-0.0352f,0f,0f,0f,1f],start_interpolation: 0,interpolation_duration: 1}
$data merge entity $(bone_6) {transformation: [-0.5706f,-0.0214f,-0.8209f,0.0063f,-0.1347f,0.9886f,0.0678f,0.4111f,0.8101f,0.1493f,-0.567f,-0.1065f,0f,0f,0f,1f],start_interpolation: 0,interpolation_duration: 1}
$data merge entity $(bone_12) {transformation: [-0.5706f,-0.4903f,-0.6588f,-0.1776f,-0.1347f,0.8472f,-0.5139f,0.7288f,0.8101f,-0.2045f,-0.5495f,-0.1832f,0f,0f,0f,1f],start_interpolation: 0,interpolation_duration: 1}
$data merge entity $(bone_10) {transformation: [-0.5874f,-0.1251f,-0.7996f,-0.2747f,-0.005f,0.9885f,-0.151f,1.0358f,0.8093f,-0.0847f,-0.5813f,-0.1051f,0f,0f,0f,1f],start_interpolation: 0,interpolation_duration: 1}
$data merge entity $(bone_9) {transformation: [-0.5874f,0.2893f,-0.7558f,-0.1662f,-0.005f,0.9326f,0.3608f,1.3856f,0.8093f,0.2157f,-0.5464f,-0.0242f,0f,0f,0f,1f],start_interpolation: 0,interpolation_duration: 1}
$data merge entity $(item_display_item_display) {transformation: [0.3435f,0.6179f,-0.227f,-0.0076f,-0.451f,0.4074f,0.4265f,1.0181f,0.4794f,-0.0594f,0.5638f,0.5304f,0f,0f,0f,1f],start_interpolation: 0,interpolation_duration: 1}
$data merge entity $(bone_2) {transformation: [0.3026f,-0.4629f,0.8211f,-0.3799f,-0.5686f,0.5981f,0.5468f,0.9968f,-0.7518f,-0.6388f,-0.083f,0.3967f,0f,0f,0f,1f],start_interpolation: 0,interpolation_duration: 1}
$data merge entity $(bone_1) {transformation: [0.3026f,0.0069f,0.9426f,-0.3716f,-0.5686f,0.7909f,0.1768f,1.2697f,-0.7518f,-0.5954f,0.2458f,0.1935f,0f,0f,0f,1f],start_interpolation: 0,interpolation_duration: 1}
$data merge entity $(bone_4) {transformation: [-0.4376f,-0.8453f,0.3065f,0.2899f,-0.4607f,-0.0819f,-0.8838f,1.1931f,0.7722f,-0.5279f,-0.3536f,-0.235f,0f,0f,0f,1f],start_interpolation: 0,interpolation_duration: 1}
$data merge entity $(bone_3) {transformation: [-0.4376f,-0.8972f,0.0592f,-0.0465f,-0.4607f,0.1672f,-0.8717f,1.2558f,0.7722f,-0.4087f,-0.4865f,-0.3882f,0f,0f,0f,1f],start_interpolation: 0,interpolation_duration: 1}
$data merge entity $(bone_8) {transformation: [-0.6643f,0.5245f,-0.5326f,-0.2861f,0.1745f,0.8016f,0.5718f,0.4145f,0.7269f,0.2869f,-0.624f,0.1219f,0f,0f,0f,1f],start_interpolation: 0,interpolation_duration: 1}
$data merge entity $(bone_7) {transformation: [-0.6643f,0.0616f,-0.745f,-0.2972f,0.1745f,0.9819f,-0.0744f,0.7183f,0.7269f,-0.1794f,-0.663f,0.0389f,0f,0f,0f,1f],start_interpolation: 0,interpolation_duration: 1}
data modify entity @s data merge value {"cameras":{"camera1":{"px":0.22300999999999982,"py":1.531075,"pz":1.4276,"ry":156.43648000000002,"rx":0}},"locators":{}}