# This file was generated by Animated Java via MC-Build. It is not recommended to edit this file directly.
$data merge entity $(bone_layer) {transformation: [-0.5867f,-0.3644f,-0.7233f,-0.1807f,-0.0049f,0.8946f,-0.4468f,1.35f,0.8099f,-0.2585f,-0.5266f,-0.0353f,0f,0f,0f,1f],start_interpolation: 0,interpolation_duration: 1}
$data merge entity $(bone_l_1) {transformation: [-0.5867f,-0.3644f,-0.7233f,-0.1278f,-0.0049f,0.8946f,-0.4468f,1.5932f,0.8099f,-0.2585f,-0.5266f,0.1396f,0f,0f,0f,1f],start_interpolation: 0,interpolation_duration: 1}
$data merge entity $(bone_eye_l) {transformation: [-0.5867f,-0.3644f,-0.7233f,-0.1875f,-0.0049f,0.8946f,-0.4468f,1.3458f,0.8099f,-0.2585f,-0.5266f,-0.0402f,0f,0f,0f,1f],start_interpolation: 0,interpolation_duration: 1}
$data merge entity $(bone_r_1) {transformation: [-0.5867f,-0.3644f,-0.7233f,0.0006f,-0.0049f,0.8946f,-0.4468f,1.5943f,0.8099f,-0.2585f,-0.5266f,-0.0376f,0f,0f,0f,1f],start_interpolation: 0,interpolation_duration: 1}
$data merge entity $(bone_eye_r) {transformation: [-0.5867f,-0.3644f,-0.7233f,0.0155f,-0.0049f,0.8946f,-0.4468f,1.5664f,0.8099f,-0.2585f,-0.5266f,-0.0463f,0f,0f,0f,1f],start_interpolation: 0,interpolation_duration: 1}
$data merge entity $(bone_eyes_down) {transformation: [-0.5867f,-0.3644f,-0.7233f,-0.2149f,-0.0049f,0.8946f,-0.4468f,1.4339f,0.8099f,-0.2585f,-0.5266f,-0.0595f,0f,0f,0f,1f],start_interpolation: 0,interpolation_duration: 1}
$data merge entity $(bone_eyes_up) {transformation: [-0.5867f,-0.3644f,-0.7233f,-0.263f,-0.0049f,0.8946f,-0.4468f,1.5507f,0.8099f,-0.2585f,-0.5266f,-0.0937f,0f,0f,0f,1f],start_interpolation: 0,interpolation_duration: 1}
$data merge entity $(bone_bone) {transformation: [-0.5867f,-0.3644f,-0.7233f,-0.1807f,-0.0049f,0.8946f,-0.4468f,1.35f,0.8099f,-0.2585f,-0.5266f,-0.0353f,0f,0f,0f,1f],start_interpolation: 0,interpolation_duration: 1}
$data merge entity $(bone_l) {transformation: [-0.5682f,-0.2944f,-0.7233f,-0.1472f,-0.0485f,0.67f,-0.4468f,1.6565f,0.8216f,-0.1641f,-0.5266f,0.1452f,0f,0f,0f,1f],start_interpolation: 0,interpolation_duration: 1}
$data merge entity $(bone_r) {transformation: [-0.6037f,-0.2515f,-0.7233f,-0.0005f,0.0387f,0.6704f,-0.4468f,1.6577f,0.7964f,-0.2233f,-0.5266f,-0.0573f,0f,0f,0f,1f],start_interpolation: 0,interpolation_duration: 1}
$data merge entity $(bone_sad) {transformation: [-0.9398f,-0.2185f,-0.7233f,-0.1448f,-0.0078f,0.5364f,-0.4468f,1.56f,1.2975f,-0.155f,-0.5266f,0.1942f,0f,0f,0f,1f],start_interpolation: 0,interpolation_duration: 1}
$data merge entity $(bone_head) {transformation: [-0.5867f,-0.3644f,-0.7233f,-0.1807f,-0.0049f,0.8946f,-0.4468f,1.35f,0.8099f,-0.2585f,-0.5266f,-0.0353f,0f,0f,0f,1f],start_interpolation: 0,interpolation_duration: 1}
$data merge entity $(bone_6) {transformation: [-0.5699f,-0.0209f,-0.8215f,0.0063f,-0.1346f,0.9885f,0.0682f,0.411f,0.8106f,0.1494f,-0.5662f,-0.1069f,0f,0f,0f,1f],start_interpolation: 0,interpolation_duration: 1}
$data merge entity $(bone_12) {transformation: [-0.5699f,-0.4903f,-0.6595f,-0.1776f,-0.1346f,0.8474f,-0.5136f,0.7287f,0.8106f,-0.2039f,-0.5489f,-0.1834f,0f,0f,0f,1f],start_interpolation: 0,interpolation_duration: 1}
$data merge entity $(bone_10) {transformation: [-0.5866f,-0.1249f,-0.8002f,-0.2745f,-0.0049f,0.9886f,-0.1507f,1.0358f,0.8099f,-0.0845f,-0.5805f,-0.1051f,0f,0f,0f,1f],start_interpolation: 0,interpolation_duration: 1}
$data merge entity $(bone_9) {transformation: [-0.5866f,0.2898f,-0.7563f,-0.1659f,-0.0049f,0.9325f,0.3611f,1.3855f,0.8099f,0.2155f,-0.5456f,-0.0243f,0f,0f,0f,1f],start_interpolation: 0,interpolation_duration: 1}
$data merge entity $(item_display_item_display) {transformation: [0.3439f,0.6179f,-0.2263f,-0.0067f,-0.4512f,0.4073f,0.4264f,1.0179f,0.479f,-0.06f,0.5642f,0.5301f,0f,0f,0f,1f],start_interpolation: 0,interpolation_duration: 1}
$data merge entity $(bone_2) {transformation: [0.3017f,-0.4634f,0.8211f,-0.3792f,-0.5685f,0.5984f,0.5466f,0.9967f,-0.7522f,-0.6382f,-0.0838f,0.3967f,0f,0f,0f,1f],start_interpolation: 0,interpolation_duration: 1}
$data merge entity $(bone_1) {transformation: [0.3017f,0.0065f,0.9429f,-0.371f,-0.5685f,0.791f,0.1765f,1.2697f,-0.7522f,-0.5953f,0.2448f,0.1936f,0f,0f,0f,1f],start_interpolation: 0,interpolation_duration: 1}
$data merge entity $(bone_4) {transformation: [-0.4373f,-0.8507f,0.2916f,0.2901f,-0.4556f,-0.07f,-0.8874f,1.1917f,0.7754f,-0.5209f,-0.357f,-0.2362f,0f,0f,0f,1f],start_interpolation: 0,interpolation_duration: 1}
$data merge entity $(bone_3) {transformation: [-0.4373f,-0.8978f,0.0527f,-0.0465f,-0.4556f,0.1706f,-0.8737f,1.2557f,0.7754f,-0.4061f,-0.4836f,-0.3885f,0f,0f,0f,1f],start_interpolation: 0,interpolation_duration: 1}
$data merge entity $(bone_8) {transformation: [-0.6635f,0.525f,-0.5331f,-0.2859f,0.1745f,0.8014f,0.572f,0.4144f,0.7275f,0.2865f,-0.6234f,0.1217f,0f,0f,0f,1f],start_interpolation: 0,interpolation_duration: 1}
$data merge entity $(bone_7) {transformation: [-0.6635f,0.0617f,-0.7456f,-0.2969f,0.1745f,0.9819f,-0.0741f,0.7182f,0.7275f,-0.1793f,-0.6622f,0.0388f,0f,0f,0f,1f],start_interpolation: 0,interpolation_duration: 1}
data modify entity @s data merge value {"cameras":{"camera":{"posx":0.2235196035879628,"posy":1.5312501808449075,"posz":1.4368831380208333,"roty":156.5070601851852,"rotx":0}},"locators":{}}