# This file was generated by Animated Java via MC-Build. It is not recommended to edit this file directly.
$data merge entity $(bone_layer) {transformation: [-0.5859f,-0.3658f,-0.7232f,-0.1803f,-0.0048f,0.8939f,-0.4482f,1.3499f,0.8105f,-0.2591f,-0.5255f,-0.0354f,0f,0f,0f,1f],start_interpolation: 0,interpolation_duration: 1}
$data merge entity $(bone_l_1) {transformation: [-0.5859f,-0.3658f,-0.7232f,-0.1275f,-0.0048f,0.8939f,-0.4482f,1.5934f,0.8105f,-0.2591f,-0.5255f,0.1392f,0f,0f,0f,1f],start_interpolation: 0,interpolation_duration: 1}
$data merge entity $(bone_eye_l) {transformation: [-0.5859f,-0.3658f,-0.7232f,-0.1871f,-0.0048f,0.8939f,-0.4482f,1.3457f,0.8105f,-0.2591f,-0.5255f,-0.0403f,0f,0f,0f,1f],start_interpolation: 0,interpolation_duration: 1}
$data merge entity $(bone_r_1) {transformation: [-0.5859f,-0.3658f,-0.7232f,0.0006f,-0.0048f,0.8939f,-0.4482f,1.5945f,0.8105f,-0.2591f,-0.5255f,-0.0381f,0f,0f,0f,1f],start_interpolation: 0,interpolation_duration: 1}
$data merge entity $(bone_eye_r) {transformation: [-0.5859f,-0.3658f,-0.7232f,0.0156f,-0.0048f,0.8939f,-0.4482f,1.5666f,0.8105f,-0.2591f,-0.5255f,-0.0467f,0f,0f,0f,1f],start_interpolation: 0,interpolation_duration: 1}
$data merge entity $(bone_eyes_down) {transformation: [-0.5859f,-0.3658f,-0.7232f,-0.2146f,-0.0048f,0.8939f,-0.4482f,1.4337f,0.8105f,-0.2591f,-0.5255f,-0.0597f,0f,0f,0f,1f],start_interpolation: 0,interpolation_duration: 1}
$data merge entity $(bone_eyes_up) {transformation: [-0.5859f,-0.3658f,-0.7232f,-0.2628f,-0.0048f,0.8939f,-0.4482f,1.5502f,0.8105f,-0.2591f,-0.5255f,-0.0938f,0f,0f,0f,1f],start_interpolation: 0,interpolation_duration: 1}
$data merge entity $(bone_bone) {transformation: [-0.5859f,-0.3658f,-0.7232f,-0.1803f,-0.0048f,0.8939f,-0.4482f,1.3499f,0.8105f,-0.2591f,-0.5255f,-0.0354f,0f,0f,0f,1f],start_interpolation: 0,interpolation_duration: 1}
$data merge entity $(bone_l) {transformation: [-0.5674f,-0.2954f,-0.7232f,-0.1469f,-0.0483f,0.6695f,-0.4482f,1.6565f,0.8221f,-0.1646f,-0.5255f,0.1448f,0f,0f,0f,1f],start_interpolation: 0,interpolation_duration: 1}
$data merge entity $(bone_r) {transformation: [-0.603f,-0.2527f,-0.7232f,-0.0005f,0.0386f,0.6698f,-0.4482f,1.6577f,0.797f,-0.2236f,-0.5255f,-0.0578f,0f,0f,0f,1f],start_interpolation: 0,interpolation_duration: 1}
$data merge entity $(bone_sad) {transformation: [-0.9386f,-0.2193f,-0.7232f,-0.1445f,-0.0078f,0.5359f,-0.4482f,1.5602f,1.2984f,-0.1553f,-0.5255f,0.194f,0f,0f,0f,1f],start_interpolation: 0,interpolation_duration: 1}
$data merge entity $(bone_head) {transformation: [-0.5859f,-0.3658f,-0.7232f,-0.1803f,-0.0048f,0.8939f,-0.4482f,1.3499f,0.8105f,-0.2591f,-0.5255f,-0.0354f,0f,0f,0f,1f],start_interpolation: 0,interpolation_duration: 1}
$data merge entity $(bone_6) {transformation: [-0.5691f,-0.0205f,-0.822f,0.0063f,-0.1346f,0.9885f,0.0686f,0.4108f,0.8112f,0.1496f,-0.5654f,-0.1073f,0f,0f,0f,1f],start_interpolation: 0,interpolation_duration: 1}
$data merge entity $(bone_12) {transformation: [-0.5691f,-0.4902f,-0.6601f,-0.1775f,-0.1346f,0.8476f,-0.5134f,0.7287f,0.8112f,-0.2033f,-0.5483f,-0.1836f,0f,0f,0f,1f],start_interpolation: 0,interpolation_duration: 1}
$data merge entity $(bone_10) {transformation: [-0.5858f,-0.1246f,-0.8008f,-0.2743f,-0.0048f,0.9886f,-0.1503f,1.0357f,0.8104f,-0.0842f,-0.5798f,-0.1052f,0f,0f,0f,1f],start_interpolation: 0,interpolation_duration: 1}
$data merge entity $(bone_9) {transformation: [-0.5858f,0.2902f,-0.7567f,-0.1654f,-0.0048f,0.9324f,0.3613f,1.3854f,0.8104f,0.2154f,-0.5448f,-0.0244f,0f,0f,0f,1f],start_interpolation: 0,interpolation_duration: 1}
$data merge entity $(item_display_item_display) {transformation: [0.3442f,0.618f,-0.2256f,-0.0058f,-0.4514f,0.4071f,0.4264f,1.0177f,0.4786f,-0.0605f,0.5645f,0.5297f,0f,0f,0f,1f],start_interpolation: 0,interpolation_duration: 1}
$data merge entity $(bone_2) {transformation: [0.3009f,-0.4639f,0.8212f,-0.3784f,-0.5685f,0.5986f,0.5464f,0.9966f,-0.7526f,-0.6376f,-0.0845f,0.3967f,0f,0f,0f,1f],start_interpolation: 0,interpolation_duration: 1}
$data merge entity $(bone_1) {transformation: [0.3009f,0.0061f,0.9432f,-0.3705f,-0.5685f,0.7911f,0.1763f,1.2696f,-0.7526f,-0.5951f,0.2439f,0.1937f,0f,0f,0f,1f],start_interpolation: 0,interpolation_duration: 1}
$data merge entity $(bone_4) {transformation: [-0.437f,-0.8562f,0.2755f,0.2904f,-0.4501f,-0.057f,-0.8912f,1.1903f,0.7787f,-0.5135f,-0.3605f,-0.2375f,0f,0f,0f,1f],start_interpolation: 0,interpolation_duration: 1}
$data merge entity $(bone_3) {transformation: [-0.437f,-0.8983f,0.0457f,-0.0465f,-0.4501f,0.1744f,-0.8758f,1.2556f,0.7787f,-0.4033f,-0.4805f,-0.3887f,0f,0f,0f,1f],start_interpolation: 0,interpolation_duration: 1}
$data merge entity $(bone_8) {transformation: [-0.6628f,0.5254f,-0.5335f,-0.2856f,0.1746f,0.8013f,0.5723f,0.4143f,0.7282f,0.2861f,-0.6228f,0.1216f,0f,0f,0f,1f],start_interpolation: 0,interpolation_duration: 1}
$data merge entity $(bone_7) {transformation: [-0.6628f,0.0618f,-0.7463f,-0.2966f,0.1746f,0.9819f,-0.0737f,0.7182f,0.7282f,-0.1792f,-0.6615f,0.0387f,0f,0f,0f,1f],start_interpolation: 0,interpolation_duration: 1}
data modify entity @s data merge value {"cameras":{"camera":{"posx":0.22401905092592575,"posy":1.5314229745370371,"posz":1.4462741319444445,"roty":156.56851259259258,"rotx":0}},"locators":{}}