# This file was generated by Animated Java via MC-Build. It is not recommended to edit this file directly.
$data merge entity $(bone_layer) {transformation: [-0.5852f,-0.3671f,-0.7231f,-0.1799f,-0.0048f,0.8932f,-0.4496f,1.3498f,0.811f,-0.2596f,-0.5244f,-0.0354f,0f,0f,0f,1f],start_interpolation: 0,interpolation_duration: 1}
$data merge entity $(bone_l_1) {transformation: [-0.5852f,-0.3671f,-0.7231f,-0.1272f,-0.0048f,0.8932f,-0.4496f,1.5935f,0.811f,-0.2596f,-0.5244f,0.1389f,0f,0f,0f,1f],start_interpolation: 0,interpolation_duration: 1}
$data merge entity $(bone_eye_l) {transformation: [-0.5852f,-0.3671f,-0.7231f,-0.1867f,-0.0048f,0.8932f,-0.4496f,1.3456f,0.811f,-0.2596f,-0.5244f,-0.0403f,0f,0f,0f,1f],start_interpolation: 0,interpolation_duration: 1}
$data merge entity $(bone_r_1) {transformation: [-0.5852f,-0.3671f,-0.7231f,0.0008f,-0.0048f,0.8932f,-0.4496f,1.5946f,0.811f,-0.2596f,-0.5244f,-0.0385f,0f,0f,0f,1f],start_interpolation: 0,interpolation_duration: 1}
$data merge entity $(bone_eye_r) {transformation: [-0.5852f,-0.3671f,-0.7231f,0.0157f,-0.0048f,0.8932f,-0.4496f,1.5667f,0.811f,-0.2596f,-0.5244f,-0.0472f,0f,0f,0f,1f],start_interpolation: 0,interpolation_duration: 1}
$data merge entity $(bone_eyes_down) {transformation: [-0.5852f,-0.3671f,-0.7231f,-0.2143f,-0.0048f,0.8932f,-0.4496f,1.4335f,0.811f,-0.2596f,-0.5244f,-0.0598f,0f,0f,0f,1f],start_interpolation: 0,interpolation_duration: 1}
$data merge entity $(bone_eyes_up) {transformation: [-0.5852f,-0.3671f,-0.7231f,-0.2626f,-0.0048f,0.8932f,-0.4496f,1.5497f,0.811f,-0.2596f,-0.5244f,-0.0939f,0f,0f,0f,1f],start_interpolation: 0,interpolation_duration: 1}
$data merge entity $(bone_bone) {transformation: [-0.5852f,-0.3671f,-0.7231f,-0.1799f,-0.0048f,0.8932f,-0.4496f,1.3498f,0.811f,-0.2596f,-0.5244f,-0.0354f,0f,0f,0f,1f],start_interpolation: 0,interpolation_duration: 1}
$data merge entity $(bone_l) {transformation: [-0.5667f,-0.2962f,-0.7231f,-0.1466f,-0.048f,0.669f,-0.4496f,1.6564f,0.8226f,-0.165f,-0.5244f,0.1445f,0f,0f,0f,1f],start_interpolation: 0,interpolation_duration: 1}
$data merge entity $(bone_r) {transformation: [-0.6022f,-0.2537f,-0.7231f,-0.0003f,0.0385f,0.6693f,-0.4496f,1.6576f,0.7975f,-0.2239f,-0.5244f,-0.0582f,0f,0f,0f,1f],start_interpolation: 0,interpolation_duration: 1}
$data merge entity $(bone_sad) {transformation: [-0.9371f,-0.2201f,-0.7231f,-0.1442f,-0.0077f,0.5356f,-0.4496f,1.5603f,1.2988f,-0.1557f,-0.5244f,0.1938f,0f,0f,0f,1f],start_interpolation: 0,interpolation_duration: 1}
$data merge entity $(bone_head) {transformation: [-0.5852f,-0.3671f,-0.7231f,-0.1799f,-0.0048f,0.8932f,-0.4496f,1.3498f,0.811f,-0.2596f,-0.5244f,-0.0354f,0f,0f,0f,1f],start_interpolation: 0,interpolation_duration: 1}
$data merge entity $(bone_6) {transformation: [-0.5684f,-0.02f,-0.8225f,0.0064f,-0.1345f,0.9885f,0.0689f,0.4107f,0.8117f,0.1498f,-0.5646f,-0.1077f,0f,0f,0f,1f],start_interpolation: 0,interpolation_duration: 1}
$data merge entity $(bone_12) {transformation: [-0.5684f,-0.4901f,-0.6608f,-0.1774f,-0.1345f,0.8477f,-0.5131f,0.7286f,0.8117f,-0.2028f,-0.5478f,-0.1837f,0f,0f,0f,1f],start_interpolation: 0,interpolation_duration: 1}
$data merge entity $(bone_10) {transformation: [-0.5851f,-0.1244f,-0.8014f,-0.274f,-0.0048f,0.9887f,-0.15f,1.0357f,0.8109f,-0.0839f,-0.5791f,-0.1052f,0f,0f,0f,1f],start_interpolation: 0,interpolation_duration: 1}
$data merge entity $(bone_9) {transformation: [-0.5851f,0.2907f,-0.7571f,-0.165f,-0.0048f,0.9323f,0.3616f,1.3853f,0.8109f,0.2152f,-0.5441f,-0.0245f,0f,0f,0f,1f],start_interpolation: 0,interpolation_duration: 1}
$data merge entity $(item_display_item_display) {transformation: [0.3445f,0.618f,-0.225f,-0.005f,-0.4516f,0.4069f,0.4263f,1.0174f,0.4782f,-0.061f,0.5647f,0.5295f,0f,0f,0f,1f],start_interpolation: 0,interpolation_duration: 1}
$data merge entity $(bone_2) {transformation: [0.3f,-0.4643f,0.8213f,-0.3777f,-0.5684f,0.5989f,0.5462f,0.9965f,-0.753f,-0.6371f,-0.0851f,0.3968f,0f,0f,0f,1f],start_interpolation: 0,interpolation_duration: 1}
$data merge entity $(bone_1) {transformation: [0.3f,0.0058f,0.9434f,-0.3698f,-0.5684f,0.7912f,0.1759f,1.2696f,-0.753f,-0.595f,0.2431f,0.1938f,0f,0f,0f,1f],start_interpolation: 0,interpolation_duration: 1}
$data merge entity $(bone_4) {transformation: [-0.4368f,-0.8616f,0.2586f,0.2906f,-0.4444f,-0.0433f,-0.8948f,1.1886f,0.7821f,-0.5058f,-0.364f,-0.2387f,0f,0f,0f,1f],start_interpolation: 0,interpolation_duration: 1}
$data merge entity $(bone_3) {transformation: [-0.4368f,-0.8988f,0.0384f,-0.0464f,-0.4444f,0.1785f,-0.8779f,1.2556f,0.7821f,-0.4005f,-0.4774f,-0.3889f,0f,0f,0f,1f],start_interpolation: 0,interpolation_duration: 1}
$data merge entity $(bone_8) {transformation: [-0.662f,0.5259f,-0.534f,-0.2853f,0.1746f,0.8011f,0.5725f,0.4142f,0.7288f,0.2858f,-0.6222f,0.1215f,0f,0f,0f,1f],start_interpolation: 0,interpolation_duration: 1}
$data merge entity $(bone_7) {transformation: [-0.662f,0.0619f,-0.7469f,-0.2963f,0.1746f,0.9819f,-0.0734f,0.7181f,0.7288f,-0.179f,-0.6609f,0.0387f,0f,0f,0f,1f],start_interpolation: 0,interpolation_duration: 1}
data modify entity @s data merge value {"cameras":{"camera1":{"px":0.22450554687499982,"py":1.5315923828125,"pz":1.4557634765625,"ry":156.619185,"rx":0}},"locators":{}}