# This file was generated by Animated Java via MC-Build. It is not recommended to edit this file directly.
$data merge entity $(bone_layer) {transformation: [-0.5845f,-0.3682f,-0.7231f,-0.1794f,-0.0047f,0.8927f,-0.4507f,1.3497f,0.8115f,-0.2599f,-0.5234f,-0.0354f,0f,0f,0f,1f],start_interpolation: 0,interpolation_duration: 1}
$data merge entity $(bone_l_1) {transformation: [-0.5845f,-0.3682f,-0.7231f,-0.1269f,-0.0047f,0.8927f,-0.4507f,1.5936f,0.8115f,-0.2599f,-0.5234f,0.1386f,0f,0f,0f,1f],start_interpolation: 0,interpolation_duration: 1}
$data merge entity $(bone_eye_l) {transformation: [-0.5845f,-0.3682f,-0.7231f,-0.1862f,-0.0047f,0.8927f,-0.4507f,1.3455f,0.8115f,-0.2599f,-0.5234f,-0.0404f,0f,0f,0f,1f],start_interpolation: 0,interpolation_duration: 1}
$data merge entity $(bone_r_1) {transformation: [-0.5845f,-0.3682f,-0.7231f,0.001f,-0.0047f,0.8927f,-0.4507f,1.5947f,0.8115f,-0.2599f,-0.5234f,-0.0389f,0f,0f,0f,1f],start_interpolation: 0,interpolation_duration: 1}
$data merge entity $(bone_eye_r) {transformation: [-0.5845f,-0.3682f,-0.7231f,0.016f,-0.0047f,0.8927f,-0.4507f,1.5668f,0.8115f,-0.2599f,-0.5234f,-0.0475f,0f,0f,0f,1f],start_interpolation: 0,interpolation_duration: 1}
$data merge entity $(bone_eyes_down) {transformation: [-0.5845f,-0.3682f,-0.7231f,-0.214f,-0.0047f,0.8927f,-0.4507f,1.4334f,0.8115f,-0.2599f,-0.5234f,-0.0598f,0f,0f,0f,1f],start_interpolation: 0,interpolation_duration: 1}
$data merge entity $(bone_eyes_up) {transformation: [-0.5845f,-0.3682f,-0.7231f,-0.2623f,-0.0047f,0.8927f,-0.4507f,1.5492f,0.8115f,-0.2599f,-0.5234f,-0.0939f,0f,0f,0f,1f],start_interpolation: 0,interpolation_duration: 1}
$data merge entity $(bone_bone) {transformation: [-0.5845f,-0.3682f,-0.7231f,-0.1794f,-0.0047f,0.8927f,-0.4507f,1.3497f,0.8115f,-0.2599f,-0.5234f,-0.0354f,0f,0f,0f,1f],start_interpolation: 0,interpolation_duration: 1}
$data merge entity $(bone_l) {transformation: [-0.566f,-0.2969f,-0.7231f,-0.1462f,-0.0478f,0.6686f,-0.4507f,1.6562f,0.8231f,-0.1654f,-0.5234f,0.1443f,0f,0f,0f,1f],start_interpolation: 0,interpolation_duration: 1}
$data merge entity $(bone_r) {transformation: [-0.6015f,-0.2547f,-0.7231f,-0.0001f,0.0383f,0.6689f,-0.4507f,1.6574f,0.7981f,-0.2241f,-0.5234f,-0.0586f,0f,0f,0f,1f],start_interpolation: 0,interpolation_duration: 1}
$data merge entity $(bone_sad) {transformation: [-0.9352f,-0.2209f,-0.7231f,-0.1438f,-0.0076f,0.5356f,-0.4507f,1.5604f,1.2986f,-0.1559f,-0.5234f,0.1937f,0f,0f,0f,1f],start_interpolation: 0,interpolation_duration: 1}
$data merge entity $(bone_head) {transformation: [-0.5845f,-0.3682f,-0.7231f,-0.1794f,-0.0047f,0.8927f,-0.4507f,1.3497f,0.8115f,-0.2599f,-0.5234f,-0.0354f,0f,0f,0f,1f],start_interpolation: 0,interpolation_duration: 1}
$data merge entity $(bone_6) {transformation: [-0.5678f,-0.0195f,-0.823f,0.0065f,-0.1345f,0.9885f,0.0693f,0.4105f,0.8121f,0.15f,-0.5639f,-0.108f,0f,0f,0f,1f],start_interpolation: 0,interpolation_duration: 1}
$data merge entity $(bone_12) {transformation: [-0.5678f,-0.49f,-0.6614f,-0.1773f,-0.1345f,0.8479f,-0.5128f,0.7285f,0.8121f,-0.2022f,-0.5473f,-0.1838f,0f,0f,0f,1f],start_interpolation: 0,interpolation_duration: 1}
$data merge entity $(bone_10) {transformation: [-0.5844f,-0.1242f,-0.8019f,-0.2737f,-0.0047f,0.9887f,-0.1496f,1.0356f,0.8115f,-0.0837f,-0.5784f,-0.1052f,0f,0f,0f,1f],start_interpolation: 0,interpolation_duration: 1}
$data merge entity $(bone_9) {transformation: [-0.5844f,0.2911f,-0.7574f,-0.1645f,-0.0047f,0.9322f,0.3619f,1.3852f,0.8115f,0.2151f,-0.5434f,-0.0245f,0f,0f,0f,1f],start_interpolation: 0,interpolation_duration: 1}
$data merge entity $(item_display_item_display) {transformation: [0.3447f,0.6182f,-0.2244f,-0.0042f,-0.4518f,0.4067f,0.4263f,1.0172f,0.4778f,-0.0614f,0.565f,0.5293f,0f,0f,0f,1f],start_interpolation: 0,interpolation_duration: 1}
$data merge entity $(bone_2) {transformation: [0.2992f,-0.4646f,0.8215f,-0.377f,-0.5684f,0.5992f,0.5459f,0.9964f,-0.7533f,-0.6366f,-0.0857f,0.3969f,0f,0f,0f,1f],start_interpolation: 0,interpolation_duration: 1}
$data merge entity $(bone_1) {transformation: [0.2992f,0.0055f,0.9437f,-0.3692f,-0.5684f,0.7913f,0.1756f,1.2695f,-0.7533f,-0.5949f,0.2423f,0.1939f,0f,0f,0f,1f],start_interpolation: 0,interpolation_duration: 1}
$data merge entity $(bone_4) {transformation: [-0.4365f,-0.8666f,0.2417f,0.2909f,-0.4388f,-0.0294f,-0.8981f,1.1869f,0.7854f,-0.4981f,-0.3674f,-0.24f,0f,0f,0f,1f],start_interpolation: 0,interpolation_duration: 1}
$data merge entity $(bone_3) {transformation: [-0.4365f,-0.8992f,0.0309f,-0.0463f,-0.4388f,0.1828f,-0.8798f,1.2555f,0.7854f,-0.3976f,-0.4743f,-0.3891f,0f,0f,0f,1f],start_interpolation: 0,interpolation_duration: 1}
$data merge entity $(bone_8) {transformation: [-0.6614f,0.5264f,-0.5343f,-0.285f,0.1747f,0.8009f,0.5728f,0.4141f,0.7294f,0.2855f,-0.6216f,0.1214f,0f,0f,0f,1f],start_interpolation: 0,interpolation_duration: 1}
$data merge entity $(bone_7) {transformation: [-0.6614f,0.062f,-0.7475f,-0.296f,0.1747f,0.9819f,-0.0731f,0.718f,0.7294f,-0.1789f,-0.6602f,0.0387f,0f,0f,0f,1f],start_interpolation: 0,interpolation_duration: 1}
data modify entity @s data merge value {"cameras":{"camera":{"posx":0.22497629629629612,"posy":1.5317574074074074,"posz":1.4653416666666665,"roty":156.6574251851852,"rotx":0}},"locators":{}}