# This file was generated by Animated Java via MC-Build. It is not recommended to edit this file directly.
$data merge entity $(bone_layer) {transformation: [-0.5838f,-0.3689f,-0.7233f,-0.179f,-0.0047f,0.8923f,-0.4514f,1.3496f,0.812f,-0.2601f,-0.5226f,-0.0354f,0f,0f,0f,1f],start_interpolation: 0,interpolation_duration: 1}
$data merge entity $(bone_l_1) {transformation: [-0.5838f,-0.3689f,-0.7233f,-0.1264f,-0.0047f,0.8923f,-0.4514f,1.5936f,0.812f,-0.2601f,-0.5226f,0.1385f,0f,0f,0f,1f],start_interpolation: 0,interpolation_duration: 1}
$data merge entity $(bone_eye_l) {transformation: [-0.5838f,-0.3689f,-0.7233f,-0.1857f,-0.0047f,0.8923f,-0.4514f,1.3454f,0.812f,-0.2601f,-0.5226f,-0.0403f,0f,0f,0f,1f],start_interpolation: 0,interpolation_duration: 1}
$data merge entity $(bone_r_1) {transformation: [-0.5838f,-0.3689f,-0.7233f,0.0013f,-0.0047f,0.8923f,-0.4514f,1.5947f,0.812f,-0.2601f,-0.5226f,-0.0391f,0f,0f,0f,1f],start_interpolation: 0,interpolation_duration: 1}
$data merge entity $(bone_eye_r) {transformation: [-0.5838f,-0.3689f,-0.7233f,0.0163f,-0.0047f,0.8923f,-0.4514f,1.5668f,0.812f,-0.2601f,-0.5226f,-0.0478f,0f,0f,0f,1f],start_interpolation: 0,interpolation_duration: 1}
$data merge entity $(bone_eyes_down) {transformation: [-0.5838f,-0.3689f,-0.7233f,-0.2135f,-0.0047f,0.8923f,-0.4514f,1.4333f,0.812f,-0.2601f,-0.5226f,-0.0598f,0f,0f,0f,1f],start_interpolation: 0,interpolation_duration: 1}
$data merge entity $(bone_eyes_up) {transformation: [-0.5838f,-0.3689f,-0.7233f,-0.2618f,-0.0047f,0.8923f,-0.4514f,1.5487f,0.812f,-0.2601f,-0.5226f,-0.0939f,0f,0f,0f,1f],start_interpolation: 0,interpolation_duration: 1}
$data merge entity $(bone_bone) {transformation: [-0.5838f,-0.3689f,-0.7233f,-0.179f,-0.0047f,0.8923f,-0.4514f,1.3496f,0.812f,-0.2601f,-0.5226f,-0.0354f,0f,0f,0f,1f],start_interpolation: 0,interpolation_duration: 1}
$data merge entity $(bone_l) {transformation: [-0.5654f,-0.2974f,-0.7233f,-0.1457f,-0.0475f,0.6683f,-0.4514f,1.656f,0.8236f,-0.1656f,-0.5226f,0.1442f,0f,0f,0f,1f],start_interpolation: 0,interpolation_duration: 1}
$data merge entity $(bone_r) {transformation: [-0.6008f,-0.2554f,-0.7233f,0.0002f,0.0381f,0.6686f,-0.4514f,1.6572f,0.7986f,-0.224f,-0.5226f,-0.0588f,0f,0f,0f,1f],start_interpolation: 0,interpolation_duration: 1}
$data merge entity $(bone_sad) {transformation: [-0.9329f,-0.2215f,-0.7233f,-0.1434f,-0.0075f,0.5358f,-0.4514f,1.5604f,1.2977f,-0.1562f,-0.5226f,0.1937f,0f,0f,0f,1f],start_interpolation: 0,interpolation_duration: 1}
$data merge entity $(bone_head) {transformation: [-0.5838f,-0.3689f,-0.7233f,-0.179f,-0.0047f,0.8923f,-0.4514f,1.3496f,0.812f,-0.2601f,-0.5226f,-0.0354f,0f,0f,0f,1f],start_interpolation: 0,interpolation_duration: 1}
$data merge entity $(bone_6) {transformation: [-0.5671f,-0.019f,-0.8234f,0.0066f,-0.1344f,0.9885f,0.0697f,0.4104f,0.8126f,0.1502f,-0.5632f,-0.1083f,0f,0f,0f,1f],start_interpolation: 0,interpolation_duration: 1}
$data merge entity $(bone_12) {transformation: [-0.5671f,-0.4899f,-0.6621f,-0.1771f,-0.1344f,0.8481f,-0.5124f,0.7284f,0.8126f,-0.2016f,-0.5469f,-0.1839f,0f,0f,0f,1f],start_interpolation: 0,interpolation_duration: 1}
$data merge entity $(bone_10) {transformation: [-0.5837f,-0.1239f,-0.8024f,-0.2734f,-0.0047f,0.9888f,-0.1493f,1.0356f,0.8119f,-0.0834f,-0.5778f,-0.1051f,0f,0f,0f,1f],start_interpolation: 0,interpolation_duration: 1}
$data merge entity $(bone_9) {transformation: [-0.5837f,0.2916f,-0.7578f,-0.164f,-0.0047f,0.9321f,0.3623f,1.3851f,0.8119f,0.215f,-0.5427f,-0.0245f,0f,0f,0f,1f],start_interpolation: 0,interpolation_duration: 1}
$data merge entity $(item_display_item_display) {transformation: [0.3449f,0.6183f,-0.2238f,-0.0034f,-0.452f,0.4065f,0.4264f,1.0169f,0.4775f,-0.0618f,0.5652f,0.5291f,0f,0f,0f,1f],start_interpolation: 0,interpolation_duration: 1}
$data merge entity $(bone_2) {transformation: [0.2983f,-0.4648f,0.8216f,-0.3763f,-0.5685f,0.5995f,0.5455f,0.9963f,-0.7536f,-0.6362f,-0.0862f,0.397f,0f,0f,0f,1f],start_interpolation: 0,interpolation_duration: 1}
$data merge entity $(bone_1) {transformation: [0.2983f,0.0054f,0.944f,-0.3686f,-0.5685f,0.7914f,0.1751f,1.2694f,-0.7536f,-0.5948f,0.2416f,0.1941f,0f,0f,0f,1f],start_interpolation: 0,interpolation_duration: 1}
$data merge entity $(bone_4) {transformation: [-0.4363f,-0.8712f,0.2252f,0.2912f,-0.4335f,-0.0158f,-0.901f,1.1852f,0.7885f,-0.4907f,-0.3708f,-0.2411f,0f,0f,0f,1f],start_interpolation: 0,interpolation_duration: 1}
$data merge entity $(bone_3) {transformation: [-0.4363f,-0.8995f,0.0236f,-0.0461f,-0.4335f,0.1872f,-0.8815f,1.2554f,0.7885f,-0.3948f,-0.4716f,-0.3892f,0f,0f,0f,1f],start_interpolation: 0,interpolation_duration: 1}
$data merge entity $(bone_8) {transformation: [-0.6607f,0.5269f,-0.5347f,-0.2847f,0.1747f,0.8007f,0.573f,0.4141f,0.73f,0.2852f,-0.6211f,0.1213f,0f,0f,0f,1f],start_interpolation: 0,interpolation_duration: 1}
$data merge entity $(bone_7) {transformation: [-0.6607f,0.0622f,-0.7481f,-0.2957f,0.1747f,0.9819f,-0.0727f,0.718f,0.73f,-0.1788f,-0.6596f,0.0387f,0f,0f,0f,1f],start_interpolation: 0,interpolation_duration: 1}
data modify entity @s data merge value {"cameras":{"camera":{"posx":0.22542850405092574,"posy":1.5319170500578703,"posz":1.4749991970486112,"roty":156.6815809259259,"rotx":0}},"locators":{}}