# This file was generated by Animated Java via MC-Build. It is not recommended to edit this file directly.
$data merge entity $(bone_layer) {transformation: [-0.5195f,0.1483f,-0.8415f,-0.0269f,-0.001f,0.9847f,0.1742f,1.2957f,0.8546f,0.0913f,-0.5114f,0.0252f,0f,0f,0f,1f],start_interpolation: 0,interpolation_duration: 1}
$data merge entity $(bone_l_1) {transformation: [-0.5195f,0.1483f,-0.8415f,0.1401f,-0.001f,0.9847f,0.1742f,1.4047f,0.8546f,0.0913f,-0.5114f,0.2549f,0f,0f,0f,1f],start_interpolation: 0,interpolation_duration: 1}
$data merge entity $(bone_eye_l) {transformation: [-0.5195f,0.1483f,-0.8415f,-0.0348f,-0.001f,0.9847f,0.1742f,1.2973f,0.8546f,0.0913f,-0.5114f,0.0204f,0f,0f,0f,1f],start_interpolation: 0,interpolation_duration: 1}
$data merge entity $(bone_r_1) {transformation: [-0.5195f,0.1483f,-0.8415f,0.2538f,-0.001f,0.9847f,0.1742f,1.4049f,0.8546f,0.0913f,-0.5114f,0.0679f,0f,0f,0f,1f],start_interpolation: 0,interpolation_duration: 1}
$data merge entity $(bone_eye_r) {transformation: [-0.5195f,0.1483f,-0.8415f,0.2524f,-0.001f,0.9847f,0.1742f,1.3783f,0.8546f,0.0913f,-0.5114f,0.0488f,0f,0f,0f,1f],start_interpolation: 0,interpolation_duration: 1}
$data merge entity $(bone_eyes_down) {transformation: [-0.5195f,0.1483f,-0.8415f,-0.013f,-0.001f,0.9847f,0.1742f,1.388f,0.8546f,0.0913f,-0.5114f,0.0337f,0f,0f,0f,1f],start_interpolation: 0,interpolation_duration: 1}
$data merge entity $(bone_eyes_up) {transformation: [-0.5195f,0.1483f,-0.8415f,-0.0014f,-0.001f,0.9847f,0.1742f,1.4691f,0.8546f,0.0913f,-0.5114f,0.0409f,0f,0f,0f,1f],start_interpolation: 0,interpolation_duration: 1}
$data merge entity $(bone_bone) {transformation: [-0.5195f,0.1483f,-0.8415f,-0.0269f,-0.001f,0.9847f,0.1742f,1.2957f,0.8546f,0.0913f,-0.5114f,0.0252f,0f,0f,0f,1f],start_interpolation: 0,interpolation_duration: 1}
$data merge entity $(bone_l) {transformation: [-0.5195f,0.1112f,-0.8415f,0.1503f,-0.001f,0.7385f,0.1742f,1.4271f,0.8546f,0.0685f,-0.5114f,0.2794f,0f,0f,0f,1f],start_interpolation: 0,interpolation_duration: 1}
$data merge entity $(bone_r) {transformation: [-0.5195f,0.1112f,-0.8415f,0.2802f,-0.001f,0.7385f,0.1742f,1.4273f,0.8546f,0.0685f,-0.5114f,0.0657f,0f,0f,0f,1f],start_interpolation: 0,interpolation_duration: 1}
$data merge entity $(bone_sad) {transformation: [-0.8312f,0.0297f,-0.6244f,0.1101f,-0.0016f,0.1975f,0.1292f,1.3819f,1.3673f,0.0183f,-0.3794f,0.2995f,0f,0f,0f,1f],start_interpolation: 0,interpolation_duration: 1}
$data merge entity $(bone_head) {transformation: [-0.5195f,0.1483f,-0.8415f,-0.0269f,-0.001f,0.9847f,0.1742f,1.2957f,0.8546f,0.0913f,-0.5114f,0.0252f,0f,0f,0f,1f],start_interpolation: 0,interpolation_duration: 1}
$data merge entity $(bone_6) {transformation: [-0.5209f,0.1253f,-0.8444f,0.022f,-0.1313f,0.9656f,0.2243f,0.3506f,0.8435f,0.2277f,-0.4865f,-0.137f,0f,0f,0f,1f],start_interpolation: 0,interpolation_duration: 1}
$data merge entity $(bone_12) {transformation: [-0.5209f,-0.3817f,-0.7635f,-0.1211f,-0.1313f,0.9196f,-0.3702f,0.6955f,0.8435f,-0.0926f,-0.5291f,-0.1717f,0f,0f,0f,1f],start_interpolation: 0,interpolation_duration: 1}
$data merge entity $(bone_10) {transformation: [-0.5194f,0.0076f,-0.8545f,-0.1692f,-0.001f,1f,0.0095f,1.0048f,0.8545f,0.0058f,-0.5194f,-0.0616f,0f,0f,0f,1f],start_interpolation: 0,interpolation_duration: 1}
$data merge entity $(bone_9) {transformation: [-0.5194f,0.4338f,-0.7362f,-0.0065f,-0.001f,0.8613f,0.5082f,1.3278f,0.8545f,0.2647f,-0.447f,0.0376f,0f,0f,0f,1f],start_interpolation: 0,interpolation_duration: 1}
$data merge entity $(item_display_item_display) {transformation: [0.2925f,0.672f,-0.1193f,0.1247f,-0.5309f,0.3056f,0.4196f,0.8904f,0.4289f,-0.08f,0.6008f,0.5594f,0f,0f,0f,1f],start_interpolation: 0,interpolation_duration: 1}
$data merge entity $(bone_2) {transformation: [0.159f,-0.3901f,0.8959f,-0.2528f,-0.5595f,0.7078f,0.4075f,0.94f,-0.8011f,-0.5718f,-0.1068f,0.4498f,0f,0f,0f,1f],start_interpolation: 0,interpolation_duration: 1}
$data merge entity $(bone_1) {transformation: [0.159f,0.11f,0.9709f,-0.2089f,-0.5595f,0.8167f,-0.0009f,1.2207f,-0.8011f,-0.5486f,0.1934f,0.2625f,0f,0f,0f,1f],start_interpolation: 0,interpolation_duration: 1}
$data merge entity $(bone_4) {transformation: [-0.439f,-0.8227f,0.3611f,0.3048f,-0.4774f,-0.1269f,-0.8695f,0.9499f,0.7611f,-0.5541f,-0.337f,-0.3364f,0f,0f,0f,1f],start_interpolation: 0,interpolation_duration: 1}
$data merge entity $(bone_3) {transformation: [-0.439f,-0.6629f,-0.6064f,0.0562f,-0.4774f,0.7439f,-0.4676f,1.2288f,0.7611f,0.0842f,-0.6431f,-0.3048f,0f,0f,0f,1f],start_interpolation: 0,interpolation_duration: 1}
$data merge entity $(bone_8) {transformation: [-0.5761f,0.6537f,-0.4907f,-0.2495f,0.1965f,0.6935f,0.6931f,0.372f,0.7934f,0.3029f,-0.528f,0.1163f,0f,0f,0f,1f],start_interpolation: 0,interpolation_duration: 1}
$data merge entity $(bone_7) {transformation: [-0.5761f,0.1854f,-0.7961f,-0.2238f,0.1965f,0.9768f,0.0853f,0.6807f,0.7934f,-0.1073f,-0.5992f,0.0584f,0f,0f,0f,1f],start_interpolation: 0,interpolation_duration: 1}
data modify entity @s data merge value {"cameras":{"camera":{"posx":0.19450910621365147,"posy":1.4541696058379943,"posz":1.6284840658652642,"roty":168.240402890625,"rotx":0}},"locators":{}}