# This file was generated by Animated Java via MC-Build. It is not recommended to edit this file directly.
$data merge entity $(bone_layer) {transformation: [-0.5831f,-0.3693f,-0.7236f,-0.1785f,-0.0046f,0.8922f,-0.4516f,1.3495f,0.8125f,-0.2599f,-0.522f,-0.0354f,0f,0f,0f,1f],start_interpolation: 0,interpolation_duration: 1}
$data merge entity $(bone_l_1) {transformation: [-0.5831f,-0.3693f,-0.7236f,-0.1258f,-0.0046f,0.8922f,-0.4516f,1.5936f,0.8125f,-0.2599f,-0.522f,0.1384f,0f,0f,0f,1f],start_interpolation: 0,interpolation_duration: 1}
$data merge entity $(bone_eye_l) {transformation: [-0.5831f,-0.3693f,-0.7236f,-0.1852f,-0.0046f,0.8922f,-0.4516f,1.3453f,0.8125f,-0.2599f,-0.522f,-0.0403f,0f,0f,0f,1f],start_interpolation: 0,interpolation_duration: 1}
$data merge entity $(bone_r_1) {transformation: [-0.5831f,-0.3693f,-0.7236f,0.0018f,-0.0046f,0.8922f,-0.4516f,1.5946f,0.8125f,-0.2599f,-0.522f,-0.0393f,0f,0f,0f,1f],start_interpolation: 0,interpolation_duration: 1}
$data merge entity $(bone_eye_r) {transformation: [-0.5831f,-0.3693f,-0.7236f,0.0168f,-0.0046f,0.8922f,-0.4516f,1.5667f,0.8125f,-0.2599f,-0.522f,-0.0479f,0f,0f,0f,1f],start_interpolation: 0,interpolation_duration: 1}
$data merge entity $(bone_eyes_down) {transformation: [-0.5831f,-0.3693f,-0.7236f,-0.2131f,-0.0046f,0.8922f,-0.4516f,1.4332f,0.8125f,-0.2599f,-0.522f,-0.0598f,0f,0f,0f,1f],start_interpolation: 0,interpolation_duration: 1}
$data merge entity $(bone_eyes_up) {transformation: [-0.5831f,-0.3693f,-0.7236f,-0.2613f,-0.0046f,0.8922f,-0.4516f,1.5483f,0.8125f,-0.2599f,-0.522f,-0.0937f,0f,0f,0f,1f],start_interpolation: 0,interpolation_duration: 1}
$data merge entity $(bone_bone) {transformation: [-0.5831f,-0.3693f,-0.7236f,-0.1785f,-0.0046f,0.8922f,-0.4516f,1.3495f,0.8125f,-0.2599f,-0.522f,-0.0354f,0f,0f,0f,1f],start_interpolation: 0,interpolation_duration: 1}
$data merge entity $(bone_l) {transformation: [-0.5649f,-0.2975f,-0.7236f,-0.145f,-0.0472f,0.6682f,-0.4516f,1.6557f,0.824f,-0.1657f,-0.522f,0.1442f,0f,0f,0f,1f],start_interpolation: 0,interpolation_duration: 1}
$data merge entity $(bone_r) {transformation: [-0.6001f,-0.2558f,-0.7236f,0.0008f,0.0379f,0.6686f,-0.4516f,1.6569f,0.7992f,-0.2238f,-0.522f,-0.0589f,0f,0f,0f,1f],start_interpolation: 0,interpolation_duration: 1}
$data merge entity $(bone_sad) {transformation: [-0.9302f,-0.222f,-0.7236f,-0.1428f,-0.0074f,0.5363f,-0.4516f,1.5603f,1.296f,-0.1563f,-0.522f,0.1938f,0f,0f,0f,1f],start_interpolation: 0,interpolation_duration: 1}
$data merge entity $(bone_head) {transformation: [-0.5831f,-0.3693f,-0.7236f,-0.1785f,-0.0046f,0.8922f,-0.4516f,1.3495f,0.8125f,-0.2599f,-0.522f,-0.0354f,0f,0f,0f,1f],start_interpolation: 0,interpolation_duration: 1}
$data merge entity $(bone_6) {transformation: [-0.5665f,-0.0186f,-0.8238f,0.0067f,-0.1344f,0.9884f,0.0701f,0.4102f,0.813f,0.1505f,-0.5625f,-0.1086f,0f,0f,0f,1f],start_interpolation: 0,interpolation_duration: 1}
$data merge entity $(bone_12) {transformation: [-0.5665f,-0.4898f,-0.6627f,-0.1769f,-0.1344f,0.8483f,-0.5121f,0.7284f,0.813f,-0.2011f,-0.5465f,-0.184f,0f,0f,0f,1f],start_interpolation: 0,interpolation_duration: 1}
$data merge entity $(bone_10) {transformation: [-0.5831f,-0.1236f,-0.8029f,-0.273f,-0.0046f,0.9888f,-0.1489f,1.0355f,0.8124f,-0.0831f,-0.5772f,-0.1051f,0f,0f,0f,1f],start_interpolation: 0,interpolation_duration: 1}
$data merge entity $(bone_9) {transformation: [-0.5831f,0.2921f,-0.7581f,-0.1635f,-0.0046f,0.9319f,0.3626f,1.385f,0.8124f,0.2149f,-0.542f,-0.0245f,0f,0f,0f,1f],start_interpolation: 0,interpolation_duration: 1}
$data merge entity $(item_display_item_display) {transformation: [0.345f,0.6184f,-0.2232f,-0.0026f,-0.4522f,0.4062f,0.4264f,1.0166f,0.4772f,-0.0622f,0.5654f,0.529f,0f,0f,0f,1f],start_interpolation: 0,interpolation_duration: 1}
$data merge entity $(bone_2) {transformation: [0.2976f,-0.4649f,0.8219f,-0.3757f,-0.5685f,0.5998f,0.5451f,0.9962f,-0.7539f,-0.6358f,-0.0867f,0.3972f,0f,0f,0f,1f],start_interpolation: 0,interpolation_duration: 1}
$data merge entity $(bone_1) {transformation: [0.2976f,0.0054f,0.9442f,-0.3679f,-0.5685f,0.7914f,0.1746f,1.2693f,-0.7539f,-0.5947f,0.241f,0.1942f,0f,0f,0f,1f],start_interpolation: 0,interpolation_duration: 1}
$data merge entity $(bone_4) {transformation: [-0.436f,-0.8752f,0.2097f,0.2915f,-0.4288f,-0.0029f,-0.9034f,1.1835f,0.7912f,-0.4838f,-0.374f,-0.2422f,0f,0f,0f,1f],start_interpolation: 0,interpolation_duration: 1}
$data merge entity $(bone_3) {transformation: [-0.436f,-0.8998f,0.0166f,-0.0459f,-0.4288f,0.1915f,-0.8829f,1.2553f,0.7912f,-0.3921f,-0.4693f,-0.3893f,0f,0f,0f,1f],start_interpolation: 0,interpolation_duration: 1}
$data merge entity $(bone_8) {transformation: [-0.6601f,0.5273f,-0.535f,-0.2844f,0.1748f,0.8005f,0.5733f,0.414f,0.7306f,0.2849f,-0.6205f,0.1213f,0f,0f,0f,1f],start_interpolation: 0,interpolation_duration: 1}
$data merge entity $(bone_7) {transformation: [-0.6601f,0.0624f,-0.7486f,-0.2953f,0.1748f,0.9819f,-0.0723f,0.7179f,0.7306f,-0.1786f,-0.659f,0.0387f,0f,0f,0f,1f],start_interpolation: 0,interpolation_duration: 1}
data modify entity @s data merge value {"cameras":{"camera1":{"px":0.2258593749999998,"py":1.5320703125,"pz":1.4847265625,"ry":156.69,"rx":0}},"locators":{}}