# This file was generated by Animated Java via MC-Build. It is not recommended to edit this file directly.
$data merge entity $(bone_layer) {transformation: [-0.5826f,-0.3691f,-0.7242f,-0.1779f,-0.0046f,0.8925f,-0.4511f,1.3494f,0.8129f,-0.2594f,-0.5216f,-0.0353f,0f,0f,0f,1f],start_interpolation: 0,interpolation_duration: 1}
$data merge entity $(bone_l_1) {transformation: [-0.5826f,-0.3691f,-0.7242f,-0.125f,-0.0046f,0.8925f,-0.4511f,1.5934f,0.8129f,-0.2594f,-0.5216f,0.1385f,0f,0f,0f,1f],start_interpolation: 0,interpolation_duration: 1}
$data merge entity $(bone_eye_l) {transformation: [-0.5826f,-0.3691f,-0.7242f,-0.1847f,-0.0046f,0.8925f,-0.4511f,1.3452f,0.8129f,-0.2594f,-0.5216f,-0.0402f,0f,0f,0f,1f],start_interpolation: 0,interpolation_duration: 1}
$data merge entity $(bone_r_1) {transformation: [-0.5826f,-0.3691f,-0.7242f,0.0024f,-0.0046f,0.8925f,-0.4511f,1.5944f,0.8129f,-0.2594f,-0.5216f,-0.0393f,0f,0f,0f,1f],start_interpolation: 0,interpolation_duration: 1}
$data merge entity $(bone_eye_r) {transformation: [-0.5826f,-0.3691f,-0.7242f,0.0174f,-0.0046f,0.8925f,-0.4511f,1.5666f,0.8129f,-0.2594f,-0.5216f,-0.048f,0f,0f,0f,1f],start_interpolation: 0,interpolation_duration: 1}
$data merge entity $(bone_eyes_down) {transformation: [-0.5826f,-0.3691f,-0.7242f,-0.2125f,-0.0046f,0.8925f,-0.4511f,1.4331f,0.8129f,-0.2594f,-0.5216f,-0.0597f,0f,0f,0f,1f],start_interpolation: 0,interpolation_duration: 1}
$data merge entity $(bone_eyes_up) {transformation: [-0.5826f,-0.3691f,-0.7242f,-0.2606f,-0.0046f,0.8925f,-0.4511f,1.5479f,0.8129f,-0.2594f,-0.5216f,-0.0935f,0f,0f,0f,1f],start_interpolation: 0,interpolation_duration: 1}
$data merge entity $(bone_bone) {transformation: [-0.5826f,-0.3691f,-0.7242f,-0.1779f,-0.0046f,0.8925f,-0.4511f,1.3494f,0.8129f,-0.2594f,-0.5216f,-0.0353f,0f,0f,0f,1f],start_interpolation: 0,interpolation_duration: 1}
$data merge entity $(bone_l) {transformation: [-0.5644f,-0.2972f,-0.7242f,-0.1441f,-0.0469f,0.6684f,-0.4511f,1.6553f,0.8243f,-0.1654f,-0.5216f,0.1444f,0f,0f,0f,1f],start_interpolation: 0,interpolation_duration: 1}
$data merge entity $(bone_r) {transformation: [-0.5994f,-0.2558f,-0.7242f,0.0015f,0.0377f,0.6688f,-0.4511f,1.6565f,0.7997f,-0.2233f,-0.5216f,-0.0588f,0f,0f,0f,1f],start_interpolation: 0,interpolation_duration: 1}
$data merge entity $(bone_sad) {transformation: [-0.9268f,-0.2222f,-0.7242f,-0.142f,-0.0073f,0.5373f,-0.4511f,1.5601f,1.2933f,-0.1562f,-0.5216f,0.194f,0f,0f,0f,1f],start_interpolation: 0,interpolation_duration: 1}
$data merge entity $(bone_head) {transformation: [-0.5826f,-0.3691f,-0.7242f,-0.1779f,-0.0046f,0.8925f,-0.4511f,1.3494f,0.8129f,-0.2594f,-0.5216f,-0.0353f,0f,0f,0f,1f],start_interpolation: 0,interpolation_duration: 1}
$data merge entity $(bone_6) {transformation: [-0.566f,-0.0181f,-0.8242f,0.0069f,-0.1344f,0.9884f,0.0706f,0.4101f,0.8134f,0.1507f,-0.5619f,-0.1089f,0f,0f,0f,1f],start_interpolation: 0,interpolation_duration: 1}
$data merge entity $(bone_12) {transformation: [-0.566f,-0.4896f,-0.6632f,-0.1767f,-0.1344f,0.8485f,-0.5118f,0.7283f,0.8134f,-0.2006f,-0.5461f,-0.1841f,0f,0f,0f,1f],start_interpolation: 0,interpolation_duration: 1}
$data merge entity $(bone_10) {transformation: [-0.5825f,-0.1233f,-0.8034f,-0.2726f,-0.0046f,0.9889f,-0.1485f,1.0354f,0.8128f,-0.0828f,-0.5766f,-0.105f,0f,0f,0f,1f],start_interpolation: 0,interpolation_duration: 1}
$data merge entity $(bone_9) {transformation: [-0.5825f,0.2925f,-0.7584f,-0.1629f,-0.0046f,0.9318f,0.363f,1.3849f,0.8128f,0.2149f,-0.5414f,-0.0244f,0f,0f,0f,1f],start_interpolation: 0,interpolation_duration: 1}
$data merge entity $(item_display_item_display) {transformation: [0.3451f,0.6186f,-0.2226f,-0.0019f,-0.4525f,0.4058f,0.4265f,1.0163f,0.477f,-0.0626f,0.5656f,0.529f,0f,0f,0f,1f],start_interpolation: 0,interpolation_duration: 1}
$data merge entity $(bone_2) {transformation: [0.2968f,-0.4649f,0.8221f,-0.375f,-0.5686f,0.6001f,0.5447f,0.9961f,-0.7541f,-0.6355f,-0.0871f,0.3973f,0f,0f,0f,1f],start_interpolation: 0,interpolation_duration: 1}
$data merge entity $(bone_1) {transformation: [0.2968f,0.0055f,0.9444f,-0.3672f,-0.5686f,0.7915f,0.1741f,1.2692f,-0.7541f,-0.5947f,0.2404f,0.1944f,0f,0f,0f,1f],start_interpolation: 0,interpolation_duration: 1}
$data merge entity $(bone_4) {transformation: [-0.4357f,-0.8785f,0.196f,0.2918f,-0.425f,0.0088f,-0.9052f,1.1819f,0.7934f,-0.4777f,-0.3772f,-0.2433f,0f,0f,0f,1f],start_interpolation: 0,interpolation_duration: 1}
$data merge entity $(bone_3) {transformation: [-0.4357f,-0.9f,0.0103f,-0.0457f,-0.425f,0.1957f,-0.8838f,1.2552f,0.7934f,-0.3895f,-0.4677f,-0.3893f,0f,0f,0f,1f],start_interpolation: 0,interpolation_duration: 1}
$data merge entity $(bone_8) {transformation: [-0.6595f,0.5278f,-0.5353f,-0.2841f,0.1749f,0.8002f,0.5736f,0.4139f,0.7311f,0.2847f,-0.62f,0.1212f,0f,0f,0f,1f],start_interpolation: 0,interpolation_duration: 1}
$data merge entity $(bone_7) {transformation: [-0.6595f,0.0626f,-0.7491f,-0.295f,0.1749f,0.982f,-0.0719f,0.7178f,0.7311f,-0.1784f,-0.6585f,0.0387f,0f,0f,0f,1f],start_interpolation: 0,interpolation_duration: 1}
data modify entity @s data merge value {"cameras":{"camera":{"posx":0.22626611400462943,"posy":1.5322161964699075,"posz":1.4945142578125,"roty":156.6755124074074,"rotx":0}},"locators":{}}