# This file was generated by Animated Java via MC-Build. It is not recommended to edit this file directly.
$data merge entity $(bone_layer) {transformation: [-0.582f,-0.3682f,-0.7251f,-0.1774f,-0.0046f,0.8931f,-0.4499f,1.3493f,0.8133f,-0.2585f,-0.5214f,-0.0352f,0f,0f,0f,1f],start_interpolation: 0,interpolation_duration: 1}
$data merge entity $(bone_l_1) {transformation: [-0.582f,-0.3682f,-0.7251f,-0.1241f,-0.0046f,0.8931f,-0.4499f,1.5931f,0.8133f,-0.2585f,-0.5214f,0.1388f,0f,0f,0f,1f],start_interpolation: 0,interpolation_duration: 1}
$data merge entity $(bone_eye_l) {transformation: [-0.582f,-0.3682f,-0.7251f,-0.1842f,-0.0046f,0.8931f,-0.4499f,1.3451f,0.8133f,-0.2585f,-0.5214f,-0.0401f,0f,0f,0f,1f],start_interpolation: 0,interpolation_duration: 1}
$data merge entity $(bone_r_1) {transformation: [-0.582f,-0.3682f,-0.7251f,0.0033f,-0.0046f,0.8931f,-0.4499f,1.5941f,0.8133f,-0.2585f,-0.5214f,-0.0391f,0f,0f,0f,1f],start_interpolation: 0,interpolation_duration: 1}
$data merge entity $(bone_eye_r) {transformation: [-0.582f,-0.3682f,-0.7251f,0.0182f,-0.0046f,0.8931f,-0.4499f,1.5662f,0.8133f,-0.2585f,-0.5214f,-0.0478f,0f,0f,0f,1f],start_interpolation: 0,interpolation_duration: 1}
$data merge entity $(bone_eyes_down) {transformation: [-0.582f,-0.3682f,-0.7251f,-0.2119f,-0.0046f,0.8931f,-0.4499f,1.433f,0.8133f,-0.2585f,-0.5214f,-0.0595f,0f,0f,0f,1f],start_interpolation: 0,interpolation_duration: 1}
$data merge entity $(bone_eyes_up) {transformation: [-0.582f,-0.3682f,-0.7251f,-0.2597f,-0.0046f,0.8931f,-0.4499f,1.5476f,0.8133f,-0.2585f,-0.5214f,-0.0931f,0f,0f,0f,1f],start_interpolation: 0,interpolation_duration: 1}
$data merge entity $(bone_bone) {transformation: [-0.582f,-0.3682f,-0.7251f,-0.1774f,-0.0046f,0.8931f,-0.4499f,1.3493f,0.8133f,-0.2585f,-0.5214f,-0.0352f,0f,0f,0f,1f],start_interpolation: 0,interpolation_duration: 1}
$data merge entity $(bone_l) {transformation: [-0.564f,-0.2964f,-0.7251f,-0.143f,-0.0466f,0.6689f,-0.4499f,1.6548f,0.8246f,-0.1649f,-0.5214f,0.1448f,0f,0f,0f,1f],start_interpolation: 0,interpolation_duration: 1}
$data merge entity $(bone_r) {transformation: [-0.5987f,-0.2553f,-0.7251f,0.0025f,0.0375f,0.6692f,-0.4499f,1.6559f,0.8002f,-0.2224f,-0.5214f,-0.0585f,0f,0f,0f,1f],start_interpolation: 0,interpolation_duration: 1}
$data merge entity $(bone_sad) {transformation: [-0.9228f,-0.2222f,-0.7251f,-0.1411f,-0.0072f,0.5388f,-0.4499f,1.5597f,1.2895f,-0.156f,-0.5214f,0.1943f,0f,0f,0f,1f],start_interpolation: 0,interpolation_duration: 1}
$data merge entity $(bone_head) {transformation: [-0.582f,-0.3682f,-0.7251f,-0.1774f,-0.0046f,0.8931f,-0.4499f,1.3493f,0.8133f,-0.2585f,-0.5214f,-0.0352f,0f,0f,0f,1f],start_interpolation: 0,interpolation_duration: 1}
$data merge entity $(bone_6) {transformation: [-0.5655f,-0.0176f,-0.8246f,0.0071f,-0.1343f,0.9884f,0.071f,0.4099f,0.8137f,0.1509f,-0.5613f,-0.1091f,0f,0f,0f,1f],start_interpolation: 0,interpolation_duration: 1}
$data merge entity $(bone_12) {transformation: [-0.5655f,-0.4895f,-0.6638f,-0.1765f,-0.1343f,0.8488f,-0.5114f,0.7282f,0.8137f,-0.2001f,-0.5457f,-0.1841f,0f,0f,0f,1f],start_interpolation: 0,interpolation_duration: 1}
$data merge entity $(bone_10) {transformation: [-0.582f,-0.1231f,-0.8039f,-0.2722f,-0.0046f,0.989f,-0.1481f,1.0354f,0.8132f,-0.0825f,-0.5761f,-0.1049f,0f,0f,0f,1f],start_interpolation: 0,interpolation_duration: 1}
$data merge entity $(bone_9) {transformation: [-0.582f,0.293f,-0.7586f,-0.1624f,-0.0046f,0.9317f,0.3633f,1.3847f,0.8132f,0.2149f,-0.5408f,-0.0243f,0f,0f,0f,1f],start_interpolation: 0,interpolation_duration: 1}
$data merge entity $(item_display_item_display) {transformation: [0.345f,0.6188f,-0.2221f,-0.0012f,-0.4527f,0.4055f,0.4266f,1.0159f,0.4768f,-0.0628f,0.5657f,0.529f,0f,0f,0f,1f],start_interpolation: 0,interpolation_duration: 1}
$data merge entity $(bone_2) {transformation: [0.2961f,-0.4649f,0.8224f,-0.3744f,-0.5688f,0.6004f,0.5441f,0.996f,-0.7543f,-0.6352f,-0.0875f,0.3975f,0f,0f,0f,1f],start_interpolation: 0,interpolation_duration: 1}
$data merge entity $(bone_1) {transformation: [0.2961f,0.0057f,0.9447f,-0.3665f,-0.5688f,0.7915f,0.1735f,1.2691f,-0.7543f,-0.5946f,0.24f,0.1946f,0f,0f,0f,1f],start_interpolation: 0,interpolation_duration: 1}
$data merge entity $(bone_4) {transformation: [-0.4355f,-0.8811f,0.1846f,0.2922f,-0.4223f,0.0188f,-0.9063f,1.1803f,0.795f,-0.4726f,-0.3802f,-0.2442f,0f,0f,0f,1f],start_interpolation: 0,interpolation_duration: 1}
$data merge entity $(bone_3) {transformation: [-0.4355f,-0.9002f,0.0048f,-0.0454f,-0.4223f,0.1995f,-0.8842f,1.2552f,0.795f,-0.3871f,-0.467f,-0.3893f,0f,0f,0f,1f],start_interpolation: 0,interpolation_duration: 1}
$data merge entity $(bone_8) {transformation: [-0.6589f,0.5282f,-0.5355f,-0.2837f,0.1749f,0.8f,0.5739f,0.4137f,0.7316f,0.2845f,-0.6196f,0.1212f,0f,0f,0f,1f],start_interpolation: 0,interpolation_duration: 1}
$data merge entity $(bone_7) {transformation: [-0.6589f,0.0628f,-0.7496f,-0.2946f,0.1749f,0.982f,-0.0715f,0.7177f,0.7316f,-0.1782f,-0.658f,0.0387f,0f,0f,0f,1f],start_interpolation: 0,interpolation_duration: 1}
data modify entity @s data merge value {"cameras":{"camera1":{"px":0.22664592592592572,"py":1.5323537037037036,"pz":1.5043527777777776,"ry":156.63398814814812,"rx":0}},"locators":{}}