# This file was generated by Animated Java via MC-Build. It is not recommended to edit this file directly.
$data merge entity $(bone_layer) {transformation: [-0.5815f,-0.3666f,-0.7263f,-0.1768f,-0.0045f,0.8941f,-0.4477f,1.3492f,0.8136f,-0.2571f,-0.5216f,-0.0351f,0f,0f,0f,1f],start_interpolation: 0,interpolation_duration: 1}
$data merge entity $(bone_l_1) {transformation: [-0.5815f,-0.3666f,-0.7263f,-0.1229f,-0.0045f,0.8941f,-0.4477f,1.5926f,0.8136f,-0.2571f,-0.5216f,0.1392f,0f,0f,0f,1f],start_interpolation: 0,interpolation_duration: 1}
$data merge entity $(bone_eye_l) {transformation: [-0.5815f,-0.3666f,-0.7263f,-0.1836f,-0.0045f,0.8941f,-0.4477f,1.345f,0.8136f,-0.2571f,-0.5216f,-0.04f,0f,0f,0f,1f],start_interpolation: 0,interpolation_duration: 1}
$data merge entity $(bone_r_1) {transformation: [-0.5815f,-0.3666f,-0.7263f,0.0043f,-0.0045f,0.8941f,-0.4477f,1.5936f,0.8136f,-0.2571f,-0.5216f,-0.0388f,0f,0f,0f,1f],start_interpolation: 0,interpolation_duration: 1}
$data merge entity $(bone_eye_r) {transformation: [-0.5815f,-0.3666f,-0.7263f,0.0192f,-0.0045f,0.8941f,-0.4477f,1.5658f,0.8136f,-0.2571f,-0.5216f,-0.0475f,0f,0f,0f,1f],start_interpolation: 0,interpolation_duration: 1}
$data merge entity $(bone_eyes_down) {transformation: [-0.5815f,-0.3666f,-0.7263f,-0.2111f,-0.0045f,0.8941f,-0.4477f,1.433f,0.8136f,-0.2571f,-0.5216f,-0.0592f,0f,0f,0f,1f],start_interpolation: 0,interpolation_duration: 1}
$data merge entity $(bone_eyes_up) {transformation: [-0.5815f,-0.3666f,-0.7263f,-0.2586f,-0.0045f,0.8941f,-0.4477f,1.5474f,0.8136f,-0.2571f,-0.5216f,-0.0925f,0f,0f,0f,1f],start_interpolation: 0,interpolation_duration: 1}
$data merge entity $(bone_bone) {transformation: [-0.5815f,-0.3666f,-0.7263f,-0.1768f,-0.0045f,0.8941f,-0.4477f,1.3492f,0.8136f,-0.2571f,-0.5216f,-0.0351f,0f,0f,0f,1f],start_interpolation: 0,interpolation_duration: 1}
$data merge entity $(bone_l) {transformation: [-0.5637f,-0.2951f,-0.7263f,-0.1416f,-0.0463f,0.6697f,-0.4477f,1.6541f,0.8248f,-0.164f,-0.5216f,0.1454f,0f,0f,0f,1f],start_interpolation: 0,interpolation_duration: 1}
$data merge entity $(bone_r) {transformation: [-0.598f,-0.2543f,-0.7263f,0.0038f,0.0373f,0.67f,-0.4477f,1.6553f,0.8007f,-0.2211f,-0.5216f,-0.058f,0f,0f,0f,1f],start_interpolation: 0,interpolation_duration: 1}
$data merge entity $(bone_sad) {transformation: [-0.9181f,-0.2218f,-0.7263f,-0.1401f,-0.0071f,0.5409f,-0.4477f,1.5592f,1.2845f,-0.1555f,-0.5216f,0.1948f,0f,0f,0f,1f],start_interpolation: 0,interpolation_duration: 1}
$data merge entity $(bone_head) {transformation: [-0.5815f,-0.3666f,-0.7263f,-0.1768f,-0.0045f,0.8941f,-0.4477f,1.3492f,0.8136f,-0.2571f,-0.5216f,-0.0351f,0f,0f,0f,1f],start_interpolation: 0,interpolation_duration: 1}
$data merge entity $(bone_6) {transformation: [-0.5651f,-0.0172f,-0.8249f,0.0073f,-0.1343f,0.9884f,0.0714f,0.4098f,0.814f,0.1511f,-0.5608f,-0.1093f,0f,0f,0f,1f],start_interpolation: 0,interpolation_duration: 1}
$data merge entity $(bone_12) {transformation: [-0.5651f,-0.4893f,-0.6643f,-0.1762f,-0.1343f,0.849f,-0.5111f,0.7281f,0.814f,-0.1996f,-0.5454f,-0.1841f,0f,0f,0f,1f],start_interpolation: 0,interpolation_duration: 1}
$data merge entity $(bone_10) {transformation: [-0.5815f,-0.1227f,-0.8043f,-0.2718f,-0.0045f,0.989f,-0.1477f,1.0353f,0.8136f,-0.0822f,-0.5756f,-0.1048f,0f,0f,0f,1f],start_interpolation: 0,interpolation_duration: 1}
$data merge entity $(bone_9) {transformation: [-0.5815f,0.2934f,-0.7588f,-0.1618f,-0.0045f,0.9315f,0.3637f,1.3846f,0.8136f,0.2149f,-0.5403f,-0.0242f,0f,0f,0f,1f],start_interpolation: 0,interpolation_duration: 1}
$data merge entity $(item_display_item_display) {transformation: [0.3449f,0.6191f,-0.2216f,-0.0005f,-0.4529f,0.4051f,0.4267f,1.0156f,0.4766f,-0.0631f,0.5658f,0.5291f,0f,0f,0f,1f],start_interpolation: 0,interpolation_duration: 1}
$data merge entity $(bone_2) {transformation: [0.2954f,-0.4647f,0.8227f,-0.3738f,-0.569f,0.6008f,0.5436f,0.9959f,-0.7544f,-0.635f,-0.0878f,0.3977f,0f,0f,0f,1f],start_interpolation: 0,interpolation_duration: 1}
$data merge entity $(bone_1) {transformation: [0.2954f,0.006f,0.9449f,-0.3659f,-0.569f,0.7915f,0.1729f,1.2691f,-0.7544f,-0.5946f,0.2396f,0.1948f,0f,0f,0f,1f],start_interpolation: 0,interpolation_duration: 1}
$data merge entity $(bone_4) {transformation: [-0.4352f,-0.8829f,0.1761f,0.2925f,-0.4209f,0.0266f,-0.9067f,1.179f,0.7959f,-0.4687f,-0.3832f,-0.2449f,0f,0f,0f,1f],start_interpolation: 0,interpolation_duration: 1}
$data merge entity $(bone_3) {transformation: [-0.4352f,-0.9003f,0.0005f,-0.0451f,-0.4209f,0.203f,-0.8841f,1.2551f,0.7959f,-0.385f,-0.4673f,-0.3893f,0f,0f,0f,1f],start_interpolation: 0,interpolation_duration: 1}
$data merge entity $(bone_8) {transformation: [-0.6584f,0.5287f,-0.5357f,-0.2834f,0.175f,0.7998f,0.5742f,0.4136f,0.732f,0.2843f,-0.6191f,0.1212f,0f,0f,0f,1f],start_interpolation: 0,interpolation_duration: 1}
$data merge entity $(bone_7) {transformation: [-0.6584f,0.063f,-0.75f,-0.2942f,0.175f,0.982f,-0.0711f,0.7176f,0.732f,-0.1781f,-0.6576f,0.0388f,0f,0f,0f,1f],start_interpolation: 0,interpolation_duration: 1}
data modify entity @s data merge value {"cameras":{"camera1":{"px":0.2269960156249998,"py":1.5324818359375,"pz":1.5142326171875,"ry":156.568335,"rx":0}},"locators":{}}