# This file was generated by Animated Java via MC-Build. It is not recommended to edit this file directly.
$data merge entity $(bone_layer) {transformation: [-0.5811f,-0.3642f,-0.7279f,-0.1762f,-0.0045f,0.8957f,-0.4446f,1.3491f,0.814f,-0.255f,-0.5221f,-0.035f,0f,0f,0f,1f],start_interpolation: 0,interpolation_duration: 1}
$data merge entity $(bone_l_1) {transformation: [-0.5811f,-0.3642f,-0.7279f,-0.1215f,-0.0045f,0.8957f,-0.4446f,1.592f,0.814f,-0.255f,-0.5221f,0.1398f,0f,0f,0f,1f],start_interpolation: 0,interpolation_duration: 1}
$data merge entity $(bone_eye_l) {transformation: [-0.5811f,-0.3642f,-0.7279f,-0.183f,-0.0045f,0.8957f,-0.4446f,1.3449f,0.814f,-0.255f,-0.5221f,-0.0399f,0f,0f,0f,1f],start_interpolation: 0,interpolation_duration: 1}
$data merge entity $(bone_r_1) {transformation: [-0.5811f,-0.3642f,-0.7279f,0.0056f,-0.0045f,0.8957f,-0.4446f,1.593f,0.814f,-0.255f,-0.5221f,-0.0382f,0f,0f,0f,1f],start_interpolation: 0,interpolation_duration: 1}
$data merge entity $(bone_eye_r) {transformation: [-0.5811f,-0.3642f,-0.7279f,0.0204f,-0.0045f,0.8957f,-0.4446f,1.5651f,0.814f,-0.255f,-0.5221f,-0.047f,0f,0f,0f,1f],start_interpolation: 0,interpolation_duration: 1}
$data merge entity $(bone_eyes_down) {transformation: [-0.5811f,-0.3642f,-0.7279f,-0.2103f,-0.0045f,0.8957f,-0.4446f,1.433f,0.814f,-0.255f,-0.5221f,-0.0589f,0f,0f,0f,1f],start_interpolation: 0,interpolation_duration: 1}
$data merge entity $(bone_eyes_up) {transformation: [-0.5811f,-0.3642f,-0.7279f,-0.2573f,-0.0045f,0.8957f,-0.4446f,1.5472f,0.814f,-0.255f,-0.5221f,-0.0918f,0f,0f,0f,1f],start_interpolation: 0,interpolation_duration: 1}
$data merge entity $(bone_bone) {transformation: [-0.5811f,-0.3642f,-0.7279f,-0.1762f,-0.0045f,0.8957f,-0.4446f,1.3491f,0.814f,-0.255f,-0.5221f,-0.035f,0f,0f,0f,1f],start_interpolation: 0,interpolation_duration: 1}
$data merge entity $(bone_l) {transformation: [-0.5636f,-0.2931f,-0.7279f,-0.1399f,-0.0461f,0.6709f,-0.4446f,1.6533f,0.8249f,-0.1628f,-0.5221f,0.1462f,0f,0f,0f,1f],start_interpolation: 0,interpolation_duration: 1}
$data merge entity $(bone_r) {transformation: [-0.5974f,-0.2526f,-0.7279f,0.0054f,0.0371f,0.6712f,-0.4446f,1.6544f,0.8012f,-0.2194f,-0.5221f,-0.0573f,0f,0f,0f,1f],start_interpolation: 0,interpolation_duration: 1}
$data merge entity $(bone_sad) {transformation: [-0.9125f,-0.221f,-0.7279f,-0.1388f,-0.0071f,0.5436f,-0.4446f,1.5585f,1.2781f,-0.1548f,-0.5221f,0.1955f,0f,0f,0f,1f],start_interpolation: 0,interpolation_duration: 1}
$data merge entity $(bone_head) {transformation: [-0.5811f,-0.3642f,-0.7279f,-0.1762f,-0.0045f,0.8957f,-0.4446f,1.3491f,0.814f,-0.255f,-0.5221f,-0.035f,0f,0f,0f,1f],start_interpolation: 0,interpolation_duration: 1}
$data merge entity $(bone_6) {transformation: [-0.5647f,-0.0167f,-0.8251f,0.0075f,-0.1343f,0.9883f,0.0719f,0.4096f,0.8143f,0.1514f,-0.5603f,-0.1094f,0f,0f,0f,1f],start_interpolation: 0,interpolation_duration: 1}
$data merge entity $(bone_12) {transformation: [-0.5647f,-0.4891f,-0.6648f,-0.1759f,-0.1343f,0.8492f,-0.5107f,0.7281f,0.8143f,-0.1991f,-0.5452f,-0.1841f,0f,0f,0f,1f],start_interpolation: 0,interpolation_duration: 1}
$data merge entity $(bone_10) {transformation: [-0.581f,-0.1224f,-0.8046f,-0.2713f,-0.0045f,0.9891f,-0.1473f,1.0352f,0.8139f,-0.0819f,-0.5752f,-0.1046f,0f,0f,0f,1f],start_interpolation: 0,interpolation_duration: 1}
$data merge entity $(bone_9) {transformation: [-0.581f,0.2939f,-0.759f,-0.1611f,-0.0045f,0.9314f,0.3641f,1.3845f,0.8139f,0.2149f,-0.5398f,-0.024f,0f,0f,0f,1f],start_interpolation: 0,interpolation_duration: 1}
$data merge entity $(item_display_item_display) {transformation: [0.3448f,0.6193f,-0.2211f,0.0001f,-0.4532f,0.4046f,0.4269f,1.0152f,0.4765f,-0.0633f,0.5659f,0.5292f,0f,0f,0f,1f],start_interpolation: 0,interpolation_duration: 1}
$data merge entity $(bone_2) {transformation: [0.2948f,-0.4644f,0.8231f,-0.3733f,-0.5692f,0.6011f,0.543f,0.9958f,-0.7545f,-0.6349f,-0.088f,0.398f,0f,0f,0f,1f],start_interpolation: 0,interpolation_duration: 1}
$data merge entity $(bone_1) {transformation: [0.2948f,0.0064f,0.9451f,-0.3652f,-0.5692f,0.7915f,0.1722f,1.269f,-0.7545f,-0.5946f,0.2393f,0.1951f,0f,0f,0f,1f],start_interpolation: 0,interpolation_duration: 1}
$data merge entity $(bone_4) {transformation: [-0.4349f,-0.884f,0.1712f,0.293f,-0.4212f,0.0317f,-0.9064f,1.1778f,0.7959f,-0.4663f,-0.3862f,-0.2456f,0f,0f,0f,1f],start_interpolation: 0,interpolation_duration: 1}
$data merge entity $(bone_3) {transformation: [-0.4349f,-0.9005f,-0.0024f,-0.0447f,-0.4212f,0.2058f,-0.8833f,1.255f,0.7959f,-0.3831f,-0.4688f,-0.3892f,0f,0f,0f,1f],start_interpolation: 0,interpolation_duration: 1}
$data merge entity $(bone_8) {transformation: [-0.658f,0.5291f,-0.5358f,-0.283f,0.175f,0.7995f,0.5745f,0.4135f,0.7324f,0.2842f,-0.6187f,0.1212f,0f,0f,0f,1f],start_interpolation: 0,interpolation_duration: 1}
$data merge entity $(bone_7) {transformation: [-0.658f,0.0633f,-0.7504f,-0.2938f,0.175f,0.982f,-0.0707f,0.7175f,0.7324f,-0.1779f,-0.6572f,0.0389f,0f,0f,0f,1f],start_interpolation: 0,interpolation_duration: 1}
data modify entity @s data merge value {"cameras":{"camera":{"posx":0.22731358796296278,"posy":1.5325995949074074,"posz":1.5241442708333335,"roty":156.48146074074074,"rotx":0}},"locators":{}}