# This file was generated by Animated Java via MC-Build. It is not recommended to edit this file directly.
$data merge entity $(bone_layer) {transformation: [-0.5807f,-0.3607f,-0.7299f,-0.1755f,-0.0045f,0.8979f,-0.4402f,1.349f,0.8142f,-0.2524f,-0.523f,-0.0348f,0f,0f,0f,1f],start_interpolation: 0,interpolation_duration: 1}
$data merge entity $(bone_l_1) {transformation: [-0.5807f,-0.3607f,-0.7299f,-0.1198f,-0.0045f,0.8979f,-0.4402f,1.5912f,0.8142f,-0.2524f,-0.523f,0.1407f,0f,0f,0f,1f],start_interpolation: 0,interpolation_duration: 1}
$data merge entity $(bone_eye_l) {transformation: [-0.5807f,-0.3607f,-0.7299f,-0.1824f,-0.0045f,0.8979f,-0.4402f,1.3448f,0.8142f,-0.2524f,-0.523f,-0.0397f,0f,0f,0f,1f],start_interpolation: 0,interpolation_duration: 1}
$data merge entity $(bone_r_1) {transformation: [-0.5807f,-0.3607f,-0.7299f,0.0072f,-0.0045f,0.8979f,-0.4402f,1.5922f,0.8142f,-0.2524f,-0.523f,-0.0374f,0f,0f,0f,1f],start_interpolation: 0,interpolation_duration: 1}
$data merge entity $(bone_eye_r) {transformation: [-0.5807f,-0.3607f,-0.7299f,0.0219f,-0.0045f,0.8979f,-0.4402f,1.5642f,0.8142f,-0.2524f,-0.523f,-0.0463f,0f,0f,0f,1f],start_interpolation: 0,interpolation_duration: 1}
$data merge entity $(bone_eyes_down) {transformation: [-0.5807f,-0.3607f,-0.7299f,-0.2094f,-0.0045f,0.8979f,-0.4402f,1.4331f,0.8142f,-0.2524f,-0.523f,-0.0584f,0f,0f,0f,1f],start_interpolation: 0,interpolation_duration: 1}
$data merge entity $(bone_eyes_up) {transformation: [-0.5807f,-0.3607f,-0.7299f,-0.2558f,-0.0045f,0.8979f,-0.4402f,1.5472f,0.8142f,-0.2524f,-0.523f,-0.0909f,0f,0f,0f,1f],start_interpolation: 0,interpolation_duration: 1}
$data merge entity $(bone_bone) {transformation: [-0.5807f,-0.3607f,-0.7299f,-0.1755f,-0.0045f,0.8979f,-0.4402f,1.349f,0.8142f,-0.2524f,-0.523f,-0.0348f,0f,0f,0f,1f],start_interpolation: 0,interpolation_duration: 1}
$data merge entity $(bone_l) {transformation: [-0.5635f,-0.2903f,-0.7299f,-0.1378f,-0.0458f,0.6725f,-0.4402f,1.6522f,0.825f,-0.161f,-0.523f,0.1473f,0f,0f,0f,1f],start_interpolation: 0,interpolation_duration: 1}
$data merge entity $(bone_r) {transformation: [-0.5967f,-0.2502f,-0.7299f,0.0073f,0.0368f,0.6728f,-0.4402f,1.6533f,0.8017f,-0.2172f,-0.523f,-0.0562f,0f,0f,0f,1f],start_interpolation: 0,interpolation_duration: 1}
$data merge entity $(bone_sad) {transformation: [-0.906f,-0.2198f,-0.7299f,-0.1373f,-0.007f,0.5471f,-0.4402f,1.5575f,1.2703f,-0.1538f,-0.523f,0.1964f,0f,0f,0f,1f],start_interpolation: 0,interpolation_duration: 1}
$data merge entity $(bone_head) {transformation: [-0.5807f,-0.3607f,-0.7299f,-0.1755f,-0.0045f,0.8979f,-0.4402f,1.349f,0.8142f,-0.2524f,-0.523f,-0.0348f,0f,0f,0f,1f],start_interpolation: 0,interpolation_duration: 1}
$data merge entity $(bone_6) {transformation: [-0.5643f,-0.0163f,-0.8254f,0.0077f,-0.1343f,0.9883f,0.0723f,0.4094f,0.8145f,0.1516f,-0.5599f,-0.1095f,0f,0f,0f,1f],start_interpolation: 0,interpolation_duration: 1}
$data merge entity $(bone_12) {transformation: [-0.5643f,-0.4889f,-0.6652f,-0.1756f,-0.1343f,0.8494f,-0.5103f,0.728f,0.8145f,-0.1987f,-0.545f,-0.1841f,0f,0f,0f,1f],start_interpolation: 0,interpolation_duration: 1}
$data merge entity $(bone_10) {transformation: [-0.5807f,-0.1221f,-0.8049f,-0.2708f,-0.0045f,0.9892f,-0.1468f,1.0352f,0.8141f,-0.0817f,-0.5749f,-0.1045f,0f,0f,0f,1f],start_interpolation: 0,interpolation_duration: 1}
$data merge entity $(bone_9) {transformation: [-0.5807f,0.2943f,-0.7591f,-0.1605f,-0.0045f,0.9312f,0.3644f,1.3844f,0.8141f,0.215f,-0.5394f,-0.0238f,0f,0f,0f,1f],start_interpolation: 0,interpolation_duration: 1}
$data merge entity $(item_display_item_display) {transformation: [0.3445f,0.6196f,-0.2206f,0.0006f,-0.4534f,0.4042f,0.4271f,1.0148f,0.4765f,-0.0634f,0.5659f,0.5294f,0f,0f,0f,1f],start_interpolation: 0,interpolation_duration: 1}
$data merge entity $(bone_2) {transformation: [0.2942f,-0.464f,0.8235f,-0.3727f,-0.5694f,0.6015f,0.5423f,0.9957f,-0.7545f,-0.6348f,-0.0882f,0.3983f,0f,0f,0f,1f],start_interpolation: 0,interpolation_duration: 1}
$data merge entity $(bone_1) {transformation: [0.2942f,0.0069f,0.9453f,-0.3645f,-0.5694f,0.7915f,0.1715f,1.2689f,-0.7545f,-0.5946f,0.2392f,0.1954f,0f,0f,0f,1f],start_interpolation: 0,interpolation_duration: 1}
$data merge entity $(bone_4) {transformation: [-0.4346f,-0.8843f,0.1705f,0.2935f,-0.4235f,0.0336f,-0.9053f,1.1769f,0.7948f,-0.4656f,-0.3891f,-0.246f,0f,0f,0f,1f],start_interpolation: 0,interpolation_duration: 1}
$data merge entity $(bone_3) {transformation: [-0.4346f,-0.9006f,-0.0037f,-0.0443f,-0.4235f,0.208f,-0.8817f,1.2549f,0.7948f,-0.3816f,-0.4718f,-0.3891f,0f,0f,0f,1f],start_interpolation: 0,interpolation_duration: 1}
$data merge entity $(bone_8) {transformation: [-0.6576f,0.5295f,-0.5359f,-0.2827f,0.1751f,0.7993f,0.5749f,0.4134f,0.7328f,0.2842f,-0.6183f,0.1212f,0f,0f,0f,1f],start_interpolation: 0,interpolation_duration: 1}
$data merge entity $(bone_7) {transformation: [-0.6576f,0.0635f,-0.7507f,-0.2933f,0.1751f,0.982f,-0.0703f,0.7174f,0.7328f,-0.1777f,-0.6569f,0.039f,0f,0f,0f,1f],start_interpolation: 0,interpolation_duration: 1}
data modify entity @s data merge value {"cameras":{"camera1":{"px":0.22759584780092573,"py":1.532705982349537,"pz":1.5340782335069445,"ry":156.37627314814813,"rx":0}},"locators":{}}