# This file was generated by Animated Java via MC-Build. It is not recommended to edit this file directly.
$data merge entity $(bone_layer) {transformation: [-0.5804f,-0.3562f,-0.7323f,-0.1749f,-0.0044f,0.9006f,-0.4346f,1.3488f,0.8144f,-0.2489f,-0.5243f,-0.0345f,0f,0f,0f,1f],start_interpolation: 0,interpolation_duration: 1}
$data merge entity $(bone_l_1) {transformation: [-0.5804f,-0.3562f,-0.7323f,-0.1179f,-0.0044f,0.9006f,-0.4346f,1.5901f,0.8144f,-0.2489f,-0.5243f,0.1418f,0f,0f,0f,1f],start_interpolation: 0,interpolation_duration: 1}
$data merge entity $(bone_eye_l) {transformation: [-0.5804f,-0.3562f,-0.7323f,-0.1818f,-0.0044f,0.9006f,-0.4346f,1.3448f,0.8144f,-0.2489f,-0.5243f,-0.0395f,0f,0f,0f,1f],start_interpolation: 0,interpolation_duration: 1}
$data merge entity $(bone_r_1) {transformation: [-0.5804f,-0.3562f,-0.7323f,0.0091f,-0.0044f,0.9006f,-0.4346f,1.5911f,0.8144f,-0.2489f,-0.5243f,-0.0364f,0f,0f,0f,1f],start_interpolation: 0,interpolation_duration: 1}
$data merge entity $(bone_eye_r) {transformation: [-0.5804f,-0.3562f,-0.7323f,0.0236f,-0.0044f,0.9006f,-0.4346f,1.5631f,0.8144f,-0.2489f,-0.5243f,-0.0454f,0f,0f,0f,1f],start_interpolation: 0,interpolation_duration: 1}
$data merge entity $(bone_eyes_down) {transformation: [-0.5804f,-0.3562f,-0.7323f,-0.2083f,-0.0044f,0.9006f,-0.4346f,1.4333f,0.8144f,-0.2489f,-0.5243f,-0.0579f,0f,0f,0f,1f],start_interpolation: 0,interpolation_duration: 1}
$data merge entity $(bone_eyes_up) {transformation: [-0.5804f,-0.3562f,-0.7323f,-0.254f,-0.0044f,0.9006f,-0.4346f,1.5473f,0.8144f,-0.2489f,-0.5243f,-0.0898f,0f,0f,0f,1f],start_interpolation: 0,interpolation_duration: 1}
$data merge entity $(bone_bone) {transformation: [-0.5804f,-0.3562f,-0.7323f,-0.1749f,-0.0044f,0.9006f,-0.4346f,1.3488f,0.8144f,-0.2489f,-0.5243f,-0.0345f,0f,0f,0f,1f],start_interpolation: 0,interpolation_duration: 1}
$data merge entity $(bone_l) {transformation: [-0.5636f,-0.2867f,-0.7323f,-0.1355f,-0.0455f,0.6746f,-0.4346f,1.6509f,0.8249f,-0.1587f,-0.5243f,0.1487f,0f,0f,0f,1f],start_interpolation: 0,interpolation_duration: 1}
$data merge entity $(bone_r) {transformation: [-0.596f,-0.2471f,-0.7323f,0.0096f,0.0366f,0.6749f,-0.4346f,1.652f,0.8023f,-0.2144f,-0.5243f,-0.0549f,0f,0f,0f,1f],start_interpolation: 0,interpolation_duration: 1}
$data merge entity $(bone_sad) {transformation: [-0.8985f,-0.218f,-0.7323f,-0.1355f,-0.0069f,0.5513f,-0.4346f,1.5564f,1.2608f,-0.1524f,-0.5243f,0.1974f,0f,0f,0f,1f],start_interpolation: 0,interpolation_duration: 1}
$data merge entity $(bone_head) {transformation: [-0.5804f,-0.3562f,-0.7323f,-0.1749f,-0.0044f,0.9006f,-0.4346f,1.3488f,0.8144f,-0.2489f,-0.5243f,-0.0345f,0f,0f,0f,1f],start_interpolation: 0,interpolation_duration: 1}
$data merge entity $(bone_6) {transformation: [-0.5641f,-0.0158f,-0.8256f,0.008f,-0.1342f,0.9883f,0.0728f,0.4093f,0.8147f,0.1519f,-0.5596f,-0.1096f,0f,0f,0f,1f],start_interpolation: 0,interpolation_duration: 1}
$data merge entity $(bone_12) {transformation: [-0.5641f,-0.4886f,-0.6656f,-0.1752f,-0.1342f,0.8497f,-0.51f,0.7279f,0.8147f,-0.1983f,-0.5449f,-0.184f,0f,0f,0f,1f],start_interpolation: 0,interpolation_duration: 1}
$data merge entity $(bone_10) {transformation: [-0.5803f,-0.1218f,-0.8052f,-0.2703f,-0.0044f,0.9892f,-0.1464f,1.0351f,0.8144f,-0.0814f,-0.5746f,-0.1043f,0f,0f,0f,1f],start_interpolation: 0,interpolation_duration: 1}
$data merge entity $(bone_9) {transformation: [-0.5803f,0.2947f,-0.7592f,-0.1598f,-0.0044f,0.9311f,0.3648f,1.3843f,0.8144f,0.2151f,-0.539f,-0.0236f,0f,0f,0f,1f],start_interpolation: 0,interpolation_duration: 1}
$data merge entity $(item_display_item_display) {transformation: [0.3442f,0.6199f,-0.2203f,0.0011f,-0.4536f,0.4037f,0.4273f,1.0144f,0.4765f,-0.0635f,0.5659f,0.5297f,0f,0f,0f,1f],start_interpolation: 0,interpolation_duration: 1}
$data merge entity $(bone_2) {transformation: [0.2937f,-0.4635f,0.824f,-0.3722f,-0.5697f,0.6018f,0.5416f,0.9956f,-0.7545f,-0.6348f,-0.0882f,0.3986f,0f,0f,0f,1f],start_interpolation: 0,interpolation_duration: 1}
$data merge entity $(bone_1) {transformation: [0.2937f,0.0075f,0.9454f,-0.3638f,-0.5697f,0.7915f,0.1707f,1.2688f,-0.7545f,-0.5947f,0.2391f,0.1956f,0f,0f,0f,1f],start_interpolation: 0,interpolation_duration: 1}
$data merge entity $(bone_4) {transformation: [-0.4343f,-0.8837f,0.1745f,0.294f,-0.4279f,0.0319f,-0.9033f,1.1763f,0.7927f,-0.467f,-0.392f,-0.2463f,0f,0f,0f,1f],start_interpolation: 0,interpolation_duration: 1}
$data merge entity $(bone_3) {transformation: [-0.4343f,-0.9008f,-0.0032f,-0.0438f,-0.4279f,0.2094f,-0.8792f,1.2548f,0.7927f,-0.3805f,-0.4764f,-0.389f,0f,0f,0f,1f],start_interpolation: 0,interpolation_duration: 1}
$data merge entity $(bone_8) {transformation: [-0.6572f,0.5299f,-0.536f,-0.2823f,0.1752f,0.799f,0.5752f,0.4133f,0.7331f,0.2841f,-0.618f,0.1212f,0f,0f,0f,1f],start_interpolation: 0,interpolation_duration: 1}
$data merge entity $(bone_7) {transformation: [-0.6572f,0.0638f,-0.751f,-0.2929f,0.1752f,0.9821f,-0.0698f,0.7174f,0.7331f,-0.1774f,-0.6566f,0.0391f,0f,0f,0f,1f],start_interpolation: 0,interpolation_duration: 1}
data modify entity @s data merge value {"cameras":{"camera1":{"px":0.2278399999999998,"py":1.5328,"pz":1.544025,"ry":156.25567999999998,"rx":0}},"locators":{}}