# This file was generated by Animated Java via MC-Build. It is not recommended to edit this file directly.
$data merge entity $(bone_layer) {transformation: [-0.5801f,-0.3505f,-0.7353f,-0.1742f,-0.0044f,0.904f,-0.4275f,1.3487f,0.8146f,-0.2447f,-0.526f,-0.0343f,0f,0f,0f,1f],start_interpolation: 0,interpolation_duration: 1}
$data merge entity $(bone_l_1) {transformation: [-0.5801f,-0.3505f,-0.7353f,-0.1156f,-0.0044f,0.904f,-0.4275f,1.5889f,0.8146f,-0.2447f,-0.526f,0.1431f,0f,0f,0f,1f],start_interpolation: 0,interpolation_duration: 1}
$data merge entity $(bone_eye_l) {transformation: [-0.5801f,-0.3505f,-0.7353f,-0.1811f,-0.0044f,0.904f,-0.4275f,1.3447f,0.8146f,-0.2447f,-0.526f,-0.0392f,0f,0f,0f,1f],start_interpolation: 0,interpolation_duration: 1}
$data merge entity $(bone_r_1) {transformation: [-0.5801f,-0.3505f,-0.7353f,0.0113f,-0.0044f,0.904f,-0.4275f,1.5898f,0.8146f,-0.2447f,-0.526f,-0.0351f,0f,0f,0f,1f],start_interpolation: 0,interpolation_duration: 1}
$data merge entity $(bone_eye_r) {transformation: [-0.5801f,-0.3505f,-0.7353f,0.0256f,-0.0044f,0.904f,-0.4275f,1.5618f,0.8146f,-0.2447f,-0.526f,-0.0442f,0f,0f,0f,1f],start_interpolation: 0,interpolation_duration: 1}
$data merge entity $(bone_eyes_down) {transformation: [-0.5801f,-0.3505f,-0.7353f,-0.2071f,-0.0044f,0.904f,-0.4275f,1.4335f,0.8146f,-0.2447f,-0.526f,-0.0572f,0f,0f,0f,1f],start_interpolation: 0,interpolation_duration: 1}
$data merge entity $(bone_eyes_up) {transformation: [-0.5801f,-0.3505f,-0.7353f,-0.2519f,-0.0044f,0.904f,-0.4275f,1.5475f,0.8146f,-0.2447f,-0.526f,-0.0885f,0f,0f,0f,1f],start_interpolation: 0,interpolation_duration: 1}
$data merge entity $(bone_bone) {transformation: [-0.5801f,-0.3505f,-0.7353f,-0.1742f,-0.0044f,0.904f,-0.4275f,1.3487f,0.8146f,-0.2447f,-0.526f,-0.0343f,0f,0f,0f,1f],start_interpolation: 0,interpolation_duration: 1}
$data merge entity $(bone_l) {transformation: [-0.5637f,-0.2823f,-0.7353f,-0.1327f,-0.0452f,0.6772f,-0.4275f,1.6494f,0.8248f,-0.1558f,-0.526f,0.1504f,0f,0f,0f,1f],start_interpolation: 0,interpolation_duration: 1}
$data merge entity $(bone_r) {transformation: [-0.5954f,-0.243f,-0.7353f,0.0124f,0.0364f,0.6775f,-0.4275f,1.6505f,0.8027f,-0.2109f,-0.526f,-0.0532f,0f,0f,0f,1f],start_interpolation: 0,interpolation_duration: 1}
$data merge entity $(bone_sad) {transformation: [-0.8899f,-0.2157f,-0.7353f,-0.1335f,-0.0068f,0.5563f,-0.4275f,1.5549f,1.2495f,-0.1506f,-0.526f,0.1987f,0f,0f,0f,1f],start_interpolation: 0,interpolation_duration: 1}
$data merge entity $(bone_head) {transformation: [-0.5801f,-0.3505f,-0.7353f,-0.1742f,-0.0044f,0.904f,-0.4275f,1.3487f,0.8146f,-0.2447f,-0.526f,-0.0343f,0f,0f,0f,1f],start_interpolation: 0,interpolation_duration: 1}
$data merge entity $(bone_6) {transformation: [-0.5639f,-0.0154f,-0.8257f,0.0083f,-0.1342f,0.9882f,0.0732f,0.4091f,0.8149f,0.1521f,-0.5593f,-0.1096f,0f,0f,0f,1f],start_interpolation: 0,interpolation_duration: 1}
$data merge entity $(bone_12) {transformation: [-0.5639f,-0.4884f,-0.666f,-0.1748f,-0.1342f,0.8499f,-0.5096f,0.7278f,0.8149f,-0.198f,-0.5448f,-0.1839f,0f,0f,0f,1f],start_interpolation: 0,interpolation_duration: 1}
$data merge entity $(bone_10) {transformation: [-0.5801f,-0.1214f,-0.8054f,-0.2698f,-0.0044f,0.9893f,-0.146f,1.035f,0.8145f,-0.0811f,-0.5744f,-0.104f,0f,0f,0f,1f],start_interpolation: 0,interpolation_duration: 1}
$data merge entity $(bone_9) {transformation: [-0.5801f,0.2951f,-0.7592f,-0.1591f,-0.0044f,0.9309f,0.3652f,1.3841f,0.8145f,0.2152f,-0.5387f,-0.0233f,0f,0f,0f,1f],start_interpolation: 0,interpolation_duration: 1}
$data merge entity $(item_display_item_display) {transformation: [0.3438f,0.6203f,-0.2199f,0.0016f,-0.4539f,0.4031f,0.4275f,1.014f,0.4766f,-0.0635f,0.5658f,0.5301f,0f,0f,0f,1f],start_interpolation: 0,interpolation_duration: 1}
$data merge entity $(bone_2) {transformation: [0.2932f,-0.4629f,0.8245f,-0.3718f,-0.57f,0.6022f,0.5408f,0.9956f,-0.7544f,-0.6349f,-0.0882f,0.3989f,0f,0f,0f,1f],start_interpolation: 0,interpolation_duration: 1}
$data merge entity $(bone_1) {transformation: [0.2932f,0.0083f,0.9455f,-0.363f,-0.57f,0.7914f,0.1698f,1.2687f,-0.7544f,-0.5947f,0.2392f,0.1959f,0f,0f,0f,1f],start_interpolation: 0,interpolation_duration: 1}
$data merge entity $(bone_4) {transformation: [-0.4339f,-0.882f,0.1839f,0.2946f,-0.4347f,0.0261f,-0.9002f,1.176f,0.7892f,-0.4706f,-0.3947f,-0.2463f,0f,0f,0f,1f],start_interpolation: 0,interpolation_duration: 1}
$data merge entity $(bone_3) {transformation: [-0.4339f,-0.9009f,-0.0006f,-0.0433f,-0.4347f,0.2099f,-0.8758f,1.2548f,0.7892f,-0.3798f,-0.4827f,-0.3888f,0f,0f,0f,1f],start_interpolation: 0,interpolation_duration: 1}
$data merge entity $(bone_8) {transformation: [-0.6569f,0.5303f,-0.536f,-0.282f,0.1752f,0.7988f,0.5755f,0.4132f,0.7333f,0.2842f,-0.6176f,0.1213f,0f,0f,0f,1f],start_interpolation: 0,interpolation_duration: 1}
$data merge entity $(bone_7) {transformation: [-0.6569f,0.0641f,-0.7512f,-0.2924f,0.1752f,0.9821f,-0.0694f,0.7173f,0.7333f,-0.1772f,-0.6564f,0.0393f,0f,0f,0f,1f],start_interpolation: 0,interpolation_duration: 1}
data modify entity @s data merge value {"cameras":{"camera1":{"px":0.2280432494212961,"py":1.5328806495949074,"pz":1.5539750651041668,"ry":156.12258907407406,"rx":0}},"locators":{}}