# This file was generated by Animated Java via MC-Build. It is not recommended to edit this file directly.
$data merge entity $(bone_layer) {transformation: [-0.58f,-0.3435f,-0.7387f,-0.1736f,-0.0044f,0.9081f,-0.4187f,1.3486f,0.8147f,-0.2396f,-0.5281f,-0.034f,0f,0f,0f,1f],start_interpolation: 0,interpolation_duration: 1}
$data merge entity $(bone_l_1) {transformation: [-0.58f,-0.3435f,-0.7387f,-0.113f,-0.0044f,0.9081f,-0.4187f,1.5873f,0.8147f,-0.2396f,-0.5281f,0.1447f,0f,0f,0f,1f],start_interpolation: 0,interpolation_duration: 1}
$data merge entity $(bone_eye_l) {transformation: [-0.58f,-0.3435f,-0.7387f,-0.1805f,-0.0044f,0.9081f,-0.4187f,1.3447f,0.8147f,-0.2396f,-0.5281f,-0.0389f,0f,0f,0f,1f],start_interpolation: 0,interpolation_duration: 1}
$data merge entity $(bone_r_1) {transformation: [-0.58f,-0.3435f,-0.7387f,0.0139f,-0.0044f,0.9081f,-0.4187f,1.5882f,0.8147f,-0.2396f,-0.5281f,-0.0335f,0f,0f,0f,1f],start_interpolation: 0,interpolation_duration: 1}
$data merge entity $(bone_eye_r) {transformation: [-0.58f,-0.3435f,-0.7387f,0.028f,-0.0044f,0.9081f,-0.4187f,1.5602f,0.8147f,-0.2396f,-0.5281f,-0.0428f,0f,0f,0f,1f],start_interpolation: 0,interpolation_duration: 1}
$data merge entity $(bone_eyes_down) {transformation: [-0.58f,-0.3435f,-0.7387f,-0.2058f,-0.0044f,0.9081f,-0.4187f,1.4337f,0.8147f,-0.2396f,-0.5281f,-0.0564f,0f,0f,0f,1f],start_interpolation: 0,interpolation_duration: 1}
$data merge entity $(bone_eyes_up) {transformation: [-0.58f,-0.3435f,-0.7387f,-0.2495f,-0.0044f,0.9081f,-0.4187f,1.5479f,0.8147f,-0.2396f,-0.5281f,-0.0869f,0f,0f,0f,1f],start_interpolation: 0,interpolation_duration: 1}
$data merge entity $(bone_bone) {transformation: [-0.58f,-0.3435f,-0.7387f,-0.1736f,-0.0044f,0.9081f,-0.4187f,1.3486f,0.8147f,-0.2396f,-0.5281f,-0.034f,0f,0f,0f,1f],start_interpolation: 0,interpolation_duration: 1}
$data merge entity $(bone_l) {transformation: [-0.5641f,-0.2768f,-0.7387f,-0.1295f,-0.045f,0.6802f,-0.4187f,1.6476f,0.8246f,-0.1522f,-0.5281f,0.1525f,0f,0f,0f,1f],start_interpolation: 0,interpolation_duration: 1}
$data merge entity $(bone_r) {transformation: [-0.5947f,-0.2379f,-0.7387f,0.0155f,0.0361f,0.6805f,-0.4187f,1.6487f,0.8032f,-0.2068f,-0.5281f,-0.0512f,0f,0f,0f,1f],start_interpolation: 0,interpolation_duration: 1}
$data merge entity $(bone_sad) {transformation: [-0.8802f,-0.2127f,-0.7387f,-0.1312f,-0.0067f,0.5623f,-0.4187f,1.5531f,1.2364f,-0.1483f,-0.5281f,0.2003f,0f,0f,0f,1f],start_interpolation: 0,interpolation_duration: 1}
$data merge entity $(bone_head) {transformation: [-0.58f,-0.3435f,-0.7387f,-0.1736f,-0.0044f,0.9081f,-0.4187f,1.3486f,0.8147f,-0.2396f,-0.5281f,-0.034f,0f,0f,0f,1f],start_interpolation: 0,interpolation_duration: 1}
$data merge entity $(bone_6) {transformation: [-0.5637f,-0.015f,-0.8258f,0.0086f,-0.1342f,0.9882f,0.0737f,0.4089f,0.815f,0.1524f,-0.5591f,-0.1096f,0f,0f,0f,1f],start_interpolation: 0,interpolation_duration: 1}
$data merge entity $(bone_12) {transformation: [-0.5637f,-0.4881f,-0.6663f,-0.1744f,-0.1342f,0.8501f,-0.5092f,0.7277f,0.815f,-0.1976f,-0.5448f,-0.1837f,0f,0f,0f,1f],start_interpolation: 0,interpolation_duration: 1}
$data merge entity $(bone_10) {transformation: [-0.5799f,-0.1211f,-0.8056f,-0.2693f,-0.0044f,0.9893f,-0.1455f,1.035f,0.8147f,-0.0808f,-0.5743f,-0.1038f,0f,0f,0f,1f],start_interpolation: 0,interpolation_duration: 1}
$data merge entity $(bone_9) {transformation: [-0.5799f,0.2955f,-0.7592f,-0.1585f,-0.0044f,0.9307f,0.3656f,1.384f,0.8147f,0.2154f,-0.5384f,-0.023f,0f,0f,0f,1f],start_interpolation: 0,interpolation_duration: 1}
$data merge entity $(item_display_item_display) {transformation: [0.3433f,0.6206f,-0.2196f,0.002f,-0.4541f,0.4026f,0.4278f,1.0136f,0.4767f,-0.0635f,0.5657f,0.5305f,0f,0f,0f,1f],start_interpolation: 0,interpolation_duration: 1}
$data merge entity $(bone_2) {transformation: [0.2928f,-0.4622f,0.8251f,-0.3714f,-0.5704f,0.6026f,0.54f,0.9955f,-0.7543f,-0.6351f,-0.0881f,0.3992f,0f,0f,0f,1f],start_interpolation: 0,interpolation_duration: 1}
$data merge entity $(bone_1) {transformation: [0.2928f,0.0092f,0.9457f,-0.3624f,-0.5704f,0.7913f,0.1689f,1.2685f,-0.7543f,-0.5948f,0.2393f,0.1963f,0f,0f,0f,1f],start_interpolation: 0,interpolation_duration: 1}
$data merge entity $(bone_4) {transformation: [-0.4335f,-0.8789f,0.1992f,0.2952f,-0.4441f,0.016f,-0.8958f,1.1762f,0.7841f,-0.4768f,-0.3972f,-0.2462f,0f,0f,0f,1f],start_interpolation: 0,interpolation_duration: 1}
$data merge entity $(bone_3) {transformation: [-0.4335f,-0.9011f,0.0044f,-0.0427f,-0.4441f,0.2093f,-0.8712f,1.2547f,0.7841f,-0.3796f,-0.4909f,-0.3885f,0f,0f,0f,1f],start_interpolation: 0,interpolation_duration: 1}
$data merge entity $(bone_8) {transformation: [-0.6567f,0.5306f,-0.5359f,-0.2816f,0.1753f,0.7985f,0.5759f,0.4131f,0.7335f,0.2843f,-0.6174f,0.1214f,0f,0f,0f,1f],start_interpolation: 0,interpolation_duration: 1}
$data merge entity $(bone_7) {transformation: [-0.6567f,0.0644f,-0.7514f,-0.292f,0.1753f,0.9821f,-0.069f,0.7172f,0.7335f,-0.177f,-0.6562f,0.0394f,0f,0f,0f,1f],start_interpolation: 0,interpolation_duration: 1}
data modify entity @s data merge value {"cameras":{"camera1":{"px":0.22820280092592574,"py":1.5329469328703704,"pz":1.563918923611111,"ry":155.97990814814816,"rx":0}},"locators":{}}