# This file was generated by Animated Java via MC-Build. It is not recommended to edit this file directly.
$data merge entity $(bone_layer) {transformation: [-0.5799f,-0.335f,-0.7427f,-0.1729f,-0.0044f,0.9129f,-0.4082f,1.3485f,0.8148f,-0.2334f,-0.5308f,-0.0336f,0f,0f,0f,1f],start_interpolation: 0,interpolation_duration: 1}
$data merge entity $(bone_l_1) {transformation: [-0.5799f,-0.335f,-0.7427f,-0.11f,-0.0044f,0.9129f,-0.4082f,1.5854f,0.8148f,-0.2334f,-0.5308f,0.1466f,0f,0f,0f,1f],start_interpolation: 0,interpolation_duration: 1}
$data merge entity $(bone_eye_l) {transformation: [-0.5799f,-0.335f,-0.7427f,-0.1798f,-0.0044f,0.9129f,-0.4082f,1.3447f,0.8148f,-0.2334f,-0.5308f,-0.0386f,0f,0f,0f,1f],start_interpolation: 0,interpolation_duration: 1}
$data merge entity $(bone_r_1) {transformation: [-0.5799f,-0.335f,-0.7427f,0.0168f,-0.0044f,0.9129f,-0.4082f,1.5863f,0.8148f,-0.2334f,-0.5308f,-0.0316f,0f,0f,0f,1f],start_interpolation: 0,interpolation_duration: 1}
$data merge entity $(bone_eye_r) {transformation: [-0.5799f,-0.335f,-0.7427f,0.0307f,-0.0044f,0.9129f,-0.4082f,1.5582f,0.8148f,-0.2334f,-0.5308f,-0.0411f,0f,0f,0f,1f],start_interpolation: 0,interpolation_duration: 1}
$data merge entity $(bone_eyes_down) {transformation: [-0.5799f,-0.335f,-0.7427f,-0.2043f,-0.0044f,0.9129f,-0.4082f,1.4341f,0.8148f,-0.2334f,-0.5308f,-0.0555f,0f,0f,0f,1f],start_interpolation: 0,interpolation_duration: 1}
$data merge entity $(bone_eyes_up) {transformation: [-0.5799f,-0.335f,-0.7427f,-0.2468f,-0.0044f,0.9129f,-0.4082f,1.5484f,0.8148f,-0.2334f,-0.5308f,-0.0852f,0f,0f,0f,1f],start_interpolation: 0,interpolation_duration: 1}
$data merge entity $(bone_bone) {transformation: [-0.5799f,-0.335f,-0.7427f,-0.1729f,-0.0044f,0.9129f,-0.4082f,1.3485f,0.8148f,-0.2334f,-0.5308f,-0.0336f,0f,0f,0f,1f],start_interpolation: 0,interpolation_duration: 1}
$data merge entity $(bone_l) {transformation: [-0.5645f,-0.2702f,-0.7427f,-0.1258f,-0.0447f,0.6838f,-0.4082f,1.6455f,0.8243f,-0.1479f,-0.5308f,0.1549f,0f,0f,0f,1f],start_interpolation: 0,interpolation_duration: 1}
$data merge entity $(bone_r) {transformation: [-0.5941f,-0.2318f,-0.7427f,0.0191f,0.0359f,0.6841f,-0.4082f,1.6466f,0.8037f,-0.2019f,-0.5308f,-0.0488f,0f,0f,0f,1f],start_interpolation: 0,interpolation_duration: 1}
$data merge entity $(bone_sad) {transformation: [-0.8692f,-0.2089f,-0.7427f,-0.1287f,-0.0066f,0.5692f,-0.4082f,1.551f,1.2213f,-0.1456f,-0.5308f,0.2021f,0f,0f,0f,1f],start_interpolation: 0,interpolation_duration: 1}
$data merge entity $(bone_head) {transformation: [-0.5799f,-0.335f,-0.7427f,-0.1729f,-0.0044f,0.9129f,-0.4082f,1.3485f,0.8148f,-0.2334f,-0.5308f,-0.0336f,0f,0f,0f,1f],start_interpolation: 0,interpolation_duration: 1}
$data merge entity $(bone_6) {transformation: [-0.5637f,-0.0146f,-0.8259f,0.009f,-0.1342f,0.9882f,0.0741f,0.4088f,0.815f,0.1526f,-0.559f,-0.1095f,0f,0f,0f,1f],start_interpolation: 0,interpolation_duration: 1}
$data merge entity $(bone_12) {transformation: [-0.5637f,-0.4878f,-0.6665f,-0.174f,-0.1342f,0.8503f,-0.5089f,0.7277f,0.815f,-0.1974f,-0.5448f,-0.1835f,0f,0f,0f,1f],start_interpolation: 0,interpolation_duration: 1}
$data merge entity $(bone_10) {transformation: [-0.5798f,-0.1208f,-0.8058f,-0.2687f,-0.0044f,0.9894f,-0.1451f,1.0349f,0.8147f,-0.0806f,-0.5742f,-0.1035f,0f,0f,0f,1f],start_interpolation: 0,interpolation_duration: 1}
$data merge entity $(bone_9) {transformation: [-0.5798f,0.2958f,-0.7591f,-0.1577f,-0.0044f,0.9306f,0.366f,1.3839f,0.8147f,0.2156f,-0.5383f,-0.0227f,0f,0f,0f,1f],start_interpolation: 0,interpolation_duration: 1}
$data merge entity $(item_display_item_display) {transformation: [0.3428f,0.621f,-0.2194f,0.0023f,-0.4543f,0.402f,0.4281f,1.0132f,0.4769f,-0.0634f,0.5656f,0.531f,0f,0f,0f,1f],start_interpolation: 0,interpolation_duration: 1}
$data merge entity $(bone_2) {transformation: [0.2925f,-0.4614f,0.8256f,-0.3711f,-0.5708f,0.6029f,0.5392f,0.9954f,-0.7541f,-0.6354f,-0.0879f,0.3996f,0f,0f,0f,1f],start_interpolation: 0,interpolation_duration: 1}
$data merge entity $(bone_1) {transformation: [0.2925f,0.0102f,0.9458f,-0.3617f,-0.5708f,0.7912f,0.168f,1.2684f,-0.7541f,-0.595f,0.2396f,0.1966f,0f,0f,0f,1f],start_interpolation: 0,interpolation_duration: 1}
$data merge entity $(bone_4) {transformation: [-0.433f,-0.8739f,0.221f,0.2959f,-0.4563f,0.0011f,-0.8898f,1.1767f,0.7774f,-0.4861f,-0.3993f,-0.2457f,0f,0f,0f,1f],start_interpolation: 0,interpolation_duration: 1}
$data merge entity $(bone_3) {transformation: [-0.433f,-0.9013f,0.012f,-0.0421f,-0.4563f,0.2077f,-0.8652f,1.2546f,0.7774f,-0.3801f,-0.5012f,-0.3882f,0f,0f,0f,1f],start_interpolation: 0,interpolation_duration: 1}
$data merge entity $(bone_8) {transformation: [-0.6565f,0.5309f,-0.5358f,-0.2812f,0.1753f,0.7983f,0.5762f,0.413f,0.7336f,0.2844f,-0.6172f,0.1215f,0f,0f,0f,1f],start_interpolation: 0,interpolation_duration: 1}
$data merge entity $(bone_7) {transformation: [-0.6565f,0.0648f,-0.7515f,-0.2915f,0.1753f,0.9821f,-0.0685f,0.7171f,0.7336f,-0.1767f,-0.6562f,0.0396f,0f,0f,0f,1f],start_interpolation: 0,interpolation_duration: 1}
data modify entity @s data merge value {"cameras":{"camera":{"posx":0.2283158593749998,"posy":1.5329978515625,"posz":1.5738470703125,"roty":155.830545,"rotx":0}},"locators":{}}