# This file was generated by Animated Java via MC-Build. It is not recommended to edit this file directly.
$data merge entity $(bone_layer) {transformation: [-0.5232f,0.127f,-0.8427f,-0.0329f,-0.0012f,0.9887f,0.1497f,1.2983f,0.8523f,0.0793f,-0.5171f,0.0238f,0f,0f,0f,1f],start_interpolation: 0,interpolation_duration: 1}
$data merge entity $(bone_l_1) {transformation: [-0.5232f,0.127f,-0.8427f,0.1308f,-0.0012f,0.9887f,0.1497f,1.4138f,0.8523f,0.0793f,-0.5171f,0.2528f,0f,0f,0f,1f],start_interpolation: 0,interpolation_duration: 1}
$data merge entity $(bone_eye_l) {transformation: [-0.5232f,0.127f,-0.8427f,-0.0408f,-0.0012f,0.9887f,0.1497f,1.2997f,0.8523f,0.0793f,-0.5171f,0.019f,0f,0f,0f,1f],start_interpolation: 0,interpolation_duration: 1}
$data merge entity $(bone_r_1) {transformation: [-0.5232f,0.127f,-0.8427f,0.2452f,-0.0012f,0.9887f,0.1497f,1.4141f,0.8523f,0.0793f,-0.5171f,0.0664f,0f,0f,0f,1f],start_interpolation: 0,interpolation_duration: 1}
$data merge entity $(bone_eye_r) {transformation: [-0.5232f,0.127f,-0.8427f,0.2446f,-0.0012f,0.9887f,0.1497f,1.3872f,0.8523f,0.0793f,-0.5171f,0.0476f,0f,0f,0f,1f],start_interpolation: 0,interpolation_duration: 1}
$data merge entity $(bone_eyes_down) {transformation: [-0.5232f,0.127f,-0.8427f,-0.021f,-0.0012f,0.9887f,0.1497f,1.391f,0.8523f,0.0793f,-0.5171f,0.0313f,0f,0f,0f,1f],start_interpolation: 0,interpolation_duration: 1}
$data merge entity $(bone_eyes_up) {transformation: [-0.5232f,0.127f,-0.8427f,-0.0106f,-0.0012f,0.9887f,0.1497f,1.4761f,0.8523f,0.0793f,-0.5171f,0.0378f,0f,0f,0f,1f],start_interpolation: 0,interpolation_duration: 1}
$data merge entity $(bone_bone) {transformation: [-0.5232f,0.127f,-0.8427f,-0.0329f,-0.0012f,0.9887f,0.1497f,1.2983f,0.8523f,0.0793f,-0.5171f,0.0238f,0f,0f,0f,1f],start_interpolation: 0,interpolation_duration: 1}
$data merge entity $(bone_l) {transformation: [-0.5232f,0.0952f,-0.8427f,0.1407f,-0.0012f,0.7416f,0.1497f,1.4395f,0.8523f,0.0595f,-0.5171f,0.2773f,0f,0f,0f,1f],start_interpolation: 0,interpolation_duration: 1}
$data merge entity $(bone_r) {transformation: [-0.5232f,0.0952f,-0.8427f,0.2715f,-0.0012f,0.7416f,0.1497f,1.4397f,0.8523f,0.0595f,-0.5171f,0.0642f,0f,0f,0f,1f],start_interpolation: 0,interpolation_duration: 1}
$data merge entity $(bone_sad) {transformation: [-0.8371f,0.0299f,-0.7146f,0.1012f,-0.0019f,0.2326f,0.1269f,1.3914f,1.3637f,0.0186f,-0.4385f,0.2976f,0f,0f,0f,1f],start_interpolation: 0,interpolation_duration: 1}
$data merge entity $(bone_head) {transformation: [-0.5232f,0.127f,-0.8427f,-0.0329f,-0.0012f,0.9887f,0.1497f,1.2983f,0.8523f,0.0793f,-0.5171f,0.0238f,0f,0f,0f,1f],start_interpolation: 0,interpolation_duration: 1}
$data merge entity $(bone_6) {transformation: [-0.5238f,0.1189f,-0.8435f,0.0221f,-0.1315f,0.967f,0.218f,0.353f,0.8416f,0.2251f,-0.4909f,-0.1351f,0f,0f,0f,1f],start_interpolation: 0,interpolation_duration: 1}
$data merge entity $(bone_12) {transformation: [-0.5238f,-0.3865f,-0.7591f,-0.1228f,-0.1315f,0.9172f,-0.3762f,0.6969f,0.8416f,-0.0972f,-0.5312f,-0.1715f,0f,0f,0f,1f],start_interpolation: 0,interpolation_duration: 1}
$data merge entity $(bone_10) {transformation: [-0.5231f,0.002f,-0.8523f,-0.1731f,-0.0012f,1f,0.003f,1.0063f,0.8523f,0.0026f,-0.5231f,-0.0626f,0f,0f,0f,1f],start_interpolation: 0,interpolation_duration: 1}
$data merge entity $(bone_9) {transformation: [-0.5231f,0.4278f,-0.7371f,-0.0127f,-0.0012f,0.8645f,0.5025f,1.3305f,0.8523f,0.2638f,-0.4518f,0.0363f,0f,0f,0f,1f],start_interpolation: 0,interpolation_duration: 1}
$data merge entity $(item_display_item_display) {transformation: [0.2938f,0.6705f,-0.1243f,0.1189f,-0.5279f,0.3093f,0.4207f,0.8956f,0.4316f,-0.0781f,0.5991f,0.5599f,0f,0f,0f,1f],start_interpolation: 0,interpolation_duration: 1}
$data merge entity $(bone_2) {transformation: [0.1657f,-0.3919f,0.8939f,-0.2585f,-0.5609f,0.7038f,0.4125f,0.9427f,-0.7988f,-0.5755f,-0.1043f,0.4486f,0f,0f,0f,1f],start_interpolation: 0,interpolation_duration: 1}
$data merge entity $(bone_1) {transformation: [0.1657f,0.1074f,0.9701f,-0.2155f,-0.5609f,0.8157f,0.0055f,1.2231f,-0.7988f,-0.5506f,0.1974f,0.2606f,0f,0f,0f,1f],start_interpolation: 0,interpolation_duration: 1}
$data merge entity $(bone_4) {transformation: [-0.4396f,-0.8205f,0.3654f,0.311f,-0.4774f,-0.1311f,-0.8688f,0.9586f,0.7608f,-0.5564f,-0.3341f,-0.3301f,0f,0f,0f,1f],start_interpolation: 0,interpolation_duration: 1}
$data merge entity $(bone_3) {transformation: [-0.4396f,-0.6883f,-0.577f,0.0529f,-0.4774f,0.7233f,-0.499f,1.2298f,0.7608f,0.0561f,-0.6466f,-0.3091f,0f,0f,0f,1f],start_interpolation: 0,interpolation_duration: 1}
$data merge entity $(bone_8) {transformation: [-0.5806f,0.6485f,-0.4923f,-0.2506f,0.1958f,0.6982f,0.6887f,0.3736f,0.7903f,0.3035f,-0.5324f,0.1169f,0f,0f,0f,1f],start_interpolation: 0,interpolation_duration: 1}
$data merge entity $(bone_7) {transformation: [-0.5806f,0.1804f,-0.7939f,-0.2265f,0.1958f,0.9775f,0.0789f,0.6823f,0.7903f,-0.1097f,-0.6029f,0.0582f,0f,0f,0f,1f],start_interpolation: 0,interpolation_duration: 1}
data modify entity @s data merge value {"cameras":{"camera1":{"px":0.1958547597183959,"py":1.457342571722737,"pz":1.6173593371733868,"ry":167.91136,"rx":0}},"locators":{}}