# This file was generated by Animated Java via MC-Build. It is not recommended to edit this file directly.
$data merge entity $(bone_layer) {transformation: [-0.5798f,-0.3249f,-0.7472f,-0.1722f,-0.0044f,0.9183f,-0.3958f,1.3484f,0.8148f,-0.2262f,-0.5339f,-0.0333f,0f,0f,0f,1f],start_interpolation: 0,interpolation_duration: 1}
$data merge entity $(bone_l_1) {transformation: [-0.5798f,-0.3249f,-0.7472f,-0.1067f,-0.0044f,0.9183f,-0.3958f,1.5831f,0.8148f,-0.2262f,-0.5339f,0.1488f,0f,0f,0f,1f],start_interpolation: 0,interpolation_duration: 1}
$data merge entity $(bone_eye_l) {transformation: [-0.5798f,-0.3249f,-0.7472f,-0.1792f,-0.0044f,0.9183f,-0.3958f,1.3447f,0.8148f,-0.2262f,-0.5339f,-0.0383f,0f,0f,0f,1f],start_interpolation: 0,interpolation_duration: 1}
$data merge entity $(bone_r_1) {transformation: [-0.5798f,-0.3249f,-0.7472f,0.0201f,-0.0044f,0.9183f,-0.3958f,1.5841f,0.8148f,-0.2262f,-0.5339f,-0.0294f,0f,0f,0f,1f],start_interpolation: 0,interpolation_duration: 1}
$data merge entity $(bone_eye_r) {transformation: [-0.5798f,-0.3249f,-0.7472f,0.0337f,-0.0044f,0.9183f,-0.3958f,1.5559f,0.8148f,-0.2262f,-0.5339f,-0.0391f,0f,0f,0f,1f],start_interpolation: 0,interpolation_duration: 1}
$data merge entity $(bone_eyes_down) {transformation: [-0.5798f,-0.3249f,-0.7472f,-0.2026f,-0.0044f,0.9183f,-0.3958f,1.4345f,0.8148f,-0.2262f,-0.5339f,-0.0545f,0f,0f,0f,1f],start_interpolation: 0,interpolation_duration: 1}
$data merge entity $(bone_eyes_up) {transformation: [-0.5798f,-0.3249f,-0.7472f,-0.2437f,-0.0044f,0.9183f,-0.3958f,1.549f,0.8148f,-0.2262f,-0.5339f,-0.0831f,0f,0f,0f,1f],start_interpolation: 0,interpolation_duration: 1}
$data merge entity $(bone_bone) {transformation: [-0.5798f,-0.3249f,-0.7472f,-0.1722f,-0.0044f,0.9183f,-0.3958f,1.3484f,0.8148f,-0.2262f,-0.5339f,-0.0333f,0f,0f,0f,1f],start_interpolation: 0,interpolation_duration: 1}
$data merge entity $(bone_l) {transformation: [-0.5651f,-0.2624f,-0.7472f,-0.1217f,-0.0445f,0.6879f,-0.3958f,1.643f,0.8239f,-0.1428f,-0.5339f,0.1577f,0f,0f,0f,1f],start_interpolation: 0,interpolation_duration: 1}
$data merge entity $(bone_r) {transformation: [-0.5935f,-0.2245f,-0.7472f,0.0233f,0.0356f,0.6882f,-0.3958f,1.6441f,0.8042f,-0.1962f,-0.5339f,-0.046f,0f,0f,0f,1f],start_interpolation: 0,interpolation_duration: 1}
$data merge entity $(bone_sad) {transformation: [-0.8568f,-0.2042f,-0.7472f,-0.1258f,-0.0065f,0.5772f,-0.3958f,1.5485f,1.2041f,-0.1422f,-0.5339f,0.2041f,0f,0f,0f,1f],start_interpolation: 0,interpolation_duration: 1}
$data merge entity $(bone_head) {transformation: [-0.5798f,-0.3249f,-0.7472f,-0.1722f,-0.0044f,0.9183f,-0.3958f,1.3484f,0.8148f,-0.2262f,-0.5339f,-0.0333f,0f,0f,0f,1f],start_interpolation: 0,interpolation_duration: 1}
$data merge entity $(bone_6) {transformation: [-0.5637f,-0.0143f,-0.8258f,0.0094f,-0.1342f,0.9881f,0.0745f,0.4086f,0.815f,0.1529f,-0.5589f,-0.1094f,0f,0f,0f,1f],start_interpolation: 0,interpolation_duration: 1}
$data merge entity $(bone_12) {transformation: [-0.5637f,-0.4875f,-0.6667f,-0.1735f,-0.1342f,0.8505f,-0.5085f,0.7276f,0.815f,-0.1971f,-0.5449f,-0.1833f,0f,0f,0f,1f],start_interpolation: 0,interpolation_duration: 1}
$data merge entity $(bone_10) {transformation: [-0.5798f,-0.1204f,-0.8058f,-0.2681f,-0.0044f,0.9895f,-0.1447f,1.0348f,0.8148f,-0.0803f,-0.5742f,-0.1032f,0f,0f,0f,1f],start_interpolation: 0,interpolation_duration: 1}
$data merge entity $(bone_9) {transformation: [-0.5798f,0.2962f,-0.759f,-0.157f,-0.0044f,0.9304f,0.3664f,1.3838f,0.8148f,0.2158f,-0.5381f,-0.0223f,0f,0f,0f,1f],start_interpolation: 0,interpolation_duration: 1}
$data merge entity $(item_display_item_display) {transformation: [0.3421f,0.6215f,-0.2192f,0.0025f,-0.4546f,0.4013f,0.4285f,1.0127f,0.4771f,-0.0632f,0.5654f,0.5316f,0f,0f,0f,1f],start_interpolation: 0,interpolation_duration: 1}
$data merge entity $(bone_2) {transformation: [0.2922f,-0.4604f,0.8263f,-0.3708f,-0.5713f,0.6033f,0.5382f,0.9954f,-0.7539f,-0.6357f,-0.0876f,0.4f,0f,0f,0f,1f],start_interpolation: 0,interpolation_duration: 1}
$data merge entity $(bone_1) {transformation: [0.2922f,0.0113f,0.9458f,-0.361f,-0.5713f,0.7911f,0.167f,1.2683f,-0.7539f,-0.5951f,0.2401f,0.197f,0f,0f,0f,1f],start_interpolation: 0,interpolation_duration: 1}
$data merge entity $(bone_4) {transformation: [-0.4323f,-0.8665f,0.2496f,0.2966f,-0.4716f,-0.0187f,-0.8816f,1.1777f,0.7686f,-0.4988f,-0.4006f,-0.2449f,0f,0f,0f,1f],start_interpolation: 0,interpolation_duration: 1}
$data merge entity $(bone_3) {transformation: [-0.4323f,-0.9015f,0.0223f,-0.0414f,-0.4716f,0.2049f,-0.8577f,1.2545f,0.7686f,-0.3813f,-0.5137f,-0.3879f,0f,0f,0f,1f],start_interpolation: 0,interpolation_duration: 1}
$data merge entity $(bone_8) {transformation: [-0.6565f,0.5312f,-0.5356f,-0.2808f,0.1754f,0.798f,0.5766f,0.4128f,0.7337f,0.2846f,-0.617f,0.1217f,0f,0f,0f,1f],start_interpolation: 0,interpolation_duration: 1}
$data merge entity $(bone_7) {transformation: [-0.6565f,0.0651f,-0.7516f,-0.291f,0.1754f,0.9821f,-0.0681f,0.717f,0.7337f,-0.1765f,-0.6561f,0.0398f,0f,0f,0f,1f],start_interpolation: 0,interpolation_duration: 1}
data modify entity @s data merge value {"cameras":{"camera":{"posx":0.22837962962962943,"posy":1.5330324074074073,"posz":1.58375,"roty":155.6774074074074,"rotx":0}},"locators":{}}