# This file was generated by Animated Java via MC-Build. It is not recommended to edit this file directly.
$data merge entity $(bone_layer) {transformation: [-0.5799f,-0.3126f,-0.7524f,-0.1714f,-0.0044f,0.9247f,-0.3807f,1.3482f,0.8148f,-0.2174f,-0.5376f,-0.0329f,0f,0f,0f,1f],start_interpolation: 0,interpolation_duration: 1}
$data merge entity $(bone_l_1) {transformation: [-0.5799f,-0.3126f,-0.7524f,-0.1029f,-0.0044f,0.9247f,-0.3807f,1.5804f,0.8148f,-0.2174f,-0.5376f,0.1515f,0f,0f,0f,1f],start_interpolation: 0,interpolation_duration: 1}
$data merge entity $(bone_eye_l) {transformation: [-0.5799f,-0.3126f,-0.7524f,-0.1785f,-0.0044f,0.9247f,-0.3807f,1.3447f,0.8148f,-0.2174f,-0.5376f,-0.0379f,0f,0f,0f,1f],start_interpolation: 0,interpolation_duration: 1}
$data merge entity $(bone_r_1) {transformation: [-0.5799f,-0.3126f,-0.7524f,0.024f,-0.0044f,0.9247f,-0.3807f,1.5813f,0.8148f,-0.2174f,-0.5376f,-0.0268f,0f,0f,0f,1f],start_interpolation: 0,interpolation_duration: 1}
$data merge entity $(bone_eye_r) {transformation: [-0.5799f,-0.3126f,-0.7524f,0.0371f,-0.0044f,0.9247f,-0.3807f,1.553f,0.8148f,-0.2174f,-0.5376f,-0.0367f,0f,0f,0f,1f],start_interpolation: 0,interpolation_duration: 1}
$data merge entity $(bone_eyes_down) {transformation: [-0.5799f,-0.3126f,-0.7524f,-0.2007f,-0.0044f,0.9247f,-0.3807f,1.4349f,0.8148f,-0.2174f,-0.5376f,-0.0532f,0f,0f,0f,1f],start_interpolation: 0,interpolation_duration: 1}
$data merge entity $(bone_eyes_up) {transformation: [-0.5799f,-0.3126f,-0.7524f,-0.2397f,-0.0044f,0.9247f,-0.3807f,1.5486f,0.8148f,-0.2174f,-0.5376f,-0.0804f,0f,0f,0f,1f],start_interpolation: 0,interpolation_duration: 1}
$data merge entity $(bone_bone) {transformation: [-0.5799f,-0.3126f,-0.7524f,-0.1714f,-0.0044f,0.9247f,-0.3807f,1.3482f,0.8148f,-0.2174f,-0.5376f,-0.0329f,0f,0f,0f,1f],start_interpolation: 0,interpolation_duration: 1}
$data merge entity $(bone_l) {transformation: [-0.5662f,-0.2526f,-0.7524f,-0.1166f,-0.0435f,0.6927f,-0.3807f,1.6391f,0.8233f,-0.1371f,-0.5376f,0.1612f,0f,0f,0f,1f],start_interpolation: 0,interpolation_duration: 1}
$data merge entity $(bone_r) {transformation: [-0.5926f,-0.2158f,-0.7524f,0.0283f,0.0347f,0.693f,-0.3807f,1.6402f,0.8049f,-0.1888f,-0.5376f,-0.0425f,0f,0f,0f,1f],start_interpolation: 0,interpolation_duration: 1}
$data merge entity $(bone_sad) {transformation: [-0.8424f,-0.1983f,-0.7524f,-0.1227f,-0.0064f,0.5866f,-0.3807f,1.5454f,1.1836f,-0.1379f,-0.5376f,0.2069f,0f,0f,0f,1f],start_interpolation: 0,interpolation_duration: 1}
$data merge entity $(bone_head) {transformation: [-0.5799f,-0.3126f,-0.7524f,-0.1714f,-0.0044f,0.9247f,-0.3807f,1.3482f,0.8148f,-0.2174f,-0.5376f,-0.0329f,0f,0f,0f,1f],start_interpolation: 0,interpolation_duration: 1}
$data merge entity $(bone_6) {transformation: [-0.5638f,-0.014f,-0.8258f,0.0098f,-0.1342f,0.9881f,0.0749f,0.4085f,0.8149f,0.1531f,-0.559f,-0.1092f,0f,0f,0f,1f],start_interpolation: 0,interpolation_duration: 1}
$data merge entity $(bone_12) {transformation: [-0.5638f,-0.4872f,-0.6669f,-0.173f,-0.1342f,0.8508f,-0.5081f,0.7275f,0.8149f,-0.197f,-0.5451f,-0.1831f,0f,0f,0f,1f],start_interpolation: 0,interpolation_duration: 1}
$data merge entity $(bone_10) {transformation: [-0.5798f,-0.1201f,-0.8058f,-0.2675f,-0.0044f,0.9895f,-0.1443f,1.0348f,0.8147f,-0.0801f,-0.5743f,-0.1029f,0f,0f,0f,1f],start_interpolation: 0,interpolation_duration: 1}
$data merge entity $(bone_9) {transformation: [-0.5798f,0.2965f,-0.7589f,-0.1563f,-0.0044f,0.9303f,0.3668f,1.3836f,0.8147f,0.2161f,-0.5381f,-0.0219f,0f,0f,0f,1f],start_interpolation: 0,interpolation_duration: 1}
$data merge entity $(item_display_item_display) {transformation: [0.3414f,0.6219f,-0.219f,0.0027f,-0.4548f,0.4007f,0.4289f,1.0123f,0.4774f,-0.063f,0.5652f,0.5322f,0f,0f,0f,1f],start_interpolation: 0,interpolation_duration: 1}
$data merge entity $(bone_2) {transformation: [0.292f,-0.4593f,0.8269f,-0.3706f,-0.5718f,0.6037f,0.5373f,0.9953f,-0.7535f,-0.6361f,-0.0872f,0.4005f,0f,0f,0f,1f],start_interpolation: 0,interpolation_duration: 1}
$data merge entity $(bone_1) {transformation: [0.292f,0.0126f,0.9459f,-0.3603f,-0.5718f,0.7909f,0.166f,1.2682f,-0.7535f,-0.5953f,0.2406f,0.1973f,0f,0f,0f,1f],start_interpolation: 0,interpolation_duration: 1}
$data merge entity $(bone_4) {transformation: [-0.4311f,-0.8554f,0.2873f,0.2973f,-0.4911f,-0.0447f,-0.8699f,1.1793f,0.757f,-0.5161f,-0.4008f,-0.2436f,0f,0f,0f,1f],start_interpolation: 0,interpolation_duration: 1}
$data merge entity $(bone_3) {transformation: [-0.4312f,-0.9015f,0.0369f,-0.0407f,-0.4913f,0.2003f,-0.8476f,1.2545f,0.7568f,-0.3836f,-0.5293f,-0.3875f,0f,0f,0f,1f],start_interpolation: 0,interpolation_duration: 1}
$data merge entity $(bone_8) {transformation: [-0.6564f,0.5315f,-0.5354f,-0.2804f,0.1754f,0.7978f,0.5769f,0.4127f,0.7337f,0.2848f,-0.6169f,0.1218f,0f,0f,0f,1f],start_interpolation: 0,interpolation_duration: 1}
$data merge entity $(bone_7) {transformation: [-0.6564f,0.0654f,-0.7515f,-0.2905f,0.1754f,0.9822f,-0.0677f,0.7169f,0.7337f,-0.1762f,-0.6562f,0.0401f,0f,0f,0f,1f],start_interpolation: 0,interpolation_duration: 1}
data modify entity @s data merge value {"cameras":{"camera":{"posx":0.22839131655092573,"posy":1.5330496021412037,"posz":1.5936182074652776,"roty":155.52340314814813,"rotx":0}},"locators":{}}