# This file was generated by Animated Java via MC-Build. It is not recommended to edit this file directly.
$data merge entity $(bone_layer) {transformation: [-0.58f,-0.2976f,-0.7583f,-0.1707f,-0.0044f,0.932f,-0.3624f,1.3481f,0.8147f,-0.2068f,-0.5419f,-0.0324f,0f,0f,0f,1f],start_interpolation: 0,interpolation_duration: 1}
$data merge entity $(bone_l_1) {transformation: [-0.58f,-0.2976f,-0.7583f,-0.0985f,-0.0044f,0.932f,-0.3624f,1.577f,0.8147f,-0.2068f,-0.5419f,0.1546f,0f,0f,0f,1f],start_interpolation: 0,interpolation_duration: 1}
$data merge entity $(bone_eye_l) {transformation: [-0.58f,-0.2976f,-0.7583f,-0.1778f,-0.0044f,0.932f,-0.3624f,1.3447f,0.8147f,-0.2068f,-0.5419f,-0.0375f,0f,0f,0f,1f],start_interpolation: 0,interpolation_duration: 1}
$data merge entity $(bone_r_1) {transformation: [-0.58f,-0.2976f,-0.7583f,0.0284f,-0.0044f,0.932f,-0.3624f,1.578f,0.8147f,-0.2068f,-0.5419f,-0.0236f,0f,0f,0f,1f],start_interpolation: 0,interpolation_duration: 1}
$data merge entity $(bone_eye_r) {transformation: [-0.58f,-0.2976f,-0.7583f,0.0411f,-0.0044f,0.932f,-0.3624f,1.5496f,0.8147f,-0.2068f,-0.5419f,-0.0339f,0f,0f,0f,1f],start_interpolation: 0,interpolation_duration: 1}
$data merge entity $(bone_eyes_down) {transformation: [-0.58f,-0.2976f,-0.7583f,-0.1986f,-0.0044f,0.932f,-0.3624f,1.4355f,0.8147f,-0.2068f,-0.5419f,-0.0518f,0f,0f,0f,1f],start_interpolation: 0,interpolation_duration: 1}
$data merge entity $(bone_eyes_up) {transformation: [-0.58f,-0.2976f,-0.7583f,-0.2351f,-0.0044f,0.932f,-0.3624f,1.5481f,0.8147f,-0.2068f,-0.5419f,-0.0772f,0f,0f,0f,1f],start_interpolation: 0,interpolation_duration: 1}
$data merge entity $(bone_bone) {transformation: [-0.58f,-0.2976f,-0.7583f,-0.1707f,-0.0044f,0.932f,-0.3624f,1.3481f,0.8147f,-0.2068f,-0.5419f,-0.0324f,0f,0f,0f,1f],start_interpolation: 0,interpolation_duration: 1}
$data merge entity $(bone_l) {transformation: [-0.5675f,-0.2406f,-0.7583f,-0.1108f,-0.0421f,0.6983f,-0.3624f,1.6342f,0.8224f,-0.1303f,-0.5419f,0.1653f,0f,0f,0f,1f],start_interpolation: 0,interpolation_duration: 1}
$data merge entity $(bone_r) {transformation: [-0.5916f,-0.2054f,-0.7583f,0.0342f,0.0333f,0.6986f,-0.3624f,1.6354f,0.8057f,-0.1797f,-0.5419f,-0.0384f,0f,0f,0f,1f],start_interpolation: 0,interpolation_duration: 1}
$data merge entity $(bone_sad) {transformation: [-0.8254f,-0.1909f,-0.7583f,-0.1192f,-0.0063f,0.5977f,-0.3624f,1.5416f,1.1593f,-0.1326f,-0.5419f,0.2101f,0f,0f,0f,1f],start_interpolation: 0,interpolation_duration: 1}
$data merge entity $(bone_head) {transformation: [-0.58f,-0.2976f,-0.7583f,-0.1707f,-0.0044f,0.932f,-0.3624f,1.3481f,0.8147f,-0.2068f,-0.5419f,-0.0324f,0f,0f,0f,1f],start_interpolation: 0,interpolation_duration: 1}
$data merge entity $(bone_6) {transformation: [-0.564f,-0.0137f,-0.8257f,0.0102f,-0.1343f,0.9881f,0.0754f,0.4083f,0.8148f,0.1534f,-0.5591f,-0.1089f,0f,0f,0f,1f],start_interpolation: 0,interpolation_duration: 1}
$data merge entity $(bone_12) {transformation: [-0.564f,-0.4869f,-0.6669f,-0.1724f,-0.1343f,0.851f,-0.5078f,0.7274f,0.8148f,-0.1968f,-0.5453f,-0.1828f,0f,0f,0f,1f],start_interpolation: 0,interpolation_duration: 1}
$data merge entity $(bone_10) {transformation: [-0.58f,-0.1197f,-0.8058f,-0.2668f,-0.0044f,0.9896f,-0.1438f,1.0347f,0.8146f,-0.0799f,-0.5745f,-0.1025f,0f,0f,0f,1f],start_interpolation: 0,interpolation_duration: 1}
$data merge entity $(bone_9) {transformation: [-0.58f,0.2968f,-0.7586f,-0.1556f,-0.0044f,0.9301f,0.3672f,1.3835f,0.8146f,0.2163f,-0.5381f,-0.0214f,0f,0f,0f,1f],start_interpolation: 0,interpolation_duration: 1}
$data merge entity $(item_display_item_display) {transformation: [0.3405f,0.6224f,-0.219f,0.0028f,-0.455f,0.4f,0.4293f,1.0118f,0.4778f,-0.0627f,0.5649f,0.533f,0f,0f,0f,1f],start_interpolation: 0,interpolation_duration: 1}
$data merge entity $(bone_2) {transformation: [0.2919f,-0.4581f,0.8277f,-0.3704f,-0.5724f,0.6041f,0.5362f,0.9953f,-0.7532f,-0.6367f,-0.0867f,0.4009f,0f,0f,0f,1f],start_interpolation: 0,interpolation_duration: 1}
$data merge entity $(bone_1) {transformation: [0.2919f,0.0141f,0.9459f,-0.3596f,-0.5724f,0.7907f,0.1649f,1.2681f,-0.7532f,-0.5955f,0.2413f,0.1977f,0f,0f,0f,1f],start_interpolation: 0,interpolation_duration: 1}
$data merge entity $(bone_4) {transformation: [-0.4289f,-0.839f,0.3348f,0.298f,-0.5154f,-0.0771f,-0.8535f,1.1817f,0.7419f,-0.5386f,-0.3993f,-0.2418f,0f,0f,0f,1f],start_interpolation: 0,interpolation_duration: 1}
$data merge entity $(bone_3) {transformation: [-0.4294f,-0.9014f,0.0563f,-0.04f,-0.5162f,0.1938f,-0.8342f,1.2544f,0.741f,-0.3873f,-0.5485f,-0.387f,0f,0f,0f,1f],start_interpolation: 0,interpolation_duration: 1}
$data merge entity $(bone_8) {transformation: [-0.6565f,0.5317f,-0.535f,-0.28f,0.1754f,0.7975f,0.5772f,0.4126f,0.7336f,0.2851f,-0.6169f,0.122f,0f,0f,0f,1f],start_interpolation: 0,interpolation_duration: 1}
$data merge entity $(bone_7) {transformation: [-0.6565f,0.0658f,-0.7514f,-0.29f,0.1754f,0.9822f,-0.0673f,0.7168f,0.7336f,-0.176f,-0.6564f,0.0404f,0f,0f,0f,1f],start_interpolation: 0,interpolation_duration: 1}
data modify entity @s data merge value {"cameras":{"camera":{"posx":0.22834812499999982,"posy":1.5330484375,"posz":1.6034421874999998,"roty":155.37144,"rotx":0}},"locators":{}}