# This file was generated by Animated Java via MC-Build. It is not recommended to edit this file directly.
$data merge entity $(bone_layer) {transformation: [-0.5803f,-0.2803f,-0.7647f,-0.17f,-0.0044f,0.94f,-0.3412f,1.348f,0.8145f,-0.1946f,-0.5466f,-0.0319f,0f,0f,0f,1f],start_interpolation: 0,interpolation_duration: 1}
$data merge entity $(bone_l_1) {transformation: [-0.5803f,-0.2803f,-0.7647f,-0.0936f,-0.0044f,0.94f,-0.3412f,1.573f,0.8145f,-0.1946f,-0.5466f,0.1581f,0f,0f,0f,1f],start_interpolation: 0,interpolation_duration: 1}
$data merge entity $(bone_eye_l) {transformation: [-0.5803f,-0.2803f,-0.7647f,-0.1771f,-0.0044f,0.94f,-0.3412f,1.3448f,0.8145f,-0.1946f,-0.5466f,-0.037f,0f,0f,0f,1f],start_interpolation: 0,interpolation_duration: 1}
$data merge entity $(bone_r_1) {transformation: [-0.5803f,-0.2803f,-0.7647f,0.0334f,-0.0044f,0.94f,-0.3412f,1.574f,0.8145f,-0.1946f,-0.5466f,-0.0201f,0f,0f,0f,1f],start_interpolation: 0,interpolation_duration: 1}
$data merge entity $(bone_eye_r) {transformation: [-0.5803f,-0.2803f,-0.7647f,0.0455f,-0.0044f,0.94f,-0.3412f,1.5455f,0.8145f,-0.1946f,-0.5466f,-0.0308f,0f,0f,0f,1f],start_interpolation: 0,interpolation_duration: 1}
$data merge entity $(bone_eyes_down) {transformation: [-0.5803f,-0.2803f,-0.7647f,-0.1963f,-0.0044f,0.94f,-0.3412f,1.4361f,0.8145f,-0.1946f,-0.5466f,-0.0502f,0f,0f,0f,1f],start_interpolation: 0,interpolation_duration: 1}
$data merge entity $(bone_eyes_up) {transformation: [-0.5803f,-0.2803f,-0.7647f,-0.2299f,-0.0044f,0.94f,-0.3412f,1.5472f,0.8145f,-0.1946f,-0.5466f,-0.0735f,0f,0f,0f,1f],start_interpolation: 0,interpolation_duration: 1}
$data merge entity $(bone_bone) {transformation: [-0.5803f,-0.2803f,-0.7647f,-0.17f,-0.0044f,0.94f,-0.3412f,1.348f,0.8145f,-0.1946f,-0.5466f,-0.0319f,0f,0f,0f,1f],start_interpolation: 0,interpolation_duration: 1}
$data merge entity $(bone_l) {transformation: [-0.5692f,-0.2267f,-0.7647f,-0.1043f,-0.0403f,0.7043f,-0.3412f,1.6285f,0.8214f,-0.1225f,-0.5466f,0.1699f,0f,0f,0f,1f],start_interpolation: 0,interpolation_duration: 1}
$data merge entity $(bone_r) {transformation: [-0.5906f,-0.1935f,-0.7647f,0.0408f,0.0315f,0.7046f,-0.3412f,1.6296f,0.8065f,-0.1692f,-0.5466f,-0.0337f,0f,0f,0f,1f],start_interpolation: 0,interpolation_duration: 1}
$data merge entity $(bone_sad) {transformation: [-0.8061f,-0.182f,-0.7647f,-0.1152f,-0.0062f,0.6102f,-0.3412f,1.5371f,1.1315f,-0.1263f,-0.5466f,0.2137f,0f,0f,0f,1f],start_interpolation: 0,interpolation_duration: 1}
$data merge entity $(bone_head) {transformation: [-0.5803f,-0.2803f,-0.7647f,-0.17f,-0.0044f,0.94f,-0.3412f,1.348f,0.8145f,-0.1946f,-0.5466f,-0.0319f,0f,0f,0f,1f],start_interpolation: 0,interpolation_duration: 1}
$data merge entity $(bone_6) {transformation: [-0.5643f,-0.0134f,-0.8255f,0.0106f,-0.1343f,0.988f,0.0758f,0.4081f,0.8146f,0.1536f,-0.5593f,-0.1086f,0f,0f,0f,1f],start_interpolation: 0,interpolation_duration: 1}
$data merge entity $(bone_12) {transformation: [-0.5643f,-0.4866f,-0.6669f,-0.1718f,-0.1343f,0.8512f,-0.5074f,0.7273f,0.8146f,-0.1968f,-0.5456f,-0.1824f,0f,0f,0f,1f],start_interpolation: 0,interpolation_duration: 1}
$data merge entity $(bone_10) {transformation: [-0.5802f,-0.1194f,-0.8057f,-0.2662f,-0.0044f,0.9896f,-0.1434f,1.0346f,0.8144f,-0.0796f,-0.5748f,-0.1022f,0f,0f,0f,1f],start_interpolation: 0,interpolation_duration: 1}
$data merge entity $(bone_9) {transformation: [-0.5802f,0.297f,-0.7584f,-0.1548f,-0.0044f,0.93f,0.3676f,1.3834f,0.8144f,0.2167f,-0.5383f,-0.0209f,0f,0f,0f,1f],start_interpolation: 0,interpolation_duration: 1}
$data merge entity $(item_display_item_display) {transformation: [0.3396f,0.6229f,-0.2189f,0.0028f,-0.4552f,0.3992f,0.4297f,1.0114f,0.4783f,-0.0623f,0.5645f,0.5338f,0f,0f,0f,1f],start_interpolation: 0,interpolation_duration: 1}
$data merge entity $(bone_2) {transformation: [0.2919f,-0.4567f,0.8284f,-0.3703f,-0.573f,0.6045f,0.5352f,0.9952f,-0.7527f,-0.6373f,-0.0861f,0.4014f,0f,0f,0f,1f],start_interpolation: 0,interpolation_duration: 1}
$data merge entity $(bone_1) {transformation: [0.2919f,0.0156f,0.9459f,-0.359f,-0.573f,0.7905f,0.1638f,1.268f,-0.7527f,-0.5957f,0.2422f,0.1981f,0f,0f,0f,1f],start_interpolation: 0,interpolation_duration: 1}
$data merge entity $(bone_4) {transformation: [-0.4259f,-0.8163f,0.3902f,0.2986f,-0.5436f,-0.1139f,-0.8316f,1.1846f,0.7233f,-0.5663f,-0.3952f,-0.2393f,0f,0f,0f,1f],start_interpolation: 0,interpolation_duration: 1}
$data merge entity $(bone_3) {transformation: [-0.4268f,-0.9008f,0.08f,-0.0392f,-0.5453f,0.1858f,-0.8174f,1.2543f,0.7214f,-0.3925f,-0.5705f,-0.3865f,0f,0f,0f,1f],start_interpolation: 0,interpolation_duration: 1}
$data merge entity $(bone_8) {transformation: [-0.6567f,0.5319f,-0.5347f,-0.2797f,0.1755f,0.7972f,0.5776f,0.4125f,0.7335f,0.2855f,-0.6169f,0.1222f,0f,0f,0f,1f],start_interpolation: 0,interpolation_duration: 1}
$data merge entity $(bone_7) {transformation: [-0.6567f,0.0662f,-0.7513f,-0.2895f,0.1755f,0.9822f,-0.0668f,0.7167f,0.7335f,-0.1757f,-0.6566f,0.0407f,0f,0f,0f,1f],start_interpolation: 0,interpolation_duration: 1}
data modify entity @s data merge value {"cameras":{"camera1":{"px":0.22824725983796276,"py":1.5330279152199073,"pz":1.6132124348958334,"ry":155.2244257407407,"rx":0}},"locators":{}}