# This file was generated by Animated Java via MC-Build. It is not recommended to edit this file directly.
$data merge entity $(bone_layer) {transformation: [-0.5806f,-0.2609f,-0.7713f,-0.1692f,-0.0045f,0.9483f,-0.3174f,1.3479f,0.8143f,-0.1808f,-0.5517f,-0.0314f,0f,0f,0f,1f],start_interpolation: 0,interpolation_duration: 1}
$data merge entity $(bone_l_1) {transformation: [-0.5806f,-0.2609f,-0.7713f,-0.0883f,-0.0045f,0.9483f,-0.3174f,1.5685f,0.8143f,-0.1808f,-0.5517f,0.1619f,0f,0f,0f,1f],start_interpolation: 0,interpolation_duration: 1}
$data merge entity $(bone_eye_l) {transformation: [-0.5806f,-0.2609f,-0.7713f,-0.1765f,-0.0045f,0.9483f,-0.3174f,1.3449f,0.8143f,-0.1808f,-0.5517f,-0.0366f,0f,0f,0f,1f],start_interpolation: 0,interpolation_duration: 1}
$data merge entity $(bone_r_1) {transformation: [-0.5806f,-0.2609f,-0.7713f,0.0387f,-0.0045f,0.9483f,-0.3174f,1.5695f,0.8143f,-0.1808f,-0.5517f,-0.0162f,0f,0f,0f,1f],start_interpolation: 0,interpolation_duration: 1}
$data merge entity $(bone_eye_r) {transformation: [-0.5806f,-0.2609f,-0.7713f,0.0503f,-0.0045f,0.9483f,-0.3174f,1.5409f,0.8143f,-0.1808f,-0.5517f,-0.0273f,0f,0f,0f,1f],start_interpolation: 0,interpolation_duration: 1}
$data merge entity $(bone_eyes_down) {transformation: [-0.5806f,-0.2609f,-0.7713f,-0.1937f,-0.0045f,0.9483f,-0.3174f,1.4368f,0.8143f,-0.1808f,-0.5517f,-0.0483f,0f,0f,0f,1f],start_interpolation: 0,interpolation_duration: 1}
$data merge entity $(bone_eyes_up) {transformation: [-0.5806f,-0.2609f,-0.7713f,-0.2243f,-0.0045f,0.9483f,-0.3174f,1.5461f,0.8143f,-0.1808f,-0.5517f,-0.0696f,0f,0f,0f,1f],start_interpolation: 0,interpolation_duration: 1}
$data merge entity $(bone_bone) {transformation: [-0.5806f,-0.2609f,-0.7713f,-0.1692f,-0.0045f,0.9483f,-0.3174f,1.3479f,0.8143f,-0.1808f,-0.5517f,-0.0314f,0f,0f,0f,1f],start_interpolation: 0,interpolation_duration: 1}
$data merge entity $(bone_l) {transformation: [-0.571f,-0.211f,-0.7713f,-0.0973f,-0.0382f,0.7107f,-0.3174f,1.6219f,0.8202f,-0.1138f,-0.5517f,0.1749f,0f,0f,0f,1f],start_interpolation: 0,interpolation_duration: 1}
$data merge entity $(bone_r) {transformation: [-0.5895f,-0.18f,-0.7713f,0.0478f,0.0293f,0.7109f,-0.3174f,1.6231f,0.8073f,-0.1572f,-0.5517f,-0.0286f,0f,0f,0f,1f],start_interpolation: 0,interpolation_duration: 1}
$data merge entity $(bone_sad) {transformation: [-0.7848f,-0.1716f,-0.7713f,-0.111f,-0.006f,0.6239f,-0.3174f,1.5321f,1.1006f,-0.1189f,-0.5517f,0.2175f,0f,0f,0f,1f],start_interpolation: 0,interpolation_duration: 1}
$data merge entity $(bone_head) {transformation: [-0.5806f,-0.2609f,-0.7713f,-0.1692f,-0.0045f,0.9483f,-0.3174f,1.3479f,0.8143f,-0.1808f,-0.5517f,-0.0314f,0f,0f,0f,1f],start_interpolation: 0,interpolation_duration: 1}
$data merge entity $(bone_6) {transformation: [-0.5647f,-0.0131f,-0.8252f,0.0111f,-0.1343f,0.988f,0.0762f,0.408f,0.8143f,0.1538f,-0.5596f,-0.1083f,0f,0f,0f,1f],start_interpolation: 0,interpolation_duration: 1}
$data merge entity $(bone_12) {transformation: [-0.5647f,-0.4862f,-0.6669f,-0.1712f,-0.1343f,0.8514f,-0.507f,0.7273f,0.8143f,-0.1967f,-0.546f,-0.1821f,0f,0f,0f,1f],start_interpolation: 0,interpolation_duration: 1}
$data merge entity $(bone_10) {transformation: [-0.5806f,-0.119f,-0.8055f,-0.2655f,-0.0045f,0.9897f,-0.143f,1.0346f,0.8142f,-0.0794f,-0.5751f,-0.1018f,0f,0f,0f,1f],start_interpolation: 0,interpolation_duration: 1}
$data merge entity $(bone_9) {transformation: [-0.5806f,0.2972f,-0.758f,-0.1541f,-0.0045f,0.9298f,0.368f,1.3833f,0.8142f,0.217f,-0.5385f,-0.0204f,0f,0f,0f,1f],start_interpolation: 0,interpolation_duration: 1}
$data merge entity $(item_display_item_display) {transformation: [0.3386f,0.6235f,-0.219f,0.0027f,-0.4554f,0.3985f,0.4302f,1.0109f,0.4788f,-0.0619f,0.5641f,0.5348f,0f,0f,0f,1f],start_interpolation: 0,interpolation_duration: 1}
$data merge entity $(bone_2) {transformation: [0.292f,-0.4552f,0.8292f,-0.3702f,-0.5737f,0.6048f,0.534f,0.9952f,-0.7522f,-0.638f,-0.0854f,0.4019f,0f,0f,0f,1f],start_interpolation: 0,interpolation_duration: 1}
$data merge entity $(bone_1) {transformation: [0.292f,0.0173f,0.9458f,-0.3584f,-0.5737f,0.7903f,0.1626f,1.2679f,-0.7522f,-0.596f,0.2432f,0.1986f,0f,0f,0f,1f],start_interpolation: 0,interpolation_duration: 1}
$data merge entity $(bone_4) {transformation: [-0.422f,-0.7862f,0.4514f,0.299f,-0.5747f,-0.1531f,-0.8039f,1.1879f,0.7012f,-0.5987f,-0.3873f,-0.2362f,0f,0f,0f,1f],start_interpolation: 0,interpolation_duration: 1}
$data merge entity $(bone_3) {transformation: [-0.4235f,-0.8996f,0.1071f,-0.0383f,-0.5775f,0.177f,-0.797f,1.2543f,0.698f,-0.3993f,-0.5944f,-0.386f,0f,0f,0f,1f],start_interpolation: 0,interpolation_duration: 1}
$data merge entity $(bone_8) {transformation: [-0.6569f,0.532f,-0.5342f,-0.2793f,0.1755f,0.797f,0.5779f,0.4124f,0.7333f,0.2859f,-0.6169f,0.1225f,0f,0f,0f,1f],start_interpolation: 0,interpolation_duration: 1}
$data merge entity $(bone_7) {transformation: [-0.6569f,0.0666f,-0.751f,-0.289f,0.1755f,0.9822f,-0.0664f,0.7166f,0.7333f,-0.1755f,-0.6569f,0.041f,0f,0f,0f,1f],start_interpolation: 0,interpolation_duration: 1}
data modify entity @s data merge value {"cameras":{"camera1":{"px":0.22808592592592572,"py":1.532987037037037,"pz":1.6229194444444446,"ry":155.08526814814815,"rx":0}},"locators":{}}