# This file was generated by Animated Java via MC-Build. It is not recommended to edit this file directly.
$data merge entity $(bone_layer) {transformation: [-0.581f,-0.2395f,-0.7779f,-0.1685f,-0.0045f,0.9566f,-0.2912f,1.3478f,0.814f,-0.1657f,-0.5569f,-0.0308f,0f,0f,0f,1f],start_interpolation: 0,interpolation_duration: 1}
$data merge entity $(bone_l_1) {transformation: [-0.581f,-0.2395f,-0.7779f,-0.0827f,-0.0045f,0.9566f,-0.2912f,1.5634f,0.814f,-0.1657f,-0.5569f,0.166f,0f,0f,0f,1f],start_interpolation: 0,interpolation_duration: 1}
$data merge entity $(bone_eye_l) {transformation: [-0.581f,-0.2395f,-0.7779f,-0.1758f,-0.0045f,0.9566f,-0.2912f,1.3451f,0.814f,-0.1657f,-0.5569f,-0.036f,0f,0f,0f,1f],start_interpolation: 0,interpolation_duration: 1}
$data merge entity $(bone_r_1) {transformation: [-0.581f,-0.2395f,-0.7779f,0.0444f,-0.0045f,0.9566f,-0.2912f,1.5644f,0.814f,-0.1657f,-0.5569f,-0.0121f,0f,0f,0f,1f],start_interpolation: 0,interpolation_duration: 1}
$data merge entity $(bone_eye_r) {transformation: [-0.581f,-0.2395f,-0.7779f,0.0553f,-0.0045f,0.9566f,-0.2912f,1.5357f,0.814f,-0.1657f,-0.5569f,-0.0236f,0f,0f,0f,1f],start_interpolation: 0,interpolation_duration: 1}
$data merge entity $(bone_eyes_down) {transformation: [-0.581f,-0.2395f,-0.7779f,-0.1909f,-0.0045f,0.9566f,-0.2912f,1.4375f,0.814f,-0.1657f,-0.5569f,-0.0463f,0f,0f,0f,1f],start_interpolation: 0,interpolation_duration: 1}
$data merge entity $(bone_eyes_up) {transformation: [-0.581f,-0.2395f,-0.7779f,-0.2183f,-0.0045f,0.9566f,-0.2912f,1.5447f,0.814f,-0.1657f,-0.5569f,-0.0653f,0f,0f,0f,1f],start_interpolation: 0,interpolation_duration: 1}
$data merge entity $(bone_bone) {transformation: [-0.581f,-0.2395f,-0.7779f,-0.1685f,-0.0045f,0.9566f,-0.2912f,1.3478f,0.814f,-0.1657f,-0.5569f,-0.0308f,0f,0f,0f,1f],start_interpolation: 0,interpolation_duration: 1}
$data merge entity $(bone_l) {transformation: [-0.5729f,-0.1938f,-0.7779f,-0.09f,-0.0358f,0.717f,-0.2912f,1.6145f,0.819f,-0.1042f,-0.5569f,0.1803f,0f,0f,0f,1f],start_interpolation: 0,interpolation_duration: 1}
$data merge entity $(bone_r) {transformation: [-0.5886f,-0.1653f,-0.7779f,0.0552f,0.0268f,0.7172f,-0.2912f,1.6157f,0.8081f,-0.1442f,-0.5569f,-0.0232f,0f,0f,0f,1f],start_interpolation: 0,interpolation_duration: 1}
$data merge entity $(bone_sad) {transformation: [-0.7618f,-0.1599f,-0.7779f,-0.1067f,-0.0059f,0.6384f,-0.2912f,1.5265f,1.0672f,-0.1106f,-0.5569f,0.2215f,0f,0f,0f,1f],start_interpolation: 0,interpolation_duration: 1}
$data merge entity $(bone_head) {transformation: [-0.581f,-0.2395f,-0.7779f,-0.1685f,-0.0045f,0.9566f,-0.2912f,1.3478f,0.814f,-0.1657f,-0.5569f,-0.0308f,0f,0f,0f,1f],start_interpolation: 0,interpolation_duration: 1}
$data merge entity $(bone_6) {transformation: [-0.5651f,-0.0129f,-0.8249f,0.0116f,-0.1343f,0.988f,0.0765f,0.4079f,0.814f,0.1541f,-0.5601f,-0.1079f,0f,0f,0f,1f],start_interpolation: 0,interpolation_duration: 1}
$data merge entity $(bone_12) {transformation: [-0.5651f,-0.4859f,-0.6668f,-0.1706f,-0.1343f,0.8516f,-0.5067f,0.7272f,0.814f,-0.1968f,-0.5465f,-0.1816f,0f,0f,0f,1f],start_interpolation: 0,interpolation_duration: 1}
$data merge entity $(bone_10) {transformation: [-0.581f,-0.1187f,-0.8052f,-0.2648f,-0.0045f,0.9898f,-0.1426f,1.0345f,0.8139f,-0.0792f,-0.5756f,-0.1013f,0f,0f,0f,1f],start_interpolation: 0,interpolation_duration: 1}
$data merge entity $(bone_9) {transformation: [-0.581f,0.2974f,-0.7576f,-0.1533f,-0.0045f,0.9297f,0.3684f,1.3832f,0.8139f,0.2174f,-0.5388f,-0.0198f,0f,0f,0f,1f],start_interpolation: 0,interpolation_duration: 1}
$data merge entity $(item_display_item_display) {transformation: [0.3375f,0.624f,-0.2191f,0.0025f,-0.4556f,0.3977f,0.4308f,1.0104f,0.4794f,-0.0613f,0.5637f,0.5358f,0f,0f,0f,1f],start_interpolation: 0,interpolation_duration: 1}
$data merge entity $(bone_2) {transformation: [0.2922f,-0.4536f,0.8301f,-0.3703f,-0.5744f,0.6052f,0.5329f,0.9952f,-0.7516f,-0.6388f,-0.0845f,0.4025f,0f,0f,0f,1f],start_interpolation: 0,interpolation_duration: 1}
$data merge entity $(bone_1) {transformation: [0.2922f,0.0192f,0.9457f,-0.3577f,-0.5744f,0.79f,0.1614f,1.2678f,-0.7516f,-0.5963f,0.2443f,0.199f,0f,0f,0f,1f],start_interpolation: 0,interpolation_duration: 1}
$data merge entity $(bone_4) {transformation: [-0.4173f,-0.7481f,0.5161f,0.2992f,-0.6079f,-0.1924f,-0.7704f,1.1912f,0.6756f,-0.6351f,-0.3745f,-0.2324f,0f,0f,0f,1f],start_interpolation: 0,interpolation_duration: 1}
$data merge entity $(bone_3) {transformation: [-0.4193f,-0.8975f,0.1369f,-0.0374f,-0.6118f,0.1679f,-0.773f,1.2542f,0.6707f,-0.4078f,-0.6195f,-0.3854f,0f,0f,0f,1f],start_interpolation: 0,interpolation_duration: 1}
$data merge entity $(bone_8) {transformation: [-0.6572f,0.5322f,-0.5337f,-0.2789f,0.1755f,0.7968f,0.5782f,0.4123f,0.733f,0.2864f,-0.6171f,0.1228f,0f,0f,0f,1f],start_interpolation: 0,interpolation_duration: 1}
$data merge entity $(bone_7) {transformation: [-0.6572f,0.067f,-0.7507f,-0.2884f,0.1755f,0.9823f,-0.066f,0.7165f,0.733f,-0.1752f,-0.6573f,0.0413f,0f,0f,0f,1f],start_interpolation: 0,interpolation_duration: 1}
data modify entity @s data merge value {"cameras":{"camera":{"posx":0.2278613281249998,"posy":1.5329248046875,"posz":1.6325537109375001,"roty":154.95687499999997,"rotx":0}},"locators":{}}