# This file was generated by Animated Java via MC-Build. It is not recommended to edit this file directly.
$data merge entity $(bone_layer) {transformation: [-0.5816f,-0.2166f,-0.7842f,-0.1677f,-0.0045f,0.9648f,-0.2631f,1.3477f,0.8136f,-0.1494f,-0.562f,-0.0302f,0f,0f,0f,1f],start_interpolation: 0,interpolation_duration: 1}
$data merge entity $(bone_l_1) {transformation: [-0.5816f,-0.2166f,-0.7842f,-0.077f,-0.0045f,0.9648f,-0.2631f,1.5578f,0.8136f,-0.1494f,-0.562f,0.1703f,0f,0f,0f,1f],start_interpolation: 0,interpolation_duration: 1}
$data merge entity $(bone_eye_l) {transformation: [-0.5816f,-0.2166f,-0.7842f,-0.1751f,-0.0045f,0.9648f,-0.2631f,1.3452f,0.8136f,-0.1494f,-0.562f,-0.0355f,0f,0f,0f,1f],start_interpolation: 0,interpolation_duration: 1}
$data merge entity $(bone_r_1) {transformation: [-0.5816f,-0.2166f,-0.7842f,0.0502f,-0.0045f,0.9648f,-0.2631f,1.5588f,0.8136f,-0.1494f,-0.562f,-0.0077f,0f,0f,0f,1f],start_interpolation: 0,interpolation_duration: 1}
$data merge entity $(bone_eye_r) {transformation: [-0.5816f,-0.2166f,-0.7842f,0.0605f,-0.0045f,0.9648f,-0.2631f,1.5301f,0.8136f,-0.1494f,-0.562f,-0.0197f,0f,0f,0f,1f],start_interpolation: 0,interpolation_duration: 1}
$data merge entity $(bone_eyes_down) {transformation: [-0.5816f,-0.2166f,-0.7842f,-0.188f,-0.0045f,0.9648f,-0.2631f,1.4381f,0.8136f,-0.1494f,-0.562f,-0.0442f,0f,0f,0f,1f],start_interpolation: 0,interpolation_duration: 1}
$data merge entity $(bone_eyes_up) {transformation: [-0.5816f,-0.2166f,-0.7842f,-0.2121f,-0.0045f,0.9648f,-0.2631f,1.543f,0.8136f,-0.1494f,-0.562f,-0.0608f,0f,0f,0f,1f],start_interpolation: 0,interpolation_duration: 1}
$data merge entity $(bone_bone) {transformation: [-0.5816f,-0.2166f,-0.7842f,-0.1677f,-0.0045f,0.9648f,-0.2631f,1.3477f,0.8136f,-0.1494f,-0.562f,-0.0302f,0f,0f,0f,1f],start_interpolation: 0,interpolation_duration: 1}
$data merge entity $(bone_l) {transformation: [-0.5749f,-0.1753f,-0.7842f,-0.0825f,-0.0331f,0.7231f,-0.2631f,1.6064f,0.8177f,-0.094f,-0.562f,0.1858f,0f,0f,0f,1f],start_interpolation: 0,interpolation_duration: 1}
$data merge entity $(bone_r) {transformation: [-0.5877f,-0.1495f,-0.7842f,0.0629f,0.024f,0.7233f,-0.2631f,1.6075f,0.8088f,-0.1301f,-0.562f,-0.0176f,0f,0f,0f,1f],start_interpolation: 0,interpolation_duration: 1}
$data merge entity $(bone_sad) {transformation: [-0.7375f,-0.1467f,-0.7842f,-0.1022f,-0.0058f,0.6535f,-0.2631f,1.5205f,1.0317f,-0.1012f,-0.562f,0.2256f,0f,0f,0f,1f],start_interpolation: 0,interpolation_duration: 1}
$data merge entity $(bone_head) {transformation: [-0.5816f,-0.2166f,-0.7842f,-0.1677f,-0.0045f,0.9648f,-0.2631f,1.3477f,0.8136f,-0.1494f,-0.562f,-0.0302f,0f,0f,0f,1f],start_interpolation: 0,interpolation_duration: 1}
$data merge entity $(bone_6) {transformation: [-0.5657f,-0.0128f,-0.8245f,0.0122f,-0.1344f,0.9879f,0.0769f,0.4077f,0.8136f,0.1543f,-0.5606f,-0.1074f,0f,0f,0f,1f],start_interpolation: 0,interpolation_duration: 1}
$data merge entity $(bone_12) {transformation: [-0.5657f,-0.4855f,-0.6666f,-0.1699f,-0.1344f,0.8518f,-0.5064f,0.7271f,0.8136f,-0.1969f,-0.5471f,-0.1812f,0f,0f,0f,1f],start_interpolation: 0,interpolation_duration: 1}
$data merge entity $(bone_10) {transformation: [-0.5815f,-0.1184f,-0.8049f,-0.2641f,-0.0045f,0.9898f,-0.1423f,1.0345f,0.8135f,-0.0791f,-0.5761f,-0.1008f,0f,0f,0f,1f],start_interpolation: 0,interpolation_duration: 1}
$data merge entity $(bone_9) {transformation: [-0.5815f,0.2975f,-0.7572f,-0.1525f,-0.0045f,0.9295f,0.3688f,1.383f,0.8135f,0.2179f,-0.5392f,-0.0191f,0f,0f,0f,1f],start_interpolation: 0,interpolation_duration: 1}
$data merge entity $(item_display_item_display) {transformation: [0.3362f,0.6246f,-0.2193f,0.0022f,-0.4558f,0.3968f,0.4313f,1.0099f,0.4801f,-0.0607f,0.5632f,0.5369f,0f,0f,0f,1f],start_interpolation: 0,interpolation_duration: 1}
$data merge entity $(bone_2) {transformation: [0.2924f,-0.4518f,0.831f,-0.3704f,-0.5751f,0.6056f,0.5316f,0.9952f,-0.7509f,-0.6398f,-0.0836f,0.4031f,0f,0f,0f,1f],start_interpolation: 0,interpolation_duration: 1}
$data merge entity $(bone_1) {transformation: [0.2924f,0.0212f,0.9456f,-0.3572f,-0.5751f,0.7897f,0.1601f,1.2677f,-0.7509f,-0.5966f,0.2456f,0.1995f,0f,0f,0f,1f],start_interpolation: 0,interpolation_duration: 1}
$data merge entity $(bone_4) {transformation: [-0.4117f,-0.7013f,0.5819f,0.299f,-0.6422f,-0.2298f,-0.7313f,1.1944f,0.6466f,-0.6748f,-0.3558f,-0.228f,0f,0f,0f,1f],start_interpolation: 0,interpolation_duration: 1}
$data merge entity $(bone_3) {transformation: [-0.4142f,-0.8944f,0.1686f,-0.0364f,-0.6473f,0.1592f,-0.7454f,1.2541f,0.6399f,-0.4179f,-0.6449f,-0.3847f,0f,0f,0f,1f],start_interpolation: 0,interpolation_duration: 1}
$data merge entity $(bone_8) {transformation: [-0.6576f,0.5322f,-0.5331f,-0.2785f,0.1756f,0.7965f,0.5786f,0.4121f,0.7326f,0.2869f,-0.6173f,0.1231f,0f,0f,0f,1f],start_interpolation: 0,interpolation_duration: 1}
$data merge entity $(bone_7) {transformation: [-0.6576f,0.0674f,-0.7503f,-0.2879f,0.1756f,0.9823f,-0.0657f,0.7164f,0.7326f,-0.1749f,-0.6578f,0.0417f,0f,0f,0f,1f],start_interpolation: 0,interpolation_duration: 1}
data modify entity @s data merge value {"cameras":{"camera":{"posx":0.2275706712962961,"posy":1.5328402199074074,"posz":1.6421057291666667,"roty":154.84215407407407,"rotx":0}},"locators":{}}