# This file was generated by Animated Java via MC-Build. It is not recommended to edit this file directly.
$data merge entity $(bone_layer) {transformation: [-0.5822f,-0.1924f,-0.79f,-0.167f,-0.0046f,0.9724f,-0.2334f,1.3476f,0.8132f,-0.1322f,-0.5669f,-0.0295f,0f,0f,0f,1f],start_interpolation: 0,interpolation_duration: 1}
$data merge entity $(bone_l_1) {transformation: [-0.5822f,-0.1924f,-0.79f,-0.0712f,-0.0046f,0.9724f,-0.2334f,1.5518f,0.8132f,-0.1322f,-0.5669f,0.1747f,0f,0f,0f,1f],start_interpolation: 0,interpolation_duration: 1}
$data merge entity $(bone_eye_l) {transformation: [-0.5822f,-0.1924f,-0.79f,-0.1744f,-0.0046f,0.9724f,-0.2334f,1.3454f,0.8132f,-0.1322f,-0.5669f,-0.0349f,0f,0f,0f,1f],start_interpolation: 0,interpolation_duration: 1}
$data merge entity $(bone_r_1) {transformation: [-0.5822f,-0.1924f,-0.79f,0.0561f,-0.0046f,0.9724f,-0.2334f,1.5528f,0.8132f,-0.1322f,-0.5669f,-0.0032f,0f,0f,0f,1f],start_interpolation: 0,interpolation_duration: 1}
$data merge entity $(bone_eye_r) {transformation: [-0.5822f,-0.1924f,-0.79f,0.0657f,-0.0046f,0.9724f,-0.2334f,1.5241f,0.8132f,-0.1322f,-0.5669f,-0.0157f,0f,0f,0f,1f],start_interpolation: 0,interpolation_duration: 1}
$data merge entity $(bone_eyes_down) {transformation: [-0.5822f,-0.1924f,-0.79f,-0.185f,-0.0046f,0.9724f,-0.2334f,1.4388f,0.8132f,-0.1322f,-0.5669f,-0.0419f,0f,0f,0f,1f],start_interpolation: 0,interpolation_duration: 1}
$data merge entity $(bone_eyes_up) {transformation: [-0.5822f,-0.1924f,-0.79f,-0.2057f,-0.0046f,0.9724f,-0.2334f,1.541f,0.8132f,-0.1322f,-0.5669f,-0.0562f,0f,0f,0f,1f],start_interpolation: 0,interpolation_duration: 1}
$data merge entity $(bone_bone) {transformation: [-0.5822f,-0.1924f,-0.79f,-0.167f,-0.0046f,0.9724f,-0.2334f,1.3476f,0.8132f,-0.1322f,-0.5669f,-0.0295f,0f,0f,0f,1f],start_interpolation: 0,interpolation_duration: 1}
$data merge entity $(bone_l) {transformation: [-0.5769f,-0.1557f,-0.79f,-0.075f,-0.0302f,0.7289f,-0.2334f,1.5975f,0.8164f,-0.0831f,-0.5669f,0.1914f,0f,0f,0f,1f],start_interpolation: 0,interpolation_duration: 1}
$data merge entity $(bone_r) {transformation: [-0.5871f,-0.1327f,-0.79f,0.0705f,0.0211f,0.7291f,-0.2334f,1.5987f,0.8094f,-0.1152f,-0.5669f,-0.0118f,0f,0f,0f,1f],start_interpolation: 0,interpolation_duration: 1}
$data merge entity $(bone_sad) {transformation: [-0.712f,-0.1323f,-0.79f,-0.0977f,-0.0056f,0.6689f,-0.2334f,1.5139f,0.9945f,-0.091f,-0.5669f,0.2298f,0f,0f,0f,1f],start_interpolation: 0,interpolation_duration: 1}
$data merge entity $(bone_head) {transformation: [-0.5822f,-0.1924f,-0.79f,-0.167f,-0.0046f,0.9724f,-0.2334f,1.3476f,0.8132f,-0.1322f,-0.5669f,-0.0295f,0f,0f,0f,1f],start_interpolation: 0,interpolation_duration: 1}
$data merge entity $(bone_6) {transformation: [-0.5663f,-0.0126f,-0.8241f,0.0127f,-0.1344f,0.9879f,0.0772f,0.4076f,0.8131f,0.1545f,-0.5612f,-0.1068f,0f,0f,0f,1f],start_interpolation: 0,interpolation_duration: 1}
$data merge entity $(bone_12) {transformation: [-0.5663f,-0.4851f,-0.6663f,-0.1692f,-0.1344f,0.852f,-0.5061f,0.7271f,0.8131f,-0.197f,-0.5477f,-0.1807f,0f,0f,0f,1f],start_interpolation: 0,interpolation_duration: 1}
$data merge entity $(bone_10) {transformation: [-0.5821f,-0.118f,-0.8045f,-0.2634f,-0.0046f,0.9899f,-0.1419f,1.0344f,0.8131f,-0.0789f,-0.5768f,-0.1003f,0f,0f,0f,1f],start_interpolation: 0,interpolation_duration: 1}
$data merge entity $(bone_9) {transformation: [-0.5821f,0.2976f,-0.7567f,-0.1518f,-0.0046f,0.9294f,0.3691f,1.3829f,0.8131f,0.2184f,-0.5397f,-0.0185f,0f,0f,0f,1f],start_interpolation: 0,interpolation_duration: 1}
$data merge entity $(item_display_item_display) {transformation: [0.3349f,0.6252f,-0.2196f,0.0019f,-0.456f,0.396f,0.432f,1.0095f,0.4808f,-0.06f,0.5626f,0.5381f,0f,0f,0f,1f],start_interpolation: 0,interpolation_duration: 1}
$data merge entity $(bone_2) {transformation: [0.2928f,-0.4498f,0.8319f,-0.3706f,-0.5759f,0.6059f,0.5303f,0.9952f,-0.7501f,-0.6408f,-0.0825f,0.4037f,0f,0f,0f,1f],start_interpolation: 0,interpolation_duration: 1}
$data merge entity $(bone_1) {transformation: [0.2928f,0.0234f,0.9454f,-0.3566f,-0.5759f,0.7894f,0.1588f,1.2676f,-0.7501f,-0.597f,0.2471f,0.2f,0f,0f,0f,1f],start_interpolation: 0,interpolation_duration: 1}
$data merge entity $(bone_4) {transformation: [-0.4055f,-0.6461f,0.6466f,0.2985f,-0.6767f,-0.2633f,-0.6875f,1.1973f,0.6145f,-0.7164f,-0.3305f,-0.2229f,0f,0f,0f,1f],start_interpolation: 0,interpolation_duration: 1}
$data merge entity $(bone_3) {transformation: [-0.4083f,-0.8903f,0.2016f,-0.0354f,-0.683f,0.1514f,-0.7146f,1.2541f,0.6057f,-0.4294f,-0.6699f,-0.3839f,0f,0f,0f,1f],start_interpolation: 0,interpolation_duration: 1}
$data merge entity $(bone_8) {transformation: [-0.6582f,0.5322f,-0.5325f,-0.2781f,0.1756f,0.7963f,0.5789f,0.412f,0.7321f,0.2875f,-0.6175f,0.1234f,0f,0f,0f,1f],start_interpolation: 0,interpolation_duration: 1}
$data merge entity $(bone_7) {transformation: [-0.6582f,0.0678f,-0.7498f,-0.2874f,0.1756f,0.9823f,-0.0653f,0.7164f,0.7321f,-0.1746f,-0.6584f,0.0421f,0f,0f,0f,1f],start_interpolation: 0,interpolation_duration: 1}
data modify entity @s data merge value {"cameras":{"camera":{"posx":0.22721116030092572,"posy":1.5327322844328704,"posz":1.6515659939236111,"roty":154.74401314814816,"rotx":0}},"locators":{}}