# This file was generated by Animated Java via MC-Build. It is not recommended to edit this file directly.
$data merge entity $(bone_layer) {transformation: [-0.5829f,-0.1671f,-0.7952f,-0.1662f,-0.0046f,0.9793f,-0.2024f,1.3475f,0.8126f,-0.1143f,-0.5716f,-0.0288f,0f,0f,0f,1f],start_interpolation: 0,interpolation_duration: 1}
$data merge entity $(bone_l_1) {transformation: [-0.5829f,-0.1671f,-0.7952f,-0.0654f,-0.0046f,0.9793f,-0.2024f,1.5453f,0.8126f,-0.1143f,-0.5716f,0.1792f,0f,0f,0f,1f],start_interpolation: 0,interpolation_duration: 1}
$data merge entity $(bone_eye_l) {transformation: [-0.5829f,-0.1671f,-0.7952f,-0.1736f,-0.0046f,0.9793f,-0.2024f,1.3456f,0.8126f,-0.1143f,-0.5716f,-0.0342f,0f,0f,0f,1f],start_interpolation: 0,interpolation_duration: 1}
$data merge entity $(bone_r_1) {transformation: [-0.5829f,-0.1671f,-0.7952f,0.0621f,-0.0046f,0.9793f,-0.2024f,1.5463f,0.8126f,-0.1143f,-0.5716f,0.0014f,0f,0f,0f,1f],start_interpolation: 0,interpolation_duration: 1}
$data merge entity $(bone_eye_r) {transformation: [-0.5829f,-0.1671f,-0.7952f,0.0709f,-0.0046f,0.9793f,-0.2024f,1.5176f,0.8126f,-0.1143f,-0.5716f,-0.0116f,0f,0f,0f,1f],start_interpolation: 0,interpolation_duration: 1}
$data merge entity $(bone_eyes_down) {transformation: [-0.5829f,-0.1671f,-0.7952f,-0.1819f,-0.0046f,0.9793f,-0.2024f,1.4393f,0.8126f,-0.1143f,-0.5716f,-0.0396f,0f,0f,0f,1f],start_interpolation: 0,interpolation_duration: 1}
$data merge entity $(bone_eyes_up) {transformation: [-0.5829f,-0.1671f,-0.7952f,-0.1993f,-0.0046f,0.9793f,-0.2024f,1.5386f,0.8126f,-0.1143f,-0.5716f,-0.0515f,0f,0f,0f,1f],start_interpolation: 0,interpolation_duration: 1}
$data merge entity $(bone_bone) {transformation: [-0.5829f,-0.1671f,-0.7952f,-0.1662f,-0.0046f,0.9793f,-0.2024f,1.3475f,0.8126f,-0.1143f,-0.5716f,-0.0288f,0f,0f,0f,1f],start_interpolation: 0,interpolation_duration: 1}
$data merge entity $(bone_l) {transformation: [-0.5789f,-0.1354f,-0.7952f,-0.0676f,-0.0272f,0.7342f,-0.2024f,1.5881f,0.815f,-0.0716f,-0.5716f,0.1971f,0f,0f,0f,1f],start_interpolation: 0,interpolation_duration: 1}
$data merge entity $(bone_r) {transformation: [-0.5866f,-0.1152f,-0.7952f,0.0781f,0.0179f,0.7344f,-0.2024f,1.5893f,0.8098f,-0.0997f,-0.5716f,-0.006f,0f,0f,0f,1f],start_interpolation: 0,interpolation_duration: 1}
$data merge entity $(bone_sad) {transformation: [-0.6858f,-0.1168f,-0.7952f,-0.0932f,-0.0055f,0.6843f,-0.2024f,1.5071f,0.956f,-0.0799f,-0.5716f,0.2341f,0f,0f,0f,1f],start_interpolation: 0,interpolation_duration: 1}
$data merge entity $(bone_head) {transformation: [-0.5829f,-0.1671f,-0.7952f,-0.1662f,-0.0046f,0.9793f,-0.2024f,1.3475f,0.8126f,-0.1143f,-0.5716f,-0.0288f,0f,0f,0f,1f],start_interpolation: 0,interpolation_duration: 1}
$data merge entity $(bone_6) {transformation: [-0.5671f,-0.0125f,-0.8235f,0.0133f,-0.1345f,0.9879f,0.0776f,0.4075f,0.8126f,0.1548f,-0.5619f,-0.1062f,0f,0f,0f,1f],start_interpolation: 0,interpolation_duration: 1}
$data merge entity $(bone_12) {transformation: [-0.5671f,-0.4847f,-0.6659f,-0.1685f,-0.1345f,0.8521f,-0.5057f,0.727f,0.8126f,-0.1973f,-0.5485f,-0.1802f,0f,0f,0f,1f],start_interpolation: 0,interpolation_duration: 1}
$data merge entity $(bone_10) {transformation: [-0.5829f,-0.1177f,-0.804f,-0.2627f,-0.0046f,0.9899f,-0.1415f,1.0344f,0.8125f,-0.0788f,-0.5775f,-0.0998f,0f,0f,0f,1f],start_interpolation: 0,interpolation_duration: 1}
$data merge entity $(bone_9) {transformation: [-0.5829f,0.2977f,-0.7561f,-0.151f,-0.0046f,0.9292f,0.3695f,1.3828f,0.8125f,0.2189f,-0.5402f,-0.0177f,0f,0f,0f,1f],start_interpolation: 0,interpolation_duration: 1}
$data merge entity $(item_display_item_display) {transformation: [0.3335f,0.6259f,-0.2199f,0.0014f,-0.4562f,0.3951f,0.4326f,1.009f,0.4817f,-0.0592f,0.5619f,0.5394f,0f,0f,0f,1f],start_interpolation: 0,interpolation_duration: 1}
$data merge entity $(bone_2) {transformation: [0.2933f,-0.4477f,0.8329f,-0.3708f,-0.5768f,0.6063f,0.529f,0.9952f,-0.7493f,-0.642f,-0.0813f,0.4043f,0f,0f,0f,1f],start_interpolation: 0,interpolation_duration: 1}
$data merge entity $(bone_1) {transformation: [0.2933f,0.0257f,0.9452f,-0.3561f,-0.5768f,0.789f,0.1575f,1.2675f,-0.7493f,-0.5974f,0.2487f,0.2005f,0f,0f,0f,1f],start_interpolation: 0,interpolation_duration: 1}
$data merge entity $(bone_4) {transformation: [-0.3987f,-0.5829f,0.708f,0.2976f,-0.7108f,-0.2915f,-0.6402f,1.1997f,0.5796f,-0.7584f,-0.2981f,-0.2173f,0f,0f,0f,1f],start_interpolation: 0,interpolation_duration: 1}
$data merge entity $(bone_3) {transformation: [-0.4016f,-0.8852f,0.2351f,-0.0344f,-0.7179f,0.1449f,-0.6809f,1.2541f,0.5686f,-0.4422f,-0.6936f,-0.3831f,0f,0f,0f,1f],start_interpolation: 0,interpolation_duration: 1}
$data merge entity $(bone_8) {transformation: [-0.6588f,0.5322f,-0.5318f,-0.2777f,0.1756f,0.7961f,0.5792f,0.4119f,0.7316f,0.2882f,-0.6179f,0.1238f,0f,0f,0f,1f],start_interpolation: 0,interpolation_duration: 1}
$data merge entity $(bone_7) {transformation: [-0.6588f,0.0682f,-0.7492f,-0.2868f,0.1756f,0.9823f,-0.0649f,0.7163f,0.7316f,-0.1743f,-0.6591f,0.0425f,0f,0f,0f,1f],start_interpolation: 0,interpolation_duration: 1}
data modify entity @s data merge value {"cameras":{"camera":{"posx":0.2267799999999998,"posy":1.5326,"posz":1.6609250000000002,"roty":154.66536,"rotx":0}},"locators":{}}