# This file was generated by Animated Java via MC-Build. It is not recommended to edit this file directly.
$data merge entity $(bone_layer) {transformation: [-0.5838f,-0.1412f,-0.7996f,-0.1654f,-0.0047f,0.9853f,-0.1705f,1.3474f,0.812f,-0.0958f,-0.5758f,-0.0281f,0f,0f,0f,1f],start_interpolation: 0,interpolation_duration: 1}
$data merge entity $(bone_l_1) {transformation: [-0.5838f,-0.1412f,-0.7996f,-0.0597f,-0.0047f,0.9853f,-0.1705f,1.5385f,0.812f,-0.0958f,-0.5758f,0.1837f,0f,0f,0f,1f],start_interpolation: 0,interpolation_duration: 1}
$data merge entity $(bone_eye_l) {transformation: [-0.5838f,-0.1412f,-0.7996f,-0.1729f,-0.0047f,0.9853f,-0.1705f,1.3458f,0.812f,-0.0958f,-0.5758f,-0.0335f,0f,0f,0f,1f],start_interpolation: 0,interpolation_duration: 1}
$data merge entity $(bone_r_1) {transformation: [-0.5838f,-0.1412f,-0.7996f,0.068f,-0.0047f,0.9853f,-0.1705f,1.5396f,0.812f,-0.0958f,-0.5758f,0.0061f,0f,0f,0f,1f],start_interpolation: 0,interpolation_duration: 1}
$data merge entity $(bone_eye_r) {transformation: [-0.5838f,-0.1412f,-0.7996f,0.0761f,-0.0047f,0.9853f,-0.1705f,1.5109f,0.812f,-0.0958f,-0.5758f,-0.0075f,0f,0f,0f,1f],start_interpolation: 0,interpolation_duration: 1}
$data merge entity $(bone_eyes_down) {transformation: [-0.5838f,-0.1412f,-0.7996f,-0.1787f,-0.0047f,0.9853f,-0.1705f,1.4398f,0.812f,-0.0958f,-0.5758f,-0.0371f,0f,0f,0f,1f],start_interpolation: 0,interpolation_duration: 1}
$data merge entity $(bone_eyes_up) {transformation: [-0.5838f,-0.1412f,-0.7996f,-0.1929f,-0.0047f,0.9853f,-0.1705f,1.5359f,0.812f,-0.0958f,-0.5758f,-0.0468f,0f,0f,0f,1f],start_interpolation: 0,interpolation_duration: 1}
$data merge entity $(bone_bone) {transformation: [-0.5838f,-0.1412f,-0.7996f,-0.1654f,-0.0047f,0.9853f,-0.1705f,1.3474f,0.812f,-0.0958f,-0.5758f,-0.0281f,0f,0f,0f,1f],start_interpolation: 0,interpolation_duration: 1}
$data merge entity $(bone_l) {transformation: [-0.5809f,-0.1145f,-0.7996f,-0.0604f,-0.0241f,0.7388f,-0.1705f,1.5782f,0.8137f,-0.0598f,-0.5758f,0.2027f,0f,0f,0f,1f],start_interpolation: 0,interpolation_duration: 1}
$data merge entity $(bone_r) {transformation: [-0.5864f,-0.0972f,-0.7996f,0.0856f,0.0147f,0.7389f,-0.1705f,1.5793f,0.81f,-0.0838f,-0.5758f,-0.0003f,0f,0f,0f,1f],start_interpolation: 0,interpolation_duration: 1}
$data merge entity $(bone_sad) {transformation: [-0.6591f,-0.1002f,-0.7996f,-0.0889f,-0.0053f,0.6995f,-0.1705f,1.4998f,0.9168f,-0.068f,-0.5758f,0.2384f,0f,0f,0f,1f],start_interpolation: 0,interpolation_duration: 1}
$data merge entity $(bone_head) {transformation: [-0.5838f,-0.1412f,-0.7996f,-0.1654f,-0.0047f,0.9853f,-0.1705f,1.3474f,0.812f,-0.0958f,-0.5758f,-0.0281f,0f,0f,0f,1f],start_interpolation: 0,interpolation_duration: 1}
$data merge entity $(bone_6) {transformation: [-0.568f,-0.0125f,-0.8229f,0.0139f,-0.1346f,0.9878f,0.0779f,0.4074f,0.812f,0.155f,-0.5628f,-0.1055f,0f,0f,0f,1f],start_interpolation: 0,interpolation_duration: 1}
$data merge entity $(bone_12) {transformation: [-0.568f,-0.4843f,-0.6654f,-0.1677f,-0.1346f,0.8523f,-0.5055f,0.727f,0.812f,-0.1975f,-0.5493f,-0.1796f,0f,0f,0f,1f],start_interpolation: 0,interpolation_duration: 1}
$data merge entity $(bone_10) {transformation: [-0.5837f,-0.1174f,-0.8034f,-0.2619f,-0.0047f,0.99f,-0.1412f,1.0343f,0.8119f,-0.0786f,-0.5784f,-0.0993f,0f,0f,0f,1f],start_interpolation: 0,interpolation_duration: 1}
$data merge entity $(bone_9) {transformation: [-0.5837f,0.2977f,-0.7554f,-0.1503f,-0.0047f,0.9291f,0.3698f,1.3827f,0.8119f,0.2194f,-0.5409f,-0.017f,0f,0f,0f,1f],start_interpolation: 0,interpolation_duration: 1}
$data merge entity $(item_display_item_display) {transformation: [0.3319f,0.6266f,-0.2204f,0.0008f,-0.4563f,0.3941f,0.4333f,1.0085f,0.4826f,-0.0582f,0.5612f,0.5408f,0f,0f,0f,1f],start_interpolation: 0,interpolation_duration: 1}
$data merge entity $(bone_2) {transformation: [0.2938f,-0.4455f,0.8339f,-0.3712f,-0.5777f,0.6066f,0.5276f,0.9953f,-0.7483f,-0.6432f,-0.0799f,0.405f,0f,0f,0f,1f],start_interpolation: 0,interpolation_duration: 1}
$data merge entity $(bone_1) {transformation: [0.2938f,0.0282f,0.945f,-0.3556f,-0.5777f,0.7886f,0.1561f,1.2674f,-0.7483f,-0.5978f,0.2505f,0.201f,0f,0f,0f,1f],start_interpolation: 0,interpolation_duration: 1}
$data merge entity $(bone_4) {transformation: [-0.3913f,-0.5127f,0.7642f,0.2964f,-0.7435f,-0.3132f,-0.5909f,1.2015f,0.5423f,-0.7994f,-0.2587f,-0.2113f,0f,0f,0f,1f],start_interpolation: 0,interpolation_duration: 1}
$data merge entity $(bone_3) {transformation: [-0.3942f,-0.879f,0.2684f,-0.0332f,-0.7514f,0.1401f,-0.6448f,1.254f,0.5292f,-0.4558f,-0.7157f,-0.3823f,0f,0f,0f,1f],start_interpolation: 0,interpolation_duration: 1}
$data merge entity $(bone_8) {transformation: [-0.6595f,0.5321f,-0.5309f,-0.2774f,0.1756f,0.7958f,0.5795f,0.4118f,0.7309f,0.289f,-0.6183f,0.1242f,0f,0f,0f,1f],start_interpolation: 0,interpolation_duration: 1}
$data merge entity $(bone_7) {transformation: [-0.6595f,0.0687f,-0.7486f,-0.2863f,0.1756f,0.9823f,-0.0646f,0.7162f,0.7309f,-0.174f,-0.6599f,0.043f,0f,0f,0f,1f],start_interpolation: 0,interpolation_duration: 1}
data modify entity @s data merge value {"cameras":{"camera1":{"px":0.22627439525462942,"py":1.5324423683449073,"pz":1.6701732421875002,"ry":154.60910240740742,"rx":0}},"locators":{}}