# This file was generated by Animated Java via MC-Build. It is not recommended to edit this file directly.
$data merge entity $(bone_layer) {transformation: [-0.527f,0.1047f,-0.8434f,-0.0391f,-0.0014f,0.9923f,0.124f,1.301f,0.85f,0.0665f,-0.5227f,0.0224f,0f,0f,0f,1f],start_interpolation: 0,interpolation_duration: 1}
$data merge entity $(bone_l_1) {transformation: [-0.527f,0.1047f,-0.8434f,0.1209f,-0.0014f,0.9923f,0.124f,1.4232f,0.85f,0.0665f,-0.5227f,0.2505f,0f,0f,0f,1f],start_interpolation: 0,interpolation_duration: 1}
$data merge entity $(bone_eye_l) {transformation: [-0.527f,0.1047f,-0.8434f,-0.047f,-0.0014f,0.9923f,0.124f,1.3022f,0.85f,0.0665f,-0.5227f,0.0175f,0f,0f,0f,1f],start_interpolation: 0,interpolation_duration: 1}
$data merge entity $(bone_r_1) {transformation: [-0.527f,0.1047f,-0.8434f,0.2362f,-0.0014f,0.9923f,0.124f,1.4235f,0.85f,0.0665f,-0.5227f,0.0645f,0f,0f,0f,1f],start_interpolation: 0,interpolation_duration: 1}
$data merge entity $(bone_eye_r) {transformation: [-0.527f,0.1047f,-0.8434f,0.2362f,-0.0014f,0.9923f,0.124f,1.3964f,0.85f,0.0665f,-0.5227f,0.0461f,0f,0f,0f,1f],start_interpolation: 0,interpolation_duration: 1}
$data merge entity $(bone_eyes_down) {transformation: [-0.527f,0.1047f,-0.8434f,-0.0293f,-0.0014f,0.9923f,0.124f,1.394f,0.85f,0.0665f,-0.5227f,0.0286f,0f,0f,0f,1f],start_interpolation: 0,interpolation_duration: 1}
$data merge entity $(bone_eyes_up) {transformation: [-0.527f,0.1047f,-0.8434f,-0.0204f,-0.0014f,0.9923f,0.124f,1.4833f,0.85f,0.0665f,-0.5227f,0.0342f,0f,0f,0f,1f],start_interpolation: 0,interpolation_duration: 1}
$data merge entity $(bone_bone) {transformation: [-0.527f,0.1047f,-0.8434f,-0.0391f,-0.0014f,0.9923f,0.124f,1.301f,0.85f,0.0665f,-0.5227f,0.0224f,0f,0f,0f,1f],start_interpolation: 0,interpolation_duration: 1}
$data merge entity $(bone_l) {transformation: [-0.527f,0.0785f,-0.8434f,0.1305f,-0.0014f,0.7442f,0.124f,1.4522f,0.85f,0.0499f,-0.5227f,0.2748f,0f,0f,0f,1f],start_interpolation: 0,interpolation_duration: 1}
$data merge entity $(bone_r) {transformation: [-0.527f,0.0785f,-0.8434f,0.2622f,-0.0014f,0.7442f,0.124f,1.4526f,0.85f,0.0499f,-0.5227f,0.0623f,0f,0f,0f,1f],start_interpolation: 0,interpolation_duration: 1}
$data merge entity $(bone_sad) {transformation: [-0.8432f,0.0281f,-0.7894f,0.0916f,-0.0022f,0.2666f,0.1161f,1.4008f,1.36f,0.0179f,-0.4893f,0.2955f,0f,0f,0f,1f],start_interpolation: 0,interpolation_duration: 1}
$data merge entity $(bone_head) {transformation: [-0.527f,0.1047f,-0.8434f,-0.0391f,-0.0014f,0.9923f,0.124f,1.301f,0.85f,0.0665f,-0.5227f,0.0224f,0f,0f,0f,1f],start_interpolation: 0,interpolation_duration: 1}
$data merge entity $(bone_6) {transformation: [-0.5268f,0.1122f,-0.8426f,0.0222f,-0.1318f,0.9685f,0.2114f,0.3555f,0.8397f,0.2224f,-0.4954f,-0.1331f,0f,0f,0f,1f],start_interpolation: 0,interpolation_duration: 1}
$data merge entity $(bone_12) {transformation: [-0.5268f,-0.3914f,-0.7545f,-0.1246f,-0.1318f,0.9145f,-0.3825f,0.6985f,0.8397f,-0.102f,-0.5333f,-0.1714f,0f,0f,0f,1f],start_interpolation: 0,interpolation_duration: 1}
$data merge entity $(bone_10) {transformation: [-0.527f,-0.0039f,-0.8499f,-0.1772f,-0.0014f,1f,-0.0037f,1.0079f,0.8499f,-0.0008f,-0.527f,-0.0637f,0f,0f,0f,1f],start_interpolation: 0,interpolation_duration: 1}
$data merge entity $(bone_9) {transformation: [-0.527f,0.4215f,-0.738f,-0.0192f,-0.0014f,0.8679f,0.4967f,1.3334f,0.8499f,0.2627f,-0.4568f,0.0348f,0f,0f,0f,1f],start_interpolation: 0,interpolation_duration: 1}
$data merge entity $(item_display_item_display) {transformation: [0.2951f,0.6689f,-0.1295f,0.1128f,-0.5247f,0.3132f,0.4218f,0.9011f,0.4346f,-0.0762f,0.5972f,0.5603f,0f,0f,0f,1f],start_interpolation: 0,interpolation_duration: 1}
$data merge entity $(bone_2) {transformation: [0.1726f,-0.3938f,0.8918f,-0.2644f,-0.5623f,0.6995f,0.4178f,0.9454f,-0.7963f,-0.5794f,-0.1017f,0.4473f,0f,0f,0f,1f],start_interpolation: 0,interpolation_duration: 1}
$data merge entity $(bone_1) {transformation: [0.1726f,0.1047f,0.9692f,-0.2223f,-0.5623f,0.8147f,0.0121f,1.2256f,-0.7963f,-0.5526f,0.2016f,0.2586f,0f,0f,0f,1f],start_interpolation: 0,interpolation_duration: 1}
$data merge entity $(bone_4) {transformation: [-0.4403f,-0.8183f,0.3696f,0.317f,-0.4774f,-0.1352f,-0.8682f,0.9681f,0.7604f,-0.5587f,-0.3311f,-0.3236f,0f,0f,0f,1f],start_interpolation: 0,interpolation_duration: 1}
$data merge entity $(bone_3) {transformation: [-0.4403f,-0.713f,-0.5457f,0.0496f,-0.4774f,0.7006f,-0.5303f,1.2308f,0.7604f,0.027f,-0.6489f,-0.3135f,0f,0f,0f,1f],start_interpolation: 0,interpolation_duration: 1}
$data merge entity $(bone_8) {transformation: [-0.5854f,0.6429f,-0.4939f,-0.2518f,0.195f,0.703f,0.6839f,0.3754f,0.787f,0.304f,-0.5369f,0.1176f,0f,0f,0f,1f],start_interpolation: 0,interpolation_duration: 1}
$data merge entity $(bone_7) {transformation: [-0.5854f,0.1751f,-0.7916f,-0.2292f,0.195f,0.9781f,0.0722f,0.684f,0.787f,-0.1122f,-0.6067f,0.0579f,0f,0f,0f,1f],start_interpolation: 0,interpolation_duration: 1}
data modify entity @s data merge value {"cameras":{"camera1":{"px":0.1972623966942147,"py":1.4606606874530428,"pz":1.6057297145003757,"ry":167.56680710937502,"rx":0}},"locators":{}}