# This file was generated by Animated Java via MC-Build. It is not recommended to edit this file directly.
$data merge entity $(bone_layer) {transformation: [-0.5848f,-0.1149f,-0.8031f,-0.1647f,-0.0048f,0.9904f,-0.1382f,1.3473f,0.8113f,-0.077f,-0.5796f,-0.0273f,0f,0f,0f,1f],start_interpolation: 0,interpolation_duration: 1}
$data merge entity $(bone_l_1) {transformation: [-0.5848f,-0.1149f,-0.8031f,-0.0542f,-0.0048f,0.9904f,-0.1382f,1.5315f,0.8113f,-0.077f,-0.5796f,0.1882f,0f,0f,0f,1f],start_interpolation: 0,interpolation_duration: 1}
$data merge entity $(bone_eye_l) {transformation: [-0.5848f,-0.1149f,-0.8031f,-0.1722f,-0.0048f,0.9904f,-0.1382f,1.346f,0.8113f,-0.077f,-0.5796f,-0.0327f,0f,0f,0f,1f],start_interpolation: 0,interpolation_duration: 1}
$data merge entity $(bone_r_1) {transformation: [-0.5848f,-0.1149f,-0.8031f,0.0737f,-0.0048f,0.9904f,-0.1382f,1.5325f,0.8113f,-0.077f,-0.5796f,0.0107f,0f,0f,0f,1f],start_interpolation: 0,interpolation_duration: 1}
$data merge entity $(bone_eye_r) {transformation: [-0.5848f,-0.1149f,-0.8031f,0.081f,-0.0048f,0.9904f,-0.1382f,1.5039f,0.8113f,-0.077f,-0.5796f,-0.0034f,0f,0f,0f,1f],start_interpolation: 0,interpolation_duration: 1}
$data merge entity $(bone_eyes_down) {transformation: [-0.5848f,-0.1149f,-0.8031f,-0.1754f,-0.0048f,0.9904f,-0.1382f,1.4402f,0.8113f,-0.077f,-0.5796f,-0.0345f,0f,0f,0f,1f],start_interpolation: 0,interpolation_duration: 1}
$data merge entity $(bone_eyes_up) {transformation: [-0.5848f,-0.1149f,-0.8031f,-0.1867f,-0.0048f,0.9904f,-0.1382f,1.5329f,0.8113f,-0.077f,-0.5796f,-0.0421f,0f,0f,0f,1f],start_interpolation: 0,interpolation_duration: 1}
$data merge entity $(bone_bone) {transformation: [-0.5848f,-0.1149f,-0.8031f,-0.1647f,-0.0048f,0.9904f,-0.1382f,1.3473f,0.8113f,-0.077f,-0.5796f,-0.0273f,0f,0f,0f,1f],start_interpolation: 0,interpolation_duration: 1}
$data merge entity $(bone_l) {transformation: [-0.5828f,-0.0933f,-0.8031f,-0.0535f,-0.021f,0.7426f,-0.1382f,1.5678f,0.8125f,-0.0478f,-0.5796f,0.2082f,0f,0f,0f,1f],start_interpolation: 0,interpolation_duration: 1}
$data merge entity $(bone_r) {transformation: [-0.5866f,-0.079f,-0.8031f,0.0927f,0.0114f,0.7428f,-0.1382f,1.569f,0.81f,-0.0677f,-0.5796f,0.0054f,0f,0f,0f,1f],start_interpolation: 0,interpolation_duration: 1}
$data merge entity $(bone_sad) {transformation: [-0.6322f,-0.0828f,-0.8031f,-0.0848f,-0.0052f,0.7141f,-0.1382f,1.4924f,0.8772f,-0.0555f,-0.5796f,0.2426f,0f,0f,0f,1f],start_interpolation: 0,interpolation_duration: 1}
$data merge entity $(bone_head) {transformation: [-0.5848f,-0.1149f,-0.8031f,-0.1647f,-0.0048f,0.9904f,-0.1382f,1.3473f,0.8113f,-0.077f,-0.5796f,-0.0273f,0f,0f,0f,1f],start_interpolation: 0,interpolation_duration: 1}
$data merge entity $(bone_6) {transformation: [-0.569f,-0.0125f,-0.8222f,0.0146f,-0.1346f,0.9878f,0.0782f,0.4072f,0.8112f,0.1552f,-0.5637f,-0.1047f,0f,0f,0f,1f],start_interpolation: 0,interpolation_duration: 1}
$data merge entity $(bone_12) {transformation: [-0.569f,-0.4839f,-0.6649f,-0.1669f,-0.1346f,0.8525f,-0.5052f,0.7269f,0.8112f,-0.1979f,-0.5502f,-0.1789f,0f,0f,0f,1f],start_interpolation: 0,interpolation_duration: 1}
$data merge entity $(bone_10) {transformation: [-0.5847f,-0.1171f,-0.8028f,-0.2611f,-0.0048f,0.99f,-0.1409f,1.0343f,0.8112f,-0.0785f,-0.5794f,-0.0987f,0f,0f,0f,1f],start_interpolation: 0,interpolation_duration: 1}
$data merge entity $(bone_9) {transformation: [-0.5847f,0.2977f,-0.7547f,-0.1495f,-0.0048f,0.929f,0.3701f,1.3826f,0.8112f,0.22f,-0.5417f,-0.0162f,0f,0f,0f,1f],start_interpolation: 0,interpolation_duration: 1}
$data merge entity $(item_display_item_display) {transformation: [0.3302f,0.6273f,-0.2209f,0.0001f,-0.4565f,0.3931f,0.434f,1.008f,0.4836f,-0.0572f,0.5605f,0.5423f,0f,0f,0f,1f],start_interpolation: 0,interpolation_duration: 1}
$data merge entity $(bone_2) {transformation: [0.2945f,-0.443f,0.8349f,-0.3716f,-0.5787f,0.6069f,0.5262f,0.9953f,-0.7473f,-0.6446f,-0.0784f,0.4056f,0f,0f,0f,1f],start_interpolation: 0,interpolation_duration: 1}
$data merge entity $(bone_1) {transformation: [0.2945f,0.0309f,0.9447f,-0.3551f,-0.5787f,0.7882f,0.1546f,1.2673f,-0.7473f,-0.5982f,0.2525f,0.2016f,0f,0f,0f,1f],start_interpolation: 0,interpolation_duration: 1}
$data merge entity $(bone_4) {transformation: [-0.3836f,-0.437f,0.8135f,0.2949f,-0.7744f,-0.3277f,-0.5412f,1.2025f,0.5031f,-0.8376f,-0.2127f,-0.2051f,0f,0f,0f,1f],start_interpolation: 0,interpolation_duration: 1}
$data merge entity $(bone_3) {transformation: [-0.3863f,-0.8719f,0.3009f,-0.0321f,-0.7827f,0.1373f,-0.6071f,1.254f,0.488f,-0.47f,-0.7355f,-0.3814f,0f,0f,0f,1f],start_interpolation: 0,interpolation_duration: 1}
$data merge entity $(bone_8) {transformation: [-0.6603f,0.532f,-0.5301f,-0.277f,0.1756f,0.7956f,0.5798f,0.4117f,0.7302f,0.2898f,-0.6188f,0.1246f,0f,0f,0f,1f],start_interpolation: 0,interpolation_duration: 1}
$data merge entity $(bone_7) {transformation: [-0.6603f,0.0691f,-0.7478f,-0.2858f,0.1756f,0.9824f,-0.0643f,0.7161f,0.7302f,-0.1737f,-0.6608f,0.0435f,0f,0f,0f,1f],start_interpolation: 0,interpolation_duration: 1}
data modify entity @s data merge value {"cameras":{"camera":{"posx":0.22569155092592572,"posy":1.5322583912037038,"posz":1.679301215277778,"roty":154.57814814814816,"rotx":0}},"locators":{}}