# This file was generated by Animated Java via MC-Build. It is not recommended to edit this file directly.
$data merge entity $(bone_layer) {transformation: [-0.5858f,-0.0886f,-0.8056f,-0.1639f,-0.0049f,0.9944f,-0.1058f,1.3472f,0.8105f,-0.058f,-0.5829f,-0.0265f,0f,0f,0f,1f],start_interpolation: 0,interpolation_duration: 1}
$data merge entity $(bone_l_1) {transformation: [-0.5858f,-0.0886f,-0.8056f,-0.0489f,-0.0049f,0.9944f,-0.1058f,1.5243f,0.8105f,-0.058f,-0.5829f,0.1926f,0f,0f,0f,1f],start_interpolation: 0,interpolation_duration: 1}
$data merge entity $(bone_eye_l) {transformation: [-0.5858f,-0.0886f,-0.8056f,-0.1715f,-0.0049f,0.9944f,-0.1058f,1.3462f,0.8105f,-0.058f,-0.5829f,-0.0319f,0f,0f,0f,1f],start_interpolation: 0,interpolation_duration: 1}
$data merge entity $(bone_r_1) {transformation: [-0.5858f,-0.0886f,-0.8056f,0.0792f,-0.0049f,0.9944f,-0.1058f,1.5253f,0.8105f,-0.058f,-0.5829f,0.0153f,0f,0f,0f,1f],start_interpolation: 0,interpolation_duration: 1}
$data merge entity $(bone_eye_r) {transformation: [-0.5858f,-0.0886f,-0.8056f,0.0858f,-0.0049f,0.9944f,-0.1058f,1.4968f,0.8105f,-0.058f,-0.5829f,0.0007f,0f,0f,0f,1f],start_interpolation: 0,interpolation_duration: 1}
$data merge entity $(bone_eyes_down) {transformation: [-0.5858f,-0.0886f,-0.8056f,-0.1722f,-0.0049f,0.9944f,-0.1058f,1.4405f,0.8105f,-0.058f,-0.5829f,-0.0319f,0f,0f,0f,1f],start_interpolation: 0,interpolation_duration: 1}
$data merge entity $(bone_eyes_up) {transformation: [-0.5858f,-0.0886f,-0.8056f,-0.1807f,-0.0049f,0.9944f,-0.1058f,1.5297f,0.8105f,-0.058f,-0.5829f,-0.0375f,0f,0f,0f,1f],start_interpolation: 0,interpolation_duration: 1}
$data merge entity $(bone_bone) {transformation: [-0.5858f,-0.0886f,-0.8056f,-0.1639f,-0.0049f,0.9944f,-0.1058f,1.3472f,0.8105f,-0.058f,-0.5829f,-0.0265f,0f,0f,0f,1f],start_interpolation: 0,interpolation_duration: 1}
$data merge entity $(bone_l) {transformation: [-0.5846f,-0.0722f,-0.8056f,-0.047f,-0.0179f,0.7457f,-0.1058f,1.5573f,0.8112f,-0.0355f,-0.5829f,0.2135f,0f,0f,0f,1f],start_interpolation: 0,interpolation_duration: 1}
$data merge entity $(bone_r) {transformation: [-0.587f,-0.0606f,-0.8056f,0.0994f,0.0082f,0.7458f,-0.1058f,1.5585f,0.8097f,-0.0515f,-0.5829f,0.0109f,0f,0f,0f,1f],start_interpolation: 0,interpolation_duration: 1}
$data merge entity $(bone_sad) {transformation: [-0.6055f,-0.0648f,-0.8056f,-0.081f,-0.005f,0.728f,-0.1058f,1.4848f,0.8377f,-0.0425f,-0.5829f,0.2467f,0f,0f,0f,1f],start_interpolation: 0,interpolation_duration: 1}
$data merge entity $(bone_head) {transformation: [-0.5858f,-0.0886f,-0.8056f,-0.1639f,-0.0049f,0.9944f,-0.1058f,1.3472f,0.8105f,-0.058f,-0.5829f,-0.0265f,0f,0f,0f,1f],start_interpolation: 0,interpolation_duration: 1}
$data merge entity $(bone_6) {transformation: [-0.5701f,-0.0125f,-0.8215f,0.0153f,-0.1347f,0.9878f,0.0784f,0.4071f,0.8104f,0.1554f,-0.5648f,-0.1039f,0f,0f,0f,1f],start_interpolation: 0,interpolation_duration: 1}
$data merge entity $(bone_12) {transformation: [-0.5701f,-0.4835f,-0.6643f,-0.166f,-0.1347f,0.8526f,-0.5049f,0.7269f,0.8104f,-0.1984f,-0.5512f,-0.1782f,0f,0f,0f,1f],start_interpolation: 0,interpolation_duration: 1}
$data merge entity $(bone_10) {transformation: [-0.5858f,-0.1168f,-0.802f,-0.2603f,-0.0049f,0.9901f,-0.1406f,1.0342f,0.8105f,-0.0785f,-0.5805f,-0.098f,0f,0f,0f,1f],start_interpolation: 0,interpolation_duration: 1}
$data merge entity $(bone_9) {transformation: [-0.5858f,0.2976f,-0.7539f,-0.1487f,-0.0049f,0.9288f,0.3704f,1.3825f,0.8105f,0.2207f,-0.5426f,-0.0153f,0f,0f,0f,1f],start_interpolation: 0,interpolation_duration: 1}
$data merge entity $(item_display_item_display) {transformation: [0.3284f,0.628f,-0.2215f,-0.0008f,-0.4566f,0.3921f,0.4348f,1.0076f,0.4847f,-0.0561f,0.5596f,0.5439f,0f,0f,0f,1f],start_interpolation: 0,interpolation_duration: 1}
$data merge entity $(bone_2) {transformation: [0.2953f,-0.4404f,0.836f,-0.3721f,-0.5797f,0.6072f,0.5247f,0.9954f,-0.7462f,-0.6461f,-0.0768f,0.4063f,0f,0f,0f,1f],start_interpolation: 0,interpolation_duration: 1}
$data merge entity $(bone_1) {transformation: [0.2953f,0.0337f,0.9443f,-0.3546f,-0.5797f,0.7877f,0.1532f,1.2672f,-0.7462f,-0.5987f,0.2547f,0.2021f,0f,0f,0f,1f],start_interpolation: 0,interpolation_duration: 1}
$data merge entity $(bone_4) {transformation: [-0.3758f,-0.3574f,0.855f,0.2932f,-0.8029f,-0.3351f,-0.493f,1.2027f,0.4627f,-0.8717f,-0.1611f,-0.1988f,0f,0f,0f,1f],start_interpolation: 0,interpolation_duration: 1}
$data merge entity $(bone_3) {transformation: [-0.3781f,-0.8642f,0.332f,-0.0309f,-0.8113f,0.1366f,-0.5684f,1.254f,0.4459f,-0.4843f,-0.7528f,-0.3804f,0f,0f,0f,1f],start_interpolation: 0,interpolation_duration: 1}
$data merge entity $(bone_8) {transformation: [-0.6613f,0.5318f,-0.5291f,-0.2766f,0.1756f,0.7954f,0.5801f,0.4116f,0.7293f,0.2907f,-0.6194f,0.1251f,0f,0f,0f,1f],start_interpolation: 0,interpolation_duration: 1}
$data merge entity $(bone_7) {transformation: [-0.6613f,0.0696f,-0.7469f,-0.2852f,0.1756f,0.9824f,-0.064f,0.716f,0.7293f,-0.1734f,-0.6618f,0.044f,0f,0f,0f,1f],start_interpolation: 0,interpolation_duration: 1}
data modify entity @s data merge value {"cameras":{"camera":{"posx":0.2250286718749998,"posy":1.5320470703125,"posz":1.6882994140625,"roty":154.575405,"rotx":0}},"locators":{}}