# This file was generated by Animated Java via MC-Build. It is not recommended to edit this file directly.
$data merge entity $(bone_layer) {transformation: [-0.587f,-0.0626f,-0.8072f,-0.1631f,-0.005f,0.9973f,-0.0737f,1.3472f,0.8097f,-0.0393f,-0.5857f,-0.0256f,0f,0f,0f,1f],start_interpolation: 0,interpolation_duration: 1}
$data merge entity $(bone_l_1) {transformation: [-0.587f,-0.0626f,-0.8072f,-0.044f,-0.005f,0.9973f,-0.0737f,1.5169f,0.8097f,-0.0393f,-0.5857f,0.197f,0f,0f,0f,1f],start_interpolation: 0,interpolation_duration: 1}
$data merge entity $(bone_eye_l) {transformation: [-0.587f,-0.0626f,-0.8072f,-0.1707f,-0.005f,0.9973f,-0.0737f,1.3465f,0.8097f,-0.0393f,-0.5857f,-0.0311f,0f,0f,0f,1f],start_interpolation: 0,interpolation_duration: 1}
$data merge entity $(bone_r_1) {transformation: [-0.587f,-0.0626f,-0.8072f,0.0845f,-0.005f,0.9973f,-0.0737f,1.518f,0.8097f,-0.0393f,-0.5857f,0.0199f,0f,0f,0f,1f],start_interpolation: 0,interpolation_duration: 1}
$data merge entity $(bone_eye_r) {transformation: [-0.587f,-0.0626f,-0.8072f,0.0903f,-0.005f,0.9973f,-0.0737f,1.4896f,0.8097f,-0.0393f,-0.5857f,0.0047f,0f,0f,0f,1f],start_interpolation: 0,interpolation_duration: 1}
$data merge entity $(bone_eyes_down) {transformation: [-0.587f,-0.0626f,-0.8072f,-0.169f,-0.005f,0.9973f,-0.0737f,1.4407f,0.8097f,-0.0393f,-0.5857f,-0.0293f,0f,0f,0f,1f],start_interpolation: 0,interpolation_duration: 1}
$data merge entity $(bone_eyes_up) {transformation: [-0.587f,-0.0626f,-0.8072f,-0.1749f,-0.005f,0.9973f,-0.0737f,1.5264f,0.8097f,-0.0393f,-0.5857f,-0.033f,0f,0f,0f,1f],start_interpolation: 0,interpolation_duration: 1}
$data merge entity $(bone_bone) {transformation: [-0.587f,-0.0626f,-0.8072f,-0.1631f,-0.005f,0.9973f,-0.0737f,1.3472f,0.8097f,-0.0393f,-0.5857f,-0.0256f,0f,0f,0f,1f],start_interpolation: 0,interpolation_duration: 1}
$data merge entity $(bone_l) {transformation: [-0.5864f,-0.0514f,-0.8072f,-0.0411f,-0.0151f,0.7479f,-0.0737f,1.5466f,0.81f,-0.0233f,-0.5857f,0.2186f,0f,0f,0f,1f],start_interpolation: 0,interpolation_duration: 1}
$data merge entity $(bone_r) {transformation: [-0.5877f,-0.0425f,-0.8072f,0.1057f,0.0051f,0.748f,-0.0737f,1.5479f,0.8092f,-0.0356f,-0.5857f,0.0162f,0f,0f,0f,1f],start_interpolation: 0,interpolation_duration: 1}
$data merge entity $(bone_sad) {transformation: [-0.5791f,-0.0465f,-0.8072f,-0.0774f,-0.0049f,0.7411f,-0.0737f,1.4772f,0.7988f,-0.0292f,-0.5857f,0.2508f,0f,0f,0f,1f],start_interpolation: 0,interpolation_duration: 1}
$data merge entity $(bone_head) {transformation: [-0.587f,-0.0626f,-0.8072f,-0.1631f,-0.005f,0.9973f,-0.0737f,1.3472f,0.8097f,-0.0393f,-0.5857f,-0.0256f,0f,0f,0f,1f],start_interpolation: 0,interpolation_duration: 1}
$data merge entity $(bone_6) {transformation: [-0.5713f,-0.0126f,-0.8206f,0.016f,-0.1348f,0.9877f,0.0787f,0.4071f,0.8096f,0.1556f,-0.566f,-0.1029f,0f,0f,0f,1f],start_interpolation: 0,interpolation_duration: 1}
$data merge entity $(bone_12) {transformation: [-0.5713f,-0.483f,-0.6635f,-0.1651f,-0.1348f,0.8527f,-0.5047f,0.7268f,0.8096f,-0.1989f,-0.5523f,-0.1775f,0f,0f,0f,1f],start_interpolation: 0,interpolation_duration: 1}
$data merge entity $(bone_10) {transformation: [-0.587f,-0.1165f,-0.8012f,-0.2595f,-0.005f,0.9901f,-0.1403f,1.0342f,0.8096f,-0.0784f,-0.5818f,-0.0974f,0f,0f,0f,1f],start_interpolation: 0,interpolation_duration: 1}
$data merge entity $(bone_9) {transformation: [-0.587f,0.2975f,-0.753f,-0.148f,-0.005f,0.9287f,0.3707f,1.3825f,0.8096f,0.2214f,-0.5437f,-0.0144f,0f,0f,0f,1f],start_interpolation: 0,interpolation_duration: 1}
$data merge entity $(item_display_item_display) {transformation: [0.3265f,0.6288f,-0.2222f,-0.0018f,-0.4567f,0.3911f,0.4356f,1.0071f,0.4859f,-0.0549f,0.5587f,0.5456f,0f,0f,0f,1f],start_interpolation: 0,interpolation_duration: 1}
$data merge entity $(bone_2) {transformation: [0.2962f,-0.4376f,0.8372f,-0.3728f,-0.5808f,0.6075f,0.5231f,0.9955f,-0.745f,-0.6477f,-0.075f,0.4071f,0f,0f,0f,1f],start_interpolation: 0,interpolation_duration: 1}
$data merge entity $(bone_1) {transformation: [0.2962f,0.0367f,0.9439f,-0.3542f,-0.5808f,0.7872f,0.1516f,1.2671f,-0.745f,-0.5992f,0.2571f,0.2027f,0f,0f,0f,1f],start_interpolation: 0,interpolation_duration: 1}
$data merge entity $(bone_4) {transformation: [-0.3679f,-0.276f,0.8879f,0.2914f,-0.8287f,-0.3359f,-0.4478f,1.2022f,0.4218f,-0.9005f,-0.1052f,-0.1925f,0f,0f,0f,1f],start_interpolation: 0,interpolation_duration: 1}
$data merge entity $(bone_3) {transformation: [-0.3698f,-0.856f,0.3612f,-0.0296f,-0.8369f,0.138f,-0.5297f,1.254f,0.4036f,-0.4982f,-0.7674f,-0.3793f,0f,0f,0f,1f],start_interpolation: 0,interpolation_duration: 1}
$data merge entity $(bone_8) {transformation: [-0.6623f,0.5315f,-0.528f,-0.2762f,0.1755f,0.7952f,0.5803f,0.4115f,0.7284f,0.2917f,-0.62f,0.1256f,0f,0f,0f,1f],start_interpolation: 0,interpolation_duration: 1}
$data merge entity $(bone_7) {transformation: [-0.6623f,0.07f,-0.7459f,-0.2847f,0.1755f,0.9824f,-0.0637f,0.716f,0.7284f,-0.1731f,-0.663f,0.0446f,0f,0f,0f,1f],start_interpolation: 0,interpolation_duration: 1}
data modify entity @s data merge value {"cameras":{"camera1":{"px":0.22428296296296277,"py":1.5318074074074075,"pz":1.6971583333333333,"ry":154.60378074074075,"rx":0}},"locators":{}}