# This file was generated by Animated Java via MC-Build. It is not recommended to edit this file directly.
$data merge entity $(bone_layer) {transformation: [-0.5884f,-0.0372f,-0.8078f,-0.1624f,-0.0051f,0.9991f,-0.0424f,1.3471f,0.8087f,-0.0208f,-0.588f,-0.0247f,0f,0f,0f,1f],start_interpolation: 0,interpolation_duration: 1}
$data merge entity $(bone_l_1) {transformation: [-0.5884f,-0.0372f,-0.8078f,-0.0393f,-0.0051f,0.9991f,-0.0424f,1.5097f,0.8087f,-0.0208f,-0.588f,0.2012f,0f,0f,0f,1f],start_interpolation: 0,interpolation_duration: 1}
$data merge entity $(bone_eye_l) {transformation: [-0.5884f,-0.0372f,-0.8078f,-0.17f,-0.0051f,0.9991f,-0.0424f,1.3467f,0.8087f,-0.0208f,-0.588f,-0.0302f,0f,0f,0f,1f],start_interpolation: 0,interpolation_duration: 1}
$data merge entity $(bone_r_1) {transformation: [-0.5884f,-0.0372f,-0.8078f,0.0894f,-0.0051f,0.9991f,-0.0424f,1.5108f,0.8087f,-0.0208f,-0.588f,0.0243f,0f,0f,0f,1f],start_interpolation: 0,interpolation_duration: 1}
$data merge entity $(bone_eye_r) {transformation: [-0.5884f,-0.0372f,-0.8078f,0.0946f,-0.0051f,0.9991f,-0.0424f,1.4825f,0.8087f,-0.0208f,-0.588f,0.0085f,0f,0f,0f,1f],start_interpolation: 0,interpolation_duration: 1}
$data merge entity $(bone_eyes_down) {transformation: [-0.5884f,-0.0372f,-0.8078f,-0.1659f,-0.0051f,0.9991f,-0.0424f,1.4408f,0.8087f,-0.0208f,-0.588f,-0.0266f,0f,0f,0f,1f],start_interpolation: 0,interpolation_duration: 1}
$data merge entity $(bone_eyes_up) {transformation: [-0.5884f,-0.0372f,-0.8078f,-0.1694f,-0.0051f,0.9991f,-0.0424f,1.5229f,0.8087f,-0.0208f,-0.588f,-0.0287f,0f,0f,0f,1f],start_interpolation: 0,interpolation_duration: 1}
$data merge entity $(bone_bone) {transformation: [-0.5884f,-0.0372f,-0.8078f,-0.1624f,-0.0051f,0.9991f,-0.0424f,1.3471f,0.8087f,-0.0208f,-0.588f,-0.0247f,0f,0f,0f,1f],start_interpolation: 0,interpolation_duration: 1}
$data merge entity $(bone_l) {transformation: [-0.5881f,-0.0312f,-0.8078f,-0.0356f,-0.0124f,0.7493f,-0.0424f,1.536f,0.8088f,-0.0112f,-0.588f,0.2234f,0f,0f,0f,1f],start_interpolation: 0,interpolation_duration: 1}
$data merge entity $(bone_r) {transformation: [-0.5886f,-0.0247f,-0.8078f,0.1115f,0.0023f,0.7493f,-0.0424f,1.5373f,0.8085f,-0.0201f,-0.588f,0.0212f,0f,0f,0f,1f],start_interpolation: 0,interpolation_duration: 1}
$data merge entity $(bone_sad) {transformation: [-0.5535f,-0.0281f,-0.8078f,-0.0742f,-0.0048f,0.7531f,-0.0424f,1.4697f,0.7608f,-0.0157f,-0.588f,0.2546f,0f,0f,0f,1f],start_interpolation: 0,interpolation_duration: 1}
$data merge entity $(bone_head) {transformation: [-0.5884f,-0.0372f,-0.8078f,-0.1624f,-0.0051f,0.9991f,-0.0424f,1.3471f,0.8087f,-0.0208f,-0.588f,-0.0247f,0f,0f,0f,1f],start_interpolation: 0,interpolation_duration: 1}
$data merge entity $(bone_6) {transformation: [-0.5727f,-0.0128f,-0.8197f,0.0167f,-0.1349f,0.9877f,0.0789f,0.407f,0.8086f,0.1558f,-0.5674f,-0.1019f,0f,0f,0f,1f],start_interpolation: 0,interpolation_duration: 1}
$data merge entity $(bone_12) {transformation: [-0.5727f,-0.4826f,-0.6627f,-0.1642f,-0.1349f,0.8528f,-0.5044f,0.7268f,0.8086f,-0.1995f,-0.5535f,-0.1767f,0f,0f,0f,1f],start_interpolation: 0,interpolation_duration: 1}
$data merge entity $(bone_10) {transformation: [-0.5883f,-0.1162f,-0.8002f,-0.2587f,-0.0051f,0.9901f,-0.1401f,1.0342f,0.8086f,-0.0784f,-0.5831f,-0.0967f,0f,0f,0f,1f],start_interpolation: 0,interpolation_duration: 1}
$data merge entity $(bone_9) {transformation: [-0.5883f,0.2973f,-0.752f,-0.1473f,-0.0051f,0.9286f,0.371f,1.3824f,0.8086f,0.2221f,-0.5448f,-0.0134f,0f,0f,0f,1f],start_interpolation: 0,interpolation_duration: 1}
$data merge entity $(item_display_item_display) {transformation: [0.3245f,0.6295f,-0.223f,-0.0029f,-0.4568f,0.39f,0.4365f,1.0066f,0.4872f,-0.0536f,0.5577f,0.5474f,0f,0f,0f,1f],start_interpolation: 0,interpolation_duration: 1}
$data merge entity $(bone_2) {transformation: [0.2973f,-0.4347f,0.8383f,-0.3735f,-0.582f,0.6078f,0.5215f,0.9956f,-0.7436f,-0.6494f,-0.073f,0.4078f,0f,0f,0f,1f],start_interpolation: 0,interpolation_duration: 1}
$data merge entity $(bone_1) {transformation: [0.2973f,0.0399f,0.9435f,-0.3539f,-0.582f,0.7867f,0.1501f,1.267f,-0.7436f,-0.5997f,0.2597f,0.2033f,0f,0f,0f,1f],start_interpolation: 0,interpolation_duration: 1}
$data merge entity $(bone_4) {transformation: [-0.3603f,-0.1948f,0.9123f,0.2896f,-0.8514f,-0.3309f,-0.4069f,1.2009f,0.3812f,-0.9233f,-0.0467f,-0.1865f,0f,0f,0f,1f],start_interpolation: 0,interpolation_duration: 1}
$data merge entity $(bone_3) {transformation: [-0.3616f,-0.8477f,0.3881f,-0.0283f,-0.8591f,0.1414f,-0.4918f,1.2539f,0.3621f,-0.5113f,-0.7794f,-0.3782f,0f,0f,0f,1f],start_interpolation: 0,interpolation_duration: 1}
$data merge entity $(bone_8) {transformation: [-0.6635f,0.5312f,-0.5269f,-0.2759f,0.1755f,0.7951f,0.5806f,0.4115f,0.7273f,0.2927f,-0.6208f,0.1261f,0f,0f,0f,1f],start_interpolation: 0,interpolation_duration: 1}
$data merge entity $(bone_7) {transformation: [-0.6635f,0.0705f,-0.7449f,-0.2841f,0.1755f,0.9824f,-0.0634f,0.7159f,0.7273f,-0.1728f,-0.6642f,0.0451f,0f,0f,0f,1f],start_interpolation: 0,interpolation_duration: 1}
data modify entity @s data merge value {"cameras":{"camera1":{"px":0.22345162905092572,"py":1.531538404224537,"pz":1.7058684678819445,"ry":154.66618314814815,"rx":0}},"locators":{}}