# This file was generated by Animated Java via MC-Build. It is not recommended to edit this file directly.
$data merge entity $(bone_layer) {transformation: [-0.5898f,-0.0129f,-0.8075f,-0.1616f,-0.0052f,0.9999f,-0.0122f,1.347f,0.8076f,-0.003f,-0.5898f,-0.0237f,0f,0f,0f,1f],start_interpolation: 0,interpolation_duration: 1}
$data merge entity $(bone_l_1) {transformation: [-0.5898f,-0.0129f,-0.8075f,-0.0351f,-0.0052f,0.9999f,-0.0122f,1.5025f,0.8076f,-0.003f,-0.5898f,0.2052f,0f,0f,0f,1f],start_interpolation: 0,interpolation_duration: 1}
$data merge entity $(bone_eye_l) {transformation: [-0.5898f,-0.0129f,-0.8075f,-0.1692f,-0.0052f,0.9999f,-0.0122f,1.3469f,0.8076f,-0.003f,-0.5898f,-0.0292f,0f,0f,0f,1f],start_interpolation: 0,interpolation_duration: 1}
$data merge entity $(bone_r_1) {transformation: [-0.5898f,-0.0129f,-0.8075f,0.0939f,-0.0052f,0.9999f,-0.0122f,1.5036f,0.8076f,-0.003f,-0.5898f,0.0285f,0f,0f,0f,1f],start_interpolation: 0,interpolation_duration: 1}
$data merge entity $(bone_eye_r) {transformation: [-0.5898f,-0.0129f,-0.8075f,0.0985f,-0.0052f,0.9999f,-0.0122f,1.4755f,0.8076f,-0.003f,-0.5898f,0.0123f,0f,0f,0f,1f],start_interpolation: 0,interpolation_duration: 1}
$data merge entity $(bone_eyes_down) {transformation: [-0.5898f,-0.0129f,-0.8075f,-0.1629f,-0.0052f,0.9999f,-0.0122f,1.4408f,0.8076f,-0.003f,-0.5898f,-0.024f,0f,0f,0f,1f],start_interpolation: 0,interpolation_duration: 1}
$data merge entity $(bone_eyes_up) {transformation: [-0.5898f,-0.0129f,-0.8075f,-0.1644f,-0.0052f,0.9999f,-0.0122f,1.5194f,0.8076f,-0.003f,-0.5898f,-0.0246f,0f,0f,0f,1f],start_interpolation: 0,interpolation_duration: 1}
$data merge entity $(bone_bone) {transformation: [-0.5898f,-0.0129f,-0.8075f,-0.1616f,-0.0052f,0.9999f,-0.0122f,1.347f,0.8076f,-0.003f,-0.5898f,-0.0237f,0f,0f,0f,1f],start_interpolation: 0,interpolation_duration: 1}
$data merge entity $(bone_l) {transformation: [-0.5898f,-0.0118f,-0.8075f,-0.0307f,-0.01f,0.7499f,-0.0122f,1.5256f,0.8076f,0.0007f,-0.5898f,0.2279f,0f,0f,0f,1f],start_interpolation: 0,interpolation_duration: 1}
$data merge entity $(bone_r) {transformation: [-0.5899f,-0.0075f,-0.8075f,0.1167f,-0.0003f,0.7499f,-0.0122f,1.5269f,0.8076f,-0.0052f,-0.5898f,0.026f,0f,0f,0f,1f],start_interpolation: 0,interpolation_duration: 1}
$data merge entity $(bone_sad) {transformation: [-0.529f,-0.0099f,-0.8075f,-0.0714f,-0.0046f,0.764f,-0.0122f,1.4623f,0.7243f,-0.0023f,-0.5898f,0.2584f,0f,0f,0f,1f],start_interpolation: 0,interpolation_duration: 1}
$data merge entity $(bone_head) {transformation: [-0.5898f,-0.0129f,-0.8075f,-0.1616f,-0.0052f,0.9999f,-0.0122f,1.347f,0.8076f,-0.003f,-0.5898f,-0.0237f,0f,0f,0f,1f],start_interpolation: 0,interpolation_duration: 1}
$data merge entity $(bone_6) {transformation: [-0.5742f,-0.013f,-0.8186f,0.0175f,-0.135f,0.9877f,0.0791f,0.4069f,0.8075f,0.1559f,-0.5689f,-0.1008f,0f,0f,0f,1f],start_interpolation: 0,interpolation_duration: 1}
$data merge entity $(bone_12) {transformation: [-0.5742f,-0.4821f,-0.6617f,-0.1633f,-0.135f,0.8529f,-0.5042f,0.7268f,0.8075f,-0.2002f,-0.5548f,-0.1759f,0f,0f,0f,1f],start_interpolation: 0,interpolation_duration: 1}
$data merge entity $(bone_10) {transformation: [-0.5898f,-0.1159f,-0.7992f,-0.2579f,-0.0052f,0.9902f,-0.1398f,1.0341f,0.8075f,-0.0783f,-0.5846f,-0.096f,0f,0f,0f,1f],start_interpolation: 0,interpolation_duration: 1}
$data merge entity $(bone_9) {transformation: [-0.5898f,0.297f,-0.751f,-0.1465f,-0.0052f,0.9285f,0.3713f,1.3823f,0.8075f,0.2229f,-0.5461f,-0.0124f,0f,0f,0f,1f],start_interpolation: 0,interpolation_duration: 1}
$data merge entity $(item_display_item_display) {transformation: [0.3223f,0.6303f,-0.2238f,-0.0041f,-0.4569f,0.3889f,0.4374f,1.0062f,0.4886f,-0.0521f,0.5567f,0.5493f,0f,0f,0f,1f],start_interpolation: 0,interpolation_duration: 1}
$data merge entity $(bone_2) {transformation: [0.2984f,-0.4315f,0.8395f,-0.3743f,-0.5832f,0.608f,0.5199f,0.9957f,-0.7422f,-0.6513f,-0.0709f,0.4086f,0f,0f,0f,1f],start_interpolation: 0,interpolation_duration: 1}
$data merge entity $(bone_1) {transformation: [0.2984f,0.0433f,0.9429f,-0.3535f,-0.5832f,0.7861f,0.1485f,1.2669f,-0.7422f,-0.6003f,0.2625f,0.2039f,0f,0f,0f,1f],start_interpolation: 0,interpolation_duration: 1}
$data merge entity $(bone_4) {transformation: [-0.3531f,-0.1159f,0.9284f,0.2879f,-0.871f,-0.3215f,-0.3714f,1.1991f,0.3415f,-0.9398f,0.0126f,-0.1808f,0f,0f,0f,1f],start_interpolation: 0,interpolation_duration: 1}
$data merge entity $(bone_3) {transformation: [-0.3539f,-0.8396f,0.4122f,-0.0269f,-0.878f,0.1463f,-0.4557f,1.2539f,0.3223f,-0.5232f,-0.7889f,-0.377f,0f,0f,0f,1f],start_interpolation: 0,interpolation_duration: 1}
$data merge entity $(bone_8) {transformation: [-0.6648f,0.5308f,-0.5256f,-0.2755f,0.1755f,0.7949f,0.5808f,0.4114f,0.7261f,0.2939f,-0.6216f,0.1267f,0f,0f,0f,1f],start_interpolation: 0,interpolation_duration: 1}
$data merge entity $(bone_7) {transformation: [-0.6648f,0.0709f,-0.7437f,-0.2836f,0.1755f,0.9825f,-0.0632f,0.7158f,0.7261f,-0.1725f,-0.6656f,0.0458f,0f,0f,0f,1f],start_interpolation: 0,interpolation_duration: 1}
data modify entity @s data merge value {"cameras":{"camera1":{"px":0.22253187499999977,"py":1.5312390625,"pz":1.7144203125000002,"ry":154.76552,"rx":0}},"locators":{}}