# This file was generated by Animated Java via MC-Build. It is not recommended to edit this file directly.
$data merge entity $(bone_layer) {transformation: [-0.5914f,0.0101f,-0.8063f,-0.1609f,-0.0053f,0.9999f,0.0164f,1.347f,0.8065f,0.0139f,-0.5912f,-0.0227f,0f,0f,0f,1f],start_interpolation: 0,interpolation_duration: 1}
$data merge entity $(bone_l_1) {transformation: [-0.5914f,0.0101f,-0.8063f,-0.0313f,-0.0053f,0.9999f,0.0164f,1.4956f,0.8065f,0.0139f,-0.5912f,0.209f,0f,0f,0f,1f],start_interpolation: 0,interpolation_duration: 1}
$data merge entity $(bone_eye_l) {transformation: [-0.5914f,0.0101f,-0.8063f,-0.1685f,-0.0053f,0.9999f,0.0164f,1.3471f,0.8065f,0.0139f,-0.5912f,-0.0282f,0f,0f,0f,1f],start_interpolation: 0,interpolation_duration: 1}
$data merge entity $(bone_r_1) {transformation: [-0.5914f,0.0101f,-0.8063f,0.0981f,-0.0053f,0.9999f,0.0164f,1.4967f,0.8065f,0.0139f,-0.5912f,0.0326f,0f,0f,0f,1f],start_interpolation: 0,interpolation_duration: 1}
$data merge entity $(bone_eye_r) {transformation: [-0.5914f,0.0101f,-0.8063f,0.102f,-0.0053f,0.9999f,0.0164f,1.4688f,0.8065f,0.0139f,-0.5912f,0.0159f,0f,0f,0f,1f],start_interpolation: 0,interpolation_duration: 1}
$data merge entity $(bone_eyes_down) {transformation: [-0.5914f,0.0101f,-0.8063f,-0.16f,-0.0053f,0.9999f,0.0164f,1.4407f,0.8065f,0.0139f,-0.5912f,-0.0213f,0f,0f,0f,1f],start_interpolation: 0,interpolation_duration: 1}
$data merge entity $(bone_eyes_up) {transformation: [-0.5914f,0.0101f,-0.8063f,-0.1597f,-0.0053f,0.9999f,0.0164f,1.5159f,0.8065f,0.0139f,-0.5912f,-0.0207f,0f,0f,0f,1f],start_interpolation: 0,interpolation_duration: 1}
$data merge entity $(bone_bone) {transformation: [-0.5914f,0.0101f,-0.8063f,-0.1609f,-0.0053f,0.9999f,0.0164f,1.347f,0.8065f,0.0139f,-0.5912f,-0.0227f,0f,0f,0f,1f],start_interpolation: 0,interpolation_duration: 1}
$data merge entity $(bone_l) {transformation: [-0.5915f,0.0063f,-0.8063f,-0.0265f,-0.008f,0.7499f,0.0164f,1.5157f,0.8064f,0.0121f,-0.5912f,0.2321f,0f,0f,0f,1f],start_interpolation: 0,interpolation_duration: 1}
$data merge entity $(bone_r) {transformation: [-0.5914f,0.0088f,-0.8063f,0.1214f,-0.0026f,0.7499f,0.0164f,1.517f,0.8065f,0.0088f,-0.5912f,0.0305f,0f,0f,0f,1f],start_interpolation: 0,interpolation_duration: 1}
$data merge entity $(bone_sad) {transformation: [-0.5057f,0.0078f,-0.8063f,-0.069f,-0.0045f,0.7737f,0.0164f,1.4552f,0.6896f,0.0108f,-0.5912f,0.2619f,0f,0f,0f,1f],start_interpolation: 0,interpolation_duration: 1}
$data merge entity $(bone_head) {transformation: [-0.5914f,0.0101f,-0.8063f,-0.1609f,-0.0053f,0.9999f,0.0164f,1.347f,0.8065f,0.0139f,-0.5912f,-0.0227f,0f,0f,0f,1f],start_interpolation: 0,interpolation_duration: 1}
$data merge entity $(bone_6) {transformation: [-0.5758f,-0.0132f,-0.8175f,0.0183f,-0.1352f,0.9877f,0.0792f,0.4068f,0.8064f,0.1561f,-0.5705f,-0.0997f,0f,0f,0f,1f],start_interpolation: 0,interpolation_duration: 1}
$data merge entity $(bone_12) {transformation: [-0.5758f,-0.4816f,-0.6607f,-0.1623f,-0.1352f,0.853f,-0.504f,0.7267f,0.8064f,-0.2009f,-0.5563f,-0.175f,0f,0f,0f,1f],start_interpolation: 0,interpolation_duration: 1}
$data merge entity $(bone_10) {transformation: [-0.5914f,-0.1157f,-0.798f,-0.2571f,-0.0053f,0.9902f,-0.1396f,1.0341f,0.8064f,-0.0784f,-0.5862f,-0.0952f,0f,0f,0f,1f],start_interpolation: 0,interpolation_duration: 1}
$data merge entity $(bone_9) {transformation: [-0.5914f,0.2967f,-0.7498f,-0.1458f,-0.0053f,0.9284f,0.3715f,1.3823f,0.8064f,0.2237f,-0.5475f,-0.0113f,0f,0f,0f,1f],start_interpolation: 0,interpolation_duration: 1}
$data merge entity $(item_display_item_display) {transformation: [0.32f,0.6312f,-0.2248f,-0.0055f,-0.4569f,0.3878f,0.4384f,1.0057f,0.49f,-0.0506f,0.5555f,0.5513f,0f,0f,0f,1f],start_interpolation: 0,interpolation_duration: 1}
$data merge entity $(bone_2) {transformation: [0.2997f,-0.4282f,0.8408f,-0.3753f,-0.5845f,0.6083f,0.5182f,0.9959f,-0.7407f,-0.6533f,-0.0686f,0.4094f,0f,0f,0f,1f],start_interpolation: 0,interpolation_duration: 1}
$data merge entity $(bone_1) {transformation: [0.2997f,0.0469f,0.9424f,-0.3533f,-0.5845f,0.7854f,0.1468f,1.2668f,-0.7407f,-0.6008f,0.2655f,0.2046f,0f,0f,0f,1f],start_interpolation: 0,interpolation_duration: 1}
$data merge entity $(bone_4) {transformation: [-0.3465f,-0.0411f,0.9372f,0.2865f,-0.8875f,-0.3091f,-0.3417f,1.1967f,0.3038f,-0.9501f,0.0706f,-0.1756f,0f,0f,0f,1f],start_interpolation: 0,interpolation_duration: 1}
$data merge entity $(bone_3) {transformation: [-0.3468f,-0.8319f,0.4333f,-0.0255f,-0.8936f,0.1526f,-0.4222f,1.254f,0.2851f,-0.5336f,-0.7962f,-0.3757f,0f,0f,0f,1f],start_interpolation: 0,interpolation_duration: 1}
$data merge entity $(bone_8) {transformation: [-0.6662f,0.5304f,-0.5243f,-0.2752f,0.1754f,0.7947f,0.581f,0.4113f,0.7248f,0.2951f,-0.6225f,0.1273f,0f,0f,0f,1f],start_interpolation: 0,interpolation_duration: 1}
$data merge entity $(bone_7) {transformation: [-0.6662f,0.0714f,-0.7423f,-0.283f,0.1754f,0.9825f,-0.0629f,0.7158f,0.7248f,-0.1722f,-0.6671f,0.0464f,0f,0f,0f,1f],start_interpolation: 0,interpolation_duration: 1}
data modify entity @s data merge value {"cameras":{"camera1":{"px":0.2215209056712961,"py":1.5309083839699074,"pz":1.7228043619791666,"ry":154.90469907407405,"rx":0}},"locators":{}}