# This file was generated by Animated Java via MC-Build. It is not recommended to edit this file directly.
$data merge entity $(bone_layer) {transformation: [-0.5932f,0.0314f,-0.8045f,-0.1602f,-0.0054f,0.9991f,0.043f,1.3469f,0.8052f,0.0299f,-0.5924f,-0.0216f,0f,0f,0f,1f],start_interpolation: 0,interpolation_duration: 1}
$data merge entity $(bone_l_1) {transformation: [-0.5932f,0.0314f,-0.8045f,-0.0279f,-0.0054f,0.9991f,0.043f,1.489f,0.8052f,0.0299f,-0.5924f,0.2127f,0f,0f,0f,1f],start_interpolation: 0,interpolation_duration: 1}
$data merge entity $(bone_eye_l) {transformation: [-0.5932f,0.0314f,-0.8045f,-0.1677f,-0.0054f,0.9991f,0.043f,1.3473f,0.8052f,0.0299f,-0.5924f,-0.0271f,0f,0f,0f,1f],start_interpolation: 0,interpolation_duration: 1}
$data merge entity $(bone_r_1) {transformation: [-0.5932f,0.0314f,-0.8045f,0.1018f,-0.0054f,0.9991f,0.043f,1.4902f,0.8052f,0.0299f,-0.5924f,0.0365f,0f,0f,0f,1f],start_interpolation: 0,interpolation_duration: 1}
$data merge entity $(bone_eye_r) {transformation: [-0.5932f,0.0314f,-0.8045f,0.1052f,-0.0054f,0.9991f,0.043f,1.4625f,0.8052f,0.0299f,-0.5924f,0.0194f,0f,0f,0f,1f],start_interpolation: 0,interpolation_duration: 1}
$data merge entity $(bone_eyes_down) {transformation: [-0.5932f,0.0314f,-0.8045f,-0.1572f,-0.0054f,0.9991f,0.043f,1.4406f,0.8052f,0.0299f,-0.5924f,-0.0188f,0f,0f,0f,1f],start_interpolation: 0,interpolation_duration: 1}
$data merge entity $(bone_eyes_up) {transformation: [-0.5932f,0.0314f,-0.8045f,-0.1555f,-0.0054f,0.9991f,0.043f,1.5125f,0.8052f,0.0299f,-0.5924f,-0.017f,0f,0f,0f,1f],start_interpolation: 0,interpolation_duration: 1}
$data merge entity $(bone_bone) {transformation: [-0.5932f,0.0314f,-0.8045f,-0.1602f,-0.0054f,0.9991f,0.043f,1.3469f,0.8052f,0.0299f,-0.5924f,-0.0216f,0f,0f,0f,1f],start_interpolation: 0,interpolation_duration: 1}
$data merge entity $(bone_l) {transformation: [-0.5932f,0.0231f,-0.8045f,-0.0228f,-0.0065f,0.7493f,0.043f,1.5063f,0.8051f,0.023f,-0.5924f,0.236f,0f,0f,0f,1f],start_interpolation: 0,interpolation_duration: 1}
$data merge entity $(bone_r) {transformation: [-0.5931f,0.024f,-0.8045f,0.1255f,-0.0044f,0.7493f,0.043f,1.5076f,0.8052f,0.0218f,-0.5924f,0.0347f,0f,0f,0f,1f],start_interpolation: 0,interpolation_duration: 1}
$data merge entity $(bone_sad) {transformation: [-0.4842f,0.0246f,-0.8045f,-0.0669f,-0.0044f,0.7821f,0.043f,1.4485f,0.6572f,0.0234f,-0.5924f,0.2653f,0f,0f,0f,1f],start_interpolation: 0,interpolation_duration: 1}
$data merge entity $(bone_head) {transformation: [-0.5932f,0.0314f,-0.8045f,-0.1602f,-0.0054f,0.9991f,0.043f,1.3469f,0.8052f,0.0299f,-0.5924f,-0.0216f,0f,0f,0f,1f],start_interpolation: 0,interpolation_duration: 1}
$data merge entity $(bone_6) {transformation: [-0.5775f,-0.0136f,-0.8163f,0.0191f,-0.1353f,0.9876f,0.0793f,0.4068f,0.8051f,0.1562f,-0.5722f,-0.0984f,0f,0f,0f,1f],start_interpolation: 0,interpolation_duration: 1}
$data merge entity $(bone_12) {transformation: [-0.5775f,-0.4811f,-0.6595f,-0.1613f,-0.1353f,0.8531f,-0.5039f,0.7267f,0.8051f,-0.2018f,-0.5578f,-0.1741f,0f,0f,0f,1f],start_interpolation: 0,interpolation_duration: 1}
$data merge entity $(bone_10) {transformation: [-0.5931f,-0.1155f,-0.7968f,-0.2562f,-0.0054f,0.9902f,-0.1395f,1.0341f,0.8051f,-0.0784f,-0.5879f,-0.0944f,0f,0f,0f,1f],start_interpolation: 0,interpolation_duration: 1}
$data merge entity $(bone_9) {transformation: [-0.5931f,0.2963f,-0.7486f,-0.1451f,-0.0054f,0.9283f,0.3717f,1.3822f,0.8051f,0.2245f,-0.549f,-0.0102f,0f,0f,0f,1f],start_interpolation: 0,interpolation_duration: 1}
$data merge entity $(item_display_item_display) {transformation: [0.3176f,0.632f,-0.2259f,-0.007f,-0.4569f,0.3866f,0.4394f,1.0053f,0.4916f,-0.0489f,0.5543f,0.5534f,0f,0f,0f,1f],start_interpolation: 0,interpolation_duration: 1}
$data merge entity $(bone_2) {transformation: [0.3012f,-0.4247f,0.8421f,-0.3763f,-0.5858f,0.6085f,0.5164f,0.996f,-0.7391f,-0.6554f,-0.0662f,0.4103f,0f,0f,0f,1f],start_interpolation: 0,interpolation_duration: 1}
$data merge entity $(bone_1) {transformation: [0.3012f,0.0506f,0.9417f,-0.353f,-0.5858f,0.7848f,0.1452f,1.2667f,-0.7391f,-0.6014f,0.2687f,0.2052f,0f,0f,0f,1f],start_interpolation: 0,interpolation_duration: 1}
$data merge entity $(bone_4) {transformation: [-0.3407f,0.0278f,0.9398f,0.2854f,-0.901f,-0.2953f,-0.3179f,1.1941f,0.2686f,-0.955f,0.1256f,-0.171f,0f,0f,0f,1f],start_interpolation: 0,interpolation_duration: 1}
$data merge entity $(bone_3) {transformation: [-0.3407f,-0.8249f,0.451f,-0.024f,-0.9059f,0.1597f,-0.3922f,1.254f,0.2515f,-0.5422f,-0.8017f,-0.3744f,0f,0f,0f,1f],start_interpolation: 0,interpolation_duration: 1}
$data merge entity $(bone_8) {transformation: [-0.6677f,0.5298f,-0.5229f,-0.2749f,0.1754f,0.7946f,0.5812f,0.4112f,0.7234f,0.2964f,-0.6235f,0.128f,0f,0f,0f,1f],start_interpolation: 0,interpolation_duration: 1}
$data merge entity $(bone_7) {transformation: [-0.6677f,0.0719f,-0.7409f,-0.2825f,0.1754f,0.9825f,-0.0628f,0.7157f,0.7234f,-0.1718f,-0.6687f,0.0471f,0f,0f,0f,1f],start_interpolation: 0,interpolation_duration: 1}
data modify entity @s data merge value {"cameras":{"camera":{"posx":0.2204159259259257,"posy":1.5305453703703704,"posz":1.731011111111111,"roty":155.08662814814815,"rotx":0}},"locators":{}}