# This file was generated by Animated Java via MC-Build. It is not recommended to edit this file directly.
$data merge entity $(bone_layer) {transformation: [-0.595f,0.0507f,-0.8021f,-0.1595f,-0.0056f,0.9977f,0.0672f,1.3469f,0.8038f,0.0445f,-0.5934f,-0.0205f,0f,0f,0f,1f],start_interpolation: 0,interpolation_duration: 1}
$data merge entity $(bone_l_1) {transformation: [-0.595f,0.0507f,-0.8021f,-0.025f,-0.0056f,0.9977f,0.0672f,1.483f,0.8038f,0.0445f,-0.5934f,0.2161f,0f,0f,0f,1f],start_interpolation: 0,interpolation_duration: 1}
$data merge entity $(bone_eye_l) {transformation: [-0.595f,0.0507f,-0.8021f,-0.167f,-0.0056f,0.9977f,0.0672f,1.3475f,0.8038f,0.0445f,-0.5934f,-0.026f,0f,0f,0f,1f],start_interpolation: 0,interpolation_duration: 1}
$data merge entity $(bone_r_1) {transformation: [-0.595f,0.0507f,-0.8021f,0.1052f,-0.0056f,0.9977f,0.0672f,1.4842f,0.8038f,0.0445f,-0.5934f,0.0403f,0f,0f,0f,1f],start_interpolation: 0,interpolation_duration: 1}
$data merge entity $(bone_eye_r) {transformation: [-0.595f,0.0507f,-0.8021f,0.108f,-0.0056f,0.9977f,0.0672f,1.4566f,0.8038f,0.0445f,-0.5934f,0.0228f,0f,0f,0f,1f],start_interpolation: 0,interpolation_duration: 1}
$data merge entity $(bone_eyes_down) {transformation: [-0.595f,0.0507f,-0.8021f,-0.1547f,-0.0056f,0.9977f,0.0672f,1.4404f,0.8038f,0.0445f,-0.5934f,-0.0163f,0f,0f,0f,1f],start_interpolation: 0,interpolation_duration: 1}
$data merge entity $(bone_eyes_up) {transformation: [-0.595f,0.0507f,-0.8021f,-0.1517f,-0.0056f,0.9977f,0.0672f,1.5094f,0.8038f,0.0445f,-0.5934f,-0.0136f,0f,0f,0f,1f],start_interpolation: 0,interpolation_duration: 1}
$data merge entity $(bone_bone) {transformation: [-0.595f,0.0507f,-0.8021f,-0.1595f,-0.0056f,0.9977f,0.0672f,1.3469f,0.8038f,0.0445f,-0.5934f,-0.0205f,0f,0f,0f,1f],start_interpolation: 0,interpolation_duration: 1}
$data merge entity $(bone_l) {transformation: [-0.595f,0.0381f,-0.8021f,-0.0197f,-0.0054f,0.7483f,0.0672f,1.4976f,0.8038f,0.0333f,-0.5934f,0.2396f,0f,0f,0f,1f],start_interpolation: 0,interpolation_duration: 1}
$data merge entity $(bone_r) {transformation: [-0.5951f,0.038f,-0.8021f,0.129f,-0.0057f,0.7483f,0.0672f,1.499f,0.8038f,0.0334f,-0.5934f,0.0386f,0f,0f,0f,1f],start_interpolation: 0,interpolation_duration: 1}
$data merge entity $(bone_sad) {transformation: [-0.4646f,0.0401f,-0.8021f,-0.0653f,-0.0043f,0.7893f,0.0672f,1.4423f,0.6276f,0.0352f,-0.5934f,0.2686f,0f,0f,0f,1f],start_interpolation: 0,interpolation_duration: 1}
$data merge entity $(bone_head) {transformation: [-0.595f,0.0507f,-0.8021f,-0.1595f,-0.0056f,0.9977f,0.0672f,1.3469f,0.8038f,0.0445f,-0.5934f,-0.0205f,0f,0f,0f,1f],start_interpolation: 0,interpolation_duration: 1}
$data merge entity $(bone_6) {transformation: [-0.5794f,-0.0139f,-0.8149f,0.02f,-0.1354f,0.9876f,0.0794f,0.4068f,0.8037f,0.1564f,-0.5741f,-0.097f,0f,0f,0f,1f],start_interpolation: 0,interpolation_duration: 1}
$data merge entity $(bone_12) {transformation: [-0.5794f,-0.4806f,-0.6582f,-0.1602f,-0.1354f,0.8532f,-0.5037f,0.7267f,0.8037f,-0.2027f,-0.5594f,-0.1731f,0f,0f,0f,1f],start_interpolation: 0,interpolation_duration: 1}
$data merge entity $(bone_10) {transformation: [-0.595f,-0.1152f,-0.7954f,-0.2554f,-0.0056f,0.9902f,-0.1393f,1.0341f,0.8037f,-0.0785f,-0.5898f,-0.0936f,0f,0f,0f,1f],start_interpolation: 0,interpolation_duration: 1}
$data merge entity $(bone_9) {transformation: [-0.595f,0.2959f,-0.7473f,-0.1444f,-0.0056f,0.9282f,0.3719f,1.3822f,0.8037f,0.2255f,-0.5506f,-0.0091f,0f,0f,0f,1f],start_interpolation: 0,interpolation_duration: 1}
$data merge entity $(item_display_item_display) {transformation: [0.315f,0.6329f,-0.227f,-0.0087f,-0.4569f,0.3854f,0.4404f,1.0048f,0.4932f,-0.0471f,0.553f,0.5556f,0f,0f,0f,1f],start_interpolation: 0,interpolation_duration: 1}
$data merge entity $(bone_2) {transformation: [0.3027f,-0.4209f,0.8434f,-0.3775f,-0.5872f,0.6087f,0.5146f,0.9962f,-0.7373f,-0.6576f,-0.0636f,0.4111f,0f,0f,0f,1f],start_interpolation: 0,interpolation_duration: 1}
$data merge entity $(bone_1) {transformation: [0.3027f,0.0546f,0.941f,-0.3528f,-0.5872f,0.784f,0.1434f,1.2666f,-0.7373f,-0.602f,0.2721f,0.2059f,0f,0f,0f,1f],start_interpolation: 0,interpolation_duration: 1}
$data merge entity $(bone_4) {transformation: [-0.3361f,0.0893f,0.9376f,0.2847f,-0.9115f,-0.2813f,-0.3f,1.1913f,0.237f,-0.9554f,0.1759f,-0.1671f,0f,0f,0f,1f],start_interpolation: 0,interpolation_duration: 1}
$data merge entity $(bone_3) {transformation: [-0.3358f,-0.819f,0.4652f,-0.0224f,-0.9153f,0.1672f,-0.3664f,1.254f,0.2224f,-0.5489f,-0.8058f,-0.3729f,0f,0f,0f,1f],start_interpolation: 0,interpolation_duration: 1}
$data merge entity $(bone_8) {transformation: [-0.6694f,0.5292f,-0.5213f,-0.2745f,0.1753f,0.7945f,0.5814f,0.4112f,0.7219f,0.2978f,-0.6246f,0.1286f,0f,0f,0f,1f],start_interpolation: 0,interpolation_duration: 1}
$data merge entity $(bone_7) {transformation: [-0.6694f,0.0723f,-0.7394f,-0.282f,0.1753f,0.9825f,-0.0626f,0.7157f,0.7219f,-0.1715f,-0.6704f,0.0478f,0f,0f,0f,1f],start_interpolation: 0,interpolation_duration: 1}
data modify entity @s data merge value {"cameras":{"camera1":{"px":0.21921414062499978,"py":1.5301490234375,"pz":1.7390310546875,"ry":155.31421500000002,"rx":0}},"locators":{}}