# This file was generated by Animated Java via MC-Build. It is not recommended to edit this file directly.
$data merge entity $(bone_layer) {transformation: [-0.5971f,0.0678f,-0.7994f,-0.1588f,-0.0057f,0.996f,0.0887f,1.3468f,0.8023f,0.0575f,-0.5942f,-0.0193f,0f,0f,0f,1f],start_interpolation: 0,interpolation_duration: 1}
$data merge entity $(bone_l_1) {transformation: [-0.5971f,0.0678f,-0.7994f,-0.0226f,-0.0057f,0.996f,0.0887f,1.4775f,0.8023f,0.0575f,-0.5942f,0.2194f,0f,0f,0f,1f],start_interpolation: 0,interpolation_duration: 1}
$data merge entity $(bone_eye_l) {transformation: [-0.5971f,0.0678f,-0.7994f,-0.1663f,-0.0057f,0.996f,0.0887f,1.3477f,0.8023f,0.0575f,-0.5942f,-0.0248f,0f,0f,0f,1f],start_interpolation: 0,interpolation_duration: 1}
$data merge entity $(bone_r_1) {transformation: [-0.5971f,0.0678f,-0.7994f,0.108f,-0.0057f,0.996f,0.0887f,1.4788f,0.8023f,0.0575f,-0.5942f,0.0438f,0f,0f,0f,1f],start_interpolation: 0,interpolation_duration: 1}
$data merge entity $(bone_eye_r) {transformation: [-0.5971f,0.0678f,-0.7994f,0.1105f,-0.0057f,0.996f,0.0887f,1.4514f,0.8023f,0.0575f,-0.5942f,0.026f,0f,0f,0f,1f],start_interpolation: 0,interpolation_duration: 1}
$data merge entity $(bone_eyes_down) {transformation: [-0.5971f,0.0678f,-0.7994f,-0.1524f,-0.0057f,0.996f,0.0887f,1.4402f,0.8023f,0.0575f,-0.5942f,-0.0139f,0f,0f,0f,1f],start_interpolation: 0,interpolation_duration: 1}
$data merge entity $(bone_eyes_up) {transformation: [-0.5971f,0.0678f,-0.7994f,-0.1484f,-0.0057f,0.996f,0.0887f,1.5065f,0.8023f,0.0575f,-0.5942f,-0.0104f,0f,0f,0f,1f],start_interpolation: 0,interpolation_duration: 1}
$data merge entity $(bone_bone) {transformation: [-0.5971f,0.0678f,-0.7994f,-0.1588f,-0.0057f,0.996f,0.0887f,1.3468f,0.8023f,0.0575f,-0.5942f,-0.0193f,0f,0f,0f,1f],start_interpolation: 0,interpolation_duration: 1}
$data merge entity $(bone_l) {transformation: [-0.597f,0.0512f,-0.7994f,-0.0172f,-0.005f,0.747f,0.0887f,1.4898f,0.8023f,0.0427f,-0.5942f,0.2429f,0f,0f,0f,1f],start_interpolation: 0,interpolation_duration: 1}
$data merge entity $(bone_r) {transformation: [-0.5971f,0.0505f,-0.7994f,0.132f,-0.0065f,0.747f,0.0887f,1.4912f,0.8023f,0.0436f,-0.5942f,0.0423f,0f,0f,0f,1f],start_interpolation: 0,interpolation_duration: 1}
$data merge entity $(bone_sad) {transformation: [-0.4473f,0.0541f,-0.7994f,-0.064f,-0.0043f,0.7954f,0.0887f,1.4368f,0.6011f,0.0459f,-0.5942f,0.2717f,0f,0f,0f,1f],start_interpolation: 0,interpolation_duration: 1}
$data merge entity $(bone_head) {transformation: [-0.5971f,0.0678f,-0.7994f,-0.1588f,-0.0057f,0.996f,0.0887f,1.3468f,0.8023f,0.0575f,-0.5942f,-0.0193f,0f,0f,0f,1f],start_interpolation: 0,interpolation_duration: 1}
$data merge entity $(bone_6) {transformation: [-0.5814f,-0.0144f,-0.8135f,0.0209f,-0.1356f,0.9876f,0.0795f,0.4067f,0.8022f,0.1565f,-0.5761f,-0.0956f,0f,0f,0f,1f],start_interpolation: 0,interpolation_duration: 1}
$data merge entity $(bone_12) {transformation: [-0.5814f,-0.4801f,-0.6568f,-0.1592f,-0.1356f,0.8532f,-0.5036f,0.7267f,0.8022f,-0.2038f,-0.5612f,-0.172f,0f,0f,0f,1f],start_interpolation: 0,interpolation_duration: 1}
$data merge entity $(bone_10) {transformation: [-0.597f,-0.115f,-0.7939f,-0.2545f,-0.0057f,0.9902f,-0.1392f,1.0341f,0.8022f,-0.0786f,-0.5918f,-0.0927f,0f,0f,0f,1f],start_interpolation: 0,interpolation_duration: 1}
$data merge entity $(bone_9) {transformation: [-0.597f,0.2954f,-0.7459f,-0.1437f,-0.0057f,0.9282f,0.3721f,1.3821f,0.8022f,0.2264f,-0.5524f,-0.0078f,0f,0f,0f,1f],start_interpolation: 0,interpolation_duration: 1}
$data merge entity $(item_display_item_display) {transformation: [0.3123f,0.6338f,-0.2283f,-0.0105f,-0.4569f,0.3842f,0.4415f,1.0044f,0.495f,-0.0452f,0.5516f,0.558f,0f,0f,0f,1f],start_interpolation: 0,interpolation_duration: 1}
$data merge entity $(bone_2) {transformation: [0.3044f,-0.417f,0.8447f,-0.3788f,-0.5887f,0.6088f,0.5127f,0.9964f,-0.7354f,-0.6599f,-0.0607f,0.412f,0f,0f,0f,1f],start_interpolation: 0,interpolation_duration: 1}
$data merge entity $(bone_1) {transformation: [0.3044f,0.0587f,0.9402f,-0.3527f,-0.5887f,0.7833f,0.1417f,1.2665f,-0.7354f,-0.6026f,0.2758f,0.2065f,0f,0f,0f,1f],start_interpolation: 0,interpolation_duration: 1}
$data merge entity $(bone_4) {transformation: [-0.3329f,0.1421f,0.9322f,0.2846f,-0.9194f,-0.2686f,-0.2873f,1.1886f,0.2096f,-0.9527f,0.2201f,-0.1639f,0f,0f,0f,1f],start_interpolation: 0,interpolation_duration: 1}
$data merge entity $(bone_3) {transformation: [-0.3325f,-0.8144f,0.4755f,-0.0209f,-0.9219f,0.1746f,-0.3457f,1.254f,0.1986f,-0.5534f,-0.8089f,-0.3714f,0f,0f,0f,1f],start_interpolation: 0,interpolation_duration: 1}
$data merge entity $(bone_8) {transformation: [-0.6712f,0.5286f,-0.5197f,-0.2742f,0.1752f,0.7944f,0.5816f,0.4111f,0.7203f,0.2993f,-0.6258f,0.1293f,0f,0f,0f,1f],start_interpolation: 0,interpolation_duration: 1}
$data merge entity $(bone_7) {transformation: [-0.6712f,0.0728f,-0.7377f,-0.2814f,0.1752f,0.9825f,-0.0625f,0.7156f,0.7203f,-0.1712f,-0.6723f,0.0485f,0f,0f,0f,1f],start_interpolation: 0,interpolation_duration: 1}
data modify entity @s data merge value {"cameras":{"camera":{"posx":0.2179127546296294,"posy":1.5297183449074074,"posz":1.7468546875000002,"roty":155.59036740740743,"rotx":0}},"locators":{}}