# This file was generated by Animated Java via MC-Build. It is not recommended to edit this file directly.
$data merge entity $(bone_layer) {transformation: [-0.5992f,0.0822f,-0.7964f,-0.1581f,-0.0059f,0.9942f,0.1071f,1.3468f,0.8007f,0.0689f,-0.5952f,-0.018f,0f,0f,0f,1f],start_interpolation: 0,interpolation_duration: 1}
$data merge entity $(bone_l_1) {transformation: [-0.5992f,0.0822f,-0.7964f,-0.0206f,-0.0059f,0.9942f,0.1071f,1.4728f,0.8007f,0.0689f,-0.5952f,0.2224f,0f,0f,0f,1f],start_interpolation: 0,interpolation_duration: 1}
$data merge entity $(bone_eye_l) {transformation: [-0.5992f,0.0822f,-0.7964f,-0.1655f,-0.0059f,0.9942f,0.1071f,1.3478f,0.8007f,0.0689f,-0.5952f,-0.0236f,0f,0f,0f,1f],start_interpolation: 0,interpolation_duration: 1}
$data merge entity $(bone_r_1) {transformation: [-0.5992f,0.0822f,-0.7964f,0.1105f,-0.0059f,0.9942f,0.1071f,1.4741f,0.8007f,0.0689f,-0.5952f,0.0472f,0f,0f,0f,1f],start_interpolation: 0,interpolation_duration: 1}
$data merge entity $(bone_eye_r) {transformation: [-0.5992f,0.0822f,-0.7964f,0.1125f,-0.0059f,0.9942f,0.1071f,1.4469f,0.8007f,0.0689f,-0.5952f,0.029f,0f,0f,0f,1f],start_interpolation: 0,interpolation_duration: 1}
$data merge entity $(bone_eyes_down) {transformation: [-0.5992f,0.0822f,-0.7964f,-0.1504f,-0.0059f,0.9942f,0.1071f,1.44f,0.8007f,0.0689f,-0.5952f,-0.0116f,0f,0f,0f,1f],start_interpolation: 0,interpolation_duration: 1}
$data merge entity $(bone_eyes_up) {transformation: [-0.5992f,0.0822f,-0.7964f,-0.1456f,-0.0059f,0.9942f,0.1071f,1.504f,0.8007f,0.0689f,-0.5952f,-0.0075f,0f,0f,0f,1f],start_interpolation: 0,interpolation_duration: 1}
$data merge entity $(bone_bone) {transformation: [-0.5992f,0.0822f,-0.7964f,-0.1581f,-0.0059f,0.9942f,0.1071f,1.3468f,0.8007f,0.0689f,-0.5952f,-0.018f,0f,0f,0f,1f],start_interpolation: 0,interpolation_duration: 1}
$data merge entity $(bone_l) {transformation: [-0.5992f,0.062f,-0.7964f,-0.0153f,-0.0052f,0.7457f,0.1071f,1.4831f,0.8007f,0.0512f,-0.5952f,0.246f,0f,0f,0f,1f],start_interpolation: 0,interpolation_duration: 1}
$data merge entity $(bone_r) {transformation: [-0.5993f,0.0614f,-0.7964f,0.1345f,-0.0066f,0.7457f,0.1071f,1.4846f,0.8006f,0.0521f,-0.5952f,0.0458f,0f,0f,0f,1f],start_interpolation: 0,interpolation_duration: 1}
$data merge entity $(bone_sad) {transformation: [-0.4327f,0.0662f,-0.7964f,-0.0632f,-0.0043f,0.8002f,0.1071f,1.432f,0.5782f,0.0554f,-0.5952f,0.2746f,0f,0f,0f,1f],start_interpolation: 0,interpolation_duration: 1}
$data merge entity $(bone_head) {transformation: [-0.5992f,0.0822f,-0.7964f,-0.1581f,-0.0059f,0.9942f,0.1071f,1.3468f,0.8007f,0.0689f,-0.5952f,-0.018f,0f,0f,0f,1f],start_interpolation: 0,interpolation_duration: 1}
$data merge entity $(bone_6) {transformation: [-0.5836f,-0.0149f,-0.8119f,0.0218f,-0.1358f,0.9875f,0.0795f,0.4067f,0.8006f,0.1566f,-0.5783f,-0.0941f,0f,0f,0f,1f],start_interpolation: 0,interpolation_duration: 1}
$data merge entity $(bone_12) {transformation: [-0.5836f,-0.4796f,-0.6553f,-0.158f,-0.1358f,0.8532f,-0.5035f,0.7267f,0.8006f,-0.2049f,-0.563f,-0.1709f,0f,0f,0f,1f],start_interpolation: 0,interpolation_duration: 1}
$data merge entity $(bone_10) {transformation: [-0.5992f,-0.1149f,-0.7923f,-0.2536f,-0.0059f,0.9903f,-0.1391f,1.0341f,0.8006f,-0.0787f,-0.594f,-0.0918f,0f,0f,0f,1f],start_interpolation: 0,interpolation_duration: 1}
$data merge entity $(bone_9) {transformation: [-0.5992f,0.2948f,-0.7444f,-0.1431f,-0.0059f,0.9281f,0.3723f,1.3821f,0.8006f,0.2274f,-0.5544f,-0.0066f,0f,0f,0f,1f],start_interpolation: 0,interpolation_duration: 1}
$data merge entity $(item_display_item_display) {transformation: [0.3094f,0.6347f,-0.2297f,-0.0126f,-0.4569f,0.3829f,0.4426f,1.004f,0.4968f,-0.0431f,0.5501f,0.5604f,0f,0f,0f,1f],start_interpolation: 0,interpolation_duration: 1}
$data merge entity $(bone_2) {transformation: [0.3063f,-0.4128f,0.8461f,-0.3802f,-0.5902f,0.609f,0.5108f,0.9966f,-0.7335f,-0.6624f,-0.0577f,0.4128f,0f,0f,0f,1f],start_interpolation: 0,interpolation_duration: 1}
$data merge entity $(bone_1) {transformation: [0.3063f,0.0631f,0.9393f,-0.3526f,-0.5902f,0.7824f,0.1399f,1.2665f,-0.7335f,-0.6033f,0.2796f,0.2072f,0f,0f,0f,1f],start_interpolation: 0,interpolation_duration: 1}
$data merge entity $(bone_4) {transformation: [-0.3313f,0.1851f,0.9252f,0.2851f,-0.9248f,-0.2582f,-0.2795f,1.186f,0.1872f,-0.9482f,0.2568f,-0.1615f,0f,0f,0f,1f],start_interpolation: 0,interpolation_duration: 1}
$data merge entity $(bone_3) {transformation: [-0.3311f,-0.8114f,0.4817f,-0.0192f,-0.9261f,0.1815f,-0.3308f,1.2541f,0.181f,-0.5556f,-0.8115f,-0.3698f,0f,0f,0f,1f],start_interpolation: 0,interpolation_duration: 1}
$data merge entity $(bone_8) {transformation: [-0.6732f,0.5278f,-0.518f,-0.2739f,0.1752f,0.7943f,0.5818f,0.411f,0.7185f,0.3009f,-0.6271f,0.1301f,0f,0f,0f,1f],start_interpolation: 0,interpolation_duration: 1}
$data merge entity $(bone_7) {transformation: [-0.6732f,0.0733f,-0.7359f,-0.2809f,0.1752f,0.9826f,-0.0623f,0.7156f,0.7185f,-0.1709f,-0.6743f,0.0493f,0f,0f,0f,1f],start_interpolation: 0,interpolation_duration: 1}
data modify entity @s data merge value {"cameras":{"camera1":{"px":0.2165089728009257,"py":1.5292523365162036,"pz":1.7544725043402778,"ry":155.91799314814816,"rx":0}},"locators":{}}