# This file was generated by Animated Java via MC-Build. It is not recommended to edit this file directly.
$data merge entity $(bone_chain13) {transformation: [-0.6322f,-0.3329f,0.6996f,4.0352f,-0.7684f,0.3853f,-0.511f,-4.3038f,-0.0995f,-0.8606f,-0.4994f,-0.788f,0f,0f,0f,1f],start_interpolation: 0,interpolation_duration: 1}
$data merge entity $(bone_chain14) {transformation: [-0.2762f,0.8272f,0.4893f,3.3703f,0.9594f,0.2679f,0.0886f,-6.2786f,-0.0577f,0.4939f,-0.8676f,-3.1676f,0f,0f,0f,1f],start_interpolation: 0,interpolation_duration: 1}
$data merge entity $(bone_chain15) {transformation: [0.3383f,0.1743f,0.9247f,3.1198f,0.5135f,-0.8577f,-0.0262f,-7.3019f,0.7886f,0.4838f,-0.3797f,0.7484f,0f,0f,0f,1f],start_interpolation: 0,interpolation_duration: 1}
$data merge entity $(bone_chain16) {transformation: [0.2832f,-0.959f,0.0145f,1.9413f,-0.8081f,-0.2467f,-0.5348f,-7.517f,0.5165f,0.1397f,-0.8448f,-2.4871f,0f,0f,0f,1f],start_interpolation: 0,interpolation_duration: 1}
$data merge entity $(bone_chain9) {transformation: [0.6467f,0.0365f,0.7619f,0.4473f,-0.6701f,0.5043f,0.5446f,-4.1248f,-0.3644f,-0.8628f,0.3505f,4.6051f,0f,0f,0f,1f],start_interpolation: 0,interpolation_duration: 1}
$data merge entity $(bone_chain10) {transformation: [0.5639f,-0.8258f,-0.0053f,2.5008f,0.8249f,0.563f,0.0505f,-6.6011f,-0.0387f,-0.0328f,0.9987f,4.8958f,0f,0f,0f,1f],start_interpolation: 0,interpolation_duration: 1}
$data merge entity $(bone_chain11) {transformation: [-0.752f,0.0448f,-0.6576f,4.2766f,-0.318f,-0.8985f,0.3025f,-6.7286f,-0.5773f,0.4366f,0.69f,2.0357f,0f,0f,0f,1f],start_interpolation: 0,interpolation_duration: 1}
$data merge entity $(bone_chain12) {transformation: [-0.5227f,-0.6382f,-0.5653f,2.7134f,-0.8268f,0.5412f,0.1535f,-8.0063f,0.208f,0.5476f,-0.8105f,2.1097f,0f,0f,0f,1f],start_interpolation: 0,interpolation_duration: 1}
$data merge entity $(bone_chain5) {transformation: [-0.3035f,0.4046f,-0.8627f,-3.0841f,-0.6409f,0.5833f,0.499f,-7.1171f,0.7051f,0.7043f,0.0823f,3.6899f,0f,0f,0f,1f],start_interpolation: 0,interpolation_duration: 1}
$data merge entity $(bone_chain6) {transformation: [-0.1912f,0.3471f,0.9182f,-3.2617f,-0.857f,0.397f,-0.3285f,-6.5328f,-0.4785f,-0.8497f,0.2216f,3.8156f,0f,0f,0f,1f],start_interpolation: 0,interpolation_duration: 1}
$data merge entity $(bone_chain7) {transformation: [-0.8574f,0.4998f,0.1229f,-3.3986f,0.4418f,0.8372f,-0.3225f,-6.7841f,-0.2641f,-0.2222f,-0.9386f,3.7601f,0f,0f,0f,1f],start_interpolation: 0,interpolation_duration: 1}
$data merge entity $(bone_chain8) {transformation: [0.3828f,-0.7609f,0.5239f,-3.6147f,-0.2197f,0.4758f,0.8517f,-7.9355f,-0.8973f,-0.4411f,0.015f,2.1538f,0f,0f,0f,1f],start_interpolation: 0,interpolation_duration: 1}
$data merge entity $(bone_chain4) {transformation: [-0.8767f,-0.0537f,-0.4781f,-3.0004f,-0.4746f,0.2598f,0.841f,-6.4392f,0.0791f,0.9642f,-0.2532f,-1.984f,0f,0f,0f,1f],start_interpolation: 0,interpolation_duration: 1}
$data merge entity $(bone_chain3) {transformation: [0.2904f,0.7313f,-0.6171f,-1.176f,-0.7546f,-0.2215f,-0.6176f,-6.465f,-0.5884f,0.6451f,0.4875f,-2.1892f,0f,0f,0f,1f],start_interpolation: 0,interpolation_duration: 1}
$data merge entity $(bone_chain2) {transformation: [-0.7087f,-0.6376f,-0.3021f,-4.6724f,-0.2886f,-0.1287f,0.9488f,-8.3839f,-0.6438f,0.7596f,-0.0928f,-4.6058f,0f,0f,0f,1f],start_interpolation: 0,interpolation_duration: 1}
$data merge entity $(bone_chain) {transformation: [-0.8396f,-0.4818f,0.3212f,-4.668f,0.4142f,-0.1471f,0.9003f,-6.6962f,-0.3514f,0.9779f,0.2937f,-2.3475f,0f,0f,0f,1f],start_interpolation: 0,interpolation_duration: 1}