# This file was generated by Animated Java via MC-Build. It is not recommended to edit this file directly.
$data merge entity $(bone_chain13) {transformation: [-0.5692f,-0.2793f,0.7733f,4.0648f,-0.8139f,0.3244f,-0.482f,-4.3291f,-0.1163f,-0.9037f,-0.412f,-0.7964f,0f,0f,0f,1f],start_interpolation: 0,interpolation_duration: 1}
$data merge entity $(bone_chain14) {transformation: [-0.1856f,0.8124f,0.5528f,3.3904f,0.9812f,0.1837f,0.0594f,-6.305f,-0.0533f,0.5534f,-0.8312f,-3.2018f,0f,0f,0f,1f],start_interpolation: 0,interpolation_duration: 1}
$data merge entity $(bone_chain15) {transformation: [0.3959f,0.0804f,0.9148f,3.1452f,0.4836f,-0.8651f,-0.1332f,-7.339f,0.7807f,0.4951f,-0.3814f,0.7598f,0f,0f,0f,1f],start_interpolation: 0,interpolation_duration: 1}
$data merge entity $(bone_chain16) {transformation: [0.2876f,-0.9571f,-0.0351f,1.9452f,-0.7891f,-0.216f,-0.575f,-7.5359f,0.5428f,0.193f,-0.8174f,-2.4983f,0f,0f,0f,1f],start_interpolation: 0,interpolation_duration: 1}
$data merge entity $(bone_chain9) {transformation: [0.6387f,-0.0421f,0.7683f,0.4537f,-0.6755f,0.4474f,0.5861f,-4.1488f,-0.3684f,-0.8933f,0.2573f,4.6563f,0f,0f,0f,1f],start_interpolation: 0,interpolation_duration: 1}
$data merge entity $(bone_chain10) {transformation: [0.5842f,-0.8085f,0.071f,2.5415f,0.8096f,0.5867f,0.0194f,-6.6467f,-0.0573f,0.0461f,0.9973f,4.9478f,0f,0f,0f,1f],start_interpolation: 0,interpolation_duration: 1}
$data merge entity $(bone_chain11) {transformation: [-0.7305f,0.0021f,-0.6829f,4.3107f,-0.343f,-0.8658f,0.3643f,-6.7478f,-0.5905f,0.5003f,0.6332f,2.0363f,0f,0f,0f,1f],start_interpolation: 0,interpolation_duration: 1}
$data merge entity $(bone_chain12) {transformation: [-0.5322f,-0.5725f,-0.6237f,2.7198f,-0.8171f,0.5401f,0.2015f,-8.0292f,0.2215f,0.6168f,-0.7553f,2.115f,0f,0f,0f,1f],start_interpolation: 0,interpolation_duration: 1}
$data merge entity $(bone_chain5) {transformation: [-0.2473f,0.3518f,-0.9028f,-3.1138f,-0.6531f,0.6277f,0.4235f,-7.1859f,0.7157f,0.6944f,0.0745f,3.735f,0f,0f,0f,1f],start_interpolation: 0,interpolation_duration: 1}
$data merge entity $(bone_chain6) {transformation: [-0.2354f,0.37f,0.8987f,-3.2816f,-0.8227f,0.4165f,-0.387f,-6.5774f,-0.5175f,-0.8304f,0.2064f,3.8519f,0f,0f,0f,1f],start_interpolation: 0,interpolation_duration: 1}
$data merge entity $(bone_chain7) {transformation: [-0.7791f,0.6012f,0.1777f,-3.4122f,0.5482f,0.7909f,-0.2721f,-6.8109f,-0.3042f,-0.1146f,-0.9457f,3.7916f,0f,0f,0f,1f],start_interpolation: 0,interpolation_duration: 1}
$data merge entity $(bone_chain8) {transformation: [0.347f,-0.7778f,0.524f,-3.6358f,-0.2125f,0.479f,0.8517f,-7.9594f,-0.9135f,-0.4068f,0.0009f,2.1604f,0f,0f,0f,1f],start_interpolation: 0,interpolation_duration: 1}
$data merge entity $(bone_chain4) {transformation: [-0.875f,-0.0336f,-0.483f,-3.0384f,-0.4728f,0.2738f,0.8376f,-6.5043f,0.1041f,0.9612f,-0.2554f,-2.0019f,0f,0f,0f,1f],start_interpolation: 0,interpolation_duration: 1}
$data merge entity $(bone_chain3) {transformation: [0.2398f,0.725f,-0.6456f,-1.1757f,-0.7601f,-0.2735f,-0.5894f,-6.5053f,-0.6039f,0.6321f,0.4855f,-2.1974f,0f,0f,0f,1f],start_interpolation: 0,interpolation_duration: 1}
$data merge entity $(bone_chain2) {transformation: [-0.7528f,-0.6146f,-0.2358f,-4.6963f,-0.2274f,-0.0934f,0.9693f,-8.4552f,-0.6178f,0.7833f,-0.0694f,-4.6435f,0f,0f,0f,1f],start_interpolation: 0,interpolation_duration: 1}
$data merge entity $(bone_chain) {transformation: [-0.8371f,-0.4878f,0.3203f,-4.7191f,0.3938f,-0.0904f,0.9155f,-6.7207f,-0.3796f,0.9818f,0.2434f,-2.3595f,0f,0f,0f,1f],start_interpolation: 0,interpolation_duration: 1}