# This file was generated by Animated Java via MC-Build. It is not recommended to edit this file directly.
$data merge entity $(bone_chain13) {transformation: [-0.5078f,-0.2199f,0.8329f,4.0925f,-0.8515f,0.2749f,-0.4465f,-4.3522f,-0.1308f,-0.936f,-0.3268f,-0.8042f,0f,0f,0f,1f],start_interpolation: 0,interpolation_duration: 1}
$data merge entity $(bone_chain14) {transformation: [-0.1021f,0.7874f,0.608f,3.4093f,0.9934f,0.1123f,0.0215f,-6.3294f,-0.0514f,0.6062f,-0.7937f,-3.2332f,0f,0f,0f,1f],start_interpolation: 0,interpolation_duration: 1}
$data merge entity $(bone_chain15) {transformation: [0.4464f,-0.0058f,0.8948f,3.1687f,0.4516f,-0.8618f,-0.2309f,-7.3731f,0.7725f,0.5072f,-0.3821f,0.7705f,0f,0f,0f,1f],start_interpolation: 0,interpolation_duration: 1}
$data merge entity $(bone_chain16) {transformation: [0.2909f,-0.9535f,-0.0786f,1.9491f,-0.7712f,-0.1851f,-0.6091f,-7.5534f,0.5662f,0.2378f,-0.7892f,-2.5088f,0f,0f,0f,1f],start_interpolation: 0,interpolation_duration: 1}
$data merge entity $(bone_chain9) {transformation: [0.6309f,-0.1138f,0.7675f,0.4596f,-0.6808f,0.3933f,0.6179f,-4.1706f,-0.3721f,-0.9124f,0.1706f,4.7037f,0f,0f,0f,1f],start_interpolation: 0,interpolation_duration: 1}
$data merge entity $(bone_chain10) {transformation: [0.6026f,-0.786f,0.1381f,2.5786f,0.7946f,0.607f,-0.0128f,-6.6884f,-0.0737f,0.1175f,0.9903f,4.9959f,0f,0f,0f,1f],start_interpolation: 0,interpolation_duration: 1}
$data merge entity $(bone_chain11) {transformation: [-0.7102f,-0.0422f,-0.7028f,4.3425f,-0.3643f,-0.8321f,0.4182f,-6.7656f,-0.6024f,0.553f,0.5755f,2.0372f,0f,0f,0f,1f],start_interpolation: 0,interpolation_duration: 1}
$data merge entity $(bone_chain12) {transformation: [-0.5405f,-0.5074f,-0.6712f,2.7261f,-0.8082f,0.5347f,0.2466f,-8.0505f,0.2337f,0.6758f,-0.6991f,2.1202f,0f,0f,0f,1f],start_interpolation: 0,interpolation_duration: 1}
$data merge entity $(bone_chain5) {transformation: [-0.1946f,0.2981f,-0.9345f,-3.1413f,-0.6613f,0.6638f,0.3494f,-7.2488f,0.7244f,0.686f,0.068f,3.7766f,0f,0f,0f,1f],start_interpolation: 0,interpolation_duration: 1}
$data merge entity $(bone_chain6) {transformation: [-0.2709f,0.3951f,0.8778f,-3.3003f,-0.7882f,0.4324f,-0.4379f,-6.6183f,-0.5526f,-0.8105f,0.1943f,3.8855f,0f,0f,0f,1f],start_interpolation: 0,interpolation_duration: 1}
$data merge entity $(bone_chain7) {transformation: [-0.696f,0.6769f,0.2397f,-3.4252f,0.6333f,0.7359f,-0.2394f,-6.8356f,-0.3384f,-0.0148f,-0.9409f,3.8208f,0f,0f,0f,1f],start_interpolation: 0,interpolation_duration: 1}
$data merge entity $(bone_chain8) {transformation: [0.3138f,-0.7921f,0.5236f,-3.6556f,-0.2071f,0.481f,0.8519f,-7.9815f,-0.9266f,-0.3757f,-0.0131f,2.1668f,0f,0f,0f,1f],start_interpolation: 0,interpolation_duration: 1}
$data merge entity $(bone_chain4) {transformation: [-0.8737f,-0.0145f,-0.4863f,-3.0734f,-0.4697f,0.2858f,0.8353f,-6.5638f,0.1269f,0.9582f,-0.2565f,-2.0186f,0f,0f,0f,1f],start_interpolation: 0,interpolation_duration: 1}
$data merge entity $(bone_chain3) {transformation: [0.193f,0.7167f,-0.6702f,-1.1757f,-0.7626f,-0.3202f,-0.562f,-6.5423f,-0.6174f,0.6196f,0.4847f,-2.2054f,0f,0f,0f,1f],start_interpolation: 0,interpolation_duration: 1}
$data merge entity $(bone_chain2) {transformation: [-0.7871f,-0.5917f,-0.1744f,-4.7189f,-0.169f,-0.0651f,0.9835f,-8.5204f,-0.5933f,0.8035f,-0.0487f,-4.6785f,0f,0f,0f,1f],start_interpolation: 0,interpolation_duration: 1}
$data merge entity $(bone_chain) {transformation: [-0.8342f,-0.495f,0.3188f,-4.7661f,0.3741f,-0.0406f,0.9267f,-6.743f,-0.4052f,0.9815f,0.1991f,-2.3708f,0f,0f,0f,1f],start_interpolation: 0,interpolation_duration: 1}