# This file was generated by Animated Java via MC-Build. It is not recommended to edit this file directly.
$data merge entity $(bone_chain13) {transformation: [-0.4492f,-0.1584f,0.8792f,4.1183f,-0.8819f,0.2364f,-0.408f,-4.3729f,-0.1432f,-0.9587f,-0.2459f,-0.8113f,0f,0f,0f,1f],start_interpolation: 0,interpolation_duration: 1}
$data merge entity $(bone_chain14) {transformation: [-0.0275f,0.7559f,0.6541f,3.427f,0.9983f,0.0544f,-0.0209f,-6.3517f,-0.0514f,0.6524f,-0.7561f,-3.2619f,0f,0f,0f,1f],start_interpolation: 0,interpolation_duration: 1}
$data merge entity $(bone_chain15) {transformation: [0.4902f,-0.0831f,0.8677f,3.1902f,0.4189f,-0.8505f,-0.3181f,-7.404f,0.7644f,0.5194f,-0.3821f,0.7804f,0f,0f,0f,1f],start_interpolation: 0,interpolation_duration: 1}
$data merge entity $(bone_chain16) {transformation: [0.2933f,-0.949f,-0.1159f,1.9528f,-0.7548f,-0.1555f,-0.6373f,-7.5695f,0.5868f,0.2744f,-0.7619f,-2.5186f,0f,0f,0f,1f],start_interpolation: 0,interpolation_duration: 1}
$data merge entity $(bone_chain9) {transformation: [0.6229f,-0.1774f,0.7619f,0.4648f,-0.6863f,0.3435f,0.6411f,-4.1903f,-0.3754f,-0.9222f,0.0923f,4.747f,0f,0f,0f,1f],start_interpolation: 0,interpolation_duration: 1}
$data merge entity $(bone_chain10) {transformation: [0.6191f,-0.7605f,0.1957f,2.612f,0.7804f,0.6237f,-0.045f,-6.7262f,-0.0878f,0.1806f,0.9796f,5.0399f,0f,0f,0f,1f],start_interpolation: 0,interpolation_duration: 1}
$data merge entity $(bone_chain11) {transformation: [-0.6916f,-0.0867f,-0.7171f,4.3718f,-0.3821f,-0.7985f,0.4651f,-6.782f,-0.613f,0.5957f,0.5191f,2.0386f,0f,0f,0f,1f],start_interpolation: 0,interpolation_duration: 1}
$data merge entity $(bone_chain12) {transformation: [-0.5473f,-0.445f,-0.7088f,2.7324f,-0.8004f,0.5257f,0.288f,-8.07f,0.2445f,0.725f,-0.644f,2.1252f,0f,0f,0f,1f],start_interpolation: 0,interpolation_duration: 1}
$data merge entity $(bone_chain5) {transformation: [-0.1457f,0.2448f,-0.9586f,-3.1666f,-0.6662f,0.692f,0.278f,-7.3057f,0.7314f,0.6791f,0.0623f,3.8144f,0f,0f,0f,1f],start_interpolation: 0,interpolation_duration: 1}
$data merge entity $(bone_chain6) {transformation: [-0.2987f,0.4211f,0.8564f,-3.3178f,-0.7552f,0.4444f,-0.4819f,-6.6552f,-0.5835f,-0.7907f,0.1852f,3.9164f,0f,0f,0f,1f],start_interpolation: 0,interpolation_duration: 1}
$data merge entity $(bone_chain7) {transformation: [-0.6139f,0.7296f,0.3011f,-3.4377f,0.6989f,0.6798f,-0.2222f,-6.858f,-0.3668f,0.0741f,-0.9273f,3.8477f,0f,0f,0f,1f],start_interpolation: 0,interpolation_duration: 1}
$data merge entity $(bone_chain8) {transformation: [0.2838f,-0.804f,0.5225f,-3.674f,-0.2032f,0.4821f,0.8522f,-8.0017f,-0.9371f,-0.348f,-0.0266f,2.1728f,0f,0f,0f,1f],start_interpolation: 0,interpolation_duration: 1}
$data merge entity $(bone_chain4) {transformation: [-0.8729f,0.0037f,-0.4878f,-3.1053f,-0.465f,0.2958f,0.8344f,-6.6175f,0.1473f,0.9553f,-0.2565f,-2.034f,0f,0f,0f,1f],start_interpolation: 0,interpolation_duration: 1}
$data merge entity $(bone_chain3) {transformation: [0.1505f,0.7072f,-0.6908f,-1.1761f,-0.7628f,-0.3615f,-0.5362f,-6.5757f,-0.6289f,0.6076f,0.485f,-2.213f,0f,0f,0f,1f],start_interpolation: 0,interpolation_duration: 1}
$data merge entity $(bone_chain2) {transformation: [-0.8128f,-0.5702f,-0.1196f,-4.7403f,-0.1156f,-0.0433f,0.9924f,-8.5789f,-0.571f,0.8204f,-0.0307f,-4.7107f,0f,0f,0f,1f],start_interpolation: 0,interpolation_duration: 1}
$data merge entity $(bone_chain) {transformation: [-0.8311f,-0.5032f,0.3162f,-4.8089f,0.3549f,0.0015f,0.9349f,-6.763f,-0.4281f,0.9782f,0.1612f,-2.3812f,0f,0f,0f,1f],start_interpolation: 0,interpolation_duration: 1}