# This file was generated by Animated Java via MC-Build. It is not recommended to edit this file directly.
$data merge entity $(bone_chain13) {transformation: [-0.3947f,-0.0982f,0.9135f,4.1422f,-0.9059f,0.2078f,-0.3691f,-4.3913f,-0.1536f,-0.9732f,-0.171f,-0.8177f,0f,0f,0f,1f],start_interpolation: 0,interpolation_duration: 1}
$data merge entity $(bone_chain14) {transformation: [0.037f,0.7216f,0.6914f,3.4435f,0.9979f,0.0099f,-0.0637f,-6.3719f,-0.0529f,0.6923f,-0.7197f,-3.2877f,0f,0f,0f,1f],start_interpolation: 0,interpolation_duration: 1}
$data merge entity $(bone_chain15) {transformation: [0.5274f,-0.1508f,0.8361f,3.2098f,0.3866f,-0.8337f,-0.3942f,-7.4315f,0.7566f,0.5312f,-0.3814f,0.7894f,0f,0f,0f,1f],start_interpolation: 0,interpolation_duration: 1}
$data merge entity $(bone_chain16) {transformation: [0.2952f,-0.9441f,-0.1466f,1.9565f,-0.7401f,-0.1289f,-0.6601f,-7.584f,0.6043f,0.3033f,-0.7368f,-2.5278f,0f,0f,0f,1f],start_interpolation: 0,interpolation_duration: 1}
$data merge entity $(bone_chain9) {transformation: [0.6149f,-0.2321f,0.7537f,0.4695f,-0.6919f,0.2997f,0.6568f,-4.2076f,-0.3783f,-0.9254f,0.0237f,4.786f,0f,0f,0f,1f],start_interpolation: 0,interpolation_duration: 1}
$data merge entity $(bone_chain10) {transformation: [0.6337f,-0.7342f,0.2437f,2.6415f,0.7672f,0.6369f,-0.076f,-6.7596f,-0.0995f,0.2351f,0.9669f,5.0795f,0f,0f,0f,1f],start_interpolation: 0,interpolation_duration: 1}
$data merge entity $(bone_chain11) {transformation: [-0.6751f,-0.1301f,-0.7262f,4.3985f,-0.3966f,-0.766f,0.5059f,-6.7969f,-0.6221f,0.6295f,0.4655f,2.0405f,0f,0f,0f,1f],start_interpolation: 0,interpolation_duration: 1}
$data merge entity $(bone_chain12) {transformation: [-0.5527f,-0.3872f,-0.7379f,2.7385f,-0.7938f,0.5142f,0.3248f,-8.0877f,0.2536f,0.7653f,-0.5916f,2.13f,0f,0f,0f,1f],start_interpolation: 0,interpolation_duration: 1}
$data merge entity $(bone_chain5) {transformation: [-0.1009f,0.1934f,-0.9759f,-3.1896f,-0.6685f,0.7133f,0.2105f,-7.3562f,0.7368f,0.6737f,0.0573f,3.8484f,0f,0f,0f,1f],start_interpolation: 0,interpolation_duration: 1}
$data merge entity $(bone_chain6) {transformation: [-0.3201f,0.4469f,0.8353f,-3.3341f,-0.7249f,0.4522f,-0.5197f,-6.688f,-0.61f,-0.7719f,0.1792f,3.9443f,0f,0f,0f,1f],start_interpolation: 0,interpolation_duration: 1}
$data merge entity $(bone_chain7) {transformation: [-0.5382f,0.7636f,0.3568f,-3.4497f,0.7474f,0.628f,-0.2168f,-6.878f,-0.3896f,0.15f,-0.9087f,3.8721f,0f,0f,0f,1f],start_interpolation: 0,interpolation_duration: 1}
$data merge entity $(bone_chain8) {transformation: [0.2574f,-0.8139f,0.5209f,-3.691f,-0.2005f,0.4824f,0.8527f,-8.02f,-0.9453f,-0.3239f,-0.039f,2.1785f,0f,0f,0f,1f],start_interpolation: 0,interpolation_duration: 1}
$data merge entity $(bone_chain4) {transformation: [-0.873f,0.0209f,-0.4873f,-3.1337f,-0.4588f,0.3035f,0.8351f,-6.6648f,0.1653f,0.9526f,-0.2553f,-2.048f,0f,0f,0f,1f],start_interpolation: 0,interpolation_duration: 1}
$data merge entity $(bone_chain3) {transformation: [0.1126f,0.6976f,-0.7076f,-1.1767f,-0.7613f,-0.3971f,-0.5126f,-6.6055f,-0.6386f,0.5964f,0.4864f,-2.2204f,0f,0f,0f,1f],start_interpolation: 0,interpolation_duration: 1}
$data merge entity $(bone_chain2) {transformation: [-0.8313f,-0.5511f,-0.0724f,-4.7604f,-0.0688f,-0.0273f,0.9973f,-8.6305f,-0.5516f,0.834f,-0.0153f,-4.7401f,0f,0f,0f,1f],start_interpolation: 0,interpolation_duration: 1}
$data merge entity $(bone_chain) {transformation: [-0.8283f,-0.5121f,0.3117f,-4.8471f,0.3363f,0.0352f,0.9412f,-6.7805f,-0.4482f,0.9729f,0.1301f,-2.3908f,0f,0f,0f,1f],start_interpolation: 0,interpolation_duration: 1}