# This file was generated by Animated Java via MC-Build. It is not recommended to edit this file directly.
$data merge entity $(bone_layer) { transformation: [-2.2493011829362876e-8f,-0.1454769247638127f,-0.9903723867118183f,-0.5027325594293998f,-1.6386276320325304e-9f,0.9903723867118185f,-0.14547692476381266f,1.284290374234009f,1.0011000999999997f,-1.6475501836660557e-9f,-2.2490099044749373e-8f,4.3250057535966765e-9f,0f,0f,0f,1f], start_interpolation: 0, interpolation_duration: 1 }
$data merge entity $(bone_l_1) { transformation: [-1.6852905966056103e-8f,-0.10899869487798156f,-0.9893830037081103f,-0.27419084887327705f,-1.2277429810433545e-9f,0.7420372527810829f,-0.14533159317064204f,1.4378854234031704f,0.7500749999999998f,-1.234428209540002e-9f,-2.246763141333604e-8f,0.12188719721135677f,0f,0f,0f,1f], start_interpolation: 0, interpolation_duration: 1 }
$data merge entity $(bone_eye_l) { transformation: [-2.2470541288074803e-8f,-0.14533159317064206f,-0.9893830037081103f,-0.5027325594293998f,-1.6369906413911394e-9f,0.9893830037081105f,-0.14533159317064204f,1.284290374234009f,1.0000999999999998f,-1.6459042793866693e-9f,-2.246763141333604e-8f,4.3250057535966765e-9f,0f,0f,0f,1f], start_interpolation: 0, interpolation_duration: 1 }
$data merge entity $(bone_r_1) { transformation: [-1.6852905966056103e-8f,-0.10899869487798156f,-0.9893830037081103f,-0.2741908433960827f,-1.2277429810433545e-9f,0.7420372527810829f,-0.14533159317064204f,1.4378854238021868f,0.7500749999999998f,-1.234428209540002e-9f,-2.246763141333604e-8f,-0.12188717778864318f,0f,0f,0f,1f], start_interpolation: 0, interpolation_duration: 1 }
$data merge entity $(bone_eye_r) { transformation: [-2.2470541288074803e-8f,-0.14533159317064206f,-0.9893830037081103f,-0.28128280955635443f,-1.6369906413911394e-9f,0.9893830037081105f,-0.14533159317064204f,1.4431607451231616f,1.0000999999999998f,-1.6459042793866693e-9f,-2.246763141333604e-8f,-0.12501249043935278f,0f,0f,0f,1f], start_interpolation: 0, interpolation_duration: 1 }
$data merge entity $(bone_eyes_down) { transformation: [-2.2470541288074803e-8f,-0.14533159317064206f,-0.9893830037081103f,-0.5072741717159823f,-1.6369906413911394e-9f,0.9893830037081105f,-0.14533159317064204f,1.3152085930998876f,1.0000999999999998f,-1.6459042793866693e-9f,-2.246763141333604e-8f,4.273571244865843e-9f,0f,0f,0f,1f], start_interpolation: 0, interpolation_duration: 1 }
$data merge entity $(bone_bone) { transformation: [-2.2470541288074803e-8f,-0.14533159317064206f,-0.9893830037081103f,-0.5027325594293998f,-1.6369906413911394e-9f,0.9893830037081105f,-0.14533159317064204f,1.284290374234009f,1.0000999999999998f,-1.6459042793866693e-9f,-2.246763141333604e-8f,4.3250057535966765e-9f,0f,0f,0f,1f], start_interpolation: 0, interpolation_duration: 1 }
$data merge entity $(bone_l) { transformation: [0.025236544182350416f,-0.10734276271052468f,-0.9893830037081103f,-0.28212985661573775f,-0.17180455722066823f,0.7307640393494946f,-0.14533159317064204f,1.545688681556981f,0.9849062340733172f,0.13024915564784828f,-2.246763141333604e-8f,0.1250125097094361f,0f,0f,0f,1f], start_interpolation: 0, interpolation_duration: 1 }
$data merge entity $(bone_r) { transformation: [-0.025236588440676968f,-0.10734275685757186f,-0.9893830037081103f,-0.28212985099810245f,0.17180455399642608f,0.7307640397758853f,-0.14533159317064204f,1.5456886819662286f,0.9849062335017007f,-0.13024915807919724f,-2.246763141333604e-8f,-0.12501249029056385f,0f,0f,0f,1f], start_interpolation: 0, interpolation_duration: 1 }
$data merge entity $(bone_sad) { transformation: [-6.741162386422441e-8f,-0.09737216742433019f,-0.49469150185405514f,-0.2636014295234451f,-4.910971924173418e-9f,0.662886612484434f,-0.07266579658532102f,1.3765464416257898f,3.0002999999999993f,-1.1027558671890685e-9f,-1.123381570666802e-8f,0.14063907234888165f,0f,0f,0f,1f], start_interpolation: 0, interpolation_duration: 1 }
$data merge entity $(bone_head) { transformation: [-2.2470541288074803e-8f,-0.14533159317064206f,-0.9893830037081103f,-0.5027325594293998f,-1.6369906413911394e-9f,0.9893830037081105f,-0.14533159317064204f,1.284290374234009f,1.0000999999999998f,-1.6459042793866693e-9f,-2.246763141333604e-8f,4.3250057535966765e-9f,0f,0f,0f,1f], start_interpolation: 0, interpolation_duration: 1 }
$data merge entity $(bone_6) { transformation: [-0.025588886058067993f,0.8884236921649771f,-0.45630449395489014f,-0.4700358608901521f,-0.2075679557516845f,0.44260642017978225f,0.8722188853249977f,0.2670028393698592f,0.9768632210577762f,0.11731906780694325f,0.1733798178090168f,-0.2041519594158623f,0f,0f,0f,1f], start_interpolation: 0, interpolation_duration: 1 }
$data merge entity $(bone_12) { transformation: [-0.025588886058067993f,0.286636750782303f,-0.9567391604321642f,-0.4159107603521093f,-0.2075679557516845f,0.9355636365835673f,0.2852839094734825f,0.5653785634772431f,0.9768632210577762f,0.2063008846406009f,0.03555657310657892f,-0.1393340414468708f,0f,0f,0f,1f], start_interpolation: 0, interpolation_duration: 1 }
$data merge entity $(bone_10) { transformation: [-2.2445826164170313e-8f,-0.3600392576484787f,-0.9320042166523502f,-0.5094031967776348f,-1.6351901317365747e-9f,0.9329371538061566f,-0.35967921839083034f,0.975273690252626f,0.9989999999999998f,-6.562411414197288e-9f,-2.1529277894396574e-8f,3.6693210730334842e-9f,0f,0f,0f,1f], start_interpolation: 0, interpolation_duration: 1 }
$data merge entity $(bone_9) { transformation: [-2.246829445862894e-8f,0.07620537247868076f,-0.9970921427859037f,-0.4700094531470173f,-1.63682695869527e-9f,0.997092142785904f,0.07620537247868082f,1.2856742759282416f,0.9999999999999998f,3.344272044032609e-9f,-2.227822494540195e-8f,5.06250335156558e-9f,0f,0f,0f,1f], start_interpolation: 0, interpolation_duration: 1 }
$data merge entity $(item_display_item_display) { transformation: [0.7070790487025342f,-0.4344698886567671f,-0.5380152657041946f,-1.4213232105782736f,0.2849728035035742f,-0.5179920638878475f,0.7931670277925679f,1.8147235590822133f,-0.6296351877212424f,-0.7212692909785197f,-0.2468438670417463f,1.7362958133962816f,0f,0f,0f,1f], start_interpolation: 0, interpolation_duration: 1 }
$data merge entity $(bone_2) { transformation: [0.3383028511862403f,-0.6800136701084624f,0.6334965514816473f,-0.420555043444391f,-0.49020933865140853f,0.4425487797763271f,0.7365355339576002f,1.0233206385033662f,-0.7883092425303591f,-0.5670263444630855f,-0.1861489114864382f,0.47619734402491387f,0f,0f,0f,1f], start_interpolation: 0, interpolation_duration: 1 }
$data merge entity $(bone_1) { transformation: [0.33864149267891924f,-0.3700605910984462f,0.8525207511781685f,-0.5405228494290155f,-0.49070003869009865f,0.7000904444493443f,0.4982041598124637f,1.2639126233565943f,-0.7890983408712303f,-0.5941620389309532f,0.05605144116049067f,0.27510127659071576f,0f,0f,0f,1f], start_interpolation: 0, interpolation_duration: 1 }
$data merge entity $(bone_4) { transformation: [-0.11351847690119589f,-0.12300156736933288f,-0.9803397449708969f,-0.6010093870491047f,-0.23024860015314225f,0.9616288723747646f,-0.1048495546964574f,1.0494011931158034f,0.9549644970281304f,0.21386348006142702f,-0.13711897248793178f,-0.4549239630071483f,0f,0f,0f,1f], start_interpolation: 0, interpolation_duration: 1 }
$data merge entity $(bone_3) { transformation: [-0.1136321090102061f,0.486030408025561f,-0.860214998485508f,-0.4465809723108782f,-0.23047907923237462f,0.8343698095076333f,0.4894390036429488f,1.3093886589792274f,0.9559204174455759f,0.25344149140115885f,0.017510315716368935f,-0.37561069579267187f,0f,0f,0f,1f], start_interpolation: 0, interpolation_duration: 1 }
$data merge entity $(bone_8) { transformation: [-0.045684831728727476f,-0.004814474449837736f,-0.9988105692426129f,-0.19870849391023054f,0.13216996929468108f,0.990293392843799f,-0.010157265466701093f,0.40514390273704715f,0.9891637984175243f,-0.13254064779290908f,-0.044766567911641054f,0.16656801301190954f,0f,0f,0f,1f], start_interpolation: 0, interpolation_duration: 1 }
$data merge entity $(bone_7) { transformation: [-0.045684831728727476f,-0.7166050915091373f,-0.69578938998677f,-0.44925538664321185f,0.13216996929468108f,0.6860116537496969f,-0.7142633862038918f,0.5828787406769199f,0.9891637984175243f,-0.12475349713782027f,0.06330587549221173f,0.13125000437845719f,0f,0f,0f,1f], start_interpolation: 0, interpolation_duration: 1 }