# This file was generated by Animated Java via MC-Build. It is not recommended to edit this file directly.
$data merge entity $(bone_layer) { transformation: [-2.4006413405050013e-8f,-0.003235317665687261f,-1.000994771574558f,-0.394986433895849f,-3.4918374978033623e-10f,1.0009947715745582f,-0.0032353176656872524f,1.2904857704711903f,1.0011000999999995f,2.7156398793816323e-10f,-2.4005016152309796e-8f,5.85685430524021e-9f,0f,0f,0f,1f], start_interpolation: 0, interpolation_duration: 1 }
$data merge entity $(bone_l_1) { transformation: [-1.7986823230556956e-8f,-0.0024240641850803656f,-0.9999947767977603f,-0.1469340446206519f,-2.616261861491031e-10f,0.7499960825983204f,-0.0032320855801071455f,1.410038121434718f,0.7500749999999996f,2.0346952143219024e-10f,-2.3981035117192606e-8f,0.12188719934685867f,0f,0f,0f,1f], start_interpolation: 0, interpolation_duration: 1 }
$data merge entity $(bone_eye_l) { transformation: [-2.398243097407594e-8f,-0.003232085580107154f,-0.9999947767977603f,-0.394986433895849f,-3.488349148654708e-10f,0.9999947767977605f,-0.0032320855801071455f,1.2904857704711903f,1.0000999999999995f,2.712926952429203e-10f,-2.3981035117192606e-8f,5.85685430524021e-9f,0f,0f,0f,1f], start_interpolation: 0, interpolation_duration: 1 }
$data merge entity $(bone_r_1) { transformation: [-1.7986823230556956e-8f,-0.0024240641850803656f,-0.9999947767977603f,-0.14693403877493436f,-2.616261861491031e-10f,0.7499960825983204f,-0.0032320855801071455f,1.4100381215197466f,0.7500749999999996f,2.0346952143219024e-10f,-2.3981035117192606e-8f,-0.12188717565314122f,0f,0f,0f,1f], start_interpolation: 0, interpolation_duration: 1 }
$data merge entity $(bone_eye_r) { transformation: [-2.398243097407594e-8f,-0.003232085580107154f,-0.9999947767977603f,-0.15320420658985093f,-3.488349148654708e-10f,0.9999947767977605f,-0.0032320855801071455f,1.416267888340947f,1.0000999999999995f,2.712926952429203e-10f,-2.3981035117192606e-8f,-0.1250124883013271f,0f,0f,0f,1f], start_interpolation: 0, interpolation_duration: 1 }
$data merge entity $(bone_eyes_down) { transformation: [-2.398243097407594e-8f,-0.003232085580107154f,-0.9999947767977603f,-0.3950874365702273f,-3.488349148654708e-10f,0.9999947767977605f,-0.0032320855801071455f,1.3217356072461204f,1.0000999999999995f,2.712926952429203e-10f,-2.3981035117192606e-8f,5.865332201966551e-9f,0f,0f,0f,1f], start_interpolation: 0, interpolation_duration: 1 }
$data merge entity $(bone_bone) { transformation: [-2.398243097407594e-8f,-0.003232085580107154f,-0.9999947767977603f,-0.394986433895849f,-3.488349148654708e-10f,0.9999947767977605f,-0.0032320855801071455f,1.2904857704711903f,1.0000999999999995f,2.712926952429203e-10f,-2.3981035117192606e-8f,5.85685430524021e-9f,0f,0f,0f,1f], start_interpolation: 0, interpolation_duration: 1 }
$data merge entity $(bone_l) { transformation: [0.0005612221529652114f,-0.00238724032664544f,-0.9999947767977603f,-0.1394700447284698f,-0.1736472710109152f,0.7386019568261794f,-0.0032320855801071455f,1.5178753089757309f,0.9849062337403993f,0.13024915706390106f,-2.3981035117192606e-8f,0.12501251206345926f,0f,0f,0f,1f], start_interpolation: 0, interpolation_duration: 1 }
$data merge entity $(bone_r) { transformation: [-0.0005612693891331301f,-0.0023872340798872876f,-0.9999947767977603f,-0.13947003873286207f,0.17364727032384453f,0.7386019569170411f,-0.0032320855801071455f,1.5178753090629398f,0.9849062338346182f,-0.13024915666314435f,-2.3981035117192606e-8f,-0.12501248793654063f,0f,0f,0f,1f], start_interpolation: 0, interpolation_duration: 1 }
$data merge entity $(bone_sad) { transformation: [-7.194729292222782e-8f,-0.0021654973386717935f,-0.49999738839888014f,-0.1451711150329872f,-1.0465047445964124e-9f,0.6699965004544995f,-0.0016160427900535727f,1.348028368212263f,3.0002999999999984f,1.8176610581275663e-10f,-1.1990517558596303e-8f,0.14063907436750478f,0f,0f,0f,1f], start_interpolation: 0, interpolation_duration: 1 }
$data merge entity $(bone_head) { transformation: [-2.398243097407594e-8f,-0.003232085580107154f,-0.9999947767977603f,-0.394986433895849f,-3.488349148654708e-10f,0.9999947767977605f,-0.0032320855801071455f,1.2904857704711903f,1.0000999999999995f,2.712926952429203e-10f,-2.3981035117192606e-8f,5.85685430524021e-9f,0f,0f,0f,1f], start_interpolation: 0, interpolation_duration: 1 }
$data merge entity $(bone_6) { transformation: [-0.026506401601290065f,0.8793742609140774f,-0.47340853055623855f,-0.4165369950142136f,-0.20121634104589742f,0.4599740477224101f,0.864718527742617f,0.2750069309349965f,0.9781668542586445f,0.11844946664463879f,0.16505071793393136f,-0.20390905838464224f,0f,0f,0f,1f], start_interpolation: 0, interpolation_duration: 1 }
$data merge entity $(bone_12) { transformation: [-0.026506401601290065f,0.2412209308741416f,-0.9691373432438819f,-0.3790057353056533f,-0.20121634104589742f,0.9492559692441421f,0.241303463824831f,0.5747654514094462f,0.9781668542586445f,0.20180576642548378f,0.023376233150972998f,-0.14122943367367632f,0f,0f,0f,1f], start_interpolation: 0, interpolation_duration: 1 }
$data merge entity $(bone_10) { transformation: [-2.395605293780808e-8f,-0.25542899034854305f,-0.9658609908179208f,-0.4341338617300039f,-3.4845123482712266e-10f,0.9668278186365574f,-0.25517356135819447f,0.9865379257337946f,0.9989999999999997f,-5.78796604439044e-9f,-2.3250382998187782e-8f,4.812080674006031e-9f,0f,0f,0f,1f], start_interpolation: 0, interpolation_duration: 1 }
$data merge entity $(bone_9) { transformation: [-2.398003297077886e-8f,0.17232824641815425f,-0.9850395806699563f,-0.3648900412763626f,-3.4880003486198463e-10f,0.9850395806699566f,0.1723282464181543f,1.2916701658428724f,0.9999999999999997f,4.4760188802971435e-9f,-2.35611735701289e-8f,6.578979911132153e-9f,0f,0f,0f,1f], start_interpolation: 0, interpolation_duration: 1 }
$data merge entity $(item_display_item_display) { transformation: [0.7985757656104863f,0.3075282456941121f,-0.49599873082792645f,-1.392880428318772f,0.5522605760657158f,-0.12728226542069196f,0.8109670392714841f,1.489860900715791f,0.18808408451302522f,-0.9304496730757481f,-0.2759390616638161f,1.8554574327170292f,0f,0f,0f,1f], start_interpolation: 0, interpolation_duration: 1 }
$data merge entity $(bone_2) { transformation: [0.29447068057049103f,-0.7249726454566898f,0.6049903287878793f,-0.334322572292716f,-0.42510744548739077f,0.4646104655390517f,0.763073281444572f,1.0146688343354078f,-0.8418765674112306f,-0.48818624055357185f,-0.17370268421596152f,0.46563214376388795f,0f,0f,0f,1f], start_interpolation: 0, interpolation_duration: 1 }
$data merge entity $(bone_1) { transformation: [0.29476544601650756f,-0.4151475642161688f,0.848086749402866f,-0.4693030750834307f,-0.42553297846585664f,0.7354570354805724f,0.5071948999202668f,1.2668329706924533f,-0.8427192866979285f,-0.5165805347547563f,0.04053367836935105f,0.2910879670294516f,0f,0f,0f,1f], start_interpolation: 0, interpolation_duration: 1 }
$data merge entity $(bone_4) { transformation: [-0.12866979428202407f,-0.1701956287523259f,-0.9708403603981544f,-0.48659146792073205f,-0.24488737500251218f,0.9532084268287152f,-0.14557384843339422f,1.039130574109779f,0.9493618821915352f,0.21943423621083497f,-0.16448619712470997f,-0.45844444737376944f,0f,0f,0f,1f], start_interpolation: 0, interpolation_duration: 1 }
$data merge entity $(bone_3) { transformation: [-0.12879859287489898f,0.440547800975051f,-0.8817115131835722f,-0.3459814617070477f,-0.2451325075100222f,0.8528936039788713f,0.4498561443582994f,1.304930177497809f,0.9503121943859211f,0.27423362605161017f,-0.0017353410520975499f,-0.3725453933656636f,0f,0f,0f,1f], start_interpolation: 0, interpolation_duration: 1 }
$data merge entity $(bone_8) { transformation: [-0.03489466732781824f,0.01595136733914726f,-0.999125974870662f,-0.14623007893827847f,0.10965265702939021f,0.9930163887067764f,0.012701389669501073f,0.41073295604918775f,0.9923505840839213f,-0.10916280540396535f,-0.03652976679488181f,0.1598350272029974f,0f,0f,0f,1f], start_interpolation: 0, interpolation_duration: 1 }
$data merge entity $(bone_7) { transformation: [-0.03489466732781824f,-0.7120937725636223f,-0.7010204125825064f,-0.3954027358942601f,0.10965265702939021f,0.694452195939363f,-0.7099147984756908f,0.5901510131302401f,0.9923505840839213f,-0.10176879647727889f,0.05379641260640569f,0.1312500056025946f,0f,0f,0f,1f], start_interpolation: 0, interpolation_duration: 1 }