# This file was generated by Animated Java via MC-Build. It is not recommended to edit this file directly.
$data merge entity $(bone_layer) { transformation: [-2.544104747317967e-8f,0.1522755095761051f,-0.9893498719782282f,-0.2769831076214429f,1.1107801227669935e-9f,0.9893498719782285f,0.1522755095761051f,1.2904454394939822f,1.0011000999999997f,2.7720487760187608e-9f,-2.5311396671720577e-8f,7.750427658073084e-9f,0f,0f,0f,1f], start_interpolation: 0, interpolation_duration: 1 }
$data merge entity $(bone_l_1) { transformation: [-1.906172388100375e-8f,0.11409253964243642f,-0.9883615104677606f,-0.013372395852086327f,8.322528392360092e-10f,0.7412711328508207f,0.15212338618991522f,1.3700202152407128f,0.7500749999999998f,2.0769596223916788e-9f,-2.528611056115942e-8f,0.12188720186129766f,0f,0f,0f,1f], start_interpolation: 0, interpolation_duration: 1 }
$data merge entity $(bone_eye_l) { transformation: [-2.5415631841338334e-8f,0.15212338618991522f,-0.9883615104677606f,-0.2769831076214429f,1.109670452314679e-9f,0.9883615104677609f,0.15212338618991522f,1.2904454394939822f,1.0000999999999998f,2.7692794965222387e-9f,-2.528611056115942e-8f,7.750427658073084e-9f,0f,0f,0f,1f], start_interpolation: 0, interpolation_duration: 1 }
$data merge entity $(bone_r_1) { transformation: [-1.906172388100375e-8f,0.11409253964243642f,-0.9883615104677606f,-0.013372389657026092f,8.322528392360092e-10f,0.7412711328508207f,0.15212338618991522f,1.3700202149702307f,0.7500749999999998f,2.0769596223916788e-9f,-2.528611056115942e-8f,-0.12188717313870227f,0f,0f,0f,1f], start_interpolation: 0, interpolation_duration: 1 }
$data merge entity $(bone_eye_r) { transformation: [-2.5415631841338334e-8f,0.15212338618991522f,-0.9883615104677606f,-0.01859887785433878f,1.109670452314679e-9f,0.9883615104677609f,0.15212338618991522f,1.3771482455708735f,1.0000999999999998f,2.7692794965222387e-9f,-2.528611056115942e-8f,-0.12501248577943247f,0f,0f,0f,1f], start_interpolation: 0, interpolation_duration: 1 }
$data merge entity $(bone_eyes_down) { transformation: [-2.5415631841338334e-8f,0.15212338618991522f,-0.9883615104677606f,-0.27222925180300805f,1.109670452314679e-9f,0.9883615104677609f,0.15212338618991522f,1.3213317366960997f,1.0000999999999998f,2.7692794965222387e-9f,-2.528611056115942e-8f,7.836967642339404e-9f,0f,0f,0f,1f], start_interpolation: 0, interpolation_duration: 1 }
$data merge entity $(bone_bone) { transformation: [-2.5415631841338334e-8f,0.15212338618991522f,-0.9883615104677606f,-0.2769831076214429f,1.109670452314679e-9f,0.9883615104677609f,0.15212338618991522f,1.2904454394939822f,1.0000999999999998f,2.7692794965222387e-9f,-2.528611056115942e-8f,7.750427658073084e-9f,0f,0f,0f,1f], start_interpolation: 0, interpolation_duration: 1 }
$data merge entity $(bone_l) { transformation: [-0.02641597382191274f,0.11235921429069046f,-0.9883615104677606f,0.01074998094261942f,-0.1716271740760493f,0.7300095588601497f,0.15212338618991522f,1.4753894766368774f,0.9849062333066286f,0.13024915890892869f,-2.528611056115942e-8f,0.12501251485740836f,0f,0f,0f,1f], start_interpolation: 0, interpolation_duration: 1 }
$data merge entity $(bone_r) { transformation: [0.02641592376289017f,0.11235922091075767f,-0.9883615104677606f,0.010749987296527375f,0.17162717626167343f,0.7300095585711114f,0.15212338618991522f,1.4753894763594597f,0.9849062342683893f,-0.13024915481811683f,-2.528611056115942e-8f,-0.12501248514259158f,0f,0f,0f,1f], start_interpolation: 0, interpolation_duration: 1 }
$data merge entity $(bone_sad) { transformation: [-7.6246895524015e-8f,0.1019226687472432f,-0.4941807552338803f,-0.02122957221483046f,3.3290113569440368e-9f,0.6622022120133998f,0.07606169309495761f,1.3087000562739268f,3.0002999999999993f,1.8554172626699e-9f,-1.264305528057971e-8f,0.1406390767296609f,0f,0f,0f,1f], start_interpolation: 0, interpolation_duration: 1 }
$data merge entity $(bone_head) { transformation: [-2.5415631841338334e-8f,0.15212338618991522f,-0.9883615104677606f,-0.2769831076214429f,1.109670452314679e-9f,0.9883615104677609f,0.15212338618991522f,1.2904454394939822f,1.0000999999999998f,2.7692794965222387e-9f,-2.528611056115942e-8f,7.750427658073084e-9f,0f,0f,0f,1f], start_interpolation: 0, interpolation_duration: 1 }
$data merge entity $(bone_6) { transformation: [-0.024667715159789952f,0.8619736100997198f,-0.5044385971524433f,-0.35015535492255745f,-0.19372076671691713f,0.49164130459487354f,0.8488937782035186f,0.28409012380383325f,0.9797268845813129f,0.11891482391524671f,0.15515038766095018f,-0.2030370014225835f,0f,0f,0f,1f], start_interpolation: 0, interpolation_duration: 1 }
$data merge entity $(bone_12) { transformation: [-0.024667715159789952f,0.17934762647511832f,-0.9824923570609647f,-0.3341483219606531f,-0.19372076671691713f,0.964231366403331f,0.180526150738222f,0.5847562368181347f,0.9797268845813129f,0.19517249017652785f,0.010957975015046674f,-0.14318345673431737f,0f,0f,0f,1f], start_interpolation: 0, interpolation_duration: 1 }
$data merge entity $(bone_10) { transformation: [-2.538767744175282e-8f,-0.142633542087298f,-0.9887857912520588f,-0.3501514505757306f,1.1084499368686774e-9f,0.9897755668188779f,-0.14249090854521074f,0.995624575600008f,0.9989999999999998f,-4.722974007123906e-9f,-2.497000075877738e-8f,6.218115218514377e-9f,0f,0f,0f,1f], start_interpolation: 0, interpolation_duration: 1 }
$data merge entity $(bone_9) { transformation: [-2.5413090532285106e-8f,0.27266935107005147f,-0.9621078032045247f,-0.2499093439412688f,1.1095594963650424e-9f,0.962107803204525f,0.2726693510700515f,1.2920228054909526f,0.9999999999999998f,5.8618550739751575e-9f,-2.4752675639872712e-8f,8.436705486004625e-9f,0f,0f,0f,1f], start_interpolation: 0, interpolation_duration: 1 }
$data merge entity $(item_display_item_display) { transformation: [0.3277879616036018f,0.8444372078089686f,-0.3974062262362309f,-1.3680553775483912f,0.41241013519055775f,0.24637310591791556f,0.8650385682628376f,1.0955372117234305f,0.836279342930332f,-0.45142598601211004f,-0.27157557080131073f,1.9187613679983302f,0f,0f,0f,1f], start_interpolation: 0, interpolation_duration: 1 }
$data merge entity $(bone_2) { transformation: [0.2525795389784289f,-0.7725511465423756f,0.5637545182269308f,-0.2417376452892044f,-0.3397507053945672f,0.4732572875459279f,0.7997940669186785f,1.0050806473245288f,-0.8927253280566863f,-0.3986893824134652f,-0.1448796601041809f,0.4531221663381131f,0f,0f,0f,1f], start_interpolation: 0, interpolation_duration: 1 }
$data merge entity $(bone_1) { transformation: [0.25283237134977865f,-0.4680159113020584f,0.834035693248989f,-0.3943613576903526f,-0.34009079619075794f,0.7630732363529138f,0.5304359015522411f,1.2662454988707976f,-0.8936189470036899f,-0.4228242456742445f,0.034102739349492095f,0.3105468797943348f,0f,0f,0f,1f], start_interpolation: 0, interpolation_duration: 1 }
$data merge entity $(bone_4) { transformation: [-0.1324929252830562f,-0.21921536358760224f,-0.9598457530534177f,-0.3685879117739612f,-0.2651615797482647f,0.9406385840922411f,-0.1891020317711562f,1.0226969410067581f,0.9433453205473763f,0.2302279148112634f,-0.18337559708625878f,-0.4599609527282336f,0f,0f,0f,1f], start_interpolation: 0, interpolation_duration: 1 }
$data merge entity $(bone_3) { transformation: [-0.1326255508338901f,0.39261654659726125f,-0.9028906315969659f,-0.2425566742119366f,-0.26542700675501973f,0.8695686097645459f,0.40547621041830617f,1.2937782708079282f,0.9442896101575339f,0.2941210814161054f,-0.011148624655309997f,-0.3677744395037972f,0f,0f,0f,1f], start_interpolation: 0, interpolation_duration: 1 }
$data merge entity $(bone_8) { transformation: [-0.02653156095539577f,0.029037723265495252f,-0.9990893602357644f,-0.08381732306715475f,0.08257260034642722f,0.9953386890322702f,0.02741662803685685f,0.41665521097590774f,0.9952280475742852f,-0.08180525581639095f,-0.028902576034806886f,0.1527420017164254f,0f,0f,0f,1f], start_interpolation: 0, interpolation_duration: 1 }
$data merge entity $(bone_7) { transformation: [-0.02653156095539577f,-0.7128322000352402f,-0.700637562297135f,-0.33296735114661247f,0.08257260034642722f,0.6968985778500747f,-0.7111843288261723f,0.5956636595952356f,0.9952280475742852f,-0.07681736840579353f,0.04033051812017238f,0.13125000709859677f,0f,0f,0f,1f], start_interpolation: 0, interpolation_duration: 1 }