# This file was generated by Animated Java via MC-Build. It is not recommended to edit this file directly.
$data merge entity $(bone_layer) { transformation: [-2.6782210291458186e-8f,0.304090510384746f,-0.9536928024756944f,-0.15750585548916501f,2.7361806393045213e-9f,0.9536928024756947f,0.304090510384746f,1.2799145854439948f,1.0011000999999995f,5.528658122171847e-9f,-2.6345065558203374e-8f,9.81994958797523e-9f,0f,0f,0f,1f], start_interpolation: 0, interpolation_duration: 1 }
$data merge entity $(bone_l_1) { transformation: [-2.0066591127466176e-8f,0.2278400427458137f,-0.9527400624132812f,0.11526517394056734f,2.050085394084307e-9f,0.7145550468099611f,0.30378672366108495f,1.31758045402916f,0.7500749999999996f,4.142351240388497e-9f,-2.6318746811391985e-8f,0.12188720451438546f,0f,0f,0f,1f], start_interpolation: 0, interpolation_duration: 1 }
$data merge entity $(bone_eye_l) { transformation: [-2.675545483662157e-8f,0.30378672366108495f,-0.9527400624132812f,-0.15750585548916501f,2.733447192112409e-9f,0.9527400624132815f,0.30378672366108495f,1.2799145854439948f,1.0000999999999995f,5.523134987184663e-9f,-2.6318746811391985e-8f,9.81994958797523e-9f,0f,0f,0f,1f], start_interpolation: 0, interpolation_duration: 1 }
$data merge entity $(bone_r_1) { transformation: [-2.0066591127466176e-8f,0.2278400427458137f,-0.9527400624132812f,0.11526518046220945f,2.050085394084307e-9f,0.7145550468099611f,0.30378672366108495f,1.3175804533628823f,0.7500749999999996f,4.142351240388497e-9f,-2.6318746811391985e-8f,-0.12188717048561443f,0f,0f,0f,1f], start_interpolation: 0, interpolation_duration: 1 }
$data merge entity $(bone_eye_r) { transformation: [-2.675545483662157e-8f,0.30378672366108495f,-0.9527400624132812f,0.111209222178619f,2.733447192112409e-9f,0.9527400624132815f,0.30378672366108495f,1.325433745767305f,1.0000999999999995f,5.523134987184663e-9f,-2.6318746811391985e-8f,-0.125012483115587f,0f,0f,0f,1f], start_interpolation: 0, interpolation_duration: 1 }
$data merge entity $(bone_eyes_down) { transformation: [-2.675545483662157e-8f,0.30378672366108495f,-0.9527400624132812f,-0.1480125203747561f,2.733447192112409e-9f,0.9527400624132815f,0.30378672366108495f,1.30968771239441f,1.0000999999999995f,5.523134987184663e-9f,-2.6318746811391985e-8f,9.99254755632475e-9f,0f,0f,0f,1f], start_interpolation: 0, interpolation_duration: 1 }
$data merge entity $(bone_bone) { transformation: [-2.675545483662157e-8f,0.30378672366108495f,-0.9527400624132812f,-0.15750585548916501f,2.733447192112409e-9f,0.9527400624132815f,0.30378672366108495f,1.2799145854439948f,1.0000999999999995f,5.523134987184663e-9f,-2.6318746811391985e-8f,9.81994958797523e-9f,0f,0f,0f,1f], start_interpolation: 0, interpolation_duration: 1 }
$data merge entity $(bone_l) { transformation: [-0.052752037312134105f,0.22437863705818326f,-0.9527400624132812f,0.15546046173927097f,-0.1654415729364238f,0.7036993504084444f,0.30378672366108495f,1.4179244082380318f,0.9849062328284264f,0.1302491609429423f,-2.6318746811391985e-8f,0.12501251781546366f,0f,0f,0f,1f], start_interpolation: 0, interpolation_duration: 1 }
$data merge entity $(bone_r) { transformation: [0.052751984614175386f,0.2243786440272372f,-0.9527400624132812f,0.1554604684281347f,0.1654415783202638f,0.7036993496964573f,0.30378672366108495f,1.41792440755467f,0.9849062347465911f,-0.1302491527841031f,-2.6318746811391985e-8f,-0.12501248218453623f,0f,0f,0f,1f], start_interpolation: 0, interpolation_duration: 1 }
$data merge entity $(bone_sad) { transformation: [-8.02663645098647e-8f,0.20353710485292692f,-0.4763700312066406f,0.0980445368387261f,8.200341576337228e-9f,0.6383358418168986f,0.15189336183054247f,1.258429447832701f,3.0002999999999984f,3.7005004414137245e-9f,-1.3159373405695993e-8f,0.14063907921535557f,0f,0f,0f,1f], start_interpolation: 0, interpolation_duration: 1 }
$data merge entity $(bone_head) { transformation: [-2.675545483662157e-8f,0.30378672366108495f,-0.9527400624132812f,-0.15750585548916501f,2.733447192112409e-9f,0.9527400624132815f,0.30378672366108495f,1.2799145854439948f,1.0000999999999995f,5.523134987184663e-9f,-2.6318746811391985e-8f,9.81994958797523e-9f,0f,0f,0f,1f], start_interpolation: 0, interpolation_duration: 1 }
$data merge entity $(bone_6) { transformation: [-0.021787789052529618f,0.8436063575453632f,-0.5346792927746933f,-0.27927758828933213f,-0.18588852378739018f,0.5227412756490153f,0.8319191738638618f,0.2896456959321346f,0.9813112396035966f,0.11775257100018688f,0.14571803697674027f,-0.20162360340466962f,0f,0f,0f,1f], start_interpolation: 0, interpolation_duration: 1 }
$data merge entity $(bone_12) { transformation: [-0.021787789052529618f,0.11694879610259276f,-0.9919055457568303f,-0.2846186715268636f,-0.18588852378739018f,0.9753070309266078f,0.11884506104426482f,0.5897313711929884f,0.9813112396035966f,0.18734773688325987f,0.0004896552149455391f,-0.14489734720528338f,0f,0f,0f,1f], start_interpolation: 0, interpolation_duration: 1 }
$data merge entity $(bone_10) { transformation: [-2.6726026779107038e-8f,-0.029311262655908776f,-0.9985707623011013f,-0.2635308521409571f,2.730440700850212e-9f,0.9995703326337353f,-0.029281951393252903f,0.9977025103749553f,0.9989999999999997f,-3.5161572851753877e-9f,-2.663451081565625e-8f,7.754820900175157e-9f,0f,0f,0f,1f], start_interpolation: 0, interpolation_duration: 1 }
$data merge entity $(bone_9) { transformation: [-2.6752779558665703e-8f,0.3701217410738347f,-0.9289832596901155f,-0.13335244462272572f,2.7331738747249368e-9f,0.9289832596901157f,0.3701217410738348f,1.2822266268238378f,0.9999999999999997f,7.362712558224696e-9f,-2.58644914427827e-8f,1.0459801253413855e-8f,0f,0f,0f,1f], start_interpolation: 0, interpolation_duration: 1 }
$data merge entity $(item_display_item_display) { transformation: [-0.2885706973528579f,0.9014884024504446f,-0.28744311867515737f,-1.3250008867681196f,0.15415492765442756f,0.3407014932639208f,0.9161857279705684f,0.6993083805188435f,0.9322973669588042f,0.22251329144779433f,-0.24066624296915812f,1.9217674023107614f,0f,0f,0f,1f], start_interpolation: 0, interpolation_duration: 1 }
$data merge entity $(bone_2) { transformation: [0.21565587779856088f,-0.8127273044254947f,0.521099611023911f,-0.1501231273821836f,-0.24584955393407423f,0.4709256733366972f,0.8348799580731129f,0.9929808494816698f,-0.9323282768863808f,-0.312171468127784f,-0.09961799244692608f,0.43969179841595213f,0f,0f,0f,1f], start_interpolation: 0, interpolation_duration: 1 }
$data merge entity $(bone_1) { transformation: [0.21587174954810898f,-0.5150599031514351f,0.8165682899388369f,-0.31837932915014366f,-0.2460956495836579f,0.780522920809203f,0.5563986918489789f,1.2597019741950923f,-0.9332615384248055f,-0.32495732990210374f,0.04216045155245895f,0.3304398203861967f,0f,0f,0f,1f], start_interpolation: 0, interpolation_duration: 1 }
$data merge entity $(bone_4) { transformation: [-0.13169440435449722f,-0.26095384771720104f,-0.9489287503013099f,-0.2559439584760149f,-0.28580489975269424f,0.9268656968656468f,-0.22594594797492534f,1.0001033350236053f,0.9373823802699334f,0.2425505865358809f,-0.19768246638816156f,-0.46002754299022497f,0f,0f,0f,1f], start_interpolation: 0, interpolation_duration: 1 }
$data merge entity $(bone_3) { transformation: [-0.1318262305850823f,0.3505130469170512f,-0.9196212740730517f,-0.14267446313983398f,-0.2860909907434377f,0.8811306595388267f,0.3657052805924479f,1.2748828792161586f,0.9383207009709043f,0.3124924980178177f,-0.016049399639572137f,-0.36203491861276765f,0f,0f,0f,1f], start_interpolation: 0, interpolation_duration: 1 }
$data merge entity $(bone_8) { transformation: [-0.021328965526274f,0.04235134334829571f,-0.9987388208529238f,-0.019312476115531413f,0.05514414446379161f,0.996737053892795f,0.041771874682249355f,0.41639893315249016f,0.9972488271711125f,-0.05420772591857863f,-0.023664003001605278f,0.14643745290806065f,0f,0f,0f,1f], start_interpolation: 0, interpolation_duration: 1 }
$data merge entity $(bone_7) { transformation: [-0.021328965526274f,-0.7133136405267004f,-0.7003260089420063f,-0.268363455069344f,0.05514414446379161f,0.6985550642630253f,-0.7122151825886883f,0.5947633503233749f,0.9972488271711125f,-0.05387720980484072f,0.02440714753855723f,0.13125000872683817f,0f,0f,0f,1f], start_interpolation: 0, interpolation_duration: 1 }