# This file was generated by Animated Java via MC-Build. It is not recommended to edit this file directly.
$data merge entity $(bone_layer) { transformation: [-2.8015537886139164e-8f,0.436554529443105f,-0.9007891777895137f,-0.0460738257881238f,4.52080224250273e-9f,0.9007891777895141f,0.4365545294431051f,1.256646189900895f,1.0011000999999995f,8.149055437701888e-9f,-2.717976954743655e-8f,1.1831657554876697e-8f,0f,0f,0f,1f], start_interpolation: 0, interpolation_duration: 1 }
$data merge entity $(bone_l_1) { transformation: [-2.0990662751852524e-8f,0.32708880827405473f,-0.8998892885010128f,0.22928147722292253f,3.3872144674096378e-9f,0.6749169663757598f,0.43611841103207305f,1.255159875720032f,0.7500749999999996f,6.1056858923840325e-9f,-2.7152616930506044e-8f,0.12188720704411936f,0f,0f,0f,1f], start_interpolation: 0, interpolation_duration: 1 }
$data merge entity $(bone_eye_l) { transformation: [-2.7987550335803364e-8f,0.436118411032073f,-0.8998892885010128f,-0.0460738257881238f,4.516285956546184e-9f,0.8998892885010131f,0.43611841103207305f,1.256646189900895f,1.0000999999999995f,8.14091452317871e-9f,-2.7152616930506044e-8f,1.1831657554876697e-8f,0f,0f,0f,1f], start_interpolation: 0, interpolation_duration: 1 }
$data merge entity $(bone_r_1) { transformation: [-2.0990662751852524e-8f,0.32708880827405473f,-0.8998892885010128f,0.22928148404488796f,3.3872144674096378e-9f,0.6749169663757598f,0.43611841103207305f,1.2551598746191872f,0.7500749999999996f,6.1056858923840325e-9f,-2.7152616930506044e-8f,-0.12188716795588052f,0f,0f,0f,1f], start_interpolation: 0, interpolation_duration: 1 }
$data merge entity $(bone_eye_r) { transformation: [-2.7987550335803364e-8f,0.436118411032073f,-0.8998892885010128f,0.2263829161481682f,4.516285956546184e-9f,0.8998892885010131f,0.43611841103207305f,1.2635099227271556f,1.0000999999999995f,8.14091452317871e-9f,-2.7152616930506044e-8f,-0.12501248057470365f,0f,0f,0f,1f], start_interpolation: 0, interpolation_duration: 1 }
$data merge entity $(bone_eyes_down) { transformation: [-2.7987550335803364e-8f,0.436118411032073f,-0.8998892885010128f,-0.03244512544337152f,4.516285956546184e-9f,0.8998892885010131f,0.43611841103207305f,1.2847677301665517f,1.0000999999999995f,8.14091452317871e-9f,-2.7152616930506044e-8f,1.208606113372603e-8f,0f,0f,0f,1f], start_interpolation: 0, interpolation_duration: 1 }
$data merge entity $(bone_bone) { transformation: [-2.7987550335803364e-8f,0.436118411032073f,-0.8998892885010128f,-0.0460738257881238f,4.516285956546184e-9f,0.8998892885010131f,0.43611841103207305f,1.256646189900895f,1.0000999999999995f,8.14091452317871e-9f,-2.7152616930506044e-8f,1.1831657554876697e-8f,0f,0f,0f,1f], start_interpolation: 0, interpolation_duration: 1 }
$data merge entity $(bone_l) { transformation: [-0.07573119488507332f,0.32211959066682244f,-0.8998892885010128f,0.2833308783912709f,-0.15626413060251804f,0.6646634617145116f,0.43611841103207305f,1.3487720145644728f,0.9849062323738538f,0.1302491628764495f,-2.7152616930506044e-8f,0.12501252063394153f,0f,0f,0f,1f], start_interpolation: 0, interpolation_duration: 1 }
$data merge entity $(bone_r) { transformation: [0.0757311397603602f,0.32211959795680306f,-0.8998892885010128f,0.28333088538815854f,0.15626413949786488f,0.6646634605381444f,0.43611841103207305f,1.3487720134354013f,0.9849062352011637f,-0.1302491508505959f,-2.7152616930506044e-8f,-0.12501247936605836f,0f,0f,0f,1f], start_interpolation: 0, interpolation_duration: 1 }
$data merge entity $(bone_sad) { transformation: [-8.39626510074101e-8f,0.2921993353914889f,-0.4499446442505064f,0.20392250825729696f,1.3548857869638551e-8f,0.6029258232956788f,0.21805920551603653f,1.1992512889379885f,3.0002999999999984f,5.454412730529736e-9f,-1.3576308465253022e-8f,0.14063908158692884f,0f,0f,0f,1f], start_interpolation: 0, interpolation_duration: 1 }
$data merge entity $(bone_head) { transformation: [-2.7987550335803364e-8f,0.436118411032073f,-0.8998892885010128f,-0.0460738257881238f,4.516285956546184e-9f,0.8998892885010131f,0.43611841103207305f,1.256646189900895f,1.0000999999999995f,8.14091452317871e-9f,-2.7152616930506044e-8f,1.1831657554876697e-8f,0f,0f,0f,1f], start_interpolation: 0, interpolation_duration: 1 }
$data merge entity $(bone_6) { transformation: [-0.019907699185386474f,0.8334047794451602f,-0.5505007917392528f,-0.21424743033724528f,-0.17876209654712388f,0.539399174235323f,0.8228110191029243f,0.2870547350436191f,0.9826743083805645f,0.11500789014948315f,0.13852831758468367f,-0.20002376249754555f,0f,0f,0f,1f], start_interpolation: 0, interpolation_duration: 1 }
$data merge entity $(bone_12) { transformation: [-0.019907699185386474f,0.07060304251842756f,-0.9963081142371176f,-0.23570239833248774f,-0.17876209654712388f,0.9811452825473594f,0.07296147516329043f,0.585401262745671f,0.9826743083805645f,0.17991427103541116f,-0.006911197238913987f,-0.14618503761230833f,0f,0f,0f,1f], start_interpolation: 0, interpolation_duration: 1 }
$data merge entity $(bone_10) { transformation: [-2.7956767108756687e-8f,0.07653758561620694f,-0.9960696301635056f,-0.1813808402714726f,4.511318538735764e-9f,0.9970666968603664f,0.07646104803059056f,0.9890837961731581f,0.9989999999999996f,-2.3607027222873294e-9f,-2.822004684112799e-8f,9.25339178733166e-9f,0f,0f,0f,1f], start_interpolation: 0, interpolation_duration: 1 }
$data merge entity $(bone_9) { transformation: [-2.7984751860617303e-8f,0.45827509106307696f,-0.8888104077423529f,-0.024282211693286797f,4.5158343731088735e-9f,0.8888104077423533f,0.458275091063077f,1.259676500294783f,0.9999999999999996f,8.810994105917448e-9f,-2.6942633099123654e-8f,1.242780608760467e-8f,0f,0f,0f,1f], start_interpolation: 0, interpolation_duration: 1 }
$data merge entity $(item_display_item_display) { transformation: [-0.6834292863329277f,0.6794023401978031f,-0.22361199863781206f,-1.2532443167562726f,-0.008352425079258763f,0.3007145916396631f,0.942785601847454f,0.37908512944617034f,0.7139544587762194f,0.652441403233444f,-0.20250019264619046f,1.888635983286351f,0f,0f,0f,1f], start_interpolation: 0, interpolation_duration: 1 }
$data merge entity $(bone_2) { transformation: [0.18577516539527858f,-0.8391011058647553f,0.48996160796279287f,-0.06647829667105029f,-0.15851180960372294f,0.46688505249040557f,0.858041999938094f,0.975253407182938f,-0.9573646488246207f,-0.2401289221978396f,-0.04699054996943118f,0.4270007872333714f,0f,0f,0f,1f], start_interpolation: 0, interpolation_duration: 1 }
$data merge entity $(bone_1) { transformation: [0.18596112652180039f,-0.5450232419505104f,0.8044269443987415f,-0.24452433349942893f,-0.15867048008380674f,0.7917998464750085f,0.5720758070560981f,1.245364910699104f,-0.9583229717964171f,-0.23686001953877334f,0.061378678760768614f,0.3477285942919769f,0f,0f,0f,1f], start_interpolation: 0, interpolation_duration: 1 }
$data merge entity $(bone_4) { transformation: [-0.13230592552466103f,-0.28667108846526446f,-0.9410392330814381f,-0.15703636827845974f,-0.301229617654862f,0.9167469450746764f,-0.24747950250861084f,0.9713742234913694f,0.9324239673767493f,0.25210751386171665f,-0.20903184211083886f,-0.4588438763153829f,0f,0f,0f,1f], start_interpolation: 0, interpolation_duration: 1 }
$data merge entity $(bone_3) { transformation: [-0.13243836388854957f,0.3230650938523956f,-0.9291738783965591f,-0.051958807509804666f,-0.30153114880366566f,0.8864500182149289f,0.3404077417927116f,1.2478674371033143f,0.9333573247014507f,0.3268662699957838f,-0.02027192888774325f,-0.3562941795270599f,0f,0f,0f,1f], start_interpolation: 0, interpolation_duration: 1 }
$data merge entity $(bone_8) { transformation: [-0.019135774996304554f,0.06372642203719131f,-0.997642362577527f,0.03860187728486089f,0.03156005223563829f,0.9966051770625879f,0.06375111523108629f,0.40485562934417874f,0.9983179903975478f,-0.030282173643514737f,-0.02113151935162288f,0.14166499105538752f,0f,0f,0f,1f], start_interpolation: 0, interpolation_duration: 1 }
$data merge entity $(bone_7) { transformation: [-0.019135774996304554f,-0.7080494921316369f,-0.7057033776078041f,-0.20888273905503885f,0.03156005223563829f,0.7050380790051907f,-0.707253413419709f,0.5843147867061236f,0.9983179903975478f,-0.03585394190504748f,0.00883436475098641f,0.13125001031162783f,0f,0f,0f,1f], start_interpolation: 0, interpolation_duration: 1 }