# This file was generated by Animated Java via MC-Build. It is not recommended to edit this file directly.
$data merge entity $(bone_layer) { transformation: [-2.9127090188363103e-8f,0.5378369079551704f,-0.8442348372586981f,0.047351218035453835f,6.4573204131663495e-9f,0.8442348372586986f,0.5378369079551704f,1.2204903074992264f,1.0011000999999995f,1.020290505674561e-8f,-2.8032251219288002e-8f,1.3503803340882849e-8f,0f,0f,0f,1f], start_interpolation: 0, interpolation_duration: 1 }
$data merge entity $(bone_l_1) { transformation: [-2.1823494147125204e-8f,0.40297470626011767f,-0.8433914458128853f,0.32068560529946f,4.838152157717046e-9f,0.6325435843596644f,0.5372996083468236f,1.1871576710270424f,0.7500749999999996f,7.644534258300908e-9f,-2.800424697231569e-8f,0.12188720917149297f,0f,0f,0f,1f], start_interpolation: 0, interpolation_duration: 1 }
$data merge entity $(bone_eye_l) { transformation: [-2.909799219616694e-8f,0.5372996083468236f,-0.8433914458128853f,0.047351218035453835f,6.450869543622728e-9f,0.8433914458128858f,0.5372996083468236f,1.2204903074992264f,1.0000999999999995f,1.019271234440121e-8f,-2.800424697231569e-8f,1.3503803340882849e-8f,0f,0f,0f,1f], start_interpolation: 0, interpolation_duration: 1 }
$data merge entity $(bone_r_1) { transformation: [-2.1823494147125204e-8f,0.40297470626011767f,-0.8433914458128853f,0.32068561239209564f,4.838152157717046e-9f,0.6325435843596644f,0.5372996083468236f,1.1871576694546428f,0.7500749999999996f,7.644534258300908e-9f,-2.800424697231569e-8f,-0.12188716582850687f,0f,0f,0f,1f], start_interpolation: 0, interpolation_duration: 1 }
$data merge entity $(bone_eye_r) { transformation: [-2.909799219616694e-8f,0.5372996083468236f,-0.8433914458128853f,0.318772538498864f,6.450869543622728e-9f,0.8433914458128858f,0.5372996083468236f,1.1957869885229822f,1.0000999999999995f,1.019271234440121e-8f,-2.800424697231569e-8f,-0.12501247843982896f,0f,0f,0f,1f], start_interpolation: 0, interpolation_duration: 1 }
$data merge entity $(bone_eyes_down) { transformation: [-2.909799219616694e-8f,0.5372996083468236f,-0.8433914458128853f,0.06414183079629207f,6.450869543622728e-9f,0.8433914458128858f,0.5372996083468236f,1.246846290180879f,1.0000999999999995f,1.019271234440121e-8f,-2.800424697231569e-8f,1.3822325601645387e-8f,0f,0f,0f,1f], start_interpolation: 0, interpolation_duration: 1 }
$data merge entity $(bone_bone) { transformation: [-2.909799219616694e-8f,0.5372996083468236f,-0.8433914458128853f,0.047351218035453835f,6.450869543622728e-9f,0.8433914458128858f,0.5372996083468236f,1.2204903074992264f,1.0000999999999995f,1.019271234440121e-8f,-2.800424697231569e-8f,1.3503803340882849e-8f,0f,0f,0f,1f], start_interpolation: 0, interpolation_duration: 1 }
$data merge entity $(bone_l) { transformation: [-0.09330112650650961f,0.396852611203171f,-0.8433914458128853f,0.3852022149038339f,-0.1464533812724189f,0.6229338268356653f,0.5372996083468236f,1.2738881581086936f,0.9849062320175628f,0.1302491643919193f,-2.800424697231569e-8f,0.12501252298917798f,0f,0f,0f,1f], start_interpolation: 0, interpolation_duration: 1 }
$data merge entity $(bone_r) { transformation: [0.09330106919465299f,0.39685261878239103f,-0.8433914458128853f,0.3852022221783319f,0.14645339397815157f,0.6229338251553928f,0.5372996083468236f,1.273888156495976f,0.9849062355574547f,-0.1302491493351261f,-2.800424697231569e-8f,-0.1250124770108219f,0f,0f,0f,1f], start_interpolation: 0, interpolation_duration: 1 }
$data merge entity $(bone_sad) { transformation: [-8.729397658850082e-8f,0.3599907375923718f,-0.42169572290644264f,0.2891451395162463f,1.9352608630868182e-8f,0.5650722686946336f,0.2686498041734118f,1.1347409968365691f,3.0002999999999984f,6.829117270748811e-9f,-1.4002123486157845e-8f,0.14063908359191984f,0f,0f,0f,1f], start_interpolation: 0, interpolation_duration: 1 }
$data merge entity $(bone_head) { transformation: [-2.909799219616694e-8f,0.5372996083468236f,-0.8433914458128853f,0.047351218035453835f,6.450869543622728e-9f,0.8433914458128858f,0.5372996083468236f,1.2204903074992264f,1.0000999999999995f,1.019271234440121e-8f,-2.800424697231569e-8f,1.3503803340882849e-8f,0f,0f,0f,1f], start_interpolation: 0, interpolation_duration: 1 }
$data merge entity $(bone_6) { transformation: [-0.021326877068152676f,0.8410416955326955f,-0.53870354921792f,-0.1668664493123941f,-0.17346929364665734f,0.5281400494623874f,0.8312094023596353f,0.2721613016299864f,0.9835926842327823f,0.11138032636143531f,0.134914020464626f,-0.1987028045045005f,0f,0f,0f,1f], start_interpolation: 0, interpolation_duration: 1 }
$data merge entity $(bone_12) { transformation: [-0.021326877068152676f,0.0569495093147091f,-0.9971506410534515f,-0.19434809791261287f,-0.17346929364665734f,0.9829914871780586f,0.05973875252014921f,0.5688479854073588f,0.9835926842327823f,0.17459807995588764f,-0.011085147451740718f,-0.14697414431464756f,0f,0f,0f,1f], start_interpolation: 0, interpolation_duration: 1 }
$data merge entity $(bone_10) { transformation: [-2.906598760521025e-8f,0.16735633726429622f,-0.9849105769848243f,-0.11171707458554277f,6.44377429664944e-9f,0.9858964734582831f,0.16718898092703172f,0.9674436691952841f,0.9989999999999996f,-1.4900071445340073e-9f,-2.9734461148913532e-8f,1.050790584662135e-8f,0f,0f,0f,1f], start_interpolation: 0, interpolation_duration: 1 }
$data merge entity $(bone_9) { transformation: [-2.909508268789815e-8f,0.5319033410541925f,-0.846805075430814f,0.06773404879749885f,6.450224521170611e-9f,0.8468050754308145f,0.5319033410541925f,1.223759265563442f,0.9999999999999996f,1.0013688823790004e-8f,-2.806875967267639e-8f,1.4075757973941295e-8f,0f,0f,0f,1f], start_interpolation: 0, interpolation_duration: 1 }
$data merge entity $(item_display_item_display) { transformation: [-0.00000665838857345589f,0.0000069343342694566985f,-0.0000023344284205041386f,-1.1456047832678924f,-6.005006549461761e-7f,0.0000026177350783910454f,0.000009525195536555144f,0.24814993080831338f,0.000007279596924404983f,0.0000065445663263154325f,-0.0000013444596326118073f,1.8630315165008353f,0f,0f,0f,1f], start_interpolation: 0, interpolation_duration: 1 }
$data merge entity $(bone_2) { transformation: [0.16331657922226903f,-0.8471333698030075f,0.48412768024438335f,0.0021540057332360973f,-0.09384764841118713f,0.4758998646586348f,0.8626336520064477f,0.947427992676502f,-0.9698998868540022f,-0.18869267824363023f,-0.001948719720923947f,0.41600859296422094f,0f,0f,0f,1f], start_interpolation: 0, interpolation_duration: 1 }
$data merge entity $(bone_1) { transformation: [0.16348005928155057f,-0.5476342751351486f,0.8075340597831198f,-0.17635915088142534f,-0.09394159000118832f,0.8069672187057905f,0.5651737845037833f,1.2220726000324889f,-0.9708707576116138f,-0.17029565065333047f,0.08129031738075404f,0.3593750069847257f,0f,0f,0f,1f], start_interpolation: 0, interpolation_duration: 1 }
$data merge entity $(bone_4) { transformation: [-0.13930506375266888f,-0.28759750509570164f,-0.9396717134900407f,-0.07968299580927572f,-0.30548867918551514f,0.9159066518387269f,-0.24554022839050138f,0.9371330354622147f,0.929984759138412f,0.25442260732305394f,-0.2170614074122998f,-0.4564782054371601f,0f,0f,0f,1f], start_interpolation: 0, interpolation_duration: 1 }
$data merge entity $(bone_3) { transformation: [-0.1394445082609298f,0.3194685445109483f,-0.9293196991017879f,0.02464196073336175f,-0.30579447365917434f,0.8853767147825528f,0.33953360888333395f,1.2132461017008003f,0.9309156748132252f,0.3334125023724588f,-0.026127016029475078f,-0.3518129323002361f,0f,0f,0f,1f], start_interpolation: 0, interpolation_duration: 1 }
$data merge entity $(bone_8) { transformation: [-0.01891858635965498f,0.10098223526788053f,-0.9945494860314804f,0.0805234248039624f,0.0158539917327961f,0.9938782927256382f,0.10134482022797597f,0.3785459998563776f,0.9986950299112902f,-0.013862461804594462f,-0.02044216417218016f,0.13877622062369832f,0f,0f,0f,1f], start_interpolation: 0, interpolation_duration: 1 }
$data merge entity $(bone_7) { transformation: [-0.01891858635965498f,-0.6912517665053027f,-0.7221475523107987f,-0.16246952081071725f,0.0158539917327961f,0.72198795065912f,-0.6905057801650282f,0.5628142793219956f,0.9986950299112902f,-0.0245494544067986f,-0.002715549972790665f,0.1312500116412097f,0f,0f,0f,1f], start_interpolation: 0, interpolation_duration: 1 }