# This file was generated by Animated Java via MC-Build. It is not recommended to edit this file directly.
$data merge entity $(bone_layer) { transformation: [-2.9127090188363103e-8f,0.5559805308406055f,-0.8323981315009047f,0.06955731670863541f,6.4573204131663495e-9f,0.8323981315009051f,0.5559805308406055f,1.2169733495740902f,1.0011000999999995f,1.0807144674783303e-8f,-2.7804891727833456e-8f,1.412218440722131e-8f,0f,0f,0f,1f], start_interpolation: 0, interpolation_duration: 1 }
$data merge entity $(bone_l_1) { transformation: [-2.1823494147125204e-8f,0.416568829301153f,-0.8315665649359688f,0.3421063629446133f,4.838152157717046e-9f,0.623674923701977f,0.5554251057348707f,1.1777334552404293f,0.7500749999999996f,8.097261244842636e-9f,-2.777711461322024e-8f,0.12188720980512763f,0f,0f,0f,1f], start_interpolation: 0, interpolation_duration: 1 }
$data merge entity $(bone_eye_l) { transformation: [-2.909799219616694e-8f,0.5554251057348707f,-0.8315665649359688f,0.06955731670863541f,6.450869543622728e-9f,0.8315665649359693f,0.5554251057348707f,1.2169733495740902f,1.0000999999999995f,1.0796348326456847e-8f,-2.777711461322024e-8f,1.412218440722131e-8f,0f,0f,0f,1f], start_interpolation: 0, interpolation_duration: 1 }
$data merge entity $(bone_r_1) { transformation: [-2.1823494147125204e-8f,0.416568829301153f,-0.8315665649359688f,0.34210637003724886f,4.838152157717046e-9f,0.623674923701977f,0.5554251057348707f,1.17773345366803f,0.7500749999999996f,8.097261244842636e-9f,-2.777711461322024e-8f,-0.12188716519487229f,0f,0f,0f,1f], start_interpolation: 0, interpolation_duration: 1 }
$data merge entity $(bone_eye_r) { transformation: [-2.909799219616694e-8f,0.5554251057348707f,-0.8315665649359688f,0.3403804860081732f,6.450869543622728e-9f,0.8315665649359693f,0.5554251057348707f,1.1864021515895637f,1.0000999999999995f,1.0796348326456847e-8f,-2.777711461322024e-8f,-0.12501247780100208f,0f,0f,0f,1f], start_interpolation: 0, interpolation_duration: 1 }
$data merge entity $(bone_eyes_down) { transformation: [-2.909799219616694e-8f,0.5554251057348707f,-0.8315665649359688f,0.08691435126285012f,6.450869543622728e-9f,0.8315665649359693f,0.5554251057348707f,1.2429598047283392f,1.0000999999999995f,1.0796348326456847e-8f,-2.777711461322024e-8f,1.4459570292423086e-8f,0f,0f,0f,1f], start_interpolation: 0, interpolation_duration: 1 }
$data merge entity $(bone_bone) { transformation: [-2.909799219616694e-8f,0.5554251057348707f,-0.8315665649359688f,0.06955731670863541f,6.450869543622728e-9f,0.8315665649359693f,0.5554251057348707f,1.2169733495740902f,1.0000999999999995f,1.0796348326456847e-8f,-2.777711461322024e-8f,1.412218440722131e-8f,0f,0f,0f,1f], start_interpolation: 0, interpolation_duration: 1 }
$data merge entity $(bone_l) { transformation: [-0.0964485860972507f,0.4102402089693845f,-0.8315665649359688f,0.408484745854285f,-0.1444000122570138f,0.6141999010611404f,0.5554251057348707f,1.2630474669041938f,0.9849062319127425f,0.13024916483776836f,-2.777711461322024e-8f,0.12501252368611762f,0f,0f,0f,1f], start_interpolation: 0, interpolation_duration: 1 }
$data merge entity $(bone_r) { transformation: [0.09644852878539407f,0.41024021654860454f,-0.8315665649359688f,0.4084847531287831f,0.14440002496274648f,0.6141998993808678f,0.5554251057348707f,1.2630474652914765f,0.984906235662275f,-0.13024914888927705f,-2.777711461322024e-8f,-0.12501247631388226f,0f,0f,0f,1f], start_interpolation: 0, interpolation_duration: 1 }
$data merge entity $(bone_sad) { transformation: [-8.729397658850082e-8f,0.3721348208423634f,-0.4157832824679844f,0.30955946777601967f,1.9352608630868182e-8f,0.5571495985070994f,0.27771255286743535f,1.1261920160828867f,3.0002999999999984f,7.233553378726088e-9f,-1.388855730661012e-8f,0.14063908419062687f,0f,0f,0f,1f], start_interpolation: 0, interpolation_duration: 1 }
$data merge entity $(bone_head) { transformation: [-2.909799219616694e-8f,0.5554251057348707f,-0.8315665649359688f,0.06955731670863541f,6.450869543622728e-9f,0.8315665649359693f,0.5554251057348707f,1.2169733495740902f,1.0000999999999995f,1.0796348326456847e-8f,-2.777711461322024e-8f,1.412218440722131e-8f,0f,0f,0f,1f], start_interpolation: 0, interpolation_duration: 1 }
$data merge entity $(bone_6) { transformation: [-0.017375877997025283f,0.8360095821040799f,-0.5466148981937801f,-0.13873286287636444f,-0.17388962305321648f,0.5363888043317585f,0.8258255642663079f,0.2738323086068773f,0.98359619654523f,0.10959664939416278f,0.136341094817806f,-0.1985419437942812f,0f,0f,0f,1f], start_interpolation: 0, interpolation_duration: 1 }
$data merge entity $(bone_12) { transformation: [-0.017375877997025283f,0.019872447218294342f,-0.9986515679348784f,-0.1791903241343302f,-0.17388962305321648f,0.9844750390212885f,0.02257674804421611f,0.5675860397607955f,0.98359619654523f,0.17439605323971172f,-0.01365050581321648f,-0.14732403359201623f,0f,0f,0f,1f], start_interpolation: 0, interpolation_duration: 1 }
$data merge entity $(bone_10) { transformation: [-2.906598760521025e-8f,0.1951668650220827f,-0.9797892818957307f,-0.09340418699142068f,6.44377429664944e-9f,0.9807700519476787f,0.19497169815706056f,0.9671553210924368f,0.9989999999999996f,-6.477909698951353e-10f,-2.9764661408968203e-8f,0.0002500109921883549f,0f,0f,0f,1f], start_interpolation: 0, interpolation_duration: 1 }
$data merge entity $(bone_9) { transformation: [-2.909508268789815e-8f,0.5439724375151469f,-0.8391030849805219f,0.08969818543488338f,6.450224521170611e-9f,0.8391030849805223f,0.543972437515147f,1.220875465812676f,0.9999999999999996f,1.0414519751085032e-8f,-2.792251800566025e-8f,0.000250014683015121f,0f,0f,0f,1f], start_interpolation: 0, interpolation_duration: 1 }
$data merge entity $(item_display_item_display) { transformation: [-0.000006547354257643933f,0.000006898457500142896f,-0.0000027236903666489846f,-1.0855218098772235f,-0.0000012005635899503777f,0.000002588901142504554f,0.000009476118509442933f,0.13791319966926363f,0.000007306005478824496f,0.000006593708090797523f,-8.787982139662404e-7f,1.8313220407182285f,0f,0f,0f,1f], start_interpolation: -1, interpolation_duration: 0 }
$data merge entity $(bone_2) { transformation: [0.15600500371225504f,-0.8673228761775817f,0.44962650719592934f,0.017413564284934208f,-0.04251027777309345f,0.4498390353779142f,0.8804791645324439f,0.9483702602643643f,-0.9747003599983807f,-0.15843791302709626f,0.03356372112819179f,0.4076238644456477f,0f,0f,0f,1f], start_interpolation: 0, interpolation_duration: 1 }
$data merge entity $(bone_1) { transformation: [0.15616116487713216f,-0.5739452252039111f,0.7905693176311586f,-0.16963677544427058f,-0.04255283060369715f,0.7966539007961686f,0.585611884503492f,1.2191715322422556f,-0.9756760360344151f,-0.12660742794907323f,0.100993340614483f,0.3658750071486339f,0f,0f,0f,1f], start_interpolation: 0, interpolation_duration: 1 }
$data merge entity $(bone_4) { transformation: [-0.13394727747570884f,-0.3137407282840971f,-0.9316818833136578f,-0.06086346164843559f,-0.309234793553666f,0.9076586815284933f,-0.2714707955480431f,0.9336978084902934f,0.9295013953641159f,0.25342455136084163f,-0.2203362812182373f,-0.4537465614925509f,0f,0f,0f,1f], start_interpolation: 0, interpolation_duration: 1 }
$data merge entity $(bone_3) { transformation: [-0.1340813588345434f,0.2915569775521576f,-0.9388604289881273f,0.03512712781980129f,-0.30954433789155755f,0.8946278733416564f,0.3117397042882335f,1.212799756561748f,0.9304318271913072f,0.3344639780216535f,-0.030098628863403518f,-0.3486927849580119f,0f,0f,0f,1f], start_interpolation: 0, interpolation_duration: 1 }
$data merge entity $(bone_8) { transformation: [-0.019363363956367056f,0.10133268663768363f,-0.9945150621278596f,0.0998194596698149f,0.007447979774180255f,0.9939164965463827f,0.10184041140987976f,0.38018459682695793f,0.9987845675954354f,-0.0054451143038259f,-0.020033280146636953f,0.13734422877581087f,0f,0f,0f,1f], start_interpolation: 0, interpolation_duration: 1 }
$data merge entity $(bone_7) { transformation: [-0.019363363956367056f,-0.700960453316515f,-0.7127292368541487f,-0.14543327676344076f,0.007447979774180255f,0.7127380960203658f,-0.7001756051052002f,0.5600951955391955f,0.9987845675954354f,-0.018897901282913535f,-0.008593655236081021f,0.13125001210402695f,0f,0f,0f,1f], start_interpolation: 0, interpolation_duration: 1 }