# This file was generated by Animated Java via MC-Build. It is not recommended to edit this file directly.
$data merge entity $(bone_layer) { transformation: [-2.9127090188363103e-8f,0.5440109669741393f,-0.8402696399441436f,0.07594237459227937f,6.4573204131663495e-9f,0.840269639944144f,0.5440109669741393f,1.2108181548635635f,1.0011000999999995f,1.0408116227439336e-8f,-2.795670754245486e-8f,1.4297268203118028e-8f,0f,0f,0f,1f], start_interpolation: 0, interpolation_duration: 1 }
$data merge entity $(bone_l_1) { transformation: [-2.1823494147125204e-8f,0.4076006246059985f,-0.8394302097344093f,0.3490250793394703f,4.838152157717046e-9f,0.6295726573008074f,0.5434674994746647f,1.1754827861549875f,0.7500749999999996f,7.798288881697804e-9f,-2.7928778763691172e-8f,0.12188720997055319f,0f,0f,0f,1f], start_interpolation: 0, interpolation_duration: 1 }
$data merge entity $(bone_eye_l) { transformation: [-2.909799219616694e-8f,0.5434674994746647f,-0.8394302097344093f,0.07594237459227937f,6.450869543622728e-9f,0.8394302097344097f,0.5434674994746647f,1.2108181548635635f,1.0000999999999995f,1.0397718508930407e-8f,-2.7928778763691172e-8f,1.4297268203118028e-8f,0f,0f,0f,1f], start_interpolation: 0, interpolation_duration: 1 }
$data merge entity $(bone_r_1) { transformation: [-2.1823494147125204e-8f,0.4076006246059985f,-0.8394302097344093f,0.3490250864321059f,4.838152157717046e-9f,0.6295726573008074f,0.5434674994746647f,1.175482784582588f,0.7500749999999996f,7.798288881697804e-9f,-2.7928778763691172e-8f,-0.1218871650294467f,0f,0f,0f,1f], start_interpolation: 0, interpolation_duration: 1 }
$data merge entity $(bone_eye_r) { transformation: [-2.909799219616694e-8f,0.5434674994746647f,-0.8394302097344093f,0.34717531958391373f,6.450869543622728e-9f,0.8394302097344097f,0.5434674994746647f,1.1841258952449856f,1.0000999999999995f,1.0397718508930407e-8f,-2.7928778763691172e-8f,-0.12501247763901582f,0f,0f,0f,1f], start_interpolation: 0, interpolation_duration: 1 }
$data merge entity $(bone_eyes_down) { transformation: [-2.909799219616694e-8f,0.5434674994746647f,-0.8394302097344093f,0.09292573395086265f,6.450869543622728e-9f,0.8394302097344097f,0.5434674994746647f,1.2370503489177638f,1.0000999999999995f,1.0397718508930407e-8f,-2.7928778763691172e-8f,1.4622196906522102e-8f,0f,0f,0f,1f], start_interpolation: 0, interpolation_duration: 1 }
$data merge entity $(bone_bone) { transformation: [-2.909799219616694e-8f,0.5434674994746647f,-0.8394302097344093f,0.07594237459227937f,6.450869543622728e-9f,0.8394302097344097f,0.5434674994746647f,1.2108181548635635f,1.0000999999999995f,1.0397718508930407e-8f,-2.7928778763691172e-8f,1.4297268203118028e-8f,0f,0f,0f,1f], start_interpolation: 0, interpolation_duration: 1 }
$data merge entity $(bone_l) { transformation: [-0.09437216956090724f,0.40140825145499587f,-0.8394302097344093f,0.4141757175492014f,-0.14576551984608302f,0.6200080348344692f,0.5434674994746647f,1.2617380158224916f,0.9849062319819639f,0.13024916454333804f,-2.7928778763691172e-8f,0.1250125238097508f,0f,0f,0f,1f], start_interpolation: 0, interpolation_duration: 1 }
$data merge entity $(bone_r) { transformation: [0.09437211224905062f,0.4014082590342159f,-0.8394302097344093f,0.41417572482369946f,0.1457655325518157f,0.6200080331541966f,0.5434674994746647f,1.2617380142097743f,0.9849062355930536f,-0.13024914918370736f,-2.7928778763691172e-8f,-0.12501247619024908f,0f,0f,0f,1f], start_interpolation: 0, interpolation_duration: 1 }
$data merge entity $(bone_sad) { transformation: [-8.729397658850082e-8f,0.3641232246480253f,-0.41971510486720465f,0.31733704538624957f,1.9352608630868182e-8f,0.5624182405220546f,0.27173374973733233f,1.1236629579390793f,3.0002999999999984f,6.966471400983373e-9f,-1.3964389381845586e-8f,0.14063908438283676f,0f,0f,0f,1f], start_interpolation: 0, interpolation_duration: 1 }
$data merge entity $(bone_head) { transformation: [-2.909799219616694e-8f,0.5434674994746647f,-0.8394302097344093f,0.07594237459227937f,6.450869543622728e-9f,0.8394302097344097f,0.5434674994746647f,1.2108181548635635f,1.0000999999999995f,1.0397718508930407e-8f,-2.7928778763691172e-8f,1.4297268203118028e-8f,0f,0f,0f,1f], start_interpolation: 0, interpolation_duration: 1 }
$data merge entity $(bone_6) { transformation: [-0.0184113281938471f,0.84899945407615f,-0.5261772369617274f,-0.13080355263489993f,-0.17888277851356232f,0.5155007511671191f,0.8379708115520034f,0.26683608861437685f,0.9826815224402086f,0.10974604876276954f,0.14268195960139687f,-0.19959856687333677f,0f,0f,0f,1f], start_interpolation: 0, interpolation_duration: 1 }
$data merge entity $(bone_12) { transformation: [-0.0184113281938471f,0.016355299381683508f,-0.9986966816308211f,-0.17412142469983483f,-0.17888277851356232f,0.9836466531375005f,0.01937439646493952f,0.5584729275408228f,0.9826815224402086f,0.17936489610157658f,-0.015184559960877113f,-0.14732194689857384f,0f,0f,0f,1f], start_interpolation: 0, interpolation_duration: 1 }
$data merge entity $(bone_10) { transformation: [-2.906598760521025e-8f,0.20918843561134942f,-0.9768974737657279f,-0.08647633993367394f,6.44377429664944e-9f,0.9778753491148431f,0.20897924717573813f,0.9611470401224962f,0.9989999999999996f,-2.2116073088977196e-10f,-2.977087584856865e-8f,0.0007500111821170184f,0f,0f,0f,1f], start_interpolation: 0, interpolation_duration: 1 }
$data merge entity $(bone_9) { transformation: [-2.909508268789815e-8f,0.5457334127095069f,-0.8379588547491064f,0.09715845864350174f,6.450224521170611e-9f,0.8379588547491068f,0.545733412709507f,1.214482097658006f,0.9999999999999996f,1.0473136011892105e-8f,-2.790058521785107e-8f,0.0007500148909186661f,0f,0f,0f,1f], start_interpolation: 0, interpolation_duration: 1 }
$data merge entity $(item_display_item_display) { transformation: [-0.00000652663171775373f,0.0000068621882992499325f,-0.0000028617387844920793f,-1.0719202527889633f,-0.0000014831980597146234f,0.0000025189668360796884f,0.000009454933302632765f,0.07964101179870497f,0.000007272535463386553f,0.00000665826854063076f,-6.351226540023396e-7f,1.8043505693854969f,0f,0f,0f,1f], start_interpolation: 0, interpolation_duration: 1 }
$data merge entity $(bone_2) { transformation: [0.15627545029891565f,-0.8738312917973355f,0.4367583360988668f,0.0185973968444976f,-0.015177007959577044f,0.44107253758412907f,0.8857951324357898f,0.9424064550353177f,-0.9754655907533828f,-0.14685555429375885f,0.05618946110420028f,0.40198140175473396f,0f,0f,0f,1f], start_interpolation: 0, interpolation_duration: 1 }
$data merge entity $(bone_1) { transformation: [0.15643188218109674f,-0.5785581510555867f,0.7871527402754764f,-0.16961029997954435f,-0.01519220015973678f,0.7964474973753637f,0.5872387793584148f,1.2126335121659277f,-0.9764420327861689f,-0.1050802063742765f,0.11696990892724099f,0.3676250071411835f,0f,0f,0f,1f], start_interpolation: 0, interpolation_duration: 1 }
$data merge entity $(bone_4) { transformation: [-0.1304450796460034f,-0.3067622386514133f,-0.9344875318512536f,-0.06331349720408441f,-0.30865812221110256f,0.9095575973845438f,-0.26573555029989554f,0.9319929757085049f,0.9301576332111354f,0.2555094471131241f,-0.21511366383691996f,-0.45187724456567774f,0f,0f,0f,1f], start_interpolation: 0, interpolation_duration: 1 }
$data merge entity $(bone_3) { transformation: [-0.13057565530130472f,0.29679557168875076f,-0.937700595538801f,0.034689970681692384f,-0.30896708930040295f,0.893502640474095f,0.31553674448303537f,1.2106860086130697f,0.9310887219330685f,0.33303900915158885f,-0.025376846075225987f,-0.34725408437105826f,0f,0f,0f,1f], start_interpolation: 0, interpolation_duration: 1 }
$data merge entity $(bone_8) { transformation: [-0.018635694821289944f,0.12255196121746526f,-0.9921323126943882f,0.10248122948244387f,0.007295894973765732f,0.9915187359584439f,0.12306511877710696f,0.37086092435008666f,0.9987995322026756f,-0.00495418446264137f,-0.01940347948872265f,0.1371143912750674f,0f,0f,0f,1f], start_interpolation: 0, interpolation_duration: 1 }
$data merge entity $(bone_7) { transformation: [-0.018635694821289944f,-0.6956178724475193f,-0.7179563250101982f,-0.14121846462891074f,0.007295894973765732f,0.7179708904162445f,-0.6948181256495537f,0.5514968147145032f,0.9987995322026756f,-0.0182169523197711f,-0.008317548204750252f,0.13125001223172636f,0f,0f,0f,1f], start_interpolation: 0, interpolation_duration: 1 }