# This file was generated by Animated Java via MC-Build. It is not recommended to edit this file directly.
$data merge entity $(bone_layer) { transformation: [-2.9127090188363103e-8f,0.5227231062308311f,-0.8536753213092143f,0.07122438313933244f,6.4573204131663495e-9f,0.8536753213092149f,0.5227231062308311f,1.202515189115605f,1.0011000999999995f,9.702274503970682e-9f,-2.8209435468790214e-8f,1.4163161465845512e-8f,0f,0f,0f,1f], start_interpolation: 0, interpolation_duration: 1 }
$data merge entity $(bone_l_1) { transformation: [-2.1823494147125204e-8f,0.39165067899412925f,-0.852822498810404f,0.3451088266486282f,4.838152157717046e-9f,0.6396168741078034f,0.5222009053255057f,1.1740535742187348f,0.7500749999999996f,7.269436441536475e-9f,-2.818125421457564e-8f,0.12188720981543585f,0f,0f,0f,1f], start_interpolation: 0, interpolation_duration: 1 }
$data merge entity $(bone_eye_l) { transformation: [-2.909799219616694e-8f,0.5222009053255057f,-0.852822498810404f,0.07122438313933244f,6.450869543622728e-9f,0.8528224988104045f,0.5222009053255057f,1.202515189115605f,1.0000999999999995f,9.692581922048633e-9f,-2.818125421457564e-8f,1.4163161465845512e-8f,0f,0f,0f,1f], start_interpolation: 0, interpolation_duration: 1 }
$data merge entity $(bone_r_1) { transformation: [-2.1823494147125204e-8f,0.39165067899412925f,-0.852822498810404f,0.3451088337412637f,4.838152157717046e-9f,0.6396168741078034f,0.5222009053255057f,1.1740535726463355f,0.7500749999999996f,7.269436441536475e-9f,-2.818125421457564e-8f,-0.12188716518456404f,0f,0f,0f,1f], start_interpolation: 0, interpolation_duration: 1 }
$data merge entity $(bone_eye_r) { transformation: [-2.909799219616694e-8f,0.5222009053255057f,-0.852822498810404f,0.34304244887291435f,6.450869543622728e-9f,0.8528224988104045f,0.5222009053255057f,1.1826474689020259f,1.0000999999999995f,9.692581922048633e-9f,-2.818125421457564e-8f,-0.12501247780011823f,0f,0f,0f,1f], start_interpolation: 0, interpolation_duration: 1 }
$data merge entity $(bone_eyes_down) { transformation: [-2.909799219616694e-8f,0.5222009053255057f,-0.852822498810404f,0.0875431614307545f,6.450869543622728e-9f,0.8528224988104045f,0.5222009053255057f,1.22916589220343f,1.0000999999999995f,9.692581922048633e-9f,-2.818125421457564e-8f,1.4466054650909532e-8f,0f,0f,0f,1f], start_interpolation: 0, interpolation_duration: 1 }
$data merge entity $(bone_bone) { transformation: [-2.909799219616694e-8f,0.5222009053255057f,-0.852822498810404f,0.07122438313933244f,6.450869543622728e-9f,0.8528224988104045f,0.5222009053255057f,1.202515189115605f,1.0000999999999995f,9.692581922048633e-9f,-2.818125421457564e-8f,1.4163161465845512e-8f,0f,0f,0f,1f], start_interpolation: 0, interpolation_duration: 1 }
$data merge entity $(bone_l) { transformation: [-0.09067926424172358f,0.385700621356304f,-0.852822498810404f,0.40807128743505927f,-0.14809106643891826f,0.6298996574189345f,0.5222009053255057f,1.261918805319035f,0.9849062321044095f,0.13024916402252007f,-2.818125421457564e-8f,0.1250125235805834f,0f,0f,0f,1f], start_interpolation: 0, interpolation_duration: 1 }
$data merge entity $(bone_r) { transformation: [0.09067920692986696f,0.38570062893552404f,-0.852822498810404f,0.40807129470955733f,0.14809107914465094f,0.6298996557386619f,0.5222009053255057f,1.2619188037063176f,0.984906235470608f,-0.13024914970452534f,-2.818125421457564e-8f,-0.12501247641941649f,0f,0f,0f,1f], start_interpolation: 0, interpolation_duration: 1 }
$data merge entity $(bone_sad) { transformation: [-8.729397658850082e-8f,0.34987460656808883f,-0.426411249405202f,0.3148461445637021f,1.9352608630868182e-8f,0.5713910742029711f,0.26110045266275284f,1.1216385068590589f,3.0002999999999984f,6.4940298877725845e-9f,-1.409062710728782e-8f,0.1406390842730296f,0f,0f,0f,1f], start_interpolation: 0, interpolation_duration: 1 }
$data merge entity $(bone_head) { transformation: [-2.909799219616694e-8f,0.5222009053255057f,-0.852822498810404f,0.07122438313933244f,6.450869543622728e-9f,0.8528224988104045f,0.5222009053255057f,1.202515189115605f,1.0000999999999995f,9.692581922048633e-9f,-2.818125421457564e-8f,1.4163161465845512e-8f,0f,0f,0f,1f], start_interpolation: 0, interpolation_duration: 1 }
$data merge entity $(bone_6) { transformation: [-0.021422109311968168f,0.8706916807626686f,-0.4893261272731858f,-0.13467095865638354f,-0.18368586512034227f,0.47819002456408927f,0.8587920591704578f,0.25501272119616825f,0.9817339742453743f,0.10847011869803726f,0.15000557016757565f,-0.20060679753700017f,0f,0f,0f,1f], start_interpolation: 0, interpolation_duration: 1 }
$data merge entity $(bone_12) { transformation: [-0.021422109311968168f,0.03138099453334675f,-0.9982781651241265f,-0.17536669976841926f,-0.18368586512034227f,0.9823345950093294f,0.034759803432930614f,0.5453114986518053f,0.9817339742453743f,0.18448299821380523f,-0.01527943394602332f,-0.14717888850899605f,0f,0f,0f,1f], start_interpolation: 0, interpolation_duration: 1 }
$data merge entity $(bone_10) { transformation: [-2.906598760521025e-8f,0.20953531562298372f,-0.9768232786429251f,-0.08864692782950051f,6.44377429664944e-9f,0.9778010797226482f,0.2093257803073606f,0.951334122020115f,0.9989999999999996f,-2.105891740112234e-10f,-2.9770952351841082e-8f,0.001125011131866735f,0f,0f,0f,1f], start_interpolation: 0, interpolation_duration: 1 }
$data merge entity $(bone_9) { transformation: [-2.909508268789815e-8f,0.5416366441497242f,-0.8406127204094784f,0.0937490972236864f,6.450224521170611e-9f,0.8406127204094789f,0.5416366441497242f,1.2055625245832378f,0.9999999999999996f,1.0336822162488816e-8f,-2.7951374581641617e-8f,0.0011250147988638886f,0f,0f,0f,1f], start_interpolation: 0, interpolation_duration: 1 }
$data merge entity $(item_display_item_display) { transformation: [-0.000006522619799058564f,0.000006882596020730874f,-0.000002821189684203877f,-1.080940149338272f,-0.0000015328894285405404f,0.000002417300618422404f,0.000009473678447171927f,0.05804277210861519f,0.000007265804289503892f,0.000006674815300555878f,-5.292169175997463e-7f,1.791482509821537f,0f,0f,0f,1f], start_interpolation: 0, interpolation_duration: 1 }
$data merge entity $(bone_2) { transformation: [0.1548132756562981f,-0.8720931112824755f,0.4407091303266996f,0.011332602868578123f,-0.005365405817916215f,0.44643406993723983f,0.8832352968622497f,0.9310884643155776f,-0.9758019977339444f,-0.14081431633690328f,0.06506310545026314f,0.39685969471077526f,0f,0f,0f,1f], start_interpolation: 0, interpolation_duration: 1 }
$data merge entity $(bone_1) { transformation: [0.1549682439001983f,-0.5681688274586314f,0.794956046460399f,-0.17294501223339553f,-0.005370776594510726f,0.8051962202644f,0.5753842327488636f,1.2036397759847168f,-0.9767787765104549f,-0.0945686543005009f,0.12295791556485446f,0.36612500705177903f,0f,0f,0f,1f], start_interpolation: 0, interpolation_duration: 1 }
$data merge entity $(bone_4) { transformation: [-0.1271542798800294f,-0.28215810082914683f,-0.9428335597745773f,-0.07845844856774456f,-0.3042891977470303f,0.9169944059457097f,-0.24370802674042624f,0.9306953700614251f,0.9320168889285211f,0.2576447252429044f,-0.20420986431500748f,-0.4504035722361282f,0f,0f,0f,1f], start_interpolation: 0, interpolation_duration: 1 }
$data merge entity $(bone_3) { transformation: [-0.12728156144147088f,0.3195961722443865f,-0.9308096486325488f,0.02703763611784052f,-0.30459379153856886f,0.8874141088689433f,0.33581027711161027f,1.207326838843109f,0.9329498387672883f,0.3283693728238836f,-0.016000878735081853f,-0.3472590722006913f,0f,0f,0f,1f], start_interpolation: 0, interpolation_duration: 1 }
$data merge entity $(bone_8) { transformation: [-0.017681197519456286f,0.1504071962087017f,-0.9883000960876875f,0.09539492486296913f,0.011356079941004876f,0.9876451115471636f,0.15085273573299857f,0.35739246613936704f,0.9987789742660163f,-0.008565011125504849f,-0.01920408841267564f,0.13759308270632886f,0f,0f,0f,1f], start_interpolation: 0, interpolation_duration: 1 }
$data merge entity $(bone_7) { transformation: [-0.017681197519456286f,-0.6853255964299667f,-0.7277968339284017f,-0.14552177451801918f,0.011356079941004876f,0.7277437345362276f,-0.6845352226762358f,0.5403517257812107f,0.9987789742660163f,-0.02040012319825864f,-0.005098176226627935f,0.13125001212801715f,0f,0f,0f,1f], start_interpolation: 0, interpolation_duration: 1 }