# This file was generated by Animated Java via MC-Build. It is not recommended to edit this file directly.
$data merge entity $(bone_layer) { transformation: [-2.9127090188363103e-8f,0.5134550267325673f,-0.8592816392330617f,0.06012133380274165f,6.4573204131663495e-9f,0.8592816392330622f,0.5134550267325673f,1.1925549180781734f,1.0011000999999995f,9.396456955166699e-9f,-2.8312770558670837e-8f,1.3853970932676278e-8f,0f,0f,0f,1f], start_interpolation: 0, interpolation_duration: 1 }
$data merge entity $(bone_l_1) { transformation: [-2.1823494147125204e-8f,0.3847065634859395f,-0.8584232160170447f,0.3342977205375988f,4.838152157717046e-9f,0.643817412012784f,0.5129420846479193f,1.1670586266116798f,0.7500749999999996f,7.040302413961064e-9f,-2.828448607259824e-8f,0.12188720949561242f,0f,0f,0f,1f], start_interpolation: 0, interpolation_duration: 1 }
$data merge entity $(bone_eye_l) { transformation: [-2.909799219616694e-8f,0.5129420846479193f,-0.8584232160170447f,0.06012133380274165f,6.450869543622728e-9f,0.8584232160170453f,0.5129420846479193f,1.1925549180781734f,1.0000999999999995f,9.387069885281419e-9f,-2.828448607259824e-8f,1.3853970932676278e-8f,0f,0f,0f,1f], start_interpolation: 0, interpolation_duration: 1 }
$data merge entity $(bone_r_1) { transformation: [-2.1823494147125204e-8f,0.3847065634859395f,-0.8584232160170447f,0.3342977276302344f,4.838152157717046e-9f,0.643817412012784f,0.5129420846479193f,1.1670586250392805f,0.7500749999999996f,7.040302413961064e-9f,-2.828448607259824e-8f,-0.12188716550438745f,0f,0f,0f,1f], start_interpolation: 0, interpolation_duration: 1 }
$data merge entity $(bone_eye_r) { transformation: [-2.909799219616694e-8f,0.5129420846479193f,-0.8584232160170447f,0.3321384706501086f,6.450869543622728e-9f,0.8584232160170453f,0.5129420846479193f,1.1756296581482775f,1.0000999999999995f,9.387069885281419e-9f,-2.828448607259824e-8f,-0.1250124781224963f,0f,0f,0f,1f], start_interpolation: 0, interpolation_duration: 1 }
$data merge entity $(bone_eyes_down) { transformation: [-2.909799219616694e-8f,0.5129420846479193f,-0.8584232160170447f,0.07615077394798914f,6.450869543622728e-9f,0.8584232160170453f,0.5129420846479193f,1.219380643578706f,1.0000999999999995f,9.387069885281419e-9f,-2.828448607259824e-8f,1.4147316866591323e-8f,0f,0f,0f,1f], start_interpolation: 0, interpolation_duration: 1 }
$data merge entity $(bone_bone) { transformation: [-2.909799219616694e-8f,0.5129420846479193f,-0.8584232160170447f,0.06012133380274165f,6.450869543622728e-9f,0.8584232160170453f,0.5129420846479193f,1.1925549180781734f,1.0000999999999995f,9.387069885281419e-9f,-2.828448607259824e-8f,1.3853970932676278e-8f,0f,0f,0f,1f], start_interpolation: 0, interpolation_duration: 1 }
$data merge entity $(bone_l) { transformation: [-0.08907148690371583f,0.3788620025660264f,-0.8584232160170447f,0.39630572032290456f,-0.14906362077547924f,0.634036379714581f,0.5129420846479193f,1.2556000195723647f,0.9849062321574612f,0.1302491637968671f,-2.828448607259824e-8f,0.12501252322862846f,0f,0f,0f,1f], start_interpolation: 0, interpolation_duration: 1 }
$data merge entity $(bone_r) { transformation: [0.08907142959185921f,0.37886201014524645f,-0.8584232160170447f,0.3963057275974026f,0.14906363348121193f,0.6340363780343085f,0.5129420846479193f,1.2556000179596472f,0.9849062354175563f,-0.1302491499301783f,-2.828448607259824e-8f,-0.12501247677137142f,0f,0f,0f,1f], start_interpolation: 0, interpolation_duration: 1 }
$data merge entity $(bone_sad) { transformation: [-8.729397658850082e-8f,0.343671196714106f,-0.42921160800852237f,0.30471472009381995f,1.9352608630868182e-8f,0.5751435547314204f,0.2564710423239597f,1.1145044793564423f,3.0002999999999984f,6.289336823138551e-9f,-1.414224303629912e-8f,0.14063908397387867f,0f,0f,0f,1f], start_interpolation: 0, interpolation_duration: 1 }
$data merge entity $(bone_head) { transformation: [-2.909799219616694e-8f,0.5129420846479193f,-0.8584232160170447f,0.06012133380274165f,6.450869543622728e-9f,0.8584232160170453f,0.5129420846479193f,1.1925549180781734f,1.0000999999999995f,9.387069885281419e-9f,-2.828448607259824e-8f,1.3853970932676278e-8f,0f,0f,0f,1f], start_interpolation: 0, interpolation_duration: 1 }
$data merge entity $(bone_6) { transformation: [-0.023397471696807542f,0.8923877978511169f,-0.4484445981937762f,-0.14189920184702073f,-0.18347117340597788f,0.43761986941688763f,0.8802011464371098f,0.242691819933338f,0.9817290292373098f,0.10305312991415025f,0.15380931283409965f,-0.20030489123880943f,0f,0f,0f,1f], start_interpolation: 0, interpolation_duration: 1 }
$data merge entity $(bone_12) { transformation: [-0.023397471696807542f,0.04991781412706078f,-0.9974802009240682f,-0.17898020759170563f,-0.18347117340597788f,0.9815404194982179f,0.053325539743339284f,0.5320280685771156f,0.9817290292373098f,0.18462561231865612f,-0.013807084252728832f,-0.14711581593386097f,0f,0f,0f,1f], start_interpolation: 0, interpolation_duration: 1 }
$data merge entity $(bone_10) { transformation: [-2.906598760521025e-8f,0.19621051446373128f,-0.9795812333070102f,-0.09760894910892026f,6.44377429664944e-9f,0.9805617951021127f,0.1960143039492674f,0.9396659461375684f,0.9989999999999996f,-6.160825996736427e-10f,-2.9765333259530477e-8f,0.001000010895985957f,0f,0f,0f,1f], start_interpolation: 0, interpolation_duration: 1 }
$data merge entity $(bone_9) { transformation: [-2.909508268789815e-8f,0.536054409440094f,-0.8441834339288062f,0.0830984199962467f,6.450224521170611e-9f,0.8441834339288067f,0.536054409440094f,1.195097419092819f,0.9999999999999996f,1.0151374678067747e-8f,-2.8019258119508557e-8f,0.001000014506091452f,0f,0f,0f,1f], start_interpolation: 0, interpolation_duration: 1 }
$data merge entity $(item_display_item_display) { transformation: [-0.000006449822425772159f,0.000007011221039995501f,-0.0000026669762367198525f,-1.0872558451096594f,-0.0000014316979226217756f,0.000002291752833015793f,0.000009520846725728884f,0.06037562028476251f,0.000007350913634859318f,0.00000658457002271823f,-4.811731703062077e-7f,1.7986391404124658f,0f,0f,0f,1f], start_interpolation: 0, interpolation_duration: 1 }
$data merge entity $(bone_2) { transformation: [0.14162943049978058f,-0.8661979532194093f,0.45644729233920206f,0.0008955321563287044f,-0.00671608589128173f,0.461322550791684f,0.87556868489133f,0.9166235928412076f,-0.9777941886139381f,-0.12863382310293453f,0.0601005572133992f,0.3904428160576997f,0f,0f,0f,1f], start_interpolation: 0, interpolation_duration: 1 }
$data merge entity $(bone_1) { transformation: [0.14177120170148205f,-0.5484611138259943f,0.8110693136015151f,-0.1763061999519729f,-0.006722808699981712f,0.819788369357039f,0.554424068108705f,1.1933715598798336f,-0.9787729615755136f,-0.08507312200499294f,0.11367190213839878f,0.36287500696982494f,0f,0f,0f,1f], start_interpolation: 0, interpolation_duration: 1 }
$data merge entity $(bone_4) { transformation: [-0.12256719754053062f,-0.2553888594063844f,-0.9512301043205522f,-0.09809232165265312f,-0.2962359692236718f,0.9252517706154905f,-0.2206488678378678f,0.9283666756339577f,0.9351859192511393f,0.25642840275621454f,-0.19071832386351042f,-0.44880457070865476f,0f,0f,0f,1f], start_interpolation: 0, interpolation_duration: 1 }
$data merge entity $(bone_3) { transformation: [-0.12268988742795858f,0.34422068636225683f,-0.9228078347927479f,0.015461290451740772f,-0.2965325017253972f,0.8814883655783754f,0.35742834702244497f,1.202963509286226f,0.9361220412924317f,0.3195113341614139f,-0.006442991525955483f,-0.34846248288008974f,0f,0f,0f,1f], start_interpolation: 0, interpolation_duration: 1 }
$data merge entity $(bone_8) { transformation: [-0.017454681110192705f,0.17077915525875093f,-0.9849831357771477f,0.08545358439245093f,0.015567532346479965f,0.9842797602089837f,0.17114127094333637f,0.3465452229459746f,0.9987261940978652f,-0.012355900235126244f,-0.01987532094646736f,0.13829302152293466f,0f,0f,0f,1f], start_interpolation: 0, interpolation_duration: 1 }
$data merge entity $(bone_7) { transformation: [-0.017454681110192705f,-0.6803864822319664f,-0.7324148636068807f,-0.1540398965416574f,0.015567532346479965f,0.7322770503927554f,-0.6796074620288104f,0.5299925176726108f,0.9987261940978652f,-0.023298874853200896f,-0.0022043329876314105f,0.13125001189660854f,0f,0f,0f,1f], start_interpolation: 0, interpolation_duration: 1 }