# This file was generated by Animated Java via MC-Build. It is not recommended to edit this file directly.
$data merge entity $(bone_layer) { transformation: [-3.4488827950401883e-16f,0.1306567184122716f,-0.9924363062351841f,-0.20650000000000002f,0f,0.9924363062351841f,0.1306567184122716f,1.2810000000000001f,1.0011001f,4.5012452619722467e-17f,-3.4190352211010293e-16f,-0.000006249999999928144f,0f,0f,0f,1f], start_interpolation: 0, interpolation_duration: 1 }
$data merge entity $(bone_l_1) { transformation: [-2.5840780182618794e-16f,0.09789464416503868f,-0.9914448613738106f,0.0593910115805637f,0f,0.7435836460303578f,0.1305261922200516f,1.3972891283264026f,0.750075f,3.372561385094091e-17f,-3.415619601499531e-16f,0.09062781250000015f,0f,0f,0f,1f], start_interpolation: 0, interpolation_duration: 1 }
$data merge entity $(bone_eye_l) { transformation: [-3.445437357682506e-16f,0.13052619222005157f,-0.9914448613738104f,-0.20650000000000002f,0f,0.9914448613738104f,0.13052619222005157f,1.2810000000000001f,1.0001f,4.496748513458788e-17f,-3.41561960149953e-16f,-0.000006249999999928144f,0f,0f,0f,1f], start_interpolation: 0, interpolation_duration: 1 }
$data merge entity $(bone_r_1) { transformation: [-2.5840780182618794e-16f,0.09789464416503868f,-0.9914448613738106f,0.059391011580563785f,0f,0.7435836460303578f,0.1305261922200516f,1.3972891283264026f,0.750075f,3.372561385094091e-17f,-3.415619601499531e-16f,-0.09064031249999985f,0f,0f,0f,1f], start_interpolation: 0, interpolation_duration: 1 }
$data merge entity $(bone_eye_r) { transformation: [-3.445437357682506e-16f,0.13052619222005157f,-0.9914448613738104f,0.04993132639147618f,0f,0.9914448613738104f,0.13052619222005157f,1.3733187954934327f,1.0001f,4.496748513458788e-17f,-3.41561960149953e-16f,-0.12501874999999985f,0f,0f,0f,1f], start_interpolation: 0, interpolation_duration: 1 }
$data merge entity $(bone_eyes_down) { transformation: [-3.445437357682506e-16f,0.13052619222005157f,-0.9914448613738104f,-0.19426316947937017f,0f,0.9914448613738104f,0.13052619222005157f,1.3739479557537948f,1.0001f,4.496748513458788e-17f,-3.41561960149953e-16f,-0.000006249999999923928f,0f,0f,0f,1f], start_interpolation: 0, interpolation_duration: 1 }
$data merge entity $(bone_bone) { transformation: [-3.445437357682506e-16f,0.13052619222005157f,-0.9914448613738104f,-0.20650000000000002f,0f,0.9914448613738104f,0.13052619222005157f,1.2810000000000001f,1.0001f,4.496748513458788e-17f,-3.41561960149953e-16f,-0.000006249999999928144f,0f,0f,0f,1f], start_interpolation: 0, interpolation_duration: 1 }
$data merge entity $(bone_l) { transformation: [0.005693472539768393f,0.0978014701554707f,-0.9914448613738106f,0.07305114264501766f,0.043246217459636103f,0.7428759191639825f,0.1305261922200516f,1.4411942377306843f,0.9991481264040162f,-0.03271781197805437f,-3.415619601499531e-16f,0.12500625000000015f,0f,0f,0f,1f], start_interpolation: 0, interpolation_duration: 1 }
$data merge entity $(bone_r) { transformation: [-0.005693472539769082f,0.09780147015547067f,-0.9914448613738106f,0.07305114264501772f,-0.043246217459636103f,0.7428759191639825f,0.1305261922200516f,1.4411942377306843f,0.9991481264040162f,0.03271781197805444f,-3.415619601499531e-16f,-0.12501874999999985f,0f,0f,0f,1f], start_interpolation: 0, interpolation_duration: 1 }
$data merge entity $(bone_sad) { transformation: [-1.0336312073047518e-15f,0.08745254878743455f,-0.4957224306869052f,0.05684488489555617f,0f,0.664268057120453f,0.06526309611002579f,1.3659785986254556f,3.0003f,3.0128215040173885e-17f,-1.707809800749765e-16f,0.14063281250000015f,0f,0f,0f,1f], start_interpolation: 0, interpolation_duration: 1 }
$data merge entity $(bone_head) { transformation: [-3.445437357682506e-16f,0.13052619222005157f,-0.9914448613738104f,-0.20650000000000002f,0f,0.9914448613738104f,0.13052619222005157f,1.2810000000000001f,1.0001f,4.496748513458788e-17f,-3.41561960149953e-16f,-0.000006249999999928144f,0f,0f,0f,1f], start_interpolation: 0, interpolation_duration: 1 }
$data merge entity $(bone_6) { transformation: [0.03866869230310664f,-0.0002348729805702332f,-0.998579942770248f,-0.14951448124122116f,-0.20015916023299163f,0.9793676478142087f,-0.00706574878641264f,0.3785399241276214f,0.9779785492588224f,0.2004527485039824f,0.038037139190550934f,-0.18934009220362458f,0f,0f,0f,1f], start_interpolation: 0, interpolation_duration: 1 }
$data merge entity $(bone_12) { transformation: [0.03866869230310664f,-0.5729543216679728f,-0.8178540838990426f,-0.3464675293145868f,-0.20015916023299163f,0.7981982638084482f,-0.5675301278736026f,0.6529205773117754f,0.9779785492588224f,0.18601848546628924f,-0.08381677281684197f,-0.12539623782458764f,0f,0f,0f,1f], start_interpolation: 0, interpolation_duration: 1 }
$data merge entity $(bone_10) { transformation: [-3.441647755549269e-16f,0.043619387365336104f,-0.998049173360276f,-0.37459204674964f,0f,0.9990482215818578f,0.0435757679779708f,1.0091561991609943f,0.999f,1.50272839463807e-17f,-3.43837206949269e-16f,1.39462874393373e-17f,0f,0f,0f,1f], start_interpolation: 0, interpolation_duration: 1 }
$data merge entity $(bone_9) { transformation: [-3.4450928483976665e-16f,0.5372996083468239f,-0.8433914458128857f,-0.1815000000000001f,0f,0.8433914458128857f,0.5372996083468239f,1.3122500000000001f,1f,1.85104703816251e-16f,-2.9055618383697406e-16f,8.04682903733025e-17f,0f,0f,0f,1f], start_interpolation: 0, interpolation_duration: 1 }
$data merge entity $(item_display_item_display) { transformation: [1.4011074938217034f,0.4666406296714596f,0.09613003586701034f,0.2432603392109629f,-0.16360758277429835f,0.03488890203368696f,0.9817281564680034f,1.165370149063755f,0.4616830376220463f,-1.408563156151406f,0.05616333040983181f,0.310922497584559f,0f,0f,0f,1f], start_interpolation: 0, interpolation_duration: 1 }
$data merge entity $(bone_2) { transformation: [-0.09613003586701012f,-0.9780303225969015f,-0.11280905142124464f,-0.09529876890756395f,-0.9817281564680032f,0.08902275943671437f,0.06717575722264055f,1.1819597445468626f,-0.056163330409831604f,0.11790505364340359f,-0.9811382931919567f,0.6004214659988245f,0f,0f,0f,1f], start_interpolation: 0, interpolation_duration: 1 }
$data merge entity $(bone_1) { transformation: [-0.09622626212913926f,-0.4405119042898441f,0.8804649091136428f,-0.24122183032523759f,-0.9827108673353385f,0.0935721402996126f,-0.06067856801138171f,1.2137459267247832f,-0.05621954995979139f,-0.8816425107370252f,-0.4463635685218882f,0.2945670806297102f,0f,0f,0f,1f], start_interpolation: 0, interpolation_duration: 1 }
$data merge entity $(bone_4) { transformation: [-0.28439945545420514f,-0.6540876393091878f,0.686949584961076f,-0.05422977208306501f,-0.775355748465189f,-0.2642470287108888f,-0.5683695732068972f,1.1334395662162366f,0.5488860361081205f,-0.6988505036389353f,-0.4358267778313318f,-0.37715144055156563f,0f,0f,0f,1f], start_interpolation: 0, interpolation_duration: 1 }
$data merge entity $(bone_3) { transformation: [-0.28468413959379896f,-0.9113557840929523f,-0.2629848036970598f,-0.3390284546121126f,-0.7761318803455345f,0.3821342696246691f,-0.4968338393349878f,1.2528565254739457f,0.5494354715797002f,0.06388982241166599f,-0.8211303777741025f,-0.35718587104792f,0f,0f,0f,1f], start_interpolation: 0, interpolation_duration: 1 }
$data merge entity $(bone_8) { transformation: [-0.07331442140376083f,0.738350799499777f,-0.6690276527178747f,-0.38063838917855985f,0.19998868442387696f,0.66829468121591f,0.7163556834668543f,0.3629054619184577f,0.9760279434779839f,-0.08146939391832023f,-0.1970293473609192f,0.19433460727635668f,0f,0f,0f,1f], start_interpolation: 0, interpolation_duration: 1 }
$data merge entity $(bone_7) { transformation: [-0.07331442140376083f,0.13556684132454025f,-0.9871076611780683f,-0.3783750000000001f,0.19998868442387696f,0.9724079843724431f,0.11918874991147874f,0.671625f,0.9760279434779839f,-0.18905719972362436f,-0.09856571969782292f,0.13125f,0f,0f,0f,1f], start_interpolation: 0, interpolation_duration: 1 }