# This file was generated by Animated Java via MC-Build. It is not recommended to edit this file directly.
$data merge entity $(bone_layer) { transformation: [-2.9127090188363103e-8f,0.5378369079551704f,-0.8442348372586981f,0.047351218035453835f,6.4573204131663495e-9f,0.8442348372586986f,0.5378369079551704f,1.1814278074992264f,1.0011000999999995f,1.020290505674561e-8f,-2.8032251219288002e-8f,1.3503803340882849e-8f,0f,0f,0f,1f], start_interpolation: 0, interpolation_duration: 1 }
$data merge entity $(bone_l_1) { transformation: [-2.1823494147125204e-8f,0.40297470626011767f,-0.8433914458128853f,0.32068560529946f,4.838152157717046e-9f,0.6325435843596644f,0.5372996083468236f,1.1480951710270424f,0.7500749999999996f,7.644534258300908e-9f,-2.800424697231569e-8f,0.12188720917149297f,0f,0f,0f,1f], start_interpolation: 0, interpolation_duration: 1 }
$data merge entity $(bone_eye_l) { transformation: [-2.909799219616694e-8f,0.5372996083468236f,-0.8433914458128853f,0.047351218035453835f,6.450869543622728e-9f,0.8433914458128858f,0.5372996083468236f,1.1814278074992264f,1.0000999999999995f,1.019271234440121e-8f,-2.800424697231569e-8f,1.3503803340882849e-8f,0f,0f,0f,1f], start_interpolation: 0, interpolation_duration: 1 }
$data merge entity $(bone_r_1) { transformation: [-2.1823494147125204e-8f,0.40297470626011767f,-0.8433914458128853f,0.32068561239209564f,4.838152157717046e-9f,0.6325435843596644f,0.5372996083468236f,1.1480951694546428f,0.7500749999999996f,7.644534258300908e-9f,-2.800424697231569e-8f,-0.12188716582850687f,0f,0f,0f,1f], start_interpolation: 0, interpolation_duration: 1 }
$data merge entity $(bone_eye_r) { transformation: [-2.909799219616694e-8f,0.5372996083468236f,-0.8433914458128853f,0.318772538498864f,6.450869543622728e-9f,0.8433914458128858f,0.5372996083468236f,1.1567244885229822f,1.0000999999999995f,1.019271234440121e-8f,-2.800424697231569e-8f,-0.12501247843982896f,0f,0f,0f,1f], start_interpolation: 0, interpolation_duration: 1 }
$data merge entity $(bone_eyes_down) { transformation: [-2.909799219616694e-8f,0.5372996083468236f,-0.8433914458128853f,0.06414183079629207f,6.450869543622728e-9f,0.8433914458128858f,0.5372996083468236f,1.207783790180879f,1.0000999999999995f,1.019271234440121e-8f,-2.800424697231569e-8f,1.3822325601645387e-8f,0f,0f,0f,1f], start_interpolation: 0, interpolation_duration: 1 }
$data merge entity $(bone_bone) { transformation: [-2.909799219616694e-8f,0.5372996083468236f,-0.8433914458128853f,0.047351218035453835f,6.450869543622728e-9f,0.8433914458128858f,0.5372996083468236f,1.1814278074992264f,1.0000999999999995f,1.019271234440121e-8f,-2.800424697231569e-8f,1.3503803340882849e-8f,0f,0f,0f,1f], start_interpolation: 0, interpolation_duration: 1 }
$data merge entity $(bone_l) { transformation: [-0.09330112650650961f,0.396852611203171f,-0.8433914458128853f,0.3852022149038339f,-0.1464533812724189f,0.6229338268356653f,0.5372996083468236f,1.2348256581086936f,0.9849062320175628f,0.1302491643919193f,-2.800424697231569e-8f,0.12501252298917798f,0f,0f,0f,1f], start_interpolation: 0, interpolation_duration: 1 }
$data merge entity $(bone_r) { transformation: [0.09330106919465299f,0.39685261878239103f,-0.8433914458128853f,0.3852022221783319f,0.14645339397815157f,0.6229338251553928f,0.5372996083468236f,1.234825656495976f,0.9849062355574547f,-0.1302491493351261f,-2.800424697231569e-8f,-0.1250124770108219f,0f,0f,0f,1f], start_interpolation: 0, interpolation_duration: 1 }
$data merge entity $(bone_sad) { transformation: [-8.729397658850082e-8f,0.3599907375923718f,-0.42169572290644264f,0.2897260675907335f,1.9352608630868182e-8f,0.5650722686946336f,0.2686498041734118f,1.0965903712564342f,3.0002999999999984f,6.829117270748811e-9f,-1.4002123486157845e-8f,0.1406390836029402f,0f,0f,0f,1f], start_interpolation: 0, interpolation_duration: 1 }
$data merge entity $(bone_head) { transformation: [-2.909799219616694e-8f,0.5372996083468236f,-0.8433914458128853f,0.047351218035453835f,6.450869543622728e-9f,0.8433914458128858f,0.5372996083468236f,1.1814278074992264f,1.0000999999999995f,1.019271234440121e-8f,-2.800424697231569e-8f,1.3503803340882849e-8f,0f,0f,0f,1f], start_interpolation: 0, interpolation_duration: 1 }
$data merge entity $(bone_6) { transformation: [-0.021326877068152676f,0.9074991417699944f,-0.4171306213300807f,-0.14411431807623165f,-0.17346929364665734f,0.4080294277443657f,0.8962995975184863f,0.23430893185999013f,0.9835926842327823f,0.09163823674039842f,0.1490295393048642f,-0.1974430556133855f,0f,0f,0f,1f], start_interpolation: 0, interpolation_duration: 1 }
$data merge entity $(bone_12) { transformation: [-0.021326877068152676f,0.0569495093147091f,-0.9971506410534515f,-0.18100757516188043f,-0.17346929364665734f,0.9829914871780586f,0.05973875252014921f,0.5227522876493454f,0.9835926842327823f,0.17459807995588764f,-0.011085147451740718f,-0.14737228138252922f,0f,0f,0f,1f], start_interpolation: 0, interpolation_duration: 1 }
$data merge entity $(bone_10) { transformation: [-2.906598760521025e-8f,0.1691047661356655f,-0.9846124833240936f,-0.11107128734463437f,6.44377429664944e-9f,0.9855980814054995f,0.16893566136952964f,0.928064703615421f,0.9989999999999996f,-1.437211766199542e-9f,-2.973705457023933e-8f,1.0528736353843937e-8f,0f,0f,0f,1f], start_interpolation: 0, interpolation_duration: 1 }
$data merge entity $(bone_9) { transformation: [-2.909508268789815e-8f,0.5334044890075527f,-0.8458603023588414f,0.06883418269458275f,6.450224521170611e-9f,0.8458603023588419f,0.5334044890075527f,1.184061602961816f,0.9999999999999996f,1.006345884607176e-8f,-2.8050954163371717e-8f,1.4111863402044045e-8f,0f,0f,0f,1f], start_interpolation: 0, interpolation_duration: 1 }
$data merge entity $(item_display_item_display) { transformation: [-0.0000062130701071649935f,0.000007296609988778114f,-0.000002454376559064277f,-1.0646430999871122f,-0.0000012521416455732897f,0.0000021444613190615475f,0.000009580582899708456f,0.07597421330650422f,0.00000758389589366522f,0.000006318701109472102f,-4.2461925883958007e-7f,1.83136221504126f,0f,0f,0f,1f], start_interpolation: 0, interpolation_duration: 1 }
$data merge entity $(bone_2) { transformation: [0.10610336114218853f,-0.8589966885323679f,0.4790970503253354f,-0.007805092741468678f,-0.013342332357472031f,0.4815671271340974f,0.8645556672119137f,0.9011990011368152f,-0.9822166439244312f,-0.0993341592503665f,0.04001013273643173f,0.3814110512527365f,0f,0f,0f,1f], start_interpolation: 0, interpolation_duration: 1 }
$data merge entity $(bone_1) { transformation: [0.10620957071290144f,-0.5240524697111264f,0.8323330484425568f,-0.17635915088142534f,-0.013355688045517549f,0.8371662902290614f,0.5277461531347585f,1.1830101000324889f,-0.9831998437681994f,-0.06798243518571534f,0.08274342524807678f,0.3593750069847257f,0f,0f,0f,1f], start_interpolation: 0, interpolation_duration: 1 }
$data merge entity $(bone_4) { transformation: [-0.11564100948018827f,-0.24235727231902499f,-0.9555373864455801f,-0.11430046285121175f,-0.28441341153866684f,0.9309294215735537f,-0.21210985183467418f,0.9227856715296202f,0.9396926262307063f,0.24881196728740937f,-0.1780930178854741f,-0.44684272819967774f,0f,0f,0f,1f], start_interpolation: 0, interpolation_duration: 1 }
$data merge entity $(bone_3) { transformation: [-0.1157567662464347f,0.35531169865485923f,-0.9195337629147537f,0.003089259087086016f,-0.28469810964831516f,0.8819608523402425f,0.3657392953127567f,1.1974240451244993f,0.9406332594901965f,0.305978658426911f,-0.0012564522491505803f,-0.3507520192364253f,0f,0f,0f,1f], start_interpolation: 0, interpolation_duration: 1 }
$data merge entity $(bone_8) { transformation: [-0.01891858635965498f,0.1697217508179248f,-0.9851500491318455f,0.07953989324944002f,0.0158539917327961f,0.9844553231283351f,0.17003690805985522f,0.34502564893810794f,0.9986950299112902f,-0.012411191808168385f,-0.021354443126128587f,0.13866963114983144f,0f,0f,0f,1f], start_interpolation: 0, interpolation_duration: 1 }
$data merge entity $(bone_7) { transformation: [-0.01891858635965498f,-0.6912517665053027f,-0.7221475523107987f,-0.16246952081071725f,0.0158539917327961f,0.72198795065912f,-0.6905057801650282f,0.5237517793219956f,0.9986950299112902f,-0.0245494544067986f,-0.002715549972790665f,0.1312500116412097f,0f,0f,0f,1f], start_interpolation: 0, interpolation_duration: 1 }