# This file was generated by Animated Java via MC-Build. It is not recommended to edit this file directly.
$data merge entity $(bone_layer) { transformation: [-3.282958872676237e-8f,0.6255951668421069f,-0.7814292592575445f,0.04586034603598066f,7.881686833067073e-9f,0.7814292592575454f,0.6255951668421071f,1.156751087133922f,1.001100099999999f,1.4363250281965583e-8f,-3.05511371698061e-8f,1.4737976418255296e-8f,0f,0f,0f,1f], start_interpolation: 0, interpolation_duration: 1 }
$data merge entity $(bone_l_1) { transformation: [-2.4597593951120663e-8f,0.4687276474840961f,-0.7806486106468976f,0.31401794209810885f,5.90535976503527e-9f,0.5854864579851738f,0.6249701966454617f,1.0941870773787552f,0.7500749999999994f,1.076167603543875e-8f,-3.0520616553252847e-8f,0.12188721152437401f,0f,0f,0f,1f], start_interpolation: 0, interpolation_duration: 1 }
$data merge entity $(bone_eye_l) { transformation: [-3.279679193482755e-8f,0.6249701966454615f,-0.7806486106468976f,0.04586034603598066f,7.873813020047026e-9f,0.7806486106468985f,0.6249701966454617f,1.156751087133922f,1.000099999999999f,1.4348901380584999e-8f,-3.0520616553252847e-8f,1.4737976418255296e-8f,0f,0f,0f,1f], start_interpolation: 0, interpolation_duration: 1 }
$data merge entity $(bone_r_1) { transformation: [-2.4597593951120663e-8f,0.4687276474840961f,-0.7806486106468976f,0.31401795009232686f,5.90535976503527e-9f,0.5854864579851738f,0.6249701966454617f,1.094187075459513f,0.7500749999999994f,1.076167603543875e-8f,-3.0520616553252847e-8f,-0.12188716347562575f,0f,0f,0f,1f], start_interpolation: 0, interpolation_duration: 1 }
$data merge entity $(bone_eye_r) { transformation: [-3.279679193482755e-8f,0.6249701966454615f,-0.7806486106468976f,0.31304496010730787f,7.873813020047026e-9f,0.7806486106468985f,0.6249701966454617f,1.1029721929804848f,1.000099999999999f,1.4348901380584999e-8f,-3.0520616553252847e-8f,-0.12501247607669896f,0f,0f,0f,1f], start_interpolation: 0, interpolation_duration: 1 }
$data merge entity $(bone_eyes_down) { transformation: [-3.279679193482755e-8f,0.6249701966454615f,-0.7806486106468976f,0.06539066468115133f,7.873813020047026e-9f,0.7806486106468985f,0.6249701966454617f,1.1811463562166375f,1.000099999999999f,1.4348901380584999e-8f,-3.0520616553252847e-8f,1.5186379586398576e-8f,0f,0f,0f,1f], start_interpolation: 0, interpolation_duration: 1 }
$data merge entity $(bone_bone) { transformation: [-3.279679193482755e-8f,0.6249701966454615f,-0.7806486106468976f,0.04586034603598066f,7.873813020047026e-9f,0.7806486106468985f,0.6249701966454617f,1.156751087133922f,1.000099999999999f,1.4348901380584999e-8f,-3.0520616553252847e-8f,1.4737976418255296e-8f,0f,0f,0f,1f], start_interpolation: 0, interpolation_duration: 1 }
$data merge entity $(bone_l) { transformation: [-0.10852496804216245f,0.4616066170221837f,-0.7806486106468976f,0.38749635859213655f,-0.13555820088286283f,0.5765916041329106f,0.6249701966454617f,1.173468176077437f,0.9849062312958478f,0.13024916746170465f,-3.0520616553252847e-8f,0.1250125258098073f,0f,0f,0f,1f], start_interpolation: 0, interpolation_duration: 1 }
$data merge entity $(bone_r) { transformation: [0.10852490344509251f,0.4616066255648384f,-0.7806486106468976f,0.38749636679133453f,0.13555821639124707f,0.5765916020820007f,0.6249701966454617f,1.1734681741089836f,0.9849062362791688f,-0.13024914626534065f,-3.0520616553252847e-8f,-0.12501247419019249f,0f,0f,0f,1f], start_interpolation: 0, interpolation_duration: 1 }
$data merge entity $(bone_sad) { transformation: [-9.839037580448265e-8f,0.4187300317524592f,-0.3903243053234488f,0.277827068504305f,2.362143906014108e-8f,0.5230345691334221f,0.31248509832273086f,1.0464810351117584f,3.0002999999999975f,9.61376392499195e-9f,-1.5260308276626423e-8f,0.14063908571313907f,0f,0f,0f,1f], start_interpolation: 0, interpolation_duration: 1 }
$data merge entity $(bone_head) { transformation: [-3.279679193482755e-8f,0.6249701966454615f,-0.7806486106468976f,0.04586034603598066f,7.873813020047026e-9f,0.7806486106468985f,0.6249701966454617f,1.156751087133922f,1.000099999999999f,1.4348901380584999e-8f,-3.0520616553252847e-8f,1.4737976418255296e-8f,0f,0f,0f,1f], start_interpolation: 0, interpolation_duration: 1 }
$data merge entity $(bone_6) { transformation: [-0.016149775433593267f,0.9232670340955259f,-0.3812184769278139f,-0.14191796821116348f,-0.14808969093430538f,0.37534050182373774f,0.914950933342581f,0.22252730744570137f,0.9878307690047046f,0.0713630475866976f,0.13093154435303914f,-0.19067165826447566f,0f,0f,0f,1f], start_interpolation: 0, interpolation_duration: 1 }
$data merge entity $(bone_12) { transformation: [-0.016149775433593267f,0.0684226823892338f,-0.9965279122700844f,-0.17735029334421948f,-0.14808969093430538f,0.9864665252756182f,0.06999640879647698f,0.5108920083469569f,0.9878307690047046f,0.14900379540572242f,-0.0057985189680405756f,-0.14802101742516333f,0f,0f,0f,1f], start_interpolation: 0, interpolation_duration: 1 }
$data merge entity $(bone_10) { transformation: [-3.276071907098562e-8f,0.13426460224793368f,-0.9899545709390166f,-0.12205338867082136f,7.865152691757804e-9f,0.990945516455473f,0.13413033764568555f,0.9068653867057521f,0.9989999999999992f,-3.3987316903717186e-9f,-3.352009933022131e-8f,-0.002374988801148184f,0f,0f,0f,1f], start_interpolation: 0, interpolation_duration: 1 }
$data merge entity $(bone_9) { transformation: [-3.279351258356919e-8f,0.5483822260910995f,-0.8362278003674408f,0.06238211636338853f,7.87302571747528e-9f,0.8362278003674417f,0.5483822260910998f,1.1596181020379042f,0.9999999999999992f,1.1399736406499889e-8f,-3.174027434479367e-8f,-0.0023749847427887703f,0f,0f,0f,1f], start_interpolation: 0, interpolation_duration: 1 }
$data merge entity $(item_display_item_display) { transformation: [-0.000005752548783359161f,0.000007815127854792148f,-0.0000019209372756960183f,-1.0088249208822604f,-7.49202308857057e-7f,0.0000018222447951474672f,0.000009699641880263271f,0.13651300325221738f,0.000008002008389469609f,0.000005776481174171215f,-4.6880587681021814e-7f,1.9054117780478124f,0f,0f,0f,1f], start_interpolation: 0, interpolation_duration: 1 }
$data merge entity $(bone_2) { transformation: [0.03908277133750621f,-0.8345250751655082f,0.5297365807577565f,-0.005748997830505448f,-0.036970864434639955f,0.5295316870586462f,0.8353913307951785f,0.8721988502453746f,-0.9865552031427917f,-0.05290408153333305f,-0.010320320599799827f,0.37150292299993776f,0f,0f,0f,1f], start_interpolation: 0, interpolation_duration: 1 }
$data merge entity $(bone_1) { transformation: [0.03912189323073695f,-0.47059003275296785f,0.8692513831720239f,-0.15594353948730916f,-0.0370078723069469f,0.869494594707911f,0.4714463203172137f,1.1638062020028743f,-0.9875427458886803f,-0.05122666148878192f,0.01676842308870907f,0.3546250080645732f,0f,0f,0f,1f], start_interpolation: 0, interpolation_duration: 1 }
$data merge entity $(bone_4) { transformation: [-0.10953905518307513f,-0.2297830611530025f,-0.9593891534702491f,-0.11828383819924254f,-0.26260315385839567f,0.9388409159942581f,-0.2053110299323373f,0.9057374873965882f,0.9467108590457506f,0.2307863696353815f,-0.16442075089555136f,-0.4442423451299054f,0f,0f,0f,1f], start_interpolation: 0, interpolation_duration: 1 }
$data merge entity $(bone_3) { transformation: [-0.1096487038869621f,0.3657823274543184f,-0.916204721615921f,0.0027463030601758698f,-0.26286601987827396f,0.8853026944437283f,0.37391713489420253f,1.1813134779265857f,0.9476585175633139f,0.28336405083626415f,-0.0011603569274035858f,-0.35522790248601854f,0f,0f,0f,1f], start_interpolation: 0, interpolation_duration: 1 }
$data merge entity $(bone_8) { transformation: [-0.02250438316954623f,0.1555743021460385f,-0.9874279852766163f,0.07872066170641956f,0.011641644932257458f,0.9868293342142342f,0.15591201709983527f,0.344769877861164f,0.9986786518068026f,-0.007996218451685105f,-0.024061467530792757f,0.13879774796759647f,0f,0f,0f,1f], start_interpolation: 0, interpolation_duration: 1 }
$data merge entity $(bone_7) { transformation: [-0.02250438316954623f,-0.7113128884853477f,-0.7023185632391442f,-0.16799398642009195f,0.011641644932257458f,0.7022436952372044f,-0.7106296394335411f,0.5155067577200476f,0.9986786518068026f,-0.024208438189121172f,-0.0075395788812083475f,0.13125001277347484f,0f,0f,0f,1f], start_interpolation: 0, interpolation_duration: 1 }