# This file was generated by Animated Java via MC-Build. It is not recommended to edit this file directly.
$data merge entity $(bone_layer) { transformation: [-3.649007855761613e-8f,0.7373060257271729f,-0.677038273974522f,0.03584944351499364f,9.436975899396912e-9f,0.6770382739745227f,0.7373060257271733f,1.1303879881369099f,1.0011000999999993f,2.04926170008442e-8f,-3.162832470181571e-8f,1.55679423886245e-8f,0f,0f,0f,1f], start_interpolation: 0, interpolation_duration: 1 }
$data merge entity $(bone_l_1) { transformation: [-2.734021869951259e-8f,0.5524270922031764f,-0.6763619120624595f,0.29135072453239497f,7.0706612632843995e-9f,0.5072714340468452f,0.7365694562709024f,1.027714492051007f,0.7500749999999995f,1.535410864199116e-8f,-3.159672797384187e-8f,0.1218872133488216f,0f,0f,0f,1f], start_interpolation: 0, interpolation_duration: 1 }
$data merge entity $(bone_eye_l) { transformation: [-3.645362493268345e-8f,0.736569456270902f,-0.6763619120624595f,0.03584944351499364f,9.427548351045867e-9f,0.6763619120624602f,0.7365694562709024f,1.1303879881369099f,1.0000999999999993f,2.0472144855988216e-8f,-3.159672797384187e-8f,1.55679423886245e-8f,0f,0f,0f,1f], start_interpolation: 0, interpolation_duration: 1 }
$data merge entity $(bone_r_1) { transformation: [-2.734021869951259e-8f,0.5524270922031764f,-0.6763619120624595f,0.2913507334179661f,7.0706612632843995e-9f,0.5072714340468452f,0.7365694562709024f,1.0277144897530421f,0.7500749999999995f,1.535410864199116e-8f,-3.159672797384187e-8f,-0.12188716165117824f,0f,0f,0f,1f], start_interpolation: 0, interpolation_duration: 1 }
$data merge entity $(bone_eye_r) { transformation: [-3.645362493268345e-8f,0.736569456270902f,-0.6763619120624595f,0.2917270306831864f,9.427548351045867e-9f,0.6763619120624602f,0.7365694562709024f,1.0365453107756646f,1.0000999999999993f,2.0472144855988216e-8f,-3.159672797384187e-8f,-0.12501247422070688f,0f,0f,0f,1f], start_interpolation: 0, interpolation_duration: 1 }
$data merge entity $(bone_eyes_down) { transformation: [-3.645362493268345e-8f,0.736569456270902f,-0.6763619120624595f,0.058867239023459327f,9.427548351045867e-9f,0.6763619120624602f,0.7365694562709024f,1.1515242978888618f,1.0000999999999993f,2.0472144855988216e-8f,-3.159672797384187e-8f,1.620769691537413e-8f,0f,0f,0f,1f], start_interpolation: 0, interpolation_duration: 1 }
$data merge entity $(bone_bone) { transformation: [-3.645362493268345e-8f,0.736569456270902f,-0.6763619120624595f,0.03584944351499364f,9.427548351045867e-9f,0.6763619120624602f,0.7365694562709024f,1.1303879881369099f,1.0000999999999993f,2.0472144855988216e-8f,-3.159672797384187e-8f,1.55679423886245e-8f,0f,0f,0f,1f], start_interpolation: 0, interpolation_duration: 1 }
$data merge entity $(bone_l) { transformation: [-0.12790397970637632f,0.544034478628099f,-0.6763619120624595f,0.376046196360672f,-0.11744900418864408f,0.49956484235876153f,0.7365694562709024f,1.0948803118475858f,0.9849062302325579f,0.13024917198436792f,-3.159672797384187e-8f,0.12501252830282414f,0f,0f,0f,1f], start_interpolation: 0, interpolation_duration: 1 }
$data merge entity $(bone_r) { transformation: [0.1279039079067514f,0.5440344881232572f,-0.6763619120624595f,0.37604620547407824f,0.11744902275728951f,0.4995648399031466f,0.7365694562709024f,1.0948803094906987f,0.9849062373424592f,-0.13024914174267743f,-3.159672797384187e-8f,-0.1250124716971757f,0f,0f,0f,1f], start_interpolation: 0, interpolation_duration: 1 }
$data merge entity $(bone_sad) { transformation: [-1.0936087479805036e-7f,0.49350153570150435f,-0.3381809560312298f,0.24847244056400114f,2.8282645053137598e-8f,0.45316248108184837f,0.3682847281354512f,0.9862197799391854f,3.000299999999998f,1.3716337053512106e-8f,-1.5798363986920935e-8f,0.14063908717706333f,0f,0f,0f,1f], start_interpolation: 0, interpolation_duration: 1 }
$data merge entity $(bone_head) { transformation: [-3.645362493268345e-8f,0.736569456270902f,-0.6763619120624595f,0.03584944351499364f,9.427548351045867e-9f,0.6763619120624602f,0.7365694562709024f,1.1303879881369099f,1.0000999999999993f,2.0472144855988216e-8f,-3.159672797384187e-8f,1.55679423886245e-8f,0f,0f,0f,1f], start_interpolation: 0, interpolation_duration: 1 }
$data merge entity $(bone_6) { transformation: [-0.005959071778387965f,0.936650024623787f,-0.3473673783223067f,-0.14061086966032915f,-0.1110046677675652f,0.3450862518723783f,0.9319639637236723f,0.21311718260495222f,0.9927957761782392f,0.0442062209784527f,0.10211804427076342f,-0.18087132618820542f,0f,0f,0f,1f], start_interpolation: 0, interpolation_duration: 1 }
$data merge entity $(bone_12) { transformation: [-0.005959071778387965f,0.0770734293615633f,-0.9960105675326449f,-0.17543596385410365f,-0.1110046677675652f,0.9907998943992862f,0.07718108686218539f,0.5014978573025868f,0.9927957761782392f,0.11124412678794018f,0.0026512627312426547f,-0.14883646412237655f,0f,0f,0f,1f], start_interpolation: 0, interpolation_duration: 1 }
$data merge entity $(bone_10) { transformation: [-3.64135299547553e-8f,0.0742202798625885f,-0.9962446295204573f,-0.14426842007587598f,9.417179084786342e-9f,0.9972418713918499f,0.07414605958272563f,0.8844381011696835f,0.9989999999999993f,-6.695278200878083e-9f,-3.701204244213788e-8f,-0.005874988678877498f,0f,0f,0f,1f], start_interpolation: 0, interpolation_duration: 1 }
$data merge entity $(bone_9) { transformation: [-3.644997993468999e-8f,0.5631860614628752f,-0.8263301157370055f,0.04463863218966324f,9.42660569047682e-9f,0.8263301157370063f,0.5631860614628753f,1.1338664801271405f,0.9999999999999993f,1.2738632466825898e-8f,-3.5428649092685644e-8f,-0.00587498414448221f,0f,0f,0f,1f], start_interpolation: 0, interpolation_duration: 1 }
$data merge entity $(item_display_item_display) { transformation: [-0.000005011488090915302f,0.000008451690098067193f,-0.000001139248163051699f,-0.9219608774962853f,-7.282576660763861e-10f,0.0000013135266396562963f,0.0000098108481372419f,0.24078684928690253f,0.000008518799121740799f,0.000004960589976451896f,-6.657143346606587e-7f,2.008892244773749f,0f,0f,0f,1f], start_interpolation: 0, interpolation_duration: 1 }
$data merge entity $(bone_2) { transformation: [-0.057721644731934495f,-0.7885893659066756f,0.594335487304977f,-0.01065654400026933f,-0.07052111579150629f,0.598109643354092f,0.7855396655224038f,0.839134842412744f,-0.9838091586469104f,0.0033942719214455075f,-0.09117942720140923f,0.36214201261573575f,0f,0f,0f,1f], start_interpolation: 0, interpolation_duration: 1 }
$data merge entity $(bone_1) { transformation: [-0.05777942415609059f,-0.39095657942617335f,0.9067859794320396f,-0.13389346558889065f,-0.07059170749900529f,0.9085554806658658f,0.38643841700098464f,1.142524804650819f,-0.98479395259951f,-0.042188761008161865f,-0.08090313634989683f,0.34762500926640816f,0f,0f,0f,1f], start_interpolation: 0, interpolation_duration: 1 }
$data merge entity $(bone_4) { transformation: [-0.09942376524145083f,-0.2233861037836949f,-0.9619577761873148f,-0.1273863890815136f,-0.23276640773874377f,0.946588569382352f,-0.20617354187388898f,0.8881777356671573f,0.9555574721012436f,0.20437854545639997f,-0.146944745138599f,-0.4413324814476786f,0f,0f,0f,1f], start_interpolation: 0, interpolation_duration: 1 }
$data merge entity $(bone_3) { transformation: [-0.09952328852998081f,0.37047781766526344f,-0.9154290257299511f,-0.00451291542963711f,-0.23299940714588965f,0.8929567681006401f,0.3757201875830094f,1.1660858028185708f,0.956513986087331f,0.25170657346907416f,-0.002673731321419362f,-0.3622282758732187f,0f,0f,0f,1f], start_interpolation: 0, interpolation_duration: 1 }
$data merge entity $(bone_8) { transformation: [-0.027906391787262397f,0.12036814061417433f,-0.9922301492990386f,0.07634368597223046f,0.005642531831150405f,0.9917632155505601f,0.1207714286924026f,0.35414676821592145f,0.9985942218264506f,-0.002238697118551876f,-0.02840407262154391f,0.1392499070700386f,0f,0f,0f,1f], start_interpolation: 0, interpolation_duration: 1 }
$data merge entity $(bone_7) { transformation: [-0.027906391787262397f,-0.7450698699186766f,-0.6662432344063784f,-0.17819686112576444f,0.005642531831150405f,0.6663069837204416f,-0.7444561888741057f,0.5114151575651485f,0.9985942218264506f,-0.02457994487508897f,-0.01440935169312417f,0.1312500136007718f,0f,0f,0f,1f], start_interpolation: 0, interpolation_duration: 1 }