# This file was generated by Animated Java via MC-Build. It is not recommended to edit this file directly.
$data merge entity $(bone_layer) { transformation: [-4.010512331718729e-8f,0.8381745986750071f,-0.5472333525434915f,0.022165203460659866f,1.1122135032647919e-8f,0.5472333525434921f,0.8381745986750073f,1.1037392810394497f,1.001100099999999f,2.7498441443795284e-8f,-3.123479076796325e-8f,1.6093965036352527e-8f,0f,0f,0f,1f], start_interpolation: 0, interpolation_duration: 1 }
$data merge entity $(bone_l_1) { transformation: [-3.004879369419628e-8f,0.6280029460601951f,-0.5466866658776139f,0.2574164669245649f,8.333268006479462e-9f,0.41001499940821096f,0.8373372614135938f,0.9606323480841328f,0.7500749999999994f,2.0603227854991472e-8f,-3.120358718078247e-8f,0.12188721460828386f,0f,0f,0f,1f], start_interpolation: 0, interpolation_duration: 1 }
$data merge entity $(bone_eye_l) { transformation: [-4.006505825892837e-8f,0.8373372614135935f,-0.5466866658776139f,0.022165203460659866f,1.1111024008639282e-8f,0.5466866658776146f,0.8373372614135938f,1.1037392810394497f,1.000099999999999f,2.7470970473321963e-8f,-3.120358718078247e-8f,1.6093965036352527e-8f,0f,0f,0f,1f], start_interpolation: 0, interpolation_duration: 1 }
$data merge entity $(bone_r_1) { transformation: [-3.004879369419628e-8f,0.6280029460601951f,-0.5466866658776139f,0.25741647669042284f,8.333268006479462e-9f,0.41001499940821096f,0.8373372614135938f,0.9606323453758208f,0.7500749999999994f,2.0603227854991472e-8f,-3.120358718078247e-8f,-0.12188716039171592f,0f,0f,0f,1f], start_interpolation: 0, interpolation_duration: 1 }
$data merge entity $(bone_eye_r) { transformation: [-4.006505825892837e-8f,0.8373372614135935f,-0.5466866658776139f,0.259233043037726f,1.1111024008639282e-8f,0.5466866658776146f,0.8373372614135938f,0.9692824948866688f,1.000099999999999f,2.7470970473321963e-8f,-3.120358718078247e-8f,-0.12501247291504478f,0f,0f,0f,1f], start_interpolation: 0, interpolation_duration: 1 }
$data merge entity $(bone_eyes_down) { transformation: [-4.006505825892837e-8f,0.8373372614135935f,-0.5466866658776139f,0.04833199287983467f,1.1111024008639282e-8f,0.5466866658776146f,0.8373372614135938f,1.1208232393481252f,1.000099999999999f,2.7470970473321963e-8f,-3.120358718078247e-8f,1.695243286364384e-8f,0f,0f,0f,1f], start_interpolation: 0, interpolation_duration: 1 }
$data merge entity $(bone_bone) { transformation: [-4.006505825892837e-8f,0.8373372614135935f,-0.5466866658776139f,0.022165203460659866f,1.1111024008639282e-8f,0.5466866658776146f,0.8373372614135938f,1.1037392810394497f,1.000099999999999f,2.7470970473321963e-8f,-3.120358718078247e-8f,1.6093965036352527e-8f,0f,0f,0f,1f], start_interpolation: 0, interpolation_duration: 1 }
$data merge entity $(bone_l) { transformation: [-0.14540212899346858f,0.6184621649766693f,-0.5466866658776139f,0.3519628798726835f,-0.09493113234223521f,0.4037859517155588f,0.8373372614135938f,1.0130303069289914f,0.9849062290172244f,0.13024917715374118f,-3.120358718078247e-8f,0.12501253031377588f,0f,0f,0f,1f], start_interpolation: 0, interpolation_duration: 1 }
$data merge entity $(bone_r) { transformation: [0.14540205008070858f,0.6184621754125059f,-0.5466866658776139f,0.35196288988894797f,0.09493115422668039f,0.4037859488214452f,0.8373372614135938f,1.0130303041512354f,0.9849062385577922f,-0.13024913657330411f,-3.120358718078247e-8f,-0.1250124696862239f,0f,0f,0f,1f], start_interpolation: 0, interpolation_duration: 1 }
$data merge entity $(bone_sad) { transformation: [-1.201951747767851e-7f,0.5610159651471077f,-0.27334333293880697f,0.20850032188504336f,3.3333072025917846e-8f,0.3662800661380018f,0.4186686307067969f,0.9268295962439332f,3.0002999999999975f,1.8405550217125718e-8f,-1.5601793590391235e-8f,0.14063908802419728f,0f,0f,0f,1f], start_interpolation: 0, interpolation_duration: 1 }
$data merge entity $(bone_head) { transformation: [-4.006505825892837e-8f,0.8373372614135935f,-0.5466866658776139f,0.022165203460659866f,1.1111024008639282e-8f,0.5466866658776146f,0.8373372614135938f,1.1037392810394497f,1.000099999999999f,2.7470970473321963e-8f,-3.120358718078247e-8f,1.6093965036352527e-8f,0f,0f,0f,1f], start_interpolation: 0, interpolation_duration: 1 }
$data merge entity $(bone_6) { transformation: [0.007004988599150016f,0.9483064586909263f,-0.31413543835858676f,-0.13939437490589335f,-0.07022534767301294f,0.31430223642578414f,0.9467093421937542f,0.20493764448060264f,0.9965040545220728f,0.01548323644621385f,0.06892446403349314f,-0.17014362556431994f,0f,0f,0f,1f], start_interpolation: 0, interpolation_duration: 1 }
$data merge entity $(bone_12) { transformation: [0.007004988599150016f,0.08452880591678677f,-0.9953999669469298f,-0.1739762577014669f,-0.07022534767301294f,0.9939974612464254f,0.08374676981735629f,0.49298449889627693f,0.9965040545220728f,0.06945450313653749f,0.01289900566750618f,-0.1496013747834174f,0f,0f,0f,1f], start_interpolation: 0, interpolation_duration: 1 }
$data merge entity $(bone_10) { transformation: [-4.002099110155929e-8f,0.005528266772230006f,-0.9989847342974764f,-0.17048314275603813f,1.109880310432021e-8f,0.9999847190164932f,0.005522738505457259f,0.8624493358862497f,0.9989999999999992f,-1.0888275025487613e-8f,-4.0081736755664333e-8f,-0.009749988943020167f,0f,0f,0f,1f], start_interpolation: 0, interpolation_duration: 1 }
$data merge entity $(bone_9) { transformation: [-4.0061052153713e-8f,0.5778113005646146f,-0.8161703871985478f,0.022835550970381254f,1.1109913017337547e-8f,0.8161703871985485f,0.5778113005646145f,1.108474280314474f,0.9999999999999992f,1.4080146708986262e-8f,-3.91160777730621e-8f,-0.009749983931785606f,0f,0f,0f,1f], start_interpolation: 0, interpolation_duration: 1 }
$data merge entity $(item_display_item_display) { transformation: [-0.00000409680733572128f,0.000008998917844958522f,-2.485812863008209e-7f,-0.8131165009341386f,8.392512851606652e-7f,6.473785740714404e-7f,0.000009842077384247524f,0.3683040418546824f,0.000008955248677877312f,0.0000040451951097508614f,-0.0000010326998411558475f,2.1126477151237695f,0f,0f,0f,1f], start_interpolation: 0, interpolation_duration: 1 }
$data merge entity $(bone_2) { transformation: [-0.1638878155842798f,-0.7227247439837641f,0.6550352526077758f,-0.020315071318930372f,-0.1028732439862321f,0.6743204765064904f,0.7173620288174447f,0.8065618286569765f,-0.9688876902176752f,0.050652150038790096f,-0.1869666190690096f,0.35774328274965667f,0f,0f,0f,1f], start_interpolation: 0, interpolation_duration: 1 }
$data merge entity $(bone_1) { transformation: [-0.16405186745173153f,-0.2954319886126023f,0.9295817219748532f,-0.11154993076969433f,-0.10297622020643854f,0.9435564508289178f,0.28110071064327957f,1.1201966431703378f,-0.9698575477654406f,-0.05021119599789474f,-0.18708552254546382f,0.3398750105543564f,0f,0f,0f,1f], start_interpolation: 0, interpolation_duration: 1 }
$data merge entity $(bone_4) { transformation: [-0.0877475858167192f,-0.2190055305038689f,-0.9640328845877615f,-0.13754054299346435f,-0.2009279898005656f,0.9534178071195756f,-0.20867679016471918f,0.8691107208800783f,0.9638562210488573f,0.175941888061f,-0.12806352308131824f,-0.43889765887385335f,0f,0f,0f,1f], start_interpolation: 0, interpolation_duration: 1 }
$data merge entity $(bone_3) { transformation: [-0.08783542123795715f,0.3732434101513312f,-0.9154300528912553f,-0.013424235719033645f,-0.20112911891948507f,0.9008111578546819f,0.37562052069962576f,1.1494280035220585f,0.9648210420909482f,0.21757603887584864f,-0.004059707571239302f,-0.37048641192677684f,0f,0f,0f,1f], start_interpolation: 0, interpolation_duration: 1 }
$data merge entity $(bone_8) { transformation: [-0.03409629871978387f,0.07731934038820953f,-0.9963490260584895f,0.07294753815386273f,-0.00039823009657442843f,0.9960367977985258f,0.07783065503703601f,0.36741415894202273f,0.9984179027639807f,0.0030391327601316364f,-0.033987694550207795f,0.14016352949426042f,0f,0f,0f,1f], start_interpolation: 0, interpolation_duration: 1 }
$data merge entity $(bone_7) { transformation: [-0.03409629871978387f,-0.7817876491872722f,-0.6224931595640286f,-0.18977253289673746f,-0.00039823009657442843f,0.6227415981083047f,-0.7812424818311855f,0.5088409965390555f,0.9984179027639807f,-0.02644342771054384f,-0.02156721678124398f,0.1312500142127846f,0f,0f,0f,1f], start_interpolation: 0, interpolation_duration: 1 }