# This file was generated by Animated Java via MC-Build. It is not recommended to edit this file directly.
$data merge entity $(bone_layer) { transformation: [-4.367130975978189e-8f,0.9073617086745759f,-0.4227241767762426f,0.009733822590878738f,1.2936031295883403e-8f,0.42272417677624347f,0.9073617086745764f,1.0778636012820932f,1.001100099999999f,3.411976595262132e-8f,-3.016539296737157e-8f,1.6486936894848037e-8f,0f,0f,0f,1f], start_interpolation: 0, interpolation_duration: 1 }
$data merge entity $(bone_l_1) { transformation: [-3.272076155827814e-8f,0.6798414400658661f,-0.4223018749013413f,0.22229100066331908f,9.692331140771782e-9f,0.31672640617600667f,0.9064552534211554f,0.9028144734798131f,0.7500749999999994f,2.556426020426173e-8f,-3.0135257709661916e-8f,0.1218872155213394f,0f,0f,0f,1f], start_interpolation: 0, interpolation_duration: 1 }
$data merge entity $(bone_eye_l) { transformation: [-4.3627682077704185e-8f,0.9064552534211548f,-0.4223018749013413f,0.009733822590878738f,1.2923108187695709e-8f,0.4223018749013422f,0.9064552534211554f,1.0778636012820932f,1.000099999999999f,3.4085680272348974e-8f,-3.0135257709661916e-8f,1.6486936894848037e-8f,0f,0f,0f,1f], start_interpolation: 0, interpolation_duration: 1 }
$data merge entity $(bone_r_1) { transformation: [-3.272076155827814e-8f,0.6798414400658661f,-0.4223018749013413f,0.22229101129756662f,9.692331140771782e-9f,0.31672640617600667f,0.9064552534211554f,0.9028144703298054f,0.7500749999999994f,2.556426020426173e-8f,-3.0135257709661916e-8f,-0.12188715947866037f,0f,0f,0f,1f], start_interpolation: 0, interpolation_duration: 1 }
$data merge entity $(bone_eye_r) { transformation: [-4.3627682077704185e-8f,0.9064552534211548f,-0.4223018749013413f,0.22531697004965195f,1.2923108187695709e-8f,0.4223018749013422f,0.9064552534211554f,0.9111192023414364f,1.000099999999999f,3.4085680272348974e-8f,-3.0135257709661916e-8f,-0.12501247195397022f,0f,0f,0f,1f], start_interpolation: 0, interpolation_duration: 1 }
$data merge entity $(bone_eyes_down) { transformation: [-4.3627682077704185e-8f,0.9064552534211548f,-0.4223018749013413f,0.03806054926028983f,1.2923108187695709e-8f,0.4223018749013422f,0.9064552534211554f,1.0910605348727602f,1.000099999999999f,3.4085680272348974e-8f,-3.0135257709661916e-8f,1.7552114403358943e-8f,0f,0f,0f,1f], start_interpolation: 0, interpolation_duration: 1 }
$data merge entity $(bone_bone) { transformation: [-4.3627682077704185e-8f,0.9064552534211548f,-0.4223018749013413f,0.009733822590878738f,1.2923108187695709e-8f,0.4223018749013422f,0.9064552534211554f,1.0778636012820932f,1.000099999999999f,3.4085680272348974e-8f,-3.0135257709661916e-8f,1.6486936894848037e-8f,0f,0f,0f,1f], start_interpolation: 0, interpolation_duration: 1 }
$data merge entity $(bone_l) { transformation: [-0.1574043458580786f,0.6695131153139486f,-0.4223018749013413f,0.3233174409341176f,-0.07333193827516893f,0.31191462206888065f,0.9064552534211554f,0.941262212740646f,0.984906227868592f,0.1302491820394043f,-3.0135257709661916e-8f,0.12501253193163353f,0f,0f,0f,1f], start_interpolation: 0, interpolation_duration: 1 }
$data merge entity $(bone_r) { transformation: [0.15740425992831952f,0.6695131266777499f,-0.4223018749013413f,0.3233174518410381f,0.07333196372872319f,0.3119146187027694f,0.9064552534211554f,0.941262209509869f,0.9849062397064245f,-0.130249131687641f,-3.0135257709661916e-8f,-0.12501246806836624f,0f,0f,0f,1f], start_interpolation: 0, interpolation_duration: 1 }
$data merge entity $(bone_sad) { transformation: [-1.3088304623311255e-7f,0.6073250197921738f,-0.21115093745067065f,0.16925980493791132f,3.876932456308713e-8f,0.2829422561838993f,0.4532276267105777f,0.87638440676931f,3.0002999999999975f,2.2837405782473815e-8f,-1.5067628854830958e-8f,0.1406390885494671f,0f,0f,0f,1f], start_interpolation: 0, interpolation_duration: 1 }
$data merge entity $(bone_head) { transformation: [-4.3627682077704185e-8f,0.9064552534211548f,-0.4223018749013413f,0.009733822590878738f,1.2923108187695709e-8f,0.4223018749013422f,0.9064552534211554f,1.0778636012820932f,1.000099999999999f,3.4085680272348974e-8f,-3.0135257709661916e-8f,1.6486936894848037e-8f,0f,0f,0f,1f], start_interpolation: 0, interpolation_duration: 1 }
$data merge entity $(bone_6) { transformation: [0.019905379873038722f,0.9588095178598194f,-0.2798325094529501f,-0.13764677966943423f,-0.03374658726390718f,0.2808261663398597f,0.9591551814138034f,0.19643371288711048f,0.9982314078910509f,-0.009625566651732604f,0.038005602839974936f,-0.1605714113632786f,0f,0f,0f,1f], start_interpolation: 0, interpolation_duration: 1 }
$data merge entity $(bone_12) { transformation: [0.019905379873038722f,0.09262184410446098f,-0.9945064700040939f,-0.17181223982940233f,-0.03374658726390718f,0.9951935229384034f,0.09182510351498874f,0.48368411807505074f,0.9982314078910509f,0.03179694790603065f,0.022935376265891757f,-0.15017923451301757f,0f,0f,0f,1f], start_interpolation: 0, interpolation_duration: 1 }
$data merge entity $(bone_10) { transformation: [-4.357969642598388e-8f,-0.05482691589731392f,-0.9974973775748035f,-0.19337272499223782f,1.2908894190089004e-8f,0.9984958734482525f,-0.05477208898141728f,0.8420574262694309f,0.9989999999999991f,-1.5294112016093454e-8f,-4.280639222784637e-8f,-0.013249989326201006f,0f,0f,0f,1f], start_interpolation: 0, interpolation_duration: 1 }
$data merge entity $(bone_9) { transformation: [-4.362331974572961e-8f,0.5922533054740908f,-0.8057518365818422f,0.004296305415006852f,1.29218160060951e-8f,0.8057518365818431f,0.5922533054740908f,1.0846009173032243f,0.9999999999999991f,1.5424278379787295e-8f,-4.2802558256713625e-8f,-0.01324998383732404f,0f,0f,0f,1f], start_interpolation: 0, interpolation_duration: 1 }
$data merge entity $(item_display_item_display) { transformation: [-0.0000031837347894434302f,0.000009345672018026485f,5.753572522221598e-7f,-0.7000937376786321f,0.000001586950665514685f,-6.579237496507074e-8f,0.000009771128773116863f,0.4886875858065289f,0.00000922115939066257f,0.000003227488648137871f,-0.0000014797550467091385f,2.193869750023983f,0f,0f,0f,1f], start_interpolation: 0, interpolation_duration: 1 }
$data merge entity $(bone_2) { transformation: [-0.2587259569942123f,-0.6495218062692603f,0.6994785120469034f,-0.030151635075418362f,-0.12497604236431119f,0.7425461641935767f,0.6426376649391883f,0.7780899351549875f,-0.9453186471729855f,0.07960032341152035f,-0.27640157130715237f,0.3587323766096301f,0f,0f,0f,1f], start_interpolation: 0, interpolation_duration: 1 }
$data merge entity $(bone_1) { transformation: [-0.25898494193614846f,-0.2015270421691521f,0.9330249819319872f,-0.09017803503977828f,-0.125101143507819f,0.9665465783754649f,0.17362513121022516f,1.097941932990219f,-0.9462649120850706f,-0.07262618746178395f,-0.27831542717400215f,0.3328750118690019f,0f,0f,0f,1f], start_interpolation: 0, interpolation_duration: 1 }
$data merge entity $(bone_4) { transformation: [-0.0774221314345874f,-0.21236948493104885f,-0.9663579157861688f,-0.1447573138022721f,-0.17333041154504578f,0.9591935935074407f,-0.20723967957228434f,0.8468548853499696f,0.9700457835827259f,0.15165435649809977f,-0.11111486616674623f,-0.43756722919339053f,0f,0f,0f,1f], start_interpolation: 0, interpolation_duration: 1 }
$data merge entity $(bone_3) { transformation: [-0.07749963106565305f,0.3780044393955998f,-0.9143637478212298f,-0.01877870138742707f,-0.17350391546050628f,0.9055530061808345f,0.37811954143074117f,1.1285840527506417f,0.971016800383109f,0.18795003273426264f,-0.004510268650121066f,-0.37844520117872765f,0f,0f,0f,1f], start_interpolation: 0, interpolation_duration: 1 }
$data merge entity $(bone_8) { transformation: [-0.04004433267241959f,0.03990127921936548f,-0.9983509677862067f,0.06957073927362034f,-0.005042979725336835f,0.9982135563546625f,0.04052868322316722f,0.378204132307692f,0.9981843740058921f,0.006645129415547655f,-0.039839331128953714f,0.14140650972092983f,0f,0f,0f,1f], start_interpolation: 0, interpolation_duration: 1 }
$data merge entity $(bone_7) { transformation: [-0.04004433267241959f,-0.8125685024160139f,-0.5814027827972564f,-0.19960987491542126f,-0.005042979725336835f,0.5818517661077985f,-0.8121092294336165f,0.5049267314890749f,0.9981843740058921f,-0.02965185430898132f,-0.027424397637701048f,0.1312500147580548f,0f,0f,0f,1f], start_interpolation: 0, interpolation_duration: 1 }