# This file was generated by Animated Java via MC-Build. It is not recommended to edit this file directly.
$data merge entity $(bone_layer) { transformation: [-4.7185252203526575e-8f,0.9406323134066934f,-0.34236216346899373f,0.003546001323975756f,1.4877452825722568e-8f,0.3423621634689946f,0.9406323134066941f,1.053474332168633f,1.0011000999999986f,3.92473200011735e-8f,-3.011552776126238e-8f,1.6988380529149468e-8f,0f,0f,0f,1f], start_interpolation: 0, interpolation_duration: 1 }
$data merge entity $(bone_l_1) { transformation: [-3.5353585567077855e-8f,0.7047694655894307f,-0.3420201433256681f,0.2001051236548153f,1.1146942676615312e-8f,0.25651510749425177f,0.9396926207859082f,0.8606343405234353f,0.7500749999999989f,2.940608391696317e-8f,-3.008544231894344e-8f,0.12188721661869573f,0f,0f,0f,1f], start_interpolation: 0, interpolation_duration: 1 }
$data merge entity $(bone_eye_l) { transformation: [-4.713811408943714e-8f,0.9396926207859075f,-0.3420201433256681f,0.003546001323975756f,1.4862590235487083e-8f,0.342020143325669f,0.9396926207859082f,1.053474332168633f,1.0000999999999987f,3.920811188928422e-8f,-3.008544231894344e-8f,1.6988380529149468e-8f,0f,0f,0f,1f], start_interpolation: 0, interpolation_duration: 1 }
$data merge entity $(bone_r_1) { transformation: [-3.5353585567077855e-8f,0.7047694655894307f,-0.3420201433256681f,0.20010513514473058f,1.1146942676615312e-8f,0.25651510749425177f,0.9396926207859082f,0.8606343369006789f,0.7500749999999989f,2.940608391696317e-8f,-3.008544231894344e-8f,-0.12188715838130396f,0f,0f,0f,1f], start_interpolation: 0, interpolation_duration: 1 }
$data merge entity $(bone_eye_r) { transformation: [-4.713811408943714e-8f,0.9396926207859075f,-0.3420201433256681f,0.2038405882761637f,1.4862590235487083e-8f,0.342020143325669f,0.9396926207859082f,0.8686450416299307f,1.0000999999999987f,3.920811188928422e-8f,-3.008544231894344e-8f,-0.12501247082428726f,0f,0f,0f,1f], start_interpolation: 0, interpolation_duration: 1 }
$data merge entity $(bone_eyes_down) { transformation: [-4.713811408943714e-8f,0.9396926207859075f,-0.3420201433256681f,0.03291139572353537f,1.4862590235487083e-8f,0.342020143325669f,0.9396926207859082f,1.0641624616475602f,1.0000999999999987f,3.920811188928422e-8f,-3.008544231894344e-8f,1.82136340256896e-8f,0f,0f,0f,1f], start_interpolation: 0, interpolation_duration: 1 }
$data merge entity $(bone_bone) { transformation: [-4.713811408943714e-8f,0.9396926207859075f,-0.3420201433256681f,0.003546001323975756f,1.4862590235487083e-8f,0.342020143325669f,0.9396926207859082f,1.053474332168633f,1.0000999999999987f,3.920811188928422e-8f,-3.008544231894344e-8f,1.6988380529149468e-8f,0f,0f,0f,1f], start_interpolation: 0, interpolation_duration: 1 }
$data merge entity $(bone_l) { transformation: [-0.16317595758851486f,0.6940624276596562f,-0.3420201433256681f,0.3040877665557211f,-0.05939115997709065f,0.25261806856074537f,0.9396926207859082f,0.8901670386722897f,0.9849062269790908f,0.13024918582286202f,-3.008544231894344e-8f,0.1250125335808628f,0f,0f,0f,1f], start_interpolation: 0, interpolation_duration: 1 }
$data merge entity $(bone_r) { transformation: [0.16317586474455445f,0.6940624399378276f,-0.3420201433256681f,0.30408777834024964f,0.05939118925067884f,0.25261806468945275f,0.9396926207859082f,0.8901670349566422f,0.9849062405959251f,-0.13024912790418317f,-3.008544231894344e-8f,-0.12501246641913685f,0f,0f,0f,1f], start_interpolation: 0, interpolation_duration: 1 }
$data merge entity $(bone_sad) { transformation: [-1.4141434226831142e-7f,0.629594055926558f,-0.17101007166283405f,0.14517156204575385f,4.458777070646125e-8f,0.22915349602819823f,0.4698463103929541f,0.8389773820663797f,3.0002999999999957f,2.6269434965820432e-8f,-1.504272115947172e-8f,0.1406390893513365f,0f,0f,0f,1f], start_interpolation: 0, interpolation_duration: 1 }
$data merge entity $(bone_head) { transformation: [-4.713811408943714e-8f,0.9396926207859075f,-0.3420201433256681f,0.003546001323975756f,1.4862590235487083e-8f,0.342020143325669f,0.9396926207859082f,1.053474332168633f,1.0000999999999987f,3.920811188928422e-8f,-3.008544231894344e-8f,1.6988380529149468e-8f,0f,0f,0f,1f], start_interpolation: 0, interpolation_duration: 1 }
$data merge entity $(bone_6) { transformation: [0.029338763943894914f,0.9687002403791255f,-0.2424489427499038f,-0.1349506306728757f,-0.009404028502652043f,0.24324829336191306f,0.9699073890814479f,0.18566066931275593f,0.9985248125000027f,-0.026171561761646752f,0.016258172885053924f,-0.15416990192306876f,0f,0f,0f,1f], start_interpolation: 0, interpolation_duration: 1 }
$data merge entity $(bone_12) { transformation: [0.029338763943894914f,0.10348751263464864f,-0.9932028897862789f,-0.1679199483560232f,-0.009404028502652043f,0.9946106325249294f,0.10314923793530659f,0.47184173708134897f,0.9985248125000027f,0.006326483782771697f,0.03015384608222175f,-0.15050596297902535f,0f,0f,0f,1f], start_interpolation: 0, interpolation_duration: 1 }
$data merge entity $(bone_10) { transformation: [-4.7086267348612845e-8f,-0.08998252253097155f,-0.9949474012483418f,-0.205542980010028f,1.4846243020949501e-8f,0.9959433445929355f,-0.08989254000844127f,0.8239090460975842f,0.9989999999999988f,-1.904200000547982e-8f,-4.5559352155469044e-8f,-0.01562498945510062f,0f,0f,0f,1f], start_interpolation: 0, interpolation_duration: 1 }
$data merge entity $(bone_9) { transformation: [-4.7133400749362204e-8f,0.606507496375884f,-0.7950777677937265f,-0.0035862972707872663f,1.4861104125074576e-8f,0.7950777677937276f,0.6065074963758841f,1.0628941689022509f,0.9999999999999988f,1.6771027392413768e-8f,-4.648809006242362e-8f,-0.015624983487778151f,0f,0f,0f,1f], start_interpolation: 0, interpolation_duration: 1 }
$data merge entity $(item_display_item_display) { transformation: [-0.000002503505434702677f,0.000009495845021245891f,0.0000011652779624071043f,-0.611407205520715f,0.000002062820549130033f,-6.452280028872906e-7f,0.000009660736766741023f,0.5645817934829102f,0.00000933602208957282f,0.000002678543565075697f,-0.0000018190255804674808f,2.2407295988458467f,0f,0f,0f,1f], start_interpolation: 0, interpolation_duration: 1 }
$data merge entity $(bone_2) { transformation: [-0.3233362575750525f,-0.5901577115713925f,0.7246601883627635f,-0.03477699246168077f,-0.132039794935696f,0.7889867345785404f,0.5831631434781177f,0.7549058213091973f,-0.92423191557708f,0.09374458697817019f,-0.3368306698253078f,0.36147659022229256f,0f,0f,0f,1f], start_interpolation: 0, interpolation_duration: 1 }
$data merge entity $(bone_1) { transformation: [-0.3236599174925451f,-0.1294062641469502f,0.9255660602705074f,-0.0709631509188765f,-0.1321719669025986f,0.9769653136918303f,0.09010047222524244f,1.0769669776312043f,-0.9251570726497297f,-0.09430161527011767f,-0.33667514473171306f,0.32812501312738457f,0f,0f,0f,1f], start_interpolation: 0, interpolation_duration: 1 }
$data merge entity $(bone_4) { transformation: [-0.07179762315420546f,-0.199052317780548f,-0.9696560612384308f,-0.14516050182712087f,-0.15633116298378802f,0.964292003034027f,-0.1967107075859411f,0.8191168833247453f,0.973328899932053f,0.137490031247305f,-0.10022759949155492f,-0.43781135975034213f,0f,0f,0f,1f], start_interpolation: 0, interpolation_duration: 1 }
$data merge entity $(bone_3) { transformation: [-0.07186949264685231f,0.38881722254968315f,-0.9103163569655254f,-0.015440865766838965f,-0.15648765063442244f,0.90457387060637f,0.3876858034678954f,1.1004000357316868f,0.9743032031351881f,0.17009620255918564f,-0.004045029934243674f,-0.3842890722660483f,0f,0f,0f,1f], start_interpolation: 0, interpolation_duration: 1 }
$data merge entity $(bone_8) { transformation: [-0.04470688553675457f,0.02167956040883301f,-0.9987275049629958f,0.06782272550398127f,-0.007183115840438209f,0.9987594509453315f,0.022373490240173544f,0.37961347102147214f,0.9979733072410556f,0.008161147993876045f,-0.04457268785838539f,0.14261886541431282f,0f,0f,0f,1f], start_interpolation: 0, interpolation_duration: 1 }
$data merge entity $(bone_7) { transformation: [-0.04470688553675457f,-0.8306698150670397f,-0.5549002530596117f,-0.20480172802882735f,-0.007183115840438209f,0.5555026721071559f,-0.8303239098086703f,0.49660195084690184f,0.9979733072410556f,-0.03320724203588005f,-0.030831930135323753f,0.1312500154439821f,0f,0f,0f,1f], start_interpolation: 0, interpolation_duration: 1 }