# This file was generated by Animated Java via MC-Build. It is not recommended to edit this file directly.
$data merge entity $(bone_layer) { transformation: [-4.7185252203526575e-8f,0.9421725254449015f,-0.33810047662902537f,-0.0014893758998204554f,1.4877452825722568e-8f,0.3381004766290263f,0.9421725254449022f,1.0505638817334577f,1.0011000999999986f,3.938324880408817e-8f,-2.99375492191523e-8f,1.6787367446714775e-8f,0f,0f,0f,1f], start_interpolation: 0, interpolation_duration: 1 }
$data merge entity $(bone_l_1) { transformation: [-3.5353585567077855e-8f,0.705923470613063f,-0.3377627139151103f,0.1941947587739088f,1.1146942676615312e-8f,0.25332203543633347f,0.9412312941507515f,0.856836056181678f,0.7500749999999989f,2.9507928674391736e-8f,-2.990764157757473e-8f,0.12188721638963568f,0f,0f,0f,1f], start_interpolation: 0, interpolation_duration: 1 }
$data merge entity $(bone_eye_l) { transformation: [-4.713811408943714e-8f,0.9412312941507508f,-0.3377627139151103f,-0.0014893758998204554f,1.4862590235487083e-8f,0.33776271391511126f,0.9412312941507515f,1.0505638817334577f,1.0000999999999987f,3.934390489918898e-8f,-2.990764157757473e-8f,1.6787367446714775e-8f,0f,0f,0f,1f], start_interpolation: 0, interpolation_duration: 1 }
$data merge entity $(bone_r_1) { transformation: [-3.5353585567077855e-8f,0.705923470613063f,-0.3377627139151103f,0.1941947702638241f,1.1146942676615312e-8f,0.25332203543633347f,0.9412312941507515f,0.8568360525589217f,0.7500749999999989f,2.9507928674391736e-8f,-2.990764157757473e-8f,-0.121887158610364f,0f,0f,0f,1f], start_interpolation: 0, interpolation_duration: 1 }
$data merge entity $(bone_eye_r) { transformation: [-4.713811408943714e-8f,0.9412312941507508f,-0.3377627139151103f,0.19796644903760344f,1.4862590235487083e-8f,0.33776271391511126f,0.9412312941507515f,0.8648297650628878f,1.0000999999999987f,3.934390489918898e-8f,-2.990764157757473e-8f,-0.12501247105138735f,0f,0f,0f,1f], start_interpolation: 0, interpolation_duration: 1 }
$data merge entity $(bone_eyes_down) { transformation: [-4.713811408943714e-8f,0.9412312941507508f,-0.3377627139151103f,0.027924102042390507f,1.4862590235487083e-8f,0.33776271391511126f,0.9412312941507515f,1.061118966543305f,1.0000999999999987f,3.934390489918898e-8f,-2.990764157757473e-8f,1.801686447481443e-8f,0f,0f,0f,1f], start_interpolation: 0, interpolation_duration: 1 }
$data merge entity $(bone_bone) { transformation: [-4.713811408943714e-8f,0.9412312941507508f,-0.3377627139151103f,-0.0014893758998204554f,1.4862590235487083e-8f,0.33776271391511126f,0.9412312941507515f,1.0505638817334577f,1.0000999999999987f,3.934390489918898e-8f,-2.990764157757473e-8f,1.6787367446714775e-8f,0f,0f,0f,1f], start_interpolation: 0, interpolation_duration: 1 }
$data merge entity $(bone_l) { transformation: [-0.16344314541434454f,0.6951989007539444f,-0.3377627139151103f,0.29831002872969176f,-0.0586518651184017f,0.24947350644218075f,0.9412312941507515f,0.8858977293365439f,0.9849062269555106f,0.13024918592315954f,-2.990764157757473e-8f,0.12501253336505389f,0f,0f,0f,1f], start_interpolation: 0, interpolation_duration: 1 }
$data merge entity $(bone_r) { transformation: [0.16344305257038413f,0.6951989130321158f,-0.3377627139151103f,0.2983100405142203f,0.058651894391989895f,0.24947350257088818f,0.9412312941507515f,0.8858977256208963f,0.9849062406195054f,-0.13024912780388564f,-2.990764157757473e-8f,-0.12501246663494578f,0f,0f,0f,1f], start_interpolation: 0, interpolation_duration: 1 }
$data merge entity $(bone_sad) { transformation: [-1.4141434226831142e-7f,0.630624967081003f,-0.16888135695755516f,0.13935279429705932f,4.458777070646125e-8f,0.22630101832312455f,0.47061564707537573f,0.8354958496648137f,3.0002999999999957f,2.636041628245662e-8f,-1.4953820788787364e-8f,0.14063908912188644f,0f,0f,0f,1f], start_interpolation: 0, interpolation_duration: 1 }
$data merge entity $(bone_head) { transformation: [-4.713811408943714e-8f,0.9412312941507508f,-0.3377627139151103f,-0.0014893758998204554f,1.4862590235487083e-8f,0.33776271391511126f,0.9412312941507515f,1.0505638817334577f,1.0000999999999987f,3.934390489918898e-8f,-2.990764157757473e-8f,1.6787367446714775e-8f,0f,0f,0f,1f], start_interpolation: 0, interpolation_duration: 1 }
$data merge entity $(bone_6) { transformation: [0.03102337027259245f,0.9679873256069381f,-0.2450701761416274f,-0.1324928291495168f,-0.005663044510171951f,0.24579007461871927f,0.9692960606878441f,0.18246974724116316f,0.9985021183872398f,-0.028681270236073496f,0.013111709340754146f,-0.15322905620124508f,0f,0f,0f,1f], start_interpolation: 0, interpolation_duration: 1 }
$data merge entity $(bone_12) { transformation: [0.03102337027259245f,0.10078052774652588f,-0.9934294836559324f,-0.16623764844930217f,-0.005663044510171951f,0.9949055121343383f,0.10055165821983442f,0.4685714011676855f,0.9985021183872398f,0.0025114043564922394f,0.031436046703574014f,-0.15055797080700825f,0f,0f,0f,1f], start_interpolation: 0, interpolation_duration: 1 }
$data merge entity $(bone_10) { transformation: [-4.7086267348612845e-8f,-0.09942983718145681f,-0.9940495310480352f,-0.20968031697734119f,1.4846243020949501e-8f,0.9950445756236597f,-0.09933040734427612f,0.8215514983084453f,0.9989999999999988f,-1.947392737333907e-8f,-4.537677535064423e-8f,-0.01597752868450275f,0f,0f,0f,1f], start_interpolation: 0, interpolation_duration: 1 }
$data merge entity $(bone_9) { transformation: [-4.7133400749362204e-8f,0.6059242535201554f,-0.7955223434926516f,-0.00789895113521994f,1.4861104125074576e-8f,0.7955223434926528f,0.6059242535201556f,1.060684664188647f,0.9999999999999988f,1.673693028744411e-8f,-4.650037679419747e-8f,-0.015977522727643648f,0f,0f,0f,1f], start_interpolation: 0, interpolation_duration: 1 }
$data merge entity $(item_display_item_display) { transformation: [-0.000002375271077785494f,0.000009517967210243446f,0.0000012493337444315384f,-0.5959562004336294f,0.0000020839877219310824f,-7.497834128526492e-7f,0.000009648676825310695f,0.567694052315366f,0.000009364782913573963f,0.0000025706249224226262f,-0.0000018272280602227851f,2.2457062508643024f,0f,0f,0f,1f], start_interpolation: 0, interpolation_duration: 1 }
$data merge entity $(bone_2) { transformation: [-0.33517822541269815f,-0.5804692353533054f,0.7270869942102073f,-0.03858040875885965f,-0.1279490950276422f,0.7952777259980616f,0.5754857186058754f,0.7529337349298789f,-0.9205813722704701f,0.10081192784338355f,-0.34471325935514324f,0.3601463882661916f,0f,0f,0f,1f], start_interpolation: 0, interpolation_duration: 1 }
$data merge entity $(bone_1) { transformation: [-0.33551373915185f,-0.11986193687910293f,0.922622970898121f,-0.07153891073503349f,-0.12807717219984205f,0.9783692894668105f,0.0802745739084125f,1.0747362099823565f,-0.9215028751456157f,-0.09233985875989892f,-0.34707870354567666f,0.3274199350014676f,0f,0f,0f,1f], start_interpolation: 0, interpolation_duration: 1 }
$data merge entity $(bone_4) { transformation: [-0.06606964231074278f,-0.1913325516136728f,-0.9715898376387313f,-0.15267524638248825f,-0.15062045595338638f,0.9664978067967972f,-0.19039169262497463f,0.8172077312296481f,0.9746025898634937f,0.1337697680370183f,-0.09253950318341547f,-0.4366261394050607f,0f,0f,0f,1f], start_interpolation: 0, interpolation_duration: 1 }
$data merge entity $(bone_3) { transformation: [-0.06613577808883161f,0.39426750332706395f,-0.9083766254864215f,-0.020884427260729768f,-0.15077122718056696f,0.9036510431919115f,0.39215022542616496f,1.0980989421131389f,0.9755781680315252f,0.16265875036649552f,-0.0002035173730437212f,-0.3854595071470773f,0f,0f,0f,1f], start_interpolation: 0, interpolation_duration: 1 }
$data merge entity $(bone_8) { transformation: [-0.045633435973889795f,0.016769228496986532f,-0.9987818432167054f,0.06707655288277303f,-0.0064098886612671685f,0.9988614689291722f,0.017425884560685778f,0.3763560931678291f,0.9979366350534442f,0.007183828574652117f,-0.045553210051295034f,0.14299733031428236f,0f,0f,0f,1f], start_interpolation: 0, interpolation_duration: 1 }
$data merge entity $(bone_7) { transformation: [-0.045633435973889795f,-0.833353962898487f,-0.5507881170514948f,-0.20610773890289785f,-0.0064098886612671685f,0.5513847180225826f,-0.833068297497404f,0.49199341906424904f,0.9979366350534442f,-0.034559319406988497f,-0.030534501487549194f,0.1312500154439821f,0f,0f,0f,1f], start_interpolation: 0, interpolation_duration: 1 }