# This file was generated by Animated Java via MC-Build. It is not recommended to edit this file directly.
$data merge entity $(bone_layer) { transformation: [-4.7185252203526575e-8f,0.9417476522588013f,-0.3392821237039076f,-0.008252217438190157f,1.4877452825722568e-8f,0.3392821237039086f,0.941747652258802f,1.0501801060188303f,1.0011000999999986f,3.9345662505776064e-8f,-2.9986930179587336e-8f,1.653857454395783e-8f,0f,0f,0f,1f], start_interpolation: 0, interpolation_duration: 1 }
$data merge entity $(bone_l_1) { transformation: [-3.5353585567077855e-8f,0.705605134060041f,-0.33894318052338424f,0.18767478612097027f,1.1146942676615312e-8f,0.25420738539253895f,0.9408068454133887f,0.8566979098599717f,0.7500749999999989f,2.947976711221983e-8f,-2.995697320638096e-8f,0.12188721614863969f,0f,0f,0f,1f], start_interpolation: 0, interpolation_duration: 1 }
$data merge entity $(bone_eye_l) { transformation: [-4.713811408943714e-8f,0.940806845413388f,-0.33894318052338424f,-0.008252217438190157f,1.4862590235487083e-8f,0.33894318052338523f,0.9408068454133887f,1.0501801060188303f,1.0000999999999987f,3.930635614962644e-8f,-2.995697320638096e-8f,1.653857454395783e-8f,0f,0f,0f,1f], start_interpolation: 0, interpolation_duration: 1 }
$data merge entity $(bone_r_1) { transformation: [-3.5353585567077855e-8f,0.705605134060041f,-0.33894318052338424f,0.1876747976108856f,1.1146942676615312e-8f,0.25420738539253895f,0.9408068454133887f,0.8566979062372153f,0.7500749999999989f,2.947976711221983e-8f,-2.995697320638096e-8f,-0.12188715885135998f,0f,0f,0f,1f], start_interpolation: 0, interpolation_duration: 1 }
$data merge entity $(bone_eye_r) { transformation: [-4.713811408943714e-8f,0.940806845413388f,-0.33894318052338424f,0.19143644566375473f,1.4862590235487083e-8f,0.33894318052338523f,0.9408068454133887f,0.8646963438528745f,1.0000999999999987f,3.930635614962644e-8f,-2.995697320638096e-8f,-0.12501247129292634f,0f,0f,0f,1f], start_interpolation: 0, interpolation_duration: 1 }
$data merge entity $(bone_eyes_down) { transformation: [-4.713811408943714e-8f,0.940806845413388f,-0.33894318052338424f,0.021147996480978218f,1.4862590235487083e-8f,0.33894318052338523f,0.9408068454133887f,1.0607720804101861f,1.0000999999999987f,3.930635614962644e-8f,-2.995697320638096e-8f,1.7766898173633655e-8f,0f,0f,0f,1f], start_interpolation: 0, interpolation_duration: 1 }
$data merge entity $(bone_bone) { transformation: [-4.713811408943714e-8f,0.940806845413388f,-0.33894318052338424f,-0.008252217438190157f,1.4862590235487083e-8f,0.33894318052338523f,0.9408068454133887f,1.0501801060188303f,1.0000999999999987f,3.930635614962644e-8f,-2.995697320638096e-8f,1.653857454395783e-8f,0f,0f,0f,1f], start_interpolation: 0, interpolation_duration: 1 }
$data merge entity $(bone_l) { transformation: [-0.16336944066458847f,0.694885400448461f,-0.33894318052338424f,0.2917535175926335f,-0.058856850993725146f,0.25034540594318094f,0.9408068454133887f,0.8858901680768028f,0.9849062269620309f,0.1302491858954258f,-2.995697320638096e-8f,0.12501253312039506f,0f,0f,0f,1f], start_interpolation: 0, interpolation_duration: 1 }
$data merge entity $(bone_r) { transformation: [0.16336934782062806f,0.6948854127266324f,-0.33894318052338424f,0.29175352937716204f,0.05885688026731334f,0.2503454020718883f,0.9408068454133887f,0.8858901643611552f,0.984906240612985f,-0.13024912783161938f,-2.995697320638096e-8f,-0.1250124668796046f,0f,0f,0f,1f], start_interpolation: 0, interpolation_duration: 1 }
$data merge entity $(bone_sad) { transformation: [-1.4141434226831142e-7f,0.63034058642697f,-0.16947159026169212f,0.13304526290554597f,4.458777070646125e-8f,0.22709193095066812f,0.47040342270669433f,0.8353557992181853f,3.0002999999999957f,2.6335258620249716e-8f,-1.497848660319048e-8f,0.14063908889093182f,0f,0f,0f,1f], start_interpolation: 0, interpolation_duration: 1 }
$data merge entity $(bone_head) { transformation: [-4.713811408943714e-8f,0.940806845413388f,-0.33894318052338424f,-0.008252217438190157f,1.4862590235487083e-8f,0.33894318052338523f,0.9408068454133887f,1.0501801060188303f,1.0000999999999987f,3.930635614962644e-8f,-2.995697320638096e-8f,1.653857454395783e-8f,0f,0f,0f,1f], start_interpolation: 0, interpolation_duration: 1 }
$data merge entity $(bone_6) { transformation: [0.032754478775147144f,0.9665374114942705f,-0.2505028653409971f,-0.12983976754759594f,-0.0025349074848416073f,0.2511472626127819f,0.9679362152416602f,0.18028464306289793f,0.998459672878285f,-0.031069651481218916f,0.01067516278555792f,-0.1525273247217055f,0f,0f,0f,1f], start_interpolation: 0, interpolation_duration: 1 }
$data merge entity $(bone_12) { transformation: [0.032754478775147144f,0.09517956996223037f,-0.9939250992020975f,-0.16519083219584973f,-0.0025349074848416073f,0.9954599416087018f,0.09505245365924628f,0.4661985299940482f,0.998459672878285f,-0.0005950749574079551f,0.03284704293323275f,-0.15064174937014943f,0f,0f,0f,1f], start_interpolation: 0, interpolation_duration: 1 }
$data merge entity $(bone_10) { transformation: [-4.7086267348612845e-8f,-0.11076560512730677f,-0.9928527113778352f,-0.2145596306063143f,1.4846243020949501e-8f,0.9938465579357717f,-0.11065483952218019f,0.8215142911494933f,0.9989999999999988f,-1.9990416800736452e-8f,-4.5152071604167696e-8f,-0.01625780228716897f,0f,0f,0f,1f], start_interpolation: 0, interpolation_duration: 1 }
$data merge entity $(bone_9) { transformation: [-4.7133400749362204e-8f,0.6037896856641087f,-0.7971436605064576f,-0.01341998414086696f,1.4861104125074576e-8f,0.7971436605064588f,0.6037896856641088f,1.06118747121926f,0.9999999999999988f,1.661222628443094e-8f,-4.65450729435884e-8f,-0.016257796368581493f,0f,0f,0f,1f], start_interpolation: 0, interpolation_duration: 1 }
$data merge entity $(item_display_item_display) { transformation: [-0.0000022663135479512764f,0.000009539716586189332f,0.0000012847051653436334f,-0.5817399292466193f,0.00000207112898443455f,-8.103279148550852e-7f,0.000009646580665449677f,0.5664400559380871f,0.000009394590154375984f,0.0000024696484767734517f,-0.0000018137187685637493f,2.2490433822708895f,0f,0f,0f,1f], start_interpolation: 0, interpolation_duration: 1 }
$data merge entity $(bone_2) { transformation: [-0.34541586688917325f,-0.5749008790697157f,0.7267084891406659f,-0.04289806075526841f,-0.1234970196963212f,0.7982364198325876f,0.5723585899825715f,0.7538131308296685f,-0.9173994995136561f,0.1090038382513191f,-0.35066644682412096f,0.3583138193329136f,0f,0f,0f,1f], start_interpolation: 0, interpolation_duration: 1 }
$data merge entity $(bone_1) { transformation: [-0.34576162851769093f,-0.11529503977548719f,0.9194146522366337f,-0.07427470835362382f,-0.12362064033665786f,0.979280113340966f,0.0760670565283632f,1.075231992112754f,-0.918317817330987f,-0.08841670327530611f,-0.3564144781903511f,0.3268593880544118f,0f,0f,0f,1f], start_interpolation: 0, interpolation_duration: 1 }
$data merge entity $(bone_4) { transformation: [-0.060139961886530494f,-0.18493553332065538f,-0.9731718007535523f,-0.16083996158589395f,-0.1459716965171106f,0.9682555619953263f,-0.18524512387729142f,0.8169807323658634f,0.9756626032392064f,0.13091941518178357f,-0.08509472432137585f,-0.43562685070195684f,0f,0f,0f,1f], start_interpolation: 0, interpolation_duration: 1 }
$data merge entity $(bone_3) { transformation: [-0.06020016204857907f,0.3984385916647891f,-0.9069240287580246f,-0.027376568737454754f,-0.14611781433144203f,0.9030465693317247f,0.3954004082868411f,1.0975875242851771f,0.9766392424816881f,0.156093894430686f,0.003962511871658275f,-0.3865484013460129f,0f,0f,0f,1f], start_interpolation: 0, interpolation_duration: 1 }
$data merge entity $(bone_8) { transformation: [-0.0465595682292501f,0.011859236437746667f,-0.9988111475925368f,0.0649953237069299f,-0.005635061181990211f,0.9989384483534207f,0.012476620530269766f,0.3736800753933622f,0.997898530625737f,0.00619543711872372f,-0.0465247474263165f,0.14337454957780324f,0f,0f,0f,1f], start_interpolation: 0, interpolation_duration: 1 }
$data merge entity $(bone_7) { transformation: [-0.0465595682292501f,-0.8360168147688035f,-0.5466628169793797f,-0.20874187477696837f,-0.005635061181990211f,0.5472519120907599f,-0.8357924589104663f,0.4879630122815961f,0.997898530625737f,-0.03590976806053278f,-0.030222907239597974f,0.1312500154439821f,0f,0f,0f,1f], start_interpolation: 0, interpolation_duration: 1 }