# This file was generated by Animated Java via MC-Build. It is not recommended to edit this file directly.
$data merge entity $(bone_layer) { transformation: [-4.7185252203526575e-8f,0.9395634108096494f,-0.3452848057296112f,-0.01640065920929168f,1.4877452825722568e-8f,0.3452848057296121f,0.9395634108096502f,1.0519350525802968f,1.0011000999999986f,3.9153505295886177e-8f,-3.023739675730851e-8f,1.6252136934279398e-8f,0f,0f,0f,1f], start_interpolation: 0, interpolation_duration: 1 }
$data merge entity $(bone_l_1) { transformation: [-3.5353585567077855e-8f,0.7039685895177195f,-0.3449398658637475f,0.18075702631158103f,1.1146942676615312e-8f,0.2587048993978113f,0.9386247860236266f,0.8597070681852504f,0.7500749999999989f,2.93357931787359e-8f,-3.020718956774077e-8f,0.12188721590156934f,0f,0f,0f,1f], start_interpolation: 0, interpolation_duration: 1 }
$data merge entity $(bone_eye_l) { transformation: [-4.713811408943714e-8f,0.938624786023626f,-0.3449398658637475f,-0.01640065920929168f,1.4862590235487083e-8f,0.3449398658637484f,0.9386247860236266f,1.0519350525802968f,1.0000999999999987f,3.91143909049812e-8f,-3.020718956774077e-8f,1.6252136934279398e-8f,0f,0f,0f,1f], start_interpolation: 0, interpolation_duration: 1 }
$data merge entity $(bone_r_1) { transformation: [-3.5353585567077855e-8f,0.7039685895177195f,-0.3449398658637475f,0.18075703780149635f,1.1146942676615312e-8f,0.2587048993978113f,0.9386247860236266f,0.8597070645624941f,0.7500749999999989f,2.93357931787359e-8f,-3.020718956774077e-8f,-0.12188715909843034f,0f,0f,0f,1f], start_interpolation: 0, interpolation_duration: 1 }
$data merge entity $(bone_eye_r) { transformation: [-4.713811408943714e-8f,0.938624786023626f,-0.3449398658637475f,0.1844675686998022f,1.4862590235487083e-8f,0.3449398658637484f,0.9386247860236266f,0.8677293435903446f,1.0000999999999987f,3.91143909049812e-8f,-3.020718956774077e-8f,-0.12501247154276032f,0f,0f,0f,1f], start_interpolation: 0, interpolation_duration: 1 }
$data merge entity $(bone_eyes_down) { transformation: [-4.713811408943714e-8f,0.938624786023626f,-0.3449398658637475f,0.012931365353946633f,1.4862590235487083e-8f,0.3449398658637484f,0.9386247860236266f,1.062714423388539f,1.0000999999999987f,3.91143909049812e-8f,-3.020718956774077e-8f,1.747446165006006e-8f,0f,0f,0f,1f], start_interpolation: 0, interpolation_duration: 1 }
$data merge entity $(bone_bone) { transformation: [-4.713811408943714e-8f,0.938624786023626f,-0.3449398658637475f,-0.01640065920929168f,1.4862590235487083e-8f,0.3449398658637484f,0.9386247860236266f,1.0519350525802968f,1.0000999999999987f,3.91143909049812e-8f,-3.020718956774077e-8f,1.6252136934279398e-8f,0f,0f,0f,1f], start_interpolation: 0, interpolation_duration: 1 }
$data merge entity $(bone_l) { transformation: [-0.16299053002799527f,0.6932737186950331f,-0.3449398658637475f,0.2846473536095071f,-0.0598981644751212f,0.2547745926048542f,0.9386247860236266f,0.8895628913793219f,0.9849062269953652f,0.13024918575363917f,-3.020718956774077e-8f,0.1250125328545833f,0f,0f,0f,1f], start_interpolation: 0, interpolation_duration: 1 }
$data merge entity $(bone_r) { transformation: [0.16299043718403486f,0.6932737309732044f,-0.3449398658637475f,0.2846473653940356f,0.059898193748709395f,0.25477458873356157f,0.9386247860236266f,0.8895628876636743f,0.9849062405796507f,-0.13024912797340601f,-3.020718956774077e-8f,-0.12501246714541636f,0f,0f,0f,1f], start_interpolation: 0, interpolation_duration: 1 }
$data merge entity $(bone_sad) { transformation: [-1.4141434226831142e-7f,0.6288786066358294f,-0.17246993293187374f,0.12644631511409798f,4.458777070646125e-8f,0.23110971012871145f,0.4693123930118133f,0.8380834874198557f,3.0002999999999957f,2.6206641906337406e-8f,-1.5103594783870386e-8f,0.14063908866307112f,0f,0f,0f,1f], start_interpolation: 0, interpolation_duration: 1 }
$data merge entity $(bone_head) { transformation: [-4.713811408943714e-8f,0.938624786023626f,-0.3449398658637475f,-0.01640065920929168f,1.4862590235487083e-8f,0.3449398658637484f,0.9386247860236266f,1.0519350525802968f,1.0000999999999987f,3.91143909049812e-8f,-3.020718956774077e-8f,1.6252136934279398e-8f,0f,0f,0f,1f], start_interpolation: 0, interpolation_duration: 1 }
$data merge entity $(bone_6) { transformation: [0.03449511308240495f,0.9644423425538536f,-0.258219401415915f,-0.12700691230860037f,0.00002073275599000137f,0.2587955008442525f,0.9659242546433863f,0.17900068228580418f,0.9984042701949871f,-0.03332709424943335f,0.008901485545830964f,-0.15204664211793556f,0f,0f,0f,1f], start_interpolation: 0, interpolation_duration: 1 }
$data merge entity $(bone_12) { transformation: [0.03449511308240495f,0.08721184217532318f,-0.9945955891530711f,-0.16464080601885767f,0.00002073275599000137f,0.9961851686173082f,0.08717732957893345f,0.4646263440581055f,0.9984042701949871f,-0.003033877270369489f,0.03436171190062547f,-0.15075231310643789f,0f,0f,0f,1f], start_interpolation: 0, interpolation_duration: 1 }
$data merge entity $(bone_10) { transformation: [-4.7086267348612845e-8f,-0.12349432946506805f,-0.991352932631937f,-0.21997927277351775f,1.4846243020949501e-8f,0.9923452779098476f,-0.12337083513560371f,0.8234555711061633f,0.9989999999999988f,-2.0568054186754268e-8f,-4.4892408197110874e-8f,-0.016471669635258097f,0f,0f,0f,1f], start_interpolation: 0, interpolation_duration: 1 }
$data merge entity $(bone_9) { transformation: [-4.7133400749362204e-8f,0.6003691791611114f,-0.799722982484192f,-0.019868232684354933f,1.4861104125074576e-8f,0.7997229824841932f,0.6003691791611114f,1.0639882347080813f,0.9999999999999988f,1.6412674608391084e-8f,-4.661581265673889e-8f,-0.016471663777925208f,0f,0f,0f,1f], start_interpolation: 0, interpolation_duration: 1 }
$data merge entity $(item_display_item_display) { transformation: [-0.0000021745923394899f,0.000009561808469871747f,0.0000012784958608274287f,-0.5686722073417887f,0.0000020292029719736994f,-8.32518224528951e-7f,0.000009653621692892334f,0.5613819315050335f,0.000009425367896907558f,0.000002375019929296352f,-0.000001780336544784216f,2.2508867238333052f,0f,0f,0f,1f], start_interpolation: 0, interpolation_duration: 1 }
$data merge entity $(bone_2) { transformation: [-0.35425623582129917f,-0.5729224553349759f,0.7240015378374471f,-0.04759982887998429f,-0.11877839678816536f,0.7983462402323028f,0.5732072958490595f,0.7570945102571698f,-0.9146473027996843f,0.11822597149394866f,-0.35485449107855704f,0.35602586574278133f,0f,0f,0f,1f], start_interpolation: 0, interpolation_duration: 1 }
$data merge entity $(bone_1) { transformation: [-0.35461084666796716f,-0.11500504070946252f,0.9160743459072853f,-0.0788004364248357f,-0.11889729408224761f,0.9798137023477732f,0.07673611926071292f,1.0780390353337301f,-0.9155628656653496f,-0.08269794013737049f,-0.3647740956692862f,0.3264316535480897f,0f,0f,0f,1f], start_interpolation: 0, interpolation_duration: 1 }
$data merge entity $(bone_4) { transformation: [-0.05411391010393153f,-0.17959780277093462f,-0.9744720092039033f,-0.16951202036095403f,-0.1422391628863196f,0.9696648401920394f,-0.1810299322839068f,0.81811196651615f,0.9765366645267082f,0.1288277530140955f,-0.07790360270694298f,-0.43477208111245996f,0f,0f,0f,1f], start_interpolation: 0, interpolation_duration: 1 }
$data merge entity $(bone_3) { transformation: [-0.054168078182113645f,0.4015844157985311f,-0.9058592740982411f,-0.03469546618758594f,-0.14238154443075035f,0.9026986008422022f,0.39768954565703585f,1.098521482018783f,0.9775141787054136f,0.15031767294475668f,0.008376064819183758f,-0.3875401801858288f,0f,0f,0f,1f], start_interpolation: 0, interpolation_duration: 1 }
$data merge entity $(bone_8) { transformation: [-0.047485290246064425f,0.006949721014383181f,-0.9988154249812032f,0.06181339969587668f,-0.004858633384864364f,0.9989903658588207f,0.007525829576202903f,0.3715385090976142f,0.9978589908524663f,0.005196039626362246f,-0.04748721350918195f,0.14375049206783014f,0f,0f,0f,1f], start_interpolation: 0, interpolation_duration: 1 }
$data merge entity $(bone_7) { transformation: [-0.047485290246064425f,-0.8386583029959611f,-0.5425244719074838f,-0.2124697606510389f,-0.004858633384864364f,0.5431043526054098f,-0.8384963037310358f,0.4844638554989431f,0.9978589908524663f,-0.03725847960293515f,-0.029897156592944167f,0.1312500154439821f,0f,0f,0f,1f], start_interpolation: 0, interpolation_duration: 1 }