# This file was generated by Animated Java via MC-Build. It is not recommended to edit this file directly.
$data merge entity $(bone_layer) { transformation: [-4.7185252203526575e-8f,0.9357605020724094f,-0.35546206937054453f,-0.02559283713128313f,1.4877452825722568e-8f,0.3554620693705454f,0.9357605020724101f,1.0554407689734049f,1.0011000999999986f,3.882301590016294e-8f,-3.066057038004304e-8f,1.5938189731080292e-8f,0f,0f,0f,1f], start_interpolation: 0, interpolation_duration: 1 }
$data merge entity $(bone_l_1) { transformation: [-3.5353585567077855e-8f,0.7011192572970101f,-0.35510696240813644f,0.17363959216905722f,1.1146942676615312e-8f,0.266330221806103f,0.9348256763960142f,0.8653639685911145f,0.7500749999999989f,2.908817375137084e-8f,-3.062994043960344e-8f,0.12188721565344289f,0f,0f,0f,1f], start_interpolation: 0, interpolation_duration: 1 }
$data merge entity $(bone_eye_l) { transformation: [-4.713811408943714e-8f,0.9348256763960134f,-0.35510696240813644f,-0.02559283713128313f,1.4862590235487083e-8f,0.3551069624081373f,0.9348256763960142f,1.0554407689734049f,1.0000999999999987f,3.878423166849445e-8f,-3.062994043960344e-8f,1.5938189731080292e-8f,0f,0f,0f,1f], start_interpolation: 0, interpolation_duration: 1 }
$data merge entity $(bone_r_1) { transformation: [-3.5353585567077855e-8f,0.7011192572970101f,-0.35510696240813644f,0.17363960365897252f,1.1146942676615312e-8f,0.266330221806103f,0.9348256763960142f,0.8653639649683582f,0.7500749999999989f,2.908817375137084e-8f,-3.062994043960344e-8f,-0.12188715934655676f,0f,0f,0f,1f], start_interpolation: 0, interpolation_duration: 1 }
$data merge entity $(bone_eye_r) { transformation: [-4.713811408943714e-8f,0.9348256763960134f,-0.35510696240813644f,0.17726284576870335f,1.4862590235487083e-8f,0.3551069624081373f,0.9348256763960142f,0.8734260439144386f,1.0000999999999987f,3.878423166849445e-8f,-3.062994043960344e-8f,-0.12501247179559244f,0f,0f,0f,1f], start_interpolation: 0, interpolation_duration: 1 }
$data merge entity $(bone_eyes_down) { transformation: [-4.713811408943714e-8f,0.9348256763960134f,-0.35510696240813644f,0.0036204652560922895f,1.4862590235487083e-8f,0.3551069624081373f,0.9348256763960142f,1.0665378615486591f,1.0000999999999987f,3.878423166849445e-8f,-3.062994043960344e-8f,1.7150196970720742e-8f,0f,0f,0f,1f], start_interpolation: 0, interpolation_duration: 1 }
$data merge entity $(bone_bone) { transformation: [-4.713811408943714e-8f,0.9348256763960134f,-0.35510696240813644f,-0.02559283713128313f,1.4862590235487083e-8f,0.3551069624081373f,0.9348256763960142f,1.0554407689734049f,1.0000999999999987f,3.878423166849445e-8f,-3.062994043960344e-8f,1.5938189731080292e-8f,0f,0f,0f,1f], start_interpolation: 0, interpolation_duration: 1 }
$data merge entity $(bone_l) { transformation: [-0.16233082156440345f,0.6904676742331709f,-0.35510696240813644f,0.2771997584020094f,-0.06166366226221808f,0.26228406923175757f,0.9348256763960142f,0.8963456124253437f,0.9849062270526968f,0.13024918550978162f,-3.062994043960344e-8f,0.12501253257416428f,0f,0f,0f,1f], start_interpolation: 0, interpolation_duration: 1 }
$data merge entity $(bone_r) { transformation: [0.16233072872044305f,0.6904676865113423f,-0.35510696240813644f,0.2771997701865379f,0.061663691535806274f,0.26228406536046495f,0.9348256763960142f,0.8963456087096962f,0.9849062405223191f,-0.13024912821726356f,-3.062994043960344e-8f,-0.12501246742583538f,0f,0f,0f,1f], start_interpolation: 0, interpolation_duration: 1 }
$data merge entity $(bone_sad) { transformation: [-1.4141434226831142e-7f,0.626333203185329f,-0.17755348120406822f,0.11974353961532874f,4.458777070646125e-8f,0.23792166481345203f,0.4674128381980071f,0.8432193447789147f,3.0002999999999957f,2.5985435217891285e-8f,-1.531497021980172e-8f,0.14063908844223225f,0f,0f,0f,1f], start_interpolation: 0, interpolation_duration: 1 }
$data merge entity $(bone_head) { transformation: [-4.713811408943714e-8f,0.9348256763960134f,-0.35510696240813644f,-0.02559283713128313f,1.4862590235487083e-8f,0.3551069624081373f,0.9348256763960142f,1.0554407689734049f,1.0000999999999987f,3.878423166849445e-8f,-3.062994043960344e-8f,1.5938189731080292e-8f,0f,0f,0f,1f], start_interpolation: 0, interpolation_duration: 1 }
$data merge entity $(bone_6) { transformation: [0.036208282867728786f,0.9617916504125874f,-0.2676915357758401f,-0.12401334995492988f,0.0020445184821492298f,0.2682093155543116f,0.963352250795508f,0.17850898553502903f,0.9983415148114129f,-0.03543194639899964f,0.007735889224796761f,-0.1517677122550161f,0f,0f,0f,1f], start_interpolation: 0, interpolation_duration: 1 }
$data merge entity $(bone_12) { transformation: [0.036208282867728786f,0.07740435730814083f,-0.9953444140593296f,-0.16445240034072336f,0.0020445184821492298f,0.9969879898371998f,0.07745156023775962f,0.4637525801916014f,0.9983415148114129f,-0.004849081365934537f,0.03594096851263828f,-0.1508852058571453f,0f,0f,0f,1f], start_interpolation: 0, interpolation_duration: 1 }
$data merge entity $(bone_10) { transformation: [-4.7086267348612845e-8f,-0.13712127369682536f,-0.9895637129487493f,-0.22573728805104562f,1.4846243020949501e-8f,0.9905542672159663f,-0.1369841524231294f,0.8270340002573231f,0.9989999999999988f,-2.1183722013347364e-8f,-4.460576726357146e-8f,-0.016624990100922128f,0f,0f,0f,1f], start_interpolation: 0, interpolation_duration: 1 }
$data merge entity $(bone_9) { transformation: [-4.7133400749362204e-8f,0.5959263708625359f,-0.8030390778228698f,-0.026962811565520838f,1.4861104125074576e-8f,0.8030390778228711f,0.5959263708625359f,1.0686723625322432f,0.9999999999999988f,1.6153989106563008e-8f,-4.670608647054628e-8f,-0.01662498432301793f,0f,0f,0f,1f], start_interpolation: 0, interpolation_duration: 1 }
$data merge entity $(item_display_item_display) { transformation: [-0.000002097912370115815f,0.000009584244886699245f,0.0000012376018179697747f,-0.5566195032239577f,0.000001963063080094132f,-8.220239298107056e-7f,0.00000966820192226998f,0.5531337489649641f,0.000009456702573697505f,0.0000022865944292411573f,-0.0000017293857287203156f,2.2513632538294615f,0f,0f,0f,1f], start_interpolation: 0, interpolation_duration: 1 }
$data merge entity $(bone_2) { transformation: [-0.36187935858984666f,-0.5739690939399051f,0.7193811613017697f,-0.05255246174727711f,-0.11387883857015857f,0.7960338874755335f,0.5774048356140187f,0.7623535981874134f,-0.9122830792210788f,0.12831121793589625f,-0.35743662545669064f,0.3533482430907445f,0f,0f,0f,1f], start_interpolation: 0, interpolation_duration: 1 }
$data merge entity $(bone_1) { transformation: [-0.3622416001900367f,-0.11829377780437812f,0.9126644280165885f,-0.08474598759885721f,-0.11399283140156014f,0.9800102374139157f,0.08152440593946643f,1.0827420509566188f,-0.9131962754965753f,-0.07540899612572172f,-0.37220719118438655f,0.32612501274437383f,0f,0f,0f,1f], start_interpolation: 0, interpolation_duration: 1 }
$data merge entity $(bone_4) { transformation: [-0.04809063811079127f,-0.17505313823829388f,-0.9755533441592723f,-0.17854216537952172f,-0.13928404278203604f,0.9708117914504109f,-0.17749858213781372f,0.8202867987548582f,0.9772490271697674f,0.12738389039403678f,-0.07098295505673388f,-0.4340241888229278f,0f,0f,0f,1f], start_interpolation: 0, interpolation_duration: 1 }
$data merge entity $(bone_3) { transformation: [-0.04813877688767895f,0.403957983829091f,-0.9050778285916359f,-0.042613062783200095f,-0.13942346624828433f,0.9025327909555438f,0.39926913520842877f,1.1005614830936976f,0.9782272544241916f,0.14524938762015363f,0.012955726011174867f,-0.3884218849154173f,0f,0f,0f,1f], start_interpolation: 0, interpolation_duration: 1 }
$data merge entity $(bone_8) { transformation: [-0.04841060997482831f,0.0020408189380350383f,-0.9987946830554157f,0.05776514279238898f,-0.00408060529948602f,0.9990171987906854f,0.002573643359733535f,0.36988448553751424f,0.9978180125831958f,0.004185702711723457f,-0.04844052227367687f,0.1441251267025832f,0f,0f,0f,1f], start_interpolation: 0, interpolation_duration: 1 }
$data merge entity $(bone_7) { transformation: [-0.04841060997482831f,-0.8412783605962171f,-0.5383732012593566f,-0.21705702152510942f,-0.00408060529948602f,0.5389421384361488f,-0.841179742110806f,0.4814490737162901f,0.9978180125831958f,-0.03860534568866238f,-0.02955725950754555f,0.1312500154439821f,0f,0f,0f,1f], start_interpolation: 0, interpolation_duration: 1 }