# This file was generated by Animated Java via MC-Build. It is not recommended to edit this file directly.
$data merge entity $(bone_layer) { transformation: [-3.4488827950401883e-16f,0.1306567184122716f,-0.9924363062351841f,-0.1795f,0f,0.9924363062351841f,0.1306567184122716f,1.282375f,1.0011001f,4.5012452619722467e-17f,-3.4190352211010293e-16f,-0.000006249999999924838f,0f,0f,0f,1f], start_interpolation: 0, interpolation_duration: 1 }
$data merge entity $(bone_l_1) { transformation: [-2.58407801826188e-16f,0.0978946441650387f,-0.9914448613738104f,0.08639101158056373f,0f,0.7435836460303579f,0.13052619222005157f,1.3986641283264025f,0.7500750000000002f,3.372561385094092e-17f,-3.41561960149953e-16f,0.09062781250000015f,0f,0f,0f,1f], start_interpolation: 0, interpolation_duration: 1 }
$data merge entity $(bone_eye_l) { transformation: [-3.445437357682506e-16f,0.13052619222005157f,-0.9914448613738104f,-0.1795f,0f,0.9914448613738104f,0.13052619222005157f,1.282375f,1.0001f,4.496748513458788e-17f,-3.41561960149953e-16f,-0.000006249999999924838f,0f,0f,0f,1f], start_interpolation: 0, interpolation_duration: 1 }
$data merge entity $(bone_r_1) { transformation: [-2.58407801826188e-16f,0.0978946441650387f,-0.9914448613738104f,0.08639101158056381f,0f,0.7435836460303579f,0.13052619222005157f,1.3986641283264025f,0.7500750000000002f,3.372561385094092e-17f,-3.41561960149953e-16f,-0.09064031249999985f,0f,0f,0f,1f], start_interpolation: 0, interpolation_duration: 1 }
$data merge entity $(bone_eye_r) { transformation: [-3.445437357682506e-16f,0.13052619222005157f,-0.9914448613738104f,0.0769313263914762f,0f,0.9914448613738104f,0.13052619222005157f,1.3746937954934326f,1.0001f,4.496748513458788e-17f,-3.41561960149953e-16f,-0.12501874999999985f,0f,0f,0f,1f], start_interpolation: 0, interpolation_duration: 1 }
$data merge entity $(bone_eyes_down) { transformation: [-3.445437357682506e-16f,0.13052619222005157f,-0.9914448613738104f,-0.16726316947937014f,0f,0.9914448613738104f,0.13052619222005157f,1.3753229557537947f,1.0001f,4.496748513458788e-17f,-3.41561960149953e-16f,-0.000006249999999920622f,0f,0f,0f,1f], start_interpolation: 0, interpolation_duration: 1 }
$data merge entity $(bone_bone) { transformation: [-3.445437357682506e-16f,0.13052619222005157f,-0.9914448613738104f,-0.1795f,0f,0.9914448613738104f,0.13052619222005157f,1.282375f,1.0001f,4.496748513458788e-17f,-3.41561960149953e-16f,-0.000006249999999924838f,0f,0f,0f,1f], start_interpolation: 0, interpolation_duration: 1 }
$data merge entity $(bone_l) { transformation: [0.005693472539768391f,0.09780147015547071f,-0.9914448613738104f,0.10005114264501769f,0.04324621745963609f,0.7428759191639827f,0.13052619222005157f,1.4425692377306842f,0.999148126404016f,-0.032717811978054366f,-3.41561960149953e-16f,0.12500625000000015f,0f,0f,0f,1f], start_interpolation: 0, interpolation_duration: 1 }
$data merge entity $(bone_r) { transformation: [-0.00569347253976908f,0.09780147015547068f,-0.9914448613738104f,0.10005114264501774f,-0.04324621745963609f,0.7428759191639827f,0.13052619222005157f,1.4425692377306842f,0.999148126404016f,0.032717811978054435f,-3.41561960149953e-16f,-0.12501874999999985f,0f,0f,0f,1f], start_interpolation: 0, interpolation_duration: 1 }
$data merge entity $(bone_sad) { transformation: [-1.0336312073047518e-15f,0.08745254878743455f,-0.4957224306869052f,0.08382856912152864f,0f,0.664268057120453f,0.06526309611002579f,1.3672296680177838f,3.0003f,3.0128215040173885e-17f,-1.707809800749765e-16f,0.14063281250000015f,0f,0f,0f,1f], start_interpolation: 0, interpolation_duration: 1 }
$data merge entity $(bone_head) { transformation: [-3.445437357682506e-16f,0.13052619222005157f,-0.9914448613738104f,-0.1795f,0f,0.9914448613738104f,0.13052619222005157f,1.282375f,1.0001f,4.496748513458788e-17f,-3.41561960149953e-16f,-0.000006249999999924838f,0f,0f,0f,1f], start_interpolation: 0, interpolation_duration: 1 }
$data merge entity $(bone_6) { transformation: [0.03866869230310665f,-0.00023487298057039974f,-0.998579942770248f,-0.12251448124122111f,-0.20015916023299163f,0.9793676478142088f,-0.007065748786412751f,0.3799149241276214f,0.9779785492588224f,0.2004527485039824f,0.03803713919055092f,-0.18934009220362458f,0f,0f,0f,1f], start_interpolation: 0, interpolation_duration: 1 }
$data merge entity $(bone_12) { transformation: [0.03866869230310665f,-0.5729543216679729f,-0.8178540838990425f,-0.3194675293145868f,-0.20015916023299163f,0.7981982638084482f,-0.5675301278736027f,0.6542955773117755f,0.9779785492588224f,0.18601848546628924f,-0.08381677281684198f,-0.12539623782458764f,0f,0f,0f,1f], start_interpolation: 0, interpolation_duration: 1 }
$data merge entity $(bone_10) { transformation: [-3.441647755549269e-16f,0.043619387365336104f,-0.998049173360276f,-0.34759204674963984f,0f,0.9990482215818578f,0.0435757679779708f,1.0105311991609942f,0.999f,1.50272839463807e-17f,-3.43837206949269e-16f,1.725283379703517e-17f,0f,0f,0f,1f], start_interpolation: 0, interpolation_duration: 1 }
$data merge entity $(bone_9) { transformation: [-3.4450928483976665e-16f,0.5372996083468239f,-0.8433914458128857f,-0.15449999999999997f,0f,0.8433914458128857f,0.5372996083468239f,1.313625f,1f,1.85104703816251e-16f,-2.9055618383697406e-16f,8.377483673100038e-17f,0f,0f,0f,1f], start_interpolation: 0, interpolation_duration: 1 }
$data merge entity $(item_display_item_display) { transformation: [1.401107493821703f,0.4666406296714588f,0.09613003586700933f,0.27026033921096276f,-0.16360758277429682f,0.034888902033687226f,0.9817281564680035f,1.1667451490637555f,0.4616830376220462f,-1.408563156151406f,0.05616333040983137f,0.3109224975845589f,0f,0f,0f,1f], start_interpolation: 0, interpolation_duration: 1 }
$data merge entity $(bone_2) { transformation: [-0.0961300358670091f,-0.9780303225969009f,-0.11280905142124498f,-0.06829876890756387f,-0.9817281564680033f,0.08902275943671337f,0.06717575722264027f,1.183334744546863f,-0.05616333040983116f,0.11790505364340365f,-0.9811382931919566f,0.6004214659988244f,0f,0f,0f,1f], start_interpolation: 0, interpolation_duration: 1 }
$data merge entity $(bone_1) { transformation: [-0.09622626212913825f,-0.4405119042898442f,0.8804649091136423f,-0.21422183032523756f,-0.9827108673353386f,0.093572140299612f,-0.06067856801138087f,1.2151209267247833f,-0.05621954995979095f,-0.881642510737025f,-0.4463635685218882f,0.2945670806297102f,0f,0f,0f,1f], start_interpolation: 0, interpolation_duration: 1 }
$data merge entity $(bone_4) { transformation: [-0.2843994554542053f,-0.6540876393091878f,0.6869495849610758f,-0.02722977208306493f,-0.7753557484651891f,-0.26424702871088845f,-0.5683695732068973f,1.1348145662162366f,0.5488860361081204f,-0.6988505036389352f,-0.43582677783133184f,-0.3771514405515656f,0f,0f,0f,1f], start_interpolation: 0, interpolation_duration: 1 }
$data merge entity $(bone_3) { transformation: [-0.2846841395937991f,-0.9113557840929521f,-0.26298480369705973f,-0.3120284546121125f,-0.7761318803455346f,0.3821342696246692f,-0.4968338393349877f,1.2542315254739456f,0.5494354715797001f,0.06388982241166583f,-0.8211303777741026f,-0.35718587104792f,0f,0f,0f,1f], start_interpolation: 0, interpolation_duration: 1 }
$data merge entity $(bone_8) { transformation: [-0.07331442140376083f,0.7383507994997771f,-0.6690276527178747f,-0.35363838917855983f,0.19998868442387696f,0.66829468121591f,0.7163556834668543f,0.3642804619184577f,0.9760279434779839f,-0.08146939391832021f,-0.1970293473609192f,0.19433460727635668f,0f,0f,0f,1f], start_interpolation: 0, interpolation_duration: 1 }
$data merge entity $(bone_7) { transformation: [-0.07331442140376083f,0.13556684132454025f,-0.9871076611780683f,-0.35137500000000005f,0.19998868442387696f,0.9724079843724431f,0.11918874991147874f,0.673f,0.9760279434779839f,-0.18905719972362436f,-0.09856571969782292f,0.13125f,0f,0f,0f,1f], start_interpolation: 0, interpolation_duration: 1 }