# This file was generated by Animated Java via MC-Build. It is not recommended to edit this file directly.
$data merge entity $(bone_layer) { transformation: [-4.7185252203526575e-8f,0.9304447523944164f,-0.3691524925307847f,-0.03548688712232284f,1.4877452825722568e-8f,0.3691524925307857f,0.930444752394417f,1.0603093027537f,1.0011000999999986f,3.8369011736857576e-8f,-3.1226848671468015e-8f,1.5606868047761286e-8f,0f,0f,0f,1f], start_interpolation: 0, interpolation_duration: 1 }
$data merge entity $(bone_l_1) { transformation: [-3.5353585567077855e-8f,0.6971364278679444f,-0.36878370882196276f,0.16651274420560042f,1.1146942676615312e-8f,0.2765877816164728f,0.9295152371572599f,0.8731759282564296f,0.7500749999999989f,2.8748010791851335e-8f,-3.119565301844957e-8f,0.1218872154088063f,0f,0f,0f,1f], start_interpolation: 0, interpolation_duration: 1 }
$data merge entity $(bone_eye_l) { transformation: [-4.713811408943714e-8f,0.9295152371572593f,-0.36878370882196276f,-0.03548688712232284f,1.4862590235487083e-8f,0.36878370882196376f,0.9295152371572599f,1.0603093027537f,1.0000999999999987f,3.833068105580178e-8f,-3.119565301844957e-8f,1.5606868047761286e-8f,0f,0f,0f,1f], start_interpolation: 0, interpolation_duration: 1 }
$data merge entity $(bone_r_1) { transformation: [-3.5353585567077855e-8f,0.6971364278679444f,-0.36878370882196276f,0.1665127556955157f,1.1146942676615312e-8f,0.2765877816164728f,0.9295152371572599f,0.8731759246336732f,0.7500749999999989f,2.8748010791851335e-8f,-3.119565301844957e-8f,-0.12188715959119337f,0f,0f,0f,1f], start_interpolation: 0, interpolation_duration: 1 }
$data merge entity $(bone_eye_r) { transformation: [-4.713811408943714e-8f,0.9295152371572593f,-0.36878370882196276f,0.1700173278949179f,1.4862590235487083e-8f,0.36878370882196376f,0.9295152371572599f,0.8812902929995978f,1.0000999999999987f,3.833068105580178e-8f,-3.119565301844957e-8f,-0.12501247204659943f,0f,0f,0f,1f], start_interpolation: 0, interpolation_duration: 1 }
$data merge entity $(bone_eyes_down) { transformation: [-4.713811408943714e-8f,0.9295152371572593f,-0.36878370882196276f,-0.006439535961158489f,1.4862590235487083e-8f,0.36878370882196376f,0.9295152371572599f,1.0718337936543865f,1.0000999999999987f,3.833068105580178e-8f,-3.119565301844957e-8f,1.6804701830755093e-8f,0f,0f,0f,1f], start_interpolation: 0, interpolation_duration: 1 }
$data merge entity $(bone_bone) { transformation: [-4.713811408943714e-8f,0.9295152371572593f,-0.36878370882196276f,-0.03548688712232284f,1.4862590235487083e-8f,0.36878370882196376f,0.9295152371572599f,1.0603093027537f,1.0000999999999987f,3.833068105580178e-8f,-3.119565301844957e-8f,1.5606868047761286e-8f,0f,0f,0f,1f], start_interpolation: 0, interpolation_duration: 1 }
$data merge entity $(bone_l) { transformation: [-0.16140867346798285f,0.6865453529325019f,-0.36878370882196276f,0.2696072282894824f,-0.06403860435339177f,0.2723857936599962f,0.9295152371572599f,0.9056735841199521f,0.984906227131455f,0.1302491851747865f,-3.119565301844957e-8f,0.12501253228504888f,0f,0f,0f,1f], start_interpolation: 0, interpolation_duration: 1 }
$data merge entity $(bone_r) { transformation: [0.16140858062402244f,0.6865453652106732f,-0.36878370882196276f,0.26960724007401093f,0.06403863362697997f,0.2723857897887036f,0.9295152371572599f,0.9056735804043046f,0.9849062404435609f,-0.13024912855225868f,-3.119565301844957e-8f,-0.12501246771495078f,0f,0f,0f,1f], start_interpolation: 0, interpolation_duration: 1 }
$data merge entity $(bone_sad) { transformation: [-1.4141434226831142e-7f,0.6227752088953638f,-0.18439185441098138f,0.11311882560017736f,4.458777070646125e-8f,0.24708508491071574f,0.46475761857862996f,0.8503109918925373f,3.0002999999999957f,2.5681556307387193e-8f,-1.5597826509224785e-8f,0.14063908823196755f,0f,0f,0f,1f], start_interpolation: 0, interpolation_duration: 1 }
$data merge entity $(bone_head) { transformation: [-4.713811408943714e-8f,0.9295152371572593f,-0.36878370882196276f,-0.03548688712232284f,1.4862590235487083e-8f,0.36878370882196376f,0.9295152371572599f,1.0603093027537f,1.0000999999999987f,3.833068105580178e-8f,-3.119565301844957e-8f,1.5606868047761286e-8f,0f,0f,0f,1f], start_interpolation: 0, interpolation_duration: 1 }
$data merge entity $(bone_6) { transformation: [0.037856875556098485f,0.9586834533922146f,-0.2783930247363463f,-0.12088214062600766f,0.003576389331605711f,0.27886469322236307f,0.9603191319341695f,0.1786936276596811f,0.9982760471996104f,-0.037354486277787494f,0.007116884167133517f,-0.15166969851941442f,0f,0f,0f,1f], start_interpolation: 0, interpolation_duration: 1 }
$data merge entity $(bone_12) { transformation: [0.037856875556098485f,0.06628518111013898f,-0.996083789043407f,-0.164494670253994f,0.003576389331605711f,0.9977821442224496f,0.06640139272372592f,0.4634699427674779f,0.9982760471996104f,-0.006088303215742179f,0.03753585285136057f,-0.15103604299563186f,0f,0f,0f,1f], start_interpolation: 0, interpolation_duration: 1 }
$data merge entity $(bone_10) { transformation: [-4.7086267348612845e-8f,-0.1511536488899673f,-0.9875217701048247f,-0.23163229601544055f,1.4846243020949501e-8f,0.9885102803852107f,-0.15100249524107817f,0.8319075020357432f,0.9989999999999988f,-2.1814739675201203e-8f,-4.430119550146036e-8f,-0.016723623056329195f,0f,0f,0f,1f], start_interpolation: 0, interpolation_duration: 1 }
$data merge entity $(bone_9) { transformation: [-4.7133400749362204e-8f,0.5907261596506956f,-0.8068721114924835f,-0.034422994382528146f,1.4861104125074576e-8f,0.8068721114924847f,0.5907261596506956f,1.0748249406326025f,0.9999999999999988f,1.5851922355378834e-8f,-4.680946950231485e-8f,-0.016723617371205497f,0f,0f,0f,1f], start_interpolation: 0, interpolation_duration: 1 }
$data merge entity $(item_display_item_display) { transformation: [-0.0000020340820793675984f,0.000009606582191578071f,0.0000011687913009565635f,-0.545436798588281f,0.0000018774803640502783f,-7.8457307514417e-7f,0.000009688299590908645f,0.5423333332890506f,0.000009487974183854629f,0.00000220454329951868f,-0.0000016635322659738705f,2.250595364371289f,0f,0f,0f,1f], start_interpolation: 0, interpolation_duration: 1 }
$data merge entity $(bone_2) { transformation: [-0.368440076698453f,-0.5774581862819229f,0.7132277315989903f,-0.057619667300091666f,-0.10887398725338232f,0.791696979861772f,0.5842933431810267f,0.7691797057849454f,-0.9102658081365954f,0.1390401906987339f,-0.3585722139774622f,0.3503604635475969f,0f,0f,0f,1f], start_interpolation: 0, interpolation_duration: 1 }
$data merge entity $(bone_1) { transformation: [-0.36880888558403707f,-0.12446586548045838f,0.9092084482427832f,-0.09174125452587667f,-0.10898297022360592f,0.9798690346154675f,0.08966322439921476f,1.0889257502927538f,-0.9111769851217171f,-0.06682008180144862f,-0.37873643069328167f,0.3259277469051368f,0f,0f,0f,1f], start_interpolation: 0, interpolation_duration: 1 }
$data merge entity $(bone_4) { transformation: [-0.04216307256713569f,-0.17103286903637122f,-0.9764739489027954f,-0.18777465913402142f,-0.13697525929838258f,0.9717726105237847f,-0.17439756397649325f,0.8231984206910323f,0.9778216176312499f,0.12647817645271756f,-0.06435265509338503f,-0.4333493509330799f,0f,0f,0f,1f], start_interpolation: 0, interpolation_duration: 1 }
$data merge entity $(bone_3) { transformation: [-0.04220527784498067f,0.4058125624700841f,-0.904472099800815f,-0.050894836003701927f,-0.13711237167005264f,0.9024654195647542f,0.4003906634462877f,1.1033726693666734f,0.9788004180492992f,0.1408103886250547f,0.01761896113946544f,-0.38918362704447473f,0f,0f,0f,1f], start_interpolation: 0, interpolation_duration: 1 }
$data merge entity $(bone_8) { transformation: [-0.049335535372961495f,-0.0028673331568556115f,-0.9987489302692849f,0.05308491516293534f,-0.003300977002986455f,0.9990189252008899f,-0.002379806227828407f,0.36867109582823354f,0.9977755926226664f,0.0031644935999340686f,-0.049384588145852636f,0.14449842245703157f,0f,0f,0f,1f], start_interpolation: 0, interpolation_duration: 1 }
$data merge entity $(bone_7) { transformation: [-0.049335535372961495f,-0.8438769212860637f,-0.5342091248137085f,-0.22226928239917992f,-0.003300977002986455f,0.5347653690262604f,-0.8438426846737672f,0.47887179193363716f,0.9977755926226664f,-0.03995025802534395f,-0.02920322670164984f,0.1312500154439821f,0f,0f,0f,1f], start_interpolation: 0, interpolation_duration: 1 }