# This file was generated by Animated Java via MC-Build. It is not recommended to edit this file directly.
$data merge entity $(bone_layer) { transformation: [-4.7185252203526575e-8f,0.9237132572260385f,-0.38568746210482385f,-0.045740945100569586f,1.4877452825722568e-8f,0.38568746210482485f,0.9237132572260391f,1.0661527014767294f,1.0011000999999986f,3.780600557369795e-8f,-3.1906160567755517e-8f,1.5268306997723162e-8f,0f,0f,0f,1f], start_interpolation: 0, interpolation_duration: 1 }
$data merge entity $(bone_l_1) { transformation: [-3.5353585567077855e-8f,0.6920928500694595f,-0.38530215994487904f,0.15956392244344308f,1.1146942676615312e-8f,0.28897661995866003f,0.92279046675928f,0.8826515781960534f,0.7500749999999989f,2.8326178002271195e-8f,-3.187428628147405e-8f,0.121887215172053f,0f,0f,0f,1f], start_interpolation: 0, interpolation_duration: 1 }
$data merge entity $(bone_eye_l) { transformation: [-4.713811408943714e-8f,0.9227904667592793f,-0.38530215994487904f,-0.045740945100569586f,1.4862590235487083e-8f,0.38530215994488004f,0.92279046675928f,1.0661527014767294f,1.0000999999999987f,3.776823733636159e-8f,-3.187428628147405e-8f,1.5268306997723162e-8f,0f,0f,0f,1f], start_interpolation: 0, interpolation_duration: 1 }
$data merge entity $(bone_r_1) { transformation: [-3.5353585567077855e-8f,0.6920928500694595f,-0.38530215994487904f,0.15956393393335838f,1.1146942676615312e-8f,0.28897661995866003f,0.92279046675928f,0.882651574573297f,0.7500749999999989f,2.8326178002271195e-8f,-3.187428628147405e-8f,-0.12188715982794662f,0f,0f,0f,1f], start_interpolation: 0, interpolation_duration: 1 }
$data merge entity $(bone_eye_r) { transformation: [-4.713811408943714e-8f,0.9227904667592793f,-0.38530215994487904f,0.16292323599825498f,1.4862590235487083e-8f,0.38530215994488004f,0.92279046675928f,0.8908271534437524f,1.0000999999999987f,3.776823733636159e-8f,-3.187428628147405e-8f,-0.12501247229110943f,0f,0f,0f,1f], start_interpolation: 0, interpolation_duration: 1 }
$data merge entity $(bone_eyes_down) { transformation: [-4.713811408943714e-8f,0.9227904667592793f,-0.38530215994487904f,-0.016903743014342106f,1.4862590235487083e-8f,0.38530215994488004f,0.92279046675928f,1.0781933939750068f,1.0000999999999987f,3.776823733636159e-8f,-3.187428628147405e-8f,1.6448564414484463e-8f,0f,0f,0f,1f], start_interpolation: 0, interpolation_duration: 1 }
$data merge entity $(bone_bone) { transformation: [-4.713811408943714e-8f,0.9227904667592793f,-0.38530215994487904f,-0.045740945100569586f,1.4862590235487083e-8f,0.38530215994488004f,0.92279046675928f,1.0661527014767294f,1.0000999999999987f,3.776823733636159e-8f,-3.187428628147405e-8f,1.5268306997723162e-8f,0f,0f,0f,1f], start_interpolation: 0, interpolation_duration: 1 }
$data merge entity $(bone_l) { transformation: [-0.1602409293431451f,0.6815783984136337f,-0.38530215994487904f,0.2620624426181906f,-0.06690700328876643f,0.28458641771019705f,0.92279046675928f,0.9169826668399996f,0.9849062272291224f,0.1302491847593623f,-3.187428628147405e-8f,0.12501253199295898f,0f,0f,0f,1f], start_interpolation: 0, interpolation_duration: 1 }
$data merge entity $(bone_r) { transformation: [0.1602408364991847f,0.681578410691805f,-0.38530215994487904f,0.26206245440271914f,0.06690703256235463f,0.28458641383890443f,0.92279046675928f,0.9169826631243521f,0.9849062403458936f,-0.13024912896768287f,-3.187428628147405e-8f,-0.1250124680070407f,0f,0f,0f,1f], start_interpolation: 0, interpolation_duration: 1 }
$data merge entity $(bone_sad) { transformation: [-1.4141434226831142e-7f,0.6182696127287172f,-0.19265107997243952f,0.1067518629375585f,4.458777070646125e-8f,0.2581524471630696f,0.46139523337964f,0.8589071846524128f,3.0002999999999957f,2.5304719015362266e-8f,-1.5937143140737024e-8f,0.140639088035709f,0f,0f,0f,1f], start_interpolation: 0, interpolation_duration: 1 }
$data merge entity $(bone_head) { transformation: [-4.713811408943714e-8f,0.9227904667592793f,-0.38530215994487904f,-0.045740945100569586f,1.4862590235487083e-8f,0.38530215994488004f,0.92279046675928f,1.0661527014767294f,1.0000999999999987f,3.776823733636159e-8f,-3.187428628147405e-8f,1.5268306997723162e-8f,0f,0f,0f,1f], start_interpolation: 0, interpolation_duration: 1 }
$data merge entity $(bone_6) { transformation: [0.03940360542544267f,0.9552324943114361f,-0.2898019150723667f,-0.1176403400796756f,0.0046548354339290285f,0.2902412777518042f,0.9569390411066079f,0.1794293962099061f,0.9982117452657823f,-0.03906047976734197f,0.006977323788693406f,-0.15173001482889145f,0f,0f,0f,1f], start_interpolation: 0, interpolation_duration: 1 }
$data merge entity $(bone_12) { transformation: [0.03940360542544267f,0.05438403353060606f,-0.9967430185684778f,-0.1646412693097225f,0.0046548354339290285f,0.9984969188855197f,0.05455484104236655f,0.46366633221160647f,0.9982117452657823f,-0.006802931211326519f,0.03909122988396704f,-0.1512001373643291f,0f,0f,0f,1f], start_interpolation: 0, interpolation_duration: 1 }
$data merge entity $(bone_10) { transformation: [-4.7086267348612845e-8f,-0.16510183649168708f,-0.9852902483843426f,-0.2374641381462684f,1.4846243020949501e-8f,0.9862765249092527f,-0.1649367346551961f,0.83773229176035f,0.9989999999999988f,-2.2438969117983805e-8f,-4.3988938111632925e-8f,-0.016773427873679622f,0f,0f,0f,1f], start_interpolation: 0, interpolation_duration: 1 }
$data merge entity $(bone_9) { transformation: [-4.7133400749362204e-8f,0.5850369385500155f,-0.8110066464166761f,-0.041968115999127996f,1.4861104125074576e-8f,0.8110066464166771f,0.5850369385500155f,1.0820306666007176f,0.9999999999999988f,1.552232626362395e-8f,-4.691979608667021e-8f,-0.01677342228983085f,0f,0f,0f,1f], start_interpolation: 0, interpolation_duration: 1 }
$data merge entity $(item_display_item_display) { transformation: [-0.000001981036642715141f,0.000009628151527069629f,0.0000010787813303618893f,-0.5349968097286737f,0.0000017771590334232908f,-7.259994597994193e-7f,0.000009711760374336204f,0.5296180284517857f,0.000009518470261897791f,0.000002129227660302336f,-0.0000015857184305746988f,2.248713620711466f,0f,0f,0f,1f], start_interpolation: 0, interpolation_duration: 1 }
$data merge entity $(bone_2) { transformation: [-0.3740701433993366f,-0.5828023239711527f,0.7059098743170622f,-0.06266256154944352f,-0.10382806749545656f,0.7857276064516834f,0.593201863619971f,0.777166033619469f,-0.9085575033523962f,0.15015931236300756f,-0.35842619740145165f,0.34715167017299553f,0f,0f,0f,1f], start_interpolation: 0, interpolation_duration: 1 }
$data merge entity $(bone_1) { transformation: [-0.3744445879873239f,-0.13282789758397898f,0.9057174223276965f,-0.09941612985608217f,-0.10393199949495151f,0.9793779001458509f,0.10037555104905672f,1.096174844653468f,-0.9094669703227188f,-0.05723354199526284f,-0.3843715386753709f,0.32582813729225124f,0f,0f,0f,1f], start_interpolation: 0, interpolation_duration: 1 }
$data merge entity $(bone_4) { transformation: [-0.036417721246244567f,-0.16726598667236536f,-0.9772888521236853f,-0.19704748876774128f,-0.13518997070946615f,0.9726160931007247f,-0.17146776805701913f,0.8265468963537057f,0.9782748560236831f,0.1260029918199076f,-0.058032777002501076f,-0.4327175534688597f,0f,0f,0f,1f], start_interpolation: 0, interpolation_duration: 1 }
$data merge entity $(bone_3) { transformation: [-0.036454175421666235f,0.4074025378787881f,-0.9039328420367483f,-0.059299722231373586f,-0.1353252960054716f,0.9024057183393728f,0.401306839649381f,1.106624418050927f,0.9792541101338169f,0.1369231182353491f,0.022284901769995f,-0.3898189056181622f,0f,0f,0f,1f], start_interpolation: 0, interpolation_duration: 1 }
$data merge entity $(bone_8) { transformation: [-0.050260074404465546f,-0.007774598717100789f,-0.9986781758576971f,0.04800707919801106f,-0.002519748620226067f,0.9989955238498442f,-0.007334387069032777f,0.3678514309440459f,0.9977317277309429f,0.0021324801241508345f,-0.05031932600822031f,0.1448703483643744f,0f,0f,0f,1f], start_interpolation: 0, interpolation_duration: 1 }
$data merge entity $(bone_7) { transformation: [-0.050260074404465546f,-0.8464539194841506f,-0.5300323627002306f,-0.2278721682732504f,-0.002519748620226067f,0.5305741443904486f,-0.8464850425199767f,0.4766851351509843f,0.9977317277309429f,-0.04129310837888924f,-0.028835069651567735f,0.1312500154439821f,0f,0f,0f,1f], start_interpolation: 0, interpolation_duration: 1 }