# This file was generated by Animated Java via MC-Build. It is not recommended to edit this file directly.
$data merge entity $(bone_layer) { transformation: [-4.7185252203526575e-8f,0.9156762292584134f,-0.4043983718699808f,-0.05601314698418136f,1.4877452825722568e-8f,0.4043983718699818f,0.9156762292584141f,1.0725830126980394f,1.0011000999999986f,3.714912833629092e-8f,-3.266863026616918e-8f,1.49326416943667e-8f,0f,0f,0f,1f], start_interpolation: 0, interpolation_duration: 1 }
$data merge entity $(bone_l_1) { transformation: [-3.5353585567077855e-8f,0.6860711008429672f,-0.40399437749248834f,0.15298212472928752f,1.1146942676615312e-8f,0.30299578311936703f,0.9147614677906235f,0.8932962946824177f,0.7500749999999989f,2.783401223997821e-8f,-3.2635994271897285e-8f,0.12188721494769827f,0f,0f,0f,1f], start_interpolation: 0, interpolation_duration: 1 }
$data merge entity $(bone_eye_l) { transformation: [-4.713811408943714e-8f,0.9147614677906228f,-0.40399437749248834f,-0.05601314698418136f,1.4862590235487083e-8f,0.40399437749248934f,0.9147614677906235f,1.0725830126980394f,1.0000999999999987f,3.711201631997095e-8f,-3.2635994271897285e-8f,1.49326416943667e-8f,0f,0f,0f,1f], start_interpolation: 0, interpolation_duration: 1 }
$data merge entity $(bone_r_1) { transformation: [-3.5353585567077855e-8f,0.6860711008429672f,-0.40399437749248834f,0.15298213621920284f,1.1146942676615312e-8f,0.30299578311936703f,0.9147614677906235f,0.8932962910596614f,0.7500749999999989f,2.783401223997821e-8f,-3.2635994271897285e-8f,-0.12188716005230135f,0f,0f,0f,1f], start_interpolation: 0, interpolation_duration: 1 }
$data merge entity $(bone_eye_r) { transformation: [-4.713811408943714e-8f,0.9147614677906228f,-0.40399437749248834f,0.15617443068087278f,1.4862590235487083e-8f,0.40399437749248934f,0.9147614677906235f,0.9015385150462352f,1.0000999999999987f,3.711201631997095e-8f,-3.2635994271897285e-8f,-0.1250124725243262f,0f,0f,0f,1f], start_interpolation: 0, interpolation_duration: 1 }
$data merge entity $(bone_eyes_down) { transformation: [-4.713811408943714e-8f,0.9147614677906228f,-0.40399437749248834f,-0.027426851115724397f,1.4862590235487083e-8f,0.40399437749248934f,0.9147614677906235f,1.0852078369946796f,1.0000999999999987f,3.711201631997095e-8f,-3.2635994271897285e-8f,1.6092392204365792e-8f,0f,0f,0f,1f], start_interpolation: 0, interpolation_duration: 1 }
$data merge entity $(bone_bone) { transformation: [-4.713811408943714e-8f,0.9147614677906228f,-0.40399437749248834f,-0.05601314698418136f,1.4862590235487083e-8f,0.40399437749248934f,0.9147614677906235f,1.0725830126980394f,1.0000999999999987f,3.711201631997095e-8f,-3.2635994271897285e-8f,1.49326416943667e-8f,0f,0f,0f,1f], start_interpolation: 0, interpolation_duration: 1 }
$data merge entity $(bone_l) { transformation: [-0.15884670830374825f,0.6756481330886888f,-0.40399437749248834f,0.25476105140231753f,-0.07015287280246262f,0.2983925982816044f,0.9147614677906235f,0.9297053645851581f,0.984906227343074f,0.13024918427467364f,-3.2635994271897285e-8f,0.12501253170380627f,0f,0f,0f,1f], start_interpolation: 0, interpolation_duration: 1 }
$data merge entity $(bone_r) { transformation: [0.15884661545978784f,0.6756481453668601f,-0.40399437749248834f,0.254761063186846f,0.07015290207605081f,0.2983925944103118f,0.9147614677906235f,0.9297053608695105f,0.984906240231942f,-0.13024912945237155f,-3.2635994271897285e-8f,-0.1250124682961934f,0f,0f,0f,1f], start_interpolation: 0, interpolation_duration: 1 }
$data merge entity $(bone_sad) { transformation: [-1.4141434226831142e-7f,0.6128901834197173f,-0.20199718874624417f,0.10082326466604047f,4.458777070646125e-8f,0.2706762329199679f,0.45738073389531175f,0.868552810848702f,3.0002999999999957f,2.4865050934380537e-8f,-1.6317997135948642e-8f,0.14063908785698934f,0f,0f,0f,1f], start_interpolation: 0, interpolation_duration: 1 }
$data merge entity $(bone_head) { transformation: [-4.713811408943714e-8f,0.9147614677906228f,-0.40399437749248834f,-0.05601314698418136f,1.4862590235487083e-8f,0.40399437749248934f,0.9147614677906235f,1.0725830126980394f,1.0000999999999987f,3.711201631997095e-8f,-3.2635994271897285e-8f,1.49326416943667e-8f,0f,0f,0f,1f], start_interpolation: 0, interpolation_duration: 1 }
$data merge entity $(bone_6) { transformation: [0.040811015686889426f,0.9515753277375374f,-0.30140242532156364f,-0.11431875047831157f,0.00531639803479677f,0.3018241705769265f,0.9533468630650993f,0.1805801877830409f,0.9981518907012801f,-0.040514247812976745f,0.007245558302258771f,-0.15192424262200024f,0f,0f,0f,1f], start_interpolation: 0, interpolation_duration: 1 }
$data merge entity $(bone_12) { transformation: [0.040811015686889426f,0.04223229501631373f,-0.9972740143040816f,-0.16477054339897843f,0.00531639803479677f,0.9990829583515393f,0.04244188487863698f,0.4642248876243262f,0.9981518907012801f,-0.007048091173619334f,0.04054906659555891f,-0.15137220160235826f,0f,0f,0f,1f], start_interpolation: 0, interpolation_duration: 1 }
$data merge entity $(bone_10) { transformation: [-4.7086267348612845e-8f,-0.17848044807582686f,-0.9829595151073468f,-0.2430342907448809f,1.4846243020949501e-8f,0.9839434585659135f,-0.1783019676277519f,0.8441621935310117f,0.9989999999999988f,-2.303487663695666e-8f,-4.368046060771439e-8f,-0.01678026392521527f,0f,0f,0f,1f], start_interpolation: 0, interpolation_duration: 1 }
$data merge entity $(bone_9) { transformation: [-4.7133400749362204e-8f,0.5791320465383532f,-0.8152337533936489f,-0.049317498804869776f,1.4861104125074576e-8f,0.81523375339365f,0.5791320465383532f,1.0898738032393656f,0.9999999999999988f,1.5181189145487566e-8f,-4.7031280798826154e-8f,-0.0167802584462299f,0f,0f,0f,1f], start_interpolation: 0, interpolation_duration: 1 }
$data merge entity $(item_display_item_display) { transformation: [-0.000001936928881863716f,0.00000964823503139553f,9.743007704488734e-7f,-0.5252121181244382f,0.0000016667412061643225f,-6.522808457462322e-7f,0.000009736531084890357f,0.5156039061489506f,0.000009547479080614247f,0.000002061086594605722f,-0.0000014990870921981343f,2.2458666395199223f,0f,0f,0f,1f], start_interpolation: 0, interpolation_duration: 1 }
$data merge entity $(bone_2) { transformation: [-0.3788805265788448f,-0.5894191973391464f,0.6978026249913682f,-0.06754012472445349f,-0.09879207412169266f,0.7785309307151458f,0.603460899463619f,0.7859020094286737f,-0.9071246603144747f,0.16139652779314764f,-0.3571735992734019f,0.3438170107189606f,0f,0f,0f,1f], start_interpolation: 0, interpolation_duration: 1 }
$data merge entity $(bone_1) { transformation: [-0.37925978636521f,-0.1426875086994001f,0.9022104901285101f,-0.1074005062396618f,-0.09889096508677944f,0.9785365785859891f,0.11287883606264569f,1.1040740453500961f,-0.9080326930074821f,-0.04697274987037689f,-0.38912129210725027f,0.3258144651675896f,0f,0f,0f,1f], start_interpolation: 0, interpolation_duration: 1 }
$data merge entity $(bone_4) { transformation: [-0.03093438226019463f,-0.16347910252368864f,-0.9780507713648721f,-0.20619259021748518f,-0.13381378146206271f,0.9734052749787552f,-0.16844478669383228f,0.8300386660123216f,0.978628189819672f,0.12585347439887973f,-0.05204131792450091f,-0.4321025508686274f,0f,0f,0f,1f], start_interpolation: 0, interpolation_duration: 1 }
$data merge entity $(bone_3) { transformation: [-0.03096534760780243f,0.4089839287509074f,-0.9033498073021572f,-0.06758017477603015f,-0.13394772919125397f,0.9022574100773899f,0.4022723473981738f,1.1099903170408183f,0.9796077976172893f,0.1335104595466518f,0.026876625183052727f,-0.3903247991248314f,0f,0f,0f,1f], start_interpolation: 0, interpolation_duration: 1 }
$data merge entity $(bone_8) { transformation: [-0.05118423503958097f,-0.012680841275328758f,-0.9985824298356676f,0.042765997512466625f,-0.0017369203239874231f,0.9989469742084509f,-0.01228996682423511f,0.36737858171919735f,0.9976864146235656f,0.0010897307225909807f,-0.05124465120392573f,0.14524087351752024f,0f,0f,0f,1f], start_interpolation: 0, interpolation_duration: 1 }
$data merge entity $(bone_7) { transformation: [-0.05118423503958097f,-0.8490092903131906f,-0.5258430353954007f,-0.2336313041473208f,-0.0017369203239874231f,0.5263685651125614f,-0.8491067272293299f,0.4748422283683314f,0.9976864146235656f,-0.04263378857860432f,-0.02845280059141162f,0.1312500154439821f,0f,0f,0f,1f], start_interpolation: 0, interpolation_duration: 1 }