# This file was generated by Animated Java via MC-Build. It is not recommended to edit this file directly.
$data merge entity $(bone_layer) { transformation: [-4.7185252203526575e-8f,0.9064743678101499f,-0.42462362216813493f,-0.06596162869131694f,1.4877452825722568e-8f,0.42462362216813593f,0.9064743678101504f,1.0792122839731761f,1.0011000999999986f,3.641484376338704e-8f,-3.3485165272131934e-8f,1.4610007251092694e-8f,0f,0f,0f,1f], start_interpolation: 0, interpolation_duration: 1 }
$data merge entity $(bone_l_1) { transformation: [-3.5353585567077855e-8f,0.6791765992583542f,-0.4241994227453896f,0.14696170453460586f,1.1146942676615312e-8f,0.31814956705904296f,0.9055687990111394f,0.9046087187312395f,0.7500749999999989f,2.728384897356672e-8f,-3.345171355857337e-8f,0.12188721474060991f,0f,0f,0f,1f], start_interpolation: 0, interpolation_duration: 1 }
$data merge entity $(bone_eye_l) { transformation: [-4.713811408943714e-8f,0.9055687990111388f,-0.4241994227453896f,-0.06596162869131694f,1.4862590235487083e-8f,0.4241994227453906f,0.9055687990111394f,1.0792122839731761f,1.0000999999999987f,3.6378465298088956e-8f,-3.345171355857337e-8f,1.4610007251092694e-8f,0f,0f,0f,1f], start_interpolation: 0, interpolation_duration: 1 }
$data merge entity $(bone_r_1) { transformation: [-3.5353585567077855e-8f,0.6791765992583542f,-0.4241994227453896f,0.14696171602452118f,1.1146942676615312e-8f,0.31814956705904296f,0.9055687990111394f,0.9046087151084832f,0.7500749999999989f,2.728384897356672e-8f,-3.345171355857337e-8f,-0.12188716025938973f,0f,0f,0f,1f], start_interpolation: 0, interpolation_duration: 1 }
$data merge entity $(bone_eye_r) { transformation: [-4.713811408943714e-8f,0.9055687990111388f,-0.4241994227453896f,0.14997027477348873f,1.4862590235487083e-8f,0.4241994227453906f,0.9055687990111394f,0.9129197664480159f,1.0000999999999987f,3.6378465298088956e-8f,-3.345171355857337e-8f,-0.12501247274109753f,0f,0f,0f,1f], start_interpolation: 0, interpolation_duration: 1 }
$data merge entity $(bone_eyes_down) { transformation: [-4.713811408943714e-8f,0.9055687990111388f,-0.4241994227453896f,-0.03766260372221886f,1.4862590235487083e-8f,0.4241994227453906f,0.9055687990111394f,1.0924685159339695f,1.0000999999999987f,3.6378465298088956e-8f,-3.345171355857337e-8f,1.5746834291657973e-8f,0f,0f,0f,1f], start_interpolation: 0, interpolation_duration: 1 }
$data merge entity $(bone_bone) { transformation: [-4.713811408943714e-8f,0.9055687990111388f,-0.4241994227453896f,-0.06596162869131694f,1.4862590235487083e-8f,0.4241994227453906f,0.9055687990111394f,1.0792122839731761f,1.0000999999999987f,3.6378465298088956e-8f,-3.345171355857337e-8f,1.4610007251092694e-8f,0f,0f,0f,1f], start_interpolation: 0, interpolation_duration: 1 }
$data merge entity $(bone_l) { transformation: [-0.15725041812229518f,0.6688583744750068f,-0.4241994227453896f,0.247907398520886f,-0.07366144209030677f,0.3133161621928692f,0.9055687990111394f,0.943267962800148f,0.9849062274704538f,0.1302491837328686f,-3.345171355857337e-8f,0.12501253142400476f,0f,0f,0f,1f], start_interpolation: 0, interpolation_duration: 1 }
$data merge entity $(bone_r) { transformation: [0.15725032527833477f,0.6688583867531782f,-0.4241994227453896f,0.24790741030541452f,0.07366147136389496f,0.31331615832157655f,0.9055687990111394f,0.9432679590845005f,0.9849062401045622f,-0.1302491299941766f,-3.345171355857337e-8f,-0.1250124685759949f,0f,0f,0f,1f], start_interpolation: 0, interpolation_duration: 1 }
$data merge entity $(bone_sad) { transformation: [-1.4141434226831142e-7f,0.6067310953374631f,-0.2120997113726948f,0.09551738815740515f,4.458777070646125e-8f,0.2842136132394117f,0.4527843995055697f,0.8787850058239557f,3.0002999999999957f,2.43735717497196e-8f,-1.6725856779286684e-8f,0.14063908769963324f,0f,0f,0f,1f], start_interpolation: 0, interpolation_duration: 1 }
$data merge entity $(bone_head) { transformation: [-4.713811408943714e-8f,0.9055687990111388f,-0.4241994227453896f,-0.06596162869131694f,1.4862590235487083e-8f,0.4241994227453906f,0.9055687990111394f,1.0792122839731761f,1.0000999999999987f,3.6378465298088956e-8f,-3.345171355857337e-8f,1.4610007251092694e-8f,0f,0f,0f,1f], start_interpolation: 0, interpolation_duration: 1 }
$data merge entity $(bone_6) { transformation: [0.04204152017062515f,0.9478726946257763f,-0.31268627762295115f,-0.11095148732741775f,0.00559541840175995f,0.31310520913234385f,0.9497009433363449f,0.18199808250543426f,0.9980992945968112f,-0.041681187317105364f,0.007846746667037562f,-0.15222618455683518f,0f,0f,0f,1f], start_interpolation: 0, interpolation_duration: 1 }
$data merge entity $(bone_12) { transformation: [0.04204152017062515f,0.030362567167094928f,-0.9976539820728684f,-0.16476538919122657f,0.00559541840175995f,0.9995152569100372f,0.030594198205127515f,0.4650238858992027f,0.9980992945968112f,-0.006882275719988812f,0.041851249567179505f,-0.1515461215051333f,0f,0f,0f,1f], start_interpolation: 0, interpolation_duration: 1 }
$data merge entity $(bone_10) { transformation: [-4.7086267348612845e-8f,-0.19080899537654422f,-0.9806455562642153f,-0.24814605313184368f,1.4846243020949501e-8f,0.9816271834476638f,-0.19061818638116834f,0.8508482503633111f,0.9989999999999988f,-2.3581540591430278e-8f,-4.33883632494138e-8f,-0.016749990583222574f,0f,0f,0f,1f], start_interpolation: 0, interpolation_duration: 1 }
$data merge entity $(bone_9) { transformation: [-4.7133400749362204e-8f,0.5732904634076323f,-0.8193522103258525f,-0.056190405030617105f,1.4861104125074576e-8f,0.8193522103258536f,0.5732904634076325f,1.097938152599396f,0.9999999999999988f,1.4844650649830142e-8f,-4.713858530475433e-8f,-0.01674998520772885f,0f,0f,0f,1f], start_interpolation: 0, interpolation_duration: 1 }
$data merge entity $(item_display_item_display) { transformation: [-0.0000019001895873694432f,0.000009666199083634235f,8.621354663151059e-7f,-0.5160501039524095f,0.0000015508009447731942f,-5.695623047343133e-7f,0.000009760834354129984f,0.5008685527895398f,0.000009574360161297143f,0.000002000545308113034f,-0.0000014069103799766649f,2.242227264690971f,0f,0f,0f,1f], start_interpolation: 0, interpolation_duration: 1 }
$data merge entity $(bone_2) { transformation: [-0.38296384901448477f,-0.5967389151906243f,0.68930064920316f,-0.07210950391230533f,-0.09380192018149533f,0.7705383969749261f,0.6144139478706954f,0.7949677167368068f,-0.9059389420920455f,0.17247459331805037f,-0.355002332829306f,0.3404544249430803f,0f,0f,0f,1f], start_interpolation: 0, interpolation_duration: 1 }
$data merge entity $(bone_1) { transformation: [-0.38334719621069546f,-0.15335278683534145f,0.8987300154465829f,-0.11532427632680409f,-0.09389581599749282f,0.977374025786315f,0.12638803056062656f,1.1122080636939713f,-0.9068457878799254f,-0.03637219388607159f,-0.39300280554518974f,0.3258750117930245f,0f,0f,0f,1f], start_interpolation: 0, interpolation_duration: 1 }
$data merge entity $(bone_4) { transformation: [-0.025785809000795783f,-0.15939628760049085f,-0.9788100943710957f,-0.21503606037065132f,-0.1327406997141651f,0.9741981473173965f,-0.16505916864707026f,0.8333864638984779f,0.9789003839567845f,0.12592820776077804f,-0.04639250963311374f,-0.43148181175424904f,0f,0f,0f,1f], start_interpolation: 0, interpolation_duration: 1 }
$data merge entity $(bone_3) { transformation: [-0.0258116206214172f,0.4108145325627104f,-0.9026116535802391f,-0.07548233209887477f,-0.13287357328745256f,0.9019194622957525f,0.4035441028230379f,1.1131483111351856f,0.9798802642210055f,0.13049541136196283f,0.03132293206857134f,-0.39070204071861f,0f,0f,0f,1f], start_interpolation: 0, interpolation_duration: 1 }
$data merge entity $(bone_8) { transformation: [-0.052108025254444655f,-0.01758592445452939f,-0.998461702997655f,0.03759603294582242f,-0.0009524923351666575f,0.9988732564600266f,-0.01724641293554774f,0.36720563884878127f,0.9976396499717007f,0.000036314435535297895f,-0.05216047954090536f,0.14560996707056406f,0f,0f,0f,1f], start_interpolation: 0, interpolation_duration: 1 }
$data merge entity $(bone_7) { transformation: [-0.052108025254444655f,-0.851542969601824f,-0.5216412637182811f,-0.2393123150213915f,-0.0009524923351666575f,0.5221487323432912f,-0.8517076508653046f,0.47329619658567845f,0.9976396499717007f,-0.043972190522307164f,-0.02805643251280096f,0.1312500154439821f,0f,0f,0f,1f], start_interpolation: 0, interpolation_duration: 1 }