# This file was generated by Animated Java via MC-Build. It is not recommended to edit this file directly.
$data merge entity $(bone_layer) { transformation: [-4.7185252203526575e-8f,0.8962916672514843f,-0.44571543300131794f,-0.075244526140134f,1.4877452825722568e-8f,0.44571543300131894f,0.8962916672514848f,1.0856525628576867f,1.0011000999999986f,3.5621450861345974e-8f,-3.432796787091529e-8f,1.4310538781301925e-8f,0f,0f,0f,1f], start_interpolation: 0, interpolation_duration: 1 }
$data merge entity $(bone_l_1) { transformation: [-3.5353585567077855e-8f,0.671547203235378f,-0.44527016283847953f,0.14170558137402794f,1.1146942676615312e-8f,0.3339526221288604f,0.8953962709805043f,0.9160783854344154f,0.7500749999999989f,2.6689398747262223e-8f,-3.429367419671857e-8f,0.12188721455619476f,0f,0f,0f,1f], start_interpolation: 0, interpolation_duration: 1 }
$data merge entity $(bone_eye_l) { transformation: [-4.713811408943714e-8f,0.8953962709805039f,-0.44527016283847953f,-0.075244526140134f,1.4862590235487083e-8f,0.44527016283848053f,0.8953962709805043f,1.0856525628576867f,1.0000999999999987f,3.558586499634963e-8f,-3.429367419671857e-8f,1.4310538781301925e-8f,0f,0f,0f,1f], start_interpolation: 0, interpolation_duration: 1 }
$data merge entity $(bone_r_1) { transformation: [-3.5353585567077855e-8f,0.671547203235378f,-0.44527016283847953f,0.14170559286394327f,1.1146942676615312e-8f,0.3339526221288604f,0.8953962709805043f,0.916078381811659f,0.7500749999999989f,2.6689398747262223e-8f,-3.429367419671857e-8f,-0.1218871604438049f,0f,0f,0f,1f], start_interpolation: 0, interpolation_duration: 1 }
$data merge entity $(bone_eye_r) { transformation: [-4.713811408943714e-8f,0.8953962709805039f,-0.44527016283847953f,0.14451888118713752f,1.4862590235487083e-8f,0.44527016283848053f,0.8953962709805043f,0.9244575469765821f,1.0000999999999987f,3.558586499634963e-8f,-3.429367419671857e-8f,-0.1250124729357287f,0f,0f,0f,1f], start_interpolation: 0, interpolation_duration: 1 }
$data merge entity $(bone_eyes_down) { transformation: [-4.713811408943714e-8f,0.8953962709805039f,-0.44527016283847953f,-0.04726339267199325f,1.4862590235487083e-8f,0.44527016283848053f,0.8953962709805043f,1.0995672554463893f,1.0000999999999987f,3.558586499634963e-8f,-3.429367419671857e-8f,1.542259706243785e-8f,0f,0f,0f,1f], start_interpolation: 0, interpolation_duration: 1 }
$data merge entity $(bone_bone) { transformation: [-4.713811408943714e-8f,0.8953962709805039f,-0.44527016283847953f,-0.075244526140134f,1.4862590235487083e-8f,0.44527016283848053f,0.8953962709805043f,1.0856525628576867f,1.0000999999999987f,3.558586499634963e-8f,-3.429367419671857e-8f,1.4310538781301925e-8f,0f,0f,0f,1f], start_interpolation: 0, interpolation_duration: 1 }
$data merge entity $(bone_l) { transformation: [-0.15548397716750964f,0.6613448861207795f,-0.44527016283847953f,0.24171916483898254f,-0.07732033770956537f,0.3288791333469043f,0.8953962709805043f,0.9570887915448496f,0.9849062276080873f,0.1302491831474494f,-3.429367419671857e-8f,0.12501253116071517f,0f,0f,0f,1f], start_interpolation: 0, interpolation_duration: 1 }
$data merge entity $(bone_r) { transformation: [0.15548388432354923f,0.6613448983989508f,-0.44527016283847953f,0.24171917662351106f,0.07732036698315356f,0.32887912947561165f,0.8953962709805043f,0.957088787829202f,0.9849062399669286f,-0.13024913057959578f,-3.429367419671857e-8f,-0.1250124688392845f,0f,0f,0f,1f], start_interpolation: 0, interpolation_duration: 1 }
$data merge entity $(bone_sad) { transformation: [-1.4141434226831142e-7f,0.5999155015569376f,-0.22263508141923977f,0.09102484505728722f,4.458777070646125e-8f,0.29833100910178195f,0.44769813549025217f,0.8891304073698698f,3.0002999999999957f,2.3842529547554254e-8f,-1.7146837098359285e-8f,0.14063908756791604f,0f,0f,0f,1f], start_interpolation: 0, interpolation_duration: 1 }
$data merge entity $(bone_head) { transformation: [-4.713811408943714e-8f,0.8953962709805039f,-0.44527016283847953f,-0.075244526140134f,1.4862590235487083e-8f,0.44527016283848053f,0.8953962709805043f,1.0856525628576867f,1.0000999999999987f,3.558586499634963e-8f,-3.429367419671857e-8f,1.4310538781301925e-8f,0f,0f,0f,1f], start_interpolation: 0, interpolation_duration: 1 }
$data merge entity $(bone_6) { transformation: [0.043057465951209586f,0.9443091437522273f,-0.323153277681956f,-0.10757546746116209f,0.005524036067927551f,0.3235835341730273f,0.9461830452854239f,0.1835231340441817f,0.9980563809982783f,-0.04252970746585499f,0.00870432988275178f,-0.15260805277035155f,0f,0f,0f,1f], start_interpolation: 0, interpolation_duration: 1 }
$data merge entity $(bone_12) { transformation: [0.043057465951209586f,0.019307998269362858f,-0.9978852644735698f,-0.1645129219775019f,0.005524036067927551f,0.999793312303137f,0.01954460149061993f,0.4659365407226027f,0.9980563809982783f,-0.0063666220833623775f,0.04294190842389996f,-0.15171479595480347f,0f,0f,0f,1f], start_interpolation: 0, interpolation_duration: 1 }
$data merge entity $(bone_10) { transformation: [-4.7086267348612845e-8f,-0.20195939404183838f,-0.9784145019184549f,-0.25273168651391303f,1.4846243020949501e-8f,0.9793938958142699f,-0.2017574346477975f,0.857506067408358f,0.9989999999999988f,-2.407390767982388e-8f,-4.3117664542926276e-8f,-0.01668846722702587f,0f,0f,0f,1f], start_interpolation: 0, interpolation_duration: 1 }
$data merge entity $(bone_9) { transformation: [-4.7133400749362204e-8f,0.5675047387284932f,-0.8233701303306447f,-0.0625212973748426f,1.4861104125074576e-8f,0.8233701303306459f,0.567504738728493f,1.1059419715940522f,0.9999999999999988f,1.4512239042697599e-8f,-4.7241981281659926e-8f,-0.01668846195379521f,0f,0f,0f,1f], start_interpolation: 0, interpolation_duration: 1 }
$data merge entity $(item_display_item_display) { transformation: [-0.0000018695583974550037f,0.000009681584377523511f,7.491549687310569e-7f,-0.507540853935841f,0.0000014338301244923296f,-4.841630548936456e-7f,0.000009783282537324634f,0.48593804729806234f,0.000009598591516941137f,0.000001947947009137426f,-0.000001312520969749818f,2.2379947769575437f,0f,0f,0f,1f], start_interpolation: 0, interpolation_duration: 1 }
$data merge entity $(bone_2) { transformation: [-0.3863968596553259f,-0.6042088117047009f,0.6808265248832914f,-0.07622614445911619f,-0.088876849501333f,0.7622154229998663f,0.6254258976979766f,0.803930439843627f,-0.9049772644391678f,0.18312181807563874f,-0.35211394483635816f,0.3371618099998043f,0f,0f,0f,1f], start_interpolation: 0, interpolation_duration: 1 }
$data merge entity $(bone_1) { transformation: [-0.3867836432986245f,-0.1641320946190578f,0.8953511605187242f,-0.12281733276769691f,-0.08896581531664964f,0.9759593387461963f,0.14011878419495427f,1.120161610996427f,-0.9058831475867546f,-0.0257686753646384f,-0.3960477316858425f,0.3259980584304285f,0f,0f,0f,1f], start_interpolation: 0, interpolation_duration: 1 }
$data merge entity $(bone_4) { transformation: [-0.02103738186064224f,-0.15473882374517572f,-0.9796140362313468f,-0.22339832682796112f,-0.13187287743762954f,0.975047440695684f,-0.16103663329427814f,0.8363096084428133f,0.9791096141306773f,0.12612988055372967f,-0.04109572348498623f,-0.4308364611814835f,0f,0f,0f,1f], start_interpolation: 0, interpolation_duration: 1 }
$data merge entity $(bone_3) { transformation: [-0.02105844030094318f,0.4131536908319732f,-0.9016051193884324f,-0.08274627234146978f,-0.1320048823199495f,0.9012860458572627f,0.40538102127867254f,1.1157809756458044f,0.9800897038345119f,0.1278010907092835f,0.035559618540840054f,-0.39095498494044584f,0f,0f,0f,1f], start_interpolation: 0, interpolation_duration: 1 }
$data merge entity $(bone_8) { transformation: [-0.05303145303074718f,-0.022489711972605186f,-0.9983160069168646f,0.03273154856258337f,-0.000166464922963655f,0.9987743515022158f,-0.022203592630814117f,0.36728569288962015f,0.997591430402297f,-0.0010276990976971143f,-0.05306672729602338f,0.1459775982402621f,0f,0f,0f,1f], start_interpolation: 0, interpolation_duration: 1 }
$data merge entity $(bone_7) { transformation: [-0.05303145303074718f,-0.854054893886475f,-0.5174271688263057f,-0.24468082589546192f,-0.000166464922963655f,0.517914747797851f,-0.85428772597871f,0.47200016480302553f,0.997591430402297f,-0.04530820618144234f,-0.027645979164533707f,0.1312500154439821f,0f,0f,0f,1f], start_interpolation: 0, interpolation_duration: 1 }