# This file was generated by Animated Java via MC-Build. It is not recommended to edit this file directly.
$data merge entity $(bone_layer) { transformation: [-4.7185252203526575e-8f,0.8853636835880417f,-0.46704619448552603f,-0.0835199752487914f,1.4877452825722568e-8f,0.4670461944855271f,0.8853636835880423f,1.091515896907117f,1.0011000999999986f,3.478937916158634e-8f,-3.5170957296685294e-8f,1.4044371398395176e-8f,0f,0f,0f,1f], start_interpolation: 0, interpolation_duration: 1 }
$data merge entity $(bone_l_1) { transformation: [-3.5353585567077855e-8f,0.6633594032877436f,-0.4665796148706554f,0.1374277975962388f,1.1146942676615312e-8f,0.34993471115299235f,0.8844792043836587f,0.9271844256453204f,0.7500749999999989f,2.606596840278697e-8f,-3.513582147521009e-8f,0.12188721440053854f,0f,0f,0f,1f], start_interpolation: 0, interpolation_duration: 1 }
$data merge entity $(bone_eye_l) { transformation: [-4.713811408943714e-8f,0.8844792043836581f,-0.4665796148706554f,-0.0835199752487914f,1.4862590235487083e-8f,0.46657961487065647f,0.8844792043836587f,1.091515896907117f,1.0000999999999987f,3.475462453704929e-8f,-3.513582147521009e-8f,1.4044371398395176e-8f,0f,0f,0f,1f], start_interpolation: 0, interpolation_duration: 1 }
$data merge entity $(bone_r_1) { transformation: [-3.5353585567077855e-8f,0.6633594032877436f,-0.4665796148706554f,0.1374278090861541f,1.1146942676615312e-8f,0.34993471115299235f,0.8844792043836587f,0.9271844220225641f,0.7500749999999989f,2.606596840278697e-8f,-3.513582147521009e-8f,-0.12188716059946116f,0f,0f,0f,1f], start_interpolation: 0, interpolation_duration: 1 }
$data merge entity $(bone_eye_r) { transformation: [-4.713811408943714e-8f,0.8844792043836581f,-0.4665796148706554f,0.14003968166791697f,1.4862590235487083e-8f,0.46657961487065647f,0.8844792043836587f,0.935628539596458f,1.0000999999999987f,3.475462453704929e-8f,-3.513582147521009e-8f,-0.12501247310184363f,0f,0f,0f,1f], start_interpolation: 0, interpolation_duration: 1 }
$data merge entity $(bone_eyes_down) { transformation: [-4.713811408943714e-8f,0.8844792043836581f,-0.4665796148706554f,-0.05588000011180208f,1.4862590235487083e-8f,0.46657961487065647f,0.8844792043836587f,1.106096509871825f,1.0000999999999987f,3.475462453704929e-8f,-3.513582147521009e-8f,1.5130453415177966e-8f,0f,0f,0f,1f], start_interpolation: 0, interpolation_duration: 1 }
$data merge entity $(bone_bone) { transformation: [-4.713811408943714e-8f,0.8844792043836581f,-0.4665796148706554f,-0.0835199752487914f,1.4862590235487083e-8f,0.46657961487065647f,0.8844792043836587f,1.091515896907117f,1.0000999999999987f,3.475462453704929e-8f,-3.513582147521009e-8f,1.4044371398395176e-8f,0f,0f,0f,1f], start_interpolation: 0, interpolation_duration: 1 }
$data merge entity $(bone_l) { transformation: [-0.15358824844749885f,0.6532814772522362f,-0.4665796148706554f,0.23643086491272236f,-0.08102068522203358f,0.34461841852720076f,0.8844792043836587f,0.9705775466357615f,0.9849062277524308f,0.13024918253349035f,-3.513582147521009e-8f,0.1250125309220201f,0f,0f,0f,1f], start_interpolation: 0, interpolation_duration: 1 }
$data merge entity $(bone_r) { transformation: [0.15358815560353845f,0.6532814895304075f,-0.4665796148706554f,0.23643087669725082f,0.08102071449562177f,0.34461841465590815f,0.8844792043836587f,0.9705775429201139f,0.9849062398225852f,-0.13024913119355483f,-3.513582147521009e-8f,-0.12501246907797955f,0f,0f,0f,1f], start_interpolation: 0, interpolation_duration: 1 }
$data merge entity $(bone_sad) { transformation: [-1.4141434226831142e-7f,0.592601066937051f,-0.2332898074353277f,0.08754462475496627f,4.458777070646125e-8f,0.31260834196333986f,0.44223960219182934f,0.8991035269754052f,3.0002999999999957f,2.3285598439823028e-8f,-1.7567910737605045e-8f,0.14063908746668813f,0f,0f,0f,1f], start_interpolation: 0, interpolation_duration: 1 }
$data merge entity $(bone_head) { transformation: [-4.713811408943714e-8f,0.8844792043836581f,-0.4665796148706554f,-0.0835199752487914f,1.4862590235487083e-8f,0.46657961487065647f,0.8844792043836587f,1.091515896907117f,1.0000999999999987f,3.475462453704929e-8f,-3.513582147521009e-8f,1.4044371398395176e-8f,0f,0f,0f,1f], start_interpolation: 0, interpolation_duration: 1 }
$data merge entity $(bone_6) { transformation: [0.043821196641327734f,0.9410899723503301f,-0.332310925122768f,-0.10422993016289711f,0.005132437130738833f,0.3327652338960514f,0.9429956049885198f,0.1849839067531931f,0.9980252305498198f,-0.04303256477208741f,0.009741634220352974f,-0.15304077878459002f,0f,0f,0f,1f], start_interpolation: 0, interpolation_duration: 1 }
$data merge entity $(bone_12) { transformation: [0.043821196641327734f,0.009601603081206084f,-0.9979923327523944f,-0.16390400009333256f,0.005132437130738833f,0.9999384244321825f,0.009826457227433028f,0.466830742201459f,0.9980252305498198f,-0.0055638621797592875f,0.043769218702093535f,-0.1518700388537665f,0f,0f,0f,1f], start_interpolation: 0, interpolation_duration: 1 }
$data merge entity $(bone_10) { transformation: [-4.7086267348612845e-8f,-0.21111155235896456f,-0.9764845129686274f,-0.2564715756083089f,1.4846243020949501e-8f,0.9774619749435718f,-0.21090044080660636f,0.8637121275312949f,0.9989999999999988f,-2.447656954800028e-8f,-4.289082243414327e-8f,-0.016601553222010176f,0f,0f,0f,1f], start_interpolation: 0, interpolation_duration: 1 }
$data merge entity $(bone_9) { transformation: [-4.7133400749362204e-8f,0.5623540092349728f,-0.8268965886356952f,-0.06781568852494715f,1.4861104125074576e-8f,0.8268965886356963f,0.5623540092349729f,1.1133305300856535f,0.9999999999999988f,1.4217060581575778e-8f,-4.733164972688896e-8f,-0.016601548039621716f,0f,0f,0f,1f], start_interpolation: 0, interpolation_duration: 1 }
$data merge entity $(item_display_item_display) { transformation: [-0.0000018440861236293654f,0.00000969415149035404f,6.423232757150631e-7f,-0.4997784373982319f,0.0000013202203441524822f,-4.0256824208976046e-7f,0.000009802929138529989f,0.47127903455216746f,0.000009619794236261718f,0.0000019035107474784861f,-0.0000012192468096176744f,2.233393326675055f,0f,0f,0f,1f], start_interpolation: 0, interpolation_duration: 1 }
$data merge entity $(bone_2) { transformation: [-0.38924278679050467f,-0.6112955292643333f,0.6728342204668343f,-0.07974383147990483f,-0.08401838184873126f,0.7540637197571746f,0.6358879181698849f,0.8123433208313227f,-0.9042214557970094f,0.19308009193909909f,-0.34872225042081595f,0.33403459514034656f,0f,0f,0f,1f], start_interpolation: 0, interpolation_duration: 1 }
$data merge entity $(bone_1) { transformation: [-0.38963241920971436f,-0.17433404909627614f,0.8921859400682524f,-0.12950956821252846f,-0.08410248433306432f,0.9744062723100264f,0.15329042504780105f,1.1275193985687975f,-0.9051265823793888f,-0.015493734494153033f,-0.39830525232940867f,0.3261718863416741f,0f,0f,0f,1f], start_interpolation: 0, interpolation_duration: 1 }
$data merge entity $(bone_4) { transformation: [-0.016746834720364177f,-0.14922489574748404f,-0.9805049693424517f,-0.23109424292237712f,-0.1311201712929708f,0.9759994702475095f,-0.1560982466287028f,0.8385346258241524f,0.9792734104593407f,0.12636591291219895f,-0.03615496593718254f,-0.43015122653308324f,0f,0f,0f,1f], start_interpolation: 0, interpolation_duration: 1 }
$data merge entity $(bone_3) { transformation: [-0.01676359831868286f,0.41626165847904195f,-0.9002134725143625f,-0.08910632856970827f,-0.1312514227156865f,0.900245685840253f,0.4080432987441247f,1.1175758748618212f,0.9802536641234642f,0.12535105032862942f,0.039530237661335815f,-0.3910914755147016f,0f,0f,0f,1f], start_interpolation: 0, interpolation_duration: 1 }
$data merge entity $(bone_8) { transformation: [-0.05395452635538977f,-0.02739206764690888f,-0.9981453539445081f,0.02840690765253684f,0.0006211615949294896f,0.9986502409488683f,-0.02716137292759302f,0.3675718342611545f,0.9975417524982413f,-0.002102239641801274f,-0.05396331121918886f,0.14634373630750447f,0f,0f,0f,1f], start_interpolation: 0, interpolation_duration: 1 }
$data merge entity $(bone_7) { transformation: [-0.05395452635538977f,-0.8565450004131672f,-0.5132008722110553f,-0.24950246176953245f,0.0006211615949294896f,0.5136667137536226f,-0.8568468656114105f,0.4709072580203726f,0.9975417524982413f,-0.0466417276061934f,-0.027221455052224f,0.1312500154439821f,0f,0f,0f,1f], start_interpolation: 0, interpolation_duration: 1 }