# This file was generated by Animated Java via MC-Build. It is not recommended to edit this file directly.
$data merge entity $(bone_layer) { transformation: [-4.7185252203526575e-8f,0.8739813822356587f,-0.48801387634517635f,-0.09044611193544738f,1.4877452825722568e-8f,0.48801387634517746f,0.8739813822356592f,1.0964143336770142f,1.0011000999999986f,3.3941289688237995e-8f,-3.599008188255464e-8f,1.3821640215773232e-8f,0f,0f,0f,1f], start_interpolation: 0, interpolation_duration: 1 }
$data merge entity $(bone_l_1) { transformation: [-3.5353585567077855e-8f,0.6548312054712728f,-0.48752634999518124f,0.13435531742947432f,1.1146942676615312e-8f,0.3656447624963868f,0.8731082739616977f,0.9373952527379611f,0.7500749999999989f,2.5430536729449047e-8f,-3.5954127754799844e-8f,0.12188721428049532f,0f,0f,0f,1f], start_interpolation: 0, interpolation_duration: 1 }
$data merge entity $(bone_eye_l) { transformation: [-4.713811408943714e-8f,0.8731082739616971f,-0.48752634999518124f,-0.09044611193544738f,1.4862590235487083e-8f,0.48752634999518235f,0.8731082739616977f,1.0964143336770142f,1.0000999999999987f,3.3907382305932064e-8f,-3.5954127754799844e-8f,1.3821640215773232e-8f,0f,0f,0f,1f], start_interpolation: 0, interpolation_duration: 1 }
$data merge entity $(bone_r_1) { transformation: [-3.5353585567077855e-8f,0.6548312054712728f,-0.48752634999518124f,0.13435532891938962f,1.1146942676615312e-8f,0.3656447624963868f,0.8731082739616977f,0.9373952491152047f,0.7500749999999989f,2.5430536729449047e-8f,-3.5954127754799844e-8f,-0.12188716071950437f,0f,0f,0f,1f], start_interpolation: 0, interpolation_duration: 1 }
$data merge entity $(bone_eye_r) { transformation: [-4.713811408943714e-8f,0.8731082739616971f,-0.48752634999518124f,0.13676521609148695f,1.4862590235487083e-8f,0.48752634999518235f,0.8731082739616977f,0.9458992154684895f,1.0000999999999987f,3.3907382305932064e-8f,-3.5954127754799844e-8f,-0.12501247323229653f,0f,0f,0f,1f], start_interpolation: 0, interpolation_duration: 1 }
$data merge entity $(bone_eyes_down) { transformation: [-4.713811408943714e-8f,0.8731082739616971f,-0.48752634999518124f,-0.06316147837414435f,1.4862590235487083e-8f,0.48752634999518235f,0.8731082739616977f,1.1116495321143638f,1.0000999999999987f,3.3907382305932064e-8f,-3.5954127754799844e-8f,1.4881245912833608e-8f,0f,0f,0f,1f], start_interpolation: 0, interpolation_duration: 1 }
$data merge entity $(bone_bone) { transformation: [-4.713811408943714e-8f,0.8731082739616971f,-0.48752634999518124f,-0.09044611193544738f,1.4862590235487083e-8f,0.48752634999518235f,0.8731082739616977f,1.0964143336770142f,1.0000999999999987f,3.3907382305932064e-8f,-3.5954127754799844e-8f,1.3821640215773232e-8f,0f,0f,0f,1f], start_interpolation: 0, interpolation_duration: 1 }
$data merge entity $(bone_l) { transformation: [-0.15161370710134786f,0.644882841923354f,-0.48752634999518124f,0.23229610267800055f,-0.08465804760447938f,0.36008979889039544f,0.8731082739616977f,0.9831355290029365f,0.9849062278995528f,0.1302491819077123f,-3.5954127754799844e-8f,0.12501253071702662f,0f,0f,0f,1f], start_interpolation: 0, interpolation_duration: 1 }
$data merge entity $(bone_r) { transformation: [0.15161361425738745f,0.6448828542015254f,-0.48752634999518124f,0.23229611446252907f,0.08465807687806758f,0.3600897950191028f,0.8731082739616977f,0.983135525287289f,0.9849062396754631f,-0.13024913181933287f,-3.5954127754799844e-8f,-0.12501246928297305f,0f,0f,0f,1f], start_interpolation: 0, interpolation_duration: 1 }
$data merge entity $(bone_sad) { transformation: [-1.4141434226831142e-7f,0.5849825435543371f,-0.24376317499759062f,0.08528571256336775f,4.458777070646125e-8f,0.3266426544967722f,0.43655413698084883f,0.9082061756877194f,3.0002999999999957f,2.2717946144974485e-8f,-1.7977063877399922e-8f,0.1406390874014599f,0f,0f,0f,1f], start_interpolation: 0, interpolation_duration: 1 }
$data merge entity $(bone_head) { transformation: [-4.713811408943714e-8f,0.8731082739616971f,-0.48752634999518124f,-0.09044611193544738f,1.4862590235487083e-8f,0.48752634999518235f,0.8731082739616977f,1.0964143336770142f,1.0000999999999987f,3.3907382305932064e-8f,-3.5954127754799844e-8f,1.3821640215773232e-8f,0f,0f,0f,1f], start_interpolation: 0, interpolation_duration: 1 }
$data merge entity $(bone_6) { transformation: [0.04429509818224263f,0.9384355585964893f,-0.33967286165128846f,-0.10095609968749715f,0.004449352724573465f,0.34016187175353213f,0.9403563456550366f,0.18619878500458337f,0.9980075889177186f,-0.04316760296716912f,0.010883550194098276f,-0.15349442394400453f,0f,0f,0f,1f], start_interpolation: 0, interpolation_duration: 1 }
$data merge entity $(bone_12) { transformation: [0.04429509818224263f,0.0017757826781268915f,-0.9980159303220367f,-0.16283265645440126f,0.004449352724573465f,0.9999881310523117f,0.001973211358621163f,0.4675687725729598f,0.9980075889177186f,-0.004536997948509561f,0.04428667136254231f,-0.15200253765686395f,0f,0f,0f,1f], start_interpolation: 0, interpolation_duration: 1 }
$data merge entity $(bone_10) { transformation: [-4.7086267348612845e-8f,-0.21779724568053438f,-0.9750180427144837f,-0.2591733549337577f,1.4846243020949501e-8f,0.9759940367512356f,-0.21757944843485477f,0.8691103063735677f,0.9989999999999988f,-2.476987382808101e-8f,-4.272244527642699e-8f,-0.01649510794055975f,0f,0f,0f,1f], start_interpolation: 0, interpolation_duration: 1 }
$data merge entity $(bone_9) { transformation: [-4.7133400749362204e-8f,0.5581321080822819f,-0.8297521014903342f,-0.07179219457225816f,1.4861104125074576e-8f,0.8297521014903354f,0.5581321080822819f,1.119687023900512f,0.9999999999999988f,1.3975631949013043e-8f,-4.740349764600529e-8f,-0.016495102832495116f,0f,0f,0f,1f], start_interpolation: 0, interpolation_duration: 1 }
$data merge entity $(item_display_item_display) { transformation: [-0.0000018231094171171782f,0.000009703879946608748f,5.486977269151276e-7f,-0.4929161025432459f,0.0000012142458760720975f,-3.3140910528193556e-7f,0.000009819256454960794f,0.4572969019506862f,0.000009637736017455092f,0.000001867316111422896f,-0.000001130351779101311f,2.228667114549435f,0f,0f,0f,1f], start_interpolation: 0, interpolation_duration: 1 }
$data merge entity $(bone_2) { transformation: [-0.39155338588225297f,-0.6174840084314774f,0.6658079880419917f,-0.082514779022597f,-0.07921001285017819f,0.7466185577249891f,0.6452183559338982f,0.8197460953969159f,-0.9036576766392225f,0.20211003945339076f,-0.3450500498038413f,0.3311637958635666f,0f,0f,0f,1f], start_interpolation: 0, interpolation_duration: 1 }
$data merge entity $(bone_1) { transformation: [-0.3919453312134664f,-0.18326723117080085f,0.8893817513239847f,-0.13503087531148694f,-0.07928930215233052f,0.9728713655676249f,0.16512814306462137f,1.1338661377224162f,-0.9045622388781006f,-0.0058675410158731825f,-0.39984193987113403f,0.326384776788634f,0f,0f,0f,1f], start_interpolation: 0, interpolation_duration: 1 }
$data merge entity $(bone_4) { transformation: [-0.012964079548729635f,-0.14256926050527768f,-0.9815179215061286f,-0.23793307125824298f,-0.13039956515236117f,0.9770920340421796f,-0.149960565299053f,0.8397961689823178f,0.9794084963296874f,0.12654904063319575f,-0.031568954567738186f,-0.429414394164208f,0f,0f,0f,1f], start_interpolation: 0, interpolation_duration: 1 }
$data merge entity $(bone_3) { transformation: [-0.01297705660533497f,0.4203985556799591f,-0.8983142427129478f,-0.09429143683053531f,-0.13053009524760878f,0.8986795940650799f,0.4117912108636106f,1.1182259649053696f,0.9803888852149023f,0.12306989002045313f,0.04318634909361658f,-0.39112262644618223f,0f,0f,0f,1f], start_interpolation: 0, interpolation_duration: 1 }
$data merge entity $(bone_8) { transformation: [-0.05395452635538977f,-0.02739206764690888f,-0.9981453539445081f,0.024930345152536892f,0.0006211615949294896f,0.9986502409488683f,-0.02716137292759302f,0.36842339676115443f,0.9975417524982413f,-0.002102239641801274f,-0.05396331121918886f,0.14634373630750447f,0f,0f,0f,1f], start_interpolation: 0, interpolation_duration: 1 }
$data merge entity $(bone_7) { transformation: [-0.05395452635538977f,-0.8565450004131672f,-0.5132008722110553f,-0.2529790242695324f,0.0006211615949294896f,0.5136667137536226f,-0.8568468656114105f,0.4717588205203726f,0.9975417524982413f,-0.0466417276061934f,-0.027221455052224f,0.1312500154439821f,0f,0f,0f,1f], start_interpolation: 0, interpolation_duration: 1 }