# This file was generated by Animated Java via MC-Build. It is not recommended to edit this file directly.
$data merge entity $(bone_layer) { transformation: [-4.7185252203526575e-8f,0.8624907896019666f,-0.508045901323664f,-0.09568107211826016f,1.4877452825722568e-8f,0.5080459013236651f,0.862490789601967f,1.0999599207229243f,1.0011000999999986f,3.31020009728398e-8f,-3.676349644971206e-8f,1.3652480346836878e-8f,0f,0f,0f,1f], start_interpolation: 0, interpolation_duration: 1 }
$data merge entity $(bone_l_1) { transformation: [-3.5353585567077855e-8f,0.6462218703311439f,-0.5075383629607033f,0.132728946987263f,1.1146942676615312e-8f,0.3806537722205283f,0.8616291604415256f,0.9461691085886945f,0.7500749999999989f,2.4801699030599253e-8f,-3.6726769680032035e-8f,0.12188721420372269f,0f,0f,0f,1f], start_interpolation: 0, interpolation_duration: 1 }
$data merge entity $(bone_eye_l) { transformation: [-4.713811408943714e-8f,0.8616291604415252f,-0.5075383629607033f,-0.09568107211826016f,1.4862590235487083e-8f,0.5075383629607044f,0.8616291604415256f,1.0999599207229243f,1.0000999999999987f,3.3068932040799004e-8f,-3.6726769680032035e-8f,1.3652480346836878e-8f,0f,0f,0f,1f], start_interpolation: 0, interpolation_duration: 1 }
$data merge entity $(bone_r_1) { transformation: [-3.5353585567077855e-8f,0.6462218703311439f,-0.5075383629607033f,0.13272895847717833f,1.1146942676615312e-8f,0.3806537722205283f,0.8616291604415256f,0.9461691049659382f,0.7500749999999989f,2.4801699030599253e-8f,-3.6726769680032035e-8f,-0.12188716079627697f,0f,0f,0f,1f], start_interpolation: 0, interpolation_duration: 1 }
$data merge entity $(bone_eye_r) { transformation: [-4.713811408943714e-8f,0.8616291604415252f,-0.5075383629607033f,0.13494202610874007f,1.4862590235487083e-8f,0.5075383629607044f,0.8616291604415256f,0.9547264019407565f,1.0000999999999987f,3.3068932040799004e-8f,-3.6726769680032035e-8f,-0.12501247331913845f,0f,0f,0f,1f], start_interpolation: 0, interpolation_duration: 1 }
$data merge entity $(bone_eyes_down) { transformation: [-4.713811408943714e-8f,0.8616291604415252f,-0.5075383629607033f,-0.0687551608544625f,1.4862590235487083e-8f,0.5075383629607044f,0.8616291604415256f,1.1158204945654462f,1.0000999999999987f,3.3068932040799004e-8f,-3.6726769680032035e-8f,1.4685884473111847e-8f,0f,0f,0f,1f], start_interpolation: 0, interpolation_duration: 1 }
$data merge entity $(bone_bone) { transformation: [-4.713811408943714e-8f,0.8616291604415252f,-0.5075383629607033f,-0.09568107211826016f,1.4862590235487083e-8f,0.5075383629607044f,0.8616291604415256f,1.0999599207229243f,1.0000999999999987f,3.3068932040799004e-8f,-3.6726769680032035e-8f,1.3652480346836878e-8f,0f,0f,0f,1f], start_interpolation: 0, interpolation_duration: 1 }
$data merge entity $(bone_l) { transformation: [-0.14962037995733818f,0.6364043019290745f,-0.5075383629607033f,0.22958848416068883f,-0.08813309718738928f,0.37487078803176566f,0.8616291604415256f,0.9941566105758917f,0.9849062280451482f,0.13024918128842808f,-3.6726769680032035e-8f,0.1250125305558948f,0f,0f,0f,1f], start_interpolation: 0, interpolation_duration: 1 }
$data merge entity $(bone_r) { transformation: [0.14962028711337777f,0.6364043142072459f,-0.5075383629607033f,0.22958849594521735f,0.08813312646097747f,0.37487078416047304f,0.8616291604415256f,0.9941566068602441f,0.9849062395298678f,-0.1302491324386171f,-3.6726769680032035e-8f,-0.12501246944410485f,0f,0f,0f,1f], start_interpolation: 0, interpolation_duration: 1 }
$data merge entity $(bone_sad) { transformation: [-1.4141434226831142e-7f,0.5772915374958218f,-0.25376918148035166f,0.084468061558993f,4.458777070646125e-8f,0.340050703183672f,0.4308145802207628f,0.9159278501762586f,3.0002999999999957f,2.2156184467335333e-8f,-1.8363384840016018e-8f,0.14063908737844152f,0f,0f,0f,1f], start_interpolation: 0, interpolation_duration: 1 }
$data merge entity $(bone_head) { transformation: [-4.713811408943714e-8f,0.8616291604415252f,-0.5075383629607033f,-0.09568107211826016f,1.4862590235487083e-8f,0.5075383629607044f,0.8616291604415256f,1.0999599207229243f,1.0000999999999987f,3.3068932040799004e-8f,-3.6726769680032035e-8f,1.3652480346836878e-8f,0f,0f,0f,1f], start_interpolation: 0, interpolation_duration: 1 }
$data merge entity $(bone_6) { transformation: [0.04444161476199307f,0.936573141879489f,-0.34475602857891174f,-0.09779708211794821f,0.0035028073024733148f,0.3452877640749493f,0.9384902990777179f,0.18697807471101335f,0.9980048462900108f,-0.042917927130834276f,0.012058221942312979f,-0.15393866397814673f,0f,0f,0f,1f], start_interpolation: 0, interpolation_duration: 1 }
$data merge entity $(bone_12) { transformation: [0.04444161476199307f,-0.003637815806464273f,-0.9980043765573772f,-0.16119549134835237f,0.0035028073024733148f,0.9999877792800055f,-0.003481777348584625f,0.4680070265492284f,0.9980048462900108f,-0.003347773409538325f,0.044453814221234914f,-0.1521018618607522f,0f,0f,0f,1f], start_interpolation: 0, interpolation_duration: 1 }
$data merge entity $(bone_10) { transformation: [-4.7086267348612845e-8f,-0.22154849761946677f,-0.9741742049512567f,-0.26064521007511793f,1.4846243020949501e-8f,0.975149354305563f,-0.22132694912184825f,0.8733434509888774f,0.9989999999999988f,-2.493413017513748e-8f,-4.26269803352022e-8f,-0.016374990755069544f,0f,0f,0f,1f], start_interpolation: 0, interpolation_duration: 1 }
$data merge entity $(bone_9) { transformation: [-4.7133400749362204e-8f,0.5551348004121806f,-0.8317603942069653f,-0.07416932878682767f,1.4861104125074576e-8f,0.8317603942069666f,0.5551348004121806f,1.1245945929221142f,0.9999999999999988f,1.3804513198433622e-8f,-4.7453612010081755e-8f,-0.016374985699696483f,0f,0f,0f,1f], start_interpolation: 0, interpolation_duration: 1 }
$data merge entity $(item_display_item_display) { transformation: [-0.0000018061988128049927f,0.000009710918548076326f,4.7542068651728684e-7f,-0.4871560157933605f,0.0000011200525857690728f,-2.7743572948389636e-7f,0.000009832098769527432f,0.44434099438388147f,0.000009652316022086328f,0.0000018393145032515786f,-0.0000010489855220245439f,2.2240730499735255f,0f,0f,0f,1f], start_interpolation: 0, interpolation_duration: 1 }
$data merge entity $(bone_2) { transformation: [-0.3933704701137778f,-0.6222729739684759f,0.6602569192292423f,-0.08438991852323448f,-0.07441784242106561f,0.7404413857483334f,0.6528591616319189f,0.8256678503832452f,-0.9032757799545156f,0.2099931894022161f,-0.34132426858835924f,0.3286346288200872f,0f,0f,0f,1f], start_interpolation: 0, interpolation_duration: 1 }
$data merge entity $(bone_1) { transformation: [-0.3937642343481259f,-0.19023914471018277f,0.8871143789509895f,-0.13901114671476067f,-0.07449233475582143f,0.9715457771548754f,0.1748637571029894f,1.138786539768616f,-0.90417995991443f,0.0028054790084728783f,-0.40073872437066327f,0.3266250110331806f,0f,0f,0f,1f], start_interpolation: 0, interpolation_duration: 1 }
$data merge entity $(bone_4) { transformation: [-0.009731166780495026f,-0.13448294279141126f,-0.982677235207388f,-0.2437183125574402f,-0.12963449727541682f,0.9783513573712086f,-0.14233576898242695f,0.8398381943908357f,0.979530562542799f,0.12659784972850865f,-0.027331756877896518f,-0.42861778625135805f,0f,0f,0f,1f], start_interpolation: 0, interpolation_duration: 1 }
$data merge entity $(bone_3) { transformation: [-0.009740907688183208f,0.4258228679019942f,-0.895776253128199f,-0.0980254865730227f,-0.12976426153695378f,0.8964591807581993f,0.41688342115781407f,1.1174300033315012f,0.9805110736164154f,0.12088413811247896f,0.04648726323110039f,-0.39106253192411744f,0f,0f,0f,1f], start_interpolation: 0, interpolation_duration: 1 }
$data merge entity $(bone_8) { transformation: [-0.05395452635538977f,-0.02739206764690888f,-0.9981453539445081f,0.02246940765253691f,0.0006211615949294896f,0.9986502409488683f,-0.02716137292759302f,0.36938433426115447f,0.9975417524982413f,-0.002102239641801274f,-0.05396331121918886f,0.14634373630750447f,0f,0f,0f,1f], start_interpolation: 0, interpolation_duration: 1 }
$data merge entity $(bone_7) { transformation: [-0.05395452635538977f,-0.8565450004131672f,-0.5132008722110553f,-0.2554399617695324f,0.0006211615949294896f,0.5136667137536226f,-0.8568468656114105f,0.4727197580203726f,0.9975417524982413f,-0.0466417276061934f,-0.027221455052224f,0.1312500154439821f,0f,0f,0f,1f], start_interpolation: 0, interpolation_duration: 1 }