# This file was generated by Animated Java via MC-Build. It is not recommended to edit this file directly.
$data merge entity $(bone_layer) { transformation: [-4.7185252203526575e-8f,0.8512887534790097f,-0.5266008528289253f,-0.0988829917153885f,1.4877452825722568e-8f,0.5266008528289264f,0.8512887534790101f,1.101764705600394f,1.0011000999999986f,3.22982638497275e-8f,-3.7471579789318506e-8f,1.35470269049869e-8f,0f,0f,0f,1f], start_interpolation: 0, interpolation_duration: 1 }
$data merge entity $(bone_l_1) { transformation: [-3.5353585567077855e-8f,0.6378287363728845f,-0.5260747780508745f,0.13280325513737468f,1.1146942676615312e-8f,0.39455608353815674f,0.8504383151638464f,0.9529553183817956f,0.7500749999999989f,2.419949838890672e-8f,-3.7434145643674835e-8f,0.12188721417865953f,0f,0f,0f,1f], start_interpolation: 0, interpolation_duration: 1 }
$data merge entity $(bone_eye_l) { transformation: [-4.713811408943714e-8f,0.8504383151638459f,-0.5260747780508745f,-0.0988829917153885f,1.4862590235487083e-8f,0.5260747780508757f,0.8504383151638464f,1.101764705600394f,1.0000999999999987f,3.226599785187563e-8f,-3.7434145643674835e-8f,1.35470269049869e-8f,0f,0f,0f,1f], start_interpolation: 0, interpolation_duration: 1 }
$data merge entity $(bone_r_1) { transformation: [-3.5353585567077855e-8f,0.6378287363728845f,-0.5260747780508745f,0.13280326662729003f,1.1146942676615312e-8f,0.39455608353815674f,0.8504383151638464f,0.9529553147590393f,0.7500749999999989f,2.419949838890672e-8f,-3.7434145643674835e-8f,-0.12188716082134013f,0f,0f,0f,1f], start_interpolation: 0, interpolation_duration: 1 }
$data merge entity $(bone_eye_r) { transformation: [-4.713811408943714e-8f,0.8504383151638459f,-0.5260747780508745f,0.1348305388815527f,1.4862590235487083e-8f,0.5260747780508757f,0.8504383151638464f,0.9615585215451857f,1.0000999999999987f,3.226599785187563e-8f,-3.7434145643674835e-8f,-0.12501247335364105f,0f,0f,0f,1f], start_interpolation: 0, interpolation_duration: 1 }
$data merge entity $(bone_eyes_down) { transformation: [-4.713811408943714e-8f,0.8504383151638459f,-0.5260747780508745f,-0.07230679436651832f,1.4862590235487083e-8f,0.5260747780508757f,0.8504383151638464f,1.118204542414484f,1.0000999999999987f,3.226599785187563e-8f,-3.7434145643674835e-8f,1.4555339337858014e-8f,0f,0f,0f,1f], start_interpolation: 0, interpolation_duration: 1 }
$data merge entity $(bone_bone) { transformation: [-4.713811408943714e-8f,0.8504383151638459f,-0.5260747780508745f,-0.0988829917153885f,1.4862590235487083e-8f,0.5260747780508757f,0.8504383151638464f,1.101764705600394f,1.0000999999999987f,3.226599785187563e-8f,-3.7434145643674835e-8f,1.35470269049869e-8f,0f,0f,0f,1f], start_interpolation: 0, interpolation_duration: 1 }
$data merge entity $(bone_l) { transformation: [-0.1476771100683166f,0.6281386785349107f,-0.5260747780508745f,0.22860109504719267f,-0.0913519118882753f,0.38856189200215546f,0.8504383151638464f,1.0030287060996337f,0.9849062281845763f,0.13024918069537622f,-3.7434145643674835e-8f,0.12501253044979171f,0f,0f,0f,1f], start_interpolation: 0, interpolation_duration: 1 }
$data merge entity $(bone_r) { transformation: [0.1476770172243562f,0.628138690813082f,-0.5260747780508745f,0.2286011068317212f,0.09135194116186349f,0.38856188813086284f,0.8504383151638464f,1.0030287023839861f,0.9849062393904396f,-0.13024913303166896f,-3.7434145643674835e-8f,-0.12501246955020795f,0f,0f,0f,1f], start_interpolation: 0, interpolation_duration: 1 }
$data merge entity $(bone_sad) { transformation: [-1.4141434226831142e-7f,0.5697936711597769f,-0.2630373890254373f,0.085322774501321f,4.458777070646125e-8f,0.35247010129408674f,0.4252191575819232f,0.921746961306201f,3.0002999999999957f,2.161821856075667e-8f,-1.8717072821837417e-8f,0.1406390874045337f,0f,0f,0f,1f], start_interpolation: 0, interpolation_duration: 1 }
$data merge entity $(bone_head) { transformation: [-4.713811408943714e-8f,0.8504383151638459f,-0.5260747780508745f,-0.0988829917153885f,1.4862590235487083e-8f,0.5260747780508757f,0.8504383151638464f,1.101764705600394f,1.0000999999999987f,3.226599785187563e-8f,-3.7434145643674835e-8f,1.35470269049869e-8f,0f,0f,0f,1f], start_interpolation: 0, interpolation_duration: 1 }
$data merge entity $(bone_6) { transformation: [0.04422323198320603f,0.935726070249345f,-0.3470765071109776f,-0.09479806229358227f,0.00232111627206265f,0.3476559721291054f,0.9376192481175535f,0.18712691555568012f,0.9980179949140251f,-0.04227156346513917f,0.013198681449846636f,-0.15434331908722673f,0f,0f,0f,1f], start_interpolation: 0, interpolation_duration: 1 }
$data merge entity $(bone_12) { transformation: [0.04422323198320603f,-0.00610806792008764f,-0.998002039997375f,-0.15889108389594286f,0.00232111627206265f,0.9999792339785181f,-0.0060050819558001844f,0.4679957574899008f,0.9980179949140251f,-0.002055022632422271f,0.044236491178460874f,-0.1521565135039417f,0f,0f,0f,1f], start_interpolation: 0, interpolation_duration: 1 }
$data merge entity $(bone_10) { transformation: [-4.7086267348612845e-8f,-0.221894193642919f,-0.9740956789026778f,-0.2606951575008859f,1.4846243020949501e-8f,0.975070749652331f,-0.22167229944927702f,0.8760545926174123f,0.9989999999999988f,-2.4949255852401322e-8f,-4.261814684832403e-8f,-0.016247061037929278f,0f,0f,0f,1f], start_interpolation: 0, interpolation_duration: 1 }
$data merge entity $(bone_9) { transformation: [-4.7133400749362204e-8f,0.5536572795876527f,-0.8327446287785937f,-0.07466562280507894f,1.4861104125074576e-8f,0.8327446287785949f,0.5536572795876527f,1.127636394117166f,0.9999999999999988f,1.372024580493173e-8f,-4.747804474176834e-8f,-0.016247056008508017f,0f,0f,0f,1f], start_interpolation: 0, interpolation_duration: 1 }
$data merge entity $(item_display_item_display) { transformation: [-0.0000017930813298489284f,0.000009715484872276974f,4.297079003969431e-7f,-0.48273412177608105f,0.0000010416568912447918f,-2.474860555024935e-7f,0.000009841501108885257f,0.43271758201631305f,0.00000966353386717096f,0.0000018193657746939885f,-9.781455476948507e-7f,2.219871682147568f,0f,0f,0f,1f], start_interpolation: 0, interpolation_duration: 1 }
$data merge entity $(bone_2) { transformation: [-0.3947267073954921f,-0.6251665711309677f,0.6567053701582268f,-0.08521951084453011f,-0.0695922637902762f,0.7361081888954086f,0.6582674806573866f,0.8296317322888749f,-0.9030687792022482f,0.21653113410608987f,-0.33776992370328723f,0.32652575495661806f,0f,0f,0f,1f], start_interpolation: 0, interpolation_duration: 1 }
$data merge entity $(bone_1) { transformation: [-0.39512182922471684f,-0.19455402265018015f,0.8855754722918528f,-0.14108027507253784f,-0.06966192571599218f,0.9706409707651426f,0.1817345529116663f,1.1418653160187322f,-0.9039727519542023f,0.010239049894166751f,-0.401085296730083f,0.3268808703371865f,0f,0f,0f,1f], start_interpolation: 0, interpolation_duration: 1 }
$data merge entity $(bone_4) { transformation: [-0.007082412933500303f,-0.12467302770458177f,-0.9839923788477091f,-0.2482473283814911f,-0.1287541358173444f,0.9797880770241273f,-0.13293182533747416f,0.8384153573533182f,0.9796540104027189f,0.12643726265533103f,-0.023433966435207246f,-0.42775677146568186f,0f,0f,0f,1f], start_interpolation: 0, interpolation_duration: 1 }
$data merge entity $(bone_3) { transformation: [-0.0070895024359362395f,0.43278944106442335f,-0.8924559737995734f,-0.10002764055335052f,-0.12888301883618059f,0.8934427568455339f,0.423574770620775f,1.1148929309902318f,0.9806346450477667f,0.11872338252155809f,0.04939929770046718f,-0.3909279238794566f,0f,0f,0f,1f], start_interpolation: 0, interpolation_duration: 1 }
$data merge entity $(bone_8) { transformation: [-0.05395452635538977f,-0.02739206764690888f,-0.9981453539445081f,0.02125847015253679f,0.0006211615949294896f,0.9986502409488683f,-0.02716137292759302f,0.37040777176115447f,0.9975417524982413f,-0.002102239641801274f,-0.05396331121918886f,0.14634373630750447f,0f,0f,0f,1f], start_interpolation: 0, interpolation_duration: 1 }
$data merge entity $(bone_7) { transformation: [-0.05395452635538977f,-0.8565450004131672f,-0.5132008722110553f,-0.2566508992695325f,0.0006211615949294896f,0.5136667137536226f,-0.8568468656114105f,0.4737431955203726f,0.9975417524982413f,-0.0466417276061934f,-0.027221455052224f,0.1312500154439821f,0f,0f,0f,1f], start_interpolation: 0, interpolation_duration: 1 }