# This file was generated by Animated Java via MC-Build. It is not recommended to edit this file directly.
$data merge entity $(bone_layer) { transformation: [-4.7185252203526575e-8f,0.840815166713478f,-0.5431674285380006f,-0.0997100066449903f,1.4877452825722568e-8f,0.5431674285380017f,0.8408151667134783f,1.10144073586497f,1.0011000999999986f,3.1558410481758296e-8f,-3.809676977748541e-8f,1.3515415003624077e-8f,0f,0f,0f,1f], start_interpolation: 0, interpolation_duration: 1 }
$data merge entity $(bone_l_1) { transformation: [-3.5353585567077855e-8f,0.6299813936414671f,-0.5426248037342664f,0.13484539128101614f,1.1146942676615312e-8f,0.4069686028007006f,0.8399751915219564f,0.9571960964760564f,0.7500749999999989f,2.3645162698620102e-8f,-3.8058711066419e-8f,0.12188721421444329f,0f,0f,0f,1f], start_interpolation: 0, interpolation_duration: 1 }
$data merge entity $(bone_eye_l) { transformation: [-4.713811408943714e-8f,0.8399751915219561f,-0.5426248037342664f,-0.0997100066449903f,1.4862590235487083e-8f,0.5426248037342675f,0.8399751915219564f,1.10144073586497f,1.0000999999999987f,3.1526883598160136e-8f,-3.8058711066419e-8f,1.3515415003624077e-8f,0f,0f,0f,1f], start_interpolation: 0, interpolation_duration: 1 }
$data merge entity $(bone_r_1) { transformation: [-3.5353585567077855e-8f,0.6299813936414671f,-0.5426248037342664f,0.13484540277093146f,1.1146942676615312e-8f,0.4069686028007006f,0.8399751915219564f,0.9571960928533001f,0.7500749999999989f,2.3645162698620102e-8f,-3.8058711066419e-8f,-0.12188716078555638f,0f,0f,0f,1f], start_interpolation: 0, interpolation_duration: 1 }
$data merge entity $(bone_eye_r) { transformation: [-4.713811408943714e-8f,0.8399751915219561f,-0.5426248037342664f,0.13670384284191112f,1.4862590235487083e-8f,0.5426248037342675f,0.8399751915219564f,0.9658373427772059f,1.0000999999999987f,3.1526883598160136e-8f,-3.8058711066419e-8f,-0.1250124733263803f,0f,0f,0f,1f], start_interpolation: 0, interpolation_duration: 1 }
$data merge entity $(bone_eyes_down) { transformation: [-4.713811408943714e-8f,0.8399751915219561f,-0.5426248037342664f,-0.07346078190992918f,1.4862590235487083e-8f,0.5426248037342675f,0.8399751915219564f,1.118397760981666f,1.0000999999999987f,3.1526883598160136e-8f,-3.8058711066419e-8f,1.4500630116066582e-8f,0f,0f,0f,1f], start_interpolation: 0, interpolation_duration: 1 }
$data merge entity $(bone_bone) { transformation: [-4.713811408943714e-8f,0.8399751915219561f,-0.5426248037342664f,-0.0997100066449903f,1.4862590235487083e-8f,0.5426248037342675f,0.8399751915219564f,1.10144073586497f,1.0000999999999987f,3.1526883598160136e-8f,-3.8058711066419e-8f,1.3515415003624077e-8f,0f,0f,0f,1f], start_interpolation: 0, interpolation_duration: 1 }
$data merge entity $(bone_l) { transformation: [-0.14586020771519867f,0.6204105545724667f,-0.5426248037342664f,0.22964447274884436f,-0.09422579368853719f,0.40078583720632205f,0.8399751915219564f,1.0091355269913376f,0.9849062283129221f,0.13024918014946213f,-3.8058711066419e-8f,0.12501253041076912f,0f,0f,0f,1f], start_interpolation: 0, interpolation_duration: 1 }
$data merge entity $(bone_r) { transformation: [0.14586011487123826f,0.6204105668506381f,-0.5426248037342664f,0.22964448453337288f,0.09422582296212538f,0.40078583333502943f,0.8399751915219564f,1.00913552327569f,0.9849062392620939f,-0.13024913357758305f,-3.8058711066419e-8f,-0.12501246958923054f,0f,0f,0f,1f], start_interpolation: 0, interpolation_duration: 1 }
$data merge entity $(bone_sad) { transformation: [-1.4141434226831142e-7f,0.5627833783197106f,-0.2713124018671332f,0.08809136681377477f,4.458777070646125e-8f,0.36355861850195925f,0.4199875957609782f,0.925132777334627f,3.0002999999999957f,2.112301201076729e-8f,-1.90293555332095e-8f,0.14063908748726348f,0f,0f,0f,1f], start_interpolation: 0, interpolation_duration: 1 }
$data merge entity $(bone_head) { transformation: [-4.713811408943714e-8f,0.8399751915219561f,-0.5426248037342664f,-0.0997100066449903f,1.4862590235487083e-8f,0.5426248037342675f,0.8399751915219564f,1.10144073586497f,1.0000999999999987f,3.1526883598160136e-8f,-3.8058711066419e-8f,1.3515415003624077e-8f,0f,0f,0f,1f], start_interpolation: 0, interpolation_duration: 1 }
$data merge entity $(bone_6) { transformation: [0.04360243756437151f,0.9361004775983393f,-0.34614415400508575f,-0.09200682718437105f,0.0009341329035938584f,0.34677311077018197f,0.9379485508027896f,0.18644902597742963f,0.998047571428418f,-0.04122067522536187f,0.014244371377758093f,-0.15467890181967012f,0f,0f,0f,1f], start_interpolation: 0, interpolation_duration: 1 }
$data merge entity $(bone_12) { transformation: [0.04360243756437151f,-0.0051038877313490105f,-0.9980349842774857f,-0.15581948212615582f,0.0009341329035938584f,0.9999867209133237f,-0.005062835500040885f,0.46737886401554934f,0.998047571428418f,-0.000712970577145834f,0.043606626273289935f,-0.15215401065241177f,0f,0f,0f,1f], start_interpolation: 0, interpolation_duration: 1 }
$data merge entity $(bone_10) { transformation: [-4.7086267348612845e-8f,-0.2183561482124441f,-0.9748932780942436f,-0.25913015441059434f,1.4846243020949501e-8f,0.9758691472414859f,-0.21813779206423256f,0.8768884861141293f,0.9989999999999988f,-2.4794360809071606e-8f,-4.270826709279118e-8f,-0.01611717816150436f,0f,0f,0f,1f], start_interpolation: 0, interpolation_duration: 1 }
$data merge entity $(bone_9) { transformation: [-4.7133400749362204e-8f,0.5539910660180322f,-0.8325226115681199f,-0.07299978047420741f,1.4861104125074576e-8f,0.832522611568121f,0.553991066018032f,1.1283956918226354f,0.9999999999999988f,1.3739277715381912e-8f,-4.747254075050875e-8f,-0.016117173126221625f,0f,0f,0f,1f], start_interpolation: 0, interpolation_duration: 1 }
$data merge entity $(item_display_item_display) { transformation: [-0.0000017835388206867597f,0.00000971771223465759f,4.1883537235884647e-7f,-0.4799005135295019f,9.829572557762055e-7f,-2.484529324874901e-7f,0.000009847514166686447f,0.42271095572561224f,0.000009671445644003327f,0.000001807298408665107f,-9.206537547304453e-7f,2.216317123086186f,0f,0f,0f,1f], start_interpolation: 0, interpolation_duration: 1 }
$data merge entity $(bone_2) { transformation: [-0.39564548915035047f,-0.6256619713365226f,0.6556793372028524f,-0.08485413814734123f,-0.06467081975324263f,0.7341938350743105f,0.6609022533670692f,0.8311615375816989f,-0.9030325623519921f,0.22154175592418712f,-0.3346032858532027f,0.3249091839889498f,0f,0f,0f,1f], start_interpolation: 0, interpolation_duration: 1 }
$data merge entity $(bone_1) { transformation: [-0.3960415306810315f,-0.19550928306387885f,0.8849544710590052f,-0.14086815303500622f,-0.06473555530855117f,0.9703683843524483f,0.1849799303060005f,1.1426871777840968f,-0.903936498850843f,0.01616536065379463f,-0.4009723053237778f,0.32714063596252435f,0f,0f,0f,1f], start_interpolation: 0, interpolation_duration: 1 }
$data merge entity $(bone_4) { transformation: [-0.005044720686777079f,-0.11284264782199405f,-0.9854528993181351f,-0.2513106967195892f,-0.12769264481165804f,0.981392262587673f,-0.1214527655039499f,0.8352945827681426f,0.9797916897740908f,0.12599899274824422f,-0.01986438314803235f,-0.4268303285178612f,0f,0f,0f,1f], start_interpolation: 0, interpolation_duration: 1 }
$data merge entity $(bone_3) { transformation: [-0.005049770457234313f,0.4415468940983842f,-0.8881932336232176f,-0.10001258934678839f,-0.12782046527693497f,0.8894714585916781f,0.4321134939646089f,1.1103261946864893f,0.9807724622363272f,0.11652163978146429f,0.051894579235818146f,-0.3907377989301929f,0f,0f,0f,1f], start_interpolation: 0, interpolation_duration: 1 }
$data merge entity $(bone_8) { transformation: [-0.05395452635538977f,-0.02739206764690888f,-0.9981453539445081f,0.021531907652536875f,0.0006211615949294896f,0.9986502409488683f,-0.02716137292759302f,0.37144683426115443f,0.9975417524982413f,-0.002102239641801274f,-0.05396331121918886f,0.14634373630750447f,0f,0f,0f,1f], start_interpolation: 0, interpolation_duration: 1 }
$data merge entity $(bone_7) { transformation: [-0.05395452635538977f,-0.8565450004131672f,-0.5132008722110553f,-0.2563774617695324f,0.0006211615949294896f,0.5136667137536226f,-0.8568468656114105f,0.4747822580203726f,0.9975417524982413f,-0.0466417276061934f,-0.027221455052224f,0.1312500154439821f,0f,0f,0f,1f], start_interpolation: 0, interpolation_duration: 1 }