# This file was generated by Animated Java via MC-Build. It is not recommended to edit this file directly.
$data merge entity $(bone_layer) { transformation: [-3.4488827950401883e-16f,0.13065671841227158f,-0.992436306235184f,-0.13050000000000012f,0f,0.992436306235184f,0.13065671841227158f,1.283875f,1.0011001f,4.5012452619722454e-17f,-3.419035221101029e-16f,-0.000006249999999918838f,0f,0f,0f,1f], start_interpolation: 0, interpolation_duration: 1 }
$data merge entity $(bone_l_1) { transformation: [-2.5840780182618794e-16f,0.09789464416503865f,-0.9914448613738102f,0.1353910115805636f,0f,0.7435836460303578f,0.13052619222005152f,1.4001641283264026f,0.750075f,3.37256138509409e-17f,-3.415619601499529e-16f,0.09062781250000017f,0f,0f,0f,1f], start_interpolation: 0, interpolation_duration: 1 }
$data merge entity $(bone_eye_l) { transformation: [-3.445437357682506e-16f,0.13052619222005155f,-0.9914448613738103f,-0.13050000000000012f,0f,0.9914448613738103f,0.13052619222005155f,1.283875f,1.0001f,4.496748513458787e-17f,-3.4156196014995296e-16f,-0.000006249999999918838f,0f,0f,0f,1f], start_interpolation: 0, interpolation_duration: 1 }
$data merge entity $(bone_r_1) { transformation: [-2.5840780182618794e-16f,0.09789464416503865f,-0.9914448613738102f,0.13539101158056363f,0f,0.7435836460303578f,0.13052619222005152f,1.4001641283264026f,0.750075f,3.37256138509409e-17f,-3.415619601499529e-16f,-0.09064031249999985f,0f,0f,0f,1f], start_interpolation: 0, interpolation_duration: 1 }
$data merge entity $(bone_eye_r) { transformation: [-3.445437357682506e-16f,0.13052619222005155f,-0.9914448613738103f,0.12593132639147603f,0f,0.9914448613738103f,0.13052619222005155f,1.3761937954934327f,1.0001f,4.496748513458787e-17f,-3.4156196014995296e-16f,-0.12501874999999985f,0f,0f,0f,1f], start_interpolation: 0, interpolation_duration: 1 }
$data merge entity $(bone_eyes_down) { transformation: [-3.445437357682506e-16f,0.13052619222005155f,-0.9914448613738103f,-0.11826316947937028f,0f,0.9914448613738103f,0.13052619222005155f,1.3768229557537948f,1.0001f,4.496748513458787e-17f,-3.4156196014995296e-16f,-0.000006249999999914622f,0f,0f,0f,1f], start_interpolation: 0, interpolation_duration: 1 }
$data merge entity $(bone_bone) { transformation: [-3.445437357682506e-16f,0.13052619222005155f,-0.9914448613738103f,-0.13050000000000012f,0f,0.9914448613738103f,0.13052619222005155f,1.283875f,1.0001f,4.496748513458787e-17f,-3.4156196014995296e-16f,-0.000006249999999918838f,0f,0f,0f,1f], start_interpolation: 0, interpolation_duration: 1 }
$data merge entity $(bone_l) { transformation: [0.0056934725397683895f,0.09780147015547068f,-0.9914448613738102f,0.1490511426450175f,0.043246217459636076f,0.7428759191639825f,0.13052619222005152f,1.4440692377306843f,0.9991481264040158f,-0.032717811978054366f,-3.415619601499529e-16f,0.12500625000000015f,0f,0f,0f,1f], start_interpolation: 0, interpolation_duration: 1 }
$data merge entity $(bone_r) { transformation: [-0.005693472539769078f,0.09780147015547065f,-0.9914448613738102f,0.14905114264501762f,-0.043246217459636076f,0.7428759191639825f,0.13052619222005152f,1.4440692377306843f,0.9991481264040158f,0.032717811978054435f,-3.415619601499529e-16f,-0.12501874999999985f,0f,0f,0f,1f], start_interpolation: 0, interpolation_duration: 1 }
$data merge entity $(bone_sad) { transformation: [-1.0336312073047518e-15f,0.08745254878743454f,-0.49572243068690514f,0.13281225334750102f,0f,0.6642680571204529f,0.06526309611002577f,1.368605737410112f,3.0003f,3.012821504017387e-17f,-1.7078098007497648e-16f,0.14063281250000015f,0f,0f,0f,1f], start_interpolation: 0, interpolation_duration: 1 }
$data merge entity $(bone_head) { transformation: [-3.445437357682506e-16f,0.13052619222005155f,-0.9914448613738103f,-0.13050000000000012f,0f,0.9914448613738103f,0.13052619222005155f,1.283875f,1.0001f,4.496748513458787e-17f,-3.4156196014995296e-16f,-0.000006249999999918838f,0f,0f,0f,1f], start_interpolation: 0, interpolation_duration: 1 }
$data merge entity $(bone_6) { transformation: [0.03866869230310665f,-0.00023487298057039974f,-0.998579942770248f,-0.07351448124122117f,-0.20015916023299163f,0.9793676478142088f,-0.007065748786412751f,0.38141492412762135f,0.9779785492588224f,0.2004527485039824f,0.03803713919055092f,-0.18934009220362458f,0f,0f,0f,1f], start_interpolation: 0, interpolation_duration: 1 }
$data merge entity $(bone_12) { transformation: [0.03866869230310665f,-0.5729543216679729f,-0.8178540838990425f,-0.27046752931458684f,-0.20015916023299163f,0.7981982638084482f,-0.5675301278736027f,0.6557955773117754f,0.9779785492588224f,0.18601848546628924f,-0.08381677281684198f,-0.12539623782458764f,0f,0f,0f,1f], start_interpolation: 0, interpolation_duration: 1 }
$data merge entity $(bone_10) { transformation: [-3.441647755549269e-16f,0.043619387365336104f,-0.998049173360276f,-0.29859204674964f,0f,0.9990482215818578f,0.0435757679779708f,1.0120311991609943f,0.999f,1.50272839463807e-17f,-3.43837206949269e-16f,2.3253603112857175e-17f,0f,0f,0f,1f], start_interpolation: 0, interpolation_duration: 1 }
$data merge entity $(bone_9) { transformation: [-3.4450928483976665e-16f,0.5372996083468239f,-0.8433914458128857f,-0.10550000000000015f,0f,0.8433914458128857f,0.5372996083468239f,1.315125f,1f,1.85104703816251e-16f,-2.9055618383697406e-16f,8.977560604682238e-17f,0f,0f,0f,1f], start_interpolation: 0, interpolation_duration: 1 }
$data merge entity $(item_display_item_display) { transformation: [1.4011074938217034f,0.46664062967145936f,0.09613003586700931f,0.31926033921096286f,-0.163607582774297f,0.03488890203368763f,0.9817281564680035f,1.1682451490637553f,0.4616830376220463f,-1.408563156151406f,0.05616333040983187f,0.310922497584559f,0f,0f,0f,1f], start_interpolation: 0, interpolation_duration: 1 }
$data merge entity $(bone_2) { transformation: [-0.09613003586700909f,-0.9780303225969014f,-0.11280905142124481f,-0.019298768907563935f,-0.9817281564680033f,0.08902275943671334f,0.06717575722264056f,1.1848347445468628f,-0.05616333040983166f,0.11790505364340359f,-0.9811382931919567f,0.6004214659988245f,0f,0f,0f,1f], start_interpolation: 0, interpolation_duration: 1 }
$data merge entity $(bone_1) { transformation: [-0.09622626212913823f,-0.4405119042898442f,0.8804649091136427f,-0.16522183032523763f,-0.9827108673353386f,0.09357214029961226f,-0.060678568011380746f,1.2166209267247834f,-0.05621954995979145f,-0.8816425107370252f,-0.44636356852188824f,0.2945670806297102f,0f,0f,0f,1f], start_interpolation: 0, interpolation_duration: 1 }
$data merge entity $(bone_4) { transformation: [-0.28439945545420514f,-0.6540876393091878f,0.6869495849610757f,0.021770227916934837f,-0.7753557484651888f,-0.2642470287108887f,-0.5683695732068973f,1.1363145662162366f,0.5488860361081205f,-0.698850503638935f,-0.43582677783133184f,-0.3771514405515656f,0f,0f,0f,1f], start_interpolation: 0, interpolation_duration: 1 }
$data merge entity $(bone_3) { transformation: [-0.28468413959379896f,-0.911355784092952f,-0.2629848036970598f,-0.26302845461211266f,-0.7761318803455344f,0.3821342696246691f,-0.4968338393349879f,1.2557315254739456f,0.5494354715797002f,0.06388982241166585f,-0.8211303777741024f,-0.35718587104792f,0f,0f,0f,1f], start_interpolation: 0, interpolation_duration: 1 }
$data merge entity $(bone_8) { transformation: [-0.07331442140376083f,0.738350799499777f,-0.6690276527178747f,-0.3046383891785599f,0.19998868442387696f,0.66829468121591f,0.7163556834668543f,0.36578046191845764f,0.9760279434779839f,-0.08146939391832023f,-0.1970293473609192f,0.19433460727635668f,0f,0f,0f,1f], start_interpolation: 0, interpolation_duration: 1 }
$data merge entity $(bone_7) { transformation: [-0.07331442140376083f,0.13556684132454025f,-0.9871076611780683f,-0.3023750000000001f,0.19998868442387696f,0.9724079843724431f,0.11918874991147874f,0.6745f,0.9760279434779839f,-0.18905719972362436f,-0.09856571969782292f,0.13125f,0f,0f,0f,1f], start_interpolation: 0, interpolation_duration: 1 }