# This file was generated by Animated Java via MC-Build. It is not recommended to edit this file directly.
$data merge entity $(bone_layer) { transformation: [-4.7185252203526575e-8f,0.8315420094959737f,-0.557260160466721f,-0.097820252825224f,1.4877452825722568e-8f,0.557260160466722f,0.8315420094959741f,1.0986000590721985f,1.0011000999999986f,3.0911901490629796e-8f,-3.862319880392452e-8f,1.3567779756149204e-8f,0f,0f,0f,1f], start_interpolation: 0, interpolation_duration: 1 }
$data merge entity $(bone_l_1) { transformation: [-3.5353585567077855e-8f,0.6230334736483321f,-0.5567034570097114f,0.13913272319165443f,1.1146942676615312e-8f,0.41752759275728424f,0.8307112981977764f,0.9583287582574699f,0.7500749999999989f,2.3160765352619732e-8f,-3.858461418973479e-8f,0.12188721432076585f,0f,0f,0f,1f], start_interpolation: 0, interpolation_duration: 1 }
$data merge entity $(bone_eye_l) { transformation: [-4.713811408943714e-8f,0.830711298197776f,-0.5567034570097114f,-0.097820252825224f,1.4862590235487083e-8f,0.5567034570097124f,0.8307112981977764f,1.0986000590721985f,1.0000999999999987f,3.0881020470159643e-8f,-3.858461418973479e-8f,1.3567779756149204e-8f,0f,0f,0f,1f], start_interpolation: 0, interpolation_duration: 1 }
$data merge entity $(bone_r_1) { transformation: [-3.5353585567077855e-8f,0.6230334736483321f,-0.5567034570097114f,0.13913273468156973f,1.1146942676615312e-8f,0.41752759275728424f,0.8307112981977764f,0.9583287546347136f,0.7500749999999989f,2.3160765352619732e-8f,-3.858461418973479e-8f,-0.1218871606792338f,0f,0f,0f,1f], start_interpolation: 0, interpolation_duration: 1 }
$data merge entity $(bone_eye_r) { transformation: [-4.713811408943714e-8f,0.830711298197776f,-0.5567034570097114f,0.14084528383630174f,1.4862590235487083e-8f,0.5567034570097124f,0.8307112981977764f,0.9670000968083148f,1.0000999999999987f,3.0881020470159643e-8f,-3.858461418973479e-8f,-0.12501247322738127f,0f,0f,0f,1f], start_interpolation: 0, interpolation_duration: 1 }
$data merge entity $(bone_eyes_down) { transformation: [-4.713811408943714e-8f,0.830711298197776f,-0.5567034570097114f,-0.0718605247565435f,1.4862590235487083e-8f,0.5567034570097124f,0.8307112981977764f,1.115997042103752f,1.0000999999999987f,3.0881020470159643e-8f,-3.858461418973479e-8f,1.4532811645841692e-8f,0f,0f,0f,1f], start_interpolation: 0, interpolation_duration: 1 }
$data merge entity $(bone_bone) { transformation: [-4.713811408943714e-8f,0.830711298197776f,-0.5567034570097114f,-0.097820252825224f,1.4862590235487083e-8f,0.5567034570097124f,0.8307112981977764f,1.0986000590721985f,1.0000999999999987f,3.0881020470159643e-8f,-3.858461418973479e-8f,1.3567779756149204e-8f,0f,0f,0f,1f], start_interpolation: 0, interpolation_duration: 1 }
$data merge entity $(bone_l) { transformation: [-0.14425154952135397f,0.6135681890959188f,-0.5567034570097114f,0.2330430306391839f,-0.09667052617382274f,0.4111844123795437f,0.8307112981977764f,1.011858417745605f,0.984906228425075f,0.1302491796724239f,-3.858461418973479e-8f,0.12501253045156818f,0f,0f,0f,1f], start_interpolation: 0, interpolation_duration: 1 }
$data merge entity $(bone_r) { transformation: [0.14425145667739356f,0.6135682013740902f,-0.5567034570097114f,0.23304304242371243f,0.09667055544741093f,0.41118440850825105f,0.8307112981977764f,1.0118584140299576f,0.9849062391499409f,-0.1302491340546213f,-3.858461418973479e-8f,-0.12501246954843148f,0f,0f,0f,1f], start_interpolation: 0, interpolation_duration: 1 }
$data merge entity $(bone_sad) { transformation: [-1.4141434226831142e-7f,0.5565765697925099f,-0.2783517285048557f,0.09302401006761363f,4.458777070646125e-8f,0.3729913161965073f,0.4153556490988882f,0.9255479602474187f,3.0002999999999957f,2.0690283715006964e-8f,-1.9292307094867396e-8f,0.14063908763466426f,0f,0f,0f,1f], start_interpolation: 0, interpolation_duration: 1 }
$data merge entity $(bone_head) { transformation: [-4.713811408943714e-8f,0.830711298197776f,-0.5567034570097114f,-0.097820252825224f,1.4862590235487083e-8f,0.5567034570097124f,0.8307112981977764f,1.0986000590721985f,1.0000999999999987f,3.0881020470159643e-8f,-3.858461418973479e-8f,1.3567779756149204e-8f,0f,0f,0f,1f], start_interpolation: 0, interpolation_duration: 1 }
$data merge entity $(bone_6) { transformation: [0.04254168668973037f,0.9378692790087272f,-0.34145632283328975f,-0.08947459012043296f,-0.000625254988123311f,0.3421332533655766f,0.9396512359304209f,0.1847513120092235f,0.998093589774923f,-0.039760420171811826f,0.015142517376523014f,-0.1549171587171779f,0f,0f,0f,1f], start_interpolation: 0, interpolation_duration: 1 }
$data merge entity $(bone_12) { transformation: [0.04254168668973037f,-0.00009380165982658673f,-0.9980937812211989f,-0.1518818331635841f,-0.000625254988123311f,0.999999796868747f,-0.00012044312404341229f,0.4659937271833059f,0.998093589774923f,0.0006304472329891724f,0.04254161939822858f,-0.1520809942205104f,0f,0f,0f,1f], start_interpolation: 0, interpolation_duration: 1 }
$data merge entity $(bone_10) { transformation: [-4.7086267348612845e-8f,-0.21044509984041815f,-0.9766280714510043f,-0.2557550191226101f,1.4846243020949501e-8f,0.9776056771281332f,-0.21023465474057845f,0.875493464373557f,0.9989999999999988f,-2.4447292947511653e-8f,-4.290748314964907e-8f,-0.015991201498112558f,0f,0f,0f,1f], start_interpolation: 0, interpolation_duration: 1 }
$data merge entity $(bone_9) { transformation: [-4.7133400749362204e-8f,0.5564202479652532f,-0.8309010215749432f,-0.06889086317135996f,1.4861104125074576e-8f,0.8309010215749442f,0.5564202479652532f,1.12645596724127f,0.9999999999999988f,1.3877871939184438e-8f,-4.743221002534775e-8f,-0.015991196420149296f,0f,0f,0f,1f], start_interpolation: 0, interpolation_duration: 1 }
$data merge entity $(item_display_item_display) { transformation: [-0.0000017772830540667522f,0.000009717443011561058f,4.501232448540618e-7f,-0.4788953536657218f,9.477585063613117e-7f,-2.8724774925227846e-7f,0.000009849926379371701f,0.4146125910842935f,0.000009676109512393796f,0.0000018029912703204004f,-8.791479134526121e-7f,2.213646469131508f,0f,0f,0f,1f], start_interpolation: 0, interpolation_duration: 1 }
$data merge entity $(bone_2) { transformation: [-0.39613972792740254f,-0.6232330257147753f,0.6576886484832216f,-0.08314602383542181f,-0.05958233197567249f,0.7352524027167013f,0.6602059688948523f,0.8297901344161793f,-0.9031659528317738f,0.2248527060400291f,-0.3320244884584939f,0.32385082302238916f,0f,0f,0f,1f], start_interpolation: 0, interpolation_duration: 1 }
$data merge entity $(bone_1) { transformation: [-0.39653626419159416f,-0.19239077227569357f,0.8854149046794066f,-0.13800467325235433f,-0.05964197394962211f,0.9709131511178962f,0.1838359868235545f,1.1408368363760446f,-0.9040700228546285f,0.02033331575222034f,-0.4004816557848422f,0.3273925891710667f,0f,0f,0f,1f], start_interpolation: 0, interpolation_duration: 1 }
$data merge entity $(bone_4) { transformation: [-0.003638110767814986f,-0.09869129875017113f,-0.9870225061634967f,-0.25269122894884627f,-0.12638847844916706f,0.9831274773600278f,-0.1075991913677029f,0.8302567614134979f,0.9799546500250731f,0.12522200465237637f,-0.016612156282028577f,-0.4258411877030362f,0f,0f,0f,1f], start_interpolation: 0, interpolation_duration: 1 }
$data merge entity $(bone_3) { transformation: [-0.0036417525203353215f,0.45233434096459096f,-0.8828063457556219f,-0.09769070433910672f,-0.12651499344260966f,0.8843644533544345f,0.44273777381920754f,1.103447981477561f,0.9809355856106837f,0.11421896446249401f,0.0539494424680538f,-0.3905130384539276f,0f,0f,0f,1f], start_interpolation: 0, interpolation_duration: 1 }
$data merge entity $(bone_8) { transformation: [-0.05395452635538977f,-0.02739206764690888f,-0.9981453539445081f,0.02352409515253684f,0.0006211615949294896f,0.9986502409488683f,-0.02716137292759302f,0.3724546467611545f,0.9975417524982413f,-0.002102239641801274f,-0.05396331121918886f,0.14634373630750447f,0f,0f,0f,1f], start_interpolation: 0, interpolation_duration: 1 }
$data merge entity $(bone_7) { transformation: [-0.05395452635538977f,-0.8565450004131672f,-0.5132008722110553f,-0.25438527426953245f,0.0006211615949294896f,0.5136667137536226f,-0.8568468656114105f,0.4757900705203726f,0.9975417524982413f,-0.0466417276061934f,-0.027221455052224f,0.1312500154439821f,0f,0f,0f,1f], start_interpolation: 0, interpolation_duration: 1 }