# This file was generated by Animated Java via MC-Build. It is not recommended to edit this file directly.
$data merge entity $(bone_layer) { transformation: [-4.7185252203526575e-8f,0.8239595049029756f,-0.5684115887981535f,-0.09287186617424814f,1.4877452825722568e-8f,0.5684115887981546f,0.8239595049029761f,1.0928547227776264f,1.0011000999999986f,3.038878972604201e-8f,-3.9036119153935904e-8f,1.3714256275963053e-8f,0f,0f,0f,1f], start_interpolation: 0, interpolation_duration: 1 }
$data merge entity $(bone_l_1) { transformation: [-3.5353585567077855e-8f,0.617352276400831f,-0.5678437450531004f,0.14594925225588873f,1.1146942676615312e-8f,0.42588280878982615f,0.8231363685344417f,0.955788227756285f,0.7500749999999989f,2.276882347106045e-8f,-3.8997122031904006e-8f,0.12188721450766732f,0f,0f,0f,1f], start_interpolation: 0, interpolation_duration: 1 }
$data merge entity $(bone_eye_l) { transformation: [-4.713811408943714e-8f,0.8231363685344413f,-0.5678437450531004f,-0.09287186617424814f,1.4862590235487083e-8f,0.5678437450531015f,0.8231363685344417f,1.0928547227776264f,1.0000999999999987f,3.0358431294747264e-8f,-3.8997122031904006e-8f,1.3714256275963053e-8f,0f,0f,0f,1f], start_interpolation: 0, interpolation_duration: 1 }
$data merge entity $(bone_r_1) { transformation: [-3.5353585567077855e-8f,0.617352276400831f,-0.5678437450531004f,0.14594926374580405f,1.1146942676615312e-8f,0.42588280878982615f,0.8231363685344417f,0.9557882241335287f,0.7500749999999989f,2.276882347106045e-8f,-3.8997122031904006e-8f,-0.12188716049233234f,0f,0f,0f,1f], start_interpolation: 0, interpolation_duration: 1 }
$data merge entity $(bone_eye_r) { transformation: [-4.713811408943714e-8f,0.8231363685344413f,-0.5678437450531004f,0.14754484278986904f,1.4862590235487083e-8f,0.5678437450531015f,0.8231363685344417f,0.9644818497970052f,1.0000999999999987f,3.0358431294747264e-8f,-3.8997122031904006e-8f,-0.12501247304632415f,0f,0f,0f,1f], start_interpolation: 0, interpolation_duration: 1 }
$data merge entity $(bone_eyes_down) { transformation: [-4.713811408943714e-8f,0.8231363685344413f,-0.5678437450531004f,-0.06714885465754686f,1.4862590235487083e-8f,0.5678437450531015f,0.8231363685344417f,1.110599839810536f,1.0000999999999987f,3.0358431294747264e-8f,-3.8997122031904006e-8f,1.4662957253923906e-8f,0f,0f,0f,1f], start_interpolation: 0, interpolation_duration: 1 }
$data merge entity $(bone_bone) { transformation: [-4.713811408943714e-8f,0.8231363685344413f,-0.5678437450531004f,-0.09287186617424814f,1.4862590235487083e-8f,0.5678437450531015f,0.8231363685344417f,1.0928547227776264f,1.0000999999999987f,3.0358431294747264e-8f,-3.8997122031904006e-8f,1.3714256275963053e-8f,0f,0f,0f,1f], start_interpolation: 0, interpolation_duration: 1 }
$data merge entity $(bone_l) { transformation: [-0.1429361767893607f,0.6079733020001882f,-0.5678437450531004f,0.23912992109942893f,-0.09860501689124197f,0.41941269390648284f,0.8231363685344417f,1.0105781286870927f,0.9849062285158217f,0.13024917928643648f,-3.8997122031904006e-8f,0.12501253058535075f,0f,0f,0f,1f], start_interpolation: 0, interpolation_duration: 1 }
$data merge entity $(bone_r) { transformation: [0.1429360839454003f,0.6079733142783595f,-0.5678437450531004f,0.23912993288395745f,0.09860504616483017f,0.4194126900351902f,0.8231363685344417f,1.0105781249714454f,0.9849062390591943f,-0.1302491344406087f,-3.8997122031904006e-8f,-0.1250124694146489f,0f,0f,0f,1f], start_interpolation: 0, interpolation_duration: 1 }
$data merge entity $(bone_sad) { transformation: [-1.4141434226831142e-7f,0.5515013669180757f,-0.2839218725265502f,0.10037669453123707f,4.458777070646125e-8f,0.38045530918557807f,0.41156818426722086f,0.9224515995040278f,3.0002999999999957f,2.0340148967480668e-8f,-1.9498561015952003e-8f,0.14063908785509685f,0f,0f,0f,1f], start_interpolation: 0, interpolation_duration: 1 }
$data merge entity $(bone_head) { transformation: [-4.713811408943714e-8f,0.8231363685344413f,-0.5678437450531004f,-0.09287186617424814f,1.4862590235487083e-8f,0.5678437450531015f,0.8231363685344417f,1.0928547227776264f,1.0000999999999987f,3.0358431294747264e-8f,-3.8997122031904006e-8f,1.3714256275963053e-8f,0f,0f,0f,1f], start_interpolation: 0, interpolation_duration: 1 }
$data merge entity $(bone_6) { transformation: [0.04100341964307305f,0.9411532889762811f,-0.3324911801669422f,-0.08725702497373936f,-0.0023193779784374136f,0.33321143314860396f,0.9428491794324815f,0.18184938477954343f,0.9981554688841648f,-0.03788754475134087f,0.015849333600761104f,-0.15503158783183013f,0f,0f,0f,1f], start_interpolation: 0, interpolation_duration: 1 }
$data merge entity $(bone_12) { transformation: [0.04100341964307305f,0.0094538743078188f,-0.9981134817746173f,-0.1469802154355789f,-0.0023193779784374136f,0.9999534385499886f,0.009357086592746477f,0.4636711072837744f,0.9981554688841648f,0.0019351983428980606f,0.04102343757227954f,-0.15192334844962258f,0f,0f,0f,1f], start_interpolation: 0, interpolation_duration: 1 }
$data merge entity $(bone_10) { transformation: [-4.7086267348612845e-8f,-0.19765734037912558f,-0.9792909034470993f,-0.25037112623249136f,1.4846243020949501e-8f,0.9802711746217216f,-0.19745968303874722f,0.871523586547077f,0.9989999999999988f,-2.3884174592333445e-8f,-4.322284166138473e-8f,-0.01587499041999442f,0f,0f,0f,1f], start_interpolation: 0, interpolation_duration: 1 }
$data merge entity $(bone_9) { transformation: [-4.7133400749362204e-8f,0.5612169530617376f,-0.8276687330062055f,-0.062058504447476404f,1.4861104125074576e-8f,0.8276687330062066f,0.5612169530617375f,1.1214010507199268f,0.9999999999999988f,1.4151992339467051e-8f,-4.735114560676193e-8f,-0.015874985257635164f,0f,0f,0f,1f], start_interpolation: 0, interpolation_duration: 1 }
$data merge entity $(item_display_item_display) { transformation: [-0.000001773808073175885f,0.000009713968070457035f,5.309104836277483e-7f,-0.4799198739247309f,9.39806517952304e-7f,-3.707545738966468e-7f,0.000009847934388493309f,0.408757802146183f,0.000009677522677051235f,0.000001806475254553616f,-8.560864481076955e-7f,2.212068890005426f,0f,0f,0f,1f], start_interpolation: 0, interpolation_duration: 1 }
$data merge entity $(bone_2) { transformation: [-0.39620952664288983f,-0.6173104011096364f,0.6632045285119541f,-0.07995048128018717f,-0.054252438666722386f,0.7397931110428982f,0.6555821042442993f,0.8250696988784478f,-0.9034711730745533f,0.2262924236273247f,-0.3302096282667324f,0.32341158964944516f,0f,0f,0f,1f], start_interpolation: 0, interpolation_duration: 1 }
$data merge entity $(bone_1) { transformation: [-0.3966061327756655f,-0.18446739602676518f,0.8870649118074776f,-0.13211972837477048f,-0.05430674541213452f,0.9724018239592662f,0.1775286887029966f,1.135899003105909f,-0.9043755486231765f,0.02250494531868607f,-0.39967510183571f,0.32762501122468596f,0f,0f,0f,1f], start_interpolation: 0, interpolation_duration: 1 }
$data merge entity $(bone_4) { transformation: [-0.002876479753983255f,-0.08191566041034903f,-0.9886322826669751f,-0.25216256588189045f,-0.12478373400248208f,0.9849238913840004f,-0.09106918820008442f,0.8230985108593627f,0.9801519137962317f,0.12405304522352474f,-0.013669339360995146f,-0.42479608164018234f,0f,0f,0f,1f], start_interpolation: 0, interpolation_duration: 1 }
$data merge entity $(bone_3) { transformation: [-0.0028793591130963515f,0.4653772791683606f,-0.8760867273196367f,-0.09276805288874145f,-0.1249086426451272f,0.8779135202129494f,0.45567150436002907f,1.093983336423923f,0.9811330468430748f,0.11176331966688224f,0.05554249944712805f,-0.39027604629176266f,0f,0f,0f,1f], start_interpolation: 0, interpolation_duration: 1 }
$data merge entity $(bone_8) { transformation: [-0.05395452635538977f,-0.02739206764690888f,-0.9981453539445081f,0.027469407652536804f,0.0006211615949294896f,0.9986502409488683f,-0.02716137292759302f,0.37338433426115447f,0.9975417524982413f,-0.002102239641801274f,-0.05396331121918886f,0.14634373630750447f,0f,0f,0f,1f], start_interpolation: 0, interpolation_duration: 1 }
$data merge entity $(bone_7) { transformation: [-0.05395452635538977f,-0.8565450004131672f,-0.5132008722110553f,-0.2504399617695325f,0.0006211615949294896f,0.5136667137536226f,-0.8568468656114105f,0.4767197580203726f,0.9975417524982413f,-0.0466417276061934f,-0.027221455052224f,0.1312500154439821f,0f,0f,0f,1f], start_interpolation: 0, interpolation_duration: 1 }