# This file was generated by Animated Java via MC-Build. It is not recommended to edit this file directly.
$data merge entity $(bone_layer) { transformation: [-4.7185252203526575e-8f,0.8185595518830311f,-0.5761607935472952f,-0.08452298261022095f,1.4877452825722568e-8f,0.5761607935472963f,0.8185595518830315f,1.0838167745368f,1.0011000999999986f,3.001910983812158e-8f,-3.932111626264786e-8f,1.3964979676466417e-8f,0f,0f,0f,1f], start_interpolation: 0, interpolation_duration: 1 }
$data merge entity $(bone_l_1) { transformation: [-3.5353585567077855e-8f,0.6133063575547186f,-0.5755852083389563f,0.15558080178769465f,1.1146942676615312e-8f,0.4316889062542181f,0.8177418100729587f,0.9490097888984286f,0.7500749999999989f,2.2491840538053135e-8f,-3.9281834428219645e-8f,0.12188721478526832f,0f,0f,0f,1f], start_interpolation: 0, interpolation_duration: 1 }
$data merge entity $(bone_eye_l) { transformation: [-4.713811408943714e-8f,0.8177418100729582f,-0.5755852083389563f,-0.08452298261022095f,1.4862590235487083e-8f,0.5755852083389574f,0.8177418100729587f,1.0838167745368f,1.0000999999999987f,2.998912071740418e-8f,-3.9281834428219645e-8f,1.3964979676466417e-8f,0f,0f,0f,1f], start_interpolation: 0, interpolation_duration: 1 }
$data merge entity $(bone_r_1) { transformation: [-3.5353585567077855e-8f,0.6133063575547186f,-0.5755852083389563f,0.15558081327760992f,1.1146942676615312e-8f,0.4316889062542181f,0.8177418100729587f,0.9490097852756723f,0.7500749999999989f,2.2491840538053135e-8f,-3.9281834428219645e-8f,-0.12188716021473134f,0f,0f,0f,1f], start_interpolation: 0, interpolation_duration: 1 }
$data merge entity $(bone_eye_r) { transformation: [-4.713811408943714e-8f,0.8177418100729582f,-0.5755852083389563f,0.15709429218575405f,1.4862590235487083e-8f,0.5755852083389574f,0.8177418100729587f,0.9577180790943012f,1.0000999999999987f,2.998912071740418e-8f,-3.9281834428219645e-8f,-0.1250124727728108f,0f,0f,0f,1f], start_interpolation: 0, interpolation_duration: 1 }
$data merge entity $(bone_eyes_down) { transformation: [-4.713811408943714e-8f,0.8177418100729582f,-0.5755852083389563f,-0.058968551045441006f,1.4862590235487083e-8f,0.5755852083389574f,0.8177418100729587f,1.1018038122973923f,1.0000999999999987f,2.998912071740418e-8f,-3.9281834428219645e-8f,1.4902139698885298e-8f,0f,0f,0f,1f], start_interpolation: 0, interpolation_duration: 1 }
$data merge entity $(bone_bone) { transformation: [-4.713811408943714e-8f,0.8177418100729582f,-0.5755852083389563f,-0.08452298261022095f,1.4862590235487083e-8f,0.5755852083389574f,0.8177418100729587f,1.0838167745368f,1.0000999999999987f,2.998912071740418e-8f,-3.9281834428219645e-8f,1.3964979676466417e-8f,0f,0f,0f,1f], start_interpolation: 0, interpolation_duration: 1 }
$data merge entity $(bone_l) { transformation: [-0.14199942154320644f,0.6039888497524786f,-0.5755852083389563f,0.2482403499790269f,-0.09994930788330629f,0.4251305837041605f,0.8177418100729587f,1.004676461327723f,0.9849062285799518f,0.13024917901366154f,-3.9281834428219645e-8f,0.12501253082535976f,0f,0f,0f,1f], start_interpolation: 0, interpolation_duration: 1 }
$data merge entity $(bone_r) { transformation: [0.14199932869924603f,0.6039888620306499f,-0.5755852083389563f,0.24824036176355546f,0.09994933715689448f,0.4251305798328679f,0.8177418100729587f,1.0046764576120755f,0.9849062389950641f,-0.13024913471338365f,-3.9281834428219645e-8f,-0.1250124691746399f,0f,0f,0f,1f], start_interpolation: 0, interpolation_duration: 1 }
$data merge entity $(bone_sad) { transformation: [-1.4141434226831142e-7f,0.5478870127488821f,-0.28779260416947816f,0.11040729654427434f,4.458777070646125e-8f,0.3856420895871015f,0.4088709050364793f,0.9153026941274425f,3.0002999999999957f,2.00927108806608e-8f,-1.9640917214109822e-8f,0.14063908815701207f,0f,0f,0f,1f], start_interpolation: 0, interpolation_duration: 1 }
$data merge entity $(bone_head) { transformation: [-4.713811408943714e-8f,0.8177418100729582f,-0.5755852083389563f,-0.08452298261022095f,1.4862590235487083e-8f,0.5755852083389574f,0.8177418100729587f,1.0838167745368f,1.0000999999999987f,2.998912071740418e-8f,-3.9281834428219645e-8f,1.3964979676466417e-8f,0f,0f,0f,1f], start_interpolation: 0, interpolation_duration: 1 }
$data merge entity $(bone_6) { transformation: [0.038950203588020066f,0.9459991874531831f,-0.318701391704072f,-0.08541533953441018f,-0.004103788579004715f,0.3194575093514498f,0.9475910934818925f,0.17757404721223474f,0.9982319572923671f,-0.035598815092473916f,0.016331071629759355f,-0.15499792223541686f,0f,0f,0f,1f], start_interpolation: 0, interpolation_duration: 1 }
$data merge entity $(bone_12) { transformation: [0.038950203588020066f,0.024069431660188212f,-0.9979507513879383f,-0.1410177338417284f,-0.004103788579004715f,0.9997052612022284f,0.02390337741460155f,0.46023511301377407f,0.9982319572923671f,0.0031706756598590506f,0.03903749931059182f,-0.15166632599916952f,0f,0f,0f,1f], start_interpolation: 0, interpolation_duration: 1 }
$data merge entity $(bone_10) { transformation: [-4.7086267348612845e-8f,-0.1794729560635555f,-0.9827791445259619f,-0.24277482191480348f,1.4846243020949501e-8f,0.983762907433396f,-0.17929348310749282f,0.8646410467194019f,0.9989999999999988f,-2.307897372447706e-8f,-4.365722411407191e-8f,-0.01577440429927439f,0f,0f,0f,1f], start_interpolation: 0, interpolation_duration: 1 }
$data merge entity $(bone_9) { transformation: [-4.7133400749362204e-8f,0.5686358807638175f,-0.8225893477963081f,-0.05222315061679318f,1.4861104125074576e-8f,0.8225893477963093f,0.5686358807638174f,1.112815282268814f,0.9999999999999988f,1.45771569040261e-8f,-4.722199036513081e-8f,-0.015774399006069258f,0f,0f,0f,1f], start_interpolation: 0, interpolation_duration: 1 }
$data merge entity $(item_display_item_display) { transformation: [-0.0000017722197627816713f,0.000009705713345762567f,6.685081718953906e-7f,-0.4831013188129829f,9.62827542418567e-7f,-5.057628057615597e-7f,0.000009839753487840591f,0.4055686845007744f,0.000009675550463537309f,0.0000018180538791337883f,-8.537621395719977e-7f,2.211754106593531f,0f,0f,0f,1f], start_interpolation: 0, interpolation_duration: 1 }
$data merge entity $(bone_2) { transformation: [-0.39583878661102f,-0.6072590992776353f,0.6726317101466566f,-0.07512710486443377f,-0.04861073698501484f,0.7482510120352305f,0.646369271526775f,0.8165837883865226f,-0.903954715649335f,0.2256790836310898f,-0.3293021226401856f,0.3236489363945657f,0f,0f,0f,1f], start_interpolation: 0, interpolation_duration: 1 }
$data merge entity $(bone_1) { transformation: [-0.3962350216326527f,-0.17098633696254337f,0.8899217402235055f,-0.12284321105244245f,-0.04865939638139624f,0.9748639140035693f,0.16526693970495704f,1.1274583892850234f,-0.9048595752245596f,0.0224504286322891f,-0.39858112727288875f,0.3278261833852549f,0f,0f,0f,1f], start_interpolation: 0, interpolation_duration: 1 }
$data merge entity $(bone_4) { transformation: [-0.002768593347035246f,-0.06221115301207386f,-0.9901730311383715f,-0.24948726034053162f,-0.12282358295268504f,0.9866704759808858f,-0.0715598771460102f,0.8136339239528507f,0.9803902762050005f,0.12244734047873794f,-0.011033793833472222f,-0.42370614165908244f,0f,0f,0f,1f], start_interpolation: 0, interpolation_duration: 1 }
$data merge entity $(bone_3) { transformation: [-0.002771364711746993f,0.48088246324384787f,-0.8677931295518371f,-0.08494624061087525f,-0.12294652948216721f,0.8698771438720412f,0.4711190919061972f,1.0816641346428861f,0.9813716478528534f,0.10911275022999871f,0.056652480386311946f,-0.3900504278196905f,0f,0f,0f,1f], start_interpolation: 0, interpolation_duration: 1 }
$data merge entity $(bone_8) { transformation: [-0.05395452635538977f,-0.02739206764690888f,-0.9981453539445081f,0.03360222015253678f,0.0006211615949294896f,0.9986502409488683f,-0.02716137292759302f,0.37418902176115443f,0.9975417524982413f,-0.002102239641801274f,-0.05396331121918886f,0.14634373630750447f,0f,0f,0f,1f], start_interpolation: 0, interpolation_duration: 1 }
$data merge entity $(bone_7) { transformation: [-0.05395452635538977f,-0.8565450004131672f,-0.5132008722110553f,-0.2443071492695325f,0.0006211615949294896f,0.5136667137536226f,-0.8568468656114105f,0.4775244455203726f,0.9975417524982413f,-0.0466417276061934f,-0.027221455052224f,0.1312500154439821f,0f,0f,0f,1f], start_interpolation: 0, interpolation_duration: 1 }