# This file was generated by Animated Java via MC-Build. It is not recommended to edit this file directly.
$data merge entity $(bone_layer) { transformation: [-4.7185252203526575e-8f,0.8158163981808342f,-0.5800384508455007f,-0.07243173805130054f,1.4877452825722568e-8f,0.5800384508455018f,0.8158163981808346f,1.0710982619052654f,1.0011000999999986f,2.9832189406720534e-8f,-3.9463117145195584e-8f,1.4330085071060086e-8f,0f,0f,0f,1f], start_interpolation: 0, interpolation_duration: 1 }
$data merge entity $(bone_l_1) { transformation: [-3.5353585567077855e-8f,0.6112510475880377f,-0.579458991853647f,0.1683090153604882f,1.1146942676615312e-8f,0.4345942438902361f,0.8150013967840507f,0.9374321094857266f,0.7500749999999989f,2.2351790264775624e-8f,-3.942369345174384e-8f,0.1218872151634422f,0f,0f,0f,1f], start_interpolation: 0, interpolation_duration: 1 }
$data merge entity $(bone_eye_l) { transformation: [-4.713811408943714e-8f,0.8150013967840503f,-0.579458991853647f,-0.07243173805130054f,1.4862590235487083e-8f,0.5794589918536481f,0.8150013967840507f,1.0710982619052654f,1.0000999999999987f,2.9802387019700834e-8f,-3.942369345174384e-8f,1.4330085071060086e-8f,0f,0f,0f,1f], start_interpolation: 0, interpolation_duration: 1 }
$data merge entity $(bone_r_1) { transformation: [-3.5353585567077855e-8f,0.6112510475880377f,-0.579458991853647f,0.16830902685040353f,1.1146942676615312e-8f,0.4345942438902361f,0.8150013967840507f,0.9374321058629703f,0.7500749999999989f,2.2351790264775624e-8f,-3.942369345174384e-8f,-0.12188715983655747f,0f,0f,0f,1f], start_interpolation: 0, interpolation_duration: 1 }
$data merge entity $(bone_eye_r) { transformation: [-4.713811408943714e-8f,0.8150013967840503f,-0.579458991853647f,0.16978116702852514f,1.4862590235487083e-8f,0.5794589918536481f,0.8150013967840507f,0.9461474832455103f,1.0000999999999987f,2.9802387019700834e-8f,-3.942369345174384e-8f,-0.12501247239669064f,0f,0f,0f,1f], start_interpolation: 0, interpolation_duration: 1 }
$data merge entity $(bone_eyes_down) { transformation: [-4.713811408943714e-8f,0.8150013967840503f,-0.579458991853647f,-0.046962944401798976f,1.4862590235487083e-8f,0.5794589918536481f,0.8150013967840507f,1.0892063554006919f,1.0000999999999987f,2.9802387019700834e-8f,-3.942369345174384e-8f,1.5261409665425736e-8f,0f,0f,0f,1f], start_interpolation: 0, interpolation_duration: 1 }
$data merge entity $(bone_bone) { transformation: [-4.713811408943714e-8f,0.8150013967840503f,-0.579458991853647f,-0.07243173805130054f,1.4862590235487083e-8f,0.5794589918536481f,0.8150013967840507f,1.0710982619052654f,1.0000999999999987f,2.9802387019700834e-8f,-3.942369345174384e-8f,1.4330085071060086e-8f,0f,0f,0f,1f], start_interpolation: 0, interpolation_duration: 1 }
$data merge entity $(bone_l) { transformation: [-0.14152355376953335f,0.601964764562448f,-0.579458991853647f,0.2607033766778186f,-0.10062198333130853f,0.42799178273322924f,0.8150013967840507f,0.9935378336790184f,0.9849062286123778f,0.13024917887573895f,-3.942369345174384e-8f,0.12501253118450967f,0f,0f,0f,1f], start_interpolation: 0, interpolation_duration: 1 }
$data merge entity $(bone_r) { transformation: [0.14152346092557294f,0.6019647768406193f,-0.579458991853647f,0.26070338846234714f,0.10062201260489673f,0.4279917788619366f,0.8150013967840507f,0.9935378299633708f,0.9849062389626382f,-0.13024913485130624f,-3.942369345174384e-8f,-0.12501246881549f,0f,0f,0f,1f], start_interpolation: 0, interpolation_duration: 1 }
$data merge entity $(bone_sad) { transformation: [-1.4141434226831142e-7f,0.5460509358453137f,-0.2897294959268235f,0.12337059058231706f,4.458777070646125e-8f,0.38823752454194427f,0.40750069839202535f,0.9035641017901574f,3.0002999999999957f,1.996759930319956e-8f,-1.971184672587192e-8f,0.14063908854865742f,0f,0f,0f,1f], start_interpolation: 0, interpolation_duration: 1 }
$data merge entity $(bone_head) { transformation: [-4.713811408943714e-8f,0.8150013967840503f,-0.579458991853647f,-0.07243173805130054f,1.4862590235487083e-8f,0.5794589918536481f,0.8150013967840507f,1.0710982619052654f,1.0000999999999987f,2.9802387019700834e-8f,-3.942369345174384e-8f,1.4330085071060086e-8f,0f,0f,0f,1f], start_interpolation: 0, interpolation_duration: 1 }
$data merge entity $(bone_6) { transformation: [0.03634509823352074f,0.9523540037821964f,-0.2995092725869373f,-0.08401712126156878f,-0.005925021603953077f,0.300291488997631f,0.9538270070861136f,0.1717788232923153f,0.9983210545477784f,-0.032889385745380084f,0.016564951206936872f,-0.1547945789496865f,0f,0f,0f,1f], start_interpolation: 0, interpolation_duration: 1 }
$data merge entity $(bone_12) { transformation: [0.03634509823352074f,0.04427759956346128f,-0.9973582340675962f,-0.13389893601357006f,-0.005925021603953077f,0.9990099381715776f,0.04404635337559973f,0.45550326548904646f,0.9983210545477784f,0.004317129986309098f,0.03657146007309417f,-0.1512946698864687f,0f,0f,0f,1f], start_interpolation: 0, interpolation_duration: 1 }
$data merge entity $(bone_10) { transformation: [-4.7086267348612845e-8f,-0.15535697133686616f,-0.9868705380637988f,-0.23275548389121753f,1.4846243020949501e-8f,0.9878583964602597f,-0.15520161436553026f,0.8545187940678879f,0.9989999999999988f,-2.2003168841544686e-8f,-4.420809717431027e-8f,-0.015695302507908286f,0f,0f,0f,1f], start_interpolation: 0, interpolation_duration: 1 }
$data merge entity $(bone_9) { transformation: [-4.7133400749362204e-8f,0.578907661633733f,-0.8153931072199233f,-0.03910632233036469f,1.4861104125074576e-8f,0.8153931072199245f,0.5789076616337329f,1.1002837078610872f,0.9999999999999988f,1.5168244948064776e-8f,-4.703545707915052e-8f,-0.015695297032902723f,0f,0f,0f,1f], start_interpolation: 0, interpolation_duration: 1 }
$data merge entity $(item_display_item_display) { transformation: [-0.0000017710419854592386f,0.000009689876739581008f,8.70111981004854e-7f,-0.4884499306950815f,0.0000010205626821257484f,-6.988591730580326e-7f,0.000009822170658111271f,0.4056013733015331f,0.000009669846877488985f,0.0000018384428468674833f,-8.743170888060658e-7f,2.212819436333371f,0f,0f,0f,1f], start_interpolation: 0, interpolation_duration: 1 }
$data merge entity $(bone_2) { transformation: [-0.3949909909962354f,-0.5923548642867762f,0.6862738446187603f,-0.06854008953438051f,-0.04259981412636535f,0.7609510893853966f,0.6318137249928558f,0.8039613036385798f,-0.9046285699383977f,0.22280797511483266f,-0.3294027439883253f,0.3246185466504261f,0f,0f,0f,1f], start_interpolation: 0, interpolation_duration: 1 }
$data merge entity $(bone_1) { transformation: [-0.39538637737360904f,-0.15117079290427884f,0.8938699382039375f,-0.10980501393555864f,-0.042642456582948296f,0.9781869400294176f,0.1462376623242254f,1.1150997062247212f,-0.9055341040424402f,0.019942460444384365f,-0.3971798834196342f,0.3279843869146459f,0f,0f,0f,1f], start_interpolation: 0, interpolation_duration: 1 }
$data merge entity $(bone_4) { transformation: [-0.003319320638193471f,-0.03927451589639824f,-0.9914867820016999f,-0.24441424508672094f,-0.1204557857854277f,0.9882063366467362f,-0.048769910276220296f,0.8016962051482792f,0.9806741257360624f,0.12036958842354711f,-0.008712361122064138f,-0.42258747975452804f,0f,0f,0f,1f], start_interpolation: 0, interpolation_duration: 1 }
$data merge entity $(bone_3) { transformation: [-0.003322643281474946f,0.4990315415274089f,-0.8576456418846661f,-0.07392204889733357f,-0.12057636214757528f,0.8599743169409717f,0.4892590746619035f,1.066228875046558f,0.9816557815175799f,0.1062379216856298f,0.05725597828605647f,-0.3898607315652911f,0f,0f,0f,1f], start_interpolation: 0, interpolation_duration: 1 }
$data merge entity $(bone_8) { transformation: [-0.05395452635538977f,-0.02739206764690888f,-0.9981453539445081f,0.04215690765253688f,0.0006211615949294896f,0.9986502409488683f,-0.02716137292759302f,0.37482183426115445f,0.9975417524982413f,-0.002102239641801274f,-0.05396331121918886f,0.14634373630750447f,0f,0f,0f,1f], start_interpolation: 0, interpolation_duration: 1 }
$data merge entity $(bone_7) { transformation: [-0.05395452635538977f,-0.8565450004131672f,-0.5132008722110553f,-0.2357524617695324f,0.0006211615949294896f,0.5136667137536226f,-0.8568468656114105f,0.47815725802037257f,0.9975417524982413f,-0.0466417276061934f,-0.027221455052224f,0.1312500154439821f,0f,0f,0f,1f], start_interpolation: 0, interpolation_duration: 1 }