# This file was generated by Animated Java via MC-Build. It is not recommended to edit this file directly.
$data merge entity $(bone_layer) { transformation: [-4.7185252203526575e-8f,0.8161642494225589f,-0.5795488917809339f,-0.056256268415645794f,1.4877452825722568e-8f,0.5795488917809349f,0.8161642494225594f,1.05431123243857f,1.0011000999999986f,2.98558602069025e-8f,-3.944521201514544e-8f,1.481970757314483e-8f,0f,0f,0f,1f], start_interpolation: 0, interpolation_duration: 1 }
$data merge entity $(bone_l_1) { transformation: [-3.5353585567077855e-8f,0.6115116753915277f,-0.5789699218590749f,0.18440424773825237f,1.1146942676615312e-8f,0.4342274413943069f,0.8153489005220375f,0.9205006699972698f,0.7500749999999989f,2.236952562954733e-8f,-3.9405806208936505e-8f,0.12188721565142893f,0f,0f,0f,1f], start_interpolation: 0, interpolation_duration: 1 }
$data merge entity $(bone_eye_l) { transformation: [-4.713811408943714e-8f,0.815348900522037f,-0.5789699218590749f,-0.056256268415645794f,1.4862590235487083e-8f,0.5789699218590759f,0.8153489005220375f,1.05431123243857f,1.0000999999999987f,2.9826034172729774e-8f,-3.9405806208936505e-8f,1.481970757314483e-8f,0f,0f,0f,1f], start_interpolation: 0, interpolation_duration: 1 }
$data merge entity $(bone_r_1) { transformation: [-3.5353585567077855e-8f,0.6115116753915277f,-0.5789699218590749f,0.18440425922816772f,1.1146942676615312e-8f,0.4342274413943069f,0.8153489005220375f,0.9205006663745133f,0.7500749999999989f,2.236952562954733e-8f,-3.9405806208936505e-8f,-0.12188715934857074f,0f,0f,0f,1f], start_interpolation: 0, interpolation_duration: 1 }
$data merge entity $(bone_eye_r) { transformation: [-4.713811408943714e-8f,0.815348900522037f,-0.5789699218590749f,0.18588162799211783f,1.4862590235487083e-8f,0.5789699218590759f,0.8153489005220375f,0.9292151589679497f,1.0000999999999987f,2.9826034172729774e-8f,-3.9405806208936505e-8f,-0.1250124719084443f,0f,0f,0f,1f], start_interpolation: 0, interpolation_duration: 1 }
$data merge entity $(bone_eyes_down) { transformation: [-4.713811408943714e-8f,0.815348900522037f,-0.5789699218590749f,-0.030776615274332137f,1.4862590235487083e-8f,0.5789699218590759f,0.8153489005220375f,1.072404042496666f,1.0000999999999987f,2.9826034172729774e-8f,-3.9405806208936505e-8f,1.5751771141042637e-8f,0f,0f,0f,1f], start_interpolation: 0, interpolation_duration: 1 }
$data merge entity $(bone_bone) { transformation: [-4.713811408943714e-8f,0.815348900522037f,-0.5789699218590749f,-0.056256268415645794f,1.4862590235487083e-8f,0.5789699218590759f,0.8153489005220375f,1.05431123243857f,1.0000999999999987f,2.9826034172729774e-8f,-3.9405806208936505e-8f,1.481970757314483e-8f,0f,0f,0f,1f], start_interpolation: 0, interpolation_duration: 1 }
$data merge entity $(bone_l) { transformation: [-0.1415838971603672f,0.6022214328439754f,-0.5789699218590749f,0.2768322534430019f,-0.10053705721799949f,0.42763055279141393f,0.8153489005220375f,0.9765509514588185f,0.9849062286082715f,0.13024917889320486f,-3.9405806208936505e-8f,0.1250125316749061f,0f,0f,0f,1f], start_interpolation: 0, interpolation_duration: 1 }
$data merge entity $(bone_r) { transformation: [0.1415838043164068f,0.6022214451221468f,-0.5789699218590749f,0.2768322652275304f,0.10053708649158768f,0.4276305489201213f,0.8153489005220375f,0.976550947743171f,0.9849062389667445f,-0.13024913483384032f,-3.9405806208936505e-8f,-0.12501246832509355f,0f,0f,0f,1f], start_interpolation: 0, interpolation_duration: 1 }
$data merge entity $(bone_sad) { transformation: [-1.4141434226831142e-7f,0.5462837633497648f,-0.28948496092953746f,0.13944551170295294f,4.458777070646125e-8f,0.3879098476455809f,0.40767445026101873f,0.8866596295143045f,3.0002999999999957f,1.998344289572895e-8f,-1.9702903104468253e-8f,0.14063908903528605f,0f,0f,0f,1f], start_interpolation: 0, interpolation_duration: 1 }
$data merge entity $(bone_head) { transformation: [-4.713811408943714e-8f,0.815348900522037f,-0.5789699218590749f,-0.056256268415645794f,1.4862590235487083e-8f,0.5789699218590759f,0.8153489005220375f,1.05431123243857f,1.0000999999999987f,2.9826034172729774e-8f,-3.9405806208936505e-8f,1.481970757314483e-8f,0f,0f,0f,1f], start_interpolation: 0, interpolation_duration: 1 }
$data merge entity $(bone_6) { transformation: [0.033152376356386556f,0.9600357886576253f,-0.27430487629088984f,-0.08313657438873337f,-0.007718129054079025f,0.27510177903356536f,0.9613789176784073f,0.16434860548929037f,0.9984199268974098f,-0.029751205827688164f,0.01654003952326693f,-0.15440308273691644f,0f,0f,0f,1f], start_interpolation: 0, interpolation_duration: 1 }
$data merge entity $(bone_12) { transformation: [0.033152376356386556f,0.07058930993831189f,-0.9959563393958903f,-0.1255306021808263f,-0.007718129054079025f,0.9974910246157491f,0.07029984349172844f,0.44928669638070284f,0.9984199268974098f,0.005367041406223827f,0.033614015264121264f,-0.1507927263874084f,0f,0f,0f,1f], start_interpolation: 0, interpolation_duration: 1 }
$data merge entity $(bone_10) { transformation: [-4.7086267348612845e-8f,-0.12476504268324684f,-0.9911941289120316f,-0.22009312863163996f,1.4846243020949501e-8f,0.9921863152272598f,-0.12464027764056451f,0.8408432950906644f,0.9989999999999988f,-2.062558486108303e-8f,-4.4866057920540744e-8f,-0.01564354441761159f,0f,0f,0f,1f], start_interpolation: 0, interpolation_duration: 1 }
$data merge entity $(bone_9) { transformation: [-4.7133400749362204e-8f,0.5922307422370369f,-0.8057684207943163f,-0.022430890107654727f,1.4861104125074576e-8f,0.8057684207943175f,0.5922307422370369f,1.083392321241435f,0.9999999999999988f,1.593924051167518e-8f,-4.677980856480791e-8f,-0.01564353870566442f,0f,0f,0f,1f], start_interpolation: 0, interpolation_duration: 1 }
$data merge entity $(item_display_item_display) { transformation: [-0.000001767998447517097f,0.000009662022188158263f,0.0000011426460544561504f,-0.4958052751025695f,0.0000011167836523978959f,-9.562516416410806e-7f,0.000009790045278648421f,0.4095946281454459f,0.000009659764608923172f,0.0000018689295082038073f,-9.19747304740856e-7f,2.2153139642001474f,0f,0f,0f,1f], start_interpolation: 0, interpolation_duration: 1 }
$data merge entity $(bone_2) { transformation: [-0.39360462413285224f,-0.5717617689657841f,0.7042905595113785f,-0.06005679752822009f,-0.03618655177494512f,0.7780639089180491f,0.6110427006140504f,0.7868923821320106f,-0.9055116840838974f,0.21743797424572f,-0.33055735728257285f,0.326375855703857f,0f,0f,0f,1f], start_interpolation: 0, interpolation_duration: 1 }
$data merge entity $(bone_1) { transformation: [-0.3939986227556079f,-0.1242230502260723f,0.8986130126257154f,-0.09263502967430726f,-0.036222774549494616f,0.9820646826076564f,0.11960596769923049f,1.0984076652363373f,-0.9064181021860834f,0.014751032752113024f,-0.39538569287528225f,0.32808790307473157f,0f,0f,0f,1f], start_interpolation: 0, interpolation_duration: 1 }
$data merge entity $(bone_4) { transformation: [-0.004531110833621115f,-0.01280776326662264f,-0.9923575333411387f,-0.23667557962132318f,-0.11763027874740449f,0.9893112840356477f,-0.022403284723331862f,0.7871390644145471f,0.9810052777601916f,0.11779541304741768f,-0.006724197458707566f,-0.42146199643333465f,0f,0f,0f,1f], start_interpolation: 0, interpolation_duration: 1 }
$data merge entity $(bone_3) { transformation: [-0.0045356464801012165f,0.5199731957261963f,-0.8453196960352279f,-0.05938684145413755f,-0.11774802677417867f,0.847878317479249f,0.5102363007815248f,1.0474222567488187f,0.9819872650252168f,0.10312510690665408f,0.05732526922716192f,-0.3897322699395708f,0f,0f,0f,1f], start_interpolation: 0, interpolation_duration: 1 }
$data merge entity $(bone_8) { transformation: [-0.05395452635538977f,-0.02739206764690888f,-0.9981453539445081f,0.0533678451525369f,0.0006211615949294896f,0.9986502409488683f,-0.02716137292759302f,0.37523589676115443f,0.9975417524982413f,-0.002102239641801274f,-0.05396331121918886f,0.14634373630750447f,0f,0f,0f,1f], start_interpolation: 0, interpolation_duration: 1 }
$data merge entity $(bone_7) { transformation: [-0.05395452635538977f,-0.8565450004131672f,-0.5132008722110553f,-0.2245415242695324f,0.0006211615949294896f,0.5136667137536226f,-0.8568468656114105f,0.4785713205203726f,0.9975417524982413f,-0.0466417276061934f,-0.027221455052224f,0.1312500154439821f,0f,0f,0f,1f], start_interpolation: 0, interpolation_duration: 1 }