# This file was generated by Animated Java via MC-Build. It is not recommended to edit this file directly.
$data merge entity $(bone_layer) { transformation: [-4.7185252203526575e-8f,0.8199711963332801f,-0.5741500127873962f,-0.035654709621414815f,1.4877452825722568e-8f,0.5741500127873973f,0.8199711963332805f,1.0330677336922596f,1.0011000999999986f,3.0115527863836606e-8f,-3.924731992246552e-8f,1.5443982296121438e-8f,0f,0f,0f,1f], start_interpolation: 0, interpolation_duration: 1 }
$data merge entity $(bone_l_1) { transformation: [-3.5353585567077855e-8f,0.6143640332167434f,-0.5735764363510452f,0.20411748579890804f,1.1146942676615312e-8f,0.4301823272632847f,0.8191520442889916f,0.8976718513172781f,0.7500749999999989f,2.2564081816061395e-8f,-3.920811181065487e-8f,0.1218872162573937f,0f,0f,0f,1f], start_interpolation: 0, interpolation_duration: 1 }
$data merge entity $(bone_eye_l) { transformation: [-4.713811408943714e-8f,0.8191520442889911f,-0.5735764363510452f,-0.035654709621414815f,1.4862590235487083e-8f,0.5735764363510463f,0.8191520442889916f,1.0330677336922596f,1.0000999999999987f,3.008544242141519e-8f,-3.920811181065487e-8f,1.5443982296121438e-8f,0f,0f,0f,1f], start_interpolation: 0, interpolation_duration: 1 }
$data merge entity $(bone_r_1) { transformation: [-3.5353585567077855e-8f,0.6143640332167434f,-0.5735764363510452f,0.2041174972888233f,1.1146942676615312e-8f,0.4301823272632847f,0.8191520442889916f,0.8976718476945218f,0.7500749999999989f,2.2564081816061395e-8f,-3.920811181065487e-8f,-0.121887158742606f,0f,0f,0f,1f], start_interpolation: 0, interpolation_duration: 1 }
$data merge entity $(bone_eye_r) { transformation: [-4.713811408943714e-8f,0.8191520442889911f,-0.5735764363510452f,0.20565234498574209f,1.4862590235487083e-8f,0.5735764363510463f,0.8191520442889916f,0.9063764006520765f,1.0000999999999987f,3.008544242141519e-8f,-3.920811181065487e-8f,-0.12501247129962267f,0f,0f,0f,1f], start_interpolation: 0, interpolation_duration: 1 }
$data merge entity $(bone_eyes_down) { transformation: [-4.713811408943714e-8f,0.8191520442889911f,-0.5735764363510452f,-0.010056208237383842f,1.4862590235487083e-8f,0.5735764363510463f,0.8191520442889916f,1.0509919973282298f,1.0000999999999987f,3.008544242141519e-8f,-3.920811181065487e-8f,1.638415237179066e-8f,0f,0f,0f,1f], start_interpolation: 0, interpolation_duration: 1 }
$data merge entity $(bone_bone) { transformation: [-4.713811408943714e-8f,0.8191520442889911f,-0.5735764363510452f,-0.035654709621414815f,1.4862590235487083e-8f,0.5735764363510463f,0.8191520442889916f,1.0330677336922596f,1.0000999999999987f,3.008544242141519e-8f,-3.920811181065487e-8f,1.5443982296121438e-8f,0f,0f,0f,1f], start_interpolation: 0, interpolation_duration: 1 }
$data merge entity $(bone_l) { transformation: [-0.14224430614490413f,0.6050304569446129f,-0.5735764363510452f,0.2969133813355008f,-0.09960048828825714f,0.423646893033364f,0.8191520442889916f,0.9531109355618133f,0.9849062285632257f,0.1302491790848053f,-3.920811181065487e-8f,0.1250125323072938f,0f,0f,0f,1f], start_interpolation: 0, interpolation_duration: 1 }
$data merge entity $(bone_r) { transformation: [0.14224421330094372f,0.6050304692227843f,-0.5735764363510452f,0.2969133931200293f,0.09960051756184533f,0.4236468891620714f,0.8191520442889916f,0.9531109318461657f,0.9849062390117902f,-0.1302491346422399f,-3.920811181065487e-8f,-0.12501246769270585f,0f,0f,0f,1f], start_interpolation: 0, interpolation_duration: 1 }
$data merge entity $(bone_sad) { transformation: [-1.4141434226831142e-7f,0.5488318696736241f,-0.2867882181755226f,0.15893639560561112f,4.458777070646125e-8f,0.384296212355201f,0.4095760221444958f,0.8641282519820038f,3.0002999999999957f,2.015724642234818e-8f,-1.9604055905327435e-8f,0.1406390896263502f,0f,0f,0f,1f], start_interpolation: 0, interpolation_duration: 1 }
$data merge entity $(bone_head) { transformation: [-4.713811408943714e-8f,0.8191520442889911f,-0.5735764363510452f,-0.035654709621414815f,1.4862590235487083e-8f,0.5735764363510463f,0.8191520442889916f,1.0330677336922596f,1.0000999999999987f,3.008544242141519e-8f,-3.920811181065487e-8f,1.5443982296121438e-8f,0f,0f,0f,1f], start_interpolation: 0, interpolation_duration: 1 }
$data merge entity $(bone_6) { transformation: [0.029338763943894914f,0.9687002403791255f,-0.2424489427499038f,-0.08285363339252957f,-0.009404028502652043f,0.24324829336191306f,0.9699073890814479f,0.1552094764105782f,0.9985248125000027f,-0.026171561761646752f,0.016258172885053924f,-0.1538084843512111f,0f,0f,0f,1f], start_interpolation: 0, interpolation_duration: 1 }
$data merge entity $(bone_12) { transformation: [0.029338763943894914f,0.10348751263464864f,-0.9932028897862789f,-0.11582295107567708f,-0.009404028502652043f,0.9946106325249294f,0.10314923793530659f,0.44139054417917123f,0.9985248125000027f,0.006326483782771697f,0.03015384608222175f,-0.1501445454071677f,0f,0f,0f,1f], start_interpolation: 0, interpolation_duration: 1 }
$data merge entity $(bone_10) { transformation: [-4.7086267348612845e-8f,-0.0871557427476577f,-0.9951985033936527f,-0.20455544659861366f,1.4846243020949501e-8f,0.9961946980917454f,-0.08706858700491071f,0.8233173416245598f,0.9989999999999988f,-1.8912499651740205e-8f,-4.5613154513040645e-8f,-0.015624989399761428f,0f,0f,0f,1f], start_interpolation: 0, interpolation_duration: 1 }
$data merge entity $(bone_9) { transformation: [-4.7133400749362204e-8f,0.6087614290087201f,-0.7933533402912342f,-0.001921354091338097f,1.4861104125074576e-8f,0.7933533402912353f,0.6087614290087203f,1.0617283631373096f,0.9999999999999988f,1.690288979898754e-8f,-4.644030785742474e-8f,-0.015624983391978556f,0f,0f,0f,1f], start_interpolation: 0, interpolation_duration: 1 }
$data merge entity $(item_display_item_display) { transformation: [-0.0000017597701426131159f,0.000009615643889913327f,0.0000014925014573415713f,-0.5047685001953559f,0.0000012552709602406596f,-0.0000012834887422752295f,0.000009735767786245105f,0.41851537626206475f,0.000009644251157971497f,0.000001911553479258162f,-9.918803760907229e-7f,2.2191977173638984f,0f,0f,0f,1f], start_interpolation: 0, interpolation_duration: 1 }
$data merge entity $(bone_2) { transformation: [-0.3915889771759467f,-0.5445142945778497f,0.7266442359786192f,-0.04954338634146864f,-0.029376177931336706f,0.7995505758351238f,0.5830421477736025f,0.7651461827873327f,-0.9066314520272406f,0.20927804265595476f,-0.3327409636380746f,0.32897691325513845f,0f,0f,0f,1f], start_interpolation: 0, interpolation_duration: 1 }
$data merge entity $(bone_1) { transformation: [-0.3919809581340808f,-0.08933672628617538f,0.9036186208888313f,-0.0709631509188765f,-0.029405583514851556f,0.9859385669097637f,0.08452462173032689f,1.0769669776312043f,-0.9075389910182589f,0.006640151834884402f,-0.3930264067519023f,0.32812501312738457f,0f,0f,0f,1f], start_interpolation: 0, interpolation_duration: 1 }
$data merge entity $(bone_4) { transformation: [-0.006405708974266331f,0.01747605872533592f,-0.9925013447379886f,-0.22598236956380802f,-0.11429880100152327f,0.9896958069659174f,0.007825071151825014f,0.7698376988060431f,0.9813828071532904f,0.11471347871267878f,-0.005104129106913956f,-0.4203584504678509f,0f,0f,0f,1f], start_interpolation: 0, interpolation_duration: 1 }
$data merge entity $(bone_3) { transformation: [-0.006412121095361693f,0.5438134895136979f,-0.8304403774854774f,-0.04102572260689047f,-0.11441321421573901f,0.8332108191398885f,0.5341523686483902f,1.0249944895989018f,0.982365172325616f,0.09977971449755858f,0.05682642789310225f,-0.38969102869382777f,0f,0f,0f,1f], start_interpolation: 0, interpolation_duration: 1 }
$data merge entity $(bone_8) { transformation: [-0.05395452635538977f,-0.02739206764690888f,-0.9981453539445081f,0.06746940765253684f,0.0006211615949294896f,0.9986502409488683f,-0.02716137292759302f,0.3753843342611545f,0.9975417524982413f,-0.002102239641801274f,-0.05396331121918886f,0.14634373630750447f,0f,0f,0f,1f], start_interpolation: 0, interpolation_duration: 1 }
$data merge entity $(bone_7) { transformation: [-0.05395452635538977f,-0.8565450004131672f,-0.5132008722110553f,-0.21043996176953245f,0.0006211615949294896f,0.5136667137536226f,-0.8568468656114105f,0.4787197580203726f,0.9975417524982413f,-0.0466417276061934f,-0.027221455052224f,0.1312500154439821f,0f,0f,0f,1f], start_interpolation: 0, interpolation_duration: 1 }