# This file was generated by Animated Java via MC-Build. It is not recommended to edit this file directly.
$data merge entity $(bone_layer) { transformation: [-4.7185252203526575e-8f,0.8435925453818705f,-0.538843778266145f,0.035736070175930834f,1.4877452825722568e-8f,0.538843778266146f,0.843592545381871f,0.9545203012304184f,1.0011000999999986f,3.175357200021122e-8f,-3.793425635018143e-8f,1.7834481512343006e-8f,0f,0f,0f,1f], start_interpolation: 0, interpolation_duration: 1 }
$data merge entity $(bone_l_1) { transformation: [-3.5353585567077855e-8f,0.6320623466897132f,-0.5383054727933517f,0.26954786855394275f,1.1146942676615312e-8f,0.40372910459501454f,0.8427497955862848f,0.8090734255950396f,0.7500749999999989f,2.379138761254587e-8f,-3.7896359990191246e-8f,0.12188721851632799f,0f,0f,0f,1f], start_interpolation: 0, interpolation_duration: 1 }
$data merge entity $(bone_eye_l) { transformation: [-4.713811408943714e-8f,0.8427497955862843f,-0.5383054727933517f,0.035736070175930834f,1.4862590235487083e-8f,0.5383054727933527f,0.8427497955862848f,0.9545203012304184f,1.0000999999999987f,3.172185015006116e-8f,-3.7896359990191246e-8f,1.7834481512343006e-8f,0f,0f,0f,1f], start_interpolation: 0, interpolation_duration: 1 }
$data merge entity $(bone_r_1) { transformation: [-3.5353585567077855e-8f,0.6320623466897132f,-0.5383054727933517f,0.26954788004385805f,1.1146942676615312e-8f,0.40372910459501454f,0.8427497955862848f,0.8090734219722832f,0.7500749999999989f,2.379138761254587e-8f,-3.7896359990191246e-8f,-0.1218871564836717f,0f,0f,0f,1f], start_interpolation: 0, interpolation_duration: 1 }
$data merge entity $(bone_eye_r) { transformation: [-4.713811408943714e-8f,0.8427497955862843f,-0.5383054727933517f,0.2714506572086205f,1.4862590235487083e-8f,0.5383054727933527f,0.8427497955862848f,0.8177050173532103f,1.0000999999999987f,3.172185015006116e-8f,-3.7896359990191246e-8f,-0.12501246902226237f,0f,0f,0f,1f], start_interpolation: 0, interpolation_duration: 1 }
$data merge entity $(bone_eyes_down) { transformation: [-4.713811408943714e-8f,0.8427497955862843f,-0.5383054727933517f,0.06207200128800222f,1.4862590235487083e-8f,0.5383054727933527f,0.8427497955862848f,0.9713423472552107f,1.0000999999999987f,3.172185015006116e-8f,-3.7896359990191246e-8f,1.882578932953242e-8f,0f,0f,0f,1f], start_interpolation: 0, interpolation_duration: 1 }
$data merge entity $(bone_bone) { transformation: [-4.713811408943714e-8f,0.8427497955862843f,-0.5383054727933517f,0.035736070175930834f,1.4862590235487083e-8f,0.5383054727933527f,0.8427497955862848f,0.9545203012304184f,1.0000999999999987f,3.172185015006116e-8f,-3.7896359990191246e-8f,1.7834481512343006e-8f,0f,0f,0f,1f], start_interpolation: 0, interpolation_duration: 1 }
$data merge entity $(bone_l) { transformation: [-0.14634201265471652f,0.622459893268034f,-0.5383054727933517f,0.36461234224948047f,-0.09347574974190695f,0.39759555425749327f,0.8427497955862848f,0.8605255016490008f,0.9849062282790665f,0.13024918029346558f,-3.7896359990191246e-8f,0.12501253473240526f,0f,0f,0f,1f], start_interpolation: 0, interpolation_duration: 1 }
$data merge entity $(bone_r) { transformation: [0.14634191981075612f,0.6224599055462053f,-0.5383054727933517f,0.364612354034009f,0.09347577901549514f,0.39759555038620065f,0.8427497955862848f,0.8605254979333532f,0.9849062392959494f,-0.1302491334335796f,-3.7896359990191246e-8f,-0.1250124652675944f,0f,0f,0f,1f], start_interpolation: 0, interpolation_duration: 1 }
$data merge entity $(bone_sad) { transformation: [-1.4141434226831142e-7f,0.5646423630428105f,-0.26915273639667586f,0.22298429396961422f,4.458777070646125e-8f,0.36066466677154635f,0.4213748977931424f,0.7774769464734835f,3.0002999999999957f,2.125363960054098e-8f,-1.8948179995095623e-8f,0.14063909179118692f,0f,0f,0f,1f], start_interpolation: 0, interpolation_duration: 1 }
$data merge entity $(bone_head) { transformation: [-4.713811408943714e-8f,0.8427497955862843f,-0.5383054727933517f,0.035736070175930834f,1.4862590235487083e-8f,0.5383054727933527f,0.8427497955862848f,0.9545203012304184f,1.0000999999999987f,3.172185015006116e-8f,-3.7896359990191246e-8f,1.7834481512343006e-8f,0f,0f,0f,1f], start_interpolation: 0, interpolation_duration: 1 }
$data merge entity $(bone_6) { transformation: [0.015543066992972001f,0.9613676747840533f,-0.27135283548145833f,-0.10753205542928607f,-0.014134557293091751f,0.27223568845271917f,0.9620743099866532f,0.11347320166392139f,0.9987790683422337f,-0.011108233632490814f,0.017837928647133607f,-0.15175377375939567f,0f,0f,0f,1f], start_interpolation: 0, interpolation_duration: 1 }
$data merge entity $(bone_12) { transformation: [0.015543066992972001f,0.22450476326958327f,-0.9733744288365054f,-0.09411361791062497f,-0.014134557293091751f,0.9744185971889331f,0.22407062604449662f,0.4150075850661943f,0.9987790683422337f,0.010296053691582778f,0.01831872897431136f,-0.14769532732892438f,0f,0f,0f,1f], start_interpolation: 0, interpolation_duration: 1 }
$data merge entity $(bone_10) { transformation: [-4.7086267348612845e-8f,0.051961493378468115f,-0.997650440033717f,-0.15376389428584927f,1.4846243020949501e-8f,0.9986490891228407f,0.05190953188508901f,0.7584014776338341f,0.9989999999999988f,-1.2391906176162249e-8f,-4.779409091659024e-8f,-0.015624988182754014f,0f,0f,0f,1f], start_interpolation: 0, interpolation_duration: 1 }
$data merge entity $(bone_9) { transformation: [-4.7133400749362204e-8f,0.6679517973475847f,-0.7442045393708165f,0.06659923831293996f,1.4861104125074576e-8f,0.7442045393708177f,0.6679517973475848f,0.9805286493536587f,0.9999999999999988f,2.042313859463925e-8f,-4.500339195431007e-8f,-0.015624981097345204f,0f,0f,0f,1f], start_interpolation: 0, interpolation_duration: 1 }
$data merge entity $(item_display_item_display) { transformation: [-0.0000016360904807127237f,0.000009155364303813676f,0.0000033598617376665326f,-0.5596772380513799f,0.000002223165653221427f,-0.000002970304005234853f,0.000009178465536065095f,0.5540791059505987f,0.000009490373893698829f,0.0000022635614155702227f,-0.0000015672138523593483f,2.23603325760532f,0f,0f,0f,1f], start_interpolation: 0, interpolation_duration: 1 }
$data merge entity $(bone_2) { transformation: [-0.3755414616214144f,-0.3830954109163588f,0.8307033776665885f,-0.01633973176213145f,-0.015409097139175671f,0.9014939740598608f,0.40885839171801114f,0.6774614915633271f,-0.9137377342592281f,0.14224760285804416f,-0.3483096816122237f,0.34135744983899374f,0f,0f,0f,1f], start_interpolation: 0, interpolation_duration: 1 }
$data merge entity $(bone_1) { transformation: [-0.3759173790004148f,0.04057655018409155f,0.9138838761609762f,0.002765758910426408f,-0.015424521660836507f,0.988605799692825f,-0.05015119697663803f,0.996498388530811f,-0.914652386645874f,-0.03334840909050474f,-0.3747557850584842f,0.3281250156566383f,0f,0f,0f,1f], start_interpolation: 0, interpolation_duration: 1 }
$data merge entity $(bone_4) { transformation: [-0.022688661132805685f,0.17093010484552873f,-0.9784378774933778f,-0.18033188533702788f,-0.11073209826921751f,0.9759033120118958f,0.1621263566555271f,0.6935332862162994f,0.9815456606738417f,0.1134548233980655f,-0.003980680356650362f,-0.42180004245357655f,0f,0f,0f,1f], start_interpolation: 0, interpolation_duration: 1 }
$data merge entity $(bone_3) { transformation: [-0.022711372505310995f,0.6127811804832702f,-0.7817013532684841f,0.0286475979741979f,-0.11084294121042794f,0.7836253096212746f,0.6038241499303787f,0.9388541304517293f,0.9825281888627044f,0.10188340753721638f,0.050076082484490844f,-0.3895158424860481f,0f,0f,0f,1f], start_interpolation: 0, interpolation_duration: 1 }
$data merge entity $(bone_8) { transformation: [-0.055430786598466245f,0.06692712686231522f,-0.996089343715717f,0.07005240900017867f,-0.008126560325305357f,0.9967692940422576f,0.06808817679404472f,0.2745888618307305f,0.9974278979693612f,0.011842624998398197f,-0.054794900868905955f,0.1438080987180525f,0f,0f,0f,1f], start_interpolation: 0, interpolation_duration: 1 }
$data merge entity $(bone_7) { transformation: [-0.055430786598466245f,-0.7237898325841062f,-0.6876056276834301f,-0.18143936361912727f,-0.008126560325305357f,0.6889333170054524f,-0.7235716343835643f,0.4484035398115511f,0.9974278979693612f,-0.03460410774844068f,-0.044105381247872964f,0.1312500151197188f,0f,0f,0f,1f], start_interpolation: 0, interpolation_duration: 1 }