# This file was generated by Animated Java via MC-Build. It is not recommended to edit this file directly.
$data merge entity $(bone_layer) { transformation: [-4.7185252203526575e-8f,0.880216426254361f,-0.4766760356384604f,0.1377750742775098f,1.4877452825722568e-8f,0.4766760356384614f,0.8802164262543616f,0.8440194467531361f,1.0011000999999986f,3.440366134734807e-8f,-3.554835053150661e-8f,2.1295803721250994e-8f,0f,0f,0f,1f], start_interpolation: 0, interpolation_duration: 1 }
$data merge entity $(bone_l_1) { transformation: [-3.5353585567077855e-8f,0.659502816873897f,-0.4761998358026578f,0.36050224457814195f,1.1146942676615312e-8f,0.35714987685199406f,0.8793370891651965f,0.6821078709766015f,0.7500749999999989f,2.5776969041469588e-8f,-3.55128376938128e-8f,0.12188722169987759f,0f,0f,0f,1f], start_interpolation: 0, interpolation_duration: 1 }
$data merge entity $(bone_eye_l) { transformation: [-4.713811408943714e-8f,0.8793370891651959f,-0.4761998358026578f,0.1377750742775098f,1.4862590235487083e-8f,0.4761998358026588f,0.8793370891651965f,0.8440194467531361f,1.0000999999999987f,3.4369292055292784e-8f,-3.55128376938128e-8f,2.1295803721250994e-8f,0f,0f,0f,1f], start_interpolation: 0, interpolation_duration: 1 }
$data merge entity $(bone_r_1) { transformation: [-3.5353585567077855e-8f,0.659502816873897f,-0.4761998358026578f,0.36050225606805725f,1.1146942676615312e-8f,0.35714987685199406f,0.8793370891651965f,0.6821078673538451f,0.7500749999999989f,2.5776969041469588e-8f,-3.55128376938128e-8f,-0.12188715330012206f,0f,0f,0f,1f], start_interpolation: 0, interpolation_duration: 1 }
$data merge entity $(bone_eye_r) { transformation: [-4.713811408943714e-8f,0.8793370891651959f,-0.4761998358026578f,0.3630218640488797f,1.4862590235487083e-8f,0.4761998358026588f,0.8793370891651965f,0.6905799730884487f,1.0000999999999987f,3.4369292055292784e-8f,-3.55128376938128e-8f,-0.1250124658072692f,0f,0f,0f,1f], start_interpolation: 0, interpolation_duration: 1 }
$data merge entity $(bone_eyes_down) { transformation: [-4.713811408943714e-8f,0.8793370891651959f,-0.4761998358026578f,0.16525435831392216f,1.4862590235487083e-8f,0.4761998358026588f,0.8793370891651965f,0.8589006916219692f,1.0000999999999987f,3.4369292055292784e-8f,-3.55128376938128e-8f,2.2369844097978893e-8f,0f,0f,0f,1f], start_interpolation: 0, interpolation_duration: 1 }
$data merge entity $(bone_bone) { transformation: [-4.713811408943714e-8f,0.8793370891651959f,-0.4761998358026578f,0.1377750742775098f,1.4862590235487083e-8f,0.4761998358026588f,0.8793370891651965f,0.8440194467531361f,1.0000999999999987f,3.4369292055292784e-8f,-3.55128376938128e-8f,2.1295803721250994e-8f,0f,0f,0f,1f], start_interpolation: 0, interpolation_duration: 1 }
$data merge entity $(bone_l) { transformation: [-0.1526953295104595f,0.6494834810517185f,-0.4761998358026578f,0.45902608557366625f,-0.08269121905562905f,0.3517239696468454f,0.8793370891651965f,0.7265783448114183f,0.984906227819343f,0.13024918224888155f,-3.55128376938128e-8f,0.12501253818276095f,0f,0f,0f,1f], start_interpolation: 0, interpolation_duration: 1 }
$data merge entity $(bone_r) { transformation: [0.1526952366664991f,0.6494834933298899f,-0.4761998358026578f,0.4590260973581948f,0.08269124832921725f,0.35172396577555276f,0.8793370891651965f,0.7265783410957707f,0.9849062397556729f,-0.13024913147816364f,-3.55128376938128e-8f,-0.1250124618172387f,0f,0f,0f,1f], start_interpolation: 0, interpolation_duration: 1 }
$data merge entity $(bone_sad) { transformation: [-1.4141434226831142e-7f,0.5891558497406814f,-0.2380999179013289f,0.3117835946722017f,4.458777070646125e-8f,0.3190538899877814f,0.43966854458259824f,0.6539476662895549f,3.0002999999999957f,2.3027425677046168e-8f,-1.77564188469064e-8f,0.1406390948220937f,0f,0f,0f,1f], start_interpolation: 0, interpolation_duration: 1 }
$data merge entity $(bone_head) { transformation: [-4.713811408943714e-8f,0.8793370891651959f,-0.4761998358026578f,0.1377750742775098f,1.4862590235487083e-8f,0.4761998358026588f,0.8793370891651965f,0.8440194467531361f,1.0000999999999987f,3.4369292055292784e-8f,-3.55128376938128e-8f,2.1295803721250994e-8f,0f,0f,0f,1f], start_interpolation: 0, interpolation_duration: 1 }
$data merge entity $(bone_6) { transformation: [-0.003487758523277283f,0.9672069078717941f,-0.2506065593877674f,-0.1443004230384176f,-0.018655248447189243f,0.25137113131555516f,0.9675535297756469f,0.0712241601569269f,0.9988197120831451f,0.008072302685165686f,0.017196192778978707f,-0.15008944962067303f,0f,0f,0f,1f], start_interpolation: 0, interpolation_duration: 1 }
$data merge entity $(bone_12) { transformation: [-0.003487758523277283f,0.3899787083939591f,-0.9198964383247014f,-0.06555222221177587f,-0.018655248447189243f,0.9206368738692812f,0.38958314274667083f,0.3771848930573274f,0.9988197120831451f,0.018556763499507176f,0.00406419059052239f,-0.1440999520931463f,0f,0f,0f,1f], start_interpolation: 0, interpolation_duration: 1 }
$data merge entity $(bone_10) { transformation: [-4.7086267348612845e-8f,0.24694616074595627f,-0.9680601724702025f,-0.08070934616266193f,1.4846243020949501e-8f,0.9690292016718755f,0.24669921458520994f,0.6687464366661051f,0.9989999999999988f,-2.7614314859699656e-9f,-4.9294190729076534e-8f,-0.015624986397359587f,0f,0f,0f,1f], start_interpolation: 0, interpolation_duration: 1 }
$data merge entity $(bone_9) { transformation: [-4.7133400749362204e-8f,0.7450577854414646f,-0.6669999223036374f,0.1625430855737901f,1.4861104125074576e-8f,0.6669999223036385f,0.7450577854414648f,0.8655423844884692f,0.9999999999999988f,2.520475187934565e-8f,-4.251035591652609e-8f,-0.015624977856650313f,0f,0f,0f,1f], start_interpolation: 0, interpolation_duration: 1 }
$data merge entity $(item_display_item_display) { transformation: [-0.0000012380267436373207f,0.000008085863261072882f,0.000005557511754177895f,-0.5700218477670875f,0.000003362978780240317f,-0.000004914892082516604f,0.000007907763132013245f,0.7428661454660794f,0.000009211239783649827f,0.000002869820447425385f,-0.0000021357616725631666f,2.232467562995744f,0f,0f,0f,1f], start_interpolation: 0, interpolation_duration: 1 }
$data merge entity $(bone_2) { transformation: [-0.34806031929573444f,-0.15124475483144859f,0.9132236068966216f,0.027303719584858943f,-0.0014831558764035328f,0.9766528920389543f,0.16165398489422825f,0.5662679869564871f,-0.9246822649218364f,0.055363632595172935f,-0.3440064445156944f,0.3583825089697974f,0f,0f,0f,1f], start_interpolation: 0, interpolation_duration: 1 }
$data merge entity $(bone_1) { transformation: [-0.3484087280237582f,0.2238792557998783f,0.8981817248640683f,0.10634108960233535f,-0.0014846405169204532f,0.9605282484698374f,-0.23951694355870304f,0.8823452737604858f,-0.925607872794631f,-0.08581120389529054f,-0.3377010556224302f,0.32812501924464943f,0f,0f,0f,1f], start_interpolation: 0, interpolation_duration: 1 }
$data merge entity $(bone_4) { transformation: [-0.04465367150835616f,0.35081506657848094f,-0.9297476841959231f,-0.11396619417514378f,-0.10519036277438135f,0.9271469896389731f,0.34323200711437113f,0.5980781696478451f,0.9813979786485701f,0.11482916587611836f,-0.005267478616642528f,-0.42429940734852123f,0f,0f,0f,1f], start_interpolation: 0, interpolation_duration: 1 }
$data merge entity $(bone_3) { transformation: [-0.0446983698782344f,0.7005879014884377f,-0.704754254683271f,0.12614345339575564f,-0.10529565843281416f,0.7054846580803518f,0.6926046118223723f,0.823433038386518f,0.9823803590075777f,0.10692857536524682f,0.04218724258754795f,-0.3894071136876577f,0f,0f,0f,1f], start_interpolation: 0, interpolation_duration: 1 }
$data merge entity $(bone_8) { transformation: [-0.054898479927073f,0.250821598867639f,-0.9660712348551581f,0.04367260874131812f,-0.014943859919947206f,0.9667574970252288f,0.25285740165831966f,0.15016779067689867f,0.9973784951990962f,0.028293847140525574f,-0.049380204331228084f,0.13760601682679505f,0f,0f,0f,1f], start_interpolation: 0, interpolation_duration: 1 }
$data merge entity $(bone_7) { transformation: [-0.054898479927073f,-0.47733318568259864f,-0.876560400154599f,-0.14131582391356162f,-0.014943859919947206f,0.8784529373731311f,-0.47631644990321265f,0.4053968116548512f,0.9973784951990962f,-0.013105265046870018f,-0.055382293143716524f,0.1312500146597174f,0f,0f,0f,1f], start_interpolation: 0, interpolation_duration: 1 }