# This file was generated by Animated Java via MC-Build. It is not recommended to edit this file directly.
$data merge entity $(bone_layer) { transformation: [-4.7185252203526575e-8f,0.9205028510703858f,-0.39328806385560294f,0.26120565192030215f,1.4877452825722568e-8f,0.39328806385560394f,0.9205028510703864f,0.7122694531157563f,1.0011000999999986f,3.7541734880135346e-8f,-3.2216692595663934e-8f,2.5475029795786843e-8f,0f,0f,0f,1f], start_interpolation: 0, interpolation_duration: 1 }
$data merge entity $(bone_l_1) { transformation: [-3.5353585567077855e-8f,0.6896874508519375f,-0.3928951686869161f,0.468016052697557f,1.1146942676615312e-8f,0.2946713765151878f,0.9195832678025839f,0.5304667881140015f,0.7500749999999989f,2.8128172987114397e-8f,-3.218450808757636e-8f,0.12188722542449573f,0f,0f,0f,1f], start_interpolation: 0, interpolation_duration: 1 }
$data merge entity $(bone_eye_l) { transformation: [-4.713811408943714e-8f,0.9195832678025833f,-0.3928951686869161f,0.26120565192030215f,1.4862590235487083e-8f,0.3928951686869171f,0.9195832678025839f,0.7122694531157563f,1.0000999999999987f,3.750423064948586e-8f,-3.218450808757636e-8f,2.5475029795786843e-8f,0f,0f,0f,1f], start_interpolation: 0, interpolation_duration: 1 }
$data merge entity $(bone_r_1) { transformation: [-3.5353585567077855e-8f,0.6896874508519375f,-0.3928951686869161f,0.46801606418747227f,1.1146942676615312e-8f,0.2946713765151878f,0.9195832678025839f,0.5304667844912451f,0.7500749999999989f,2.8128172987114397e-8f,-3.218450808757636e-8f,-0.12188714957550391f,0f,0f,0f,1f], start_interpolation: 0, interpolation_duration: 1 }
$data merge entity $(bone_eye_r) { transformation: [-4.713811408943714e-8f,0.9195832678025833f,-0.3928951686869161f,0.4713078649542518f,1.4862590235487083e-8f,0.3928951686869171f,0.9195832678025839f,0.5386697746728588f,1.0000999999999987f,3.750423064948586e-8f,-3.218450808757636e-8f,-0.12501246204225563f,0f,0f,0f,1f], start_interpolation: 0, interpolation_duration: 1 }
$data merge entity $(bone_eyes_down) { transformation: [-4.713811408943714e-8f,0.9195832678025833f,-0.3928951686869161f,0.28994262903913287f,1.4862590235487083e-8f,0.3928951686869171f,0.9195832678025839f,0.7245474271372224f,1.0000999999999987f,3.750423064948586e-8f,-3.218450808757636e-8f,2.6647037003583276e-8f,0f,0f,0f,1f], start_interpolation: 0, interpolation_duration: 1 }
$data merge entity $(bone_bone) { transformation: [-4.713811408943714e-8f,0.9195832678025833f,-0.3928951686869161f,0.26120565192030215f,1.4862590235487083e-8f,0.3928951686869171f,0.9195832678025839f,0.7122694531157563f,1.0000999999999987f,3.750423064948586e-8f,-3.218450808757636e-8f,2.5475029795786843e-8f,0f,0f,0f,1f], start_interpolation: 0, interpolation_duration: 1 }
$data merge entity $(bone_l) { transformation: [-0.15968400508889954f,0.6792095426151284f,-0.3928951686869161f,0.570228117115583f,-0.06822551541983024f,0.29019465811858275f,0.9195832678025839f,0.5656415542547977f,0.9849062272749667f,0.13024918456436543f,-3.218450808757636e-8f,0.1250125422193621f,0f,0f,0f,1f], start_interpolation: 0, interpolation_duration: 1 }
$data merge entity $(bone_r) { transformation: [0.15968391224493914f,0.6792095548932998f,-0.3928951686869161f,0.5702281289001114f,0.06822554469341843f,0.29019465424729013f,0.9195832678025839f,0.5656415505391501f,0.9849062403000493f,-0.13024912916267975f,-3.218450808757636e-8f,-0.12501245778063758f,0f,0f,0f,1f], start_interpolation: 0, interpolation_duration: 1 }
$data merge entity $(bone_sad) { transformation: [-1.4141434226831142e-7f,0.6161207894277309f,-0.19644758434345805f,0.4169033917008953f,4.458777070646125e-8f,0.2632397630202345f,0.45979163390129196f,0.5069295862980944f,3.0002999999999957f,2.512783453515553e-8f,-1.609225404378818e-8f,0.14063909836517105f,0f,0f,0f,1f], start_interpolation: 0, interpolation_duration: 1 }
$data merge entity $(bone_head) { transformation: [-4.713811408943714e-8f,0.9195832678025833f,-0.3928951686869161f,0.26120565192030215f,1.4862590235487083e-8f,0.3928951686869171f,0.9195832678025839f,0.7122694531157563f,1.0000999999999987f,3.750423064948586e-8f,-3.218450808757636e-8f,2.5475029795786843e-8f,0f,0f,0f,1f], start_interpolation: 0, interpolation_duration: 1 }
$data merge entity $(bone_6) { transformation: [-0.024868161741291958f,0.9795846421959293f,-0.19608821423651657f,-0.18753799384169226f,-0.020872654592350947f,0.19658423831932714f,0.9799300569531834f,0.039697058620512427f,0.9984722864566034f,0.02850725514592516f,0.015601222374967616f,-0.14962880053227046f,0f,0f,0f,1f], start_interpolation: 0, interpolation_duration: 1 }
$data merge entity $(bone_12) { transformation: [-0.024868161741291958f,0.5720190830799583f,-0.8190426286713999f,-0.031838084888557446f,-0.020872654592350947f,0.819639797407437f,0.5719255911233163f,0.33098221054808225f,0.9984722864566034f,0.03138106273311143f,-0.008443378310166588f,-0.13966170878820916f,0f,0f,0f,1f], start_interpolation: 0, interpolation_duration: 1 }
$data merge entity $(bone_10) { transformation: [-4.7086267348612845e-8f,0.46703181189171344f,-0.8833562735324096f,0.010584791341419153f,1.4846243020949501e-8f,0.8842405140464573f,0.4665647800798217f,0.5648582887750794f,0.9989999999999988f,8.8720072129293e-9f,-4.856925297376184e-8f,-0.015624984146891015f,0f,0f,0f,1f], start_interpolation: 0, interpolation_duration: 1 }
$data merge entity $(bone_9) { transformation: [-4.7133400749362204e-8f,0.8256004404203104f,-0.5642551840947386f,0.2774014162242464f,1.4861104125074576e-8f,0.5642551840947396f,0.8256004404203109f,0.7282880269231181f,0.9999999999999988f,3.0527901360269e-8f,-3.886459977906358e-8f,-0.015624973999662468f,0f,0f,0f,1f], start_interpolation: 0, interpolation_duration: 1 }
$data merge entity $(item_display_item_display) { transformation: [-4.645888942596168e-7f,0.000006286949349222404f,0.000007621723205163622f,-0.48913892993119046f,0.000004450360889723708f,-0.000006679975534841599f,0.00000579145039123492f,0.9679521387928528f,0.00000881311133012283f,0.0000036922065064728236f,-0.0000025176145592586824f,2.1947782130531603f,0f,0f,0f,1f], start_interpolation: 0, interpolation_duration: 1 }
$data merge entity $(bone_2) { transformation: [-0.3109300134751699f,0.13035245993720423f,0.9298672801392251f,0.0803681467027347f,0.006497655096971792f,0.980593276697859f,-0.13446722449428306f,0.450702417033213f,-0.937798370588876f,-0.03642460500433034f,-0.3092321086123454f,0.3759143569075052f,0f,0f,0f,1f], start_interpolation: 0, interpolation_duration: 1 }
$data merge entity $(bone_1) { transformation: [-0.31124125472989983f,0.43327171349026317f,0.8330189342232336f,0.2306713730229521f,0.00650415925622802f,0.8794618266231159f,-0.4540831468805818f,0.7457358085435366f,-0.9387371076965726f,-0.13755914292384883f,-0.27933623296059357f,0.3281250235384988f,0f,0f,0f,1f], start_interpolation: 0, interpolation_duration: 1 }
$data merge entity $(bone_4) { transformation: [-0.0697573291482744f,0.5364250896146053f,-0.8364886118938286f,-0.030132041981762586f,-0.09871044011773195f,0.8333858455554257f,0.5303814560439206f,0.49441058448268305f,0.9806046700189764f,0.12163021129826986f,-0.005949707565367834f,-0.4284490895763643f,0f,0f,0f,1f], start_interpolation: 0, interpolation_duration: 1 }
$data merge entity $(bone_3) { transformation: [-0.06982715630457897f,0.7915489219641548f,-0.60076233132037f,0.24350093641822465f,-0.09880924936709905f,0.5999291717795776f,0.784806629263076f,0.6896912473848461f,0.9815862562752516f,0.11624713908596793f,0.03627547346214514f,-0.389479114727968f,0f,0f,0f,1f], start_interpolation: 0, interpolation_duration: 1 }
$data merge entity $(bone_8) { transformation: [-0.04784026466589703f,0.4808339274534706f,-0.8746480336133786f,-0.01919764362319895f,-0.016124530005543376f,0.8751869058690365f,0.48300068099830684f,0.037608614115025085f,0.9977235756170247f,0.03720353358245884f,-0.034126907451883674f,0.1296705835591324f,0f,0f,0f,1f], start_interpolation: 0, interpolation_duration: 1 }
$data merge entity $(bone_7) { transformation: [-0.04784026466589703f,-0.1240221463249056f,-0.9903680910222437f,-0.09291965101758648f,-0.016124530005543376f,0.9920760659467038f,-0.1225840830824182f,0.3539297435328977f,0.9977235756170247f,0.010092962994298835f,-0.049465956184494106f,0.13125001410922388f,0f,0f,0f,1f], start_interpolation: 0, interpolation_duration: 1 }