# This file was generated by Animated Java via MC-Build. It is not recommended to edit this file directly.
$data merge entity $(bone_layer) { transformation: [-4.7185252203526575e-8f,0.9562981957294917f,-0.295795133233318f,0.39677115234128124f,1.4877452825722568e-8f,0.29579513323331885f,0.9562981957294924f,0.5699746031736291f,1.0011000999999986f,4.067774379379042e-8f,-2.8153477573128046e-8f,3.001924060889178e-8f,0f,0f,0f,1f], start_interpolation: 0, interpolation_duration: 1 }
$data merge entity $(bone_l_1) { transformation: [-3.5353585567077855e-8f,0.7165071396574614f,-0.2954996335997183f,0.5836313005978517f,1.1146942676615312e-8f,0.22162472519978937f,0.9553428528766159f,0.3677221964634397f,0.7500749999999989f,3.047783001532749e-8f,-2.812535222090714e-8f,0.12188722933228904f,0f,0f,0f,1f], start_interpolation: 0, interpolation_duration: 1 }
$data merge entity $(bone_eye_l) { transformation: [-4.713811408943714e-8f,0.9553428528766152f,-0.2954996335997183f,0.39677115234128124f,1.4862590235487083e-8f,0.29549963359971915f,0.9553428528766159f,0.5699746031736291f,1.0000999999999987f,4.0637106687103316e-8f,-2.812535222090714e-8f,3.001924060889178e-8f,0f,0f,0f,1f], start_interpolation: 0, interpolation_duration: 1 }
$data merge entity $(bone_r_1) { transformation: [-3.5353585567077855e-8f,0.7165071396574614f,-0.2954996335997183f,0.583631312087767f,1.1146942676615312e-8f,0.22162472519978937f,0.9553428528766159f,0.3677221928406833f,0.7500749999999989f,3.047783001532749e-8f,-2.812535222090714e-8f,-0.12188714566771058f,0f,0f,0f,1f], start_interpolation: 0, interpolation_duration: 1 }
$data merge entity $(bone_eye_r) { transformation: [-4.713811408943714e-8f,0.9553428528766152f,-0.2954996335997183f,0.5877553323555542f,1.4862590235487083e-8f,0.29549963359971915f,0.9553428528766159f,0.3755399583347148f,1.0000999999999987f,4.0637106687103316e-8f,-2.812535222090714e-8f,-0.1250124580895121f,0f,0f,0f,1f], start_interpolation: 0, interpolation_duration: 1 }
$data merge entity $(bone_eyes_down) { transformation: [-4.713811408943714e-8f,0.9553428528766152f,-0.2954996335997183f,0.4266256164936755f,1.4862590235487083e-8f,0.29549963359971915f,0.9553428528766159f,0.5792089667236203f,1.0000999999999987f,4.0637106687103316e-8f,-2.812535222090714e-8f,3.128915019286376e-8f,0f,0f,0f,1f], start_interpolation: 0, interpolation_duration: 1 }
$data merge entity $(bone_bone) { transformation: [-4.713811408943714e-8f,0.9553428528766152f,-0.2954996335997183f,0.39677115234128124f,1.4862590235487083e-8f,0.29549963359971915f,0.9553428528766159f,0.5699746031736291f,1.0000999999999987f,4.0637106687103316e-8f,-2.812535222090714e-8f,3.001924060889178e-8f,0f,0f,0f,1f], start_interpolation: 0, interpolation_duration: 1 }
$data merge entity $(bone_l) { transformation: [-0.16589359187113079f,0.7056217800841832f,-0.2954996335997183f,0.688937792663803f,-0.05131295823904275f,0.2182577495715989f,0.9553428528766159f,0.39211713471925647f,0.9849062267309484f,0.13024918687832587f,-2.812535222090714e-8f,0.12501254643320645f,0f,0f,0f,1f], start_interpolation: 0, interpolation_duration: 1 }
$data merge entity $(bone_r) { transformation: [0.16589349902717038f,0.7056217923623546f,-0.2954996335997183f,0.6889378044483314f,0.05131298751263094f,0.21825774570030634f,0.9553428528766159f,0.3921171310036089f,0.9849062408440675f,-0.1302491268487193f,-2.812535222090714e-8f,-0.12501245356679322f,0f,0f,0f,1f], start_interpolation: 0, interpolation_duration: 1 }
$data merge entity $(bone_sad) { transformation: [-1.4141434226831142e-7f,0.6400797114273322f,-0.14774981679985916f,0.530354982417202f,4.458777070646125e-8f,0.19798475451181183f,0.47767142643830796f,0.34960761914450933f,3.0002999999999957f,2.7226861480359222e-8f,-1.406267611045357e-8f,0.14063910209039765f,0f,0f,0f,1f], start_interpolation: 0, interpolation_duration: 1 }
$data merge entity $(bone_head) { transformation: [-4.713811408943714e-8f,0.9553428528766152f,-0.2954996335997183f,0.39677115234128124f,1.4862590235487083e-8f,0.29549963359971915f,0.9553428528766159f,0.5699746031736291f,1.0000999999999987f,4.0637106687103316e-8f,-2.812535222090714e-8f,3.001924060889178e-8f,0f,0f,0f,1f], start_interpolation: 0, interpolation_duration: 1 }
$data merge entity $(bone_6) { transformation: [-0.04553253579852381f,0.990820795808157f,-0.12368762783131487f,-0.2285153079221335f,-0.019773091523650938f,0.12387103381987541f,0.9915462016612158f,0.026329815336854634f,0.9977659109407144f,0.04767039655530239f,0.014005411790563986f,-0.15043879324802373f,0f,0f,0f,1f], start_interpolation: 0, interpolation_duration: 1 }
$data merge entity $(bone_12) { transformation: [-0.04553253579852381f,0.7406885716180975f,-0.6696304343134277f,0.005170437499292895f,-0.019773091523650938f,0.6701967474079976f,0.7411775919522458f,0.27987174700686146f,0.9977659109407144f,0.047082476974803486f,-0.01587005447628189f,-0.13475013099031882f,0f,0f,0f,1f], start_interpolation: 0, interpolation_duration: 1 }
$data merge entity $(bone_10) { transformation: [-4.7086267348612845e-8f,0.6755902076156599f,-0.7365400594733129f,0.11560310196381274f,1.4846243020949501e-8f,0.7372773368101242f,0.6749146174080444f,0.4560323191983865f,0.9989999999999988f,2.08861087249242e-8f,-4.474561414575208e-8f,-0.015624981539857651f,0f,0f,0f,1f], start_interpolation: 0, interpolation_duration: 1 }
$data merge entity $(bone_9) { transformation: [-4.7133400749362204e-8f,0.8968727415326876f,-0.4422886902190005f,0.4027865944774495f,1.4861104125074576e-8f,0.4422886902190015f,0.8968727415326881f,0.5802338983053762f,0.9999999999999988f,3.569976404947045e-8f,-3.4175089235600254e-8f,-0.015624969849695617f,0f,0f,0f,1f], start_interpolation: 0, interpolation_duration: 1 }
$data merge entity $(item_display_item_display) { transformation: [6.558829144218203e-7f,0.000003873861259017516f,0.000009079830664235571f,-0.292352136324009f,0.000005252756225614223f,-0.000007840582813085152f,0.0000029760629581225333f,1.1894128000912296f,0.000008347119174836056f,0.000004615882406497347f,-0.0000025803896760966915f,2.1207897033973f,0f,0f,0f,1f], start_interpolation: 0, interpolation_duration: 1 }
$data merge entity $(bone_2) { transformation: [-0.2683874205087941f,0.42103444367411563f,0.8541084668706086f,0.14465840716205433f,0.004080252298303574f,0.8885139464979205f,-0.4356118614922194f,0.3453063788485981f,-0.950861199510422f,-0.11502729027863688f,-0.2429475244926254f,0.3897041276817619f,0f,0f,0f,1f], start_interpolation: 0, interpolation_duration: 1 }
$data merge entity $(bone_1) { transformation: [-0.2686560765853795f,0.6352113111762089f,0.7094207962090165f,0.3666651410383728f,0.004084336634938512f,0.7386387096940846f,-0.6585040497487346f,0.597898168103279f,-0.9518130125229449f,-0.17612338486203089f,-0.20306484301986288f,0.32812502818526734f,0f,0f,0f,1f], start_interpolation: 0, interpolation_duration: 1 }
$data merge entity $(bone_4) { transformation: [-0.09583208911437312f,0.7054629317553449f,-0.6987312778893477f,0.06776837174189027f,-0.09223783002594274f,0.6945722337089272f,0.7012822409790309f,0.39152132164396136f,0.9790299479900832f,0.1341615353732551f,-0.0022226730064808936f,-0.43423129041879516f,0f,0f,0f,1f], start_interpolation: 0, interpolation_duration: 1 }
$data merge entity $(bone_3) { transformation: [-0.09592801713150462f,0.871604009513746f,-0.4756151778289769f,0.3727322511068676f,-0.09233016018612887f,0.4727790728781872f,0.8664336775543884f,0.5481565756015911f,0.9800099579480313f,0.12951292538956594f,0.03508076404583629f,-0.3897424540501345f,0f,0f,0f,1f], start_interpolation: 0, interpolation_duration: 1 }
$data merge entity $(bone_8) { transformation: [-0.029799623927033392f,0.7034399316218177f,-0.7087407490209445f,-0.1049802899231061f,-0.012234650043806916f,0.7092691295156365f,0.7048114046807132f,-0.029672975068466168f,0.9984805058113736f,0.0296893843966159f,-0.012510585365206524f,0.12526370039372123f,0f,0f,0f,1f], start_interpolation: 0, interpolation_duration: 1 }
$data merge entity $(bone_7) { transformation: [-0.029799623927033392f,0.27582826873131855f,-0.959718684246358f,-0.03910115329595493f,-0.012234650043806916f,0.9608415927014528f,0.27677653077312137f,0.29823250542831875f,0.9984805058113736f,0.020012026607726566f,-0.0252486253701421f,0.1312500135134843f,0f,0f,0f,1f], start_interpolation: 0, interpolation_duration: 1 }