# This file was generated by Animated Java via MC-Build. It is not recommended to edit this file directly.
$data merge entity $(bone_layer) { transformation: [-3.4488827950401883e-16f,0.1306567184122716f,-0.9924363062351841f,-0.08350000000000013f,0f,0.9924363062351841f,0.1306567184122716f,1.284f,1.0011001f,4.5012452619722467e-17f,-3.4190352211010293e-16f,-0.000006249999999913083f,0f,0f,0f,1f], start_interpolation: 0, interpolation_duration: 1 }
$data merge entity $(bone_l_1) { transformation: [-2.5840780182618794e-16f,0.09789464416503868f,-0.9914448613738104f,0.1823910115805636f,0f,0.7435836460303578f,0.13052619222005157f,1.4002891283264025f,0.750075f,3.372561385094091e-17f,-3.41561960149953e-16f,0.09062781250000017f,0f,0f,0f,1f], start_interpolation: 0, interpolation_duration: 1 }
$data merge entity $(bone_eye_l) { transformation: [-3.445437357682506e-16f,0.13052619222005157f,-0.9914448613738104f,-0.08350000000000013f,0f,0.9914448613738104f,0.13052619222005157f,1.284f,1.0001f,4.496748513458788e-17f,-3.41561960149953e-16f,-0.000006249999999913083f,0f,0f,0f,1f], start_interpolation: 0, interpolation_duration: 1 }
$data merge entity $(bone_r_1) { transformation: [-2.5840780182618794e-16f,0.09789464416503868f,-0.9914448613738104f,0.18239101158056367f,0f,0.7435836460303578f,0.13052619222005157f,1.4002891283264025f,0.750075f,3.372561385094091e-17f,-3.41561960149953e-16f,-0.09064031249999982f,0f,0f,0f,1f], start_interpolation: 0, interpolation_duration: 1 }
$data merge entity $(bone_eye_r) { transformation: [-3.445437357682506e-16f,0.13052619222005157f,-0.9914448613738104f,0.17293132639147607f,0f,0.9914448613738104f,0.13052619222005157f,1.3763187954934326f,1.0001f,4.496748513458788e-17f,-3.41561960149953e-16f,-0.12501874999999982f,0f,0f,0f,1f], start_interpolation: 0, interpolation_duration: 1 }
$data merge entity $(bone_eyes_down) { transformation: [-3.445437357682506e-16f,0.13052619222005157f,-0.9914448613738104f,-0.0712631694793703f,0f,0.9914448613738104f,0.13052619222005157f,1.3769479557537947f,1.0001f,4.496748513458788e-17f,-3.41561960149953e-16f,-0.000006249999999908867f,0f,0f,0f,1f], start_interpolation: 0, interpolation_duration: 1 }
$data merge entity $(bone_bone) { transformation: [-3.445437357682506e-16f,0.13052619222005157f,-0.9914448613738104f,-0.08350000000000013f,0f,0.9914448613738104f,0.13052619222005157f,1.284f,1.0001f,4.496748513458788e-17f,-3.41561960149953e-16f,-0.000006249999999913083f,0f,0f,0f,1f], start_interpolation: 0, interpolation_duration: 1 }
$data merge entity $(bone_l) { transformation: [0.005693472539768391f,0.0978014701554707f,-0.9914448613738104f,0.19605114264501755f,0.04324621745963609f,0.7428759191639825f,0.13052619222005157f,1.4441942377306842f,0.999148126404016f,-0.032717811978054366f,-3.41561960149953e-16f,0.12500625000000018f,0f,0f,0f,1f], start_interpolation: 0, interpolation_duration: 1 }
$data merge entity $(bone_r) { transformation: [-0.00569347253976908f,0.09780147015547067f,-0.9914448613738104f,0.1960511426450176f,-0.04324621745963609f,0.7428759191639825f,0.13052619222005157f,1.4441942377306842f,0.999148126404016f,0.032717811978054435f,-3.41561960149953e-16f,-0.12501874999999982f,0f,0f,0f,1f], start_interpolation: 0, interpolation_duration: 1 }
$data merge entity $(bone_sad) { transformation: [-1.0336312073047518e-15f,0.08745254878743455f,-0.4957224306869052f,0.1797959375734735f,0f,0.664268057120453f,0.06526309611002579f,1.3686068068024402f,3.0003f,3.0128215040173885e-17f,-1.707809800749765e-16f,0.14063281250000018f,0f,0f,0f,1f], start_interpolation: 0, interpolation_duration: 1 }
$data merge entity $(bone_head) { transformation: [-3.445437357682506e-16f,0.13052619222005157f,-0.9914448613738104f,-0.08350000000000013f,0f,0.9914448613738104f,0.13052619222005157f,1.284f,1.0001f,4.496748513458788e-17f,-3.41561960149953e-16f,-0.000006249999999913083f,0f,0f,0f,1f], start_interpolation: 0, interpolation_duration: 1 }
$data merge entity $(bone_6) { transformation: [0.03866869230310664f,-0.00023487298057039974f,-0.998579942770248f,-0.026514481241221216f,-0.20015916023299163f,0.9793676478142088f,-0.007065748786412751f,0.3815399241276214f,0.9779785492588224f,0.2004527485039824f,0.03803713919055092f,-0.18934009220362458f,0f,0f,0f,1f], start_interpolation: 0, interpolation_duration: 1 }
$data merge entity $(bone_12) { transformation: [0.03866869230310664f,-0.5729543216679729f,-0.8178540838990425f,-0.22346752931458688f,-0.20015916023299163f,0.7981982638084482f,-0.5675301278736027f,0.6559205773117754f,0.9779785492588224f,0.18601848546628924f,-0.08381677281684198f,-0.12539623782458764f,0f,0f,0f,1f], start_interpolation: 0, interpolation_duration: 1 }
$data merge entity $(bone_10) { transformation: [-3.441647755549269e-16f,0.043619387365336104f,-0.998049173360276f,-0.25159204674964f,0f,0.9990482215818578f,0.0435757679779708f,1.0121561991609942f,0.999f,1.50272839463807e-17f,-3.43837206949269e-16f,2.900944306884975e-17f,0f,0f,0f,1f], start_interpolation: 0, interpolation_duration: 1 }
$data merge entity $(bone_9) { transformation: [-3.4450928483976665e-16f,0.5372996083468239f,-0.8433914458128857f,-0.05850000000000011f,0f,0.8433914458128857f,0.5372996083468239f,1.31525f,1f,1.85104703816251e-16f,-2.9055618383697406e-16f,9.553144600281495e-17f,0f,0f,0f,1f], start_interpolation: 0, interpolation_duration: 1 }
$data merge entity $(item_display_item_display) { transformation: [1.4011074938217034f,0.46664062967145936f,0.09613003586700931f,0.3662603392109628f,-0.16360758277429693f,0.034888902033687635f,0.9817281564680035f,1.1683701490637552f,0.4616830376220463f,-1.4085631561514063f,0.05616333040983187f,0.3109224975845589f,0f,0f,0f,1f], start_interpolation: 0, interpolation_duration: 1 }
$data merge entity $(bone_2) { transformation: [-0.09613003586700909f,-0.9780303225969014f,-0.11280905142124481f,0.02770123109243601f,-0.9817281564680033f,0.08902275943671333f,0.06717575722264056f,1.1849597445468627f,-0.05616333040983166f,0.11790505364340365f,-0.9811382931919568f,0.6004214659988245f,0f,0f,0f,1f], start_interpolation: 0, interpolation_duration: 1 }
$data merge entity $(bone_1) { transformation: [-0.09622626212913823f,-0.4405119042898442f,0.8804649091136427f,-0.11822183032523768f,-0.9827108673353386f,0.09357214029961226f,-0.06067856801138074f,1.2167459267247833f,-0.05621954995979145f,-0.8816425107370252f,-0.4463635685218883f,0.2945670806297102f,0f,0f,0f,1f], start_interpolation: 0, interpolation_duration: 1 }
$data merge entity $(bone_4) { transformation: [-0.2843994554542051f,-0.6540876393091877f,0.6869495849610759f,0.06877022791693482f,-0.7753557484651891f,-0.2642470287108888f,-0.5683695732068972f,1.1364395662162363f,0.5488860361081205f,-0.6988505036389352f,-0.4358267778313317f,-0.37715144055156563f,0f,0f,0f,1f], start_interpolation: 0, interpolation_duration: 1 }
$data merge entity $(bone_3) { transformation: [-0.2846841395937989f,-0.911355784092952f,-0.2629848036970598f,-0.21602845461211267f,-0.7761318803455346f,0.3821342696246691f,-0.4968338393349878f,1.2558565254739453f,0.5494354715797002f,0.06388982241166599f,-0.8211303777741024f,-0.35718587104792f,0f,0f,0f,1f], start_interpolation: 0, interpolation_duration: 1 }
$data merge entity $(bone_8) { transformation: [-0.07331442140376083f,0.7383507994997771f,-0.6690276527178747f,-0.25763838917855997f,0.19998868442387696f,0.66829468121591f,0.7163556834668543f,0.3659054619184577f,0.9760279434779839f,-0.08146939391832021f,-0.1970293473609192f,0.1943346072763567f,0f,0f,0f,1f], start_interpolation: 0, interpolation_duration: 1 }
$data merge entity $(bone_7) { transformation: [-0.07331442140376083f,0.13556684132454025f,-0.9871076611780683f,-0.2553750000000002f,0.19998868442387696f,0.9724079843724431f,0.11918874991147874f,0.674625f,0.9760279434779839f,-0.18905719972362436f,-0.09856571969782292f,0.13125000000000003f,0f,0f,0f,1f], start_interpolation: 0, interpolation_duration: 1 }