# This file was generated by Animated Java via MC-Build. It is not recommended to edit this file directly.
$data merge entity $(bone_layer) { transformation: [-4.7185252203526575e-8f,0.9821963589743042f,-0.19310958655027222f,0.5352149247774265f,1.4877452825722568e-8f,0.1931095865502731f,0.9821963589743051f,0.4278391797820986f,1.0011000999999986f,4.342443289772391e-8f,-2.3698433853842563e-8f,3.457551703350724e-8f,0f,0f,0f,1f], start_interpolation: 0, interpolation_duration: 1 }
$data merge entity $(bone_l_1) { transformation: [-3.5353585567077855e-8f,0.7359113578728554f,-0.19291666988039186f,0.6996619525357475f,1.1146942676615312e-8f,0.14468750241029454f,0.9812151438304748f,0.20697739884638985f,0.7500749999999989f,3.253578888440853e-8f,-2.367475909474782e-8f,0.12188723310871473f,0f,0f,0f,1f], start_interpolation: 0, interpolation_duration: 1 }
$data merge entity $(bone_eye_l) { transformation: [-4.713811408943714e-8f,0.9812151438304739f,-0.19291666988039186f,0.5352149247774265f,1.4862590235487083e-8f,0.19291666988039274f,0.9812151438304748f,0.4278391797820986f,1.0000999999999987f,4.3381051845878034e-8f,-2.367475909474782e-8f,3.457551703350724e-8f,0f,0f,0f,1f], start_interpolation: 0, interpolation_duration: 1 }
$data merge entity $(bone_r_1) { transformation: [-3.5353585567077855e-8f,0.7359113578728554f,-0.19291666988039186f,0.6996619640256628f,1.1146942676615312e-8f,0.14468750241029454f,0.9812151438304748f,0.20697739522363348f,0.7500749999999989f,3.253578888440853e-8f,-2.367475909474782e-8f,-0.12188714189128494f,0f,0f,0f,1f], start_interpolation: 0, interpolation_duration: 1 }
$data merge entity $(bone_eye_r) { transformation: [-4.713811408943714e-8f,0.9812151438304739f,-0.19291666988039186f,0.7045888296351575f,1.4862590235487083e-8f,0.19291666988039274f,0.9812151438304748f,0.21431571901288082f,1.0000999999999987f,4.3381051845878034e-8f,-2.367475909474782e-8f,-0.1250124542681206f,0f,0f,0f,1f], start_interpolation: 0, interpolation_duration: 1 }
$data merge entity $(bone_eyes_down) { transformation: [-4.713811408943714e-8f,0.9812151438304739f,-0.19291666988039186f,0.5658778980221288f,1.4862590235487083e-8f,0.19291666988039274f,0.9812151438304748f,0.4338678257158609f,1.0000999999999987f,4.3381051845878034e-8f,-2.367475909474782e-8f,3.593117490369093e-8f,0f,0f,0f,1f], start_interpolation: 0, interpolation_duration: 1 }
$data merge entity $(bone_bone) { transformation: [-4.713811408943714e-8f,0.9812151438304739f,-0.19291666988039186f,0.5352149247774265f,1.4862590235487083e-8f,0.19291666988039274f,0.9812151438304748f,0.4278391797820986f,1.0000999999999987f,4.3381051845878034e-8f,-2.367475909474782e-8f,3.457551703350724e-8f,0f,0f,0f,1f], start_interpolation: 0, interpolation_duration: 1 }
$data merge entity $(bone_l) { transformation: [-0.17038626804733695f,0.7247312046238439f,-0.19291666988039186f,0.8069563715661043f,-0.03349961352950889f,0.14248937607327689f,0.9812151438304748f,0.22011048405313974f,0.9849062262544673f,0.13024918890501974f,-2.367475909474782e-8f,0.12501255047069343f,0f,0f,0f,1f], start_interpolation: 0, interpolation_duration: 1 }
$data merge entity $(bone_r) { transformation: [0.17038617520337654f,0.7247312169020153f,-0.19291666988039186f,0.8069563833506329f,0.033499642803097085f,0.14248937220198432f,0.9812151438304748f,0.22011048033749217f,0.9849062413205486f,-0.13024912482202544f,-2.367475909474782e-8f,-0.12501244952930624f,0f,0f,0f,1f], start_interpolation: 0, interpolation_duration: 1 }
$data merge entity $(bone_sad) { transformation: [-1.4141434226831142e-7f,0.6574141463664176f,-0.09645833494019593f,0.6447700321081318f,4.458777070646125e-8f,0.12925416881986315f,0.4906075719152374f,0.1945926877820562f,3.0002999999999957f,2.9065304736738286e-8f,-1.183737954737391e-8f,0.14063910570552232f,0f,0f,0f,1f], start_interpolation: 0, interpolation_duration: 1 }
$data merge entity $(bone_head) { transformation: [-4.713811408943714e-8f,0.9812151438304739f,-0.19291666988039186f,0.5352149247774265f,1.4862590235487083e-8f,0.19291666988039274f,0.9812151438304748f,0.4278391797820986f,1.0000999999999987f,4.3381051845878034e-8f,-2.367475909474782e-8f,3.457551703350724e-8f,0f,0f,0f,1f], start_interpolation: 0, interpolation_duration: 1 }
$data merge entity $(bone_6) { transformation: [-0.06288880494027163f,0.9965093445217861f,-0.05033212071604509f,-0.2581547123232078f,-0.015679826361576003f,0.0502605746781728f,0.9978486755294332f,0.03250323464763957f,0.9968952508957274f,0.06365499165088585f,0.012519637378425048f,-0.15189509030652115f,0f,0f,0f,1f], start_interpolation: 0, interpolation_duration: 1 }
$data merge entity $(bone_12) { transformation: [-0.06288880494027163f,0.8714807400367519f,-0.48588631987329034f,0.04364571800546961f,-0.015679826361576003f,0.4864145231393f,0.8727135935127811f,0.2277626787487813f,0.9968952508957274f,0.06262772089229084f,-0.01692536138458861f,-0.12978494126830545f,0f,0f,0f,1f], start_interpolation: 0, interpolation_duration: 1 }
$data merge entity $(bone_10) { transformation: [-4.7086267348612845e-8f,0.8401712074787929f,-0.5417789323623797f,0.22862438823385317f,1.4846243020949501e-8f,0.5423212536159968f,0.8393310362713144f,0.35023159934427217f,0.9989999999999988f,3.154063358670437e-8f,-3.800926941386631e-8f,-0.015624978721803268f,0f,0f,0f,1f], start_interpolation: 0, interpolation_duration: 1 }
$data merge entity $(bone_9) { transformation: [-4.7133400749362204e-8f,0.9502474389787042f,-0.3114960749582757f,0.5304438390859213f,1.4861104125074576e-8f,0.3114960749582766f,0.9502474389787049f,0.43272650653469136f,0.9999999999999988f,4.015921772192767e-8f,-2.8803595425083886e-8f,-0.015624965721991551f,0f,0f,0f,1f], start_interpolation: 0, interpolation_duration: 1 }
$data merge entity $(item_display_item_display) { transformation: [0.0000019660066689253373f,0.0000011835624780224354f,0.000009626287122316929f,0.009573430237933722f,0.000005614666739306105f,-0.00000814443703340158f,-1.362275877241402e-7f,1.3602057301608994f,0.0000078936792753523f,0.000005483023725257659f,-0.000002294036342584044f,2.0214980508225926f,0f,0f,0f,1f], start_interpolation: 0, interpolation_duration: 1 }
$data merge entity $(bone_2) { transformation: [-0.22632707605648142f,0.6731407730032655f,0.6891818450841201f,0.2219130250608496f,-0.009839755607214161f,0.7067259012283316f,-0.69223596493125f,0.2577786907081435f,-0.9616988668673235f,-0.1656485190593256f,-0.15510996663390242f,0.3967686806118875f,0f,0f,0f,1f], start_interpolation: 0, interpolation_duration: 1 }
$data merge entity $(bone_1) { transformation: [-0.22655362968616757f,0.7989121220577855f,0.5383581866212419f,0.5052309255146985f,-0.009849605212426588f,0.5516654642630932f,-0.821168281261936f,0.4500605276630213f,-0.9626615283957193f,-0.19366113902513396f,-0.11829580232284584f,0.3281250328320358f,0f,0f,0f,1f], start_interpolation: 0, interpolation_duration: 1 }
$data merge entity $(bone_4) { transformation: [-0.12102233301014993f,0.8392956893465991f,-0.5274623893625534f,0.17505567725880966f,-0.08655166248491447f,0.52155620226503f,0.8372064044820632f,0.29621056391548706f,0.9767552504373922f,0.14996525761963117f,0.008887213332352584f,-0.4409819389357875f,0f,0f,0f,1f], start_interpolation: 0, interpolation_duration: 1 }
$data merge entity $(bone_3) { transformation: [-0.12114347648663656f,0.9310890694425141f,-0.3401572740843712f,0.5056941312664351f,-0.08663830078570017f,0.3348190397716071f,0.9278101349054794f,0.40895483435065966f,0.977732983420813f,0.14478546191159058f,0.04007157437366847f,-0.3901119898077765f,0f,0f,0f,1f], start_interpolation: 0, interpolation_duration: 1 }
$data merge entity $(bone_8) { transformation: [0.00027654017936386277f,0.8712538369023808f,-0.48895234418395184f,-0.1837215274284815f,-0.00751334481269024f,0.48982188501866825f,0.8717001340078465f,-0.037103137835465705f,0.9989717202746424f,0.0034478311503726307f,0.0066964060878537185f,0.1292001895422128f,0f,0f,0f,1f], start_interpolation: 0, interpolation_duration: 1 }
$data merge entity $(bone_7) { transformation: [0.00027654017936386277f,0.6305832957970541f,-0.7749337715326563f,0.01728936088658184f,-0.00751334481269024f,0.7759064807843539f,0.6306787896777392f,0.2425352673237398f,0.9989717202746424f,0.0056675783093968445f,0.004960640104036837f,0.13125001291774477f,0f,0f,0f,1f], start_interpolation: 0, interpolation_duration: 1 }