# This file was generated by Animated Java via MC-Build. It is not recommended to edit this file directly.
$data merge entity $(bone_layer) { transformation: [-4.7185252203526575e-8f,0.996443774385049f,-0.09539813671804775f,0.6672803184657154f,1.4877452825722568e-8f,0.09539813671804848f,0.9964437743850499f,0.29656746579651083f,1.0011000999999986f,4.5548062064343374e-8f,-1.9304693258288306e-8f,3.879093994257456e-8f,0f,0f,0f,1f], start_interpolation: 0, interpolation_duration: 1 }
$data merge entity $(bone_l_1) { transformation: [-3.5353585567077855e-8f,0.7465862445442426f,-0.0953028338841636f,0.8091665992333598f,1.1146942676615312e-8f,0.07147712541312325f,0.995448326058991f,0.06057798562635294f,0.7500749999999989f,3.4126919628628906e-8f,-1.928540785043787e-8f,0.12188723648558723f,0f,0f,0f,1f], start_interpolation: 0, interpolation_duration: 1 }
$data merge entity $(bone_eye_l) { transformation: [-4.713811408943714e-8f,0.9954483260589901f,-0.0953028338841636f,0.6672803184657154f,1.4862590235487083e-8f,0.09530283388416433f,0.995448326058991f,0.29656746579651083f,1.0000999999999987f,4.550255950483854e-8f,-1.928540785043787e-8f,3.879093994257456e-8f,0f,0f,0f,1f], start_interpolation: 0, interpolation_duration: 1 }
$data merge entity $(bone_r_1) { transformation: [-3.5353585567077855e-8f,0.7465862445442426f,-0.0953028338841636f,0.8091666107232751f,1.1146942676615312e-8f,0.07147712541312325f,0.995448326058991f,0.06057798200359658f,0.7500749999999989f,3.4126919628628906e-8f,-1.928540785043787e-8f,-0.12188713851441246f,0f,0f,0f,1f], start_interpolation: 0, interpolation_duration: 1 }
$data merge entity $(bone_eye_r) { transformation: [-4.713811408943714e-8f,0.9954483260589901f,-0.0953028338841636f,0.8147925201966744f,1.4862590235487083e-8f,0.09530283388416433f,0.995448326058991f,0.0673951767067957f,1.0000999999999987f,4.550255950483854e-8f,-1.928540785043787e-8f,-0.12501245085055526f,0f,0f,0f,1f], start_interpolation: 0, interpolation_duration: 1 }
$data merge entity $(bone_eyes_down) { transformation: [-4.713811408943714e-8f,0.9954483260589901f,-0.0953028338841636f,0.6983880786550589f,1.4862590235487083e-8f,0.09530283388416433f,0.995448326058991f,0.29954567935539095f,1.0000999999999987f,4.550255950483854e-8f,-1.928540785043787e-8f,4.0212894927100765e-8f,0f,0f,0f,1f], start_interpolation: 0, interpolation_duration: 1 }
$data merge entity $(bone_bone) { transformation: [-4.713811408943714e-8f,0.9954483260589901f,-0.0953028338841636f,0.6672803184657154f,1.4862590235487083e-8f,0.09530283388416433f,0.995448326058991f,0.29656746579651083f,1.0000999999999987f,4.550255950483854e-8f,-1.928540785043787e-8f,3.879093994257456e-8f,0f,0f,0f,1f], start_interpolation: 0, interpolation_duration: 1 }
$data merge entity $(bone_l) { transformation: [-0.1728578342037201f,0.7352439157803528f,-0.0953028338841636f,0.9172329251290081f,-0.01654914879368522f,0.07039122920551598f,0.995448326058991f,0.06307588240359915f,0.9849062258860715f,0.13024919047197764f,-1.928540785043787e-8f,0.12501255404199915f,0f,0f,0f,1f], start_interpolation: 0, interpolation_duration: 1 }
$data merge entity $(bone_r) { transformation: [0.1728577413597597f,0.7352439280585241f,-0.0953028338841636f,0.9172329369135366f,0.016549178067273407f,0.07039122533422341f,0.995448326058991f,0.06307587868795161f,0.9849062416889445f,-0.13024912325506754f,-1.928540785043787e-8f,-0.1250124459580005f,0f,0f,0f,1f], start_interpolation: 0, interpolation_duration: 1 }
$data merge entity $(bone_sad) { transformation: [-1.4141434226831142e-7f,0.6669503784595234f,-0.0476514169420818f,0.7533215406866459f,4.458777070646125e-8f,0.06385289870239011f,0.4977241630294955f,0.053661813489575105f,3.0002999999999957f,3.048671486824183e-8f,-9.642703925218934e-9f,0.14063910895620166f,0f,0f,0f,1f], start_interpolation: 0, interpolation_duration: 1 }
$data merge entity $(bone_head) { transformation: [-4.713811408943714e-8f,0.9954483260589901f,-0.0953028338841636f,0.6672803184657154f,1.4862590235487083e-8f,0.09530283388416433f,0.995448326058991f,0.29656746579651083f,1.0000999999999987f,4.550255950483854e-8f,-1.928540785043787e-8f,3.879093994257456e-8f,0f,0f,0f,1f], start_interpolation: 0, interpolation_duration: 1 }
$data merge entity $(bone_6) { transformation: [-0.07547311907405585f,0.9970350794556893f,0.006374111252676062f,-0.27070484272086237f,-0.009939688386080916f,-0.006577285602822558f,0.9990154595367058f,0.05364529887211783f,0.9960953824268141f,0.07547868650919638f,0.01045178664805399f,-0.15317195875360906f,0f,0f,0f,1f], start_interpolation: 0, interpolation_duration: 1 }
$data merge entity $(bone_12) { transformation: [-0.07547311907405585f,0.9528059879878609f,-0.2937351327538987f,0.08200779132530567f,-0.009939688386080916f,0.2941368737077911f,0.95475580574545f,0.1788646859773122f,0.9960953824268141f,0.07512821560428325f,-0.01272883268042731f,-0.12519776591263454f,0f,0f,0f,1f], start_interpolation: 0, interpolation_duration: 1 }
$data merge entity $(bone_10) { transformation: [-4.7086267348612845e-8f,0.9438189769431006f,-0.33013245294925414f,0.34221851199545344f,1.4846243020949501e-8f,0.3304629158651201f,0.9428751579661583f,0.2544672560092311f,0.9989999999999988f,3.9574354247828024e-8f,-2.957243106121393e-8f,-0.015624975904672857f,0f,0f,0f,1f], start_interpolation: 0, interpolation_duration: 1 }
$data merge entity $(bone_9) { transformation: [-4.7133400749362204e-8f,0.9827290584930035f,-0.18505025693971f,0.6522127530392f,1.4861104125074576e-8f,0.18505025693971078f,0.9827290584930044f,0.29694031976393753f,0.9999999999999988f,4.356931137385409e-8f,-2.3326486744841197e-8f,-0.015624961924786697f,0f,0f,0f,1f], start_interpolation: 0, interpolation_duration: 1 }
$data merge entity $(item_display_item_display) { transformation: [0.0000032445304170649663f,-0.0000013564884544615816f,0.000009252255943325142f,0.37154876160119665f,0.000005521882830626809f,-0.0000076199459311259415f,-0.000003046862010537325f,1.4491060298233105f,0.000007528988870956763f,0.000006156406762060356f,-0.0000017453353099827189f,1.9165305387623708f,0f,0f,0f,1f], start_interpolation: 0, interpolation_duration: 1 }
$data merge entity $(bone_2) { transformation: [-0.19032402712295504f,0.8514624870278041f,0.46744110199634215f,0.30995534520680923f,-0.032348216361833985f,0.47074631456968796f,-0.8693289602988961f,0.18970393343937267f,-0.9689766943938792f,-0.18295752017171998f,-0.06279204859043437f,0.39654796613518867f,0f,0f,0f,1f], start_interpolation: 0, interpolation_duration: 1 }
$data merge entity $(bone_1) { transformation: [-0.19051454166461967f,0.9070236570019974f,0.34755954351715235f,0.6372772583180295f,-0.03238059695879278f,0.3484094170891253f,-0.9251733956285811f,0.31345106244607435f,-0.9699466410349141f,-0.18978662682691563f,-0.037380901958484924f,0.3281250371258852f,0f,0f,0f,1f], start_interpolation: 0, interpolation_duration: 1 }
$data merge entity $(bone_4) { transformation: [-0.14365130315678923f,0.9279716892572134f,-0.34186030348517993f,0.28481505444845245f,-0.08219972369581749f,0.33349272968940236f,0.9278848803104423f,0.21357835533674518f,0.9740606536253796f,0.16484224865395722f,0.027909834175723475f,-0.44765277534236597f,0f,0f,0f,1f], start_interpolation: 0, interpolation_duration: 1 }
$data merge entity $(bone_3) { transformation: [-0.14379509825504427f,0.9667099440281274f,-0.20849893831624264f,0.6339471801338848f,-0.08228200570151901f,0.20022602795240155f,0.9654518577302633f,0.281950999714086f,0.9750356893146943f,0.1593073039769003f,0.050725818718093875f,-0.39045051010755666f,0f,0f,0f,1f], start_interpolation: 0, interpolation_duration: 1 }
$data merge entity $(bone_8) { transformation: [0.038201554887642104f,0.9635605976227753f,-0.26236013809594405f,-0.22744484040341523f,-0.006495866356434635f,0.26378663362130406f,0.964175172542135f,0.0039588303769250155f,0.9982482004279645f,-0.0351519714374824f,0.016318559802736117f,0.14154307529360016f,0f,0f,0f,1f], start_interpolation: 0, interpolation_duration: 1 }
$data merge entity $(bone_7) { transformation: [0.038201554887642104f,0.868257610873762f,-0.4933665863358297f,0.07340158316527234f,-0.006495866356434635f,0.49490099935928006f,0.868498792317584f,0.19106819920178716f,0.9982482004279645f,-0.03000005497164443f,0.02453473439178354f,0.13125001236725128f,0f,0f,0f,1f], start_interpolation: 0, interpolation_duration: 1 }