# This file was generated by Animated Java via MC-Build. It is not recommended to edit this file directly.
$data merge entity $(bone_layer) { transformation: [-4.7185252203526575e-8f,1.0009137946696522f,-0.013136804786350443f,0.7837106826431258f,1.4877452825722568e-8f,0.013136804786351165f,1.0009137946696534f,0.1868637440722115f,1.0011000999999986f,4.698124353821232e-8f,-1.5493866374054623e-8f,4.231259020903512e-8f,0f,0f,0f,1f], start_interpolation: 0, interpolation_duration: 1 }
$data merge entity $(bone_l_1) { transformation: [-3.5353585567077855e-8f,0.7499354105916477f,-0.0131236811052452f,0.90571086476643f,1.1146942676615312e-8f,0.009842760828934441f,0.9999138807888646f,-0.0599939217436459f,0.7500749999999989f,3.520073192173751e-8f,-1.5478387986068557e-8f,0.12188723923145127f,0f,0f,0f,1f], start_interpolation: 0, interpolation_duration: 1 }
$data merge entity $(bone_eye_l) { transformation: [-4.713811408943714e-8f,0.9999138807888636f,-0.0131236811052452f,0.7837106826431258f,1.4862590235487083e-8f,0.013123681105245921f,0.9999138807888646f,0.1868637440722115f,1.0000999999999987f,4.6934309228983344e-8f,-1.5478387986068557e-8f,4.231259020903512e-8f,0f,0f,0f,1f], start_interpolation: 0, interpolation_duration: 1 }
$data merge entity $(bone_r_1) { transformation: [-3.5353585567077855e-8f,0.7499354105916477f,-0.0131236811052452f,0.9057108762563454f,1.1146942676615312e-8f,0.009842760828934441f,0.9999138807888646f,-0.05999392536640227f,0.7500749999999989f,3.520073192173751e-8f,-1.5478387986068557e-8f,-0.12188713576854837f,0f,0f,0f,1f], start_interpolation: 0, interpolation_duration: 1 }
$data merge entity $(bone_eye_r) { transformation: [-4.713811408943714e-8f,0.9999138807888636f,-0.0131236811052452f,0.9118783151516746f,1.4862590235487083e-8f,0.013123681105245921f,0.9999138807888646f,-0.05366244065100967f,1.0000999999999987f,4.6934309228983344e-8f,-1.5478387986068557e-8f,-0.12501244807194886f,0f,0f,0f,1f], start_interpolation: 0, interpolation_duration: 1 }
$data merge entity $(bone_eyes_down) { transformation: [-4.713811408943714e-8f,0.9999138807888636f,-0.0131236811052452f,0.8149579914177778f,1.4862590235487083e-8f,0.013123681105245921f,0.9999138807888646f,0.18727385910675046f,1.0000999999999987f,4.6934309228983344e-8f,-1.5478387986068557e-8f,4.377928737244085e-8f,0f,0f,0f,1f], start_interpolation: 0, interpolation_duration: 1 }
$data merge entity $(bone_bone) { transformation: [-4.713811408943714e-8f,0.9999138807888636f,-0.0131236811052452f,0.7837106826431258f,1.4862590235487083e-8f,0.013123681105245921f,0.9999138807888646f,0.1868637440722115f,1.0000999999999987f,4.6934309228983344e-8f,-1.5478387986068557e-8f,4.231259020903512e-8f,0f,0f,0f,1f], start_interpolation: 0, interpolation_duration: 1 }
$data merge entity $(bone_l) { transformation: [-0.17363326964483458f,0.7385422004699624f,-0.0131236811052452f,1.0136166086503076f,-0.0022788886714137867f,0.009693229111025787f,0.9999138807888646f,-0.06639085202170397f,0.9849062256374507f,0.1302491915294763f,-1.5478387986068557e-8f,0.1250125569124814f,0f,0f,0f,1f], start_interpolation: 0, interpolation_duration: 1 }
$data merge entity $(bone_r) { transformation: [0.17363317680087417f,0.7385422127481338f,-0.0131236811052452f,1.013616620434836f,0.002278917945001974f,0.009693225239733223f,0.9999138807888646f,-0.06639085573735154f,0.9849062419375653f,-0.13024912219756887f,-1.5478387986068557e-8f,-0.12501244308751827f,0f,0f,0f,1f], start_interpolation: 0, interpolation_duration: 1 }
$data merge entity $(bone_sad) { transformation: [-1.4141434226831142e-7f,0.6699423001285386f,-0.0065618405526226f,0.8494862138399438f,4.458777070646125e-8f,0.008792866340514767f,0.4999569403944323f,-0.062294493965875f,3.0002999999999957f,3.1445987183418845e-8f,-7.739193993034279e-9f,0.14063911161558135f,0f,0f,0f,1f], start_interpolation: 0, interpolation_duration: 1 }
$data merge entity $(bone_head) { transformation: [-4.713811408943714e-8f,0.9999138807888636f,-0.0131236811052452f,0.7837106826431258f,1.4862590235487083e-8f,0.013123681105245921f,0.9999138807888646f,0.1868637440722115f,1.0000999999999987f,4.6934309228983344e-8f,-1.5478387986068557e-8f,4.231259020903512e-8f,0f,0f,0f,1f], start_interpolation: 0, interpolation_duration: 1 }
$data merge entity $(bone_6) { transformation: [-0.08320428397925964f,0.9960908057714833f,0.02891379542278448f,-0.2662976744906328f,-0.004243571656067077f,-0.029096188211540405f,0.998582355490659f,0.08158551051162491f,0.9955199843434076f,0.08312796509808604f,0.006673203481360582f,-0.15383933570135502f,0f,0f,0f,1f], start_interpolation: 0, interpolation_duration: 1 }
$data merge entity $(bone_12) { transformation: [-0.08320428397925964f,0.9888962778226683f,-0.12295142380918353f,0.1190293760353375f,-0.004243571656067077f,0.12315017677713183f,0.9913865758751604f,0.1374362559392168f,0.9955199843434076f,0.08317563145677451f,-0.00605017006530196f,-0.12139612161718767f,0f,0f,0f,1f], start_interpolation: 0, interpolation_duration: 1 }
$data merge entity $(bone_10) { transformation: [-4.7086267348612845e-8f,0.9903201852886456f,-0.13866296554801952f,0.44718792256821027f,1.4846243020949501e-8f,0.1388017673153356f,0.989329865103358f,0.1754264484329653f,0.9989999999999988f,4.461441061338201e-8f,-2.123819122589667e-8f,-0.015624973378901069f,0f,0f,0f,1f], start_interpolation: 0, interpolation_duration: 1 }
$data merge entity $(bone_9) { transformation: [-4.7133400749362204e-8f,0.9970404478319961f,-0.07687877071708649f,0.7599642933081635f,1.4861104125074576e-8f,0.07687877071708718f,0.9970404478319971f,0.18387230728468007f,0.9999999999999988f,4.58514035388756e-8f,-1.8440679785850887e-8f,-0.015624958762201841f,0f,0f,0f,1f], start_interpolation: 0, interpolation_duration: 1 }
$data merge entity $(item_display_item_display) { transformation: [0.000004299353964924471f,-0.0000034004043857300833f,0.000008242945318229816f,0.7301608108175213f,0.000005101216604105224f,-0.000006559915037808973f,-0.000005363201577567837f,1.4560409655268722f,0.000007293909144545508f,0.000006574099533132088f,-0.0000011002550019053173f,1.8259994813086142f,0f,0f,0f,1f], start_interpolation: 0, interpolation_duration: 1 }
$data merge entity $(bone_2) { transformation: [-0.16371979635540537f,0.9471466583836358f,0.23673287902056905f,0.4002889259552627f,-0.05746113777680651f,0.23035579194665318f,-0.9601159824890939f,0.139736786564818f,-0.972666192795514f,-0.17303280937963725f,0.016872692943583803f,0.3911321814534935f,0f,0f,0f,1f], start_interpolation: 0, interpolation_duration: 1 }
$data merge entity $(bone_1) { transformation: [-0.16388368003544082f,0.9610547863976362f,0.17176421640973066f,0.7537126713144654f,-0.05751865643323975f,0.1645197845425545f,-0.9735603377338455f,0.19929794767574865f,-0.9736398326281421f,-0.17148451252595878f,0.028602497316014677f,0.3281250407138963f,0f,0f,0f,1f], start_interpolation: 0, interpolation_duration: 1 }
$data merge entity $(bone_4) { transformation: [-0.16206483072987485f,0.9726177965681462f,-0.16414442796343634f,0.3875536651006104f,-0.07949501885217845f,0.15288130494002544f,0.9739500738771841f,0.14794817729605583f,0.9713914090252551f,0.17470679253308355f,0.052324407277418404f,-0.4532332183657498f,0f,0f,0f,1f], start_interpolation: 0, interpolation_duration: 1 }
$data merge entity $(bone_3) { transformation: [-0.1622270577876625f,0.9817425176019509f,-0.09544841834783102f,0.7486838602797882f,-0.07957459344562408f,0.08411954900978248f,0.9822806835522768f,0.1769567382766206f,0.9723637727980532f,0.17060173411355625f,0.06446204520164177f,-0.39063632699009715f,0f,0f,0f,1f], start_interpolation: 0, interpolation_duration: 1 }
$data merge entity $(bone_8) { transformation: [0.07594263109023516f,0.9934122294915911f,-0.08189764670657833f,-0.22784284544711908f,-0.010523700750558487f,0.08383611226715337f,0.9957478599928831f,0.06566596477850047f,0.9960537100170999f,-0.07484936314762876f,0.01676816815172294f,0.15738467044620122f,0f,0f,0f,1f], start_interpolation: 0, interpolation_duration: 1 }
$data merge entity $(bone_7) { transformation: [0.07594263109023516f,0.9753592469932351f,-0.20554664080037582f,0.12638520517536478f,-0.010523700750558487f,0.20776210051826394f,0.9774339895812483f,0.14806147104508696f,0.9960537100170999f,-0.07216321915184876f,0.026001315897706198f,0.13125001190724986f,0f,0f,0f,1f], start_interpolation: 0, interpolation_duration: 1 }