# This file was generated by Animated Java via MC-Build. It is not recommended to edit this file directly.
$data merge entity $(bone_layer) { transformation: [-4.7185252203526575e-8f,1.0000472698034384f,0.043663006752701655f,0.8752493665466367f,1.4877452825722568e-8f,-0.043663006752701045f,1.0000472698034395f,0.10943229746454533f,1.0011000999999986f,4.7784509186171085e-8f,-1.2803820580225643e-8f,4.478754870583033e-8f,0f,0f,0f,1f], start_interpolation: 0, interpolation_duration: 1 }
$data merge entity $(bone_l_1) { transformation: [-3.5353585567077855e-8f,0.7492861661863925f,0.043619387365336326f,0.9830496455659488f,1.1146942676615312e-8f,-0.03271454052400179f,0.9990482215818578f,-0.14394854552295291f,0.7500749999999989f,3.5802579310318e-8f,-1.279102955067497e-8f,0.12188724113406167f,0f,0f,0f,1f], start_interpolation: 0, interpolation_duration: 1 }
$data merge entity $(bone_eye_l) { transformation: [-4.713811408943714e-8f,0.9990482215818567f,0.043619387365336326f,0.8752493665466367f,1.4862590235487083e-8f,-0.043619387365335716f,0.9990482215818578f,0.10943229746454533f,1.0000999999999987f,4.773677241375733e-8f,-1.279102955067497e-8f,4.478754870583033e-8f,0f,0f,0f,1f], start_interpolation: 0, interpolation_duration: 1 }
$data merge entity $(bone_r_1) { transformation: [-3.5353585567077855e-8f,0.7492861661863925f,0.043619387365336326f,0.9830496570558641f,1.1146942676615312e-8f,-0.03271454052400179f,0.9990482215818578f,-0.14394854914570926f,0.7500749999999989f,3.5802579310318e-8f,-1.279102955067497e-8f,-0.12188713386593802f,0f,0f,0f,1f], start_interpolation: 0, interpolation_duration: 1 }
$data merge entity $(bone_eye_r) { transformation: [-4.713811408943714e-8f,0.9990482215818567f,0.043619387365336326f,0.9895663297590906f,1.4862590235487083e-8f,-0.043619387365335716f,0.9990482215818578f,-0.1379771189783016f,1.0000999999999987f,4.773677241375733e-8f,-1.279102955067497e-8f,-0.12501244614752713f,0f,0f,0f,1f], start_interpolation: 0, interpolation_duration: 1 }
$data merge entity $(bone_eyes_down) { transformation: [-4.713811408943714e-8f,0.9990482215818567f,0.043619387365336326f,0.9064696234710696f,1.4862590235487083e-8f,-0.043619387365335716f,0.9990482215818578f,0.10806919160937858f,1.0000999999999987f,4.773677241375733e-8f,-1.279102955067497e-8f,4.627932284376025e-8f,0f,0f,0f,1f], start_interpolation: 0, interpolation_duration: 1 }
$data merge entity $(bone_bone) { transformation: [-4.713811408943714e-8f,0.9990482215818567f,0.043619387365336326f,0.8752493665466367f,1.4862590235487083e-8f,-0.043619387365335716f,0.9990482215818578f,0.10943229746454533f,1.0000999999999987f,4.773677241375733e-8f,-1.279102955067497e-8f,4.478754870583033e-8f,0f,0f,0f,1f], start_interpolation: 0, interpolation_duration: 1 }
$data merge entity $(bone_l) { transformation: [-0.17348294950105725f,0.7379028195460674f,0.043619387365336326f,1.0904187553441445f,0.007574441763732566f,-0.03221753120862274f,0.9990482215818578f,-0.15645632490794079f,0.9849062254981045f,0.13024919212218028f,-1.279102955067497e-8f,0.12501255888061236f,0f,0f,0f,1f], start_interpolation: 0, interpolation_duration: 1 }
$data merge entity $(bone_r) { transformation: [0.17348285665709684f,0.7379028318242388f,0.043619387365336326f,1.090418767128673f,-0.007574412490144379f,-0.0322175350799153f,0.9990482215818578f,-0.15645632862358835f,0.9849062420769115f,-0.1302491216048649f,-1.279102955067497e-8f,-0.1250124411193873f,0f,0f,0f,1f], start_interpolation: 0, interpolation_duration: 1 }
$data merge entity $(bone_sad) { transformation: [-1.4141434226831142e-7f,0.669362308459844f,0.021809693682668163f,0.9267850269253713f,4.458777070646125e-8f,-0.029224989534774932f,0.4995241107909289f,-0.14305596755120084f,3.0002999999999957f,3.198363751721741e-8f,-6.395514775337485e-9f,0.14063911346885416f,0f,0f,0f,1f], start_interpolation: 0, interpolation_duration: 1 }
$data merge entity $(bone_head) { transformation: [-4.713811408943714e-8f,0.9990482215818567f,0.043619387365336326f,0.8752493665466367f,1.4862590235487083e-8f,-0.043619387365335716f,0.9990482215818578f,0.10943229746454533f,1.0000999999999987f,4.773677241375733e-8f,-1.279102955067497e-8f,4.478754870583033e-8f,0f,0f,0f,1f], start_interpolation: 0, interpolation_duration: 1 }
$data merge entity $(bone_6) { transformation: [-0.08706863084190732f,0.9961946942526653f,-9.815434132143253e-9f,-0.2509145196773823f,6.754576615045083e-8f,1.577819749853937e-8f,0.9989999999999977f,0.1075419434729094f,0.9951984995584103f,0.08715578662853493f,-6.866251987696906e-8f,-0.15415702750705457f,0f,0f,0f,1f], start_interpolation: 0, interpolation_duration: 1 }
$data merge entity $(bone_12) { transformation: [-0.08706863084190732f,0.9961946942526653f,-9.815434132143253e-9f,0.15378957486276296f,6.754576615045083e-8f,1.577819749853937e-8f,0.9989999999999977f,0.10754194988280212f,0.9951984995584103f,0.08715578662853493f,-6.866251987696906e-8f,-0.11874998918921224f,0f,0f,0f,1f], start_interpolation: 0, interpolation_duration: 1 }
$data merge entity $(bone_10) { transformation: [-4.7086267348612845e-8f,0.999999999999999f,1.2477519018005978e-16f,0.5330466156024588f,1.4846243020949501e-8f,4.440892098500626e-16f,0.999f,0.12001533514475868f,0.9989999999999988f,4.713340071124979e-8f,-1.4846242988197105e-8f,-0.01562497149890632f,0f,0f,0f,1f], start_interpolation: 0, interpolation_duration: 1 }
$data merge entity $(bone_9) { transformation: [-4.7133400749362204e-8f,0.999999999999999f,1.249000902703301e-16f,0.8455466156024585f,1.4861104125074576e-8f,4.440892098500626e-16f,1f,0.10439033514475882f,0.9999999999999988f,4.713340071124979e-8f,-1.4861104092289395e-8f,-0.015624956537513847f,0f,0f,0f,1f], start_interpolation: 0, interpolation_duration: 1 }
$data merge entity $(item_display_item_display) { transformation: [0.000005031819410347926f,-0.000004790417970239519f,0.0000070522091979348264f,1.0244191557794664f,0.000004559662045755791f,-0.000005398184371513143f,-0.0000069196924159888094f,1.4109233124854705f,0.000007183481830880103f,0.000006762741623737549f,-5.399250896271874e-7f,1.7637637072046135f,0f,0f,0f,1f], start_interpolation: 0, interpolation_duration: 1 }
$data merge entity $(bone_2) { transformation: [-0.14702813125526845f,0.9780415994135464f,0.04274357530694574f,0.4786800965900276f,-0.07801838679570602f,0.031376976685167375f,-0.9854233469825905f,0.10706299231841589f,-0.973900065007678f,-0.15016695758618503f,0.07248857904255435f,0.38443765233796945f,0f,0f,0f,1f], start_interpolation: 0, interpolation_duration: 1 }
$data merge entity $(bone_1) { transformation: [-0.14717530656183028f,0.9780415994135464f,0.04274357530694574f,0.8454456963701075f,-0.07809648327898501f,0.031376976685167375f,-0.9854233469825905f,0.11882935857535365f,-0.9748749399476256f,-0.15016695758618503f,0.07248857904255435f,0.32812504324315006f,0f,0f,0f,1f], start_interpolation: 0, interpolation_duration: 1 }
$data merge entity $(bone_4) { transformation: [-0.174508688254619f,0.9841698835397291f,-0.014448867625372019f,0.47168349580258656f,-0.0785745142926225f,0.0005250170096204876f,0.9858773705339694f,0.10373063915988634f,0.9693081244413f,0.17722687349986072f,0.07731636691781867f,-0.4570850343192968f,0f,0f,0f,1f], start_interpolation: 0, interpolation_duration: 1 }
$data merge entity $(bone_3) { transformation: [-0.17468337162624523f,0.9841698835397291f,-0.014448867625372019f,0.840747202129985f,-0.07865316746008258f,0.0005250170096204876f,0.9858773705339694f,0.10392752053849402f,0.9702784028441441f,0.17722687349986072f,0.07731636691781867f,-0.39062495675684905f,0f,0f,0f,1f], start_interpolation: 0, interpolation_duration: 1 }
$data merge entity $(bone_8) { transformation: [0.10487198520847366f,0.9942835200489881f,0.00982042820392981f,-0.19946640146626246f,-0.01686105966519587f,-0.007382937440382653f,0.9989758355092049f,0.12051385437640844f,0.9933371009474197f,-0.10509070034534018f,0.01592272652607052f,0.17065902421248913f,0f,0f,0f,1f], start_interpolation: 0, interpolation_duration: 1 }
$data merge entity $(bone_7) { transformation: [0.10487198520847366f,0.9942835200489881f,0.00982042820392981f,0.17338991855210809f,-0.01686105966519587f,-0.007382937440382653f,0.9989758355092049f,0.11774525283626494f,0.9933371009474197f,-0.10509070034534018f,0.01592272652607052f,0.13125001158298658f,0f,0f,0f,1f], start_interpolation: 0, interpolation_duration: 1 }