# This file was generated by Animated Java via MC-Build. It is not recommended to edit this file directly.
$data merge entity $(bone_layer) { transformation: [-3.4488827950401873e-16f,0.1306567184122716f,-0.9924363062351841f,-0.0625f,0f,0.9924363062351841f,0.1306567184122716f,1.28125f,1.0011000999999997f,4.5012452619722467e-17f,-3.4190352211010293e-16f,-0.0000062499999999105096f,0f,0f,0f,1f], start_interpolation: 0, interpolation_duration: 1 }
$data merge entity $(bone_l_1) { transformation: [-2.584078018261879e-16f,0.09789464416503868f,-0.9914448613738104f,0.20339101158056372f,0f,0.7435836460303578f,0.13052619222005157f,1.3975391283264025f,0.7500749999999998f,3.372561385094091e-17f,-3.41561960149953e-16f,0.09062781250000014f,0f,0f,0f,1f], start_interpolation: 0, interpolation_duration: 1 }
$data merge entity $(bone_eye_l) { transformation: [-3.4454373576825053e-16f,0.13052619222005157f,-0.9914448613738104f,-0.0625f,0f,0.9914448613738104f,0.13052619222005157f,1.28125f,1.0000999999999998f,4.496748513458788e-17f,-3.41561960149953e-16f,-0.0000062499999999105096f,0f,0f,0f,1f], start_interpolation: 0, interpolation_duration: 1 }
$data merge entity $(bone_r_1) { transformation: [-2.584078018261879e-16f,0.09789464416503868f,-0.9914448613738104f,0.2033910115805638f,0f,0.7435836460303578f,0.13052619222005157f,1.3975391283264025f,0.7500749999999998f,3.372561385094091e-17f,-3.41561960149953e-16f,-0.09064031249999979f,0f,0f,0f,1f], start_interpolation: 0, interpolation_duration: 1 }
$data merge entity $(bone_eye_r) { transformation: [-3.4454373576825053e-16f,0.13052619222005157f,-0.9914448613738104f,0.1939313263914762f,0f,0.9914448613738104f,0.13052619222005157f,1.3735687954934326f,1.0000999999999998f,4.496748513458788e-17f,-3.41561960149953e-16f,-0.1250187499999998f,0f,0f,0f,1f], start_interpolation: 0, interpolation_duration: 1 }
$data merge entity $(bone_eyes_down) { transformation: [-3.4454373576825053e-16f,0.13052619222005157f,-0.9914448613738104f,-0.050263169479370165f,0f,0.9914448613738104f,0.13052619222005157f,1.3741979557537947f,1.0000999999999998f,4.496748513458788e-17f,-3.41561960149953e-16f,-0.000006249999999906294f,0f,0f,0f,1f], start_interpolation: 0, interpolation_duration: 1 }
$data merge entity $(bone_bone) { transformation: [-3.4454373576825053e-16f,0.13052619222005157f,-0.9914448613738104f,-0.0625f,0f,0.9914448613738104f,0.13052619222005157f,1.28125f,1.0000999999999998f,4.496748513458788e-17f,-3.41561960149953e-16f,-0.0000062499999999105096f,0f,0f,0f,1f], start_interpolation: 0, interpolation_duration: 1 }
$data merge entity $(bone_l) { transformation: [0.005693472539768391f,0.0978014701554707f,-0.9914448613738104f,0.21705114264501768f,0.04324621745963609f,0.7428759191639825f,0.13052619222005157f,1.4414442377306842f,0.9991481264040157f,-0.03271781197805436f,-3.41561960149953e-16f,0.12500625000000015f,0f,0f,0f,1f], start_interpolation: 0, interpolation_duration: 1 }
$data merge entity $(bone_r) { transformation: [-0.00569347253976908f,0.09780147015547067f,-0.9914448613738104f,0.21705114264501774f,-0.04324621745963609f,0.7428759191639825f,0.13052619222005157f,1.4414442377306842f,0.9991481264040157f,0.03271781197805443f,-3.41561960149953e-16f,-0.1250187499999998f,0f,0f,0f,1f], start_interpolation: 0, interpolation_duration: 1 }
$data merge entity $(bone_sad) { transformation: [-1.0336312073047516e-15f,0.08745254878743455f,-0.4957224306869052f,0.20077962179944614f,0f,0.664268057120453f,0.06526309611002579f,1.3657328761947685f,3.0002999999999993f,3.0128215040173885e-17f,-1.707809800749765e-16f,0.14063281250000015f,0f,0f,0f,1f], start_interpolation: 0, interpolation_duration: 1 }
$data merge entity $(bone_head) { transformation: [-3.4454373576825053e-16f,0.13052619222005157f,-0.9914448613738104f,-0.0625f,0f,0.9914448613738104f,0.13052619222005157f,1.28125f,1.0000999999999998f,4.496748513458788e-17f,-3.41561960149953e-16f,-0.0000062499999999105096f,0f,0f,0f,1f], start_interpolation: 0, interpolation_duration: 1 }
$data merge entity $(bone_6) { transformation: [0.03866869230310664f,-0.0002348729805702332f,-0.998579942770248f,-0.00551448124122117f,-0.2001591602329916f,0.9793676478142087f,-0.00706574878641264f,0.37878992412762136f,0.9779785492588224f,0.20045274850398237f,0.03803713919055095f,-0.18934009220362452f,0f,0f,0f,1f], start_interpolation: 0, interpolation_duration: 1 }
$data merge entity $(bone_12) { transformation: [0.03866869230310664f,-0.5729543216679728f,-0.8178540838990426f,-0.2024675293145868f,-0.2001591602329916f,0.7981982638084482f,-0.5675301278736026f,0.6531705773117754f,0.9779785492588224f,0.18601848546628924f,-0.08381677281684195f,-0.12539623782458761f,0f,0f,0f,1f], start_interpolation: 0, interpolation_duration: 1 }
$data merge entity $(bone_10) { transformation: [-3.441647755549269e-16f,0.043619387365336104f,-0.998049173360276f,-0.23059204674963982f,0f,0.9990482215818578f,0.0435757679779708f,1.0094061991609942f,0.999f,1.50272839463807e-17f,-3.43837206949269e-16f,3.158120134705921e-17f,0f,0f,0f,1f], start_interpolation: 0, interpolation_duration: 1 }
$data merge entity $(bone_9) { transformation: [-3.4450928483976665e-16f,0.5372996083468239f,-0.8433914458128857f,-0.03749999999999998f,0f,0.8433914458128857f,0.5372996083468239f,1.3125f,1f,1.85104703816251e-16f,-2.9055618383697406e-16f,9.810320428102441e-17f,0f,0f,0f,1f], start_interpolation: 0, interpolation_duration: 1 }
$data merge entity $(item_display_item_display) { transformation: [1.4011074938217032f,0.4666406296714597f,0.09613003586700947f,0.3872603392109628f,-0.16360758277429727f,0.03488890203368766f,0.9817281564680033f,1.1656201490637552f,0.46168303762204677f,-1.4085631561514056f,0.05616333040983181f,0.31092249758455903f,0f,0f,0f,1f], start_interpolation: 0, interpolation_duration: 1 }
$data merge entity $(bone_2) { transformation: [-0.09613003586700924f,-0.9780303225969013f,-0.11280905142124448f,0.04870123109243593f,-0.981728156468003f,0.0890227594367135f,0.06717575722264066f,1.1822097445468627f,-0.056163330409831604f,0.11790505364340326f,-0.9811382931919566f,0.6004214659988244f,0f,0f,0f,1f], start_interpolation: 0, interpolation_duration: 1 }
$data merge entity $(bone_1) { transformation: [-0.09622626212913839f,-0.4405119042898439f,0.8804649091136427f,-0.09722183032523762f,-0.9827108673353384f,0.0935721402996124f,-0.060678568011380885f,1.2139959267247833f,-0.05621954995979139f,-0.8816425107370252f,-0.44636356852188785f,0.2945670806297102f,0f,0f,0f,1f], start_interpolation: 0, interpolation_duration: 1 }
$data merge entity $(bone_4) { transformation: [-0.2843994554542052f,-0.6540876393091878f,0.686949584961076f,0.08977022791693512f,-0.7753557484651891f,-0.2642470287108888f,-0.5683695732068972f,1.1336895662162365f,0.5488860361081205f,-0.6988505036389352f,-0.43582677783133167f,-0.3771514405515656f,0f,0f,0f,1f], start_interpolation: 0, interpolation_duration: 1 }
$data merge entity $(bone_3) { transformation: [-0.284684139593799f,-0.9113557840929523f,-0.2629848036970598f,-0.1950284546121125f,-0.7761318803455346f,0.3821342696246691f,-0.4968338393349878f,1.2531065254739455f,0.5494354715797002f,0.06388982241166592f,-0.8211303777741024f,-0.35718587104792f,0f,0f,0f,1f], start_interpolation: 0, interpolation_duration: 1 }
$data merge entity $(bone_8) { transformation: [-0.07331442140376082f,0.7383507994997771f,-0.6690276527178748f,-0.23663838917855984f,0.19998868442387693f,0.6682946812159101f,0.7163556834668543f,0.36315546191845766f,0.9760279434779839f,-0.08146939391832021f,-0.1970293473609192f,0.1943346072763567f,0f,0f,0f,1f], start_interpolation: 0, interpolation_duration: 1 }
$data merge entity $(bone_7) { transformation: [-0.07331442140376082f,0.13556684132454014f,-0.9871076611780683f,-0.23437500000000006f,0.19998868442387693f,0.9724079843724431f,0.1191887499114786f,0.671875f,0.9760279434779839f,-0.18905719972362434f,-0.09856571969782289f,0.13125000000000003f,0f,0f,0f,1f], start_interpolation: 0, interpolation_duration: 1 }