# This file was generated by Animated Java via MC-Build. It is not recommended to edit this file directly.
$data merge entity $(bone_layer) { transformation: [-4.217811734693539e-9f,0.10463299173092107f,-0.9955164172636416f,-0.10973672045793537f,-1.104472898193839e-10f,0.9955164172636415f,0.10463299173092107f,1.2830382828328215f,1.0011001f,5.506685601364078e-10f,-4.182743004989333e-9f,-0.000006248156103332263f,0f,0f,0f,1f], start_interpolation: 0, interpolation_duration: 1 }
$data merge entity $(bone_l_1) { transformation: [-3.1601986024177367e-9f,0.07839634745074008f,-0.9945218953682734f,0.15273650645723086f,-8.275271464988805e-11f,0.7458914215262049f,0.10452846326765343f,1.4035592501492318f,0.750075f,4.1258883127103485e-10f,-4.178564440548785e-9f,0.09333142183981832f,0f,0f,0f,1f], start_interpolation: 0, interpolation_duration: 1 }
$data merge entity $(bone_eye_l) { transformation: [-4.213598136556982e-9f,0.10452846326765343f,-0.9945218953682734f,-0.10973672045793537f,-1.103369528665174e-10f,0.9945218953682733f,0.10452846326765343f,1.2830382828328215f,1.0001f,5.501184416947131e-10f,-4.178564440548785e-9f,-0.000006248156103332263f,0f,0f,0f,1f], start_interpolation: 0, interpolation_duration: 1 }
$data merge entity $(bone_r_1) { transformation: [-3.1601986024177367e-9f,0.07839634745074008f,-0.9945218953682734f,0.15273650724372706f,-8.275271464988805e-11f,0.7458914215262049f,0.10452846326765343f,1.403559250169827f,0.750075f,4.1258883127103485e-10f,-4.178564440548785e-9f,-0.0933439159137396f,0f,0f,0f,1f], start_interpolation: 0, interpolation_duration: 1 }
$data merge entity $(bone_eye_r) { transformation: [-4.213598136556982e-9f,0.10452846326765343f,-0.9945218953682734f,0.14419010951172478f,-1.103369528665174e-10f,0.9945218953682733f,0.10452846326765343f,1.382038032570013f,1.0001f,5.501184416947131e-10f,-4.178564440548785e-9f,-0.12501874707534247f,0f,0f,0f,1f], start_interpolation: 0, interpolation_duration: 1 }
$data merge entity $(bone_eyes_down) { transformation: [-4.213598136556982e-9f,0.10452846326765343f,-0.9945218953682734f,-0.10050232815117106f,-1.103369528665174e-10f,0.9945218953682733f,0.10452846326765343f,1.3708976567526463f,1.0001f,5.501184416947131e-10f,-4.178564440548785e-9f,-0.000006248107504038377f,0f,0f,0f,1f], start_interpolation: 0, interpolation_duration: 1 }
$data merge entity $(bone_bone) { transformation: [-4.213598136556982e-9f,0.10452846326765343f,-0.9945218953682734f,-0.10973672045793537f,-1.103369528665174e-10f,0.9945218953682733f,0.10452846326765343f,1.2830382828328215f,1.0001f,5.501184416947131e-10f,-4.178564440548785e-9f,-0.000006248156103332263f,0f,0f,0f,1f], start_interpolation: 0, interpolation_duration: 1 }
$data merge entity $(bone_l) { transformation: [0.0025878963746549513f,0.07837231727029845f,-0.9945218953682734f,0.16580780574773757f,0.024622229245345368f,0.7456627888892301f,0.10452846326765343f,1.4531839486812845f,0.9997934466793292f,-0.018570248035510842f,-4.178564440548785e-9f,0.12500625302358598f,0f,0f,0f,1f], start_interpolation: 0, interpolation_duration: 1 }
$data merge entity $(bone_r) { transformation: [-0.0025879047992680973f,0.07837231711381898f,-0.9945218953682734f,0.1658078068011371f,-0.02462222946595163f,0.7456627888851325f,0.10452846326765343f,1.4531839487088687f,0.9997934466520897f,0.018570248860435568f,-4.178564440548785e-9f,-0.12501874697641402f,0f,0f,0f,1f], start_interpolation: 0, interpolation_duration: 1 }
$data merge entity $(bone_sad) { transformation: [-1.2640794409670947e-8f,0.0700340703893278f,-0.4972609476841367f,0.14988230749260784f,-3.310108585995522e-10f,0.6663296698967431f,0.052264231633826715f,1.3614552812509817f,3.0003f,3.685793559354578e-10f,-2.0892822202743924e-9f,0.140632815446369f,0f,0f,0f,1f], start_interpolation: 0, interpolation_duration: 1 }
$data merge entity $(bone_head) { transformation: [-4.213598136556982e-9f,0.10452846326765343f,-0.9945218953682734f,-0.10973672045793537f,-1.103369528665174e-10f,0.9945218953682733f,0.10452846326765343f,1.2830382828328215f,1.0001f,5.501184416947131e-10f,-4.178564440548785e-9f,-0.000006248156103332263f,0f,0f,0f,1f], start_interpolation: 0, interpolation_duration: 1 }
$data merge entity $(bone_6) { transformation: [0.04389499337839661f,-0.025871649631244498f,-0.9980527947834703f,-0.02914707765946259f,-0.19907834243621125f,0.9790258947015693f,-0.033203103078146834f,0.3823791644887354f,0.9779785494217964f,0.20045274850299247f,0.0380371349819152f,-0.18934009011955563f,0f,0f,0f,1f], start_interpolation: 0, interpolation_duration: 1 }
$data merge entity $(bone_12) { transformation: [0.04389499337839661f,-0.5936523800066672f,-0.8027176185572092f,-0.23321508328675444f,-0.19907834243621125f,0.7829265455172898f,-0.5887445735415227f,0.6515101645103037f,0.9779785494217964f,0.18601848305150406f,-0.08381677626378675f,-0.12539623657060112f,0f,0f,0f,1f], start_interpolation: 0, interpolation_duration: 1 }
$data merge entity $(bone_10) { transformation: [-4.20896364205622e-9f,0.017452406437283574f,-0.998847847461235f,-0.2706551251389945f,-1.1021559435421546e-10f,0.9998476951563913f,0.017434954030846217f,1.0068874992561823f,0.999f,1.8383918750378477e-10f,-4.206399112971793e-9f,1.1354523802955025e-9f,0f,0f,0f,1f], start_interpolation: 0, interpolation_duration: 1 }
$data merge entity $(bone_9) { transformation: [-4.213176818875095e-9f,0.5150380749100543f,-0.8571673007021124f,-0.08556331696819375f,-1.1032592027448995e-10f,0.8571673007021123f,0.5150380749100542f,1.314931997946004f,1f,2.264514267936612e-9f,-3.554575391523285e-9f,1.9492621953352223e-9f,0f,0f,0f,1f], start_interpolation: 0, interpolation_duration: 1 }
$data merge entity $(item_display_item_display) { transformation: [1.4049101145689178f,0.46556744453175203f,0.07039844706374646f,0.34289633243860257f,-0.12687480015326222f,0.04709217427499464f,0.9839081337215181f,1.1792214084747261f,0.4616830435271837f,-1.4085631541846926f,0.05616333081498351f,0.3109225013240248f,0f,0f,0f,1f], start_interpolation: 0, interpolation_duration: 1 }
$data merge entity $(bone_2) { transformation: [-0.07039844706374625f,-0.9800255207009537f,-0.11452884676744185f,0.004018973867605413f,-0.9839081337215179f,0.063390404349288f,0.06419974116892325f,1.1869428748134783f,-0.0561633308149833f,0.11790504952137632f,-0.9811382936674041f,0.600421468311392f,0f,0f,0f,1f], start_interpolation: 0, interpolation_duration: 1 }
$data merge entity $(bone_1) { transformation: [-0.07046891597972597f,-0.4428103812274386f,0.8817515773982296f,-0.14268614732058765f,-0.9848930267482662f,0.08200881821381806f,-0.0376098905195949f,1.2148983442587307f,-0.05621955036534865f,-0.8816425125936159f,-0.4463635648110622f,0.2945670823272674f,0f,0f,0f,1f], start_interpolation: 0, interpolation_duration: 1 }
$data merge entity $(bone_4) { transformation: [-0.2640055538286242f,-0.6469463160559454f,0.7015923672690788f,0.046344011691350606f,-0.7825347633199004f,-0.2812784960997804f,-0.5501925633257821f,1.13951438425093f,0.5488860349094846f,-0.6988505063956667f,-0.4358267749360999f,-0.3771514380659078f,0f,0f,0f,1f], start_interpolation: 0, interpolation_duration: 1 }
$data merge entity $(bone_3) { transformation: [-0.26426982365227647f,-0.9210465945191733f,-0.24988908818358357f,-0.24148304909589102f,-0.7833180814013017f,0.358146808497154f,-0.5035477263084919f,1.2514352619062907f,0.5494354703798645f,0.06388981857064693f,-0.8211303788824839f,-0.3571858697625806f,0f,0f,0f,1f], start_interpolation: 0, interpolation_duration: 1 }
$data merge entity $(bone_8) { transformation: [-0.07852439594911566f,0.7206038701401408f,-0.6875503985166703f,-0.2597825243134181f,0.1980010053695647f,0.6873934440402601f,0.6985971040055164f,0.3606999411861728f,0.9760279431689916f,-0.08146939080645159f,-0.19702935018061707f,0.19433460838632605f,0f,0f,0f,1f], start_interpolation: 0, interpolation_duration: 1 }
$data merge entity $(bone_7) { transformation: [-0.07852439594911566f,0.11006571320932651f,-0.9898894013661845f,-0.2656012458660048f,0.1980010053695647f,0.975623490661102f,0.09330844069359995f,0.6693729374209447f,0.9760279431689916f,-0.18905719915226155f,-0.09856572385810737f,0.13125000111950869f,0f,0f,0f,1f], start_interpolation: 0, interpolation_duration: 1 }