# This file was generated by Animated Java via MC-Build. It is not recommended to edit this file directly.
$data merge entity $(bone_layer) { transformation: [-8.426950857427367e-9f,0.07853755482357279f,-0.9979142510668609f,-0.15725804162480517f,-4.416377770795832e-10f,0.9979142510668608f,0.07853755482357279f,1.2842406508054622f,1.0011001f,1.1013371622864393e-9f,-8.365486329086974e-9f,-0.000006246312206462619f,0f,0f,0f,1f], start_interpolation: 0, interpolation_duration: 1 }
$data merge entity $(bone_l_1) { transformation: [-6.3138992438266994e-9f,0.05884432179588372f,-0.996917333733128f,0.1013563604540706f,-3.3089743537431315e-10f,0.7476880002998458f,0.07845909572784496f,1.4037893270155344f,0.750075f,8.251776940208088e-10f,-8.357129199887088e-9f,0.10115807155821001f,0f,0f,0f,1f], start_interpolation: 0, interpolation_duration: 1 }
$data merge entity $(bone_eye_l) { transformation: [-8.418532325102265e-9f,0.07845909572784496f,-0.996917333733128f,-0.15725804162480517f,-4.411965804990842e-10f,0.9969173337331279f,0.07845909572784496f,1.2842406508054622f,1.0001f,1.1002369253610784e-9f,-8.357129199887088e-9f,-0.000006246312206462619f,0f,0f,0f,1f], start_interpolation: 0, interpolation_duration: 1 }
$data merge entity $(bone_r_1) { transformation: [-6.3138992438266994e-9f,0.05884432179588372f,-0.996917333733128f,0.10135636215721043f,-3.3089743537431315e-10f,0.7476880002998458f,0.07845909572784496f,1.403789327104792f,0.750075f,8.251776940208088e-10f,-8.357129199887088e-9f,-0.1011705597232725f,0f,0f,0f,1f], start_interpolation: 0, interpolation_duration: 1 }
$data merge entity $(bone_eye_r) { transformation: [-8.418532325102265e-9f,0.07845909572784496f,-0.996917333733128f,0.09399026315698394f,-4.411965804990842e-10f,0.9969173337331279f,0.07845909572784496f,1.3898535053306653f,1.0001f,1.1002369253610784e-9f,-8.357129199887088e-9f,-0.12501874415068462f,0f,0f,0f,1f], start_interpolation: 0, interpolation_duration: 1 }
$data merge entity $(bone_eyes_down) { transformation: [-8.418532325102265e-9f,0.07845909572784496f,-0.996917333733128f,-0.1515547244564298f,-4.411965804990842e-10f,0.9969173337331279f,0.07845909572784496f,1.3567081664221796f,1.0001f,1.1002369253610784e-9f,-8.357129199887088e-9f,-0.000006246232228480621f,0f,0f,0f,1f], start_interpolation: 0, interpolation_duration: 1 }
$data merge entity $(bone_bone) { transformation: [-8.418532325102265e-9f,0.07845909572784496f,-0.996917333733128f,-0.15725804162480517f,-4.411965804990842e-10f,0.9969173337331279f,0.07845909572784496f,1.2842406508054622f,1.0001f,1.1002369253610784e-9f,-8.357129199887088e-9f,-0.000006246312206462619f,0f,0f,0f,1f], start_interpolation: 0, interpolation_duration: 1 }
$data merge entity $(bone_l) { transformation: [-0.0023435823683319043f,0.058818064782974244f,-0.996917333733128f,0.1143521777543921f,-0.02977793090924861f,0.7473543757045161f,0.07845909572784496f,1.4693426664251856f,0.9996537470544631f,0.022404748380288345f,-8.357129199887088e-9f,0.12500625605578253f,0f,0f,0f,1f], start_interpolation: 0, interpolation_duration: 1 }
$data merge entity $(bone_r) { transformation: [0.0023435655387800923f,0.0588180651601667f,-0.996917333733128f,0.11435217985902518f,0.02977793002724918f,0.7473543757242839f,0.07845909572784496f,1.4693426665354847f,0.9996537471201912f,-0.02240474673066936f,-8.357129199887088e-9f,-0.12501874394421747f,0f,0f,0f,1f], start_interpolation: 0, interpolation_duration: 1 }
$data merge entity $(bone_sad) { transformation: [-2.5255596975306798e-8f,0.052567594137656125f,-0.498458666866564f,0.09919933481854842f,-1.3235897414972526e-9f,0.6679346136011957f,0.03922954786392248f,1.356466886181622f,3.0003f,7.371587399919225e-10f,-4.178564599943544e-9f,0.14063281837843516f,0f,0f,0f,1f], start_interpolation: 0, interpolation_duration: 1 }
$data merge entity $(bone_head) { transformation: [-8.418532325102265e-9f,0.07845909572784496f,-0.996917333733128f,-0.15725804162480517f,-4.411965804990842e-10f,0.9969173337331279f,0.07845909572784496f,1.2842406508054622f,1.0001f,1.1002369253610784e-9f,-8.357129199887088e-9f,-0.000006246312206462619f,0f,0f,0f,1f], start_interpolation: 0, interpolation_duration: 1 }
$data merge entity $(bone_6) { transformation: [0.04909121102347694f,-0.05149069514442173f,-0.9968416312647773f,-0.053119506903363534f,-0.197861086503429f,0.9780131660999207f,-0.0593177016299532f,0.3859997568022173f,0.9779785495847704f,0.20045274850200256f,0.03803713077327875f,-0.18934008803548635f,0f,0f,0f,1f], start_interpolation: 0, interpolation_duration: 1 }
$data merge entity $(bone_12) { transformation: [0.04909121102347694f,-0.6139435786566289f,-0.7870310106567402f,-0.2641626120665797f,-0.197861086503429f,0.7671182484388561f,-0.6095555230686969f,0.6496966547030741f,0.9779785495847704f,0.1860184806367185f,-0.08381677971073212f,-0.12539623531661437f,0f,0f,0f,1f], start_interpolation: 0, interpolation_duration: 1 }
$data merge entity $(bone_10) { transformation: [-8.409272865490614e-9f,-0.008726535498373766f,-0.9989619611411071f,-0.3108925188007689f,-4.407113127873064e-10f,0.9999619230641713f,-0.008717808962875384f,1.003972144444212f,0.999f,3.676783890351693e-10f,-8.41279854685685e-9f,2.2709049084502038e-9f,0f,0f,0f,1f], start_interpolation: 0, interpolation_duration: 1 }
$data merge entity $(bone_9) { transformation: [-8.417690556046662e-9f,0.4924235601034672f,-0.8703556959398997f,-0.13392780188858538f,-4.411524652525589e-10f,0.8703556959398996f,0.4924235601034672f,1.3167562226726135f,1f,4.529028708638731e-9f,-7.109151054230005e-9f,3.898524600617248e-9f,0f,0f,0f,1f], start_interpolation: 0, interpolation_duration: 1 }
$data merge entity $(item_display_item_display) { transformation: [1.4077498801030996f,0.4641751827130397f,0.04461861068167115f,0.2979375128741738f,-0.09005506398357588f,0.059263172203055735f,0.9854137894750996f,1.1923079038568491f,0.4616830494323207f,-1.4085631522179793f,0.05616333122013526f,0.3109225050634912f,0f,0f,0f,1f], start_interpolation: 0, interpolation_duration: 1 }
$data merge entity $(bone_2) { transformation: [-0.04461861068167095f,-0.9813490582658038f,-0.11617014976857504f,-0.04102584653335892f,-0.9854137894750994f,0.037714604619135624f,0.06117972603587306f,1.1911559490800567f,-0.05616333122013505f,0.1179050453993492f,-0.9811382941428516f,0.60042147062396f,0f,0f,0f,1f], start_interpolation: 0, interpolation_duration: 1 }
$data merge entity $(bone_1) { transformation: [-0.04466327395562658f,-0.4448053780537041f,0.8824339371935637f,-0.18841248313185993f,-0.9864001896647642f,0.07038929157492112f,-0.014515436989045422f,1.2152615465777543f,-0.05621955077090596f,-0.8816425144502067f,-0.44636356110023634f,0.29456708402482495f,0f,0f,0f,1f], start_interpolation: 0, interpolation_duration: 1 }
$data merge entity $(bone_4) { transformation: [-0.24343071598065072f,-0.6393616081174036f,0.7157543132113585f,0.002526224817244793f,-0.7891774680573868f,-0.2981171891034697f,-0.5316384788483621f,1.1448516516195417f,0.5488860337108484f,-0.6988505091523987f,-0.4358267720408674f,-0.3771514355802495f,0f,0f,0f,1f], start_interpolation: 0, interpolation_duration: 1 }
$data merge entity $(bone_3) { transformation: [-0.24367439037102173f,-0.9301061656164453f,-0.23662211117604692f,-0.28813195193789437f,-0.7899674354928796f,0.3339138914228346f,-0.5099165066420323f,1.2491997426891774f,0.5494354691800285f,0.06388981472962724f,-0.8211303799908654f,-0.357185868477241f,0f,0f,0f,1f], start_interpolation: 0, interpolation_duration: 1 }
$data merge entity $(bone_8) { transformation: [-0.08368055379023125f,0.7023630748824066f,-0.7056019316173692f,-0.2831084262570812f,0.19587762610125448f,0.7060211017521039f,0.6803597410282572f,0.3582906301783767f,0.9760279428599989f,-0.08146938769458249f,-0.19702935300031535f,0.19433460949629552f,0f,0f,0f,1f], start_interpolation: 0, interpolation_duration: 1 }
$data merge entity $(bone_7) { transformation: [-0.08368055379023125f,0.08448915155109243f,-0.9919927208052526f,-0.2970052706800782f,0.19587762610125448f,0.978170353384444f,0.06736418255307175f,0.666705535527234f,0.9760279428599989f,-0.18905719858089862f,-0.09856572801839247f,0.1312500022390175f,0f,0f,0f,1f], start_interpolation: 0, interpolation_duration: 1 }