# This file was generated by Animated Java via MC-Build. It is not recommended to edit this file directly.
$data merge entity $(bone_layer) { transformation: [-1.261875344841788e-8f,-0.025232848700193867f,-1.0006819191663616f,-0.2903043923156044f,-9.931174072282284e-10f,1.0006819191663616f,-0.025232848700193867f,1.3060037449001964f,1.0011000999999997f,6.746453702314147e-10f,-1.2638513981387838e-8f,-0.000004393670113196004f,0f,0f,0f,1f], start_interpolation: 0, interpolation_duration: 1 }
$data merge entity $(bone_l_1) { transformation: [-9.454610475837574e-9f,-0.018905730794351053f,-0.9996822369294324f,-0.045204661657665984f,-7.440939614597117e-10f,0.7497616776970742f,-0.025207641059134735f,1.4415043881804528f,0.7500749999999998f,5.054785491244367e-10f,-1.2625888093294544e-8f,0.11135254391302009f,0f,0f,0f,1f], start_interpolation: 0, interpolation_duration: 1 }
$data merge entity $(bone_eye_l) { transformation: [-1.2606147301116764e-8f,-0.025207641059134735f,-0.9996822369294324f,-0.2903043923156044f,-9.921252819462822e-10f,0.9996822369294324f,-0.025207641059134735f,1.3060037449001964f,1.0000999999999998f,6.739713988325822e-10f,-1.2625888093294544e-8f,-0.000004393670113196004f,0f,0f,0f,1f], start_interpolation: 0, interpolation_duration: 1 }
$data merge entity $(bone_r_1) { transformation: [-9.454610475837574e-9f,-0.018905730794351053f,-0.9996822369294324f,-0.04520465885038287f,-7.440939614597117e-10f,0.7497616776970742f,-0.025207641059134735f,1.4415043884013907f,0.7500749999999998f,5.054785491244367e-10f,-1.2625888093294544e-8f,-0.11136132480549739f,0f,0f,0f,1f], start_interpolation: 0, interpolation_duration: 1 }
$data merge entity $(bone_eye_r) { transformation: [-1.2606147301116764e-8f,-0.025207641059134735f,-0.9996822369294324f,-0.05134480411588091f,-9.921252819462822e-10f,0.9996822369294324f,-0.025207641059134735f,1.4370690002094004f,1.0000999999999998f,6.739713988325822e-10f,-1.2625888093294544e-8f,-0.1250168905280345f,0f,0f,0f,1f], start_interpolation: 0, interpolation_duration: 1 }
$data merge entity $(bone_eyes_down) { transformation: [-1.2606147301116764e-8f,-0.025207641059134735f,-0.9996822369294324f,-0.29162296369830965f,-9.921252819462822e-10f,0.9996822369294324f,-0.025207641059134735f,1.358295523663694f,1.0000999999999998f,6.739713988325822e-10f,-1.2625888093294544e-8f,-0.000004393634858830188f,0f,0f,0f,1f], start_interpolation: 0, interpolation_duration: 1 }
$data merge entity $(bone_bone) { transformation: [-1.2606147301116764e-8f,-0.025207641059134735f,-0.9996822369294324f,-0.2903043923156044f,-9.921252819462822e-10f,0.9996822369294324f,-0.025207641059134735f,1.3060037449001964f,1.0000999999999998f,6.739713988325822e-10f,-1.2625888093294544e-8f,-0.000004393670113196004f,0f,0f,0f,1f], start_interpolation: 0, interpolation_duration: 1 }
$data merge entity $(bone_l) { transformation: [0.0025422658492200863f,-0.018809336891993312f,-0.9996822369294324f,-0.0395815105558624f,-0.10082143615993541f,0.7459388595750466f,-0.025207641059134735f,1.5284278551721822f,0.9950007791495901f,0.07564767652800578f,-1.2625888093294544e-8f,0.12500810971087084f,0f,0f,0f,1f], start_interpolation: 0, interpolation_duration: 1 }
$data merge entity $(bone_r) { transformation: [-0.0025422909329644874f,-0.018809334984932525f,-0.9996822369294324f,-0.03958150740432553f,0.10082143418580197f,0.7459388597251354f,-0.025207641059134735f,1.5284278554202135f,0.9950007792855349f,-0.07564767552220325f,-1.2625888093294544e-8f,-0.1250168902891291f,0f,0f,0f,1f], start_interpolation: 0, interpolation_duration: 1 }
$data merge entity $(bone_sad) { transformation: [-3.7818441903350295e-8f,-0.016889119509620274f,-0.4998411184647162f,-0.042378389454789805f,-2.9763758458388468e-9f,0.6697870987427197f,-0.012603820529567367f,1.3914055120225037f,3.0002999999999993f,4.5156083721783013e-10f,-6.312944046647272e-9f,0.14063467203968677f,0f,0f,0f,1f], start_interpolation: 0, interpolation_duration: 1 }
$data merge entity $(bone_head) { transformation: [-1.2606147301116764e-8f,-0.025207641059134735f,-0.9996822369294324f,-0.2903043923156044f,-9.921252819462822e-10f,0.9996822369294324f,-0.025207641059134735f,1.3060037449001964f,1.0000999999999998f,6.739713988325822e-10f,-1.2625888093294544e-8f,-0.000004393670113196004f,0f,0f,0f,1f], start_interpolation: 0, interpolation_duration: 1 }
$data merge entity $(bone_6) { transformation: [0.027936564404780727f,0.2675849997700715f,-0.9622058469342099f,-0.21777388045572632f,-0.21126906806049095f,0.9429456747591523f,0.2567305534958716f,0.32642719974811807f,0.9760050866927431f,0.19645373878934383f,0.08311427009887946f,-0.19894177891274467f,0f,0f,0f,1f], start_interpolation: 0, interpolation_duration: 1 }
$data merge entity $(bone_12) { transformation: [0.027936564404780727f,-0.3327058011379407f,-0.9416733371320918f,-0.33214149959689343f,-0.21126906806049095f,0.9196704731090161f,-0.3305500620733995f,0.6425639248793423f,0.9760050866927431f,0.2085978685907402f,-0.044598011141546566f,-0.1272362615846777f,0f,0f,0f,1f], start_interpolation: 0, interpolation_duration: 1 }
$data merge entity $(bone_10) { transformation: [-1.2592281925623084e-8f,-0.17619398513322393f,-0.9833711085848247f,-0.39376208270702917f,-9.9103405325901e-10f,0.9843554640488736f,-0.17601779114809069f,0.9915062159261059f,0.9989999999999999f,-1.2443989386570419e-9f,-1.2569895770185399e-8f,2.861972719557966e-9f,0f,0f,0f,1f], start_interpolation: 0, interpolation_duration: 1 }
$data merge entity $(bone_9) { transformation: [-1.260488681243552e-8f,0.3395892649050471f,-0.9405738307869562f,-0.2717221906317779f,-9.920260793383484e-10f,0.9405738307869562f,0.3395892649050471f,1.3295249363651682f,0.9999999999999999f,5.213558030897524e-9f,-1.1518945275037348e-8f,4.735595136911764e-9f,0f,0f,0f,1f], start_interpolation: 0, interpolation_duration: 1 }
$data merge entity $(item_display_item_display) { transformation: [1.3879563065351488f,0.5012085574596831f,-0.1031116779025465f,0.16441436479832522f,-0.003461488501589033f,0.44587887651574054f,0.9423837886728305f,1.28207854715162f,0.5259146193624596f,-1.3240101536690512f,0.2783276008723254f,0.329254032389221f,0f,0f,0f,1f], start_interpolation: 0, interpolation_duration: 1 }
$data merge entity $(bone_2) { transformation: [0.10311167790254665f,-0.9798236653350716f,-0.08821764205653954f,-0.18096509918819176f,-0.9423837886728303f,-0.12353292117083346f,0.27037759074329687f,1.1681593040267333f,-0.2783276008723251f,0.055273569884025264f,-0.9481478897632245f,0.5870185935365366f,0f,0f,0f,1f], start_interpolation: 0, interpolation_duration: 1 }
$data merge entity $(bone_1) { transformation: [0.10321489279534199f,-0.4180168977154462f,0.890560857406738f,-0.31909240241908426f,-0.9433271157886189f,0.21182107944306136f,0.20855755678643095f,1.242276284815201f,-0.27860620707940453f,-0.8720629011303772f,-0.3762258428952613f,0.28489555975487413f,0f,0f,0f,1f], start_interpolation: 0, interpolation_duration: 1 }
$data merge entity $(bone_4) { transformation: [-0.1491254098235457f,-0.8570837701333984f,0.47226110219050804f,-0.12871271469122092f,-0.7493794317044464f,-0.21456680259589328f,-0.622231185051209f,1.1289392703921f,0.6306676836536901f,-0.4498676851138224f,-0.6160504763723134f,-0.439886990437331f,0f,0f,0f,1f], start_interpolation: 0, interpolation_duration: 1 }
$data merge entity $(bone_3) { transformation: [-0.14927468450805376f,-0.8146579560170191f,-0.5421766800282415f,-0.38329332594653936f,-0.7501295612657122f,0.4528498783368161f,-0.4776374651519578f,1.270454857372355f,0.6312989826363264f,0.33871766658628366f,-0.6834979633404672f,-0.3340377196291173f,0f,0f,0f,1f], start_interpolation: 0, interpolation_duration: 1 }
$data merge entity $(bone_8) { transformation: [-0.08016784161455812f,0.4599673416064838f,-0.8835547954967715f,-0.22170515094804222f,0.17530300498356288f,0.8789483944501351f,0.44270149849208495f,0.37370684836750273f,0.9802259935075278f,-0.11956885362772285f,-0.15142765812573192f,0.19188108470040025f,0f,0f,0f,1f], start_interpolation: 0, interpolation_duration: 1 }
$data merge entity $(bone_7) { transformation: [-0.08016784161455812f,-0.21558264897059315f,-0.9725035493265304f,-0.3285826854427429f,0.17530300498356288f,0.9578765713772498f,-0.22584811462611742f,0.6638681972662073f,0.9802259935075278f,-0.1889308782986932f,-0.03914293842541362f,0.13125000335852618f,0f,0f,0f,1f], start_interpolation: 0, interpolation_duration: 1 }