# This file was generated by Animated Java via MC-Build. It is not recommended to edit this file directly.
$data merge entity $(bone_layer) { transformation: [-1.6784576916158613e-8f,-0.1575494730734881f,-0.9885237293733851f,-0.45682099512397706f,-1.7641300768093656e-9f,0.9885237293733854f,-0.1575494730734881f,1.3297819463609604f,1.0011000999999995f,-8.995272206652139e-10f,-1.685135219055373e-8f,-0.0000018478128399032162f,0f,0f,0f,1f], start_interpolation: 0, interpolation_duration: 1 }
$data merge entity $(bone_l_1) { transformation: [-1.2575856830288674e-8f,-0.11804406074437172f,-0.9875361931802049f,-0.23059576743233373f,-1.321775781825199e-9f,0.740652144885154f,-0.15739208099249563f,1.4888236063976221f,0.7500749999999996f,-6.739714440548557e-10f,-1.683451767288085e-8f,0.11918173738356513f,0f,0f,0f,1f], start_interpolation: 0, interpolation_duration: 1 }
$data merge entity $(bone_eye_l) { transformation: [-1.6767809107051565e-8f,-0.15739208099249563f,-0.9875361931802049f,-0.45682099512397706f,-1.7623677091002654e-9f,0.9875361931802052f,-0.15739208099249563f,1.3297819463609604f,1.0000999999999995f,-8.986285920731409e-10f,-1.683451767288085e-8f,-0.0000018478128399032162f,0f,0f,0f,1f], start_interpolation: 0, interpolation_duration: 1 }
$data merge entity $(bone_r_1) { transformation: [-1.2575856830288674e-8f,-0.11804406074437172f,-0.9875361931802049f,-0.2305957634358383f,-1.321775781825199e-9f,0.740652144885154f,-0.15739208099249563f,1.4888236068176706f,0.7500749999999996f,-6.739714440548557e-10f,-1.683451767288085e-8f,-0.11918542486287684f,0f,0f,0f,1f], start_interpolation: 0, interpolation_duration: 1 }
$data merge entity $(bone_eye_r) { transformation: [-1.6767809107051565e-8f,-0.15739208099249563f,-0.9875361931802049f,-0.23732608136623198f,-1.7623677091002654e-9f,0.9875361931802052f,-0.15739208099249563f,1.491342365344152f,1.0000999999999995f,-8.986285920731409e-10f,-1.683451767288085e-8f,-0.12501434384805865f,0f,0f,0f,1f], start_interpolation: 0, interpolation_duration: 1 }
$data merge entity $(bone_eyes_down) { transformation: [-1.6767809107051565e-8f,-0.15739208099249563f,-0.9875361931802049f,-0.4625904650259071f,-1.7623677091002654e-9f,0.9875361931802052f,-0.15739208099249563f,1.365981736767769f,1.0000999999999995f,-8.986285920731409e-10f,-1.683451767288085e-8f,-0.0000018478457806368432f,0f,0f,0f,1f], start_interpolation: 0, interpolation_duration: 1 }
$data merge entity $(bone_bone) { transformation: [-1.6767809107051565e-8f,-0.15739208099249563f,-0.9875361931802049f,-0.45682099512397706f,-1.7623677091002654e-9f,0.9875361931802052f,-0.15739208099249563f,1.3297819463609604f,1.0000999999999995f,-8.986285920731409e-10f,-1.683451767288085e-8f,-0.0000018478128399032162f,0f,0f,0f,1f], start_interpolation: 0, interpolation_duration: 1 }
$data merge entity $(bone_l) { transformation: [0.02440082898330519f,-0.11661684064080453f,-0.9875361931802049f,-0.2389985073819307f,-0.15309994153012613f,0.7316972250655883f,-0.15739208099249563f,1.591182693477418f,0.988008203513252f,0.1162858004322325f,-1.683451767288085e-8f,0.12501065629983893f,0f,0f,0f,1f], start_interpolation: 0, interpolation_duration: 1 }
$data merge entity $(bone_r) { transformation: [-0.024400862113458075f,-0.11661683674147823f,-0.9875361931802049f,-0.23899850318997845f,0.1530999380480068f,0.731697225475424f,-0.15739208099249563f,1.59118269391801f,0.9880082032346191f,-0.11628580176387796f,-1.683451767288085e-8f,-0.12501434370016096f,0f,0f,0f,1f], start_interpolation: 0, interpolation_duration: 1 }
$data merge entity $(bone_sad) { transformation: [-5.03034273211547e-8f,-0.10545269426497209f,-0.49376809659010246f,-0.22034450054252777f,-5.287103127300796e-9f,0.6616492494307376f,-0.07869604049624782f,1.4344307971352923f,3.0002999999999984f,-6.020811566890044e-10f,-8.417258836440424e-9f,0.14063721883636762f,0f,0f,0f,1f], start_interpolation: 0, interpolation_duration: 1 }
$data merge entity $(bone_head) { transformation: [-1.6767809107051565e-8f,-0.15739208099249563f,-0.9875361931802049f,-0.45682099512397706f,-1.7623677091002654e-9f,0.9875361931802052f,-0.15739208099249563f,1.3297819463609604f,1.0000999999999995f,-8.986285920731409e-10f,-1.683451767288085e-8f,-0.0000018478128399032162f,0f,0f,0f,1f], start_interpolation: 0, interpolation_duration: 1 }
$data merge entity $(bone_6) { transformation: [0.0037735455661804945f,0.5589582759378381f,-0.827981271805694f,-0.37127446850099755f,-0.21619024211796756f,0.809613346950193f,0.5456132164281527f,0.29642289503280383f,0.9753197114622641f,0.1772969918920229f,0.12414460304297141f,-0.2037102394787482f,0f,0f,0f,1f], start_interpolation: 0, interpolation_duration: 1 }
$data merge entity $(bone_12) { transformation: [0.0037735455661804945f,-0.017038732840986365f,-0.9988478474139835f,-0.3771315329150866f,-0.21619024211796756f,0.9761473125427953f,-0.017434956737721247f,0.6319735337193897f,0.9753197114622641f,0.21643961236024212f,-7.141509136832092e-8f,-0.12930912272991496f,0f,0f,0f,1f], start_interpolation: 0, interpolation_duration: 1 }
$data merge entity $(bone_10) { transformation: [-1.6749366361308383e-8f,-0.38834970047109896f,-0.9205905660543287f,-0.4885798882253443f,-1.760429298461319e-9f,0.9215120781324615f,-0.38796135077062793f,0.9838725280425875f,0.9989999999999997f,-4.887241781952547e-9f,-1.611840562649958e-8f,2.8969794979438316e-9f,0f,0f,0f,1f], start_interpolation: 0, interpolation_duration: 1 }
$data merge entity $(bone_9) { transformation: [-1.6766132493802184e-8f,0.12443533290618122f,-0.9922277197924513f,-0.44386094046218544f,-1.7621914899512703e-9f,0.9922277197924516f,0.12443533290618129f,1.3404543648429998f,0.9999999999999997f,3.834794545725486e-9f,-1.6416542553689652e-8f,4.275108787813928e-9f,0f,0f,0f,1f], start_interpolation: 0, interpolation_duration: 1 }
$data merge entity $(item_display_item_display) { transformation: [1.323640616665655f,0.5193945807904823f,-0.282299190749519f,-0.019831064576322555f,0.015263916228816565f,0.9137080821758038f,0.7785446300731764f,1.3578862031500845f,0.6713891631437199f,-1.0480399265412523f,0.538851466145327f,0.39289945506232354f,0f,0f,0f,1f], start_interpolation: 0, interpolation_duration: 1 }
$data merge entity $(bone_2) { transformation: [0.2822991907495191f,-0.9460876220088593f,-0.05910889564638422f,-0.3598366989180487f,-0.7785446300731763f,-0.26665568504427856f,0.5477666268068506f,1.1209486645567674f,-0.5388514661453266f,-0.1103762764663058f,-0.8223920450859982f,0.5571063626589584f,0f,0f,0f,1f], start_interpolation: 0, interpolation_duration: 1 }
$data merge entity $(bone_1) { transformation: [0.28258177252204114f,-0.37912521713982283f,0.8688151240578145f,-0.48473089778450146f,-0.7793239540272036f,0.4235306415057375f,0.4379215997362171f,1.269274332572716f,-0.5393908570023289f,-0.810546646057104f,-0.17755487262499015f,0.2773712351229227f,0f,0f,0f,1f], start_interpolation: 0, interpolation_duration: 1 }
$data merge entity $(bone_4) { transformation: [-0.02978289023798302f,-0.988231806888006f,0.03788800785064439f,-0.3451000094504823f,-0.6666491559109844f,-0.010021454333013158f,-0.7423413333259044f,1.0928100916790116f,0.7307246275483729f,-0.047840811532622485f,-0.6659863614794099f,-0.4799111062208492f,0f,0f,0f,1f], start_interpolation: 0, interpolation_duration: 1 }
$data merge entity $(bone_3) { transformation: [-0.029812702940923946f,-0.4899217397963517f,-0.8590775833176766f,-0.4982005531368422f,-0.6673164723833678f,0.6538374119351754f,-0.3516642197678659f,1.297134282908754f,0.7314560836320049f,0.5686466889999567f,-0.3499535969440373f,-0.30220901590836274f,0f,0f,0f,1f], start_interpolation: 0, interpolation_duration: 1 }
$data merge entity $(bone_8) { transformation: [-0.07092204760747f,0.17589607457348055f,-0.9814734008943626f,-0.17014966390978226f,0.15819197441455202f,0.973040148140562f,0.16390749401196747f,0.4153055044501365f,0.9838426638071827f,-0.14377199749981567f,-0.09709956643308285f,0.18443936140887957f,0f,0f,0f,1f], start_interpolation: 0, interpolation_duration: 1 }
$data merge entity $(bone_7) { transformation: [-0.07092204760747f,-0.4961347308383497f,-0.8649160621525442f,-0.3603289823217136f,0.15819197441455202f,0.850749704700408f,-0.4998977259788831f,0.6608564420511218f,0.9838426638071827f,-0.17255013796997004f,0.01803227531744045f,0.13125000447803495f,0f,0f,0f,1f], start_interpolation: 0, interpolation_duration: 1 }