# This file was generated by Animated Java via MC-Build. It is not recommended to edit this file directly.
$data merge entity $(bone_layer) { transformation: [-2.0915806788685954e-8f,-0.2590778641476232f,-0.9668917521153567f,-0.5924550456166405f,-2.7536181388233226e-9f,0.9668917521153572f,-0.2590778641476232f,1.3404992750723301f,1.0011000999999993f,-2.7533428981599955e-9f,-2.0913715413426044e-8f,3.29267269816822e-9f,0f,0f,0f,1f], start_interpolation: 0, interpolation_duration: 1 }
$data merge entity $(bone_l_1) { transformation: [-1.567118390760686e-8f,-0.1941142838268905f,-0.9659258262890678f,-0.38321761230044193f,-2.063150453663828e-9f,0.7244443697168012f,-0.2588190451025207f,1.5195033231265525f,0.7500749999999995f,-2.062944229390606e-9f,-2.0892822590835213e-8f,0.12188719565660039f,0f,0f,0f,1f], start_interpolation: 0, interpolation_duration: 1 }
$data merge entity $(bone_eye_l) { transformation: [-2.0894911876809147e-8f,-0.2588190451025207f,-0.9659258262890678f,-0.5924550456166405f,-2.750867271551771e-9f,0.9659258262890682f,-0.2588190451025207f,1.3404992750723301f,1.0000999999999993f,-2.7505923058541417e-9f,-2.0892822590835213e-8f,3.29267269816822e-9f,0f,0f,0f,1f], start_interpolation: 0, interpolation_duration: 1 }
$data merge entity $(bone_r_1) { transformation: [-1.567118390760686e-8f,-0.1941142838268905f,-0.9659258262890678f,-0.3832176072073072f,-2.063150453663828e-9f,0.7244443697168012f,-0.2588190451025207f,1.5195033237970765f,0.7500749999999995f,-2.062944229390606e-9f,-2.0892822590835213e-8f,-0.12188717934339945f,0f,0f,0f,1f], start_interpolation: 0, interpolation_duration: 1 }
$data merge entity $(bone_eye_r) { transformation: [-2.0894911876809147e-8f,-0.2588190451025207f,-0.9659258262890678f,-0.390872262588208f,-2.750867271551771e-9f,0.9659258262890682f,-0.2588190451025207f,1.523922741188089f,1.0000999999999993f,-2.7505923058541417e-9f,-2.0892822590835213e-8f,-0.1250124919911708f,0f,0f,0f,1f], start_interpolation: 0, interpolation_duration: 1 }
$data merge entity $(bone_eyes_down) { transformation: [-2.0894911876809147e-8f,-0.2588190451025207f,-0.9659258262890678f,-0.6005431407760943f,-2.750867271551771e-9f,0.9659258262890682f,-0.2588190451025207f,1.3706844571438634f,1.0000999999999993f,-2.7505923058541417e-9f,-2.0892822590835213e-8f,3.206716688610278e-9f,0f,0f,0f,1f], start_interpolation: 0, interpolation_duration: 1 }
$data merge entity $(bone_bone) { transformation: [-2.0894911876809147e-8f,-0.2588190451025207f,-0.9659258262890678f,-0.5924550456166405f,-2.750867271551771e-9f,0.9659258262890682f,-0.2588190451025207f,1.3404992750723301f,1.0000999999999993f,-2.7505923058541417e-9f,-2.0892822590835213e-8f,3.29267269816822e-9f,0f,0f,0f,1f], start_interpolation: 0, interpolation_duration: 1 }
$data merge entity $(bone_l) { transformation: [0.044943434950076556f,-0.19116525440440657f,-0.9659258262890678f,-0.4035752451479708f,-0.167731262205596f,0.7134384315648858f,-0.2588190451025207f,1.6256642250546096f,0.9849062342651439f,0.1302491548319192f,-2.0892822590835213e-8f,0.12501250802327732f,0f,0f,0f,1f], start_interpolation: 0, interpolation_duration: 1 }
$data merge entity $(bone_r) { transformation: [-0.04494347610501898f,-0.1911652489618615f,-0.9659258262890678f,-0.4035752399242428f,0.1677312567874452f,0.7134384322814105f,-0.2588190451025207f,1.6256642257423266f,0.9849062333098731f,-0.13024915889512614f,-2.0892822590835213e-8f,-0.1250124919767225f,0f,0f,0f,1f], start_interpolation: 0, interpolation_duration: 1 }
$data merge entity $(bone_sad) { transformation: [-6.268473563042745e-8f,-0.17340876021868887f,-0.4829629131445339f,-0.36472335375379195f,-8.252601814655313e-9f,0.6471703036136758f,-0.12940952255126034f,1.4565188454827263f,3.000299999999998f,-1.842896844922275e-9f,-1.0446411295417606e-8f,0.14063907086975302f,0f,0f,0f,1f], start_interpolation: 0, interpolation_duration: 1 }
$data merge entity $(bone_head) { transformation: [-2.0894911876809147e-8f,-0.2588190451025207f,-0.9659258262890678f,-0.5924550456166405f,-2.750867271551771e-9f,0.9659258262890682f,-0.2588190451025207f,1.3404992750723301f,1.0000999999999993f,-2.7505923058541417e-9f,-2.0892822590835213e-8f,3.29267269816822e-9f,0f,0f,0f,1f], start_interpolation: 0, interpolation_duration: 1 }
$data merge entity $(bone_6) { transformation: [-0.02054649539671583f,0.7924884622548295f,-0.6080471011955152f,-0.5038871124208248f,-0.21211531141657022f,0.5917721717406277f,0.7775251830159432f,0.2920724592858584f,0.9760050902477729f,0.14529309370926827f,0.15617926677539704f,-0.2043267264447965f,0f,0f,0f,1f], start_interpolation: 0, interpolation_duration: 1 }
$data merge entity $(bone_12) { transformation: [-0.02054649539671583f,0.30040705449417565f,-0.9526357339977474f,-0.40062218743845196f,-0.21211531141657022f,0.9307215078821511f,0.29748476975497395f,0.6120079776203479f,0.9760050902477729f,0.2085978820019707f,0.04459787073844163f,-0.13262120450661904f,0f,0f,0f,1f], start_interpolation: 0, interpolation_duration: 1 }
$data merge entity $(bone_10) { transformation: [-2.0871929771955143e-8f,-0.5372996083468236f,-0.8425480543670724f,-0.5674845327068435f,-2.7478416201182075e-9f,0.8433914458128857f,-0.5367623087384769f,0.9826900034934132f,0.9989999999999994f,-8.905879427768786e-9f,-1.9079621275417446e-8f,2.83018978640862e-9f,0f,0f,0f,1f], start_interpolation: 0, interpolation_duration: 1 }
$data merge entity $(bone_9) { transformation: [-2.0892822594549694e-8f,-0.04361938736533602f,-0.9990482215818572f,-0.5831602500412612f,-2.750592212330538e-9f,0.9990482215818577f,-0.043619387365335924f,1.3417229581243932f,0.9999999999999994f,1.8366421702174384e-9f,-2.0992916409677746e-8f,3.490233066330512e-9f,0f,0f,0f,1f], start_interpolation: 0, interpolation_duration: 1 }
$data merge entity $(item_display_item_display) { transformation: [1.2579925636103304f,0.5057529073939565f,-0.4012897563945156f,-0.1771766265239358f,-0.042022592972626616f,1.1775420309085847f,0.6008531586375208f,1.3722968409996839f,0.7865810124796202f,-0.7487520549011837f,0.673889820259013f,0.4538689451342076f,0f,0f,0f,1f], start_interpolation: 0, interpolation_duration: 1 }
$data merge entity $(bone_2) { transformation: [0.40128975639451564f,-0.9025792473515861f,-0.04885522148543725f,-0.5034300389094213f,-0.6008531586375208f,-0.3063769086577572f,0.72331668491422f,1.0765763290244699f,-0.6738898202590128f,-0.2642988032188913f,-0.6740155454193417f,0.5232607802819588f,0f,0f,0f,1f], start_interpolation: 0, interpolation_duration: 1 }
$data merge entity $(bone_1) { transformation: [0.401691447842358f,-0.3546091746586904f,0.831437588556128f,-0.6201304577698703f,-0.6014546132507715f,0.574908277094417f,0.5352889964891019f,1.2775466055037326f,-0.6745643846436564f,-0.7237629488832726f,0.017832741619286885f,0.27457872123845434f,0f,0f,0f,1f], start_interpolation: 0, interpolation_duration: 1 }
$data merge entity $(bone_4) { transformation: [0.05753362804724983f,-0.9461432699900338f,-0.28267078437893356f,-0.5380742847121649f,-0.5892369474802109f,0.19591148175822795f,-0.7814650601690245f,1.0667295905201315f,0.7920780976509612f,0.21329281122832894f,-0.5538639725656339f,-0.4633643065296843f,0f,0f,0f,1f], start_interpolation: 0, interpolation_duration: 1 }
$data merge entity $(bone_3) { transformation: [0.05759121926651635f,-0.18614829487245912f,-0.969762172908859f,-0.5962456268598084f,-0.5898267742544654f,0.783629829138878f,-0.18706480116113366f,1.3116139121260308f,0.7928709686195807f,0.5897710035705255f,-0.06655288705446313f,-0.2790608679138951f,0f,0f,0f,1f], start_interpolation: 0, interpolation_duration: 1 }
$data merge entity $(bone_8) { transformation: [-0.05728633382452176f,-0.12415662106426373f,-0.9904868538383937f,-0.1359752419612038f,0.14605752819007514f,0.9797062696502685f,-0.13062564503241952f,0.4790224886693455f,0.9866035166920774f,-0.15224225715192774f,-0.03816755547722875f,0.17257412615678558f,0f,0f,0f,1f], start_interpolation: 0, interpolation_duration: 1 }
$data merge entity $(bone_7) { transformation: [-0.05728633382452176f,-0.7317821668474296f,-0.6789506126846454f,-0.3922395377413393f,0.14605752819007514f,0.66653399762026f,-0.7298081007693293f,0.6576659088319228f,0.9866035166920774f,-0.14115796685191098f,0.06862139278720467f,0.1312500055975436f,0f,0f,0f,1f], start_interpolation: 0, interpolation_duration: 1 }