# This file was generated by Animated Java via MC-Build. It is not recommended to edit this file directly.
$data merge entity $(bone_layer) { transformation: [-3.4488827950401883e-16f,0.1306567184122716f,-0.9924363062351841f,0.4460778356481481f,0f,0.9924363062351841f,0.1306567184122716f,1.2970894458912037f,1.0011001f,4.5012452619722467e-17f,-3.4190352211010293e-16f,-0.000006249999999848227f,0f,0f,0f,1f], start_interpolation: 0, interpolation_duration: 1 }
$data merge entity $(bone_l_1) { transformation: [-2.5840780182618794e-16f,0.09789464416503868f,-0.9914448613738104f,0.7087056924232106f,0f,0.7435836460303578f,0.13052619222005157f,1.388592452683261f,0.750075f,3.372561385094091e-17f,-3.41561960149953e-16f,0.11563031250000023f,0f,0f,0f,1f], start_interpolation: 0, interpolation_duration: 1 }
$data merge entity $(bone_eye_l) { transformation: [-3.445437357682506e-16f,0.13052619222005157f,-0.9914448613738104f,0.4460778356481481f,0f,0.9914448613738104f,0.13052619222005157f,1.2970894458912037f,1.0001f,4.496748513458788e-17f,-3.41561960149953e-16f,-0.000006249999999848227f,0f,0f,0f,1f], start_interpolation: 0, interpolation_duration: 1 }
$data merge entity $(bone_r_1) { transformation: [-2.5840780182618794e-16f,0.09789464416503868f,-0.9914448613738104f,0.7087056924232107f,0f,0.7435836460303578f,0.13052619222005157f,1.388592452683261f,0.750075f,3.372561385094091e-17f,-3.41561960149953e-16f,-0.11564281249999976f,0f,0f,0f,1f], start_interpolation: 0, interpolation_duration: 1 }
$data merge entity $(bone_eye_r) { transformation: [-3.445437357682506e-16f,0.13052619222005157f,-0.9914448613738104f,0.7025091620396243f,0f,0.9914448613738104f,0.13052619222005157f,1.3894082413846363f,1.0001f,4.496748513458788e-17f,-3.41561960149953e-16f,-0.12501874999999976f,0f,0f,0f,1f], start_interpolation: 0, interpolation_duration: 1 }
$data merge entity $(bone_eyes_down) { transformation: [-3.445437357682506e-16f,0.13052619222005157f,-0.9914448613738104f,0.4501567791550247f,0f,0.9914448613738104f,0.13052619222005157f,1.3280720978091352f,1.0001f,4.496748513458788e-17f,-3.41561960149953e-16f,-0.000006249999999846822f,0f,0f,0f,1f], start_interpolation: 0, interpolation_duration: 1 }
$data merge entity $(bone_bone) { transformation: [-3.445437357682506e-16f,0.13052619222005157f,-0.9914448613738104f,0.4460778356481481f,0f,0.9914448613738104f,0.13052619222005157f,1.2970894458912037f,1.0001f,4.496748513458788e-17f,-3.41561960149953e-16f,-0.000006249999999848227f,0f,0f,0f,1f], start_interpolation: 0, interpolation_duration: 1 }
$data merge entity $(bone_l) { transformation: [-0.00569347253976908f,0.09780147015547067f,-0.9914448613738104f,0.7293000274493547f,-0.04324621745963609f,0.7428759191639825f,0.13052619222005157f,1.4851680703480263f,0.999148126404016f,0.032717811978054435f,-3.41561960149953e-16f,0.12500625000000024f,0f,0f,0f,1f], start_interpolation: 0, interpolation_duration: 1 }
$data merge entity $(bone_r) { transformation: [0.005693472539768391f,0.0978014701554707f,-0.9914448613738104f,0.7293000274493548f,0.04324621745963609f,0.7428759191639825f,0.13052619222005157f,1.4851680703480263f,0.999148126404016f,-0.032717811978054366f,-3.41561960149953e-16f,-0.12501874999999976f,0f,0f,0f,1f], start_interpolation: 0, interpolation_duration: 1 }
$data merge entity $(bone_sad) { transformation: [-1.0336312073047518e-15f,0.08745254878743455f,-0.4957224306869052f,0.70167544717631f,0f,0.664268057120453f,0.06526309611002579f,1.3232216609738676f,3.0003f,3.0128215040173885e-17f,-1.707809800749765e-16f,0.14063281250000023f,0f,0f,0f,1f], start_interpolation: 0, interpolation_duration: 1 }
$data merge entity $(bone_head) { transformation: [-3.445437357682506e-16f,0.13052619222005157f,-0.9914448613738104f,0.4460778356481481f,0f,0.9914448613738104f,0.13052619222005157f,1.2970894458912037f,1.0001f,4.496748513458788e-17f,-3.41561960149953e-16f,-0.000006249999999848227f,0f,0f,0f,1f], start_interpolation: 0, interpolation_duration: 1 }
$data merge entity $(bone_6) { transformation: [-0.026376163926728226f,0.42006943538368435f,-0.9060384071800575f,-0.019586988628274134f,-0.21441174628477264f,0.8838086801819665f,0.4156416417399502f,0.4484192505469865f,0.975362958611626f,0.20564527391244822f,0.06686806394132241f,-0.18077759012340608f,0f,0f,0f,1f], start_interpolation: 0, interpolation_duration: 1 }
$data merge entity $(bone_12) { transformation: [-0.026376163926728226f,0.17125592109921636f,-0.9838878672477885f,0.039282234249581494f,-0.21441174628477264f,0.9612696025061948f,0.17273247757979063f,0.778855676408491f,0.975362958611626f,0.2159448095834707f,0.011364676491005934f,-0.10654656182908802f,0f,0f,0f,1f], start_interpolation: 0, interpolation_duration: 1 }
$data merge entity $(bone_10) { transformation: [-3.441647755549269e-16f,0.5465417029188866f,-0.8365944560710102f,0.24309600406503287f,0f,0.8374318879589693f,0.5459951612159677f,1.050536538694098f,0.999f,1.8828869120769382e-16f,-2.882145577619373e-16f,8.184416838024457e-17f,0f,0f,0f,1f], start_interpolation: 0, interpolation_duration: 1 }
$data merge entity $(bone_9) { transformation: [-3.4450928483976665e-16f,0.651172758464355f,-0.7589295346960236f,0.47711121413816043f,0f,0.7589295346960236f,0.651172758464355f,1.3232768402254815f,1f,2.2433506132569304e-16f,-2.6145827124190395e-16f,1.624645810441655e-16f,0f,0f,0f,1f], start_interpolation: 0, interpolation_duration: 1 }
$data merge entity $(item_display_item_display) { transformation: [-0.4580716232123856f,0.7813587473316148f,-0.39735735230205316f,0.42673562850488317f,-0.8022363300665445f,-0.19081246110710942f,0.5466591333376314f,0.8344337768494865f,0.3559315365754101f,0.5755083776580648f,0.7207332399651291f,0.7130433368090932f,0f,0f,0f,1f], start_interpolation: 0, interpolation_duration: 1 }
$data merge entity $(bone_2) { transformation: [0.3973573523020528f,0.08493740354472579f,0.9017409503306038f,0.23315191725150441f,-0.5466591333376314f,0.8077138636145647f,0.16610490395295996f,1.0958002497167083f,-0.720733239965129f,-0.5658038734332755f,0.37116455689013717f,0.40807574504908045f,0f,0f,0f,1f], start_interpolation: 0, interpolation_duration: 1 }
$data merge entity $(bone_1) { transformation: [0.3977551074094623f,0.45807162321238554f,0.7813587473316149f,0.39549752990158454f,-0.5472063396773087f,0.8022363300665444f,-0.19081246110710928f,1.3703764102951634f,-0.7214546946597887f,-0.3559315365754101f,0.5755083776580646f,0.28932120671164613f,0f,0f,0f,1f], start_interpolation: 0, interpolation_duration: 1 }
$data merge entity $(bone_4) { transformation: [-0.17261106515335756f,-0.9263396287438854f,-0.30271224757139203f,0.5276396728545419f,-0.45998591414926504f,0.3499647828230633f,-0.8145790444753733f,1.0729892487385773f,0.8613674283057349f,-0.0015764357226951964f,-0.4849643731999299f,-0.4527942602840067f,0f,0f,0f,1f], start_interpolation: 0, interpolation_duration: 1 }
$data merge entity $(bone_3) { transformation: [-0.1727838490023599f,-0.7116170950949807f,-0.6658385108865845f,0.30525933063736044f,-0.46044636050977483f,0.6614317876877145f,-0.5903578229777601f,1.279686682390988f,0.8622296579636985f,0.2035260644366808f,-0.44019321839131587f,-0.38919236514754396f,0f,0f,0f,1f], start_interpolation: 0, interpolation_duration: 1 }
$data merge entity $(bone_8) { transformation: [-0.05083961370005982f,0.2648867034353359f,-0.9619689487983348f,0.20650274989454492f,0.11734566695142094f,0.9588179953417966f,0.25833084357375163f,0.47016631522733376f,0.9907806784852936f,-0.09996191333165316f,-0.07995369977712571f,0.17111803464012743f,0f,0f,0f,1f], start_interpolation: 0, interpolation_duration: 1 }
$data merge entity $(bone_7) { transformation: [-0.05083961370005982f,-0.4154267339680108f,-0.9071768586189158f,0.039827835648148104f,0.11734566695142094f,0.9005490627431405f,-0.41842342014428235f,0.7345894458912037f,0.9907806784852936f,-0.1279685157965876f,0.0030061919090761113f,0.13125f,0f,0f,0f,1f], start_interpolation: 0, interpolation_duration: 1 }