# This file was generated by Animated Java via MC-Build. It is not recommended to edit this file directly.
$data merge entity $(bone_layer) { transformation: [-3.4488827950401883e-16f,0.1306567184122716f,-0.9924363062351841f,0.4537962962962963f,0f,0.9924363062351841f,0.1306567184122716f,1.2972824074074074f,1.0011001f,4.5012452619722467e-17f,-3.4190352211010293e-16f,-0.000006249999999847282f,0f,0f,0f,1f], start_interpolation: 0, interpolation_duration: 1 }
$data merge entity $(bone_l_1) { transformation: [-2.5840780182618794e-16f,0.09789464416503868f,-0.9914448613738104f,0.7164241530713588f,0f,0.7435836460303578f,0.13052619222005157f,1.3887854141994647f,0.750075f,3.372561385094091e-17f,-3.41561960149953e-16f,0.11563031250000023f,0f,0f,0f,1f], start_interpolation: 0, interpolation_duration: 1 }
$data merge entity $(bone_eye_l) { transformation: [-3.445437357682506e-16f,0.13052619222005157f,-0.9914448613738104f,0.4537962962962963f,0f,0.9914448613738104f,0.13052619222005157f,1.2972824074074074f,1.0001f,4.496748513458788e-17f,-3.41561960149953e-16f,-0.000006249999999847282f,0f,0f,0f,1f], start_interpolation: 0, interpolation_duration: 1 }
$data merge entity $(bone_r_1) { transformation: [-2.5840780182618794e-16f,0.09789464416503868f,-0.9914448613738104f,0.7164241530713589f,0f,0.7435836460303578f,0.13052619222005157f,1.3887854141994647f,0.750075f,3.372561385094091e-17f,-3.41561960149953e-16f,-0.11564281249999976f,0f,0f,0f,1f], start_interpolation: 0, interpolation_duration: 1 }
$data merge entity $(bone_eye_r) { transformation: [-3.445437357682506e-16f,0.13052619222005157f,-0.9914448613738104f,0.7102276226877725f,0f,0.9914448613738104f,0.13052619222005157f,1.38960120290084f,1.0001f,4.496748513458788e-17f,-3.41561960149953e-16f,-0.12501874999999976f,0f,0f,0f,1f], start_interpolation: 0, interpolation_duration: 1 }
$data merge entity $(bone_eyes_down) { transformation: [-3.445437357682506e-16f,0.13052619222005157f,-0.9914448613738104f,0.4578752398031729f,0f,0.9914448613738104f,0.13052619222005157f,1.328265059325339f,1.0001f,4.496748513458788e-17f,-3.41561960149953e-16f,-0.000006249999999845877f,0f,0f,0f,1f], start_interpolation: 0, interpolation_duration: 1 }
$data merge entity $(bone_bone) { transformation: [-3.445437357682506e-16f,0.13052619222005157f,-0.9914448613738104f,0.4537962962962963f,0f,0.9914448613738104f,0.13052619222005157f,1.2972824074074074f,1.0001f,4.496748513458788e-17f,-3.41561960149953e-16f,-0.000006249999999847282f,0f,0f,0f,1f], start_interpolation: 0, interpolation_duration: 1 }
$data merge entity $(bone_l) { transformation: [-0.00569347253976908f,0.09780147015547067f,-0.9914448613738104f,0.7370184880975029f,-0.04324621745963609f,0.7428759191639825f,0.13052619222005157f,1.48536103186423f,0.999148126404016f,0.032717811978054435f,-3.41561960149953e-16f,0.12500625000000024f,0f,0f,0f,1f], start_interpolation: 0, interpolation_duration: 1 }
$data merge entity $(bone_r) { transformation: [0.005693472539768391f,0.0978014701554707f,-0.9914448613738104f,0.737018488097503f,0.04324621745963609f,0.7428759191639825f,0.13052619222005157f,1.48536103186423f,0.999148126404016f,-0.032717811978054366f,-3.41561960149953e-16f,-0.12501874999999976f,0f,0f,0f,1f], start_interpolation: 0, interpolation_duration: 1 }
$data merge entity $(bone_sad) { transformation: [-1.0336312073047518e-15f,0.08745254878743455f,-0.4957224306869052f,0.7093259254326769f,0f,0.664268057120453f,0.06526309611002579f,1.322898244958106f,3.0003f,3.0128215040173885e-17f,-1.707809800749765e-16f,0.14063281250000023f,0f,0f,0f,1f], start_interpolation: 0, interpolation_duration: 1 }
$data merge entity $(bone_head) { transformation: [-3.445437357682506e-16f,0.13052619222005157f,-0.9914448613738104f,0.4537962962962963f,0f,0.9914448613738104f,0.13052619222005157f,1.2972824074074074f,1.0001f,4.496748513458788e-17f,-3.41561960149953e-16f,-0.000006249999999847282f,0f,0f,0f,1f], start_interpolation: 0, interpolation_duration: 1 }
$data merge entity $(bone_6) { transformation: [-0.026376163926728226f,0.42006943538368435f,-0.9060384071800575f,-0.011868527980125977f,-0.21441174628477264f,0.8838086801819665f,0.4156416417399502f,0.44861221206319024f,0.975362958611626f,0.20564527391244822f,0.06686806394132241f,-0.18077759012340608f,0f,0f,0f,1f], start_interpolation: 0, interpolation_duration: 1 }
$data merge entity $(bone_12) { transformation: [-0.026376163926728226f,0.17125592109921636f,-0.9838878672477885f,0.04700069489772965f,-0.21441174628477264f,0.9612696025061948f,0.17273247757979063f,0.7790486379246947f,0.975362958611626f,0.2159448095834707f,0.011364676491005934f,-0.10654656182908802f,0f,0f,0f,1f], start_interpolation: 0, interpolation_duration: 1 }
$data merge entity $(bone_10) { transformation: [-3.441647755549269e-16f,0.5480262025513895f,-0.8356247042911972f,0.2513041968249954f,0f,0.8364611654566538f,0.547478176348838f,1.0503284545060323f,0.999f,1.8880011511443232e-16f,-2.878804692698018e-16f,8.295812445255872e-17f,0f,0f,0f,1f], start_interpolation: 0, interpolation_duration: 1 }
$data merge entity $(bone_9) { transformation: [-3.4450928483976665e-16f,0.6525178532847816f,-0.7577733507749005f,0.4858028003492138f,0f,0.7577733507749005f,0.6525178532847816f,1.3226532524407622f,1f,2.2479845898031993e-16f,-2.610599551460946e-16f,1.637450706486112e-16f,0f,0f,0f,1f], start_interpolation: 0, interpolation_duration: 1 }
$data merge entity $(item_display_item_display) { transformation: [-0.4580716232123856f,0.7813587473316148f,-0.39735735230205316f,0.43445408915303135f,-0.8022363300665445f,-0.19081246110710942f,0.5466591333376314f,0.8346267383656902f,0.3559315365754101f,0.5755083776580648f,0.7207332399651291f,0.7130433368090932f,0f,0f,0f,1f], start_interpolation: 0, interpolation_duration: 1 }
$data merge entity $(bone_2) { transformation: [0.3973573523020528f,0.08493740354472579f,0.9017409503306038f,0.2408703778996526f,-0.5466591333376314f,0.8077138636145647f,0.16610490395295996f,1.095993211232912f,-0.720733239965129f,-0.5658038734332755f,0.37116455689013717f,0.40807574504908045f,0f,0f,0f,1f], start_interpolation: 0, interpolation_duration: 1 }
$data merge entity $(bone_1) { transformation: [0.3977551074094623f,0.45807162321238554f,0.7813587473316149f,0.40321599054973273f,-0.5472063396773087f,0.8022363300665444f,-0.19081246110710928f,1.3705693718113672f,-0.7214546946597887f,-0.3559315365754101f,0.5755083776580646f,0.28932120671164613f,0f,0f,0f,1f], start_interpolation: 0, interpolation_duration: 1 }
$data merge entity $(bone_4) { transformation: [-0.17261106515335756f,-0.9263396287438854f,-0.30271224757139203f,0.53535813350269f,-0.45998591414926504f,0.3499647828230633f,-0.8145790444753733f,1.073182210254781f,0.8613674283057349f,-0.0015764357226951964f,-0.4849643731999299f,-0.4527942602840067f,0f,0f,0f,1f], start_interpolation: 0, interpolation_duration: 1 }
$data merge entity $(bone_3) { transformation: [-0.1727838490023599f,-0.7116170950949807f,-0.6658385108865845f,0.31297779128550857f,-0.46044636050977483f,0.6614317876877145f,-0.5903578229777601f,1.2798796439071918f,0.8622296579636985f,0.2035260644366808f,-0.44019321839131587f,-0.38919236514754396f,0f,0f,0f,1f], start_interpolation: 0, interpolation_duration: 1 }
$data merge entity $(bone_8) { transformation: [-0.05083961370005982f,0.2648867034353359f,-0.9619689487983348f,0.21422121054269308f,0.11734566695142094f,0.9588179953417966f,0.25833084357375163f,0.4703592767435375f,0.9907806784852936f,-0.09996191333165316f,-0.07995369977712571f,0.17111803464012743f,0f,0f,0f,1f], start_interpolation: 0, interpolation_duration: 1 }
$data merge entity $(bone_7) { transformation: [-0.05083961370005982f,-0.4154267339680108f,-0.9071768586189158f,0.04754629629629625f,0.11734566695142094f,0.9005490627431405f,-0.41842342014428235f,0.7347824074074074f,0.9907806784852936f,-0.1279685157965876f,0.0030061919090761113f,0.13125f,0f,0f,0f,1f], start_interpolation: 0, interpolation_duration: 1 }