# This file was generated by Animated Java via MC-Build. It is not recommended to edit this file directly.
$data merge entity $(bone_layer) { transformation: [-3.4488827950401883e-16f,0.13065671841227164f,-0.9924363062351843f,0.3405000000000001f,0f,0.9924363062351843f,0.13065671841227164f,1.2945f,1.0011001f,4.501245261972247e-17f,-3.4190352211010303e-16f,-0.000006249999999861157f,0f,0f,0f,1f], start_interpolation: 0, interpolation_duration: 1 }
$data merge entity $(bone_l_1) { transformation: [-2.5840780182618794e-16f,0.09789464416503871f,-0.9914448613738108f,0.603410141703068f,0f,0.743583646030358f,0.13052619222005163f,1.388147173694915f,0.750075f,3.372561385094092e-17f,-3.415619601499532e-16f,0.11346742739857707f,0f,0f,0f,1f], start_interpolation: 0, interpolation_duration: 1 }
$data merge entity $(bone_eye_l) { transformation: [-3.445437357682506e-16f,0.1305261922200516f,-0.9914448613738106f,0.3405000000000001f,0f,0.9914448613738106f,0.1305261922200516f,1.2945f,1.0001f,4.496748513458789e-17f,-3.415619601499531e-16f,-0.000006249999999861157f,0f,0f,0f,1f], start_interpolation: 0, interpolation_duration: 1 }
$data merge entity $(bone_r_1) { transformation: [-2.5840780182618794e-16f,0.09789464416503871f,-0.9914448613738108f,0.6034101417030682f,0f,0.743583646030358f,0.13052619222005163f,1.388147173694915f,0.750075f,3.372561385094092e-17f,-3.415619601499532e-16f,-0.11347992739857662f,0f,0f,0f,1f], start_interpolation: 0, interpolation_duration: 1 }
$data merge entity $(bone_eye_r) { transformation: [-3.445437357682506e-16f,0.1305261922200516f,-0.9914448613738106f,0.5969313263914764f,0f,0.9914448613738106f,0.1305261922200516f,1.3868187954934326f,1.0001f,4.496748513458789e-17f,-3.415619601499531e-16f,-0.1250187499999998f,0f,0f,0f,1f], start_interpolation: 0, interpolation_duration: 1 }
$data merge entity $(bone_eyes_down) { transformation: [-3.445437357682506e-16f,0.1305261922200516f,-0.9914448613738106f,0.34528465582689033f,0f,0.9914448613738106f,0.1305261922200516f,1.3308430691750757f,1.0001f,4.496748513458789e-17f,-3.415619601499531e-16f,-0.000006249999999859509f,0f,0f,0f,1f], start_interpolation: 0, interpolation_duration: 1 }
$data merge entity $(bone_bone) { transformation: [-3.445437357682506e-16f,0.1305261922200516f,-0.9914448613738106f,0.3405000000000001f,0f,0.9914448613738106f,0.1305261922200516f,1.2945f,1.0001f,4.496748513458789e-17f,-3.415619601499531e-16f,-0.000006249999999861157f,0f,0f,0f,1f], start_interpolation: 0, interpolation_duration: 1 }
$data merge entity $(bone_l) { transformation: [-0.004708897216916474f,0.09783091864353179f,-0.9914448613738108f,0.6234046212572006f,-0.03576762540179071f,0.7430996026382863f,0.13052619222005163f,1.4801664366911076f,0.9994489746594146f,0.027059902843283704f,-3.415619601499532e-16f,0.1250062500000002f,0f,0f,0f,1f], start_interpolation: 0, interpolation_duration: 1 }
$data merge entity $(bone_r) { transformation: [0.004708897216915785f,0.09783091864353181f,-0.9914448613738108f,0.6234046212572006f,0.03576762540179071f,0.7430996026382863f,0.13052619222005163f,1.4801664366911076f,0.9994489746594146f,-0.027059902843283634f,-3.415619601499532e-16f,-0.1250187499999998f,0f,0f,0f,1f], start_interpolation: 0, interpolation_duration: 1 }
$data merge entity $(bone_sad) { transformation: [-1.0336312073047518e-15f,0.08745254878743458f,-0.4957224306869053f,0.5973348910585812f,0f,0.6642680571204531f,0.0652630961100258f,1.3300302861644366f,3.0003f,3.0128215040173885e-17f,-1.7078098007497655e-16f,0.1406328125000002f,0f,0f,0f,1f], start_interpolation: 0, interpolation_duration: 1 }
$data merge entity $(bone_head) { transformation: [-3.445437357682506e-16f,0.1305261922200516f,-0.9914448613738106f,0.3405000000000001f,0f,0.9914448613738106f,0.1305261922200516f,1.2945f,1.0001f,4.496748513458789e-17f,-3.415619601499531e-16f,-0.000006249999999861157f,0f,0f,0f,1f], start_interpolation: 0, interpolation_duration: 1 }
$data merge entity $(bone_6) { transformation: [-0.020519764226803777f,0.3857855971083898f,-0.9212877604618133f,-0.08338214871077998f,-0.2152376821459759f,0.899082540659484f,0.38106164287575267f,0.4344940503437612f,0.9753218337864196f,0.20652943943868893f,0.06471117015044614f,-0.18243409111661174f,0f,0f,0f,1f], start_interpolation: 0, interpolation_duration: 1 }
$data merge entity $(bone_12) { transformation: [-0.020519764226803777f,0.10424995203060444f,-0.9933446592269156f,-0.04754622770025971f,-0.2152376821459759f,0.9707195016592969f,0.10611804600635441f,0.7681788790391445f,0.9753218337864196f,0.21641533356013187f,0.0025195827344872343f,-0.1080413202053164f,0f,0f,0f,1f], start_interpolation: 0, interpolation_duration: 1 }
$data merge entity $(bone_10) { transformation: [-3.441647755549269e-16f,0.4985603236181319f,-0.8659881523115428f,0.13763033147322404f,0f,0.8668550073188617f,0.4980617632945138f,1.0478546873542174f,0.999f,1.7175866053916523e-16f,-2.983409590325605e-16f,6.895325374582848e-17f,0f,0f,0f,1f], start_interpolation: 0, interpolation_duration: 1 }
$data merge entity $(bone_9) { transformation: [-3.4450928483976665e-16f,0.6340721211179854f,-0.7732739134491341f,0.36550000000000005f,0f,0.7732739134491341f,0.6340721211179854f,1.32575f,1f,2.1844373298319106e-16f,-2.664000429076088e-16f,1.4745647028666276e-16f,0f,0f,0f,1f], start_interpolation: 0, interpolation_duration: 1 }
$data merge entity $(item_display_item_display) { transformation: [-0.5141508595636244f,1.2866693574872359f,-0.3534622146056793f,0.40094032422379255f,-1.1601776536527533f,-0.08208289125130924f,0.6142814876013971f,0.8942636235250758f,0.7712596111256554f,0.7338810779092844f,0.6884099022507186f,0.7633076945631738f,0f,0f,0f,1f], start_interpolation: 0, interpolation_duration: 1 }
$data merge entity $(bone_2) { transformation: [0.353462214605679f,-0.0518606930414523f,0.9222720003822602f,0.1509245642376829f,-0.6142814876013972f,0.7241118471137857f,0.2772799331823906f,1.0964855828971478f,-0.6884099022507184f,-0.6727667579069683f,0.22611582630886812f,0.45449120377084373f,0f,0f,0f,1f], start_interpolation: 0, interpolation_duration: 1 }
$data merge entity $(bone_1) { transformation: [0.35381603063631534f,0.40021105429582204f,0.8325300512241357f,0.2937004269720226f,-0.6148963839853826f,0.767952200677503f,-0.10710530309349564f,1.359799743735705f,-0.6890990012519704f,-0.47977133042107356f,0.5230324540198137f,0.2928387617762235f,0f,0f,0f,1f], start_interpolation: 0, interpolation_duration: 1 }
$data merge entity $(bone_4) { transformation: [-0.18237502202186792f,-0.9497239790244507f,-0.21071884802234403f,0.4308569185684064f,-0.493130491868397f,0.2754458333220163f,-0.8237571372649148f,1.0784730672396068f,0.8407717507785945f,-0.04626797616980924f,-0.5176688684245702f,-0.4495607743423512f,0f,0f,0f,1f], start_interpolation: 0, interpolation_duration: 1 }
$data merge entity $(bone_3) { transformation: [-0.1825575796014694f,-0.7369321539280707f,-0.6350661932057424f,0.20056562046588433f,-0.4936241159843814f,0.6324758317012953f,-0.5953323026706199f,1.2761217646462615f,0.8416133641427372f,0.2042158042959829f,-0.47793063119093937f,-0.3857433354998565f,0f,0f,0f,1f], start_interpolation: 0, interpolation_duration: 1 }
$data merge entity $(bone_8) { transformation: [-0.05278502541193236f,0.3116128344241724f,-0.9477579681138811f,0.10793755965969438f,0.12454818509073302f,0.9443793172194636f,0.30408608147879646f,0.4559864489432523f,0.9897992298522412f,-0.10220896321989921f,-0.08880280773737104f,0.17365019510069477f,0f,0f,0f,1f], start_interpolation: 0, interpolation_duration: 1 }
$data merge entity $(bone_7) { transformation: [-0.05278502541193236f,-0.37049779867010163f,-0.9263255938825333f,-0.04547497967619028f,0.12454818509073302f,0.9188992936051665f,-0.3740918710062483f,0.727944995935238f,0.9897992298522412f,-0.13537795283051385f,-0.0023282422439176373f,0.13125000000000003f,0f,0f,0f,1f], start_interpolation: 0, interpolation_duration: 1 }