# This file was generated by Animated Java via MC-Build. It is not recommended to edit this file directly.
$data merge entity $(bone_layer) { transformation: [-3.4488827950401883e-16f,0.13065671841227164f,-0.9924363062351841f,0.19650000000000012f,0f,0.9924363062351841f,0.13065671841227164f,1.291f,1.0011001f,4.501245261972247e-17f,-3.4190352211010293e-16f,-0.000006249999999878792f,0f,0f,0f,1f], start_interpolation: 0, interpolation_duration: 1 }
$data merge entity $(bone_l_1) { transformation: [-2.58407801826188e-16f,0.09789464416503872f,-0.9914448613738104f,0.46022732590460896f,0f,0.7435836460303579f,0.1305261922200516f,1.3908543039546235f,0.7500750000000002f,3.3725613850940924e-17f,-3.41561960149953e-16f,0.1072061099874072f,0f,0f,0f,1f], start_interpolation: 0, interpolation_duration: 1 }
$data merge entity $(bone_eye_l) { transformation: [-3.445437357682506e-16f,0.1305261922200516f,-0.9914448613738104f,0.19650000000000012f,0f,0.9914448613738104f,0.1305261922200516f,1.291f,1.0001f,4.496748513458789e-17f,-3.41561960149953e-16f,-0.000006249999999878792f,0f,0f,0f,1f], start_interpolation: 0, interpolation_duration: 1 }
$data merge entity $(bone_r_1) { transformation: [-2.58407801826188e-16f,0.09789464416503872f,-0.9914448613738104f,0.460227325904609f,0f,0.7435836460303579f,0.1305261922200516f,1.3908543039546235f,0.7500750000000002f,3.3725613850940924e-17f,-3.41561960149953e-16f,-0.10721860998740677f,0f,0f,0f,1f], start_interpolation: 0, interpolation_duration: 1 }
$data merge entity $(bone_eye_r) { transformation: [-3.445437357682506e-16f,0.1305261922200516f,-0.9914448613738104f,0.4529313263914763f,0f,0.9914448613738104f,0.1305261922200516f,1.3833187954934325f,1.0001f,4.496748513458789e-17f,-3.41561960149953e-16f,-0.1250187499999998f,0f,0f,0f,1f], start_interpolation: 0, interpolation_duration: 1 }
$data merge entity $(bone_eyes_down) { transformation: [-3.445437357682506e-16f,0.1305261922200516f,-0.9914448613738104f,0.20332761633074273f,0f,0.9914448613738104f,0.1305261922200516f,1.3428608948243475f,1.0001f,4.496748513458789e-17f,-3.41561960149953e-16f,-0.000006249999999876439f,0f,0f,0f,1f], start_interpolation: 0, interpolation_duration: 1 }
$data merge entity $(bone_bone) { transformation: [-3.445437357682506e-16f,0.1305261922200516f,-0.9914448613738104f,0.19650000000000012f,0f,0.9914448613738104f,0.1305261922200516f,1.291f,1.0001f,4.496748513458789e-17f,-3.41561960149953e-16f,-0.000006249999999878792f,0f,0f,0f,1f], start_interpolation: 0, interpolation_duration: 1 }
$data merge entity $(bone_l) { transformation: [-0.001857345582819662f,0.09788473262774008f,-0.9914448613738104f,0.47848528903046705f,-0.014107940349451719f,0.7435083604301583f,0.1305261922200516f,1.4696834151489353f,0.9999987428930672f,0.010673325133736542f,-3.41561960149953e-16f,0.1250062500000002f,0f,0f,0f,1f], start_interpolation: 0, interpolation_duration: 1 }
$data merge entity $(bone_r) { transformation: [0.0018573455828189728f,0.09788473262774008f,-0.9914448613738104f,0.4784852890304671f,0.014107940349451719f,0.7435083604301583f,0.1305261922200516f,1.4696834151489353f,0.9999987428930672f,-0.010673325133736476f,-3.41561960149953e-16f,-0.1250187499999998f,0f,0f,0f,1f], start_interpolation: 0, interpolation_duration: 1 }
$data merge entity $(bone_sad) { transformation: [-1.0336312073047518e-15f,0.08745254878743458f,-0.4957224306869052f,0.4549664684613319f,0f,0.664268057120453f,0.0652630961100258f,1.338923346931609f,3.0003f,3.0128215040173885e-17f,-1.707809800749765e-16f,0.1406328125000002f,0f,0f,0f,1f], start_interpolation: 0, interpolation_duration: 1 }
$data merge entity $(bone_head) { transformation: [-3.445437357682506e-16f,0.1305261922200516f,-0.9914448613738104f,0.19650000000000012f,0f,0.9914448613738104f,0.1305261922200516f,1.291f,1.0001f,4.496748513458789e-17f,-3.41561960149953e-16f,-0.000006249999999878792f,0f,0f,0f,1f], start_interpolation: 0, interpolation_duration: 1 }
$data merge entity $(bone_6) { transformation: [-0.0034238215616423026f,0.28359796451333497f,-0.9579029984453462f,-0.10150830977923225f,-0.21539021295556496f,0.9360394476037215f,0.27808027195911766f,0.40467147986514174f,0.9754979926216508f,0.2076731334274376f,0.05803813076418647f,-0.1863214625003263f,0f,0f,0f,1f], start_interpolation: 0, interpolation_duration: 1 }
$data merge entity $(bone_12) { transformation: [-0.0034238215616423026f,-0.09135317777988824f,-0.9948168458647089f,-0.13291096464106883f,-0.21539021295556496f,0.972464561694763f,-0.08838077489448307f,0.7389561729477165f,0.9754979926216508f,0.2143997974750173f,-0.02300612555044128f,-0.1126215321182891f,0f,0f,0f,1f], start_interpolation: 0, interpolation_duration: 1 }
$data merge entity $(bone_10) { transformation: [-3.441647755549269e-16f,0.38094076184410247f,-0.9236748467820479f,0.0028607813847980057f,0f,0.9245994462282761f,0.3805598210822585f,1.0370355496151467f,0.999f,1.3123762942922763e-16f,-3.1821456088936436e-16f,5.44983155358922e-17f,0f,0f,0f,1f], start_interpolation: 0, interpolation_duration: 1 }
$data merge entity $(bone_9) { transformation: [-3.4450928483976665e-16f,0.608387390929258f,-0.793640209766548f,0.22150000000000009f,0f,0.793640209766548f,0.608387390929258f,1.32225f,1f,2.095951049545702e-16f,-2.7341642108675585e-16f,1.2982155637894087e-16f,0f,0f,0f,1f], start_interpolation: 0, interpolation_duration: 1 }
$data merge entity $(item_display_item_display) { transformation: [0.08806526723465957f,1.4406929807996156f,-0.22842462522675738f,0.469521968847083f,-0.8398249624641536f,0.3320576131565234f,0.7843146170395795f,1.0777796117039444f,1.2214180203146985f,0.12353053316492224f,0.5557501675831098f,0.780730012605003f,0f,0f,0f,1f], start_interpolation: 0, interpolation_duration: 1 }
$data merge entity $(bone_2) { transformation: [0.22842462522675722f,-0.4591182671398638f,0.8456621847128614f,0.08593707249141876f,-0.7843146170395795f,0.4138708613060327f,0.43724784423440627f,1.1236692236351051f,-0.5557501675831095f,-0.7727912814907741f,-0.2694912509733375f,0.558306094789297f,0f,0f,0f,1f], start_interpolation: 0, interpolation_duration: 1 }
$data merge entity $(bone_1) { transformation: [0.22865327850526249f,0.19454227399392662f,0.942383901339636f,0.15870087856020376f,-0.7850997167563358f,0.5982935031517403f,0.06722835125340602f,1.3297527925388497f,-0.5563064740571666f,-0.7643940003137718f,0.29246146991293864f,0.2973735413683939f,0f,0f,0f,1f], start_interpolation: 0, interpolation_duration: 1 }
$data merge entity $(bone_4) { transformation: [-0.21055830306977819f,-0.9652970828771608f,0.061664645231866044f,0.30959792777860246f,-0.5836175121943278f,0.07340314967144479f,-0.8070475211551644f,1.0975441182589785f,0.7735575402280209f,-0.20585285957063865f,-0.5798733858986657f,-0.43614118811105773f,0f,0f,0f,1f], start_interpolation: 0, interpolation_duration: 1 }
$data merge entity $(bone_3) { transformation: [-0.21076907214192012f,-0.8020887994588848f,-0.5406057199709718f,0.05894517794770099f,-0.584201713908236f,0.5509362503129764f,-0.5942919921010726f,1.2697116964817836f,0.774331872100121f,0.19106960198161274f,-0.5849110621843119f,-0.37643193749180376f,0f,0f,0f,1f], start_interpolation: 0, interpolation_duration: 1 }
$data merge entity $(bone_8) { transformation: [-0.05841561788853297f,0.4422178278280936f,-0.8939604332297971f,-0.01770390349075318f,0.1453483715457774f,0.8902557480175289f,0.43143824682277854f,0.42274624839748925f,0.9866420278950799f,-0.10496158796295188f,-0.11648141134921713f,0.1806584687591268f,0f,0f,0f,1f], start_interpolation: 0, interpolation_duration: 1 }
$data merge entity $(bone_7) { transformation: [-0.05841561788853297f,-0.23586818037426832f,-0.969065562754314f,-0.13078099834460605f,0.1453483715457774f,0.9592986281261221f,-0.24174449275030585f,0.7127061996689212f,0.9866420278950799f,-0.1552780491740409f,-0.021761929655114372f,0.13125f,0f,0f,0f,1f], start_interpolation: 0, interpolation_duration: 1 }