# This file was generated by Animated Java via MC-Build. It is not recommended to edit this file directly.
$data merge entity $(bone_layer) { transformation: [-3.4488827950401873e-16f,0.13065671841227158f,-0.992436306235184f,0.03849999999999992f,0f,0.992436306235184f,0.13065671841227158f,1.287125f,1.0011000999999997f,4.5012452619722454e-17f,-3.419035221101029e-16f,-0.000006249999999898141f,0f,0f,0f,1f], start_interpolation: 0, interpolation_duration: 1 }
$data merge entity $(bone_l_1) { transformation: [-2.584078018261879e-16f,0.09789464416503865f,-0.9914448613738102f,0.30329154245101725f,0f,0.7435836460303578f,0.13052619222005152f,1.3950628311638362f,0.7500749999999998f,3.37256138509409e-17f,-3.415619601499529e-16f,0.09905201501259317f,0f,0f,0f,1f], start_interpolation: 0, interpolation_duration: 1 }
$data merge entity $(bone_eye_l) { transformation: [-3.4454373576825053e-16f,0.13052619222005155f,-0.9914448613738103f,0.03849999999999992f,0f,0.9914448613738103f,0.13052619222005155f,1.287125f,1.0000999999999998f,4.496748513458787e-17f,-3.4156196014995296e-16f,-0.000006249999999898141f,0f,0f,0f,1f], start_interpolation: 0, interpolation_duration: 1 }
$data merge entity $(bone_r_1) { transformation: [-2.584078018261879e-16f,0.09789464416503865f,-0.9914448613738102f,0.30329154245101725f,0f,0.7435836460303578f,0.13052619222005152f,1.3950628311638362f,0.7500749999999998f,3.37256138509409e-17f,-3.415619601499529e-16f,-0.09906451501259281f,0f,0f,0f,1f], start_interpolation: 0, interpolation_duration: 1 }
$data merge entity $(bone_eye_r) { transformation: [-3.4454373576825053e-16f,0.13052619222005155f,-0.9914448613738103f,0.29493132639147607f,0f,0.9914448613738103f,0.13052619222005155f,1.3794437954934327f,1.0000999999999998f,4.496748513458787e-17f,-3.4156196014995296e-16f,-0.1250187499999998f,0f,0f,0f,1f], start_interpolation: 0, interpolation_duration: 1 }
$data merge entity $(bone_eyes_down) { transformation: [-3.4454373576825053e-16f,0.13052619222005155f,-0.9914448613738103f,0.04798815769676375f,0f,0.9914448613738103f,0.13052619222005155f,1.3591947128473787f,1.0000999999999998f,4.496748513458787e-17f,-3.4156196014995296e-16f,-0.0000062499999998948725f,0f,0f,0f,1f], start_interpolation: 0, interpolation_duration: 1 }
$data merge entity $(bone_bone) { transformation: [-3.4454373576825053e-16f,0.13052619222005155f,-0.9914448613738103f,0.03849999999999992f,0f,0.9914448613738103f,0.13052619222005155f,1.287125f,1.0000999999999998f,4.496748513458787e-17f,-3.4156196014995296e-16f,-0.000006249999999898141f,0f,0f,0f,1f], start_interpolation: 0, interpolation_duration: 1 }
$data merge entity $(bone_l) { transformation: [0.0018573455828189713f,0.09788473262774003f,-0.9914448613738102f,0.3192880454157573f,0.014107940349451713f,0.7435083604301581f,0.13052619222005152f,1.4567144470385713f,0.9999987428930669f,-0.01067332513373647f,-3.415619601499529e-16f,0.12500625000000015f,0f,0f,0f,1f], start_interpolation: 0, interpolation_duration: 1 }
$data merge entity $(bone_r) { transformation: [-0.0018573455828196604f,0.09788473262774003f,-0.9914448613738102f,0.31928804541575734f,-0.014107940349451713f,0.7435083604301581f,0.13052619222005152f,1.4567144470385713f,0.9999987428930669f,0.010673325133736537f,-3.415619601499529e-16f,-0.1250187499999998f,0f,0f,0f,1f], start_interpolation: 0, interpolation_duration: 1 }
$data merge entity $(bone_sad) { transformation: [-1.0336312073047516e-15f,0.08745254878743454f,-0.49572243068690514f,0.2985980458640823f,0f,0.6642680571204529f,0.06526309611002577f,1.347441407698782f,3.0002999999999993f,3.012821504017387e-17f,-1.7078098007497648e-16f,0.14063281250000015f,0f,0f,0f,1f], start_interpolation: 0, interpolation_duration: 1 }
$data merge entity $(bone_head) { transformation: [-3.4454373576825053e-16f,0.13052619222005155f,-0.9914448613738103f,0.03849999999999992f,0f,0.9914448613738103f,0.13052619222005155f,1.287125f,1.0000999999999998f,4.496748513458787e-17f,-3.4156196014995296e-16f,-0.000006249999999898141f,0f,0f,0f,1f], start_interpolation: 0, interpolation_duration: 1 }
$data merge entity $(bone_6) { transformation: [0.01828506882929163f,0.14556319529429929f,-0.9882857568254747f,-0.08733500445708983f,-0.2106333751928343f,0.9674375332837286f,0.1392262516458646f,0.38260579753010143f,0.9763709528211f,0.20598011370342728f,0.04854360757991761f,-0.1891792198989251f,0f,0f,0f,1f], start_interpolation: 0, interpolation_duration: 1 }
$data merge entity $(bone_12) { transformation: [0.01828506882929163f,-0.33973528705777434f,-0.9394026376885255f,-0.20411900938319977f,-0.2106333751928343f,0.9180390771463253f,-0.335445349924226f,0.6981817302991508f,0.9763709528211f,0.20441180875892473f,-0.05477318247148551f,-0.11891266063804473f,0f,0f,0f,1f], start_interpolation: 0, interpolation_duration: 1 }
$data merge entity $(bone_10) { transformation: [-3.441647755549269e-16f,0.21828005160216296f,-0.9749102849945892f,-0.14276777489369985f,0f,0.9758861711657549f,0.21806177155056083f,1.0240894317751854f,0.999f,7.519950447224853e-17f,-3.35865645066419e-16f,3.941097333829419e-17f,0f,0f,0f,1f], start_interpolation: 0, interpolation_duration: 1 }
$data merge entity $(bone_9) { transformation: [-3.4450928483976665e-16f,0.5739625040520342f,-0.8188815811473101f,0.06349999999999995f,0f,0.8188815811473101f,0.5739625040520342f,1.318375f,1f,1.9773541179580798e-16f,-2.8211230788951717e-16f,1.1047213695241268e-16f,0f,0f,0f,1f], start_interpolation: 0, interpolation_duration: 1 }
$data merge entity $(item_display_item_display) { transformation: [0.8896708785925458f,1.182620778413911f,-0.06914144115833734f,0.4847865013481442f,-0.33027143014168153f,0.3710394317772524f,0.9310934689836635f,1.2153953697964122f,1.141726862568372f,-0.815871234485818f,0.32321802210133166f,0.5852089382835954f,0f,0f,0f,1f], start_interpolation: 0, interpolation_duration: 1 }
$data merge entity $(bone_2) { transformation: [0.06914144115833737f,-0.8707418552265879f,0.46388484023717935f,0.04228709557887895f,-0.9310934689836634f,0.09501301951878512f,0.3172364426843133f,1.1717161414448782f,-0.3232180221013314f,-0.45996924219466906f,-0.8146300500500062f,0.6163779849730961f,0f,0f,0f,1f], start_interpolation: 0, interpolation_duration: 1 }
$data merge entity $(bone_1) { transformation: [0.06921065181014752f,-0.12221416775561167f,0.9790016448633356f,0.0063947356932832836f,-0.9320254944781415f,0.31406634646907367f,0.10501792447312229f,1.2803328100715794f,-0.32354156366499637f,-0.9308737976843969f,-0.09310099351909314f,0.29580823580959037f,0f,0f,0f,1f], start_interpolation: 0, interpolation_duration: 1 }
$data merge entity $(bone_4) { transformation: [-0.24703866645087316f,-0.8711334721533464f,0.4004921533813365f,0.17480663225273546f,-0.6874326687092976f,-0.13491994738625812f,-0.7108913214664856f,1.1194822321838402f,0.67062932447406f,-0.4524680525982572f,-0.5686610873126219f,-0.4106617843858166f,0f,0f,0f,1f], start_interpolation: 0, interpolation_duration: 1 }
$data merge entity $(bone_3) { transformation: [-0.24728595240327644f,-0.8677122643414121f,-0.40785158763631696f,-0.09635345035395582f,-0.6881207894987964f,0.4565276199710367f,-0.5613843561613179f,1.2621471134247892f,0.6713006250991591f,0.1430999690964789f,-0.7124781889224535f,-0.3659430440431669f,0f,0f,0f,1f], start_interpolation: 0, interpolation_duration: 1 }
$data merge entity $(bone_8) { transformation: [-0.06574549229019096f,0.5984902340654902f,-0.7972587720339147f,-0.15502998572318225f,0.1723094477467232f,0.7941735122534687f,0.5825798968652542f,0.3890122437161327f,0.9818289103474004f,-0.09929553463976723f,-0.15562248685215152f,0.18853044160102675f,0f,0f,0f,1f], start_interpolation: 0, interpolation_duration: 1 }
$data merge entity $(bone_7) { transformation: [-0.06574549229019096f,-0.05399794231046032f,-0.9954377590201342f,-0.21234400165539405f,0.1723094477467232f,0.9828473452914985f,-0.06420280095131539f,0.6935438003310788f,0.9818289103474004f,-0.17609699887449104f,-0.05538780191380394f,0.13125f,0f,0f,0f,1f], start_interpolation: 0, interpolation_duration: 1 }