# This file was generated by Animated Java via MC-Build. It is not recommended to edit this file directly.
$data merge entity $(bone_layer) { transformation: [-3.4488827950401883e-16f,0.13065671841227164f,-0.9924363062351843f,0.34250000000000047f,0f,0.9924363062351843f,0.13065671841227164f,1.2945f,1.0011001f,4.501245261972247e-17f,-3.4190352211010303e-16f,-0.000006249999999860912f,0f,0f,0f,1f], start_interpolation: 0, interpolation_duration: 1 }
$data merge entity $(bone_l_1) { transformation: [-2.5840780182618794e-16f,0.09789464416503871f,-0.9914448613738108f,0.6054101417030684f,0f,0.743583646030358f,0.13052619222005163f,1.388147173694915f,0.750075f,3.372561385094092e-17f,-3.415619601499532e-16f,0.11346742739857706f,0f,0f,0f,1f], start_interpolation: 0, interpolation_duration: 1 }
$data merge entity $(bone_eye_l) { transformation: [-3.445437357682506e-16f,0.1305261922200516f,-0.9914448613738106f,0.34250000000000047f,0f,0.9914448613738106f,0.1305261922200516f,1.2945f,1.0001f,4.496748513458789e-17f,-3.415619601499531e-16f,-0.000006249999999860912f,0f,0f,0f,1f], start_interpolation: 0, interpolation_duration: 1 }
$data merge entity $(bone_r_1) { transformation: [-2.5840780182618794e-16f,0.09789464416503871f,-0.9914448613738108f,0.6054101417030685f,0f,0.743583646030358f,0.13052619222005163f,1.388147173694915f,0.750075f,3.372561385094092e-17f,-3.415619601499532e-16f,-0.11347992739857661f,0f,0f,0f,1f], start_interpolation: 0, interpolation_duration: 1 }
$data merge entity $(bone_eye_r) { transformation: [-3.445437357682506e-16f,0.1305261922200516f,-0.9914448613738106f,0.5989313263914767f,0f,0.9914448613738106f,0.1305261922200516f,1.3868187954934326f,1.0001f,4.496748513458789e-17f,-3.415619601499531e-16f,-0.1250187499999998f,0f,0f,0f,1f], start_interpolation: 0, interpolation_duration: 1 }
$data merge entity $(bone_eyes_down) { transformation: [-3.445437357682506e-16f,0.1305261922200516f,-0.9914448613738106f,0.3472846558268907f,0f,0.9914448613738106f,0.1305261922200516f,1.3308430691750759f,1.0001f,4.496748513458789e-17f,-3.415619601499531e-16f,-0.000006249999999859264f,0f,0f,0f,1f], start_interpolation: 0, interpolation_duration: 1 }
$data merge entity $(bone_bone) { transformation: [-3.445437357682506e-16f,0.1305261922200516f,-0.9914448613738106f,0.34250000000000047f,0f,0.9914448613738106f,0.1305261922200516f,1.2945f,1.0001f,4.496748513458789e-17f,-3.415619601499531e-16f,-0.000006249999999860912f,0f,0f,0f,1f], start_interpolation: 0, interpolation_duration: 1 }
$data merge entity $(bone_l) { transformation: [-0.0047088972169164675f,0.09783091864353179f,-0.9914448613738108f,0.6254046212572011f,-0.03576762540179066f,0.7430996026382863f,0.13052619222005163f,1.4801664366911076f,0.9994489746594146f,0.02705990284328367f,-3.415619601499532e-16f,0.1250062500000002f,0f,0f,0f,1f], start_interpolation: 0, interpolation_duration: 1 }
$data merge entity $(bone_r) { transformation: [0.004708897216915779f,0.09783091864353181f,-0.9914448613738108f,0.6254046212572011f,0.03576762540179066f,0.7430996026382863f,0.13052619222005163f,1.4801664366911076f,0.9994489746594146f,-0.0270599028432836f,-3.415619601499532e-16f,-0.1250187499999998f,0f,0f,0f,1f], start_interpolation: 0, interpolation_duration: 1 }
$data merge entity $(bone_sad) { transformation: [-1.0336312073047518e-15f,0.08745254878743458f,-0.4957224306869053f,0.5973205357992262f,0f,0.6642680571204531f,0.0652630961100258f,1.314729738918698f,3.0003f,3.0128215040173885e-17f,-1.7078098007497655e-16f,0.1406328125000002f,0f,0f,0f,1f], start_interpolation: 0, interpolation_duration: 1 }
$data merge entity $(bone_head) { transformation: [-3.445437357682506e-16f,0.1305261922200516f,-0.9914448613738106f,0.34250000000000047f,0f,0.9914448613738106f,0.1305261922200516f,1.2945f,1.0001f,4.496748513458789e-17f,-3.415619601499531e-16f,-0.000006249999999860912f,0f,0f,0f,1f], start_interpolation: 0, interpolation_duration: 1 }
$data merge entity $(bone_6) { transformation: [-0.02051976422680373f,0.3857855971083895f,-0.9212877604618135f,-0.0768233024587651f,-0.2152376821459759f,0.8990825406594841f,0.38106164287575234f,0.43451456019717355f,0.9753218337864196f,0.2065294394386889f,0.06471117015044613f,-0.18222211346306885f,0f,0f,0f,1f], start_interpolation: 0, interpolation_duration: 1 }
$data merge entity $(bone_12) { transformation: [-0.02051976422680373f,0.10424995203060389f,-0.9933446592269157f,-0.04294737182549058f,-0.2152376821459759f,0.9707195016592969f,0.10611804600635386f,0.766655457721748f,0.9753218337864196f,0.21641533356013185f,0.002519582734487179f,-0.10821129924967647f,0f,0f,0f,1f], start_interpolation: 0, interpolation_duration: 1 }
$data merge entity $(bone_10) { transformation: [-3.441647755549269e-16f,0.5232593732415987f,-0.8513212996617715f,0.14911218312501506f,0f,0.8521734731349063f,0.5227361138683572f,1.0449772887110171f,0.999f,1.8026771246116772e-16f,-2.932880921153376e-16f,7.24647690371731e-17f,0f,0f,0f,1f], start_interpolation: 0, interpolation_duration: 1 }
$data merge entity $(bone_9) { transformation: [-3.4450928483976665e-16f,0.6560266355648907f,-0.7547377381775803f,0.38341341132860307f,0f,0.7547377381775803f,0.6560266355648907f,1.3127012597026024f,1f,2.2600726705429876e-16f,-2.6001415842114124e-16f,1.531837176026702e-16f,0f,0f,0f,1f], start_interpolation: 0, interpolation_duration: 1 }
$data merge entity $(item_display_item_display) { transformation: [-0.34269646793918157f,0.8578613786241931f,-0.3533322759850768f,0.4049637480927376f,-0.7732334035826309f,-0.054538805343806285f,0.6145726131073902f,0.8895115562159589f,0.5145484822383283f,0.48913111452364855f,0.6882167414411866f,0.7642496279923682f,0f,0f,0f,1f], start_interpolation: 0, interpolation_duration: 1 }
$data merge entity $(bone_2) { transformation: [0.3534622146056786f,-0.05186069304145319f,0.9222720003822599f,0.1529245642376835f,-0.6142814876013982f,0.7241118471137845f,0.2772799331823915f,1.0964855828971483f,-0.6884099022507173f,-0.6727667579069695f,0.2261158263088669f,0.4544912037708442f,0f,0f,0f,1f], start_interpolation: 0, interpolation_duration: 1 }
$data merge entity $(bone_1) { transformation: [0.35381603063631495f,0.4002110542958216f,0.8325300512241356f,0.29570042697202303f,-0.6148963839853836f,0.7679522006775024f,-0.10710530309349464f,1.3597997437357052f,-0.6890990012519693f,-0.4797713304210749f,0.5230324540198135f,0.2928387617762235f,0f,0f,0f,1f], start_interpolation: 0, interpolation_duration: 1 }
$data merge entity $(bone_4) { transformation: [-0.18237502202186787f,-0.9497239790244507f,-0.21071884802234353f,0.43285691856840686f,-0.4931304918683974f,0.2754458333220158f,-0.8237571372649148f,1.0784730672396068f,0.8407717507785942f,-0.04626797616980946f,-0.5176688684245702f,-0.4495607743423512f,0f,0f,0f,1f], start_interpolation: 0, interpolation_duration: 1 }
$data merge entity $(bone_3) { transformation: [-0.18255757960146934f,-0.7369321539280707f,-0.6350661932057423f,0.20256562046588478f,-0.4936241159843818f,0.6324758317012951f,-0.5953323026706198f,1.2761217646462615f,0.841613364142737f,0.204215804295983f,-0.4779306311909395f,-0.3857433354998565f,0f,0f,0f,1f], start_interpolation: 0, interpolation_duration: 1 }
$data merge entity $(bone_8) { transformation: [-0.05278502541193237f,0.3116128344241728f,-0.9477579681138811f,0.10993755965969486f,0.12454818509073305f,0.9443793172194634f,0.3040860814787968f,0.4559864489432522f,0.9897992298522412f,-0.10220896321989922f,-0.0888028077373711f,0.1736501951006948f,0f,0f,0f,1f], start_interpolation: 0, interpolation_duration: 1 }
$data merge entity $(bone_7) { transformation: [-0.05278502541193237f,-0.37049779867010124f,-0.9263255938825335f,-0.0434749796761897f,0.12454818509073305f,0.9188992936051666f,-0.37409187100624797f,0.727944995935238f,0.9897992298522412f,-0.1353779528305139f,-0.002328242243917679f,0.13125000000000003f,0f,0f,0f,1f], start_interpolation: 0, interpolation_duration: 1 }