# This file was generated by Animated Java via MC-Build. It is not recommended to edit this file directly.
$data merge entity $(bone_layer) { transformation: [-3.4488827950401883e-16f,0.13065671841227164f,-0.9924363062351841f,0.20250000000000112f,0f,0.9924363062351841f,0.13065671841227164f,1.291f,1.0011001f,4.501245261972247e-17f,-3.4190352211010293e-16f,-0.000006249999999878056f,0f,0f,0f,1f], start_interpolation: 0, interpolation_duration: 1 }
$data merge entity $(bone_l_1) { transformation: [-2.58407801826188e-16f,0.09789464416503872f,-0.9914448613738104f,0.46622732590460997f,0f,0.7435836460303579f,0.1305261922200516f,1.3908543039546235f,0.7500750000000002f,3.3725613850940924e-17f,-3.41561960149953e-16f,0.10720610998740722f,0f,0f,0f,1f], start_interpolation: 0, interpolation_duration: 1 }
$data merge entity $(bone_eye_l) { transformation: [-3.445437357682506e-16f,0.1305261922200516f,-0.9914448613738104f,0.20250000000000112f,0f,0.9914448613738104f,0.1305261922200516f,1.291f,1.0001f,4.496748513458789e-17f,-3.41561960149953e-16f,-0.000006249999999878056f,0f,0f,0f,1f], start_interpolation: 0, interpolation_duration: 1 }
$data merge entity $(bone_r_1) { transformation: [-2.58407801826188e-16f,0.09789464416503872f,-0.9914448613738104f,0.46622732590461f,0f,0.7435836460303579f,0.1305261922200516f,1.3908543039546235f,0.7500750000000002f,3.3725613850940924e-17f,-3.41561960149953e-16f,-0.10721860998740679f,0f,0f,0f,1f], start_interpolation: 0, interpolation_duration: 1 }
$data merge entity $(bone_eye_r) { transformation: [-3.445437357682506e-16f,0.1305261922200516f,-0.9914448613738104f,0.4589313263914773f,0f,0.9914448613738104f,0.1305261922200516f,1.3833187954934325f,1.0001f,4.496748513458789e-17f,-3.41561960149953e-16f,-0.1250187499999998f,0f,0f,0f,1f], start_interpolation: 0, interpolation_duration: 1 }
$data merge entity $(bone_eyes_down) { transformation: [-3.445437357682506e-16f,0.1305261922200516f,-0.9914448613738104f,0.20932761633074373f,0f,0.9914448613738104f,0.1305261922200516f,1.3428608948243475f,1.0001f,4.496748513458789e-17f,-3.41561960149953e-16f,-0.000006249999999875704f,0f,0f,0f,1f], start_interpolation: 0, interpolation_duration: 1 }
$data merge entity $(bone_bone) { transformation: [-3.445437357682506e-16f,0.1305261922200516f,-0.9914448613738104f,0.20250000000000112f,0f,0.9914448613738104f,0.1305261922200516f,1.291f,1.0001f,4.496748513458789e-17f,-3.41561960149953e-16f,-0.000006249999999878056f,0f,0f,0f,1f], start_interpolation: 0, interpolation_duration: 1 }
$data merge entity $(bone_l) { transformation: [-0.0018573455828196667f,0.09788473262774008f,-0.9914448613738104f,0.48448528903046806f,-0.014107940349451755f,0.7435083604301583f,0.1305261922200516f,1.4696834151489353f,0.9999987428930672f,0.01067332513373657f,-3.41561960149953e-16f,0.1250062500000002f,0f,0f,0f,1f], start_interpolation: 0, interpolation_duration: 1 }
$data merge entity $(bone_r) { transformation: [0.0018573455828189776f,0.09788473262774008f,-0.9914448613738104f,0.4844852890304681f,0.014107940349451755f,0.7435083604301583f,0.1305261922200516f,1.4696834151489353f,0.9999987428930672f,-0.010673325133736504f,-3.41561960149953e-16f,-0.1250187499999998f,0f,0f,0f,1f], start_interpolation: 0, interpolation_duration: 1 }
$data merge entity $(bone_sad) { transformation: [-1.0336312073047518e-15f,0.08745254878743458f,-0.4957224306869052f,0.4573348658781528f,0f,0.664268057120453f,0.0652630961100258f,1.3113385866746359f,3.0003f,3.0128215040173885e-17f,-1.707809800749765e-16f,0.1406328125000002f,0f,0f,0f,1f], start_interpolation: 0, interpolation_duration: 1 }
$data merge entity $(bone_head) { transformation: [-3.445437357682506e-16f,0.1305261922200516f,-0.9914448613738104f,0.20250000000000112f,0f,0.9914448613738104f,0.1305261922200516f,1.291f,1.0001f,4.496748513458789e-17f,-3.41561960149953e-16f,-0.000006249999999878056f,0f,0f,0f,1f], start_interpolation: 0, interpolation_duration: 1 }
$data merge entity $(bone_6) { transformation: [-0.0034238215616423304f,0.2835979645133352f,-0.9579029984453462f,-0.08658519773486827f,-0.215390212955565f,0.9360394476037216f,0.27808027195911783f,0.4064784045521035f,0.9754979926216508f,0.20767313342743757f,0.05803813076418648f,-0.18566813873973415f,0f,0f,0f,1f], start_interpolation: 0, interpolation_duration: 1 }
$data merge entity $(bone_12) { transformation: [-0.0034238215616423304f,-0.09135317777988788f,-0.994816845864709f,-0.1212145085541505f,-0.215390212955565f,0.9724645616947631f,-0.08838077489448273f,0.7369743642897167f,0.9754979926216508f,0.21439979747501728f,-0.02300612555044123f,-0.11281608665421643f,0f,0f,0f,1f], start_interpolation: 0, interpolation_duration: 1 }
$data merge entity $(bone_10) { transformation: [-3.441647755549269e-16f,0.40767131972970416f,-0.9122156108529369f,0.01987963479055535f,0f,0.9131287395925295f,0.40726364840997437f,1.0379512099997612f,0.999f,1.4044655480976424e-16f,-3.142667477146162e-16f,5.902920092195207e-17f,0f,0f,0f,1f], start_interpolation: 0, interpolation_duration: 1 }
$data merge entity $(bone_9) { transformation: [-3.4450928483976665e-16f,0.6312128149778191f,-0.7756096841890111f,0.24403417103680417f,0f,0.7756096841890111f,0.6312128149778191f,1.3095752626889736f,1f,2.1745867546970443e-16f,-2.672047376147535e-16f,1.3625251989773682e-16f,0f,0f,0f,1f], start_interpolation: 0, interpolation_duration: 1 }
$data merge entity $(item_display_item_display) { transformation: [0.05923158593609379f,0.960413800561212f,-0.22849261301820759f,0.4876913501883442f,-0.5586069260989928f,0.22184802853231378f,0.7850897655544462f,1.0637610615345392f,0.8151165707916475f,0.08163610822884493f,0.5546266038715557f,0.78581599122084f,0f,0f,0f,1f], start_interpolation: 0, interpolation_duration: 1 }
$data merge entity $(bone_2) { transformation: [0.22842462522675763f,-0.45911826713986315f,0.8456621847128614f,0.09193707249141966f,-0.7843146170395795f,0.4138708613060328f,0.43724784423440627f,1.1236692236351054f,-0.5557501675831095f,-0.7727912814907746f,-0.2694912509733369f,0.5583060947892972f,0f,0f,0f,1f], start_interpolation: 0, interpolation_duration: 1 }
$data merge entity $(bone_1) { transformation: [0.2286532785052629f,0.19454227399392682f,0.9423839013396358f,0.16470087856020474f,-0.7850997167563358f,0.5982935031517405f,0.06722835125340623f,1.32975279253885f,-0.5563064740571666f,-0.7643940003137719f,0.29246146991293903f,0.2973735413683939f,0f,0f,0f,1f], start_interpolation: 0, interpolation_duration: 1 }
$data merge entity $(bone_4) { transformation: [-0.21055830306977816f,-0.9652970828771608f,0.06166464523186582f,0.3155979277786035f,-0.5836175121943276f,0.07340314967144496f,-0.8070475211551645f,1.0975441182589785f,0.773557540228021f,-0.2058528595706384f,-0.5798733858986655f,-0.4361411881110577f,0f,0f,0f,1f], start_interpolation: 0, interpolation_duration: 1 }
$data merge entity $(bone_3) { transformation: [-0.2107690721419201f,-0.8020887994588849f,-0.5406057199709717f,0.06494517794770197f,-0.5842017139082358f,0.5509362503129764f,-0.5942919921010729f,1.2697116964817836f,0.7743318721001211f,0.19106960198161266f,-0.5849110621843118f,-0.3764319374918037f,0f,0f,0f,1f], start_interpolation: 0, interpolation_duration: 1 }
$data merge entity $(bone_8) { transformation: [-0.058415617888532965f,0.44221782782809327f,-0.8939604332297971f,-0.011703903490752218f,0.14534837154577737f,0.890255748017529f,0.4314382468227783f,0.4227462483974893f,0.9866420278950799f,-0.10496158796295187f,-0.11648141134921706f,0.18065846875912678f,0f,0f,0f,1f], start_interpolation: 0, interpolation_duration: 1 }
$data merge entity $(bone_7) { transformation: [-0.058415617888532965f,-0.23586818037426854f,-0.9690655627543139f,-0.12478099834460515f,0.14534837154577737f,0.959298628126122f,-0.24174449275030607f,0.7127061996689212f,0.9866420278950799f,-0.15527804917404084f,-0.021761929655114337f,0.13125f,0f,0f,0f,1f], start_interpolation: 0, interpolation_duration: 1 }