# This file was generated by Animated Java via MC-Build. It is not recommended to edit this file directly.
$data merge entity $(bone_layer) { transformation: [-3.4488827950401873e-16f,0.13065671841227158f,-0.992436306235184f,0.04749999999999893f,0f,0.992436306235184f,0.13065671841227158f,1.287125f,1.0011000999999997f,4.5012452619722454e-17f,-3.419035221101029e-16f,-0.000006249999999897039f,0f,0f,0f,1f], start_interpolation: 0, interpolation_duration: 1 }
$data merge entity $(bone_l_1) { transformation: [-2.584078018261879e-16f,0.09789464416503865f,-0.9914448613738102f,0.31229154245101626f,0f,0.7435836460303578f,0.13052619222005152f,1.3950628311638362f,0.7500749999999998f,3.37256138509409e-17f,-3.415619601499529e-16f,0.09905201501259303f,0f,0f,0f,1f], start_interpolation: 0, interpolation_duration: 1 }
$data merge entity $(bone_eye_l) { transformation: [-3.4454373576825053e-16f,0.13052619222005155f,-0.9914448613738103f,0.04749999999999893f,0f,0.9914448613738103f,0.13052619222005155f,1.287125f,1.0000999999999998f,4.496748513458787e-17f,-3.4156196014995296e-16f,-0.000006249999999897039f,0f,0f,0f,1f], start_interpolation: 0, interpolation_duration: 1 }
$data merge entity $(bone_r_1) { transformation: [-2.584078018261879e-16f,0.09789464416503865f,-0.9914448613738102f,0.3122915424510163f,0f,0.7435836460303578f,0.13052619222005152f,1.3950628311638362f,0.7500749999999998f,3.37256138509409e-17f,-3.415619601499529e-16f,-0.09906451501259267f,0f,0f,0f,1f], start_interpolation: 0, interpolation_duration: 1 }
$data merge entity $(bone_eye_r) { transformation: [-3.4454373576825053e-16f,0.13052619222005155f,-0.9914448613738103f,0.3039313263914751f,0f,0.9914448613738103f,0.13052619222005155f,1.3794437954934327f,1.0000999999999998f,4.496748513458787e-17f,-3.4156196014995296e-16f,-0.1250187499999998f,0f,0f,0f,1f], start_interpolation: 0, interpolation_duration: 1 }
$data merge entity $(bone_eyes_down) { transformation: [-3.4454373576825053e-16f,0.13052619222005155f,-0.9914448613738103f,0.0569881576967628f,0f,0.9914448613738103f,0.13052619222005155f,1.3591947128473791f,1.0000999999999998f,4.496748513458787e-17f,-3.4156196014995296e-16f,-0.0000062499999998937705f,0f,0f,0f,1f], start_interpolation: 0, interpolation_duration: 1 }
$data merge entity $(bone_bone) { transformation: [-3.4454373576825053e-16f,0.13052619222005155f,-0.9914448613738103f,0.04749999999999893f,0f,0.9914448613738103f,0.13052619222005155f,1.287125f,1.0000999999999998f,4.496748513458787e-17f,-3.4156196014995296e-16f,-0.000006249999999897039f,0f,0f,0f,1f], start_interpolation: 0, interpolation_duration: 1 }
$data merge entity $(bone_l) { transformation: [0.0018573455828190327f,0.09788473262774003f,-0.9914448613738102f,0.3282880454157563f,0.014107940349452178f,0.7435083604301581f,0.13052619222005152f,1.4567144470385713f,0.9999987428930669f,-0.010673325133736823f,-3.415619601499529e-16f,0.12500625000000015f,0f,0f,0f,1f], start_interpolation: 0, interpolation_duration: 1 }
$data merge entity $(bone_r) { transformation: [-0.0018573455828197218f,0.09788473262774003f,-0.9914448613738102f,0.32828804541575635f,-0.014107940349452178f,0.7435083604301581f,0.13052619222005152f,1.4567144470385713f,0.9999987428930669f,0.010673325133736889f,-3.415619601499529e-16f,-0.1250187499999998f,0f,0f,0f,1f], start_interpolation: 0, interpolation_duration: 1 }
$data merge entity $(bone_sad) { transformation: [-1.0336312073047516e-15f,0.08745254878743454f,-0.49572243068690514f,0.30235031500879317f,0f,0.6642680571204529f,0.06526309611002577f,1.3075809344722524f,3.0002999999999993f,3.012821504017387e-17f,-1.7078098007497648e-16f,0.14063281250000015f,0f,0f,0f,1f], start_interpolation: 0, interpolation_duration: 1 }
$data merge entity $(bone_head) { transformation: [-3.4454373576825053e-16f,0.13052619222005155f,-0.9914448613738103f,0.04749999999999893f,0f,0.9914448613738103f,0.13052619222005155f,1.287125f,1.0000999999999998f,4.496748513458787e-17f,-3.4156196014995296e-16f,-0.000006249999999897039f,0f,0f,0f,1f], start_interpolation: 0, interpolation_duration: 1 }
$data merge entity $(bone_6) { transformation: [0.018285068829291967f,0.14556319529429695f,-0.9882857568254748f,-0.0661002813984057f,-0.21063337519283415f,0.9674375332837288f,0.13922625164586216f,0.3885906102694141f,0.9763709528211f,0.20598011370342714f,0.04854360757991739f,-0.18778298312980765f,0f,0f,0f,1f], start_interpolation: 0, interpolation_duration: 1 }
$data merge entity $(bone_12) { transformation: [0.018285068829291967f,-0.3397352870577782f,-0.939402637688524f,-0.18609678998861023f,-0.21063337519283415f,0.9180390771463238f,-0.33544534992423f,0.697451447893442f,0.9763709528211f,0.2044118087589244f,-0.05477318247148601f,-0.11890491489337603f,0f,0f,0f,1f], start_interpolation: 0, interpolation_duration: 1 }
$data merge entity $(bone_10) { transformation: [-3.441647755549269e-16f,0.24691485650025624f,-0.9680681414886209f,-0.12149753089866855f,0f,0.9690371786672882f,0.24666794164375594f,1.0290130674517093f,0.999f,8.506446062921686e-17f,-3.3350846310040687e-16f,4.474036844106471e-17f,0f,0f,0f,1f], start_interpolation: 0, interpolation_duration: 1 }
$data merge entity $(bone_9) { transformation: [-3.4450928483976665e-16f,0.5978210388020895f,-0.8016295937436383f,0.08976808212276999f,0f,0.8016295937436383f,0.5978210388020895f,1.3062716240253256f,1f,2.0595489853987423e-16f,-2.7616883804701353e-16f,1.175233336943154e-16f,0f,0f,0f,1f], start_interpolation: 0, interpolation_duration: 1 }
$data merge entity $(item_display_item_display) { transformation: [0.5943205348251465f,0.7873598537405677f,-0.07077163933065048f,0.5259595472872908f,-0.2171101385368872f,0.24769481910982327f,0.9317252528292622f,1.192854945652415f,0.761090159662431f,-0.5452894169936637f,0.32103727602949006f,0.5877387269479963f,0f,0f,0f,1f], start_interpolation: 0, interpolation_duration: 1 }
$data merge entity $(bone_2) { transformation: [0.06914144115833457f,-0.8707418552265916f,0.4638848402371706f,0.05128709557887967f,-0.9310934689836651f,0.09501301951878212f,0.31723644268430906f,1.1717161414448791f,-0.3232180221013263f,-0.45996924219466057f,-0.8146300500500123f,0.6163779849730964f,0f,0f,0f,1f], start_interpolation: 0, interpolation_duration: 1 }
$data merge entity $(bone_1) { transformation: [0.06921065181014471f,-0.12221416775561672f,0.9790016448633343f,0.015394735693282265f,-0.9320254944781432f,0.31406634646906895f,0.10501792447312089f,1.2803328100715785f,-0.32354156366499126f,-0.9308737976843975f,-0.09310099351909941f,0.2958082358095903f,0f,0f,0f,1f], start_interpolation: 0, interpolation_duration: 1 }
$data merge entity $(bone_4) { transformation: [-0.24703866645087383f,-0.8711334721533439f,0.40049215338134125f,0.1838066322527348f,-0.687432668709299f,-0.13491994738626034f,-0.7108913214664836f,1.1194822321838402f,0.6706293244740583f,-0.452468052598261f,-0.5686610873126207f,-0.41066178438581613f,0f,0f,0f,1f], start_interpolation: 0, interpolation_duration: 1 }
$data merge entity $(bone_3) { transformation: [-0.2472859524032771f,-0.8677122643414128f,-0.4078515876363151f,-0.0873534503539567f,-0.6881207894987977f,0.45652761997103586f,-0.5613843561613168f,1.262147113424789f,0.6713006250991574f,0.14309996909647804f,-0.7124781889224552f,-0.36594304404316674f,0f,0f,0f,1f], start_interpolation: 0, interpolation_duration: 1 }
$data merge entity $(bone_8) { transformation: [-0.06574549229019108f,0.5984902340654926f,-0.7972587720339128f,-0.14602998572318293f,0.17230944774672363f,0.7941735122534669f,0.5825798968652564f,0.3890122437161323f,0.9818289103474003f,-0.09929553463976704f,-0.15562248685215216f,0.18853044160102683f,0f,0f,0f,1f], start_interpolation: 0, interpolation_duration: 1 }
$data merge entity $(bone_7) { transformation: [-0.06574549229019108f,-0.05399794231045735f,-0.9954377590201343f,-0.2033440016553938f,0.17230944774672363f,0.9828473452914986f,-0.0642028009513125f,0.6935438003310785f,0.9818289103474003f,-0.1760969988744913f,-0.05538780191380456f,0.13125f,0f,0f,0f,1f], start_interpolation: 0, interpolation_duration: 1 }