# This file was generated by Animated Java via MC-Build. It is not recommended to edit this file directly.
$data merge entity $(bone_layer) { transformation: [-3.4488827950401883e-16f,0.1306567184122716f,-0.9924363062351841f,-0.09250000000000053f,0f,0.9924363062351841f,0.1306567184122716f,1.283625f,1.0011001f,4.5012452619722467e-17f,-3.4190352211010293e-16f,-0.000006249999999914183f,0f,0f,0f,1f], start_interpolation: 0, interpolation_duration: 1 }
$data merge entity $(bone_l_1) { transformation: [-2.5840780182618794e-16f,0.09789464416503868f,-0.9914448613738104f,0.17310872665255778f,0f,0.7435836460303578f,0.13052619222005157f,1.3977699614235448f,0.750075f,3.372561385094091e-17f,-3.41561960149953e-16f,0.09279069760142326f,0f,0f,0f,1f], start_interpolation: 0, interpolation_duration: 1 }
$data merge entity $(bone_eye_l) { transformation: [-3.445437357682506e-16f,0.13052619222005157f,-0.9914448613738104f,-0.09250000000000053f,0f,0.9914448613738104f,0.13052619222005157f,1.283625f,1.0001f,4.496748513458788e-17f,-3.41561960149953e-16f,-0.000006249999999914183f,0f,0f,0f,1f], start_interpolation: 0, interpolation_duration: 1 }
$data merge entity $(bone_r_1) { transformation: [-2.5840780182618794e-16f,0.09789464416503868f,-0.9914448613738104f,0.17310872665255783f,0f,0.7435836460303578f,0.13052619222005157f,1.3977699614235448f,0.750075f,3.372561385094091e-17f,-3.41561960149953e-16f,-0.09280319760142292f,0f,0f,0f,1f], start_interpolation: 0, interpolation_duration: 1 }
$data merge entity $(bone_eye_r) { transformation: [-3.445437357682506e-16f,0.13052619222005157f,-0.9914448613738104f,0.16393132639147567f,0f,0.9914448613738104f,0.13052619222005157f,1.3759437954934326f,1.0001f,4.496748513458788e-17f,-3.41561960149953e-16f,-0.12501874999999982f,0f,0f,0f,1f], start_interpolation: 0, interpolation_duration: 1 }
$data merge entity $(bone_eyes_down) { transformation: [-3.445437357682506e-16f,0.13052619222005157f,-0.9914448613738104f,-0.08096888179938429f,0f,0.9914448613738104f,0.13052619222005157f,1.3712125384966507f,1.0001f,4.496748513458788e-17f,-3.41561960149953e-16f,-0.0000062499999999102106f,0f,0f,0f,1f], start_interpolation: 0, interpolation_duration: 1 }
$data merge entity $(bone_bone) { transformation: [-3.445437357682506e-16f,0.13052619222005157f,-0.9914448613738104f,-0.09250000000000053f,0f,0.9914448613738104f,0.13052619222005157f,1.283625f,1.0001f,4.496748513458788e-17f,-3.41561960149953e-16f,-0.000006249999999914183f,0f,0f,0f,1f], start_interpolation: 0, interpolation_duration: 1 }
$data merge entity $(bone_l) { transformation: [0.004708897216915811f,0.09783091864353179f,-0.9914448613738104f,0.18736871318902326f,0.03576762540179091f,0.7430996026382862f,0.13052619222005157f,1.446231425496399f,0.9994489746594144f,-0.027059902843283797f,-3.41561960149953e-16f,0.12500625000000018f,0f,0f,0f,1f], start_interpolation: 0, interpolation_duration: 1 }
$data merge entity $(bone_r) { transformation: [-0.0047088972169165f,0.09783091864353176f,-0.9914448613738104f,0.18736871318902332f,-0.03576762540179091f,0.7430996026382862f,0.13052619222005157f,1.446231425496399f,0.9994489746594144f,0.027059902843283867f,-3.41561960149953e-16f,-0.12501874999999982f,0f,0f,0f,1f], start_interpolation: 0, interpolation_duration: 1 }
$data merge entity $(bone_sad) { transformation: [-1.0336312073047518e-15f,0.08745254878743455f,-0.4957224306869052f,0.16236683656399797f,0f,0.664268057120453f,0.06526309611002579f,1.3042064281431438f,3.0003f,3.0128215040173885e-17f,-1.707809800749765e-16f,0.14063281250000018f,0f,0f,0f,1f], start_interpolation: 0, interpolation_duration: 1 }
$data merge entity $(bone_head) { transformation: [-3.445437357682506e-16f,0.13052619222005157f,-0.9914448613738104f,-0.09250000000000053f,0f,0.9914448613738104f,0.13052619222005157f,1.283625f,1.0001f,4.496748513458788e-17f,-3.41561960149953e-16f,-0.000006249999999914183f,0f,0f,0f,1f], start_interpolation: 0, interpolation_duration: 1 }
$data merge entity $(bone_6) { transformation: [0.0337141093806545f,0.03733922009562185f,-0.9979994675172424f,-0.0682159398164886f,-0.2033539914851736f,0.9783174021888712f,0.03059639717198631f,0.389545894236152f,0.9775026920554833f,0.20223564776924421f,0.0407861410753408f,-0.18733900203642723f,0f,0f,0f,1f], start_interpolation: 0, interpolation_duration: 1 }
$data merge entity $(bone_12) { transformation: [0.0337141093806545f,-0.5162665128070647f,-0.8549070372128666f,-0.24810141448252998f,-0.2033539914851736f,0.8347519419696795f,-0.5111069108546042f,0.6668785967680558f,0.9775026920554833f,0.19146300721518397f,-0.07684193777216858f,-0.12344005719897455f,0f,0f,0f,1f], start_interpolation: 0, interpolation_duration: 1 }
$data merge entity $(bone_10) { transformation: [-3.441647755549269e-16f,0.1184476354569981f,-0.9919673398401252f,-0.25072301438383515f,0f,0.9929603001402654f,0.118329187821541f,1.0228888003373802f,0.999f,4.080631018225178e-17f,-3.417419588327273e-16f,3.130723423202113e-17f,0f,0f,0f,1f], start_interpolation: 0, interpolation_duration: 1 }
$data merge entity $(bone_9) { transformation: [-3.4450928483976665e-16f,0.5715175594095395f,-0.8205898362072025f,-0.049631789749981f,0f,0.8205898362072025f,0.5715175594095395f,1.3032051618203477f,1f,1.9689310566554931e-16f,-2.8270081761852457e-16f,1.0058502821818309e-16f,0f,0f,0f,1f], start_interpolation: 0, interpolation_duration: 1 }
$data merge entity $(item_display_item_display) { transformation: [0.8793663558609636f,0.45019826004159014f,0.04935587532186373f,0.4224631656174945f,-0.09980771656861444f,0.08715791069747479f,0.979132887416704f,1.1575702601998088f,0.4427196925195298f,-0.8767657881278612f,0.12267162225351588f,0.3646105062005113f,0f,0f,0f,1f], start_interpolation: 0, interpolation_duration: 1 }
$data merge entity $(bone_2) { transformation: [-0.05325595697947919f,-0.9869239425863264f,0.0393013764328215f,-0.006409218880663856f,-0.9786585957966619f,0.057914577980419f,0.1230144196239523f,1.1862674813898644f,-0.1248063804462183f,-0.03300328492302318f,-0.9813773233912476f,0.6096758758441725f,0f,0f,0f,1f], start_interpolation: 0, interpolation_duration: 1 }
$data merge entity $(bone_1) { transformation: [-0.05330926624572492f,-0.3637971657999384f,0.9182674386014049f,-0.1257253231331339f,-0.9796382340306926f,0.13592963199122934f,-0.0031274470094338792f,1.2329737458430405f,-0.12493131175797628f,-0.9106452422884892f,-0.36730901211325917f,0.29434589248179654f,0f,0f,0f,1f], start_interpolation: 0, interpolation_duration: 1 }
$data merge entity $(bone_4) { transformation: [-0.27484285297769756f,-0.7198104784551562f,0.621990661381648f,0.056464785460741906f,-0.7547989950153327f,-0.2396189251418444f,-0.606232929744035f,1.1316540338044134f,0.581442474253533f,-0.6398117093058737f,-0.4812942929050547f,-0.3862854364406102f,0f,0f,0f,1f], start_interpolation: 0, interpolation_duration: 1 }
$data merge entity $(bone_3) { transformation: [-0.2751179709486462f,-0.902545417588018f,-0.30068468023943457f,-0.2255806575355137f,-0.7555545495648975f,0.39853895966708497f,-0.5158510366565588f,1.2561974587003775f,0.5820244987522853f,0.08657940285335831f,-0.7959316721612706f,-0.3592293730489357f,0f,0f,0f,1f], start_interpolation: 0, interpolation_duration: 1 }
$data merge entity $(bone_8) { transformation: [-0.0713715122366439f,0.7048265427524641f,-0.7044575762299358f,-0.2715440545248156f,0.19290056713521125f,0.7029279543349581f,0.6844461400288188f,0.3696017811328642f,0.9775973113573874f,-0.08724160074423432f,-0.18647980776570608f,0.19311827294078904f,0f,0f,0f,1f], start_interpolation: 0, interpolation_duration: 1 }
$data merge entity $(bone_7) { transformation: [-0.0713715122366439f,0.08711185488787251f,-0.9926995803434899f,-0.2846500203238097f,0.19290056713521125f,0.9784275516395882f,0.07248278263449387f,0.6783050040647618f,0.9775973113573874f,-0.18669785334744873f,-0.0867740004852006f,0.13125000000000003f,0f,0f,0f,1f], start_interpolation: 0, interpolation_duration: 1 }