# This file was generated by Animated Java via MC-Build. It is not recommended to edit this file directly.
$data merge entity $(bone_layer) { transformation: [-3.4488827950401883e-16f,0.1306567184122716f,-0.9924363062351841f,-0.1875f,0f,0.9924363062351841f,0.1306567184122716f,1.28125f,1.0011001f,4.5012452619722467e-17f,-3.4190352211010293e-16f,-0.000006249999999925818f,0f,0f,0f,1f], start_interpolation: 0, interpolation_duration: 1 }
$data merge entity $(bone_l_1) { transformation: [-2.5840780182618794e-16f,0.09789464416503868f,-0.9914448613738104f,0.07839101158056372f,0f,0.7435836460303578f,0.13052619222005157f,1.3975391283264025f,0.750075f,3.372561385094091e-17f,-3.41561960149953e-16f,0.09062781250000015f,0f,0f,0f,1f], start_interpolation: 0, interpolation_duration: 1 }
$data merge entity $(bone_eye_l) { transformation: [-3.445437357682506e-16f,0.13052619222005157f,-0.9914448613738104f,-0.1875f,0f,0.9914448613738104f,0.13052619222005157f,1.28125f,1.0001f,4.496748513458788e-17f,-3.41561960149953e-16f,-0.000006249999999925818f,0f,0f,0f,1f], start_interpolation: 0, interpolation_duration: 1 }
$data merge entity $(bone_r_1) { transformation: [-2.5840780182618794e-16f,0.09789464416503868f,-0.9914448613738104f,0.0783910115805638f,0f,0.7435836460303578f,0.13052619222005157f,1.3975391283264025f,0.750075f,3.372561385094091e-17f,-3.41561960149953e-16f,-0.09064031249999985f,0f,0f,0f,1f], start_interpolation: 0, interpolation_duration: 1 }
$data merge entity $(bone_eye_r) { transformation: [-3.445437357682506e-16f,0.13052619222005157f,-0.9914448613738104f,0.0689313263914762f,0f,0.9914448613738104f,0.13052619222005157f,1.3735687954934326f,1.0001f,4.496748513458788e-17f,-3.41561960149953e-16f,-0.12501874999999985f,0f,0f,0f,1f], start_interpolation: 0, interpolation_duration: 1 }
$data merge entity $(bone_eyes_down) { transformation: [-3.445437357682506e-16f,0.13052619222005157f,-0.9914448613738104f,-0.17526316947937015f,0f,0.9914448613738104f,0.13052619222005157f,1.3741979557537947f,1.0001f,4.496748513458788e-17f,-3.41561960149953e-16f,-0.000006249999999921602f,0f,0f,0f,1f], start_interpolation: 0, interpolation_duration: 1 }
$data merge entity $(bone_bone) { transformation: [-3.445437357682506e-16f,0.13052619222005157f,-0.9914448613738104f,-0.1875f,0f,0.9914448613738104f,0.13052619222005157f,1.28125f,1.0001f,4.496748513458788e-17f,-3.41561960149953e-16f,-0.000006249999999925818f,0f,0f,0f,1f], start_interpolation: 0, interpolation_duration: 1 }
$data merge entity $(bone_l) { transformation: [0.005693472539768391f,0.0978014701554707f,-0.9914448613738104f,0.09205114264501768f,0.04324621745963609f,0.7428759191639825f,0.13052619222005157f,1.4414442377306842f,0.999148126404016f,-0.032717811978054366f,-3.41561960149953e-16f,0.12500625000000015f,0f,0f,0f,1f], start_interpolation: 0, interpolation_duration: 1 }
$data merge entity $(bone_r) { transformation: [-0.00569347253976908f,0.09780147015547067f,-0.9914448613738104f,0.09205114264501774f,-0.04324621745963609f,0.7428759191639825f,0.13052619222005157f,1.4414442377306842f,0.999148126404016f,0.032717811978054435f,-3.41561960149953e-16f,-0.12501874999999985f,0f,0f,0f,1f], start_interpolation: 0, interpolation_duration: 1 }
$data merge entity $(bone_sad) { transformation: [-1.0336312073047518e-15f,0.08745254878743455f,-0.4957224306869052f,0.06738438391660967f,0f,0.664268057120453f,0.06526309611002579f,1.3019647135189072f,3.0003f,3.0128215040173885e-17f,-1.707809800749765e-16f,0.14063281250000015f,0f,0f,0f,1f], start_interpolation: 0, interpolation_duration: 1 }
$data merge entity $(bone_head) { transformation: [-3.445437357682506e-16f,0.13052619222005157f,-0.9914448613738104f,-0.1875f,0f,0.9914448613738104f,0.13052619222005157f,1.28125f,1.0001f,4.496748513458788e-17f,-3.41561960149953e-16f,-0.000006249999999925818f,0f,0f,0f,1f], start_interpolation: 0, interpolation_duration: 1 }
$data merge entity $(bone_6) { transformation: [0.03866869230310665f,-0.00023487298057039974f,-0.998579942770248f,-0.11349910405347641f,-0.20015916023299163f,0.9793676478142088f,-0.007065748786412751f,0.39370848498099076f,0.9779785492588224f,0.2004527485039824f,0.03803713919055092f,-0.18640336963366905f,0f,0f,0f,1f], start_interpolation: 0, interpolation_duration: 1 }
$data merge entity $(bone_12) { transformation: [0.03866869230310665f,-0.5729543216679729f,-0.8178540838990425f,-0.31263875714676237f,-0.20015916023299163f,0.7981982638084482f,-0.5675301278736027f,0.6558951346679837f,0.9779785492588224f,0.18601848546628924f,-0.08381677281684198f,-0.12486875863216006f,0f,0f,0f,1f], start_interpolation: 0, interpolation_duration: 1 }
$data merge entity $(bone_10) { transformation: [-3.441647755549269e-16f,0.07371934169487737f,-0.9962817484568371f,-0.34125650406873864f,0f,0.9972790274843215f,0.07364562235318245f,1.0220488584506886f,0.999f,2.53969976861606e-17f,-3.4322831265977723e-16f,2.121184391450451e-17f,0f,0f,0f,1f], start_interpolation: 0, interpolation_duration: 1 }
$data merge entity $(bone_9) { transformation: [-3.4450928483976665e-16f,0.5624823364001899f,-0.8268093016154232f,-0.14428651603300421f,0f,0.8268093016154232f,0.5624823364001899f,1.300896731018933f,1f,1.9378038744823046e-16f,-2.8484348119839634e-16f,8.906983362759277e-17f,0f,0f,0f,1f], start_interpolation: 0, interpolation_duration: 1 }
$data merge entity $(item_display_item_display) { transformation: [0.9358808386402553f,0.30736403053577305f,0.09035810088846212f,0.3254471916423365f,-0.10282295855607697f,0.02339536954172266f,0.9823990549344028f,1.110116984004172f,0.3044125641365565f,-0.9402702571074814f,0.053973198162065375f,0.2868906171656684f,0f,0f,0f,1f], start_interpolation: 0, interpolation_duration: 1 }
$data merge entity $(bone_2) { transformation: [-0.09613003586700909f,-0.9780303225969014f,-0.11280905142124481f,-0.07629876890756387f,-0.9817281564680033f,0.08902275943671333f,0.06717575722264056f,1.1822097445468627f,-0.05616333040983166f,0.11790505364340365f,-0.9811382931919568f,0.6004214659988245f,0f,0f,0f,1f], start_interpolation: 0, interpolation_duration: 1 }
$data merge entity $(bone_1) { transformation: [-0.09622626212913823f,-0.4405119042898442f,0.8804649091136427f,-0.22222183032523757f,-0.9827108673353386f,0.09357214029961226f,-0.06067856801138074f,1.2139959267247833f,-0.05621954995979145f,-0.8816425107370252f,-0.4463635685218883f,0.2945670806297102f,0f,0f,0f,1f], start_interpolation: 0, interpolation_duration: 1 }
$data merge entity $(bone_4) { transformation: [-0.28439945545420525f,-0.6540876393091877f,0.686949584961076f,-0.035229772083064936f,-0.775355748465189f,-0.2642470287108887f,-0.5683695732068973f,1.1336895662162365f,0.5488860361081204f,-0.6988505036389354f,-0.4358267778313317f,-0.3771514405515656f,0f,0f,0f,1f], start_interpolation: 0, interpolation_duration: 1 }
$data merge entity $(bone_3) { transformation: [-0.28468413959379907f,-0.9113557840929521f,-0.2629848036970598f,-0.3200284546121125f,-0.7761318803455345f,0.3821342696246692f,-0.4968338393349877f,1.2531065254739455f,0.5494354715797001f,0.06388982241166585f,-0.8211303777741026f,-0.35718587104792f,0f,0f,0f,1f], start_interpolation: 0, interpolation_duration: 1 }
$data merge entity $(bone_8) { transformation: [-0.07331442140376083f,0.7383507994997771f,-0.6690276527178747f,-0.36163838917855984f,0.19998868442387696f,0.66829468121591f,0.7163556834668543f,0.36315546191845766f,0.9760279434779839f,-0.08146939391832021f,-0.1970293473609192f,0.19433460727635668f,0f,0f,0f,1f], start_interpolation: 0, interpolation_duration: 1 }
$data merge entity $(bone_7) { transformation: [-0.07331442140376083f,0.13556684132454025f,-0.9871076611780683f,-0.35937500000000006f,0.19998868442387696f,0.9724079843724431f,0.11918874991147874f,0.671875f,0.9760279434779839f,-0.18905719972362436f,-0.09856571969782292f,0.13125f,0f,0f,0f,1f], start_interpolation: 0, interpolation_duration: 1 }