# This file was generated by Animated Java via MC-Build. It is not recommended to edit this file directly.
$data merge entity $(bone_layer) { transformation: [-3.4488827950401883e-16f,0.13065671841227164f,-0.9924363062351843f,-0.22749999999999987f,0f,0.9924363062351843f,0.13065671841227164f,1.2810000000000001f,1.0011001f,4.501245261972247e-17f,-3.4190352211010303e-16f,-0.000006249999999930717f,0f,0f,0f,1f], start_interpolation: 0, interpolation_duration: 1 }
$data merge entity $(bone_l_1) { transformation: [-2.5840780182618794e-16f,0.09789464416503871f,-0.9914448613738108f,0.038391011580563905f,0f,0.743583646030358f,0.13052619222005163f,1.3972891283264026f,0.750075f,3.372561385094092e-17f,-3.415619601499532e-16f,0.09062781250000015f,0f,0f,0f,1f], start_interpolation: 0, interpolation_duration: 1 }
$data merge entity $(bone_eye_l) { transformation: [-3.445437357682506e-16f,0.1305261922200516f,-0.9914448613738106f,-0.22749999999999987f,0f,0.9914448613738106f,0.1305261922200516f,1.2810000000000001f,1.0001f,4.496748513458789e-17f,-3.415619601499531e-16f,-0.000006249999999930717f,0f,0f,0f,1f], start_interpolation: 0, interpolation_duration: 1 }
$data merge entity $(bone_r_1) { transformation: [-2.5840780182618794e-16f,0.09789464416503871f,-0.9914448613738108f,0.03839101158056399f,0f,0.743583646030358f,0.13052619222005163f,1.3972891283264026f,0.750075f,3.372561385094092e-17f,-3.415619601499532e-16f,-0.09064031249999985f,0f,0f,0f,1f], start_interpolation: 0, interpolation_duration: 1 }
$data merge entity $(bone_eye_r) { transformation: [-3.445437357682506e-16f,0.1305261922200516f,-0.9914448613738106f,0.028931326391476386f,0f,0.9914448613738106f,0.1305261922200516f,1.3733187954934327f,1.0001f,4.496748513458789e-17f,-3.415619601499531e-16f,-0.12501874999999985f,0f,0f,0f,1f], start_interpolation: 0, interpolation_duration: 1 }
$data merge entity $(bone_eyes_down) { transformation: [-3.445437357682506e-16f,0.1305261922200516f,-0.9914448613738106f,-0.21526316947937002f,0f,0.9914448613738106f,0.1305261922200516f,1.3739479557537948f,1.0001f,4.496748513458789e-17f,-3.415619601499531e-16f,-0.0000062499999999265016f,0f,0f,0f,1f], start_interpolation: 0, interpolation_duration: 1 }
$data merge entity $(bone_bone) { transformation: [-3.445437357682506e-16f,0.1305261922200516f,-0.9914448613738106f,-0.22749999999999987f,0f,0.9914448613738106f,0.1305261922200516f,1.2810000000000001f,1.0001f,4.496748513458789e-17f,-3.415619601499531e-16f,-0.000006249999999930717f,0f,0f,0f,1f], start_interpolation: 0, interpolation_duration: 1 }
$data merge entity $(bone_l) { transformation: [0.005693472539768395f,0.09780147015547072f,-0.9914448613738108f,0.05205114264501787f,0.04324621745963611f,0.7428759191639828f,0.13052619222005163f,1.4411942377306843f,0.9991481264040162f,-0.03271781197805437f,-3.415619601499532e-16f,0.12500625000000015f,0f,0f,0f,1f], start_interpolation: 0, interpolation_duration: 1 }
$data merge entity $(bone_r) { transformation: [-0.005693472539769083f,0.0978014701554707f,-0.9914448613738108f,0.05205114264501792f,-0.04324621745963611f,0.7428759191639828f,0.13052619222005163f,1.4411942377306843f,0.9991481264040162f,0.03271781197805444f,-3.415619601499532e-16f,-0.12501874999999985f,0f,0f,0f,1f], start_interpolation: 0, interpolation_duration: 1 }
$data merge entity $(bone_sad) { transformation: [-1.0336312073047518e-15f,0.08745254878743458f,-0.4957224306869053f,0.02740291043947296f,0f,0.6642680571204531f,0.0652630961100258f,1.3018554364311394f,3.0003f,3.0128215040173885e-17f,-1.7078098007497655e-16f,0.14063281250000015f,0f,0f,0f,1f], start_interpolation: 0, interpolation_duration: 1 }
$data merge entity $(bone_head) { transformation: [-3.445437357682506e-16f,0.1305261922200516f,-0.9914448613738106f,-0.22749999999999987f,0f,0.9914448613738106f,0.1305261922200516f,1.2810000000000001f,1.0001f,4.496748513458789e-17f,-3.415619601499531e-16f,-0.000006249999999930717f,0f,0f,0f,1f], start_interpolation: 0, interpolation_duration: 1 }
$data merge entity $(bone_6) { transformation: [0.03866869230310664f,-0.00023487298057012218f,-0.9985799427702482f,-0.15009602861592738f,-0.20015916023299163f,0.9793676478142088f,-0.007065748786412529f,0.39644219715166473f,0.9779785492588224f,0.2004527485039824f,0.038037139190550975f,-0.18581602511967793f,0f,0f,0f,1f], start_interpolation: 0, interpolation_duration: 1 }
$data merge entity $(bone_12) { transformation: [0.03866869230310664f,-0.5729543216679729f,-0.8178540838990425f,-0.3496730027131974f,-0.20015916023299163f,0.7981982638084482f,-0.5675301278736027f,0.6561900461392254f,0.9779785492588224f,0.18601848546628924f,-0.08381677281684198f,-0.12476326279367453f,0f,0f,0f,1f], start_interpolation: 0, interpolation_duration: 1 }
$data merge entity $(bone_10) { transformation: [-3.441647755549269e-16f,0.07407311352439472f,-0.9962555605959098f,-0.38010541669551445f,0f,0.9972528134093191f,0.0739990404108703f,1.0253892172774601f,0.999f,2.5518875366144094e-17f,-3.4321929069853773e-16f,1.670981700565261e-17f,0f,0f,0f,1f], start_interpolation: 0, interpolation_duration: 1 }
$data merge entity $(bone_9) { transformation: [-3.4450928483976665e-16f,0.562775604754194f,-0.8266097136457757f,-0.1840722397510395f,0f,0.8266097136457757f,0.562775604754194f,1.300510221972097f,1f,1.9388142111913458e-16f,-2.847747212897105e-16f,8.424506659966112e-17f,0f,0f,0f,1f], start_interpolation: 0, interpolation_duration: 1 }
$data merge entity $(item_display_item_display) { transformation: [0.9363425280763936f,0.3063846747489076f,0.08888913877335008f,0.30187577327449344f,-0.10120256806721956f,0.023333897163647144f,0.9825687643712184f,1.0954361610886805f,0.30353111559403184f,-0.9405924315810209f,0.053319895383897566f,0.28064232825675645f,0f,0f,0f,1f], start_interpolation: 0, interpolation_duration: 1 }
$data merge entity $(bone_2) { transformation: [-0.0961300358670091f,-0.9780303225969014f,-0.11280905142124548f,-0.11629876890756366f,-0.9817281564680034f,0.0890227594367133f,0.06717575722264056f,1.1819597445468628f,-0.056163330409831604f,0.1179050536434042f,-0.9811382931919568f,0.6004214659988244f,0f,0f,0f,1f], start_interpolation: 0, interpolation_duration: 1 }
$data merge entity $(bone_1) { transformation: [-0.09622626212913825f,-0.4405119042898443f,0.8804649091136428f,-0.2622218303252374f,-0.9827108673353387f,0.09357214029961221f,-0.06067856801138077f,1.2137459267247834f,-0.05621954995979139f,-0.8816425107370253f,-0.4463635685218883f,0.29456708062971015f,0f,0f,0f,1f], start_interpolation: 0, interpolation_duration: 1 }
$data merge entity $(bone_4) { transformation: [-0.28439945545420525f,-0.6540876393091877f,0.686949584961076f,-0.07522977208306486f,-0.775355748465189f,-0.2642470287108887f,-0.5683695732068973f,1.1334395662162362f,0.5488860361081203f,-0.6988505036389354f,-0.4358267778313317f,-0.3771514405515656f,0f,0f,0f,1f], start_interpolation: 0, interpolation_duration: 1 }
$data merge entity $(bone_3) { transformation: [-0.28468413959379907f,-0.9113557840929521f,-0.2629848036970598f,-0.3600284546121124f,-0.7761318803455345f,0.38213426962466923f,-0.4968338393349877f,1.2528565254739454f,0.5494354715797f,0.06388982241166588f,-0.8211303777741026f,-0.35718587104792f,0f,0f,0f,1f], start_interpolation: 0, interpolation_duration: 1 }
$data merge entity $(bone_8) { transformation: [-0.07331442140376085f,0.7383507994997771f,-0.6690276527178746f,-0.4016383891785598f,0.19998868442387696f,0.6682946812159098f,0.7163556834668544f,0.3629054619184577f,0.9760279434779839f,-0.08146939391832014f,-0.1970293473609192f,0.19433460727635665f,0f,0f,0f,1f], start_interpolation: 0, interpolation_duration: 1 }
$data merge entity $(bone_7) { transformation: [-0.07331442140376085f,0.1355668413245403f,-0.9871076611780683f,-0.399375f,0.19998868442387696f,0.9724079843724431f,0.11918874991147879f,0.671625f,0.9760279434779839f,-0.18905719972362434f,-0.09856571969782295f,0.13125f,0f,0f,0f,1f], start_interpolation: 0, interpolation_duration: 1 }