# This file was generated by Animated Java via MC-Build. It is not recommended to edit this file directly.
$data merge entity $(bone_layer) { transformation: [-3.4488827950401883e-16f,0.13065671841227164f,-0.9924363062351841f,-0.23249999999999998f,0f,0.9924363062351841f,0.13065671841227164f,1.282375f,1.0011001f,4.501245261972247e-17f,-3.4190352211010293e-16f,-0.000006249999999931329f,0f,0f,0f,1f], start_interpolation: 0, interpolation_duration: 1 }
$data merge entity $(bone_l_1) { transformation: [-2.58407801826188e-16f,0.09789464416503872f,-0.9914448613738104f,0.033391011580563734f,0f,0.7435836460303579f,0.1305261922200516f,1.3986641283264025f,0.7500750000000002f,3.3725613850940924e-17f,-3.41561960149953e-16f,0.09062781250000015f,0f,0f,0f,1f], start_interpolation: 0, interpolation_duration: 1 }
$data merge entity $(bone_eye_l) { transformation: [-3.445437357682506e-16f,0.1305261922200516f,-0.9914448613738104f,-0.23249999999999998f,0f,0.9914448613738104f,0.1305261922200516f,1.282375f,1.0001f,4.496748513458789e-17f,-3.41561960149953e-16f,-0.000006249999999931329f,0f,0f,0f,1f], start_interpolation: 0, interpolation_duration: 1 }
$data merge entity $(bone_r_1) { transformation: [-2.58407801826188e-16f,0.09789464416503872f,-0.9914448613738104f,0.03339101158056382f,0f,0.7435836460303579f,0.1305261922200516f,1.3986641283264025f,0.7500750000000002f,3.3725613850940924e-17f,-3.41561960149953e-16f,-0.09064031249999985f,0f,0f,0f,1f], start_interpolation: 0, interpolation_duration: 1 }
$data merge entity $(bone_eye_r) { transformation: [-3.445437357682506e-16f,0.1305261922200516f,-0.9914448613738104f,0.023931326391476215f,0f,0.9914448613738104f,0.1305261922200516f,1.3746937954934326f,1.0001f,4.496748513458789e-17f,-3.41561960149953e-16f,-0.12501874999999985f,0f,0f,0f,1f], start_interpolation: 0, interpolation_duration: 1 }
$data merge entity $(bone_eyes_down) { transformation: [-3.445437357682506e-16f,0.1305261922200516f,-0.9914448613738104f,-0.22026316947937014f,0f,0.9914448613738104f,0.1305261922200516f,1.3753229557537947f,1.0001f,4.496748513458789e-17f,-3.41561960149953e-16f,-0.000006249999999927113f,0f,0f,0f,1f], start_interpolation: 0, interpolation_duration: 1 }
$data merge entity $(bone_bone) { transformation: [-3.445437357682506e-16f,0.1305261922200516f,-0.9914448613738104f,-0.23249999999999998f,0f,0.9914448613738104f,0.1305261922200516f,1.282375f,1.0001f,4.496748513458789e-17f,-3.41561960149953e-16f,-0.000006249999999931329f,0f,0f,0f,1f], start_interpolation: 0, interpolation_duration: 1 }
$data merge entity $(bone_l) { transformation: [0.005693472539768393f,0.09780147015547073f,-0.9914448613738104f,0.047051142645017696f,0.04324621745963609f,0.7428759191639827f,0.1305261922200516f,1.4425692377306842f,0.999148126404016f,-0.032717811978054366f,-3.41561960149953e-16f,0.12500625000000015f,0f,0f,0f,1f], start_interpolation: 0, interpolation_duration: 1 }
$data merge entity $(bone_r) { transformation: [-0.005693472539769082f,0.09780147015547071f,-0.9914448613738104f,0.04705114264501775f,-0.04324621745963609f,0.7428759191639827f,0.1305261922200516f,1.4425692377306842f,0.999148126404016f,0.032717811978054435f,-3.41561960149953e-16f,-0.12501874999999985f,0f,0f,0f,1f], start_interpolation: 0, interpolation_duration: 1 }
$data merge entity $(bone_sad) { transformation: [-1.0336312073047518e-15f,0.08745254878743458f,-0.4957224306869052f,0.022422369505433026f,0f,0.664268057120453f,0.0652630961100258f,1.3033782427114367f,3.0003f,3.0128215040173885e-17f,-1.707809800749765e-16f,0.14063281250000015f,0f,0f,0f,1f], start_interpolation: 0, interpolation_duration: 1 }
$data merge entity $(bone_head) { transformation: [-3.445437357682506e-16f,0.1305261922200516f,-0.9914448613738104f,-0.23249999999999998f,0f,0.9914448613738104f,0.1305261922200516f,1.282375f,1.0001f,4.496748513458789e-17f,-3.41561960149953e-16f,-0.000006249999999931329f,0f,0f,0f,1f], start_interpolation: 0, interpolation_duration: 1 }
$data merge entity $(bone_6) { transformation: [0.03866869230310665f,-0.00023487298057012218f,-0.9985799427702482f,-0.15169295317837855f,-0.20015916023299163f,0.9793676478142088f,-0.0070657487864125845f,0.4008009093223385f,0.9779785492588224f,0.2004527485039824f,0.038037139190550975f,-0.1852286806056868f,0f,0f,0f,1f], start_interpolation: 0, interpolation_duration: 1 }
$data merge entity $(bone_12) { transformation: [0.03866869230310665f,-0.5729543216679729f,-0.8178540838990425f,-0.3517072482796326f,-0.20015916023299163f,0.7981982638084482f,-0.5675301278736028f,0.658109957610467f,0.9779785492588224f,0.18601848546628924f,-0.08381677281684198f,-0.12465776695518901f,0f,0f,0f,1f], start_interpolation: 0, interpolation_duration: 1 }
$data merge entity $(bone_10) { transformation: [-3.441647755549269e-16f,0.07442687603242648f,-0.9962292473645039f,-0.383951710088694f,0f,0.9972264738383423f,0.07435244915639405f,1.0303538759014073f,0.999f,2.5640749834789227e-17f,-3.4321022554600423e-16f,1.6494956244109606e-17f,0f,0f,0f,1f], start_interpolation: 0, interpolation_duration: 1 }
$data merge entity $(bone_9) { transformation: [-3.4450928483976665e-16f,0.5630688022875677f,-0.826410021654169f,-0.18885796346907496f,0f,0.826410021654169f,0.5630688022875677f,1.3017487129252607f,1f,1.9398243039167393e-16f,-2.8470592554449383e-16f,8.37065633687452e-17f,0f,0f,0f,1f], start_interpolation: 0, interpolation_duration: 1 }
$data merge entity $(item_display_item_display) { transformation: [0.936712769036551f,0.30559088289112735f,0.08771304586577318f,0.31014501228508173f,-0.09989611609683904f,0.023255111580250704f,0.9827043161767346f,1.085155496426168f,0.30281790781657636f,-0.9408534427242681f,0.05276727910825103f,0.2755956333687889f,0f,0f,0f,1f], start_interpolation: 0, interpolation_duration: 1 }
$data merge entity $(bone_2) { transformation: [-0.09613003586700884f,-0.9780303225969013f,-0.11280905142124636f,-0.12129876890756364f,-0.9817281564680033f,0.08902275943671295f,0.06717575722264085f,1.1833347445468627f,-0.05616333040983199f,0.11790505364340514f,-0.9811382931919566f,0.6004214659988243f,0f,0f,0f,1f], start_interpolation: 0, interpolation_duration: 1 }
$data merge entity $(bone_1) { transformation: [-0.09622626212913798f,-0.4405119042898451f,0.8804649091136423f,-0.2672218303252376f,-0.9827108673353386f,0.09357214029961236f,-0.060678568011380336f,1.2151209267247833f,-0.05621954995979178f,-0.8816425107370247f,-0.4463635685218891f,0.29456708062971015f,0f,0f,0f,1f], start_interpolation: 0, interpolation_duration: 1 }
$data merge entity $(bone_4) { transformation: [-0.28439945545420525f,-0.6540876393091877f,0.686949584961076f,-0.08022977208306498f,-0.775355748465189f,-0.2642470287108887f,-0.5683695732068973f,1.1348145662162366f,0.5488860361081203f,-0.6988505036389354f,-0.4358267778313317f,-0.3771514405515656f,0f,0f,0f,1f], start_interpolation: 0, interpolation_duration: 1 }
$data merge entity $(bone_3) { transformation: [-0.28468413959379907f,-0.9113557840929521f,-0.2629848036970598f,-0.36502845461211253f,-0.7761318803455345f,0.3821342696246692f,-0.4968338393349877f,1.2542315254739456f,0.5494354715797f,0.06388982241166585f,-0.8211303777741026f,-0.35718587104792f,0f,0f,0f,1f], start_interpolation: 0, interpolation_duration: 1 }
$data merge entity $(bone_8) { transformation: [-0.07331442140376085f,0.7383507994997771f,-0.6690276527178747f,-0.4066383891785599f,0.19998868442387696f,0.66829468121591f,0.7163556834668543f,0.3642804619184577f,0.9760279434779839f,-0.08146939391832018f,-0.1970293473609192f,0.19433460727635665f,0f,0f,0f,1f], start_interpolation: 0, interpolation_duration: 1 }
$data merge entity $(bone_7) { transformation: [-0.07331442140376085f,0.13556684132454028f,-0.9871076611780683f,-0.4043750000000001f,0.19998868442387696f,0.9724079843724431f,0.11918874991147874f,0.673f,0.9760279434779839f,-0.18905719972362434f,-0.09856571969782293f,0.13125f,0f,0f,0f,1f], start_interpolation: 0, interpolation_duration: 1 }