# This file was generated by Animated Java via MC-Build. It is not recommended to edit this file directly.
$data merge entity $(bone_layer) { transformation: [-3.4488827950401873e-16f,0.13065671841227158f,-0.992436306235184f,-0.2174999999999998f,0f,0.992436306235184f,0.13065671841227158f,1.283875f,1.0011000999999997f,4.5012452619722454e-17f,-3.419035221101029e-16f,-0.000006249999999929492f,0f,0f,0f,1f], start_interpolation: 0, interpolation_duration: 1 }
$data merge entity $(bone_l_1) { transformation: [-2.584078018261879e-16f,0.09789464416503865f,-0.9914448613738102f,0.048391011580563914f,0f,0.7435836460303578f,0.13052619222005152f,1.4001641283264026f,0.7500749999999998f,3.37256138509409e-17f,-3.415619601499529e-16f,0.09062781250000013f,0f,0f,0f,1f], start_interpolation: 0, interpolation_duration: 1 }
$data merge entity $(bone_eye_l) { transformation: [-3.4454373576825053e-16f,0.13052619222005155f,-0.9914448613738103f,-0.2174999999999998f,0f,0.9914448613738103f,0.13052619222005155f,1.283875f,1.0000999999999998f,4.496748513458787e-17f,-3.4156196014995296e-16f,-0.000006249999999929492f,0f,0f,0f,1f], start_interpolation: 0, interpolation_duration: 1 }
$data merge entity $(bone_r_1) { transformation: [-2.584078018261879e-16f,0.09789464416503865f,-0.9914448613738102f,0.048391011580563935f,0f,0.7435836460303578f,0.13052619222005152f,1.4001641283264026f,0.7500749999999998f,3.37256138509409e-17f,-3.415619601499529e-16f,-0.09064031249999982f,0f,0f,0f,1f], start_interpolation: 0, interpolation_duration: 1 }
$data merge entity $(bone_eye_r) { transformation: [-3.4454373576825053e-16f,0.13052619222005155f,-0.9914448613738103f,0.03893132639147634f,0f,0.9914448613738103f,0.13052619222005155f,1.3761937954934327f,1.0000999999999998f,4.496748513458787e-17f,-3.4156196014995296e-16f,-0.12501874999999982f,0f,0f,0f,1f], start_interpolation: 0, interpolation_duration: 1 }
$data merge entity $(bone_eyes_down) { transformation: [-3.4454373576825053e-16f,0.13052619222005155f,-0.9914448613738103f,-0.20526316947936998f,0f,0.9914448613738103f,0.13052619222005155f,1.3768229557537948f,1.0000999999999998f,4.496748513458787e-17f,-3.4156196014995296e-16f,-0.000006249999999925276f,0f,0f,0f,1f], start_interpolation: 0, interpolation_duration: 1 }
$data merge entity $(bone_bone) { transformation: [-3.4454373576825053e-16f,0.13052619222005155f,-0.9914448613738103f,-0.2174999999999998f,0f,0.9914448613738103f,0.13052619222005155f,1.283875f,1.0000999999999998f,4.496748513458787e-17f,-3.4156196014995296e-16f,-0.000006249999999929492f,0f,0f,0f,1f], start_interpolation: 0, interpolation_duration: 1 }
$data merge entity $(bone_l) { transformation: [0.0056934725397683895f,0.09780147015547068f,-0.9914448613738102f,0.06205114264501782f,0.043246217459636076f,0.7428759191639825f,0.13052619222005152f,1.4440692377306843f,0.9991481264040156f,-0.03271781197805436f,-3.415619601499529e-16f,0.12500625000000012f,0f,0f,0f,1f], start_interpolation: 0, interpolation_duration: 1 }
$data merge entity $(bone_r) { transformation: [-0.005693472539769078f,0.09780147015547065f,-0.9914448613738102f,0.06205114264501793f,-0.043246217459636076f,0.7428759191639825f,0.13052619222005152f,1.4440692377306843f,0.9991481264040156f,0.03271781197805443f,-3.415619601499529e-16f,-0.12501874999999982f,0f,0f,0f,1f], start_interpolation: 0, interpolation_duration: 1 }
$data merge entity $(bone_sad) { transformation: [-1.0336312073047516e-15f,0.08745254878743454f,-0.49572243068690514f,0.037442714487335715f,0f,0.6642680571204529f,0.06526309611002577f,1.3050327781913962f,3.0002999999999993f,3.012821504017387e-17f,-1.7078098007497648e-16f,0.14063281250000012f,0f,0f,0f,1f], start_interpolation: 0, interpolation_duration: 1 }
$data merge entity $(bone_head) { transformation: [-3.4454373576825053e-16f,0.13052619222005155f,-0.9914448613738103f,-0.2174999999999998f,0f,0.9914448613738103f,0.13052619222005155f,1.283875f,1.0000999999999998f,4.496748513458787e-17f,-3.4156196014995296e-16f,-0.000006249999999929492f,0f,0f,0f,1f], start_interpolation: 0, interpolation_duration: 1 }
$data merge entity $(bone_6) { transformation: [0.03866869230310664f,-0.0002348729805702332f,-0.998579942770248f,-0.13328987774082948f,-0.2001591602329916f,0.9793676478142087f,-0.00706574878641264f,0.4052846214930124f,0.9779785492588224f,0.20045274850398237f,0.03803713919055095f,-0.1846413360916957f,0f,0f,0f,1f], start_interpolation: 0, interpolation_duration: 1 }
$data merge entity $(bone_12) { transformation: [0.03866869230310664f,-0.5729543216679728f,-0.8178540838990426f,-0.33374149384606755f,-0.2001591602329916f,0.7981982638084482f,-0.5675301278736026f,0.6601548690817086f,0.9779785492588224f,0.18601848546628924f,-0.08381677281684195f,-0.12455227111670349f,0f,0f,0f,1f], start_interpolation: 0, interpolation_duration: 1 }
$data merge entity $(bone_10) { transformation: [-3.441647755549269e-16f,0.07478062917445522f,-0.9962028087659309f,-0.3677953846273323f,0f,0.9972000087747055f,0.07470584854528078f,1.0354428329332697f,0.999f,2.5762621076759386e-17f,-3.432011172033177e-16f,1.8730291300566324e-17f,0f,0f,0f,1f], start_interpolation: 0, interpolation_duration: 1 }
$data merge entity $(bone_9) { transformation: [-3.4450928483976665e-16f,0.5633619289634146f,-0.8262102256657325f,-0.17364368718711007f,0f,0.8262102256657325f,0.5633619289634146f,1.3031122038784249f,1f,1.9408341525313742e-16f,-2.8463709397140373e-16f,8.561735373612404e-17f,0f,0f,0f,1f], start_interpolation: 0, interpolation_duration: 1 }
$data merge entity $(item_display_item_display) { transformation: [0.9369407676028718f,0.3050982686781566f,0.08698978244992144f,0.3333593031011606f,-0.09908858999355609f,0.0231933058192295f,0.982787530016784f,1.0794400849684218f,0.30237580040068285f,-0.9410153622759484f,0.05241407270681785f,0.27247148891433415f,0f,0f,0f,1f], start_interpolation: 0, interpolation_duration: 1 }
$data merge entity $(bone_2) { transformation: [-0.09613003586700927f,-0.9780303225969013f,-0.11280905142124448f,-0.10629876890756387f,-0.9817281564680032f,0.08902275943671353f,0.06717575722264037f,1.1848347445468628f,-0.05616333040983155f,0.11790505364340315f,-0.9811382931919568f,0.6004214659988245f,0f,0f,0f,1f], start_interpolation: 0, interpolation_duration: 1 }
$data merge entity $(bone_1) { transformation: [-0.09622626212913842f,-0.4405119042898439f,0.8804649091136427f,-0.25222183032523743f,-0.9827108673353385f,0.09357214029961214f,-0.060678568011381f,1.2166209267247834f,-0.05621954995979134f,-0.8816425107370254f,-0.4463635685218878f,0.2945670806297102f,0f,0f,0f,1f], start_interpolation: 0, interpolation_duration: 1 }
$data merge entity $(bone_4) { transformation: [-0.28439945545420514f,-0.6540876393091876f,0.686949584961076f,-0.0652297720830648f,-0.7753557484651891f,-0.2642470287108889f,-0.5683695732068973f,1.1363145662162366f,0.5488860361081205f,-0.6988505036389352f,-0.43582677783133167f,-0.3771514405515656f,0f,0f,0f,1f], start_interpolation: 0, interpolation_duration: 1 }
$data merge entity $(bone_3) { transformation: [-0.28468413959379896f,-0.911355784092952f,-0.26298480369705973f,-0.3500284546121123f,-0.7761318803455346f,0.3821342696246691f,-0.4968338393349879f,1.2557315254739456f,0.5494354715797002f,0.06388982241166591f,-0.8211303777741024f,-0.35718587104792f,0f,0f,0f,1f], start_interpolation: 0, interpolation_duration: 1 }
$data merge entity $(bone_8) { transformation: [-0.07331442140376083f,0.7383507994997771f,-0.6690276527178747f,-0.39163838917855964f,0.19998868442387693f,0.66829468121591f,0.7163556834668543f,0.36578046191845764f,0.9760279434779839f,-0.0814693939183202f,-0.1970293473609192f,0.19433460727635665f,0f,0f,0f,1f], start_interpolation: 0, interpolation_duration: 1 }
$data merge entity $(bone_7) { transformation: [-0.07331442140376083f,0.13556684132454025f,-0.9871076611780683f,-0.38937499999999986f,0.19998868442387693f,0.9724079843724431f,0.11918874991147874f,0.6745f,0.9760279434779839f,-0.18905719972362434f,-0.0985657196978229f,0.13125f,0f,0f,0f,1f], start_interpolation: 0, interpolation_duration: 1 }