# This file was generated by Animated Java via MC-Build. It is not recommended to edit this file directly.
$data merge entity $(bone_layer) { transformation: [-3.4488827950401883e-16f,0.1306567184122716f,-0.9924363062351841f,-0.19750000000000006f,0f,0.9924363062351841f,0.1306567184122716f,1.284f,1.0011001f,4.5012452619722467e-17f,-3.4190352211010293e-16f,-0.000006249999999927042f,0f,0f,0f,1f], start_interpolation: 0, interpolation_duration: 1 }
$data merge entity $(bone_l_1) { transformation: [-2.5840780182618794e-16f,0.09789464416503868f,-0.9914448613738104f,0.06839101158056365f,0f,0.7435836460303578f,0.13052619222005157f,1.4002891283264025f,0.750075f,3.372561385094091e-17f,-3.41561960149953e-16f,0.09062781250000015f,0f,0f,0f,1f], start_interpolation: 0, interpolation_duration: 1 }
$data merge entity $(bone_eye_l) { transformation: [-3.445437357682506e-16f,0.13052619222005157f,-0.9914448613738104f,-0.19750000000000006f,0f,0.9914448613738104f,0.13052619222005157f,1.284f,1.0001f,4.496748513458788e-17f,-3.41561960149953e-16f,-0.000006249999999927042f,0f,0f,0f,1f], start_interpolation: 0, interpolation_duration: 1 }
$data merge entity $(bone_r_1) { transformation: [-2.5840780182618794e-16f,0.09789464416503868f,-0.9914448613738104f,0.06839101158056374f,0f,0.7435836460303578f,0.13052619222005157f,1.4002891283264025f,0.750075f,3.372561385094091e-17f,-3.41561960149953e-16f,-0.09064031249999985f,0f,0f,0f,1f], start_interpolation: 0, interpolation_duration: 1 }
$data merge entity $(bone_eye_r) { transformation: [-3.445437357682506e-16f,0.13052619222005157f,-0.9914448613738104f,0.058931326391476135f,0f,0.9914448613738104f,0.13052619222005157f,1.3763187954934326f,1.0001f,4.496748513458788e-17f,-3.41561960149953e-16f,-0.12501874999999985f,0f,0f,0f,1f], start_interpolation: 0, interpolation_duration: 1 }
$data merge entity $(bone_eyes_down) { transformation: [-3.445437357682506e-16f,0.13052619222005157f,-0.9914448613738104f,-0.18526316947937022f,0f,0.9914448613738104f,0.13052619222005157f,1.3769479557537947f,1.0001f,4.496748513458788e-17f,-3.41561960149953e-16f,-0.000006249999999922826f,0f,0f,0f,1f], start_interpolation: 0, interpolation_duration: 1 }
$data merge entity $(bone_bone) { transformation: [-3.445437357682506e-16f,0.13052619222005157f,-0.9914448613738104f,-0.19750000000000006f,0f,0.9914448613738104f,0.13052619222005157f,1.284f,1.0001f,4.496748513458788e-17f,-3.41561960149953e-16f,-0.000006249999999927042f,0f,0f,0f,1f], start_interpolation: 0, interpolation_duration: 1 }
$data merge entity $(bone_l) { transformation: [0.005693472539768391f,0.0978014701554707f,-0.9914448613738104f,0.08205114264501762f,0.04324621745963609f,0.7428759191639825f,0.13052619222005157f,1.4441942377306842f,0.999148126404016f,-0.032717811978054366f,-3.41561960149953e-16f,0.12500625000000015f,0f,0f,0f,1f], start_interpolation: 0, interpolation_duration: 1 }
$data merge entity $(bone_r) { transformation: [-0.00569347253976908f,0.09780147015547067f,-0.9914448613738104f,0.08205114264501767f,-0.04324621745963609f,0.7428759191639825f,0.13052619222005157f,1.4441942377306842f,0.999148126404016f,0.032717811978054435f,-3.41561960149953e-16f,-0.12501874999999985f,0f,0f,0f,1f], start_interpolation: 0, interpolation_duration: 1 }
$data merge entity $(bone_sad) { transformation: [-1.0336312073047518e-15f,0.08745254878743455f,-0.4957224306869052f,0.05746389875802543f,0f,0.664268057120453f,0.06526309611002579f,1.3053186887026145f,3.0003f,3.0128215040173885e-17f,-1.707809800749765e-16f,0.14063281250000015f,0f,0f,0f,1f], start_interpolation: 0, interpolation_duration: 1 }
$data merge entity $(bone_head) { transformation: [-3.445437357682506e-16f,0.13052619222005157f,-0.9914448613738104f,-0.19750000000000006f,0f,0.9914448613738104f,0.13052619222005157f,1.284f,1.0001f,4.496748513458788e-17f,-3.41561960149953e-16f,-0.000006249999999927042f,0f,0f,0f,1f], start_interpolation: 0, interpolation_duration: 1 }
$data merge entity $(bone_6) { transformation: [0.03866869230310664f,-0.0002348729805702332f,-0.998579942770248f,-0.10988680230328085f,-0.2001591602329916f,0.9793676478142087f,-0.00706574878641264f,0.4083933336636864f,0.9779785492588224f,0.20045274850398237f,0.03803713919055095f,-0.18405399157770458f,0f,0f,0f,1f], start_interpolation: 0, interpolation_duration: 1 }
$data merge entity $(bone_12) { transformation: [0.03866869230310664f,-0.5729543216679728f,-0.8178540838990426f,-0.31077573941250297f,-0.2001591602329916f,0.7981982638084482f,-0.5675301278736026f,0.6608247805529504f,0.9779785492588224f,0.18601848546628924f,-0.08381677281684195f,-0.12444677527821797f,0f,0f,0f,1f], start_interpolation: 0, interpolation_duration: 1 }
$data merge entity $(bone_10) { transformation: [-3.441647755549269e-16f,0.07513437290596342f,-0.9961762448035176f,-0.34663644069114186f,0f,0.9971734182217393f,0.07505923853305746f,1.039156086983966f,0.999f,2.588448907671783e-17f,-3.4319196567162415e-16f,2.1578851845487402e-17f,0f,0f,0f,1f], start_interpolation: 0, interpolation_duration: 1 }
$data merge entity $(bone_9) { transformation: [-3.4450928483976665e-16f,0.5636549847448471f,-0.826010325705609f,-0.1534294109051456f,0f,0.826010325705609f,0.5636549847448471f,1.3031006948315886f,1f,1.9418437569081687e-16f,-2.8456822657910205e-16f,8.814046750307647e-17f,0f,0f,0f,1f], start_interpolation: 0, interpolation_duration: 1 }
$data merge entity $(item_display_item_display) { transformation: [0.9369757627544844f,0.30502240004666764f,0.08687884252092197f,0.35462304014978807f,-0.09896444636593245f,0.023182913223665128f,0.9828002839581267f,1.0784550216672302f,0.3023077421008327f,-0.9410402955366406f,0.05235898172436045f,0.27199085130595624f,0f,0f,0f,1f], start_interpolation: 0, interpolation_duration: 1 }
$data merge entity $(bone_2) { transformation: [-0.09613003586700924f,-0.9780303225969014f,-0.11280905142124442f,-0.08629876890756402f,-0.9817281564680032f,0.08902275943671356f,0.06717575722264069f,1.1849597445468627f,-0.056163330409831604f,0.11790505364340326f,-0.9811382931919566f,0.6004214659988244f,0f,0f,0f,1f], start_interpolation: 0, interpolation_duration: 1 }
$data merge entity $(bone_1) { transformation: [-0.09622626212913839f,-0.4405119042898439f,0.8804649091136428f,-0.23222183032523758f,-0.9827108673353385f,0.09357214029961246f,-0.060678568011380905f,1.2167459267247833f,-0.05621954995979139f,-0.8816425107370252f,-0.44636356852188785f,0.2945670806297102f,0f,0f,0f,1f], start_interpolation: 0, interpolation_duration: 1 }
$data merge entity $(bone_4) { transformation: [-0.28439945545420525f,-0.654087639309188f,0.6869495849610759f,-0.04522977208306489f,-0.7753557484651891f,-0.26424702871088857f,-0.5683695732068974f,1.136439566216236f,0.5488860361081204f,-0.6988505036389352f,-0.43582677783133195f,-0.3771514405515656f,0f,0f,0f,1f], start_interpolation: 0, interpolation_duration: 1 }
$data merge entity $(bone_3) { transformation: [-0.28468413959379907f,-0.9113557840929523f,-0.26298480369705984f,-0.3300284546121125f,-0.7761318803455346f,0.38213426962466923f,-0.4968338393349878f,1.2558565254739453f,0.5494354715797001f,0.06388982241166592f,-0.8211303777741026f,-0.35718587104792f,0f,0f,0f,1f], start_interpolation: 0, interpolation_duration: 1 }
$data merge entity $(bone_8) { transformation: [-0.07331442140376083f,0.7383507994997771f,-0.6690276527178747f,-0.37163838917855985f,0.19998868442387696f,0.66829468121591f,0.7163556834668543f,0.3659054619184577f,0.9760279434779839f,-0.08146939391832021f,-0.1970293473609192f,0.19433460727635668f,0f,0f,0f,1f], start_interpolation: 0, interpolation_duration: 1 }
$data merge entity $(bone_7) { transformation: [-0.07331442140376083f,0.13556684132454025f,-0.9871076611780683f,-0.36937500000000006f,0.19998868442387696f,0.9724079843724431f,0.11918874991147874f,0.674625f,0.9760279434779839f,-0.18905719972362436f,-0.09856571969782292f,0.13125f,0f,0f,0f,1f], start_interpolation: 0, interpolation_duration: 1 }