# This file was generated by Animated Java via MC-Build. It is not recommended to edit this file directly.
$data merge entity $(bone_layer) { transformation: [-3.4488827950401883e-16f,0.1306567184122716f,-0.9924363062351841f,-0.10049999999999987f,0f,0.9924363062351841f,0.1306567184122716f,1.283625f,1.0011001f,4.5012452619722467e-17f,-3.4190352211010293e-16f,-0.000006249999999915162f,0f,0f,0f,1f], start_interpolation: 0, interpolation_duration: 1 }
$data merge entity $(bone_l_1) { transformation: [-2.5840780182618794e-16f,0.09789464416503868f,-0.9914448613738104f,0.16510872665255844f,0f,0.7435836460303578f,0.13052619222005157f,1.3977699614235448f,0.750075f,3.372561385094091e-17f,-3.41561960149953e-16f,0.09279069760142332f,0f,0f,0f,1f], start_interpolation: 0, interpolation_duration: 1 }
$data merge entity $(bone_eye_l) { transformation: [-3.445437357682506e-16f,0.13052619222005157f,-0.9914448613738104f,-0.10049999999999987f,0f,0.9914448613738104f,0.13052619222005157f,1.283625f,1.0001f,4.496748513458788e-17f,-3.41561960149953e-16f,-0.000006249999999915162f,0f,0f,0f,1f], start_interpolation: 0, interpolation_duration: 1 }
$data merge entity $(bone_r_1) { transformation: [-2.5840780182618794e-16f,0.09789464416503868f,-0.9914448613738104f,0.1651087266525585f,0f,0.7435836460303578f,0.13052619222005157f,1.3977699614235448f,0.750075f,3.372561385094091e-17f,-3.41561960149953e-16f,-0.09280319760142297f,0f,0f,0f,1f], start_interpolation: 0, interpolation_duration: 1 }
$data merge entity $(bone_eye_r) { transformation: [-3.445437357682506e-16f,0.13052619222005157f,-0.9914448613738104f,0.15593132639147633f,0f,0.9914448613738104f,0.13052619222005157f,1.3759437954934326f,1.0001f,4.496748513458788e-17f,-3.41561960149953e-16f,-0.12501874999999982f,0f,0f,0f,1f], start_interpolation: 0, interpolation_duration: 1 }
$data merge entity $(bone_eyes_down) { transformation: [-3.445437357682506e-16f,0.13052619222005157f,-0.9914448613738104f,-0.08896888179938364f,0f,0.9914448613738104f,0.13052619222005157f,1.3712125384966505f,1.0001f,4.496748513458788e-17f,-3.41561960149953e-16f,-0.00000624999999991119f,0f,0f,0f,1f], start_interpolation: 0, interpolation_duration: 1 }
$data merge entity $(bone_bone) { transformation: [-3.445437357682506e-16f,0.13052619222005157f,-0.9914448613738104f,-0.10049999999999987f,0f,0.9914448613738104f,0.13052619222005157f,1.283625f,1.0001f,4.496748513458788e-17f,-3.41561960149953e-16f,-0.000006249999999915162f,0f,0f,0f,1f], start_interpolation: 0, interpolation_duration: 1 }
$data merge entity $(bone_l) { transformation: [0.0047088972169157875f,0.09783091864353179f,-0.9914448613738104f,0.17936871318902392f,0.03576762540179073f,0.7430996026382862f,0.13052619222005157f,1.446231425496399f,0.9994489746594144f,-0.027059902843283662f,-3.41561960149953e-16f,0.12500625000000018f,0f,0f,0f,1f], start_interpolation: 0, interpolation_duration: 1 }
$data merge entity $(bone_r) { transformation: [-0.004708897216916476f,0.09783091864353176f,-0.9914448613738104f,0.17936871318902398f,-0.03576762540179073f,0.7430996026382862f,0.13052619222005157f,1.446231425496399f,0.9994489746594144f,0.02705990284328373f,-3.41561960149953e-16f,-0.12501874999999982f,0f,0f,0f,1f], start_interpolation: 0, interpolation_duration: 1 }
$data merge entity $(bone_sad) { transformation: [-1.0336312073047518e-15f,0.08745254878743455f,-0.4957224306869052f,0.16122962326683316f,0f,0.664268057120453f,0.06526309611002579f,1.3563344684659544f,3.0003f,3.0128215040173885e-17f,-1.707809800749765e-16f,0.14063281250000018f,0f,0f,0f,1f], start_interpolation: 0, interpolation_duration: 1 }
$data merge entity $(bone_head) { transformation: [-3.445437357682506e-16f,0.13052619222005157f,-0.9914448613738104f,-0.10049999999999987f,0f,0.9914448613738104f,0.13052619222005157f,1.283625f,1.0001f,4.496748513458788e-17f,-3.41561960149953e-16f,-0.000006249999999915162f,0f,0f,0f,1f], start_interpolation: 0, interpolation_duration: 1 }
$data merge entity $(bone_6) { transformation: [0.03371410938065437f,0.03733922009562285f,-0.9979994675172424f,-0.09062088355746609f,-0.20335399148517364f,0.9783174021888712f,0.03059639717198742f,0.378556815550638f,0.9775026920554833f,0.20223564776924424f,0.0407861410753409f,-0.18957343590878556f,0f,0f,0f,1f], start_interpolation: 0, interpolation_duration: 1 }
$data merge entity $(bone_12) { transformation: [0.03371410938065437f,-0.5162665128070634f,-0.8549070372128674f,-0.2680874973348941f,-0.20335399148517364f,0.8347519419696804f,-0.5111069108546029f,0.6655027956027156f,0.9775026920554833f,0.19146300721518408f,-0.07684193777216841f,-0.12375802717856602f,0f,0f,0f,1f], start_interpolation: 0, interpolation_duration: 1 }
$data merge entity $(bone_10) { transformation: [-3.441647755549269e-16f,0.0888108976378385f,-0.9950524565692325f,-0.2720117393466428f,0f,0.9960485050743069f,0.08872208674020066f,1.013987102396994f,0.999f,3.059617883118946e-17f,-3.4280481019071924e-16f,2.574942765933387e-17f,0f,0f,0f,1f], start_interpolation: 0, interpolation_duration: 1 }
$data merge entity $(bone_9) { transformation: [-3.4450928483976665e-16f,0.5468152747037024f,-0.8372532802866254f,-0.07549999999999979f,0f,0.8372532802866254f,0.5468152747037024f,1.314875f,1f,1.8838293922763305e-16f,-2.88441528821294e-16f,9.34495464442645e-17f,0f,0f,0f,1f], start_interpolation: 0, interpolation_duration: 1 }
$data merge entity $(item_display_item_display) { transformation: [1.3167710624802622f,0.6790668368826586f,0.05325595697947816f,0.3655126036974146f,-0.1567148597956662f,0.13051975222117956f,0.9786585957966619f,1.195303119553196f,0.6669886689703164f,-1.313223178957154f,0.12480638044622f,0.376707776842496f,0f,0f,0f,1f], start_interpolation: 0, interpolation_duration: 1 }
$data merge entity $(bone_2) { transformation: [-0.053255956979477985f,-0.9869239425863259f,0.039301376432824886f,-0.014409218880663807f,-0.9786585957966617f,0.05791457798041828f,0.12301441962395396f,1.1862674813898644f,-0.12480638044621975f,-0.03300328492302679f,-0.9813773233912471f,0.6096758758441727f,0f,0f,0f,1f], start_interpolation: 0, interpolation_duration: 1 }
$data merge entity $(bone_1) { transformation: [-0.053309266245723706f,-0.3637971657999366f,0.9182674386014053f,-0.13372532313313323f,-0.9796382340306924f,0.13592963199123057f,-0.003127447009432339f,1.232973745843041f,-0.12493131175797773f,-0.9106452422884896f,-0.36730901211325717f,0.2943458924817965f,0f,0f,0f,1f], start_interpolation: 0, interpolation_duration: 1 }
$data merge entity $(bone_4) { transformation: [-0.2748428529776973f,-0.7198104784551576f,0.6219906613816466f,0.04846478546074251f,-0.7547989950153321f,-0.23961892514184394f,-0.6062329297440359f,1.1316540338044132f,0.5814424742535337f,-0.6398117093058724f,-0.4812942929050556f,-0.38628543644061036f,0f,0f,0f,1f], start_interpolation: 0, interpolation_duration: 1 }
$data merge entity $(bone_3) { transformation: [-0.27511797094864593f,-0.9025454175880178f,-0.3006846802394354f,-0.23358065753551305f,-0.755554549564897f,0.39853895966708536f,-0.5158510366565594f,1.2561974587003775f,0.582024498752286f,0.08657940285335876f,-0.7959316721612699f,-0.35922937304893576f,0f,0f,0f,1f], start_interpolation: 0, interpolation_duration: 1 }
$data merge entity $(bone_8) { transformation: [-0.07137151223664386f,0.7048265427524635f,-0.7044575762299367f,-0.2795440545248151f,0.19290056713521103f,0.702927954334959f,0.684446140028818f,0.3696017811328644f,0.9775973113573874f,-0.0872416007442344f,-0.18647980776570583f,0.19311827294078898f,0f,0f,0f,1f], start_interpolation: 0, interpolation_duration: 1 }
$data merge entity $(bone_7) { transformation: [-0.07137151223664386f,0.08711185488787143f,-0.9926995803434902f,-0.2926500203238096f,0.19290056713521103f,0.9784275516395884f,0.07248278263449281f,0.678305004064762f,0.9775973113573874f,-0.18669785334744862f,-0.08677400048520034f,0.13125000000000003f,0f,0f,0f,1f], start_interpolation: 0, interpolation_duration: 1 }