# This file was generated by Animated Java via MC-Build. It is not recommended to edit this file directly.
$data merge entity $(bone_layer) { transformation: [-3.5152115023938507e-9f,0.23836292351617894f,-0.9722057995572849f,-0.20138520539997745f,-7.670218340284814e-11f,0.9722057995572851f,0.238362923516179f,1.2790540188085304f,1.0011001f,9.114636910371411e-10f,-3.395490644998983e-9f,-0.0000062484476858628134f,0f,0f,0f,1f], start_interpolation: 0, interpolation_duration: 1 }
$data merge entity $(bone_l_1) { transformation: [-2.633774851943445e-9f,0.17859359903809613f,-0.9712345649922928f,0.07507330396527251f,-5.746916838375236e-11f,0.7284259237442198f,0.23812479871746156f,1.3633315090370122f,0.750075f,6.829148534244315e-10f,-3.3920985464525307e-9f,0.09294320800399265f,0f,0f,0f,1f], start_interpolation: 0, interpolation_duration: 1 }
$data merge entity $(bone_eye_l) { transformation: [-3.51169980259126e-9f,0.2381247987174615f,-0.9712345649922928f,-0.20138520539997745f,-7.662555784500315e-11f,0.971234564992293f,0.23812479871746156f,1.2790540188085304f,1.0001f,9.10553137899242e-10f,-3.3920985464525307e-9f,-0.0000062484476858628134f,0f,0f,0f,1f], start_interpolation: 0, interpolation_duration: 1 }
$data merge entity $(bone_r_1) { transformation: [-2.633774851943445e-9f,0.17859359903809613f,-0.9712345649922928f,0.07507330461802839f,-5.746916838375236e-11f,0.7284259237442198f,0.23812479871746156f,1.3633315090512554f,0.750075f,6.829148534244315e-10f,-3.3920985464525307e-9f,-0.09295570294496563f,0f,0f,0f,1f], start_interpolation: 0, interpolation_duration: 1 }
$data merge entity $(bone_eye_r) { transformation: [-3.51169980259126e-9f,0.2381247987174615f,-0.9712345649922928f,0.06360126608773858f,-7.662555784500315e-11f,0.971234564992293f,0.23812479871746156f,1.34278748975276f,1.0001f,9.10553137899242e-10f,-3.3920985464525307e-9f,-0.12501874751234285f,0f,0f,0f,1f], start_interpolation: 0, interpolation_duration: 1 }
$data merge entity $(bone_eyes_down) { transformation: [-3.51169980259126e-9f,0.2381247987174615f,-0.9712345649922928f,-0.18016360023274353f,-7.662555784500315e-11f,0.971234564992293f,0.23812479871746156f,1.3656101296128154f,1.0001f,9.10553137899242e-10f,-3.3920985464525307e-9f,-0.000006248366537661197f,0f,0f,0f,1f], start_interpolation: 0, interpolation_duration: 1 }
$data merge entity $(bone_bone) { transformation: [-3.51169980259126e-9f,0.2381247987174615f,-0.9712345649922928f,-0.20138520539997745f,-7.662555784500315e-11f,0.971234564992293f,0.23812479871746156f,1.2790540188085304f,1.0001f,9.10553137899242e-10f,-3.3920985464525307e-9f,-0.0000062484476858628134f,0f,0f,0f,1f], start_interpolation: 0, interpolation_duration: 1 }
$data merge entity $(bone_l) { transformation: [0.006540546622685545f,0.17852621815978675f,-0.9712345649922928f,0.09455369854610329f,0.026676803001063714f,0.7281510984917854f,0.23812479871746156f,1.4099773549345311f,0.9997226758145735f,-0.02060223464721379f,-3.3920985464525307e-9f,0.12500625260148987f,0f,0f,0f,1f], start_interpolation: 0, interpolation_duration: 1 }
$data merge entity $(bone_r) { transformation: [-0.0065405536434353165f,0.1785262180151035f,-0.9712345649922928f,0.09455369942402825f,-0.026676803154257012f,0.7281510984886284f,0.23812479871746156f,1.4099773549536876f,0.9997226757645533f,0.020602236012528186f,-3.3920985464525307e-9f,-0.12501874739851013f,0f,0f,0f,1f], start_interpolation: 0, interpolation_duration: 1 }
$data merge entity $(bone_sad) { transformation: [-1.053509940777378e-8f,0.15954361514069923f,-0.4856172824961464f,0.054462727958930535f,-2.2987667353500943e-10f,0.6507271585448363f,0.11906239935873078f,1.272705905251841f,3.0003f,6.100706023924922e-10f,-1.6960492732262654e-9f,0.14063281495019903f,0f,0f,0f,1f], start_interpolation: 0, interpolation_duration: 1 }
$data merge entity $(bone_head) { transformation: [-3.51169980259126e-9f,0.2381247987174615f,-0.9712345649922928f,-0.20138520539997745f,-7.662555784500315e-11f,0.971234564992293f,0.23812479871746156f,1.2790540188085304f,1.0001f,9.10553137899242e-10f,-3.3920985464525307e-9f,-0.0000062484476858628134f,0f,0f,0f,1f], start_interpolation: 0, interpolation_duration: 1 }
$data merge entity $(bone_6) { transformation: [0.043025935836556825f,-0.02159961043465619f,-0.9981881694214254f,-0.09264246234891055f,-0.1992679747710496f,0.9791294610927889f,-0.028847973981807273f,0.4183016969128337f,0.9779785493946339f,0.20045274850315742f,0.03803713568335433f,-0.18287930068152367f,0f,0f,0f,1f], start_interpolation: 0, interpolation_duration: 1 }
$data merge entity $(bone_12) { transformation: [0.043025935836556825f,-0.5902305780679099f,-0.8052788519869662f,-0.29975838608316463f,-0.1992679747710496f,0.7855093815653043f,-0.5852364638807152f,0.661395182004646f,0.9779785493946339f,0.18601848345396815f,-0.08381677568929607f,-0.12423578244167909f,0f,0f,0f,1f], start_interpolation: 0, interpolation_duration: 1 }
$data merge entity $(bone_10) { transformation: [-3.5078373190567624e-9f,0.05407172853113834f,-0.9975385169273192f,-0.3474548649934126f,-7.65412781593422e-11f,0.9985370539813008f,0.05401765680260717f,1.0381406757121634f,0.9989999999999999f,2.6637049971703137e-10f,-3.498566794346654e-9f,1.020954363041722e-9f,0f,0f,0f,1f], start_interpolation: 0, interpolation_duration: 1 }
$data merge entity $(bone_9) { transformation: [-3.511348667724487e-9f,0.5460960175251518f,-0.8377225911023104f,-0.16178600782536476f,-7.66178960553976e-11f,0.8377225911023106f,0.5460960175251519f,1.2987502346549975f,0.9999999999999999f,1.9817180511786363e-9f,-2.8996953514837168e-9f,1.692869808329989e-9f,0f,0f,0f,1f], start_interpolation: 0, interpolation_duration: 1 }
$data merge entity $(item_display_item_display) { transformation: [0.8626277501089153f,0.4790747194070707f,0.06915822798547983f,0.35822928784859454f,-0.1660992424566215f,0.15968920109114842f,0.9608941710541167f,1.1070302813944184f,0.45567318002150675f,-0.8508076885194849f,0.21928337182560834f,0.3647550474508229f,0f,0f,0f,1f], start_interpolation: 0, interpolation_duration: 1 }
$data merge entity $(bone_2) { transformation: [-0.0754841572582114f,-0.9834423828704989f,0.07460096586530296f,-0.1103617608144567f,-0.9595369938444547f,0.090513018004753f,0.2179526514433552f,1.1500256966207145f,-0.2231061992136161f,-0.0565482705615149f,-0.9626125305453614f,0.6082742595439801f,0f,0f,0f,1f], start_interpolation: 0, interpolation_duration: 1 }
$data merge entity $(bone_1) { transformation: [-0.0755597169751866f,-0.3826628374025588f,0.9090068082281144f,-0.23622081862016056f,-0.9604974913357904f,0.23523477343068447f,0.018988577317218012f,1.2310063285957449f,-0.22332952874235845f,-0.8822322564041954f,-0.3892130992482199f,0.30257433953473645f,0f,0f,0f,1f], start_interpolation: 0, interpolation_duration: 1 }
$data merge entity $(bone_4) { transformation: [-0.2925400974779267f,-0.7999393500092531f,0.5064944792778084f,-0.0443957799975182f,-0.731274163349383f,-0.1562770734873099f,-0.6589361649227551f,1.0972143345457193f,0.6024897152320626f,-0.5666039817023585f,-0.5429905674709836f,-0.4363744516786847f,0f,0f,0f,1f], start_interpolation: 0, interpolation_duration: 1 }
$data merge entity $(bone_3) { transformation: [-0.292832930408335f,-0.8467698421118969f,-0.42358051858167173f,-0.309011355657486f,-0.7320061695189019f,0.4836374342759322f,-0.4740403203397995f,1.248351032756948f,0.6030928080401027f,0.17249214847592148f,-0.7655881968510148f,-0.38247065527995927f,0f,0f,0f,1f], start_interpolation: 0, interpolation_duration: 1 }
$data merge entity $(bone_8) { transformation: [-0.07765970814290866f,0.7235963206501025f,-0.6844956584405807f,-0.3600792452413071f,0.19834174678357988f,0.6842426829916457f,0.7015904488991493f,0.3639993756714934f,0.9760279432204901f,-0.08146939132509624f,-0.1970293497106675f,0.1943346082013311f,0f,0f,0f,1f], start_interpolation: 0, interpolation_duration: 1 }
$data merge entity $(bone_7) { transformation: [-0.07765970814290866f,0.11432161236551447f,-0.9894728448161269f,-0.364551075697739f,0.19834174678357988f,0.9751339526773609f,0.09762674607883826f,0.6726948224426215f,0.9760279432204901f,-0.18905719924748865f,-0.09856572316472675f,0.13125000093292388f,0f,0f,0f,1f], start_interpolation: 0, interpolation_duration: 1 }