# This file was generated by Animated Java via MC-Build. It is not recommended to edit this file directly.
$data merge entity $(bone_layer) { transformation: [-7.025402821352751e-9f,0.7665196555441748f,-0.6437768384032153f,-0.1962238811518014f,-3.0673571171556255e-10f,0.6437768384032153f,0.7665196555441748f,1.2490068135770067f,1.0011001000000002f,5.57644405563967e-9f,-4.282960989738982e-9f,-0.000006246738794471817f,0f,0f,0f,1f], start_interpolation: 0, interpolation_duration: 1 }
$data merge entity $(bone_l_1) { transformation: [-5.263788327686877e-9f,0.5743154262318992f,-0.6431337046985168f,0.0722135751100964f,-2.2982196182484706e-10f,0.4823502785238876f,0.7657539016425323f,1.1500241982884738f,0.7500750000000002f,4.17815488684291e-9f,-4.2786823074315505e-9f,0.09873065385895709f,0f,0f,0f,1f], start_interpolation: 0, interpolation_duration: 1 }
$data merge entity $(bone_eye_l) { transformation: [-7.018384436915836e-9f,0.7657539016425323f,-0.6431337046985168f,-0.1962238811518014f,-3.0642928243312943e-10f,0.6431337046985168f,0.7657539016425323f,1.2490068135770067f,1.0001000000000002f,5.570873182457213e-9f,-4.2786823074315505e-9f,-0.000006246738794471817f,0f,0f,0f,1f], start_interpolation: 0, interpolation_duration: 1 }
$data merge entity $(bone_r_1) { transformation: [-5.263788327686877e-9f,0.5743154262318992f,-0.6431337046985168f,0.07221357649590482f,-2.2982196182484706e-10f,0.4823502785238876f,0.7657539016425323f,1.1500241983489796f,0.7500750000000002f,4.17815488684291e-9f,-4.2786823074315505e-9f,-0.09874314362958456f,0f,0f,0f,1f], start_interpolation: 0, interpolation_duration: 1 }
$data merge entity $(bone_eye_r) { transformation: [-7.018384436915836e-9f,0.7657539016425323f,-0.6431337046985168f,0.05525430153748523f,-3.0642928243312943e-10f,0.6431337046985168f,0.7657539016425323f,1.1439425036485742f,1.0001000000000002f,5.570873182457213e-9f,-4.2786823074315505e-9f,-0.125018745006192f,0f,0f,0f,1f], start_interpolation: 0, interpolation_duration: 1 }
$data merge entity $(bone_eyes_down) { transformation: [-7.018384436915836e-9f,0.7657539016425323f,-0.6431337046985168f,-0.13684276897804523f,-3.0642928243312943e-10f,0.6431337046985168f,0.7657539016425323f,1.2988792263450109f,1.0001000000000002f,5.570873182457213e-9f,-4.2786823074315505e-9f,-0.000006246306795830159f,0f,0f,0f,1f], start_interpolation: 0, interpolation_duration: 1 }
$data merge entity $(bone_bone) { transformation: [-7.018384436915836e-9f,0.7657539016425323f,-0.6431337046985168f,-0.1962238811518014f,-3.0642928243312943e-10f,0.6431337046985168f,0.7657539016425323f,1.2490068135770067f,1.0001000000000002f,5.570873182457213e-9f,-4.2786823074315505e-9f,-0.000006246738794471817f,0f,0f,0f,1f], start_interpolation: 0, interpolation_duration: 1 }
$data merge entity $(bone_l) { transformation: [-0.009900608182232188f,0.5742674215111723f,-0.6431337046985168f,0.12434459676706816f,-0.00831521788736163f,0.48230996085482486f,0.7657539016425323f,1.1836051139654742f,1.00001640570267f,0.009697889363221012f,-4.2786823074315505e-9f,0.12500625549081443f,0f,0f,0f,1f], start_interpolation: 0, interpolation_duration: 1 }
$data merge entity $(bone_r) { transformation: [0.009900594146636589f,0.5742674216472856f,-0.6431337046985168f,0.1243445985216643f,0.00831521727455429f,0.48230996086076766f,0.7657539016425323f,1.1836051140420816f,1.000016405846724f,-0.009697881007609708f,-4.2786823074315505e-9f,-0.12501874450918563f,0f,0f,0f,1f], start_interpolation: 0, interpolation_duration: 1 }
$data merge entity $(bone_sad) { transformation: [-2.1055153310747508e-8f,0.5130551141004966f,-0.3215668523492584f,0.006628283956744252f,-9.192878472993882e-10f,0.4308995821480063f,0.38287695082126616f,1.0929006093650968f,3.0003000000000006f,3.732485032246333e-9f,-2.1393411537157753e-9f,0.14063281713692694f,0f,0f,0f,1f], start_interpolation: 0, interpolation_duration: 1 }
$data merge entity $(bone_head) { transformation: [-7.018384436915836e-9f,0.7657539016425323f,-0.6431337046985168f,-0.1962238811518014f,-3.0642928243312943e-10f,0.6431337046985168f,0.7657539016425323f,1.2490068135770067f,1.0001000000000002f,5.570873182457213e-9f,-4.2786823074315505e-9f,-0.000006246738794471817f,0f,0f,0f,1f], start_interpolation: 0, interpolation_duration: 1 }
$data merge entity $(bone_6) { transformation: [0.047362701358095186f,-0.042954067643335925f,-0.9973213125655215f,-0.0891879578630726f,-0.1982819486952595f,0.978425261746653f,-0.05061646910981482f,0.4263926333246461f,0.9779785495304456f,0.20045274850233258f,0.038037132176157964f,-0.18229195427542955f,0f,0f,0f,1f], start_interpolation: 0, interpolation_duration: 1 }
$data merge entity $(bone_12) { transformation: [0.047362701358095186f,-0.6072259166788458f,-0.7923203509553811f,-0.30188817602735163f,-0.1982819486952595f,0.7724466393710824f,-0.6026642590144802f,0.6624545035001936f,0.9779785495304456f,0.18601848144164726f,-0.08381677856175002f,-0.12413028542279325f,0f,0f,0f,1f], start_interpolation: 0, interpolation_duration: 1 }
$data merge entity $(bone_10) { transformation: [-7.010664985980321e-9f,0.032630444747041465f,-0.9984680177665748f,-0.35826341219354463f,-3.0609224392630364e-10f,0.9994674852518267f,0.032597814302294414f,1.0076256244586288f,0.999f,5.352255825387552e-10f,-6.9969437875597644e-9f,2.050104650492111e-9f,0f,0f,0f,1f], start_interpolation: 0, interpolation_duration: 1 }
$data merge entity $(bone_9) { transformation: [-7.01768266864897e-9f,0.5279925367136357f,-0.84924901011111f,-0.1791131414278962f,-3.063986425688725e-10f,0.84924901011111f,0.5279925367136357f,1.2684628590964393f,1f,3.965492818881416e-9f,-5.797983874274631e-9f,3.387244575801135e-9f,0f,0f,0f,1f], start_interpolation: 0, interpolation_duration: 1 }
$data merge entity $(item_display_item_display) { transformation: [0.11822404348994531f,0.9785482617654191f,0.08127698734309767f,0.21211303321449676f,-0.8801284985196944f,0.06898038345826796f,0.4471307107254676f,0.7444181859631207f,0.43759979559227524f,-0.12581346037835506f,0.877299114013319f,0.5248721185574078f,0f,0f,0f,1f], start_interpolation: 0, interpolation_duration: 1 }
$data merge entity $(bone_2) { transformation: [-0.0816572540567957f,-0.5179827489328754f,0.8385496636470924f,-0.22316105276220505f,-0.4431410735602476f,0.7715456570662461f,0.43319005952183287f,0.9771597760806419f,-0.8792858229633616f,-0.34073848801144396f,-0.2961926192305457f,0.4887478277275347f,0f,0f,0f,1f], start_interpolation: 0, interpolation_duration: 1 }
$data merge entity $(bone_1) { transformation: [-0.08173899304984555f,-0.07796010932172406f,0.9825445984530446f,-0.24381893660121617f,-0.4435846582184661f,0.8842169849036954f,0.03311573967364635f,1.2813163380142474f,-0.8801659889523139f,-0.4383862965038518f,-0.10793627720378764f,0.337377936571812f,0f,0f,0f,1f], start_interpolation: 0, interpolation_duration: 1 }
$data merge entity $(bone_4) { transformation: [-0.1260181604913658f,-0.8070261394160498f,-0.5686010912655813f,-0.19401963223548202f,-0.34178916315623387f,0.565699322451356f,-0.7401606183319055f,0.9890693947084206f,0.9222987903876274f,0.1043426949935092f,-0.3429265078370798f,-0.46727423857931705f,0f,0f,0f,1f], start_interpolation: 0, interpolation_duration: 1 }
$data merge entity $(bone_3) { transformation: [-0.12614430479616195f,-0.2346329239936742f,-0.9589294977564108f,-0.2673424209835052f,-0.3421312944506846f,0.9128008377770466f,-0.18613998738829243f,1.2743196565137476f,0.9232220124000274f,0.3040064080915951f,-0.1899107464444542f,-0.3722722360506936f,0f,0f,0f,1f], start_interpolation: 0, interpolation_duration: 1 }
$data merge entity $(bone_8) { transformation: [-0.0819680330637532f,0.7084974491413712f,-0.6996378813026886f,-0.35864618923460967f,0.19660040906443993f,0.6998650223212177f,0.6864912953059642f,0.3631398194312719f,0.9760279429629964f,-0.08146938873187247f,-0.19702935206041566f,0.19433460912630557f,0f,0f,0f,1f], start_interpolation: 0, interpolation_duration: 1 }
$data merge entity $(bone_7) { transformation: [-0.0819680330637532f,0.09302197251000821f,-0.9913670929700522f,-0.36985111097714046f,0.19660040906443993f,0.9773958100628453f,0.07601827721761117f,0.6716642525878764f,0.9760279429629964f,-0.189057198771353f,-0.09856572663163038f,0.13125000186584776f,0f,0f,0f,1f], start_interpolation: 0, interpolation_duration: 1 }