# This file was generated by Animated Java via MC-Build. It is not recommended to edit this file directly.
$data merge entity $(bone_layer) { transformation: [-1.0525559575862457e-8f,0.8323010819148474f,-0.5561258032526221f,-0.2093717483371093f,-6.898816269218274e-10f,0.5561258032526221f,0.8323010819148474f,1.2437952962823962f,1.0011001f,9.134047177632986e-9f,-5.2735445980346985e-9f,-0.000006245060991026657f,0f,0f,0f,1f], start_interpolation: 0, interpolation_duration: 1 }
$data merge entity $(bone_l_1) { transformation: [-7.886283398498346e-9f,0.6236022092269088f,-0.5555702330196025f,0.040381459464629066f,-5.168943258655051e-10f,0.41667767476470186f,0.831469612302545f,1.1118818144647649f,0.750075f,6.843691691533208e-9f,-5.268276321712986e-9f,0.10625438247400794f,0f,0f,0f,1f], start_interpolation: 0, interpolation_duration: 1 }
$data merge entity $(bone_eye_l) { transformation: [-1.0515044531331128e-8f,0.831469612302545f,-0.5555702330196025f,-0.2093717483371093f,-6.891924344873401e-10f,0.5555702330196025f,0.831469612302545f,1.2437952962823962f,1.0001f,9.12492225537761e-9f,-5.268276321712986e-9f,-0.000006245060991026657f,0f,0f,0f,1f], start_interpolation: 0, interpolation_duration: 1 }
$data merge entity $(bone_r_1) { transformation: [-7.886283398498346e-9f,0.6236022092269088f,-0.5555702330196025f,0.04038146169907605f,-5.168943258655051e-10f,0.41667767476470186f,0.831469612302545f,1.1118818146112184f,0.750075f,6.843691691533208e-9f,-5.268276321712986e-9f,-0.10626686752599235f,0f,0f,0f,1f], start_interpolation: 0, interpolation_duration: 1 }
$data merge entity $(bone_eye_r) { transformation: [-1.0515044531331128e-8f,0.831469612302545f,-0.5555702330196025f,0.029114120324524373f,-6.891924344873401e-10f,0.5555702330196025f,0.831469612302545f,1.111870028766473f,1.0001f,9.12492225537761e-9f,-5.268276321712986e-9f,-0.12501874264446508f,0f,0f,0f,1f], start_interpolation: 0, interpolation_duration: 1 }
$data merge entity $(bone_eyes_down) { transformation: [-1.0515044531331128e-8f,0.831469612302545f,-0.5555702330196025f,-0.15740489756820047f,-6.891924344873401e-10f,0.5555702330196025f,0.831469612302545f,1.2785184358461212f,1.0001f,9.12492225537761e-9f,-5.268276321712986e-9f,-0.000006244490683385696f,0f,0f,0f,1f], start_interpolation: 0, interpolation_duration: 1 }
$data merge entity $(bone_bone) { transformation: [-1.0515044531331128e-8f,0.831469612302545f,-0.5555702330196025f,-0.2093717483371093f,-6.891924344873401e-10f,0.5555702330196025f,0.831469612302545f,1.2437952962823962f,1.0001f,9.12492225537761e-9f,-5.268276321712986e-9f,-0.000006245060991026657f,0f,0f,0f,1f], start_interpolation: 0, interpolation_duration: 1 }
$data merge entity $(bone_l) { transformation: [-0.05438072499689211f,0.6222670285125899f,-0.5555702330196025f,0.10838124390485143f,-0.03633603243431911f,0.41578553584446387f,0.831469612302545f,1.1479218040712924f,0.9979587085341288f,0.04905725898633909f,-5.268276321712986e-9f,0.12500625821379308f,0f,0f,0f,1f], start_interpolation: 0, interpolation_duration: 1 }
$data merge entity $(bone_r) { transformation: [0.05438070401183009f,0.6222670295441651f,-0.5555702330196025f,0.10838124653361264f,0.03633603105888547f,0.4157855359120769f,0.831469612302545f,1.1479218042435906f,0.9979587097277258f,-0.04905724532826145f,-5.268276321712986e-9f,-0.12501874178620692f,0f,0f,0f,1f], start_interpolation: 0, interpolation_duration: 1 }
$data merge entity $(bone_sad) { transformation: [-3.1545133593993383e-8f,0.5570846402427052f,-0.27778511650980126f,-0.024646821194434704f,-2.0675773034620205e-9f,0.3722320561231337f,0.4157348061512725f,1.066552103913911f,3.0003f,6.1136979111029995e-9f,-2.634138160856493e-9f,0.14063281925906315f,0f,0f,0f,1f], start_interpolation: 0, interpolation_duration: 1 }
$data merge entity $(bone_head) { transformation: [-1.0515044531331128e-8f,0.831469612302545f,-0.5555702330196025f,-0.2093717483371093f,-6.891924344873401e-10f,0.5555702330196025f,0.831469612302545f,1.2437952962823962f,1.0001f,9.12492225537761e-9f,-5.268276321712986e-9f,-0.000006245060991026657f,0f,0f,0f,1f], start_interpolation: 0, interpolation_duration: 1 }
$data merge entity $(bone_6) { transformation: [0.051676924805478766f,-0.06428808104086253f,-0.9959797847793228f,-0.08612500207578269f,-0.1972015513005234f,0.9772553849365725f,-0.07236087354572829f,0.4333239200723219f,0.9779785496662572f,0.20045274850150763f,0.03803712866896114f,-0.18170460784543072f,0f,0f,0f,1f], start_interpolation: 0, interpolation_duration: 1 }
$data merge entity $(bone_12) { transformation: [0.051676924805478766f,-0.6239322486394447f,-0.7789847483492272f,-0.3042011455745689f,-0.1972015513005234f,0.7590162543836115f,-0.6198052185883095f,0.6622274018941259f,0.9779785496662572f,0.18601847942932606f,-0.0838167814342043f,-0.12402478838307471f,0f,0f,0f,1f], start_interpolation: 0, interpolation_duration: 1 }
$data merge entity $(bone_10) { transformation: [-1.0503479138885908e-8f,0.011174131564368861f,-0.9989376298755361f,-0.36964470903626584f,-6.884343986129915e-10f,0.9999375674429791f,0.011162957432804432f,1.0022979243104602f,0.999f,8.065652311171662e-10f,-1.049513066506374e-8f,3.08747865731094e-9f,0f,0f,0f,1f], start_interpolation: 0, interpolation_duration: 1 }
$data merge entity $(bone_9) { transformation: [-1.0513993132017927e-8f,0.5096458655214624f,-0.8603842698218509f,-0.19693687184484243f,-6.891235221351266e-10f,0.8603842698218509f,0.5096458655214624f,1.2632047919810157f,1f,5.951324130639284e-9f,-8.694865304343588e-9f,5.083124718516085e-9f,0f,0f,0f,1f], start_interpolation: 0, interpolation_duration: 1 }
$data merge entity $(item_display_item_display) { transformation: [-0.05473721366092338f,0.9839519050915199f,0.08349402361646807f,0.10906307512158336f,-0.9465415390387869f,-0.0764626818885894f,0.2792842863741066f,0.7114928598189197f,0.2848650028318873f,-0.06440317788344244f,0.9440415838751067f,0.47938220765563294f,0f,0f,0f,1f], start_interpolation: 0, interpolation_duration: 1 }
$data merge entity $(bone_2) { transformation: [-0.08349402361646821f,-0.36622728078464395f,0.9148962197438997f,-0.25699621010863305f,-0.2792842863741068f,0.8901724932922953f,0.3307270158806039f,0.9626257908333795f,-0.9440415838751065f,-0.23095741123307922f,-0.17875825395324216f,0.4374627419315388f,0f,0f,0f,1f], start_interpolation: 0, interpolation_duration: 1 }
$data merge entity $(bone_1) { transformation: [-0.0835776012176859f,-0.031228137078897822f,0.9849783335419993f,-0.2615747676448667f,-0.2795638502243311f,0.9496038245465183f,0.0063248125771487584f,1.2890916355998523f,-0.944986570445552f,-0.27816789868927516f,-0.08898572525237194f,0.3412863659742731f,0f,0f,0f,1f], start_interpolation: 0, interpolation_duration: 1 }
$data merge entity $(bone_4) { transformation: [-0.034879438998233044f,-0.7005520128041836f,-0.7056757132609978f,-0.23540595640518047f,-0.24124692145902935f,0.684278804862865f,-0.6757251733540851f,0.9962138762172987f,0.9612069575262429f,0.1505393203441641f,-0.18623218902049715f,-0.41108806588724256f,0f,0f,0f,1f], start_interpolation: 0, interpolation_duration: 1 }
$data merge entity $(bone_3) { transformation: [-0.03491435335158463f,-0.12619712378443404f,-0.9863192286876228f,-0.2748425575878161f,-0.24148840986889825f,0.9542302976766466f,-0.11952628031064011f,1.2944108442412507f,0.9621691266528958f,0.2328018461557549f,-0.056105397454445205f,-0.3383374889635692f,0f,0f,0f,1f], start_interpolation: 0, interpolation_duration: 1 }
$data merge entity $(bone_8) { transformation: [-0.08623734563370991f,0.6930613712183968f,-0.7144471144268738f,-0.35733990321486386f,0.19476550004900758f,0.7151542638171997f,0.67106540906662f,0.3610080626141737f,0.9760279427055027f,-0.08146938613864842f,-0.19702935441016411f,0.19433461005128008f,0f,0f,0f,1f], start_interpolation: 0, interpolation_duration: 1 }
$data merge entity $(bone_7) { transformation: [-0.08623734563370991f,0.07167805923237641f,-0.9927895040806438f,-0.3752725833080224f,0.19476550004900758f,0.9791924800072618f,0.05437362778865368f,0.669214641245357f,0.9760279427055027f,-0.18905719829521728f,-0.09856573009853442f,0.13125000279877172f,0f,0f,0f,1f], start_interpolation: 0, interpolation_duration: 1 }