# This file was generated by Animated Java via MC-Build. It is not recommended to edit this file directly.
$data merge entity $(bone_layer) { transformation: [-1.401067326410899e-8f,0.6284399367967706f,-0.779143276836084f,-0.32074907652358964f,-1.2257750869837969e-9f,0.779143276836084f,0.6284399367967706f,1.2740212992496334f,1.0011001f,9.749195936290987e-9f,-1.0134846519509462e-8f,-0.000004392831091614225f,0f,0f,0f,1f], start_interpolation: 0, interpolation_duration: 1 }
$data merge entity $(bone_l_1) { transformation: [-1.0497507440641102e-8f,0.47085909350407396f,-0.7783649119241599f,-0.047734805321695606f,-9.184129023355122e-10f,0.5837736839431199f,0.6278121246720986f,1.2167863904644112f,0.750075f,7.304592359858383e-9f,-1.012472179771175e-8f,0.11377996217546794f,0f,0f,0f,1f], start_interpolation: 0, interpolation_duration: 1 }
$data merge entity $(bone_eye_l) { transformation: [-1.399667658752147e-8f,0.6278121246720986f,-0.7783649119241599f,-0.32074907652358964f,-1.2245505364473496e-9f,0.7783649119241599f,0.6278121246720986f,1.2740212992496334f,1.0001f,9.739456479811177e-9f,-1.012472179771175e-8f,-0.000004392831091614225f,0f,0f,0f,1f], start_interpolation: 0, interpolation_duration: 1 }
$data merge entity $(bone_r_1) { transformation: [-1.0497507440641102e-8f,0.47085909350407396f,-0.7783649119241599f,-0.04773480213680854f,-9.184129023355122e-10f,0.5837736839431199f,0.6278121246720986f,1.2167863907430527f,0.750075f,7.304592359858383e-9f,-1.012472179771175e-8f,-0.11378874033599043f,0f,0f,0f,1f], start_interpolation: 0, interpolation_duration: 1 }
$data merge entity $(bone_eye_r) { transformation: [-1.399667658752147e-8f,0.6278121246720986f,-0.7783649119241599f,-0.05376230708336027f,-1.2245505364473496e-9f,0.7783649119241599f,0.6278121246720986f,1.2192686644491983f,1.0001f,9.739456479811177e-9f,-1.012472179771175e-8f,-0.12501688916157846f,0f,0f,0f,1f], start_interpolation: 0, interpolation_duration: 1 }
$data merge entity $(bone_eyes_down) { transformation: [-1.399667658752147e-8f,0.6278121246720986f,-0.7783649119241599f,-0.29095684726085175f,-1.2245505364473496e-9f,0.7783649119241599f,0.6278121246720986f,1.3109578683199214f,1.0001f,9.739456479811177e-9f,-1.012472179771175e-8f,-0.000004392368914939168f,0f,0f,0f,1f], start_interpolation: 0, interpolation_duration: 1 }
$data merge entity $(bone_bone) { transformation: [-1.399667658752147e-8f,0.6278121246720986f,-0.7783649119241599f,-0.32074907652358964f,-1.2245505364473496e-9f,0.7783649119241599f,0.6278121246720986f,1.2740212992496334f,1.0001f,9.739456479811177e-9f,-1.012472179771175e-8f,-0.000004392831091614225f,0f,0f,0f,1f], start_interpolation: 0, interpolation_duration: 1 }
$data merge entity $(bone_l) { transformation: [-0.07389141204881908f,0.46758642971089703f,-0.7783649119241599f,0.015859064720046723f,-0.09161096148949646f,0.5797162188652671f,0.6278121246720986f,1.2831864097208276f,0.9931488963496482f,0.0882813390230641f,-1.012472179771175e-8f,0.12500811189105462f,0f,0f,0f,1f], start_interpolation: 0, interpolation_duration: 1 }
$data merge entity $(bone_r) { transformation: [0.07389138425003111f,0.4675864321819404f,-0.7783649119241599f,0.01585906821921579f,0.09161095905741765f,0.5797162190814553f,0.6278121246720986f,1.2831864100269652f,0.9931488986422514f,-0.08828132451541916f,-1.012472179771175e-8f,-0.12501688810894537f,0f,0f,0f,1f], start_interpolation: 0, interpolation_duration: 1 }
$data merge entity $(bone_sad) { transformation: [-4.1990029762564406e-8f,0.42063412353030605f,-0.38918245596207995f,-0.09143279973646637f,-3.673651609342049e-9f,0.5215044909891872f,0.3139060623360493f,1.1601205761165283f,3.0003f,6.525435841473489e-9f,-5.062360898855875e-9f,0.14063467273879002f,0f,0f,0f,1f], start_interpolation: 0, interpolation_duration: 1 }
$data merge entity $(bone_head) { transformation: [-1.399667658752147e-8f,0.6278121246720986f,-0.7783649119241599f,-0.32074907652358964f,-1.2245505364473496e-9f,0.7783649119241599f,0.6278121246720986f,1.2740212992496334f,1.0001f,9.739456479811177e-9f,-1.012472179771175e-8f,-0.000004392831091614225f,0f,0f,0f,1f], start_interpolation: 0, interpolation_duration: 1 }
$data merge entity $(bone_6) { transformation: [0.02977914632220329f,0.28602112813536407f,-0.956837592823105f,-0.237757733239761f,-0.21101723428026767f,0.9379862700974517f,0.2744711988208806f,0.3759293634568817f,0.9760050867085825f,0.1940705085068878f,0.08853638277587866f,-0.1930408593593915f,0f,0f,0f,1f], start_interpolation: 0, interpolation_duration: 1 }
$data merge entity $(bone_12) { transformation: [0.02977914632220329f,-0.3407186700428318f,-0.9387529241837729f,-0.36983063242050795f,-0.21101723428026767f,0.9167320858657415f,-0.3387550215387929f,0.659668840288117f,0.9760050867085825f,0.20859786822614243f,-0.04459801249683491f,-0.12766523917472947f,0f,0f,0f,1f], start_interpolation: 0, interpolation_duration: 1 }
$data merge entity $(bone_10) { transformation: [-1.3981281782755673e-8f,-0.14524202072157066f,-0.9884067608078353f,-0.43193951622575244f,-1.2232036655443479e-9f,0.9893961569648f,-0.14509677870084908f,1.0021099596939262f,0.999f,-8.212578818051382e-10f,-1.401068703198806e-8f,3.4279796444589974e-9f,0f,0f,0f,1f], start_interpolation: 0, interpolation_duration: 1 }
$data merge entity $(bone_9) { transformation: [-1.399527705981549e-8f,0.3626400765876355f,-0.9319292756709139f,-0.30405309735975833f,-1.2244280936379859e-9f,0.9319292756709139f,0.3626400765876355f,1.287671607144405f,1f,6.216328718641221e-9f,-1.2598581716407283e-8f,5.567435208353243e-9f,0f,0f,0f,1f], start_interpolation: 0, interpolation_duration: 1 }
$data merge entity $(item_display_item_display) { transformation: [0.1125934986740949f,0.981246373154197f,-0.051343463773668704f,-0.25802606277945583f,-0.9345881581123276f,0.1228667506546936f,0.3018914878465975f,1.2490468250356588f,0.30654101691182173f,0.014147680651460437f,0.9393673821699076f,0.6816927690699313f,0f,0f,0f,1f], start_interpolation: 0, interpolation_duration: 1 }
$data merge entity $(bone_2) { transformation: [0.05308916294727232f,-0.4439184213257665f,0.8821994491210109f,-0.3378661386632537f,-0.3088119414017424f,0.8325155510946627f,0.4373131328552862f,0.981814421181354f,-0.9370177171781895f,-0.29952261930643115f,-0.09414153610327622f,0.44382599415492047f,0f,0f,0f,1f], start_interpolation: 0, interpolation_duration: 1 }
$data merge entity $(bone_1) { transformation: [0.05314230525252484f,-0.10669750157431165f,0.9818121388430556f,-0.3683064091424797f,-0.3091210624642066f,0.9329631722195645f,0.11791793020640398f,1.3026362560335736f,-0.9379556728510405f,-0.3135209122846623f,0.016765018826796346f,0.3363684079231053f,0f,0f,0f,1f], start_interpolation: 0, interpolation_duration: 1 }
$data merge entity $(bone_4) { transformation: [0.0016878454922518017f,-0.4916522250290211f,-0.8654184650037338f,-0.3770691056065395f,-0.27250483136278647f,0.8253237384805708f,-0.4777177469219921f,1.0343931128090982f,0.9525166223134188f,0.23836240428578656f,-0.12598268490898246f,-0.40258443222649204f,0f,0f,0f,1f], start_interpolation: 0, interpolation_duration: 1 }
$data merge entity $(bone_3) { transformation: [0.0016895350272790807f,0.134611870343979f,-0.986179838725119f,-0.33462399482657296f,-0.27277760897175823f,0.9458585240524904f,0.12134731765067772f,1.3300132091380468f,0.9534700924058247f,0.2658976346432832f,0.04457264368291136f,-0.3194842626249335f,0f,0f,0f,1f], start_interpolation: 0, interpolation_duration: 1 }
$data merge entity $(bone_8) { transformation: [-0.08169457833661103f,0.4645554952889322f,-0.8810199512332364f,-0.3035219604425204f,0.1745967423465925f,0.8768050743233209f,0.44718992346365616f,0.37392154890078866f,0.9802259934145723f,-0.11745508164093076f,-0.15307302304058618f,0.191728426370556f,0f,0f,0f,1f], start_interpolation: 0, interpolation_duration: 1 }
$data merge entity $(bone_7) { transformation: [-0.08169457833661103f,-0.22393338388267303f,-0.9704956477269823f,-0.41332415082720375f,0.1745967423465925f,0.9559588087565674f,-0.23432610176264967f,0.6620965135562974f,0.9802259934145723f,-0.18893087849504392f,-0.03914293981234024f,0.13125000327218486f,0f,0f,0f,1f], start_interpolation: 0, interpolation_duration: 1 }