# This file was generated by Animated Java via MC-Build. It is not recommended to edit this file directly.
$data merge entity $(bone_layer) { transformation: [-1.7475749499621997e-8f,0.1426754945852071f,-0.9907798460025645f,-0.47382348584154366f,-1.9139058069465833e-9f,0.9907798460025649f,0.14267549458520717f,1.3158839887092237f,1.0011000999999997f,4.384796809902991e-9f,-1.70228261221536e-8f,-0.0000018474616215084371f,0f,0f,0f,1f], start_interpolation: 0, interpolation_duration: 1 }
$data merge entity $(bone_l_1) { transformation: [-1.3093718406310188e-8f,0.10689972121768765f,-0.9897900559466181f,-0.21066674489252263f,-1.4339953598500878e-9f,0.7423425419599639f,0.14253296162358361f,1.4003025487602971f,0.7500749999999998f,3.285312295132112e-9f,-1.700582030185175e-8f,0.11956995181909863f,0f,0f,0f,1f], start_interpolation: 0, interpolation_duration: 1 }
$data merge entity $(bone_eye_l) { transformation: [-1.7458291208413585e-8f,0.14253296162358353f,-0.9897900559466181f,-0.47382348584154366f,-1.9119938131334503e-9f,0.9897900559466184f,0.14253296162358361f,1.3158839887092237f,1.0000999999999998f,4.380416393509482e-9f,-1.700582030185175e-8f,-0.0000018474616215084371f,0f,0f,0f,1f], start_interpolation: 0, interpolation_duration: 1 }
$data merge entity $(bone_r_1) { transformation: [-1.3093718406310188e-8f,0.10689972121768765f,-0.9897900559466181f,-0.21066674071790167f,-1.4339953598500878e-9f,0.7423425419599639f,0.14253296162358361f,1.4003025492174925f,0.7500749999999998f,3.285312295132112e-9f,-1.700582030185175e-8f,-0.11957363723194304f,0f,0f,0f,1f], start_interpolation: 0, interpolation_duration: 1 }
$data merge entity $(bone_eye_r) { transformation: [-1.7458291208413585e-8f,0.14253296162358353f,-0.9897900559466181f,-0.21629208428173774f,-1.9119938131334503e-9f,0.9897900559466184f,0.14253296162358361f,1.4050880442983387f,1.0000999999999998f,4.380416393509482e-9f,-1.700582030185175e-8f,-0.12501434279547233f,0f,0f,0f,1f], start_interpolation: 0, interpolation_duration: 1 }
$data merge entity $(bone_eyes_down) { transformation: [-1.7458291208413585e-8f,0.14253296162358353f,-0.9897900559466181f,-0.4687093571522206f,-1.9119938131334503e-9f,0.9897900559466184f,0.14253296162358361f,1.351397975536294f,1.0000999999999998f,4.380416393509482e-9f,-1.700582030185175e-8f,-0.0000018473044507537286f,0f,0f,0f,1f], start_interpolation: 0, interpolation_duration: 1 }
$data merge entity $(bone_bone) { transformation: [-1.7458291208413585e-8f,0.14253296162358353f,-0.9897900559466181f,-0.47382348584154366f,-1.9119938131334503e-9f,0.9897900559466184f,0.14253296162358361f,1.3158839887092237f,1.0000999999999998f,4.380416393509482e-9f,-1.700582030185175e-8f,-0.0000018474616215084371f,0f,0f,0f,1f], start_interpolation: 0, interpolation_duration: 1 }
$data merge entity $(bone_l) { transformation: [-0.022478728661249253f,0.10556193891582016f,-0.9897900559466181f,-0.18822714888895908f,-0.1560986669406477f,0.7330526093531532f,0.14253296162358361f,1.5013177028152178f,0.9875844005811686f,0.11829347920495295f,-1.700582030185175e-8f,0.12501065787841661f,0f,0f,0f,1f], start_interpolation: 0, interpolation_duration: 1 }
$data merge entity $(bone_r) { transformation: [0.022478694181625077f,0.10556194304581107f,-0.9897900559466181f,-0.18822714452438627f,0.1560986631645148f,0.7330526098054607f,0.14253296162358361f,1.5013177032932163f,0.9875844019628296f,-0.11829347271655544f,-1.700582030185175e-8f,-0.12501434212158333f,0f,0f,0f,1f], start_interpolation: 0, interpolation_duration: 1 }
$data merge entity $(bone_sad) { transformation: [-5.237487362524075e-8f,0.09549708428780097f,-0.49489502797330903f,-0.2184647404960986f,-5.735981439400351e-9f,0.6631593374842344f,0.07126648081179181f,1.3351886407859528f,3.0002999999999993f,2.934878983651353e-9f,-8.502910150925875e-9f,0.14063721953296676f,0f,0f,0f,1f], start_interpolation: 0, interpolation_duration: 1 }
$data merge entity $(bone_head) { transformation: [-1.7458291208413585e-8f,0.14253296162358353f,-0.9897900559466181f,-0.47382348584154366f,-1.9119938131334503e-9f,0.9897900559466184f,0.14253296162358361f,1.3158839887092237f,1.0000999999999998f,4.380416393509482e-9f,-1.700582030185175e-8f,-0.0000018474616215084371f,0f,0f,0f,1f], start_interpolation: 0, interpolation_duration: 1 }
$data merge entity $(bone_6) { transformation: [0.004716813854423008f,0.6006526649083284f,-0.7982455978862967f,-0.38436101893685704f,-0.2161717190708578f,0.7807094562594589f,0.586232019490749f,0.34210538261685053f,0.9753197114490266f,0.1701330717456933f,0.1337940347059806f,-0.20035898763178603f,0f,0f,0f,1f], start_interpolation: 0, interpolation_duration: 1 }
$data merge entity $(bone_12) { transformation: [0.004716813854423008f,-0.021297803427759804f,-0.9987622649937673f,-0.4178642226570961f,-0.2161717190708578f,0.976063675046166f,-0.021793072856169465f,0.6508989651665861f,0.9753197114490266f,0.21643961242001236f,-7.211415526536813e-8f,-0.13175536241242913f,0f,0f,0f,1f], start_interpolation: 0, interpolation_duration: 1 }
$data merge entity $(bone_10) { transformation: [-1.743908900830434e-8f,-0.34641472471944323f,-0.9371433854098291f,-0.5107078725442564f,-1.909890830237293e-9f,0.938081466876706f,-0.3460683099947238f,1.016181088593881f,0.9989999999999998f,-4.253777782414406e-9f,-1.702090050777542e-8f,3.1733835667924864e-9f,0f,0f,0f,1f], start_interpolation: 0, interpolation_duration: 1 }
$data merge entity $(bone_9) { transformation: [-1.74565455538582e-8f,0.1534867362335562f,-0.9881507080402111f,-0.44730341265814183f,-1.911802632870163e-9f,0.9881507080402113f,0.1534867362335563f,1.3225799546027976f,0.9999999999999998f,4.5684973492501e-9f,-1.6956261495072983e-8f,4.8659805742936584e-9f,0f,0f,0f,1f], start_interpolation: 0, interpolation_duration: 1 }
$data merge entity $(item_display_item_display) { transformation: [0.34433793507204624f,0.8976065486118852f,-0.23212009492098942f,-1.0200782021596884f,-0.7682740927937655f,0.41488142070743605f,0.46534613825213456f,1.8999997004054032f,0.5208337230508557f,0.018218399252801665f,0.8400964279432449f,0.6895104614118748f,0f,0f,0f,1f], start_interpolation: 0, interpolation_duration: 1 }
$data merge entity $(bone_2) { transformation: [0.25146270748551086f,-0.5701188711564901f,0.7680344052202719f,-0.4285868775035263f,-0.48261678832149146f,0.6104950248608245f,0.6109791842140848f,1.0293905632967482f,-0.8246411456232859f,-0.5311386479304562f,-0.12337099740648715f,0.5016531628947362f,0f,0f,0f,1f], start_interpolation: 0, interpolation_duration: 1 }
$data merge entity $(bone_1) { transformation: [0.2517144219074183f,-0.25672052159869096f,0.9214157306237525f,-0.5106770401850949f,-0.4830998882097012f,0.7890131027523307f,0.35136599523554857f,1.3017740555037571f,-0.8254666122355214f,-0.5400489769226825f,0.07533769873860363f,0.3172099519613172f,0f,0f,0f,1f], start_interpolation: 0, interpolation_duration: 1 }
$data merge entity $(bone_4) { transformation: [0.09095861946736375f,-0.12213807358405371f,-0.983988443804761f,-0.6238911798725881f,-0.28994491774599535f,0.9364509006710333f,-0.1518079302196721f,1.0765804006670285f,0.9417669951486531f,0.29799744000561723f,0.0556407140907252f,-0.36637760913340167f,0f,0f,0f,1f], start_interpolation: 0, interpolation_duration: 1 }
$data merge entity $(bone_3) { transformation: [0.09104966913650026f,0.4983516412918687f,-0.8572027812494776f,-0.46742950091593305f,-0.29023515289889423f,0.8373200458573542f,0.4459608478898217f,1.338060620327151f,0.9427097048535067f,0.20353503803749493f,0.22465941245695173f,-0.302903721505113f,0f,0f,0f,1f], start_interpolation: 0, interpolation_duration: 1 }
$data merge entity $(bone_8) { transformation: [-0.07161161367840777f,0.1988508356739483f,-0.9770351496180214f,-0.25992574153451636f,0.15788101363691456f,0.9689913754514887f,0.1865975294277834f,0.4105073844447059f,0.9838426637692526f,-0.14102079932208444f,-0.10105368523749175f,0.18409328870894293f,0f,0f,0f,1f], start_interpolation: 0, interpolation_duration: 1 }
$data merge entity $(bone_7) { transformation: [-0.07161161367840777f,-0.4998420919583232f,-0.8627266203984112f,-0.451315868578254f,0.15788101363691456f,0.8485768169120269f,-0.503666863598721f,0.6530055082848079f,0.9838426637692526f,-0.17255013825409815f,0.018032274676515136f,0.13125000351584276f,0f,0f,0f,1f], start_interpolation: 0, interpolation_duration: 1 }