# This file was generated by Animated Java via MC-Build. It is not recommended to edit this file directly.
$data merge entity $(bone_layer) { transformation: [-2.0915806788685954e-8f,-0.2590778641476232f,-0.9668917521153567f,-0.5924550456166405f,-2.7536181388233226e-9f,0.9668917521153572f,-0.2590778641476232f,1.3404992750723301f,1.0011000999999993f,-2.7533428981599955e-9f,-2.0913715413426044e-8f,3.29267269816822e-9f,0f,0f,0f,1f], start_interpolation: 0, interpolation_duration: 1 }
$data merge entity $(bone_l_1) { transformation: [-1.567118390760686e-8f,-0.1941142838268905f,-0.9659258262890678f,-0.38321761230044193f,-2.063150453663828e-9f,0.7244443697168012f,-0.2588190451025207f,1.5195033231265525f,0.7500749999999995f,-2.062944229390606e-9f,-2.0892822590835213e-8f,0.12188719565660039f,0f,0f,0f,1f], start_interpolation: 0, interpolation_duration: 1 }
$data merge entity $(bone_eye_l) { transformation: [-2.0894911876809147e-8f,-0.2588190451025207f,-0.9659258262890678f,-0.5924550456166405f,-2.750867271551771e-9f,0.9659258262890682f,-0.2588190451025207f,1.3404992750723301f,1.0000999999999993f,-2.7505923058541417e-9f,-2.0892822590835213e-8f,3.29267269816822e-9f,0f,0f,0f,1f], start_interpolation: 0, interpolation_duration: 1 }
$data merge entity $(bone_r_1) { transformation: [-1.567118390760686e-8f,-0.1941142838268905f,-0.9659258262890678f,-0.3832176072073072f,-2.063150453663828e-9f,0.7244443697168012f,-0.2588190451025207f,1.5195033237970765f,0.7500749999999995f,-2.062944229390606e-9f,-2.0892822590835213e-8f,-0.12188717934339945f,0f,0f,0f,1f], start_interpolation: 0, interpolation_duration: 1 }
$data merge entity $(bone_eye_r) { transformation: [-2.0894911876809147e-8f,-0.2588190451025207f,-0.9659258262890678f,-0.390872262588208f,-2.750867271551771e-9f,0.9659258262890682f,-0.2588190451025207f,1.523922741188089f,1.0000999999999993f,-2.7505923058541417e-9f,-2.0892822590835213e-8f,-0.1250124919911708f,0f,0f,0f,1f], start_interpolation: 0, interpolation_duration: 1 }
$data merge entity $(bone_eyes_down) { transformation: [-2.0894911876809147e-8f,-0.2588190451025207f,-0.9659258262890678f,-0.6005431407760943f,-2.750867271551771e-9f,0.9659258262890682f,-0.2588190451025207f,1.3706844571438634f,1.0000999999999993f,-2.7505923058541417e-9f,-2.0892822590835213e-8f,3.206716688610278e-9f,0f,0f,0f,1f], start_interpolation: 0, interpolation_duration: 1 }
$data merge entity $(bone_bone) { transformation: [-2.0894911876809147e-8f,-0.2588190451025207f,-0.9659258262890678f,-0.5924550456166405f,-2.750867271551771e-9f,0.9659258262890682f,-0.2588190451025207f,1.3404992750723301f,1.0000999999999993f,-2.7505923058541417e-9f,-2.0892822590835213e-8f,3.29267269816822e-9f,0f,0f,0f,1f], start_interpolation: 0, interpolation_duration: 1 }
$data merge entity $(bone_l) { transformation: [0.044943434950076556f,-0.19116525440440657f,-0.9659258262890678f,-0.4035752451479708f,-0.167731262205596f,0.7134384315648858f,-0.2588190451025207f,1.6256642250546096f,0.9849062342651439f,0.1302491548319192f,-2.0892822590835213e-8f,0.12501250802327732f,0f,0f,0f,1f], start_interpolation: 0, interpolation_duration: 1 }
$data merge entity $(bone_r) { transformation: [-0.04494347610501898f,-0.1911652489618615f,-0.9659258262890678f,-0.4035752399242428f,0.1677312567874452f,0.7134384322814105f,-0.2588190451025207f,1.6256642257423266f,0.9849062333098731f,-0.13024915889512614f,-2.0892822590835213e-8f,-0.1250124919767225f,0f,0f,0f,1f], start_interpolation: 0, interpolation_duration: 1 }
$data merge entity $(bone_sad) { transformation: [-6.268473563042745e-8f,-0.17340876021868887f,-0.4829629131445339f,-0.3653903041704424f,-8.252601814655313e-9f,0.6471703036136758f,-0.12940952255126034f,1.459007938323795f,3.000299999999998f,-1.842896844922275e-9f,-1.0446411295417606e-8f,0.14063907086266503f,0f,0f,0f,1f], start_interpolation: 0, interpolation_duration: 1 }
$data merge entity $(bone_head) { transformation: [-2.0894911876809147e-8f,-0.2588190451025207f,-0.9659258262890678f,-0.5924550456166405f,-2.750867271551771e-9f,0.9659258262890682f,-0.2588190451025207f,1.3404992750723301f,1.0000999999999993f,-2.7505923058541417e-9f,-2.0892822590835213e-8f,3.29267269816822e-9f,0f,0f,0f,1f], start_interpolation: 0, interpolation_duration: 1 }
$data merge entity $(bone_6) { transformation: [-0.02054649539671583f,0.8403322191155078f,-0.5400009274026291f,-0.5178158103004976f,-0.21211531141657022f,0.5250274272834625f,0.8240666927322712f,0.3299426153490609f,0.9760050902477729f,0.1317946387754862f,0.1677266217395138f,-0.2040546738241663f,0f,0f,0f,1f], start_interpolation: 0, interpolation_duration: 1 }
$data merge entity $(bone_12) { transformation: [-0.02054649539671583f,0.30040705449417565f,-0.9526357339977474f,-0.4503521078464654f,-0.21211531141657022f,0.9307215078821511f,0.29748476975497395f,0.6317856554513452f,0.9760050902477729f,0.2085978820019707f,0.04459787073844163f,-0.1370348664935183f,0f,0f,0f,1f], start_interpolation: 0, interpolation_duration: 1 }
$data merge entity $(bone_10) { transformation: [-2.0871929771955143e-8f,-0.48519643335471213f,-0.8735307761047499f,-0.57142441606377f,-2.7478416201182075e-9f,0.8744051812860364f,-0.48471123692135754f,1.0301515252920905f,0.9989999999999994f,-7.731990895501393e-9f,-1.958376650973603e-8f,2.878421796246226e-9f,0f,0f,0f,1f], start_interpolation: 0, interpolation_duration: 1 }
$data merge entity $(bone_9) { transformation: [-2.0892822594549694e-8f,-0.009577879937795908f,-0.9999541310559681f,-0.5587932202465817f,-2.750592212330538e-9f,0.9999541310559685f,-0.009577879937795797f,1.3427868456211087f,0.9999999999999994f,2.5503571334666582e-9f,-2.091820910921664e-8f,4.002255417786067e-9f,0f,0f,0f,1f], start_interpolation: 0, interpolation_duration: 1 }
$data merge entity $(item_display_item_display) { transformation: [0.24844073405484474f,0.918688077318762f,-0.2690154345880926f,-1.719841719807379f,-0.7213985434044105f,0.3624214407876546f,0.5713746494321965f,2.1379778310368267f,0.6307921868333064f,0.053059120382853514f,0.7598672045696458f,0.545885194727005f,0f,0f,0f,1f], start_interpolation: 0, interpolation_duration: 1 }
$data merge entity $(bone_2) { transformation: [0.39311898702077297f,-0.6349071612193689f,0.6484059256886057f,-0.5020914855899008f,-0.571586121947405f,0.3756681165926229f,0.7144206887788508f,1.0775932359702267f,-0.7035142101773547f,-0.6600019377806187f,-0.21812248854851257f,0.5337946402329687f,0f,0f,0f,1f], start_interpolation: 0, interpolation_duration: 1 }
$data merge entity $(bone_1) { transformation: [0.39351249952029327f,-0.35268924292260107f,0.8361504922933536f,-0.6173192884768139f,-0.5721582802276326f,0.6116150691126264f,0.5267356657886888f,1.2899463528719743f,-0.7042184286059606f,-0.6940009403171145f,0.03927687263172258f,0.296875002634138f,0f,0f,0f,1f], start_interpolation: 0, interpolation_duration: 1 }
$data merge entity $(bone_4) { transformation: [0.1407015930317551f,0.1374593864499628f,-0.9762485606793367f,-0.7895359400116065f,-0.2787667452633105f,0.9486740670426412f,0.08360113121607587f,1.1184126752476118f,0.9382910928193172f,0.25783151892843914f,0.176104713571019f,-0.3297781934801233f,0f,0f,0f,1f], start_interpolation: 0, interpolation_duration: 1 }
$data merge entity $(bone_3) { transformation: [0.14084243546722233f,0.6987851484922898f,-0.6954535580456005f,-0.5702022306683868f,-0.2790457910543649f,0.7059713434075076f,0.6391995751776062f,1.3385044271464313f,0.9392303231424597f,0.09930011070861738f,0.2960227192431909f,-0.29905069313889593f,0f,0f,0f,1f], start_interpolation: 0, interpolation_duration: 1 }
$data merge entity $(bone_8) { transformation: [-0.05728633382452176f,-0.0828071936901767f,-0.9947974883633011f,-0.23371955844843345f,0.14605752819007514f,0.9842956097671852f,-0.0897194879902099f,0.4669790109615679f,0.9866035166920774f,-0.15052101241999136f,-0.04447349743253649f,0.17204845219574005f,0f,0f,0f,1f], start_interpolation: 0, interpolation_duration: 1 }
$data merge entity $(bone_7) { transformation: [-0.05728633382452176f,-0.7317821668474296f,-0.6789506126846454f,-0.48919874928309426f,0.14605752819007514f,0.66653399762026f,-0.7298081007693293f,0.6423794140668957f,0.9866035166920774f,-0.14115796685191098f,0.06862139278720467f,0.13125000352974509f,0f,0f,0f,1f], start_interpolation: 0, interpolation_duration: 1 }