# This file was generated by Animated Java via MC-Build. It is not recommended to edit this file directly.
$data merge entity $(bone_layer) { transformation: [-2.0915806788685954e-8f,-0.359028342203066f,-0.9343980144964548f,-0.6270618215097377f,-2.7536181388233226e-9f,0.9343980144964552f,-0.35902834220306606f,1.3209468464107292f,1.0011000999999993f,-4.930967527579619e-9f,-2.050975252777511e-8f,4.6553612567814463e-7f,0f,0f,0f,1f], start_interpolation: 0, interpolation_duration: 1 }
$data merge entity $(bone_l_1) { transformation: [-1.567118390760686e-8f,-0.2690022543979016f,-0.9334645499465084f,-0.4377462485419704f,-2.063150453663828e-9f,0.7000984124598817f,-0.35866967253053555f,1.5209027581509202f,0.7500749999999995f,-3.694531114570144e-9f,-2.0489263264510602e-8f,0.12188765754145951f,0f,0f,0f,1f], start_interpolation: 0, interpolation_duration: 1 }
$data merge entity $(bone_eye_l) { transformation: [-2.0894911876809147e-8f,-0.3586696725305355f,-0.9334645499465084f,-0.6270618215097377f,-2.750867271551771e-9f,0.9334645499465088f,-0.35866967253053555f,1.3209468464107292f,1.0000999999999993f,-4.926041486093525e-9f,-2.0489263264510602e-8f,4.6553612567814463e-7f,0f,0f,0f,1f], start_interpolation: 0, interpolation_duration: 1 }
$data merge entity $(bone_r_1) { transformation: [-1.567118390760686e-8f,-0.2690022543979016f,-0.9334645499465084f,-0.43774624344883567f,-2.063150453663828e-9f,0.7000984124598817f,-0.35866967253053555f,1.5209027588214439f,0.7500749999999995f,-3.694531114570144e-9f,-2.0489263264510602e-8f,-0.12188671745854034f,0f,0f,0f,1f], start_interpolation: 0, interpolation_duration: 1 }
$data merge entity $(bone_eye_r) { transformation: [-2.0894911876809147e-8f,-0.3586696725305355f,-0.9334645499465084f,-0.4458220822740206f,-2.750867271551771e-9f,0.9334645499465088f,-0.35866967253053555f,1.5244952268138903f,1.0000999999999993f,-4.926041486093525e-9f,-2.0489263264510602e-8f,-0.12501203011738599f,0f,0f,0f,1f], start_interpolation: 0, interpolation_duration: 1 }
$data merge entity $(bone_eyes_down) { transformation: [-2.0894911876809147e-8f,-0.3586696725305355f,-0.9334645499465084f,-0.6382702487763169f,-2.750867271551771e-9f,0.9334645499465088f,-0.35866967253053555f,1.3501176135965576f,1.0000999999999993f,-4.926041486093525e-9f,-2.0489263264510602e-8f,4.653821868817042e-7f,0f,0f,0f,1f], start_interpolation: 0, interpolation_duration: 1 }
$data merge entity $(bone_bone) { transformation: [-2.0894911876809147e-8f,-0.3586696725305355f,-0.9334645499465084f,-0.6270618215097377f,-2.750867271551771e-9f,0.9334645499465088f,-0.35866967253053555f,1.3209468464107292f,1.0000999999999993f,-4.926041486093525e-9f,-2.0489263264510602e-8f,4.6553612567814463e-7f,0f,0f,0f,1f], start_interpolation: 0, interpolation_duration: 1 }
$data merge entity $(bone_l) { transformation: [0.06228231444185095f,-0.2649155084300884f,-0.9334645499465084f,-0.4691226308805083f,-0.16209442072396796f,0.6894623441037677f,-0.35866967253053555f,1.6243440117500765f,0.9849062346429066f,0.13024915322511982f,-2.0489263264510602e-8f,0.12501296967044304f,0f,0f,0f,1f], start_interpolation: 0, interpolation_duration: 1 }
$data merge entity $(bone_r) { transformation: [-0.062282355596793376f,-0.2649155029875433f,-0.9334645499465084f,-0.46912262565678037f,0.16209441530581714f,0.6894623448202923f,-0.35866967253053555f,1.6243440124377932f,0.9849062329321104f,-0.1302491605019256f,-2.0489263264510602e-8f,-0.1250120303295568f,0f,0f,0f,1f], start_interpolation: 0, interpolation_duration: 1 }
$data merge entity $(bone_sad) { transformation: [-6.268473563042745e-8f,-0.2403086805954588f,-0.4667322749732542f,-0.4137463179605604f,-8.252601814655313e-9f,0.6254212484641609f,-0.17933483626526778f,1.4627975254556154f,3.000299999999998f,-3.300447795682662e-9f,-1.0244631632255301e-8f,0.140639532883062f,0f,0f,0f,1f], start_interpolation: 0, interpolation_duration: 1 }
$data merge entity $(bone_head) { transformation: [-2.0894911876809147e-8f,-0.3586696725305355f,-0.9334645499465084f,-0.6270618215097377f,-2.750867271551771e-9f,0.9334645499465088f,-0.35866967253053555f,1.3209468464107292f,1.0000999999999993f,-4.926041486093525e-9f,-2.0489263264510602e-8f,4.6553612567814463e-7f,0f,0f,0f,1f], start_interpolation: 0, interpolation_duration: 1 }
$data merge entity $(bone_6) { transformation: [-0.02054649539671583f,0.8550003625821389f,-0.5164626027736223f,-0.5133354466174408f,-0.21211531141657022f,0.501946454810416f,0.8383253962357635f,0.3082406702028859f,0.9760050902477729f,0.12708723635759955f,0.1713209876375293f,-0.2040376704324809f,0f,0f,0f,1f], start_interpolation: 0, interpolation_duration: 1 }
$data merge entity $(bone_12) { transformation: [-0.02054649539671583f,0.30040705449417565f,-0.9526357339977474f,-0.4481093205714299f,-0.21211531141657022f,0.9307215078821511f,0.29748476975497395f,0.6089529304156575f,0.9760050902477729f,0.2085978820019707f,0.04459787073844163f,-0.13731072026480345f,0f,0f,0f,1f], start_interpolation: 0, interpolation_duration: 1 }
$data merge entity $(bone_10) { transformation: [-2.0871929771955143e-8f,-0.5121363059060063f,-0.8580452838172394f,-0.590210764954789f,-2.7478416201182075e-9f,0.8589041880052452f,-0.5116241696001005f,1.0087871992533133f,0.9989999999999994f,-8.337477785478671e-9f,-1.9334257370481093e-8f,2.484461397171561e-9f,0f,0f,0f,1f], start_interpolation: 0, interpolation_duration: 1 }
$data merge entity $(bone_9) { transformation: [-2.0892822594549694e-8f,-0.05283190754759724f,-0.9986034195539696f,-0.5911175576328823f,-2.750592212330538e-9f,0.99860341955397f,-0.052831907547597146f,1.3216762664193602f,0.9999999999999994f,1.6429431513539498e-9f,-2.100896312640292e-8f,3.326146180819716e-9f,0f,0f,0f,1f], start_interpolation: 0, interpolation_duration: 1 }
$data merge entity $(item_display_item_display) { transformation: [-0.48691177912131334f,0.8565948828540645f,-0.0847842726965943f,-1.812603853407339f,-0.5727688548364551f,-0.24959149276568138f,0.7666669680526471f,2.211765939195109f,0.6431231797607718f,0.42795423920354453f,0.6176645047859288f,0.7534205979344212f,0f,0f,0f,1f], start_interpolation: 0, interpolation_duration: 1 }
$data merge entity $(bone_2) { transformation: [0.4213617391592607f,-0.6312784920742092f,0.6340094613590055f,-0.5252587288691604f,-0.5840884468317437f,0.3367260025089066f,0.723598369087961f,1.0703982073085152f,-0.676373009315825f,-0.6840520907177013f,-0.22989994589849916f,0.5254138032507849f,0f,0f,0f,1f], start_interpolation: 0, interpolation_duration: 1 }
$data merge entity $(bone_1) { transformation: [0.42178352268194264f,-0.34728386105058595f,0.8245449966508929f,-0.6384557651297682f,-0.5846731199516954f,0.5836172613718162f,0.5443986524057957f,1.2729206813244633f,-0.6770500593752002f,-0.7203365963788444f,0.043548086717248094f,0.2800049311095925f,0f,0f,0f,1f], start_interpolation: 0, interpolation_duration: 1 }
$data merge entity $(bone_4) { transformation: [0.08544187852643595f,0.1432041181653001f,-0.981739689996664f,-0.8054125843428956f,-0.2644182858489705f,0.951029515034064f,0.10546509182011549f,1.1128500283418383f,0.9489502633867072f,0.24855886338071717f,0.12211592680615571f,-0.3607202227367364f,0f,0f,0f,1f], start_interpolation: 0, interpolation_duration: 1 }
$data merge entity $(bone_3) { transformation: [0.08552740593236832f,0.7051471861794225f,-0.6979166742509378f,-0.5837636839015077f,-0.26468296881778824f,0.69609911823703f,0.6565257357089529f,1.3296526367978565f,0.9499001635502574f,0.12503316524043676f,0.24710426085925358f,-0.321970418571126f,0f,0f,0f,1f], start_interpolation: 0, interpolation_duration: 1 }
$data merge entity $(bone_8) { transformation: [-0.05728633382452176f,-0.06898858427241655f,-0.9958512185165325f,-0.23398126009692505f,0.14605752819007514f,0.9854463143805908f,-0.07604600848098547f,0.4472266833139845f,0.9866035166920774f,-0.1498890873773381f,-0.046558872827955386f,0.1718732282313244f,0f,0f,0f,1f], start_interpolation: 0, interpolation_duration: 1 }
$data merge entity $(bone_7) { transformation: [-0.05728633382452176f,-0.7317821668474296f,-0.6789506126846454f,-0.48919874928309426f,0.14605752819007514f,0.66653399762026f,-0.7298081007693293f,0.6215460807335624f,0.9866035166920774f,-0.14115796685191098f,0.06862139278720467f,0.13125000352974509f,0f,0f,0f,1f], start_interpolation: 0, interpolation_duration: 1 }