# This file was generated by Animated Java via MC-Build. It is not recommended to edit this file directly.
$data merge entity $(bone_layer) { transformation: [-2.0915806788685954e-8f,-0.3347505462347685f,-0.9433679408351352f,-0.6252039568516804f,-2.7536181388233226e-9f,0.9433679408351355f,-0.3347505462347685f,1.2904352512422488f,1.0011000999999993f,-4.399063233488116e-9f,-2.0630381290136044e-8f,2.340668392814095e-7f,0f,0f,0f,1f], start_interpolation: 0, interpolation_duration: 1 }
$data merge entity $(bone_l_1) { transformation: [-1.567118390760686e-8f,-0.2508120975784979f,-0.9424255153198154f,-0.43078203588590996f,-2.063150453663828e-9f,0.7068191364898618f,-0.33441613010466387f,1.4854297881740923f,0.7500749999999995f,-3.2960014236923948e-9f,-2.060977151861743e-8f,0.1218874261652124f,0f,0f,0f,1f], start_interpolation: 0, interpolation_duration: 1 }
$data merge entity $(bone_eye_l) { transformation: [-2.0894911876809147e-8f,-0.33441613010466387f,-0.9424255153198154f,-0.6252039568516804f,-2.750867271551771e-9f,0.9424255153198158f,-0.33441613010466387f,1.2904352512422488f,1.0000999999999993f,-4.394668564923193e-9f,-2.060977151861743e-8f,2.340668392814095e-7f,0f,0f,0f,1f], start_interpolation: 0, interpolation_duration: 1 }
$data merge entity $(bone_r_1) { transformation: [-1.567118390760686e-8f,-0.2508120975784979f,-0.9424255153198154f,-0.43078203079277516f,-2.063150453663828e-9f,0.7068191364898618f,-0.33441613010466387f,1.4854297888446162f,0.7500749999999995f,-3.2960014236923948e-9f,-2.060977151861743e-8f,-0.12188694883478743f,0f,0f,0f,1f], start_interpolation: 0, interpolation_duration: 1 }
$data merge entity $(bone_eye_r) { transformation: [-2.0894911876809147e-8f,-0.33441613010466387f,-0.9424255153198154f,-0.4387622910113816f,-2.750867271551771e-9f,0.9424255153198158f,-0.33441613010466387f,1.4892298475108074f,1.0000999999999993f,-4.394668564923193e-9f,-2.060977151861743e-8f,-0.12501226149106517f,0f,0f,0f,1f], start_interpolation: 0, interpolation_duration: 1 }
$data merge entity $(bone_eyes_down) { transformation: [-2.0894911876809147e-8f,-0.33441613010466387f,-0.9424255153198154f,-0.6356544609174511f,-2.750867271551771e-9f,0.9424255153198158f,-0.33441613010466387f,1.3198860485959931f,1.0000999999999993f,-4.394668564923193e-9f,-2.060977151861743e-8f,2.3392950588875563e-7f,0f,0f,0f,1f], start_interpolation: 0, interpolation_duration: 1 }
$data merge entity $(bone_bone) { transformation: [-2.0894911876809147e-8f,-0.33441613010466387f,-0.9424255153198154f,-0.6252039568516804f,-2.750867271551771e-9f,0.9424255153198158f,-0.33441613010466387f,1.2904352512422488f,1.0000999999999993f,-4.394668564923193e-9f,-2.060977151861743e-8f,2.340668392814095e-7f,0f,0f,0f,1f], start_interpolation: 0, interpolation_duration: 1 }
$data merge entity $(bone_l) { transformation: [0.05807073099763076f,-0.2470017009658317f,-0.9424255153198154f,-0.4594735756396796f,-0.1636504760311792f,0.6960809652343477f,-0.33441613010466387f,1.589647665052356f,0.9849062345506348f,0.13024915361759495f,-2.060977151861743e-8f,0.12501273835242604f,0f,0f,0f,1f], start_interpolation: 0, interpolation_duration: 1 }
$data merge entity $(bone_r) { transformation: [-0.05807077215257318f,-0.24700169552328663f,-0.9424255153198154f,-0.4594735704159516f,0.16365047061302837f,0.6960809659508723f,-0.33441613010466387f,1.589647665740073f,0.9849062330243823f,-0.13024916010945045f,-2.060977151861743e-8f,-0.12501226164757379f,0f,0f,0f,1f], start_interpolation: 0, interpolation_duration: 1 }
$data merge entity $(bone_sad) { transformation: [-6.268473563042745e-8f,-0.2240588071701248f,-0.4712127576599077f,-0.4083606239822901f,-8.252601814655313e-9f,0.6314250952642766f,-0.16720806505233193f,1.4269158311833983f,3.000299999999998f,-2.9444279384985392e-9f,-1.0304885759308715e-8f,0.14063930147271098f,0f,0f,0f,1f], start_interpolation: 0, interpolation_duration: 1 }
$data merge entity $(bone_head) { transformation: [-2.0894911876809147e-8f,-0.33441613010466387f,-0.9424255153198154f,-0.6252039568516804f,-2.750867271551771e-9f,0.9424255153198158f,-0.33441613010466387f,1.2904352512422488f,1.0000999999999993f,-4.394668564923193e-9f,-2.060977151861743e-8f,2.340668392814095e-7f,0f,0f,0f,1f], start_interpolation: 0, interpolation_duration: 1 }
$data merge entity $(bone_6) { transformation: [-0.02054649539671583f,0.8690093566532933f,-0.49252611923462775f,-0.508855082934384f,-0.21211531141657022f,0.47847851442866457f,0.8519378056529322f,0.28653872505671046f,0.9760050902477729f,0.12228185798708872f,0.1747832762518666f,-0.2040206670407955f,0f,0f,0f,1f], start_interpolation: 0, interpolation_duration: 1 }
$data merge entity $(bone_12) { transformation: [-0.02054649539671583f,0.30040705449417565f,-0.9526357339977474f,-0.4458665332963943f,-0.21211531141657022f,0.9307215078821511f,0.29748476975497395f,0.5861202053799692f,0.9760050902477729f,0.2085978820019707f,0.04459787073844163f,-0.13758657403608865f,0f,0f,0f,1f], start_interpolation: 0, interpolation_duration: 1 }
$data merge entity $(bone_10) { transformation: [-2.0871929771955143e-8f,-0.49211188252292876f,-0.8696614290144606f,-0.5913003087532646f,-2.7478416201182075e-9f,0.8705319609754365f,-0.4916197706404059f,0.9786375894337092f,0.9989999999999994f,-7.887127797918656e-9f,-1.9521927486689347e-8f,2.4360724740058855e-9f,0f,0f,0f,1f], start_interpolation: 0, interpolation_duration: 1 }
$data merge entity $(bone_9) { transformation: [-2.0892822594549694e-8f,-0.04279242965824107f,-0.9990839844397185f,-0.5890622557645943f,-2.750592212330538e-9f,0.9990839844397188f,-0.04279242965824099f,1.2915199662845314f,0.9999999999999994f,1.8540180199278939e-9f,-2.0991388973265222e-8f,3.3434435579406213e-9f,0f,0f,0f,1f], start_interpolation: 0, interpolation_duration: 1 }
$data merge entity $(item_display_item_display) { transformation: [-0.9583757079481461f,-0.18668989743701714f,-0.1570979328997975f,-1.613851491310256f,-0.12223310964067846f,-0.18412744843151196f,0.9640593760271219f,2.2114234011148377f,-0.21201000805488596f,0.9537459240897367f,0.15354321467158238f,1.1809854445681482f,0f,0f,0f,1f], start_interpolation: 0, interpolation_duration: 1 }
$data merge entity $(bone_2) { transformation: [0.4042345931863362f,-0.6183270985890479f,0.6574822193287593f,-0.5228832807725708f,-0.5745830542875632f,0.379311559225068f,0.7100925190620979f,1.0475653482567338f,-0.6947187805706942f,-0.6735030208856371f,-0.20473042466910235f,0.5038555695360156f,0f,0f,0f,1f], start_interpolation: 0, interpolation_duration: 1 }
$data merge entity $(bone_1) { transformation: [0.40463923241875493f,-0.31898248014854835f,0.8443112263503915f,-0.6260628999104783f,-0.5751582125000633f,0.622583932787123f,0.5103899403642546f,1.2627599187457526f,-0.6954141947654597f,-0.7005279608934962f,0.06914797129106581f,0.26583706540233165f,0f,0f,0f,1f], start_interpolation: 0, interpolation_duration: 1 }
$data merge entity $(bone_4) { transformation: [-0.01331802326149215f,0.012678174735633096f,-0.9952316628872369f,-0.7594226737210815f,-0.2521709053901651f,0.9607702286725526f,0.00516839251225043f,1.0806681570346848f,0.9561520401299084f,0.25001952310917286f,-0.007682725134250584f,-0.4218152509411262f,0f,0f,0f,1f], start_interpolation: 0, interpolation_duration: 1 }
$data merge entity $(bone_3) { transformation: [-0.013331354616108258f,0.6072862232138465f,-0.7885748170101452f,-0.5679077760080836f,-0.252423328718884f,0.7655116975322496f,0.5806013998656593f,1.3191523210840896f,0.9571091492791876f,0.20462439872061744f,0.143866749631221f,-0.35804638544424106f,0f,0f,0f,1f], start_interpolation: 0, interpolation_duration: 1 }
$data merge entity $(bone_8) { transformation: [-0.05728633382452176f,-0.055156677791607656f,-0.9967130053710382f,-0.2342429617454166f,0.14605752819007514f,0.9864070811671586f,-0.06235787163997153f,0.42747435566640085f,0.9866035166920774f,-0.14922827227024632f,-0.04863527432901201f,0.17169800426690873f,0f,0f,0f,1f], start_interpolation: 0, interpolation_duration: 1 }
$data merge entity $(bone_7) { transformation: [-0.05728633382452176f,-0.7317821668474296f,-0.6789506126846454f,-0.48919874928309426f,0.14605752819007514f,0.66653399762026f,-0.7298081007693293f,0.600712747400229f,0.9866035166920774f,-0.14115796685191098f,0.06862139278720467f,0.13125000352974509f,0f,0f,0f,1f], start_interpolation: 0, interpolation_duration: 1 }