# This file was generated by Animated Java via MC-Build. It is not recommended to edit this file directly.
$data merge entity $(bone_layer) { transformation: [-2.0915806788685954e-8f,-0.2590778641476232f,-0.9668917521153567f,-0.5924550456166405f,-2.7536181388233226e-9f,0.9668917521153572f,-0.2590778641476232f,1.2779992750723301f,1.0011000999999993f,-2.7533428981599955e-9f,-2.0913715413426044e-8f,3.29267269816822e-9f,0f,0f,0f,1f], start_interpolation: 0, interpolation_duration: 1 }
$data merge entity $(bone_l_1) { transformation: [-1.567118390760686e-8f,-0.1941142838268905f,-0.9659258262890678f,-0.38321761230044193f,-2.063150453663828e-9f,0.7244443697168012f,-0.2588190451025207f,1.4570033231265525f,0.7500749999999995f,-2.062944229390606e-9f,-2.0892822590835213e-8f,0.12188719565660039f,0f,0f,0f,1f], start_interpolation: 0, interpolation_duration: 1 }
$data merge entity $(bone_eye_l) { transformation: [-2.0894911876809147e-8f,-0.2588190451025207f,-0.9659258262890678f,-0.5924550456166405f,-2.750867271551771e-9f,0.9659258262890682f,-0.2588190451025207f,1.2779992750723301f,1.0000999999999993f,-2.7505923058541417e-9f,-2.0892822590835213e-8f,3.29267269816822e-9f,0f,0f,0f,1f], start_interpolation: 0, interpolation_duration: 1 }
$data merge entity $(bone_r_1) { transformation: [-1.567118390760686e-8f,-0.1941142838268905f,-0.9659258262890678f,-0.3832176072073072f,-2.063150453663828e-9f,0.7244443697168012f,-0.2588190451025207f,1.4570033237970765f,0.7500749999999995f,-2.062944229390606e-9f,-2.0892822590835213e-8f,-0.12188717934339945f,0f,0f,0f,1f], start_interpolation: 0, interpolation_duration: 1 }
$data merge entity $(bone_eye_r) { transformation: [-2.0894911876809147e-8f,-0.2588190451025207f,-0.9659258262890678f,-0.390872262588208f,-2.750867271551771e-9f,0.9659258262890682f,-0.2588190451025207f,1.461422741188089f,1.0000999999999993f,-2.7505923058541417e-9f,-2.0892822590835213e-8f,-0.1250124919911708f,0f,0f,0f,1f], start_interpolation: 0, interpolation_duration: 1 }
$data merge entity $(bone_eyes_down) { transformation: [-2.0894911876809147e-8f,-0.2588190451025207f,-0.9659258262890678f,-0.6005431407760943f,-2.750867271551771e-9f,0.9659258262890682f,-0.2588190451025207f,1.3081844571438634f,1.0000999999999993f,-2.7505923058541417e-9f,-2.0892822590835213e-8f,3.206716688610278e-9f,0f,0f,0f,1f], start_interpolation: 0, interpolation_duration: 1 }
$data merge entity $(bone_bone) { transformation: [-2.0894911876809147e-8f,-0.2588190451025207f,-0.9659258262890678f,-0.5924550456166405f,-2.750867271551771e-9f,0.9659258262890682f,-0.2588190451025207f,1.2779992750723301f,1.0000999999999993f,-2.7505923058541417e-9f,-2.0892822590835213e-8f,3.29267269816822e-9f,0f,0f,0f,1f], start_interpolation: 0, interpolation_duration: 1 }
$data merge entity $(bone_l) { transformation: [0.044943434950076556f,-0.19116525440440657f,-0.9659258262890678f,-0.4035752451479708f,-0.167731262205596f,0.7134384315648858f,-0.2588190451025207f,1.5631642250546096f,0.9849062342651439f,0.1302491548319192f,-2.0892822590835213e-8f,0.12501250802327732f,0f,0f,0f,1f], start_interpolation: 0, interpolation_duration: 1 }
$data merge entity $(bone_r) { transformation: [-0.04494347610501898f,-0.1911652489618615f,-0.9659258262890678f,-0.4035752399242428f,0.1677312567874452f,0.7134384322814105f,-0.2588190451025207f,1.5631642257423266f,0.9849062333098731f,-0.13024915889512614f,-2.0892822590835213e-8f,-0.1250124919767225f,0f,0f,0f,1f], start_interpolation: 0, interpolation_duration: 1 }
$data merge entity $(bone_sad) { transformation: [-6.268473563042745e-8f,-0.17340876021868887f,-0.4829629131445339f,-0.3655486821655058f,-8.252601814655313e-9f,0.6471703036136758f,-0.12940952255126034f,1.3970990130481724f,3.000299999999998f,-1.842896844922275e-9f,-1.0446411295417606e-8f,0.14063907086098187f,0f,0f,0f,1f], start_interpolation: 0, interpolation_duration: 1 }
$data merge entity $(bone_head) { transformation: [-2.0894911876809147e-8f,-0.2588190451025207f,-0.9659258262890678f,-0.5924550456166405f,-2.750867271551771e-9f,0.9659258262890682f,-0.2588190451025207f,1.2779992750723301f,1.0000999999999993f,-2.7505923058541417e-9f,-2.0892822590835213e-8f,3.29267269816822e-9f,0f,0f,0f,1f], start_interpolation: 0, interpolation_duration: 1 }
$data merge entity $(bone_6) { transformation: [-0.02054649539671583f,0.8823484013101901f,-0.46820993024993085f,-0.5043747192513272f,-0.21211531141657022f,0.4546416983863444f,0.8648934267058428f,0.2648367799105354f,0.9760050902477729f,0.11738220829659099f,0.17811081838430415f,-0.2040036636491101f,0f,0f,0f,1f], start_interpolation: 0, interpolation_duration: 1 }
$data merge entity $(bone_12) { transformation: [-0.02054649539671583f,0.30040705449417565f,-0.9526357339977474f,-0.4436237460213588f,-0.21211531141657022f,0.9307215078821511f,0.29748476975497395f,0.5632874803442813f,0.9760050902477729f,0.2085978820019707f,0.04459787073844163f,-0.13786242780737382f,0f,0f,0f,1f], start_interpolation: 0, interpolation_duration: 1 }
$data merge entity $(bone_10) { transformation: [-2.0871929771955143e-8f,-0.44990836471281104f,-0.8921816496752124f,-0.5709956535388088f,-2.7478416201182075e-9f,0.8930747243996126f,-0.44945845634809833f,0.9676983912516197f,0.9989999999999994f,-6.943371236981332e-9f,-1.9876469877635896e-8f,2.8875087647620965e-9f,0f,0f,0f,1f], start_interpolation: 0, interpolation_duration: 1 }
$data merge entity $(bone_9) { transformation: [-2.0892822594549694e-8f,-0.008513698376067406f,-0.9999637578132321f,-0.558031750565498f,-2.750592212330538e-9f,0.9999637578132325f,-0.008513698376067295f,1.280320092105381f,0.9999999999999994f,2.5726173693324766e-9f,-2.091548310979565e-8f,4.0182561162690525e-9f,0f,0f,0f,1f], start_interpolation: 0, interpolation_duration: 1 }
$data merge entity $(item_display_item_display) { transformation: [0.10054168823025848f,-0.8520056545861896f,-0.49200695533294125f,-1.483512712917503f,-0.1458340991773141f,-0.50205396874386f,0.8397224886841281f,2.0174680161100884f,-0.9725379539603793f,-0.012857172894708085f,-0.17854449686586535f,1.5765803727495644f,0f,0f,0f,1f], start_interpolation: 0, interpolation_duration: 1 }
$data merge entity $(bone_2) { transformation: [0.38085520083736785f,-0.6510556498501563f,0.6396631671499791f,-0.4929123468645533f,-0.5275277354024119f,0.4088182434406529f,0.7300970909594745f,1.0322497742355572f,-0.743538352108962f,-0.6235332597416339f,-0.19034313512294526f,0.4854203370716252f,0f,0f,0f,1f], start_interpolation: 0, interpolation_duration: 1 }
$data merge entity $(bone_1) { transformation: [0.3812364372746425f,-0.3485606909631961f,0.8435329699101337f,-0.605906905371824f,-0.5280557911936056f,0.6620782650571888f,0.5116898370460868f,1.2604684766293002f,-0.7442826347437057f,-0.6482729484207417f,0.06903926012304928f,0.2656250029634053f,0f,0f,0f,1f], start_interpolation: 0, interpolation_duration: 1 }
$data merge entity $(bone_4) { transformation: [-0.07986513530303915f,-0.08711703052718789f,-0.9878033385504286f,-0.70241301172427f,-0.22596865058072432f,0.9648618600182965f,-0.07755196704576967f,1.0534900042472293f,0.9594048887347799f,0.2166382789487209f,-0.09575102605527973f,-0.448564259490891f,0f,0f,0f,1f], start_interpolation: 0, interpolation_duration: 1 }
$data merge entity $(bone_3) { transformation: [-0.07994508038342257f,0.5211400471410572f,-0.84365743280378f,-0.5373944009120698f,-0.22619484542615048f,0.819551868371386f,0.5150800438374656f,1.3088892765163491f,0.9603652539887687f,0.2308777160479598f,0.05287611113707512f,-0.3764093157689517f,0f,0f,0f,1f], start_interpolation: 0, interpolation_duration: 1 }
$data merge entity $(bone_8) { transformation: [-0.05728633382452176f,-0.04131414025016944f,-0.9973826828234806f,-0.23450466339390813f,0.14605752819007514f,0.9871777249458662f,-0.048657715759003184f,0.4077220280188174f,0.9866035166920774f,-0.14853869446616721f,-0.05070230172396164f,0.17152278030249307f,0f,0f,0f,1f], start_interpolation: 0, interpolation_duration: 1 }
$data merge entity $(bone_7) { transformation: [-0.05728633382452176f,-0.7317821668474296f,-0.6789506126846454f,-0.48919874928309426f,0.14605752819007514f,0.66653399762026f,-0.7298081007693293f,0.5798794140668957f,0.9866035166920774f,-0.14115796685191098f,0.06862139278720467f,0.13125000352974509f,0f,0f,0f,1f], start_interpolation: 0, interpolation_duration: 1 }