# This file was generated by Animated Java via MC-Build. It is not recommended to edit this file directly.
$data merge entity $(bone_layer) { transformation: [-0.7142544738182818f,-0.29201619426941383f,0.6360558850564763f,1.5308084989341915e-17f,0.08197053184092884f,0.8676415861902649f,0.4903864902533068f,1.421875f,-0.6950693336209595f,0.4023985837421017f,-0.5957801618567592f,-0.125f,0f,0f,0f,1f], start_interpolation: 0, interpolation_duration: 1 }
$data merge entity $(bone_head) { transformation: [-0.7142544738182818f,-0.29201619426941383f,0.6360558850564763f,1.5308084989341915e-17f,0.08197053184092884f,0.8676415861902649f,0.4903864902533068f,1.421875f,-0.6950693336209595f,0.4023985837421017f,-0.5957801618567592f,-0.125f,0f,0f,0f,1f], start_interpolation: 0, interpolation_duration: 1 }
$data merge entity $(bone_6) { transformation: [-0.972561790951586f,-0.027079384124971854f,0.2269265860239065f,0.09306573166689608f,-0.019578679129013257f,0.9991896541908704f,0.035155973612316316f,0.380276870281762f,-0.22746700443054754f,0.029778212057494063f,-0.9732771352882512f,-0.004450865919542871f,0f,0f,0f,1f], start_interpolation: 0, interpolation_duration: 1 }
$data merge entity $(bone_12) { transformation: [-0.9735353262778639f,0.022678408074829084f,0.2274085712901885f,0.10015273419028017f,-0.019598277406419676f,0.9831140150983616f,-0.18194158633990035f,0.6875f,-0.2276946991296772f,-0.1815833778856697f,-0.9566517657245378f,-0.06119567150881465f,0f,0f,0f,1f], start_interpolation: 0, interpolation_duration: 1 }
$data merge entity $(bone_10) { transformation: [-0.8425480543670727f,0.09330109785058133f,0.5291368199903751f,0.037811764843667856f,0f,0.984807753012208f,-0.17364817766693028f,1.0635005098073795f,-0.5367623087384772f,-0.14645338762528518f,-0.8305784346607052f,-0.18435258192046355f,0f,0f,0f,1f], start_interpolation: 0, interpolation_duration: 1 }
$data merge entity $(bone_9) { transformation: [-0.8433914458128856f,-0.09330109785058138f,0.5291368199903751f,1.5308084989341915e-17f,0f,0.984807753012208f,0.17364817766693033f,1.390625f,-0.537299608346824f,0.1464533876252852f,-0.8305784346607052f,-0.125f,0f,0f,0f,1f], start_interpolation: 0, interpolation_duration: 1 }
$data merge entity $(bone_2) { transformation: [0.4648280602973943f,0.656124198117531f,-0.5941406665872909f,-0.2983500810961547f,-0.7536041845137508f,0.6450963751064627f,0.12162999359414836f,1.1995036214577983f,0.4626192899604669f,0.3916014599936128f,0.7951119499576756f,-0.5616517631622335f,0f,0f,0f,1f], start_interpolation: 0, interpolation_duration: 1 }
$data merge entity $(bone_1) { transformation: [0.46529335365104535f,0.12071403707061829f,-0.8768866610356647f,-0.2899158094981794f,-0.7543585430568076f,0.5723547462750732f,-0.32148597626274f,1.359375f,0.4630823723327997f,0.8110722320918834f,0.35737452450351903f,-0.30969674036922074f,0f,0f,0f,1f], start_interpolation: 0, interpolation_duration: 1 }
$data merge entity $(bone_4) { transformation: [-0.025858923362834574f,0.48214099436600566f,0.8757111614326436f,0.34729088766636973f,-0.7785429047188208f,0.5389077511593904f,-0.3197425563302761f,1.1643995864728895f,-0.6254624381963287f,-0.6907376472236677f,0.361793669670533f,0.3000198323207149f,0f,0f,0f,1f], start_interpolation: 0, interpolation_duration: 1 }
$data merge entity $(bone_3) { transformation: [-0.02588480817100558f,-0.0638856737386937f,0.9976214699959616f,0.2899158094981794f,-0.7793222269457666f,0.6263077376981587f,0.01988678676170852f,1.359375f,-0.6260885267230518f,-0.7769538199856976f,-0.06599938117430282f,0.059696740369220735f,0f,0f,0f,1f], start_interpolation: 0, interpolation_duration: 1 }
$data merge entity $(bone_8) { transformation: [-0.7608481896331447f,-0.014608558098134106f,0.6478712089903076f,-0.27774003121691915f,0.0614168568835954f,0.9936080310721219f,0.0946757354748532f,0.5097341064019456f,-0.6444679992230073f,0.11193601127105918f,-0.7558435034276163f,-0.044903893066758405f,0f,0f,0f,1f], start_interpolation: 0, interpolation_duration: 1 }
$data merge entity $(bone_7) { transformation: [-0.7616097994325773f,0.4269248857807423f,0.4875301583588132f,-0.14033198353666226f,0.06147833521881421f,0.7965266827676265f,-0.6014695818891626f,0.7330458182447592f,-0.6451131123353427f,-0.4281125851225366f,-0.6328891583466306f,-0.185844267113844f,0f,0f,0f,1f], start_interpolation: 0, interpolation_duration: 1 }
data modify entity @s data merge value {"locators":{},"cameras":{"camera2":{"posx":-1.3750000000000002,"posy":0.125,"posz":1.3124999999999998,"roty":225.00000000000003,"rotx":-20}}}