# This file was generated by Animated Java via MC-Build. It is not recommended to edit this file directly.
$data merge entity $(bone_layer) { transformation: [-0.7665066569132143f,-0.2710439107144224f,0.5822394210051052f,-0.0003066617753946645f,0.08236718959103626f,0.85760671413813f,0.5076675781887926f,1.4192638888888889f,-0.636932642425086f,0.4370880029580218f,-0.6350361302190339f,-0.1244237384424827f,0f,0f,0f,1f], start_interpolation: 0, interpolation_duration: 1 }
$data merge entity $(bone_head) { transformation: [-0.7665066569132143f,-0.2710439107144224f,0.5822394210051052f,-0.0003066617753946645f,0.08236718959103626f,0.85760671413813f,0.5076675781887926f,1.4192638888888889f,-0.636932642425086f,0.4370880029580218f,-0.6350361302190339f,-0.1244237384424827f,0f,0f,0f,1f], start_interpolation: 0, interpolation_duration: 1 }
$data merge entity $(bone_6) { transformation: [-0.9873577438818523f,-0.02467074908907512f,0.1502110534441156f,0.10167821356963389f,-0.019578633770512426f,0.9991896305181054f,0.03515667173478848f,0.3802642783970792f,-0.1508057117493195f,0.03180308797076123f,-0.9880286675272846f,-0.008771855085209106f,0f,0f,0f,1f], start_interpolation: 0, interpolation_duration: 1 }
$data merge entity $(bone_12) { transformation: [-0.988346089971824f,0.010087508357461361f,0.15188893512216484f,0.10483055993134056f,-0.01959823200251494f,0.9810654202404575f,-0.19268251220801066f,0.6868472222222222f,-0.15095666841773725f,-0.19341376213587472f,-0.9694344747721038f,-0.06921365575266995f,0f,0f,0f,1f], start_interpolation: 0, interpolation_duration: 1 }
$data merge entity $(bone_10) { transformation: [-0.8819008789171303f,0.08494760215364842f,0.4620356154786103f,0.034766670311050074f,0f,0.9835154118511881f,-0.18082431985545538f,1.0622901510087934f,-0.46930996128911767f,-0.1596287553654839f,-0.8682313374775836f,-0.19026258684176656f,0f,0f,0f,1f], start_interpolation: 0, interpolation_duration: 1 }
$data merge entity $(bone_9) { transformation: [-0.88278366257971f,-0.08494760215364841f,0.4620356154786103f,0.00039616787903776045f,0f,0.9835154118511881f,0.1808243198554553f,1.3874907407407409f,-0.4697797410301478f,0.1596287553654838f,-0.8682313374775837f,-0.12567547213328129f,0f,0f,0f,1f], start_interpolation: 0, interpolation_duration: 1 }
$data merge entity $(bone_2) { transformation: [0.5146482084356631f,0.6979026559320305f,-0.49753249460811666f,-0.3333656244827543f,-0.7516273224736975f,0.6462722897530785f,0.12750259311503095f,1.1957793151645415f,0.41011533702725966f,0.3086486843327386f,0.8580236043128229f,-0.5354965919732417f,0f,0f,0f,1f], start_interpolation: 0, interpolation_duration: 1 }
$data merge entity $(bone_1) { transformation: [0.5151633718074705f,0.19813689643905197f,-0.8338755726230732f,-0.3006023449968818f,-0.7523797021758734f,0.5705434562019348f,-0.32924906733185305f,1.3548703703703704f,0.4105258628901498f,0.7970081146730259f,0.4429972697925426f,-0.2850411432486702f,0f,0f,0f,1f], start_interpolation: 0, interpolation_duration: 1 }
$data merge entity $(bone_4) { transformation: [-0.0709215412429045f,0.4499589938062236f,0.8902229855720741f,0.37944983284653844f,-0.7758975500639127f,0.535067732709395f,-0.33238482326897645f,1.1608401446483976f,-0.6252632459952759f,-0.7150100875554961f,0.3114857383887641f,0.268231296758169f,0f,0f,0f,1f], start_interpolation: 0, interpolation_duration: 1 }
$data merge entity $(bone_3) { transformation: [-0.07099253377668119f,-0.11509505034216727f,0.9908144072098974f,0.3062036133776206f,-0.7766742242882009f,0.6296595376696323f,0.017493311521440846f,1.3562083333333335f,-0.6258891351304063f,-0.7682981166242688f,-0.1340924849397352f,0.03410436682309281f,0f,0f,0f,1f], start_interpolation: 0, interpolation_duration: 1 }
$data merge entity $(bone_8) { transformation: [-0.8099291189383276f,0.0015083682187194136f,0.5854046516580944f,-0.2738929921673161f,0.06251988029889577f,0.994489337400069f,0.08410941179355413f,0.5198195097538492f,-0.5814697643585571f,0.10482691745390899f,-0.8063665423768569f,-0.015880150824517825f,0f,0f,0f,1f], start_interpolation: 0, interpolation_duration: 1 }
$data merge entity $(bone_7) { transformation: [-0.8107398587971247f,0.4043885673820854f,0.4232856812228388f,-0.14373949187396917f,0.06258246276165742f,0.7787902523794495f,-0.6241547709930921f,0.735231365885628f,-0.5820518161747319f,-0.4795368905198201f,-0.6567039317061214f,-0.17400975961069304f,0f,0f,0f,1f], start_interpolation: 0, interpolation_duration: 1 }
data modify entity @s data merge value {"locators":{},"cameras":{"camera2":{"posx":-1.1448364257812502,"posy":0.227386474609375,"posz":1.3500976562499998,"roty":218.3251953125,"rotx":-17.309570312499996}}}