# This file was generated by Animated Java via MC-Build. It is not recommended to edit this file directly.
$data merge entity $(bone_layer) { transformation: [-0.8947453172027071f,0.3914163757025188f,-0.21499776318774066f,0.007398142366425438f,0.08935894539481566f,0.62862073135093f,0.7725612952987927f,1.3732638888888888f,0.43754519334778835f,0.6720336278399517f,-0.5974320102158236f,-0.1153585531561829f,0f,0f,0f,1f], start_interpolation: 0, interpolation_duration: 1 }
$data merge entity $(bone_head) { transformation: [-0.8947453172027071f,0.3914163757025188f,-0.21499776318774066f,0.007398142366425438f,0.08935894539481566f,0.62862073135093f,0.7725612952987927f,1.3732638888888888f,0.43754519334778835f,0.6720336278399517f,-0.5974320102158236f,-0.1153585531561829f,0f,0f,0f,1f], start_interpolation: 0, interpolation_duration: 1 }
$data merge entity $(bone_6) { transformation: [-0.5464095262897233f,0.018730965745713923f,-0.8369514662603641f,0.19594575388790206f,-0.01957783467045012f,0.9991892133954666f,0.0351689705441362f,0.3859670273479869f,0.8360946943794446f,0.03563799596471959f,-0.5461459389535844f,-0.1375800061249839f,0f,0f,0f,1f], start_interpolation: 0, interpolation_duration: 1 }
$data merge entity $(bone_12) { transformation: [-0.5469564827724958f,-0.32555214313061714f,-0.7712680520131783f,0.0942107091595842f,-0.019597432102552673f,0.926016623597553f,-0.37697367743116184f,0.6753472222222222f,0.83693162600545f,-0.19107332342336536f,-0.5128707814526225f,-0.19729041969478556f,0f,0f,0f,1f], start_interpolation: 0, interpolation_duration: 1 }
$data merge entity $(bone_10) { transformation: [-0.7925599869509441f,-0.18587069067039036f,-0.579691783449146f,-0.08122208379444397f,0f,0.9522478853384153f,-0.30532599769511304f,1.046754901931417f,0.6081526675797119f,-0.24223140014917194f,-0.755469040618497f,-0.23275193000968608f,0f,0f,0f,1f], start_interpolation: 0, interpolation_duration: 1 }
$data merge entity $(bone_9) { transformation: [-0.7933533402912353f,0.18587069067039036f,-0.579691783449146f,-0.009298249282795368f,0f,0.9522478853384153f,0.3053259976951131f,1.3344907407407407f,0.6087614290087205f,0.24223140014917197f,-0.755469040618497f,-0.13901896396207364f,0f,0f,0f,1f], start_interpolation: 0, interpolation_duration: 1 }
$data merge entity $(bone_2) { transformation: [0.4199977356673584f,-0.003578828461411665f,0.9073234086721423f,-0.4773905299375404f,-0.6624219400938394f,0.6813651115558594f,0.3099352097091615f,1.1130341828535073f,-0.6187083927963208f,-0.731934953900492f,0.2840851947182448f,0.052526765410452675f,0f,0f,0f,1f], start_interpolation: 0, interpolation_duration: 1 }
$data merge entity $(bone_1) { transformation: [0.42041815382117953f,0.7948164983602858f,0.43762462210424746f,-0.22775361254607282f,-0.6630850251189583f,0.5983689975396198f,-0.4497474760867716f,1.2766203703703702f,-0.6193277205168377f,-0.10110032995853396f,0.7785961070296293f,0.04684373329868882f,0f,0f,0f,1f], start_interpolation: 0, interpolation_duration: 1 }
$data merge entity $(bone_4) { transformation: [-0.626600285932645f,-0.08278211830212429f,0.7744241520417909f,0.45846555932705624f,-0.7275982598639251f,0.41459604908095304f,-0.545573551004819f,1.101768951479737f,-0.27563355004809537f,-0.9062324409200309f,-0.320338466591737f,-0.3410925110263976f,0f,0f,0f,1f], start_interpolation: 0, interpolation_duration: 1 }
$data merge entity $(bone_3) { transformation: [-0.6272275134460912f,-0.6464546382369514f,0.4343754678595078f,0.25218905263150476f,-0.7283265864503755f,0.6844307904341589f,-0.03308891922103763f,1.3020833333333335f,-0.275909459507603f,-0.33712148226953f,-0.9001239227720912f,-0.400938192304662f,0f,0f,0f,1f], start_interpolation: 0, interpolation_duration: 1 }
$data merge entity $(bone_8) { transformation: [-0.8473471736211141f,0.018890388731451102f,-0.5293465492825242f,0.06026869033691244f,0.08565774098139255f,0.9910799323955546f,-0.1020226566723112f,0.7279716082762402f,0.5221747971381562f,-0.13192316254698358f,-0.8422491367096839f,0.22368293162005654f,0f,0f,0f,1f], start_interpolation: 0, interpolation_duration: 1 }
$data merge entity $(bone_7) { transformation: [-0.8481953689901042f,-0.4582594078715416f,-0.2656368406696731f,-0.08893165449315969f,0.0857434844658584f,0.37609794445514066f,-0.9226041356119488f,0.7700242731804032f,0.5226974946327889f,-0.8053251835586928f,-0.27971177635338074f,-0.025326839601424136f,0f,0f,0f,1f], start_interpolation: 0, interpolation_duration: 1 }
data modify entity @s data merge value {"locators":{},"cameras":{"camera2":{"posx":0.24218749999999978,"posy":0.7421875,"posz":1.74609375,"roty":172.8125,"rotx":-0.625}}}