# This file was generated by Animated Java via MC-Build. It is not recommended to edit this file directly.
$data merge entity $(bone_layer) { transformation: [-0.8525584707468419f,0.4586525911562734f,-0.2505630750598393f,0.008986559096585625f,0.090051742653988f,0.6011716354681766f,0.7940298157837007f,1.3687083333333332f,0.5148152460861919f,0.6543932039180679f,-0.5538364352975161f,-0.11520662681292333f,0f,0f,0f,1f], start_interpolation: 0, interpolation_duration: 1 }
$data merge entity $(bone_head) { transformation: [-0.8525584707468419f,0.4586525911562734f,-0.2505630750598393f,0.008986559096585625f,0.090051742653988f,0.6011716354681766f,0.7940298157837007f,1.3687083333333332f,0.5148152460861919f,0.6543932039180679f,-0.5538364352975161f,-0.11520662681292333f,0f,0f,0f,1f], start_interpolation: 0, interpolation_duration: 1 }
$data merge entity $(bone_6) { transformation: [-0.47084741637786487f,0.02179040330768245f,-0.8816937270136334f,0.19891294708322677f,-0.019577755530627378f,0.9991891720780799f,0.03517018853916626f,0.3871285086686764f,0.8808634525161505f,0.03385523187942893f,-0.4705095424993295f,-0.15211215419130136f,0f,0f,0f,1f], start_interpolation: 0, interpolation_duration: 1 }
$data merge entity $(bone_12) { transformation: [-0.47131873511297784f,-0.3565353382959833f,-0.8066853181245284f,0.087495653865732f,-0.019597352883510888f,0.9186554389269022f,-0.3945733496955668f,0.6742083333333333f,0.8817451977138644f,-0.17016091524257154f,-0.4399666683197133f,-0.20528744020460496f,0f,0f,0f,1f], start_interpolation: 0, interpolation_duration: 1 }
$data merge entity $(bone_10) { transformation: [-0.7360687007315053f,-0.21460579005957384f,-0.6411411707655726f,-0.09378098815985446f,0f,0.9482867287135769f,-0.31741499672463974f,1.0449600572300382f,0.6754286548581082f,-0.23387311734914976f,-0.6987028832083404f,-0.22885774959884897f,0f,0f,0f,1f], start_interpolation: 0, interpolation_duration: 1 }
$data merge entity $(bone_9) { transformation: [-0.7368055062377431f,0.21460579005957378f,-0.6411411707655726f,-0.011191014998439412f,0f,0.9482867287135769f,0.3174149967246397f,1.3286481481481482f,0.676104759617726f,0.2338731173491497f,-0.6987028832083404f,-0.1388528411586768f,0f,0f,0f,1f], start_interpolation: 0, interpolation_duration: 1 }
$data merge entity $(bone_2) { transformation: [0.3412061644247371f,-0.1351809875349858f,0.9300920712182925f,-0.45317722457935194f,-0.6486661790859173f,0.6815319622094145f,0.3374960340280593f,1.1026932008420405f,-0.6788310109803738f,-0.7191941915060573f,0.14500057266162056f,0.0973531784332209f,0f,0f,0f,1f], start_interpolation: 0, interpolation_duration: 1 }
$data merge entity $(bone_1) { transformation: [0.34154771213687396f,0.7710547240742629f,0.5374195500880384f,-0.20747599242955397f,-0.6493154945804978f,0.6069889574063321f,-0.45820715193508016f,1.268574074074074f,-0.6795105215018756f,-0.19245523653446361f,0.7079734692053884f,0.062342200999720404f,0f,0f,0f,1f], start_interpolation: 0, interpolation_duration: 1 }
$data merge entity $(bone_4) { transformation: [-0.6520136990000364f,-0.12089785372335476f,0.747937380056514f,0.4316105402406224f,-0.7216514447767565f,0.39699837330357246f,-0.5661875641536885f,1.0953467696457944f,-0.22825058284243244f,-0.909821960912905f,-0.3464409296141415f,-0.38285733780701303f,0f,0f,0f,1f], start_interpolation: 0, interpolation_duration: 1 }
$data merge entity $(bone_3) { transformation: [-0.6526663653654018f,-0.661507095549249f,0.36937105741884085f,0.22490089270068117f,-0.7223738185953518f,0.6903402967753041f,-0.040079182328921714f,1.2962777777777776f,-0.22847906190433678f,-0.2929823154836856f,-0.9284172990014417f,-0.4276529754788059f,0f,0f,0f,1f], start_interpolation: 0, interpolation_duration: 1 }
$data merge entity $(bone_8) { transformation: [-0.796333185802922f,-0.0022053652546024094f,-0.6038032754863552f,0.09509625544089137f,0.08830620189663096f,0.9887933360596582f,-0.12030849460794107f,0.7486340380362301f,0.5967046772864784f,-0.14927449523647723f,-0.7880022021778362f,0.21611900680662852f,0f,0f,0f,1f], start_interpolation: 0, interpolation_duration: 1 }
$data merge entity $(bone_7) { transformation: [-0.7971303161190411f,-0.5425871920863403f,-0.2649196068769134f,-0.07865243794764834f,0.08839459649312409f,0.32915724170115074f,-0.9401286643574419f,0.7714287239741583f,0.5973019792657441f,-0.7728225211648215f,-0.2144194402233005f,-0.01913097198045227f,0f,0f,0f,1f], start_interpolation: 0, interpolation_duration: 1 }
data modify entity @s data merge value {"locators":{},"cameras":{"camera2":{"posx":-0.5087890625000016,"posy":0.35498046874999933,"posz":1.69580078125,"roty":192.0703125,"rotx":-9.218750000000014}}}