# This file was generated by Animated Java via MC-Build. It is not recommended to edit this file directly.
$data merge entity $(bone_layer) { transformation: [-0.8368470705404478f,0.48582112697900504f,-0.2523188718838135f,0.009938168158760138f,0.09063475637650935f,0.5775047083733393f,0.8113406514795097f,1.364875f,0.539881766190007f,0.6560991879186211f,-0.527315402911848f,-0.11478749229384837f,0f,0f,0f,1f], start_interpolation: 0, interpolation_duration: 1 }
$data merge entity $(bone_head) { transformation: [-0.8368470705404478f,0.48582112697900504f,-0.2523188718838135f,0.009938168158760138f,0.09063475637650935f,0.5775047083733393f,0.8113406514795097f,1.364875f,0.539881766190007f,0.6560991879186211f,-0.527315402911848f,-0.11478749229384837f,0f,0f,0f,1f], start_interpolation: 0, interpolation_duration: 1 }
$data merge entity $(bone_6) { transformation: [-0.4448225465507059f,0.022774452143106305f,-0.8951077576583358f,0.20212825076411972f,-0.01957768893709746f,0.9991891373098738f,0.03517121343700491f,0.38818686521898765f,0.8942877703379529f,0.03320229226320778f,-0.4444604458500605f,-0.1558504053516439f,0f,0f,0f,1f], start_interpolation: 0, interpolation_duration: 1 }
$data merge entity $(bone_12) { transformation: [-0.44526781436507096f,-0.3744768636144729f,-0.8133287478676874f,0.08510423088459693f,-0.019597286223320784f,0.9122020312992395f,-0.40927179290322774f,0.67325f,0.8951829532912442f,-0.16629652044167603f,-0.41351293501625463f,-0.20781806798966768f,0f,0f,0f,1f], start_interpolation: 0, interpolation_duration: 1 }
$data merge entity $(bone_10) { transformation: [-0.715950540241788f,-0.22843680036383382f,-0.658942138587635f,-0.09951097070736448f,0f,0.9448346339960982f,-0.3275477284327569f,1.0431356080620198f,0.6967178940772886f,-0.23474271584224496f,-0.6771319986473057f,-0.22869180101739736f,0f,0f,0f,1f], start_interpolation: 0, interpolation_duration: 1 }
$data merge entity $(bone_9) { transformation: [-0.7166672074492372f,0.22843680036383382f,-0.658942138587635f,-0.01201116218885757f,0f,0.9448346339960982f,0.32754772843275687f,1.323375f,0.6974153093866753f,0.23474271584224496f,-0.6771319986473058f,-0.13877659184533525f,0f,0f,0f,1f], start_interpolation: 0, interpolation_duration: 1 }
$data merge entity $(bone_2) { transformation: [0.3008999670900086f,-0.21243835283340706f,0.9295955047682216f,-0.4400868093049353f,-0.6365163119406759f,0.6804611711890725f,0.3619503502208788f,1.0935758127559854f,-0.7087363363329642f,-0.701314865627006f,0.06959986702357207f,0.11320314143880113f,0f,0f,0f,1f], start_interpolation: 0, interpolation_duration: 1 }
$data merge entity $(bone_1) { transformation: [0.30120116825826687f,0.7535359539645329f,0.5843470050600218f,-0.19811997906358894f,-0.637153465406082f,0.614965634610163f,-0.46459953698808226f,1.261625f,-0.7094457821150792f,-0.2323807959605978f,0.6653464119598476f,0.06500716801174389f,0f,0f,0f,1f], start_interpolation: 0, interpolation_duration: 1 }
$data merge entity $(bone_4) { transformation: [-0.6619130494748054f,-0.11161348704424523f,0.7406321425196815f,0.4186673855130127f,-0.7161138181656489f,0.3811595931807509f,-0.5838417469199337f,1.0895509416438827f,-0.21691729845076851f,-0.9177471296801252f,-0.33255502404893267f,-0.39670224621747896f,0f,0f,0f,1f], start_interpolation: 0, interpolation_duration: 1 }
$data merge entity $(bone_3) { transformation: [-0.6625756250999053f,-0.6587902337232533f,0.3563551163857916f,0.21429886594163125f,-0.7168306488144633f,0.6956806694872903f,-0.046714312816854286f,1.291125f,-0.21713443288365217f,-0.2863980343029203f,-0.9331820851279337f,-0.43854205627974496f,0f,0f,0f,1f], start_interpolation: 0, interpolation_duration: 1 }
$data merge entity $(bone_8) { transformation: [-0.7768933092662883f,-0.01494541756308057f,-0.6284938193620196f,0.10820496697652662f,0.09058080301781296f,0.9865985381941216f,-0.1356540015871759f,0.7652601062164646f,0.6214763906552877f,-0.16248064169951898f,-0.765893929259873f,0.21151613439109462f,0f,0f,0f,1f], start_interpolation: 0, interpolation_duration: 1 }
$data merge entity $(bone_7) { transformation: [-0.7776709802465348f,-0.5772369723192168f,-0.24904883912625964f,-0.07458035951127576f,0.09067147449230527f,0.28902427441542555f,-0.953018180577909f,0.7717762827800416f,0.6220984891444321f,-0.7637162081469664f,-0.17242686338802998f,-0.017929327786172636f,0f,0f,0f,1f], start_interpolation: 0, interpolation_duration: 1 }
data modify entity @s data merge value {"locators":{},"cameras":{"camera2":{"posx":-1.0000000000000002,"posy":0.09375,"posz":1.6249999999999998,"roty":205,"rotx":-15}}}