# This file was generated by Animated Java via MC-Build. It is not recommended to edit this file directly.
$data merge entity $(bone_layer) { transformation: [-0.844481487549067f,0.4819716382762199f,-0.23356874166774017f,0.010292968339186352f,0.09108260933097358f,0.5589860595275887f,0.8241592949978059f,1.3619305555555554f,0.5277830761443343f,0.6747132169678876f,-0.5159526135067717f,-0.11410787766305044f,0f,0f,0f,1f], start_interpolation: 0, interpolation_duration: 1 }
$data merge entity $(bone_head) { transformation: [-0.844481487549067f,0.4819716382762199f,-0.23356874166774017f,0.010292968339186352f,0.09108260933097358f,0.5589860595275887f,0.8241592949978059f,1.3619305555555554f,0.5277830761443343f,0.6747132169678876f,-0.5159526135067717f,-0.11410787766305044f,0f,0f,0f,1f], start_interpolation: 0, interpolation_duration: 1 }
$data merge entity $(bone_6) { transformation: [-0.45788680726193604f,0.02228591442930533f,-0.8884948279401044f,0.20566066435864389f,-0.019577637785381435f,0.9991891106031552f,0.0351720006771139f,0.3890497353016968f,0.8876696389052714f,0.033532957968623156f,-0.4575367428874466f,-0.1512482674303886f,0f,0f,0f,1f], start_interpolation: 0, interpolation_duration: 1 }
$data merge entity $(bone_12) { transformation: [-0.45834515241435037f,-0.38192462906263724f,-0.8025293134668869f,0.08630921777656973f,-0.019597235020401838f,0.9070852914790146f,-0.4204904545432466f,0.6725138888888889f,0.8885581971023738f,-0.17700240590963148f,-0.42324281289158466f,-0.20656151927714844f,0f,0f,0f,1f], start_interpolation: 0, interpolation_duration: 1 }
$data merge entity $(bone_10) { transformation: [-0.726087651021416f,-0.23029910765260345f,-0.647072680441233f,-0.09976303855512456f,0f,0.9421094835334323f,-0.33530541456464635f,1.0412595721965907f,0.6861470126978636f,-0.24370482566166787f,-0.6847388007044939f,-0.23170939896008869f,0f,0f,0f,1f], start_interpolation: 0, interpolation_duration: 1 }
$data merge entity $(bone_9) { transformation: [-0.726814465486903f,0.23029910765260336f,-0.647072680441233f,-0.011873838874356384f,0f,0.9421094835334324f,0.33530541456464624f,1.3188240740740742f,0.686833846544408f,0.24370482566166776f,-0.6847388007044939f,-0.13870416631257526f,0f,0f,0f,1f], start_interpolation: 0, interpolation_duration: 1 }
$data merge entity $(bone_2) { transformation: [0.2956549960862146f,-0.24524516678959984f,0.9231835381528776f,-0.4381007778237179f,-0.6268432517729293f,0.678791417770066f,0.3814743812797569f,1.0861797515575267f,-0.7194836071767035f,-0.692168346089335f,0.04700480093311085f,0.10872761166290201f,0f,0f,0f,1f], start_interpolation: 0, interpolation_duration: 1 }
$data merge entity $(bone_1) { transformation: [0.29595094703324787f,0.7475336913556079f,0.5946481457453501f,-0.19759395864797963f,-0.6274707224954248f,0.6215225548439928f,-0.46903113567359866f,1.256037037037037f,-0.7202038109876912f,-0.23431409285071816f,0.6529956941131785f,0.059571730788881894f,0f,0f,0f,1f], start_interpolation: 0, interpolation_duration: 1 }
$data merge entity $(bone_4) { transformation: [-0.6615895003550164f,-0.06832161784915441f,0.7461600186056068f,0.41862280565074117f,-0.7111526099079705f,0.36812892934097446f,-0.5981053933000476f,1.0845345774771555f,-0.2335857410911078f,-0.9272611541074833f,-0.2924297610365203f,-0.3908409018473636f,0f,0f,0f,1f], start_interpolation: 0, interpolation_duration: 1 }
$data merge entity $(bone_3) { transformation: [-0.6622517521071235f,-0.6443491468477903f,0.3824091967873811f,0.21801233993231248f,-0.7118644743823528f,0.7003325287682894f,-0.052757172605720326f,1.2867916666666668f,-0.23381956065175957f,-0.3071620518643828f,-0.922485710973932f,-0.438420343199192f,0f,0f,0f,1f], start_interpolation: 0, interpolation_duration: 1 }
$data merge entity $(bone_8) { transformation: [-0.7847179656527913f,-0.01885418803470526f,-0.6185699795423245f,0.10535640189821804f,0.0923559849730965f,0.9847450195064329f,-0.14741280038707225f,0.7769713513458382f,0.6113011421724927f,-0.17297909165800185f,-0.7717775888758687f,0.21133155023772565f,0f,0f,0f,1f], start_interpolation: 0, interpolation_duration: 1 }
$data merge entity $(bone_7) { transformation: [-0.7855034691219132f,-0.5746949191870774f,-0.22958669355604722f,-0.07542836604010966f,0.092448433406503f,0.2578528014347799f,-0.9617511216281058f,0.7709672485737425f,0.6119130552277203f,-0.7766837726210034f,-0.1494146250843012f,-0.01983199706071187f,0f,0f,0f,1f], start_interpolation: 0, interpolation_duration: 1 }
data modify entity @s data merge value {"locators":{},"cameras":{"camera2":{"posx":-1.0625,"posy":0.021484375,"posz":1.3515624999999996,"roty":208.4375,"rotx":-16.5625}}}