# This file was generated by Animated Java via MC-Build. It is not recommended to edit this file directly.
$data merge entity $(bone_layer) { transformation: [-0.8667546920199423f,0.4551188402083282f,-0.20396849057842595f,0.0101130421448002f,0.09136992521387698f,0.5469556602165974f,0.8321604668112015f,1.3600416666666666f,0.49029362695004064f,0.7026424033919761f,-0.5156605592128625f,-0.11330870203861267f,0f,0f,0f,1f], start_interpolation: 0, interpolation_duration: 1 }
$data merge entity $(bone_head) { transformation: [-0.8667546920199423f,0.4551188402083282f,-0.20396849057842595f,0.0101130421448002f,0.09136992521387698f,0.5469556602165974f,0.8321604668112015f,1.3600416666666666f,0.49029362695004064f,0.7026424033919761f,-0.5156605592128625f,-0.11330870203861267f,0f,0f,0f,1f], start_interpolation: 0, interpolation_duration: 1 }
$data merge entity $(bone_6) { transformation: [-0.4964741608596989f,0.020790396573147685f,-0.867517984469042f,0.20854835162213498f,-0.019577604970997926f,0.9991890934702204f,0.03517250569895186f,0.3896259907869423f,0.8666782130538747f,0.034480645302694096f,-0.4961607012507423f,-0.14104948202336928f,0f,0f,0f,1f], start_interpolation: 0, interpolation_duration: 1 }
$data merge entity $(bone_12) { transformation: [-0.49697113199169063f,-0.3799567806952725f,-0.7801618670318246f,0.08981185765486231f,-0.019597202173171097f,0.9037301628151179f,-0.4276537647269627f,0.6720416666666666f,0.8675457588126874f,-0.19724258572084546f,-0.45657389187761654f,-0.2026877900611335f,0f,0f,0f,1f], start_interpolation: 0, interpolation_duration: 1 }
$data merge entity $(bone_10) { transformation: [-0.7555540698712205f,-0.22260913880283062f,-0.6151745931403019f,-0.09570903129128921f,0f,0.940327725604311f,-0.3402701404176156f,1.039311249758316f,0.6535587559669251f,-0.25734983928746863f,-0.7111796197127982f,-0.23633903027266318f,0f,0f,0f,1f], start_interpolation: 0, interpolation_duration: 1 }
$data merge entity $(bone_9) { transformation: [-0.756310380251472f,0.2226091388028306f,-0.6151745931403019f,-0.010957176712199307f,0f,0.9403277256043109f,0.34027014041761555f,1.3151481481481482f,0.654212968935861f,0.2573498392874686f,-0.7111796197127982f,-0.13836068009108313f,0f,0f,0f,1f], start_interpolation: 0, interpolation_duration: 1 }
$data merge entity $(bone_2) { transformation: [0.3173016774121943f,-0.24243052111326524f,0.9167035642948552f,-0.4438991364460315f,-0.6204878902195915f,0.6773001223066779f,0.3943198643395572f,1.0809934694795293f,-0.715762127806611f,-0.694616431389374f,0.06454781015914612f,0.09065769061493661f,0f,0f,0f,1f], start_interpolation: 0, interpolation_duration: 1 }
$data merge entity $(bone_1) { transformation: [0.3176192967089032f,0.7511969638800191f,0.5786372817366526f,-0.2028051227398805f,-0.6211089992188104f,0.6259184327343459f,-0.4716457639508573f,1.2520740740740741f,-0.716478606413024f,-0.2095930271283406f,0.6653789668539491f,0.0492278534003964f,0f,0f,0f,1f], start_interpolation: 0, interpolation_duration: 1 }
$data merge entity $(bone_4) { transformation: [-0.6528393998972759f,-0.0050080058244307835f,0.7569160844839631f,0.4273217173607031f,-0.7069391215478371f,0.3589788744997427f,-0.6085804950494245f,1.0804486715395096f,-0.26840044032552784f,-0.9333322492770516f,-0.2381340422847258f,-0.3713026765808476f,0f,0f,0f,1f], start_interpolation: 0, interpolation_duration: 1 }
$data merge entity $(bone_3) { transformation: [-0.653492892790066f,-0.6210949963704951f,0.4326523368206926f,0.2316118030221485f,-0.7076467683161533f,0.7041851791985787f,-0.05795933651078211f,1.2834444444444444f,-0.2686691094349628f,-0.3440410424362188f,-0.8996958768132839f,-0.4299408454509179f,0f,0f,0f,1f], start_interpolation: 0, interpolation_duration: 1 }
$data merge entity $(bone_8) { transformation: [-0.8101061971386432f,-0.01498130911864659f,-0.5849692249929453f,0.09171181323372345f,0.09350741154175954f,0.9834794033818578f,-0.1549422911037278f,0.782934318077252f,0.5770487963286347f,-0.1803990673500189f,-0.7961180140146815f,0.2143569874664149f,0f,0f,0f,1f], start_interpolation: 0, interpolation_duration: 1 }
$data merge entity $(bone_7) { transformation: [-0.810917114252896f,-0.5451908169322683f,-0.21255683226958744f,-0.07950674733253245f,0.09360101255431386f,0.2377155793958156f,-0.9668144360534336f,0.7689010189609182f,0.5776264227513861f,-0.8039019072282624f,-0.14173721915643628f,-0.023738993979625284f,0f,0f,0f,1f], start_interpolation: 0, interpolation_duration: 1 }
data modify entity @s data merge value {"locators":{},"cameras":{"camera2":{"posx":-0.8125000000000001,"posy":0.09375,"posz":1.125,"roty":205,"rotx":-15}}}