# This file was generated by Animated Java via MC-Build. It is not recommended to edit this file directly.
$data merge entity $(bone_layer) { transformation: [-0.8939628927489924f,0.41413595234193645f,-0.17123597567593882f,0.009511897328261274f,0.09147133341665811f,0.5426821362701439f,0.8349425693640561f,1.359375f,0.4387064412005275f,0.7307444915639874f,-0.5230192601597554f,-0.11260385405794945f,0f,0f,0f,1f], start_interpolation: 0, interpolation_duration: 1 }
$data merge entity $(bone_head) { transformation: [-0.8939628927489924f,0.41413595234193645f,-0.17123597567593882f,0.009511897328261274f,0.09147133341665811f,0.5426821362701439f,0.8349425693640561f,1.359375f,0.4387064412005275f,0.7307444915639874f,-0.5230192601597554f,-0.11260385405794945f,0f,0f,0f,1f], start_interpolation: 0, interpolation_duration: 1 }
$data merge entity $(bone_6) { transformation: [-0.546416594093255f,0.01873390694061794f,-0.8369467768816632f,0.20978628265100874f,-0.019577593389436782f,0.9991890874232423f,0.03517268394193118f,0.3898335990713069f,0.8360900809940307f,0.035639981832890355f,-0.5461528860783551f,-0.1283615797632408f,0f,0f,0f,1f], start_interpolation: 0, interpolation_duration: 1 }
$data merge entity $(bone_12) { transformation: [-0.546963557650906f,-0.36984183517255853f,-0.7510312134379358f,0.0942107091595842f,-0.0195971905800168f,0.902532482971818f,-0.4301756237888145f,0.671875f,0.8369270080020328f,-0.22057228778094318f,-0.5009002387101111f,-0.19729041969478556f,0f,0f,0f,1f], start_interpolation: 0, interpolation_duration: 1 }
$data merge entity $(bone_10) { transformation: [-0.7925599869509441f,-0.20820867120070158f,-0.5720486226585794f,-0.0887140182982464f,0f,0.9396926207859084f,-0.3420201433256688f,1.0372749908553058f,0.6081526675797119f,-0.2713428231543064f,-0.7455082795475255f,-0.24061435957297378f,0f,0f,0f,1f], start_interpolation: 0, interpolation_duration: 1 }
$data merge entity $(bone_9) { transformation: [-0.7933533402912353f,0.20820867120070147f,-0.5720486226585794f,-0.009511897328261243f,0f,0.9396926207859084f,0.34202014332566866f,1.3125f,0.6087614290087205f,0.27134282315430625f,-0.7455082795475255f,-0.13739614594205055f,0f,0f,0f,1f], start_interpolation: 0, interpolation_duration: 1 }
$data merge entity $(bone_2) { transformation: [0.3554679183994f,-0.21125849232084992f,0.9103621883353412f,-0.4534109394592061f,-0.6182175239969396f,0.6766916188942144f,0.398911032710379f,1.0784760312610346f,-0.6996074985389247f,-0.7053072396769006f,0.1100485076283525f,0.06496871509363017f,0f,0f,0f,1f], start_interpolation: 0, interpolation_duration: 1 }
$data merge entity $(bone_1) { transformation: [0.35582374214154155f,0.7602198680175902f,0.5435579240519889f,-0.21073448101485934f,-0.6188363603572969f,0.6275044097851868f,-0.4725248933123821f,1.25f,-0.7003078063452699f,-0.16823783157025635f,0.6937326634953948f,0.03670225458044141f,0f,0f,0f,1f], start_interpolation: 0, interpolation_duration: 1 }
$data merge entity $(bone_4) { transformation: [-0.6373630878978258f,0.06335511699834845f,0.7674247452367999f,0.43991116248248124f,-0.7036461392611796f,0.35475184604176696f,-0.6148508073651549f,1.0774433985157459f,-0.3108880906181279f,-0.9328114798179128f,-0.18170785640871517f,-0.3434326015950945f,0f,0f,0f,1f], start_interpolation: 0, interpolation_duration: 1 }
$data merge entity $(bone_3) { transformation: [-0.6380010889868126f,-0.592298546666167f,0.49207422414589863f,0.24994801596790694f,-0.7043504897509305f,0.7071335954274953f,-0.062068235075662115f,1.28125f,-0.3111992899080359f,-0.38619232234073475f,-0.8683377753649812f,-0.415266265588523f,0f,0f,0f,1f], start_interpolation: 0, interpolation_duration: 1 }
$data merge entity $(bone_8) { transformation: [-0.8422947312239681f,-0.005566001845160151f,-0.5376686278040328f,0.07210474091662354f,0.09391613169850853f,0.9830184438760444f,-0.15759705654191994f,0.782329255543427f,0.5288859479690606f,-0.18342235039105587f,-0.828296815425878f,0.21867890816304408f,0f,0f,0f,1f], start_interpolation: 0, interpolation_duration: 1 }
$data merge entity $(bone_7) { transformation: [-0.8431378690930612f,-0.49887105719223124f,-0.2006145607804118f,-0.08512959748453873f,0.09401014184034888f,0.23058417725757036f,-0.9685004029062696f,0.7654638339019022f,0.529415363332393f,-0.8354391692363692f,-0.14751531301283816f,-0.028734962720142976f,0f,0f,0f,1f], start_interpolation: 0, interpolation_duration: 1 }
data modify entity @s data merge value {"locators":{},"cameras":{"camera2":{"posx":-0.5000000000000002,"posy":0.09375,"posz":1.375,"roty":205,"rotx":-15}}}