# This file was generated by Animated Java via MC-Build. It is not recommended to edit this file directly.
$data merge entity $(bone_layer) { transformation: [-0.98375840376601f,-0.008399316845779f,0.17930101643960705f,1.5308084989341915e-17f,0.08197053184092884f,0.8676415861902649f,0.4903864902533068f,1.421875f,-0.15968792981771449f,0.4971192305571829f,-0.852861205402595f,-0.125f,0f,0f,0f,1f], start_interpolation: 0, interpolation_duration: 1 }
$data merge entity $(bone_head) { transformation: [-0.98375840376601f,-0.008399316845779f,0.17930101643960705f,1.5308084989341915e-17f,0.08197053184092884f,0.8676415861902649f,0.4903864902533068f,1.421875f,-0.15968792981771449f,0.4971192305571829f,-0.852861205402595f,-0.125f,0f,0f,0f,1f], start_interpolation: 0, interpolation_duration: 1 }
$data merge entity $(bone_6) { transformation: [-0.9271456930440757f,-0.005102052111214353f,-0.3723614539955854f,0.14537912707926173f,-0.019578679129013257f,0.9991896541908704f,0.035155973612316316f,0.380276870281762f,0.37150846449762565f,0.03992497992714977f,-0.9274216975560058f,-0.07963224109662673f,0f,0f,0f,1f], start_interpolation: 0, interpolation_duration: 1 }
$data merge entity $(bone_12) { transformation: [-0.9280737668108866f,-0.08557488245253156f,-0.3624307145520195f,0.11863697631284562f,-0.019598277406419676f,0.9831140150983616f,-0.18194158633990035f,0.6875f,0.3718803448424681f,-0.1617521956896221f,-0.9140794474822378f,-0.13017980224963363f,0f,0f,0f,1f], start_interpolation: 0, interpolation_duration: 1 }
$data merge entity $(bone_10) { transformation: [-0.998049173360276f,-0.007574427126938497f,-0.04295671085902552f,-0.0159535747081909f,0f,0.984807753012208f,-0.17364817766693028f,1.0010005098073795f,0.04357576797797054f,-0.17348290307907716f,-0.9838704342468719f,-0.13218465936870286f,0f,0f,0f,1f], start_interpolation: 0, interpolation_duration: 1 }
$data merge entity $(bone_9) { transformation: [-0.9990482215818578f,0.0075744271269385f,-0.04295671085902552f,-0.01288391675188302f,0f,0.984807753012208f,0.17364817766693033f,1.328125f,0.043619387365335875f,0.1734829030790772f,-0.9838704342468719f,-0.06187793322355052f,0f,0f,0f,1f], start_interpolation: 0, interpolation_duration: 1 }
$data merge entity $(bone_2) { transformation: [0.6461123795582733f,0.7620788480884542f,-0.030634062873348578f,-0.46226387830509674f,-0.7536041845137508f,0.6450963751064627f,0.12162999359414836f,1.1682536214577983f,0.11234111475728968f,-0.055556242859619465f,0.9921026654788099f,-0.28170045706729196f,0f,0f,0f,1f], start_interpolation: 0, interpolation_duration: 1 }
$data merge entity $(bone_1) { transformation: [0.6467591386969702f,0.5640950707473252f,-0.5133218947897348f,-0.3108394633891638f,-0.7543585430568076f,0.5723547462750732f,-0.32148597626274f,1.328125f,0.1124535683256153f,0.5951527497835886f,0.7957055984444683f,-0.08014868452389948f,0f,0f,0f,1f], start_interpolation: 0, interpolation_duration: 1 }
$data merge entity $(bone_4) { transformation: [-0.34377919328512146f,0.2618045810324665f,0.9016859233244386f,0.4623392730490725f,-0.7036461392611796f,0.5630411870335277f,-0.4322904223915914f,1.0891931926135703f,-0.6202410635930742f,-0.7838641355836425f,-0.009353415796093667f,0.11138125629099369f,0f,0f,0f,1f], start_interpolation: 0, interpolation_duration: 1 }
$data merge entity $(bone_3) { transformation: [-0.3441233166017232f,-0.2636717493366564f,0.9011416933938736f,0.3461490378790971f,-0.7043504897509305f,0.7071335954274953f,-0.062068235075662115f,1.3125f,-0.6208619255185928f,-0.65607871998681f,-0.4290584839177693f,-0.07755365055796809f,0f,0f,0f,1f], start_interpolation: 0, interpolation_duration: 1 }
$data merge entity $(bone_8) { transformation: [-0.9929020082681904f,0.052237228214003555f,0.09717100214528927f,-0.1815700747718667f,0.0614168568835954f,0.9936080310721219f,0.0946757354748532f,0.38473410640194555f,-0.09151268582843865f,0.10007173715639867f,-0.99075441026239f,0.09991602707138336f,0f,0f,0f,1f], start_interpolation: 0, interpolation_duration: 1 }
$data merge entity $(bone_7) { transformation: [-0.9938959041723627f,0.10416110201352095f,0.036351017822484455f,-0.14985206909673582f,0.06147833521881421f,0.7965266827676265f,-0.6014695818891626f,0.6080458182447592f,-0.09160429011855721f,-0.5955633538646665f,-0.7980682587130912f,-0.09434958676653837f,0f,0f,0f,1f], start_interpolation: 0, interpolation_duration: 1 }
execute on vehicle unless entity @s[tag=aj.transforms_only] positioned ^-0.1875 ^0 ^0.25 rotated ~0 ~0 run function animated_java:stellar/animations/boots_of_the_black_hole/zzz/frames/zzz/0
data modify entity @s data merge value {"locators":{},"cameras":{"camera2":{"posx":-0.5618750000000002,"posy":0.07437500000000008,"posz":1.58125,"roty":205,"rotx":-15}}}