# This file was generated by Animated Java via MC-Build. It is not recommended to edit this file directly.
$data merge entity $(bone_layer) { transformation: [-0.8305864591314085f,-0.23588451876627625f,0.5044646942194779f,-0.0005740240739069937f,0.08290735813634559f,0.8433892682502838f,0.5308680741644789f,1.4157083333333333f,-0.5506836695185366f,0.48275566905698075f,-0.6809511437092577f,-0.1235691846821877f,0f,0f,0f,1f], start_interpolation: 0, interpolation_duration: 1 }
$data merge entity $(bone_head) { transformation: [-0.8305864591314085f,-0.23588451876627625f,0.5044646942194779f,-0.0005740240739069937f,0.08290735813634559f,0.8433892682502838f,0.5308680741644789f,1.4157083333333333f,-0.5506836695185366f,0.48275566905698075f,-0.6809511437092577f,-0.1235691846821877f,0f,0f,0f,1f], start_interpolation: 0, interpolation_duration: 1 }
$data merge entity $(bone_6) { transformation: [-0.9978390135795469f,-0.021115717453153063f,0.043325200809533504f,0.11334383526738266f,-0.01957857200556506f,0.9991895982820759f,0.03515762236935899f,0.38030608131239235f,-0.04398843594423138f,0.03426766933046885f,-0.9984422209442804f,-0.015798949121430206f,0f,0f,0f,1f], start_interpolation: 0, interpolation_duration: 1 }
$data merge entity $(bone_12) { transformation: [-0.9988378514309778f,-0.010023632357025233f,0.04714311554319456f,0.11021145015581228f,-0.019598170175740802f,0.9780872064670112f,-0.20727114674097993f,0.6859583333333333f,-0.04403246841264402f,-0.20795418567542545f,-0.9771469686723488f,-0.08078463214500066f,0f,0f,0f,1f], start_interpolation: 0, interpolation_duration: 1 }
$data merge entity $(bone_10) { transformation: [-0.9271683259423702f,0.07096075245388081f,0.36551552963582656f,0.02950616734685465f,0f,0.9816715601371319f,-0.19058055519367503f,1.0608546095002287f,-0.37196759989174183f,-0.17687713144753467f,-0.9110858629004799f,-0.19822394152578265f,0f,0f,0f,1f], start_interpolation: 0, interpolation_duration: 1 }
$data merge entity $(bone_9) { transformation: [-0.9280964223647349f,-0.07096075245388084f,0.3655155296358265f,0.0008650141698513149f,0f,0.9816715601371319f,0.19058055519367506f,1.383398148148148f,-0.37233993983157343f,0.17687713144753472f,-0.9110858629004798f,-0.12683285786174892f,0f,0f,0f,1f], start_interpolation: 0, interpolation_duration: 1 }
$data merge entity $(bone_2) { transformation: [0.5735992983434491f,0.7378849373026128f,-0.35475434256048843f,-0.37774102440765395f,-0.748357988614069f,0.6483238708082302f,0.1360687976631438f,1.190621906279402f,0.33006842596256797f,0.18762190128594336f,0.9250052101134252f,-0.4948999546383631f,0f,0f,0f,1f], start_interpolation: 0, interpolation_duration: 1 }
$data merge entity $(bone_1) { transformation: [0.5741734718152645f,0.3015251937727558f,-0.7611881382312176f,-0.3120128618260926f,-0.7491070957097787f,0.5686599861752266f,-0.3398004992351415f,1.348824074074074f,0.3303988247873553f,0.7653158678895224f,0.5523841407350877f,-0.2504348019606897f,0f,0f,0f,1f], start_interpolation: 0, interpolation_duration: 1 }
$data merge entity $(bone_4) { transformation: [-0.13335131175548773f,0.4027110846065122f,0.905541601156185f,0.4192821547147014f,-0.7724410984188967f,0.5292438241648079f,-0.34934309950300396f,1.156212230419329f,-0.6193167017984411f,-0.7468097193518956f,0.2407359703183701f,0.2204565212051678f,0f,0f,0f,1f], start_interpolation: 0, interpolation_duration: 1 }
$data merge entity $(bone_3) { transformation: [-0.13348479655203976f,-0.18475966110671202f,0.9736763716539463f,0.3249441709788821f,-0.7732143127316283f,0.6339835769504137f,0.01429862735071169f,1.3520277777777778f,-0.619936638436878f,-0.7509518571685485f,-0.2274859831697154f,-0.0034610353645419534f,0f,0f,0f,1f], start_interpolation: 0, interpolation_duration: 1 }
$data merge entity $(bone_8) { transformation: [-0.8688362499031489f,0.02149142560805173f,0.4931020877756484f,-0.2635903061862561f,0.06405993918825434f,0.9955041857918303f,0.06971026167689798f,0.5342609671124753f,-0.4888976324809013f,0.0922471392308633f,-0.867174037000783f,0.023208351004535832f,0f,0f,0f,1f], start_interpolation: 0, interpolation_duration: 1 }
$data merge entity $(bone_7) { transformation: [-0.8697059558590079f,0.3636784910258444f,0.3336907333273349f,-0.1468266808562361f,0.06412406325150584f,0.7536010830316726f,-0.6541968451204934f,0.7384797171025754f,-0.4893870195004017f,-0.5475612868151427f,-0.6787318928161978f,-0.15753752252925718f,0f,0f,0f,1f], start_interpolation: 0, interpolation_duration: 1 }
data modify entity @s data merge value {"locators":{},"cameras":{"camera2":{"posx":-0.8032226562500002,"posy":0.380615234375,"posz":1.404296875,"roty":208.4765625,"rotx":-13.320312500000004}}}