# This file was generated by Animated Java via MC-Build. It is not recommended to edit this file directly.
$data merge entity $(bone_layer) { transformation: [-0.8948888956480362f,-0.18446661028093164f,0.40638151303584336f,-0.0006545858159277896f,0.08356574860676531f,0.8252138959995741f,0.5586043246422238f,1.411375f,-0.43839551788953013f,0.5338483825400868f,-0.7230596616833939f,-0.12245792556962111f,0f,0f,0f,1f], start_interpolation: 0, interpolation_duration: 1 }
$data merge entity $(bone_head) { transformation: [-0.8948888956480362f,-0.18446661028093164f,0.40638151303584336f,-0.0006545858159277896f,0.08356574860676531f,0.8252138959995741f,0.5586043246422238f,1.411375f,-0.43839551788953013f,0.5338483825400868f,-0.7230596616833939f,-0.12245792556962111f,0f,0f,0f,1f], start_interpolation: 0, interpolation_duration: 1 }
$data merge entity $(bone_6) { transformation: [-0.9951642228774487f,-0.016513432842735976f,-0.0859755625606794f,0.1269455922349365f,-0.019578496729254307f,0.9991895589932068f,0.03515878095479688f,0.3804486606166518f,0.08523996697879754f,0.03670874193852744f,-0.9956766858594951f,-0.025831164487143204f,0f,0f,0f,1f], start_interpolation: 0, interpolation_duration: 1 }
$data merge entity $(bone_12) { transformation: [-0.9961603832607093f,-0.038230358563615376f,-0.0787586852732716f,0.1149986051838067f,-0.019598094824078385f,0.9741642860267143f,-0.22498857417506418f,0.684875f,0.08532529227106861f,-0.22258118409730715f,-0.9711731107195553f,-0.09538778451755169f,0f,0f,0f,1f], start_interpolation: 0, interpolation_duration: 1 }
$data merge entity $(bone_10) { transformation: [-0.9674408975041927f,0.05048302209811464f,0.2442025367633857f,0.021454842184334105f,0f,0.9792935370823674f,-0.20244546976582592f,1.059252002337974f,-0.2491166590902389f,-0.19605007704295146f,-0.9483569754104314f,-0.20731702309075523f,0f,0f,0f,1f], start_interpolation: 0, interpolation_duration: 1 }
$data merge entity $(bone_9) { transformation: [-0.9684093068110037f,-0.050483022098114616f,0.24420253676338574f,0.0011460541677459253f,0f,0.9792935370823674f,0.20244546976582584f,1.3785f,-0.24936602511535425f,0.1960500770429514f,-0.9483569754104314f,-0.12844814223091106f,0f,0f,0f,1f], start_interpolation: 0, interpolation_duration: 1 }
$data merge entity $(bone_2) { transformation: [0.6288840767958473f,0.757925842479745f,-0.17105863562066148f,-0.42458565182816554f,-0.7434877632644985f,0.6514303362934041f,0.1475034039889982f,1.1841060555171437f,0.2230061968389847f,0.03445191225507144f,0.9741569118942063f,-0.43938418167973003f,0f,0f,0f,1f], start_interpolation: 0, interpolation_duration: 1 }
$data merge entity $(bone_1) { transformation: [0.6295135903862336f,0.41932529053854073f,-0.6541245601823875f,-0.3205398487052359f,-0.7442319952597582f,0.5672822944982776f,-0.35257557428223607f,1.3415f,0.22322942626524994f,0.7087715422218487f,0.6691872116125275f,-0.20805552971972718f,0f,0f,0f,1f], start_interpolation: 0, interpolation_duration: 1 }
$data merge entity $(bone_4) { transformation: [-0.20798914753570144f,0.342766877132307f,0.9160593504384102f,0.45957371382313195f,-0.7682650259963855f,0.5213389826559424f,-0.36985440329455577f,1.150692181281526f,-0.603746937332311f,-0.781483546278636f,0.15505801120221457f,0.15747364934924263f,0f,0f,0f,1f], start_interpolation: 0, interpolation_duration: 1 }
$data merge entity $(bone_3) { transformation: [-0.20819734488058203f,-0.2657451303150694f,0.9412934671495935f,0.34149714318179464f,-0.7690340600564419f,0.6391241601415981f,0.010340328640893626f,1.347f,-0.6043512886209319f,-0.7217339077784303f,-0.33743100969693884f,-0.051650038693446795f,0f,0f,0f,1f], start_interpolation: 0, interpolation_duration: 1 }
$data merge entity $(bone_8) { transformation: [-0.9257432091897131f,0.0418866991796818f,0.37353505813843f,-0.24381403920360084f,0.06599561872750108f,0.996451900298301f,0.05214848774018249f,0.5525618591258377f,-0.36965536510093516f,0.07300078645970559f,-0.9261490676818349f,0.06824771694355267f,0f,0f,0f,1f], start_interpolation: 0, interpolation_duration: 1 }
$data merge entity $(bone_7) { transformation: [-0.9266698790687818f,0.3005753063840255f,0.22569319976197477f,-0.1480629379578074f,0.06606168040790898f,0.7213372497642607f,-0.6894261573832368f,0.7424951730236891f,-0.3700253904914266f,-0.6239607818562651f,-0.6882980118357062f,-0.13763639125083435f,0f,0f,0f,1f], start_interpolation: 0, interpolation_duration: 1 }
data modify entity @s data merge value {"locators":{},"cameras":{"camera2":{"posx":-0.39300537109375017,"posy":0.564727783203125,"posz":1.46923828125,"roty":196.6552734375,"rotx":-8.530273437500004}}}