# This file was generated by Animated Java via MC-Build. It is not recommended to edit this file directly.
$data merge entity $(bone_layer) { transformation: [-0.948678980435529f,-0.11623847857518387f,0.2941033970873709f,-0.00041565758812380714f,0.0843170687761897f,0.8033620393924f,0.5894913617486478f,1.4064305555555556f,-0.3047930838992192f,0.5840360003987857f,-0.7523317926589259f,-0.12116132734115284f,0f,0f,0f,1f], start_interpolation: 0, interpolation_duration: 1 }
$data merge entity $(bone_head) { transformation: [-0.948678980435529f,-0.11623847857518387f,0.2941033970873709f,-0.00041565758812380714f,0.0843170687761897f,0.8033620393924f,0.5894913617486478f,1.4064305555555556f,-0.3047930838992192f,0.5840360003987857f,-0.7523317926589259f,-0.12116132734115284f,0f,0f,0f,1f], start_interpolation: 0, interpolation_duration: 1 }
$data merge entity $(bone_6) { transformation: [-0.9725953713092974f,-0.011068084712536945f,-0.22812500100201674f,0.14127820527628657f,-0.019578410836676368f,0.9991895141619783f,0.03516010292989191f,0.3807338190353959f,0.2273234029677547f,0.03870157993604206f,-0.9729967888332363f,-0.03896549258579032f,0f,0f,0f,1f], start_interpolation: 0, interpolation_duration: 1 }
$data merge entity $(bone_12) { transformation: [-0.973568940249547f,-0.07429858801340317f,-0.21597045724031014f,0.11805989652209808f,-0.01959800884552189f,0.9692962235311776f,-0.24511374726336382f,0.6836388888888889f,0.22755095392167637f,-0.2344025402324214f,-0.9451328015162331f,-0.11221628640842202f,0f,0f,0f,1f], start_interpolation: 0, interpolation_duration: 1 }
$data merge entity $(bone_10) { transformation: [-0.9931944136890608f,0.023247232354719243f,0.10511226979669533f,0.010309657357145355f,0f,0.9764050132178228f,-0.21594733191939003f,1.0575368025620056f,-0.1075446726567277f,-0.21469237608948505f,-0.9707307353612965f,-0.21642706794551747f,0f,0f,0f,1f], start_interpolation: 0, interpolation_duration: 1 }
$data merge entity $(bone_9) { transformation: [-0.9941886022913522f,-0.023247232354719243f,0.10511226979669533f,0.0009961308075460632f,0f,0.9764050132178228f,0.21594733191939003f,1.3729490740740742f,-0.1076523249817094f,0.21469237608948508f,-0.9707307353612965f,-0.13041497350795905f,0f,0f,0f,1f], start_interpolation: 0, interpolation_duration: 1 }
$data merge entity $(bone_2) { transformation: [0.6682017959916791f,0.7422361281395047f,0.0412014728924584f,-0.4670248885722602f,-0.736767782307272f,0.6556123707853145f,0.16204434591454242f,1.176315565163705f,0.09316970960306138f,-0.13877301379495877f,0.9859229526634524f,-0.370224857129737f,0f,0f,0f,1f], start_interpolation: 0, interpolation_duration: 1 }
$data merge entity $(bone_1) { transformation: [0.6688706666583374f,0.5381699557979689f,-0.5128207581216302f,-0.32328133163603917f,-0.7375052875948669f,0.5669512615324349f,-0.36694988461150024f,1.3331620370370372f,0.09326297257563702f,0.6236500346534047f,0.776120256289683f,-0.1608249950829549f,0f,0f,0f,1f], start_interpolation: 0, interpolation_duration: 1 }
$data merge entity $(bone_4) { transformation: [-0.2889270803635983f,0.2731488055492844f,0.9174658924304079f,0.49356980534300005f,-0.7634629848352744f,0.5112792742589344f,-0.39312882377108316f,1.1444566830147442f,-0.5758875003149316f,-0.8148516636420747f,0.06087745187867183f,0.08178499303909924f,0f,0f,0f,1f], start_interpolation: 0, interpolation_duration: 1 }
$data merge entity $(bone_3) { transformation: [-0.28921629666025855f,-0.35053721674496613f,0.8907735926838077f,0.35168339871445453f,-0.7642272120473217f,0.6449222637265665f,0.0056605756049202816f,1.3412916666666668f,-0.5764639642792109f,-0.6791162885887024f,-0.45441210862058146f,-0.10797672060925963f,0f,0f,0f,1f], start_interpolation: 0, interpolation_duration: 1 }
$data merge entity $(bone_8) { transformation: [-0.9699112649072109f,0.05907656744340044f,0.232159031076556f,-0.21287362258153109f,0.06828204110703144f,0.9971448343383231f,0.03209989617422493f,0.5741567852139463f,-0.22937022707481347f,0.04703337678185243f,-0.9721480241996066f,0.11427846918078277f,0f,0f,0f,1f], start_interpolation: 0, interpolation_duration: 1 }
$data merge entity $(bone_7) { transformation: [-0.9708821470542652f,0.21336115536283567f,0.10892600200840859f,-0.14629078283033192f,0.06835039149852998f,0.6825150327919869f,-0.7276685055675771f,0.7469869848299528f,-0.22959982690171518f,-0.6990352261475735f,-0.677224978933525f,-0.1158222208807414f,0f,0f,0f,1f], start_interpolation: 0, interpolation_duration: 1 }
data modify entity @s data merge value {"locators":{},"cameras":{"camera2":{"posx":0.04296874999999981,"posy":0.759765625,"posz":1.5390625,"roty":184.0625,"rotx":-3.4375000000000004}}}