# This file was generated by Animated Java via MC-Build. It is not recommended to edit this file directly.
$data merge entity $(bone_layer) { transformation: [-0.9838280994677713f,-0.03310459261342371f,0.1760294198295624f,0.000227184309194473f,0.08513601901376618f,0.7782302709865763f,0.6221812465726106f,1.4010416666666665f,-0.1575884797950686f,0.6271058373736123f,-0.7628264152268326f,-0.11979662384592782f,0f,0f,0f,1f], start_interpolation: 0, interpolation_duration: 1 }
$data merge entity $(bone_head) { transformation: [-0.9838280994677713f,-0.03310459261342371f,0.1760294198295624f,0.000227184309194473f,0.08513601901376618f,0.7782302709865763f,0.6221812465726106f,1.4010416666666665f,-0.1575884797950686f,0.6271058373736123f,-0.7628264152268326f,-0.11979662384592782f,0f,0f,0f,1f], start_interpolation: 0, interpolation_duration: 1 }
$data merge entity $(bone_6) { transformation: [-0.9271504085816645f,-0.005100146484614612f,-0.3723497151147649f,0.15514691847923612f,-0.019578317222959326f,0.9991894652990084f,0.03516154373348429f,0.3811925384838844f,0.37149671514236793f,0.03992995042968708f,-0.9274261994877177f,-0.05492962530249783f,0f,0f,0f,1f], start_interpolation: 0, interpolation_duration: 1 }
$data merge entity $(bone_12) { transformation: [-0.9280784870687333f,-0.11683181493244962f,-0.3535825912849796f,0.11863697631284562f,-0.019597915138097423f,0.9635172101849034f,-0.2669279067458864f,0.6822916666666667f,0.37186858372609405f,-0.24080056623083457f,-0.8965092546875679f,-0.13017980224963363f,0f,0f,0f,1f], start_interpolation: 0, interpolation_duration: 1 }
$data merge entity $(bone_10) { transformation: [-0.998049173360276f,-0.01005932299850872f,-0.04244362113367445f,-0.003760409511240223f,0f,0.9730448705798238f,-0.23061587074244003f,1.0557559763276234f,0.04357576797797054f,-0.23039637553378636f,-0.972118747472122f,-0.22439465912291093f,0f,0f,0f,1f], start_interpolation: 0, interpolation_duration: 1 }
$data merge entity $(bone_9) { transformation: [-0.9990482215818578f,0.010059322998508726f,-0.04244362113367445f,0.00024999779272715157f,0f,0.9730448705798238f,0.23061587074244017f,1.3668981481481481f,0.043619387365335875f,0.23039637553378645f,-0.972118747472122f,-0.13254123047912586f,0f,0f,0f,1f], start_interpolation: 0, interpolation_duration: 1 }
$data merge entity $(bone_2) { transformation: [0.6821358221428637f,0.6816320582225881f,0.2629380934775535f,-0.4992448713187311f,-0.7280704217773882f,0.6606727971592448f,0.17989761134024093f,1.1673642132457922f,-0.05104097454374819f,-0.3144665201528103f,0.947892614399155f,-0.29092432353368736f,0f,0f,0f,1f], start_interpolation: 0, interpolation_duration: 1 }
$data merge entity $(bone_1) { transformation: [0.6828186407836474f,0.6446353963294522f,-0.34380795452918556f,-0.31861273661246203f,-0.7287992209983866f,0.5681012987651132f,-0.3822467917635628f,1.324074074074074f,-0.05109206661035855f,0.5115722042298249f,0.8577199313231104f,-0.11224757754911091f,0f,0f,0f,1f], start_interpolation: 0, interpolation_duration: 1 }
$data merge entity $(bone_4) { transformation: [-0.36992851321935116f,0.1977490385232692f,0.9076200237826781f,0.5160720042017248f,-0.758133592949869f,0.49906171375237507f,-0.41835344078466574f,1.1376820403738022f,-0.5351517077878408f,-0.84370179781109f,-0.03473170039548473f,-0.0021517034329490425f,0f,0f,0f,1f], start_interpolation: 0, interpolation_duration: 1 }
$data merge entity $(bone_3) { transformation: [-0.37029881203138254f,-0.43192235349803654f,0.8223879074724189f,0.3525926861268493f,-0.7588924854353043f,0.6512158607995554f,0.00031335749615940545f,1.3350694444444444f,-0.5356873951830239f,-0.6239879671851143f,-0.5689270879912607f,-0.16877802541961606f,0f,0f,0f,1f], start_interpolation: 0, interpolation_duration: 1 }
$data merge entity $(bone_8) { transformation: [-0.9935348089678255f,0.06993453746085819f,0.07759224006628226f,-0.1711916837965243f,0.07086687009320256f,0.9974281098588271f,0.010246612788312293f,0.5983748426801774f,-0.07659941313391003f,0.015694780456677604f,-0.9969325208898858f,0.15615419346228088f,0f,0f,0f,1f], start_interpolation: 0, interpolation_duration: 1 }
$data merge entity $(bone_7) { transformation: [-0.9945293383061317f,0.10432733914349826f,-0.005215511058875549f,-0.14098562233114345f,0.07093780790110366f,0.6378983236084774f,-0.7668465010337338f,0.7516777844176676f,-0.07667608922313315f,-0.7630213201770522f,-0.6418093504279245f,-0.0938042992638853f,0f,0f,0f,1f], start_interpolation: 0, interpolation_duration: 1 }
data modify entity @s data merge value {"locators":{},"cameras":{"camera2":{"posx":0.4618530273437498,"posy":0.945770263671875,"posz":1.60791015625,"roty":171.8994140625,"rotx":1.4599609375}}}