# This file was generated by Animated Java via MC-Build. It is not recommended to edit this file directly.
$data merge entity $(bone_layer) { transformation: [-0.9962725632443908f,0.060316951870989996f,0.06166721206154965f,0.0012845339795929307f,0.08599728940351209f,0.7503690258548663f,0.6554012444700328f,1.395375f,-0.0067413605229245666f,0.6582614908640878f,-0.7527591671336114f,-0.11850072331291618f,0f,0f,0f,1f], start_interpolation: 0, interpolation_duration: 1 }
$data merge entity $(bone_head) { transformation: [-0.9962725632443908f,0.060316951870989996f,0.06166721206154965f,0.0012845339795929307f,0.08599728940351209f,0.7503690258548663f,0.6554012444700328f,1.395375f,-0.0067413605229245666f,0.6582614908640878f,-0.7527591671336114f,-0.11850072331291618f,0f,0f,0f,1f], start_interpolation: 0, interpolation_duration: 1 }
$data merge entity $(bone_6) { transformation: [-0.8604684492503878f,0.000985042684816112f,-0.5080453143648156f,0.16752677189867027f,-0.019578218783277795f,0.9991894139151144f,0.035163058804487834f,0.38184034435839165f,0.507160468879335f,0.04024356856541672f,-0.8606122924101582f,-0.07298845505899618f,0f,0f,0f,1f], start_interpolation: 0, interpolation_duration: 1 }
$data merge entity $(bone_12) { transformation: [-0.8613297790294172f,-0.16329696953357872f,-0.4810874260446688f,0.11649646891942692f,-0.019597816599877672f,0.9569108980531468f,-0.2897196209641967f,0.680875f,0.5076681370163513f,-0.24011587396144743f,-0.827416116431193f,-0.1480246656719485f,0f,0f,0f,1f], start_interpolation: 0, interpolation_duration: 1 }
$data merge entity $(bone_10) { transformation: [-0.9800418732674313f,-0.047694334947304115f,-0.18793437050397893f,-0.020040530717655793f,0f,0.9692738567985852f,-0.245984126574858f,1.0539463791562986f,0.19369802952653928f,-0.2413160602627395f,-0.9508798461722057f,-0.23026596122657622f,0f,0f,0f,1f], start_interpolation: 0, interpolation_duration: 1 }
$data merge entity $(bone_9) { transformation: [-0.981022896163595f,0.047694334947304115f,-0.18793437050397893f,-0.0011304425718141654f,0f,0.9692738567985852f,0.24598412657485796f,1.3605f,0.19389192144798725f,0.24131606026273947f,-0.9508798461722057f,-0.13458776431666059f,0f,0f,0f,1f], start_interpolation: 0, interpolation_duration: 1 }
$data merge entity $(bone_2) { transformation: [0.666327440434542f,0.5765382372327832f,0.4719344073721999f,-0.5175756376072707f,-0.7174303754526165f,0.6661935107903015f,0.20111912810852503f,1.1574133011920722f,-0.19824832534442632f,-0.47306433726228775f,0.8583874483280363f,-0.20694611167965993f,0f,0f,0f,1f], start_interpolation: 0, interpolation_duration: 1 }
$data merge entity $(bone_1) { transformation: [0.6669944348694113f,0.7278007765939666f,-0.15945047332150994f,-0.30649260934723405f,-0.718148523976593f,0.5710041399688108f,-0.3977649678500099f,1.3145f,-0.19844677211654288f,0.3798161420051785f,0.9035256371065663f,-0.06595301836229236f,0f,0f,0f,1f], start_interpolation: 0, interpolation_duration: 1 }
$data merge entity $(bone_4) { transformation: [-0.4451917332583154f,0.12130436178794762f,0.8869569243825428f,0.5243777213694022f,-0.7523826066387195f,0.4847939244076075f,-0.4447037265478441f,1.1305433961522044f,-0.4834518940556372f,-0.8661755611125783f,-0.12468363920066178f,-0.08840478424632542f,0f,0f,0f,1f], start_interpolation: 0, interpolation_duration: 1 }
$data merge entity $(bone_3) { transformation: [-0.4456373706289444f,-0.5038600241760485f,0.7399543296286825f,0.3432208282680948f,-0.7531357423811006f,0.6578410610288968f,-0.005629562366997465f,1.3285f,-0.48393582988552275f,-0.5597947967440278f,-0.6726335540926599f,-0.2296588680808413f,0f,0f,0f,1f], start_interpolation: 0, interpolation_duration: 1 }
$data merge entity $(bone_8) { transformation: [-0.9932144466374221f,0.07252852379346912f,-0.07930172115025079f,-0.12149455745055382f,0.07368751773238481f,0.9971947514744648f,-0.012724046148265389f,0.6244263139098929f,0.07807824742627786f,-0.018499753190797108f,-0.9967694496081954f,0.18956933761206743f,0f,0f,0f,1f], start_interpolation: 0, interpolation_duration: 1 }
$data merge entity $(bone_7) { transformation: [-0.9942086552927148f,-0.019868777196848333f,-0.10561430506211716f,-0.13237056203931896f,0.07376127901139622f,0.5885606728754373f,-0.8050811189333751f,0.7563102500835865f,0.07815640383010797f,-0.8082088628795867f,-0.5836865687192319f,-0.07324912260052549f,0f,0f,0f,1f], start_interpolation: 0, interpolation_duration: 1 }
data modify entity @s data merge value {"locators":{},"cameras":{"camera2":{"posx":0.8208007812499998,"posy":1.102783203125,"posz":1.669921875,"roty":161.3671875,"rotx":5.664062500000001}}}