# This file was generated by Animated Java via MC-Build. It is not recommended to edit this file directly.
$data merge entity $(bone_layer) { transformation: [-0.9867513131323149f,0.15721964693119628f,-0.04004782953522243f,0.0026856688245535587f,0.08687555799540987f,0.7205019283838586f,0.6879895410673968f,1.3895972222222222f,0.13702001114668766f,0.6753954055321751f,-0.7246147685021267f,-0.11739059025897564f,0f,0f,0f,1f], start_interpolation: 0, interpolation_duration: 1 }
$data merge entity $(bone_head) { transformation: [-0.9867513131323149f,0.15721964693119628f,-0.04004782953522243f,0.0026856688245535587f,0.08687555799540987f,0.7205019283838586f,0.6879895410673968f,1.3895972222222222f,0.13702001114668766f,0.6753954055321751f,-0.7246147685021267f,-0.11739059025897564f,0f,0f,0f,1f], start_interpolation: 0, interpolation_duration: 1 }
$data merge entity $(bone_6) { transformation: [-0.778683047317524f,0.006757337584625267f,-0.6264124313600534f,0.1777420088144357f,-0.019578118412862673f,0.999189361521356f,0.03516460358190543f,0.3826742836717261f,0.6255161141806873f,0.039685743174501714f,-0.7786982191404537f,-0.09194587924976888f,0f,0f,0f,1f], start_interpolation: 0, interpolation_duration: 1 }
$data merge entity $(bone_12) { transformation: [-0.7794625098273513f,-0.21043802456690563f,-0.5900457894011486f,0.11198012613727767f,-0.019597716128991666f,0.9496200700282541f,-0.3127901087343736f,0.6794305555555555f,0.6261422564371244f,-0.23224461331947444f,-0.7443173478348561f,-0.16452232091210464f,0f,0f,0f,1f], start_interpolation: 0, interpolation_duration: 1 }
$data merge entity $(bone_10) { transformation: [-0.9420475453569717f,-0.08706235654340466f,-0.3212304395439469f,-0.03735192135789551f,0f,0.9651790131626743f,-0.2615902761004818f,1.0521333583839136f,0.33248672497846354f,-0.24667715464435575f,-0.9101546748548165f,-0.233557073464843f,0f,0f,0f,1f], start_interpolation: 0, interpolation_duration: 1 }
$data merge entity $(bone_9) { transformation: [-0.9429905358928645f,0.08706235654340463f,-0.32123043954394687f,-0.0030380039072897317f,0f,0.9651790131626743f,0.2615902761004818f,1.3539074074074073f,0.3328195445229865f,0.24667715464435572f,-0.9101546748548164f,-0.13633411905059153f,0f,0f,0f,1f], start_interpolation: 0, interpolation_duration: 1 }
$data merge entity $(bone_2) { transformation: [0.6226276900907869f,0.43727774483032295f,0.6483412977584097f,-0.5212370773033457f,-0.7050648820063631f,0.6715943091334402f,0.22549693963518708f,1.1466843566508078f,-0.33648071518820216f,-0.5981214406921758f,0.7271895845211933f,-0.12481864753810026f,0f,0f,0f,1f], start_interpolation: 0, interpolation_duration: 1 }
$data merge entity $(bone_1) { transformation: [0.6232509410318187f,0.7816360951255181f,0.024561744642507544f,-0.28842130704287916f,-0.7057706526590221f,0.5757306437286436f,-0.412822009729447f,1.3047037037037037f,-0.3368175327209231f,0.2399567474957378f,0.9104804824833185f,-0.0251289730476994f,0f,0f,0f,1f], start_interpolation: 0, interpolation_duration: 1 }
$data merge entity $(bone_4) { transformation: [-0.510193115582291f,0.04919744175480789f,0.8583479600798887f,0.5187577743232481f,-0.7463244788912499f,0.4687241004770783f,-0.471361661733961f,1.1232139412211704f,-0.42509264522000356f,-0.881973542322408f,-0.2026251792697376f,-0.17054721666695205f,0f,0f,0f,1f], start_interpolation: 0, interpolation_duration: 1 }
$data merge entity $(bone_3) { transformation: [-0.5107038194016926f,-0.5622324343834718f,0.65044315552995f,0.3247354603923327f,-0.7470715504416916f,0.6646339703211877f,-0.012074105173547345f,1.32175f,-0.42551816338338694f,-0.4920938683039343f,-0.7594589636106086f,-0.2862478111735426f,0f,0f,0f,1f], start_interpolation: 0, interpolation_duration: 1 }
$data merge entity $(bone_8) { transformation: [-0.970609878331255f,0.0666003756472062f,-0.22714281180339158f,-0.06832327727825571f,0.07666953162616642f,0.9963961024481801f,-0.03612223489690314f,0.6514116746473821f,0.22369453950870286f,-0.05252805907062319f,-0.9731913106846475f,0.2120555573081019f,0f,0f,0f,1f], start_interpolation: 0, interpolation_duration: 1 }
$data merge entity $(bone_7) { transformation: [-0.971581459791046f,-0.14918654376028553f,-0.18377388865440147f,-0.12136104648401805f,0.0767462779040705f,0.5359007294481958f,-0.8407855951458512f,0.7606519070456059f,0.22391845796666954f,-0.8309956578332718f,-0.5092217010733898f,-0.05551637493453973f,0f,0f,0f,1f], start_interpolation: 0, interpolation_duration: 1 }
data modify entity @s data merge value {"locators":{},"cameras":{"camera2":{"posx":1.0769653320312498,"posy":1.2108459472656252,"posz":1.7192382812500002,"roty":153.6669921875,"rotx":8.6767578125}}}