# This file was generated by Animated Java via MC-Build. It is not recommended to edit this file directly.
$data merge entity $(bone_layer) { transformation: [-0.9605685664455235f,0.2497171881003672f,-0.1222675554840196f,0.004292214066316244f,0.08774549012189255f,0.689527070971385f,0.7189249942524543f,1.383875f,0.26383471742752285f,0.6798483245289852f,-0.6842495871500915f,-0.11652492487296325f,0f,0f,0f,1f], start_interpolation: 0, interpolation_duration: 1 }
$data merge entity $(bone_head) { transformation: [-0.9605685664455235f,0.2497171881003672f,-0.1222675554840196f,0.004292214066316244f,0.08774549012189255f,0.689527070971385f,0.7189249942524543f,1.383875f,0.26383471742752285f,0.6798483245289852f,-0.6842495871500915f,-0.11652492487296325f,0f,0f,0f,1f], start_interpolation: 0, interpolation_duration: 1 }
$data merge entity $(bone_6) { transformation: [-0.691384734502585f,0.011826878723914636f,-0.7217269651199378f,0.1856024408053805f,-0.01957801900700655f,0.9991893096290578f,0.035166133504837715f,0.38367149919693216f,0.7208362158414015f,0.038481793911623624f,-0.6912839726719286f,-0.11023754266833355f,0f,0f,0f,1f], start_interpolation: 0, interpolation_duration: 1 }
$data merge entity $(bone_12) { transformation: [-0.6920768113138989f,-0.25492480549574725f,-0.6753095814399064f,0.10593843908795947f,-0.01959761662363018f,0.9418512025698169f,-0.33545826214368746f,0.6779999999999999f,0.7215577736150165f,-0.21892842611398172f,-0.6568292956126389f,-0.17865267582895283f,0f,0f,0f,1f], start_interpolation: 0, interpolation_duration: 1 }
$data merge entity $(bone_10) { transformation: [-0.89122105809576f,-0.1251425559046056f,-0.43413526734596286f,-0.05425905225657784f,0f,0.9608758966968985f,-0.2769792612217223f,1.0503304559742417f,0.45136019497367497f,-0.24709684710370897f,-0.8572100433963185f,-0.23443102762143486f,0f,0f,0f,1f], start_interpolation: 0, interpolation_duration: 1 }
$data merge entity $(bone_9) { transformation: [-0.892113171267027f,0.12514255590460566f,-0.43413526734596286f,-0.005241242806551645f,0f,0.9608758966968985f,0.27697926122172234f,1.3472731481481481f,0.4518120069806556f,0.247096847103709f,-0.8572100433963185f,-0.13764423851138363f,0f,0f,0f,1f], start_interpolation: 0, interpolation_duration: 1 }
$data merge entity $(bone_2) { transformation: [0.5587573879892516f,0.28129181665713454f,0.7797690284513962f,-0.5124509399314167f,-0.6913742584487539f,0.67624485101141f,0.2524620834799124f,1.1354655665805349f,-0.4558429730969472f,-0.6808581462847342f,0.572907635376722f,-0.050948901177453584f,0f,0f,0f,1f], start_interpolation: 0, interpolation_duration: 1 }
$data merge entity $(bone_1) { transformation: [0.5593167046939455f,0.8062396424220498f,0.19272379935407705f,-0.2670759273575557f,-0.6920663247735274f,0.5821345735941614f,-0.42680620935127717f,1.2949490740740741f,-0.45629927236931656f,0.10534219104190373f,0.8835688976088524f,0.007936089838388227f,0f,0f,0f,1f], start_interpolation: 0, interpolation_duration: 1 }
$data merge entity $(bone_4) { transformation: [-0.5622909540317895f,-0.012812188838398297f,0.8264571609088998f,0.5022990944796144f,-0.7400833159606267f,0.4512596428828174f,-0.49753826802497314f,1.1158641813900152f,-0.3662056368363863f,-0.8923007242642141f,-0.2634847870999594f,-0.2427476591417015f,0f,0f,0f,1f], start_interpolation: 0, interpolation_duration: 1 }
$data merge entity $(bone_3) { transformation: [-0.5628538078396291f,-0.6051752940867812f,0.5629906344047011f,0.30027879940546504f,-0.7408241401007274f,0.6714330585542492f,-0.018900828672417047f,1.3149861111111112f,-0.36657220904543175f,-0.42771545600722005f,-0.8262471205687121f,-0.3349707987667465f,0f,0f,0f,1f], start_interpolation: 0, interpolation_duration: 1 }
$data merge entity $(bone_8) { transformation: [-0.9320506628446031f,0.05363285323642383f,-0.3559003124948068f,-0.017050598418538634f,0.07972609642937505f,0.9950474182473759f,-0.05925920512674909f,0.678348794209479f,0.35060848740307193f,-0.08369081486610269f,-0.9326431869551424f,0.2235307618221695f,0f,0f,0f,1f], start_interpolation: 0, interpolation_duration: 1 }
$data merge entity $(bone_7) { transformation: [-0.9329836464910942f,-0.2721701094522291f,-0.23550997197771179f,-0.10936664319453847f,0.07980590233170676f,0.4816163813340605f,-0.872740900372904f,0.764497940385527f,0.35095944684992186f,-0.833048073493629f,-0.4276194264943425f,-0.041470141459410886f,0f,0f,0f,1f], start_interpolation: 0, interpolation_duration: 1 }
data modify entity @s data merge value {"locators":{},"cameras":{"camera2":{"posx":1.1874999999999998,"posy":1.25,"posz":1.7500000000000002,"roty":150,"rotx":10}}}