# This file was generated by Animated Java via MC-Build. It is not recommended to edit this file directly.
$data merge entity $(bone_layer) { transformation: [-0.9264409377312126f,0.330061848200751f,-0.18101482054797574f,0.005926132814775239f,0.08858173869533573f,0.6585027114840417f,0.7473469438874265f,1.3783750000000001f,0.36586946369630624f,0.6763381959718595f,-0.6393013219164403f,-0.11588152562861286f,0f,0f,0f,1f], start_interpolation: 0, interpolation_duration: 1 }
$data merge entity $(bone_head) { transformation: [-0.9264409377312126f,0.330061848200751f,-0.18101482054797574f,0.005926132814775239f,0.08858173869533573f,0.6585027114840417f,0.7473469438874265f,1.3783750000000001f,0.36586946369630624f,0.6763381959718595f,-0.6393013219164403f,-0.11588152562861286f,0f,0f,0f,1f], start_interpolation: 0, interpolation_duration: 1 }
$data merge entity $(bone_6) { transformation: [-0.6100458764653283f,0.015888991197430757f,-0.7917361547038203f,0.1914321135053195f,-0.01957792346106449f,0.999189259749813f,0.03516760401248392f,0.38478935314887636f,0.7908613870461766f,0.03699139304417437f,-0.60985006432961f,-0.12607516629159565f,0f,0f,0f,1f], start_interpolation: 0, interpolation_duration: 1 }
$data merge entity $(bone_12) { transformation: [-0.6106565329983266f,-0.2939602104697012f,-0.7353135340567809f,0.09956954773353786f,-0.019597520982046535f,0.9338740699235958f,-0.35706464218079215f,0.676625f,0.7916530400862628f,-0.20363353403835008f,-0.5760371931891466f,-0.18971064567858004f,0f,0f,0f,1f], start_interpolation: 0, interpolation_duration: 1 }
$data merge entity $(bone_10) { transformation: [-0.8376419215646679f,-0.1589587758405801f,-0.5212319283209109f,-0.0693133188730979f,0f,0.9565086368562778f,-0.2917040068619989f,1.0485400685632054f,0.5443868213296964f,-0.24458809292892672f,-0.8020137463158095f,-0.2337161082744929f,0f,0f,0f,1f], start_interpolation: 0, interpolation_duration: 1 }
$data merge entity $(bone_9) { transformation: [-0.8384804019666345f,0.15895877584058013f,-0.5212319283209109f,-0.00743503525143525f,0f,0.9565086368562778f,0.29170400686199893f,1.3407499999999999f,0.5449317530827792f,0.24458809292892678f,-0.8020137463158095f,-0.13850468440245514f,0f,0f,0f,1f], start_interpolation: 0, interpolation_duration: 1 }
$data merge entity $(bone_2) { transformation: [0.4866257277751226f,0.1284337612347281f,0.8638436487480632f,-0.4958531068143658f,-0.6769253739569876f,0.6796058531888631f,0.2810517567312555f,1.1241111908300834f,-0.5504256890448747f,-0.722246947578554f,0.4180718365973819f,0.009393157686064857f,0f,0f,0f,1f], start_interpolation: 0, interpolation_duration: 1 }
$data merge entity $(bone_1) { transformation: [0.48711284061573834f,0.8074225243211257f,0.3328512396344162f,-0.24574794366795605f,-0.6776029769339216f,0.589859795954108f,-0.4392261681267015f,1.2854999999999999f,-0.5509766657105852f,-0.011588284423463047f,0.8344401868957221f,0.03202914158834058f,0f,0f,0f,1f], start_interpolation: 0, interpolation_duration: 1 }
$data merge entity $(bone_4) { transformation: [-0.6008274161346349f,-0.058807243416053034f,0.7967590931695052f,0.48015986289477564f,-0.7337932511007785f,0.4329732488736275f,-0.5224969931147279f,1.1086613371914438f,-0.3139345165156713f,-0.8994864500822796f,-0.30359815486556574f,-0.3005566464553397f,0f,0f,0f,1f], start_interpolation: 0, interpolation_duration: 1 }
$data merge entity $(bone_3) { transformation: [-0.6014288449796145f,-0.6328214162317112f,0.4876683294873459f,0.27438172995605625f,-0.7345277788796581f,0.6780817367406768f,-0.02596344262349648f,1.3083749999999998f,-0.31424876528095225f,-0.37382109819703735f,-0.8726428250218746f,-0.3735380894175414f,0f,0f,0f,1f], start_interpolation: 0, interpolation_duration: 1 }
$data merge entity $(bone_8) { transformation: [-0.8872272079208079f,0.036501468951184945f,-0.4581689812542082f,0.027194792924589983f,0.08275854431510438f,0.9932285793816664f,-0.08145117503539784f,0.7042115767242132f,0.4516413453924391f,-0.11029338993739496f,-0.8851253531008103f,0.2261743029185429f,0f,0f,0f,1f], start_interpolation: 0, interpolation_duration: 1 }
$data merge entity $(bone_7) { transformation: [-0.888115323244052f,-0.3780796663919407f,-0.26135596124839416f,-0.09802213763011886f,0.08284138570080518f,0.4276471972245941f,-0.9001417552369846f,0.7676719078818293f,0.4520934388312704f,-0.8210807759087457f,-0.3484793853283268f,-0.031436638807197784f,0f,0f,0f,1f], start_interpolation: 0, interpolation_duration: 1 }
data modify entity @s data merge value {"locators":{},"cameras":{"camera2":{"posx":0.9189453124999998,"posy":1.09423828125,"posz":1.7670898437500002,"roty":155.8984375,"rotx":7.031250000000001}}}