# This file was generated by Animated Java via MC-Build. It is not recommended to edit this file directly.
$data merge entity $(bone_layer) {transformation: [0.5964f,0.3058f,-0.7435f,0.3588f,-0.0259f,0.9326f,0.3628f,1.6044f,0.8036f,-0.1969f,0.5635f,-0.7807f,0f,0f,0f,1f],start_interpolation: 0,interpolation_duration: 1}
$data merge entity $(bone_l_1) {transformation: [0.5362f,0.275f,-0.7428f,0.6507f,-0.0233f,0.8385f,0.3624f,1.6573f,0.7226f,-0.177f,0.5629f,-0.871f,0f,0f,0f,1f],start_interpolation: 0,interpolation_duration: 1}
$data merge entity $(bone_eye_l) {transformation: [0.5958f,0.3055f,-0.7428f,0.3588f,-0.0259f,0.9316f,0.3624f,1.6044f,0.8028f,-0.1967f,0.5629f,-0.7807f,0f,0f,0f,1f],start_interpolation: 0,interpolation_duration: 1}
$data merge entity $(bone_r_1) {transformation: [0.5362f,0.275f,-0.7428f,0.5315f,-0.0233f,0.8385f,0.3624f,1.6625f,0.7226f,-0.177f,0.5629f,-1.0315f,0f,0f,0f,1f],start_interpolation: 0,interpolation_duration: 1}
$data merge entity $(bone_eye_r) {transformation: [0.5958f,0.3055f,-0.7428f,0.5024f,-0.0259f,0.9316f,0.3624f,1.6363f,0.8028f,-0.1967f,0.5629f,-1.042f,0f,0f,0f,1f],start_interpolation: 0,interpolation_duration: 1}
$data merge entity $(bone_eyes_down) {transformation: [0.5958f,0.3055f,-0.7428f,0.3875f,-0.0259f,0.9316f,0.3624f,1.6917f,0.8028f,-0.1967f,0.5629f,-0.7991f,0f,0f,0f,1f],start_interpolation: 0,interpolation_duration: 1}
$data merge entity $(bone_eyes_up) {transformation: [0.5958f,0.3055f,-0.7428f,0.4256f,-0.0259f,0.9316f,0.3624f,1.8082f,0.8028f,-0.1967f,0.5629f,-0.8237f,0f,0f,0f,1f],start_interpolation: 0,interpolation_duration: 1}
$data merge entity $(bone_bone) {transformation: [0.5958f,0.3055f,-0.7428f,0.3588f,-0.0259f,0.9316f,0.3624f,1.6044f,0.8028f,-0.1967f,0.5629f,-0.7807f,0f,0f,0f,1f],start_interpolation: 0,interpolation_duration: 1}
$data merge entity $(bone_l) {transformation: [0.6086f,0.2094f,-0.7428f,0.6871f,0.0148f,0.6989f,0.3624f,1.7019f,0.7935f,-0.1736f,0.5629f,-0.8655f,0f,0f,0f,1f],start_interpolation: 0,interpolation_duration: 1}
$data merge entity $(bone_r) {transformation: [0.5819f,0.2484f,-0.7428f,0.5382f,-0.0665f,0.6972f,0.3624f,1.7083f,0.8107f,-0.1211f,0.5629f,-1.0662f,0f,0f,0f,1f],start_interpolation: 0,interpolation_duration: 1}
$data merge entity $(bone_sad) {transformation: [0.5958f,0.3055f,-0.7428f,0.6218f,-0.0259f,0.9316f,0.3624f,1.5643f,0.8028f,-0.1967f,0.5629f,-0.8798f,0f,0f,0f,1f],start_interpolation: 0,interpolation_duration: 1}
$data merge entity $(bone_head) {transformation: [0.5958f,0.3055f,-0.7428f,0.3588f,-0.0259f,0.9316f,0.3624f,1.6044f,0.8028f,-0.1967f,0.5629f,-0.7807f,0f,0f,0f,1f],start_interpolation: 0,interpolation_duration: 1}
$data merge entity $(bone_6) {transformation: [0.6722f,-0.0837f,-0.7347f,0.1672f,-0.1712f,0.9484f,-0.2639f,0.878f,0.7189f,0.3041f,0.6242f,-0.8772f,0f,0f,0f,1f],start_interpolation: 0,interpolation_duration: 1}
$data merge entity $(bone_12) {transformation: [0.6722f,-0.5787f,-0.4603f,-0.0317f,-0.1712f,0.484f,-0.8573f,1.0444f,0.7189f,0.6564f,0.2263f,-0.6516f,0f,0f,0f,1f],start_interpolation: 0,interpolation_duration: 1}
$data merge entity $(bone_10) {transformation: [0.4669f,0.309f,-0.8274f,0.1296f,0.056f,0.9247f,0.3762f,1.3808f,0.8814f,-0.2224f,0.4145f,-0.6595f,0f,0f,0f,1f],start_interpolation: 0,interpolation_duration: 1}
$data merge entity $(bone_9) {transformation: [0.4674f,0.6025f,-0.647f,0.3461f,0.056f,0.7102f,0.7018f,1.636f,0.8823f,-0.3643f,0.2982f,-0.7904f,0f,0f,0f,1f],start_interpolation: 0,interpolation_duration: 1}
$data merge entity $(item_display_item_display) {transformation: [-0.4382f,0.7761f,0.4285f,0.8381f,-0.5908f,-0.6132f,0.504f,1.0927f,0.6616f,-0.0321f,0.7339f,-0.491f,0f,0f,0f,1f],start_interpolation: 0,interpolation_duration: 1}
$data merge entity $(bone_2) {transformation: [-0.4285f,-0.6363f,0.6242f,0.4435f,-0.504f,0.7452f,0.412f,1.2691f,-0.7339f,-0.1403f,-0.6474f,-0.3818f,0f,0f,0f,1f],start_interpolation: 0,interpolation_duration: 1}
$data merge entity $(bone_1) {transformation: [-0.4289f,-0.349f,0.8201f,0.3287f,-0.5045f,0.8461f,0.0955f,1.5606f,-0.7346f,-0.3773f,-0.5444f,-0.5149f,0f,0f,0f,1f],start_interpolation: 0,interpolation_duration: 1}
$data merge entity $(bone_4) {transformation: [-0.1155f,-0.9518f,0.2544f,0.3384f,-0.5965f,-0.1454f,-0.7849f,1.3669f,0.783f,-0.2426f,-0.5525f,-1.115f,0f,0f,0f,1f],start_interpolation: 0,interpolation_duration: 1}
$data merge entity $(bone_3) {transformation: [-0.1156f,-0.6652f,-0.7268f,0.1306f,-0.5971f,0.6291f,-0.4914f,1.5635f,0.7838f,0.378f,-0.4703f,-0.9969f,0f,0f,0f,1f],start_interpolation: 0,interpolation_duration: 1}
$data merge entity $(bone_8) {transformation: [0.2638f,0.8282f,-0.4926f,0.1671f,0.2461f,0.436f,0.8655f,0.7254f,0.9316f,-0.3498f,-0.0894f,-0.3666f,0f,0f,0f,1f],start_interpolation: 0,interpolation_duration: 1}
$data merge entity $(bone_7) {transformation: [0.2638f,-0.3016f,-0.9151f,0.0634f,0.2461f,0.9393f,-0.2383f,1.0483f,0.9316f,-0.163f,0.3222f,-0.4226f,0f,0f,0f,1f],start_interpolation: 0,interpolation_duration: 1}
data modify entity @s data merge value {"cameras":{"camera1":{"px":0.9374999999999998,"py":1.125,"pz":1.8125000000000002,"ry":160,"rx":0}},"locators":{}}