# This file was generated by Animated Java via MC-Build. It is not recommended to edit this file directly.
$data merge entity $(bone_layer) {transformation: [-0.136f,0.4436f,-0.887f,0.5558f,-0.0036f,0.895f,0.4482f,1.525f,0.9918f,0.064f,-0.12f,-0.4118f,0f,0f,0f,1f],start_interpolation: 0,interpolation_duration: 1}
$data merge entity $(bone_l_1) {transformation: [-0.1222f,0.3989f,-0.8861f,0.8316f,-0.0032f,0.8047f,0.4478f,1.5531f,0.8917f,0.0576f,-0.1199f,-0.2729f,0f,0f,0f,1f],start_interpolation: 0,interpolation_duration: 1}
$data merge entity $(bone_eye_l) {transformation: [-0.1358f,0.4432f,-0.8861f,0.5558f,-0.0036f,0.8941f,0.4478f,1.525f,0.9908f,0.064f,-0.1199f,-0.4118f,0f,0f,0f,1f],start_interpolation: 0,interpolation_duration: 1}
$data merge entity $(bone_r_1) {transformation: [-0.1222f,0.3989f,-0.8861f,0.8586f,-0.0032f,0.8047f,0.4478f,1.5539f,0.8917f,0.0576f,-0.1199f,-0.4711f,0f,0f,0f,1f],start_interpolation: 0,interpolation_duration: 1}
$data merge entity $(bone_eye_r) {transformation: [-0.1358f,0.4432f,-0.8861f,0.8426f,-0.0036f,0.8941f,0.4478f,1.5289f,0.9908f,0.064f,-0.1199f,-0.4986f,0f,0f,0f,1f],start_interpolation: 0,interpolation_duration: 1}
$data merge entity $(bone_eyes_down) {transformation: [-0.1358f,0.4432f,-0.8861f,0.5973f,-0.0036f,0.8941f,0.4478f,1.6089f,0.9908f,0.064f,-0.1199f,-0.4058f,0f,0f,0f,1f],start_interpolation: 0,interpolation_duration: 1}
$data merge entity $(bone_eyes_up) {transformation: [-0.1358f,0.4432f,-0.8861f,0.6527f,-0.0036f,0.8941f,0.4478f,1.7206f,0.9908f,0.064f,-0.1199f,-0.3978f,0f,0f,0f,1f],start_interpolation: -1,interpolation_duration: 0}
$data merge entity $(bone_bone) {transformation: [-0.1358f,0.4432f,-0.8861f,0.5558f,-0.0036f,0.8941f,0.4478f,1.525f,0.9908f,0.064f,-0.1199f,-0.4118f,0f,0f,0f,1f],start_interpolation: 0,interpolation_duration: 1}
$data merge entity $(bone_l) {transformation: [-0.1164f,0.3365f,-0.8861f,0.858f,0.0355f,0.6701f,0.4478f,1.5957f,0.9927f,0.0155f,-0.1199f,-0.2439f,0f,0f,0f,1f],start_interpolation: 0,interpolation_duration: 1}
$data merge entity $(bone_r) {transformation: [-0.155f,0.3276f,-0.8861f,0.8919f,-0.0425f,0.6699f,0.4478f,1.5966f,0.9871f,0.0803f,-0.1199f,-0.4916f,0f,0f,0f,1f],start_interpolation: 0,interpolation_duration: 1}
$data merge entity $(bone_sad) {transformation: [-0.1358f,0.4432f,-0.8861f,0.8082f,-0.0036f,0.8941f,0.4478f,1.4617f,0.9908f,0.064f,-0.1199f,-0.2986f,0f,0f,0f,1f],start_interpolation: 0,interpolation_duration: 1}
$data merge entity $(bone_head) {transformation: [-0.1358f,0.4432f,-0.8861f,0.5558f,-0.0036f,0.8941f,0.4478f,1.525f,0.9908f,0.064f,-0.1199f,-0.4118f,0f,0f,0f,1f],start_interpolation: 0,interpolation_duration: 1}
$data merge entity $(bone_6) {transformation: [-0.0539f,0.0522f,-0.9966f,0.3203f,-0.1746f,0.9822f,0.0618f,0.7758f,0.9821f,0.1775f,-0.0437f,-0.61f,0f,0f,0f,1f],start_interpolation: 0,interpolation_duration: 1}
$data merge entity $(bone_12) {transformation: [-0.0539f,-0.6686f,-0.741f,0.0905f,-0.1746f,0.7376f,-0.6515f,1.0293f,0.9821f,0.0945f,-0.1565f,-0.5775f,0f,0f,0f,1f],start_interpolation: 0,interpolation_duration: 1}
$data merge entity $(bone_10) {transformation: [-0.2223f,0.4934f,-0.84f,0.2773f,0.0853f,0.869f,0.4869f,1.3351f,0.9702f,0.0367f,-0.2352f,-0.4721f,0f,0f,0f,1f],start_interpolation: 0,interpolation_duration: 1}
$data merge entity $(bone_9) {transformation: [-0.2225f,0.7774f,-0.5884f,0.5566f,0.0853f,0.6167f,0.7825f,1.5567f,0.9712f,0.1239f,-0.2036f,-0.4275f,0f,0f,0f,1f],start_interpolation: 0,interpolation_duration: 1}
$data merge entity $(item_display_item_display) {transformation: [-0.6269f,0.7642f,-0.0334f,0.7141f,-0.6258f,-0.4875f,0.5911f,1.0636f,0.4412f,0.3965f,0.791f,0.1128f,0f,0f,0f,1f],start_interpolation: 0,interpolation_duration: 1}
$data merge entity $(bone_2) {transformation: [0.0334f,-0.4277f,0.8911f,0.3309f,-0.5911f,0.7063f,0.3612f,1.2382f,-0.791f,-0.5459f,-0.2323f,-0.0338f,0f,0f,0f,1f],start_interpolation: 0,interpolation_duration: 1}
$data merge entity $(bone_1) {transformation: [0.0334f,0.0239f,0.9882f,0.3453f,-0.5917f,0.7933f,0.0009f,1.5109f,-0.7918f,-0.5918f,0.0411f,-0.237f,0f,0f,0f,1f],start_interpolation: 0,interpolation_duration: 1}
$data merge entity $(bone_4) {transformation: [-0.6719f,-0.6597f,0.3091f,0.7026f,-0.5074f,0.1095f,-0.85f,1.2367f,0.5226f,-0.732f,-0.4136f,-0.7342f,0f,0f,0f,1f],start_interpolation: 0,interpolation_duration: 1}
$data merge entity $(bone_3) {transformation: [-0.6726f,-0.5783f,-0.4432f,0.5219f,-0.5079f,0.8049f,-0.2944f,1.4882f,0.5231f,0.0299f,-0.8403f,-0.7249f,0f,0f,0f,1f],start_interpolation: 0,interpolation_duration: 1}
$data merge entity $(bone_8) {transformation: [-0.3522f,0.8857f,-0.2991f,0.0941f,0.2899f,0.4077f,0.8656f,0.7184f,0.8888f,0.2179f,-0.4013f,-0.2101f,0f,0f,0f,1f],start_interpolation: 0,interpolation_duration: 1}
$data merge entity $(bone_7) {transformation: [-0.3522f,-0.1851f,-0.9163f,0.0304f,0.2899f,0.9101f,-0.2954f,1.0312f,0.8888f,-0.3706f,-0.2667f,-0.3375f,0f,0f,0f,1f],start_interpolation: 0,interpolation_duration: 1}
data modify entity @s data merge value {"cameras":{"camera1":{"px":1.3473148148148149,"py":1.0577777777777777,"pz":1.8813888888888892,"ry":149.68592592592591,"rx":-5.214814814814815}},"locators":{}}