# This file was generated by Animated Java via MC-Build. It is not recommended to edit this file directly.
$data merge entity $(bone_layer) {transformation: [0.5294f,-0.5278f,-0.6657f,-0.1183f,0.3379f,0.8505f,-0.4057f,1.6778f,0.7796f,-0.0101f,0.6279f,-0.6281f,0f,0f,0f,1f],start_interpolation: 0,interpolation_duration: 1}
$data merge entity $(bone_l_1) {transformation: [0.476f,-0.4746f,-0.665f,0.0174f,0.3038f,0.7647f,-0.4053f,1.9449f,0.7009f,-0.0091f,0.6273f,-0.7076f,0f,0f,0f,1f],start_interpolation: 0,interpolation_duration: 1}
$data merge entity $(bone_eye_l) {transformation: [0.5289f,-0.5273f,-0.665f,-0.1183f,0.3375f,0.8496f,-0.4053f,1.6778f,0.7788f,-0.0101f,0.6273f,-0.6281f,0f,0f,0f,1f],start_interpolation: 0,interpolation_duration: 1}
$data merge entity $(bone_r_1) {transformation: [0.476f,-0.4746f,-0.665f,-0.09f,0.3038f,0.7647f,-0.4053f,1.8765f,0.7009f,-0.0091f,0.6273f,-0.8619f,0f,0f,0f,1f],start_interpolation: 0,interpolation_duration: 1}
$data merge entity $(bone_eye_r) {transformation: [0.5289f,-0.5273f,-0.665f,-0.0909f,0.3375f,0.8496f,-0.4053f,1.839f,0.7788f,-0.0101f,0.6273f,-0.8771f,0f,0f,0f,1f],start_interpolation: 0,interpolation_duration: 1}
$data merge entity $(bone_eyes_down) {transformation: [0.5289f,-0.5273f,-0.665f,-0.1678f,0.3375f,0.8496f,-0.4053f,1.7574f,0.7788f,-0.0101f,0.6273f,-0.629f,0f,0f,0f,1f],start_interpolation: 0,interpolation_duration: 1}
$data merge entity $(bone_eyes_up) {transformation: [0.5289f,-0.5273f,-0.665f,-0.2337f,0.3375f,0.8496f,-0.4053f,1.8636f,0.7788f,-0.0101f,0.6273f,-0.6303f,0f,0f,0f,1f],start_interpolation: 0,interpolation_duration: 1}
$data merge entity $(bone_bone) {transformation: [0.5289f,-0.5273f,-0.665f,-0.1183f,0.3375f,0.8496f,-0.4053f,1.6778f,0.7788f,-0.0101f,0.6273f,-0.6281f,0f,0f,0f,1f],start_interpolation: 0,interpolation_duration: 1}
$data merge entity $(bone_l) {transformation: [0.5054f,-0.4124f,-0.665f,0.0086f,0.3743f,0.6256f,-0.4053f,2.0004f,0.7776f,-0.0331f,0.6273f,-0.6935f,0f,0f,0f,1f],start_interpolation: 0,interpolation_duration: 1}
$data merge entity $(bone_r) {transformation: [0.5514f,-0.3778f,-0.665f,-0.1236f,0.3001f,0.6477f,-0.4053f,1.916f,0.7785f,0.0179f,0.6273f,-0.8882f,0f,0f,0f,1f],start_interpolation: 0,interpolation_duration: 1}
$data merge entity $(bone_sad) {transformation: [0.5289f,-0.5273f,-0.665f,0.0667f,0.3375f,0.8496f,-0.4053f,1.8649f,0.7788f,-0.0101f,0.6273f,-0.7345f,0f,0f,0f,1f],start_interpolation: 0,interpolation_duration: 1}
$data merge entity $(bone_head) {transformation: [0.5289f,-0.5273f,-0.665f,-0.1183f,0.3375f,0.8496f,-0.4053f,1.6778f,0.7788f,-0.0101f,0.6273f,-0.6281f,0f,0f,0f,1f],start_interpolation: 0,interpolation_duration: 1}
$data merge entity $(bone_6) {transformation: [0.6241f,0.4073f,-0.6653f,-0.0006f,0.1929f,0.7455f,0.638f,0.7553f,0.7558f,-0.5266f,0.3866f,-0.3779f,0f,0f,0f,1f],start_interpolation: 0,interpolation_duration: 1}
$data merge entity $(bone_12) {transformation: [0.6241f,-0.1962f,-0.755f,-0.0681f,0.1929f,0.9767f,-0.0939f,1.091f,0.7558f,-0.0872f,0.6474f,-0.4079f,0f,0f,0f,1f],start_interpolation: 0,interpolation_duration: 1}
$data merge entity $(bone_10) {transformation: [0.617f,-0.4038f,-0.6742f,-0.105f,0.4815f,0.8724f,-0.0807f,1.3896f,0.6208f,-0.2754f,0.7328f,-0.439f,0f,0f,0f,1f],start_interpolation: 0,interpolation_duration: 1}
$data merge entity $(bone_9) {transformation: [0.6177f,-0.1219f,-0.7769f,-0.1488f,0.482f,0.8393f,0.2516f,1.6912f,0.6214f,-0.5299f,0.5771f,-0.6294f,0f,0f,0f,1f],start_interpolation: 0,interpolation_duration: 1}
$data merge entity $(item_display_item_display) {transformation: [0.7191f,-0.6373f,-0.2379f,0.2207f,0.1714f,-0.1661f,0.9589f,1.6996f,-0.658f,-0.7383f,-0.0103f,-0.7934f,0f,0f,0f,1f],start_interpolation: 0,interpolation_duration: 1}
$data merge entity $(bone_2) {transformation: [0.2379f,-0.4574f,-0.845f,0.2604f,-0.9589f,-0.1041f,-0.2147f,1.7142f,0.0103f,0.871f,-0.4684f,-0.3497f,0f,0f,0f,1f],start_interpolation: 0,interpolation_duration: 1}
$data merge entity $(bone_1) {transformation: [0.2382f,-0.9558f,-0.0982f,-0.0688f,-0.9599f,-0.236f,-0.0349f,1.6329f,0.0103f,0.1038f,-0.9835f,-0.3202f,0f,0f,0f,1f],start_interpolation: 0,interpolation_duration: 1}
$data merge entity $(bone_4) {transformation: [0.5716f,-0.4544f,-0.667f,-0.4636f,-0.2947f,0.6537f,-0.6961f,1.189f,0.7531f,0.5931f,0.242f,-0.7458f,0f,0f,0f,1f],start_interpolation: 0,interpolation_duration: 1}
$data merge entity $(bone_3) {transformation: [0.5722f,0.398f,-0.7021f,-0.3393f,-0.295f,0.9131f,0.2794f,1.4743f,0.7538f,0.0446f,0.6391f,-0.7319f,0f,0f,0f,1f],start_interpolation: 0,interpolation_duration: 1}
$data merge entity $(bone_8) {transformation: [0.4009f,-0.538f,-0.7407f,0.2786f,0.6909f,0.7079f,-0.141f,1.2828f,0.6f,-0.4556f,0.6567f,-0.4833f,0f,0f,0f,1f],start_interpolation: 0,interpolation_duration: 1}
$data merge entity $(bone_7) {transformation: [0.4009f,-0.4199f,0.8135f,0.1343f,0.6909f,-0.4441f,-0.569f,1.1301f,0.6f,0.7914f,0.1118f,-0.2113f,0f,0f,0f,1f],start_interpolation: 0,interpolation_duration: 1}
data modify entity @s data merge value {"cameras":{"camera1":{"px":2.4729296874999998,"py":0.9149609375,"pz":2.0075390625000007,"ry":118.75375,"rx":-18.580000000000002}},"locators":{}}