# This file was generated by Animated Java via MC-Build. It is not recommended to edit this file directly.
$data merge entity $(bone_layer) {transformation: [0f,-0.1455f,-0.9904f,-0.5027f,0f,0.9904f,-0.1455f,1.2843f,1.0011f,0f,0f,0f,0f,0f,0f,1f],start_interpolation: 0,interpolation_duration: 1}
$data merge entity $(bone_l_1) {transformation: [0f,-0.109f,-0.9894f,-0.2742f,0f,0.742f,-0.1453f,1.4379f,0.7501f,0f,0f,0.1219f,0f,0f,0f,1f],start_interpolation: 0,interpolation_duration: 1}
$data merge entity $(bone_eye_l) {transformation: [0f,-0.1453f,-0.9894f,-0.5027f,0f,0.9894f,-0.1453f,1.2843f,1.0001f,0f,0f,0f,0f,0f,0f,1f],start_interpolation: 0,interpolation_duration: 1}
$data merge entity $(bone_r_1) {transformation: [0f,-0.109f,-0.9894f,-0.2742f,0f,0.742f,-0.1453f,1.4379f,0.7501f,0f,0f,-0.1219f,0f,0f,0f,1f],start_interpolation: 0,interpolation_duration: 1}
$data merge entity $(bone_eye_r) {transformation: [0f,-0.1453f,-0.9894f,-0.2813f,0f,0.9894f,-0.1453f,1.4432f,1.0001f,0f,0f,-0.125f,0f,0f,0f,1f],start_interpolation: 0,interpolation_duration: 1}
$data merge entity $(bone_eyes_down) {transformation: [0f,-0.1453f,-0.9894f,-0.5073f,0f,0.9894f,-0.1453f,1.3152f,1.0001f,0f,0f,0f,0f,0f,0f,1f],start_interpolation: 0,interpolation_duration: 1}
$data merge entity $(bone_eyes_up) {transformation: [0f,0f,0f,-0.5345f,0f,0f,0f,1.5007f,0f,0f,0f,0f,0f,0f,0f,1f],start_interpolation: 0,interpolation_duration: 1}
$data merge entity $(bone_bone) {transformation: [0f,-0.1453f,-0.9894f,-0.5027f,0f,0.9894f,-0.1453f,1.2843f,1.0001f,0f,0f,0f,0f,0f,0f,1f],start_interpolation: 0,interpolation_duration: 1}
$data merge entity $(bone_l) {transformation: [0.0252f,-0.1073f,-0.9894f,-0.2821f,-0.1718f,0.7308f,-0.1453f,1.5457f,0.9849f,0.1302f,0f,0.125f,0f,0f,0f,1f],start_interpolation: 0,interpolation_duration: 1}
$data merge entity $(bone_r) {transformation: [-0.0252f,-0.1073f,-0.9894f,-0.2821f,0.1718f,0.7308f,-0.1453f,1.5457f,0.9849f,-0.1302f,0f,-0.125f,0f,0f,0f,1f],start_interpolation: 0,interpolation_duration: 1}
$data merge entity $(bone_sad) {transformation: [0f,-0.0974f,-0.4947f,-0.2636f,0f,0.6629f,-0.0727f,1.3765f,3.0003f,0f,0f,0.1406f,0f,0f,0f,1f],start_interpolation: 0,interpolation_duration: 1}
$data merge entity $(bone_head) {transformation: [0f,-0.1453f,-0.9894f,-0.5027f,0f,0.9894f,-0.1453f,1.2843f,1.0001f,0f,0f,0f,0f,0f,0f,1f],start_interpolation: 0,interpolation_duration: 1}
$data merge entity $(bone_6) {transformation: [-0.0256f,0.8884f,-0.4563f,-0.47f,-0.2076f,0.4426f,0.8722f,0.267f,0.9769f,0.1173f,0.1734f,-0.2042f,0f,0f,0f,1f],start_interpolation: 0,interpolation_duration: 1}
$data merge entity $(bone_12) {transformation: [-0.0256f,0.2866f,-0.9567f,-0.4159f,-0.2076f,0.9356f,0.2853f,0.5654f,0.9769f,0.2063f,0.0356f,-0.1393f,0f,0f,0f,1f],start_interpolation: 0,interpolation_duration: 1}
$data merge entity $(bone_10) {transformation: [0f,-0.36f,-0.932f,-0.5094f,0f,0.9329f,-0.3597f,0.9753f,0.999f,0f,0f,0f,0f,0f,0f,1f],start_interpolation: 0,interpolation_duration: 1}
$data merge entity $(bone_9) {transformation: [0f,0.0762f,-0.9971f,-0.47f,0f,0.9971f,0.0762f,1.2857f,1f,0f,0f,0f,0f,0f,0f,1f],start_interpolation: 0,interpolation_duration: 1}
$data merge entity $(item_display_item_display) {transformation: [0.7071f,-0.4345f,-0.538f,-1.4213f,0.285f,-0.518f,0.7932f,1.8147f,-0.6296f,-0.7213f,-0.2468f,1.7363f,0f,0f,0f,1f],start_interpolation: 0,interpolation_duration: 1}
$data merge entity $(bone_2) {transformation: [0.3383f,-0.68f,0.6335f,-0.4206f,-0.4902f,0.4425f,0.7365f,1.0233f,-0.7883f,-0.567f,-0.1861f,0.4762f,0f,0f,0f,1f],start_interpolation: 0,interpolation_duration: 1}
$data merge entity $(bone_1) {transformation: [0.3386f,-0.3701f,0.8525f,-0.5405f,-0.4907f,0.7001f,0.4982f,1.2639f,-0.7891f,-0.5942f,0.0561f,0.2751f,0f,0f,0f,1f],start_interpolation: 0,interpolation_duration: 1}
$data merge entity $(bone_4) {transformation: [-0.1135f,-0.123f,-0.9803f,-0.601f,-0.2302f,0.9616f,-0.1048f,1.0494f,0.955f,0.2139f,-0.1371f,-0.4549f,0f,0f,0f,1f],start_interpolation: 0,interpolation_duration: 1}
$data merge entity $(bone_3) {transformation: [-0.1136f,0.486f,-0.8602f,-0.4466f,-0.2305f,0.8344f,0.4894f,1.3094f,0.9559f,0.2534f,0.0175f,-0.3756f,0f,0f,0f,1f],start_interpolation: 0,interpolation_duration: 1}
$data merge entity $(bone_8) {transformation: [-0.0457f,-0.0048f,-0.9988f,-0.1987f,0.1322f,0.9903f,-0.0102f,0.4051f,0.9892f,-0.1325f,-0.0448f,0.1666f,0f,0f,0f,1f],start_interpolation: 0,interpolation_duration: 1}
$data merge entity $(bone_7) {transformation: [-0.0457f,-0.7166f,-0.6958f,-0.4493f,0.1322f,0.686f,-0.7143f,0.5829f,0.9892f,-0.1248f,0.0633f,0.1313f,0f,0f,0f,1f],start_interpolation: 0,interpolation_duration: 1}