# This file was generated by Animated Java via MC-Build. It is not recommended to edit this file directly.
$data merge entity $(bone_layer) {transformation: [0f,-0.0032f,-1.001f,-0.395f,0f,1.001f,-0.0032f,1.2905f,1.0011f,0f,0f,0f,0f,0f,0f,1f],start_interpolation: 0,interpolation_duration: 1}
$data merge entity $(bone_l_1) {transformation: [0f,-0.0024f,-1f,-0.1469f,0f,0.75f,-0.0032f,1.41f,0.7501f,0f,0f,0.1219f,0f,0f,0f,1f],start_interpolation: 0,interpolation_duration: 1}
$data merge entity $(bone_eye_l) {transformation: [0f,-0.0032f,-1f,-0.395f,0f,1f,-0.0032f,1.2905f,1.0001f,0f,0f,0f,0f,0f,0f,1f],start_interpolation: 0,interpolation_duration: 1}
$data merge entity $(bone_r_1) {transformation: [0f,-0.0024f,-1f,-0.1469f,0f,0.75f,-0.0032f,1.41f,0.7501f,0f,0f,-0.1219f,0f,0f,0f,1f],start_interpolation: 0,interpolation_duration: 1}
$data merge entity $(bone_eye_r) {transformation: [0f,-0.0032f,-1f,-0.1532f,0f,1f,-0.0032f,1.4163f,1.0001f,0f,0f,-0.125f,0f,0f,0f,1f],start_interpolation: 0,interpolation_duration: 1}
$data merge entity $(bone_eyes_down) {transformation: [0f,-0.0032f,-1f,-0.3951f,0f,1f,-0.0032f,1.3217f,1.0001f,0f,0f,0f,0f,0f,0f,1f],start_interpolation: 0,interpolation_duration: 1}
$data merge entity $(bone_eyes_up) {transformation: [0f,0f,0f,-0.3957f,0f,0f,0f,1.5092f,0f,0f,0f,0f,0f,0f,0f,1f],start_interpolation: 0,interpolation_duration: 1}
$data merge entity $(bone_bone) {transformation: [0f,-0.0032f,-1f,-0.395f,0f,1f,-0.0032f,1.2905f,1.0001f,0f,0f,0f,0f,0f,0f,1f],start_interpolation: 0,interpolation_duration: 1}
$data merge entity $(bone_l) {transformation: [0.0006f,-0.0024f,-1f,-0.1395f,-0.1736f,0.7386f,-0.0032f,1.5179f,0.9849f,0.1302f,0f,0.125f,0f,0f,0f,1f],start_interpolation: 0,interpolation_duration: 1}
$data merge entity $(bone_r) {transformation: [-0.0006f,-0.0024f,-1f,-0.1395f,0.1736f,0.7386f,-0.0032f,1.5179f,0.9849f,-0.1302f,0f,-0.125f,0f,0f,0f,1f],start_interpolation: 0,interpolation_duration: 1}
$data merge entity $(bone_sad) {transformation: [0f,-0.0022f,-0.5f,-0.1452f,0f,0.67f,-0.0016f,1.348f,3.0003f,0f,0f,0.1406f,0f,0f,0f,1f],start_interpolation: 0,interpolation_duration: 1}
$data merge entity $(bone_head) {transformation: [0f,-0.0032f,-1f,-0.395f,0f,1f,-0.0032f,1.2905f,1.0001f,0f,0f,0f,0f,0f,0f,1f],start_interpolation: 0,interpolation_duration: 1}
$data merge entity $(bone_6) {transformation: [-0.0265f,0.8794f,-0.4734f,-0.4165f,-0.2012f,0.46f,0.8647f,0.275f,0.9782f,0.1184f,0.1651f,-0.2039f,0f,0f,0f,1f],start_interpolation: 0,interpolation_duration: 1}
$data merge entity $(bone_12) {transformation: [-0.0265f,0.2412f,-0.9691f,-0.379f,-0.2012f,0.9493f,0.2413f,0.5748f,0.9782f,0.2018f,0.0234f,-0.1412f,0f,0f,0f,1f],start_interpolation: 0,interpolation_duration: 1}
$data merge entity $(bone_10) {transformation: [0f,-0.2554f,-0.9659f,-0.4341f,0f,0.9668f,-0.2552f,0.9865f,0.999f,0f,0f,0f,0f,0f,0f,1f],start_interpolation: 0,interpolation_duration: 1}
$data merge entity $(bone_9) {transformation: [0f,0.1723f,-0.985f,-0.3649f,0f,0.985f,0.1723f,1.2917f,1f,0f,0f,0f,0f,0f,0f,1f],start_interpolation: 0,interpolation_duration: 1}
$data merge entity $(item_display_item_display) {transformation: [0.7986f,0.3075f,-0.496f,-1.3929f,0.5523f,-0.1273f,0.811f,1.4899f,0.1881f,-0.9304f,-0.2759f,1.8555f,0f,0f,0f,1f],start_interpolation: 0,interpolation_duration: 1}
$data merge entity $(bone_2) {transformation: [0.2945f,-0.725f,0.605f,-0.3343f,-0.4251f,0.4646f,0.7631f,1.0147f,-0.8419f,-0.4882f,-0.1737f,0.4656f,0f,0f,0f,1f],start_interpolation: 0,interpolation_duration: 1}
$data merge entity $(bone_1) {transformation: [0.2948f,-0.4151f,0.8481f,-0.4693f,-0.4255f,0.7355f,0.5072f,1.2668f,-0.8427f,-0.5166f,0.0405f,0.2911f,0f,0f,0f,1f],start_interpolation: 0,interpolation_duration: 1}
$data merge entity $(bone_4) {transformation: [-0.1287f,-0.1702f,-0.9708f,-0.4866f,-0.2449f,0.9532f,-0.1456f,1.0391f,0.9494f,0.2194f,-0.1645f,-0.4584f,0f,0f,0f,1f],start_interpolation: 0,interpolation_duration: 1}
$data merge entity $(bone_3) {transformation: [-0.1288f,0.4405f,-0.8817f,-0.346f,-0.2451f,0.8529f,0.4499f,1.3049f,0.9503f,0.2742f,-0.0017f,-0.3725f,0f,0f,0f,1f],start_interpolation: 0,interpolation_duration: 1}
$data merge entity $(bone_8) {transformation: [-0.0349f,0.016f,-0.9991f,-0.1462f,0.1097f,0.993f,0.0127f,0.4107f,0.9924f,-0.1092f,-0.0365f,0.1598f,0f,0f,0f,1f],start_interpolation: 0,interpolation_duration: 1}
$data merge entity $(bone_7) {transformation: [-0.0349f,-0.7121f,-0.701f,-0.3954f,0.1097f,0.6945f,-0.7099f,0.5902f,0.9924f,-0.1018f,0.0538f,0.1313f,0f,0f,0f,1f],start_interpolation: 0,interpolation_duration: 1}