# This file was generated by Animated Java via MC-Build. It is not recommended to edit this file directly.
$data merge entity $(bone_layer) {transformation: [0f,0.1523f,-0.9893f,-0.277f,0f,0.9893f,0.1523f,1.2904f,1.0011f,0f,0f,0f,0f,0f,0f,1f],start_interpolation: 0,interpolation_duration: 1}
$data merge entity $(bone_l_1) {transformation: [0f,0.1141f,-0.9884f,-0.0134f,0f,0.7413f,0.1521f,1.37f,0.7501f,0f,0f,0.1219f,0f,0f,0f,1f],start_interpolation: 0,interpolation_duration: 1}
$data merge entity $(bone_eye_l) {transformation: [0f,0.1521f,-0.9884f,-0.277f,0f,0.9884f,0.1521f,1.2904f,1.0001f,0f,0f,0f,0f,0f,0f,1f],start_interpolation: 0,interpolation_duration: 1}
$data merge entity $(bone_r_1) {transformation: [0f,0.1141f,-0.9884f,-0.0134f,0f,0.7413f,0.1521f,1.37f,0.7501f,0f,0f,-0.1219f,0f,0f,0f,1f],start_interpolation: 0,interpolation_duration: 1}
$data merge entity $(bone_eye_r) {transformation: [0f,0.1521f,-0.9884f,-0.0186f,0f,0.9884f,0.1521f,1.3771f,1.0001f,0f,0f,-0.125f,0f,0f,0f,1f],start_interpolation: 0,interpolation_duration: 1}
$data merge entity $(bone_eyes_down) {transformation: [0f,0.1521f,-0.9884f,-0.2722f,0f,0.9884f,0.1521f,1.3213f,1.0001f,0f,0f,0f,0f,0f,0f,1f],start_interpolation: 0,interpolation_duration: 1}
$data merge entity $(bone_eyes_up) {transformation: [0f,0f,0f,-0.2437f,0f,0f,0f,1.5066f,0f,0f,0f,0f,0f,0f,0f,1f],start_interpolation: 0,interpolation_duration: 1}
$data merge entity $(bone_bone) {transformation: [0f,0.1521f,-0.9884f,-0.277f,0f,0.9884f,0.1521f,1.2904f,1.0001f,0f,0f,0f,0f,0f,0f,1f],start_interpolation: 0,interpolation_duration: 1}
$data merge entity $(bone_l) {transformation: [-0.0264f,0.1124f,-0.9884f,0.0107f,-0.1716f,0.73f,0.1521f,1.4754f,0.9849f,0.1302f,0f,0.125f,0f,0f,0f,1f],start_interpolation: 0,interpolation_duration: 1}
$data merge entity $(bone_r) {transformation: [0.0264f,0.1124f,-0.9884f,0.0107f,0.1716f,0.73f,0.1521f,1.4754f,0.9849f,-0.1302f,0f,-0.125f,0f,0f,0f,1f],start_interpolation: 0,interpolation_duration: 1}
$data merge entity $(bone_sad) {transformation: [0f,0.1019f,-0.4942f,-0.0212f,0f,0.6622f,0.0761f,1.3087f,3.0003f,0f,0f,0.1406f,0f,0f,0f,1f],start_interpolation: 0,interpolation_duration: 1}
$data merge entity $(bone_head) {transformation: [0f,0.1521f,-0.9884f,-0.277f,0f,0.9884f,0.1521f,1.2904f,1.0001f,0f,0f,0f,0f,0f,0f,1f],start_interpolation: 0,interpolation_duration: 1}
$data merge entity $(bone_6) {transformation: [-0.0247f,0.862f,-0.5044f,-0.3502f,-0.1937f,0.4916f,0.8489f,0.2841f,0.9797f,0.1189f,0.1552f,-0.203f,0f,0f,0f,1f],start_interpolation: 0,interpolation_duration: 1}
$data merge entity $(bone_12) {transformation: [-0.0247f,0.1793f,-0.9825f,-0.3341f,-0.1937f,0.9642f,0.1805f,0.5848f,0.9797f,0.1952f,0.011f,-0.1432f,0f,0f,0f,1f],start_interpolation: 0,interpolation_duration: 1}
$data merge entity $(bone_10) {transformation: [0f,-0.1426f,-0.9888f,-0.3502f,0f,0.9898f,-0.1425f,0.9956f,0.999f,0f,0f,0f,0f,0f,0f,1f],start_interpolation: 0,interpolation_duration: 1}
$data merge entity $(bone_9) {transformation: [0f,0.2727f,-0.9621f,-0.2499f,0f,0.9621f,0.2727f,1.292f,1f,0f,0f,0f,0f,0f,0f,1f],start_interpolation: 0,interpolation_duration: 1}
$data merge entity $(item_display_item_display) {transformation: [0.3278f,0.8444f,-0.3974f,-1.3681f,0.4124f,0.2464f,0.865f,1.0955f,0.8363f,-0.4514f,-0.2716f,1.9188f,0f,0f,0f,1f],start_interpolation: 0,interpolation_duration: 1}
$data merge entity $(bone_2) {transformation: [0.2526f,-0.7726f,0.5638f,-0.2417f,-0.3398f,0.4733f,0.7998f,1.0051f,-0.8927f,-0.3987f,-0.1449f,0.4531f,0f,0f,0f,1f],start_interpolation: 0,interpolation_duration: 1}
$data merge entity $(bone_1) {transformation: [0.2528f,-0.468f,0.834f,-0.3944f,-0.3401f,0.7631f,0.5304f,1.2662f,-0.8936f,-0.4228f,0.0341f,0.3105f,0f,0f,0f,1f],start_interpolation: 0,interpolation_duration: 1}
$data merge entity $(bone_4) {transformation: [-0.1325f,-0.2192f,-0.9598f,-0.3686f,-0.2652f,0.9406f,-0.1891f,1.0227f,0.9433f,0.2302f,-0.1834f,-0.46f,0f,0f,0f,1f],start_interpolation: 0,interpolation_duration: 1}
$data merge entity $(bone_3) {transformation: [-0.1326f,0.3926f,-0.9029f,-0.2426f,-0.2654f,0.8696f,0.4055f,1.2938f,0.9443f,0.2941f,-0.0111f,-0.3678f,0f,0f,0f,1f],start_interpolation: 0,interpolation_duration: 1}
$data merge entity $(bone_8) {transformation: [-0.0265f,0.029f,-0.9991f,-0.0838f,0.0826f,0.9953f,0.0274f,0.4167f,0.9952f,-0.0818f,-0.0289f,0.1527f,0f,0f,0f,1f],start_interpolation: 0,interpolation_duration: 1}
$data merge entity $(bone_7) {transformation: [-0.0265f,-0.7128f,-0.7006f,-0.333f,0.0826f,0.6969f,-0.7112f,0.5957f,0.9952f,-0.0768f,0.0403f,0.1313f,0f,0f,0f,1f],start_interpolation: 0,interpolation_duration: 1}