# This file was generated by Animated Java via MC-Build. It is not recommended to edit this file directly.
$data merge entity $(bone_layer) {transformation: [0f,0.3041f,-0.9537f,-0.1575f,0f,0.9537f,0.3041f,1.2799f,1.0011f,0f,0f,0f,0f,0f,0f,1f],start_interpolation: 0,interpolation_duration: 1}
$data merge entity $(bone_l_1) {transformation: [0f,0.2278f,-0.9527f,0.1153f,0f,0.7146f,0.3038f,1.3176f,0.7501f,0f,0f,0.1219f,0f,0f,0f,1f],start_interpolation: 0,interpolation_duration: 1}
$data merge entity $(bone_eye_l) {transformation: [0f,0.3038f,-0.9527f,-0.1575f,0f,0.9527f,0.3038f,1.2799f,1.0001f,0f,0f,0f,0f,0f,0f,1f],start_interpolation: 0,interpolation_duration: 1}
$data merge entity $(bone_r_1) {transformation: [0f,0.2278f,-0.9527f,0.1153f,0f,0.7146f,0.3038f,1.3176f,0.7501f,0f,0f,-0.1219f,0f,0f,0f,1f],start_interpolation: 0,interpolation_duration: 1}
$data merge entity $(bone_eye_r) {transformation: [0f,0.3038f,-0.9527f,0.1112f,0f,0.9527f,0.3038f,1.3254f,1.0001f,0f,0f,-0.125f,0f,0f,0f,1f],start_interpolation: 0,interpolation_duration: 1}
$data merge entity $(bone_eyes_down) {transformation: [0f,0.3038f,-0.9527f,-0.148f,0f,0.9527f,0.3038f,1.3097f,1.0001f,0f,0f,0f,0f,0f,0f,1f],start_interpolation: 0,interpolation_duration: 1}
$data merge entity $(bone_bone) {transformation: [0f,0.3038f,-0.9527f,-0.1575f,0f,0.9527f,0.3038f,1.2799f,1.0001f,0f,0f,0f,0f,0f,0f,1f],start_interpolation: 0,interpolation_duration: 1}
$data merge entity $(bone_l) {transformation: [-0.0528f,0.2244f,-0.9527f,0.1555f,-0.1654f,0.7037f,0.3038f,1.4179f,0.9849f,0.1302f,0f,0.125f,0f,0f,0f,1f],start_interpolation: 0,interpolation_duration: 1}
$data merge entity $(bone_r) {transformation: [0.0528f,0.2244f,-0.9527f,0.1555f,0.1654f,0.7037f,0.3038f,1.4179f,0.9849f,-0.1302f,0f,-0.125f,0f,0f,0f,1f],start_interpolation: 0,interpolation_duration: 1}
$data merge entity $(bone_sad) {transformation: [0f,0.2035f,-0.4764f,0.098f,0f,0.6383f,0.1519f,1.2584f,3.0003f,0f,0f,0.1406f,0f,0f,0f,1f],start_interpolation: 0,interpolation_duration: 1}
$data merge entity $(bone_head) {transformation: [0f,0.3038f,-0.9527f,-0.1575f,0f,0.9527f,0.3038f,1.2799f,1.0001f,0f,0f,0f,0f,0f,0f,1f],start_interpolation: 0,interpolation_duration: 1}
$data merge entity $(bone_6) {transformation: [-0.0218f,0.8436f,-0.5347f,-0.2793f,-0.1859f,0.5227f,0.8319f,0.2896f,0.9813f,0.1178f,0.1457f,-0.2016f,0f,0f,0f,1f],start_interpolation: 0,interpolation_duration: 1}
$data merge entity $(bone_12) {transformation: [-0.0218f,0.1169f,-0.9919f,-0.2846f,-0.1859f,0.9753f,0.1188f,0.5897f,0.9813f,0.1873f,0.0005f,-0.1449f,0f,0f,0f,1f],start_interpolation: 0,interpolation_duration: 1}
$data merge entity $(bone_10) {transformation: [0f,-0.0293f,-0.9986f,-0.2635f,0f,0.9996f,-0.0293f,0.9977f,0.999f,0f,0f,0f,0f,0f,0f,1f],start_interpolation: 0,interpolation_duration: 1}
$data merge entity $(bone_9) {transformation: [0f,0.3701f,-0.929f,-0.1334f,0f,0.929f,0.3701f,1.2822f,1f,0f,0f,0f,0f,0f,0f,1f],start_interpolation: 0,interpolation_duration: 1}
$data merge entity $(item_display_item_display) {transformation: [-0.2886f,0.9015f,-0.2874f,-1.325f,0.1542f,0.3407f,0.9162f,0.6993f,0.9323f,0.2225f,-0.2407f,1.9218f,0f,0f,0f,1f],start_interpolation: 0,interpolation_duration: 1}
$data merge entity $(bone_2) {transformation: [0.2157f,-0.8127f,0.5211f,-0.1501f,-0.2458f,0.4709f,0.8349f,0.993f,-0.9323f,-0.3122f,-0.0996f,0.4397f,0f,0f,0f,1f],start_interpolation: 0,interpolation_duration: 1}
$data merge entity $(bone_1) {transformation: [0.2159f,-0.5151f,0.8166f,-0.3184f,-0.2461f,0.7805f,0.5564f,1.2597f,-0.9333f,-0.325f,0.0422f,0.3304f,0f,0f,0f,1f],start_interpolation: 0,interpolation_duration: 1}
$data merge entity $(bone_4) {transformation: [-0.1317f,-0.261f,-0.9489f,-0.2559f,-0.2858f,0.9269f,-0.2259f,1.0001f,0.9374f,0.2426f,-0.1977f,-0.46f,0f,0f,0f,1f],start_interpolation: 0,interpolation_duration: 1}
$data merge entity $(bone_3) {transformation: [-0.1318f,0.3505f,-0.9196f,-0.1427f,-0.2861f,0.8811f,0.3657f,1.2749f,0.9383f,0.3125f,-0.016f,-0.362f,0f,0f,0f,1f],start_interpolation: 0,interpolation_duration: 1}
$data merge entity $(bone_8) {transformation: [-0.0213f,0.0424f,-0.9987f,-0.0193f,0.0551f,0.9967f,0.0418f,0.4164f,0.9972f,-0.0542f,-0.0237f,0.1464f,0f,0f,0f,1f],start_interpolation: 0,interpolation_duration: 1}
$data merge entity $(bone_7) {transformation: [-0.0213f,-0.7133f,-0.7003f,-0.2684f,0.0551f,0.6986f,-0.7122f,0.5948f,0.9972f,-0.0539f,0.0244f,0.1313f,0f,0f,0f,1f],start_interpolation: 0,interpolation_duration: 1}