# This file was generated by Animated Java via MC-Build. It is not recommended to edit this file directly.
$data merge entity $(bone_layer) {transformation: [0f,0.4366f,-0.9008f,-0.0461f,0f,0.9008f,0.4366f,1.2566f,1.0011f,0f,0f,0f,0f,0f,0f,1f],start_interpolation: 0,interpolation_duration: 1}
$data merge entity $(bone_l_1) {transformation: [0f,0.3271f,-0.8999f,0.2293f,0f,0.6749f,0.4361f,1.2552f,0.7501f,0f,0f,0.1219f,0f,0f,0f,1f],start_interpolation: 0,interpolation_duration: 1}
$data merge entity $(bone_eye_l) {transformation: [0f,0.4361f,-0.8999f,-0.0461f,0f,0.8999f,0.4361f,1.2566f,1.0001f,0f,0f,0f,0f,0f,0f,1f],start_interpolation: 0,interpolation_duration: 1}
$data merge entity $(bone_r_1) {transformation: [0f,0.3271f,-0.8999f,0.2293f,0f,0.6749f,0.4361f,1.2552f,0.7501f,0f,0f,-0.1219f,0f,0f,0f,1f],start_interpolation: 0,interpolation_duration: 1}
$data merge entity $(bone_eye_r) {transformation: [0f,0.4361f,-0.8999f,0.2264f,0f,0.8999f,0.4361f,1.2635f,1.0001f,0f,0f,-0.125f,0f,0f,0f,1f],start_interpolation: 0,interpolation_duration: 1}
$data merge entity $(bone_eyes_down) {transformation: [0f,0.4361f,-0.8999f,-0.0324f,0f,0.8999f,0.4361f,1.2848f,1.0001f,0f,0f,0f,0f,0f,0f,1f],start_interpolation: 0,interpolation_duration: 1}
$data merge entity $(bone_bone) {transformation: [0f,0.4361f,-0.8999f,-0.0461f,0f,0.8999f,0.4361f,1.2566f,1.0001f,0f,0f,0f,0f,0f,0f,1f],start_interpolation: 0,interpolation_duration: 1}
$data merge entity $(bone_l) {transformation: [-0.0757f,0.3221f,-0.8999f,0.2833f,-0.1563f,0.6647f,0.4361f,1.3488f,0.9849f,0.1302f,0f,0.125f,0f,0f,0f,1f],start_interpolation: 0,interpolation_duration: 1}
$data merge entity $(bone_r) {transformation: [0.0757f,0.3221f,-0.8999f,0.2833f,0.1563f,0.6647f,0.4361f,1.3488f,0.9849f,-0.1302f,0f,-0.125f,0f,0f,0f,1f],start_interpolation: 0,interpolation_duration: 1}
$data merge entity $(bone_sad) {transformation: [0f,0.2922f,-0.4499f,0.2039f,0f,0.6029f,0.2181f,1.1993f,3.0003f,0f,0f,0.1406f,0f,0f,0f,1f],start_interpolation: 0,interpolation_duration: 1}
$data merge entity $(bone_head) {transformation: [0f,0.4361f,-0.8999f,-0.0461f,0f,0.8999f,0.4361f,1.2566f,1.0001f,0f,0f,0f,0f,0f,0f,1f],start_interpolation: 0,interpolation_duration: 1}
$data merge entity $(bone_6) {transformation: [-0.0199f,0.8334f,-0.5505f,-0.2142f,-0.1788f,0.5394f,0.8228f,0.2871f,0.9827f,0.115f,0.1385f,-0.2f,0f,0f,0f,1f],start_interpolation: 0,interpolation_duration: 1}
$data merge entity $(bone_12) {transformation: [-0.0199f,0.0706f,-0.9963f,-0.2357f,-0.1788f,0.9811f,0.073f,0.5854f,0.9827f,0.1799f,-0.0069f,-0.1462f,0f,0f,0f,1f],start_interpolation: 0,interpolation_duration: 1}
$data merge entity $(bone_10) {transformation: [0f,0.0765f,-0.9961f,-0.1814f,0f,0.9971f,0.0765f,0.9891f,0.999f,0f,0f,0f,0f,0f,0f,1f],start_interpolation: 0,interpolation_duration: 1}
$data merge entity $(bone_9) {transformation: [0f,0.4583f,-0.8888f,-0.0243f,0f,0.8888f,0.4583f,1.2597f,1f,0f,0f,0f,0f,0f,0f,1f],start_interpolation: 0,interpolation_duration: 1}
$data merge entity $(item_display_item_display) {transformation: [-0.6834f,0.6794f,-0.2236f,-1.2532f,-0.0084f,0.3007f,0.9428f,0.3791f,0.714f,0.6524f,-0.2025f,1.8886f,0f,0f,0f,1f],start_interpolation: 0,interpolation_duration: 1}
$data merge entity $(bone_2) {transformation: [0.1858f,-0.8391f,0.49f,-0.0665f,-0.1585f,0.4669f,0.858f,0.9753f,-0.9574f,-0.2401f,-0.047f,0.427f,0f,0f,0f,1f],start_interpolation: 0,interpolation_duration: 1}
$data merge entity $(bone_1) {transformation: [0.186f,-0.545f,0.8044f,-0.2445f,-0.1587f,0.7918f,0.5721f,1.2454f,-0.9583f,-0.2369f,0.0614f,0.3477f,0f,0f,0f,1f],start_interpolation: 0,interpolation_duration: 1}
$data merge entity $(bone_4) {transformation: [-0.1323f,-0.2867f,-0.941f,-0.157f,-0.3012f,0.9167f,-0.2475f,0.9714f,0.9324f,0.2521f,-0.209f,-0.4588f,0f,0f,0f,1f],start_interpolation: 0,interpolation_duration: 1}
$data merge entity $(bone_3) {transformation: [-0.1324f,0.3231f,-0.9292f,-0.052f,-0.3015f,0.8865f,0.3404f,1.2479f,0.9334f,0.3269f,-0.0203f,-0.3563f,0f,0f,0f,1f],start_interpolation: 0,interpolation_duration: 1}
$data merge entity $(bone_8) {transformation: [-0.0191f,0.0637f,-0.9976f,0.0386f,0.0316f,0.9966f,0.0638f,0.4049f,0.9983f,-0.0303f,-0.0211f,0.1417f,0f,0f,0f,1f],start_interpolation: 0,interpolation_duration: 1}
$data merge entity $(bone_7) {transformation: [-0.0191f,-0.708f,-0.7057f,-0.2089f,0.0316f,0.705f,-0.7073f,0.5843f,0.9983f,-0.0359f,0.0088f,0.1313f,0f,0f,0f,1f],start_interpolation: 0,interpolation_duration: 1}