# This file was generated by Animated Java via MC-Build. It is not recommended to edit this file directly.
$data merge entity $(bone_layer) {transformation: [0f,0.5378f,-0.8442f,0.0474f,0f,0.8442f,0.5378f,1.2205f,1.0011f,0f,0f,0f,0f,0f,0f,1f],start_interpolation: 0,interpolation_duration: 1}
$data merge entity $(bone_l_1) {transformation: [0f,0.403f,-0.8434f,0.3207f,0f,0.6325f,0.5373f,1.1872f,0.7501f,0f,0f,0.1219f,0f,0f,0f,1f],start_interpolation: 0,interpolation_duration: 1}
$data merge entity $(bone_eye_l) {transformation: [0f,0.5373f,-0.8434f,0.0474f,0f,0.8434f,0.5373f,1.2205f,1.0001f,0f,0f,0f,0f,0f,0f,1f],start_interpolation: 0,interpolation_duration: 1}
$data merge entity $(bone_r_1) {transformation: [0f,0.403f,-0.8434f,0.3207f,0f,0.6325f,0.5373f,1.1872f,0.7501f,0f,0f,-0.1219f,0f,0f,0f,1f],start_interpolation: 0,interpolation_duration: 1}
$data merge entity $(bone_eye_r) {transformation: [0f,0.5373f,-0.8434f,0.3188f,0f,0.8434f,0.5373f,1.1958f,1.0001f,0f,0f,-0.125f,0f,0f,0f,1f],start_interpolation: 0,interpolation_duration: 1}
$data merge entity $(bone_eyes_down) {transformation: [0f,0.5373f,-0.8434f,0.0641f,0f,0.8434f,0.5373f,1.2468f,1.0001f,0f,0f,0f,0f,0f,0f,1f],start_interpolation: 0,interpolation_duration: 1}
$data merge entity $(bone_bone) {transformation: [0f,0.5373f,-0.8434f,0.0474f,0f,0.8434f,0.5373f,1.2205f,1.0001f,0f,0f,0f,0f,0f,0f,1f],start_interpolation: 0,interpolation_duration: 1}
$data merge entity $(bone_l) {transformation: [-0.0933f,0.3969f,-0.8434f,0.3852f,-0.1465f,0.6229f,0.5373f,1.2739f,0.9849f,0.1302f,0f,0.125f,0f,0f,0f,1f],start_interpolation: 0,interpolation_duration: 1}
$data merge entity $(bone_r) {transformation: [0.0933f,0.3969f,-0.8434f,0.3852f,0.1465f,0.6229f,0.5373f,1.2739f,0.9849f,-0.1302f,0f,-0.125f,0f,0f,0f,1f],start_interpolation: 0,interpolation_duration: 1}
$data merge entity $(bone_sad) {transformation: [0f,0.36f,-0.4217f,0.2891f,0f,0.5651f,0.2686f,1.1347f,3.0003f,0f,0f,0.1406f,0f,0f,0f,1f],start_interpolation: 0,interpolation_duration: 1}
$data merge entity $(bone_head) {transformation: [0f,0.5373f,-0.8434f,0.0474f,0f,0.8434f,0.5373f,1.2205f,1.0001f,0f,0f,0f,0f,0f,0f,1f],start_interpolation: 0,interpolation_duration: 1}
$data merge entity $(bone_6) {transformation: [-0.0213f,0.841f,-0.5387f,-0.1669f,-0.1735f,0.5281f,0.8312f,0.2722f,0.9836f,0.1114f,0.1349f,-0.1987f,0f,0f,0f,1f],start_interpolation: 0,interpolation_duration: 1}
$data merge entity $(bone_12) {transformation: [-0.0213f,0.0569f,-0.9972f,-0.1943f,-0.1735f,0.983f,0.0597f,0.5688f,0.9836f,0.1746f,-0.0111f,-0.147f,0f,0f,0f,1f],start_interpolation: 0,interpolation_duration: 1}
$data merge entity $(bone_10) {transformation: [0f,0.1674f,-0.9849f,-0.1117f,0f,0.9859f,0.1672f,0.9674f,0.999f,0f,0f,0f,0f,0f,0f,1f],start_interpolation: 0,interpolation_duration: 1}
$data merge entity $(bone_9) {transformation: [0f,0.5319f,-0.8468f,0.0677f,0f,0.8468f,0.5319f,1.2238f,1f,0f,0f,0f,0f,0f,0f,1f],start_interpolation: 0,interpolation_duration: 1}
$data merge entity $(item_display_item_display) {transformation: [0f,0f,0f,-1.1456f,0f,0f,0f,0.2481f,0f,0f,0f,1.863f,0f,0f,0f,1f],start_interpolation: 0,interpolation_duration: 1}
$data merge entity $(bone_2) {transformation: [0.1633f,-0.8471f,0.4841f,0.0022f,-0.0938f,0.4759f,0.8626f,0.9474f,-0.9699f,-0.1887f,-0.0019f,0.416f,0f,0f,0f,1f],start_interpolation: 0,interpolation_duration: 1}
$data merge entity $(bone_1) {transformation: [0.1635f,-0.5476f,0.8075f,-0.1764f,-0.0939f,0.807f,0.5652f,1.2221f,-0.9709f,-0.1703f,0.0813f,0.3594f,0f,0f,0f,1f],start_interpolation: 0,interpolation_duration: 1}
$data merge entity $(bone_4) {transformation: [-0.1393f,-0.2876f,-0.9397f,-0.0797f,-0.3055f,0.9159f,-0.2455f,0.9371f,0.93f,0.2544f,-0.2171f,-0.4565f,0f,0f,0f,1f],start_interpolation: 0,interpolation_duration: 1}
$data merge entity $(bone_3) {transformation: [-0.1394f,0.3195f,-0.9293f,0.0246f,-0.3058f,0.8854f,0.3395f,1.2132f,0.9309f,0.3334f,-0.0261f,-0.3518f,0f,0f,0f,1f],start_interpolation: 0,interpolation_duration: 1}
$data merge entity $(bone_8) {transformation: [-0.0189f,0.101f,-0.9945f,0.0805f,0.0159f,0.9939f,0.1013f,0.3785f,0.9987f,-0.0139f,-0.0204f,0.1388f,0f,0f,0f,1f],start_interpolation: 0,interpolation_duration: 1}
$data merge entity $(bone_7) {transformation: [-0.0189f,-0.6913f,-0.7221f,-0.1625f,0.0159f,0.722f,-0.6905f,0.5628f,0.9987f,-0.0245f,-0.0027f,0.1313f,0f,0f,0f,1f],start_interpolation: 0,interpolation_duration: 1}