# This file was generated by Animated Java via MC-Build. It is not recommended to edit this file directly.
$data merge entity $(bone_layer) {transformation: [0f,0.556f,-0.8324f,0.0696f,0f,0.8324f,0.556f,1.217f,1.0011f,0f,0f,0f,0f,0f,0f,1f],start_interpolation: 0,interpolation_duration: 1}
$data merge entity $(bone_l_1) {transformation: [0f,0.4166f,-0.8316f,0.3421f,0f,0.6237f,0.5554f,1.1777f,0.7501f,0f,0f,0.1219f,0f,0f,0f,1f],start_interpolation: 0,interpolation_duration: 1}
$data merge entity $(bone_eye_l) {transformation: [0f,0.5554f,-0.8316f,0.0696f,0f,0.8316f,0.5554f,1.217f,1.0001f,0f,0f,0f,0f,0f,0f,1f],start_interpolation: 0,interpolation_duration: 1}
$data merge entity $(bone_r_1) {transformation: [0f,0.4166f,-0.8316f,0.3421f,0f,0.6237f,0.5554f,1.1777f,0.7501f,0f,0f,-0.1219f,0f,0f,0f,1f],start_interpolation: 0,interpolation_duration: 1}
$data merge entity $(bone_eye_r) {transformation: [0f,0.5554f,-0.8316f,0.3404f,0f,0.8316f,0.5554f,1.1864f,1.0001f,0f,0f,-0.125f,0f,0f,0f,1f],start_interpolation: 0,interpolation_duration: 1}
$data merge entity $(bone_eyes_down) {transformation: [0f,0.5554f,-0.8316f,0.0869f,0f,0.8316f,0.5554f,1.243f,1.0001f,0f,0f,0f,0f,0f,0f,1f],start_interpolation: 0,interpolation_duration: 1}
$data merge entity $(bone_bone) {transformation: [0f,0.5554f,-0.8316f,0.0696f,0f,0.8316f,0.5554f,1.217f,1.0001f,0f,0f,0f,0f,0f,0f,1f],start_interpolation: 0,interpolation_duration: 1}
$data merge entity $(bone_l) {transformation: [-0.0964f,0.4102f,-0.8316f,0.4085f,-0.1444f,0.6142f,0.5554f,1.263f,0.9849f,0.1302f,0f,0.125f,0f,0f,0f,1f],start_interpolation: 0,interpolation_duration: 1}
$data merge entity $(bone_r) {transformation: [0.0964f,0.4102f,-0.8316f,0.4085f,0.1444f,0.6142f,0.5554f,1.263f,0.9849f,-0.1302f,0f,-0.125f,0f,0f,0f,1f],start_interpolation: 0,interpolation_duration: 1}
$data merge entity $(bone_sad) {transformation: [0f,0.3721f,-0.4158f,0.3096f,0f,0.5571f,0.2777f,1.1262f,3.0003f,0f,0f,0.1406f,0f,0f,0f,1f],start_interpolation: 0,interpolation_duration: 1}
$data merge entity $(bone_head) {transformation: [0f,0.5554f,-0.8316f,0.0696f,0f,0.8316f,0.5554f,1.217f,1.0001f,0f,0f,0f,0f,0f,0f,1f],start_interpolation: 0,interpolation_duration: 1}
$data merge entity $(bone_6) {transformation: [-0.0174f,0.836f,-0.5466f,-0.1387f,-0.1739f,0.5364f,0.8258f,0.2738f,0.9836f,0.1096f,0.1363f,-0.1985f,0f,0f,0f,1f],start_interpolation: 0,interpolation_duration: 1}
$data merge entity $(bone_12) {transformation: [-0.0174f,0.0199f,-0.9987f,-0.1792f,-0.1739f,0.9845f,0.0226f,0.5676f,0.9836f,0.1744f,-0.0137f,-0.1473f,0f,0f,0f,1f],start_interpolation: 0,interpolation_duration: 1}
$data merge entity $(bone_10) {transformation: [0f,0.1952f,-0.9798f,-0.0934f,0f,0.9808f,0.195f,0.9672f,0.999f,0f,0f,0.0003f,0f,0f,0f,1f],start_interpolation: 0,interpolation_duration: 1}
$data merge entity $(bone_9) {transformation: [0f,0.544f,-0.8391f,0.0897f,0f,0.8391f,0.544f,1.2209f,1f,0f,0f,0.0003f,0f,0f,0f,1f],start_interpolation: 0,interpolation_duration: 1}
$data merge entity $(item_display_item_display) {transformation: [0f,0f,0f,-1.0855f,0f,0f,0f,0.1379f,0f,0f,0f,1.8313f,0f,0f,0f,1f],start_interpolation: -1,interpolation_duration: 0}
$data merge entity $(bone_2) {transformation: [0.156f,-0.8673f,0.4496f,0.0174f,-0.0425f,0.4498f,0.8805f,0.9484f,-0.9747f,-0.1584f,0.0336f,0.4076f,0f,0f,0f,1f],start_interpolation: 0,interpolation_duration: 1}
$data merge entity $(bone_1) {transformation: [0.1562f,-0.5739f,0.7906f,-0.1696f,-0.0426f,0.7967f,0.5856f,1.2192f,-0.9757f,-0.1266f,0.101f,0.3659f,0f,0f,0f,1f],start_interpolation: 0,interpolation_duration: 1}
$data merge entity $(bone_4) {transformation: [-0.1339f,-0.3137f,-0.9317f,-0.0609f,-0.3092f,0.9077f,-0.2715f,0.9337f,0.9295f,0.2534f,-0.2203f,-0.4537f,0f,0f,0f,1f],start_interpolation: 0,interpolation_duration: 1}
$data merge entity $(bone_3) {transformation: [-0.1341f,0.2916f,-0.9389f,0.0351f,-0.3095f,0.8946f,0.3117f,1.2128f,0.9304f,0.3345f,-0.0301f,-0.3487f,0f,0f,0f,1f],start_interpolation: 0,interpolation_duration: 1}
$data merge entity $(bone_8) {transformation: [-0.0194f,0.1013f,-0.9945f,0.0998f,0.0074f,0.9939f,0.1018f,0.3802f,0.9988f,-0.0054f,-0.02f,0.1373f,0f,0f,0f,1f],start_interpolation: 0,interpolation_duration: 1}
$data merge entity $(bone_7) {transformation: [-0.0194f,-0.701f,-0.7127f,-0.1454f,0.0074f,0.7127f,-0.7002f,0.5601f,0.9988f,-0.0189f,-0.0086f,0.1313f,0f,0f,0f,1f],start_interpolation: 0,interpolation_duration: 1}