# This file was generated by Animated Java via MC-Build. It is not recommended to edit this file directly.
$data merge entity $(bone_layer) {transformation: [0f,0.544f,-0.8403f,0.0759f,0f,0.8403f,0.544f,1.2108f,1.0011f,0f,0f,0f,0f,0f,0f,1f],start_interpolation: 0,interpolation_duration: 1}
$data merge entity $(bone_l_1) {transformation: [0f,0.4076f,-0.8394f,0.349f,0f,0.6296f,0.5435f,1.1755f,0.7501f,0f,0f,0.1219f,0f,0f,0f,1f],start_interpolation: 0,interpolation_duration: 1}
$data merge entity $(bone_eye_l) {transformation: [0f,0.5435f,-0.8394f,0.0759f,0f,0.8394f,0.5435f,1.2108f,1.0001f,0f,0f,0f,0f,0f,0f,1f],start_interpolation: 0,interpolation_duration: 1}
$data merge entity $(bone_r_1) {transformation: [0f,0.4076f,-0.8394f,0.349f,0f,0.6296f,0.5435f,1.1755f,0.7501f,0f,0f,-0.1219f,0f,0f,0f,1f],start_interpolation: 0,interpolation_duration: 1}
$data merge entity $(bone_eye_r) {transformation: [0f,0.5435f,-0.8394f,0.3472f,0f,0.8394f,0.5435f,1.1841f,1.0001f,0f,0f,-0.125f,0f,0f,0f,1f],start_interpolation: 0,interpolation_duration: 1}
$data merge entity $(bone_eyes_down) {transformation: [0f,0.5435f,-0.8394f,0.0929f,0f,0.8394f,0.5435f,1.2371f,1.0001f,0f,0f,0f,0f,0f,0f,1f],start_interpolation: 0,interpolation_duration: 1}
$data merge entity $(bone_bone) {transformation: [0f,0.5435f,-0.8394f,0.0759f,0f,0.8394f,0.5435f,1.2108f,1.0001f,0f,0f,0f,0f,0f,0f,1f],start_interpolation: 0,interpolation_duration: 1}
$data merge entity $(bone_l) {transformation: [-0.0944f,0.4014f,-0.8394f,0.4142f,-0.1458f,0.62f,0.5435f,1.2617f,0.9849f,0.1302f,0f,0.125f,0f,0f,0f,1f],start_interpolation: 0,interpolation_duration: 1}
$data merge entity $(bone_r) {transformation: [0.0944f,0.4014f,-0.8394f,0.4142f,0.1458f,0.62f,0.5435f,1.2617f,0.9849f,-0.1302f,0f,-0.125f,0f,0f,0f,1f],start_interpolation: 0,interpolation_duration: 1}
$data merge entity $(bone_sad) {transformation: [0f,0.3641f,-0.4197f,0.3173f,0f,0.5624f,0.2717f,1.1237f,3.0003f,0f,0f,0.1406f,0f,0f,0f,1f],start_interpolation: 0,interpolation_duration: 1}
$data merge entity $(bone_head) {transformation: [0f,0.5435f,-0.8394f,0.0759f,0f,0.8394f,0.5435f,1.2108f,1.0001f,0f,0f,0f,0f,0f,0f,1f],start_interpolation: 0,interpolation_duration: 1}
$data merge entity $(bone_6) {transformation: [-0.0184f,0.849f,-0.5262f,-0.1308f,-0.1789f,0.5155f,0.838f,0.2668f,0.9827f,0.1097f,0.1427f,-0.1996f,0f,0f,0f,1f],start_interpolation: 0,interpolation_duration: 1}
$data merge entity $(bone_12) {transformation: [-0.0184f,0.0164f,-0.9987f,-0.1741f,-0.1789f,0.9836f,0.0194f,0.5585f,0.9827f,0.1794f,-0.0152f,-0.1473f,0f,0f,0f,1f],start_interpolation: 0,interpolation_duration: 1}
$data merge entity $(bone_10) {transformation: [0f,0.2092f,-0.9769f,-0.0865f,0f,0.9779f,0.209f,0.9611f,0.999f,0f,0f,0.0008f,0f,0f,0f,1f],start_interpolation: 0,interpolation_duration: 1}
$data merge entity $(bone_9) {transformation: [0f,0.5457f,-0.838f,0.0972f,0f,0.838f,0.5457f,1.2145f,1f,0f,0f,0.0008f,0f,0f,0f,1f],start_interpolation: 0,interpolation_duration: 1}
$data merge entity $(item_display_item_display) {transformation: [0f,0f,0f,-1.0719f,0f,0f,0f,0.0796f,0f,0f,0f,1.8044f,0f,0f,0f,1f],start_interpolation: 0,interpolation_duration: 1}
$data merge entity $(bone_2) {transformation: [0.1563f,-0.8738f,0.4368f,0.0186f,-0.0152f,0.4411f,0.8858f,0.9424f,-0.9755f,-0.1469f,0.0562f,0.402f,0f,0f,0f,1f],start_interpolation: 0,interpolation_duration: 1}
$data merge entity $(bone_1) {transformation: [0.1564f,-0.5786f,0.7872f,-0.1696f,-0.0152f,0.7964f,0.5872f,1.2126f,-0.9764f,-0.1051f,0.117f,0.3676f,0f,0f,0f,1f],start_interpolation: 0,interpolation_duration: 1}
$data merge entity $(bone_4) {transformation: [-0.1304f,-0.3068f,-0.9345f,-0.0633f,-0.3087f,0.9096f,-0.2657f,0.932f,0.9302f,0.2555f,-0.2151f,-0.4519f,0f,0f,0f,1f],start_interpolation: 0,interpolation_duration: 1}
$data merge entity $(bone_3) {transformation: [-0.1306f,0.2968f,-0.9377f,0.0347f,-0.309f,0.8935f,0.3155f,1.2107f,0.9311f,0.333f,-0.0254f,-0.3473f,0f,0f,0f,1f],start_interpolation: 0,interpolation_duration: 1}
$data merge entity $(bone_8) {transformation: [-0.0186f,0.1226f,-0.9921f,0.1025f,0.0073f,0.9915f,0.1231f,0.3709f,0.9988f,-0.005f,-0.0194f,0.1371f,0f,0f,0f,1f],start_interpolation: 0,interpolation_duration: 1}
$data merge entity $(bone_7) {transformation: [-0.0186f,-0.6956f,-0.718f,-0.1412f,0.0073f,0.718f,-0.6948f,0.5515f,0.9988f,-0.0182f,-0.0083f,0.1313f,0f,0f,0f,1f],start_interpolation: 0,interpolation_duration: 1}