# This file was generated by Animated Java via MC-Build. It is not recommended to edit this file directly.
$data merge entity $(bone_layer) {transformation: [0f,0.5227f,-0.8537f,0.0712f,0f,0.8537f,0.5227f,1.2025f,1.0011f,0f,0f,0f,0f,0f,0f,1f],start_interpolation: 0,interpolation_duration: 1}
$data merge entity $(bone_l_1) {transformation: [0f,0.3917f,-0.8528f,0.3451f,0f,0.6396f,0.5222f,1.1741f,0.7501f,0f,0f,0.1219f,0f,0f,0f,1f],start_interpolation: 0,interpolation_duration: 1}
$data merge entity $(bone_eye_l) {transformation: [0f,0.5222f,-0.8528f,0.0712f,0f,0.8528f,0.5222f,1.2025f,1.0001f,0f,0f,0f,0f,0f,0f,1f],start_interpolation: 0,interpolation_duration: 1}
$data merge entity $(bone_r_1) {transformation: [0f,0.3917f,-0.8528f,0.3451f,0f,0.6396f,0.5222f,1.1741f,0.7501f,0f,0f,-0.1219f,0f,0f,0f,1f],start_interpolation: 0,interpolation_duration: 1}
$data merge entity $(bone_eye_r) {transformation: [0f,0.5222f,-0.8528f,0.343f,0f,0.8528f,0.5222f,1.1826f,1.0001f,0f,0f,-0.125f,0f,0f,0f,1f],start_interpolation: 0,interpolation_duration: 1}
$data merge entity $(bone_eyes_down) {transformation: [0f,0.5222f,-0.8528f,0.0875f,0f,0.8528f,0.5222f,1.2292f,1.0001f,0f,0f,0f,0f,0f,0f,1f],start_interpolation: 0,interpolation_duration: 1}
$data merge entity $(bone_bone) {transformation: [0f,0.5222f,-0.8528f,0.0712f,0f,0.8528f,0.5222f,1.2025f,1.0001f,0f,0f,0f,0f,0f,0f,1f],start_interpolation: 0,interpolation_duration: 1}
$data merge entity $(bone_l) {transformation: [-0.0907f,0.3857f,-0.8528f,0.4081f,-0.1481f,0.6299f,0.5222f,1.2619f,0.9849f,0.1302f,0f,0.125f,0f,0f,0f,1f],start_interpolation: 0,interpolation_duration: 1}
$data merge entity $(bone_r) {transformation: [0.0907f,0.3857f,-0.8528f,0.4081f,0.1481f,0.6299f,0.5222f,1.2619f,0.9849f,-0.1302f,0f,-0.125f,0f,0f,0f,1f],start_interpolation: 0,interpolation_duration: 1}
$data merge entity $(bone_sad) {transformation: [0f,0.3499f,-0.4264f,0.3148f,0f,0.5714f,0.2611f,1.1216f,3.0003f,0f,0f,0.1406f,0f,0f,0f,1f],start_interpolation: 0,interpolation_duration: 1}
$data merge entity $(bone_head) {transformation: [0f,0.5222f,-0.8528f,0.0712f,0f,0.8528f,0.5222f,1.2025f,1.0001f,0f,0f,0f,0f,0f,0f,1f],start_interpolation: 0,interpolation_duration: 1}
$data merge entity $(bone_6) {transformation: [-0.0214f,0.8707f,-0.4893f,-0.1347f,-0.1837f,0.4782f,0.8588f,0.255f,0.9817f,0.1085f,0.15f,-0.2006f,0f,0f,0f,1f],start_interpolation: 0,interpolation_duration: 1}
$data merge entity $(bone_12) {transformation: [-0.0214f,0.0314f,-0.9983f,-0.1754f,-0.1837f,0.9823f,0.0348f,0.5453f,0.9817f,0.1845f,-0.0153f,-0.1472f,0f,0f,0f,1f],start_interpolation: 0,interpolation_duration: 1}
$data merge entity $(bone_10) {transformation: [0f,0.2095f,-0.9768f,-0.0886f,0f,0.9778f,0.2093f,0.9513f,0.999f,0f,0f,0.0011f,0f,0f,0f,1f],start_interpolation: 0,interpolation_duration: 1}
$data merge entity $(bone_9) {transformation: [0f,0.5416f,-0.8406f,0.0937f,0f,0.8406f,0.5416f,1.2056f,1f,0f,0f,0.0011f,0f,0f,0f,1f],start_interpolation: 0,interpolation_duration: 1}
$data merge entity $(item_display_item_display) {transformation: [0f,0f,0f,-1.0809f,0f,0f,0f,0.058f,0f,0f,0f,1.7915f,0f,0f,0f,1f],start_interpolation: 0,interpolation_duration: 1}
$data merge entity $(bone_2) {transformation: [0.1548f,-0.8721f,0.4407f,0.0113f,-0.0054f,0.4464f,0.8832f,0.9311f,-0.9758f,-0.1408f,0.0651f,0.3969f,0f,0f,0f,1f],start_interpolation: 0,interpolation_duration: 1}
$data merge entity $(bone_1) {transformation: [0.155f,-0.5682f,0.795f,-0.1729f,-0.0054f,0.8052f,0.5754f,1.2036f,-0.9768f,-0.0946f,0.123f,0.3661f,0f,0f,0f,1f],start_interpolation: 0,interpolation_duration: 1}
$data merge entity $(bone_4) {transformation: [-0.1272f,-0.2822f,-0.9428f,-0.0785f,-0.3043f,0.917f,-0.2437f,0.9307f,0.932f,0.2576f,-0.2042f,-0.4504f,0f,0f,0f,1f],start_interpolation: 0,interpolation_duration: 1}
$data merge entity $(bone_3) {transformation: [-0.1273f,0.3196f,-0.9308f,0.027f,-0.3046f,0.8874f,0.3358f,1.2073f,0.9329f,0.3284f,-0.016f,-0.3473f,0f,0f,0f,1f],start_interpolation: 0,interpolation_duration: 1}
$data merge entity $(bone_8) {transformation: [-0.0177f,0.1504f,-0.9883f,0.0954f,0.0114f,0.9876f,0.1509f,0.3574f,0.9988f,-0.0086f,-0.0192f,0.1376f,0f,0f,0f,1f],start_interpolation: 0,interpolation_duration: 1}
$data merge entity $(bone_7) {transformation: [-0.0177f,-0.6853f,-0.7278f,-0.1455f,0.0114f,0.7277f,-0.6845f,0.5404f,0.9988f,-0.0204f,-0.0051f,0.1313f,0f,0f,0f,1f],start_interpolation: 0,interpolation_duration: 1}