# This file was generated by Animated Java via MC-Build. It is not recommended to edit this file directly.
$data merge entity $(bone_layer) {transformation: [0f,0.5135f,-0.8593f,0.0601f,0f,0.8593f,0.5135f,1.1926f,1.0011f,0f,0f,0f,0f,0f,0f,1f],start_interpolation: 0,interpolation_duration: 1}
$data merge entity $(bone_l_1) {transformation: [0f,0.3847f,-0.8584f,0.3343f,0f,0.6438f,0.5129f,1.1671f,0.7501f,0f,0f,0.1219f,0f,0f,0f,1f],start_interpolation: 0,interpolation_duration: 1}
$data merge entity $(bone_eye_l) {transformation: [0f,0.5129f,-0.8584f,0.0601f,0f,0.8584f,0.5129f,1.1926f,1.0001f,0f,0f,0f,0f,0f,0f,1f],start_interpolation: 0,interpolation_duration: 1}
$data merge entity $(bone_r_1) {transformation: [0f,0.3847f,-0.8584f,0.3343f,0f,0.6438f,0.5129f,1.1671f,0.7501f,0f,0f,-0.1219f,0f,0f,0f,1f],start_interpolation: 0,interpolation_duration: 1}
$data merge entity $(bone_eye_r) {transformation: [0f,0.5129f,-0.8584f,0.3321f,0f,0.8584f,0.5129f,1.1756f,1.0001f,0f,0f,-0.125f,0f,0f,0f,1f],start_interpolation: 0,interpolation_duration: 1}
$data merge entity $(bone_eyes_down) {transformation: [0f,0.5129f,-0.8584f,0.0762f,0f,0.8584f,0.5129f,1.2194f,1.0001f,0f,0f,0f,0f,0f,0f,1f],start_interpolation: 0,interpolation_duration: 1}
$data merge entity $(bone_bone) {transformation: [0f,0.5129f,-0.8584f,0.0601f,0f,0.8584f,0.5129f,1.1926f,1.0001f,0f,0f,0f,0f,0f,0f,1f],start_interpolation: 0,interpolation_duration: 1}
$data merge entity $(bone_l) {transformation: [-0.0891f,0.3789f,-0.8584f,0.3963f,-0.1491f,0.634f,0.5129f,1.2556f,0.9849f,0.1302f,0f,0.125f,0f,0f,0f,1f],start_interpolation: 0,interpolation_duration: 1}
$data merge entity $(bone_r) {transformation: [0.0891f,0.3789f,-0.8584f,0.3963f,0.1491f,0.634f,0.5129f,1.2556f,0.9849f,-0.1302f,0f,-0.125f,0f,0f,0f,1f],start_interpolation: 0,interpolation_duration: 1}
$data merge entity $(bone_sad) {transformation: [0f,0.3437f,-0.4292f,0.3047f,0f,0.5751f,0.2565f,1.1145f,3.0003f,0f,0f,0.1406f,0f,0f,0f,1f],start_interpolation: 0,interpolation_duration: 1}
$data merge entity $(bone_head) {transformation: [0f,0.5129f,-0.8584f,0.0601f,0f,0.8584f,0.5129f,1.1926f,1.0001f,0f,0f,0f,0f,0f,0f,1f],start_interpolation: 0,interpolation_duration: 1}
$data merge entity $(bone_6) {transformation: [-0.0234f,0.8924f,-0.4484f,-0.1419f,-0.1835f,0.4376f,0.8802f,0.2427f,0.9817f,0.1031f,0.1538f,-0.2003f,0f,0f,0f,1f],start_interpolation: 0,interpolation_duration: 1}
$data merge entity $(bone_12) {transformation: [-0.0234f,0.0499f,-0.9975f,-0.179f,-0.1835f,0.9815f,0.0533f,0.532f,0.9817f,0.1846f,-0.0138f,-0.1471f,0f,0f,0f,1f],start_interpolation: 0,interpolation_duration: 1}
$data merge entity $(bone_10) {transformation: [0f,0.1962f,-0.9796f,-0.0976f,0f,0.9806f,0.196f,0.9397f,0.999f,0f,0f,0.001f,0f,0f,0f,1f],start_interpolation: 0,interpolation_duration: 1}
$data merge entity $(bone_9) {transformation: [0f,0.5361f,-0.8442f,0.0831f,0f,0.8442f,0.5361f,1.1951f,1f,0f,0f,0.001f,0f,0f,0f,1f],start_interpolation: 0,interpolation_duration: 1}
$data merge entity $(item_display_item_display) {transformation: [0f,0f,0f,-1.0873f,0f,0f,0f,0.0604f,0f,0f,0f,1.7986f,0f,0f,0f,1f],start_interpolation: 0,interpolation_duration: 1}
$data merge entity $(bone_2) {transformation: [0.1416f,-0.8662f,0.4564f,0.0009f,-0.0067f,0.4613f,0.8756f,0.9166f,-0.9778f,-0.1286f,0.0601f,0.3904f,0f,0f,0f,1f],start_interpolation: 0,interpolation_duration: 1}
$data merge entity $(bone_1) {transformation: [0.1418f,-0.5485f,0.8111f,-0.1763f,-0.0067f,0.8198f,0.5544f,1.1934f,-0.9788f,-0.0851f,0.1137f,0.3629f,0f,0f,0f,1f],start_interpolation: 0,interpolation_duration: 1}
$data merge entity $(bone_4) {transformation: [-0.1226f,-0.2554f,-0.9512f,-0.0981f,-0.2962f,0.9253f,-0.2206f,0.9284f,0.9352f,0.2564f,-0.1907f,-0.4488f,0f,0f,0f,1f],start_interpolation: 0,interpolation_duration: 1}
$data merge entity $(bone_3) {transformation: [-0.1227f,0.3442f,-0.9228f,0.0155f,-0.2965f,0.8815f,0.3574f,1.203f,0.9361f,0.3195f,-0.0064f,-0.3485f,0f,0f,0f,1f],start_interpolation: 0,interpolation_duration: 1}
$data merge entity $(bone_8) {transformation: [-0.0175f,0.1708f,-0.985f,0.0855f,0.0156f,0.9843f,0.1711f,0.3465f,0.9987f,-0.0124f,-0.0199f,0.1383f,0f,0f,0f,1f],start_interpolation: 0,interpolation_duration: 1}
$data merge entity $(bone_7) {transformation: [-0.0175f,-0.6804f,-0.7324f,-0.154f,0.0156f,0.7323f,-0.6796f,0.53f,0.9987f,-0.0233f,-0.0022f,0.1313f,0f,0f,0f,1f],start_interpolation: 0,interpolation_duration: 1}