# This file was generated by Animated Java via MC-Build. It is not recommended to edit this file directly.
$data merge entity $(bone_layer) {transformation: [0.4238f,-0.5132f,-0.7477f,-0.0589f,0.2535f,0.8594f,-0.4463f,1.7148f,0.8708f,-0.0004f,0.4938f,-0.5949f,0f,0f,0f,1f],start_interpolation: 0,interpolation_duration: 1}
$data merge entity $(bone_l_1) {transformation: [0.381f,-0.4615f,-0.7469f,0.0889f,0.228f,0.7727f,-0.4458f,1.985f,0.7829f,-0.0004f,0.4933f,-0.6306f,0f,0f,0f,1f],start_interpolation: 0,interpolation_duration: 1}
$data merge entity $(bone_eye_l) {transformation: [0.4234f,-0.5127f,-0.7469f,-0.0589f,0.2533f,0.8585f,-0.4458f,1.7148f,0.8699f,-0.0004f,0.4933f,-0.5949f,0f,0f,0f,1f],start_interpolation: 0,interpolation_duration: 1}
$data merge entity $(bone_r_1) {transformation: [0.381f,-0.4615f,-0.7469f,0.0022f,0.228f,0.7727f,-0.4458f,1.9331f,0.7829f,-0.0004f,0.4933f,-0.8032f,0f,0f,0f,1f],start_interpolation: 0,interpolation_duration: 1}
$data merge entity $(bone_eye_r) {transformation: [0.4234f,-0.5127f,-0.7469f,0.003f,0.2533f,0.8585f,-0.4458f,1.8972f,0.8699f,-0.0004f,0.4933f,-0.8219f,0f,0f,0f,1f],start_interpolation: 0,interpolation_duration: 1}
$data merge entity $(bone_eyes_down) {transformation: [0.4234f,-0.5127f,-0.7469f,-0.107f,0.2533f,0.8585f,-0.4458f,1.7953f,0.8699f,-0.0004f,0.4933f,-0.595f,0f,0f,0f,1f],start_interpolation: 0,interpolation_duration: 1}
$data merge entity $(bone_eyes_up) {transformation: [0.4234f,-0.5127f,-0.7469f,-0.1711f,0.2533f,0.8585f,-0.4458f,1.9026f,0.8699f,-0.0004f,0.4933f,-0.595f,0f,0f,0f,1f],start_interpolation: 0,interpolation_duration: 1}
$data merge entity $(bone_bone) {transformation: [0.4234f,-0.5127f,-0.7469f,-0.0589f,0.2533f,0.8585f,-0.4458f,1.7148f,0.8699f,-0.0004f,0.4933f,-0.5949f,0f,0f,0f,1f],start_interpolation: 0,interpolation_duration: 1}
$data merge entity $(bone_l) {transformation: [0.4006f,-0.398f,-0.7469f,0.0789f,0.2905f,0.635f,-0.4458f,2.0391f,0.8691f,-0.0288f,0.4933f,-0.6127f,0f,0f,0f,1f],start_interpolation: 0,interpolation_duration: 1}
$data merge entity $(bone_r) {transformation: [0.4453f,-0.3703f,-0.7469f,-0.027f,0.2156f,0.6516f,-0.4458f,1.9758f,0.8691f,0.0281f,0.4933f,-0.8302f,0f,0f,0f,1f],start_interpolation: 0,interpolation_duration: 1}
$data merge entity $(bone_sad) {transformation: [0.4234f,-0.5127f,-0.7469f,0.1405f,0.2533f,0.8585f,-0.4458f,1.9066f,0.8699f,-0.0004f,0.4933f,-0.658f,0f,0f,0f,1f],start_interpolation: 0,interpolation_duration: 1}
$data merge entity $(bone_head) {transformation: [0.4234f,-0.5127f,-0.7469f,-0.0589f,0.2533f,0.8585f,-0.4458f,1.7148f,0.8699f,-0.0004f,0.4933f,-0.5949f,0f,0f,0f,1f],start_interpolation: 0,interpolation_duration: 1}
$data merge entity $(bone_6) {transformation: [0.5195f,0.4825f,-0.7038f,0.0144f,0.1089f,0.7803f,0.6158f,0.7704f,0.8463f,-0.3966f,0.3528f,-0.4178f,0f,0f,0f,1f],start_interpolation: 0,interpolation_duration: 1}
$data merge entity $(bone_12) {transformation: [0.5195f,-0.1733f,-0.8355f,-0.0451f,0.1089f,0.9847f,-0.1362f,1.1089f,0.8463f,-0.0203f,0.5304f,-0.4247f,0f,0f,0f,1f],start_interpolation: 0,interpolation_duration: 1}
$data merge entity $(bone_10) {transformation: [0.5326f,-0.3521f,-0.7686f,-0.0745f,0.4088f,0.9032f,-0.1297f,1.4102f,0.7398f,-0.2456f,0.6249f,-0.4333f,0f,0f,0f,1f],start_interpolation: 0,interpolation_duration: 1}
$data merge entity $(bone_9) {transformation: [0.5331f,-0.0394f,-0.8451f,-0.0887f,0.4092f,0.8863f,0.2168f,1.7287f,0.7405f,-0.4614f,0.4886f,-0.5991f,0f,0f,0f,1f],start_interpolation: 0,interpolation_duration: 1}
$data merge entity $(item_display_item_display) {transformation: [0.806f,-0.529f,-0.2245f,0.3005f,0.2151f,-0.0818f,0.961f,1.7442f,-0.5325f,-0.832f,0.0483f,-0.7096f,0f,0f,0f,1f],start_interpolation: 0,interpolation_duration: 1}
$data merge entity $(bone_2) {transformation: [0.2245f,-0.5739f,-0.7747f,0.2789f,-0.961f,-0.1736f,-0.151f,1.7169f,-0.0483f,0.7869f,-0.5971f,-0.2652f,0f,0f,0f,1f],start_interpolation: 0,interpolation_duration: 1}
$data merge entity $(bone_1) {transformation: [0.2248f,-0.9634f,0.037f,-0.052f,-0.9619f,-0.2226f,0.0582f,1.6407f,-0.0483f,-0.0492f,-0.9866f,-0.2883f,0f,0f,0f,1f],start_interpolation: 0,interpolation_duration: 1}
$data merge entity $(bone_4) {transformation: [0.4596f,-0.5257f,-0.7004f,-0.3909f,-0.3745f,0.6068f,-0.7004f,1.247f,0.7932f,0.584f,0.0829f,-0.8023f,0f,0f,0f,1f],start_interpolation: 0,interpolation_duration: 1}
$data merge entity $(bone_3) {transformation: [0.4601f,0.3983f,-0.7799f,-0.2665f,-0.3749f,0.8958f,0.2375f,1.5269f,0.794f,0.182f,0.561f,-0.7454f,0f,0f,0f,1f],start_interpolation: 0,interpolation_duration: 1}
$data merge entity $(bone_8) {transformation: [0.3234f,-0.4604f,-0.8261f,0.3113f,0.624f,0.7595f,-0.1799f,1.2981f,0.71f,-0.4576f,0.5339f,-0.4347f,0f,0f,0f,1f],start_interpolation: 0,interpolation_duration: 1}
$data merge entity $(bone_7) {transformation: [0.3234f,-0.5302f,0.7831f,0.1291f,0.624f,-0.5027f,-0.5971f,1.1253f,0.71f,0.6828f,0.1681f,-0.2f,0f,0f,0f,1f],start_interpolation: 0,interpolation_duration: 1}
data modify entity @s data merge value {"cameras":{"camera1":{"px":2.501134259259259,"py":0.9180787037037037,"pz":2.0006018518518522,"ry":117.56185185185187,"rx":-18.76148148148148}},"locators":{}}