# This file was generated by Animated Java via MC-Build. It is not recommended to edit this file directly.
$data merge entity $(bone_layer) {transformation: [0f,0.5378f,-0.8442f,0.0474f,0f,0.8442f,0.5378f,1.1814f,1.0011f,0f,0f,0f,0f,0f,0f,1f],start_interpolation: 0,interpolation_duration: 1}
$data merge entity $(bone_l_1) {transformation: [0f,0.403f,-0.8434f,0.3207f,0f,0.6325f,0.5373f,1.1481f,0.7501f,0f,0f,0.1219f,0f,0f,0f,1f],start_interpolation: 0,interpolation_duration: 1}
$data merge entity $(bone_eye_l) {transformation: [0f,0.5373f,-0.8434f,0.0474f,0f,0.8434f,0.5373f,1.1814f,1.0001f,0f,0f,0f,0f,0f,0f,1f],start_interpolation: 0,interpolation_duration: 1}
$data merge entity $(bone_r_1) {transformation: [0f,0.403f,-0.8434f,0.3207f,0f,0.6325f,0.5373f,1.1481f,0.7501f,0f,0f,-0.1219f,0f,0f,0f,1f],start_interpolation: 0,interpolation_duration: 1}
$data merge entity $(bone_eye_r) {transformation: [0f,0.5373f,-0.8434f,0.3188f,0f,0.8434f,0.5373f,1.1567f,1.0001f,0f,0f,-0.125f,0f,0f,0f,1f],start_interpolation: 0,interpolation_duration: 1}
$data merge entity $(bone_eyes_down) {transformation: [0f,0.5373f,-0.8434f,0.0641f,0f,0.8434f,0.5373f,1.2078f,1.0001f,0f,0f,0f,0f,0f,0f,1f],start_interpolation: 0,interpolation_duration: 1}
$data merge entity $(bone_eyes_up) {transformation: [0f,0f,0f,0.1649f,0f,0f,0f,1.3659f,0f,0f,0f,0f,0f,0f,0f,1f],start_interpolation: 0,interpolation_duration: 1}
$data merge entity $(bone_bone) {transformation: [0f,0.5373f,-0.8434f,0.0474f,0f,0.8434f,0.5373f,1.1814f,1.0001f,0f,0f,0f,0f,0f,0f,1f],start_interpolation: 0,interpolation_duration: 1}
$data merge entity $(bone_l) {transformation: [-0.0933f,0.3969f,-0.8434f,0.3852f,-0.1465f,0.6229f,0.5373f,1.2348f,0.9849f,0.1302f,0f,0.125f,0f,0f,0f,1f],start_interpolation: 0,interpolation_duration: 1}
$data merge entity $(bone_r) {transformation: [0.0933f,0.3969f,-0.8434f,0.3852f,0.1465f,0.6229f,0.5373f,1.2348f,0.9849f,-0.1302f,0f,-0.125f,0f,0f,0f,1f],start_interpolation: 0,interpolation_duration: 1}
$data merge entity $(bone_sad) {transformation: [0f,0.36f,-0.4217f,0.2897f,0f,0.5651f,0.2686f,1.0966f,3.0003f,0f,0f,0.1406f,0f,0f,0f,1f],start_interpolation: 0,interpolation_duration: 1}
$data merge entity $(bone_head) {transformation: [0f,0.5373f,-0.8434f,0.0474f,0f,0.8434f,0.5373f,1.1814f,1.0001f,0f,0f,0f,0f,0f,0f,1f],start_interpolation: 0,interpolation_duration: 1}
$data merge entity $(bone_6) {transformation: [-0.0213f,0.9075f,-0.4171f,-0.1441f,-0.1735f,0.408f,0.8963f,0.2343f,0.9836f,0.0916f,0.149f,-0.1974f,0f,0f,0f,1f],start_interpolation: 0,interpolation_duration: 1}
$data merge entity $(bone_12) {transformation: [-0.0213f,0.0569f,-0.9972f,-0.181f,-0.1735f,0.983f,0.0597f,0.5228f,0.9836f,0.1746f,-0.0111f,-0.1474f,0f,0f,0f,1f],start_interpolation: 0,interpolation_duration: 1}
$data merge entity $(bone_10) {transformation: [0f,0.1691f,-0.9846f,-0.1111f,0f,0.9856f,0.1689f,0.9281f,0.999f,0f,0f,0f,0f,0f,0f,1f],start_interpolation: 0,interpolation_duration: 1}
$data merge entity $(bone_9) {transformation: [0f,0.5334f,-0.8459f,0.0688f,0f,0.8459f,0.5334f,1.1841f,1f,0f,0f,0f,0f,0f,0f,1f],start_interpolation: 0,interpolation_duration: 1}
$data merge entity $(item_display_item_display) {transformation: [0f,0f,0f,-1.0646f,0f,0f,0f,0.076f,0f,0f,0f,1.8314f,0f,0f,0f,1f],start_interpolation: 0,interpolation_duration: 1}
$data merge entity $(bone_2) {transformation: [0.1061f,-0.859f,0.4791f,-0.0078f,-0.0133f,0.4816f,0.8646f,0.9012f,-0.9822f,-0.0993f,0.04f,0.3814f,0f,0f,0f,1f],start_interpolation: 0,interpolation_duration: 1}
$data merge entity $(bone_1) {transformation: [0.1062f,-0.5241f,0.8323f,-0.1764f,-0.0134f,0.8372f,0.5277f,1.183f,-0.9832f,-0.068f,0.0827f,0.3594f,0f,0f,0f,1f],start_interpolation: 0,interpolation_duration: 1}
$data merge entity $(bone_4) {transformation: [-0.1156f,-0.2424f,-0.9555f,-0.1143f,-0.2844f,0.9309f,-0.2121f,0.9228f,0.9397f,0.2488f,-0.1781f,-0.4468f,0f,0f,0f,1f],start_interpolation: 0,interpolation_duration: 1}
$data merge entity $(bone_3) {transformation: [-0.1158f,0.3553f,-0.9195f,0.0031f,-0.2847f,0.882f,0.3657f,1.1974f,0.9406f,0.306f,-0.0013f,-0.3508f,0f,0f,0f,1f],start_interpolation: 0,interpolation_duration: 1}
$data merge entity $(bone_8) {transformation: [-0.0189f,0.1697f,-0.9852f,0.0795f,0.0159f,0.9845f,0.17f,0.345f,0.9987f,-0.0124f,-0.0214f,0.1387f,0f,0f,0f,1f],start_interpolation: 0,interpolation_duration: 1}
$data merge entity $(bone_7) {transformation: [-0.0189f,-0.6913f,-0.7221f,-0.1625f,0.0159f,0.722f,-0.6905f,0.5238f,0.9987f,-0.0245f,-0.0027f,0.1313f,0f,0f,0f,1f],start_interpolation: 0,interpolation_duration: 1}