# This file was generated by Animated Java via MC-Build. It is not recommended to edit this file directly.
$data merge entity $(bone_layer) {transformation: [0f,0.6256f,-0.7814f,0.0459f,0f,0.7814f,0.6256f,1.1568f,1.0011f,0f,0f,0f,0f,0f,0f,1f],start_interpolation: 0,interpolation_duration: 1}
$data merge entity $(bone_l_1) {transformation: [0f,0.4687f,-0.7806f,0.314f,0f,0.5855f,0.625f,1.0942f,0.7501f,0f,0f,0.1219f,0f,0f,0f,1f],start_interpolation: 0,interpolation_duration: 1}
$data merge entity $(bone_eye_l) {transformation: [0f,0.625f,-0.7806f,0.0459f,0f,0.7806f,0.625f,1.1568f,1.0001f,0f,0f,0f,0f,0f,0f,1f],start_interpolation: 0,interpolation_duration: 1}
$data merge entity $(bone_r_1) {transformation: [0f,0.4687f,-0.7806f,0.314f,0f,0.5855f,0.625f,1.0942f,0.7501f,0f,0f,-0.1219f,0f,0f,0f,1f],start_interpolation: 0,interpolation_duration: 1}
$data merge entity $(bone_eye_r) {transformation: [0f,0.625f,-0.7806f,0.313f,0f,0.7806f,0.625f,1.103f,1.0001f,0f,0f,-0.125f,0f,0f,0f,1f],start_interpolation: 0,interpolation_duration: 1}
$data merge entity $(bone_eyes_down) {transformation: [0f,0.625f,-0.7806f,0.0654f,0f,0.7806f,0.625f,1.1811f,1.0001f,0f,0f,0f,0f,0f,0f,1f],start_interpolation: 0,interpolation_duration: 1}
$data merge entity $(bone_bone) {transformation: [0f,0.625f,-0.7806f,0.0459f,0f,0.7806f,0.625f,1.1568f,1.0001f,0f,0f,0f,0f,0f,0f,1f],start_interpolation: 0,interpolation_duration: 1}
$data merge entity $(bone_l) {transformation: [-0.1085f,0.4616f,-0.7806f,0.3875f,-0.1356f,0.5766f,0.625f,1.1735f,0.9849f,0.1302f,0f,0.125f,0f,0f,0f,1f],start_interpolation: 0,interpolation_duration: 1}
$data merge entity $(bone_r) {transformation: [0.1085f,0.4616f,-0.7806f,0.3875f,0.1356f,0.5766f,0.625f,1.1735f,0.9849f,-0.1302f,0f,-0.125f,0f,0f,0f,1f],start_interpolation: 0,interpolation_duration: 1}
$data merge entity $(bone_sad) {transformation: [0f,0.4187f,-0.3903f,0.2778f,0f,0.523f,0.3125f,1.0465f,3.0003f,0f,0f,0.1406f,0f,0f,0f,1f],start_interpolation: 0,interpolation_duration: 1}
$data merge entity $(bone_head) {transformation: [0f,0.625f,-0.7806f,0.0459f,0f,0.7806f,0.625f,1.1568f,1.0001f,0f,0f,0f,0f,0f,0f,1f],start_interpolation: 0,interpolation_duration: 1}
$data merge entity $(bone_6) {transformation: [-0.0161f,0.9233f,-0.3812f,-0.1419f,-0.1481f,0.3753f,0.915f,0.2225f,0.9878f,0.0714f,0.1309f,-0.1907f,0f,0f,0f,1f],start_interpolation: 0,interpolation_duration: 1}
$data merge entity $(bone_12) {transformation: [-0.0161f,0.0684f,-0.9965f,-0.1774f,-0.1481f,0.9865f,0.07f,0.5109f,0.9878f,0.149f,-0.0058f,-0.148f,0f,0f,0f,1f],start_interpolation: 0,interpolation_duration: 1}
$data merge entity $(bone_10) {transformation: [0f,0.1343f,-0.99f,-0.1221f,0f,0.9909f,0.1341f,0.9069f,0.999f,0f,0f,-0.0024f,0f,0f,0f,1f],start_interpolation: 0,interpolation_duration: 1}
$data merge entity $(bone_9) {transformation: [0f,0.5484f,-0.8362f,0.0624f,0f,0.8362f,0.5484f,1.1596f,1f,0f,0f,-0.0024f,0f,0f,0f,1f],start_interpolation: 0,interpolation_duration: 1}
$data merge entity $(item_display_item_display) {transformation: [0f,0f,0f,-1.0088f,0f,0f,0f,0.1365f,0f,0f,0f,1.9054f,0f,0f,0f,1f],start_interpolation: 0,interpolation_duration: 1}
$data merge entity $(bone_2) {transformation: [0.0391f,-0.8345f,0.5297f,-0.0057f,-0.037f,0.5295f,0.8354f,0.8722f,-0.9866f,-0.0529f,-0.0103f,0.3715f,0f,0f,0f,1f],start_interpolation: 0,interpolation_duration: 1}
$data merge entity $(bone_1) {transformation: [0.0391f,-0.4706f,0.8693f,-0.1559f,-0.037f,0.8695f,0.4714f,1.1638f,-0.9875f,-0.0512f,0.0168f,0.3546f,0f,0f,0f,1f],start_interpolation: 0,interpolation_duration: 1}
$data merge entity $(bone_4) {transformation: [-0.1095f,-0.2298f,-0.9594f,-0.1183f,-0.2626f,0.9388f,-0.2053f,0.9057f,0.9467f,0.2308f,-0.1644f,-0.4442f,0f,0f,0f,1f],start_interpolation: 0,interpolation_duration: 1}
$data merge entity $(bone_3) {transformation: [-0.1096f,0.3658f,-0.9162f,0.0027f,-0.2629f,0.8853f,0.3739f,1.1813f,0.9477f,0.2834f,-0.0012f,-0.3552f,0f,0f,0f,1f],start_interpolation: 0,interpolation_duration: 1}
$data merge entity $(bone_8) {transformation: [-0.0225f,0.1556f,-0.9874f,0.0787f,0.0116f,0.9868f,0.1559f,0.3448f,0.9987f,-0.008f,-0.0241f,0.1388f,0f,0f,0f,1f],start_interpolation: 0,interpolation_duration: 1}
$data merge entity $(bone_7) {transformation: [-0.0225f,-0.7113f,-0.7023f,-0.168f,0.0116f,0.7022f,-0.7106f,0.5155f,0.9987f,-0.0242f,-0.0075f,0.1313f,0f,0f,0f,1f],start_interpolation: 0,interpolation_duration: 1}