# This file was generated by Animated Java via MC-Build. It is not recommended to edit this file directly.
$data merge entity $(bone_layer) {transformation: [0f,0.7373f,-0.677f,0.0358f,0f,0.677f,0.7373f,1.1304f,1.0011f,0f,0f,0f,0f,0f,0f,1f],start_interpolation: 0,interpolation_duration: 1}
$data merge entity $(bone_l_1) {transformation: [0f,0.5524f,-0.6764f,0.2914f,0f,0.5073f,0.7366f,1.0277f,0.7501f,0f,0f,0.1219f,0f,0f,0f,1f],start_interpolation: 0,interpolation_duration: 1}
$data merge entity $(bone_eye_l) {transformation: [0f,0.7366f,-0.6764f,0.0358f,0f,0.6764f,0.7366f,1.1304f,1.0001f,0f,0f,0f,0f,0f,0f,1f],start_interpolation: 0,interpolation_duration: 1}
$data merge entity $(bone_r_1) {transformation: [0f,0.5524f,-0.6764f,0.2914f,0f,0.5073f,0.7366f,1.0277f,0.7501f,0f,0f,-0.1219f,0f,0f,0f,1f],start_interpolation: 0,interpolation_duration: 1}
$data merge entity $(bone_eye_r) {transformation: [0f,0.7366f,-0.6764f,0.2917f,0f,0.6764f,0.7366f,1.0365f,1.0001f,0f,0f,-0.125f,0f,0f,0f,1f],start_interpolation: 0,interpolation_duration: 1}
$data merge entity $(bone_eyes_down) {transformation: [0f,0.7366f,-0.6764f,0.0589f,0f,0.6764f,0.7366f,1.1515f,1.0001f,0f,0f,0f,0f,0f,0f,1f],start_interpolation: 0,interpolation_duration: 1}
$data merge entity $(bone_eyes_up) {transformation: [0f,0f,0f,0.197f,0f,0f,0f,1.2783f,0f,0f,0f,0f,0f,0f,0f,1f],start_interpolation: 0,interpolation_duration: 1}
$data merge entity $(bone_bone) {transformation: [0f,0.7366f,-0.6764f,0.0358f,0f,0.6764f,0.7366f,1.1304f,1.0001f,0f,0f,0f,0f,0f,0f,1f],start_interpolation: 0,interpolation_duration: 1}
$data merge entity $(bone_l) {transformation: [-0.1279f,0.544f,-0.6764f,0.376f,-0.1174f,0.4996f,0.7366f,1.0949f,0.9849f,0.1302f,0f,0.125f,0f,0f,0f,1f],start_interpolation: 0,interpolation_duration: 1}
$data merge entity $(bone_r) {transformation: [0.1279f,0.544f,-0.6764f,0.376f,0.1174f,0.4996f,0.7366f,1.0949f,0.9849f,-0.1302f,0f,-0.125f,0f,0f,0f,1f],start_interpolation: 0,interpolation_duration: 1}
$data merge entity $(bone_sad) {transformation: [0f,0.4935f,-0.3382f,0.2485f,0f,0.4532f,0.3683f,0.9862f,3.0003f,0f,0f,0.1406f,0f,0f,0f,1f],start_interpolation: 0,interpolation_duration: 1}
$data merge entity $(bone_head) {transformation: [0f,0.7366f,-0.6764f,0.0358f,0f,0.6764f,0.7366f,1.1304f,1.0001f,0f,0f,0f,0f,0f,0f,1f],start_interpolation: 0,interpolation_duration: 1}
$data merge entity $(bone_6) {transformation: [-0.006f,0.9367f,-0.3474f,-0.1406f,-0.111f,0.3451f,0.932f,0.2131f,0.9928f,0.0442f,0.1021f,-0.1809f,0f,0f,0f,1f],start_interpolation: 0,interpolation_duration: 1}
$data merge entity $(bone_12) {transformation: [-0.006f,0.0771f,-0.996f,-0.1754f,-0.111f,0.9908f,0.0772f,0.5015f,0.9928f,0.1112f,0.0027f,-0.1488f,0f,0f,0f,1f],start_interpolation: 0,interpolation_duration: 1}
$data merge entity $(bone_10) {transformation: [0f,0.0742f,-0.9962f,-0.1443f,0f,0.9972f,0.0741f,0.8844f,0.999f,0f,0f,-0.0059f,0f,0f,0f,1f],start_interpolation: 0,interpolation_duration: 1}
$data merge entity $(bone_9) {transformation: [0f,0.5632f,-0.8263f,0.0446f,0f,0.8263f,0.5632f,1.1339f,1f,0f,0f,-0.0059f,0f,0f,0f,1f],start_interpolation: 0,interpolation_duration: 1}
$data merge entity $(item_display_item_display) {transformation: [0f,0f,0f,-0.922f,0f,0f,0f,0.2408f,0f,0f,0f,2.0089f,0f,0f,0f,1f],start_interpolation: 0,interpolation_duration: 1}
$data merge entity $(bone_2) {transformation: [-0.0577f,-0.7886f,0.5943f,-0.0107f,-0.0705f,0.5981f,0.7855f,0.8391f,-0.9838f,0.0034f,-0.0912f,0.3621f,0f,0f,0f,1f],start_interpolation: 0,interpolation_duration: 1}
$data merge entity $(bone_1) {transformation: [-0.0578f,-0.391f,0.9068f,-0.1339f,-0.0706f,0.9086f,0.3864f,1.1425f,-0.9848f,-0.0422f,-0.0809f,0.3476f,0f,0f,0f,1f],start_interpolation: 0,interpolation_duration: 1}
$data merge entity $(bone_4) {transformation: [-0.0994f,-0.2234f,-0.962f,-0.1274f,-0.2328f,0.9466f,-0.2062f,0.8882f,0.9556f,0.2044f,-0.1469f,-0.4413f,0f,0f,0f,1f],start_interpolation: 0,interpolation_duration: 1}
$data merge entity $(bone_3) {transformation: [-0.0995f,0.3705f,-0.9154f,-0.0045f,-0.233f,0.893f,0.3757f,1.1661f,0.9565f,0.2517f,-0.0027f,-0.3622f,0f,0f,0f,1f],start_interpolation: 0,interpolation_duration: 1}
$data merge entity $(bone_8) {transformation: [-0.0279f,0.1204f,-0.9922f,0.0763f,0.0056f,0.9918f,0.1208f,0.3541f,0.9986f,-0.0022f,-0.0284f,0.1392f,0f,0f,0f,1f],start_interpolation: 0,interpolation_duration: 1}
$data merge entity $(bone_7) {transformation: [-0.0279f,-0.7451f,-0.6662f,-0.1782f,0.0056f,0.6663f,-0.7445f,0.5114f,0.9986f,-0.0246f,-0.0144f,0.1313f,0f,0f,0f,1f],start_interpolation: 0,interpolation_duration: 1}