# This file was generated by Animated Java via MC-Build. It is not recommended to edit this file directly.
$data merge entity $(bone_layer) {transformation: [0f,0.8382f,-0.5472f,0.0222f,0f,0.5472f,0.8382f,1.1037f,1.0011f,0f,0f,0f,0f,0f,0f,1f],start_interpolation: 0,interpolation_duration: 1}
$data merge entity $(bone_l_1) {transformation: [0f,0.628f,-0.5467f,0.2574f,0f,0.41f,0.8373f,0.9606f,0.7501f,0f,0f,0.1219f,0f,0f,0f,1f],start_interpolation: 0,interpolation_duration: 1}
$data merge entity $(bone_eye_l) {transformation: [0f,0.8373f,-0.5467f,0.0222f,0f,0.5467f,0.8373f,1.1037f,1.0001f,0f,0f,0f,0f,0f,0f,1f],start_interpolation: 0,interpolation_duration: 1}
$data merge entity $(bone_r_1) {transformation: [0f,0.628f,-0.5467f,0.2574f,0f,0.41f,0.8373f,0.9606f,0.7501f,0f,0f,-0.1219f,0f,0f,0f,1f],start_interpolation: 0,interpolation_duration: 1}
$data merge entity $(bone_eye_r) {transformation: [0f,0.8373f,-0.5467f,0.2592f,0f,0.5467f,0.8373f,0.9693f,1.0001f,0f,0f,-0.125f,0f,0f,0f,1f],start_interpolation: 0,interpolation_duration: 1}
$data merge entity $(bone_eyes_down) {transformation: [0f,0.8373f,-0.5467f,0.0483f,0f,0.5467f,0.8373f,1.1208f,1.0001f,0f,0f,0f,0f,0f,0f,1f],start_interpolation: 0,interpolation_duration: 1}
$data merge entity $(bone_bone) {transformation: [0f,0.8373f,-0.5467f,0.0222f,0f,0.5467f,0.8373f,1.1037f,1.0001f,0f,0f,0f,0f,0f,0f,1f],start_interpolation: 0,interpolation_duration: 1}
$data merge entity $(bone_l) {transformation: [-0.1454f,0.6185f,-0.5467f,0.352f,-0.0949f,0.4038f,0.8373f,1.013f,0.9849f,0.1302f,0f,0.125f,0f,0f,0f,1f],start_interpolation: 0,interpolation_duration: 1}
$data merge entity $(bone_r) {transformation: [0.1454f,0.6185f,-0.5467f,0.352f,0.0949f,0.4038f,0.8373f,1.013f,0.9849f,-0.1302f,0f,-0.125f,0f,0f,0f,1f],start_interpolation: 0,interpolation_duration: 1}
$data merge entity $(bone_sad) {transformation: [0f,0.561f,-0.2733f,0.2085f,0f,0.3663f,0.4187f,0.9268f,3.0003f,0f,0f,0.1406f,0f,0f,0f,1f],start_interpolation: 0,interpolation_duration: 1}
$data merge entity $(bone_head) {transformation: [0f,0.8373f,-0.5467f,0.0222f,0f,0.5467f,0.8373f,1.1037f,1.0001f,0f,0f,0f,0f,0f,0f,1f],start_interpolation: 0,interpolation_duration: 1}
$data merge entity $(bone_6) {transformation: [0.007f,0.9483f,-0.3141f,-0.1394f,-0.0702f,0.3143f,0.9467f,0.2049f,0.9965f,0.0155f,0.0689f,-0.1701f,0f,0f,0f,1f],start_interpolation: 0,interpolation_duration: 1}
$data merge entity $(bone_12) {transformation: [0.007f,0.0845f,-0.9954f,-0.174f,-0.0702f,0.994f,0.0837f,0.493f,0.9965f,0.0695f,0.0129f,-0.1496f,0f,0f,0f,1f],start_interpolation: 0,interpolation_duration: 1}
$data merge entity $(bone_10) {transformation: [0f,0.0055f,-0.999f,-0.1705f,0f,1f,0.0055f,0.8624f,0.999f,0f,0f,-0.0097f,0f,0f,0f,1f],start_interpolation: 0,interpolation_duration: 1}
$data merge entity $(bone_9) {transformation: [0f,0.5778f,-0.8162f,0.0228f,0f,0.8162f,0.5778f,1.1085f,1f,0f,0f,-0.0097f,0f,0f,0f,1f],start_interpolation: 0,interpolation_duration: 1}
$data merge entity $(item_display_item_display) {transformation: [0f,0f,0f,-0.8131f,0f,0f,0f,0.3683f,0f,0f,0f,2.1126f,0f,0f,0f,1f],start_interpolation: 0,interpolation_duration: 1}
$data merge entity $(bone_2) {transformation: [-0.1639f,-0.7227f,0.655f,-0.0203f,-0.1029f,0.6743f,0.7174f,0.8066f,-0.9689f,0.0507f,-0.187f,0.3577f,0f,0f,0f,1f],start_interpolation: 0,interpolation_duration: 1}
$data merge entity $(bone_1) {transformation: [-0.1641f,-0.2954f,0.9296f,-0.1115f,-0.103f,0.9436f,0.2811f,1.1202f,-0.9699f,-0.0502f,-0.1871f,0.3399f,0f,0f,0f,1f],start_interpolation: 0,interpolation_duration: 1}
$data merge entity $(bone_4) {transformation: [-0.0877f,-0.219f,-0.964f,-0.1375f,-0.2009f,0.9534f,-0.2087f,0.8691f,0.9639f,0.1759f,-0.1281f,-0.4389f,0f,0f,0f,1f],start_interpolation: 0,interpolation_duration: 1}
$data merge entity $(bone_3) {transformation: [-0.0878f,0.3732f,-0.9154f,-0.0134f,-0.2011f,0.9008f,0.3756f,1.1494f,0.9648f,0.2176f,-0.0041f,-0.3705f,0f,0f,0f,1f],start_interpolation: 0,interpolation_duration: 1}
$data merge entity $(bone_8) {transformation: [-0.0341f,0.0773f,-0.9963f,0.0729f,-0.0004f,0.996f,0.0778f,0.3674f,0.9984f,0.003f,-0.034f,0.1402f,0f,0f,0f,1f],start_interpolation: 0,interpolation_duration: 1}
$data merge entity $(bone_7) {transformation: [-0.0341f,-0.7818f,-0.6225f,-0.1898f,-0.0004f,0.6227f,-0.7812f,0.5088f,0.9984f,-0.0264f,-0.0216f,0.1313f,0f,0f,0f,1f],start_interpolation: 0,interpolation_duration: 1}