# This file was generated by Animated Java via MC-Build. It is not recommended to edit this file directly.
$data merge entity $(bone_layer) {transformation: [0f,0.9074f,-0.4227f,0.0097f,0f,0.4227f,0.9074f,1.0779f,1.0011f,0f,0f,0f,0f,0f,0f,1f],start_interpolation: 0,interpolation_duration: 1}
$data merge entity $(bone_l_1) {transformation: [0f,0.6798f,-0.4223f,0.2223f,0f,0.3167f,0.9065f,0.9028f,0.7501f,0f,0f,0.1219f,0f,0f,0f,1f],start_interpolation: 0,interpolation_duration: 1}
$data merge entity $(bone_eye_l) {transformation: [0f,0.9065f,-0.4223f,0.0097f,0f,0.4223f,0.9065f,1.0779f,1.0001f,0f,0f,0f,0f,0f,0f,1f],start_interpolation: 0,interpolation_duration: 1}
$data merge entity $(bone_r_1) {transformation: [0f,0.6798f,-0.4223f,0.2223f,0f,0.3167f,0.9065f,0.9028f,0.7501f,0f,0f,-0.1219f,0f,0f,0f,1f],start_interpolation: 0,interpolation_duration: 1}
$data merge entity $(bone_eye_r) {transformation: [0f,0.9065f,-0.4223f,0.2253f,0f,0.4223f,0.9065f,0.9111f,1.0001f,0f,0f,-0.125f,0f,0f,0f,1f],start_interpolation: 0,interpolation_duration: 1}
$data merge entity $(bone_eyes_down) {transformation: [0f,0.9065f,-0.4223f,0.0381f,0f,0.4223f,0.9065f,1.0911f,1.0001f,0f,0f,0f,0f,0f,0f,1f],start_interpolation: 0,interpolation_duration: 1}
$data merge entity $(bone_bone) {transformation: [0f,0.9065f,-0.4223f,0.0097f,0f,0.4223f,0.9065f,1.0779f,1.0001f,0f,0f,0f,0f,0f,0f,1f],start_interpolation: 0,interpolation_duration: 1}
$data merge entity $(bone_l) {transformation: [-0.1574f,0.6695f,-0.4223f,0.3233f,-0.0733f,0.3119f,0.9065f,0.9413f,0.9849f,0.1302f,0f,0.125f,0f,0f,0f,1f],start_interpolation: 0,interpolation_duration: 1}
$data merge entity $(bone_r) {transformation: [0.1574f,0.6695f,-0.4223f,0.3233f,0.0733f,0.3119f,0.9065f,0.9413f,0.9849f,-0.1302f,0f,-0.125f,0f,0f,0f,1f],start_interpolation: 0,interpolation_duration: 1}
$data merge entity $(bone_sad) {transformation: [0f,0.6073f,-0.2112f,0.1693f,0f,0.2829f,0.4532f,0.8764f,3.0003f,0f,0f,0.1406f,0f,0f,0f,1f],start_interpolation: 0,interpolation_duration: 1}
$data merge entity $(bone_head) {transformation: [0f,0.9065f,-0.4223f,0.0097f,0f,0.4223f,0.9065f,1.0779f,1.0001f,0f,0f,0f,0f,0f,0f,1f],start_interpolation: 0,interpolation_duration: 1}
$data merge entity $(bone_6) {transformation: [0.0199f,0.9588f,-0.2798f,-0.1376f,-0.0337f,0.2808f,0.9592f,0.1964f,0.9982f,-0.0096f,0.038f,-0.1606f,0f,0f,0f,1f],start_interpolation: 0,interpolation_duration: 1}
$data merge entity $(bone_12) {transformation: [0.0199f,0.0926f,-0.9945f,-0.1718f,-0.0337f,0.9952f,0.0918f,0.4837f,0.9982f,0.0318f,0.0229f,-0.1502f,0f,0f,0f,1f],start_interpolation: 0,interpolation_duration: 1}
$data merge entity $(bone_10) {transformation: [0f,-0.0548f,-0.9975f,-0.1934f,0f,0.9985f,-0.0548f,0.8421f,0.999f,0f,0f,-0.0132f,0f,0f,0f,1f],start_interpolation: 0,interpolation_duration: 1}
$data merge entity $(bone_9) {transformation: [0f,0.5923f,-0.8058f,0.0043f,0f,0.8058f,0.5923f,1.0846f,1f,0f,0f,-0.0132f,0f,0f,0f,1f],start_interpolation: 0,interpolation_duration: 1}
$data merge entity $(item_display_item_display) {transformation: [0f,0f,0f,-0.7001f,0f,0f,0f,0.4887f,0f,0f,0f,2.1939f,0f,0f,0f,1f],start_interpolation: 0,interpolation_duration: 1}
$data merge entity $(bone_2) {transformation: [-0.2587f,-0.6495f,0.6995f,-0.0302f,-0.125f,0.7425f,0.6426f,0.7781f,-0.9453f,0.0796f,-0.2764f,0.3587f,0f,0f,0f,1f],start_interpolation: 0,interpolation_duration: 1}
$data merge entity $(bone_1) {transformation: [-0.259f,-0.2015f,0.933f,-0.0902f,-0.1251f,0.9665f,0.1736f,1.0979f,-0.9463f,-0.0726f,-0.2783f,0.3329f,0f,0f,0f,1f],start_interpolation: 0,interpolation_duration: 1}
$data merge entity $(bone_4) {transformation: [-0.0774f,-0.2124f,-0.9664f,-0.1448f,-0.1733f,0.9592f,-0.2072f,0.8469f,0.97f,0.1517f,-0.1111f,-0.4376f,0f,0f,0f,1f],start_interpolation: 0,interpolation_duration: 1}
$data merge entity $(bone_3) {transformation: [-0.0775f,0.378f,-0.9144f,-0.0188f,-0.1735f,0.9056f,0.3781f,1.1286f,0.971f,0.188f,-0.0045f,-0.3784f,0f,0f,0f,1f],start_interpolation: 0,interpolation_duration: 1}
$data merge entity $(bone_8) {transformation: [-0.04f,0.0399f,-0.9984f,0.0696f,-0.005f,0.9982f,0.0405f,0.3782f,0.9982f,0.0066f,-0.0398f,0.1414f,0f,0f,0f,1f],start_interpolation: 0,interpolation_duration: 1}
$data merge entity $(bone_7) {transformation: [-0.04f,-0.8126f,-0.5814f,-0.1996f,-0.005f,0.5819f,-0.8121f,0.5049f,0.9982f,-0.0297f,-0.0274f,0.1313f,0f,0f,0f,1f],start_interpolation: 0,interpolation_duration: 1}