# This file was generated by Animated Java via MC-Build. It is not recommended to edit this file directly.
$data merge entity $(bone_layer) {transformation: [0f,0.9406f,-0.3424f,0.0035f,0f,0.3424f,0.9406f,1.0535f,1.0011f,0f,0f,0f,0f,0f,0f,1f],start_interpolation: 0,interpolation_duration: 1}
$data merge entity $(bone_l_1) {transformation: [0f,0.7048f,-0.342f,0.2001f,0f,0.2565f,0.9397f,0.8606f,0.7501f,0f,0f,0.1219f,0f,0f,0f,1f],start_interpolation: 0,interpolation_duration: 1}
$data merge entity $(bone_eye_l) {transformation: [0f,0.9397f,-0.342f,0.0035f,0f,0.342f,0.9397f,1.0535f,1.0001f,0f,0f,0f,0f,0f,0f,1f],start_interpolation: 0,interpolation_duration: 1}
$data merge entity $(bone_r_1) {transformation: [0f,0.7048f,-0.342f,0.2001f,0f,0.2565f,0.9397f,0.8606f,0.7501f,0f,0f,-0.1219f,0f,0f,0f,1f],start_interpolation: 0,interpolation_duration: 1}
$data merge entity $(bone_eye_r) {transformation: [0f,0.9397f,-0.342f,0.2038f,0f,0.342f,0.9397f,0.8686f,1.0001f,0f,0f,-0.125f,0f,0f,0f,1f],start_interpolation: 0,interpolation_duration: 1}
$data merge entity $(bone_eyes_down) {transformation: [0f,0.9397f,-0.342f,0.0329f,0f,0.342f,0.9397f,1.0642f,1.0001f,0f,0f,0f,0f,0f,0f,1f],start_interpolation: 0,interpolation_duration: 1}
$data merge entity $(bone_eyes_up) {transformation: [0f,0f,0f,0.2091f,0f,0f,0f,1.1283f,0f,0f,0f,0f,0f,0f,0f,1f],start_interpolation: 0,interpolation_duration: 1}
$data merge entity $(bone_bone) {transformation: [0f,0.9397f,-0.342f,0.0035f,0f,0.342f,0.9397f,1.0535f,1.0001f,0f,0f,0f,0f,0f,0f,1f],start_interpolation: 0,interpolation_duration: 1}
$data merge entity $(bone_l) {transformation: [-0.1632f,0.6941f,-0.342f,0.3041f,-0.0594f,0.2526f,0.9397f,0.8902f,0.9849f,0.1302f,0f,0.125f,0f,0f,0f,1f],start_interpolation: 0,interpolation_duration: 1}
$data merge entity $(bone_r) {transformation: [0.1632f,0.6941f,-0.342f,0.3041f,0.0594f,0.2526f,0.9397f,0.8902f,0.9849f,-0.1302f,0f,-0.125f,0f,0f,0f,1f],start_interpolation: 0,interpolation_duration: 1}
$data merge entity $(bone_sad) {transformation: [0f,0.6296f,-0.171f,0.1452f,0f,0.2292f,0.4698f,0.839f,3.0003f,0f,0f,0.1406f,0f,0f,0f,1f],start_interpolation: 0,interpolation_duration: 1}
$data merge entity $(bone_head) {transformation: [0f,0.9397f,-0.342f,0.0035f,0f,0.342f,0.9397f,1.0535f,1.0001f,0f,0f,0f,0f,0f,0f,1f],start_interpolation: 0,interpolation_duration: 1}
$data merge entity $(bone_6) {transformation: [0.0293f,0.9687f,-0.2424f,-0.135f,-0.0094f,0.2432f,0.9699f,0.1857f,0.9985f,-0.0262f,0.0163f,-0.1542f,0f,0f,0f,1f],start_interpolation: 0,interpolation_duration: 1}
$data merge entity $(bone_12) {transformation: [0.0293f,0.1035f,-0.9932f,-0.1679f,-0.0094f,0.9946f,0.1031f,0.4718f,0.9985f,0.0063f,0.0302f,-0.1505f,0f,0f,0f,1f],start_interpolation: 0,interpolation_duration: 1}
$data merge entity $(bone_10) {transformation: [0f,-0.09f,-0.9949f,-0.2055f,0f,0.9959f,-0.0899f,0.8239f,0.999f,0f,0f,-0.0156f,0f,0f,0f,1f],start_interpolation: 0,interpolation_duration: 1}
$data merge entity $(bone_9) {transformation: [0f,0.6065f,-0.7951f,-0.0036f,0f,0.7951f,0.6065f,1.0629f,1f,0f,0f,-0.0156f,0f,0f,0f,1f],start_interpolation: 0,interpolation_duration: 1}
$data merge entity $(item_display_item_display) {transformation: [0f,0f,0f,-0.6114f,0f,0f,0f,0.5646f,0f,0f,0f,2.2407f,0f,0f,0f,1f],start_interpolation: 0,interpolation_duration: 1}
$data merge entity $(bone_2) {transformation: [-0.3233f,-0.5902f,0.7247f,-0.0348f,-0.132f,0.789f,0.5832f,0.7549f,-0.9242f,0.0937f,-0.3368f,0.3615f,0f,0f,0f,1f],start_interpolation: 0,interpolation_duration: 1}
$data merge entity $(bone_1) {transformation: [-0.3237f,-0.1294f,0.9256f,-0.071f,-0.1322f,0.977f,0.0901f,1.077f,-0.9252f,-0.0943f,-0.3367f,0.3281f,0f,0f,0f,1f],start_interpolation: 0,interpolation_duration: 1}
$data merge entity $(bone_4) {transformation: [-0.0718f,-0.1991f,-0.9697f,-0.1452f,-0.1563f,0.9643f,-0.1967f,0.8191f,0.9733f,0.1375f,-0.1002f,-0.4378f,0f,0f,0f,1f],start_interpolation: 0,interpolation_duration: 1}
$data merge entity $(bone_3) {transformation: [-0.0719f,0.3888f,-0.9103f,-0.0154f,-0.1565f,0.9046f,0.3877f,1.1004f,0.9743f,0.1701f,-0.004f,-0.3843f,0f,0f,0f,1f],start_interpolation: 0,interpolation_duration: 1}
$data merge entity $(bone_8) {transformation: [-0.0447f,0.0217f,-0.9987f,0.0678f,-0.0072f,0.9988f,0.0224f,0.3796f,0.998f,0.0082f,-0.0446f,0.1426f,0f,0f,0f,1f],start_interpolation: 0,interpolation_duration: 1}
$data merge entity $(bone_7) {transformation: [-0.0447f,-0.8307f,-0.5549f,-0.2048f,-0.0072f,0.5555f,-0.8303f,0.4966f,0.998f,-0.0332f,-0.0308f,0.1313f,0f,0f,0f,1f],start_interpolation: 0,interpolation_duration: 1}