# This file was generated by Animated Java via MC-Build. It is not recommended to edit this file directly.
$data merge entity $(bone_layer) {transformation: [0f,0.9422f,-0.3381f,-0.0015f,0f,0.3381f,0.9422f,1.0506f,1.0011f,0f,0f,0f,0f,0f,0f,1f],start_interpolation: 0,interpolation_duration: 1}
$data merge entity $(bone_l_1) {transformation: [0f,0.7059f,-0.3378f,0.1942f,0f,0.2533f,0.9412f,0.8568f,0.7501f,0f,0f,0.1219f,0f,0f,0f,1f],start_interpolation: 0,interpolation_duration: 1}
$data merge entity $(bone_eye_l) {transformation: [0f,0.9412f,-0.3378f,-0.0015f,0f,0.3378f,0.9412f,1.0506f,1.0001f,0f,0f,0f,0f,0f,0f,1f],start_interpolation: 0,interpolation_duration: 1}
$data merge entity $(bone_r_1) {transformation: [0f,0.7059f,-0.3378f,0.1942f,0f,0.2533f,0.9412f,0.8568f,0.7501f,0f,0f,-0.1219f,0f,0f,0f,1f],start_interpolation: 0,interpolation_duration: 1}
$data merge entity $(bone_eye_r) {transformation: [0f,0.9412f,-0.3378f,0.198f,0f,0.3378f,0.9412f,0.8648f,1.0001f,0f,0f,-0.125f,0f,0f,0f,1f],start_interpolation: 0,interpolation_duration: 1}
$data merge entity $(bone_eyes_down) {transformation: [0f,0.9412f,-0.3378f,0.0279f,0f,0.3378f,0.9412f,1.0611f,1.0001f,0f,0f,0f,0f,0f,0f,1f],start_interpolation: 0,interpolation_duration: 1}
$data merge entity $(bone_eyes_up) {transformation: [0f,0f,0f,0.2044f,0f,0f,0f,1.1244f,0f,0f,0f,0f,0f,0f,0f,1f],start_interpolation: 0,interpolation_duration: 1}
$data merge entity $(bone_bone) {transformation: [0f,0.9412f,-0.3378f,-0.0015f,0f,0.3378f,0.9412f,1.0506f,1.0001f,0f,0f,0f,0f,0f,0f,1f],start_interpolation: 0,interpolation_duration: 1}
$data merge entity $(bone_l) {transformation: [-0.1634f,0.6952f,-0.3378f,0.2983f,-0.0587f,0.2495f,0.9412f,0.8859f,0.9849f,0.1302f,0f,0.125f,0f,0f,0f,1f],start_interpolation: 0,interpolation_duration: 1}
$data merge entity $(bone_r) {transformation: [0.1634f,0.6952f,-0.3378f,0.2983f,0.0587f,0.2495f,0.9412f,0.8859f,0.9849f,-0.1302f,0f,-0.125f,0f,0f,0f,1f],start_interpolation: 0,interpolation_duration: 1}
$data merge entity $(bone_sad) {transformation: [0f,0.6306f,-0.1689f,0.1394f,0f,0.2263f,0.4706f,0.8355f,3.0003f,0f,0f,0.1406f,0f,0f,0f,1f],start_interpolation: 0,interpolation_duration: 1}
$data merge entity $(bone_head) {transformation: [0f,0.9412f,-0.3378f,-0.0015f,0f,0.3378f,0.9412f,1.0506f,1.0001f,0f,0f,0f,0f,0f,0f,1f],start_interpolation: 0,interpolation_duration: 1}
$data merge entity $(bone_6) {transformation: [0.031f,0.968f,-0.2451f,-0.1325f,-0.0057f,0.2458f,0.9693f,0.1825f,0.9985f,-0.0287f,0.0131f,-0.1532f,0f,0f,0f,1f],start_interpolation: 0,interpolation_duration: 1}
$data merge entity $(bone_12) {transformation: [0.031f,0.1008f,-0.9934f,-0.1662f,-0.0057f,0.9949f,0.1006f,0.4686f,0.9985f,0.0025f,0.0314f,-0.1506f,0f,0f,0f,1f],start_interpolation: 0,interpolation_duration: 1}
$data merge entity $(bone_10) {transformation: [0f,-0.0994f,-0.994f,-0.2097f,0f,0.995f,-0.0993f,0.8216f,0.999f,0f,0f,-0.016f,0f,0f,0f,1f],start_interpolation: 0,interpolation_duration: 1}
$data merge entity $(bone_9) {transformation: [0f,0.6059f,-0.7955f,-0.0079f,0f,0.7955f,0.6059f,1.0607f,1f,0f,0f,-0.016f,0f,0f,0f,1f],start_interpolation: 0,interpolation_duration: 1}
$data merge entity $(item_display_item_display) {transformation: [0f,0f,0f,-0.596f,0f,0f,0f,0.5677f,0f,0f,0f,2.2457f,0f,0f,0f,1f],start_interpolation: 0,interpolation_duration: 1}
$data merge entity $(bone_2) {transformation: [-0.3352f,-0.5805f,0.7271f,-0.0386f,-0.1279f,0.7953f,0.5755f,0.7529f,-0.9206f,0.1008f,-0.3447f,0.3601f,0f,0f,0f,1f],start_interpolation: 0,interpolation_duration: 1}
$data merge entity $(bone_1) {transformation: [-0.3355f,-0.1199f,0.9226f,-0.0715f,-0.1281f,0.9784f,0.0803f,1.0747f,-0.9215f,-0.0923f,-0.3471f,0.3274f,0f,0f,0f,1f],start_interpolation: 0,interpolation_duration: 1}
$data merge entity $(bone_4) {transformation: [-0.0661f,-0.1913f,-0.9716f,-0.1527f,-0.1506f,0.9665f,-0.1904f,0.8172f,0.9746f,0.1338f,-0.0925f,-0.4366f,0f,0f,0f,1f],start_interpolation: 0,interpolation_duration: 1}
$data merge entity $(bone_3) {transformation: [-0.0661f,0.3943f,-0.9084f,-0.0209f,-0.1508f,0.9037f,0.3922f,1.0981f,0.9756f,0.1627f,-0.0002f,-0.3855f,0f,0f,0f,1f],start_interpolation: 0,interpolation_duration: 1}
$data merge entity $(bone_8) {transformation: [-0.0456f,0.0168f,-0.9988f,0.0671f,-0.0064f,0.9989f,0.0174f,0.3764f,0.9979f,0.0072f,-0.0456f,0.143f,0f,0f,0f,1f],start_interpolation: 0,interpolation_duration: 1}
$data merge entity $(bone_7) {transformation: [-0.0456f,-0.8334f,-0.5508f,-0.2061f,-0.0064f,0.5514f,-0.8331f,0.492f,0.9979f,-0.0346f,-0.0305f,0.1313f,0f,0f,0f,1f],start_interpolation: 0,interpolation_duration: 1}