# This file was generated by Animated Java via MC-Build. It is not recommended to edit this file directly.
$data merge entity $(bone_layer) {transformation: [0f,0.9417f,-0.3393f,-0.0083f,0f,0.3393f,0.9417f,1.0502f,1.0011f,0f,0f,0f,0f,0f,0f,1f],start_interpolation: 0,interpolation_duration: 1}
$data merge entity $(bone_l_1) {transformation: [0f,0.7056f,-0.3389f,0.1877f,0f,0.2542f,0.9408f,0.8567f,0.7501f,0f,0f,0.1219f,0f,0f,0f,1f],start_interpolation: 0,interpolation_duration: 1}
$data merge entity $(bone_eye_l) {transformation: [0f,0.9408f,-0.3389f,-0.0083f,0f,0.3389f,0.9408f,1.0502f,1.0001f,0f,0f,0f,0f,0f,0f,1f],start_interpolation: 0,interpolation_duration: 1}
$data merge entity $(bone_r_1) {transformation: [0f,0.7056f,-0.3389f,0.1877f,0f,0.2542f,0.9408f,0.8567f,0.7501f,0f,0f,-0.1219f,0f,0f,0f,1f],start_interpolation: 0,interpolation_duration: 1}
$data merge entity $(bone_eye_r) {transformation: [0f,0.9408f,-0.3389f,0.1914f,0f,0.3389f,0.9408f,0.8647f,1.0001f,0f,0f,-0.125f,0f,0f,0f,1f],start_interpolation: 0,interpolation_duration: 1}
$data merge entity $(bone_eyes_down) {transformation: [0f,0.9408f,-0.3389f,0.0211f,0f,0.3389f,0.9408f,1.0608f,1.0001f,0f,0f,0f,0f,0f,0f,1f],start_interpolation: 0,interpolation_duration: 1}
$data merge entity $(bone_bone) {transformation: [0f,0.9408f,-0.3389f,-0.0083f,0f,0.3389f,0.9408f,1.0502f,1.0001f,0f,0f,0f,0f,0f,0f,1f],start_interpolation: 0,interpolation_duration: 1}
$data merge entity $(bone_l) {transformation: [-0.1634f,0.6949f,-0.3389f,0.2918f,-0.0589f,0.2503f,0.9408f,0.8859f,0.9849f,0.1302f,0f,0.125f,0f,0f,0f,1f],start_interpolation: 0,interpolation_duration: 1}
$data merge entity $(bone_r) {transformation: [0.1634f,0.6949f,-0.3389f,0.2918f,0.0589f,0.2503f,0.9408f,0.8859f,0.9849f,-0.1302f,0f,-0.125f,0f,0f,0f,1f],start_interpolation: 0,interpolation_duration: 1}
$data merge entity $(bone_sad) {transformation: [0f,0.6303f,-0.1695f,0.133f,0f,0.2271f,0.4704f,0.8354f,3.0003f,0f,0f,0.1406f,0f,0f,0f,1f],start_interpolation: 0,interpolation_duration: 1}
$data merge entity $(bone_head) {transformation: [0f,0.9408f,-0.3389f,-0.0083f,0f,0.3389f,0.9408f,1.0502f,1.0001f,0f,0f,0f,0f,0f,0f,1f],start_interpolation: 0,interpolation_duration: 1}
$data merge entity $(bone_6) {transformation: [0.0328f,0.9665f,-0.2505f,-0.1298f,-0.0025f,0.2511f,0.9679f,0.1803f,0.9985f,-0.0311f,0.0107f,-0.1525f,0f,0f,0f,1f],start_interpolation: 0,interpolation_duration: 1}
$data merge entity $(bone_12) {transformation: [0.0328f,0.0952f,-0.9939f,-0.1652f,-0.0025f,0.9955f,0.0951f,0.4662f,0.9985f,-0.0006f,0.0328f,-0.1506f,0f,0f,0f,1f],start_interpolation: 0,interpolation_duration: 1}
$data merge entity $(bone_10) {transformation: [0f,-0.1108f,-0.9929f,-0.2146f,0f,0.9938f,-0.1107f,0.8215f,0.999f,0f,0f,-0.0163f,0f,0f,0f,1f],start_interpolation: 0,interpolation_duration: 1}
$data merge entity $(bone_9) {transformation: [0f,0.6038f,-0.7971f,-0.0134f,0f,0.7971f,0.6038f,1.0612f,1f,0f,0f,-0.0163f,0f,0f,0f,1f],start_interpolation: 0,interpolation_duration: 1}
$data merge entity $(item_display_item_display) {transformation: [0f,0f,0f,-0.5817f,0f,0f,0f,0.5664f,0f,0f,0f,2.249f,0f,0f,0f,1f],start_interpolation: 0,interpolation_duration: 1}
$data merge entity $(bone_2) {transformation: [-0.3454f,-0.5749f,0.7267f,-0.0429f,-0.1235f,0.7982f,0.5724f,0.7538f,-0.9174f,0.109f,-0.3507f,0.3583f,0f,0f,0f,1f],start_interpolation: 0,interpolation_duration: 1}
$data merge entity $(bone_1) {transformation: [-0.3458f,-0.1153f,0.9194f,-0.0743f,-0.1236f,0.9793f,0.0761f,1.0752f,-0.9183f,-0.0884f,-0.3564f,0.3269f,0f,0f,0f,1f],start_interpolation: 0,interpolation_duration: 1}
$data merge entity $(bone_4) {transformation: [-0.0601f,-0.1849f,-0.9732f,-0.1608f,-0.146f,0.9683f,-0.1852f,0.817f,0.9757f,0.1309f,-0.0851f,-0.4356f,0f,0f,0f,1f],start_interpolation: 0,interpolation_duration: 1}
$data merge entity $(bone_3) {transformation: [-0.0602f,0.3984f,-0.9069f,-0.0274f,-0.1461f,0.903f,0.3954f,1.0976f,0.9766f,0.1561f,0.004f,-0.3865f,0f,0f,0f,1f],start_interpolation: 0,interpolation_duration: 1}
$data merge entity $(bone_8) {transformation: [-0.0466f,0.0119f,-0.9988f,0.065f,-0.0056f,0.9989f,0.0125f,0.3737f,0.9979f,0.0062f,-0.0465f,0.1434f,0f,0f,0f,1f],start_interpolation: 0,interpolation_duration: 1}
$data merge entity $(bone_7) {transformation: [-0.0466f,-0.836f,-0.5467f,-0.2087f,-0.0056f,0.5473f,-0.8358f,0.488f,0.9979f,-0.0359f,-0.0302f,0.1313f,0f,0f,0f,1f],start_interpolation: 0,interpolation_duration: 1}