# This file was generated by Animated Java via MC-Build. It is not recommended to edit this file directly.
$data merge entity $(bone_layer) {transformation: [0f,0.9396f,-0.3453f,-0.0164f,0f,0.3453f,0.9396f,1.0519f,1.0011f,0f,0f,0f,0f,0f,0f,1f],start_interpolation: 0,interpolation_duration: 1}
$data merge entity $(bone_l_1) {transformation: [0f,0.704f,-0.3449f,0.1808f,0f,0.2587f,0.9386f,0.8597f,0.7501f,0f,0f,0.1219f,0f,0f,0f,1f],start_interpolation: 0,interpolation_duration: 1}
$data merge entity $(bone_eye_l) {transformation: [0f,0.9386f,-0.3449f,-0.0164f,0f,0.3449f,0.9386f,1.0519f,1.0001f,0f,0f,0f,0f,0f,0f,1f],start_interpolation: 0,interpolation_duration: 1}
$data merge entity $(bone_r_1) {transformation: [0f,0.704f,-0.3449f,0.1808f,0f,0.2587f,0.9386f,0.8597f,0.7501f,0f,0f,-0.1219f,0f,0f,0f,1f],start_interpolation: 0,interpolation_duration: 1}
$data merge entity $(bone_eye_r) {transformation: [0f,0.9386f,-0.3449f,0.1845f,0f,0.3449f,0.9386f,0.8677f,1.0001f,0f,0f,-0.125f,0f,0f,0f,1f],start_interpolation: 0,interpolation_duration: 1}
$data merge entity $(bone_eyes_down) {transformation: [0f,0.9386f,-0.3449f,0.0129f,0f,0.3449f,0.9386f,1.0627f,1.0001f,0f,0f,0f,0f,0f,0f,1f],start_interpolation: 0,interpolation_duration: 1}
$data merge entity $(bone_eyes_up) {transformation: [0f,0f,0f,0.1889f,0f,0f,0f,1.1274f,0f,0f,0f,0f,0f,0f,0f,1f],start_interpolation: 0,interpolation_duration: 1}
$data merge entity $(bone_bone) {transformation: [0f,0.9386f,-0.3449f,-0.0164f,0f,0.3449f,0.9386f,1.0519f,1.0001f,0f,0f,0f,0f,0f,0f,1f],start_interpolation: 0,interpolation_duration: 1}
$data merge entity $(bone_l) {transformation: [-0.163f,0.6933f,-0.3449f,0.2846f,-0.0599f,0.2548f,0.9386f,0.8896f,0.9849f,0.1302f,0f,0.125f,0f,0f,0f,1f],start_interpolation: 0,interpolation_duration: 1}
$data merge entity $(bone_r) {transformation: [0.163f,0.6933f,-0.3449f,0.2846f,0.0599f,0.2548f,0.9386f,0.8896f,0.9849f,-0.1302f,0f,-0.125f,0f,0f,0f,1f],start_interpolation: 0,interpolation_duration: 1}
$data merge entity $(bone_sad) {transformation: [0f,0.6289f,-0.1725f,0.1264f,0f,0.2311f,0.4693f,0.8381f,3.0003f,0f,0f,0.1406f,0f,0f,0f,1f],start_interpolation: 0,interpolation_duration: 1}
$data merge entity $(bone_head) {transformation: [0f,0.9386f,-0.3449f,-0.0164f,0f,0.3449f,0.9386f,1.0519f,1.0001f,0f,0f,0f,0f,0f,0f,1f],start_interpolation: 0,interpolation_duration: 1}
$data merge entity $(bone_6) {transformation: [0.0345f,0.9644f,-0.2582f,-0.127f,0f,0.2588f,0.9659f,0.179f,0.9984f,-0.0333f,0.0089f,-0.152f,0f,0f,0f,1f],start_interpolation: 0,interpolation_duration: 1}
$data merge entity $(bone_12) {transformation: [0.0345f,0.0872f,-0.9946f,-0.1646f,0f,0.9962f,0.0872f,0.4646f,0.9984f,-0.003f,0.0344f,-0.1508f,0f,0f,0f,1f],start_interpolation: 0,interpolation_duration: 1}
$data merge entity $(bone_10) {transformation: [0f,-0.1235f,-0.9914f,-0.22f,0f,0.9923f,-0.1234f,0.8235f,0.999f,0f,0f,-0.0165f,0f,0f,0f,1f],start_interpolation: 0,interpolation_duration: 1}
$data merge entity $(bone_9) {transformation: [0f,0.6004f,-0.7997f,-0.0199f,0f,0.7997f,0.6004f,1.064f,1f,0f,0f,-0.0165f,0f,0f,0f,1f],start_interpolation: 0,interpolation_duration: 1}
$data merge entity $(item_display_item_display) {transformation: [0f,0f,0f,-0.5687f,0f,0f,0f,0.5614f,0f,0f,0f,2.2509f,0f,0f,0f,1f],start_interpolation: 0,interpolation_duration: 1}
$data merge entity $(bone_2) {transformation: [-0.3543f,-0.5729f,0.724f,-0.0476f,-0.1188f,0.7983f,0.5732f,0.7571f,-0.9146f,0.1182f,-0.3549f,0.356f,0f,0f,0f,1f],start_interpolation: 0,interpolation_duration: 1}
$data merge entity $(bone_1) {transformation: [-0.3546f,-0.115f,0.9161f,-0.0788f,-0.1189f,0.9798f,0.0767f,1.078f,-0.9156f,-0.0827f,-0.3648f,0.3264f,0f,0f,0f,1f],start_interpolation: 0,interpolation_duration: 1}
$data merge entity $(bone_4) {transformation: [-0.0541f,-0.1796f,-0.9745f,-0.1695f,-0.1422f,0.9697f,-0.181f,0.8181f,0.9765f,0.1288f,-0.0779f,-0.4348f,0f,0f,0f,1f],start_interpolation: 0,interpolation_duration: 1}
$data merge entity $(bone_3) {transformation: [-0.0542f,0.4016f,-0.9059f,-0.0347f,-0.1424f,0.9027f,0.3977f,1.0985f,0.9775f,0.1503f,0.0084f,-0.3875f,0f,0f,0f,1f],start_interpolation: 0,interpolation_duration: 1}
$data merge entity $(bone_8) {transformation: [-0.0475f,0.0069f,-0.9988f,0.0618f,-0.0049f,0.999f,0.0075f,0.3715f,0.9979f,0.0052f,-0.0475f,0.1438f,0f,0f,0f,1f],start_interpolation: 0,interpolation_duration: 1}
$data merge entity $(bone_7) {transformation: [-0.0475f,-0.8387f,-0.5425f,-0.2125f,-0.0049f,0.5431f,-0.8385f,0.4845f,0.9979f,-0.0373f,-0.0299f,0.1313f,0f,0f,0f,1f],start_interpolation: 0,interpolation_duration: 1}