# This file was generated by Animated Java via MC-Build. It is not recommended to edit this file directly.
$data merge entity $(bone_layer) {transformation: [0f,0.9358f,-0.3555f,-0.0256f,0f,0.3555f,0.9358f,1.0554f,1.0011f,0f,0f,0f,0f,0f,0f,1f],start_interpolation: 0,interpolation_duration: 1}
$data merge entity $(bone_l_1) {transformation: [0f,0.7011f,-0.3551f,0.1736f,0f,0.2663f,0.9348f,0.8654f,0.7501f,0f,0f,0.1219f,0f,0f,0f,1f],start_interpolation: 0,interpolation_duration: 1}
$data merge entity $(bone_eye_l) {transformation: [0f,0.9348f,-0.3551f,-0.0256f,0f,0.3551f,0.9348f,1.0554f,1.0001f,0f,0f,0f,0f,0f,0f,1f],start_interpolation: 0,interpolation_duration: 1}
$data merge entity $(bone_r_1) {transformation: [0f,0.7011f,-0.3551f,0.1736f,0f,0.2663f,0.9348f,0.8654f,0.7501f,0f,0f,-0.1219f,0f,0f,0f,1f],start_interpolation: 0,interpolation_duration: 1}
$data merge entity $(bone_eye_r) {transformation: [0f,0.9348f,-0.3551f,0.1773f,0f,0.3551f,0.9348f,0.8734f,1.0001f,0f,0f,-0.125f,0f,0f,0f,1f],start_interpolation: 0,interpolation_duration: 1}
$data merge entity $(bone_eyes_down) {transformation: [0f,0.9348f,-0.3551f,0.0036f,0f,0.3551f,0.9348f,1.0665f,1.0001f,0f,0f,0f,0f,0f,0f,1f],start_interpolation: 0,interpolation_duration: 1}
$data merge entity $(bone_eyes_up) {transformation: [0f,0f,0f,0.1789f,0f,0f,0f,1.1331f,0f,0f,0f,0f,0f,0f,0f,1f],start_interpolation: 0,interpolation_duration: 1}
$data merge entity $(bone_bone) {transformation: [0f,0.9348f,-0.3551f,-0.0256f,0f,0.3551f,0.9348f,1.0554f,1.0001f,0f,0f,0f,0f,0f,0f,1f],start_interpolation: 0,interpolation_duration: 1}
$data merge entity $(bone_l) {transformation: [-0.1623f,0.6905f,-0.3551f,0.2772f,-0.0617f,0.2623f,0.9348f,0.8963f,0.9849f,0.1302f,0f,0.125f,0f,0f,0f,1f],start_interpolation: 0,interpolation_duration: 1}
$data merge entity $(bone_r) {transformation: [0.1623f,0.6905f,-0.3551f,0.2772f,0.0617f,0.2623f,0.9348f,0.8963f,0.9849f,-0.1302f,0f,-0.125f,0f,0f,0f,1f],start_interpolation: 0,interpolation_duration: 1}
$data merge entity $(bone_sad) {transformation: [0f,0.6263f,-0.1776f,0.1197f,0f,0.2379f,0.4674f,0.8432f,3.0003f,0f,0f,0.1406f,0f,0f,0f,1f],start_interpolation: 0,interpolation_duration: 1}
$data merge entity $(bone_head) {transformation: [0f,0.9348f,-0.3551f,-0.0256f,0f,0.3551f,0.9348f,1.0554f,1.0001f,0f,0f,0f,0f,0f,0f,1f],start_interpolation: 0,interpolation_duration: 1}
$data merge entity $(bone_6) {transformation: [0.0362f,0.9618f,-0.2677f,-0.124f,0.002f,0.2682f,0.9634f,0.1785f,0.9983f,-0.0354f,0.0077f,-0.1518f,0f,0f,0f,1f],start_interpolation: 0,interpolation_duration: 1}
$data merge entity $(bone_12) {transformation: [0.0362f,0.0774f,-0.9953f,-0.1645f,0.002f,0.997f,0.0775f,0.4638f,0.9983f,-0.0048f,0.0359f,-0.1509f,0f,0f,0f,1f],start_interpolation: 0,interpolation_duration: 1}
$data merge entity $(bone_10) {transformation: [0f,-0.1371f,-0.9896f,-0.2257f,0f,0.9906f,-0.137f,0.827f,0.999f,0f,0f,-0.0166f,0f,0f,0f,1f],start_interpolation: 0,interpolation_duration: 1}
$data merge entity $(bone_9) {transformation: [0f,0.5959f,-0.803f,-0.027f,0f,0.803f,0.5959f,1.0687f,1f,0f,0f,-0.0166f,0f,0f,0f,1f],start_interpolation: 0,interpolation_duration: 1}
$data merge entity $(item_display_item_display) {transformation: [0f,0f,0f,-0.5566f,0f,0f,0f,0.5531f,0f,0f,0f,2.2514f,0f,0f,0f,1f],start_interpolation: 0,interpolation_duration: 1}
$data merge entity $(bone_2) {transformation: [-0.3619f,-0.574f,0.7194f,-0.0526f,-0.1139f,0.796f,0.5774f,0.7624f,-0.9123f,0.1283f,-0.3574f,0.3533f,0f,0f,0f,1f],start_interpolation: 0,interpolation_duration: 1}
$data merge entity $(bone_1) {transformation: [-0.3622f,-0.1183f,0.9127f,-0.0847f,-0.114f,0.98f,0.0815f,1.0827f,-0.9132f,-0.0754f,-0.3722f,0.3261f,0f,0f,0f,1f],start_interpolation: 0,interpolation_duration: 1}
$data merge entity $(bone_4) {transformation: [-0.0481f,-0.1751f,-0.9756f,-0.1785f,-0.1393f,0.9708f,-0.1775f,0.8203f,0.9772f,0.1274f,-0.071f,-0.434f,0f,0f,0f,1f],start_interpolation: 0,interpolation_duration: 1}
$data merge entity $(bone_3) {transformation: [-0.0481f,0.404f,-0.9051f,-0.0426f,-0.1394f,0.9025f,0.3993f,1.1006f,0.9782f,0.1452f,0.013f,-0.3884f,0f,0f,0f,1f],start_interpolation: 0,interpolation_duration: 1}
$data merge entity $(bone_8) {transformation: [-0.0484f,0.002f,-0.9988f,0.0578f,-0.0041f,0.999f,0.0026f,0.3699f,0.9978f,0.0042f,-0.0484f,0.1441f,0f,0f,0f,1f],start_interpolation: 0,interpolation_duration: 1}
$data merge entity $(bone_7) {transformation: [-0.0484f,-0.8413f,-0.5384f,-0.2171f,-0.0041f,0.5389f,-0.8412f,0.4814f,0.9978f,-0.0386f,-0.0296f,0.1313f,0f,0f,0f,1f],start_interpolation: 0,interpolation_duration: 1}