# This file was generated by Animated Java via MC-Build. It is not recommended to edit this file directly.
$data merge entity $(bone_layer) {transformation: [0.3152f,-0.491f,-0.8134f,0.0011f,0.1686f,0.8723f,-0.4613f,1.7468f,0.9351f,0.0083f,0.3573f,-0.5563f,0f,0f,0f,1f],start_interpolation: 0,interpolation_duration: 1}
$data merge entity $(bone_l_1) {transformation: [0.2834f,-0.4415f,-0.8126f,0.1578f,0.1516f,0.7842f,-0.4608f,2.0143f,0.8408f,0.0074f,0.3569f,-0.5502f,0f,0f,0f,1f],start_interpolation: 0,interpolation_duration: 1}
$data merge entity $(bone_eye_l) {transformation: [0.3149f,-0.4905f,-0.8126f,0.0011f,0.1684f,0.8714f,-0.4608f,1.7468f,0.9342f,0.0083f,0.3569f,-0.5563f,0f,0f,0f,1f],start_interpolation: 0,interpolation_duration: 1}
$data merge entity $(bone_r_1) {transformation: [0.2834f,-0.4415f,-0.8126f,0.0924f,0.1516f,0.7842f,-0.4608f,1.9792f,0.8408f,0.0074f,0.3569f,-0.736f,0f,0f,0f,1f],start_interpolation: 0,interpolation_duration: 1}
$data merge entity $(bone_eye_r) {transformation: [0.3149f,-0.4905f,-0.8126f,0.0947f,0.1684f,0.8714f,-0.4608f,1.9449f,0.9342f,0.0083f,0.3569f,-0.7574f,0f,0f,0f,1f],start_interpolation: 0,interpolation_duration: 1}
$data merge entity $(bone_eyes_down) {transformation: [0.3149f,-0.4905f,-0.8126f,-0.0449f,0.1684f,0.8714f,-0.4608f,1.8285f,0.9342f,0.0083f,0.3569f,-0.5555f,0f,0f,0f,1f],start_interpolation: 0,interpolation_duration: 1}
$data merge entity $(bone_eyes_up) {transformation: [0.3149f,-0.4905f,-0.8126f,-0.1062f,0.1684f,0.8714f,-0.4608f,1.9374f,0.9342f,0.0083f,0.3569f,-0.5545f,0f,0f,0f,1f],start_interpolation: 0,interpolation_duration: 1}
$data merge entity $(bone_bone) {transformation: [0.3149f,-0.4905f,-0.8126f,0.0011f,0.1684f,0.8714f,-0.4608f,1.7468f,0.9342f,0.0083f,0.3569f,-0.5563f,0f,0f,0f,1f],start_interpolation: 0,interpolation_duration: 1}
$data merge entity $(bone_l) {transformation: [0.2932f,-0.3778f,-0.8126f,0.1467f,0.2062f,0.6474f,-0.4608f,2.067f,0.9337f,-0.0244f,0.3569f,-0.5292f,0f,0f,0f,1f],start_interpolation: 0,interpolation_duration: 1}
$data merge entity $(bone_r) {transformation: [0.336f,-0.3572f,-0.8126f,0.068f,0.1302f,0.6584f,-0.4608f,2.0249f,0.9329f,0.0367f,0.3569f,-0.7628f,0f,0f,0f,1f],start_interpolation: 0,interpolation_duration: 1}
$data merge entity $(bone_sad) {transformation: [0.3149f,-0.4905f,-0.8126f,0.2109f,0.1684f,0.8714f,-0.4608f,1.9368f,0.9342f,0.0083f,0.3569f,-0.5776f,0f,0f,0f,1f],start_interpolation: 0,interpolation_duration: 1}
$data merge entity $(bone_head) {transformation: [0.3149f,-0.4905f,-0.8126f,0.0011f,0.1684f,0.8714f,-0.4608f,1.7468f,0.9342f,0.0083f,0.3569f,-0.5563f,0f,0f,0f,1f],start_interpolation: 0,interpolation_duration: 1}
$data merge entity $(bone_6) {transformation: [0.4108f,0.5417f,-0.7321f,0.0326f,0.0232f,0.7972f,0.6033f,0.7887f,0.9103f,-0.2647f,0.315f,-0.4522f,0f,0f,0f,1f],start_interpolation: 0,interpolation_duration: 1}
$data merge entity $(bone_12) {transformation: [0.4108f,-0.1542f,-0.8975f,-0.0205f,0.0232f,0.987f,-0.1587f,1.128f,0.9103f,0.0445f,0.409f,-0.4369f,0f,0f,0f,1f],start_interpolation: 0,interpolation_duration: 1}
$data merge entity $(bone_10) {transformation: [0.4411f,-0.2972f,-0.8458f,-0.0418f,0.3296f,0.9312f,-0.1547f,1.4305f,0.8335f,-0.211f,0.5087f,-0.4244f,0f,0f,0f,1f],start_interpolation: 0,interpolation_duration: 1}
$data merge entity $(bone_9) {transformation: [0.4415f,0.0396f,-0.8964f,-0.0275f,0.3299f,0.9219f,0.2033f,1.7617f,0.8344f,-0.3855f,0.3939f,-0.5629f,0f,0f,0f,1f],start_interpolation: 0,interpolation_duration: 1}
$data merge entity $(item_display_item_display) {transformation: [0.8768f,-0.4096f,-0.2083f,0.3748f,0.2333f,0.0092f,0.9601f,1.7755f,-0.3954f,-0.9005f,0.1046f,-0.6198f,0f,0f,0f,1f],start_interpolation: 0,interpolation_duration: 1}
$data merge entity $(bone_2) {transformation: [0.2083f,-0.6775f,-0.691f,0.2934f,-0.9601f,-0.2217f,-0.0732f,1.7107f,-0.1046f,0.686f,-0.7048f,-0.1864f,0f,0f,0f,1f],start_interpolation: 0,interpolation_duration: 1}
$data merge entity $(bone_1) {transformation: [0.2085f,-0.9532f,0.1672f,-0.0332f,-0.9611f,-0.1858f,0.1413f,1.6477f,-0.1047f,-0.1925f,-0.9645f,-0.2585f,0f,0f,0f,1f],start_interpolation: 0,interpolation_duration: 1}
$data merge entity $(bone_4) {transformation: [0.3438f,-0.5896f,-0.7158f,-0.3103f,-0.4526f,0.5688f,-0.6861f,1.3082f,0.811f,0.5605f,-0.0718f,-0.8438f,0f,0f,0f,1f],start_interpolation: 0,interpolation_duration: 1}
$data merge entity $(bone_3) {transformation: [0.3442f,0.3858f,-0.8433f,-0.1898f,-0.453f,0.8658f,0.2114f,1.5787f,0.8118f,0.3097f,0.4727f,-0.747f,0f,0f,0f,1f],start_interpolation: 0,interpolation_duration: 1}
$data merge entity $(bone_8) {transformation: [0.2424f,-0.3756f,-0.8941f,0.3405f,0.5522f,0.8104f,-0.1917f,1.3048f,0.7964f,-0.4475f,0.4046f,-0.385f,0f,0f,0f,1f],start_interpolation: 0,interpolation_duration: 1}
$data merge entity $(bone_7) {transformation: [0.2424f,-0.6299f,0.7373f,0.124f,0.5522f,-0.5354f,-0.6379f,1.1208f,0.7964f,0.5625f,0.218f,-0.1916f,0f,0f,0f,1f],start_interpolation: 0,interpolation_duration: 1}
data modify entity @s data merge value {"cameras":{"camera1":{"px":2.461647858796296,"py":0.9137138310185184,"pz":2.01031394675926,"ry":119.23050925925924,"rx":-18.50740740740741}},"locators":{}}