# This file was generated by Animated Java via MC-Build. It is not recommended to edit this file directly.
$data merge entity $(bone_layer) {transformation: [0f,0.9304f,-0.3692f,-0.0355f,0f,0.3692f,0.9304f,1.0603f,1.0011f,0f,0f,0f,0f,0f,0f,1f],start_interpolation: 0,interpolation_duration: 1}
$data merge entity $(bone_l_1) {transformation: [0f,0.6971f,-0.3688f,0.1665f,0f,0.2766f,0.9295f,0.8732f,0.7501f,0f,0f,0.1219f,0f,0f,0f,1f],start_interpolation: 0,interpolation_duration: 1}
$data merge entity $(bone_eye_l) {transformation: [0f,0.9295f,-0.3688f,-0.0355f,0f,0.3688f,0.9295f,1.0603f,1.0001f,0f,0f,0f,0f,0f,0f,1f],start_interpolation: 0,interpolation_duration: 1}
$data merge entity $(bone_r_1) {transformation: [0f,0.6971f,-0.3688f,0.1665f,0f,0.2766f,0.9295f,0.8732f,0.7501f,0f,0f,-0.1219f,0f,0f,0f,1f],start_interpolation: 0,interpolation_duration: 1}
$data merge entity $(bone_eye_r) {transformation: [0f,0.9295f,-0.3688f,0.17f,0f,0.3688f,0.9295f,0.8813f,1.0001f,0f,0f,-0.125f,0f,0f,0f,1f],start_interpolation: 0,interpolation_duration: 1}
$data merge entity $(bone_eyes_down) {transformation: [0f,0.9295f,-0.3688f,-0.0064f,0f,0.3688f,0.9295f,1.0718f,1.0001f,0f,0f,0f,0f,0f,0f,1f],start_interpolation: 0,interpolation_duration: 1}
$data merge entity $(bone_bone) {transformation: [0f,0.9295f,-0.3688f,-0.0355f,0f,0.3688f,0.9295f,1.0603f,1.0001f,0f,0f,0f,0f,0f,0f,1f],start_interpolation: 0,interpolation_duration: 1}
$data merge entity $(bone_l) {transformation: [-0.1614f,0.6865f,-0.3688f,0.2696f,-0.064f,0.2724f,0.9295f,0.9057f,0.9849f,0.1302f,0f,0.125f,0f,0f,0f,1f],start_interpolation: 0,interpolation_duration: 1}
$data merge entity $(bone_r) {transformation: [0.1614f,0.6865f,-0.3688f,0.2696f,0.064f,0.2724f,0.9295f,0.9057f,0.9849f,-0.1302f,0f,-0.125f,0f,0f,0f,1f],start_interpolation: 0,interpolation_duration: 1}
$data merge entity $(bone_sad) {transformation: [0f,0.6228f,-0.1844f,0.1131f,0f,0.2471f,0.4648f,0.8503f,3.0003f,0f,0f,0.1406f,0f,0f,0f,1f],start_interpolation: 0,interpolation_duration: 1}
$data merge entity $(bone_head) {transformation: [0f,0.9295f,-0.3688f,-0.0355f,0f,0.3688f,0.9295f,1.0603f,1.0001f,0f,0f,0f,0f,0f,0f,1f],start_interpolation: 0,interpolation_duration: 1}
$data merge entity $(bone_6) {transformation: [0.0379f,0.9587f,-0.2784f,-0.1209f,0.0036f,0.2789f,0.9603f,0.1787f,0.9983f,-0.0374f,0.0071f,-0.1517f,0f,0f,0f,1f],start_interpolation: 0,interpolation_duration: 1}
$data merge entity $(bone_12) {transformation: [0.0379f,0.0663f,-0.9961f,-0.1645f,0.0036f,0.9978f,0.0664f,0.4635f,0.9983f,-0.0061f,0.0375f,-0.151f,0f,0f,0f,1f],start_interpolation: 0,interpolation_duration: 1}
$data merge entity $(bone_10) {transformation: [0f,-0.1512f,-0.9875f,-0.2316f,0f,0.9885f,-0.151f,0.8319f,0.999f,0f,0f,-0.0167f,0f,0f,0f,1f],start_interpolation: 0,interpolation_duration: 1}
$data merge entity $(bone_9) {transformation: [0f,0.5907f,-0.8069f,-0.0344f,0f,0.8069f,0.5907f,1.0748f,1f,0f,0f,-0.0167f,0f,0f,0f,1f],start_interpolation: 0,interpolation_duration: 1}
$data merge entity $(item_display_item_display) {transformation: [0f,0f,0f,-0.5454f,0f,0f,0f,0.5423f,0f,0f,0f,2.2506f,0f,0f,0f,1f],start_interpolation: 0,interpolation_duration: 1}
$data merge entity $(bone_2) {transformation: [-0.3684f,-0.5775f,0.7132f,-0.0576f,-0.1089f,0.7917f,0.5843f,0.7692f,-0.9103f,0.139f,-0.3586f,0.3504f,0f,0f,0f,1f],start_interpolation: 0,interpolation_duration: 1}
$data merge entity $(bone_1) {transformation: [-0.3688f,-0.1245f,0.9092f,-0.0917f,-0.109f,0.9799f,0.0897f,1.0889f,-0.9112f,-0.0668f,-0.3787f,0.3259f,0f,0f,0f,1f],start_interpolation: 0,interpolation_duration: 1}
$data merge entity $(bone_4) {transformation: [-0.0422f,-0.171f,-0.9765f,-0.1878f,-0.137f,0.9718f,-0.1744f,0.8232f,0.9778f,0.1265f,-0.0644f,-0.4333f,0f,0f,0f,1f],start_interpolation: 0,interpolation_duration: 1}
$data merge entity $(bone_3) {transformation: [-0.0422f,0.4058f,-0.9045f,-0.0509f,-0.1371f,0.9025f,0.4004f,1.1034f,0.9788f,0.1408f,0.0176f,-0.3892f,0f,0f,0f,1f],start_interpolation: 0,interpolation_duration: 1}
$data merge entity $(bone_8) {transformation: [-0.0493f,-0.0029f,-0.9987f,0.0531f,-0.0033f,0.999f,-0.0024f,0.3687f,0.9978f,0.0032f,-0.0494f,0.1445f,0f,0f,0f,1f],start_interpolation: 0,interpolation_duration: 1}
$data merge entity $(bone_7) {transformation: [-0.0493f,-0.8439f,-0.5342f,-0.2223f,-0.0033f,0.5348f,-0.8438f,0.4789f,0.9978f,-0.04f,-0.0292f,0.1313f,0f,0f,0f,1f],start_interpolation: 0,interpolation_duration: 1}