# This file was generated by Animated Java via MC-Build. It is not recommended to edit this file directly.
$data merge entity $(bone_layer) {transformation: [0f,0.9237f,-0.3857f,-0.0457f,0f,0.3857f,0.9237f,1.0662f,1.0011f,0f,0f,0f,0f,0f,0f,1f],start_interpolation: 0,interpolation_duration: 1}
$data merge entity $(bone_l_1) {transformation: [0f,0.6921f,-0.3853f,0.1596f,0f,0.289f,0.9228f,0.8827f,0.7501f,0f,0f,0.1219f,0f,0f,0f,1f],start_interpolation: 0,interpolation_duration: 1}
$data merge entity $(bone_eye_l) {transformation: [0f,0.9228f,-0.3853f,-0.0457f,0f,0.3853f,0.9228f,1.0662f,1.0001f,0f,0f,0f,0f,0f,0f,1f],start_interpolation: 0,interpolation_duration: 1}
$data merge entity $(bone_r_1) {transformation: [0f,0.6921f,-0.3853f,0.1596f,0f,0.289f,0.9228f,0.8827f,0.7501f,0f,0f,-0.1219f,0f,0f,0f,1f],start_interpolation: 0,interpolation_duration: 1}
$data merge entity $(bone_eye_r) {transformation: [0f,0.9228f,-0.3853f,0.1629f,0f,0.3853f,0.9228f,0.8908f,1.0001f,0f,0f,-0.125f,0f,0f,0f,1f],start_interpolation: 0,interpolation_duration: 1}
$data merge entity $(bone_eyes_down) {transformation: [0f,0.9228f,-0.3853f,-0.0169f,0f,0.3853f,0.9228f,1.0782f,1.0001f,0f,0f,0f,0f,0f,0f,1f],start_interpolation: 0,interpolation_duration: 1}
$data merge entity $(bone_bone) {transformation: [0f,0.9228f,-0.3853f,-0.0457f,0f,0.3853f,0.9228f,1.0662f,1.0001f,0f,0f,0f,0f,0f,0f,1f],start_interpolation: 0,interpolation_duration: 1}
$data merge entity $(bone_l) {transformation: [-0.1602f,0.6816f,-0.3853f,0.2621f,-0.0669f,0.2846f,0.9228f,0.917f,0.9849f,0.1302f,0f,0.125f,0f,0f,0f,1f],start_interpolation: 0,interpolation_duration: 1}
$data merge entity $(bone_r) {transformation: [0.1602f,0.6816f,-0.3853f,0.2621f,0.0669f,0.2846f,0.9228f,0.917f,0.9849f,-0.1302f,0f,-0.125f,0f,0f,0f,1f],start_interpolation: 0,interpolation_duration: 1}
$data merge entity $(bone_sad) {transformation: [0f,0.6183f,-0.1927f,0.1068f,0f,0.2582f,0.4614f,0.8589f,3.0003f,0f,0f,0.1406f,0f,0f,0f,1f],start_interpolation: 0,interpolation_duration: 1}
$data merge entity $(bone_head) {transformation: [0f,0.9228f,-0.3853f,-0.0457f,0f,0.3853f,0.9228f,1.0662f,1.0001f,0f,0f,0f,0f,0f,0f,1f],start_interpolation: 0,interpolation_duration: 1}
$data merge entity $(bone_6) {transformation: [0.0394f,0.9552f,-0.2898f,-0.1176f,0.0047f,0.2902f,0.9569f,0.1794f,0.9982f,-0.0391f,0.007f,-0.1517f,0f,0f,0f,1f],start_interpolation: 0,interpolation_duration: 1}
$data merge entity $(bone_12) {transformation: [0.0394f,0.0544f,-0.9967f,-0.1646f,0.0047f,0.9985f,0.0546f,0.4637f,0.9982f,-0.0068f,0.0391f,-0.1512f,0f,0f,0f,1f],start_interpolation: 0,interpolation_duration: 1}
$data merge entity $(bone_10) {transformation: [0f,-0.1651f,-0.9853f,-0.2375f,0f,0.9863f,-0.1649f,0.8377f,0.999f,0f,0f,-0.0168f,0f,0f,0f,1f],start_interpolation: 0,interpolation_duration: 1}
$data merge entity $(bone_9) {transformation: [0f,0.585f,-0.811f,-0.042f,0f,0.811f,0.585f,1.082f,1f,0f,0f,-0.0168f,0f,0f,0f,1f],start_interpolation: 0,interpolation_duration: 1}
$data merge entity $(item_display_item_display) {transformation: [0f,0f,0f,-0.535f,0f,0f,0f,0.5296f,0f,0f,0f,2.2487f,0f,0f,0f,1f],start_interpolation: 0,interpolation_duration: 1}
$data merge entity $(bone_2) {transformation: [-0.3741f,-0.5828f,0.7059f,-0.0627f,-0.1038f,0.7857f,0.5932f,0.7772f,-0.9086f,0.1502f,-0.3584f,0.3472f,0f,0f,0f,1f],start_interpolation: 0,interpolation_duration: 1}
$data merge entity $(bone_1) {transformation: [-0.3744f,-0.1328f,0.9057f,-0.0994f,-0.1039f,0.9794f,0.1004f,1.0962f,-0.9095f,-0.0572f,-0.3844f,0.3258f,0f,0f,0f,1f],start_interpolation: 0,interpolation_duration: 1}
$data merge entity $(bone_4) {transformation: [-0.0364f,-0.1673f,-0.9773f,-0.197f,-0.1352f,0.9726f,-0.1715f,0.8265f,0.9783f,0.126f,-0.058f,-0.4327f,0f,0f,0f,1f],start_interpolation: 0,interpolation_duration: 1}
$data merge entity $(bone_3) {transformation: [-0.0365f,0.4074f,-0.9039f,-0.0593f,-0.1353f,0.9024f,0.4013f,1.1066f,0.9793f,0.1369f,0.0223f,-0.3898f,0f,0f,0f,1f],start_interpolation: 0,interpolation_duration: 1}
$data merge entity $(bone_8) {transformation: [-0.0503f,-0.0078f,-0.9987f,0.048f,-0.0025f,0.999f,-0.0073f,0.3679f,0.9977f,0.0021f,-0.0503f,0.1449f,0f,0f,0f,1f],start_interpolation: 0,interpolation_duration: 1}
$data merge entity $(bone_7) {transformation: [-0.0503f,-0.8465f,-0.53f,-0.2279f,-0.0025f,0.5306f,-0.8465f,0.4767f,0.9977f,-0.0413f,-0.0288f,0.1313f,0f,0f,0f,1f],start_interpolation: 0,interpolation_duration: 1}