# This file was generated by Animated Java via MC-Build. It is not recommended to edit this file directly.
$data merge entity $(bone_layer) {transformation: [0f,0.9157f,-0.4044f,-0.056f,0f,0.4044f,0.9157f,1.0726f,1.0011f,0f,0f,0f,0f,0f,0f,1f],start_interpolation: 0,interpolation_duration: 1}
$data merge entity $(bone_l_1) {transformation: [0f,0.6861f,-0.404f,0.153f,0f,0.303f,0.9148f,0.8933f,0.7501f,0f,0f,0.1219f,0f,0f,0f,1f],start_interpolation: 0,interpolation_duration: 1}
$data merge entity $(bone_eye_l) {transformation: [0f,0.9148f,-0.404f,-0.056f,0f,0.404f,0.9148f,1.0726f,1.0001f,0f,0f,0f,0f,0f,0f,1f],start_interpolation: 0,interpolation_duration: 1}
$data merge entity $(bone_r_1) {transformation: [0f,0.6861f,-0.404f,0.153f,0f,0.303f,0.9148f,0.8933f,0.7501f,0f,0f,-0.1219f,0f,0f,0f,1f],start_interpolation: 0,interpolation_duration: 1}
$data merge entity $(bone_eye_r) {transformation: [0f,0.9148f,-0.404f,0.1562f,0f,0.404f,0.9148f,0.9015f,1.0001f,0f,0f,-0.125f,0f,0f,0f,1f],start_interpolation: 0,interpolation_duration: 1}
$data merge entity $(bone_eyes_down) {transformation: [0f,0.9148f,-0.404f,-0.0274f,0f,0.404f,0.9148f,1.0852f,1.0001f,0f,0f,0f,0f,0f,0f,1f],start_interpolation: 0,interpolation_duration: 1}
$data merge entity $(bone_eyes_up) {transformation: [0f,0f,0f,0.1441f,0f,0f,0f,1.161f,0f,0f,0f,0f,0f,0f,0f,1f],start_interpolation: 0,interpolation_duration: 1}
$data merge entity $(bone_bone) {transformation: [0f,0.9148f,-0.404f,-0.056f,0f,0.404f,0.9148f,1.0726f,1.0001f,0f,0f,0f,0f,0f,0f,1f],start_interpolation: 0,interpolation_duration: 1}
$data merge entity $(bone_l) {transformation: [-0.1588f,0.6756f,-0.404f,0.2548f,-0.0702f,0.2984f,0.9148f,0.9297f,0.9849f,0.1302f,0f,0.125f,0f,0f,0f,1f],start_interpolation: 0,interpolation_duration: 1}
$data merge entity $(bone_r) {transformation: [0.1588f,0.6756f,-0.404f,0.2548f,0.0702f,0.2984f,0.9148f,0.9297f,0.9849f,-0.1302f,0f,-0.125f,0f,0f,0f,1f],start_interpolation: 0,interpolation_duration: 1}
$data merge entity $(bone_sad) {transformation: [0f,0.6129f,-0.202f,0.1008f,0f,0.2707f,0.4574f,0.8686f,3.0003f,0f,0f,0.1406f,0f,0f,0f,1f],start_interpolation: 0,interpolation_duration: 1}
$data merge entity $(bone_head) {transformation: [0f,0.9148f,-0.404f,-0.056f,0f,0.404f,0.9148f,1.0726f,1.0001f,0f,0f,0f,0f,0f,0f,1f],start_interpolation: 0,interpolation_duration: 1}
$data merge entity $(bone_6) {transformation: [0.0408f,0.9516f,-0.3014f,-0.1143f,0.0053f,0.3018f,0.9533f,0.1806f,0.9982f,-0.0405f,0.0072f,-0.1519f,0f,0f,0f,1f],start_interpolation: 0,interpolation_duration: 1}
$data merge entity $(bone_12) {transformation: [0.0408f,0.0422f,-0.9973f,-0.1648f,0.0053f,0.9991f,0.0424f,0.4642f,0.9982f,-0.007f,0.0405f,-0.1514f,0f,0f,0f,1f],start_interpolation: 0,interpolation_duration: 1}
$data merge entity $(bone_10) {transformation: [0f,-0.1785f,-0.983f,-0.243f,0f,0.9839f,-0.1783f,0.8442f,0.999f,0f,0f,-0.0168f,0f,0f,0f,1f],start_interpolation: 0,interpolation_duration: 1}
$data merge entity $(bone_9) {transformation: [0f,0.5791f,-0.8152f,-0.0493f,0f,0.8152f,0.5791f,1.0899f,1f,0f,0f,-0.0168f,0f,0f,0f,1f],start_interpolation: 0,interpolation_duration: 1}
$data merge entity $(item_display_item_display) {transformation: [0f,0f,0f,-0.5252f,0f,0f,0f,0.5156f,0f,0f,0f,2.2459f,0f,0f,0f,1f],start_interpolation: 0,interpolation_duration: 1}
$data merge entity $(bone_2) {transformation: [-0.3789f,-0.5894f,0.6978f,-0.0675f,-0.0988f,0.7785f,0.6035f,0.7859f,-0.9071f,0.1614f,-0.3572f,0.3438f,0f,0f,0f,1f],start_interpolation: 0,interpolation_duration: 1}
$data merge entity $(bone_1) {transformation: [-0.3793f,-0.1427f,0.9022f,-0.1074f,-0.0989f,0.9785f,0.1129f,1.1041f,-0.908f,-0.047f,-0.3891f,0.3258f,0f,0f,0f,1f],start_interpolation: 0,interpolation_duration: 1}
$data merge entity $(bone_4) {transformation: [-0.0309f,-0.1635f,-0.9781f,-0.2062f,-0.1338f,0.9734f,-0.1684f,0.83f,0.9786f,0.1259f,-0.052f,-0.4321f,0f,0f,0f,1f],start_interpolation: 0,interpolation_duration: 1}
$data merge entity $(bone_3) {transformation: [-0.031f,0.409f,-0.9033f,-0.0676f,-0.1339f,0.9023f,0.4023f,1.11f,0.9796f,0.1335f,0.0269f,-0.3903f,0f,0f,0f,1f],start_interpolation: 0,interpolation_duration: 1}
$data merge entity $(bone_8) {transformation: [-0.0512f,-0.0127f,-0.9986f,0.0428f,-0.0017f,0.9989f,-0.0123f,0.3674f,0.9977f,0.0011f,-0.0512f,0.1452f,0f,0f,0f,1f],start_interpolation: 0,interpolation_duration: 1}
$data merge entity $(bone_7) {transformation: [-0.0512f,-0.849f,-0.5258f,-0.2336f,-0.0017f,0.5264f,-0.8491f,0.4748f,0.9977f,-0.0426f,-0.0285f,0.1313f,0f,0f,0f,1f],start_interpolation: 0,interpolation_duration: 1}