# This file was generated by Animated Java via MC-Build. It is not recommended to edit this file directly.
$data merge entity $(bone_layer) {transformation: [0f,0.9065f,-0.4246f,-0.066f,0f,0.4246f,0.9065f,1.0792f,1.0011f,0f,0f,0f,0f,0f,0f,1f],start_interpolation: 0,interpolation_duration: 1}
$data merge entity $(bone_l_1) {transformation: [0f,0.6792f,-0.4242f,0.147f,0f,0.3181f,0.9056f,0.9046f,0.7501f,0f,0f,0.1219f,0f,0f,0f,1f],start_interpolation: 0,interpolation_duration: 1}
$data merge entity $(bone_eye_l) {transformation: [0f,0.9056f,-0.4242f,-0.066f,0f,0.4242f,0.9056f,1.0792f,1.0001f,0f,0f,0f,0f,0f,0f,1f],start_interpolation: 0,interpolation_duration: 1}
$data merge entity $(bone_r_1) {transformation: [0f,0.6792f,-0.4242f,0.147f,0f,0.3181f,0.9056f,0.9046f,0.7501f,0f,0f,-0.1219f,0f,0f,0f,1f],start_interpolation: 0,interpolation_duration: 1}
$data merge entity $(bone_eye_r) {transformation: [0f,0.9056f,-0.4242f,0.15f,0f,0.4242f,0.9056f,0.9129f,1.0001f,0f,0f,-0.125f,0f,0f,0f,1f],start_interpolation: 0,interpolation_duration: 1}
$data merge entity $(bone_eyes_down) {transformation: [0f,0.9056f,-0.4242f,-0.0377f,0f,0.4242f,0.9056f,1.0925f,1.0001f,0f,0f,0f,0f,0f,0f,1f],start_interpolation: 0,interpolation_duration: 1}
$data merge entity $(bone_eyes_up) {transformation: [0f,0f,0f,0.1321f,0f,0f,0f,1.172f,0f,0f,0f,0f,0f,0f,0f,1f],start_interpolation: 0,interpolation_duration: 1}
$data merge entity $(bone_bone) {transformation: [0f,0.9056f,-0.4242f,-0.066f,0f,0.4242f,0.9056f,1.0792f,1.0001f,0f,0f,0f,0f,0f,0f,1f],start_interpolation: 0,interpolation_duration: 1}
$data merge entity $(bone_l) {transformation: [-0.1573f,0.6689f,-0.4242f,0.2479f,-0.0737f,0.3133f,0.9056f,0.9433f,0.9849f,0.1302f,0f,0.125f,0f,0f,0f,1f],start_interpolation: 0,interpolation_duration: 1}
$data merge entity $(bone_r) {transformation: [0.1573f,0.6689f,-0.4242f,0.2479f,0.0737f,0.3133f,0.9056f,0.9433f,0.9849f,-0.1302f,0f,-0.125f,0f,0f,0f,1f],start_interpolation: 0,interpolation_duration: 1}
$data merge entity $(bone_sad) {transformation: [0f,0.6067f,-0.2121f,0.0955f,0f,0.2842f,0.4528f,0.8788f,3.0003f,0f,0f,0.1406f,0f,0f,0f,1f],start_interpolation: 0,interpolation_duration: 1}
$data merge entity $(bone_head) {transformation: [0f,0.9056f,-0.4242f,-0.066f,0f,0.4242f,0.9056f,1.0792f,1.0001f,0f,0f,0f,0f,0f,0f,1f],start_interpolation: 0,interpolation_duration: 1}
$data merge entity $(bone_6) {transformation: [0.042f,0.9479f,-0.3127f,-0.111f,0.0056f,0.3131f,0.9497f,0.182f,0.9981f,-0.0417f,0.0078f,-0.1522f,0f,0f,0f,1f],start_interpolation: 0,interpolation_duration: 1}
$data merge entity $(bone_12) {transformation: [0.042f,0.0304f,-0.9977f,-0.1648f,0.0056f,0.9995f,0.0306f,0.465f,0.9981f,-0.0069f,0.0419f,-0.1515f,0f,0f,0f,1f],start_interpolation: 0,interpolation_duration: 1}
$data merge entity $(bone_10) {transformation: [0f,-0.1908f,-0.9806f,-0.2481f,0f,0.9816f,-0.1906f,0.8508f,0.999f,0f,0f,-0.0167f,0f,0f,0f,1f],start_interpolation: 0,interpolation_duration: 1}
$data merge entity $(bone_9) {transformation: [0f,0.5733f,-0.8194f,-0.0562f,0f,0.8194f,0.5733f,1.0979f,1f,0f,0f,-0.0167f,0f,0f,0f,1f],start_interpolation: 0,interpolation_duration: 1}
$data merge entity $(item_display_item_display) {transformation: [0f,0f,0f,-0.5161f,0f,0f,0f,0.5009f,0f,0f,0f,2.2422f,0f,0f,0f,1f],start_interpolation: 0,interpolation_duration: 1}
$data merge entity $(bone_2) {transformation: [-0.383f,-0.5967f,0.6893f,-0.0721f,-0.0938f,0.7705f,0.6144f,0.795f,-0.9059f,0.1725f,-0.355f,0.3405f,0f,0f,0f,1f],start_interpolation: 0,interpolation_duration: 1}
$data merge entity $(bone_1) {transformation: [-0.3833f,-0.1534f,0.8987f,-0.1153f,-0.0939f,0.9774f,0.1264f,1.1122f,-0.9068f,-0.0364f,-0.393f,0.3259f,0f,0f,0f,1f],start_interpolation: 0,interpolation_duration: 1}
$data merge entity $(bone_4) {transformation: [-0.0258f,-0.1594f,-0.9788f,-0.215f,-0.1327f,0.9742f,-0.1651f,0.8334f,0.9789f,0.1259f,-0.0464f,-0.4315f,0f,0f,0f,1f],start_interpolation: 0,interpolation_duration: 1}
$data merge entity $(bone_3) {transformation: [-0.0258f,0.4108f,-0.9026f,-0.0755f,-0.1329f,0.9019f,0.4035f,1.1131f,0.9799f,0.1305f,0.0313f,-0.3907f,0f,0f,0f,1f],start_interpolation: 0,interpolation_duration: 1}
$data merge entity $(bone_8) {transformation: [-0.0521f,-0.0176f,-0.9985f,0.0376f,-0.001f,0.9989f,-0.0172f,0.3672f,0.9976f,0f,-0.0522f,0.1456f,0f,0f,0f,1f],start_interpolation: 0,interpolation_duration: 1}
$data merge entity $(bone_7) {transformation: [-0.0521f,-0.8515f,-0.5216f,-0.2393f,-0.001f,0.5221f,-0.8517f,0.4733f,0.9976f,-0.044f,-0.0281f,0.1313f,0f,0f,0f,1f],start_interpolation: 0,interpolation_duration: 1}