# This file was generated by Animated Java via MC-Build. It is not recommended to edit this file directly.
$data merge entity $(bone_layer) {transformation: [0f,0.8963f,-0.4457f,-0.0752f,0f,0.4457f,0.8963f,1.0857f,1.0011f,0f,0f,0f,0f,0f,0f,1f],start_interpolation: 0,interpolation_duration: 1}
$data merge entity $(bone_l_1) {transformation: [0f,0.6715f,-0.4453f,0.1417f,0f,0.334f,0.8954f,0.9161f,0.7501f,0f,0f,0.1219f,0f,0f,0f,1f],start_interpolation: 0,interpolation_duration: 1}
$data merge entity $(bone_eye_l) {transformation: [0f,0.8954f,-0.4453f,-0.0752f,0f,0.4453f,0.8954f,1.0857f,1.0001f,0f,0f,0f,0f,0f,0f,1f],start_interpolation: 0,interpolation_duration: 1}
$data merge entity $(bone_r_1) {transformation: [0f,0.6715f,-0.4453f,0.1417f,0f,0.334f,0.8954f,0.9161f,0.7501f,0f,0f,-0.1219f,0f,0f,0f,1f],start_interpolation: 0,interpolation_duration: 1}
$data merge entity $(bone_eye_r) {transformation: [0f,0.8954f,-0.4453f,0.1445f,0f,0.4453f,0.8954f,0.9245f,1.0001f,0f,0f,-0.125f,0f,0f,0f,1f],start_interpolation: 0,interpolation_duration: 1}
$data merge entity $(bone_eyes_down) {transformation: [0f,0.8954f,-0.4453f,-0.0473f,0f,0.4453f,0.8954f,1.0996f,1.0001f,0f,0f,0f,0f,0f,0f,1f],start_interpolation: 0,interpolation_duration: 1}
$data merge entity $(bone_eyes_up) {transformation: [0f,0f,0f,0.1206f,0f,0f,0f,1.1831f,0f,0f,0f,0f,0f,0f,0f,1f],start_interpolation: 0,interpolation_duration: 1}
$data merge entity $(bone_bone) {transformation: [0f,0.8954f,-0.4453f,-0.0752f,0f,0.4453f,0.8954f,1.0857f,1.0001f,0f,0f,0f,0f,0f,0f,1f],start_interpolation: 0,interpolation_duration: 1}
$data merge entity $(bone_l) {transformation: [-0.1555f,0.6613f,-0.4453f,0.2417f,-0.0773f,0.3289f,0.8954f,0.9571f,0.9849f,0.1302f,0f,0.125f,0f,0f,0f,1f],start_interpolation: 0,interpolation_duration: 1}
$data merge entity $(bone_r) {transformation: [0.1555f,0.6613f,-0.4453f,0.2417f,0.0773f,0.3289f,0.8954f,0.9571f,0.9849f,-0.1302f,0f,-0.125f,0f,0f,0f,1f],start_interpolation: 0,interpolation_duration: 1}
$data merge entity $(bone_sad) {transformation: [0f,0.5999f,-0.2226f,0.091f,0f,0.2983f,0.4477f,0.8891f,3.0003f,0f,0f,0.1406f,0f,0f,0f,1f],start_interpolation: 0,interpolation_duration: 1}
$data merge entity $(bone_head) {transformation: [0f,0.8954f,-0.4453f,-0.0752f,0f,0.4453f,0.8954f,1.0857f,1.0001f,0f,0f,0f,0f,0f,0f,1f],start_interpolation: 0,interpolation_duration: 1}
$data merge entity $(bone_6) {transformation: [0.0431f,0.9443f,-0.3232f,-0.1076f,0.0055f,0.3236f,0.9462f,0.1835f,0.9981f,-0.0425f,0.0087f,-0.1526f,0f,0f,0f,1f],start_interpolation: 0,interpolation_duration: 1}
$data merge entity $(bone_12) {transformation: [0.0431f,0.0193f,-0.9979f,-0.1645f,0.0055f,0.9998f,0.0195f,0.4659f,0.9981f,-0.0064f,0.0429f,-0.1517f,0f,0f,0f,1f],start_interpolation: 0,interpolation_duration: 1}
$data merge entity $(bone_10) {transformation: [0f,-0.202f,-0.9784f,-0.2527f,0f,0.9794f,-0.2018f,0.8575f,0.999f,0f,0f,-0.0167f,0f,0f,0f,1f],start_interpolation: 0,interpolation_duration: 1}
$data merge entity $(bone_9) {transformation: [0f,0.5675f,-0.8234f,-0.0625f,0f,0.8234f,0.5675f,1.1059f,1f,0f,0f,-0.0167f,0f,0f,0f,1f],start_interpolation: 0,interpolation_duration: 1}
$data merge entity $(item_display_item_display) {transformation: [0f,0f,0f,-0.5075f,0f,0f,0f,0.4859f,0f,0f,0f,2.238f,0f,0f,0f,1f],start_interpolation: 0,interpolation_duration: 1}
$data merge entity $(bone_2) {transformation: [-0.3864f,-0.6042f,0.6808f,-0.0762f,-0.0889f,0.7622f,0.6254f,0.8039f,-0.905f,0.1831f,-0.3521f,0.3372f,0f,0f,0f,1f],start_interpolation: 0,interpolation_duration: 1}
$data merge entity $(bone_1) {transformation: [-0.3868f,-0.1641f,0.8954f,-0.1228f,-0.089f,0.976f,0.1401f,1.1202f,-0.9059f,-0.0258f,-0.396f,0.326f,0f,0f,0f,1f],start_interpolation: 0,interpolation_duration: 1}
$data merge entity $(bone_4) {transformation: [-0.021f,-0.1547f,-0.9796f,-0.2234f,-0.1319f,0.975f,-0.161f,0.8363f,0.9791f,0.1261f,-0.0411f,-0.4308f,0f,0f,0f,1f],start_interpolation: 0,interpolation_duration: 1}
$data merge entity $(bone_3) {transformation: [-0.0211f,0.4132f,-0.9016f,-0.0827f,-0.132f,0.9013f,0.4054f,1.1158f,0.9801f,0.1278f,0.0356f,-0.391f,0f,0f,0f,1f],start_interpolation: 0,interpolation_duration: 1}
$data merge entity $(bone_8) {transformation: [-0.053f,-0.0225f,-0.9983f,0.0327f,-0.0002f,0.9988f,-0.0222f,0.3673f,0.9976f,-0.001f,-0.0531f,0.146f,0f,0f,0f,1f],start_interpolation: 0,interpolation_duration: 1}
$data merge entity $(bone_7) {transformation: [-0.053f,-0.8541f,-0.5174f,-0.2447f,-0.0002f,0.5179f,-0.8543f,0.472f,0.9976f,-0.0453f,-0.0276f,0.1313f,0f,0f,0f,1f],start_interpolation: 0,interpolation_duration: 1}