# This file was generated by Animated Java via MC-Build. It is not recommended to edit this file directly.
$data merge entity $(bone_layer) {transformation: [0f,0.8854f,-0.467f,-0.0835f,0f,0.467f,0.8854f,1.0915f,1.0011f,0f,0f,0f,0f,0f,0f,1f],start_interpolation: 0,interpolation_duration: 1}
$data merge entity $(bone_l_1) {transformation: [0f,0.6634f,-0.4666f,0.1374f,0f,0.3499f,0.8845f,0.9272f,0.7501f,0f,0f,0.1219f,0f,0f,0f,1f],start_interpolation: 0,interpolation_duration: 1}
$data merge entity $(bone_eye_l) {transformation: [0f,0.8845f,-0.4666f,-0.0835f,0f,0.4666f,0.8845f,1.0915f,1.0001f,0f,0f,0f,0f,0f,0f,1f],start_interpolation: 0,interpolation_duration: 1}
$data merge entity $(bone_r_1) {transformation: [0f,0.6634f,-0.4666f,0.1374f,0f,0.3499f,0.8845f,0.9272f,0.7501f,0f,0f,-0.1219f,0f,0f,0f,1f],start_interpolation: 0,interpolation_duration: 1}
$data merge entity $(bone_eye_r) {transformation: [0f,0.8845f,-0.4666f,0.14f,0f,0.4666f,0.8845f,0.9356f,1.0001f,0f,0f,-0.125f,0f,0f,0f,1f],start_interpolation: 0,interpolation_duration: 1}
$data merge entity $(bone_eyes_down) {transformation: [0f,0.8845f,-0.4666f,-0.0559f,0f,0.4666f,0.8845f,1.1061f,1.0001f,0f,0f,0f,0f,0f,0f,1f],start_interpolation: 0,interpolation_duration: 1}
$data merge entity $(bone_bone) {transformation: [0f,0.8845f,-0.4666f,-0.0835f,0f,0.4666f,0.8845f,1.0915f,1.0001f,0f,0f,0f,0f,0f,0f,1f],start_interpolation: 0,interpolation_duration: 1}
$data merge entity $(bone_l) {transformation: [-0.1536f,0.6533f,-0.4666f,0.2364f,-0.081f,0.3446f,0.8845f,0.9706f,0.9849f,0.1302f,0f,0.125f,0f,0f,0f,1f],start_interpolation: 0,interpolation_duration: 1}
$data merge entity $(bone_r) {transformation: [0.1536f,0.6533f,-0.4666f,0.2364f,0.081f,0.3446f,0.8845f,0.9706f,0.9849f,-0.1302f,0f,-0.125f,0f,0f,0f,1f],start_interpolation: 0,interpolation_duration: 1}
$data merge entity $(bone_sad) {transformation: [0f,0.5926f,-0.2333f,0.0875f,0f,0.3126f,0.4422f,0.8991f,3.0003f,0f,0f,0.1406f,0f,0f,0f,1f],start_interpolation: 0,interpolation_duration: 1}
$data merge entity $(bone_head) {transformation: [0f,0.8845f,-0.4666f,-0.0835f,0f,0.4666f,0.8845f,1.0915f,1.0001f,0f,0f,0f,0f,0f,0f,1f],start_interpolation: 0,interpolation_duration: 1}
$data merge entity $(bone_6) {transformation: [0.0438f,0.9411f,-0.3323f,-0.1042f,0.0051f,0.3328f,0.943f,0.185f,0.998f,-0.043f,0.0097f,-0.153f,0f,0f,0f,1f],start_interpolation: 0,interpolation_duration: 1}
$data merge entity $(bone_12) {transformation: [0.0438f,0.0096f,-0.998f,-0.1639f,0.0051f,0.9999f,0.0098f,0.4668f,0.998f,-0.0056f,0.0438f,-0.1519f,0f,0f,0f,1f],start_interpolation: 0,interpolation_duration: 1}
$data merge entity $(bone_10) {transformation: [0f,-0.2111f,-0.9765f,-0.2565f,0f,0.9775f,-0.2109f,0.8637f,0.999f,0f,0f,-0.0166f,0f,0f,0f,1f],start_interpolation: 0,interpolation_duration: 1}
$data merge entity $(bone_9) {transformation: [0f,0.5624f,-0.8269f,-0.0678f,0f,0.8269f,0.5624f,1.1133f,1f,0f,0f,-0.0166f,0f,0f,0f,1f],start_interpolation: 0,interpolation_duration: 1}
$data merge entity $(item_display_item_display) {transformation: [0f,0f,0f,-0.4998f,0f,0f,0f,0.4713f,0f,0f,0f,2.2334f,0f,0f,0f,1f],start_interpolation: 0,interpolation_duration: 1}
$data merge entity $(bone_2) {transformation: [-0.3892f,-0.6113f,0.6728f,-0.0797f,-0.084f,0.7541f,0.6359f,0.8123f,-0.9042f,0.1931f,-0.3487f,0.334f,0f,0f,0f,1f],start_interpolation: 0,interpolation_duration: 1}
$data merge entity $(bone_1) {transformation: [-0.3896f,-0.1743f,0.8922f,-0.1295f,-0.0841f,0.9744f,0.1533f,1.1275f,-0.9051f,-0.0155f,-0.3983f,0.3262f,0f,0f,0f,1f],start_interpolation: 0,interpolation_duration: 1}
$data merge entity $(bone_4) {transformation: [-0.0167f,-0.1492f,-0.9805f,-0.2311f,-0.1311f,0.976f,-0.1561f,0.8385f,0.9793f,0.1264f,-0.0362f,-0.4302f,0f,0f,0f,1f],start_interpolation: 0,interpolation_duration: 1}
$data merge entity $(bone_3) {transformation: [-0.0168f,0.4163f,-0.9002f,-0.0891f,-0.1313f,0.9002f,0.408f,1.1176f,0.9803f,0.1254f,0.0395f,-0.3911f,0f,0f,0f,1f],start_interpolation: 0,interpolation_duration: 1}
$data merge entity $(bone_8) {transformation: [-0.054f,-0.0274f,-0.9981f,0.0284f,0.0006f,0.9987f,-0.0272f,0.3676f,0.9975f,-0.0021f,-0.054f,0.1463f,0f,0f,0f,1f],start_interpolation: 0,interpolation_duration: 1}
$data merge entity $(bone_7) {transformation: [-0.054f,-0.8565f,-0.5132f,-0.2495f,0.0006f,0.5137f,-0.8568f,0.4709f,0.9975f,-0.0466f,-0.0272f,0.1313f,0f,0f,0f,1f],start_interpolation: 0,interpolation_duration: 1}