# This file was generated by Animated Java via MC-Build. It is not recommended to edit this file directly.
$data merge entity $(bone_layer) {transformation: [0f,0.874f,-0.488f,-0.0904f,0f,0.488f,0.874f,1.0964f,1.0011f,0f,0f,0f,0f,0f,0f,1f],start_interpolation: 0,interpolation_duration: 1}
$data merge entity $(bone_l_1) {transformation: [0f,0.6548f,-0.4875f,0.1344f,0f,0.3656f,0.8731f,0.9374f,0.7501f,0f,0f,0.1219f,0f,0f,0f,1f],start_interpolation: 0,interpolation_duration: 1}
$data merge entity $(bone_eye_l) {transformation: [0f,0.8731f,-0.4875f,-0.0904f,0f,0.4875f,0.8731f,1.0964f,1.0001f,0f,0f,0f,0f,0f,0f,1f],start_interpolation: 0,interpolation_duration: 1}
$data merge entity $(bone_r_1) {transformation: [0f,0.6548f,-0.4875f,0.1344f,0f,0.3656f,0.8731f,0.9374f,0.7501f,0f,0f,-0.1219f,0f,0f,0f,1f],start_interpolation: 0,interpolation_duration: 1}
$data merge entity $(bone_eye_r) {transformation: [0f,0.8731f,-0.4875f,0.1368f,0f,0.4875f,0.8731f,0.9459f,1.0001f,0f,0f,-0.125f,0f,0f,0f,1f],start_interpolation: 0,interpolation_duration: 1}
$data merge entity $(bone_eyes_down) {transformation: [0f,0.8731f,-0.4875f,-0.0632f,0f,0.4875f,0.8731f,1.1116f,1.0001f,0f,0f,0f,0f,0f,0f,1f],start_interpolation: 0,interpolation_duration: 1}
$data merge entity $(bone_eyes_up) {transformation: [0f,0f,0f,0.1005f,0f,0f,0f,1.2031f,0f,0f,0f,0f,0f,0f,0f,1f],start_interpolation: 0,interpolation_duration: 1}
$data merge entity $(bone_bone) {transformation: [0f,0.8731f,-0.4875f,-0.0904f,0f,0.4875f,0.8731f,1.0964f,1.0001f,0f,0f,0f,0f,0f,0f,1f],start_interpolation: 0,interpolation_duration: 1}
$data merge entity $(bone_l) {transformation: [-0.1516f,0.6449f,-0.4875f,0.2323f,-0.0847f,0.3601f,0.8731f,0.9831f,0.9849f,0.1302f,0f,0.125f,0f,0f,0f,1f],start_interpolation: 0,interpolation_duration: 1}
$data merge entity $(bone_r) {transformation: [0.1516f,0.6449f,-0.4875f,0.2323f,0.0847f,0.3601f,0.8731f,0.9831f,0.9849f,-0.1302f,0f,-0.125f,0f,0f,0f,1f],start_interpolation: 0,interpolation_duration: 1}
$data merge entity $(bone_sad) {transformation: [0f,0.585f,-0.2438f,0.0853f,0f,0.3266f,0.4366f,0.9082f,3.0003f,0f,0f,0.1406f,0f,0f,0f,1f],start_interpolation: 0,interpolation_duration: 1}
$data merge entity $(bone_head) {transformation: [0f,0.8731f,-0.4875f,-0.0904f,0f,0.4875f,0.8731f,1.0964f,1.0001f,0f,0f,0f,0f,0f,0f,1f],start_interpolation: 0,interpolation_duration: 1}
$data merge entity $(bone_6) {transformation: [0.0443f,0.9384f,-0.3397f,-0.101f,0.0044f,0.3402f,0.9404f,0.1862f,0.998f,-0.0432f,0.0109f,-0.1535f,0f,0f,0f,1f],start_interpolation: 0,interpolation_duration: 1}
$data merge entity $(bone_12) {transformation: [0.0443f,0.0018f,-0.998f,-0.1628f,0.0044f,1f,0.002f,0.4676f,0.998f,-0.0045f,0.0443f,-0.152f,0f,0f,0f,1f],start_interpolation: 0,interpolation_duration: 1}
$data merge entity $(bone_10) {transformation: [0f,-0.2178f,-0.975f,-0.2592f,0f,0.976f,-0.2176f,0.8691f,0.999f,0f,0f,-0.0165f,0f,0f,0f,1f],start_interpolation: 0,interpolation_duration: 1}
$data merge entity $(bone_9) {transformation: [0f,0.5581f,-0.8298f,-0.0718f,0f,0.8298f,0.5581f,1.1197f,1f,0f,0f,-0.0165f,0f,0f,0f,1f],start_interpolation: 0,interpolation_duration: 1}
$data merge entity $(item_display_item_display) {transformation: [0f,0f,0f,-0.4929f,0f,0f,0f,0.4573f,0f,0f,0f,2.2287f,0f,0f,0f,1f],start_interpolation: 0,interpolation_duration: 1}
$data merge entity $(bone_2) {transformation: [-0.3916f,-0.6175f,0.6658f,-0.0825f,-0.0792f,0.7466f,0.6452f,0.8197f,-0.9037f,0.2021f,-0.3451f,0.3312f,0f,0f,0f,1f],start_interpolation: 0,interpolation_duration: 1}
$data merge entity $(bone_1) {transformation: [-0.3919f,-0.1833f,0.8894f,-0.135f,-0.0793f,0.9729f,0.1651f,1.1339f,-0.9046f,-0.0059f,-0.3998f,0.3264f,0f,0f,0f,1f],start_interpolation: 0,interpolation_duration: 1}
$data merge entity $(bone_4) {transformation: [-0.013f,-0.1426f,-0.9815f,-0.2379f,-0.1304f,0.9771f,-0.15f,0.8398f,0.9794f,0.1265f,-0.0316f,-0.4294f,0f,0f,0f,1f],start_interpolation: 0,interpolation_duration: 1}
$data merge entity $(bone_3) {transformation: [-0.013f,0.4204f,-0.8983f,-0.0943f,-0.1305f,0.8987f,0.4118f,1.1182f,0.9804f,0.1231f,0.0432f,-0.3911f,0f,0f,0f,1f],start_interpolation: 0,interpolation_duration: 1}
$data merge entity $(bone_8) {transformation: [-0.054f,-0.0274f,-0.9981f,0.0249f,0.0006f,0.9987f,-0.0272f,0.3684f,0.9975f,-0.0021f,-0.054f,0.1463f,0f,0f,0f,1f],start_interpolation: 0,interpolation_duration: 1}
$data merge entity $(bone_7) {transformation: [-0.054f,-0.8565f,-0.5132f,-0.253f,0.0006f,0.5137f,-0.8568f,0.4718f,0.9975f,-0.0466f,-0.0272f,0.1313f,0f,0f,0f,1f],start_interpolation: 0,interpolation_duration: 1}