# This file was generated by Animated Java via MC-Build. It is not recommended to edit this file directly.
$data merge entity $(bone_layer) {transformation: [0f,0.8625f,-0.508f,-0.0957f,0f,0.508f,0.8625f,1.1f,1.0011f,0f,0f,0f,0f,0f,0f,1f],start_interpolation: 0,interpolation_duration: 1}
$data merge entity $(bone_l_1) {transformation: [0f,0.6462f,-0.5075f,0.1327f,0f,0.3807f,0.8616f,0.9462f,0.7501f,0f,0f,0.1219f,0f,0f,0f,1f],start_interpolation: 0,interpolation_duration: 1}
$data merge entity $(bone_eye_l) {transformation: [0f,0.8616f,-0.5075f,-0.0957f,0f,0.5075f,0.8616f,1.1f,1.0001f,0f,0f,0f,0f,0f,0f,1f],start_interpolation: 0,interpolation_duration: 1}
$data merge entity $(bone_r_1) {transformation: [0f,0.6462f,-0.5075f,0.1327f,0f,0.3807f,0.8616f,0.9462f,0.7501f,0f,0f,-0.1219f,0f,0f,0f,1f],start_interpolation: 0,interpolation_duration: 1}
$data merge entity $(bone_eye_r) {transformation: [0f,0.8616f,-0.5075f,0.1349f,0f,0.5075f,0.8616f,0.9547f,1.0001f,0f,0f,-0.125f,0f,0f,0f,1f],start_interpolation: 0,interpolation_duration: 1}
$data merge entity $(bone_eyes_down) {transformation: [0f,0.8616f,-0.5075f,-0.0688f,0f,0.5075f,0.8616f,1.1158f,1.0001f,0f,0f,0f,0f,0f,0f,1f],start_interpolation: 0,interpolation_duration: 1}
$data merge entity $(bone_eyes_up) {transformation: [0f,0f,0f,0.0928f,0f,0f,0f,1.211f,0f,0f,0f,0f,0f,0f,0f,1f],start_interpolation: 0,interpolation_duration: 1}
$data merge entity $(bone_bone) {transformation: [0f,0.8616f,-0.5075f,-0.0957f,0f,0.5075f,0.8616f,1.1f,1.0001f,0f,0f,0f,0f,0f,0f,1f],start_interpolation: 0,interpolation_duration: 1}
$data merge entity $(bone_l) {transformation: [-0.1496f,0.6364f,-0.5075f,0.2296f,-0.0881f,0.3749f,0.8616f,0.9942f,0.9849f,0.1302f,0f,0.125f,0f,0f,0f,1f],start_interpolation: 0,interpolation_duration: 1}
$data merge entity $(bone_r) {transformation: [0.1496f,0.6364f,-0.5075f,0.2296f,0.0881f,0.3749f,0.8616f,0.9942f,0.9849f,-0.1302f,0f,-0.125f,0f,0f,0f,1f],start_interpolation: 0,interpolation_duration: 1}
$data merge entity $(bone_sad) {transformation: [0f,0.5773f,-0.2538f,0.0845f,0f,0.3401f,0.4308f,0.9159f,3.0003f,0f,0f,0.1406f,0f,0f,0f,1f],start_interpolation: 0,interpolation_duration: 1}
$data merge entity $(bone_head) {transformation: [0f,0.8616f,-0.5075f,-0.0957f,0f,0.5075f,0.8616f,1.1f,1.0001f,0f,0f,0f,0f,0f,0f,1f],start_interpolation: 0,interpolation_duration: 1}
$data merge entity $(bone_6) {transformation: [0.0444f,0.9366f,-0.3448f,-0.0978f,0.0035f,0.3453f,0.9385f,0.187f,0.998f,-0.0429f,0.0121f,-0.1539f,0f,0f,0f,1f],start_interpolation: 0,interpolation_duration: 1}
$data merge entity $(bone_12) {transformation: [0.0444f,-0.0036f,-0.998f,-0.1612f,0.0035f,1f,-0.0035f,0.468f,0.998f,-0.0033f,0.0445f,-0.1521f,0f,0f,0f,1f],start_interpolation: 0,interpolation_duration: 1}
$data merge entity $(bone_10) {transformation: [0f,-0.2215f,-0.9742f,-0.2606f,0f,0.9751f,-0.2213f,0.8733f,0.999f,0f,0f,-0.0164f,0f,0f,0f,1f],start_interpolation: 0,interpolation_duration: 1}
$data merge entity $(bone_9) {transformation: [0f,0.5551f,-0.8318f,-0.0742f,0f,0.8318f,0.5551f,1.1246f,1f,0f,0f,-0.0164f,0f,0f,0f,1f],start_interpolation: 0,interpolation_duration: 1}
$data merge entity $(item_display_item_display) {transformation: [0f,0f,0f,-0.4872f,0f,0f,0f,0.4443f,0f,0f,0f,2.2241f,0f,0f,0f,1f],start_interpolation: 0,interpolation_duration: 1}
$data merge entity $(bone_2) {transformation: [-0.3934f,-0.6223f,0.6603f,-0.0844f,-0.0744f,0.7404f,0.6529f,0.8257f,-0.9033f,0.21f,-0.3413f,0.3286f,0f,0f,0f,1f],start_interpolation: 0,interpolation_duration: 1}
$data merge entity $(bone_1) {transformation: [-0.3938f,-0.1902f,0.8871f,-0.139f,-0.0745f,0.9715f,0.1749f,1.1388f,-0.9042f,0.0028f,-0.4007f,0.3266f,0f,0f,0f,1f],start_interpolation: 0,interpolation_duration: 1}
$data merge entity $(bone_4) {transformation: [-0.0097f,-0.1345f,-0.9827f,-0.2437f,-0.1296f,0.9784f,-0.1423f,0.8398f,0.9795f,0.1266f,-0.0273f,-0.4286f,0f,0f,0f,1f],start_interpolation: 0,interpolation_duration: 1}
$data merge entity $(bone_3) {transformation: [-0.0097f,0.4258f,-0.8958f,-0.098f,-0.1298f,0.8965f,0.4169f,1.1174f,0.9805f,0.1209f,0.0465f,-0.3911f,0f,0f,0f,1f],start_interpolation: 0,interpolation_duration: 1}
$data merge entity $(bone_8) {transformation: [-0.054f,-0.0274f,-0.9981f,0.0225f,0.0006f,0.9987f,-0.0272f,0.3694f,0.9975f,-0.0021f,-0.054f,0.1463f,0f,0f,0f,1f],start_interpolation: 0,interpolation_duration: 1}
$data merge entity $(bone_7) {transformation: [-0.054f,-0.8565f,-0.5132f,-0.2554f,0.0006f,0.5137f,-0.8568f,0.4727f,0.9975f,-0.0466f,-0.0272f,0.1313f,0f,0f,0f,1f],start_interpolation: 0,interpolation_duration: 1}