# This file was generated by Animated Java via MC-Build. It is not recommended to edit this file directly.
$data merge entity $(bone_layer) {transformation: [0f,0.8513f,-0.5266f,-0.0989f,0f,0.5266f,0.8513f,1.1018f,1.0011f,0f,0f,0f,0f,0f,0f,1f],start_interpolation: 0,interpolation_duration: 1}
$data merge entity $(bone_l_1) {transformation: [0f,0.6378f,-0.5261f,0.1328f,0f,0.3946f,0.8504f,0.953f,0.7501f,0f,0f,0.1219f,0f,0f,0f,1f],start_interpolation: 0,interpolation_duration: 1}
$data merge entity $(bone_eye_l) {transformation: [0f,0.8504f,-0.5261f,-0.0989f,0f,0.5261f,0.8504f,1.1018f,1.0001f,0f,0f,0f,0f,0f,0f,1f],start_interpolation: 0,interpolation_duration: 1}
$data merge entity $(bone_r_1) {transformation: [0f,0.6378f,-0.5261f,0.1328f,0f,0.3946f,0.8504f,0.953f,0.7501f,0f,0f,-0.1219f,0f,0f,0f,1f],start_interpolation: 0,interpolation_duration: 1}
$data merge entity $(bone_eye_r) {transformation: [0f,0.8504f,-0.5261f,0.1348f,0f,0.5261f,0.8504f,0.9616f,1.0001f,0f,0f,-0.125f,0f,0f,0f,1f],start_interpolation: 0,interpolation_duration: 1}
$data merge entity $(bone_eyes_down) {transformation: [0f,0.8504f,-0.5261f,-0.0723f,0f,0.5261f,0.8504f,1.1182f,1.0001f,0f,0f,0f,0f,0f,0f,1f],start_interpolation: 0,interpolation_duration: 1}
$data merge entity $(bone_bone) {transformation: [0f,0.8504f,-0.5261f,-0.0989f,0f,0.5261f,0.8504f,1.1018f,1.0001f,0f,0f,0f,0f,0f,0f,1f],start_interpolation: 0,interpolation_duration: 1}
$data merge entity $(bone_l) {transformation: [-0.1477f,0.6281f,-0.5261f,0.2286f,-0.0914f,0.3886f,0.8504f,1.003f,0.9849f,0.1302f,0f,0.125f,0f,0f,0f,1f],start_interpolation: 0,interpolation_duration: 1}
$data merge entity $(bone_r) {transformation: [0.1477f,0.6281f,-0.5261f,0.2286f,0.0914f,0.3886f,0.8504f,1.003f,0.9849f,-0.1302f,0f,-0.125f,0f,0f,0f,1f],start_interpolation: 0,interpolation_duration: 1}
$data merge entity $(bone_sad) {transformation: [0f,0.5698f,-0.263f,0.0853f,0f,0.3525f,0.4252f,0.9217f,3.0003f,0f,0f,0.1406f,0f,0f,0f,1f],start_interpolation: 0,interpolation_duration: 1}
$data merge entity $(bone_head) {transformation: [0f,0.8504f,-0.5261f,-0.0989f,0f,0.5261f,0.8504f,1.1018f,1.0001f,0f,0f,0f,0f,0f,0f,1f],start_interpolation: 0,interpolation_duration: 1}
$data merge entity $(bone_6) {transformation: [0.0442f,0.9357f,-0.3471f,-0.0948f,0.0023f,0.3477f,0.9376f,0.1871f,0.998f,-0.0423f,0.0132f,-0.1543f,0f,0f,0f,1f],start_interpolation: 0,interpolation_duration: 1}
$data merge entity $(bone_12) {transformation: [0.0442f,-0.0061f,-0.998f,-0.1589f,0.0023f,1f,-0.006f,0.468f,0.998f,-0.0021f,0.0442f,-0.1522f,0f,0f,0f,1f],start_interpolation: 0,interpolation_duration: 1}
$data merge entity $(bone_10) {transformation: [0f,-0.2219f,-0.9741f,-0.2607f,0f,0.9751f,-0.2217f,0.8761f,0.999f,0f,0f,-0.0162f,0f,0f,0f,1f],start_interpolation: 0,interpolation_duration: 1}
$data merge entity $(bone_9) {transformation: [0f,0.5537f,-0.8327f,-0.0747f,0f,0.8327f,0.5537f,1.1276f,1f,0f,0f,-0.0162f,0f,0f,0f,1f],start_interpolation: 0,interpolation_duration: 1}
$data merge entity $(item_display_item_display) {transformation: [0f,0f,0f,-0.4827f,0f,0f,0f,0.4327f,0f,0f,0f,2.2199f,0f,0f,0f,1f],start_interpolation: 0,interpolation_duration: 1}
$data merge entity $(bone_2) {transformation: [-0.3947f,-0.6252f,0.6567f,-0.0852f,-0.0696f,0.7361f,0.6583f,0.8296f,-0.9031f,0.2165f,-0.3378f,0.3265f,0f,0f,0f,1f],start_interpolation: 0,interpolation_duration: 1}
$data merge entity $(bone_1) {transformation: [-0.3951f,-0.1946f,0.8856f,-0.1411f,-0.0697f,0.9706f,0.1817f,1.1419f,-0.904f,0.0102f,-0.4011f,0.3269f,0f,0f,0f,1f],start_interpolation: 0,interpolation_duration: 1}
$data merge entity $(bone_4) {transformation: [-0.0071f,-0.1247f,-0.984f,-0.2482f,-0.1288f,0.9798f,-0.1329f,0.8384f,0.9797f,0.1264f,-0.0234f,-0.4278f,0f,0f,0f,1f],start_interpolation: 0,interpolation_duration: 1}
$data merge entity $(bone_3) {transformation: [-0.0071f,0.4328f,-0.8925f,-0.1f,-0.1289f,0.8934f,0.4236f,1.1149f,0.9806f,0.1187f,0.0494f,-0.3909f,0f,0f,0f,1f],start_interpolation: 0,interpolation_duration: 1}
$data merge entity $(bone_8) {transformation: [-0.054f,-0.0274f,-0.9981f,0.0213f,0.0006f,0.9987f,-0.0272f,0.3704f,0.9975f,-0.0021f,-0.054f,0.1463f,0f,0f,0f,1f],start_interpolation: 0,interpolation_duration: 1}
$data merge entity $(bone_7) {transformation: [-0.054f,-0.8565f,-0.5132f,-0.2567f,0.0006f,0.5137f,-0.8568f,0.4737f,0.9975f,-0.0466f,-0.0272f,0.1313f,0f,0f,0f,1f],start_interpolation: 0,interpolation_duration: 1}