# This file was generated by Animated Java via MC-Build. It is not recommended to edit this file directly.
$data merge entity $(bone_layer) {transformation: [0f,0.8408f,-0.5432f,-0.0997f,0f,0.5432f,0.8408f,1.1014f,1.0011f,0f,0f,0f,0f,0f,0f,1f],start_interpolation: 0,interpolation_duration: 1}
$data merge entity $(bone_l_1) {transformation: [0f,0.63f,-0.5426f,0.1348f,0f,0.407f,0.84f,0.9572f,0.7501f,0f,0f,0.1219f,0f,0f,0f,1f],start_interpolation: 0,interpolation_duration: 1}
$data merge entity $(bone_eye_l) {transformation: [0f,0.84f,-0.5426f,-0.0997f,0f,0.5426f,0.84f,1.1014f,1.0001f,0f,0f,0f,0f,0f,0f,1f],start_interpolation: 0,interpolation_duration: 1}
$data merge entity $(bone_r_1) {transformation: [0f,0.63f,-0.5426f,0.1348f,0f,0.407f,0.84f,0.9572f,0.7501f,0f,0f,-0.1219f,0f,0f,0f,1f],start_interpolation: 0,interpolation_duration: 1}
$data merge entity $(bone_eye_r) {transformation: [0f,0.84f,-0.5426f,0.1367f,0f,0.5426f,0.84f,0.9658f,1.0001f,0f,0f,-0.125f,0f,0f,0f,1f],start_interpolation: 0,interpolation_duration: 1}
$data merge entity $(bone_eyes_down) {transformation: [0f,0.84f,-0.5426f,-0.0735f,0f,0.5426f,0.84f,1.1184f,1.0001f,0f,0f,0f,0f,0f,0f,1f],start_interpolation: 0,interpolation_duration: 1}
$data merge entity $(bone_bone) {transformation: [0f,0.84f,-0.5426f,-0.0997f,0f,0.5426f,0.84f,1.1014f,1.0001f,0f,0f,0f,0f,0f,0f,1f],start_interpolation: 0,interpolation_duration: 1}
$data merge entity $(bone_l) {transformation: [-0.1459f,0.6204f,-0.5426f,0.2296f,-0.0942f,0.4008f,0.84f,1.0091f,0.9849f,0.1302f,0f,0.125f,0f,0f,0f,1f],start_interpolation: 0,interpolation_duration: 1}
$data merge entity $(bone_r) {transformation: [0.1459f,0.6204f,-0.5426f,0.2296f,0.0942f,0.4008f,0.84f,1.0091f,0.9849f,-0.1302f,0f,-0.125f,0f,0f,0f,1f],start_interpolation: 0,interpolation_duration: 1}
$data merge entity $(bone_sad) {transformation: [0f,0.5628f,-0.2713f,0.0881f,0f,0.3636f,0.42f,0.9251f,3.0003f,0f,0f,0.1406f,0f,0f,0f,1f],start_interpolation: 0,interpolation_duration: 1}
$data merge entity $(bone_head) {transformation: [0f,0.84f,-0.5426f,-0.0997f,0f,0.5426f,0.84f,1.1014f,1.0001f,0f,0f,0f,0f,0f,0f,1f],start_interpolation: 0,interpolation_duration: 1}
$data merge entity $(bone_6) {transformation: [0.0436f,0.9361f,-0.3461f,-0.092f,0.0009f,0.3468f,0.9379f,0.1864f,0.998f,-0.0412f,0.0142f,-0.1547f,0f,0f,0f,1f],start_interpolation: 0,interpolation_duration: 1}
$data merge entity $(bone_12) {transformation: [0.0436f,-0.0051f,-0.998f,-0.1558f,0.0009f,1f,-0.0051f,0.4674f,0.998f,-0.0007f,0.0436f,-0.1522f,0f,0f,0f,1f],start_interpolation: 0,interpolation_duration: 1}
$data merge entity $(bone_10) {transformation: [0f,-0.2184f,-0.9749f,-0.2591f,0f,0.9759f,-0.2181f,0.8769f,0.999f,0f,0f,-0.0161f,0f,0f,0f,1f],start_interpolation: 0,interpolation_duration: 1}
$data merge entity $(bone_9) {transformation: [0f,0.554f,-0.8325f,-0.073f,0f,0.8325f,0.554f,1.1284f,1f,0f,0f,-0.0161f,0f,0f,0f,1f],start_interpolation: 0,interpolation_duration: 1}
$data merge entity $(item_display_item_display) {transformation: [0f,0f,0f,-0.4799f,0f,0f,0f,0.4227f,0f,0f,0f,2.2163f,0f,0f,0f,1f],start_interpolation: 0,interpolation_duration: 1}
$data merge entity $(bone_2) {transformation: [-0.3956f,-0.6257f,0.6557f,-0.0849f,-0.0647f,0.7342f,0.6609f,0.8312f,-0.903f,0.2215f,-0.3346f,0.3249f,0f,0f,0f,1f],start_interpolation: 0,interpolation_duration: 1}
$data merge entity $(bone_1) {transformation: [-0.396f,-0.1955f,0.885f,-0.1409f,-0.0647f,0.9704f,0.185f,1.1427f,-0.9039f,0.0162f,-0.401f,0.3271f,0f,0f,0f,1f],start_interpolation: 0,interpolation_duration: 1}
$data merge entity $(bone_4) {transformation: [-0.005f,-0.1128f,-0.9855f,-0.2513f,-0.1277f,0.9814f,-0.1215f,0.8353f,0.9798f,0.126f,-0.0199f,-0.4268f,0f,0f,0f,1f],start_interpolation: 0,interpolation_duration: 1}
$data merge entity $(bone_3) {transformation: [-0.005f,0.4415f,-0.8882f,-0.1f,-0.1278f,0.8895f,0.4321f,1.1103f,0.9808f,0.1165f,0.0519f,-0.3907f,0f,0f,0f,1f],start_interpolation: 0,interpolation_duration: 1}
$data merge entity $(bone_8) {transformation: [-0.054f,-0.0274f,-0.9981f,0.0215f,0.0006f,0.9987f,-0.0272f,0.3714f,0.9975f,-0.0021f,-0.054f,0.1463f,0f,0f,0f,1f],start_interpolation: 0,interpolation_duration: 1}
$data merge entity $(bone_7) {transformation: [-0.054f,-0.8565f,-0.5132f,-0.2564f,0.0006f,0.5137f,-0.8568f,0.4748f,0.9975f,-0.0466f,-0.0272f,0.1313f,0f,0f,0f,1f],start_interpolation: 0,interpolation_duration: 1}