# This file was generated by Animated Java via MC-Build. It is not recommended to edit this file directly.
$data merge entity $(bone_layer) {transformation: [0.2025f,-0.4643f,-0.8634f,0.0597f,0.088f,0.8867f,-0.4562f,1.7727f,0.9765f,0.0164f,0.2201f,-0.5133f,0f,0f,0f,1f],start_interpolation: 0,interpolation_duration: 1}
$data merge entity $(bone_l_1) {transformation: [0.182f,-0.4174f,-0.8625f,0.2217f,0.0791f,0.7972f,-0.4557f,2.0331f,0.8779f,0.0147f,0.2199f,-0.4678f,0f,0f,0f,1f],start_interpolation: 0,interpolation_duration: 1}
$data merge entity $(bone_eye_l) {transformation: [0.2023f,-0.4638f,-0.8625f,0.0597f,0.0879f,0.8858f,-0.4557f,1.7727f,0.9755f,0.0164f,0.2199f,-0.5133f,0f,0f,0f,1f],start_interpolation: 0,interpolation_duration: 1}
$data merge entity $(bone_r_1) {transformation: [0.182f,-0.4174f,-0.8625f,0.1784f,0.0791f,0.7972f,-0.4557f,2.014f,0.8779f,0.0147f,0.2199f,-0.6622f,0f,0f,0f,1f],start_interpolation: 0,interpolation_duration: 1}
$data merge entity $(bone_eye_r) {transformation: [0.2023f,-0.4638f,-0.8625f,0.1824f,0.0879f,0.8858f,-0.4557f,1.9813f,0.9755f,0.0164f,0.2199f,-0.6857f,0f,0f,0f,1f],start_interpolation: 0,interpolation_duration: 1}
$data merge entity $(bone_eyes_down) {transformation: [0.2023f,-0.4638f,-0.8625f,0.0162f,0.0879f,0.8858f,-0.4557f,1.8558f,0.9755f,0.0164f,0.2199f,-0.5117f,0f,0f,0f,1f],start_interpolation: 0,interpolation_duration: 1}
$data merge entity $(bone_eyes_up) {transformation: [0.2023f,-0.4638f,-0.8625f,-0.0418f,0.0879f,0.8858f,-0.4557f,1.9665f,0.9755f,0.0164f,0.2199f,-0.5097f,0f,0f,0f,1f],start_interpolation: 0,interpolation_duration: 1}
$data merge entity $(bone_bone) {transformation: [0.2023f,-0.4638f,-0.8625f,0.0597f,0.0879f,0.8858f,-0.4557f,1.7727f,0.9755f,0.0164f,0.2199f,-0.5133f,0f,0f,0f,1f],start_interpolation: 0,interpolation_duration: 1}
$data merge entity $(bone_l) {transformation: [0.1818f,-0.3541f,-0.8625f,0.2096f,0.1265f,0.6608f,-0.4557f,2.0846f,0.9753f,-0.0197f,0.2199f,-0.4443f,0f,0f,0f,1f],start_interpolation: 0,interpolation_duration: 1}
$data merge entity $(bone_r) {transformation: [0.2223f,-0.3409f,-0.8625f,0.159f,0.0492f,0.6666f,-0.4557f,2.0626f,0.9738f,0.0442f,0.2199f,-0.6882f,0f,0f,0f,1f],start_interpolation: 0,interpolation_duration: 1}
$data merge entity $(bone_sad) {transformation: [0.2023f,-0.4638f,-0.8625f,0.2756f,0.0879f,0.8858f,-0.4557f,1.956f,0.9755f,0.0164f,0.2199f,-0.4944f,0f,0f,0f,1f],start_interpolation: 0,interpolation_duration: 1}
$data merge entity $(bone_head) {transformation: [0.2023f,-0.4638f,-0.8625f,0.0597f,0.0879f,0.8858f,-0.4557f,1.7727f,0.9755f,0.0164f,0.2199f,-0.5133f,0f,0f,0f,1f],start_interpolation: 0,interpolation_duration: 1}
$data merge entity $(bone_6) {transformation: [0.2973f,0.5856f,-0.7528f,0.054f,-0.0587f,0.7989f,0.5986f,0.8083f,0.9519f,-0.1336f,0.2721f,-0.4813f,0f,0f,0f,1f],start_interpolation: 0,interpolation_duration: 1}
$data merge entity $(bone_12) {transformation: [0.2973f,-0.1402f,-0.9434f,0.0058f,-0.0587f,0.9846f,-0.1645f,1.1468f,0.9519f,0.1045f,0.2845f,-0.4454f,0f,0f,0f,1f],start_interpolation: 0,interpolation_duration: 1}
$data merge entity $(bone_10) {transformation: [0.3418f,-0.2421f,-0.907f,-0.008f,0.2503f,0.9548f,-0.16f,1.449f,0.9047f,-0.1727f,0.3869f,-0.4128f,0f,0f,0f,1f],start_interpolation: 0,interpolation_duration: 1}
$data merge entity $(bone_9) {transformation: [0.3421f,0.113f,-0.9328f,0.0326f,0.2505f,0.9458f,0.2065f,1.7889f,0.9056f,-0.3044f,0.2953f,-0.5222f,0f,0f,0f,1f],start_interpolation: 0,interpolation_duration: 1}
$data merge entity $(item_display_item_display) {transformation: [0.9293f,-0.2807f,-0.1933f,0.4414f,0.2294f,0.0989f,0.956f,1.7939f,-0.2515f,-0.9435f,0.1577f,-0.5256f,0f,0f,0f,1f],start_interpolation: 0,interpolation_duration: 1}
$data merge entity $(bone_2) {transformation: [0.1933f,-0.7676f,-0.5943f,0.3022f,-0.956f,-0.2496f,0.0103f,1.6977f,-0.1577f,0.5721f,-0.7913f,-0.1132f,0f,0f,0f,1f],start_interpolation: 0,interpolation_duration: 1}
$data merge entity $(bone_1) {transformation: [0.1935f,-0.9256f,0.2928f,-0.0141f,-0.957f,-0.1336f,0.2111f,1.6531f,-0.1579f,-0.3249f,-0.9208f,-0.2307f,0f,0f,0f,1f],start_interpolation: 0,interpolation_duration: 1}
$data merge entity $(bone_4) {transformation: [0.2256f,-0.6473f,-0.713f,-0.2231f,-0.5241f,0.5404f,-0.6573f,1.368f,0.8094f,0.5235f,-0.2191f,-0.8714f,0f,0f,0f,1f],start_interpolation: 0,interpolation_duration: 1}
$data merge entity $(bone_3) {transformation: [0.2258f,0.3596f,-0.8934f,-0.1107f,-0.5246f,0.8271f,0.1999f,1.6264f,0.8102f,0.4254f,0.3757f,-0.7384f,0f,0f,0f,1f],start_interpolation: 0,interpolation_duration: 1}
$data merge entity $(bone_8) {transformation: [0.1557f,-0.2875f,-0.9447f,0.365f,0.4809f,0.8567f,-0.1823f,1.3044f,0.8617f,-0.4261f,0.2721f,-0.3351f,0f,0f,0f,1f],start_interpolation: 0,interpolation_duration: 1}
$data merge entity $(bone_7) {transformation: [0.1557f,-0.7165f,0.6795f,0.1187f,0.4809f,-0.5461f,-0.6848f,1.1167f,0.8617f,0.4339f,0.2595f,-0.186f,0f,0f,0f,1f],start_interpolation: 0,interpolation_duration: 1}
data modify entity @s data merge value {"cameras":{"camera1":{"px":2.3206249999999997,"py":0.898125,"pz":2.0450000000000004,"ry":125.19,"rx":-17.600000000000005}},"locators":{}}