# This file was generated by Animated Java via MC-Build. It is not recommended to edit this file directly.
$data merge entity $(bone_layer) {transformation: [0f,0.8315f,-0.5573f,-0.0978f,0f,0.5573f,0.8315f,1.0986f,1.0011f,0f,0f,0f,0f,0f,0f,1f],start_interpolation: 0,interpolation_duration: 1}
$data merge entity $(bone_l_1) {transformation: [0f,0.623f,-0.5567f,0.1391f,0f,0.4175f,0.8307f,0.9583f,0.7501f,0f,0f,0.1219f,0f,0f,0f,1f],start_interpolation: 0,interpolation_duration: 1}
$data merge entity $(bone_eye_l) {transformation: [0f,0.8307f,-0.5567f,-0.0978f,0f,0.5567f,0.8307f,1.0986f,1.0001f,0f,0f,0f,0f,0f,0f,1f],start_interpolation: 0,interpolation_duration: 1}
$data merge entity $(bone_r_1) {transformation: [0f,0.623f,-0.5567f,0.1391f,0f,0.4175f,0.8307f,0.9583f,0.7501f,0f,0f,-0.1219f,0f,0f,0f,1f],start_interpolation: 0,interpolation_duration: 1}
$data merge entity $(bone_eye_r) {transformation: [0f,0.8307f,-0.5567f,0.1408f,0f,0.5567f,0.8307f,0.967f,1.0001f,0f,0f,-0.125f,0f,0f,0f,1f],start_interpolation: 0,interpolation_duration: 1}
$data merge entity $(bone_eyes_down) {transformation: [0f,0.8307f,-0.5567f,-0.0719f,0f,0.5567f,0.8307f,1.116f,1.0001f,0f,0f,0f,0f,0f,0f,1f],start_interpolation: 0,interpolation_duration: 1}
$data merge entity $(bone_eyes_up) {transformation: [0f,0f,0f,0.0839f,0f,0f,0f,1.2204f,0f,0f,0f,0f,0f,0f,0f,1f],start_interpolation: 0,interpolation_duration: 1}
$data merge entity $(bone_bone) {transformation: [0f,0.8307f,-0.5567f,-0.0978f,0f,0.5567f,0.8307f,1.0986f,1.0001f,0f,0f,0f,0f,0f,0f,1f],start_interpolation: 0,interpolation_duration: 1}
$data merge entity $(bone_l) {transformation: [-0.1443f,0.6136f,-0.5567f,0.233f,-0.0967f,0.4112f,0.8307f,1.0119f,0.9849f,0.1302f,0f,0.125f,0f,0f,0f,1f],start_interpolation: 0,interpolation_duration: 1}
$data merge entity $(bone_r) {transformation: [0.1443f,0.6136f,-0.5567f,0.233f,0.0967f,0.4112f,0.8307f,1.0119f,0.9849f,-0.1302f,0f,-0.125f,0f,0f,0f,1f],start_interpolation: 0,interpolation_duration: 1}
$data merge entity $(bone_sad) {transformation: [0f,0.5566f,-0.2784f,0.093f,0f,0.373f,0.4154f,0.9255f,3.0003f,0f,0f,0.1406f,0f,0f,0f,1f],start_interpolation: 0,interpolation_duration: 1}
$data merge entity $(bone_head) {transformation: [0f,0.8307f,-0.5567f,-0.0978f,0f,0.5567f,0.8307f,1.0986f,1.0001f,0f,0f,0f,0f,0f,0f,1f],start_interpolation: 0,interpolation_duration: 1}
$data merge entity $(bone_6) {transformation: [0.0425f,0.9379f,-0.3415f,-0.0895f,-0.0006f,0.3421f,0.9397f,0.1848f,0.9981f,-0.0398f,0.0151f,-0.1549f,0f,0f,0f,1f],start_interpolation: 0,interpolation_duration: 1}
$data merge entity $(bone_12) {transformation: [0.0425f,-0.0001f,-0.9981f,-0.1519f,-0.0006f,1f,-0.0001f,0.466f,0.9981f,0.0006f,0.0425f,-0.1521f,0f,0f,0f,1f],start_interpolation: 0,interpolation_duration: 1}
$data merge entity $(bone_10) {transformation: [0f,-0.2104f,-0.9766f,-0.2558f,0f,0.9776f,-0.2102f,0.8755f,0.999f,0f,0f,-0.016f,0f,0f,0f,1f],start_interpolation: 0,interpolation_duration: 1}
$data merge entity $(bone_9) {transformation: [0f,0.5564f,-0.8309f,-0.0689f,0f,0.8309f,0.5564f,1.1265f,1f,0f,0f,-0.016f,0f,0f,0f,1f],start_interpolation: 0,interpolation_duration: 1}
$data merge entity $(item_display_item_display) {transformation: [0f,0f,0f,-0.4789f,0f,0f,0f,0.4146f,0f,0f,0f,2.2136f,0f,0f,0f,1f],start_interpolation: 0,interpolation_duration: 1}
$data merge entity $(bone_2) {transformation: [-0.3961f,-0.6232f,0.6577f,-0.0831f,-0.0596f,0.7353f,0.6602f,0.8298f,-0.9032f,0.2249f,-0.332f,0.3239f,0f,0f,0f,1f],start_interpolation: 0,interpolation_duration: 1}
$data merge entity $(bone_1) {transformation: [-0.3965f,-0.1924f,0.8854f,-0.138f,-0.0596f,0.9709f,0.1838f,1.1408f,-0.9041f,0.0203f,-0.4005f,0.3274f,0f,0f,0f,1f],start_interpolation: 0,interpolation_duration: 1}
$data merge entity $(bone_4) {transformation: [-0.0036f,-0.0987f,-0.987f,-0.2527f,-0.1264f,0.9831f,-0.1076f,0.8303f,0.98f,0.1252f,-0.0166f,-0.4258f,0f,0f,0f,1f],start_interpolation: 0,interpolation_duration: 1}
$data merge entity $(bone_3) {transformation: [-0.0036f,0.4523f,-0.8828f,-0.0977f,-0.1265f,0.8844f,0.4427f,1.1034f,0.9809f,0.1142f,0.0539f,-0.3905f,0f,0f,0f,1f],start_interpolation: 0,interpolation_duration: 1}
$data merge entity $(bone_8) {transformation: [-0.054f,-0.0274f,-0.9981f,0.0235f,0.0006f,0.9987f,-0.0272f,0.3725f,0.9975f,-0.0021f,-0.054f,0.1463f,0f,0f,0f,1f],start_interpolation: 0,interpolation_duration: 1}
$data merge entity $(bone_7) {transformation: [-0.054f,-0.8565f,-0.5132f,-0.2544f,0.0006f,0.5137f,-0.8568f,0.4758f,0.9975f,-0.0466f,-0.0272f,0.1313f,0f,0f,0f,1f],start_interpolation: 0,interpolation_duration: 1}