# This file was generated by Animated Java via MC-Build. It is not recommended to edit this file directly.
$data merge entity $(bone_layer) {transformation: [0f,0.824f,-0.5684f,-0.0929f,0f,0.5684f,0.824f,1.0929f,1.0011f,0f,0f,0f,0f,0f,0f,1f],start_interpolation: 0,interpolation_duration: 1}
$data merge entity $(bone_l_1) {transformation: [0f,0.6174f,-0.5678f,0.1459f,0f,0.4259f,0.8231f,0.9558f,0.7501f,0f,0f,0.1219f,0f,0f,0f,1f],start_interpolation: 0,interpolation_duration: 1}
$data merge entity $(bone_eye_l) {transformation: [0f,0.8231f,-0.5678f,-0.0929f,0f,0.5678f,0.8231f,1.0929f,1.0001f,0f,0f,0f,0f,0f,0f,1f],start_interpolation: 0,interpolation_duration: 1}
$data merge entity $(bone_r_1) {transformation: [0f,0.6174f,-0.5678f,0.1459f,0f,0.4259f,0.8231f,0.9558f,0.7501f,0f,0f,-0.1219f,0f,0f,0f,1f],start_interpolation: 0,interpolation_duration: 1}
$data merge entity $(bone_eye_r) {transformation: [0f,0.8231f,-0.5678f,0.1475f,0f,0.5678f,0.8231f,0.9645f,1.0001f,0f,0f,-0.125f,0f,0f,0f,1f],start_interpolation: 0,interpolation_duration: 1}
$data merge entity $(bone_eyes_down) {transformation: [0f,0.8231f,-0.5678f,-0.0671f,0f,0.5678f,0.8231f,1.1106f,1.0001f,0f,0f,0f,0f,0f,0f,1f],start_interpolation: 0,interpolation_duration: 1}
$data merge entity $(bone_bone) {transformation: [0f,0.8231f,-0.5678f,-0.0929f,0f,0.5678f,0.8231f,1.0929f,1.0001f,0f,0f,0f,0f,0f,0f,1f],start_interpolation: 0,interpolation_duration: 1}
$data merge entity $(bone_l) {transformation: [-0.1429f,0.608f,-0.5678f,0.2391f,-0.0986f,0.4194f,0.8231f,1.0106f,0.9849f,0.1302f,0f,0.125f,0f,0f,0f,1f],start_interpolation: 0,interpolation_duration: 1}
$data merge entity $(bone_r) {transformation: [0.1429f,0.608f,-0.5678f,0.2391f,0.0986f,0.4194f,0.8231f,1.0106f,0.9849f,-0.1302f,0f,-0.125f,0f,0f,0f,1f],start_interpolation: 0,interpolation_duration: 1}
$data merge entity $(bone_sad) {transformation: [0f,0.5515f,-0.2839f,0.1004f,0f,0.3805f,0.4116f,0.9225f,3.0003f,0f,0f,0.1406f,0f,0f,0f,1f],start_interpolation: 0,interpolation_duration: 1}
$data merge entity $(bone_head) {transformation: [0f,0.8231f,-0.5678f,-0.0929f,0f,0.5678f,0.8231f,1.0929f,1.0001f,0f,0f,0f,0f,0f,0f,1f],start_interpolation: 0,interpolation_duration: 1}
$data merge entity $(bone_6) {transformation: [0.041f,0.9412f,-0.3325f,-0.0873f,-0.0023f,0.3332f,0.9428f,0.1818f,0.9982f,-0.0379f,0.0158f,-0.155f,0f,0f,0f,1f],start_interpolation: 0,interpolation_duration: 1}
$data merge entity $(bone_12) {transformation: [0.041f,0.0095f,-0.9981f,-0.147f,-0.0023f,1f,0.0094f,0.4637f,0.9982f,0.0019f,0.041f,-0.1519f,0f,0f,0f,1f],start_interpolation: 0,interpolation_duration: 1}
$data merge entity $(bone_10) {transformation: [0f,-0.1977f,-0.9793f,-0.2504f,0f,0.9803f,-0.1975f,0.8715f,0.999f,0f,0f,-0.0159f,0f,0f,0f,1f],start_interpolation: 0,interpolation_duration: 1}
$data merge entity $(bone_9) {transformation: [0f,0.5612f,-0.8277f,-0.0621f,0f,0.8277f,0.5612f,1.1214f,1f,0f,0f,-0.0159f,0f,0f,0f,1f],start_interpolation: 0,interpolation_duration: 1}
$data merge entity $(item_display_item_display) {transformation: [0f,0f,0f,-0.4799f,0f,0f,0f,0.4088f,0f,0f,0f,2.2121f,0f,0f,0f,1f],start_interpolation: 0,interpolation_duration: 1}
$data merge entity $(bone_2) {transformation: [-0.3962f,-0.6173f,0.6632f,-0.08f,-0.0543f,0.7398f,0.6556f,0.8251f,-0.9035f,0.2263f,-0.3302f,0.3234f,0f,0f,0f,1f],start_interpolation: 0,interpolation_duration: 1}
$data merge entity $(bone_1) {transformation: [-0.3966f,-0.1845f,0.8871f,-0.1321f,-0.0543f,0.9724f,0.1775f,1.1359f,-0.9044f,0.0225f,-0.3997f,0.3276f,0f,0f,0f,1f],start_interpolation: 0,interpolation_duration: 1}
$data merge entity $(bone_4) {transformation: [-0.0029f,-0.0819f,-0.9886f,-0.2522f,-0.1248f,0.9849f,-0.0911f,0.8231f,0.9802f,0.1241f,-0.0137f,-0.4248f,0f,0f,0f,1f],start_interpolation: 0,interpolation_duration: 1}
$data merge entity $(bone_3) {transformation: [-0.0029f,0.4654f,-0.8761f,-0.0928f,-0.1249f,0.8779f,0.4557f,1.094f,0.9811f,0.1118f,0.0555f,-0.3903f,0f,0f,0f,1f],start_interpolation: 0,interpolation_duration: 1}
$data merge entity $(bone_8) {transformation: [-0.054f,-0.0274f,-0.9981f,0.0275f,0.0006f,0.9987f,-0.0272f,0.3734f,0.9975f,-0.0021f,-0.054f,0.1463f,0f,0f,0f,1f],start_interpolation: 0,interpolation_duration: 1}
$data merge entity $(bone_7) {transformation: [-0.054f,-0.8565f,-0.5132f,-0.2504f,0.0006f,0.5137f,-0.8568f,0.4767f,0.9975f,-0.0466f,-0.0272f,0.1313f,0f,0f,0f,1f],start_interpolation: 0,interpolation_duration: 1}