# This file was generated by Animated Java via MC-Build. It is not recommended to edit this file directly.
$data merge entity $(bone_layer) {transformation: [0f,0.8186f,-0.5762f,-0.0845f,0f,0.5762f,0.8186f,1.0838f,1.0011f,0f,0f,0f,0f,0f,0f,1f],start_interpolation: 0,interpolation_duration: 1}
$data merge entity $(bone_l_1) {transformation: [0f,0.6133f,-0.5756f,0.1556f,0f,0.4317f,0.8177f,0.949f,0.7501f,0f,0f,0.1219f,0f,0f,0f,1f],start_interpolation: 0,interpolation_duration: 1}
$data merge entity $(bone_eye_l) {transformation: [0f,0.8177f,-0.5756f,-0.0845f,0f,0.5756f,0.8177f,1.0838f,1.0001f,0f,0f,0f,0f,0f,0f,1f],start_interpolation: 0,interpolation_duration: 1}
$data merge entity $(bone_r_1) {transformation: [0f,0.6133f,-0.5756f,0.1556f,0f,0.4317f,0.8177f,0.949f,0.7501f,0f,0f,-0.1219f,0f,0f,0f,1f],start_interpolation: 0,interpolation_duration: 1}
$data merge entity $(bone_eye_r) {transformation: [0f,0.8177f,-0.5756f,0.1571f,0f,0.5756f,0.8177f,0.9577f,1.0001f,0f,0f,-0.125f,0f,0f,0f,1f],start_interpolation: 0,interpolation_duration: 1}
$data merge entity $(bone_eyes_down) {transformation: [0f,0.8177f,-0.5756f,-0.059f,0f,0.5756f,0.8177f,1.1018f,1.0001f,0f,0f,0f,0f,0f,0f,1f],start_interpolation: 0,interpolation_duration: 1}
$data merge entity $(bone_eyes_up) {transformation: [0f,0f,0f,0.0944f,0f,0f,0f,1.2097f,0f,0f,0f,0f,0f,0f,0f,1f],start_interpolation: 0,interpolation_duration: 1}
$data merge entity $(bone_bone) {transformation: [0f,0.8177f,-0.5756f,-0.0845f,0f,0.5756f,0.8177f,1.0838f,1.0001f,0f,0f,0f,0f,0f,0f,1f],start_interpolation: 0,interpolation_duration: 1}
$data merge entity $(bone_l) {transformation: [-0.142f,0.604f,-0.5756f,0.2482f,-0.0999f,0.4251f,0.8177f,1.0047f,0.9849f,0.1302f,0f,0.125f,0f,0f,0f,1f],start_interpolation: 0,interpolation_duration: 1}
$data merge entity $(bone_r) {transformation: [0.142f,0.604f,-0.5756f,0.2482f,0.0999f,0.4251f,0.8177f,1.0047f,0.9849f,-0.1302f,0f,-0.125f,0f,0f,0f,1f],start_interpolation: 0,interpolation_duration: 1}
$data merge entity $(bone_sad) {transformation: [0f,0.5479f,-0.2878f,0.1104f,0f,0.3856f,0.4089f,0.9153f,3.0003f,0f,0f,0.1406f,0f,0f,0f,1f],start_interpolation: 0,interpolation_duration: 1}
$data merge entity $(bone_head) {transformation: [0f,0.8177f,-0.5756f,-0.0845f,0f,0.5756f,0.8177f,1.0838f,1.0001f,0f,0f,0f,0f,0f,0f,1f],start_interpolation: 0,interpolation_duration: 1}
$data merge entity $(bone_6) {transformation: [0.039f,0.946f,-0.3187f,-0.0854f,-0.0041f,0.3195f,0.9476f,0.1776f,0.9982f,-0.0356f,0.0163f,-0.155f,0f,0f,0f,1f],start_interpolation: 0,interpolation_duration: 1}
$data merge entity $(bone_12) {transformation: [0.039f,0.0241f,-0.998f,-0.141f,-0.0041f,0.9997f,0.0239f,0.4602f,0.9982f,0.0032f,0.039f,-0.1517f,0f,0f,0f,1f],start_interpolation: 0,interpolation_duration: 1}
$data merge entity $(bone_10) {transformation: [0f,-0.1795f,-0.9828f,-0.2428f,0f,0.9838f,-0.1793f,0.8646f,0.999f,0f,0f,-0.0158f,0f,0f,0f,1f],start_interpolation: 0,interpolation_duration: 1}
$data merge entity $(bone_9) {transformation: [0f,0.5686f,-0.8226f,-0.0522f,0f,0.8226f,0.5686f,1.1128f,1f,0f,0f,-0.0158f,0f,0f,0f,1f],start_interpolation: 0,interpolation_duration: 1}
$data merge entity $(item_display_item_display) {transformation: [0f,0f,0f,-0.4831f,0f,0f,0f,0.4056f,0f,0f,0f,2.2118f,0f,0f,0f,1f],start_interpolation: 0,interpolation_duration: 1}
$data merge entity $(bone_2) {transformation: [-0.3958f,-0.6073f,0.6726f,-0.0751f,-0.0486f,0.7483f,0.6464f,0.8166f,-0.904f,0.2257f,-0.3293f,0.3236f,0f,0f,0f,1f],start_interpolation: 0,interpolation_duration: 1}
$data merge entity $(bone_1) {transformation: [-0.3962f,-0.171f,0.8899f,-0.1228f,-0.0487f,0.9749f,0.1653f,1.1275f,-0.9049f,0.0225f,-0.3986f,0.3278f,0f,0f,0f,1f],start_interpolation: 0,interpolation_duration: 1}
$data merge entity $(bone_4) {transformation: [-0.0028f,-0.0622f,-0.9902f,-0.2495f,-0.1228f,0.9867f,-0.0716f,0.8136f,0.9804f,0.1224f,-0.011f,-0.4237f,0f,0f,0f,1f],start_interpolation: 0,interpolation_duration: 1}
$data merge entity $(bone_3) {transformation: [-0.0028f,0.4809f,-0.8678f,-0.0849f,-0.1229f,0.8699f,0.4711f,1.0817f,0.9814f,0.1091f,0.0567f,-0.3901f,0f,0f,0f,1f],start_interpolation: 0,interpolation_duration: 1}
$data merge entity $(bone_8) {transformation: [-0.054f,-0.0274f,-0.9981f,0.0336f,0.0006f,0.9987f,-0.0272f,0.3742f,0.9975f,-0.0021f,-0.054f,0.1463f,0f,0f,0f,1f],start_interpolation: 0,interpolation_duration: 1}
$data merge entity $(bone_7) {transformation: [-0.054f,-0.8565f,-0.5132f,-0.2443f,0.0006f,0.5137f,-0.8568f,0.4775f,0.9975f,-0.0466f,-0.0272f,0.1313f,0f,0f,0f,1f],start_interpolation: 0,interpolation_duration: 1}