# This file was generated by Animated Java via MC-Build. It is not recommended to edit this file directly.
$data merge entity $(bone_layer) {transformation: [0f,0.8158f,-0.58f,-0.0724f,0f,0.58f,0.8158f,1.0711f,1.0011f,0f,0f,0f,0f,0f,0f,1f],start_interpolation: 0,interpolation_duration: 1}
$data merge entity $(bone_l_1) {transformation: [0f,0.6113f,-0.5795f,0.1683f,0f,0.4346f,0.815f,0.9374f,0.7501f,0f,0f,0.1219f,0f,0f,0f,1f],start_interpolation: 0,interpolation_duration: 1}
$data merge entity $(bone_eye_l) {transformation: [0f,0.815f,-0.5795f,-0.0724f,0f,0.5795f,0.815f,1.0711f,1.0001f,0f,0f,0f,0f,0f,0f,1f],start_interpolation: 0,interpolation_duration: 1}
$data merge entity $(bone_r_1) {transformation: [0f,0.6113f,-0.5795f,0.1683f,0f,0.4346f,0.815f,0.9374f,0.7501f,0f,0f,-0.1219f,0f,0f,0f,1f],start_interpolation: 0,interpolation_duration: 1}
$data merge entity $(bone_eye_r) {transformation: [0f,0.815f,-0.5795f,0.1698f,0f,0.5795f,0.815f,0.9461f,1.0001f,0f,0f,-0.125f,0f,0f,0f,1f],start_interpolation: 0,interpolation_duration: 1}
$data merge entity $(bone_eyes_down) {transformation: [0f,0.815f,-0.5795f,-0.047f,0f,0.5795f,0.815f,1.0892f,1.0001f,0f,0f,0f,0f,0f,0f,1f],start_interpolation: 0,interpolation_duration: 1}
$data merge entity $(bone_eyes_up) {transformation: [0f,0f,0f,0.1058f,0f,0f,0f,1.1979f,0f,0f,0f,0f,0f,0f,0f,1f],start_interpolation: 0,interpolation_duration: 1}
$data merge entity $(bone_bone) {transformation: [0f,0.815f,-0.5795f,-0.0724f,0f,0.5795f,0.815f,1.0711f,1.0001f,0f,0f,0f,0f,0f,0f,1f],start_interpolation: 0,interpolation_duration: 1}
$data merge entity $(bone_l) {transformation: [-0.1415f,0.602f,-0.5795f,0.2607f,-0.1006f,0.428f,0.815f,0.9935f,0.9849f,0.1302f,0f,0.125f,0f,0f,0f,1f],start_interpolation: 0,interpolation_duration: 1}
$data merge entity $(bone_r) {transformation: [0.1415f,0.602f,-0.5795f,0.2607f,0.1006f,0.428f,0.815f,0.9935f,0.9849f,-0.1302f,0f,-0.125f,0f,0f,0f,1f],start_interpolation: 0,interpolation_duration: 1}
$data merge entity $(bone_sad) {transformation: [0f,0.5461f,-0.2897f,0.1234f,0f,0.3882f,0.4075f,0.9036f,3.0003f,0f,0f,0.1406f,0f,0f,0f,1f],start_interpolation: 0,interpolation_duration: 1}
$data merge entity $(bone_head) {transformation: [0f,0.815f,-0.5795f,-0.0724f,0f,0.5795f,0.815f,1.0711f,1.0001f,0f,0f,0f,0f,0f,0f,1f],start_interpolation: 0,interpolation_duration: 1}
$data merge entity $(bone_6) {transformation: [0.0363f,0.9524f,-0.2995f,-0.084f,-0.0059f,0.3003f,0.9538f,0.1718f,0.9983f,-0.0329f,0.0166f,-0.1548f,0f,0f,0f,1f],start_interpolation: 0,interpolation_duration: 1}
$data merge entity $(bone_12) {transformation: [0.0363f,0.0443f,-0.9974f,-0.1339f,-0.0059f,0.999f,0.044f,0.4555f,0.9983f,0.0043f,0.0366f,-0.1513f,0f,0f,0f,1f],start_interpolation: 0,interpolation_duration: 1}
$data merge entity $(bone_10) {transformation: [0f,-0.1554f,-0.9869f,-0.2328f,0f,0.9879f,-0.1552f,0.8545f,0.999f,0f,0f,-0.0157f,0f,0f,0f,1f],start_interpolation: 0,interpolation_duration: 1}
$data merge entity $(bone_9) {transformation: [0f,0.5789f,-0.8154f,-0.0391f,0f,0.8154f,0.5789f,1.1003f,1f,0f,0f,-0.0157f,0f,0f,0f,1f],start_interpolation: 0,interpolation_duration: 1}
$data merge entity $(item_display_item_display) {transformation: [0f,0f,0f,-0.4884f,0f,0f,0f,0.4056f,0f,0f,0f,2.2128f,0f,0f,0f,1f],start_interpolation: 0,interpolation_duration: 1}
$data merge entity $(bone_2) {transformation: [-0.395f,-0.5924f,0.6863f,-0.0685f,-0.0426f,0.761f,0.6318f,0.804f,-0.9046f,0.2228f,-0.3294f,0.3246f,0f,0f,0f,1f],start_interpolation: 0,interpolation_duration: 1}
$data merge entity $(bone_1) {transformation: [-0.3954f,-0.1512f,0.8939f,-0.1098f,-0.0426f,0.9782f,0.1462f,1.1151f,-0.9055f,0.0199f,-0.3972f,0.328f,0f,0f,0f,1f],start_interpolation: 0,interpolation_duration: 1}
$data merge entity $(bone_4) {transformation: [-0.0033f,-0.0393f,-0.9915f,-0.2444f,-0.1205f,0.9882f,-0.0488f,0.8017f,0.9807f,0.1204f,-0.0087f,-0.4226f,0f,0f,0f,1f],start_interpolation: 0,interpolation_duration: 1}
$data merge entity $(bone_3) {transformation: [-0.0033f,0.499f,-0.8576f,-0.0739f,-0.1206f,0.86f,0.4893f,1.0662f,0.9817f,0.1062f,0.0573f,-0.3899f,0f,0f,0f,1f],start_interpolation: 0,interpolation_duration: 1}
$data merge entity $(bone_8) {transformation: [-0.054f,-0.0274f,-0.9981f,0.0422f,0.0006f,0.9987f,-0.0272f,0.3748f,0.9975f,-0.0021f,-0.054f,0.1463f,0f,0f,0f,1f],start_interpolation: 0,interpolation_duration: 1}
$data merge entity $(bone_7) {transformation: [-0.054f,-0.8565f,-0.5132f,-0.2358f,0.0006f,0.5137f,-0.8568f,0.4782f,0.9975f,-0.0466f,-0.0272f,0.1313f,0f,0f,0f,1f],start_interpolation: 0,interpolation_duration: 1}