# This file was generated by Animated Java via MC-Build. It is not recommended to edit this file directly.
$data merge entity $(bone_layer) {transformation: [0f,0.8162f,-0.5795f,-0.0563f,0f,0.5795f,0.8162f,1.0543f,1.0011f,0f,0f,0f,0f,0f,0f,1f],start_interpolation: 0,interpolation_duration: 1}
$data merge entity $(bone_l_1) {transformation: [0f,0.6115f,-0.579f,0.1844f,0f,0.4342f,0.8153f,0.9205f,0.7501f,0f,0f,0.1219f,0f,0f,0f,1f],start_interpolation: 0,interpolation_duration: 1}
$data merge entity $(bone_eye_l) {transformation: [0f,0.8153f,-0.579f,-0.0563f,0f,0.579f,0.8153f,1.0543f,1.0001f,0f,0f,0f,0f,0f,0f,1f],start_interpolation: 0,interpolation_duration: 1}
$data merge entity $(bone_r_1) {transformation: [0f,0.6115f,-0.579f,0.1844f,0f,0.4342f,0.8153f,0.9205f,0.7501f,0f,0f,-0.1219f,0f,0f,0f,1f],start_interpolation: 0,interpolation_duration: 1}
$data merge entity $(bone_eye_r) {transformation: [0f,0.8153f,-0.579f,0.1859f,0f,0.579f,0.8153f,0.9292f,1.0001f,0f,0f,-0.125f,0f,0f,0f,1f],start_interpolation: 0,interpolation_duration: 1}
$data merge entity $(bone_eyes_down) {transformation: [0f,0.8153f,-0.579f,-0.0308f,0f,0.579f,0.8153f,1.0724f,1.0001f,0f,0f,0f,0f,0f,0f,1f],start_interpolation: 0,interpolation_duration: 1}
$data merge entity $(bone_eyes_up) {transformation: [0f,0f,0f,0.1221f,0f,0f,0f,1.181f,0f,0f,0f,0f,0f,0f,0f,1f],start_interpolation: 0,interpolation_duration: 1}
$data merge entity $(bone_bone) {transformation: [0f,0.8153f,-0.579f,-0.0563f,0f,0.579f,0.8153f,1.0543f,1.0001f,0f,0f,0f,0f,0f,0f,1f],start_interpolation: 0,interpolation_duration: 1}
$data merge entity $(bone_l) {transformation: [-0.1416f,0.6022f,-0.579f,0.2768f,-0.1005f,0.4276f,0.8153f,0.9766f,0.9849f,0.1302f,0f,0.125f,0f,0f,0f,1f],start_interpolation: 0,interpolation_duration: 1}
$data merge entity $(bone_r) {transformation: [0.1416f,0.6022f,-0.579f,0.2768f,0.1005f,0.4276f,0.8153f,0.9766f,0.9849f,-0.1302f,0f,-0.125f,0f,0f,0f,1f],start_interpolation: 0,interpolation_duration: 1}
$data merge entity $(bone_sad) {transformation: [0f,0.5463f,-0.2895f,0.1394f,0f,0.3879f,0.4077f,0.8867f,3.0003f,0f,0f,0.1406f,0f,0f,0f,1f],start_interpolation: 0,interpolation_duration: 1}
$data merge entity $(bone_head) {transformation: [0f,0.8153f,-0.579f,-0.0563f,0f,0.579f,0.8153f,1.0543f,1.0001f,0f,0f,0f,0f,0f,0f,1f],start_interpolation: 0,interpolation_duration: 1}
$data merge entity $(bone_6) {transformation: [0.0332f,0.96f,-0.2743f,-0.0831f,-0.0077f,0.2751f,0.9614f,0.1643f,0.9984f,-0.0298f,0.0165f,-0.1544f,0f,0f,0f,1f],start_interpolation: 0,interpolation_duration: 1}
$data merge entity $(bone_12) {transformation: [0.0332f,0.0706f,-0.996f,-0.1255f,-0.0077f,0.9975f,0.0703f,0.4493f,0.9984f,0.0054f,0.0336f,-0.1508f,0f,0f,0f,1f],start_interpolation: 0,interpolation_duration: 1}
$data merge entity $(bone_10) {transformation: [0f,-0.1248f,-0.9912f,-0.2201f,0f,0.9922f,-0.1246f,0.8408f,0.999f,0f,0f,-0.0156f,0f,0f,0f,1f],start_interpolation: 0,interpolation_duration: 1}
$data merge entity $(bone_9) {transformation: [0f,0.5922f,-0.8058f,-0.0224f,0f,0.8058f,0.5922f,1.0834f,1f,0f,0f,-0.0156f,0f,0f,0f,1f],start_interpolation: 0,interpolation_duration: 1}
$data merge entity $(item_display_item_display) {transformation: [0f,0f,0f,-0.4958f,0f,0f,0f,0.4096f,0f,0f,0f,2.2153f,0f,0f,0f,1f],start_interpolation: 0,interpolation_duration: 1}
$data merge entity $(bone_2) {transformation: [-0.3936f,-0.5718f,0.7043f,-0.0601f,-0.0362f,0.7781f,0.611f,0.7869f,-0.9055f,0.2174f,-0.3306f,0.3264f,0f,0f,0f,1f],start_interpolation: 0,interpolation_duration: 1}
$data merge entity $(bone_1) {transformation: [-0.394f,-0.1242f,0.8986f,-0.0926f,-0.0362f,0.9821f,0.1196f,1.0984f,-0.9064f,0.0148f,-0.3954f,0.3281f,0f,0f,0f,1f],start_interpolation: 0,interpolation_duration: 1}
$data merge entity $(bone_4) {transformation: [-0.0045f,-0.0128f,-0.9924f,-0.2367f,-0.1176f,0.9893f,-0.0224f,0.7871f,0.981f,0.1178f,-0.0067f,-0.4215f,0f,0f,0f,1f],start_interpolation: 0,interpolation_duration: 1}
$data merge entity $(bone_3) {transformation: [-0.0045f,0.52f,-0.8453f,-0.0594f,-0.1177f,0.8479f,0.5102f,1.0474f,0.982f,0.1031f,0.0573f,-0.3897f,0f,0f,0f,1f],start_interpolation: 0,interpolation_duration: 1}
$data merge entity $(bone_8) {transformation: [-0.054f,-0.0274f,-0.9981f,0.0534f,0.0006f,0.9987f,-0.0272f,0.3752f,0.9975f,-0.0021f,-0.054f,0.1463f,0f,0f,0f,1f],start_interpolation: 0,interpolation_duration: 1}
$data merge entity $(bone_7) {transformation: [-0.054f,-0.8565f,-0.5132f,-0.2245f,0.0006f,0.5137f,-0.8568f,0.4786f,0.9975f,-0.0466f,-0.0272f,0.1313f,0f,0f,0f,1f],start_interpolation: 0,interpolation_duration: 1}