# This file was generated by Animated Java via MC-Build. It is not recommended to edit this file directly.
$data merge entity $(bone_layer) {transformation: [0f,0.82f,-0.5742f,-0.0357f,0f,0.5742f,0.82f,1.0331f,1.0011f,0f,0f,0f,0f,0f,0f,1f],start_interpolation: 0,interpolation_duration: 1}
$data merge entity $(bone_l_1) {transformation: [0f,0.6144f,-0.5736f,0.2041f,0f,0.4302f,0.8192f,0.8977f,0.7501f,0f,0f,0.1219f,0f,0f,0f,1f],start_interpolation: 0,interpolation_duration: 1}
$data merge entity $(bone_eye_l) {transformation: [0f,0.8192f,-0.5736f,-0.0357f,0f,0.5736f,0.8192f,1.0331f,1.0001f,0f,0f,0f,0f,0f,0f,1f],start_interpolation: 0,interpolation_duration: 1}
$data merge entity $(bone_r_1) {transformation: [0f,0.6144f,-0.5736f,0.2041f,0f,0.4302f,0.8192f,0.8977f,0.7501f,0f,0f,-0.1219f,0f,0f,0f,1f],start_interpolation: 0,interpolation_duration: 1}
$data merge entity $(bone_eye_r) {transformation: [0f,0.8192f,-0.5736f,0.2057f,0f,0.5736f,0.8192f,0.9064f,1.0001f,0f,0f,-0.125f,0f,0f,0f,1f],start_interpolation: 0,interpolation_duration: 1}
$data merge entity $(bone_eyes_down) {transformation: [0f,0.8192f,-0.5736f,-0.0101f,0f,0.5736f,0.8192f,1.051f,1.0001f,0f,0f,0f,0f,0f,0f,1f],start_interpolation: 0,interpolation_duration: 1}
$data merge entity $(bone_eyes_up) {transformation: [0f,0f,0f,0.1435f,0f,0f,0f,1.1585f,0f,0f,0f,0f,0f,0f,0f,1f],start_interpolation: 0,interpolation_duration: 1}
$data merge entity $(bone_bone) {transformation: [0f,0.8192f,-0.5736f,-0.0357f,0f,0.5736f,0.8192f,1.0331f,1.0001f,0f,0f,0f,0f,0f,0f,1f],start_interpolation: 0,interpolation_duration: 1}
$data merge entity $(bone_l) {transformation: [-0.1422f,0.605f,-0.5736f,0.2969f,-0.0996f,0.4236f,0.8192f,0.9531f,0.9849f,0.1302f,0f,0.125f,0f,0f,0f,1f],start_interpolation: 0,interpolation_duration: 1}
$data merge entity $(bone_r) {transformation: [0.1422f,0.605f,-0.5736f,0.2969f,0.0996f,0.4236f,0.8192f,0.9531f,0.9849f,-0.1302f,0f,-0.125f,0f,0f,0f,1f],start_interpolation: 0,interpolation_duration: 1}
$data merge entity $(bone_sad) {transformation: [0f,0.5488f,-0.2868f,0.1589f,0f,0.3843f,0.4096f,0.8641f,3.0003f,0f,0f,0.1406f,0f,0f,0f,1f],start_interpolation: 0,interpolation_duration: 1}
$data merge entity $(bone_head) {transformation: [0f,0.8192f,-0.5736f,-0.0357f,0f,0.5736f,0.8192f,1.0331f,1.0001f,0f,0f,0f,0f,0f,0f,1f],start_interpolation: 0,interpolation_duration: 1}
$data merge entity $(bone_6) {transformation: [0.0293f,0.9687f,-0.2424f,-0.0829f,-0.0094f,0.2432f,0.9699f,0.1552f,0.9985f,-0.0262f,0.0163f,-0.1538f,0f,0f,0f,1f],start_interpolation: 0,interpolation_duration: 1}
$data merge entity $(bone_12) {transformation: [0.0293f,0.1035f,-0.9932f,-0.1158f,-0.0094f,0.9946f,0.1031f,0.4414f,0.9985f,0.0063f,0.0302f,-0.1501f,0f,0f,0f,1f],start_interpolation: 0,interpolation_duration: 1}
$data merge entity $(bone_10) {transformation: [0f,-0.0872f,-0.9952f,-0.2046f,0f,0.9962f,-0.0871f,0.8233f,0.999f,0f,0f,-0.0156f,0f,0f,0f,1f],start_interpolation: 0,interpolation_duration: 1}
$data merge entity $(bone_9) {transformation: [0f,0.6088f,-0.7934f,-0.0019f,0f,0.7934f,0.6088f,1.0617f,1f,0f,0f,-0.0156f,0f,0f,0f,1f],start_interpolation: 0,interpolation_duration: 1}
$data merge entity $(item_display_item_display) {transformation: [0f,0f,0f,-0.5048f,0f,0f,0f,0.4185f,0f,0f,0f,2.2192f,0f,0f,0f,1f],start_interpolation: 0,interpolation_duration: 1}
$data merge entity $(bone_2) {transformation: [-0.3916f,-0.5445f,0.7266f,-0.0495f,-0.0294f,0.7996f,0.583f,0.7651f,-0.9066f,0.2093f,-0.3327f,0.329f,0f,0f,0f,1f],start_interpolation: 0,interpolation_duration: 1}
$data merge entity $(bone_1) {transformation: [-0.392f,-0.0893f,0.9036f,-0.071f,-0.0294f,0.9859f,0.0845f,1.077f,-0.9075f,0.0066f,-0.393f,0.3281f,0f,0f,0f,1f],start_interpolation: 0,interpolation_duration: 1}
$data merge entity $(bone_4) {transformation: [-0.0064f,0.0175f,-0.9925f,-0.226f,-0.1143f,0.9897f,0.0078f,0.7698f,0.9814f,0.1147f,-0.0051f,-0.4204f,0f,0f,0f,1f],start_interpolation: 0,interpolation_duration: 1}
$data merge entity $(bone_3) {transformation: [-0.0064f,0.5438f,-0.8304f,-0.041f,-0.1144f,0.8332f,0.5342f,1.025f,0.9824f,0.0998f,0.0568f,-0.3897f,0f,0f,0f,1f],start_interpolation: 0,interpolation_duration: 1}
$data merge entity $(bone_8) {transformation: [-0.054f,-0.0274f,-0.9981f,0.0675f,0.0006f,0.9987f,-0.0272f,0.3754f,0.9975f,-0.0021f,-0.054f,0.1463f,0f,0f,0f,1f],start_interpolation: 0,interpolation_duration: 1}
$data merge entity $(bone_7) {transformation: [-0.054f,-0.8565f,-0.5132f,-0.2104f,0.0006f,0.5137f,-0.8568f,0.4787f,0.9975f,-0.0466f,-0.0272f,0.1313f,0f,0f,0f,1f],start_interpolation: 0,interpolation_duration: 1}