# This file was generated by Animated Java via MC-Build. It is not recommended to edit this file directly.
$data merge entity $(bone_layer) {transformation: [0f,0.8436f,-0.5388f,0.0357f,0f,0.5388f,0.8436f,0.9545f,1.0011f,0f,0f,0f,0f,0f,0f,1f],start_interpolation: 0,interpolation_duration: 1}
$data merge entity $(bone_l_1) {transformation: [0f,0.6321f,-0.5383f,0.2695f,0f,0.4037f,0.8427f,0.8091f,0.7501f,0f,0f,0.1219f,0f,0f,0f,1f],start_interpolation: 0,interpolation_duration: 1}
$data merge entity $(bone_eye_l) {transformation: [0f,0.8427f,-0.5383f,0.0357f,0f,0.5383f,0.8427f,0.9545f,1.0001f,0f,0f,0f,0f,0f,0f,1f],start_interpolation: 0,interpolation_duration: 1}
$data merge entity $(bone_r_1) {transformation: [0f,0.6321f,-0.5383f,0.2695f,0f,0.4037f,0.8427f,0.8091f,0.7501f,0f,0f,-0.1219f,0f,0f,0f,1f],start_interpolation: 0,interpolation_duration: 1}
$data merge entity $(bone_eye_r) {transformation: [0f,0.8427f,-0.5383f,0.2715f,0f,0.5383f,0.8427f,0.8177f,1.0001f,0f,0f,-0.125f,0f,0f,0f,1f],start_interpolation: 0,interpolation_duration: 1}
$data merge entity $(bone_eyes_down) {transformation: [0f,0.8427f,-0.5383f,0.0621f,0f,0.5383f,0.8427f,0.9713f,1.0001f,0f,0f,0f,0f,0f,0f,1f],start_interpolation: 0,interpolation_duration: 1}
$data merge entity $(bone_eyes_up) {transformation: [0f,0f,0f,0.2201f,0f,0f,0f,1.0723f,0f,0f,0f,0f,0f,0f,0f,1f],start_interpolation: 0,interpolation_duration: 1}
$data merge entity $(bone_bone) {transformation: [0f,0.8427f,-0.5383f,0.0357f,0f,0.5383f,0.8427f,0.9545f,1.0001f,0f,0f,0f,0f,0f,0f,1f],start_interpolation: 0,interpolation_duration: 1}
$data merge entity $(bone_l) {transformation: [-0.1463f,0.6225f,-0.5383f,0.3646f,-0.0935f,0.3976f,0.8427f,0.8605f,0.9849f,0.1302f,0f,0.125f,0f,0f,0f,1f],start_interpolation: 0,interpolation_duration: 1}
$data merge entity $(bone_r) {transformation: [0.1463f,0.6225f,-0.5383f,0.3646f,0.0935f,0.3976f,0.8427f,0.8605f,0.9849f,-0.1302f,0f,-0.125f,0f,0f,0f,1f],start_interpolation: 0,interpolation_duration: 1}
$data merge entity $(bone_sad) {transformation: [0f,0.5646f,-0.2692f,0.223f,0f,0.3607f,0.4214f,0.7775f,3.0003f,0f,0f,0.1406f,0f,0f,0f,1f],start_interpolation: 0,interpolation_duration: 1}
$data merge entity $(bone_head) {transformation: [0f,0.8427f,-0.5383f,0.0357f,0f,0.5383f,0.8427f,0.9545f,1.0001f,0f,0f,0f,0f,0f,0f,1f],start_interpolation: 0,interpolation_duration: 1}
$data merge entity $(bone_6) {transformation: [0.0155f,0.9614f,-0.2714f,-0.1075f,-0.0141f,0.2722f,0.9621f,0.1135f,0.9988f,-0.0111f,0.0178f,-0.1518f,0f,0f,0f,1f],start_interpolation: 0,interpolation_duration: 1}
$data merge entity $(bone_12) {transformation: [0.0155f,0.2245f,-0.9734f,-0.0941f,-0.0141f,0.9744f,0.2241f,0.415f,0.9988f,0.0103f,0.0183f,-0.1477f,0f,0f,0f,1f],start_interpolation: 0,interpolation_duration: 1}
$data merge entity $(bone_10) {transformation: [0f,0.052f,-0.9977f,-0.1538f,0f,0.9986f,0.0519f,0.7584f,0.999f,0f,0f,-0.0156f,0f,0f,0f,1f],start_interpolation: 0,interpolation_duration: 1}
$data merge entity $(bone_9) {transformation: [0f,0.668f,-0.7442f,0.0666f,0f,0.7442f,0.668f,0.9805f,1f,0f,0f,-0.0156f,0f,0f,0f,1f],start_interpolation: 0,interpolation_duration: 1}
$data merge entity $(item_display_item_display) {transformation: [0f,0f,0f,-0.5597f,0f,0f,0f,0.5541f,0f,0f,0f,2.236f,0f,0f,0f,1f],start_interpolation: 0,interpolation_duration: 1}
$data merge entity $(bone_2) {transformation: [-0.3755f,-0.3831f,0.8307f,-0.0163f,-0.0154f,0.9015f,0.4089f,0.6775f,-0.9137f,0.1422f,-0.3483f,0.3414f,0f,0f,0f,1f],start_interpolation: 0,interpolation_duration: 1}
$data merge entity $(bone_1) {transformation: [-0.3759f,0.0406f,0.9139f,0.0028f,-0.0154f,0.9886f,-0.0502f,0.9965f,-0.9147f,-0.0333f,-0.3748f,0.3281f,0f,0f,0f,1f],start_interpolation: 0,interpolation_duration: 1}
$data merge entity $(bone_4) {transformation: [-0.0227f,0.1709f,-0.9784f,-0.1803f,-0.1107f,0.9759f,0.1621f,0.6935f,0.9815f,0.1135f,-0.004f,-0.4218f,0f,0f,0f,1f],start_interpolation: 0,interpolation_duration: 1}
$data merge entity $(bone_3) {transformation: [-0.0227f,0.6128f,-0.7817f,0.0286f,-0.1108f,0.7836f,0.6038f,0.9389f,0.9825f,0.1019f,0.0501f,-0.3895f,0f,0f,0f,1f],start_interpolation: 0,interpolation_duration: 1}
$data merge entity $(bone_8) {transformation: [-0.0554f,0.0669f,-0.9961f,0.0701f,-0.0081f,0.9968f,0.0681f,0.2746f,0.9974f,0.0118f,-0.0548f,0.1438f,0f,0f,0f,1f],start_interpolation: 0,interpolation_duration: 1}
$data merge entity $(bone_7) {transformation: [-0.0554f,-0.7238f,-0.6876f,-0.1814f,-0.0081f,0.6889f,-0.7236f,0.4484f,0.9974f,-0.0346f,-0.0441f,0.1313f,0f,0f,0f,1f],start_interpolation: 0,interpolation_duration: 1}