# This file was generated by Animated Java via MC-Build. It is not recommended to edit this file directly.
$data merge entity $(bone_layer) {transformation: [0f,0.8802f,-0.4767f,0.1378f,0f,0.4767f,0.8802f,0.844f,1.0011f,0f,0f,0f,0f,0f,0f,1f],start_interpolation: 0,interpolation_duration: 1}
$data merge entity $(bone_l_1) {transformation: [0f,0.6595f,-0.4762f,0.3605f,0f,0.3571f,0.8793f,0.6821f,0.7501f,0f,0f,0.1219f,0f,0f,0f,1f],start_interpolation: 0,interpolation_duration: 1}
$data merge entity $(bone_eye_l) {transformation: [0f,0.8793f,-0.4762f,0.1378f,0f,0.4762f,0.8793f,0.844f,1.0001f,0f,0f,0f,0f,0f,0f,1f],start_interpolation: 0,interpolation_duration: 1}
$data merge entity $(bone_r_1) {transformation: [0f,0.6595f,-0.4762f,0.3605f,0f,0.3571f,0.8793f,0.6821f,0.7501f,0f,0f,-0.1219f,0f,0f,0f,1f],start_interpolation: 0,interpolation_duration: 1}
$data merge entity $(bone_eye_r) {transformation: [0f,0.8793f,-0.4762f,0.363f,0f,0.4762f,0.8793f,0.6906f,1.0001f,0f,0f,-0.125f,0f,0f,0f,1f],start_interpolation: 0,interpolation_duration: 1}
$data merge entity $(bone_eyes_down) {transformation: [0f,0.8793f,-0.4762f,0.1653f,0f,0.4762f,0.8793f,0.8589f,1.0001f,0f,0f,0f,0f,0f,0f,1f],start_interpolation: 0,interpolation_duration: 1}
$data merge entity $(bone_bone) {transformation: [0f,0.8793f,-0.4762f,0.1378f,0f,0.4762f,0.8793f,0.844f,1.0001f,0f,0f,0f,0f,0f,0f,1f],start_interpolation: 0,interpolation_duration: 1}
$data merge entity $(bone_l) {transformation: [-0.1527f,0.6495f,-0.4762f,0.459f,-0.0827f,0.3517f,0.8793f,0.7266f,0.9849f,0.1302f,0f,0.125f,0f,0f,0f,1f],start_interpolation: 0,interpolation_duration: 1}
$data merge entity $(bone_r) {transformation: [0.1527f,0.6495f,-0.4762f,0.459f,0.0827f,0.3517f,0.8793f,0.7266f,0.9849f,-0.1302f,0f,-0.125f,0f,0f,0f,1f],start_interpolation: 0,interpolation_duration: 1}
$data merge entity $(bone_sad) {transformation: [0f,0.5892f,-0.2381f,0.3118f,0f,0.3191f,0.4397f,0.6539f,3.0003f,0f,0f,0.1406f,0f,0f,0f,1f],start_interpolation: 0,interpolation_duration: 1}
$data merge entity $(bone_head) {transformation: [0f,0.8793f,-0.4762f,0.1378f,0f,0.4762f,0.8793f,0.844f,1.0001f,0f,0f,0f,0f,0f,0f,1f],start_interpolation: 0,interpolation_duration: 1}
$data merge entity $(bone_6) {transformation: [-0.0035f,0.9672f,-0.2506f,-0.1443f,-0.0187f,0.2514f,0.9676f,0.0712f,0.9988f,0.0081f,0.0172f,-0.1501f,0f,0f,0f,1f],start_interpolation: 0,interpolation_duration: 1}
$data merge entity $(bone_12) {transformation: [-0.0035f,0.39f,-0.9199f,-0.0656f,-0.0187f,0.9206f,0.3896f,0.3772f,0.9988f,0.0186f,0.0041f,-0.1441f,0f,0f,0f,1f],start_interpolation: 0,interpolation_duration: 1}
$data merge entity $(bone_10) {transformation: [0f,0.2469f,-0.9681f,-0.0807f,0f,0.969f,0.2467f,0.6687f,0.999f,0f,0f,-0.0156f,0f,0f,0f,1f],start_interpolation: 0,interpolation_duration: 1}
$data merge entity $(bone_9) {transformation: [0f,0.7451f,-0.667f,0.1625f,0f,0.667f,0.7451f,0.8655f,1f,0f,0f,-0.0156f,0f,0f,0f,1f],start_interpolation: 0,interpolation_duration: 1}
$data merge entity $(item_display_item_display) {transformation: [0f,0f,0f,-0.57f,0f,0f,0f,0.7429f,0f,0f,0f,2.2325f,0f,0f,0f,1f],start_interpolation: 0,interpolation_duration: 1}
$data merge entity $(bone_2) {transformation: [-0.3481f,-0.1512f,0.9132f,0.0273f,-0.0015f,0.9767f,0.1617f,0.5663f,-0.9247f,0.0554f,-0.344f,0.3584f,0f,0f,0f,1f],start_interpolation: 0,interpolation_duration: 1}
$data merge entity $(bone_1) {transformation: [-0.3484f,0.2239f,0.8982f,0.1063f,-0.0015f,0.9605f,-0.2395f,0.8823f,-0.9256f,-0.0858f,-0.3377f,0.3281f,0f,0f,0f,1f],start_interpolation: 0,interpolation_duration: 1}
$data merge entity $(bone_4) {transformation: [-0.0447f,0.3508f,-0.9297f,-0.114f,-0.1052f,0.9271f,0.3432f,0.5981f,0.9814f,0.1148f,-0.0053f,-0.4243f,0f,0f,0f,1f],start_interpolation: 0,interpolation_duration: 1}
$data merge entity $(bone_3) {transformation: [-0.0447f,0.7006f,-0.7048f,0.1261f,-0.1053f,0.7055f,0.6926f,0.8234f,0.9824f,0.1069f,0.0422f,-0.3894f,0f,0f,0f,1f],start_interpolation: 0,interpolation_duration: 1}
$data merge entity $(bone_8) {transformation: [-0.0549f,0.2508f,-0.9661f,0.0437f,-0.0149f,0.9668f,0.2529f,0.1502f,0.9974f,0.0283f,-0.0494f,0.1376f,0f,0f,0f,1f],start_interpolation: 0,interpolation_duration: 1}
$data merge entity $(bone_7) {transformation: [-0.0549f,-0.4773f,-0.8766f,-0.1413f,-0.0149f,0.8785f,-0.4763f,0.4054f,0.9974f,-0.0131f,-0.0554f,0.1313f,0f,0f,0f,1f],start_interpolation: 0,interpolation_duration: 1}