# This file was generated by Animated Java via MC-Build. It is not recommended to edit this file directly.
$data merge entity $(bone_layer) {transformation: [0f,0.9205f,-0.3933f,0.2612f,0f,0.3933f,0.9205f,0.7123f,1.0011f,0f,0f,0f,0f,0f,0f,1f],start_interpolation: 0,interpolation_duration: 1}
$data merge entity $(bone_l_1) {transformation: [0f,0.6897f,-0.3929f,0.468f,0f,0.2947f,0.9196f,0.5305f,0.7501f,0f,0f,0.1219f,0f,0f,0f,1f],start_interpolation: 0,interpolation_duration: 1}
$data merge entity $(bone_eye_l) {transformation: [0f,0.9196f,-0.3929f,0.2612f,0f,0.3929f,0.9196f,0.7123f,1.0001f,0f,0f,0f,0f,0f,0f,1f],start_interpolation: 0,interpolation_duration: 1}
$data merge entity $(bone_r_1) {transformation: [0f,0.6897f,-0.3929f,0.468f,0f,0.2947f,0.9196f,0.5305f,0.7501f,0f,0f,-0.1219f,0f,0f,0f,1f],start_interpolation: 0,interpolation_duration: 1}
$data merge entity $(bone_eye_r) {transformation: [0f,0.9196f,-0.3929f,0.4713f,0f,0.3929f,0.9196f,0.5387f,1.0001f,0f,0f,-0.125f,0f,0f,0f,1f],start_interpolation: 0,interpolation_duration: 1}
$data merge entity $(bone_eyes_down) {transformation: [0f,0.9196f,-0.3929f,0.2899f,0f,0.3929f,0.9196f,0.7245f,1.0001f,0f,0f,0f,0f,0f,0f,1f],start_interpolation: 0,interpolation_duration: 1}
$data merge entity $(bone_bone) {transformation: [0f,0.9196f,-0.3929f,0.2612f,0f,0.3929f,0.9196f,0.7123f,1.0001f,0f,0f,0f,0f,0f,0f,1f],start_interpolation: 0,interpolation_duration: 1}
$data merge entity $(bone_l) {transformation: [-0.1597f,0.6792f,-0.3929f,0.5702f,-0.0682f,0.2902f,0.9196f,0.5656f,0.9849f,0.1302f,0f,0.125f,0f,0f,0f,1f],start_interpolation: 0,interpolation_duration: 1}
$data merge entity $(bone_r) {transformation: [0.1597f,0.6792f,-0.3929f,0.5702f,0.0682f,0.2902f,0.9196f,0.5656f,0.9849f,-0.1302f,0f,-0.125f,0f,0f,0f,1f],start_interpolation: 0,interpolation_duration: 1}
$data merge entity $(bone_sad) {transformation: [0f,0.6161f,-0.1964f,0.4169f,0f,0.2632f,0.4598f,0.5069f,3.0003f,0f,0f,0.1406f,0f,0f,0f,1f],start_interpolation: 0,interpolation_duration: 1}
$data merge entity $(bone_head) {transformation: [0f,0.9196f,-0.3929f,0.2612f,0f,0.3929f,0.9196f,0.7123f,1.0001f,0f,0f,0f,0f,0f,0f,1f],start_interpolation: 0,interpolation_duration: 1}
$data merge entity $(bone_6) {transformation: [-0.0249f,0.9796f,-0.1961f,-0.1875f,-0.0209f,0.1966f,0.9799f,0.0397f,0.9985f,0.0285f,0.0156f,-0.1496f,0f,0f,0f,1f],start_interpolation: 0,interpolation_duration: 1}
$data merge entity $(bone_12) {transformation: [-0.0249f,0.572f,-0.819f,-0.0318f,-0.0209f,0.8196f,0.5719f,0.331f,0.9985f,0.0314f,-0.0084f,-0.1397f,0f,0f,0f,1f],start_interpolation: 0,interpolation_duration: 1}
$data merge entity $(bone_10) {transformation: [0f,0.467f,-0.8834f,0.0106f,0f,0.8842f,0.4666f,0.5649f,0.999f,0f,0f,-0.0156f,0f,0f,0f,1f],start_interpolation: 0,interpolation_duration: 1}
$data merge entity $(bone_9) {transformation: [0f,0.8256f,-0.5643f,0.2774f,0f,0.5643f,0.8256f,0.7283f,1f,0f,0f,-0.0156f,0f,0f,0f,1f],start_interpolation: 0,interpolation_duration: 1}
$data merge entity $(item_display_item_display) {transformation: [0f,0f,0f,-0.4891f,0f,0f,0f,0.968f,0f,0f,0f,2.1948f,0f,0f,0f,1f],start_interpolation: 0,interpolation_duration: 1}
$data merge entity $(bone_2) {transformation: [-0.3109f,0.1304f,0.9299f,0.0804f,0.0065f,0.9806f,-0.1345f,0.4507f,-0.9378f,-0.0364f,-0.3092f,0.3759f,0f,0f,0f,1f],start_interpolation: 0,interpolation_duration: 1}
$data merge entity $(bone_1) {transformation: [-0.3112f,0.4333f,0.833f,0.2307f,0.0065f,0.8795f,-0.4541f,0.7457f,-0.9387f,-0.1376f,-0.2793f,0.3281f,0f,0f,0f,1f],start_interpolation: 0,interpolation_duration: 1}
$data merge entity $(bone_4) {transformation: [-0.0698f,0.5364f,-0.8365f,-0.0301f,-0.0987f,0.8334f,0.5304f,0.4944f,0.9806f,0.1216f,-0.0059f,-0.4284f,0f,0f,0f,1f],start_interpolation: 0,interpolation_duration: 1}
$data merge entity $(bone_3) {transformation: [-0.0698f,0.7915f,-0.6008f,0.2435f,-0.0988f,0.5999f,0.7848f,0.6897f,0.9816f,0.1162f,0.0363f,-0.3895f,0f,0f,0f,1f],start_interpolation: 0,interpolation_duration: 1}
$data merge entity $(bone_8) {transformation: [-0.0478f,0.4808f,-0.8746f,-0.0192f,-0.0161f,0.8752f,0.483f,0.0376f,0.9977f,0.0372f,-0.0341f,0.1297f,0f,0f,0f,1f],start_interpolation: 0,interpolation_duration: 1}
$data merge entity $(bone_7) {transformation: [-0.0478f,-0.124f,-0.9904f,-0.0929f,-0.0161f,0.9921f,-0.1226f,0.3539f,0.9977f,0.0101f,-0.0495f,0.1313f,0f,0f,0f,1f],start_interpolation: 0,interpolation_duration: 1}