# This file was generated by Animated Java via MC-Build. It is not recommended to edit this file directly.
$data merge entity $(bone_layer) {transformation: [0f,0.9563f,-0.2958f,0.3968f,0f,0.2958f,0.9563f,0.57f,1.0011f,0f,0f,0f,0f,0f,0f,1f],start_interpolation: 0,interpolation_duration: 1}
$data merge entity $(bone_l_1) {transformation: [0f,0.7165f,-0.2955f,0.5836f,0f,0.2216f,0.9553f,0.3677f,0.7501f,0f,0f,0.1219f,0f,0f,0f,1f],start_interpolation: 0,interpolation_duration: 1}
$data merge entity $(bone_eye_l) {transformation: [0f,0.9553f,-0.2955f,0.3968f,0f,0.2955f,0.9553f,0.57f,1.0001f,0f,0f,0f,0f,0f,0f,1f],start_interpolation: 0,interpolation_duration: 1}
$data merge entity $(bone_r_1) {transformation: [0f,0.7165f,-0.2955f,0.5836f,0f,0.2216f,0.9553f,0.3677f,0.7501f,0f,0f,-0.1219f,0f,0f,0f,1f],start_interpolation: 0,interpolation_duration: 1}
$data merge entity $(bone_eye_r) {transformation: [0f,0.9553f,-0.2955f,0.5878f,0f,0.2955f,0.9553f,0.3755f,1.0001f,0f,0f,-0.125f,0f,0f,0f,1f],start_interpolation: 0,interpolation_duration: 1}
$data merge entity $(bone_eyes_down) {transformation: [0f,0.9553f,-0.2955f,0.4266f,0f,0.2955f,0.9553f,0.5792f,1.0001f,0f,0f,0f,0f,0f,0f,1f],start_interpolation: 0,interpolation_duration: 1}
$data merge entity $(bone_bone) {transformation: [0f,0.9553f,-0.2955f,0.3968f,0f,0.2955f,0.9553f,0.57f,1.0001f,0f,0f,0f,0f,0f,0f,1f],start_interpolation: 0,interpolation_duration: 1}
$data merge entity $(bone_l) {transformation: [-0.1659f,0.7056f,-0.2955f,0.6889f,-0.0513f,0.2183f,0.9553f,0.3921f,0.9849f,0.1302f,0f,0.125f,0f,0f,0f,1f],start_interpolation: 0,interpolation_duration: 1}
$data merge entity $(bone_r) {transformation: [0.1659f,0.7056f,-0.2955f,0.6889f,0.0513f,0.2183f,0.9553f,0.3921f,0.9849f,-0.1302f,0f,-0.125f,0f,0f,0f,1f],start_interpolation: 0,interpolation_duration: 1}
$data merge entity $(bone_sad) {transformation: [0f,0.6401f,-0.1477f,0.5304f,0f,0.198f,0.4777f,0.3496f,3.0003f,0f,0f,0.1406f,0f,0f,0f,1f],start_interpolation: 0,interpolation_duration: 1}
$data merge entity $(bone_head) {transformation: [0f,0.9553f,-0.2955f,0.3968f,0f,0.2955f,0.9553f,0.57f,1.0001f,0f,0f,0f,0f,0f,0f,1f],start_interpolation: 0,interpolation_duration: 1}
$data merge entity $(bone_6) {transformation: [-0.0455f,0.9908f,-0.1237f,-0.2285f,-0.0198f,0.1239f,0.9915f,0.0263f,0.9978f,0.0477f,0.014f,-0.1504f,0f,0f,0f,1f],start_interpolation: 0,interpolation_duration: 1}
$data merge entity $(bone_12) {transformation: [-0.0455f,0.7407f,-0.6696f,0.0052f,-0.0198f,0.6702f,0.7412f,0.2799f,0.9978f,0.0471f,-0.0159f,-0.1348f,0f,0f,0f,1f],start_interpolation: 0,interpolation_duration: 1}
$data merge entity $(bone_10) {transformation: [0f,0.6756f,-0.7365f,0.1156f,0f,0.7373f,0.6749f,0.456f,0.999f,0f,0f,-0.0156f,0f,0f,0f,1f],start_interpolation: 0,interpolation_duration: 1}
$data merge entity $(bone_9) {transformation: [0f,0.8969f,-0.4423f,0.4028f,0f,0.4423f,0.8969f,0.5802f,1f,0f,0f,-0.0156f,0f,0f,0f,1f],start_interpolation: 0,interpolation_duration: 1}
$data merge entity $(item_display_item_display) {transformation: [0f,0f,0f,-0.2924f,0f,0f,0f,1.1894f,0f,0f,0f,2.1208f,0f,0f,0f,1f],start_interpolation: 0,interpolation_duration: 1}
$data merge entity $(bone_2) {transformation: [-0.2684f,0.421f,0.8541f,0.1447f,0.0041f,0.8885f,-0.4356f,0.3453f,-0.9509f,-0.115f,-0.2429f,0.3897f,0f,0f,0f,1f],start_interpolation: 0,interpolation_duration: 1}
$data merge entity $(bone_1) {transformation: [-0.2687f,0.6352f,0.7094f,0.3667f,0.0041f,0.7386f,-0.6585f,0.5979f,-0.9518f,-0.1761f,-0.2031f,0.3281f,0f,0f,0f,1f],start_interpolation: 0,interpolation_duration: 1}
$data merge entity $(bone_4) {transformation: [-0.0958f,0.7055f,-0.6987f,0.0678f,-0.0922f,0.6946f,0.7013f,0.3915f,0.979f,0.1342f,-0.0022f,-0.4342f,0f,0f,0f,1f],start_interpolation: 0,interpolation_duration: 1}
$data merge entity $(bone_3) {transformation: [-0.0959f,0.8716f,-0.4756f,0.3727f,-0.0923f,0.4728f,0.8664f,0.5482f,0.98f,0.1295f,0.0351f,-0.3897f,0f,0f,0f,1f],start_interpolation: 0,interpolation_duration: 1}
$data merge entity $(bone_8) {transformation: [-0.0298f,0.7034f,-0.7087f,-0.105f,-0.0122f,0.7093f,0.7048f,-0.0297f,0.9985f,0.0297f,-0.0125f,0.1253f,0f,0f,0f,1f],start_interpolation: 0,interpolation_duration: 1}
$data merge entity $(bone_7) {transformation: [-0.0298f,0.2758f,-0.9597f,-0.0391f,-0.0122f,0.9608f,0.2768f,0.2982f,0.9985f,0.02f,-0.0252f,0.1313f,0f,0f,0f,1f],start_interpolation: 0,interpolation_duration: 1}