# This file was generated by Animated Java via MC-Build. It is not recommended to edit this file directly.
$data merge entity $(bone_layer) {transformation: [0.0847f,-0.4366f,-0.8968f,0.1143f,0.0143f,0.9005f,-0.437f,1.7921f,0.9974f,0.0242f,0.0824f,-0.4666f,0f,0f,0f,1f],start_interpolation: 0,interpolation_duration: 1}
$data merge entity $(bone_l_1) {transformation: [0.0761f,-0.3925f,-0.8959f,0.2771f,0.0129f,0.8096f,-0.4366f,2.0425f,0.8968f,0.0217f,0.0823f,-0.3836f,0f,0f,0f,1f],start_interpolation: 0,interpolation_duration: 1}
$data merge entity $(bone_eye_l) {transformation: [0.0846f,-0.4361f,-0.8959f,0.1143f,0.0143f,0.8996f,-0.4366f,1.7921f,0.9964f,0.0241f,0.0823f,-0.4666f,0f,0f,0f,1f],start_interpolation: 0,interpolation_duration: 1}
$data merge entity $(bone_r_1) {transformation: [0.0761f,-0.3925f,-0.8959f,0.2569f,0.0129f,0.8096f,-0.4366f,2.0381f,0.8968f,0.0217f,0.0823f,-0.5826f,0f,0f,0f,1f],start_interpolation: 0,interpolation_duration: 1}
$data merge entity $(bone_eye_r) {transformation: [0.0846f,-0.4361f,-0.8959f,0.2628f,0.0143f,0.8996f,-0.4366f,2.0069f,0.9964f,0.0241f,0.0823f,-0.6078f,0f,0f,0f,1f],start_interpolation: 0,interpolation_duration: 1}
$data merge entity $(bone_eyes_down) {transformation: [0.0846f,-0.4361f,-0.8959f,0.0734f,0.0143f,0.8996f,-0.4366f,1.8764f,0.9964f,0.0241f,0.0823f,-0.4643f,0f,0f,0f,1f],start_interpolation: 0,interpolation_duration: 1}
$data merge entity $(bone_eyes_up) {transformation: [0.0846f,-0.4361f,-0.8959f,0.0188f,0.0143f,0.8996f,-0.4366f,1.9889f,0.9964f,0.0241f,0.0823f,-0.4613f,0f,0f,0f,1f],start_interpolation: 0,interpolation_duration: 1}
$data merge entity $(bone_bone) {transformation: [0.0846f,-0.4361f,-0.8959f,0.1143f,0.0143f,0.8996f,-0.4366f,1.7921f,0.9964f,0.0241f,0.0823f,-0.4666f,0f,0f,0f,1f],start_interpolation: 0,interpolation_duration: 1}
$data merge entity $(bone_l) {transformation: [0.0655f,-0.3296f,-0.8959f,0.2638f,0.0535f,0.6736f,-0.4366f,2.0927f,0.9965f,-0.0145f,0.0823f,-0.3581f,0f,0f,0f,1f],start_interpolation: 0,interpolation_duration: 1}
$data merge entity $(bone_r) {transformation: [0.1035f,-0.324f,-0.8959f,0.2426f,-0.025f,0.6745f,-0.4366f,2.0891f,0.9944f,0.0507f,0.0823f,-0.6072f,0f,0f,0f,1f],start_interpolation: 0,interpolation_duration: 1}
$data merge entity $(bone_sad) {transformation: [0.0846f,-0.4361f,-0.8959f,0.3316f,0.0143f,0.8996f,-0.4366f,1.9654f,0.9964f,0.0241f,0.0823f,-0.4091f,0f,0f,0f,1f],start_interpolation: 0,interpolation_duration: 1}
$data merge entity $(bone_head) {transformation: [0.0846f,-0.4361f,-0.8959f,0.1143f,0.0143f,0.8996f,-0.4366f,1.7921f,0.9964f,0.0241f,0.0823f,-0.4666f,0f,0f,0f,1f],start_interpolation: 0,interpolation_duration: 1}
$data merge entity $(bone_6) {transformation: [0.1784f,0.6139f,-0.7677f,0.0789f,-0.134f,0.7887f,0.5999f,0.8281f,0.9738f,-0.004f,0.2232f,-0.5053f,0f,0f,0f,1f],start_interpolation: 0,interpolation_duration: 1}
$data merge entity $(bone_12) {transformation: [0.1784f,-0.1324f,-0.974f,0.0334f,-0.134f,0.9784f,-0.1573f,1.1644f,0.9738f,0.1589f,0.1568f,-0.4507f,0f,0f,0f,1f],start_interpolation: 0,interpolation_duration: 1}
$data merge entity $(bone_10) {transformation: [0.2338f,-0.1904f,-0.9524f,0.0253f,0.1747f,0.9729f,-0.1512f,1.4649f,0.9554f,-0.1313f,0.2608f,-0.3989f,0f,0f,0f,1f],start_interpolation: 0,interpolation_duration: 1}
$data merge entity $(bone_9) {transformation: [0.2341f,0.1774f,-0.9559f,0.0891f,0.1749f,0.9595f,0.2209f,1.8097f,0.9564f,-0.2189f,0.1936f,-0.4776f,0f,0f,0f,1f],start_interpolation: 0,interpolation_duration: 1}
$data merge entity $(item_display_item_display) {transformation: [0.9616f,-0.1458f,-0.1838f,0.4973f,0.2093f,0.1813f,0.9485f,1.8009f,-0.1054f,-0.9616f,0.2067f,-0.4282f,0f,0f,0f,1f],start_interpolation: 0,interpolation_duration: 1}
$data merge entity $(bone_2) {transformation: [0.1838f,-0.8424f,-0.486f,0.3029f,-0.9485f,-0.2609f,0.0926f,1.6799f,-0.2067f,0.4484f,-0.8571f,-0.0457f,0f,0f,0f,1f],start_interpolation: 0,interpolation_duration: 1}
$data merge entity $(bone_1) {transformation: [0.184f,-0.8807f,0.4127f,0.0027f,-0.9495f,-0.0734f,0.267f,1.6564f,-0.2069f,-0.4463f,-0.8582f,-0.2045f,0f,0f,0f,1f],start_interpolation: 0,interpolation_duration: 1}
$data merge entity $(bone_4) {transformation: [0.1069f,-0.6989f,-0.6916f,-0.131f,-0.5867f,0.521f,-0.6185f,1.4233f,0.7907f,0.4743f,-0.3573f,-0.8857f,0f,0f,0f,1f],start_interpolation: 0,interpolation_duration: 1}
$data merge entity $(bone_3) {transformation: [0.107f,0.3191f,-0.9301f,-0.0313f,-0.5873f,0.7835f,0.2004f,1.6681f,0.7915f,0.528f,0.2718f,-0.7207f,0f,0f,0f,1f],start_interpolation: 0,interpolation_duration: 1}
$data merge entity $(bone_8) {transformation: [0.0615f,-0.2008f,-0.9775f,0.3835f,0.4132f,0.8958f,-0.1589f,1.2988f,0.9075f,-0.3941f,0.1382f,-0.2854f,0f,0f,0f,1f],start_interpolation: 0,interpolation_duration: 1}
$data merge entity $(bone_7) {transformation: [0.0615f,-0.7864f,0.6143f,0.1131f,0.4132f,-0.5404f,-0.7319f,1.113f,0.9075f,0.299f,0.2917f,-0.1827f,0f,0f,0f,1f],start_interpolation: 0,interpolation_duration: 1}
data modify entity @s data merge value {"cameras":{"camera1":{"px":1.8639257812500003,"py":0.84642578125,"pz":2.1847802734375,"ry":135.38192419825072,"rx":-15.854431486880472}},"locators":{}}