# This file was generated by Animated Java via MC-Build. It is not recommended to edit this file directly.
$data merge entity $(bone_layer) {transformation: [0f,0.9822f,-0.1931f,0.5352f,0f,0.1931f,0.9822f,0.4278f,1.0011f,0f,0f,0f,0f,0f,0f,1f],start_interpolation: 0,interpolation_duration: 1}
$data merge entity $(bone_l_1) {transformation: [0f,0.7359f,-0.1929f,0.6997f,0f,0.1447f,0.9812f,0.207f,0.7501f,0f,0f,0.1219f,0f,0f,0f,1f],start_interpolation: 0,interpolation_duration: 1}
$data merge entity $(bone_eye_l) {transformation: [0f,0.9812f,-0.1929f,0.5352f,0f,0.1929f,0.9812f,0.4278f,1.0001f,0f,0f,0f,0f,0f,0f,1f],start_interpolation: 0,interpolation_duration: 1}
$data merge entity $(bone_r_1) {transformation: [0f,0.7359f,-0.1929f,0.6997f,0f,0.1447f,0.9812f,0.207f,0.7501f,0f,0f,-0.1219f,0f,0f,0f,1f],start_interpolation: 0,interpolation_duration: 1}
$data merge entity $(bone_eye_r) {transformation: [0f,0.9812f,-0.1929f,0.7046f,0f,0.1929f,0.9812f,0.2143f,1.0001f,0f,0f,-0.125f,0f,0f,0f,1f],start_interpolation: 0,interpolation_duration: 1}
$data merge entity $(bone_eyes_down) {transformation: [0f,0.9812f,-0.1929f,0.5659f,0f,0.1929f,0.9812f,0.4339f,1.0001f,0f,0f,0f,0f,0f,0f,1f],start_interpolation: 0,interpolation_duration: 1}
$data merge entity $(bone_eyes_up) {transformation: [0f,0f,0f,0.7499f,0f,0f,0f,0.47f,0f,0f,0f,0f,0f,0f,0f,1f],start_interpolation: 0,interpolation_duration: 1}
$data merge entity $(bone_bone) {transformation: [0f,0.9812f,-0.1929f,0.5352f,0f,0.1929f,0.9812f,0.4278f,1.0001f,0f,0f,0f,0f,0f,0f,1f],start_interpolation: 0,interpolation_duration: 1}
$data merge entity $(bone_l) {transformation: [-0.1704f,0.7247f,-0.1929f,0.807f,-0.0335f,0.1425f,0.9812f,0.2201f,0.9849f,0.1302f,0f,0.125f,0f,0f,0f,1f],start_interpolation: 0,interpolation_duration: 1}
$data merge entity $(bone_r) {transformation: [0.1704f,0.7247f,-0.1929f,0.807f,0.0335f,0.1425f,0.9812f,0.2201f,0.9849f,-0.1302f,0f,-0.125f,0f,0f,0f,1f],start_interpolation: 0,interpolation_duration: 1}
$data merge entity $(bone_sad) {transformation: [0f,0.6574f,-0.0965f,0.6448f,0f,0.1293f,0.4906f,0.1946f,3.0003f,0f,0f,0.1406f,0f,0f,0f,1f],start_interpolation: 0,interpolation_duration: 1}
$data merge entity $(bone_head) {transformation: [0f,0.9812f,-0.1929f,0.5352f,0f,0.1929f,0.9812f,0.4278f,1.0001f,0f,0f,0f,0f,0f,0f,1f],start_interpolation: 0,interpolation_duration: 1}
$data merge entity $(bone_6) {transformation: [-0.0629f,0.9965f,-0.0503f,-0.2582f,-0.0157f,0.0503f,0.9978f,0.0325f,0.9969f,0.0637f,0.0125f,-0.1519f,0f,0f,0f,1f],start_interpolation: 0,interpolation_duration: 1}
$data merge entity $(bone_12) {transformation: [-0.0629f,0.8715f,-0.4859f,0.0436f,-0.0157f,0.4864f,0.8727f,0.2278f,0.9969f,0.0626f,-0.0169f,-0.1298f,0f,0f,0f,1f],start_interpolation: 0,interpolation_duration: 1}
$data merge entity $(bone_10) {transformation: [0f,0.8402f,-0.5418f,0.2286f,0f,0.5423f,0.8393f,0.3502f,0.999f,0f,0f,-0.0156f,0f,0f,0f,1f],start_interpolation: 0,interpolation_duration: 1}
$data merge entity $(bone_9) {transformation: [0f,0.9502f,-0.3115f,0.5304f,0f,0.3115f,0.9502f,0.4327f,1f,0f,0f,-0.0156f,0f,0f,0f,1f],start_interpolation: 0,interpolation_duration: 1}
$data merge entity $(item_display_item_display) {transformation: [0f,0f,0f,0.0096f,0f,0f,0f,1.3602f,0f,0f,0f,2.0215f,0f,0f,0f,1f],start_interpolation: 0,interpolation_duration: 1}
$data merge entity $(bone_2) {transformation: [-0.2263f,0.6731f,0.6892f,0.2219f,-0.0098f,0.7067f,-0.6922f,0.2578f,-0.9617f,-0.1656f,-0.1551f,0.3968f,0f,0f,0f,1f],start_interpolation: 0,interpolation_duration: 1}
$data merge entity $(bone_1) {transformation: [-0.2266f,0.7989f,0.5384f,0.5052f,-0.0098f,0.5517f,-0.8212f,0.4501f,-0.9627f,-0.1937f,-0.1183f,0.3281f,0f,0f,0f,1f],start_interpolation: 0,interpolation_duration: 1}
$data merge entity $(bone_4) {transformation: [-0.121f,0.8393f,-0.5275f,0.1751f,-0.0866f,0.5216f,0.8372f,0.2962f,0.9768f,0.15f,0.0089f,-0.441f,0f,0f,0f,1f],start_interpolation: 0,interpolation_duration: 1}
$data merge entity $(bone_3) {transformation: [-0.1211f,0.9311f,-0.3402f,0.5057f,-0.0866f,0.3348f,0.9278f,0.409f,0.9777f,0.1448f,0.0401f,-0.3901f,0f,0f,0f,1f],start_interpolation: 0,interpolation_duration: 1}
$data merge entity $(bone_8) {transformation: [0.0003f,0.8713f,-0.489f,-0.1837f,-0.0075f,0.4898f,0.8717f,-0.0371f,0.999f,0.0034f,0.0067f,0.1292f,0f,0f,0f,1f],start_interpolation: 0,interpolation_duration: 1}
$data merge entity $(bone_7) {transformation: [0.0003f,0.6306f,-0.7749f,0.0173f,-0.0075f,0.7759f,0.6307f,0.2425f,0.999f,0.0057f,0.005f,0.1313f,0f,0f,0f,1f],start_interpolation: 0,interpolation_duration: 1}