# This file was generated by Animated Java via MC-Build. It is not recommended to edit this file directly.
$data merge entity $(bone_layer) {transformation: [0f,0.9964f,-0.0954f,0.6673f,0f,0.0954f,0.9964f,0.2966f,1.0011f,0f,0f,0f,0f,0f,0f,1f],start_interpolation: 0,interpolation_duration: 1}
$data merge entity $(bone_l_1) {transformation: [0f,0.7466f,-0.0953f,0.8092f,0f,0.0715f,0.9954f,0.0606f,0.7501f,0f,0f,0.1219f,0f,0f,0f,1f],start_interpolation: 0,interpolation_duration: 1}
$data merge entity $(bone_eye_l) {transformation: [0f,0.9954f,-0.0953f,0.6673f,0f,0.0953f,0.9954f,0.2966f,1.0001f,0f,0f,0f,0f,0f,0f,1f],start_interpolation: 0,interpolation_duration: 1}
$data merge entity $(bone_r_1) {transformation: [0f,0.7466f,-0.0953f,0.8092f,0f,0.0715f,0.9954f,0.0606f,0.7501f,0f,0f,-0.1219f,0f,0f,0f,1f],start_interpolation: 0,interpolation_duration: 1}
$data merge entity $(bone_eye_r) {transformation: [0f,0.9954f,-0.0953f,0.8148f,0f,0.0953f,0.9954f,0.0674f,1.0001f,0f,0f,-0.125f,0f,0f,0f,1f],start_interpolation: 0,interpolation_duration: 1}
$data merge entity $(bone_eyes_down) {transformation: [0f,0.9954f,-0.0953f,0.6984f,0f,0.0953f,0.9954f,0.2995f,1.0001f,0f,0f,0f,0f,0f,0f,1f],start_interpolation: 0,interpolation_duration: 1}
$data merge entity $(bone_bone) {transformation: [0f,0.9954f,-0.0953f,0.6673f,0f,0.0953f,0.9954f,0.2966f,1.0001f,0f,0f,0f,0f,0f,0f,1f],start_interpolation: 0,interpolation_duration: 1}
$data merge entity $(bone_l) {transformation: [-0.1729f,0.7352f,-0.0953f,0.9172f,-0.0165f,0.0704f,0.9954f,0.0631f,0.9849f,0.1302f,0f,0.125f,0f,0f,0f,1f],start_interpolation: 0,interpolation_duration: 1}
$data merge entity $(bone_r) {transformation: [0.1729f,0.7352f,-0.0953f,0.9172f,0.0165f,0.0704f,0.9954f,0.0631f,0.9849f,-0.1302f,0f,-0.125f,0f,0f,0f,1f],start_interpolation: 0,interpolation_duration: 1}
$data merge entity $(bone_sad) {transformation: [0f,0.667f,-0.0477f,0.7533f,0f,0.0639f,0.4977f,0.0537f,3.0003f,0f,0f,0.1406f,0f,0f,0f,1f],start_interpolation: 0,interpolation_duration: 1}
$data merge entity $(bone_head) {transformation: [0f,0.9954f,-0.0953f,0.6673f,0f,0.0953f,0.9954f,0.2966f,1.0001f,0f,0f,0f,0f,0f,0f,1f],start_interpolation: 0,interpolation_duration: 1}
$data merge entity $(bone_6) {transformation: [-0.0755f,0.997f,0.0064f,-0.2707f,-0.0099f,-0.0066f,0.999f,0.0536f,0.9961f,0.0755f,0.0105f,-0.1532f,0f,0f,0f,1f],start_interpolation: 0,interpolation_duration: 1}
$data merge entity $(bone_12) {transformation: [-0.0755f,0.9528f,-0.2937f,0.082f,-0.0099f,0.2941f,0.9548f,0.1789f,0.9961f,0.0751f,-0.0127f,-0.1252f,0f,0f,0f,1f],start_interpolation: 0,interpolation_duration: 1}
$data merge entity $(bone_10) {transformation: [0f,0.9438f,-0.3301f,0.3422f,0f,0.3305f,0.9429f,0.2545f,0.999f,0f,0f,-0.0156f,0f,0f,0f,1f],start_interpolation: 0,interpolation_duration: 1}
$data merge entity $(bone_9) {transformation: [0f,0.9827f,-0.1851f,0.6522f,0f,0.1851f,0.9827f,0.2969f,1f,0f,0f,-0.0156f,0f,0f,0f,1f],start_interpolation: 0,interpolation_duration: 1}
$data merge entity $(item_display_item_display) {transformation: [0f,0f,0f,0.3715f,0f,0f,0f,1.4491f,0f,0f,0f,1.9165f,0f,0f,0f,1f],start_interpolation: 0,interpolation_duration: 1}
$data merge entity $(bone_2) {transformation: [-0.1903f,0.8515f,0.4674f,0.31f,-0.0323f,0.4707f,-0.8693f,0.1897f,-0.969f,-0.183f,-0.0628f,0.3965f,0f,0f,0f,1f],start_interpolation: 0,interpolation_duration: 1}
$data merge entity $(bone_1) {transformation: [-0.1905f,0.907f,0.3476f,0.6373f,-0.0324f,0.3484f,-0.9252f,0.3135f,-0.9699f,-0.1898f,-0.0374f,0.3281f,0f,0f,0f,1f],start_interpolation: 0,interpolation_duration: 1}
$data merge entity $(bone_4) {transformation: [-0.1437f,0.928f,-0.3419f,0.2848f,-0.0822f,0.3335f,0.9279f,0.2136f,0.9741f,0.1648f,0.0279f,-0.4477f,0f,0f,0f,1f],start_interpolation: 0,interpolation_duration: 1}
$data merge entity $(bone_3) {transformation: [-0.1438f,0.9667f,-0.2085f,0.6339f,-0.0823f,0.2002f,0.9655f,0.282f,0.975f,0.1593f,0.0507f,-0.3905f,0f,0f,0f,1f],start_interpolation: 0,interpolation_duration: 1}
$data merge entity $(bone_8) {transformation: [0.0382f,0.9636f,-0.2624f,-0.2274f,-0.0065f,0.2638f,0.9642f,0.004f,0.9982f,-0.0352f,0.0163f,0.1415f,0f,0f,0f,1f],start_interpolation: 0,interpolation_duration: 1}
$data merge entity $(bone_7) {transformation: [0.0382f,0.8683f,-0.4934f,0.0734f,-0.0065f,0.4949f,0.8685f,0.1911f,0.9982f,-0.03f,0.0245f,0.1313f,0f,0f,0f,1f],start_interpolation: 0,interpolation_duration: 1}