# This file was generated by Animated Java via MC-Build. It is not recommended to edit this file directly.
$data merge entity $(bone_layer) {transformation: [0f,1.0009f,-0.0131f,0.7837f,0f,0.0131f,1.0009f,0.1869f,1.0011f,0f,0f,0f,0f,0f,0f,1f],start_interpolation: 0,interpolation_duration: 1}
$data merge entity $(bone_l_1) {transformation: [0f,0.7499f,-0.0131f,0.9057f,0f,0.0098f,0.9999f,-0.06f,0.7501f,0f,0f,0.1219f,0f,0f,0f,1f],start_interpolation: 0,interpolation_duration: 1}
$data merge entity $(bone_eye_l) {transformation: [0f,0.9999f,-0.0131f,0.7837f,0f,0.0131f,0.9999f,0.1869f,1.0001f,0f,0f,0f,0f,0f,0f,1f],start_interpolation: 0,interpolation_duration: 1}
$data merge entity $(bone_r_1) {transformation: [0f,0.7499f,-0.0131f,0.9057f,0f,0.0098f,0.9999f,-0.06f,0.7501f,0f,0f,-0.1219f,0f,0f,0f,1f],start_interpolation: 0,interpolation_duration: 1}
$data merge entity $(bone_eye_r) {transformation: [0f,0.9999f,-0.0131f,0.9119f,0f,0.0131f,0.9999f,-0.0537f,1.0001f,0f,0f,-0.125f,0f,0f,0f,1f],start_interpolation: 0,interpolation_duration: 1}
$data merge entity $(bone_eyes_down) {transformation: [0f,0.9999f,-0.0131f,0.815f,0f,0.0131f,0.9999f,0.1873f,1.0001f,0f,0f,0f,0f,0f,0f,1f],start_interpolation: 0,interpolation_duration: 1}
$data merge entity $(bone_bone) {transformation: [0f,0.9999f,-0.0131f,0.7837f,0f,0.0131f,0.9999f,0.1869f,1.0001f,0f,0f,0f,0f,0f,0f,1f],start_interpolation: 0,interpolation_duration: 1}
$data merge entity $(bone_l) {transformation: [-0.1736f,0.7385f,-0.0131f,1.0136f,-0.0023f,0.0097f,0.9999f,-0.0664f,0.9849f,0.1302f,0f,0.125f,0f,0f,0f,1f],start_interpolation: 0,interpolation_duration: 1}
$data merge entity $(bone_r) {transformation: [0.1736f,0.7385f,-0.0131f,1.0136f,0.0023f,0.0097f,0.9999f,-0.0664f,0.9849f,-0.1302f,0f,-0.125f,0f,0f,0f,1f],start_interpolation: 0,interpolation_duration: 1}
$data merge entity $(bone_sad) {transformation: [0f,0.6699f,-0.0066f,0.8495f,0f,0.0088f,0.5f,-0.0623f,3.0003f,0f,0f,0.1406f,0f,0f,0f,1f],start_interpolation: 0,interpolation_duration: 1}
$data merge entity $(bone_head) {transformation: [0f,0.9999f,-0.0131f,0.7837f,0f,0.0131f,0.9999f,0.1869f,1.0001f,0f,0f,0f,0f,0f,0f,1f],start_interpolation: 0,interpolation_duration: 1}
$data merge entity $(bone_6) {transformation: [-0.0832f,0.9961f,0.0289f,-0.2663f,-0.0042f,-0.0291f,0.9986f,0.0816f,0.9955f,0.0831f,0.0067f,-0.1538f,0f,0f,0f,1f],start_interpolation: 0,interpolation_duration: 1}
$data merge entity $(bone_12) {transformation: [-0.0832f,0.9889f,-0.123f,0.119f,-0.0042f,0.1232f,0.9914f,0.1374f,0.9955f,0.0832f,-0.0061f,-0.1214f,0f,0f,0f,1f],start_interpolation: 0,interpolation_duration: 1}
$data merge entity $(bone_10) {transformation: [0f,0.9903f,-0.1387f,0.4472f,0f,0.1388f,0.9893f,0.1754f,0.999f,0f,0f,-0.0156f,0f,0f,0f,1f],start_interpolation: 0,interpolation_duration: 1}
$data merge entity $(bone_9) {transformation: [0f,0.997f,-0.0769f,0.76f,0f,0.0769f,0.997f,0.1839f,1f,0f,0f,-0.0156f,0f,0f,0f,1f],start_interpolation: 0,interpolation_duration: 1}
$data merge entity $(item_display_item_display) {transformation: [0f,0f,0f,0.7302f,0f,0f,0f,1.456f,0f,0f,0f,1.826f,0f,0f,0f,1f],start_interpolation: 0,interpolation_duration: 1}
$data merge entity $(bone_2) {transformation: [-0.1637f,0.9471f,0.2367f,0.4003f,-0.0575f,0.2304f,-0.9601f,0.1397f,-0.9727f,-0.173f,0.0169f,0.3911f,0f,0f,0f,1f],start_interpolation: 0,interpolation_duration: 1}
$data merge entity $(bone_1) {transformation: [-0.1639f,0.9611f,0.1718f,0.7537f,-0.0575f,0.1645f,-0.9736f,0.1993f,-0.9736f,-0.1715f,0.0286f,0.3281f,0f,0f,0f,1f],start_interpolation: 0,interpolation_duration: 1}
$data merge entity $(bone_4) {transformation: [-0.1621f,0.9726f,-0.1641f,0.3876f,-0.0795f,0.1529f,0.974f,0.1479f,0.9714f,0.1747f,0.0523f,-0.4532f,0f,0f,0f,1f],start_interpolation: 0,interpolation_duration: 1}
$data merge entity $(bone_3) {transformation: [-0.1622f,0.9817f,-0.0954f,0.7487f,-0.0796f,0.0841f,0.9823f,0.177f,0.9724f,0.1706f,0.0645f,-0.3906f,0f,0f,0f,1f],start_interpolation: 0,interpolation_duration: 1}
$data merge entity $(bone_8) {transformation: [0.0759f,0.9934f,-0.0819f,-0.2278f,-0.0105f,0.0838f,0.9957f,0.0657f,0.9961f,-0.0748f,0.0168f,0.1574f,0f,0f,0f,1f],start_interpolation: 0,interpolation_duration: 1}
$data merge entity $(bone_7) {transformation: [0.0759f,0.9754f,-0.2055f,0.1264f,-0.0105f,0.2078f,0.9774f,0.1481f,0.9961f,-0.0722f,0.026f,0.1313f,0f,0f,0f,1f],start_interpolation: 0,interpolation_duration: 1}