# This file was generated by Animated Java via MC-Build. It is not recommended to edit this file directly.
$data merge entity $(bone_layer) {transformation: [-0.0386f,-0.4118f,-0.9116f,0.1616f,-0.0522f,0.9118f,-0.4097f,1.8054f,0.999f,0.0317f,-0.0566f,-0.4164f,0f,0f,0f,1f],start_interpolation: 0,interpolation_duration: 1}
$data merge entity $(bone_l_1) {transformation: [-0.0347f,-0.3703f,-0.9106f,0.3197f,-0.0469f,0.8198f,-0.4093f,2.0442f,0.8982f,0.0285f,-0.0565f,-0.2976f,0f,0f,0f,1f],start_interpolation: 0,interpolation_duration: 1}
$data merge entity $(bone_eye_l) {transformation: [-0.0385f,-0.4114f,-0.9106f,0.1616f,-0.0521f,0.9109f,-0.4093f,1.8054f,0.998f,0.0317f,-0.0565f,-0.4164f,0f,0f,0f,1f],start_interpolation: 0,interpolation_duration: 1}
$data merge entity $(bone_r_1) {transformation: [-0.0347f,-0.3703f,-0.9106f,0.3237f,-0.0469f,0.8198f,-0.4093f,2.053f,0.8982f,0.0285f,-0.0565f,-0.4974f,0f,0f,0f,1f],start_interpolation: 0,interpolation_duration: 1}
$data merge entity $(bone_eye_r) {transformation: [-0.0385f,-0.4114f,-0.9106f,0.3319f,-0.0521f,0.9109f,-0.4093f,2.0232f,0.998f,0.0317f,-0.0565f,-0.5237f,0f,0f,0f,1f],start_interpolation: 0,interpolation_duration: 1}
$data merge entity $(bone_eyes_down) {transformation: [-0.0385f,-0.4114f,-0.9106f,0.123f,-0.0521f,0.9109f,-0.4093f,1.8908f,0.998f,0.0317f,-0.0565f,-0.4134f,0f,0f,0f,1f],start_interpolation: 0,interpolation_duration: 1}
$data merge entity $(bone_eyes_up) {transformation: [-0.0385f,-0.4114f,-0.9106f,0.0716f,-0.0521f,0.9109f,-0.4093f,2.0046f,0.998f,0.0317f,-0.0565f,-0.4095f,0f,0f,0f,1f],start_interpolation: 0,interpolation_duration: 1}
$data merge entity $(bone_bone) {transformation: [-0.0385f,-0.4114f,-0.9106f,0.1616f,-0.0521f,0.9109f,-0.4093f,1.8054f,0.998f,0.0317f,-0.0565f,-0.4164f,0f,0f,0f,1f],start_interpolation: 0,interpolation_duration: 1}
$data merge entity $(bone_l) {transformation: [-0.0564f,-0.307f,-0.9106f,0.3046f,-0.0123f,0.6842f,-0.4093f,2.0931f,0.9984f,-0.0089f,-0.0565f,-0.2706f,0f,0f,0f,1f],start_interpolation: 0,interpolation_duration: 1}
$data merge entity $(bone_r) {transformation: [-0.0205f,-0.3095f,-0.9106f,0.3142f,-0.0918f,0.6808f,-0.4093f,2.1061f,0.9957f,0.0564f,-0.0565f,-0.5201f,0f,0f,0f,1f],start_interpolation: 0,interpolation_duration: 1}
$data merge entity $(bone_sad) {transformation: [-0.0385f,-0.4114f,-0.9106f,0.3747f,-0.0521f,0.9109f,-0.4093f,1.967f,0.998f,0.0317f,-0.0565f,-0.3214f,0f,0f,0f,1f],start_interpolation: 0,interpolation_duration: 1}
$data merge entity $(bone_head) {transformation: [-0.0385f,-0.4114f,-0.9106f,0.1616f,-0.0521f,0.9109f,-0.4093f,1.8054f,0.998f,0.0317f,-0.0565f,-0.4164f,0f,0f,0f,1f],start_interpolation: 0,interpolation_duration: 1}
$data merge entity $(bone_6) {transformation: [0.0542f,0.6251f,-0.7774f,0.1075f,-0.2019f,0.7699f,0.6053f,0.8472f,0.9769f,0.1244f,0.1682f,-0.5245f,0f,0f,0f,1f],start_interpolation: 0,interpolation_duration: 1}
$data merge entity $(bone_12) {transformation: [0.0542f,-0.1323f,-0.9887f,0.062f,-0.2019f,0.9692f,-0.1405f,1.1804f,0.9769f,0.2076f,0.0258f,-0.4532f,0f,0f,0f,1f],start_interpolation: 0,interpolation_duration: 1}
$data merge entity $(bone_10) {transformation: [0.1169f,-0.1461f,-0.9813f,0.0562f,0.1045f,0.9854f,-0.134f,1.4777f,0.9866f,-0.0871f,0.1304f,-0.3827f,0f,0f,0f,1f],start_interpolation: 0,interpolation_duration: 1}
$data merge entity $(bone_9) {transformation: [0.117f,0.2289f,-0.9664f,0.1385f,0.1046f,0.9648f,0.2412f,1.8244f,0.9876f,-0.1293f,0.0889f,-0.4292f,0f,0f,0f,1f],start_interpolation: 0,interpolation_duration: 1}
$data merge entity $(item_display_item_display) {transformation: [0.9724f,-0.0098f,-0.1835f,0.5384f,0.1799f,0.2533f,0.938f,1.7992f,0.0387f,-0.9563f,0.2503f,-0.3284f,0f,0f,0f,1f],start_interpolation: 0,interpolation_duration: 1}
$data merge entity $(bone_2) {transformation: [0.1835f,-0.9001f,-0.3682f,0.2929f,-0.938f,-0.2607f,0.169f,1.6592f,-0.2503f,0.3173f,-0.9029f,0.0163f,0f,0f,0f,1f],start_interpolation: 0,interpolation_duration: 1}
$data merge entity $(bone_1) {transformation: [0.1837f,-0.8186f,0.5251f,0.0148f,-0.9389f,-0.0115f,0.3105f,1.6572f,-0.2506f,-0.5567f,-0.7785f,-0.1799f,0f,0f,0f,1f],start_interpolation: 0,interpolation_duration: 1}
$data merge entity $(bone_4) {transformation: [-0.0092f,-0.7442f,-0.6514f,-0.037f,-0.64f,0.5088f,-0.5736f,1.4727f,0.7558f,0.4147f,-0.4852f,-0.8872f,0f,0f,0f,1f],start_interpolation: 0,interpolation_duration: 1}
$data merge entity $(bone_3) {transformation: [-0.0092f,0.2639f,-0.9532f,0.0455f,-0.6406f,0.7376f,0.2095f,1.7032f,0.7565f,0.6171f,0.1631f,-0.6944f,0f,0f,0f,1f],start_interpolation: 0,interpolation_duration: 1}
$data merge entity $(bone_8) {transformation: [-0.0417f,-0.1212f,-0.9916f,0.3941f,0.3503f,0.9269f,-0.1288f,1.2902f,0.9347f,-0.3527f,0.0037f,-0.2363f,0f,0f,0f,1f],start_interpolation: 0,interpolation_duration: 1}
$data merge entity $(bone_7) {transformation: [-0.0417f,-0.8358f,0.5471f,0.1068f,0.3503f,-0.5253f,-0.7744f,1.1096f,0.9347f,0.1592f,0.3147f,-0.1816f,0f,0f,0f,1f],start_interpolation: 0,interpolation_duration: 1}
data modify entity @s data merge value {"cameras":{"camera1":{"px":1.2042968749999996,"py":0.7714843749999998,"pz":2.3927734375,"ry":150.05600583090376,"rx":-13.168104956268227}},"locators":{}}