# This file was generated by Animated Java via MC-Build. It is not recommended to edit this file directly.
$data merge entity $(bone_layer) {transformation: [-0.4517f,-0.3726f,-0.8119f,0.2506f,-0.2258f,0.9278f,-0.3003f,1.8187f,0.8644f,0.0476f,-0.5027f,-0.2261f,0f,0f,0f,1f],start_interpolation: 0,interpolation_duration: 1}
$data merge entity $(bone_l_1) {transformation: [-0.4061f,-0.335f,-0.8111f,0.3488f,-0.203f,0.8342f,-0.3f,2.0155f,0.7772f,0.0428f,-0.5022f,-0.0075f,0f,0f,0f,1f],start_interpolation: 0,interpolation_duration: 1}
$data merge entity $(bone_eye_l) {transformation: [-0.4513f,-0.3723f,-0.8111f,0.2506f,-0.2255f,0.9269f,-0.3f,1.8187f,0.8635f,0.0475f,-0.5022f,-0.2261f,0f,0f,0f,1f],start_interpolation: 0,interpolation_duration: 1}
$data merge entity $(bone_r_1) {transformation: [-0.4061f,-0.335f,-0.8111f,0.4353f,-0.203f,0.8342f,-0.3f,2.0592f,0.7772f,0.0428f,-0.5022f,-0.1826f,0f,0f,0f,1f],start_interpolation: 0,interpolation_duration: 1}
$data merge entity $(bone_eye_r) {transformation: [-0.4513f,-0.3723f,-0.8111f,0.4531f,-0.2255f,0.9269f,-0.3f,2.034f,0.8635f,0.0475f,-0.5022f,-0.2088f,0f,0f,0f,1f],start_interpolation: 0,interpolation_duration: 1}
$data merge entity $(bone_eyes_down) {transformation: [-0.4513f,-0.3723f,-0.8111f,0.2157f,-0.2255f,0.9269f,-0.3f,1.9056f,0.8635f,0.0475f,-0.5022f,-0.2216f,0f,0f,0f,1f],start_interpolation: 0,interpolation_duration: 1}
$data merge entity $(bone_eyes_up) {transformation: [-0.4513f,-0.3723f,-0.8111f,0.1686f,-0.2255f,0.9269f,-0.3f,2.0229f,0.8635f,0.0475f,-0.5022f,-0.2156f,0f,0f,0f,1f],start_interpolation: 0,interpolation_duration: 1}
$data merge entity $(bone_bone) {transformation: [-0.4513f,-0.3723f,-0.8111f,0.2506f,-0.2255f,0.9269f,-0.3f,1.8187f,0.8635f,0.0475f,-0.5022f,-0.2261f,0f,0f,0f,1f],start_interpolation: 0,interpolation_duration: 1}
$data merge entity $(bone_l) {transformation: [-0.4671f,-0.2642f,-0.8111f,0.3247f,-0.1849f,0.7019f,-0.3f,2.06f,0.8648f,0.0074f,-0.5022f,0.0204f,0f,0f,0f,1f],start_interpolation: 0,interpolation_duration: 1}
$data merge entity $(bone_r) {transformation: [-0.4346f,-0.2937f,-0.8111f,0.4375f,-0.2657f,0.6871f,-0.3f,2.1164f,0.8606f,0.0639f,-0.5022f,-0.1954f,0f,0f,0f,1f],start_interpolation: 0,interpolation_duration: 1}
$data merge entity $(bone_sad) {transformation: [-0.4513f,-0.3723f,-0.8111f,0.4075f,-0.2255f,0.9269f,-0.3f,1.9387f,0.8635f,0.0475f,-0.5022f,-0.0222f,0f,0f,0f,1f],start_interpolation: 0,interpolation_duration: 1}
$data merge entity $(bone_head) {transformation: [-0.4513f,-0.3723f,-0.8111f,0.2506f,-0.2255f,0.9269f,-0.3f,1.8187f,0.8635f,0.0475f,-0.5022f,-0.2261f,0f,0f,0f,1f],start_interpolation: 0,interpolation_duration: 1}
$data merge entity $(bone_6) {transformation: [-0.363f,0.5588f,-0.7443f,0.2113f,-0.3817f,0.6398f,0.6669f,0.9064f,0.8488f,0.5267f,-0.0185f,-0.5452f,0f,0f,0f,1f],start_interpolation: 0,interpolation_duration: 1}
$data merge entity $(bone_12) {transformation: [-0.363f,-0.1625f,-0.9164f,0.1554f,-0.3817f,0.9241f,-0.0123f,1.2241f,0.8488f,0.346f,-0.3975f,-0.4263f,0f,0f,0f,1f],start_interpolation: 0,interpolation_duration: 1}
$data merge entity $(bone_10) {transformation: [-0.3009f,-0.0592f,-0.9508f,0.1302f,-0.0857f,0.9957f,-0.0348f,1.5034f,0.9488f,0.0711f,-0.3046f,-0.3071f,0f,0f,0f,1f],start_interpolation: 0,interpolation_duration: 1}
$data merge entity $(bone_9) {transformation: [-0.3012f,0.2941f,-0.9071f,0.2359f,-0.0858f,0.939f,0.3329f,1.8409f,0.9497f,0.1781f,-0.2576f,-0.2431f,0f,0f,0f,1f],start_interpolation: 0,interpolation_duration: 1}
$data merge entity $(item_display_item_display) {transformation: [0.8617f,0.4203f,-0.2435f,0.5524f,0.0545f,0.4092f,0.8979f,1.7513f,0.4838f,-0.7966f,0.3327f,0.01f,0f,0f,0f,1f],start_interpolation: 0,interpolation_duration: 1}
$data merge entity $(bone_2) {transformation: [0.2435f,-0.9567f,0.0632f,0.1779f,-0.8979f,-0.2052f,0.3582f,1.5848f,-0.3327f,-0.1465f,-0.9204f,0.1852f,0f,0f,0f,1f],start_interpolation: 0,interpolation_duration: 1}
$data merge entity $(bone_1) {transformation: [0.2438f,-0.4942f,0.8215f,0.0131f,-0.8988f,0.177f,0.3729f,1.648f,-0.333f,-0.8394f,-0.4051f,-0.1059f,0f,0f,0f,1f],start_interpolation: 0,interpolation_duration: 1}
$data merge entity $(bone_4) {transformation: [-0.3515f,-0.8313f,-0.4041f,0.2496f,-0.7565f,0.5138f,-0.3977f,1.6017f,0.5339f,0.171f,-0.8171f,-0.7965f,0f,0f,0f,1f],start_interpolation: 0,interpolation_duration: 1}
$data merge entity $(bone_3) {transformation: [-0.3518f,0.014f,-0.9242f,0.254f,-0.7573f,0.5779f,0.297f,1.7823f,0.5344f,0.8126f,-0.1912f,-0.5426f,0f,0f,0f,1f],start_interpolation: 0,interpolation_duration: 1}
$data merge entity $(bone_8) {transformation: [-0.4195f,0.0968f,-0.9022f,0.3685f,0.1857f,0.9815f,0.0184f,1.2512f,0.8875f,-0.1595f,-0.4307f,-0.0771f,0f,0f,0f,1f],start_interpolation: 0,interpolation_duration: 1}
$data merge entity $(bone_7) {transformation: [-0.4195f,-0.8432f,0.3352f,0.0787f,0.1857f,-0.4415f,-0.8768f,1.0994f,0.8875f,-0.3066f,0.3419f,-0.1825f,0f,0f,0f,1f],start_interpolation: 0,interpolation_duration: 1}
data modify entity @s data merge value {"cameras":{"camera1":{"px":-0.11625000000000033,"py":0.6287499999999999,"pz":2.644375,"ry":185.70906705539355,"rx":-6.835451895043737}},"locators":{}}