# This file was generated by Animated Java via MC-Build. It is not recommended to edit this file directly.
$data merge entity $(bone_layer) {transformation: [-0.6899f,-0.3462f,-0.6374f,0.2751f,-0.2824f,0.9384f,-0.204f,1.8078f,0.6682f,0.0392f,-0.7444f,-0.0923f,0f,0f,0f,1f],start_interpolation: 0,interpolation_duration: 1}
$data merge entity $(bone_l_1) {transformation: [-0.6203f,-0.3113f,-0.6368f,0.3103f,-0.2539f,0.8437f,-0.2038f,1.9767f,0.6008f,0.0353f,-0.7436f,0.1653f,0f,0f,0f,1f],start_interpolation: 0,interpolation_duration: 1}
$data merge entity $(bone_eye_l) {transformation: [-0.6892f,-0.3458f,-0.6368f,0.2751f,-0.2822f,0.9375f,-0.2038f,1.8078f,0.6675f,0.0392f,-0.7436f,-0.0923f,0f,0f,0f,1f],start_interpolation: 0,interpolation_duration: 1}
$data merge entity $(bone_r_1) {transformation: [-0.6203f,-0.3113f,-0.6368f,0.445f,-0.2539f,0.8437f,-0.2038f,2.0321f,0.6008f,0.0353f,-0.7436f,0.0281f,0f,0f,0f,1f],start_interpolation: 0,interpolation_duration: 1}
$data merge entity $(bone_eye_r) {transformation: [-0.6892f,-0.3458f,-0.6368f,0.469f,-0.2822f,0.9375f,-0.2038f,2.0086f,0.6675f,0.0392f,-0.7436f,0.0055f,0f,0f,0f,1f],start_interpolation: 0,interpolation_duration: 1}
$data merge entity $(bone_eyes_down) {transformation: [-0.6892f,-0.3458f,-0.6368f,0.2426f,-0.2822f,0.9375f,-0.2038f,1.8957f,0.6675f,0.0392f,-0.7436f,-0.0887f,0f,0f,0f,1f],start_interpolation: 0,interpolation_duration: 1}
$data merge entity $(bone_eyes_up) {transformation: [-0.6892f,-0.3458f,-0.6368f,0.1981f,-0.2822f,0.9375f,-0.2038f,2.0165f,0.6675f,0.0392f,-0.7436f,-0.0836f,0f,0f,0f,1f],start_interpolation: 0,interpolation_duration: 1}
$data merge entity $(bone_bone) {transformation: [-0.6892f,-0.3458f,-0.6368f,0.2751f,-0.2822f,0.9375f,-0.2038f,1.8078f,0.6675f,0.0392f,-0.7436f,-0.0923f,0f,0f,0f,1f],start_interpolation: 0,interpolation_duration: 1}
$data merge entity $(bone_l) {transformation: [-0.7036f,-0.2366f,-0.6368f,0.2802f,-0.241f,0.7117f,-0.2038f,2.0195f,0.6686f,0.0075f,-0.7436f,0.1898f,0f,0f,0f,1f],start_interpolation: 0,interpolation_duration: 1}
$data merge entity $(bone_r) {transformation: [-0.6735f,-0.2817f,-0.6368f,0.4525f,-0.3228f,0.6932f,-0.2038f,2.0901f,0.6652f,0.0512f,-0.7436f,0.0229f,0f,0f,0f,1f],start_interpolation: 0,interpolation_duration: 1}
$data merge entity $(bone_sad) {transformation: [-0.6892f,-0.3458f,-0.6368f,0.3687f,-0.2822f,0.9375f,-0.2038f,1.8985f,0.6675f,0.0392f,-0.7436f,0.1598f,0f,0f,0f,1f],start_interpolation: 0,interpolation_duration: 1}
$data merge entity $(bone_head) {transformation: [-0.6892f,-0.3458f,-0.6368f,0.2751f,-0.2822f,0.9375f,-0.2038f,1.8078f,0.6675f,0.0392f,-0.7436f,-0.0923f,0f,0f,0f,1f],start_interpolation: 0,interpolation_duration: 1}
$data merge entity $(bone_6) {transformation: [-0.6069f,0.4337f,-0.6646f,0.2818f,-0.4465f,0.5054f,0.7381f,0.9392f,0.656f,0.7452f,-0.1125f,-0.5221f,0f,0f,0f,1f],start_interpolation: 0,interpolation_duration: 1}
$data merge entity $(bone_12) {transformation: [-0.6069f,-0.1995f,-0.7681f,0.2133f,-0.4465f,0.8861f,0.1231f,1.2438f,0.656f,0.4185f,-0.6268f,-0.3783f,0f,0f,0f,1f],start_interpolation: 0,interpolation_duration: 1}
$data merge entity $(bone_10) {transformation: [-0.5641f,-0.025f,-0.8241f,0.1687f,-0.1603f,0.9838f,0.0799f,1.5114f,0.8088f,0.1775f,-0.559f,-0.2426f,0f,0f,0f,1f],start_interpolation: 0,interpolation_duration: 1}
$data merge entity $(bone_9) {transformation: [-0.5647f,0.2744f,-0.7784f,0.2674f,-0.1604f,0.8886f,0.4297f,1.8307f,0.8096f,0.3675f,-0.4577f,-0.1105f,0f,0f,0f,1f],start_interpolation: 0,interpolation_duration: 1}
$data merge entity $(item_display_item_display) {transformation: [0.6563f,0.6823f,-0.2861f,0.4835f,-0.0718f,0.4395f,0.8823f,1.6884f,0.7374f,-0.5657f,0.3405f,0.2196f,0f,0f,0f,1f],start_interpolation: 0,interpolation_duration: 1}
$data merge entity $(bone_2) {transformation: [0.2861f,-0.872f,0.3686f,0.0644f,-0.8823f,-0.1072f,0.4323f,1.5402f,-0.3405f,-0.4549f,-0.8104f,0.2516f,0f,0f,0f,1f],start_interpolation: 0,interpolation_duration: 1}
$data merge entity $(bone_1) {transformation: [0.2864f,-0.1894f,0.9275f,0.0051f,-0.8832f,0.2958f,0.3329f,1.6439f,-0.3408f,-0.9256f,-0.0834f,-0.0671f,0f,0f,0f,1f],start_interpolation: 0,interpolation_duration: 1}
$data merge entity $(bone_4) {transformation: [-0.5334f,-0.8176f,-0.1574f,0.4226f,-0.775f,0.5611f,-0.2773f,1.6553f,0.3098f,-0.0202f,-0.9423f,-0.6656f,0f,0f,0f,1f],start_interpolation: 0,interpolation_duration: 1}
$data merge entity $(bone_3) {transformation: [-0.5339f,-0.1908f,-0.8104f,0.363f,-0.7758f,0.4825f,0.3986f,1.8061f,0.3101f,0.8516f,-0.4039f,-0.3995f,0f,0f,0f,1f],start_interpolation: 0,interpolation_duration: 1}
$data merge entity $(bone_8) {transformation: [-0.6528f,0.2251f,-0.7225f,0.3154f,0.1304f,0.9731f,0.1849f,1.2112f,0.7449f,0.027f,-0.6659f,0.0159f,0f,0f,0f,1f],start_interpolation: 0,interpolation_duration: 1}
$data merge entity $(bone_7) {transformation: [-0.6528f,-0.7377f,0.1689f,0.0618f,0.1304f,-0.3296f,-0.934f,1.0979f,0.7449f,-0.5891f,0.3116f,-0.1866f,0f,0f,0f,1f],start_interpolation: 0,interpolation_duration: 1}
data modify entity @s data merge value {"cameras":{"camera1":{"px":-0.8016666666666672,"py":0.5521296296296296,"pz":2.500162037037037,"ry":203.11725947521865,"rx":-4.1202623906705504}},"locators":{}}