# This file was generated by Animated Java via MC-Build. It is not recommended to edit this file directly.
$data merge entity $(bone_layer) {transformation: [-0.9409f,-0.2246f,-0.2577f,0.2579f,-0.2378f,0.9721f,0.0208f,1.7551f,0.2456f,0.0808f,-0.967f,0.0189f,0f,0f,0f,1f],start_interpolation: 0,interpolation_duration: 1}
$data merge entity $(bone_l_1) {transformation: [-0.846f,-0.202f,-0.2575f,0.1928f,-0.2139f,0.874f,0.0208f,1.8779f,0.2209f,0.0727f,-0.9661f,0.2961f,0f,0f,0f,1f],start_interpolation: 0,interpolation_duration: 1}
$data merge entity $(bone_eye_l) {transformation: [-0.94f,-0.2244f,-0.2575f,0.2579f,-0.2376f,0.9711f,0.0208f,1.7551f,0.2454f,0.0807f,-0.9661f,0.0189f,0f,0f,0f,1f],start_interpolation: 0,interpolation_duration: 1}
$data merge entity $(bone_r_1) {transformation: [-0.846f,-0.202f,-0.2575f,0.3793f,-0.2139f,0.874f,0.0208f,1.9256f,0.2209f,0.0727f,-0.9661f,0.2415f,0f,0f,0f,1f],start_interpolation: 0,interpolation_duration: 1}
$data merge entity $(bone_eye_r) {transformation: [-0.94f,-0.2244f,-0.2575f,0.4082f,-0.2376f,0.9711f,0.0208f,1.9013f,0.2454f,0.0807f,-0.9661f,0.2268f,0f,0f,0f,1f],start_interpolation: 0,interpolation_duration: 1}
$data merge entity $(bone_eyes_down) {transformation: [-0.94f,-0.2244f,-0.2575f,0.2368f,-0.2376f,0.9711f,0.0208f,1.8462f,0.2454f,0.0807f,-0.9661f,0.0265f,0f,0f,0f,1f],start_interpolation: 0,interpolation_duration: 1}
$data merge entity $(bone_eyes_up) {transformation: [-0.94f,-0.2244f,-0.2575f,0.2088f,-0.2376f,0.9711f,0.0208f,1.9676f,0.2454f,0.0807f,-0.9661f,0.0366f,0f,0f,0f,1f],start_interpolation: 0,interpolation_duration: 1}
$data merge entity $(bone_bone) {transformation: [-0.94f,-0.2244f,-0.2575f,0.2579f,-0.2376f,0.9711f,0.0208f,1.7551f,0.2454f,0.0807f,-0.9661f,0.0189f,0f,0f,0f,1f],start_interpolation: 0,interpolation_duration: 1}
$data merge entity $(bone_l) {transformation: [-0.9489f,-0.1374f,-0.2575f,0.1597f,-0.195f,0.7354f,0.0208f,1.9219f,0.2487f,0.0525f,-0.9661f,0.3139f,0f,0f,0f,1f],start_interpolation: 0,interpolation_duration: 1}
$data merge entity $(bone_r) {transformation: [-0.9293f,-0.1989f,-0.2575f,0.3947f,-0.2797f,0.7199f,0.0208f,1.9813f,0.2416f,0.0685f,-0.9661f,0.2526f,0f,0f,0f,1f],start_interpolation: 0,interpolation_duration: 1}
$data merge entity $(bone_sad) {transformation: [-0.94f,-0.2244f,-0.2575f,0.2388f,-0.2376f,0.9711f,0.0208f,1.7917f,0.2454f,0.0807f,-0.9661f,0.2997f,0f,0f,0f,1f],start_interpolation: 0,interpolation_duration: 1}
$data merge entity $(bone_head) {transformation: [-0.94f,-0.2244f,-0.2575f,0.2579f,-0.2376f,0.9711f,0.0208f,1.7551f,0.2454f,0.0807f,-0.9661f,0.0189f,0f,0f,0f,1f],start_interpolation: 0,interpolation_duration: 1}
$data merge entity $(bone_6) {transformation: [-0.875f,0.0055f,-0.4823f,0.4215f,-0.4043f,0.5357f,0.741f,0.9317f,0.2625f,0.8438f,-0.4662f,-0.4447f,0f,0f,0f,1f],start_interpolation: 0,interpolation_duration: 1}
$data merge entity $(bone_12) {transformation: [-0.875f,-0.3371f,-0.3449f,0.3056f,-0.4043f,0.9028f,0.1452f,1.242f,0.2625f,0.267f,-0.9263f,-0.3529f,0f,0f,0f,1f],start_interpolation: 0,interpolation_duration: 1}
$data merge entity $(bone_10) {transformation: [-0.8901f,-0.0516f,-0.4506f,0.2146f,-0.159f,0.966f,0.2037f,1.4948f,0.4248f,0.2534f,-0.868f,-0.1992f,0f,0f,0f,1f],start_interpolation: 0,interpolation_duration: 1}
$data merge entity $(bone_9) {transformation: [-0.891f,0.125f,-0.4364f,0.2595f,-0.1591f,0.8144f,0.558f,1.7875f,0.4252f,0.5667f,-0.7058f,0.0044f,0f,0f,0f,1f],start_interpolation: 0,interpolation_duration: 1}
$data merge entity $(item_display_item_display) {transformation: [0.1886f,0.8773f,-0.4154f,0.2981f,-0.2827f,0.4552f,0.8307f,1.5841f,0.9296f,-0.0404f,0.3369f,0.3986f,0f,0f,0f,1f],start_interpolation: 0,interpolation_duration: 1}
$data merge entity $(bone_2) {transformation: [0.4154f,-0.5417f,0.7154f,-0.0839f,-0.8307f,0.0639f,0.532f,1.4751f,-0.3369f,-0.8254f,-0.4295f,0.1964f,0f,0f,0f,1f],start_interpolation: 0,interpolation_duration: 1}
$data merge entity $(bone_1) {transformation: [0.4159f,0.2378f,0.8653f,0.0033f,-0.8315f,0.461f,0.2732f,1.6353f,-0.3373f,-0.8432f,0.3934f,-0.091f,0f,0f,0f,1f],start_interpolation: 0,interpolation_duration: 1}
$data merge entity $(bone_4) {transformation: [-0.6412f,-0.6624f,0.3603f,0.6856f,-0.7527f,0.6026f,-0.2496f,1.6056f,-0.0559f,-0.4266f,-0.8931f,-0.3828f,0f,0f,0f,1f],start_interpolation: 0,interpolation_duration: 1}
$data merge entity $(bone_3) {transformation: [-0.6419f,-0.6254f,-0.4212f,0.4901f,-0.7534f,0.4996f,0.4192f,1.7617f,-0.056f,0.5952f,-0.7908f,-0.1968f,0f,0f,0f,1f],start_interpolation: 0,interpolation_duration: 1}
$data merge entity $(bone_8) {transformation: [-0.9192f,0.2145f,-0.3273f,0.2117f,0.1153f,0.9469f,0.2967f,1.1378f,0.3739f,0.2354f,-0.8971f,0.0638f,0f,0f,0f,1f],start_interpolation: 0,interpolation_duration: 1}
$data merge entity $(bone_7) {transformation: [-0.9192f,-0.3844f,-0.0729f,0.0796f,0.1153f,-0.0882f,-0.9884f,1.1074f,0.3739f,-0.9189f,0.1258f,-0.252f,0f,0f,0f,1f],start_interpolation: 0,interpolation_duration: 1}
data modify entity @s data merge value {"cameras":{"camera1":{"px":-1.7500000000000002,"py":0.5,"pz":1.8749999999999998,"ry":228.17000000000002,"rx":-1.9200000000000002}},"locators":{}}