# This file was generated by Animated Java via MC-Build. It is not recommended to edit this file directly.
$data merge entity $(bone_layer) {transformation: [0f,0.1307f,-0.9924f,0.4376f,0f,0.9924f,0.1307f,1.2969f,1.0011f,0f,0f,0f,0f,0f,0f,1f],start_interpolation: 0,interpolation_duration: 1}
$data merge entity $(bone_l_1) {transformation: [0f,0.0979f,-0.9914f,0.7002f,0f,0.7436f,0.1305f,1.3884f,0.7501f,0f,0f,0.1156f,0f,0f,0f,1f],start_interpolation: 0,interpolation_duration: 1}
$data merge entity $(bone_eye_l) {transformation: [0f,0.1305f,-0.9914f,0.4376f,0f,0.9914f,0.1305f,1.2969f,1.0001f,0f,0f,0f,0f,0f,0f,1f],start_interpolation: 0,interpolation_duration: 1}
$data merge entity $(bone_r_1) {transformation: [0f,0.0979f,-0.9914f,0.7002f,0f,0.7436f,0.1305f,1.3884f,0.7501f,0f,0f,-0.1156f,0f,0f,0f,1f],start_interpolation: 0,interpolation_duration: 1}
$data merge entity $(bone_eye_r) {transformation: [0f,0.1305f,-0.9914f,0.694f,0f,0.9914f,0.1305f,1.3892f,1.0001f,0f,0f,-0.125f,0f,0f,0f,1f],start_interpolation: 0,interpolation_duration: 1}
$data merge entity $(bone_eyes_down) {transformation: [0f,0.1305f,-0.9914f,0.4417f,0f,0.9914f,0.1305f,1.3279f,1.0001f,0f,0f,0f,0f,0f,0f,1f],start_interpolation: 0,interpolation_duration: 1}
$data merge entity $(bone_bone) {transformation: [0f,0.1305f,-0.9914f,0.4376f,0f,0.9914f,0.1305f,1.2969f,1.0001f,0f,0f,0f,0f,0f,0f,1f],start_interpolation: 0,interpolation_duration: 1}
$data merge entity $(bone_l) {transformation: [-0.0057f,0.0978f,-0.9914f,0.7208f,-0.0432f,0.7429f,0.1305f,1.485f,0.9991f,0.0327f,0f,0.125f,0f,0f,0f,1f],start_interpolation: 0,interpolation_duration: 1}
$data merge entity $(bone_r) {transformation: [0.0057f,0.0978f,-0.9914f,0.7208f,0.0432f,0.7429f,0.1305f,1.485f,0.9991f,-0.0327f,0f,-0.125f,0f,0f,0f,1f],start_interpolation: 0,interpolation_duration: 1}
$data merge entity $(bone_sad) {transformation: [0f,0.0875f,-0.4957f,0.6933f,0f,0.6643f,0.0653f,1.324f,3.0003f,0f,0f,0.1406f,0f,0f,0f,1f],start_interpolation: 0,interpolation_duration: 1}
$data merge entity $(bone_head) {transformation: [0f,0.1305f,-0.9914f,0.4376f,0f,0.9914f,0.1305f,1.2969f,1.0001f,0f,0f,0f,0f,0f,0f,1f],start_interpolation: 0,interpolation_duration: 1}
$data merge entity $(bone_6) {transformation: [-0.0264f,0.4201f,-0.906f,-0.0281f,-0.2144f,0.8838f,0.4156f,0.4482f,0.9754f,0.2056f,0.0669f,-0.1808f,0f,0f,0f,1f],start_interpolation: 0,interpolation_duration: 1}
$data merge entity $(bone_12) {transformation: [-0.0264f,0.1713f,-0.9839f,0.0308f,-0.2144f,0.9613f,0.1727f,0.7786f,0.9754f,0.2159f,0.0114f,-0.1065f,0f,0f,0f,1f],start_interpolation: 0,interpolation_duration: 1}
$data merge entity $(bone_10) {transformation: [0f,0.5436f,-0.8385f,0.2336f,0f,0.8394f,0.543f,1.0511f,0.999f,0f,0f,0f,0f,0f,0f,1f],start_interpolation: 0,interpolation_duration: 1}
$data merge entity $(bone_9) {transformation: [0f,0.6485f,-0.7612f,0.4667f,0f,0.7612f,0.6485f,1.3247f,1f,0f,0f,0f,0f,0f,0f,1f],start_interpolation: 0,interpolation_duration: 1}
$data merge entity $(item_display_item_display) {transformation: [-0.4581f,0.7814f,-0.3974f,0.4182f,-0.8022f,-0.1908f,0.5467f,0.8342f,0.3559f,0.5755f,0.7207f,0.713f,0f,0f,0f,1f],start_interpolation: 0,interpolation_duration: 1}
$data merge entity $(bone_2) {transformation: [0.3974f,0.0849f,0.9017f,0.2247f,-0.5467f,0.8077f,0.1661f,1.0956f,-0.7207f,-0.5658f,0.3712f,0.4081f,0f,0f,0f,1f],start_interpolation: 0,interpolation_duration: 1}
$data merge entity $(bone_1) {transformation: [0.3978f,0.4581f,0.7814f,0.387f,-0.5472f,0.8022f,-0.1908f,1.3702f,-0.7215f,-0.3559f,0.5755f,0.2893f,0f,0f,0f,1f],start_interpolation: 0,interpolation_duration: 1}
$data merge entity $(bone_4) {transformation: [-0.1726f,-0.9263f,-0.3027f,0.5191f,-0.46f,0.35f,-0.8146f,1.0728f,0.8614f,-0.0016f,-0.485f,-0.4528f,0f,0f,0f,1f],start_interpolation: 0,interpolation_duration: 1}
$data merge entity $(bone_3) {transformation: [-0.1728f,-0.7116f,-0.6658f,0.2968f,-0.4604f,0.6614f,-0.5904f,1.2795f,0.8622f,0.2035f,-0.4402f,-0.3892f,0f,0f,0f,1f],start_interpolation: 0,interpolation_duration: 1}
$data merge entity $(bone_8) {transformation: [-0.0508f,0.2649f,-0.962f,0.198f,0.1173f,0.9588f,0.2583f,0.47f,0.9908f,-0.1f,-0.08f,0.1711f,0f,0f,0f,1f],start_interpolation: 0,interpolation_duration: 1}
$data merge entity $(bone_7) {transformation: [-0.0508f,-0.4154f,-0.9072f,0.0313f,0.1173f,0.9005f,-0.4184f,0.7344f,0.9908f,-0.128f,0.003f,0.1313f,0f,0f,0f,1f],start_interpolation: 0,interpolation_duration: 1}