# This file was generated by Animated Java via MC-Build. It is not recommended to edit this file directly.
$data merge entity $(bone_layer) {transformation: [-0.9954f,-0.0618f,-0.0866f,0.2361f,-0.092f,0.9092f,0.4086f,1.6815f,0.0534f,0.4142f,-0.9097f,-0.2106f,0f,0f,0f,1f],start_interpolation: 0,interpolation_duration: 1}
$data merge entity $(bone_l_1) {transformation: [-0.895f,-0.0555f,-0.0865f,0.148f,-0.0827f,0.8174f,0.4082f,1.7154f,0.048f,0.3724f,-0.9088f,0.0795f,0f,0f,0f,1f],start_interpolation: 0,interpolation_duration: 1}
$data merge entity $(bone_eye_l) {transformation: [-0.9944f,-0.0617f,-0.0865f,0.2356f,-0.0919f,0.9083f,0.4082f,1.6841f,0.0534f,0.4138f,-0.9088f,-0.2162f,0f,0f,0f,1f],start_interpolation: 0,interpolation_duration: 1}
$data merge entity $(bone_r_1) {transformation: [-0.895f,-0.0555f,-0.0865f,0.3466f,-0.0827f,0.8174f,0.4082f,1.7352f,0.048f,0.3724f,-0.9088f,0.0652f,0f,0f,0f,1f],start_interpolation: 0,interpolation_duration: 1}
$data merge entity $(bone_eye_r) {transformation: [-0.9944f,-0.0617f,-0.0865f,0.3728f,-0.0919f,0.9083f,0.4082f,1.7119f,0.0534f,0.4138f,-0.9088f,0.0453f,0f,0f,0f,1f],start_interpolation: 0,interpolation_duration: 1}
$data merge entity $(bone_eyes_down) {transformation: [-0.9944f,-0.0617f,-0.0865f,0.2303f,-0.0919f,0.9083f,0.4082f,1.7667f,0.0534f,0.4138f,-0.9088f,-0.1718f,0f,0f,0f,1f],start_interpolation: 0,interpolation_duration: 1}
$data merge entity $(bone_eyes_up) {transformation: [-0.9944f,-0.0617f,-0.0865f,0.2248f,-0.0919f,0.9083f,0.4082f,1.8483f,0.0534f,0.4138f,-0.9088f,-0.1346f,0f,0f,0f,1f],start_interpolation: 0,interpolation_duration: 1}
$data merge entity $(bone_bone) {transformation: [-0.9944f,-0.0617f,-0.0865f,0.2361f,-0.0919f,0.9083f,0.4082f,1.6815f,0.0534f,0.4138f,-0.9088f,-0.2106f,0f,0f,0f,1f],start_interpolation: 0,interpolation_duration: 1}
$data merge entity $(bone_l) {transformation: [-0.9962f,-0.0137f,-0.0865f,0.1212f,-0.0522f,0.6836f,0.4082f,1.7542f,0.0714f,0.3083f,-0.9088f,0.115f,0f,0f,0f,1f],start_interpolation: 0,interpolation_duration: 1}
$data merge entity $(bone_r) {transformation: [-0.9908f,-0.0788f,-0.0865f,0.3698f,-0.1314f,0.6776f,0.4082f,1.7772f,0.0353f,0.3118f,-0.9088f,0.1016f,0f,0f,0f,1f],start_interpolation: 0,interpolation_duration: 1}
$data merge entity $(bone_sad) {transformation: [-0.9944f,-0.0617f,-0.0865f,0.1776f,-0.0919f,0.9083f,0.4082f,1.6227f,0.0534f,0.4138f,-0.9088f,0.0609f,0f,0f,0f,1f],start_interpolation: 0,interpolation_duration: 1}
$data merge entity $(bone_head) {transformation: [-0.9944f,-0.0617f,-0.0865f,0.2361f,-0.0919f,0.9083f,0.4082f,1.6815f,0.0534f,0.4138f,-0.9088f,-0.2106f,0f,0f,0f,1f],start_interpolation: 0,interpolation_duration: 1}
$data merge entity $(bone_6) {transformation: [-0.9697f,-0.1835f,-0.1556f,0.4543f,-0.1747f,0.982f,-0.0669f,0.8563f,0.1651f,-0.0386f,-0.9848f,-0.3079f,0f,0f,0f,1f],start_interpolation: 0,interpolation_duration: 1}
$data merge entity $(bone_12) {transformation: [-0.9697f,-0.2367f,-0.0434f,0.373f,-0.1747f,0.8179f,-0.5476f,1.1375f,0.1651f,-0.5245f,-0.8344f,-0.4882f,0f,0f,0f,1f],start_interpolation: 0,interpolation_duration: 1}
$data merge entity $(bone_10) {transformation: [-0.9856f,-0.0669f,-0.149f,0.2309f,-0.0651f,0.9977f,-0.0169f,1.4393f,0.1498f,-0.007f,-0.9877f,-0.3883f,0f,0f,0f,1f],start_interpolation: 0,interpolation_duration: 1}
$data merge entity $(bone_9) {transformation: [-0.9865f,0.0168f,-0.1626f,0.2369f,-0.0651f,0.8721f,0.4849f,1.7528f,0.1499f,0.489f,-0.8593f,-0.2126f,0f,0f,0f,1f],start_interpolation: 0,interpolation_duration: 1}
$data merge entity $(item_display_item_display) {transformation: [0.0019f,0.6081f,-0.7792f,0.1693f,-0.3676f,0.7249f,0.5635f,1.6048f,0.9192f,0.2881f,0.227f,0.2945f,0f,0f,0f,1f],start_interpolation: 0,interpolation_duration: 1}
$data merge entity $(bone_2) {transformation: [0.7792f,-0.2607f,0.5494f,-0.0658f,-0.5635f,0.0239f,0.8124f,1.4107f,-0.227f,-0.9544f,-0.1307f,-0.0307f,0f,0f,0f,1f],start_interpolation: 0,interpolation_duration: 1}
$data merge entity $(bone_1) {transformation: [0.78f,0.1391f,0.592f,-0.0143f,-0.564f,0.5256f,0.6199f,1.5953f,-0.2272f,-0.8274f,0.4933f,-0.312f,0f,0f,0f,1f],start_interpolation: 0,interpolation_duration: 1}
$data merge entity $(bone_4) {transformation: [-0.6901f,-0.3429f,0.6219f,0.7403f,-0.7084f,0.305f,-0.6303f,1.422f,0.0294f,-0.8828f,-0.4488f,-0.2209f,0f,0f,0f,1f],start_interpolation: 0,interpolation_duration: 1}
$data merge entity $(bone_3) {transformation: [-0.6908f,-0.6773f,0.2135f,0.5287f,-0.7091f,0.6557f,-0.2457f,1.6269f,0.0294f,-0.3291f,-0.934f,-0.3238f,0f,0f,0f,1f],start_interpolation: 0,interpolation_duration: 1}
$data merge entity $(bone_8) {transformation: [-0.9939f,0.0133f,-0.0997f,0.1613f,0.0406f,0.9589f,-0.2774f,1.0456f,0.0922f,-0.2808f,-0.9552f,-0.0581f,0f,0f,0f,1f],start_interpolation: 0,interpolation_duration: 1}
$data merge entity $(bone_7) {transformation: [-0.9939f,-0.0868f,-0.0508f,0.1314f,0.0406f,0.1147f,-0.9916f,1.085f,0.0922f,-0.9896f,-0.1101f,-0.3982f,0f,0f,0f,1f],start_interpolation: 0,interpolation_duration: 1}
data modify entity @s data merge value {"cameras":{"camera1":{"px":-1.6270312500000002,"py":0.78734375,"pz":1.2513671874999999,"ry":233.27236328125002,"rx":-3.1006933593750032}},"locators":{}}