# This file was generated by Animated Java via MC-Build. It is not recommended to edit this file directly.
$data merge entity $(bone_layer) {transformation: [-1.0011f,0f,0f,0.25f,0f,0.7078f,0.7078f,1.6539f,0f,0.7078f,-0.7078f,-0.5411f,0f,0f,0f,1f],start_interpolation: 0,interpolation_duration: 1}
$data merge entity $(bone_l_1) {transformation: [-0.9001f,0f,0f,0.15f,0f,0.6364f,0.7071f,1.5976f,0f,0.6364f,-0.7071f,-0.2638f,0f,0f,0f,1f],start_interpolation: 0,interpolation_duration: 1}
$data merge entity $(bone_eye_l) {transformation: [-1.0001f,0f,0f,0.25f,0f,0.7071f,0.7071f,1.6628f,0f,0.7071f,-0.7071f,-0.55f,0f,0f,0f,1f],start_interpolation: 0,interpolation_duration: 1}
$data merge entity $(bone_r_1) {transformation: [-0.9001f,0f,0f,0.35f,0f,0.6364f,0.7071f,1.5976f,0f,0.6364f,-0.7071f,-0.2638f,0f,0f,0f,1f],start_interpolation: 0,interpolation_duration: 1}
$data merge entity $(bone_eye_r) {transformation: [-1.0001f,0f,0f,0.375f,0f,0.7071f,0.7071f,1.5799f,0f,0.7071f,-0.7071f,-0.2903f,0f,0f,0f,1f],start_interpolation: 0,interpolation_duration: 1}
$data merge entity $(bone_eyes_down) {transformation: [-1.0001f,0f,0f,0.25f,0f,0.7071f,0.7071f,1.7202f,0f,0.7071f,-0.7071f,-0.4749f,0f,0f,0f,1f],start_interpolation: 0,interpolation_duration: 1}
$data merge entity $(bone_eyes_up) {transformation: [-1.0001f,0f,0f,0.25f,0f,0.7071f,0.7071f,1.7644f,0f,0.7071f,-0.7071f,-0.4307f,0f,0f,0f,1f],start_interpolation: 0,interpolation_duration: 1}
$data merge entity $(bone_bone) {transformation: [-1.0001f,0f,0f,0.25f,0f,0.7071f,0.7071f,1.6539f,0f,0.7071f,-0.7071f,-0.5411f,0f,0f,0f,1f],start_interpolation: 0,interpolation_duration: 1}
$data merge entity $(bone_l) {transformation: [-0.9991f,0.0327f,0f,0.125f,0.0308f,0.5298f,0.7071f,1.6197f,0.0308f,0.5298f,-0.7071f,-0.213f,0f,0f,0f,1f],start_interpolation: 0,interpolation_duration: 1}
$data merge entity $(bone_r) {transformation: [-0.9991f,-0.0327f,0f,0.375f,-0.0308f,0.5298f,0.7071f,1.6197f,-0.0308f,0.5298f,-0.7071f,-0.213f,0f,0f,0f,1f],start_interpolation: 0,interpolation_duration: 1}
$data merge entity $(bone_sad) {transformation: [-1.0001f,0f,0f,0.1719f,0f,0.7071f,0.7071f,1.5103f,0f,0.7071f,-0.7071f,-0.3091f,0f,0f,0f,1f],start_interpolation: 0,interpolation_duration: 1}
$data merge entity $(bone_head) {transformation: [-1.0001f,0f,0f,0.25f,0f,0.7071f,0.7071f,1.6539f,0f,0.7071f,-0.7071f,-0.5411f,0f,0f,0f,1f],start_interpolation: 0,interpolation_duration: 1}
$data merge entity $(bone_6) {transformation: [-0.9808f,-0.1351f,-0.1338f,0.403f,0.0469f,0.5098f,-0.8579f,0.9575f,0.1841f,-0.8495f,-0.4942f,-0.2574f,0f,0f,0f,1f],start_interpolation: 0,interpolation_duration: 1}
$data merge entity $(bone_12) {transformation: [-0.9808f,-0.1651f,-0.0943f,0.3462f,0.0469f,0.2704f,-0.9606f,1.0505f,0.1841f,-0.9485f,-0.2575f,-0.5835f,0f,0f,0f,1f],start_interpolation: 0,interpolation_duration: 1}
$data merge entity $(bone_10) {transformation: [-0.999f,0f,0f,0.25f,0f,0.9537f,-0.3004f,1.425f,0f,-0.3007f,-0.9528f,-0.6512f,0f,0f,0f,1f],start_interpolation: 0,interpolation_duration: 1}
$data merge entity $(bone_9) {transformation: [-1f,0f,0f,0.25f,0f,0.9397f,0.342f,1.7627f,0f,0.342f,-0.9397f,-0.5283f,0f,0f,0f,1f],start_interpolation: 0,interpolation_duration: 1}
$data merge entity $(item_display_item_display) {transformation: [-0.1456f,0.1578f,-0.9645f,-0.0944f,-0.3249f,0.913f,0.1979f,1.7271f,0.9238f,0.346f,-0.0824f,0.0357f,0f,0f,0f,1f],start_interpolation: 0,interpolation_duration: 1}
$data merge entity $(bone_2) {transformation: [0.9645f,0.0653f,0.2045f,-0.121f,-0.1979f,-0.0914f,0.9648f,1.4517f,0.0824f,-0.9834f,-0.0769f,-0.3139f,0f,0f,0f,1f],start_interpolation: 0,interpolation_duration: 1}
$data merge entity $(bone_1) {transformation: [0.9655f,0.1456f,0.1578f,-0.07f,-0.1981f,0.3249f,0.913f,1.5691f,0.0825f,-0.9238f,0.346f,-0.6293f,0f,0f,0f,1f],start_interpolation: 0,interpolation_duration: 1}
$data merge entity $(bone_4) {transformation: [-0.8552f,-0.0541f,0.4925f,0.6519f,-0.4852f,-0.1065f,-0.8562f,1.4647f,0.1034f,-0.9908f,0.0722f,-0.3949f,0f,0f,0f,1f],start_interpolation: 0,interpolation_duration: 1}
$data merge entity $(bone_3) {transformation: [-0.856f,-0.2572f,0.4235f,0.5715f,-0.4857f,0.2653f,-0.821f,1.5476f,0.1035f,-0.9285f,-0.3533f,-0.6851f,0f,0f,0f,1f],start_interpolation: 0,interpolation_duration: 1}
$data merge entity $(bone_8) {transformation: [-0.9902f,0.0637f,0.1168f,0.0831f,-0.0605f,0.5666f,-0.8207f,0.9725f,-0.1182f,-0.8214f,-0.5576f,-0.2506f,0f,0f,0f,1f],start_interpolation: 0,interpolation_duration: 1}
$data merge entity $(bone_7) {transformation: [-0.9902f,0.1035f,0.0835f,0.1187f,-0.0605f,0.2094f,-0.9751f,1.0445f,-0.1182f,-0.9723f,-0.2008f,-0.5848f,0f,0f,0f,1f],start_interpolation: 0,interpolation_duration: 1}
data modify entity @s data merge value {"cameras":{"camera1":{"px":-1.1875,"py":1,"pz":0.8124999999999999,"ry":235.85421875000003,"rx":-5.583046875000006}},"locators":{}}