# This file was generated by Animated Java via MC-Build. It is not recommended to edit this file directly.
$data merge entity $(bone_layer) {transformation: [-1.0009f,-0.0054f,0.021f,0.2532f,0.0122f,0.6579f,0.7544f,1.6678f,-0.0179f,0.7545f,-0.6576f,-0.6949f,0f,0f,0f,1f],start_interpolation: 0,interpolation_duration: 1}
$data merge entity $(bone_l_1) {transformation: [-0.8999f,-0.0049f,0.0209f,0.1474f,0.011f,0.5915f,0.7536f,1.5946f,-0.0161f,0.6783f,-0.657f,-0.4231f,0f,0f,0f,1f],start_interpolation: 0,interpolation_duration: 1}
$data merge entity $(bone_eye_l) {transformation: [-0.9999f,-0.0054f,0.0209f,0.2534f,0.0122f,0.6572f,0.7536f,1.6772f,-0.0178f,0.7537f,-0.657f,-0.7031f,0f,0f,0f,1f],start_interpolation: 0,interpolation_duration: 1}
$data merge entity $(bone_r_1) {transformation: [-0.8999f,-0.0049f,0.0209f,0.3473f,0.011f,0.5915f,0.7536f,1.5905f,-0.0161f,0.6783f,-0.657f,-0.4166f,0f,0f,0f,1f],start_interpolation: 0,interpolation_duration: 1}
$data merge entity $(bone_eye_r) {transformation: [-0.9999f,-0.0054f,0.0209f,0.3726f,0.0122f,0.6572f,0.7536f,1.5729f,-0.0178f,0.7537f,-0.657f,-0.4455f,0f,0f,0f,1f],start_interpolation: 0,interpolation_duration: 1}
$data merge entity $(bone_eyes_down) {transformation: [-0.9999f,-0.0054f,0.0209f,0.2526f,0.0122f,0.6572f,0.7536f,1.7309f,-0.0178f,0.7537f,-0.657f,-0.6225f,0f,0f,0f,1f],start_interpolation: 0,interpolation_duration: 1}
$data merge entity $(bone_eyes_up) {transformation: [-0.9999f,-0.0054f,0.0209f,0.2522f,0.0122f,0.6572f,0.7536f,1.7796f,-0.0178f,0.7537f,-0.657f,-0.5667f,0f,0f,0f,1f],start_interpolation: 0,interpolation_duration: 1}
$data merge entity $(bone_bone) {transformation: [-0.9999f,-0.0054f,0.0209f,0.2532f,0.0122f,0.6572f,0.7536f,1.6678f,-0.0178f,0.7537f,-0.657f,-0.6949f,0f,0f,0f,1f],start_interpolation: 0,interpolation_duration: 1}
$data merge entity $(bone_l) {transformation: [-0.999f,0.0323f,0.0209f,0.1217f,0.0441f,0.4919f,0.7536f,1.6124f,0.0187f,0.5653f,-0.657f,-0.3726f,0f,0f,0f,1f],start_interpolation: 0,interpolation_duration: 1}
$data merge entity $(bone_r) {transformation: [-0.9984f,-0.0404f,0.0209f,0.3717f,-0.0196f,0.4928f,0.7536f,1.6093f,-0.0543f,0.564f,-0.657f,-0.3682f,0f,0f,0f,1f],start_interpolation: 0,interpolation_duration: 1}
$data merge entity $(bone_sad) {transformation: [-0.9999f,-0.0054f,0.0209f,0.1691f,0.0122f,0.6572f,0.7536f,1.5096f,-0.0178f,0.7537f,-0.657f,-0.4747f,0f,0f,0f,1f],start_interpolation: 0,interpolation_duration: 1}
$data merge entity $(bone_head) {transformation: [-0.9999f,-0.0054f,0.0209f,0.2532f,0.0122f,0.6572f,0.7536f,1.6678f,-0.0178f,0.7537f,-0.657f,-0.6949f,0f,0f,0f,1f],start_interpolation: 0,interpolation_duration: 1}
$data merge entity $(bone_6) {transformation: [-0.9804f,-0.1334f,-0.1384f,0.3901f,0.0786f,0.3783f,-0.9213f,1.0041f,0.1752f,-0.916f,-0.3608f,-0.3631f,0f,0f,0f,1f],start_interpolation: 0,interpolation_duration: 1}
$data merge entity $(bone_12) {transformation: [-0.9804f,-0.1607f,-0.1055f,0.3349f,0.0786f,0.1652f,-0.9821f,1.0609f,0.1752f,-0.9731f,-0.1493f,-0.6976f,0f,0f,0f,1f],start_interpolation: 0,interpolation_duration: 1}
$data merge entity $(bone_10) {transformation: [-0.9985f,0.0199f,0.0264f,0.2535f,0.0097f,0.9403f,-0.3399f,1.4426f,-0.0316f,-0.3398f,-0.939f,-0.7954f,0f,0f,0f,1f],start_interpolation: 0,interpolation_duration: 1}
$data merge entity $(bone_9) {transformation: [-0.9995f,-0.0009f,0.0331f,0.2531f,0.0097f,0.9471f,0.3209f,1.7829f,-0.0316f,0.3211f,-0.9465f,-0.68f,0f,0f,0f,1f],start_interpolation: 0,interpolation_duration: 1}
$data merge entity $(item_display_item_display) {transformation: [-0.1868f,0.0836f,-0.9667f,-0.1545f,-0.3108f,0.9285f,0.14f,1.7657f,0.9212f,0.3303f,-0.1488f,-0.1281f,0f,0f,0f,1f],start_interpolation: 0,interpolation_duration: 1}
$data merge entity $(bone_2) {transformation: [0.9667f,0.134f,0.1547f,-0.1429f,-0.14f,-0.1107f,0.9728f,1.481f,0.1488f,-0.9745f,-0.09f,-0.471f,0f,0f,0f,1f],start_interpolation: 0,interpolation_duration: 1}
$data merge entity $(bone_1) {transformation: [0.9676f,0.1837f,0.0902f,-0.0792f,-0.1401f,0.2776f,0.9389f,1.5822f,0.149f,-0.9324f,0.2973f,-0.7897f,0f,0f,0f,1f],start_interpolation: 0,interpolation_duration: 1}
$data merge entity $(bone_4) {transformation: [-0.8796f,-0.0072f,0.4505f,0.6393f,-0.4421f,-0.1759f,-0.8674f,1.4981f,0.0899f,-0.9827f,0.1585f,-0.5458f,0f,0f,0f,1f],start_interpolation: 0,interpolation_duration: 1}
$data merge entity $(bone_3) {transformation: [-0.8805f,-0.177f,0.4143f,0.584f,-0.4425f,0.1652f,-0.8695f,1.5498f,0.09f,-0.9697f,-0.225f,-0.8488f,0f,0f,0f,1f],start_interpolation: 0,interpolation_duration: 1}
$data merge entity $(bone_8) {transformation: [-0.9827f,0.1113f,0.1414f,0.0599f,-0.0741f,0.4659f,-0.8808f,0.9846f,-0.1636f,-0.8778f,-0.4498f,-0.3903f,0f,0f,0f,1f],start_interpolation: 0,interpolation_duration: 1}
$data merge entity $(bone_7) {transformation: [-0.9827f,0.1457f,0.1056f,0.1099f,-0.0741f,0.2079f,-0.9745f,1.0561f,-0.1636f,-0.9672f,-0.1932f,-0.7227f,0f,0f,0f,1f],start_interpolation: 0,interpolation_duration: 1}
data modify entity @s data merge value {"cameras":{"camera1":{"px":-0.2887500000000002,"py":0.27374999999999994,"pz":1.52125,"ry":236.47958984374998,"rx":-8.938095703124993}},"locators":{}}