# This file was generated by Animated Java via MC-Build. It is not recommended to edit this file directly.
$data merge entity $(bone_layer) {transformation: [-1.0011f,-0.0023f,0.0093f,0.2512f,0.0055f,0.6665f,0.7469f,1.6925f,-0.0079f,0.7469f,-0.6664f,-0.8194f,0f,0f,0f,1f],start_interpolation: 0,interpolation_duration: 1}
$data merge entity $(bone_l_1) {transformation: [-0.9f,-0.0021f,0.0093f,0.1486f,0.0049f,0.5992f,0.7461f,1.6226f,-0.0071f,0.6715f,-0.6657f,-0.5448f,0f,0f,0f,1f],start_interpolation: 0,interpolation_duration: 1}
$data merge entity $(bone_eye_l) {transformation: [-1.0001f,-0.0023f,0.0093f,0.2513f,0.0055f,0.6658f,0.7461f,1.7018f,-0.0079f,0.7461f,-0.6657f,-0.8277f,0f,0f,0f,1f],start_interpolation: 0,interpolation_duration: 1}
$data merge entity $(bone_r_1) {transformation: [-0.9f,-0.0021f,0.0093f,0.3485f,0.0049f,0.5992f,0.7461f,1.6167f,-0.0071f,0.6715f,-0.6657f,-0.5357f,0f,0f,0f,1f],start_interpolation: 0,interpolation_duration: 1}
$data merge entity $(bone_eye_r) {transformation: [-1.0001f,-0.0023f,0.0093f,0.3737f,0.0055f,0.6658f,0.7461f,1.5973f,-0.0079f,0.7461f,-0.6657f,-0.5666f,0f,0f,0f,1f],start_interpolation: 0,interpolation_duration: 1}
$data merge entity $(bone_eyes_down) {transformation: [-1.0001f,-0.0023f,0.0093f,0.251f,0.0055f,0.6658f,0.7461f,1.758f,-0.0079f,0.7461f,-0.6657f,-0.746f,0f,0f,0f,1f],start_interpolation: 0,interpolation_duration: 1}
$data merge entity $(bone_eyes_up) {transformation: [-1.0001f,-0.0023f,0.0093f,0.2507f,0.0055f,0.6658f,0.7461f,1.8243f,-0.0079f,0.7461f,-0.6657f,-0.6717f,0f,0f,0f,1f],start_interpolation: 0,interpolation_duration: 1}
$data merge entity $(bone_bone) {transformation: [-1.0001f,-0.0023f,0.0093f,0.2512f,0.0055f,0.6658f,0.7461f,1.6925f,-0.0079f,0.7461f,-0.6657f,-0.8194f,0f,0f,0f,1f],start_interpolation: 0,interpolation_duration: 1}
$data merge entity $(bone_l) {transformation: [-0.9988f,0.0383f,0.0093f,0.1233f,0.0409f,0.4984f,0.7461f,1.6396f,0.0319f,0.5591f,-0.6657f,-0.4956f,0f,0f,0f,1f],start_interpolation: 0,interpolation_duration: 1}
$data merge entity $(bone_r) {transformation: [-0.9985f,-0.0417f,0.0093f,0.3733f,-0.03f,0.4988f,0.7461f,1.6382f,-0.0477f,0.5585f,-0.6657f,-0.4936f,0f,0f,0f,1f],start_interpolation: 0,interpolation_duration: 1}
$data merge entity $(bone_sad) {transformation: [-1.0001f,-0.0023f,0.0093f,0.1704f,0.0055f,0.6658f,0.7461f,1.5364f,-0.0079f,0.7461f,-0.6657f,-0.5966f,0f,0f,0f,1f],start_interpolation: 0,interpolation_duration: 1}
$data merge entity $(bone_head) {transformation: [-1.0001f,-0.0023f,0.0093f,0.2512f,0.0055f,0.6658f,0.7461f,1.6925f,-0.0079f,0.7461f,-0.6657f,-0.8194f,0f,0f,0f,1f],start_interpolation: 0,interpolation_duration: 1}
$data merge entity $(bone_6) {transformation: [-0.9805f,-0.1367f,-0.1339f,0.3979f,0.0616f,0.4371f,-0.8962f,1.0183f,0.1811f,-0.8889f,-0.4206f,-0.5162f,0f,0f,0f,1f],start_interpolation: 0,interpolation_duration: 1}
$data merge entity $(bone_12) {transformation: [-0.9805f,-0.1648f,-0.0972f,0.3412f,0.0616f,0.2092f,-0.975f,1.0902f,0.1811f,-0.9639f,-0.195f,-0.8475f,0f,0f,0f,1f],start_interpolation: 0,interpolation_duration: 1}
$data merge entity $(bone_10) {transformation: [-0.9989f,0.008f,0.0113f,0.2515f,0.004f,0.9494f,-0.3138f,1.4675f,-0.0132f,-0.314f,-0.9484f,-0.9275f,0f,0f,0f,1f],start_interpolation: 0,interpolation_duration: 1}
$data merge entity $(bone_9) {transformation: [-0.9999f,-0.0007f,0.0138f,0.2512f,0.004f,0.9412f,0.3379f,1.8058f,-0.0132f,0.3379f,-0.9411f,-0.806f,0f,0f,0f,1f],start_interpolation: 0,interpolation_duration: 1}
$data merge entity $(item_display_item_display) {transformation: [-0.1628f,0.1216f,-0.967f,-0.1213f,-0.3144f,0.9225f,0.1685f,1.7811f,0.9245f,0.3352f,-0.1129f,-0.2478f,0f,0f,0f,1f],start_interpolation: 0,interpolation_duration: 1}
$data merge entity $(bone_2) {transformation: [0.967f,0.0961f,0.179f,-0.13f,-0.1685f,-0.1049f,0.9689f,1.4995f,0.1129f,-0.9796f,-0.0869f,-0.5934f,0f,0f,0f,1f],start_interpolation: 0,interpolation_duration: 1}
$data merge entity $(bone_1) {transformation: [0.9679f,0.1606f,0.1245f,-0.074f,-0.1687f,0.298f,0.9279f,1.6077f,0.113f,-0.9303f,0.3187f,-0.9112f,0f,0f,0f,1f],start_interpolation: 0,interpolation_duration: 1}
$data merge entity $(bone_4) {transformation: [-0.8674f,-0.0301f,0.4727f,0.6443f,-0.4638f,-0.1455f,-0.8619f,1.5143f,0.0992f,-0.9871f,0.1194f,-0.6739f,0f,0f,0f,1f],start_interpolation: 0,interpolation_duration: 1}
$data merge entity $(bone_3) {transformation: [-0.8683f,-0.2169f,0.4211f,0.5765f,-0.4643f,0.2119f,-0.848f,1.5805f,0.0993f,-0.9523f,-0.2859f,-0.9715f,0f,0f,0f,1f],start_interpolation: 0,interpolation_duration: 1}
$data merge entity $(bone_8) {transformation: [-0.9866f,0.0898f,0.129f,0.0711f,-0.0669f,0.5035f,-0.8604f,1.0195f,-0.142f,-0.8593f,-0.491f,-0.5262f,0f,0f,0f,1f],start_interpolation: 0,interpolation_duration: 1}
$data merge entity $(bone_7) {transformation: [-0.9866f,0.1272f,0.0924f,0.1148f,-0.0669f,0.1931f,-0.978f,1.0859f,-0.142f,-0.9728f,-0.1817f,-0.8607f,0f,0f,0f,1f],start_interpolation: 0,interpolation_duration: 1}
data modify entity @s data merge value {"cameras":{"camera1":{"px":-1.53875,"py":1.33625,"pz":-0.1662500000000002,"ry":235.7125,"rx":-12.736875000000001}},"locators":{}}