# This file was generated by Animated Java via MC-Build. It is not recommended to edit this file directly.
$data merge entity $(bone_layer) {transformation: [-1.0011f,-0.0007f,0.0073f,0.2513f,0.0044f,0.7467f,0.6666f,1.7199f,-0.006f,0.6666f,-0.7467f,-0.8871f,0f,0f,0f,1f],start_interpolation: 0,interpolation_duration: 1}
$data merge entity $(bone_l_1) {transformation: [-0.9001f,-0.0006f,0.0073f,0.1495f,0.0039f,0.6714f,0.6659f,1.6728f,-0.0054f,0.5994f,-0.746f,-0.6138f,0f,0f,0f,1f],start_interpolation: 0,interpolation_duration: 1}
$data merge entity $(bone_eye_l) {transformation: [-1.0001f,-0.0007f,0.0073f,0.2514f,0.0044f,0.746f,0.6659f,1.7282f,-0.0059f,0.666f,-0.746f,-0.8964f,0f,0f,0f,1f],start_interpolation: 0,interpolation_duration: 1}
$data merge entity $(bone_r_1) {transformation: [-0.9001f,-0.0006f,0.0073f,0.3494f,0.0039f,0.6714f,0.6659f,1.6648f,-0.0054f,0.5994f,-0.746f,-0.601f,0f,0f,0f,1f],start_interpolation: 0,interpolation_duration: 1}
$data merge entity $(bone_eye_r) {transformation: [-1.0001f,-0.0007f,0.0073f,0.3744f,0.0044f,0.746f,0.6659f,1.6507f,-0.0059f,0.666f,-0.746f,-0.6218f,0f,0f,0f,1f],start_interpolation: 0,interpolation_duration: 1}
$data merge entity $(bone_eyes_down) {transformation: [-1.0001f,-0.0007f,0.0073f,0.2512f,0.0044f,0.746f,0.6659f,1.776f,-0.0059f,0.666f,-0.746f,-0.837f,0f,0f,0f,1f],start_interpolation: 0,interpolation_duration: 1}
$data merge entity $(bone_eyes_up) {transformation: [-1.0001f,-0.0007f,0.0073f,0.2511f,0.0044f,0.746f,0.6659f,1.8865f,-0.0059f,0.666f,-0.746f,-0.7384f,0f,0f,0f,1f],start_interpolation: 0,interpolation_duration: 1}
$data merge entity $(bone_bone) {transformation: [-1.0001f,-0.0007f,0.0073f,0.2513f,0.0044f,0.746f,0.6659f,1.7199f,-0.0059f,0.666f,-0.746f,-0.8871f,0f,0f,0f,1f],start_interpolation: 0,interpolation_duration: 1}
$data merge entity $(bone_l) {transformation: [-1.0001f,0.0007f,0.0073f,0.1243f,0.0056f,0.5595f,0.6659f,1.7094f,-0.0049f,0.4995f,-0.746f,-0.5542f,0f,0f,0f,1f],start_interpolation: 0,interpolation_duration: 1}
$data merge entity $(bone_r) {transformation: [-1.0001f,-0.0017f,0.0073f,0.3743f,0.0031f,0.5595f,0.6659f,1.7084f,-0.007f,0.4995f,-0.746f,-0.5527f,0f,0f,0f,1f],start_interpolation: 0,interpolation_duration: 1}
$data merge entity $(bone_sad) {transformation: [-1.0001f,-0.0007f,0.0073f,0.1712f,0.0044f,0.746f,0.6659f,1.5899f,-0.0059f,0.666f,-0.746f,-0.6478f,0f,0f,0f,1f],start_interpolation: 0,interpolation_duration: 1}
$data merge entity $(bone_head) {transformation: [-1.0001f,-0.0007f,0.0073f,0.2513f,0.0044f,0.746f,0.6659f,1.7199f,-0.0059f,0.666f,-0.746f,-0.8871f,0f,0f,0f,1f],start_interpolation: 0,interpolation_duration: 1}
$data merge entity $(bone_6) {transformation: [-0.9793f,-0.1312f,-0.1476f,0.3996f,0.0557f,0.5335f,-0.8429f,1.0015f,0.1893f,-0.8355f,-0.5157f,-0.585f,0f,0f,0f,1f],start_interpolation: 0,interpolation_duration: 1}
$data merge entity $(bone_12) {transformation: [-0.9793f,-0.1649f,-0.1086f,0.3428f,0.0557f,0.2972f,-0.9522f,1.1051f,0.1893f,-0.9405f,-0.2819f,-0.9091f,0f,0f,0f,1f],start_interpolation: 0,interpolation_duration: 1}
$data merge entity $(bone_10) {transformation: [-0.9989f,0.01f,0.0132f,0.2513f,0.0052f,0.9464f,-0.3227f,1.4867f,-0.0157f,-0.3229f,-0.9454f,-0.9942f,0f,0f,0f,1f],start_interpolation: 0,interpolation_duration: 1}
$data merge entity $(bone_9) {transformation: [-0.9999f,-0.0006f,0.0165f,0.2511f,0.0052f,0.9361f,0.3518f,1.8231f,-0.0157f,0.3519f,-0.9359f,-0.8677f,0f,0f,0f,1f],start_interpolation: 0,interpolation_duration: 1}
$data merge entity $(item_display_item_display) {transformation: [-0.1624f,0.1462f,-0.9636f,-0.1121f,-0.3537f,0.9026f,0.1961f,1.7725f,0.9103f,0.3768f,-0.0957f,-0.3062f,0f,0f,0f,1f],start_interpolation: 0,interpolation_duration: 1}
$data merge entity $(bone_2) {transformation: [0.9636f,0.0854f,0.2012f,-0.1304f,-0.1961f,-0.0609f,0.9676f,1.5077f,0.0957f,-0.9843f,-0.0432f,-0.6645f,0f,0f,0f,1f],start_interpolation: 0,interpolation_duration: 1}
$data merge entity $(bone_1) {transformation: [0.9646f,0.1624f,0.1462f,-0.0737f,-0.1963f,0.3537f,0.9026f,1.635f,0.0958f,-0.9103f,0.3768f,-0.975f,0f,0f,0f,1f],start_interpolation: 0,interpolation_duration: 1}
$data merge entity $(bone_4) {transformation: [-0.8561f,-0.045f,0.4918f,0.6534f,-0.4863f,-0.0953f,-0.857f,1.5262f,0.09f,-0.9924f,0.067f,-0.7354f,0f,0f,0f,1f],start_interpolation: 0,interpolation_duration: 1}
$data merge entity $(bone_3) {transformation: [-0.8569f,-0.2486f,0.4268f,0.5757f,-0.4868f,0.2758f,-0.817f,1.6124f,0.0901f,-0.9278f,-0.3587f,-1.0253f,0f,0f,0f,1f],start_interpolation: 0,interpolation_duration: 1}
$data merge entity $(bone_8) {transformation: [-0.9895f,0.0517f,0.1276f,0.0824f,-0.0636f,0.651f,-0.7553f,0.9986f,-0.1218f,-0.7572f,-0.6413f,-0.5876f,0f,0f,0f,1f],start_interpolation: 0,interpolation_duration: 1}
$data merge entity $(bone_7) {transformation: [-0.9895f,0.0971f,0.0976f,0.1156f,-0.0636f,0.3078f,-0.9485f,1.1053f,-0.1218f,-0.9464f,-0.2982f,-0.9126f,0f,0f,0f,1f],start_interpolation: 0,interpolation_duration: 1}
data modify entity @s data merge value {"cameras":{"camera1":{"px":-1.53875,"py":-0.10125000000000006,"pz":-0.1662500000000002,"ry":232.25703125,"rx":-19.949765625000012}},"locators":{}}