# This file was generated by Animated Java via MC-Build. It is not recommended to edit this file directly.
$data merge entity $(bone_layer) {transformation: [-1.0009f,0.0005f,0.0175f,0.2542f,0.0106f,0.8107f,0.5871f,1.7216f,-0.0138f,0.5872f,-0.8106f,-0.8307f,0f,0f,0f,1f],start_interpolation: 0,interpolation_duration: 1}
$data merge entity $(bone_l_1) {transformation: [-0.9f,0.0004f,0.0174f,0.1502f,0.0096f,0.7289f,0.5865f,1.6931f,-0.0125f,0.5279f,-0.8098f,-0.5623f,0f,0f,0f,1f],start_interpolation: 0,interpolation_duration: 1}
$data merge entity $(bone_eye_l) {transformation: [-0.9999f,0.0005f,0.0174f,0.2544f,0.0106f,0.8099f,0.5865f,1.729f,-0.0138f,0.5866f,-0.8098f,-0.8408f,0f,0f,0f,1f],start_interpolation: 0,interpolation_duration: 1}
$data merge entity $(bone_r_1) {transformation: [-0.9f,0.0004f,0.0174f,0.3499f,0.0096f,0.7289f,0.5865f,1.6842f,-0.0125f,0.5279f,-0.8098f,-0.5484f,0f,0f,0f,1f],start_interpolation: 0,interpolation_duration: 1}
$data merge entity $(bone_eye_r) {transformation: [-0.9999f,0.0005f,0.0174f,0.375f,0.0106f,0.8099f,0.5865f,1.6792f,-0.0138f,0.5866f,-0.8098f,-0.5592f,0f,0f,0f,1f],start_interpolation: 0,interpolation_duration: 1}
$data merge entity $(bone_eyes_down) {transformation: [-0.9999f,0.0005f,0.0174f,0.2542f,0.0106f,0.8099f,0.5865f,1.7619f,-0.0138f,0.5866f,-0.8098f,-0.8015f,0f,0f,0f,1f],start_interpolation: 0,interpolation_duration: 1}
$data merge entity $(bone_eyes_up) {transformation: [-0.9999f,0.0005f,0.0174f,0.2543f,0.0106f,0.8099f,0.5865f,1.9007f,-0.0138f,0.5866f,-0.8098f,-0.701f,0f,0f,0f,1f],start_interpolation: 0,interpolation_duration: 1}
$data merge entity $(bone_bone) {transformation: [-0.9999f,0.0005f,0.0174f,0.2542f,0.0106f,0.8099f,0.5865f,1.7216f,-0.0138f,0.5866f,-0.8098f,-0.8307f,0f,0f,0f,1f],start_interpolation: 0,interpolation_duration: 1}
$data merge entity $(bone_l) {transformation: [-0.9985f,-0.0408f,0.0174f,0.1248f,-0.0339f,0.6069f,0.5865f,1.7525f,-0.046f,0.4387f,-0.8098f,-0.4947f,0f,0f,0f,1f],start_interpolation: 0,interpolation_duration: 1}
$data merge entity $(bone_r) {transformation: [-0.9984f,0.0416f,0.0174f,0.3748f,0.0551f,0.6061f,0.5865f,1.7498f,0.0184f,0.4399f,-0.8098f,-0.4912f,0f,0f,0f,1f],start_interpolation: 0,interpolation_duration: 1}
$data merge entity $(bone_sad) {transformation: [-0.9999f,0.0005f,0.0174f,0.1715f,0.0106f,0.8099f,0.5865f,1.6173f,-0.0138f,0.5866f,-0.8098f,-0.58f,0f,0f,0f,1f],start_interpolation: 0,interpolation_duration: 1}
$data merge entity $(bone_head) {transformation: [-0.9999f,0.0005f,0.0174f,0.2542f,0.0106f,0.8099f,0.5865f,1.7216f,-0.0138f,0.5866f,-0.8098f,-0.8307f,0f,0f,0f,1f],start_interpolation: 0,interpolation_duration: 1}
$data merge entity $(bone_6) {transformation: [-0.9783f,-0.1195f,-0.1634f,0.3927f,0.0666f,0.572f,-0.8164f,0.9708f,0.191f,-0.8114f,-0.5521f,-0.5001f,0f,0f,0f,1f],start_interpolation: 0,interpolation_duration: 1}
$data merge entity $(bone_12) {transformation: [-0.9783f,-0.1577f,-0.1269f,0.3384f,0.0666f,0.3412f,-0.9367f,1.0911f,0.191f,-0.9267f,-0.3233f,-0.82f,0f,0f,0f,1f],start_interpolation: 0,interpolation_duration: 1}
$data merge entity $(bone_10) {transformation: [-0.9983f,0.0245f,0.0298f,0.2539f,0.0122f,0.9337f,-0.3574f,1.4804f,-0.0366f,-0.3571f,-0.9324f,-0.929f,0f,0f,0f,1f],start_interpolation: 0,interpolation_duration: 1}
$data merge entity $(bone_9) {transformation: [-0.9993f,-0.0014f,0.0386f,0.2534f,0.0122f,0.9371f,0.349f,1.8171f,-0.0366f,0.3492f,-0.9363f,-0.8035f,0f,0f,0f,1f],start_interpolation: 0,interpolation_duration: 1}
$data merge entity $(item_display_item_display) {transformation: [-0.1835f,0.1312f,-0.962f,-0.1341f,-0.3891f,0.8883f,0.1948f,1.7477f,0.8916f,0.4146f,-0.113f,-0.2452f,0f,0f,0f,1f],start_interpolation: 0,interpolation_duration: 1}
$data merge entity $(bone_2) {transformation: [0.962f,0.1109f,0.1965f,-0.1416f,-0.1948f,-0.0227f,0.9695f,1.4968f,0.113f,-0.9833f,-0.001f,-0.6137f,0f,0f,0f,1f],start_interpolation: 0,interpolation_duration: 1}
$data merge entity $(bone_1) {transformation: [0.963f,0.1835f,0.1312f,-0.0777f,-0.195f,0.3891f,0.8883f,1.6361f,0.1131f,-0.8916f,0.4146f,-0.9176f,0f,0f,0f,1f],start_interpolation: 0,interpolation_duration: 1}
$data merge entity $(bone_4) {transformation: [-0.8574f,-0.0363f,0.4902f,0.6577f,-0.4868f,-0.0754f,-0.8588f,1.5211f,0.0727f,-0.9945f,0.0542f,-0.6681f,0f,0f,0f,1f],start_interpolation: 0,interpolation_duration: 1}
$data merge entity $(bone_3) {transformation: [-0.8583f,-0.2401f,0.429f,0.5827f,-0.4873f,0.2947f,-0.8102f,1.6132f,0.0728f,-0.9242f,-0.3711f,-0.957f,0f,0f,0f,1f],start_interpolation: 0,interpolation_duration: 1}
$data merge entity $(bone_8) {transformation: [-0.989f,0.0362f,0.137f,0.0822f,-0.0638f,0.7505f,-0.6568f,0.9439f,-0.1263f,-0.6598f,-0.7403f,-0.5196f,0f,0f,0f,1f],start_interpolation: 0,interpolation_duration: 1}
$data merge entity $(bone_7) {transformation: [-0.989f,0.0869f,0.1119f,0.1119f,-0.0638f,0.4334f,-0.8982f,1.0945f,-0.1263f,-0.897f,-0.4228f,-0.8272f,0f,0f,0f,1f],start_interpolation: 0,interpolation_duration: 1}
data modify entity @s data merge value {"cameras":{"camera1":{"px":-0.2887500000000002,"py":0.27374999999999994,"pz":1.52125,"ry":230.69669921875,"rx":-22.50594726562501}},"locators":{}}