# This file was generated by Animated Java via MC-Build. It is not recommended to edit this file directly.
$data merge entity $(bone_layer) {transformation: [-1.0008f,0.0086f,0.0225f,0.2599f,0.0164f,0.9303f,0.3692f,1.761f,-0.0177f,0.3695f,-0.9302f,-1.045f,0f,0f,0f,1f],start_interpolation: 0,interpolation_duration: 1}
$data merge entity $(bone_l_1) {transformation: [-0.8998f,0.0078f,0.0225f,0.1557f,0.0147f,0.8364f,0.3688f,1.7918f,-0.016f,0.3322f,-0.9292f,-0.7814f,0f,0f,0f,1f],start_interpolation: 0,interpolation_duration: 1}
$data merge entity $(bone_eye_l) {transformation: [-0.9998f,0.0086f,0.0225f,0.2602f,0.0163f,0.9294f,0.3688f,1.7656f,-0.0177f,0.3691f,-0.9292f,-1.0566f,0f,0f,0f,1f],start_interpolation: 0,interpolation_duration: 1}
$data merge entity $(bone_r_1) {transformation: [-0.8998f,0.0078f,0.0225f,0.3554f,0.0147f,0.8364f,0.3688f,1.7839f,-0.016f,0.3322f,-0.9292f,-0.7662f,0f,0f,0f,1f],start_interpolation: 0,interpolation_duration: 1}
$data merge entity $(bone_eye_r) {transformation: [-0.9998f,0.0086f,0.0225f,0.3805f,0.0163f,0.9294f,0.3688f,1.7858f,-0.0177f,0.3691f,-0.9292f,-0.7716f,0f,0f,0f,1f],start_interpolation: 0,interpolation_duration: 1}
$data merge entity $(bone_eyes_down) {transformation: [-0.9998f,0.0086f,0.0225f,0.2602f,0.0163f,0.9294f,0.3688f,1.7901f,-0.0177f,0.3691f,-0.9292f,-1.0334f,0f,0f,0f,1f],start_interpolation: 0,interpolation_duration: 1}
$data merge entity $(bone_eyes_up) {transformation: [-0.9998f,0.0086f,0.0225f,0.2618f,0.0163f,0.9294f,0.3688f,1.9643f,-0.0177f,0.3691f,-0.9292f,-0.9642f,0f,0f,0f,1f],start_interpolation: 0,interpolation_duration: 1}
$data merge entity $(bone_bone) {transformation: [-0.9998f,0.0086f,0.0225f,0.2599f,0.0163f,0.9294f,0.3688f,1.761f,-0.0177f,0.3691f,-0.9292f,-1.045f,0f,0f,0f,1f],start_interpolation: 0,interpolation_duration: 1}
$data merge entity $(bone_l) {transformation: [-0.9968f,-0.0589f,0.0225f,0.1311f,-0.0647f,0.6954f,0.3688f,1.8762f,-0.0498f,0.2746f,-0.9292f,-0.7266f,0f,0f,0f,1f],start_interpolation: 0,interpolation_duration: 1}
$data merge entity $(bone_r) {transformation: [-0.9953f,0.0718f,0.0225f,0.381f,0.0973f,0.6933f,0.3688f,1.8721f,0.0145f,0.2769f,-0.9292f,-0.7222f,0f,0f,0f,1f],start_interpolation: 0,interpolation_duration: 1}
$data merge entity $(bone_sad) {transformation: [-0.9998f,0.0086f,0.0225f,0.1764f,0.0163f,0.9294f,0.3688f,1.7224f,-0.0177f,0.3691f,-0.9292f,-0.7765f,0f,0f,0f,1f],start_interpolation: 0,interpolation_duration: 1}
$data merge entity $(bone_head) {transformation: [-0.9998f,0.0086f,0.0225f,0.2599f,0.0163f,0.9294f,0.3688f,1.761f,-0.0177f,0.3691f,-0.9292f,-1.045f,0f,0f,0f,1f],start_interpolation: 0,interpolation_duration: 1}
$data merge entity $(bone_6) {transformation: [-0.9838f,-0.0733f,-0.1574f,0.3784f,0.0741f,0.6422f,-0.7619f,0.9718f,0.1569f,-0.7629f,-0.6268f,-0.6674f,0f,0f,0f,1f],start_interpolation: 0,interpolation_duration: 1}
$data merge entity $(bone_12) {transformation: [-0.9838f,-0.1115f,-0.133f,0.34f,0.0741f,0.4231f,-0.9021f,1.1172f,0.1569f,-0.8992f,-0.408f,-0.9765f,0f,0f,0f,1f],start_interpolation: 0,interpolation_duration: 1}
$data merge entity $(bone_10) {transformation: [-0.9978f,0.0337f,0.0364f,0.2572f,0.0157f,0.911f,-0.4117f,1.4993f,-0.0471f,-0.4111f,-0.9095f,-1.1021f,0f,0f,0f,1f],start_interpolation: 0,interpolation_duration: 1}
$data merge entity $(bone_9) {transformation: [-0.9988f,0.0045f,0.0494f,0.2589f,0.0157f,0.9736f,0.2276f,1.8492f,-0.0471f,0.2281f,-0.9725f,-1.0201f,0f,0f,0f,1f],start_interpolation: 0,interpolation_duration: 1}
$data merge entity $(item_display_item_display) {transformation: [-0.1978f,0.1361f,-0.9585f,-0.1395f,-0.3888f,0.886f,0.2055f,1.7816f,0.8887f,0.4179f,-0.1234f,-0.4515f,0f,0f,0f,1f],start_interpolation: 0,interpolation_duration: 1}
$data merge entity $(bone_2) {transformation: [0.9585f,0.1217f,0.207f,-0.1456f,-0.2055f,-0.022f,0.9673f,1.5315f,0.1234f,-0.9821f,0.0032f,-0.8205f,0f,0f,0f,1f],start_interpolation: 0,interpolation_duration: 1}
$data merge entity $(bone_1) {transformation: [0.9595f,0.1978f,0.1361f,-0.0767f,-0.2057f,0.3888f,0.886f,1.6707f,0.1235f,-0.8887f,0.4179f,-1.1234f,0f,0f,0f,1f],start_interpolation: 0,interpolation_duration: 1}
$data merge entity $(bone_4) {transformation: [-0.8616f,-0.0558f,0.481f,0.6718f,-0.4804f,-0.026f,-0.8658f,1.5502f,0.0653f,-0.9961f,0.0027f,-0.8536f,0f,0f,0f,1f],start_interpolation: 0,interpolation_duration: 1}
$data merge entity $(bone_3) {transformation: [-0.8625f,-0.2538f,0.4123f,0.5925f,-0.4809f,0.3423f,-0.7956f,1.6571f,0.0653f,-0.9039f,-0.4185f,-1.1361f,0f,0f,0f,1f],start_interpolation: 0,interpolation_duration: 1}
$data merge entity $(bone_8) {transformation: [-0.9915f,0.0311f,0.1182f,0.0859f,-0.0496f,0.7828f,-0.6194f,0.957f,-0.1115f,-0.6214f,-0.7749f,-0.6739f,0f,0f,0f,1f],start_interpolation: 0,interpolation_duration: 1}
$data merge entity $(bone_7) {transformation: [-0.9915f,0.074f,0.0973f,0.1113f,-0.0496f,0.4861f,-0.8718f,1.1242f,-0.1115f,-0.8707f,-0.4781f,-0.9732f,0f,0f,0f,1f],start_interpolation: 0,interpolation_duration: 1}
data modify entity @s data merge value {"cameras":{"camera1":{"px":-1.1875,"py":1,"pz":0.8124999999999999,"ry":230,"rx":-23.790000000000003}},"locators":{}}