# This file was generated by Animated Java via MC-Build. It is not recommended to edit this file directly.
$data merge entity $(bone_layer) {transformation: [-1.0009f,0.0191f,0.0022f,0.2649f,0.0154f,0.8645f,-0.5043f,1.8808f,-0.0115f,-0.5042f,-0.8647f,-2.3053f,0f,0f,0f,1f],start_interpolation: 0,interpolation_duration: 1}
$data merge entity $(bone_l_1) {transformation: [-0.8999f,0.0172f,0.0022f,0.1668f,0.0138f,0.7773f,-0.5038f,2.1092f,-0.0104f,-0.4533f,-0.8638f,-2.1656f,0f,0f,0f,1f],start_interpolation: 0,interpolation_duration: 1}
$data merge entity $(bone_eye_l) {transformation: [-0.9999f,0.0191f,0.0022f,0.2649f,0.0154f,0.8637f,-0.5038f,1.8745f,-0.0115f,-0.5037f,-0.8638f,-2.3161f,0f,0f,0f,1f],start_interpolation: 0,interpolation_duration: 1}
$data merge entity $(bone_r_1) {transformation: [-0.8999f,0.0172f,0.0022f,0.3667f,0.0138f,0.7773f,-0.5038f,2.1124f,-0.0104f,-0.4533f,-0.8638f,-2.1525f,0f,0f,0f,1f],start_interpolation: 0,interpolation_duration: 1}
$data merge entity $(bone_eye_r) {transformation: [-0.9999f,0.0191f,0.0022f,0.3917f,0.0154f,0.8637f,-0.5038f,2.1089f,-0.0115f,-0.5037f,-0.8638f,-2.1576f,0f,0f,0f,1f],start_interpolation: 0,interpolation_duration: 1}
$data merge entity $(bone_eyes_down) {transformation: [-0.9999f,0.0191f,0.0022f,0.2655f,0.0154f,0.8637f,-0.5038f,1.9078f,-0.0115f,-0.5037f,-0.8638f,-2.321f,0f,0f,0f,1f],start_interpolation: 0,interpolation_duration: 1}
$data merge entity $(bone_eyes_up) {transformation: [-0.9999f,0.0191f,0.0022f,0.2691f,0.0154f,0.8637f,-0.5038f,2.0698f,-0.0115f,-0.5037f,-0.8638f,-2.4155f,0f,0f,0f,1f],start_interpolation: 0,interpolation_duration: 1}
$data merge entity $(bone_bone) {transformation: [-0.9999f,0.0191f,0.0022f,0.2649f,0.0154f,0.8637f,-0.5038f,1.8808f,-0.0115f,-0.5037f,-0.8638f,-2.3053f,0f,0f,0f,1f],start_interpolation: 0,interpolation_duration: 1}
$data merge entity $(bone_l) {transformation: [-0.9983f,-0.0447f,0.0022f,0.1435f,-0.0526f,0.6467f,-0.5038f,2.1981f,0.0281f,-0.3773f,-0.8638f,-2.194f,0f,0f,0f,1f],start_interpolation: 0,interpolation_duration: 1}
$data merge entity $(bone_r) {transformation: [-0.9953f,0.0732f,0.0022f,0.3934f,0.0832f,0.6449f,-0.5038f,2.1943f,-0.0511f,-0.3759f,-0.8638f,-2.1911f,0f,0f,0f,1f],start_interpolation: 0,interpolation_duration: 1}
$data merge entity $(bone_sad) {transformation: [-0.9999f,0.0191f,0.0022f,0.1874f,0.0154f,0.8637f,-0.5038f,2.0698f,-0.0115f,-0.5037f,-0.8638f,-2.1082f,0f,0f,0f,1f],start_interpolation: 0,interpolation_duration: 1}
$data merge entity $(bone_head) {transformation: [-0.9999f,0.0191f,0.0022f,0.2649f,0.0154f,0.8637f,-0.5038f,1.8808f,-0.0115f,-0.5037f,-0.8638f,-2.3053f,0f,0f,0f,1f],start_interpolation: 0,interpolation_duration: 1}
$data merge entity $(bone_6) {transformation: [-0.991f,-0.0529f,-0.1143f,0.3872f,0.0262f,0.8008f,-0.5974f,1.0726f,0.1232f,-0.5965f,-0.7926f,-1.77f,0f,0f,0f,1f],start_interpolation: 0,interpolation_duration: 1}
$data merge entity $(bone_12) {transformation: [-0.991f,-0.0775f,-0.0993f,0.3605f,0.0262f,0.6442f,-0.7636f,1.2927f,0.1232f,-0.7609f,-0.6364f,-2.0314f,0f,0f,0f,1f],start_interpolation: 0,interpolation_duration: 1}
$data merge entity $(bone_10) {transformation: [-0.9986f,0.0217f,0.018f,0.2584f,0.0089f,0.8489f,-0.5279f,1.6168f,-0.0267f,-0.5281f,-0.8479f,-2.1753f,0f,0f,0f,1f],start_interpolation: 0,interpolation_duration: 1}
$data merge entity $(bone_9) {transformation: [-0.9996f,0.0184f,0.0214f,0.265f,0.0089f,0.9257f,-0.378f,1.9494f,-0.0268f,-0.3777f,-0.9255f,-2.311f,0f,0f,0f,1f],start_interpolation: 0,interpolation_duration: 1}
$data merge entity $(item_display_item_display) {transformation: [-0.2063f,0.2052f,-0.9444f,-0.1118f,-0.2361f,0.9267f,0.2523f,1.9773f,0.939f,0.2781f,-0.144f,-1.6994f,0f,0f,0f,1f],start_interpolation: 0,interpolation_duration: 1}
$data merge entity $(bone_2) {transformation: [0.9444f,0.1003f,0.2731f,-0.1425f,-0.2523f,-0.1776f,0.9396f,1.6758f,0.144f,-0.9686f,-0.1448f,-2.0264f,0f,0f,0f,1f],start_interpolation: 0,interpolation_duration: 1}
$data merge entity $(bone_1) {transformation: [0.9453f,0.2063f,0.2052f,-0.0703f,-0.2525f,0.2361f,0.9267f,1.7628f,0.1442f,-0.939f,0.2781f,-2.3475f,0f,0f,0f,1f],start_interpolation: 0,interpolation_duration: 1}
$data merge entity $(bone_4) {transformation: [-0.8885f,-0.1201f,0.4159f,0.6936f,-0.4306f,0.1419f,-0.8823f,1.6731f,0.0511f,-0.9805f,-0.1715f,-2.0597f,0f,0f,0f,1f],start_interpolation: 0,interpolation_duration: 1}
$data merge entity $(bone_3) {transformation: [-0.8894f,-0.2846f,0.3261f,0.6047f,-0.4311f,0.5015f,-0.7397f,1.8298f,0.0512f,-0.8162f,-0.5698f,-2.3147f,0f,0f,0f,1f],start_interpolation: 0,interpolation_duration: 1}
$data merge entity $(bone_8) {transformation: [-0.9968f,0.0675f,0.0016f,0.0964f,0.0411f,0.6272f,-0.7767f,1.1935f,-0.0532f,-0.7758f,-0.6284f,-1.6753f,0f,0f,0f,1f],start_interpolation: 0,interpolation_duration: 1}
$data merge entity $(bone_7) {transformation: [-0.9968f,0.0631f,-0.0242f,0.1181f,0.0411f,0.2857f,-0.9566f,1.2909f,-0.0532f,-0.9562f,-0.2871f,-2.0042f,0f,0f,0f,1f],start_interpolation: 0,interpolation_duration: 1}
data modify entity @s data merge value {"cameras":{"camera1":{"px":-1.1875,"py":1,"pz":0.8124999999999999,"ry":228.58437500000002,"rx":-18.261875}},"locators":{}}