# This file was generated by Animated Java via MC-Build. It is not recommended to edit this file directly.
$data merge entity $(bone_layer) {transformation: [-0.6859f,0.2601f,0.6811f,0.1852f,0.2518f,0.9621f,-0.1139f,1.6066f,-0.6843f,0.0932f,-0.7246f,0.0391f,0f,0f,0f,1f],start_interpolation: 0,interpolation_duration: 1}
$data merge entity $(bone_l_1) {transformation: [-0.6167f,0.2339f,0.6804f,-0.0118f,0.2264f,0.865f,-0.1138f,1.8102f,-0.6153f,0.0838f,-0.7239f,0.1652f,0f,0f,0f,1f],start_interpolation: 0,interpolation_duration: 1}
$data merge entity $(bone_eye_l) {transformation: [-0.6853f,0.2599f,0.6804f,0.1852f,0.2515f,0.9611f,-0.1138f,1.6066f,-0.6836f,0.0931f,-0.7239f,0.0391f,0f,0f,0f,1f],start_interpolation: 0,interpolation_duration: 1}
$data merge entity $(bone_r_1) {transformation: [-0.6167f,0.2339f,0.6804f,0.1256f,0.2264f,0.865f,-0.1138f,1.7598f,-0.6153f,0.0838f,-0.7239f,0.3015f,0f,0f,0f,1f],start_interpolation: 0,interpolation_duration: 1}
$data merge entity $(bone_eye_r) {transformation: [-0.6853f,0.2599f,0.6804f,0.1389f,0.2515f,0.9611f,-0.1138f,1.7228f,-0.6836f,0.0931f,-0.7239f,0.3112f,0f,0f,0f,1f],start_interpolation: 0,interpolation_duration: 1}
$data merge entity $(bone_eyes_down) {transformation: [-0.6853f,0.2599f,0.6804f,0.2095f,0.2515f,0.9611f,-0.1138f,1.6967f,-0.6836f,0.0931f,-0.7239f,0.0479f,0f,0f,0f,1f],start_interpolation: 0,interpolation_duration: 1}
$data merge entity $(bone_eyes_up) {transformation: [-0.6853f,0.2599f,0.6804f,0.242f,0.2515f,0.9611f,-0.1138f,1.8168f,-0.6836f,0.0931f,-0.7239f,0.0595f,0f,0f,0f,1f],start_interpolation: 0,interpolation_duration: 1}
$data merge entity $(bone_bone) {transformation: [-0.6853f,0.2599f,0.6804f,0.1852f,0.2515f,0.9611f,-0.1138f,1.6066f,-0.6836f,0.0931f,-0.7239f,0.0391f,0f,0f,0f,1f],start_interpolation: 0,interpolation_duration: 1}
$data merge entity $(bone_l) {transformation: [-0.6733f,0.2171f,0.6804f,-0.0209f,0.2932f,0.7119f,-0.1138f,1.8669f,-0.6789f,0.0921f,-0.7239f,0.1585f,0f,0f,0f,1f],start_interpolation: 0,interpolation_duration: 1}
$data merge entity $(bone_r) {transformation: [-0.6959f,0.1723f,0.6804f,0.1505f,0.2094f,0.7284f,-0.1138f,1.8041f,-0.687f,0.0474f,-0.7239f,0.3294f,0f,0f,0f,1f],start_interpolation: 0,interpolation_duration: 1}
$data merge entity $(bone_sad) {transformation: [-0.6853f,0.2599f,0.6804f,-0.0329f,0.2515f,0.9611f,-0.1138f,1.7165f,-0.6836f,0.0931f,-0.7239f,0.1838f,0f,0f,0f,1f],start_interpolation: 0,interpolation_duration: 1}
$data merge entity $(bone_head) {transformation: [-0.6853f,0.2599f,0.6804f,0.1852f,0.2515f,0.9611f,-0.1138f,1.6066f,-0.6836f,0.0931f,-0.7239f,0.0391f,0f,0f,0f,1f],start_interpolation: 0,interpolation_duration: 1}
$data merge entity $(bone_6) {transformation: [-0.78f,-0.0745f,0.6199f,0.147f,0.0975f,0.9656f,0.2398f,0.689f,-0.6165f,0.247f,-0.7465f,-0.0897f,0f,0f,0f,1f],start_interpolation: 0,interpolation_duration: 1}
$data merge entity $(bone_12) {transformation: [-0.78f,0.3876f,0.4895f,0.2802f,0.0975f,0.8504f,-0.5165f,0.9813f,-0.6165f,-0.3559f,-0.7011f,-0.212f,0f,0f,0f,1f],start_interpolation: 0,interpolation_duration: 1}
$data merge entity $(bone_10) {transformation: [-0.693f,0.2109f,0.688f,0.2366f,0.328f,0.9437f,0.0417f,1.3206f,-0.6404f,0.255f,-0.7231f,-0.143f,0f,0f,0f,1f],start_interpolation: 0,interpolation_duration: 1}
$data merge entity $(bone_9) {transformation: [-0.6937f,-0.0673f,0.7171f,0.2124f,0.3283f,0.8566f,0.398f,1.6285f,-0.6411f,0.5115f,-0.5721f,0.0408f,0f,0f,0f,1f],start_interpolation: 0,interpolation_duration: 1}
$data merge entity $(item_display_item_display) {transformation: [-0.9574f,-0.1633f,-0.1912f,-0.3607f,-0.2276f,0.2392f,0.9314f,1.5803f,-0.1077f,0.9456f,-0.2686f,0.1478f,0f,0f,0f,1f],start_interpolation: 0,interpolation_duration: 1}
$data merge entity $(bone_2) {transformation: [0.1912f,0.7925f,0.5615f,-0.2039f,-0.9314f,-0.0082f,0.3301f,1.4947f,0.2686f,-0.5925f,0.7448f,-0.2607f,0f,0f,0f,1f],start_interpolation: 0,interpolation_duration: 1}
$data merge entity $(bone_1) {transformation: [0.1914f,0.9664f,-0.097f,0.1277f,-0.9323f,0.2106f,0.2543f,1.5687f,0.2689f,0.0423f,0.9508f,-0.2402f,0f,0f,0f,1f],start_interpolation: 0,interpolation_duration: 1}
$data merge entity $(bone_4) {transformation: [-0.4697f,0.7635f,0.4175f,0.4457f,-0.4664f,0.1833f,-0.8646f,1.1886f,-0.737f,-0.6018f,0.2693f,0.3151f,0f,0f,0f,1f],start_interpolation: 0,interpolation_duration: 1}
$data merge entity $(bone_3) {transformation: [-0.4702f,-0.022f,0.8699f,0.4389f,-0.4669f,0.8527f,-0.2325f,1.4551f,-0.7377f,-0.5148f,-0.4119f,0.1543f,0f,0f,0f,1f],start_interpolation: 0,interpolation_duration: 1}
$data merge entity $(bone_8) {transformation: [-0.5382f,0.0447f,0.8414f,-0.2194f,0.4901f,0.8277f,0.2699f,0.9675f,-0.6842f,0.5577f,-0.468f,-0.174f,0f,0f,0f,1f],start_interpolation: 0,interpolation_duration: 1}
$data merge entity $(bone_7) {transformation: [-0.5382f,0.8238f,-0.1768f,0.0638f,0.4901f,0.136f,-0.8599f,1.0143f,-0.6842f,-0.5501f,-0.4768f,-0.3631f,0f,0f,0f,1f],start_interpolation: 0,interpolation_duration: 1}
data modify entity @s data merge value {"cameras":{"camera1":{"px":2.3206249999999997,"py":0.898125,"pz":2.0450000000000004,"ry":125.19,"rx":-17.600000000000005}},"locators":{}}