# This file was generated by Animated Java via MC-Build. It is not recommended to edit this file directly.
$data merge entity $(bone_layer) {transformation: [-1.0011f,0f,0f,0.25f,0f,0.2167f,-0.9773f,1.8691f,0f,-0.9773f,-0.2167f,-3.6166f,0f,0f,0f,1f],start_interpolation: 0,interpolation_duration: 1}
$data merge entity $(bone_l_1) {transformation: [-0.9001f,0f,0f,0.15f,0f,0.1948f,-0.9763f,2.1265f,0f,-0.8787f,-0.2164f,-3.6875f,0f,0f,0f,1f],start_interpolation: 0,interpolation_duration: 1}
$data merge entity $(bone_eye_l) {transformation: [-1.0001f,0f,0f,0.25f,0f,0.2164f,-0.9763f,1.8569f,0f,-0.9763f,-0.2164f,-3.6193f,0f,0f,0f,1f],start_interpolation: 0,interpolation_duration: 1}
$data merge entity $(bone_r_1) {transformation: [-0.9001f,0f,0f,0.35f,0f,0.1948f,-0.9763f,2.1387f,0f,-0.8787f,-0.2164f,-3.6848f,0f,0f,0f,1f],start_interpolation: 0,interpolation_duration: 1}
$data merge entity $(bone_eye_r) {transformation: [-1.0001f,0f,0f,0.375f,0f,0.2164f,-0.9763f,2.1326f,0f,-0.9763f,-0.2164f,-3.6862f,0f,0f,0f,1f],start_interpolation: 0,interpolation_duration: 1}
$data merge entity $(bone_eyes_down) {transformation: [-1.0001f,0f,0f,0.25f,0f,0.2164f,-0.9763f,1.8759f,0f,-0.9763f,-0.2164f,-3.6471f,0f,0f,0f,1f],start_interpolation: 0,interpolation_duration: 1}
$data merge entity $(bone_eyes_up) {transformation: [-1.0001f,0f,0f,0.25f,0f,0.2164f,-0.9763f,1.9165f,0f,-0.9763f,-0.2164f,-3.8301f,0f,0f,0f,1f],start_interpolation: 0,interpolation_duration: 1}
$data merge entity $(bone_bone) {transformation: [-1.0001f,0f,0f,0.25f,0f,0.2164f,-0.9763f,1.8691f,0f,-0.9763f,-0.2164f,-3.6166f,0f,0f,0f,1f],start_interpolation: 0,interpolation_duration: 1}
$data merge entity $(bone_l) {transformation: [-0.9988f,-0.0388f,0f,0.125f,-0.0112f,0.1621f,-0.9763f,2.1631f,0.0506f,-0.7312f,-0.2164f,-3.7588f,0f,0f,0f,1f],start_interpolation: 0,interpolation_duration: 1}
$data merge entity $(bone_r) {transformation: [-0.9988f,0.0388f,0f,0.375f,0.0112f,0.1621f,-0.9763f,2.1631f,-0.0506f,-0.7312f,-0.2164f,-3.7588f,0f,0f,0f,1f],start_interpolation: 0,interpolation_duration: 1}
$data merge entity $(bone_sad) {transformation: [-1.0001f,0f,0f,0.1719f,0f,0.2164f,-0.9763f,2.142f,0f,-0.9763f,-0.2164f,-3.6201f,0f,0f,0f,1f],start_interpolation: 0,interpolation_duration: 1}
$data merge entity $(bone_head) {transformation: [-1.0001f,0f,0f,0.25f,0f,0.2164f,-0.9763f,1.8691f,0f,-0.9763f,-0.2164f,-3.6166f,0f,0f,0f,1f],start_interpolation: 0,interpolation_duration: 1}
$data merge entity $(bone_6) {transformation: [-0.9883f,-0.0909f,-0.1143f,0.406f,-0.0351f,0.9077f,-0.4173f,1.1978f,0.1417f,-0.4096f,-0.9005f,-2.8947f,0f,0f,0f,1f],start_interpolation: 0,interpolation_duration: 1}
$data merge entity $(bone_12) {transformation: [-0.9883f,-0.1174f,-0.0869f,0.3657f,-0.0351f,0.7687f,-0.638f,1.4587f,0.1417f,-0.6287f,-0.7638f,-3.111f,0f,0f,0f,1f],start_interpolation: 0,interpolation_duration: 1}
$data merge entity $(bone_10) {transformation: [-0.999f,0f,0f,0.25f,0f,0.7373f,-0.6749f,1.7179f,0f,-0.6756f,-0.7365f,-3.3364f,0f,0f,0f,1f],start_interpolation: 0,interpolation_duration: 1}
$data merge entity $(bone_9) {transformation: [-1f,0f,0f,0.25f,0f,0.5373f,-0.8434f,1.911f,0f,-0.8434f,-0.5373f,-3.6395f,0f,0f,0f,1f],start_interpolation: 0,interpolation_duration: 1}
$data merge entity $(item_display_item_display) {transformation: [-0.2462f,0.2555f,-0.9223f,-0.1262f,-0.1214f,0.9372f,0.2914f,2.0343f,0.9512f,0.1857f,-0.2015f,-2.9901f,0f,0f,0f,1f],start_interpolation: 0,interpolation_duration: 1}
$data merge entity $(bone_2) {transformation: [0.9223f,0.1152f,0.3356f,-0.1669f,-0.2914f,-0.2861f,0.9007f,1.7018f,0.2015f,-0.9406f,-0.2336f,-3.2844f,0f,0f,0f,1f],start_interpolation: 0,interpolation_duration: 1}
$data merge entity $(bone_1) {transformation: [0.9232f,0.2462f,0.2555f,-0.0807f,-0.2916f,0.1214f,0.9372f,1.7494f,0.2017f,-0.9512f,0.1857f,-3.6102f,0f,0f,0f,1f],start_interpolation: 0,interpolation_duration: 1}
$data merge entity $(bone_4) {transformation: [-0.912f,-0.1286f,0.3582f,0.6755f,-0.3816f,0.3299f,-0.8566f,1.6754f,-0.0044f,-0.9331f,-0.3447f,-3.4033f,0f,0f,0f,1f],start_interpolation: 0,interpolation_duration: 1}
$data merge entity $(bone_3) {transformation: [-0.913f,-0.2679f,0.2703f,0.5917f,-0.3819f,0.661f,-0.6369f,1.882f,-0.0044f,-0.7f,-0.7067f,-3.622f,0f,0f,0f,1f],start_interpolation: 0,interpolation_duration: 1}
$data merge entity $(bone_8) {transformation: [-0.9894f,0.1266f,-0.0571f,0.0856f,0.1118f,0.4841f,-0.8668f,1.3813f,-0.0817f,-0.8657f,-0.4935f,-2.7622f,0f,0f,0f,1f],start_interpolation: 0,interpolation_duration: 1}
$data merge entity $(bone_7) {transformation: [-0.9894f,0.0958f,-0.1005f,0.1184f,0.1118f,0.123f,-0.9851f,1.4218f,-0.0817f,-0.9877f,-0.1321f,-3.1019f,0f,0f,0f,1f],start_interpolation: 0,interpolation_duration: 1}
data modify entity @s data merge value {"cameras":{"camera1":{"px":-1.1875,"py":1,"pz":0.8124999999999999,"ry":226.94,"rx":-10.000000000000002}},"locators":{}}