# This file was generated by Animated Java via MC-Build. It is not recommended to edit this file directly.
$data merge entity $(bone_layer) {transformation: [-1.0011f,-0.0011f,0.0006f,0.2489f,-0.0008f,0.1846f,-0.9838f,1.864f,0.001f,-0.9838f,-0.1846f,-3.7006f,0f,0f,0f,1f],start_interpolation: 0,interpolation_duration: 1}
$data merge entity $(bone_l_1) {transformation: [-0.9001f,-0.001f,0.0006f,0.1486f,-0.0008f,0.166f,-0.9828f,2.1189f,0.0009f,-0.8846f,-0.1844f,-3.7799f,0f,0f,0f,1f],start_interpolation: 0,interpolation_duration: 1}
$data merge entity $(bone_eye_l) {transformation: [-1.0001f,-0.0011f,0.0006f,0.2489f,-0.0008f,0.1844f,-0.9828f,1.8517f,0.001f,-0.9828f,-0.1844f,-3.7029f,0f,0f,0f,1f],start_interpolation: 0,interpolation_duration: 1}
$data merge entity $(bone_r_1) {transformation: [-0.9001f,-0.001f,0.0006f,0.3486f,-0.0008f,0.166f,-0.9828f,2.1313f,0.0009f,-0.8846f,-0.1844f,-3.7778f,0f,0f,0f,1f],start_interpolation: 0,interpolation_duration: 1}
$data merge entity $(bone_eye_r) {transformation: [-1.0001f,-0.0011f,0.0006f,0.3736f,-0.0008f,0.1844f,-0.9828f,2.1252f,0.001f,-0.9828f,-0.1844f,-3.779f,0f,0f,0f,1f],start_interpolation: 0,interpolation_duration: 1}
$data merge entity $(bone_eyes_down) {transformation: [-1.0001f,-0.0011f,0.0006f,0.2488f,-0.0008f,0.1844f,-0.9828f,1.8698f,0.001f,-0.9828f,-0.1844f,-3.7314f,0f,0f,0f,1f],start_interpolation: 0,interpolation_duration: 1}
$data merge entity $(bone_eyes_up) {transformation: [-1.0001f,-0.0011f,0.0006f,0.2486f,-0.0008f,0.1844f,-0.9828f,1.9044f,0.001f,-0.9828f,-0.1844f,-3.9156f,0f,0f,0f,1f],start_interpolation: 0,interpolation_duration: 1}
$data merge entity $(bone_bone) {transformation: [-1.0001f,-0.0011f,0.0006f,0.2489f,-0.0008f,0.1844f,-0.9828f,1.864f,0.001f,-0.9828f,-0.1844f,-3.7006f,0f,0f,0f,1f],start_interpolation: 0,interpolation_duration: 1}
$data merge entity $(bone_l) {transformation: [-0.9999f,-0.0164f,0.0006f,0.1235f,-0.0047f,0.1383f,-0.9828f,2.1506f,0.0214f,-0.737f,-0.1844f,-3.839f,0f,0f,0f,1f],start_interpolation: 0,interpolation_duration: 1}
$data merge entity $(bone_r) {transformation: [-0.9999f,0.0148f,0.0006f,0.3735f,0.003f,0.1383f,-0.9828f,2.1508f,-0.0194f,-0.737f,-0.1844f,-3.8392f,0f,0f,0f,1f],start_interpolation: 0,interpolation_duration: 1}
$data merge entity $(bone_sad) {transformation: [-1.0001f,-0.0011f,0.0006f,0.1705f,-0.0008f,0.1844f,-0.9828f,2.1365f,0.001f,-0.9828f,-0.1844f,-3.713f,0f,0f,0f,1f],start_interpolation: 0,interpolation_duration: 1}
$data merge entity $(bone_head) {transformation: [-1.0001f,-0.0011f,0.0006f,0.2489f,-0.0008f,0.1844f,-0.9828f,1.864f,0.001f,-0.9828f,-0.1844f,-3.7006f,0f,0f,0f,1f],start_interpolation: 0,interpolation_duration: 1}
$data merge entity $(bone_6) {transformation: [-0.9882f,-0.0887f,-0.1168f,0.4054f,-0.0343f,0.9144f,-0.4023f,1.213f,0.1425f,-0.3947f,-0.907f,-2.9628f,0f,0f,0f,1f],start_interpolation: 0,interpolation_duration: 1}
$data merge entity $(bone_12) {transformation: [-0.9882f,-0.1176f,-0.0876f,0.3651f,-0.0343f,0.767f,-0.6401f,1.471f,0.1425f,-0.6308f,-0.7619f,-3.1799f,0f,0f,0f,1f],start_interpolation: 0,interpolation_duration: 1}
$data merge entity $(bone_10) {transformation: [-0.999f,-0.0013f,-0.0007f,0.2493f,-0.0005f,0.7278f,-0.6851f,1.7192f,0.0014f,-0.6858f,-0.7271f,-3.4172f,0f,0f,0f,1f],start_interpolation: 0,interpolation_duration: 1}
$data merge entity $(bone_9) {transformation: [-1f,-0.0014f,-0.0003f,0.2488f,-0.0005f,0.5182f,-0.8553f,1.9054f,0.0014f,-0.8553f,-0.5182f,-3.7245f,0f,0f,0f,1f],start_interpolation: 0,interpolation_duration: 1}
$data merge entity $(item_display_item_display) {transformation: [-0.2542f,0.2554f,-0.9202f,-0.132f,-0.1292f,0.9351f,0.2946f,2.0303f,0.948f,0.196f,-0.2066f,-3.0699f,0f,0f,0f,1f],start_interpolation: 0,interpolation_duration: 1}
$data merge entity $(bone_2) {transformation: [0.9202f,0.1225f,0.3389f,-0.1708f,-0.2946f,-0.2781f,0.9021f,1.7004f,0.2066f,-0.942f,-0.223f,-3.3674f,0f,0f,0f,1f],start_interpolation: 0,interpolation_duration: 1}
$data merge entity $(bone_1) {transformation: [0.9211f,0.2542f,0.2554f,-0.0818f,-0.2949f,0.1292f,0.9351f,1.7507f,0.2068f,-0.948f,0.196f,-3.6921f,0f,0f,0f,1f],start_interpolation: 0,interpolation_duration: 1}
$data merge entity $(bone_4) {transformation: [-0.9138f,-0.1308f,0.3527f,0.6747f,-0.3771f,0.3492f,-0.8512f,1.6701f,-0.0083f,-0.9257f,-0.3634f,-3.4935f,0f,0f,0f,1f],start_interpolation: 0,interpolation_duration: 1}
$data merge entity $(bone_3) {transformation: [-0.9148f,-0.2676f,0.2644f,0.5911f,-0.3775f,0.6762f,-0.6238f,1.8814f,-0.0083f,-0.6854f,-0.7206f,-3.7077f,0f,0f,0f,1f],start_interpolation: 0,interpolation_duration: 1}
$data merge entity $(bone_8) {transformation: [-0.989f,0.1321f,-0.0515f,0.0828f,0.1106f,0.4938f,-0.8615f,1.3874f,-0.088f,-0.8594f,-0.5033f,-2.8337f,0f,0f,0f,1f],start_interpolation: 0,interpolation_duration: 1}
$data merge entity $(bone_7) {transformation: [-0.989f,0.1035f,-0.0969f,0.118f,0.1106f,0.1383f,-0.9833f,1.4318f,-0.088f,-0.9849f,-0.1479f,-3.1724f,0f,0f,0f,1f],start_interpolation: 0,interpolation_duration: 1}