# This file was generated by Animated Java via MC-Build. It is not recommended to edit this file directly.
$data merge entity $(bone_layer) {transformation: [-1.0011f,-0.002f,0.0012f,0.2479f,-0.0016f,0.1619f,-0.9878f,1.8635f,0.0018f,-0.9878f,-0.1619f,-3.7693f,0f,0f,0f,1f],start_interpolation: 0,interpolation_duration: 1}
$data merge entity $(bone_l_1) {transformation: [-0.9001f,-0.0018f,0.0012f,0.1474f,-0.0014f,0.1456f,-0.9868f,2.1164f,0.0016f,-0.8881f,-0.1617f,-3.8543f,0f,0f,0f,1f],start_interpolation: 0,interpolation_duration: 1}
$data merge entity $(bone_eye_l) {transformation: [-1.0001f,-0.002f,0.0012f,0.2479f,-0.0016f,0.1617f,-0.9868f,1.8512f,0.0018f,-0.9868f,-0.1617f,-3.7714f,0f,0f,0f,1f],start_interpolation: 0,interpolation_duration: 1}
$data merge entity $(bone_r_1) {transformation: [-0.9001f,-0.0018f,0.0012f,0.3474f,-0.0014f,0.1456f,-0.9868f,2.129f,0.0016f,-0.8881f,-0.1617f,-3.8527f,0f,0f,0f,1f],start_interpolation: 0,interpolation_duration: 1}
$data merge entity $(bone_eye_r) {transformation: [-1.0001f,-0.002f,0.0012f,0.3724f,-0.0016f,0.1617f,-0.9868f,2.1229f,0.0018f,-0.9868f,-0.1617f,-3.8537f,0f,0f,0f,1f],start_interpolation: 0,interpolation_duration: 1}
$data merge entity $(bone_eyes_down) {transformation: [-1.0001f,-0.002f,0.0012f,0.2479f,-0.0016f,0.1617f,-0.9868f,1.8686f,0.0018f,-0.9868f,-0.1617f,-3.8002f,0f,0f,0f,1f],start_interpolation: 0,interpolation_duration: 1}
$data merge entity $(bone_eyes_up) {transformation: [-1.0001f,-0.002f,0.0012f,0.2475f,-0.0016f,0.1617f,-0.9868f,1.8989f,0.0018f,-0.9868f,-0.1617f,-3.9852f,0f,0f,0f,1f],start_interpolation: 0,interpolation_duration: 1}
$data merge entity $(bone_bone) {transformation: [-1.0001f,-0.002f,0.0012f,0.2479f,-0.0016f,0.1617f,-0.9868f,1.8635f,0.0018f,-0.9868f,-0.1617f,-3.7693f,0f,0f,0f,1f],start_interpolation: 0,interpolation_duration: 1}
$data merge entity $(bone_l) {transformation: [-1.0001f,-0.0015f,0.0012f,0.1222f,-0.0016f,0.1213f,-0.9868f,2.1452f,0.0018f,-0.7401f,-0.1617f,-3.905f,0f,0f,0f,1f],start_interpolation: 0,interpolation_duration: 1}
$data merge entity $(bone_r) {transformation: [-1.0001f,-0.0015f,0.0012f,0.3723f,-0.0016f,0.1213f,-0.9868f,2.1456f,0.0018f,-0.7401f,-0.1617f,-3.9054f,0f,0f,0f,1f],start_interpolation: 0,interpolation_duration: 1}
$data merge entity $(bone_sad) {transformation: [-1.0001f,-0.002f,0.0012f,0.1693f,-0.0016f,0.1617f,-0.9868f,2.1356f,0.0018f,-0.9868f,-0.1617f,-3.7879f,0f,0f,0f,1f],start_interpolation: 0,interpolation_duration: 1}
$data merge entity $(bone_head) {transformation: [-1.0001f,-0.002f,0.0012f,0.2479f,-0.0016f,0.1617f,-0.9868f,1.8635f,0.0018f,-0.9868f,-0.1617f,-3.7693f,0f,0f,0f,1f],start_interpolation: 0,interpolation_duration: 1}
$data merge entity $(bone_6) {transformation: [-0.9881f,-0.0858f,-0.1195f,0.4046f,-0.0331f,0.9213f,-0.3863f,1.2318f,0.1432f,-0.3789f,-0.9136f,-3.0158f,0f,0f,0f,1f],start_interpolation: 0,interpolation_duration: 1}
$data merge entity $(bone_12) {transformation: [-0.9881f,-0.1179f,-0.0879f,0.3644f,-0.0331f,0.7613f,-0.6469f,1.4852f,0.1432f,-0.6376f,-0.7561f,-3.2353f,0f,0f,0f,1f],start_interpolation: 0,interpolation_duration: 1}
$data merge entity $(bone_10) {transformation: [-0.999f,-0.0023f,-0.0012f,0.2488f,-0.0008f,0.7147f,-0.6988f,1.7236f,0.0025f,-0.6995f,-0.7139f,-3.4834f,0f,0f,0f,1f],start_interpolation: 0,interpolation_duration: 1}
$data merge entity $(bone_9) {transformation: [-1f,-0.0026f,-0.0005f,0.2478f,-0.0008f,0.5033f,-0.8641f,1.9045f,0.0025f,-0.8641f,-0.5033f,-3.7939f,0f,0f,0f,1f],start_interpolation: 0,interpolation_duration: 1}
$data merge entity $(item_display_item_display) {transformation: [-0.2638f,0.2526f,-0.9183f,-0.1398f,-0.1435f,0.9323f,0.297f,2.0281f,0.9434f,0.2124f,-0.2116f,-3.1338f,0f,0f,0f,1f],start_interpolation: 0,interpolation_duration: 1}
$data merge entity $(bone_2) {transformation: [0.9183f,0.1323f,0.3404f,-0.1752f,-0.297f,-0.264f,0.9056f,1.7027f,0.2116f,-0.9447f,-0.2062f,-3.4365f,0f,0f,0f,1f],start_interpolation: 0,interpolation_duration: 1}
$data merge entity $(bone_1) {transformation: [0.9192f,0.2638f,0.2526f,-0.083f,-0.2973f,0.1435f,0.9323f,1.7579f,0.2118f,-0.9434f,0.2124f,-3.7595f,0f,0f,0f,1f],start_interpolation: 0,interpolation_duration: 1}
$data merge entity $(bone_4) {transformation: [-0.9161f,-0.1342f,0.3456f,0.6745f,-0.3716f,0.3709f,-0.8447f,1.6681f,-0.0114f,-0.9168f,-0.3847f,-3.5683f,0f,0f,0f,1f],start_interpolation: 0,interpolation_duration: 1}
$data merge entity $(bone_3) {transformation: [-0.917f,-0.2676f,0.2565f,0.5909f,-0.372f,0.6931f,-0.6088f,1.8847f,-0.0114f,-0.6683f,-0.7361f,-3.7772f,0f,0f,0f,1f],start_interpolation: 0,interpolation_duration: 1}
$data merge entity $(bone_8) {transformation: [-0.9887f,0.1369f,-0.0424f,0.0797f,0.1073f,0.5128f,-0.8507f,1.3931f,-0.0945f,-0.8474f,-0.5221f,-2.8922f,0f,0f,0f,1f],start_interpolation: 0,interpolation_duration: 1}
$data merge entity $(bone_7) {transformation: [-0.9887f,0.1118f,-0.0897f,0.1177f,0.1073f,0.1646f,-0.9796f,1.4452f,-0.0945f,-0.9799f,-0.1744f,-3.2293f,0f,0f,0f,1f],start_interpolation: 0,interpolation_duration: 1}