# This file was generated by Animated Java via MC-Build. It is not recommended to edit this file directly.
$data merge entity $(bone_layer) {transformation: [-1.0011f,-0.0027f,0.0017f,0.2472f,-0.0021f,0.1477f,-0.99f,1.8668f,0.0024f,-0.99f,-0.1477f,-3.8247f,0f,0f,0f,1f],start_interpolation: 0,interpolation_duration: 1}
$data merge entity $(bone_l_1) {transformation: [-0.9001f,-0.0024f,0.0017f,0.1464f,-0.0019f,0.1328f,-0.989f,2.1184f,0.0022f,-0.8901f,-0.1476f,-3.9132f,0f,0f,0f,1f],start_interpolation: 0,interpolation_duration: 1}
$data merge entity $(bone_eye_l) {transformation: [-1.0001f,-0.0027f,0.0017f,0.2472f,-0.0021f,0.1476f,-0.989f,1.8544f,0.0024f,-0.989f,-0.1476f,-3.8265f,0f,0f,0f,1f],start_interpolation: 0,interpolation_duration: 1}
$data merge entity $(bone_r_1) {transformation: [-0.9001f,-0.0024f,0.0017f,0.3464f,-0.0019f,0.1328f,-0.989f,2.1312f,0.0022f,-0.8901f,-0.1476f,-3.9119f,0f,0f,0f,1f],start_interpolation: 0,interpolation_duration: 1}
$data merge entity $(bone_eye_r) {transformation: [-1.0001f,-0.0027f,0.0017f,0.3714f,-0.0021f,0.1476f,-0.989f,2.125f,0.0024f,-0.989f,-0.1476f,-3.9129f,0f,0f,0f,1f],start_interpolation: 0,interpolation_duration: 1}
$data merge entity $(bone_eyes_down) {transformation: [-1.0001f,-0.0027f,0.0017f,0.2471f,-0.0021f,0.1476f,-0.989f,1.8714f,0.0024f,-0.989f,-0.1476f,-3.8556f,0f,0f,0f,1f],start_interpolation: 0,interpolation_duration: 1}
$data merge entity $(bone_eyes_up) {transformation: [-1.0001f,-0.0027f,0.0017f,0.2466f,-0.0021f,0.1476f,-0.989f,1.8991f,0.0024f,-0.989f,-0.1476f,-4.041f,0f,0f,0f,1f],start_interpolation: 0,interpolation_duration: 1}
$data merge entity $(bone_bone) {transformation: [-1.0001f,-0.0027f,0.0017f,0.2472f,-0.0021f,0.1476f,-0.989f,1.8668f,0.0024f,-0.989f,-0.1476f,-3.8247f,0f,0f,0f,1f],start_interpolation: 0,interpolation_duration: 1}
$data merge entity $(bone_l) {transformation: [-1.0001f,-0.002f,0.0017f,0.1212f,-0.0021f,0.1107f,-0.989f,2.1465f,0.0024f,-0.7418f,-0.1476f,-3.9643f,0f,0f,0f,1f],start_interpolation: 0,interpolation_duration: 1}
$data merge entity $(bone_r) {transformation: [-1.0001f,-0.002f,0.0017f,0.3713f,-0.0021f,0.1107f,-0.989f,2.147f,0.0024f,-0.7418f,-0.1476f,-3.9649f,0f,0f,0f,1f],start_interpolation: 0,interpolation_duration: 1}
$data merge entity $(bone_sad) {transformation: [-1.0001f,-0.0027f,0.0017f,0.1684f,-0.0021f,0.1476f,-0.989f,2.1386f,0.0024f,-0.989f,-0.1476f,-3.8471f,0f,0f,0f,1f],start_interpolation: 0,interpolation_duration: 1}
$data merge entity $(bone_head) {transformation: [-1.0001f,-0.0027f,0.0017f,0.2472f,-0.0021f,0.1476f,-0.989f,1.8668f,0.0024f,-0.989f,-0.1476f,-3.8247f,0f,0f,0f,1f],start_interpolation: 0,interpolation_duration: 1}
$data merge entity $(bone_6) {transformation: [-0.9881f,-0.0823f,-0.122f,0.4039f,-0.0315f,0.9281f,-0.3697f,1.2535f,0.1437f,-0.3627f,-0.9201f,-3.0557f,0f,0f,0f,1f],start_interpolation: 0,interpolation_duration: 1}
$data merge entity $(bone_12) {transformation: [-0.9881f,-0.1183f,-0.0876f,0.3636f,-0.0315f,0.7519f,-0.6578f,1.5007f,0.1437f,-0.6485f,-0.7467f,-3.2789f,0f,0f,0f,1f],start_interpolation: 0,interpolation_duration: 1}
$data merge entity $(bone_10) {transformation: [-0.999f,-0.0032f,-0.0015f,0.2483f,-0.0011f,0.698f,-0.7154f,1.7306f,0.0033f,-0.7161f,-0.6973f,-3.537f,0f,0f,0f,1f],start_interpolation: 0,interpolation_duration: 1}
$data merge entity $(bone_9) {transformation: [-1f,-0.0035f,-0.0007f,0.247f,-0.0011f,0.4923f,-0.8704f,1.9075f,0.0033f,-0.8704f,-0.4923f,-3.8498f,0f,0f,0f,1f],start_interpolation: 0,interpolation_duration: 1}
$data merge entity $(item_display_item_display) {transformation: [-0.2742f,0.2473f,-0.9167f,-0.1489f,-0.1632f,0.9285f,0.2987f,2.0273f,0.9372f,0.2341f,-0.2162f,-3.1839f,0f,0f,0f,1f],start_interpolation: 0,interpolation_duration: 1}
$data merge entity $(bone_2) {transformation: [0.9167f,0.144f,0.34f,-0.18f,-0.2987f,-0.2445f,0.9105f,1.708f,0.2162f,-0.9483f,-0.1839f,-3.4936f,0f,0f,0f,1f],start_interpolation: 0,interpolation_duration: 1}
$data merge entity $(bone_1) {transformation: [0.9176f,0.2742f,0.2473f,-0.0842f,-0.299f,0.1632f,0.9285f,1.7699f,0.2164f,-0.9372f,0.2341f,-3.8142f,0f,0f,0f,1f],start_interpolation: 0,interpolation_duration: 1}
$data merge entity $(bone_4) {transformation: [-0.9187f,-0.1384f,0.3369f,0.6749f,-0.3651f,0.3943f,-0.8373f,1.6689f,-0.0136f,-0.9063f,-0.4079f,-3.6298f,0f,0f,0f,1f],start_interpolation: 0,interpolation_duration: 1}
$data merge entity $(bone_3) {transformation: [-0.9196f,-0.2678f,0.2468f,0.5912f,-0.3655f,0.7112f,-0.5922f,1.8911f,-0.0136f,-0.649f,-0.7527f,-3.8326f,0f,0f,0f,1f],start_interpolation: 0,interpolation_duration: 1}
$data merge entity $(bone_8) {transformation: [-0.9886f,0.141f,-0.0303f,0.0766f,0.1023f,0.5394f,-0.8347f,1.3985f,-0.101f,-0.8301f,-0.5481f,-2.9398f,0f,0f,0f,1f],start_interpolation: 0,interpolation_duration: 1}
$data merge entity $(bone_7) {transformation: [-0.9886f,0.1204f,-0.0793f,0.1174f,0.1023f,0.2002f,-0.9735f,1.4612f,-0.101f,-0.9723f,-0.2099f,-3.2745f,0f,0f,0f,1f],start_interpolation: 0,interpolation_duration: 1}