# This file was generated by Animated Java via MC-Build. It is not recommended to edit this file directly.
$data merge entity $(bone_layer) {transformation: [-1.0011f,-0.0032f,0.0021f,0.2466f,-0.0026f,0.1412f,-0.991f,1.873f,0.0029f,-0.991f,-0.1412f,-3.8686f,0f,0f,0f,1f],start_interpolation: 0,interpolation_duration: 1}
$data merge entity $(bone_l_1) {transformation: [-0.9001f,-0.0029f,0.0021f,0.1457f,-0.0023f,0.127f,-0.99f,2.124f,0.0026f,-0.891f,-0.1411f,-3.9588f,0f,0f,0f,1f],start_interpolation: 0,interpolation_duration: 1}
$data merge entity $(bone_eye_l) {transformation: [-1.0001f,-0.0032f,0.0021f,0.2466f,-0.0026f,0.1411f,-0.99f,1.8607f,0.0029f,-0.99f,-0.1411f,-3.8704f,0f,0f,0f,1f],start_interpolation: 0,interpolation_duration: 1}
$data merge entity $(bone_r_1) {transformation: [-0.9001f,-0.0029f,0.0021f,0.3457f,-0.0023f,0.127f,-0.99f,2.1369f,0.0026f,-0.891f,-0.1411f,-3.9576f,0f,0f,0f,1f],start_interpolation: 0,interpolation_duration: 1}
$data merge entity $(bone_eye_r) {transformation: [-1.0001f,-0.0032f,0.0021f,0.3707f,-0.0026f,0.1411f,-0.99f,2.1308f,0.0029f,-0.99f,-0.1411f,-3.9586f,0f,0f,0f,1f],start_interpolation: 0,interpolation_duration: 1}
$data merge entity $(bone_eyes_down) {transformation: [-1.0001f,-0.0032f,0.0021f,0.2465f,-0.0026f,0.1411f,-0.99f,1.8775f,0.0029f,-0.99f,-0.1411f,-3.8996f,0f,0f,0f,1f],start_interpolation: 0,interpolation_duration: 1}
$data merge entity $(bone_eyes_up) {transformation: [-1.0001f,-0.0032f,0.0021f,0.2459f,-0.0026f,0.1411f,-0.99f,1.9039f,0.0029f,-0.99f,-0.1411f,-4.0852f,0f,0f,0f,1f],start_interpolation: 0,interpolation_duration: 1}
$data merge entity $(bone_bone) {transformation: [-1.0001f,-0.0032f,0.0021f,0.2466f,-0.0026f,0.1411f,-0.99f,1.873f,0.0029f,-0.99f,-0.1411f,-3.8686f,0f,0f,0f,1f],start_interpolation: 0,interpolation_duration: 1}
$data merge entity $(bone_l) {transformation: [-1.0001f,-0.0024f,0.0021f,0.1205f,-0.0026f,0.1058f,-0.99f,2.1518f,0.0029f,-0.7425f,-0.1411f,-4.01f,0f,0f,0f,1f],start_interpolation: 0,interpolation_duration: 1}
$data merge entity $(bone_r) {transformation: [-1.0001f,-0.0024f,0.0021f,0.3705f,-0.0026f,0.1058f,-0.99f,2.1524f,0.0029f,-0.7425f,-0.1411f,-4.0107f,0f,0f,0f,1f],start_interpolation: 0,interpolation_duration: 1}
$data merge entity $(bone_sad) {transformation: [-1.0001f,-0.0032f,0.0021f,0.1677f,-0.0026f,0.1411f,-0.99f,2.1446f,0.0029f,-0.99f,-0.1411f,-3.8928f,0f,0f,0f,1f],start_interpolation: 0,interpolation_duration: 1}
$data merge entity $(bone_head) {transformation: [-1.0001f,-0.0032f,0.0021f,0.2466f,-0.0026f,0.1411f,-0.99f,1.873f,0.0029f,-0.99f,-0.1411f,-3.8686f,0f,0f,0f,1f],start_interpolation: 0,interpolation_duration: 1}
$data merge entity $(bone_6) {transformation: [-0.9882f,-0.0786f,-0.1241f,0.4031f,-0.0298f,0.9346f,-0.3531f,1.2772f,0.1438f,-0.3465f,-0.9264f,-3.0845f,0f,0f,0f,1f],start_interpolation: 0,interpolation_duration: 1}
$data merge entity $(bone_12) {transformation: [-0.9882f,-0.1187f,-0.0865f,0.3628f,-0.0298f,0.7392f,-0.6722f,1.5168f,0.1438f,-0.6629f,-0.734f,-3.3124f,0f,0f,0f,1f],start_interpolation: 0,interpolation_duration: 1}
$data merge entity $(bone_10) {transformation: [-0.999f,-0.0038f,-0.0017f,0.2479f,-0.0013f,0.678f,-0.7343f,1.7394f,0.004f,-0.735f,-0.6774f,-3.5797f,0f,0f,0f,1f],start_interpolation: 0,interpolation_duration: 1}
$data merge entity $(bone_9) {transformation: [-1f,-0.0041f,-0.0008f,0.2464f,-0.0013f,0.4845f,-0.8748f,1.9135f,0.004f,-0.8748f,-0.4845f,-3.8941f,0f,0f,0f,1f],start_interpolation: 0,interpolation_duration: 1}
$data merge entity $(item_display_item_display) {transformation: [-0.2851f,0.24f,-0.9153f,-0.1591f,-0.1877f,0.9235f,0.2999f,2.0272f,0.9293f,0.2602f,-0.2202f,-3.2226f,0f,0f,0f,1f],start_interpolation: 0,interpolation_duration: 1}
$data merge entity $(bone_2) {transformation: [0.9153f,0.157f,0.338f,-0.1848f,-0.2999f,-0.2202f,0.9163f,1.7155f,0.2202f,-0.9522f,-0.157f,-3.5404f,0f,0f,0f,1f],start_interpolation: 0,interpolation_duration: 1}
$data merge entity $(bone_1) {transformation: [0.9162f,0.2851f,0.24f,-0.0853f,-0.3002f,0.1877f,0.9235f,1.7858f,0.2204f,-0.9293f,0.2602f,-3.8582f,0f,0f,0f,1f],start_interpolation: 0,interpolation_duration: 1}
$data merge entity $(bone_4) {transformation: [-0.9215f,-0.1431f,0.3269f,0.6757f,-0.3577f,0.4187f,-0.8289f,1.6719f,-0.015f,-0.8945f,-0.4324f,-3.6798f,0f,0f,0f,1f],start_interpolation: 0,interpolation_duration: 1}
$data merge entity $(bone_3) {transformation: [-0.9225f,-0.2679f,0.2358f,0.5919f,-0.3581f,0.7298f,-0.5743f,1.8999f,-0.015f,-0.628f,-0.77f,-3.876f,0f,0f,0f,1f],start_interpolation: 0,interpolation_duration: 1}
$data merge entity $(bone_8) {transformation: [-0.9886f,0.1439f,-0.0158f,0.0737f,0.096f,0.5719f,-0.8137f,1.4033f,-0.1077f,-0.8076f,-0.5795f,-2.9783f,0f,0f,0f,1f],start_interpolation: 0,interpolation_duration: 1}
$data merge entity $(bone_7) {transformation: [-0.9886f,0.1287f,-0.0662f,0.1173f,0.096f,0.2433f,-0.9643f,1.4792f,-0.1077f,-0.9613f,-0.2525f,-3.3096f,0f,0f,0f,1f],start_interpolation: 0,interpolation_duration: 1}