# This file was generated by Animated Java via MC-Build. It is not recommended to edit this file directly.
$data merge entity $(bone_layer) {transformation: [-1.0011f,-0.0036f,0.0024f,0.2462f,-0.0029f,0.1414f,-0.991f,1.8814f,0.0032f,-0.991f,-0.1414f,-3.9032f,0f,0f,0f,1f],start_interpolation: 0,interpolation_duration: 1}
$data merge entity $(bone_l_1) {transformation: [-0.9001f,-0.0032f,0.0024f,0.1452f,-0.0026f,0.1271f,-0.99f,2.1323f,0.0029f,-0.891f,-0.1413f,-3.9933f,0f,0f,0f,1f],start_interpolation: 0,interpolation_duration: 1}
$data merge entity $(bone_eye_l) {transformation: [-1.0001f,-0.0036f,0.0024f,0.2462f,-0.0029f,0.1413f,-0.99f,1.869f,0.0032f,-0.99f,-0.1413f,-3.9049f,0f,0f,0f,1f],start_interpolation: 0,interpolation_duration: 1}
$data merge entity $(bone_r_1) {transformation: [-0.9001f,-0.0032f,0.0024f,0.3452f,-0.0026f,0.1271f,-0.99f,2.1453f,0.0029f,-0.891f,-0.1413f,-3.9921f,0f,0f,0f,1f],start_interpolation: 0,interpolation_duration: 1}
$data merge entity $(bone_eye_r) {transformation: [-1.0001f,-0.0036f,0.0024f,0.3702f,-0.0029f,0.1413f,-0.99f,2.1391f,0.0032f,-0.99f,-0.1413f,-3.9931f,0f,0f,0f,1f],start_interpolation: 0,interpolation_duration: 1}
$data merge entity $(bone_eyes_down) {transformation: [-1.0001f,-0.0036f,0.0024f,0.2461f,-0.0029f,0.1413f,-0.99f,1.8858f,0.0032f,-0.99f,-0.1413f,-3.9341f,0f,0f,0f,1f],start_interpolation: 0,interpolation_duration: 1}
$data merge entity $(bone_eyes_up) {transformation: [-1.0001f,-0.0036f,0.0024f,0.2454f,-0.0029f,0.1413f,-0.99f,1.9123f,0.0032f,-0.99f,-0.1413f,-4.1197f,0f,0f,0f,1f],start_interpolation: 0,interpolation_duration: 1}
$data merge entity $(bone_bone) {transformation: [-1.0001f,-0.0036f,0.0024f,0.2462f,-0.0029f,0.1413f,-0.99f,1.8814f,0.0032f,-0.99f,-0.1413f,-3.9032f,0f,0f,0f,1f],start_interpolation: 0,interpolation_duration: 1}
$data merge entity $(bone_l) {transformation: [-1.0001f,-0.0027f,0.0024f,0.1199f,-0.0029f,0.106f,-0.99f,2.1601f,0.0032f,-0.7425f,-0.1413f,-4.0444f,0f,0f,0f,1f],start_interpolation: 0,interpolation_duration: 1}
$data merge entity $(bone_r) {transformation: [-1.0001f,-0.0027f,0.0024f,0.3699f,-0.0029f,0.106f,-0.99f,2.1608f,0.0032f,-0.7425f,-0.1413f,-4.0452f,0f,0f,0f,1f],start_interpolation: 0,interpolation_duration: 1}
$data merge entity $(bone_sad) {transformation: [-1.0001f,-0.0036f,0.0024f,0.1672f,-0.0029f,0.1413f,-0.99f,2.1529f,0.0032f,-0.99f,-0.1413f,-3.9273f,0f,0f,0f,1f],start_interpolation: 0,interpolation_duration: 1}
$data merge entity $(bone_head) {transformation: [-1.0001f,-0.0036f,0.0024f,0.2462f,-0.0029f,0.1413f,-0.99f,1.8814f,0.0032f,-0.99f,-0.1413f,-3.9032f,0f,0f,0f,1f],start_interpolation: 0,interpolation_duration: 1}
$data merge entity $(bone_6) {transformation: [-0.9883f,-0.0746f,-0.1255f,0.4024f,-0.028f,0.9406f,-0.337f,1.3021f,0.1432f,-0.3308f,-0.9322f,-3.104f,0f,0f,0f,1f],start_interpolation: 0,interpolation_duration: 1}
$data merge entity $(bone_12) {transformation: [-0.9883f,-0.1191f,-0.0845f,0.362f,-0.028f,0.7232f,-0.6893f,1.533f,0.1432f,-0.6803f,-0.7181f,-3.3374f,0f,0f,0f,1f],start_interpolation: 0,interpolation_duration: 1}
$data merge entity $(bone_10) {transformation: [-0.999f,-0.0044f,-0.0018f,0.2477f,-0.0015f,0.655f,-0.7549f,1.7493f,0.0045f,-0.7556f,-0.6544f,-3.6135f,0f,0f,0f,1f],start_interpolation: 0,interpolation_duration: 1}
$data merge entity $(bone_9) {transformation: [-1f,-0.0046f,-0.0008f,0.246f,-0.0015f,0.4797f,-0.8775f,1.9217f,0.0045f,-0.8774f,-0.4797f,-3.9289f,0f,0f,0f,1f],start_interpolation: 0,interpolation_duration: 1}
$data merge entity $(item_display_item_display) {transformation: [-0.296f,0.231f,-0.9141f,-0.1699f,-0.2159f,0.917f,0.3009f,2.0271f,0.9197f,0.2896f,-0.2235f,-3.252f,0f,0f,0f,1f],start_interpolation: 0,interpolation_duration: 1}
$data merge entity $(bone_2) {transformation: [0.9141f,0.1706f,0.3345f,-0.1896f,-0.3009f,-0.1918f,0.9223f,1.7245f,0.2235f,-0.9559f,-0.1262f,-3.5789f,0f,0f,0f,1f],start_interpolation: 0,interpolation_duration: 1}
$data merge entity $(bone_1) {transformation: [0.9151f,0.296f,0.231f,-0.0864f,-0.3012f,0.2159f,0.917f,1.8045f,0.2238f,-0.9197f,0.2896f,-3.8932f,0f,0f,0f,1f],start_interpolation: 0,interpolation_duration: 1}
$data merge entity $(bone_4) {transformation: [-0.9246f,-0.1481f,0.3159f,0.6767f,-0.3498f,0.4436f,-0.8196f,1.6764f,-0.0156f,-0.8816f,-0.4575f,-3.7201f,0f,0f,0f,1f],start_interpolation: 0,interpolation_duration: 1}
$data merge entity $(bone_3) {transformation: [-0.9255f,-0.2678f,0.2237f,0.593f,-0.3501f,0.7484f,-0.5554f,1.9103f,-0.0156f,-0.6057f,-0.7872f,-3.9094f,0f,0f,0f,1f],start_interpolation: 0,interpolation_duration: 1}
$data merge entity $(bone_8) {transformation: [-0.9884f,0.1455f,0.0006f,0.071f,0.0888f,0.6083f,-0.7877f,1.4073f,-0.1147f,-0.7802f,-0.6145f,-3.0096f,0f,0f,0f,1f],start_interpolation: 0,interpolation_duration: 1}
$data merge entity $(bone_7) {transformation: [-0.9884f,0.1364f,-0.0506f,0.1172f,0.0888f,0.2921f,-0.9514f,1.4983f,-0.1147f,-0.9466f,-0.3005f,-3.3365f,0f,0f,0f,1f],start_interpolation: 0,interpolation_duration: 1}