# This file was generated by Animated Java via MC-Build. It is not recommended to edit this file directly.
$data merge entity $(bone_layer) {transformation: [-1.0011f,-0.0038f,0.0026f,0.2459f,-0.0031f,0.1474f,-0.9901f,1.8908f,0.0034f,-0.9901f,-0.1474f,-3.9302f,0f,0f,0f,1f],start_interpolation: 0,interpolation_duration: 1}
$data merge entity $(bone_l_1) {transformation: [-0.9001f,-0.0035f,0.0026f,0.1448f,-0.0028f,0.1326f,-0.9891f,2.1423f,0.0031f,-0.8902f,-0.1473f,-4.0187f,0f,0f,0f,1f],start_interpolation: 0,interpolation_duration: 1}
$data merge entity $(bone_eye_l) {transformation: [-1.0001f,-0.0038f,0.0026f,0.246f,-0.0031f,0.1473f,-0.9891f,1.8785f,0.0034f,-0.9891f,-0.1473f,-3.932f,0f,0f,0f,1f],start_interpolation: 0,interpolation_duration: 1}
$data merge entity $(bone_r_1) {transformation: [-0.9001f,-0.0035f,0.0026f,0.3448f,-0.0028f,0.1326f,-0.9891f,2.1553f,0.0031f,-0.8902f,-0.1473f,-4.0176f,0f,0f,0f,1f],start_interpolation: 0,interpolation_duration: 1}
$data merge entity $(bone_eye_r) {transformation: [-1.0001f,-0.0038f,0.0026f,0.3698f,-0.0031f,0.1473f,-0.9891f,2.1492f,0.0034f,-0.9891f,-0.1473f,-4.0186f,0f,0f,0f,1f],start_interpolation: 0,interpolation_duration: 1}
$data merge entity $(bone_eyes_down) {transformation: [-1.0001f,-0.0038f,0.0026f,0.2458f,-0.0031f,0.1473f,-0.9891f,1.8954f,0.0034f,-0.9891f,-0.1473f,-3.9611f,0f,0f,0f,1f],start_interpolation: 0,interpolation_duration: 1}
$data merge entity $(bone_eyes_up) {transformation: [-1.0001f,-0.0038f,0.0026f,0.2451f,-0.0031f,0.1473f,-0.9891f,1.923f,0.0034f,-0.9891f,-0.1473f,-4.1465f,0f,0f,0f,1f],start_interpolation: 0,interpolation_duration: 1}
$data merge entity $(bone_bone) {transformation: [-1.0001f,-0.0038f,0.0026f,0.2459f,-0.0031f,0.1473f,-0.9891f,1.8908f,0.0034f,-0.9891f,-0.1473f,-3.9302f,0f,0f,0f,1f],start_interpolation: 0,interpolation_duration: 1}
$data merge entity $(bone_l) {transformation: [-1.0001f,-0.0029f,0.0026f,0.1196f,-0.0031f,0.1105f,-0.9891f,2.1703f,0.0034f,-0.7418f,-0.1473f,-4.0697f,0f,0f,0f,1f],start_interpolation: 0,interpolation_duration: 1}
$data merge entity $(bone_r) {transformation: [-1.0001f,-0.0029f,0.0026f,0.3696f,-0.0031f,0.1105f,-0.9891f,2.1711f,0.0034f,-0.7418f,-0.1473f,-4.0706f,0f,0f,0f,1f],start_interpolation: 0,interpolation_duration: 1}
$data merge entity $(bone_sad) {transformation: [-1.0001f,-0.0038f,0.0026f,0.1669f,-0.0031f,0.1473f,-0.9891f,2.1625f,0.0034f,-0.9891f,-0.1473f,-3.9526f,0f,0f,0f,1f],start_interpolation: 0,interpolation_duration: 1}
$data merge entity $(bone_head) {transformation: [-1.0001f,-0.0038f,0.0026f,0.2459f,-0.0031f,0.1473f,-0.9891f,1.8908f,0.0034f,-0.9891f,-0.1473f,-3.9302f,0f,0f,0f,1f],start_interpolation: 0,interpolation_duration: 1}
$data merge entity $(bone_6) {transformation: [-0.9885f,-0.0707f,-0.1258f,0.4016f,-0.0265f,0.9459f,-0.3218f,1.3275f,0.1418f,-0.316f,-0.9376f,-3.1161f,0f,0f,0f,1f],start_interpolation: 0,interpolation_duration: 1}
$data merge entity $(bone_12) {transformation: [-0.9885f,-0.1192f,-0.0813f,0.3614f,-0.0265f,0.7043f,-0.7087f,1.5484f,0.1418f,-0.6998f,-0.6994f,-3.3556f,0f,0f,0f,1f],start_interpolation: 0,interpolation_duration: 1}
$data merge entity $(bone_10) {transformation: [-0.999f,-0.0047f,-0.0017f,0.2475f,-0.0016f,0.6292f,-0.7765f,1.7596f,0.0048f,-0.7773f,-0.6285f,-3.6402f,0f,0f,0f,1f],start_interpolation: 0,interpolation_duration: 1}
$data merge entity $(bone_9) {transformation: [-1f,-0.005f,-0.0009f,0.2457f,-0.0016f,0.4771f,-0.8788f,1.931f,0.0048f,-0.8788f,-0.4771f,-3.956f,0f,0f,0f,1f],start_interpolation: 0,interpolation_duration: 1}
$data merge entity $(item_display_item_display) {transformation: [-0.3065f,0.2209f,-0.9132f,-0.1809f,-0.247f,0.9088f,0.3019f,2.0264f,0.9084f,0.3216f,-0.226f,-3.2742f,0f,0f,0f,1f],start_interpolation: 0,interpolation_duration: 1}
$data merge entity $(bone_2) {transformation: [0.9132f,0.1844f,0.3297f,-0.1941f,-0.3019f,-0.1602f,0.928f,1.7343f,0.226f,-0.9592f,-0.0924f,-3.6108f,0f,0f,0f,1f],start_interpolation: 0,interpolation_duration: 1}
$data merge entity $(bone_1) {transformation: [0.9141f,0.3065f,0.2209f,-0.0874f,-0.3022f,0.247f,0.9088f,1.8248f,0.2263f,-0.9084f,0.3216f,-3.921f,0f,0f,0f,1f],start_interpolation: 0,interpolation_duration: 1}
$data merge entity $(bone_4) {transformation: [-0.9277f,-0.1532f,0.3041f,0.6779f,-0.3415f,0.4683f,-0.8096f,1.6817f,-0.0153f,-0.8679f,-0.4826f,-3.7527f,0f,0f,0f,1f],start_interpolation: 0,interpolation_duration: 1}
$data merge entity $(bone_3) {transformation: [-0.9286f,-0.2674f,0.2109f,0.5943f,-0.3418f,0.7666f,-0.5359f,1.9213f,-0.0153f,-0.5826f,-0.8041f,-3.9347f,0f,0f,0f,1f],start_interpolation: 0,interpolation_duration: 1}
$data merge entity $(bone_8) {transformation: [-0.9883f,0.1456f,0.0184f,0.0688f,0.0809f,0.647f,-0.7572f,1.4104f,-0.1219f,-0.7484f,-0.6514f,-3.0355f,0f,0f,0f,1f],start_interpolation: 0,interpolation_duration: 1}
$data merge entity $(bone_7) {transformation: [-0.9883f,0.143f,-0.0332f,0.1173f,0.0809f,0.3448f,-0.9344f,1.5177f,-0.1219f,-0.9277f,-0.352f,-3.3569f,0f,0f,0f,1f],start_interpolation: 0,interpolation_duration: 1}