# This file was generated by Animated Java via MC-Build. It is not recommended to edit this file directly.
$data merge entity $(bone_layer) {transformation: [-1.0011f,-0.004f,0.0027f,0.2458f,-0.0033f,0.1583f,-0.9884f,1.9004f,0.0035f,-0.9884f,-0.1583f,-3.9515f,0f,0f,0f,1f],start_interpolation: 0,interpolation_duration: 1}
$data merge entity $(bone_l_1) {transformation: [-0.9001f,-0.0036f,0.0027f,0.1446f,-0.0029f,0.1423f,-0.9874f,2.1528f,0.0032f,-0.8887f,-0.1581f,-4.0373f,0f,0f,0f,1f],start_interpolation: 0,interpolation_duration: 1}
$data merge entity $(bone_eye_l) {transformation: [-1.0001f,-0.004f,0.0027f,0.2458f,-0.0033f,0.1581f,-0.9874f,1.8881f,0.0035f,-0.9874f,-0.1581f,-3.9535f,0f,0f,0f,1f],start_interpolation: 0,interpolation_duration: 1}
$data merge entity $(bone_r_1) {transformation: [-0.9001f,-0.0036f,0.0027f,0.3446f,-0.0029f,0.1423f,-0.9874f,2.1658f,0.0032f,-0.8887f,-0.1581f,-4.036f,0f,0f,0f,1f],start_interpolation: 0,interpolation_duration: 1}
$data merge entity $(bone_eye_r) {transformation: [-1.0001f,-0.004f,0.0027f,0.3697f,-0.0033f,0.1581f,-0.9874f,2.1597f,0.0035f,-0.9874f,-0.1581f,-4.0371f,0f,0f,0f,1f],start_interpolation: 0,interpolation_duration: 1}
$data merge entity $(bone_eyes_down) {transformation: [-1.0001f,-0.004f,0.0027f,0.2457f,-0.0033f,0.1581f,-0.9874f,1.9054f,0.0035f,-0.9874f,-0.1581f,-3.9824f,0f,0f,0f,1f],start_interpolation: 0,interpolation_duration: 1}
$data merge entity $(bone_eyes_up) {transformation: [-1.0001f,-0.004f,0.0027f,0.2449f,-0.0033f,0.1581f,-0.9874f,1.935f,0.0035f,-0.9874f,-0.1581f,-4.1675f,0f,0f,0f,1f],start_interpolation: 0,interpolation_duration: 1}
$data merge entity $(bone_bone) {transformation: [-1.0001f,-0.004f,0.0027f,0.2458f,-0.0033f,0.1581f,-0.9874f,1.9004f,0.0035f,-0.9874f,-0.1581f,-3.9515f,0f,0f,0f,1f],start_interpolation: 0,interpolation_duration: 1}
$data merge entity $(bone_l) {transformation: [-1.0001f,-0.003f,0.0027f,0.1194f,-0.0033f,0.1186f,-0.9874f,2.1815f,0.0035f,-0.7406f,-0.1581f,-4.088f,0f,0f,0f,1f],start_interpolation: 0,interpolation_duration: 1}
$data merge entity $(bone_r) {transformation: [-1.0001f,-0.003f,0.0027f,0.3694f,-0.0033f,0.1186f,-0.9874f,2.1823f,0.0035f,-0.7406f,-0.1581f,-4.0889f,0f,0f,0f,1f],start_interpolation: 0,interpolation_duration: 1}
$data merge entity $(bone_sad) {transformation: [-1.0001f,-0.004f,0.0027f,0.1667f,-0.0033f,0.1581f,-0.9874f,2.1723f,0.0035f,-0.9874f,-0.1581f,-3.971f,0f,0f,0f,1f],start_interpolation: 0,interpolation_duration: 1}
$data merge entity $(bone_head) {transformation: [-1.0001f,-0.004f,0.0027f,0.2458f,-0.0033f,0.1581f,-0.9874f,1.9004f,0.0035f,-0.9874f,-0.1581f,-3.9515f,0f,0f,0f,1f],start_interpolation: 0,interpolation_duration: 1}
$data merge entity $(bone_6) {transformation: [-0.9889f,-0.0669f,-0.125f,0.4009f,-0.0252f,0.9505f,-0.308f,1.3524f,0.1394f,-0.3027f,-0.9423f,-3.1228f,0f,0f,0f,1f],start_interpolation: 0,interpolation_duration: 1}
$data merge entity $(bone_12) {transformation: [-0.9889f,-0.1191f,-0.077f,0.3609f,-0.0252f,0.6826f,-0.7296f,1.5626f,0.1394f,-0.721f,-0.678f,-3.3686f,0f,0f,0f,1f],start_interpolation: 0,interpolation_duration: 1}
$data merge entity $(bone_10) {transformation: [-0.999f,-0.0049f,-0.0016f,0.2474f,-0.0017f,0.6008f,-0.7986f,1.7695f,0.0049f,-0.7994f,-0.6002f,-3.6614f,0f,0f,0f,1f],start_interpolation: 0,interpolation_duration: 1}
$data merge entity $(bone_9) {transformation: [-1f,-0.0051f,-0.0009f,0.2456f,-0.0017f,0.4763f,-0.8793f,1.9406f,0.0049f,-0.8792f,-0.4763f,-3.9774f,0f,0f,0f,1f],start_interpolation: 0,interpolation_duration: 1}
$data merge entity $(item_display_item_display) {transformation: [-0.3163f,0.21f,-0.9124f,-0.1916f,-0.2799f,0.8988f,0.3031f,2.0244f,0.8954f,0.3552f,-0.2276f,-3.2913f,0f,0f,0f,1f],start_interpolation: 0,interpolation_duration: 1}
$data merge entity $(bone_2) {transformation: [0.9124f,0.1979f,0.324f,-0.1984f,-0.3031f,-0.1262f,0.9329f,1.7439f,0.2276f,-0.9616f,-0.0565f,-3.6377f,0f,0f,0f,1f],start_interpolation: 0,interpolation_duration: 1}
$data merge entity $(bone_1) {transformation: [0.9133f,0.3163f,0.21f,-0.0884f,-0.3034f,0.2799f,0.8988f,1.8457f,0.2278f,-0.8954f,0.3552f,-3.9433f,0f,0f,0f,1f],start_interpolation: 0,interpolation_duration: 1}
$data merge entity $(bone_4) {transformation: [-0.9307f,-0.1583f,0.292f,0.6793f,-0.3332f,0.4924f,-0.7991f,1.6872f,-0.0143f,-0.8535f,-0.507f,-3.7792f,0f,0f,0f,1f],start_interpolation: 0,interpolation_duration: 1}
$data merge entity $(bone_3) {transformation: [-0.9316f,-0.2669f,0.1977f,0.5959f,-0.3335f,0.784f,-0.5162f,1.9322f,-0.0143f,-0.5593f,-0.8202f,-3.954f,0f,0f,0f,1f],start_interpolation: 0,interpolation_duration: 1}
$data merge entity $(bone_8) {transformation: [-0.9879f,0.1443f,0.037f,0.067f,0.0728f,0.6862f,-0.7228f,1.4122f,-0.1294f,-0.7129f,-0.6887f,-3.0578f,0f,0f,0f,1f],start_interpolation: 0,interpolation_duration: 1}
$data merge entity $(bone_7) {transformation: [-0.9879f,0.1483f,-0.0143f,0.1175f,0.0728f,0.3995f,-0.9131f,1.5368f,-0.1294f,-0.9046f,-0.4052f,-3.3724f,0f,0f,0f,1f],start_interpolation: 0,interpolation_duration: 1}