# This file was generated by Animated Java via MC-Build. It is not recommended to edit this file directly.
$data merge entity $(bone_layer) {transformation: [-1.0011f,-0.004f,0.0027f,0.2457f,-0.0033f,0.173f,-0.9859f,1.9092f,0.0035f,-0.9859f,-0.1731f,-3.9692f,0f,0f,0f,1f],start_interpolation: 0,interpolation_duration: 1}
$data merge entity $(bone_l_1) {transformation: [-0.9001f,-0.0036f,0.0027f,0.1446f,-0.003f,0.1556f,-0.9849f,2.1629f,0.0032f,-0.8864f,-0.1729f,-4.0511f,0f,0f,0f,1f],start_interpolation: 0,interpolation_duration: 1}
$data merge entity $(bone_eye_l) {transformation: [-1.0001f,-0.004f,0.0027f,0.2458f,-0.0033f,0.1729f,-0.9849f,1.8969f,0.0035f,-0.9849f,-0.1729f,-3.9713f,0f,0f,0f,1f],start_interpolation: 0,interpolation_duration: 1}
$data merge entity $(bone_r_1) {transformation: [-0.9001f,-0.0036f,0.0027f,0.3446f,-0.003f,0.1556f,-0.9849f,2.1759f,0.0032f,-0.8864f,-0.1729f,-4.0497f,0f,0f,0f,1f],start_interpolation: 0,interpolation_duration: 1}
$data merge entity $(bone_eye_r) {transformation: [-1.0001f,-0.004f,0.0027f,0.3696f,-0.0033f,0.1729f,-0.9849f,2.1698f,0.0035f,-0.9849f,-0.1729f,-4.0509f,0f,0f,0f,1f],start_interpolation: 0,interpolation_duration: 1}
$data merge entity $(bone_eyes_down) {transformation: [-1.0001f,-0.004f,0.0027f,0.2456f,-0.0033f,0.1729f,-0.9849f,1.9146f,0.0035f,-0.9849f,-0.1729f,-3.9999f,0f,0f,0f,1f],start_interpolation: 0,interpolation_duration: 1}
$data merge entity $(bone_eyes_up) {transformation: [-1.0001f,-0.004f,0.0027f,0.2449f,-0.0033f,0.1729f,-0.9849f,1.9471f,0.0035f,-0.9849f,-0.1729f,-4.1846f,0f,0f,0f,1f],start_interpolation: 0,interpolation_duration: 1}
$data merge entity $(bone_bone) {transformation: [-1.0001f,-0.004f,0.0027f,0.2457f,-0.0033f,0.1729f,-0.9849f,1.9092f,0.0035f,-0.9849f,-0.1729f,-3.9692f,0f,0f,0f,1f],start_interpolation: 0,interpolation_duration: 1}
$data merge entity $(bone_l) {transformation: [-1.0001f,-0.003f,0.0027f,0.1193f,-0.0033f,0.1297f,-0.9849f,2.1923f,0.0035f,-0.7387f,-0.1729f,-4.1014f,0f,0f,0f,1f],start_interpolation: 0,interpolation_duration: 1}
$data merge entity $(bone_r) {transformation: [-1.0001f,-0.003f,0.0027f,0.3693f,-0.0033f,0.1297f,-0.9849f,2.1931f,0.0035f,-0.7387f,-0.1729f,-4.1023f,0f,0f,0f,1f],start_interpolation: 0,interpolation_duration: 1}
$data merge entity $(bone_sad) {transformation: [-1.0001f,-0.004f,0.0027f,0.1667f,-0.0033f,0.1729f,-0.9849f,2.1814f,0.0035f,-0.9849f,-0.1729f,-3.9845f,0f,0f,0f,1f],start_interpolation: 0,interpolation_duration: 1}
$data merge entity $(bone_head) {transformation: [-1.0001f,-0.004f,0.0027f,0.2457f,-0.0033f,0.1729f,-0.9849f,1.9092f,0.0035f,-0.9849f,-0.1729f,-3.9692f,0f,0f,0f,1f],start_interpolation: 0,interpolation_duration: 1}
$data merge entity $(bone_6) {transformation: [-0.9894f,-0.0637f,-0.1229f,0.4002f,-0.0244f,0.9542f,-0.2961f,1.3761f,0.1361f,-0.2912f,-0.9464f,-3.1258f,0f,0f,0f,1f],start_interpolation: 0,interpolation_duration: 1}
$data merge entity $(bone_12) {transformation: [-0.9894f,-0.1185f,-0.0715f,0.3606f,-0.0244f,0.6584f,-0.7515f,1.5748f,0.1361f,-0.7432f,-0.6543f,-3.3781f,0f,0f,0f,1f],start_interpolation: 0,interpolation_duration: 1}
$data merge entity $(bone_10) {transformation: [-0.999f,-0.005f,-0.0014f,0.2474f,-0.0017f,0.5703f,-0.8206f,1.7781f,0.005f,-0.8214f,-0.5698f,-3.6791f,0f,0f,0f,1f],start_interpolation: 0,interpolation_duration: 1}
$data merge entity $(bone_9) {transformation: [-1f,-0.0052f,-0.0009f,0.2455f,-0.0017f,0.4768f,-0.879f,1.9495f,0.005f,-0.879f,-0.4768f,-3.995f,0f,0f,0f,1f],start_interpolation: 0,interpolation_duration: 1}
$data merge entity $(item_display_item_display) {transformation: [-0.3253f,0.1989f,-0.9118f,-0.2019f,-0.3137f,0.8871f,0.3046f,2.0207f,0.8808f,0.3894f,-0.2282f,-3.3053f,0f,0f,0f,1f],start_interpolation: 0,interpolation_duration: 1}
$data merge entity $(bone_2) {transformation: [0.9118f,0.2107f,0.3178f,-0.2023f,-0.3046f,-0.0906f,0.9366f,1.7526f,0.2282f,-0.9629f,-0.0193f,-3.6616f,0f,0f,0f,1f],start_interpolation: 0,interpolation_duration: 1}
$data merge entity $(bone_1) {transformation: [0.9127f,0.3253f,0.1989f,-0.0892f,-0.3049f,0.3137f,0.8871f,1.866f,0.2284f,-0.8808f,0.3894f,-3.9619f,0f,0f,0f,1f],start_interpolation: 0,interpolation_duration: 1}
$data merge entity $(bone_4) {transformation: [-0.9336f,-0.1633f,0.2798f,0.6807f,-0.3251f,0.5151f,-0.7884f,1.6919f,-0.0125f,-0.839f,-0.5301f,-3.8016f,0f,0f,0f,1f],start_interpolation: 0,interpolation_duration: 1}
$data merge entity $(bone_3) {transformation: [-0.9345f,-0.2663f,0.1846f,0.5975f,-0.3254f,0.8f,-0.4968f,1.9419f,-0.0125f,-0.5364f,-0.8351f,-3.9692f,0f,0f,0f,1f],start_interpolation: 0,interpolation_duration: 1}
$data merge entity $(bone_8) {transformation: [-0.9875f,0.1415f,0.0558f,0.0659f,0.0647f,0.7244f,-0.6853f,1.4128f,-0.1371f,-0.6746f,-0.7247f,-3.078f,0f,0f,0f,1f],start_interpolation: 0,interpolation_duration: 1}
$data merge entity $(bone_7) {transformation: [-0.9875f,0.152f,0.0054f,0.1179f,0.0647f,0.4543f,-0.8878f,1.5547f,-0.1371f,-0.8777f,-0.4582f,-3.3848f,0f,0f,0f,1f],start_interpolation: 0,interpolation_duration: 1}