# This file was generated by Animated Java via MC-Build. It is not recommended to edit this file directly.
$data merge entity $(bone_layer) {transformation: [-1.0011f,-0.004f,0.0026f,0.2458f,-0.0033f,0.1907f,-0.9827f,1.9163f,0.0035f,-0.9827f,-0.1907f,-3.9849f,0f,0f,0f,1f],start_interpolation: 0,interpolation_duration: 1}
$data merge entity $(bone_l_1) {transformation: [-0.9001f,-0.0036f,0.0026f,0.1447f,-0.003f,0.1715f,-0.9817f,2.1714f,0.0031f,-0.8835f,-0.1905f,-4.0623f,0f,0f,0f,1f],start_interpolation: 0,interpolation_duration: 1}
$data merge entity $(bone_eye_l) {transformation: [-1.0001f,-0.004f,0.0026f,0.2458f,-0.0033f,0.1905f,-0.9817f,1.904f,0.0035f,-0.9817f,-0.1905f,-3.9873f,0f,0f,0f,1f],start_interpolation: 0,interpolation_duration: 1}
$data merge entity $(bone_r_1) {transformation: [-0.9001f,-0.0036f,0.0026f,0.3447f,-0.003f,0.1715f,-0.9817f,2.1843f,0.0031f,-0.8835f,-0.1905f,-4.0606f,0f,0f,0f,1f],start_interpolation: 0,interpolation_duration: 1}
$data merge entity $(bone_eye_r) {transformation: [-1.0001f,-0.004f,0.0026f,0.3697f,-0.0033f,0.1905f,-0.9817f,2.1782f,0.0035f,-0.9817f,-0.1905f,-4.0619f,0f,0f,0f,1f],start_interpolation: 0,interpolation_duration: 1}
$data merge entity $(bone_eyes_down) {transformation: [-1.0001f,-0.004f,0.0026f,0.2457f,-0.0033f,0.1905f,-0.9817f,1.9222f,0.0035f,-0.9817f,-0.1905f,-4.0156f,0f,0f,0f,1f],start_interpolation: 0,interpolation_duration: 1}
$data merge entity $(bone_eyes_up) {transformation: [-1.0001f,-0.004f,0.0026f,0.2449f,-0.0033f,0.1905f,-0.9817f,1.9579f,0.0035f,-0.9817f,-0.1905f,-4.1997f,0f,0f,0f,1f],start_interpolation: 0,interpolation_duration: 1}
$data merge entity $(bone_bone) {transformation: [-1.0001f,-0.004f,0.0026f,0.2458f,-0.0033f,0.1905f,-0.9817f,1.9163f,0.0035f,-0.9817f,-0.1905f,-3.9849f,0f,0f,0f,1f],start_interpolation: 0,interpolation_duration: 1}
$data merge entity $(bone_l) {transformation: [-1.0001f,-0.003f,0.0026f,0.1194f,-0.0033f,0.1429f,-0.9817f,2.2016f,0.0035f,-0.7363f,-0.1905f,-4.112f,0f,0f,0f,1f],start_interpolation: 0,interpolation_duration: 1}
$data merge entity $(bone_r) {transformation: [-1.0001f,-0.003f,0.0026f,0.3694f,-0.0033f,0.1429f,-0.9817f,2.2025f,0.0035f,-0.7363f,-0.1905f,-4.1129f,0f,0f,0f,1f],start_interpolation: 0,interpolation_duration: 1}
$data merge entity $(bone_sad) {transformation: [-1.0001f,-0.004f,0.0026f,0.1667f,-0.0033f,0.1905f,-0.9817f,2.1887f,0.0035f,-0.9817f,-0.1905f,-3.9954f,0f,0f,0f,1f],start_interpolation: 0,interpolation_duration: 1}
$data merge entity $(bone_head) {transformation: [-1.0001f,-0.004f,0.0026f,0.2458f,-0.0033f,0.1905f,-0.9817f,1.9163f,0.0035f,-0.9817f,-0.1905f,-3.9849f,0f,0f,0f,1f],start_interpolation: 0,interpolation_duration: 1}
$data merge entity $(bone_6) {transformation: [-0.99f,-0.0609f,-0.1195f,0.3994f,-0.0242f,0.9571f,-0.2867f,1.3979f,0.1318f,-0.2822f,-0.9498f,-3.1272f,0f,0f,0f,1f],start_interpolation: 0,interpolation_duration: 1}
$data merge entity $(bone_12) {transformation: [-0.99f,-0.1174f,-0.0648f,0.3604f,-0.0242f,0.6322f,-0.7737f,1.5844f,0.1318f,-0.7659f,-0.6287f,-3.3859f,0f,0f,0f,1f],start_interpolation: 0,interpolation_duration: 1}
$data merge entity $(bone_10) {transformation: [-0.999f,-0.005f,-0.0012f,0.2474f,-0.0017f,0.5381f,-0.842f,1.7847f,0.0049f,-0.8429f,-0.5376f,-3.695f,0f,0f,0f,1f],start_interpolation: 0,interpolation_duration: 1}
$data merge entity $(bone_9) {transformation: [-1f,-0.0051f,-0.0009f,0.2456f,-0.0017f,0.478f,-0.8784f,1.9565f,0.0049f,-0.8783f,-0.478f,-4.0107f,0f,0f,0f,1f],start_interpolation: 0,interpolation_duration: 1}
$data merge entity $(item_display_item_display) {transformation: [-0.3332f,0.1882f,-0.9112f,-0.2112f,-0.3475f,0.8737f,0.3067f,2.0146f,0.865f,0.4235f,-0.2277f,-3.3182f,0f,0f,0f,1f],start_interpolation: 0,interpolation_duration: 1}
$data merge entity $(bone_2) {transformation: [0.9112f,0.2224f,0.3114f,-0.2057f,-0.3067f,-0.0543f,0.9387f,1.7595f,0.2277f,-0.963f,0.0183f,-3.6839f,0f,0f,0f,1f],start_interpolation: 0,interpolation_duration: 1}
$data merge entity $(bone_1) {transformation: [0.9121f,0.3332f,0.1882f,-0.09f,-0.307f,0.3475f,0.8737f,1.8845f,0.228f,-0.865f,0.4235f,-3.9786f,0f,0f,0f,1f],start_interpolation: 0,interpolation_duration: 1}
$data merge entity $(bone_4) {transformation: [-0.9362f,-0.1682f,0.268f,0.6823f,-0.3176f,0.5361f,-0.7777f,1.6951f,-0.0101f,-0.8248f,-0.5516f,-3.8215f,0f,0f,0f,1f],start_interpolation: 0,interpolation_duration: 1}
$data merge entity $(bone_3) {transformation: [-0.9371f,-0.2657f,0.1718f,0.5992f,-0.3179f,0.8145f,-0.4783f,1.9496f,-0.0101f,-0.5144f,-0.8485f,-3.9823f,0f,0f,0f,1f],start_interpolation: 0,interpolation_duration: 1}
$data merge entity $(bone_8) {transformation: [-0.9868f,0.1374f,0.0743f,0.0653f,0.0568f,0.7604f,-0.646f,1.4116f,-0.145f,-0.6347f,-0.7584f,-3.0977f,0f,0f,0f,1f],start_interpolation: 0,interpolation_duration: 1}
$data merge entity $(bone_7) {transformation: [-0.9868f,0.1542f,0.0253f,0.1184f,0.0568f,0.5076f,-0.859f,1.5706f,-0.145f,-0.8476f,-0.5094f,-3.3958f,0f,0f,0f,1f],start_interpolation: 0,interpolation_duration: 1}