# This file was generated by Animated Java via MC-Build. It is not recommended to edit this file directly.
$data merge entity $(bone_layer) {transformation: [-0.0718f,0.1172f,0.9915f,-0.0801f,-0.0158f,0.9938f,-0.1186f,1.6846f,-0.9984f,-0.0242f,-0.0694f,-0.1365f,0f,0f,0f,1f],start_interpolation: 0,interpolation_duration: 1}
$data merge entity $(bone_l_1) {transformation: [-0.0645f,0.1053f,0.9905f,-0.3151f,-0.0142f,0.8936f,-0.1185f,1.8676f,-0.8977f,-0.0217f,-0.0693f,-0.2228f,0f,0f,0f,1f],start_interpolation: 0,interpolation_duration: 1}
$data merge entity $(bone_eye_l) {transformation: [-0.0717f,0.117f,0.9905f,-0.0801f,-0.0158f,0.9928f,-0.1185f,1.6846f,-0.9974f,-0.0241f,-0.0693f,-0.1365f,0f,0f,0f,1f],start_interpolation: 0,interpolation_duration: 1}
$data merge entity $(bone_r_1) {transformation: [-0.0645f,0.1053f,0.9905f,-0.3f,-0.0142f,0.8936f,-0.1185f,1.8706f,-0.8977f,-0.0217f,-0.0693f,-0.0234f,0f,0f,0f,1f],start_interpolation: 0,interpolation_duration: 1}
$data merge entity $(bone_eye_r) {transformation: [-0.0717f,0.117f,0.9905f,-0.2957f,-0.0158f,0.9928f,-0.1185f,1.8393f,-0.9974f,-0.0241f,-0.0693f,0.0019f,0f,0f,0f,1f],start_interpolation: 0,interpolation_duration: 1}
$data merge entity $(bone_eyes_down) {transformation: [-0.0717f,0.117f,0.9905f,-0.0691f,-0.0158f,0.9928f,-0.1185f,1.7777f,-0.9974f,-0.0241f,-0.0693f,-0.1388f,0f,0f,0f,1f],start_interpolation: 0,interpolation_duration: 1}
$data merge entity $(bone_eyes_up) {transformation: [-0.0717f,0.117f,0.9905f,-0.0545f,-0.0158f,0.9928f,-0.1185f,1.9018f,-0.9974f,-0.0241f,-0.0693f,-0.1418f,0f,0f,0f,1f],start_interpolation: 0,interpolation_duration: 1}
$data merge entity $(bone_bone) {transformation: [-0.0717f,0.117f,0.9905f,-0.0801f,-0.0158f,0.9928f,-0.1185f,1.6846f,-0.9974f,-0.0241f,-0.0693f,-0.1365f,0f,0f,0f,1f],start_interpolation: 0,interpolation_duration: 1}
$data merge entity $(bone_l) {transformation: [-0.0665f,0.09f,0.9905f,-0.3186f,0.0275f,0.7444f,-0.1185f,1.9193f,-0.9975f,0.0145f,-0.0693f,-0.2485f,0f,0f,0f,1f],start_interpolation: 0,interpolation_duration: 1}
$data merge entity $(bone_r) {transformation: [-0.0767f,0.0854f,0.9905f,-0.3006f,-0.0591f,0.7434f,-0.1185f,1.9232f,-0.9954f,-0.0507f,-0.0693f,0.0009f,0f,0f,0f,1f],start_interpolation: 0,interpolation_duration: 1}
$data merge entity $(bone_sad) {transformation: [-0.0717f,0.117f,0.9905f,-0.3415f,-0.0158f,0.9928f,-0.1185f,1.7769f,-0.9974f,-0.0241f,-0.0693f,-0.1975f,0f,0f,0f,1f],start_interpolation: 0,interpolation_duration: 1}
$data merge entity $(bone_head) {transformation: [-0.0717f,0.117f,0.9905f,-0.0801f,-0.0158f,0.9928f,-0.1185f,1.6846f,-0.9974f,-0.0241f,-0.0693f,-0.1365f,0f,0f,0f,1f],start_interpolation: 0,interpolation_duration: 1}
$data merge entity $(bone_6) {transformation: [-0.1518f,-0.554f,0.8174f,0.1246f,-0.1824f,0.8291f,0.5284f,0.7566f,-0.9704f,-0.0692f,-0.2272f,-0.0461f,0f,0f,0f,1f],start_interpolation: 0,interpolation_duration: 1}
$data merge entity $(bone_12) {transformation: [-0.1518f,0.1918f,0.9686f,0.1906f,-0.1824f,0.9587f,-0.218f,1.0862f,-0.9704f,-0.2102f,-0.1105f,-0.1184f,0f,0f,0f,1f],start_interpolation: 0,interpolation_duration: 1}
$data merge entity $(bone_10) {transformation: [-0.1857f,-0.0686f,0.9792f,0.0953f,0.0796f,0.9932f,0.0845f,1.3929f,-0.9784f,0.0938f,-0.179f,-0.1804f,0f,0f,0f,1f],start_interpolation: 0,interpolation_duration: 1}
$data merge entity $(bone_9) {transformation: [-0.1859f,-0.4359f,0.8806f,-0.0614f,0.0797f,0.8865f,0.4557f,1.7115f,-0.9793f,0.1549f,-0.1301f,-0.1247f,0f,0f,0f,1f],start_interpolation: 0,interpolation_duration: 1}
$data merge entity $(item_display_item_display) {transformation: [-0.8948f,-0.4178f,-0.0642f,-0.5223f,-0.2254f,0.3432f,0.8989f,1.5929f,-0.3585f,0.8282f,-0.405f,-0.2772f,0f,0f,0f,1f],start_interpolation: 0,interpolation_duration: 1}
$data merge entity $(bone_2) {transformation: [0.0642f,0.9726f,0.171f,-0.2003f,-0.8989f,-0.0122f,0.4105f,1.4857f,0.405f,-0.1814f,0.884f,-0.5663f,0f,0f,0f,1f],start_interpolation: 0,interpolation_duration: 1}
$data merge entity $(bone_1) {transformation: [0.0643f,0.7801f,-0.6055f,0.0641f,-0.8998f,0.2958f,0.2848f,1.5892f,0.4054f,0.5329f,0.7283f,-0.3785f,0f,0f,0f,1f],start_interpolation: 0,interpolation_duration: 1}
$data merge entity $(bone_4) {transformation: [0.1111f,0.8235f,0.5372f,0.0958f,-0.6407f,0.4738f,-0.6013f,1.3736f,-0.7471f,-0.2795f,0.5851f,0.3384f,0f,0f,0f,1f],start_interpolation: 0,interpolation_duration: 1}
$data merge entity $(bone_3) {transformation: [0.1112f,-0.1032f,0.9778f,0.0636f,-0.6414f,0.7512f,0.148f,1.6083f,-0.7478f,-0.6482f,0.0176f,0.1358f,0f,0f,0f,1f],start_interpolation: 0,interpolation_duration: 1}
$data merge entity $(bone_8) {transformation: [-0.0758f,-0.2238f,0.9717f,-0.2235f,0.3048f,0.9216f,0.2361f,1.0431f,-0.9484f,0.314f,-0.0014f,-0.3468f,0f,0f,0f,1f],start_interpolation: 0,interpolation_duration: 1}
$data merge entity $(bone_7) {transformation: [-0.0758f,0.9947f,-0.0691f,0.1185f,0.3048f,-0.0427f,-0.9504f,1.0284f,-0.9484f,-0.0929f,-0.3f,-0.3787f,0f,0f,0f,1f],start_interpolation: 0,interpolation_duration: 1}
data modify entity @s data merge value {"cameras":{"camera1":{"px":2.4178759765624998,"py":0.8821728515624999,"pz":2.0613476562500006,"ry":122.74242187500003,"rx":-18.837500000000002}},"locators":{}}