# This file was generated by Animated Java via MC-Build. It is not recommended to edit this file directly.
$data merge entity $(bone_layer) {transformation: [-1.0011f,-0.004f,0.0024f,0.2459f,-0.0032f,0.2104f,-0.9786f,1.9205f,0.0034f,-0.9786f,-0.2104f,-4.0007f,0f,0f,0f,1f],start_interpolation: 0,interpolation_duration: 1}
$data merge entity $(bone_l_1) {transformation: [-0.9001f,-0.0036f,0.0024f,0.1448f,-0.0029f,0.1891f,-0.9777f,2.1771f,0.003f,-0.8799f,-0.2102f,-4.0729f,0f,0f,0f,1f],start_interpolation: 0,interpolation_duration: 1}
$data merge entity $(bone_eye_l) {transformation: [-1.0001f,-0.004f,0.0024f,0.2459f,-0.0032f,0.2102f,-0.9777f,1.9083f,0.0034f,-0.9777f,-0.2102f,-4.0033f,0f,0f,0f,1f],start_interpolation: 0,interpolation_duration: 1}
$data merge entity $(bone_r_1) {transformation: [-0.9001f,-0.0036f,0.0024f,0.3448f,-0.0029f,0.1891f,-0.9777f,2.19f,0.003f,-0.8799f,-0.2102f,-4.071f,0f,0f,0f,1f],start_interpolation: 0,interpolation_duration: 1}
$data merge entity $(bone_eye_r) {transformation: [-1.0001f,-0.004f,0.0024f,0.3698f,-0.0032f,0.2102f,-0.9777f,2.184f,0.0034f,-0.9777f,-0.2102f,-4.0724f,0f,0f,0f,1f],start_interpolation: 0,interpolation_duration: 1}
$data merge entity $(bone_eyes_down) {transformation: [-1.0001f,-0.004f,0.0024f,0.2458f,-0.0032f,0.2102f,-0.9777f,1.9271f,0.0034f,-0.9777f,-0.2102f,-4.0312f,0f,0f,0f,1f],start_interpolation: 0,interpolation_duration: 1}
$data merge entity $(bone_eyes_up) {transformation: [-1.0001f,-0.004f,0.0024f,0.245f,-0.0032f,0.2102f,-0.9777f,1.9665f,0.0034f,-0.9777f,-0.2102f,-4.2145f,0f,0f,0f,1f],start_interpolation: 0,interpolation_duration: 1}
$data merge entity $(bone_bone) {transformation: [-1.0001f,-0.004f,0.0024f,0.2459f,-0.0032f,0.2102f,-0.9777f,1.9205f,0.0034f,-0.9777f,-0.2102f,-4.0007f,0f,0f,0f,1f],start_interpolation: 0,interpolation_duration: 1}
$data merge entity $(bone_l) {transformation: [-1.0001f,-0.003f,0.0024f,0.1195f,-0.0032f,0.1576f,-0.9777f,2.2084f,0.0034f,-0.7332f,-0.2102f,-4.1221f,0f,0f,0f,1f],start_interpolation: 0,interpolation_duration: 1}
$data merge entity $(bone_r) {transformation: [-1.0001f,-0.003f,0.0024f,0.3696f,-0.0032f,0.1576f,-0.9777f,2.2092f,0.0034f,-0.7332f,-0.2102f,-4.1229f,0f,0f,0f,1f],start_interpolation: 0,interpolation_duration: 1}
$data merge entity $(bone_sad) {transformation: [-1.0001f,-0.004f,0.0024f,0.1669f,-0.0032f,0.2102f,-0.9777f,2.1931f,0.0034f,-0.9777f,-0.2102f,-4.0057f,0f,0f,0f,1f],start_interpolation: 0,interpolation_duration: 1}
$data merge entity $(bone_head) {transformation: [-1.0001f,-0.004f,0.0024f,0.2459f,-0.0032f,0.2102f,-0.9777f,1.9205f,0.0034f,-0.9777f,-0.2102f,-4.0007f,0f,0f,0f,1f],start_interpolation: 0,interpolation_duration: 1}
$data merge entity $(bone_6) {transformation: [-0.9906f,-0.0589f,-0.1148f,0.3986f,-0.0244f,0.959f,-0.2802f,1.4168f,0.1266f,-0.2761f,-0.9524f,-3.1288f,0f,0f,0f,1f],start_interpolation: 0,interpolation_duration: 1}
$data merge entity $(bone_12) {transformation: [-0.9906f,-0.1156f,-0.0572f,0.3605f,-0.0244f,0.6043f,-0.7956f,1.5909f,0.1266f,-0.7883f,-0.6014f,-3.3937f,0f,0f,0f,1f],start_interpolation: 0,interpolation_duration: 1}
$data merge entity $(bone_10) {transformation: [-0.999f,-0.005f,-0.001f,0.2475f,-0.0016f,0.5046f,-0.8625f,1.7886f,0.0048f,-0.8633f,-0.5041f,-3.711f,0f,0f,0f,1f],start_interpolation: 0,interpolation_duration: 1}
$data merge entity $(bone_9) {transformation: [-1f,-0.005f,-0.0009f,0.2457f,-0.0016f,0.4793f,-0.8776f,1.9608f,0.0048f,-0.8776f,-0.4793f,-4.0264f,0f,0f,0f,1f],start_interpolation: 0,interpolation_duration: 1}
$data merge entity $(item_display_item_display) {transformation: [-0.3401f,0.1785f,-0.9106f,-0.2195f,-0.3804f,0.8589f,0.3095f,2.0056f,0.8484f,0.4567f,-0.2262f,-3.3319f,0f,0f,0f,1f],start_interpolation: 0,interpolation_duration: 1}
$data merge entity $(bone_2) {transformation: [0.9106f,0.2328f,0.3055f,-0.2086f,-0.3095f,-0.0182f,0.9392f,1.7639f,0.2262f,-0.9619f,0.0553f,-3.7064f,0f,0f,0f,1f],start_interpolation: 0,interpolation_duration: 1}
$data merge entity $(bone_1) {transformation: [0.9115f,0.3401f,0.1785f,-0.0906f,-0.3099f,0.3804f,0.8589f,1.9f,0.2265f,-0.8484f,0.4567f,-3.9952f,0f,0f,0f,1f],start_interpolation: 0,interpolation_duration: 1}
$data merge entity $(bone_4) {transformation: [-0.9384f,-0.1728f,0.2569f,0.6838f,-0.311f,0.5548f,-0.7675f,1.6959f,-0.0072f,-0.8114f,-0.5709f,-3.8408f,0f,0f,0f,1f],start_interpolation: 0,interpolation_duration: 1}
$data merge entity $(bone_3) {transformation: [-0.9394f,-0.2652f,0.1597f,0.601f,-0.3113f,0.8272f,-0.4611f,1.9544f,-0.0072f,-0.4941f,-0.8603f,-3.9952f,0f,0f,0f,1f],start_interpolation: 0,interpolation_duration: 1}
$data merge entity $(bone_8) {transformation: [-0.986f,0.1322f,0.0921f,0.0654f,0.0493f,0.7931f,-0.6062f,1.4086f,-0.153f,-0.5945f,-0.7887f,-3.1184f,0f,0f,0f,1f],start_interpolation: 0,interpolation_duration: 1}
$data merge entity $(bone_7) {transformation: [-0.986f,0.1548f,0.045f,0.119f,0.0493f,0.5578f,-0.8279f,1.5838f,-0.153f,-0.8154f,-0.5574f,-3.4071f,0f,0f,0f,1f],start_interpolation: 0,interpolation_duration: 1}