# This file was generated by Animated Java via MC-Build. It is not recommended to edit this file directly.
$data merge entity $(bone_layer) {transformation: [-1.0011f,-0.0039f,0.0023f,0.246f,-0.0031f,0.231f,-0.974f,1.921f,0.0033f,-0.974f,-0.231f,-4.0183f,0f,0f,0f,1f],start_interpolation: 0,interpolation_duration: 1}
$data merge entity $(bone_l_1) {transformation: [-0.9001f,-0.0035f,0.0023f,0.145f,-0.0028f,0.2077f,-0.973f,2.1791f,0.003f,-0.8757f,-0.2308f,-4.0851f,0f,0f,0f,1f],start_interpolation: 0,interpolation_duration: 1}
$data merge entity $(bone_eye_l) {transformation: [-1.0001f,-0.0039f,0.0023f,0.2461f,-0.0031f,0.2308f,-0.973f,1.9089f,0.0033f,-0.973f,-0.2308f,-4.0212f,0f,0f,0f,1f],start_interpolation: 0,interpolation_duration: 1}
$data merge entity $(bone_r_1) {transformation: [-0.9001f,-0.0035f,0.0023f,0.345f,-0.0028f,0.2077f,-0.973f,2.1919f,0.003f,-0.8757f,-0.2308f,-4.0829f,0f,0f,0f,1f],start_interpolation: 0,interpolation_duration: 1}
$data merge entity $(bone_eye_r) {transformation: [-1.0001f,-0.0039f,0.0023f,0.37f,-0.0031f,0.2308f,-0.973f,2.1859f,0.0033f,-0.973f,-0.2308f,-4.0844f,0f,0f,0f,1f],start_interpolation: 0,interpolation_duration: 1}
$data merge entity $(bone_eyes_down) {transformation: [-1.0001f,-0.0039f,0.0023f,0.2459f,-0.0031f,0.2308f,-0.973f,1.9282f,0.0033f,-0.973f,-0.2308f,-4.0487f,0f,0f,0f,1f],start_interpolation: 0,interpolation_duration: 1}
$data merge entity $(bone_eyes_up) {transformation: [-1.0001f,-0.0039f,0.0023f,0.2452f,-0.0031f,0.2308f,-0.973f,1.9715f,0.0033f,-0.973f,-0.2308f,-4.2311f,0f,0f,0f,1f],start_interpolation: 0,interpolation_duration: 1}
$data merge entity $(bone_bone) {transformation: [-1.0001f,-0.0039f,0.0023f,0.246f,-0.0031f,0.2308f,-0.973f,1.921f,0.0033f,-0.973f,-0.2308f,-4.0183f,0f,0f,0f,1f],start_interpolation: 0,interpolation_duration: 1}
$data merge entity $(bone_l) {transformation: [-1.0001f,-0.0029f,0.0023f,0.1197f,-0.0031f,0.1731f,-0.973f,2.2114f,0.0033f,-0.7297f,-0.2308f,-4.1336f,0f,0f,0f,1f],start_interpolation: 0,interpolation_duration: 1}
$data merge entity $(bone_r) {transformation: [-1.0001f,-0.0029f,0.0023f,0.3698f,-0.0031f,0.1731f,-0.973f,2.2122f,0.0033f,-0.7297f,-0.2308f,-4.1344f,0f,0f,0f,1f],start_interpolation: 0,interpolation_duration: 1}
$data merge entity $(bone_sad) {transformation: [-1.0001f,-0.0039f,0.0023f,0.1671f,-0.0031f,0.2308f,-0.973f,2.1936f,0.0033f,-0.973f,-0.2308f,-4.0175f,0f,0f,0f,1f],start_interpolation: 0,interpolation_duration: 1}
$data merge entity $(bone_head) {transformation: [-1.0001f,-0.0039f,0.0023f,0.246f,-0.0031f,0.2308f,-0.973f,1.921f,0.0033f,-0.973f,-0.2308f,-4.0183f,0f,0f,0f,1f],start_interpolation: 0,interpolation_duration: 1}
$data merge entity $(bone_6) {transformation: [-0.9914f,-0.0577f,-0.1088f,0.3977f,-0.0253f,0.9598f,-0.2772f,1.4321f,0.1204f,-0.2733f,-0.954f,-3.1325f,0f,0f,0f,1f],start_interpolation: 0,interpolation_duration: 1}
$data merge entity $(bone_12) {transformation: [-0.9914f,-0.1131f,-0.0488f,0.3607f,-0.0253f,0.5751f,-0.8169f,1.5937f,0.1204f,-0.8102f,-0.573f,-3.4033f,0f,0f,0f,1f],start_interpolation: 0,interpolation_duration: 1}
$data merge entity $(bone_10) {transformation: [-0.999f,-0.0048f,-0.0008f,0.2476f,-0.0016f,0.4704f,-0.8816f,1.7888f,0.0046f,-0.8824f,-0.4699f,-3.7288f,0f,0f,0f,1f],start_interpolation: 0,interpolation_duration: 1}
$data merge entity $(bone_9) {transformation: [-1f,-0.0048f,-0.0008f,0.2458f,-0.0016f,0.4802f,-0.8771f,1.9613f,0.0046f,-0.8771f,-0.4802f,-4.044f,0f,0f,0f,1f],start_interpolation: 0,interpolation_duration: 1}
$data merge entity $(item_display_item_display) {transformation: [-0.3459f,0.1703f,-0.91f,-0.2264f,-0.4114f,0.8431f,0.3133f,1.9931f,0.8314f,0.4881f,-0.2236f,-3.3481f,0f,0f,0f,1f],start_interpolation: 0,interpolation_duration: 1}
$data merge entity $(bone_2) {transformation: [0.91f,0.2415f,0.3006f,-0.211f,-0.3133f,0.0165f,0.938f,1.7648f,0.2236f,-0.9598f,0.091f,-3.7308f,0f,0f,0f,1f],start_interpolation: 0,interpolation_duration: 1}
$data merge entity $(bone_1) {transformation: [0.9109f,0.3459f,0.1703f,-0.091f,-0.3136f,0.4114f,0.8431f,1.9115f,0.2238f,-0.8314f,0.4881f,-4.0135f,0f,0f,0f,1f],start_interpolation: 0,interpolation_duration: 1}
$data merge entity $(bone_4) {transformation: [-0.9403f,-0.1774f,0.2469f,0.6854f,-0.3055f,0.5709f,-0.7581f,1.6936f,-0.0039f,-0.7992f,-0.5876f,-3.8614f,0f,0f,0f,1f],start_interpolation: 0,interpolation_duration: 1}
$data merge entity $(bone_3) {transformation: [-0.9412f,-0.2651f,0.1488f,0.6026f,-0.3058f,0.8378f,-0.4458f,1.9554f,-0.0039f,-0.476f,-0.8703f,-4.0101f,0f,0f,0f,1f],start_interpolation: 0,interpolation_duration: 1}
$data merge entity $(bone_8) {transformation: [-0.9851f,0.1263f,0.1088f,0.0659f,0.0423f,0.8216f,-0.5676f,1.4033f,-0.1609f,-0.5558f,-0.8149f,-3.1413f,0f,0f,0f,1f],start_interpolation: 0,interpolation_duration: 1}
$data merge entity $(bone_7) {transformation: [-0.9851f,0.154f,0.0639f,0.1197f,0.0423f,0.6035f,-0.7956f,1.5935f,-0.1609f,-0.7822f,-0.6008f,-3.4204f,0f,0f,0f,1f],start_interpolation: 0,interpolation_duration: 1}