# This file was generated by Animated Java via MC-Build. It is not recommended to edit this file directly.
$data merge entity $(bone_layer) {transformation: [-1.0011f,-0.0038f,0.0021f,0.2462f,-0.003f,0.2517f,-0.9688f,1.9168f,0.0032f,-0.9688f,-0.2517f,-4.0397f,0f,0f,0f,1f],start_interpolation: 0,interpolation_duration: 1}
$data merge entity $(bone_l_1) {transformation: [-0.9001f,-0.0034f,0.0021f,0.1452f,-0.0027f,0.2263f,-0.9679f,2.1763f,0.0029f,-0.8711f,-0.2515f,-4.101f,0f,0f,0f,1f],start_interpolation: 0,interpolation_duration: 1}
$data merge entity $(bone_eye_l) {transformation: [-1.0001f,-0.0038f,0.0021f,0.2462f,-0.0029f,0.2515f,-0.9679f,1.9047f,0.0032f,-0.9679f,-0.2515f,-4.0428f,0f,0f,0f,1f],start_interpolation: 0,interpolation_duration: 1}
$data merge entity $(bone_r_1) {transformation: [-0.9001f,-0.0034f,0.0021f,0.3452f,-0.0027f,0.2263f,-0.9679f,2.189f,0.0029f,-0.8711f,-0.2515f,-4.0985f,0f,0f,0f,1f],start_interpolation: 0,interpolation_duration: 1}
$data merge entity $(bone_eye_r) {transformation: [-1.0001f,-0.0038f,0.0021f,0.3702f,-0.0029f,0.2515f,-0.9679f,2.183f,0.0032f,-0.9679f,-0.2515f,-4.1002f,0f,0f,0f,1f],start_interpolation: 0,interpolation_duration: 1}
$data merge entity $(bone_eyes_down) {transformation: [-1.0001f,-0.0038f,0.0021f,0.2461f,-0.0029f,0.2515f,-0.9679f,1.9247f,0.0032f,-0.9679f,-0.2515f,-4.0699f,0f,0f,0f,1f],start_interpolation: 0,interpolation_duration: 1}
$data merge entity $(bone_eyes_up) {transformation: [-1.0001f,-0.0038f,0.0021f,0.2454f,-0.0029f,0.2515f,-0.9679f,1.9718f,0.0032f,-0.9679f,-0.2515f,-4.2514f,0f,0f,0f,1f],start_interpolation: 0,interpolation_duration: 1}
$data merge entity $(bone_bone) {transformation: [-1.0001f,-0.0038f,0.0021f,0.2462f,-0.0029f,0.2515f,-0.9679f,1.9168f,0.0032f,-0.9679f,-0.2515f,-4.0397f,0f,0f,0f,1f],start_interpolation: 0,interpolation_duration: 1}
$data merge entity $(bone_l) {transformation: [-1.0001f,-0.0029f,0.0021f,0.12f,-0.0029f,0.1886f,-0.9679f,2.2096f,0.0032f,-0.7259f,-0.2515f,-4.1488f,0f,0f,0f,1f],start_interpolation: 0,interpolation_duration: 1}
$data merge entity $(bone_r) {transformation: [-1.0001f,-0.0029f,0.0021f,0.37f,-0.0029f,0.1886f,-0.9679f,2.2104f,0.0032f,-0.7259f,-0.2515f,-4.1496f,0f,0f,0f,1f],start_interpolation: 0,interpolation_duration: 1}
$data merge entity $(bone_sad) {transformation: [-1.0001f,-0.0038f,0.0021f,0.1673f,-0.0029f,0.2515f,-0.9679f,2.1894f,0.0032f,-0.9679f,-0.2515f,-4.0331f,0f,0f,0f,1f],start_interpolation: 0,interpolation_duration: 1}
$data merge entity $(bone_head) {transformation: [-1.0001f,-0.0038f,0.0021f,0.2462f,-0.0029f,0.2515f,-0.9679f,1.9168f,0.0032f,-0.9679f,-0.2515f,-4.0397f,0f,0f,0f,1f],start_interpolation: 0,interpolation_duration: 1}
$data merge entity $(bone_6) {transformation: [-0.9922f,-0.0571f,-0.1018f,0.3966f,-0.0265f,0.9595f,-0.278f,1.4429f,0.1136f,-0.2744f,-0.9546f,-3.1403f,0f,0f,0f,1f],start_interpolation: 0,interpolation_duration: 1}
$data merge entity $(bone_12) {transformation: [-0.9922f,-0.1097f,-0.0399f,0.361f,-0.0265f,0.5453f,-0.837f,1.5923f,0.1136f,-0.831f,-0.544f,-3.4165f,0f,0f,0f,1f],start_interpolation: 0,interpolation_duration: 1}
$data merge entity $(bone_10) {transformation: [-0.999f,-0.0047f,-0.0006f,0.2477f,-0.0015f,0.436f,-0.899f,1.7846f,0.0044f,-0.8999f,-0.4356f,-3.7501f,0f,0f,0f,1f],start_interpolation: 0,interpolation_duration: 1}
$data merge entity $(bone_9) {transformation: [-1f,-0.0046f,-0.0008f,0.246f,-0.0015f,0.4802f,-0.8772f,1.9571f,0.0044f,-0.8772f,-0.4802f,-4.0654f,0f,0f,0f,1f],start_interpolation: 0,interpolation_duration: 1}
$data merge entity $(item_display_item_display) {transformation: [-0.3509f,0.1643f,-0.9092f,-0.2319f,-0.4398f,0.8269f,0.3181f,1.9768f,0.8146f,0.5171f,-0.2199f,-3.3687f,0f,0f,0f,1f],start_interpolation: 0,interpolation_duration: 1}
$data merge entity $(bone_2) {transformation: [0.9092f,0.2486f,0.2972f,-0.213f,-0.3181f,0.0491f,0.9353f,1.7615f,0.2199f,-0.9568f,0.1244f,-3.7587f,0f,0f,0f,1f],start_interpolation: 0,interpolation_duration: 1}
$data merge entity $(bone_1) {transformation: [0.9101f,0.3509f,0.1643f,-0.0913f,-0.3184f,0.4398f,0.8269f,1.9178f,0.2201f,-0.8146f,0.5171f,-4.0355f,0f,0f,0f,1f],start_interpolation: 0,interpolation_duration: 1}
$data merge entity $(bone_4) {transformation: [-0.9416f,-0.1818f,0.2386f,0.6871f,-0.3014f,0.5838f,-0.75f,1.6872f,-0.0004f,-0.7888f,-0.6012f,-3.8849f,0f,0f,0f,1f],start_interpolation: 0,interpolation_duration: 1}
$data merge entity $(bone_3) {transformation: [-0.9425f,-0.2656f,0.1394f,0.6041f,-0.3018f,0.8461f,-0.433f,1.9516f,-0.0004f,-0.4608f,-0.8782f,-4.0289f,0f,0f,0f,1f],start_interpolation: 0,interpolation_duration: 1}
$data merge entity $(bone_8) {transformation: [-0.9841f,0.1201f,0.1239f,0.0669f,0.0357f,0.8456f,-0.5318f,1.3952f,-0.1684f,-0.5201f,-0.8366f,-3.1679f,0f,0f,0f,1f],start_interpolation: 0,interpolation_duration: 1}
$data merge entity $(bone_7) {transformation: [-0.9841f,0.152f,0.0815f,0.1205f,0.0357f,0.6439f,-0.7637f,1.5988f,-0.1684f,-0.7498f,-0.6388f,-3.4376f,0f,0f,0f,1f],start_interpolation: 0,interpolation_duration: 1}