# This file was generated by Animated Java via MC-Build. It is not recommended to edit this file directly.
$data merge entity $(bone_layer) {transformation: [-1.0011f,-0.0037f,0.0018f,0.2463f,-0.0028f,0.2716f,-0.9634f,1.9069f,0.0031f,-0.9634f,-0.2716f,-4.0667f,0f,0f,0f,1f],start_interpolation: 0,interpolation_duration: 1}
$data merge entity $(bone_l_1) {transformation: [-0.9001f,-0.0034f,0.0018f,0.1454f,-0.0025f,0.2442f,-0.9625f,2.1676f,0.0028f,-0.8662f,-0.2713f,-4.1227f,0f,0f,0f,1f],start_interpolation: 0,interpolation_duration: 1}
$data merge entity $(bone_eye_l) {transformation: [-1.0001f,-0.0037f,0.0018f,0.2464f,-0.0028f,0.2713f,-0.9625f,1.8948f,0.0031f,-0.9625f,-0.2713f,-4.0701f,0f,0f,0f,1f],start_interpolation: 0,interpolation_duration: 1}
$data merge entity $(bone_r_1) {transformation: [-0.9001f,-0.0034f,0.0018f,0.3454f,-0.0025f,0.2442f,-0.9625f,2.1802f,0.0028f,-0.8662f,-0.2713f,-4.1199f,0f,0f,0f,1f],start_interpolation: 0,interpolation_duration: 1}
$data merge entity $(bone_eye_r) {transformation: [-1.0001f,-0.0037f,0.0018f,0.3704f,-0.0028f,0.2713f,-0.9625f,2.1742f,0.0031f,-0.9625f,-0.2713f,-4.1217f,0f,0f,0f,1f],start_interpolation: 0,interpolation_duration: 1}
$data merge entity $(bone_eyes_down) {transformation: [-1.0001f,-0.0037f,0.0018f,0.2462f,-0.0028f,0.2713f,-0.9625f,1.9153f,0.0031f,-0.9625f,-0.2713f,-4.0968f,0f,0f,0f,1f],start_interpolation: 0,interpolation_duration: 1}
$data merge entity $(bone_eyes_up) {transformation: [-1.0001f,-0.0037f,0.0018f,0.2455f,-0.0028f,0.2713f,-0.9625f,1.9662f,0.0031f,-0.9625f,-0.2713f,-4.2773f,0f,0f,0f,1f],start_interpolation: 0,interpolation_duration: 1}
$data merge entity $(bone_bone) {transformation: [-1.0001f,-0.0037f,0.0018f,0.2463f,-0.0028f,0.2713f,-0.9625f,1.9069f,0.0031f,-0.9625f,-0.2713f,-4.0667f,0f,0f,0f,1f],start_interpolation: 0,interpolation_duration: 1}
$data merge entity $(bone_l) {transformation: [-1.0001f,-0.0028f,0.0018f,0.1202f,-0.0028f,0.2035f,-0.9625f,2.2019f,0.0031f,-0.7219f,-0.2713f,-4.1698f,0f,0f,0f,1f],start_interpolation: 0,interpolation_duration: 1}
$data merge entity $(bone_r) {transformation: [-1.0001f,-0.0028f,0.0018f,0.3702f,-0.0028f,0.2035f,-0.9625f,2.2026f,0.0031f,-0.7219f,-0.2713f,-4.1705f,0f,0f,0f,1f],start_interpolation: 0,interpolation_duration: 1}
$data merge entity $(bone_sad) {transformation: [-1.0001f,-0.0037f,0.0018f,0.1675f,-0.0028f,0.2713f,-0.9625f,2.1793f,0.0031f,-0.9625f,-0.2713f,-4.0546f,0f,0f,0f,1f],start_interpolation: 0,interpolation_duration: 1}
$data merge entity $(bone_head) {transformation: [-1.0001f,-0.0037f,0.0018f,0.2463f,-0.0028f,0.2713f,-0.9625f,1.9069f,0.0031f,-0.9625f,-0.2713f,-4.0667f,0f,0f,0f,1f],start_interpolation: 0,interpolation_duration: 1}
$data merge entity $(bone_6) {transformation: [-0.9929f,-0.0571f,-0.0939f,0.3954f,-0.0282f,0.9579f,-0.2832f,1.4486f,0.1061f,-0.2798f,-0.9539f,-3.1542f,0f,0f,0f,1f],start_interpolation: 0,interpolation_duration: 1}
$data merge entity $(bone_12) {transformation: [-0.9929f,-0.1055f,-0.0307f,0.3615f,-0.0282f,0.5154f,-0.8556f,1.586f,0.1061f,-0.8504f,-0.5147f,-3.4353f,0f,0f,0f,1f],start_interpolation: 0,interpolation_duration: 1}
$data merge entity $(bone_10) {transformation: [-0.999f,-0.0045f,-0.0004f,0.2478f,-0.0015f,0.4021f,-0.9147f,1.7751f,0.0043f,-0.9156f,-0.4017f,-3.7769f,0f,0f,0f,1f],start_interpolation: 0,interpolation_duration: 1}
$data merge entity $(bone_9) {transformation: [-1f,-0.0044f,-0.0008f,0.2462f,-0.0015f,0.4786f,-0.878f,1.9471f,0.0043f,-0.878f,-0.4786f,-4.0925f,0f,0f,0f,1f],start_interpolation: 0,interpolation_duration: 1}
$data merge entity $(item_display_item_display) {transformation: [-0.355f,0.1609f,-0.9082f,-0.2357f,-0.4647f,0.8107f,0.3243f,1.9562f,0.7988f,0.5432f,-0.215f,-3.3955f,0f,0f,0f,1f],start_interpolation: 0,interpolation_duration: 1}
$data merge entity $(bone_2) {transformation: [0.9082f,0.2538f,0.2959f,-0.2145f,-0.3243f,0.0786f,0.9311f,1.7529f,0.215f,-0.9535f,0.1547f,-3.7917f,0f,0f,0f,1f],start_interpolation: 0,interpolation_duration: 1}
$data merge entity $(bone_1) {transformation: [0.9091f,0.355f,0.1609f,-0.0915f,-0.3246f,0.4647f,0.8107f,1.9177f,0.2152f,-0.7988f,0.5432f,-4.0629f,0f,0f,0f,1f],start_interpolation: 0,interpolation_duration: 1}
$data merge entity $(bone_4) {transformation: [-0.9423f,-0.1861f,0.2322f,0.6887f,-0.2991f,0.5932f,-0.7437f,1.676f,0.0031f,-0.7807f,-0.6115f,-3.9132f,0f,0f,0f,1f],start_interpolation: 0,interpolation_duration: 1}
$data merge entity $(bone_3) {transformation: [-0.9433f,-0.2668f,0.1318f,0.6054f,-0.2994f,0.8519f,-0.4234f,1.9422f,0.0032f,-0.4492f,-0.8841f,-4.0536f,0f,0f,0f,1f],start_interpolation: 0,interpolation_duration: 1}
$data merge entity $(bone_8) {transformation: [-0.983f,0.1138f,0.1373f,0.0681f,0.0297f,0.8646f,-0.5007f,1.384f,-0.1755f,-0.4893f,-0.8535f,-3.1993f,0f,0f,0f,1f],start_interpolation: 0,interpolation_duration: 1}
$data merge entity $(bone_7) {transformation: [-0.983f,0.1493f,0.0974f,0.1213f,0.0297f,0.6779f,-0.7341f,1.599f,-0.1755f,-0.7198f,-0.6706f,-3.4604f,0f,0f,0f,1f],start_interpolation: 0,interpolation_duration: 1}