# This file was generated by Animated Java via MC-Build. It is not recommended to edit this file directly.
$data merge entity $(bone_layer) {transformation: [-1.0011f,-0.0037f,0.0016f,0.2465f,-0.0026f,0.2897f,-0.9582f,1.8903f,0.003f,-0.9582f,-0.2897f,-4.1013f,0f,0f,0f,1f],start_interpolation: 0,interpolation_duration: 1}
$data merge entity $(bone_l_1) {transformation: [-0.9001f,-0.0033f,0.0016f,0.1456f,-0.0024f,0.2605f,-0.9572f,2.152f,0.0027f,-0.8615f,-0.2894f,-4.1523f,0f,0f,0f,1f],start_interpolation: 0,interpolation_duration: 1}
$data merge entity $(bone_eye_l) {transformation: [-1.0001f,-0.0037f,0.0016f,0.2465f,-0.0026f,0.2894f,-0.9572f,1.8783f,0.003f,-0.9572f,-0.2894f,-4.1049f,0f,0f,0f,1f],start_interpolation: 0,interpolation_duration: 1}
$data merge entity $(bone_r_1) {transformation: [-0.9001f,-0.0033f,0.0016f,0.3456f,-0.0024f,0.2605f,-0.9572f,2.1645f,0.0027f,-0.8615f,-0.2894f,-4.1493f,0f,0f,0f,1f],start_interpolation: 0,interpolation_duration: 1}
$data merge entity $(bone_eye_r) {transformation: [-1.0001f,-0.0037f,0.0016f,0.3706f,-0.0026f,0.2894f,-0.9572f,2.1586f,0.003f,-0.9572f,-0.2894f,-4.1512f,0f,0f,0f,1f],start_interpolation: 0,interpolation_duration: 1}
$data merge entity $(bone_eyes_down) {transformation: [-1.0001f,-0.0037f,0.0016f,0.2463f,-0.0026f,0.2894f,-0.9572f,1.8993f,0.003f,-0.9572f,-0.2894f,-4.1312f,0f,0f,0f,1f],start_interpolation: 0,interpolation_duration: 1}
$data merge entity $(bone_eyes_up) {transformation: [-1.0001f,-0.0037f,0.0016f,0.2457f,-0.0026f,0.2894f,-0.9572f,1.9536f,0.003f,-0.9572f,-0.2894f,-4.3106f,0f,0f,0f,1f],start_interpolation: 0,interpolation_duration: 1}
$data merge entity $(bone_bone) {transformation: [-1.0001f,-0.0037f,0.0016f,0.2465f,-0.0026f,0.2894f,-0.9572f,1.8903f,0.003f,-0.9572f,-0.2894f,-4.1013f,0f,0f,0f,1f],start_interpolation: 0,interpolation_duration: 1}
$data merge entity $(bone_l) {transformation: [-1.0001f,-0.0028f,0.0016f,0.1204f,-0.0026f,0.217f,-0.9572f,2.1872f,0.003f,-0.7179f,-0.2894f,-4.1987f,0f,0f,0f,1f],start_interpolation: 0,interpolation_duration: 1}
$data merge entity $(bone_r) {transformation: [-1.0001f,-0.0028f,0.0016f,0.3704f,-0.0026f,0.217f,-0.9572f,2.1879f,0.003f,-0.7179f,-0.2894f,-4.1995f,0f,0f,0f,1f],start_interpolation: 0,interpolation_duration: 1}
$data merge entity $(bone_sad) {transformation: [-1.0001f,-0.0037f,0.0016f,0.1677f,-0.0026f,0.2894f,-0.9572f,2.1624f,0.003f,-0.9572f,-0.2894f,-4.084f,0f,0f,0f,1f],start_interpolation: 0,interpolation_duration: 1}
$data merge entity $(bone_head) {transformation: [-1.0001f,-0.0037f,0.0016f,0.2465f,-0.0026f,0.2894f,-0.9572f,1.8903f,0.003f,-0.9572f,-0.2894f,-4.1013f,0f,0f,0f,1f],start_interpolation: 0,interpolation_duration: 1}
$data merge entity $(bone_6) {transformation: [-0.9937f,-0.0574f,-0.0853f,0.394f,-0.0299f,0.9548f,-0.2933f,1.4482f,0.0982f,-0.2901f,-0.9517f,-3.1759f,0f,0f,0f,1f],start_interpolation: 0,interpolation_duration: 1}
$data merge entity $(bone_12) {transformation: [-0.9937f,-0.1005f,-0.0218f,0.362f,-0.0299f,0.486f,-0.8726f,1.5744f,0.0982f,-0.8682f,-0.4859f,-3.4615f,0f,0f,0f,1f],start_interpolation: 0,interpolation_duration: 1}
$data merge entity $(bone_10) {transformation: [-0.999f,-0.0043f,-0.0002f,0.2478f,-0.0014f,0.3693f,-0.9284f,1.7597f,0.0041f,-0.9293f,-0.3689f,-3.8109f,0f,0f,0f,1f],start_interpolation: 0,interpolation_duration: 1}
$data merge entity $(bone_9) {transformation: [-1f,-0.0043f,-0.0007f,0.2463f,-0.0014f,0.475f,-0.88f,1.9304f,0.0041f,-0.88f,-0.475f,-4.1272f,0f,0f,0f,1f],start_interpolation: 0,interpolation_duration: 1}
$data merge entity $(item_display_item_display) {transformation: [-0.3587f,0.1608f,-0.9068f,-0.2378f,-0.4856f,0.7952f,0.332f,1.9306f,0.7846f,0.5656f,-0.2091f,-3.43f,0f,0f,0f,1f],start_interpolation: 0,interpolation_duration: 1}
$data merge entity $(bone_2) {transformation: [0.9068f,0.2571f,0.2973f,-0.2157f,-0.332f,0.104f,0.9259f,1.7381f,0.2091f,-0.9502f,0.181f,-3.8316f,0f,0f,0f,1f],start_interpolation: 0,interpolation_duration: 1}
$data merge entity $(bone_1) {transformation: [0.9077f,0.3587f,0.1608f,-0.0914f,-0.3324f,0.4856f,0.7952f,1.91f,0.2093f,-0.7846f,0.5656f,-4.0977f,0f,0f,0f,1f],start_interpolation: 0,interpolation_duration: 1}
$data merge entity $(bone_4) {transformation: [-0.9425f,-0.1903f,0.2282f,0.6904f,-0.2986f,0.5987f,-0.7396f,1.6591f,0.0066f,-0.7755f,-0.6179f,-3.9481f,0f,0f,0f,1f],start_interpolation: 0,interpolation_duration: 1}
$data merge entity $(bone_3) {transformation: [-0.9434f,-0.2689f,0.1263f,0.6064f,-0.2989f,0.8551f,-0.4173f,1.9263f,0.0066f,-0.4417f,-0.8878f,-4.0861f,0f,0f,0f,1f],start_interpolation: 0,interpolation_duration: 1}
$data merge entity $(bone_8) {transformation: [-0.982f,0.1082f,0.1486f,0.0695f,0.0243f,0.8786f,-0.4762f,1.3689f,-0.1819f,-0.4651f,-0.8655f,-3.2368f,0f,0f,0f,1f],start_interpolation: 0,interpolation_duration: 1}
$data merge entity $(bone_7) {transformation: [-0.982f,0.1463f,0.1113f,0.1221f,0.0243f,0.7049f,-0.7084f,1.5933f,-0.1819f,-0.694f,-0.6956f,-3.4906f,0f,0f,0f,1f],start_interpolation: 0,interpolation_duration: 1}