# This file was generated by Animated Java via MC-Build. It is not recommended to edit this file directly.
$data merge entity $(bone_layer) {transformation: [-1.0011f,-0.0037f,0.0014f,0.2465f,-0.0025f,0.3051f,-0.9534f,1.8659f,0.0031f,-0.9534f,-0.3051f,-4.1452f,0f,0f,0f,1f],start_interpolation: 0,interpolation_duration: 1}
$data merge entity $(bone_l_1) {transformation: [-0.9001f,-0.0033f,0.0014f,0.1457f,-0.0022f,0.2743f,-0.9524f,2.1285f,0.0028f,-0.8572f,-0.3048f,-4.192f,0f,0f,0f,1f],start_interpolation: 0,interpolation_duration: 1}
$data merge entity $(bone_eye_l) {transformation: [-1.0001f,-0.0037f,0.0014f,0.2466f,-0.0024f,0.3048f,-0.9524f,1.854f,0.0031f,-0.9524f,-0.3048f,-4.149f,0f,0f,0f,1f],start_interpolation: 0,interpolation_duration: 1}
$data merge entity $(bone_r_1) {transformation: [-0.9001f,-0.0033f,0.0014f,0.3457f,-0.0022f,0.2743f,-0.9524f,2.1409f,0.0028f,-0.8572f,-0.3048f,-4.1888f,0f,0f,0f,1f],start_interpolation: 0,interpolation_duration: 1}
$data merge entity $(bone_eye_r) {transformation: [-1.0001f,-0.0037f,0.0014f,0.3708f,-0.0024f,0.3048f,-0.9524f,2.135f,0.0031f,-0.9524f,-0.3048f,-4.1908f,0f,0f,0f,1f],start_interpolation: 0,interpolation_duration: 1}
$data merge entity $(bone_eyes_down) {transformation: [-1.0001f,-0.0037f,0.0014f,0.2464f,-0.0024f,0.3048f,-0.9524f,1.8755f,0.0031f,-0.9524f,-0.3048f,-4.1749f,0f,0f,0f,1f],start_interpolation: 0,interpolation_duration: 1}
$data merge entity $(bone_eyes_up) {transformation: [-1.0001f,-0.0037f,0.0014f,0.2457f,-0.0024f,0.3048f,-0.9524f,1.9326f,0.0031f,-0.9524f,-0.3048f,-4.3535f,0f,0f,0f,1f],start_interpolation: 0,interpolation_duration: 1}
$data merge entity $(bone_bone) {transformation: [-1.0001f,-0.0037f,0.0014f,0.2465f,-0.0024f,0.3048f,-0.9524f,1.8659f,0.0031f,-0.9524f,-0.3048f,-4.1452f,0f,0f,0f,1f],start_interpolation: 0,interpolation_duration: 1}
$data merge entity $(bone_l) {transformation: [-1.0001f,-0.0027f,0.0014f,0.1205f,-0.0024f,0.2286f,-0.9524f,2.1645f,0.0031f,-0.7143f,-0.3048f,-4.2378f,0f,0f,0f,1f],start_interpolation: 0,interpolation_duration: 1}
$data merge entity $(bone_r) {transformation: [-1.0001f,-0.0027f,0.0014f,0.3705f,-0.0024f,0.2286f,-0.9524f,2.1651f,0.0031f,-0.7143f,-0.3048f,-4.2386f,0f,0f,0f,1f],start_interpolation: 0,interpolation_duration: 1}
$data merge entity $(bone_sad) {transformation: [-1.0001f,-0.0037f,0.0014f,0.1678f,-0.0024f,0.3048f,-0.9524f,2.1378f,0.0031f,-0.9524f,-0.3048f,-4.1235f,0f,0f,0f,1f],start_interpolation: 0,interpolation_duration: 1}
$data merge entity $(bone_head) {transformation: [-1.0001f,-0.0037f,0.0014f,0.2465f,-0.0024f,0.3048f,-0.9524f,1.8659f,0.0031f,-0.9524f,-0.3048f,-4.1452f,0f,0f,0f,1f],start_interpolation: 0,interpolation_duration: 1}
$data merge entity $(bone_6) {transformation: [-0.9944f,-0.0579f,-0.0761f,0.3925f,-0.0316f,0.9498f,-0.3086f,1.441f,0.0901f,-0.3057f,-0.9476f,-3.2074f,0f,0f,0f,1f],start_interpolation: 0,interpolation_duration: 1}
$data merge entity $(bone_12) {transformation: [-0.9944f,-0.0947f,-0.0133f,0.3625f,-0.0316f,0.4577f,-0.8876f,1.5568f,0.0901f,-0.884f,-0.4582f,-3.4972f,0f,0f,0f,1f],start_interpolation: 0,interpolation_duration: 1}
$data merge entity $(bone_10) {transformation: [-0.999f,-0.0042f,0f,0.2479f,-0.0014f,0.3382f,-0.9401f,1.7375f,0.004f,-0.9411f,-0.3378f,-3.8539f,0f,0f,0f,1f],start_interpolation: 0,interpolation_duration: 1}
$data merge entity $(bone_9) {transformation: [-1f,-0.0042f,-0.0006f,0.2464f,-0.0014f,0.4688f,-0.8833f,1.9059f,0.004f,-0.8833f,-0.4688f,-4.1714f,0f,0f,0f,1f],start_interpolation: 0,interpolation_duration: 1}
$data merge entity $(item_display_item_display) {transformation: [-0.3621f,0.1645f,-0.9048f,-0.2381f,-0.5016f,0.7811f,0.3417f,1.8996f,0.7729f,0.584f,-0.2022f,-3.474f,0f,0f,0f,1f],start_interpolation: 0,interpolation_duration: 1}
$data merge entity $(bone_2) {transformation: [0.9048f,0.2587f,0.3021f,-0.2167f,-0.3417f,0.1245f,0.9199f,1.7164f,0.2022f,-0.9473f,0.2026f,-3.8799f,0f,0f,0f,1f],start_interpolation: 0,interpolation_duration: 1}
$data merge entity $(bone_1) {transformation: [0.9057f,0.3621f,0.1645f,-0.0911f,-0.342f,0.5016f,0.7811f,1.8937f,0.2024f,-0.7729f,0.584f,-4.1419f,0f,0f,0f,1f],start_interpolation: 0,interpolation_duration: 1}
$data merge entity $(bone_4) {transformation: [-0.9419f,-0.1945f,0.2269f,0.6921f,-0.3002f,0.5998f,-0.738f,1.6356f,0.0098f,-0.7736f,-0.6203f,-3.9913f,0f,0f,0f,1f],start_interpolation: 0,interpolation_duration: 1}
$data merge entity $(bone_3) {transformation: [-0.9429f,-0.2722f,0.1235f,0.6071f,-0.3005f,0.8555f,-0.4154f,1.9029f,0.0098f,-0.4389f,-0.8891f,-4.1285f,0f,0f,0f,1f],start_interpolation: 0,interpolation_duration: 1}
$data merge entity $(bone_8) {transformation: [-0.9811f,0.1035f,0.1576f,0.0709f,0.0192f,0.8873f,-0.4601f,1.3494f,-0.1873f,-0.4494f,-0.8726f,-3.2817f,0f,0f,0f,1f],start_interpolation: 0,interpolation_duration: 1}
$data merge entity $(bone_7) {transformation: [-0.9811f,0.1432f,0.1227f,0.1229f,0.0192f,0.7244f,-0.6886f,1.5807f,-0.1873f,-0.6743f,-0.7133f,-3.53f,0f,0f,0f,1f],start_interpolation: 0,interpolation_duration: 1}