# This file was generated by Animated Java via MC-Build. It is not recommended to edit this file directly.
$data merge entity $(bone_layer) {transformation: [-1.0011f,-0.0037f,0.0012f,0.2465f,-0.0023f,0.3171f,-0.9495f,1.8329f,0.0032f,-0.9494f,-0.3171f,-4.2003f,0f,0f,0f,1f],start_interpolation: 0,interpolation_duration: 1}
$data merge entity $(bone_l_1) {transformation: [-0.9001f,-0.0034f,0.0012f,0.1458f,-0.0021f,0.2851f,-0.9485f,2.0961f,0.0028f,-0.8536f,-0.3168f,-4.2438f,0f,0f,0f,1f],start_interpolation: 0,interpolation_duration: 1}
$data merge entity $(bone_eye_l) {transformation: [-1.0001f,-0.0037f,0.0012f,0.2466f,-0.0023f,0.3168f,-0.9485f,1.821f,0.0032f,-0.9485f,-0.3168f,-4.2042f,0f,0f,0f,1f],start_interpolation: 0,interpolation_duration: 1}
$data merge entity $(bone_r_1) {transformation: [-0.9001f,-0.0034f,0.0012f,0.3458f,-0.0021f,0.2851f,-0.9485f,2.1084f,0.0028f,-0.8536f,-0.3168f,-4.2404f,0f,0f,0f,1f],start_interpolation: 0,interpolation_duration: 1}
$data merge entity $(bone_eye_r) {transformation: [-1.0001f,-0.0037f,0.0012f,0.3708f,-0.0023f,0.3168f,-0.9485f,2.1025f,0.0032f,-0.9485f,-0.3168f,-4.2425f,0f,0f,0f,1f],start_interpolation: 0,interpolation_duration: 1}
$data merge entity $(bone_eyes_down) {transformation: [-1.0001f,-0.0037f,0.0012f,0.2464f,-0.0023f,0.3168f,-0.9485f,1.8428f,0.0032f,-0.9485f,-0.3168f,-4.2299f,0f,0f,0f,1f],start_interpolation: 0,interpolation_duration: 1}
$data merge entity $(bone_eyes_up) {transformation: [-1.0001f,-0.0037f,0.0012f,0.2457f,-0.0023f,0.3168f,-0.9485f,1.9022f,0.0032f,-0.9485f,-0.3168f,-4.4077f,0f,0f,0f,1f],start_interpolation: 0,interpolation_duration: 1}
$data merge entity $(bone_bone) {transformation: [-1.0001f,-0.0037f,0.0012f,0.2465f,-0.0023f,0.3168f,-0.9485f,1.8329f,0.0032f,-0.9485f,-0.3168f,-4.2003f,0f,0f,0f,1f],start_interpolation: 0,interpolation_duration: 1}
$data merge entity $(bone_l) {transformation: [-1.0001f,-0.0028f,0.0012f,0.1206f,-0.0023f,0.2376f,-0.9485f,2.1326f,0.0032f,-0.7114f,-0.3168f,-4.2891f,0f,0f,0f,1f],start_interpolation: 0,interpolation_duration: 1}
$data merge entity $(bone_r) {transformation: [-1.0001f,-0.0028f,0.0012f,0.3706f,-0.0023f,0.2376f,-0.9485f,2.1332f,0.0032f,-0.7114f,-0.3168f,-4.2899f,0f,0f,0f,1f],start_interpolation: 0,interpolation_duration: 1}
$data merge entity $(bone_sad) {transformation: [-1.0001f,-0.0037f,0.0012f,0.1679f,-0.0023f,0.3168f,-0.9485f,2.1045f,0.0032f,-0.9485f,-0.3168f,-4.1752f,0f,0f,0f,1f],start_interpolation: 0,interpolation_duration: 1}
$data merge entity $(bone_head) {transformation: [-1.0001f,-0.0037f,0.0012f,0.2465f,-0.0023f,0.3168f,-0.9485f,1.8329f,0.0032f,-0.9485f,-0.3168f,-4.2003f,0f,0f,0f,1f],start_interpolation: 0,interpolation_duration: 1}
$data merge entity $(bone_6) {transformation: [-0.9951f,-0.0581f,-0.0667f,0.3906f,-0.0328f,0.9427f,-0.3296f,1.426f,0.082f,-0.3271f,-0.9412f,-3.2508f,0f,0f,0f,1f],start_interpolation: 0,interpolation_duration: 1}
$data merge entity $(bone_12) {transformation: [-0.9951f,-0.0882f,-0.0059f,0.3629f,-0.0328f,0.4313f,-0.9007f,1.5326f,0.082f,-0.8979f,-0.4321f,-3.5443f,0f,0f,0f,1f],start_interpolation: 0,interpolation_duration: 1}
$data merge entity $(bone_10) {transformation: [-0.999f,-0.0042f,0.0001f,0.2479f,-0.0014f,0.3095f,-0.95f,1.7075f,0.0039f,-0.9509f,-0.3092f,-3.9077f,0f,0f,0f,1f],start_interpolation: 0,interpolation_duration: 1}
$data merge entity $(bone_9) {transformation: [-1f,-0.0041f,-0.0006f,0.2464f,-0.0014f,0.4593f,-0.8883f,1.8726f,0.004f,-0.8883f,-0.4593f,-4.2269f,0f,0f,0f,1f],start_interpolation: 0,interpolation_duration: 1}
$data merge entity $(item_display_item_display) {transformation: [-0.3655f,0.1725f,-0.9019f,-0.2366f,-0.5122f,0.7688f,0.3535f,1.8626f,0.7643f,0.5977f,-0.1944f,-3.5291f,0f,0f,0f,1f],start_interpolation: 0,interpolation_duration: 1}
$data merge entity $(bone_2) {transformation: [0.9019f,0.2584f,0.3108f,-0.2174f,-0.3535f,0.1393f,0.9133f,1.6865f,0.1944f,-0.9453f,0.2187f,-3.9382f,0f,0f,0f,1f],start_interpolation: 0,interpolation_duration: 1}
$data merge entity $(bone_1) {transformation: [0.9028f,0.3655f,0.1725f,-0.0907f,-0.3538f,0.5122f,0.7688f,1.8674f,0.1946f,-0.7643f,0.5977f,-4.1972f,0f,0f,0f,1f],start_interpolation: 0,interpolation_duration: 1}
$data merge entity $(bone_4) {transformation: [-0.9406f,-0.1985f,0.2289f,0.6938f,-0.3042f,0.5962f,-0.7393f,1.6047f,0.0127f,-0.7753f,-0.618f,-4.0448f,0f,0f,0f,1f],start_interpolation: 0,interpolation_duration: 1}
$data merge entity $(bone_3) {transformation: [-0.9415f,-0.2767f,0.1236f,0.6073f,-0.3045f,0.8527f,-0.418f,1.8712f,0.0127f,-0.4415f,-0.8878f,-4.1828f,0f,0f,0f,1f],start_interpolation: 0,interpolation_duration: 1}
$data merge entity $(bone_8) {transformation: [-0.9804f,0.1003f,0.1643f,0.072f,0.0145f,0.8905f,-0.454f,1.3247f,-0.1917f,-0.4437f,-0.8746f,-3.3353f,0f,0f,0f,1f],start_interpolation: 0,interpolation_duration: 1}
$data merge entity $(bone_7) {transformation: [-0.9804f,0.1407f,0.1313f,0.1236f,0.0145f,0.7358f,-0.6765f,1.5603f,-0.1917f,-0.6623f,-0.7233f,-3.5804f,0f,0f,0f,1f],start_interpolation: 0,interpolation_duration: 1}