# This file was generated by Animated Java via MC-Build. It is not recommended to edit this file directly.
$data merge entity $(bone_layer) {transformation: [-1.0011f,-0.0039f,0.001f,0.2465f,-0.0022f,0.3247f,-0.9469f,1.7901f,0.0034f,-0.9469f,-0.3247f,-4.2683f,0f,0f,0f,1f],start_interpolation: 0,interpolation_duration: 1}
$data merge entity $(bone_l_1) {transformation: [-0.9001f,-0.0035f,0.001f,0.1457f,-0.002f,0.2919f,-0.9459f,2.0536f,0.003f,-0.8513f,-0.3243f,-4.3097f,0f,0f,0f,1f],start_interpolation: 0,interpolation_duration: 1}
$data merge entity $(bone_eye_l) {transformation: [-1.0001f,-0.0039f,0.001f,0.2465f,-0.0022f,0.3243f,-0.9459f,1.7782f,0.0034f,-0.9459f,-0.3243f,-4.2724f,0f,0f,0f,1f],start_interpolation: 0,interpolation_duration: 1}
$data merge entity $(bone_r_1) {transformation: [-0.9001f,-0.0035f,0.001f,0.3457f,-0.002f,0.2919f,-0.9459f,2.0658f,0.003f,-0.8513f,-0.3243f,-4.3063f,0f,0f,0f,1f],start_interpolation: 0,interpolation_duration: 1}
$data merge entity $(bone_eye_r) {transformation: [-1.0001f,-0.0039f,0.001f,0.3708f,-0.0022f,0.3243f,-0.9459f,2.06f,0.0034f,-0.9459f,-0.3243f,-4.3085f,0f,0f,0f,1f],start_interpolation: 0,interpolation_duration: 1}
$data merge entity $(bone_eyes_down) {transformation: [-1.0001f,-0.0039f,0.001f,0.2463f,-0.0022f,0.3243f,-0.9459f,1.8002f,0.0034f,-0.9459f,-0.3243f,-4.2979f,0f,0f,0f,1f],start_interpolation: 0,interpolation_duration: 1}
$data merge entity $(bone_eyes_up) {transformation: [-1.0001f,-0.0039f,0.001f,0.2456f,-0.0022f,0.3243f,-0.9459f,1.861f,0.0034f,-0.9459f,-0.3243f,-4.4753f,0f,0f,0f,1f],start_interpolation: 0,interpolation_duration: 1}
$data merge entity $(bone_bone) {transformation: [-1.0001f,-0.0039f,0.001f,0.2465f,-0.0022f,0.3243f,-0.9459f,1.7901f,0.0034f,-0.9459f,-0.3243f,-4.2683f,0f,0f,0f,1f],start_interpolation: 0,interpolation_duration: 1}
$data merge entity $(bone_l) {transformation: [-1.0001f,-0.0029f,0.001f,0.1205f,-0.0022f,0.2432f,-0.9459f,2.0905f,0.0034f,-0.7095f,-0.3243f,-4.3548f,0f,0f,0f,1f],start_interpolation: 0,interpolation_duration: 1}
$data merge entity $(bone_r) {transformation: [-1.0001f,-0.0029f,0.001f,0.3705f,-0.0022f,0.2432f,-0.9459f,2.091f,0.0034f,-0.7095f,-0.3243f,-4.3556f,0f,0f,0f,1f],start_interpolation: 0,interpolation_duration: 1}
$data merge entity $(bone_sad) {transformation: [-1.0001f,-0.0039f,0.001f,0.1678f,-0.0022f,0.3243f,-0.9459f,2.0614f,0.0034f,-0.9459f,-0.3243f,-4.2411f,0f,0f,0f,1f],start_interpolation: 0,interpolation_duration: 1}
$data merge entity $(bone_head) {transformation: [-1.0001f,-0.0039f,0.001f,0.2465f,-0.0022f,0.3243f,-0.9459f,1.7901f,0.0034f,-0.9459f,-0.3243f,-4.2683f,0f,0f,0f,1f],start_interpolation: 0,interpolation_duration: 1}
$data merge entity $(bone_6) {transformation: [-0.9957f,-0.0576f,-0.0572f,0.3885f,-0.0334f,0.9327f,-0.3568f,1.4025f,0.0739f,-0.3546f,-0.9319f,-3.3078f,0f,0f,0f,1f],start_interpolation: 0,interpolation_duration: 1}
$data merge entity $(bone_12) {transformation: [-0.9957f,-0.0812f,0.0002f,0.3632f,-0.0334f,0.4073f,-0.9118f,1.5013f,0.0739f,-0.9097f,-0.4082f,-3.6048f,0f,0f,0f,1f],start_interpolation: 0,interpolation_duration: 1}
$data merge entity $(bone_10) {transformation: [-0.999f,-0.0042f,0.0002f,0.2478f,-0.0014f,0.2838f,-0.9579f,1.6691f,0.004f,-0.9589f,-0.2836f,-3.9739f,0f,0f,0f,1f],start_interpolation: 0,interpolation_duration: 1}
$data merge entity $(bone_9) {transformation: [-1f,-0.0042f,-0.0005f,0.2463f,-0.0014f,0.446f,-0.895f,1.8294f,0.004f,-0.895f,-0.446f,-4.2956f,0f,0f,0f,1f],start_interpolation: 0,interpolation_duration: 1}
$data merge entity $(item_display_item_display) {transformation: [-0.3692f,0.1852f,-0.8979f,-0.2333f,-0.5167f,0.759f,0.3679f,1.8189f,0.7595f,0.6064f,-0.1862f,-3.5969f,0f,0f,0f,1f],start_interpolation: 0,interpolation_duration: 1}
$data merge entity $(bone_2) {transformation: [0.8979f,0.2563f,0.3239f,-0.2181f,-0.3679f,0.1475f,0.9063f,1.6476f,0.1862f,-0.9446f,0.2286f,-4.0083f,0f,0f,0f,1f],start_interpolation: 0,interpolation_duration: 1}
$data merge entity $(bone_1) {transformation: [0.8988f,0.3692f,0.1852f,-0.0901f,-0.3682f,0.5167f,0.759f,1.83f,0.1864f,-0.7595f,0.6064f,-4.2655f,0f,0f,0f,1f],start_interpolation: 0,interpolation_duration: 1}
$data merge entity $(bone_4) {transformation: [-0.9384f,-0.2025f,0.2345f,0.6955f,-0.3109f,0.5872f,-0.7436f,1.5655f,0.0153f,-0.7812f,-0.6108f,-4.1102f,0f,0f,0f,1f],start_interpolation: 0,interpolation_duration: 1}
$data merge entity $(bone_3) {transformation: [-0.9393f,-0.2826f,0.127f,0.6071f,-0.3112f,0.8464f,-0.4257f,1.83f,0.0153f,-0.4499f,-0.8837f,-4.2508f,0f,0f,0f,1f],start_interpolation: 0,interpolation_duration: 1}
$data merge entity $(bone_8) {transformation: [-0.9798f,0.0989f,0.1684f,0.0729f,0.0101f,0.8877f,-0.4596f,1.2943f,-0.1947f,-0.4495f,-0.8709f,-3.3989f,0f,0f,0f,1f],start_interpolation: 0,interpolation_duration: 1}
$data merge entity $(bone_7) {transformation: [-0.9798f,0.1391f,0.137f,0.1241f,0.0101f,0.7385f,-0.6737f,1.5313f,-0.1947f,-0.6596f,-0.7249f,-3.6437f,0f,0f,0f,1f],start_interpolation: 0,interpolation_duration: 1}