# This file was generated by Animated Java via MC-Build. It is not recommended to edit this file directly.
$data merge entity $(bone_layer) {transformation: [-1.0011f,-0.0042f,0.0009f,0.2462f,-0.0021f,0.3027f,-0.9541f,1.6549f,0.0037f,-0.9541f,-0.3027f,-4.4559f,0f,0f,0f,1f],start_interpolation: 0,interpolation_duration: 1}
$data merge entity $(bone_l_1) {transformation: [-0.9001f,-0.0038f,0.0009f,0.1455f,-0.0019f,0.2721f,-0.9532f,1.9174f,0.0033f,-0.8579f,-0.3024f,-4.5033f,0f,0f,0f,1f],start_interpolation: 0,interpolation_duration: 1}
$data merge entity $(bone_eye_l) {transformation: [-1.0001f,-0.0042f,0.0009f,0.2462f,-0.0021f,0.3024f,-0.9532f,1.643f,0.0037f,-0.9532f,-0.3024f,-4.4597f,0f,0f,0f,1f],start_interpolation: 0,interpolation_duration: 1}
$data merge entity $(bone_r_1) {transformation: [-0.9001f,-0.0038f,0.0009f,0.3455f,-0.0019f,0.2721f,-0.9532f,1.9297f,0.0033f,-0.8579f,-0.3024f,-4.5003f,0f,0f,0f,1f],start_interpolation: 0,interpolation_duration: 1}
$data merge entity $(bone_eye_r) {transformation: [-1.0001f,-0.0042f,0.0009f,0.3705f,-0.0021f,0.3024f,-0.9532f,1.9238f,0.0037f,-0.9532f,-0.3024f,-4.5023f,0f,0f,0f,1f],start_interpolation: 0,interpolation_duration: 1}
$data merge entity $(bone_eyes_down) {transformation: [-1.0001f,-0.0042f,0.0009f,0.2461f,-0.0021f,0.3024f,-0.9532f,1.6644f,0.0037f,-0.9532f,-0.3024f,-4.4857f,0f,0f,0f,1f],start_interpolation: 0,interpolation_duration: 1}
$data merge entity $(bone_eyes_up) {transformation: [-1.0001f,-0.0042f,0.0009f,0.2453f,-0.0021f,0.3024f,-0.9532f,1.7211f,0.0037f,-0.9532f,-0.3024f,-4.6644f,0f,0f,0f,1f],start_interpolation: 0,interpolation_duration: 1}
$data merge entity $(bone_bone) {transformation: [-1.0001f,-0.0042f,0.0009f,0.2462f,-0.0021f,0.3024f,-0.9532f,1.6549f,0.0037f,-0.9532f,-0.3024f,-4.4559f,0f,0f,0f,1f],start_interpolation: 0,interpolation_duration: 1}
$data merge entity $(bone_l) {transformation: [-1.0001f,-0.0031f,0.0009f,0.1202f,-0.0021f,0.2268f,-0.9532f,1.9532f,0.0037f,-0.7149f,-0.3024f,-4.5492f,0f,0f,0f,1f],start_interpolation: 0,interpolation_duration: 1}
$data merge entity $(bone_r) {transformation: [-1.0001f,-0.0031f,0.0009f,0.3702f,-0.0021f,0.2268f,-0.9532f,1.9538f,0.0037f,-0.7149f,-0.3024f,-4.5502f,0f,0f,0f,1f],start_interpolation: 0,interpolation_duration: 1}
$data merge entity $(bone_sad) {transformation: [-1.0001f,-0.0042f,0.0009f,0.1676f,-0.0021f,0.3024f,-0.9532f,1.9268f,0.0037f,-0.9532f,-0.3024f,-4.4349f,0f,0f,0f,1f],start_interpolation: 0,interpolation_duration: 1}
$data merge entity $(bone_head) {transformation: [-1.0001f,-0.0042f,0.0009f,0.2462f,-0.0021f,0.3024f,-0.9532f,1.6549f,0.0037f,-0.9532f,-0.3024f,-4.4559f,0f,0f,0f,1f],start_interpolation: 0,interpolation_duration: 1}
$data merge entity $(bone_6) {transformation: [-0.9965f,-0.053f,-0.0463f,0.385f,-0.0278f,0.9009f,-0.4311f,1.3132f,0.0646f,-0.4297f,-0.9005f,-3.4754f,0f,0f,0f,1f],start_interpolation: 0,interpolation_duration: 1}
$data merge entity $(bone_12) {transformation: [-0.9965f,-0.0703f,0.0018f,0.3628f,-0.0278f,0.3704f,-0.9275f,1.4024f,0.0646f,-0.9262f,-0.3711f,-3.7795f,0f,0f,0f,1f],start_interpolation: 0,interpolation_duration: 1}
$data merge entity $(bone_10) {transformation: [-0.999f,-0.0044f,0.0004f,0.2476f,-0.0015f,0.2341f,-0.9712f,1.5474f,0.0042f,-0.9722f,-0.2338f,-4.1563f,0f,0f,0f,1f],start_interpolation: 0,interpolation_duration: 1}
$data merge entity $(bone_9) {transformation: [-1f,-0.0044f,-0.0004f,0.246f,-0.0015f,0.405f,-0.9143f,1.6929f,0.0042f,-0.9143f,-0.405f,-4.4849f,0f,0f,0f,1f],start_interpolation: 0,interpolation_duration: 1}
$data merge entity $(item_display_item_display) {transformation: [-0.3794f,0.232f,-0.8827f,-0.219f,-0.5065f,0.7431f,0.4118f,1.6913f,0.7613f,0.61f,-0.1659f,-3.7822f,0f,0f,0f,1f],start_interpolation: 0,interpolation_duration: 1}
$data merge entity $(bone_2) {transformation: [0.8827f,0.2458f,0.3706f,-0.2194f,-0.4118f,0.145f,0.8875f,1.5238f,0.1659f,-0.9478f,0.2311f,-4.1954f,0f,0f,0f,1f],start_interpolation: 0,interpolation_duration: 1}
$data merge entity $(bone_1) {transformation: [0.8835f,0.3794f,0.232f,-0.0876f,-0.4122f,0.5065f,0.7431f,1.7026f,0.1661f,-0.7613f,0.61f,-4.4533f,0f,0f,0f,1f],start_interpolation: 0,interpolation_duration: 1}
$data merge entity $(bone_4) {transformation: [-0.9291f,-0.2123f,0.2614f,0.7f,-0.3371f,0.5441f,-0.764f,1.4405f,0.0227f,-0.8093f,-0.5735f,-4.2869f,0f,0f,0f,1f],start_interpolation: 0,interpolation_duration: 1}
$data merge entity $(bone_3) {transformation: [-0.93f,-0.3029f,0.1471f,0.6054f,-0.3375f,0.816f,-0.4624f,1.6955f,0.0227f,-0.491f,-0.8618f,-4.4404f,0f,0f,0f,1f],start_interpolation: 0,interpolation_duration: 1}
$data merge entity $(bone_8) {transformation: [-0.9795f,0.102f,0.1683f,0.0733f,0.0005f,0.8573f,-0.5141f,1.1927f,-0.1965f,-0.5045f,-0.8399f,-3.5686f,0f,0f,0f,1f],start_interpolation: 0,interpolation_duration: 1}
$data merge entity $(bone_7) {transformation: [-0.9795f,0.1381f,0.1401f,0.1245f,0.0005f,0.7151f,-0.6986f,1.4235f,-0.1965f,-0.6852f,-0.7003f,-3.8228f,0f,0f,0f,1f],start_interpolation: 0,interpolation_duration: 1}