# This file was generated by Animated Java via MC-Build. It is not recommended to edit this file directly.
$data merge entity $(bone_layer) {transformation: [-1.0011f,-0.0043f,0.0009f,0.246f,-0.002f,0.2659f,-0.965f,1.4649f,0.0039f,-0.965f,-0.2659f,-4.6875f,0f,0f,0f,1f],start_interpolation: 0,interpolation_duration: 1}
$data merge entity $(bone_l_1) {transformation: [-0.9001f,-0.0039f,0.0009f,0.1452f,-0.0018f,0.2391f,-0.9641f,1.7254f,0.0035f,-0.8677f,-0.2656f,-4.7449f,0f,0f,0f,1f],start_interpolation: 0,interpolation_duration: 1}
$data merge entity $(bone_eye_l) {transformation: [-1.0001f,-0.0043f,0.0009f,0.246f,-0.002f,0.2656f,-0.9641f,1.4529f,0.0039f,-0.9641f,-0.2656f,-4.6908f,0f,0f,0f,1f],start_interpolation: 0,interpolation_duration: 1}
$data merge entity $(bone_r_1) {transformation: [-0.9001f,-0.0039f,0.0009f,0.3453f,-0.0018f,0.2391f,-0.9641f,1.7378f,0.0035f,-0.8677f,-0.2656f,-4.7424f,0f,0f,0f,1f],start_interpolation: 0,interpolation_duration: 1}
$data merge entity $(bone_eye_r) {transformation: [-1.0001f,-0.0043f,0.0009f,0.3703f,-0.002f,0.2656f,-0.9641f,1.7319f,0.0039f,-0.9641f,-0.2656f,-4.7441f,0f,0f,0f,1f],start_interpolation: 0,interpolation_duration: 1}
$data merge entity $(bone_eyes_down) {transformation: [-1.0001f,-0.0043f,0.0009f,0.2459f,-0.002f,0.2656f,-0.9641f,1.4732f,0.0039f,-0.9641f,-0.2656f,-4.7176f,0f,0f,0f,1f],start_interpolation: 0,interpolation_duration: 1}
$data merge entity $(bone_eyes_up) {transformation: [-1.0001f,-0.0043f,0.0009f,0.2451f,-0.002f,0.2656f,-0.9641f,1.523f,0.0039f,-0.9641f,-0.2656f,-4.8984f,0f,0f,0f,1f],start_interpolation: 0,interpolation_duration: 1}
$data merge entity $(bone_bone) {transformation: [-1.0001f,-0.0043f,0.0009f,0.246f,-0.002f,0.2656f,-0.9641f,1.4649f,0.0039f,-0.9641f,-0.2656f,-4.6875f,0f,0f,0f,1f],start_interpolation: 0,interpolation_duration: 1}
$data merge entity $(bone_l) {transformation: [-1.0001f,-0.0033f,0.0009f,0.12f,-0.002f,0.1992f,-0.9641f,1.7594f,0.0039f,-0.723f,-0.2656f,-4.7921f,0f,0f,0f,1f],start_interpolation: 0,interpolation_duration: 1}
$data merge entity $(bone_r) {transformation: [-1.0001f,-0.0033f,0.0009f,0.37f,-0.002f,0.1992f,-0.9641f,1.7599f,0.0039f,-0.723f,-0.2656f,-4.7931f,0f,0f,0f,1f],start_interpolation: 0,interpolation_duration: 1}
$data merge entity $(bone_sad) {transformation: [-1.0001f,-0.0043f,0.0009f,0.1674f,-0.002f,0.2656f,-0.9641f,1.7374f,0.0039f,-0.9641f,-0.2656f,-4.6769f,0f,0f,0f,1f],start_interpolation: 0,interpolation_duration: 1}
$data merge entity $(bone_head) {transformation: [-1.0001f,-0.0043f,0.0009f,0.246f,-0.002f,0.2656f,-0.9641f,1.4649f,0.0039f,-0.9641f,-0.2656f,-4.6875f,0f,0f,0f,1f],start_interpolation: 0,interpolation_duration: 1}
$data merge entity $(bone_6) {transformation: [-0.9972f,-0.0494f,-0.034f,0.3817f,-0.0225f,0.834f,-0.5497f,1.1773f,0.0556f,-0.5489f,-0.8339f,-3.686f,0f,0f,0f,1f],start_interpolation: 0,interpolation_duration: 1}
$data merge entity $(bone_12) {transformation: [-0.9972f,-0.0599f,0.0036f,0.3624f,-0.0225f,0.3193f,-0.9464f,1.2548f,0.0556f,-0.9458f,-0.3197f,-4.0001f,0f,0f,0f,1f],start_interpolation: 0,interpolation_duration: 1}
$data merge entity $(bone_10) {transformation: [-0.999f,-0.0045f,0.0007f,0.2475f,-0.0015f,0.1866f,-0.9815f,1.3754f,0.0043f,-0.9824f,-0.1864f,-4.382f,0f,0f,0f,1f],start_interpolation: 0,interpolation_duration: 1}
$data merge entity $(bone_9) {transformation: [-1f,-0.0045f,-0.0001f,0.2458f,-0.0015f,0.3499f,-0.9368f,1.5012f,0.0043f,-0.9368f,-0.3499f,-4.7187f,0f,0f,0f,1f],start_interpolation: 0,interpolation_duration: 1}
$data merge entity $(item_display_item_display) {transformation: [-0.3946f,0.3006f,-0.8549f,-0.1979f,-0.4742f,0.7275f,0.4733f,1.5182f,0.7743f,0.5987f,-0.1458f,-4.0102f,0f,0f,0f,1f],start_interpolation: 0,interpolation_duration: 1}
$data merge entity $(bone_2) {transformation: [0.8549f,0.2306f,0.4392f,-0.2212f,-0.4733f,0.1223f,0.8598f,1.3491f,0.1458f,-0.9548f,0.2154f,-4.4221f,0f,0f,0f,1f],start_interpolation: 0,interpolation_duration: 1}
$data merge entity $(bone_1) {transformation: [0.8558f,0.3946f,0.3006f,-0.0837f,-0.4738f,0.4742f,0.7275f,1.5166f,0.146f,-0.7743f,0.5987f,-4.6845f,0f,0f,0f,1f],start_interpolation: 0,interpolation_duration: 1}
$data merge entity $(bone_4) {transformation: [-0.9128f,-0.2233f,0.3061f,0.7058f,-0.378f,0.469f,-0.7929f,1.2707f,0.0365f,-0.8522f,-0.5084f,-4.5009f,0f,0f,0f,1f],start_interpolation: 0,interpolation_duration: 1}
$data merge entity $(bone_3) {transformation: [-0.9137f,-0.3318f,0.183f,0.6021f,-0.3783f,0.7601f,-0.5205f,1.5082f,0.0365f,-0.5575f,-0.8209f,-4.6751f,0f,0f,0f,1f],start_interpolation: 0,interpolation_duration: 1}
$data merge entity $(bone_8) {transformation: [-0.9802f,0.1102f,0.1586f,0.0726f,-0.0099f,0.7925f,-0.6091f,1.0556f,-0.1926f,-0.5997f,-0.7758f,-3.7695f,0f,0f,0f,1f],start_interpolation: 0,interpolation_duration: 1}
$data merge entity $(bone_7) {transformation: [-0.9802f,0.1394f,0.1337f,0.1243f,-0.0099f,0.6562f,-0.754f,1.269f,-0.1926f,-0.7415f,-0.6416f,-4.043f,0f,0f,0f,1f],start_interpolation: 0,interpolation_duration: 1}