# This file was generated by Animated Java via MC-Build. It is not recommended to edit this file directly.
$data merge entity $(bone_layer) {transformation: [0.6149f,-0.107f,0.7826f,-0.2988f,0.0122f,0.993f,0.1261f,1.641f,-0.7899f,-0.0679f,0.6112f,-0.3844f,0f,0f,0f,1f],start_interpolation: 0,interpolation_duration: 1}
$data merge entity $(bone_l_1) {transformation: [0.5529f,-0.0962f,0.7818f,-0.4483f,0.011f,0.8928f,0.126f,1.7659f,-0.7102f,-0.061f,0.6106f,-0.6256f,0f,0f,0f,1f],start_interpolation: 0,interpolation_duration: 1}
$data merge entity $(bone_eye_l) {transformation: [0.6143f,-0.1068f,0.7818f,-0.2988f,0.0122f,0.992f,0.126f,1.641f,-0.7891f,-0.0678f,0.6106f,-0.3844f,0f,0f,0f,1f],start_interpolation: 0,interpolation_duration: 1}
$data merge entity $(bone_r_1) {transformation: [0.5529f,-0.0962f,0.7818f,-0.5704f,0.011f,0.8928f,0.126f,1.7636f,-0.7102f,-0.061f,0.6106f,-0.4672f,0f,0f,0f,1f],start_interpolation: 0,interpolation_duration: 1}
$data merge entity $(bone_eye_r) {transformation: [0.6143f,-0.1068f,0.7818f,-0.5775f,0.0122f,0.992f,0.126f,1.733f,-0.7891f,-0.0678f,0.6106f,-0.4415f,0f,0f,0f,1f],start_interpolation: 0,interpolation_duration: 1}
$data merge entity $(bone_eyes_down) {transformation: [0.6143f,-0.1068f,0.7818f,-0.3088f,0.0122f,0.992f,0.126f,1.734f,-0.7891f,-0.0678f,0.6106f,-0.3908f,0f,0f,0f,1f],start_interpolation: 0,interpolation_duration: 1}
$data merge entity $(bone_eyes_up) {transformation: [0.6143f,-0.1068f,0.7818f,-0.3222f,0.0122f,0.992f,0.126f,1.8579f,-0.7891f,-0.0678f,0.6106f,-0.3993f,0f,0f,0f,1f],start_interpolation: 0,interpolation_duration: 1}
$data merge entity $(bone_bone) {transformation: [0.6143f,-0.1068f,0.7818f,-0.2988f,0.0122f,0.992f,0.126f,1.641f,-0.7891f,-0.0678f,0.6106f,-0.3844f,0f,0f,0f,1f],start_interpolation: 0,interpolation_duration: 1}
$data merge entity $(bone_l) {transformation: [0.6091f,-0.1002f,0.7818f,-0.4446f,0.0555f,0.7429f,0.126f,1.8164f,-0.7913f,-0.025f,0.6106f,-0.6536f,0f,0f,0f,1f],start_interpolation: 0,interpolation_duration: 1}
$data merge entity $(bone_r) {transformation: [0.6184f,-0.06f,0.7818f,-0.5981f,-0.031f,0.7437f,0.126f,1.8133f,-0.7854f,-0.0766f,0.6106f,-0.4563f,0f,0f,0f,1f],start_interpolation: 0,interpolation_duration: 1}
$data merge entity $(bone_sad) {transformation: [0.6143f,-0.1068f,0.7818f,-0.4652f,0.0122f,0.992f,0.126f,1.6705f,-0.7891f,-0.0678f,0.6106f,-0.6125f,0f,0f,0f,1f],start_interpolation: 0,interpolation_duration: 1}
$data merge entity $(bone_head) {transformation: [0.6143f,-0.1068f,0.7818f,-0.2988f,0.0122f,0.992f,0.126f,1.641f,-0.7891f,-0.0678f,0.6106f,-0.3844f,0f,0f,0f,1f],start_interpolation: 0,interpolation_duration: 1}
$data merge entity $(bone_6) {transformation: [0.5937f,-0.6503f,0.4718f,0.0583f,-0.1663f,0.4752f,0.8639f,0.8217f,-0.786f,-0.5918f,0.1736f,-0.0299f,0f,0f,0f,1f],start_interpolation: 0,interpolation_duration: 1}
$data merge entity $(bone_12) {transformation: [0.5937f,-0.1201f,0.7944f,0.017f,-0.1663f,0.949f,0.2675f,1.1479f,-0.786f,-0.2916f,0.5435f,-0.1301f,0f,0f,0f,1f],start_interpolation: 0,interpolation_duration: 1}
$data merge entity $(bone_10) {transformation: [0.4511f,-0.3512f,0.8194f,-0.0701f,0.0686f,0.9302f,0.3602f,1.4109f,-0.8887f,-0.1065f,0.4437f,-0.2716f,0f,0f,0f,1f],start_interpolation: 0,interpolation_duration: 1}
$data merge entity $(bone_9) {transformation: [0.4515f,-0.636f,0.6258f,-0.2987f,0.0686f,0.7241f,0.6863f,1.6711f,-0.8896f,-0.2669f,0.3706f,-0.3675f,0f,0f,0f,1f],start_interpolation: 0,interpolation_duration: 1}
$data merge entity $(item_display_item_display) {transformation: [-0.6464f,-0.7435f,-0.087f,-0.518f,-0.3584f,0.2061f,0.8977f,1.4504f,-0.6583f,0.6191f,-0.4033f,-0.6816f,0f,0f,0f,1f],start_interpolation: 0,interpolation_duration: 1}
$data merge entity $(bone_2) {transformation: [0.087f,0.9001f,-0.4007f,-0.0803f,-0.8977f,0.2377f,0.3382f,1.455f,0.4033f,0.335f,0.8393f,-0.7657f,0f,0f,0f,1f],start_interpolation: 0,interpolation_duration: 1}
$data merge entity $(bone_1) {transformation: [0.0871f,0.23f,-0.958f,-0.0072f,-0.8986f,0.4131f,0.0173f,1.5971f,0.4037f,0.8698f,0.2451f,-0.4652f,0f,0f,0f,1f],start_interpolation: 0,interpolation_duration: 1}
$data merge entity $(bone_4) {transformation: [0.7038f,0.607f,0.3388f,-0.3338f,-0.5419f,0.7842f,-0.2909f,1.4035f,-0.4379f,0.0163f,0.889f,0.172f,0f,0f,0f,1f],start_interpolation: 0,interpolation_duration: 1}
$data merge entity $(bone_3) {transformation: [0.7046f,-0.0269f,0.6946f,-0.3423f,-0.5425f,0.6147f,0.5672f,1.5957f,-0.4383f,-0.7851f,0.4175f,-0.0734f,0f,0f,0f,1f],start_interpolation: 0,interpolation_duration: 1}
$data merge entity $(bone_8) {transformation: [0.4375f,-0.5273f,0.7277f,-0.1409f,0.3417f,0.8457f,0.4076f,1.0576f,-0.8306f,0.0701f,0.5515f,-0.5282f,0f,0f,0f,1f],start_interpolation: 0,interpolation_duration: 1}
$data merge entity $(bone_7) {transformation: [0.4375f,0.8741f,0.2087f,0.1596f,0.3417f,0.053f,-0.9373f,1.0758f,-0.8306f,0.4827f,-0.2758f,-0.3623f,0f,0f,0f,1f],start_interpolation: 0,interpolation_duration: 1}
data modify entity @s data merge value {"cameras":{"camera1":{"px":2.4070703124999997,"py":0.8839453125,"pz":2.0595312500000005,"ry":123.014375,"rx":-18.700000000000003}},"locators":{}}