# This file was generated by Animated Java via MC-Build. It is not recommended to edit this file directly.
$data merge entity $(bone_layer) {transformation: [-1.0011f,-0.0044f,0.001f,0.2459f,-0.0019f,0.2185f,-0.9769f,1.2368f,0.0041f,-0.9769f,-0.2185f,-4.9458f,0f,0f,0f,1f],start_interpolation: 0,interpolation_duration: 1}
$data merge entity $(bone_l_1) {transformation: [-0.9001f,-0.004f,0.001f,0.1451f,-0.0017f,0.1964f,-0.9759f,1.4942f,0.0037f,-0.8783f,-0.2183f,-5.0159f,0f,0f,0f,1f],start_interpolation: 0,interpolation_duration: 1}
$data merge entity $(bone_eye_l) {transformation: [-1.0001f,-0.0044f,0.001f,0.2459f,-0.0019f,0.2183f,-0.9759f,1.2246f,0.0041f,-0.9759f,-0.2183f,-4.9485f,0f,0f,0f,1f],start_interpolation: 0,interpolation_duration: 1}
$data merge entity $(bone_r_1) {transformation: [-0.9001f,-0.004f,0.001f,0.3451f,-0.0017f,0.1964f,-0.9759f,1.5067f,0.0037f,-0.8783f,-0.2183f,-5.014f,0f,0f,0f,1f],start_interpolation: 0,interpolation_duration: 1}
$data merge entity $(bone_eye_r) {transformation: [-1.0001f,-0.0044f,0.001f,0.3701f,-0.0019f,0.2183f,-0.9759f,1.5007f,0.0041f,-0.9759f,-0.2183f,-5.0155f,0f,0f,0f,1f],start_interpolation: 0,interpolation_duration: 1}
$data merge entity $(bone_eyes_down) {transformation: [-1.0001f,-0.0044f,0.001f,0.2458f,-0.0019f,0.2183f,-0.9759f,1.2436f,0.0041f,-0.9759f,-0.2183f,-4.9763f,0f,0f,0f,1f],start_interpolation: 0,interpolation_duration: 1}
$data merge entity $(bone_eyes_up) {transformation: [-1.0001f,-0.0044f,0.001f,0.2449f,-0.0019f,0.2183f,-0.9759f,1.2846f,0.0041f,-0.9759f,-0.2183f,-5.1593f,0f,0f,0f,1f],start_interpolation: 0,interpolation_duration: 1}
$data merge entity $(bone_bone) {transformation: [-1.0001f,-0.0044f,0.001f,0.2459f,-0.0019f,0.2183f,-0.9759f,1.2368f,0.0041f,-0.9759f,-0.2183f,-4.9458f,0f,0f,0f,1f],start_interpolation: 0,interpolation_duration: 1}
$data merge entity $(bone_l) {transformation: [-1.0001f,-0.0033f,0.001f,0.1198f,-0.0019f,0.1637f,-0.9759f,1.5259f,0.0041f,-0.7319f,-0.2183f,-5.0647f,0f,0f,0f,1f],start_interpolation: 0,interpolation_duration: 1}
$data merge entity $(bone_r) {transformation: [-1.0001f,-0.0033f,0.001f,0.3699f,-0.0019f,0.1637f,-0.9759f,1.5263f,0.0041f,-0.7319f,-0.2183f,-5.0658f,0f,0f,0f,1f],start_interpolation: 0,interpolation_duration: 1}
$data merge entity $(bone_sad) {transformation: [-1.0001f,-0.0044f,0.001f,0.1672f,-0.0019f,0.2183f,-0.9759f,1.5095f,0.0041f,-0.9759f,-0.2183f,-4.9485f,0f,0f,0f,1f],start_interpolation: 0,interpolation_duration: 1}
$data merge entity $(bone_head) {transformation: [-1.0001f,-0.0044f,0.001f,0.2459f,-0.0019f,0.2183f,-0.9759f,1.2368f,0.0041f,-0.9759f,-0.2183f,-4.9458f,0f,0f,0f,1f],start_interpolation: 0,interpolation_duration: 1}
$data merge entity $(bone_6) {transformation: [-0.9977f,-0.0454f,-0.0217f,0.3785f,-0.0181f,0.7258f,-0.6863f,1.0089f,0.0469f,-0.686f,-0.726f,-3.9245f,0f,0f,0f,1f],start_interpolation: 0,interpolation_duration: 1}
$data merge entity $(bone_12) {transformation: [-0.9977f,-0.05f,0.0054f,0.362f,-0.0181f,0.2579f,-0.965f,1.0725f,0.0469f,-0.9649f,-0.2582f,-4.2506f,0f,0f,0f,1f],start_interpolation: 0,interpolation_duration: 1}
$data merge entity $(bone_10) {transformation: [-0.999f,-0.0045f,0.0009f,0.2473f,-0.0015f,0.1421f,-0.9889f,1.1685f,0.0043f,-0.9898f,-0.1419f,-4.6349f,0f,0f,0f,1f],start_interpolation: 0,interpolation_duration: 1}
$data merge entity $(bone_9) {transformation: [-1f,-0.0046f,0.0002f,0.2457f,-0.0015f,0.2847f,-0.9586f,1.2708f,0.0043f,-0.9586f,-0.2847f,-4.9794f,0f,0f,0f,1f],start_interpolation: 0,interpolation_duration: 1}
$data merge entity $(item_display_item_display) {transformation: [-0.4146f,0.3807f,-0.8126f,-0.1745f,-0.4244f,0.7068f,0.5461f,1.3122f,0.7926f,0.5776f,-0.1326f,-4.2651f,0f,0f,0f,1f],start_interpolation: 0,interpolation_duration: 1}
$data merge entity $(bone_2) {transformation: [0.8126f,0.2148f,0.5203f,-0.224f,-0.5461f,0.0859f,0.8199f,1.1394f,0.1326f,-0.9624f,0.1885f,-4.6731f,0f,0f,0f,1f],start_interpolation: 0,interpolation_duration: 1}
$data merge entity $(bone_1) {transformation: [0.8134f,0.4146f,0.3807f,-0.0791f,-0.5467f,0.4244f,0.7068f,1.2897f,0.1328f,-0.7926f,0.5776f,-4.9419f,0f,0f,0f,1f],start_interpolation: 0,interpolation_duration: 1}
$data merge entity $(bone_4) {transformation: [-0.8899f,-0.2313f,0.3629f,0.711f,-0.4267f,0.3687f,-0.8192f,1.0713f,0.059f,-0.8981f,-0.422f,-4.7392f,0f,0f,0f,1f],start_interpolation: 0,interpolation_duration: 1}
$data merge entity $(bone_3) {transformation: [-0.8907f,-0.363f,0.2312f,0.5975f,-0.4272f,0.6804f,-0.5866f,1.2839f,0.059f,-0.6356f,-0.762f,-4.9378f,0f,0f,0f,1f],start_interpolation: 0,interpolation_duration: 1}
$data merge entity $(bone_8) {transformation: [-0.9816f,0.1206f,0.1414f,0.0712f,-0.0194f,0.6911f,-0.7218f,0.8962f,-0.1845f,-0.7126f,-0.6761f,-3.9915f,0f,0f,0f,1f],start_interpolation: 0,interpolation_duration: 1}
$data merge entity $(bone_7) {transformation: [-0.9816f,0.1418f,0.1201f,0.1237f,-0.0194f,0.5659f,-0.8236f,1.0819f,-0.1845f,-0.8121f,-0.5525f,-4.2895f,0f,0f,0f,1f],start_interpolation: 0,interpolation_duration: 1}