# This file was generated by Animated Java via MC-Build. It is not recommended to edit this file directly.
$data merge entity $(bone_layer) {transformation: [-1.0011f,-0.0044f,0.0011f,0.2458f,-0.0018f,0.1648f,-0.9873f,0.9882f,0.0041f,-0.9873f,-0.1648f,-5.2142f,0f,0f,0f,1f],start_interpolation: 0,interpolation_duration: 1}
$data merge entity $(bone_l_1) {transformation: [-0.9001f,-0.0039f,0.0011f,0.145f,-0.0016f,0.1482f,-0.9864f,1.2413f,0.0037f,-0.8877f,-0.1646f,-5.2983f,0f,0f,0f,1f],start_interpolation: 0,interpolation_duration: 1}
$data merge entity $(bone_eye_l) {transformation: [-1.0001f,-0.0044f,0.0011f,0.2458f,-0.0018f,0.1646f,-0.9864f,0.9758f,0.0041f,-0.9863f,-0.1646f,-5.2163f,0f,0f,0f,1f],start_interpolation: 0,interpolation_duration: 1}
$data merge entity $(bone_r_1) {transformation: [-0.9001f,-0.0039f,0.0011f,0.345f,-0.0016f,0.1482f,-0.9864f,1.254f,0.0037f,-0.8877f,-0.1646f,-5.2971f,0f,0f,0f,1f],start_interpolation: 0,interpolation_duration: 1}
$data merge entity $(bone_eye_r) {transformation: [-1.0001f,-0.0044f,0.0011f,0.37f,-0.0018f,0.1646f,-0.9864f,1.2479f,0.0041f,-0.9863f,-0.1646f,-5.2982f,0f,0f,0f,1f],start_interpolation: 0,interpolation_duration: 1}
$data merge entity $(bone_eyes_down) {transformation: [-1.0001f,-0.0044f,0.0011f,0.2457f,-0.0018f,0.1646f,-0.9864f,0.9933f,0.0041f,-0.9863f,-0.1646f,-5.2451f,0f,0f,0f,1f],start_interpolation: 0,interpolation_duration: 1}
$data merge entity $(bone_eyes_up) {transformation: [-1.0001f,-0.0044f,0.0011f,0.2449f,-0.0018f,0.1646f,-0.9864f,1.0242f,0.0041f,-0.9863f,-0.1646f,-5.43f,0f,0f,0f,1f],start_interpolation: 0,interpolation_duration: 1}
$data merge entity $(bone_bone) {transformation: [-1.0001f,-0.0044f,0.0011f,0.2458f,-0.0018f,0.1646f,-0.9864f,0.9882f,0.0041f,-0.9863f,-0.1646f,-5.2142f,0f,0f,0f,1f],start_interpolation: 0,interpolation_duration: 1}
$data merge entity $(bone_l) {transformation: [-1.0001f,-0.0033f,0.0011f,0.1198f,-0.0018f,0.1235f,-0.9864f,1.2703f,0.0041f,-0.7398f,-0.1646f,-5.3488f,0f,0f,0f,1f],start_interpolation: 0,interpolation_duration: 1}
$data merge entity $(bone_r) {transformation: [-1.0001f,-0.0033f,0.0011f,0.3698f,-0.0018f,0.1235f,-0.9864f,1.2707f,0.0041f,-0.7398f,-0.1646f,-5.3498f,0f,0f,0f,1f],start_interpolation: 0,interpolation_duration: 1}
$data merge entity $(bone_sad) {transformation: [-1.0001f,-0.0044f,0.0011f,0.1671f,-0.0018f,0.1646f,-0.9864f,1.2603f,0.0041f,-0.9863f,-0.1646f,-5.2318f,0f,0f,0f,1f],start_interpolation: 0,interpolation_duration: 1}
$data merge entity $(bone_head) {transformation: [-1.0001f,-0.0044f,0.0011f,0.2458f,-0.0018f,0.1646f,-0.9864f,0.9882f,0.0041f,-0.9863f,-0.1646f,-5.2142f,0f,0f,0f,1f],start_interpolation: 0,interpolation_duration: 1}
$data merge entity $(bone_6) {transformation: [-0.9981f,-0.0401f,-0.0103f,0.3755f,-0.0148f,0.5785f,-0.8143f,0.8223f,0.0386f,-0.8145f,-0.5789f,-4.176f,0f,0f,0f,1f],start_interpolation: 0,interpolation_duration: 1}
$data merge entity $(bone_12) {transformation: [-0.9981f,-0.0408f,0.0072f,0.3617f,-0.0148f,0.1909f,-0.9805f,0.8703f,0.0386f,-0.9808f,-0.1911f,-4.5146f,0f,0f,0f,1f],start_interpolation: 0,interpolation_duration: 1}
$data merge entity $(bone_10) {transformation: [-0.999f,-0.0044f,0.001f,0.2472f,-0.0015f,0.1011f,-0.9939f,0.9427f,0.0043f,-0.9949f,-0.101f,-4.8992f,0f,0f,0f,1f],start_interpolation: 0,interpolation_duration: 1}
$data merge entity $(bone_9) {transformation: [-1f,-0.0045f,0.0005f,0.2456f,-0.0015f,0.2141f,-0.9768f,1.0196f,0.0043f,-0.9768f,-0.2141f,-5.2502f,0f,0f,0f,1f],start_interpolation: 0,interpolation_duration: 1}
$data merge entity $(item_display_item_display) {transformation: [-0.4377f,0.4625f,-0.7562f,-0.1522f,-0.3621f,0.6776f,0.6223f,1.0875f,0.8108f,0.5524f,-0.1303f,-4.531f,0f,0f,0f,1f],start_interpolation: 0,interpolation_duration: 1}
$data merge entity $(bone_2) {transformation: [0.7562f,0.2013f,0.6041f,-0.2277f,-0.6223f,0.0418f,0.7672f,0.9114f,0.1303f,-0.9682f,0.158f,-4.9336f,0f,0f,0f,1f],start_interpolation: 0,interpolation_duration: 1}
$data merge entity $(bone_1) {transformation: [0.757f,0.4377f,0.4625f,-0.0744f,-0.623f,0.3621f,0.6776f,1.0401f,0.1304f,-0.8108f,0.5524f,-5.2088f,0f,0f,0f,1f],start_interpolation: 0,interpolation_duration: 1}
$data merge entity $(bone_4) {transformation: [-0.8614f,-0.2329f,0.4256f,0.714f,-0.4767f,0.2525f,-0.8339f,0.8572f,0.0904f,-0.937f,-0.3231f,-4.9892f,0f,0f,0f,1f],start_interpolation: 0,interpolation_duration: 1}
$data merge entity $(bone_3) {transformation: [-0.8622f,-0.391f,0.2873f,0.5918f,-0.4772f,0.5813f,-0.649f,1.0389f,0.0905f,-0.7127f,-0.6888f,-5.2119f,0f,0f,0f,1f],start_interpolation: 0,interpolation_duration: 1}
$data merge entity $(bone_8) {transformation: [-0.9834f,0.1306f,0.1188f,0.0695f,-0.0266f,0.5566f,-0.8296f,0.7278f,-0.1742f,-0.8204f,-0.5438f,-4.2243f,0f,0f,0f,1f],start_interpolation: 0,interpolation_duration: 1}
$data merge entity $(bone_7) {transformation: [-0.9834f,0.1441f,0.1019f,0.1227f,-0.0266f,0.4508f,-0.8915f,0.8773f,-0.1742f,-0.8808f,-0.4393f,-4.547f,0f,0f,0f,1f],start_interpolation: 0,interpolation_duration: 1}