# This file was generated by Animated Java via MC-Build. It is not recommended to edit this file directly.
$data merge entity $(bone_layer) {transformation: [-1.0011f,-0.0043f,0.0012f,0.2458f,-0.0016f,0.1095f,-0.995f,0.7375f,0.0041f,-0.995f,-0.1095f,-5.477f,0f,0f,0f,1f],start_interpolation: 0,interpolation_duration: 1}
$data merge entity $(bone_l_1) {transformation: [-0.9001f,-0.0038f,0.0012f,0.145f,-0.0015f,0.0985f,-0.994f,0.9855f,0.0037f,-0.8946f,-0.1094f,-5.5751f,0f,0f,0f,1f],start_interpolation: 0,interpolation_duration: 1}
$data merge entity $(bone_eye_l) {transformation: [-1.0001f,-0.0043f,0.0012f,0.2459f,-0.0016f,0.1094f,-0.994f,0.725f,0.0041f,-0.994f,-0.1094f,-5.4784f,0f,0f,0f,1f],start_interpolation: 0,interpolation_duration: 1}
$data merge entity $(bone_r_1) {transformation: [-0.9001f,-0.0038f,0.0012f,0.345f,-0.0015f,0.0985f,-0.994f,0.9982f,0.0037f,-0.8946f,-0.1094f,-5.5745f,0f,0f,0f,1f],start_interpolation: 0,interpolation_duration: 1}
$data merge entity $(bone_eye_r) {transformation: [-1.0001f,-0.0043f,0.0012f,0.37f,-0.0016f,0.1094f,-0.994f,0.9921f,0.0041f,-0.994f,-0.1094f,-5.5753f,0f,0f,0f,1f],start_interpolation: 0,interpolation_duration: 1}
$data merge entity $(bone_eyes_down) {transformation: [-1.0001f,-0.0043f,0.0012f,0.2457f,-0.0016f,0.1094f,-0.994f,0.7409f,0.0041f,-0.994f,-0.1094f,-5.5081f,0f,0f,0f,1f],start_interpolation: 0,interpolation_duration: 1}
$data merge entity $(bone_eyes_up) {transformation: [-1.0001f,-0.0043f,0.0012f,0.2449f,-0.0016f,0.1094f,-0.994f,0.7614f,0.0041f,-0.994f,-0.1094f,-5.6945f,0f,0f,0f,1f],start_interpolation: 0,interpolation_duration: 1}
$data merge entity $(bone_bone) {transformation: [-1.0001f,-0.0043f,0.0012f,0.2458f,-0.0016f,0.1094f,-0.994f,0.7375f,0.0041f,-0.994f,-0.1094f,-5.477f,0f,0f,0f,1f],start_interpolation: 0,interpolation_duration: 1}
$data merge entity $(bone_l) {transformation: [-1.0001f,-0.0032f,0.0012f,0.1198f,-0.0016f,0.082f,-0.994f,1.0116f,0.0041f,-0.7455f,-0.1094f,-5.6271f,0f,0f,0f,1f],start_interpolation: 0,interpolation_duration: 1}
$data merge entity $(bone_r) {transformation: [-1.0001f,-0.0032f,0.0012f,0.3698f,-0.0016f,0.082f,-0.994f,1.012f,0.0041f,-0.7455f,-0.1094f,-5.6281f,0f,0f,0f,1f],start_interpolation: 0,interpolation_duration: 1}
$data merge entity $(bone_sad) {transformation: [-1.0001f,-0.0043f,0.0012f,0.1671f,-0.0016f,0.1094f,-0.994f,1.0082f,0.0041f,-0.994f,-0.1094f,-5.5098f,0f,0f,0f,1f],start_interpolation: 0,interpolation_duration: 1}
$data merge entity $(bone_head) {transformation: [-1.0001f,-0.0043f,0.0012f,0.2458f,-0.0016f,0.1094f,-0.994f,0.7375f,0.0041f,-0.994f,-0.1094f,-5.477f,0f,0f,0f,1f],start_interpolation: 0,interpolation_duration: 1}
$data merge entity $(bone_6) {transformation: [-0.9984f,-0.0335f,-0.0009f,0.3726f,-0.0128f,0.4058f,-0.9128f,0.6327f,0.0309f,-0.9132f,-0.4062f,-4.4258f,0f,0f,0f,1f],start_interpolation: 0,interpolation_duration: 1}
$data merge entity $(bone_12) {transformation: [-0.9984f,-0.0323f,0.0089f,0.3614f,-0.0128f,0.1234f,-0.9913f,0.6641f,0.0309f,-0.9918f,-0.1236f,-4.7764f,0f,0f,0f,1f],start_interpolation: 0,interpolation_duration: 1}
$data merge entity $(bone_10) {transformation: [-0.999f,-0.0043f,0.0012f,0.2472f,-0.0015f,0.0641f,-0.9969f,0.7148f,0.0042f,-0.9979f,-0.0641f,-5.1595f,0f,0f,0f,1f],start_interpolation: 0,interpolation_duration: 1}
$data merge entity $(bone_9) {transformation: [-1f,-0.0044f,0.0008f,0.2456f,-0.0015f,0.1432f,-0.9897f,0.7663f,0.0042f,-0.9897f,-0.1432f,-5.5152f,0f,0f,0f,1f],start_interpolation: 0,interpolation_duration: 1}
$data merge entity $(item_display_item_display) {transformation: [-0.4619f,0.5372f,-0.6897f,-0.1334f,-0.2938f,0.6403f,0.6936f,0.8602f,0.8249f,0.5288f,-0.1391f,-4.7924f,0f,0f,0f,1f],start_interpolation: 0,interpolation_duration: 1}
$data merge entity $(bone_2) {transformation: [0.6897f,0.1916f,0.6821f,-0.2321f,-0.6936f,-0.0043f,0.7044f,0.6824f,0.1391f,-0.9711f,0.1307f,-5.1893f,0f,0f,0f,1f],start_interpolation: 0,interpolation_duration: 1}
$data merge entity $(bone_1) {transformation: [0.6904f,0.4619f,0.5372f,-0.07f,-0.6943f,0.2938f,0.6403f,0.7874f,0.1393f,-0.8249f,0.5288f,-5.4695f,0f,0f,0f,1f],start_interpolation: 0,interpolation_duration: 1}
$data merge entity $(bone_4) {transformation: [-0.8296f,-0.227f,0.4878f,0.7143f,-0.5222f,0.1321f,-0.8329f,0.6435f,0.1286f,-0.9628f,-0.222f,-5.2378f,0f,0f,0f,1f],start_interpolation: 0,interpolation_duration: 1}
$data merge entity $(bone_3) {transformation: [-0.8304f,-0.4119f,0.3461f,0.5855f,-0.5227f,0.4717f,-0.699f,0.7909f,0.1288f,-0.7788f,-0.6081f,-5.4811f,0f,0f,0f,1f],start_interpolation: 0,interpolation_duration: 1}
$data merge entity $(bone_8) {transformation: [-0.9851f,0.138f,0.0936f,0.0677f,-0.031f,0.4012f,-0.9146f,0.5627f,-0.1635f,-0.9055f,-0.3908f,-4.4575f,0f,0f,0f,1f],start_interpolation: 0,interpolation_duration: 1}
$data merge entity $(bone_7) {transformation: [-0.9851f,0.1454f,0.0816f,0.1215f,-0.031f,0.3224f,-0.9453f,0.6709f,-0.1635f,-0.9353f,-0.3128f,-4.8011f,0f,0f,0f,1f],start_interpolation: 0,interpolation_duration: 1}