# This file was generated by Animated Java via MC-Build. It is not recommended to edit this file directly.
$data merge entity $(bone_layer) {transformation: [-1.0011f,-0.0042f,0.0013f,0.2459f,-0.0015f,0.0574f,-0.9994f,0.5039f,0.0041f,-0.9993f,-0.0574f,-5.7196f,0f,0f,0f,1f],start_interpolation: 0,interpolation_duration: 1}
$data merge entity $(bone_l_1) {transformation: [-0.9001f,-0.0037f,0.0013f,0.145f,-0.0014f,0.0516f,-0.9984f,0.7465f,0.0037f,-0.8985f,-0.0574f,-5.8304f,0f,0f,0f,1f],start_interpolation: 0,interpolation_duration: 1}
$data merge entity $(bone_eye_l) {transformation: [-1.0001f,-0.0042f,0.0013f,0.2459f,-0.0015f,0.0574f,-0.9984f,0.4914f,0.0041f,-0.9983f,-0.0574f,-5.7203f,0f,0f,0f,1f],start_interpolation: 0,interpolation_duration: 1}
$data merge entity $(bone_r_1) {transformation: [-0.9001f,-0.0037f,0.0013f,0.345f,-0.0014f,0.0516f,-0.9984f,0.7592f,0.0037f,-0.8985f,-0.0574f,-5.8305f,0f,0f,0f,1f],start_interpolation: 0,interpolation_duration: 1}
$data merge entity $(bone_eye_r) {transformation: [-1.0001f,-0.0042f,0.0013f,0.3701f,-0.0015f,0.0574f,-0.9984f,0.753f,0.0041f,-0.9983f,-0.0574f,-5.831f,0f,0f,0f,1f],start_interpolation: 0,interpolation_duration: 1}
$data merge entity $(bone_eyes_down) {transformation: [-1.0001f,-0.0042f,0.0013f,0.2457f,-0.0015f,0.0574f,-0.9984f,0.5057f,0.0041f,-0.9983f,-0.0574f,-5.7508f,0f,0f,0f,1f],start_interpolation: 0,interpolation_duration: 1}
$data merge entity $(bone_eyes_up) {transformation: [-1.0001f,-0.0042f,0.0013f,0.245f,-0.0015f,0.0574f,-0.9984f,0.5164f,0.0041f,-0.9983f,-0.0574f,-5.938f,0f,0f,0f,1f],start_interpolation: 0,interpolation_duration: 1}
$data merge entity $(bone_bone) {transformation: [-1.0001f,-0.0042f,0.0013f,0.2459f,-0.0015f,0.0574f,-0.9984f,0.5039f,0.0041f,-0.9983f,-0.0574f,-5.7196f,0f,0f,0f,1f],start_interpolation: 0,interpolation_duration: 1}
$data merge entity $(bone_l) {transformation: [-1.0001f,-0.0031f,0.0013f,0.1198f,-0.0015f,0.043f,-0.9984f,0.7698f,0.0041f,-0.7488f,-0.0574f,-5.8838f,0f,0f,0f,1f],start_interpolation: 0,interpolation_duration: 1}
$data merge entity $(bone_r) {transformation: [-1.0001f,-0.0031f,0.0013f,0.3698f,-0.0015f,0.043f,-0.9984f,0.7702f,0.0041f,-0.7488f,-0.0574f,-5.8848f,0f,0f,0f,1f],start_interpolation: 0,interpolation_duration: 1}
$data merge entity $(bone_sad) {transformation: [-1.0001f,-0.0042f,0.0013f,0.1671f,-0.0015f,0.0574f,-0.9984f,0.7725f,0.0041f,-0.9983f,-0.0574f,-5.7664f,0f,0f,0f,1f],start_interpolation: 0,interpolation_duration: 1}
$data merge entity $(bone_head) {transformation: [-1.0001f,-0.0042f,0.0013f,0.2459f,-0.0015f,0.0574f,-0.9984f,0.5039f,0.0041f,-0.9983f,-0.0574f,-5.7196f,0f,0f,0f,1f],start_interpolation: 0,interpolation_duration: 1}
$data merge entity $(bone_6) {transformation: [-0.9986f,-0.026f,0.0061f,0.3699f,-0.0119f,0.2303f,-0.972f,0.4555f,0.0239f,-0.9727f,-0.2306f,-4.6594f,0f,0f,0f,1f],start_interpolation: 0,interpolation_duration: 1}
$data merge entity $(bone_12) {transformation: [-0.9986f,-0.0246f,0.0104f,0.3611f,-0.0119f,0.0607f,-0.9971f,0.4704f,0.0239f,-0.9979f,-0.0609f,-5.0206f,0f,0f,0f,1f],start_interpolation: 0,interpolation_duration: 1}
$data merge entity $(bone_10) {transformation: [-0.999f,-0.0042f,0.0013f,0.2472f,-0.0014f,0.0317f,-0.9985f,0.5023f,0.0041f,-0.9995f,-0.0317f,-5.4013f,0f,0f,0f,1f],start_interpolation: 0,interpolation_duration: 1}
$data merge entity $(bone_9) {transformation: [-1f,-0.0042f,0.0011f,0.2457f,-0.0014f,0.0773f,-0.997f,0.5301f,0.0041f,-0.997f,-0.0773f,-5.7596f,0f,0f,0f,1f],start_interpolation: 0,interpolation_duration: 1}
$data merge entity $(item_display_item_display) {transformation: [-0.4848f,0.5987f,-0.62f,-0.1198f,-0.2266f,0.5986f,0.7533f,0.6474f,0.8329f,0.5113f,-0.1559f,-5.0346f,0f,0f,0f,1f],start_interpolation: 0,interpolation_duration: 1}
$data merge entity $(bone_2) {transformation: [0.62f,0.1864f,0.7475f,-0.2368f,-0.7533f,-0.0476f,0.6383f,0.47f,0.1559f,-0.971f,0.1114f,-5.4266f,0f,0f,0f,1f],start_interpolation: 0,interpolation_duration: 1}
$data merge entity $(bone_1) {transformation: [0.6206f,0.4848f,0.5987f,-0.0664f,-0.754f,0.2266f,0.5986f,0.5516f,0.1561f,-0.8329f,0.5113f,-5.7097f,0f,0f,0f,1f],start_interpolation: 0,interpolation_duration: 1}
$data merge entity $(bone_4) {transformation: [-0.7977f,-0.2151f,0.5435f,0.712f,-0.5591f,0.02f,-0.8178f,0.445f,0.1692f,-0.9743f,-0.1295f,-5.4714f,0f,0f,0f,1f],start_interpolation: 0,interpolation_duration: 1}
$data merge entity $(bone_3) {transformation: [-0.7985f,-0.4246f,0.4017f,0.5793f,-0.5596f,0.3637f,-0.7327f,0.5587f,0.1694f,-0.8283f,-0.5292f,-5.7302f,0f,0f,0f,1f],start_interpolation: 0,interpolation_duration: 1}
$data merge entity $(bone_8) {transformation: [-0.9865f,0.1421f,0.0692f,0.0663f,-0.0329f,0.2444f,-0.9682f,0.4122f,-0.1542f,-0.9592f,-0.2362f,-4.6792f,0f,0f,0f,1f],start_interpolation: 0,interpolation_duration: 1}
$data merge entity $(bone_7) {transformation: [-0.9865f,0.1454f,0.062f,0.1203f,-0.0329f,0.1956f,-0.9792f,0.4787f,-0.1542f,-0.9698f,-0.1879f,-5.0378f,0f,0f,0f,1f],start_interpolation: 0,interpolation_duration: 1}