# This file was generated by Animated Java via MC-Build. It is not recommended to edit this file directly.
$data merge entity $(bone_layer) {transformation: [-1.0011f,-0.0041f,0.0014f,0.2459f,-0.0014f,0.0134f,-1.0009f,0.3072f,0.004f,-1.0009f,-0.0134f,-5.9285f,0f,0f,0f,1f],start_interpolation: 0,interpolation_duration: 1}
$data merge entity $(bone_l_1) {transformation: [-0.9001f,-0.0036f,0.0014f,0.1451f,-0.0013f,0.0121f,-0.9999f,0.5447f,0.0036f,-0.8999f,-0.0134f,-6.0499f,0f,0f,0f,1f],start_interpolation: 0,interpolation_duration: 1}
$data merge entity $(bone_eye_l) {transformation: [-1.0001f,-0.0041f,0.0014f,0.2459f,-0.0014f,0.0134f,-0.9999f,0.2947f,0.004f,-0.9999f,-0.0134f,-5.9287f,0f,0f,0f,1f],start_interpolation: 0,interpolation_duration: 1}
$data merge entity $(bone_r_1) {transformation: [-0.9001f,-0.0036f,0.0014f,0.3451f,-0.0013f,0.0121f,-0.9999f,0.5574f,0.0036f,-0.8999f,-0.0134f,-6.0506f,0f,0f,0f,1f],start_interpolation: 0,interpolation_duration: 1}
$data merge entity $(bone_eye_r) {transformation: [-1.0001f,-0.0041f,0.0014f,0.3701f,-0.0014f,0.0134f,-0.9999f,0.5512f,0.004f,-0.9999f,-0.0134f,-6.0507f,0f,0f,0f,1f],start_interpolation: 0,interpolation_duration: 1}
$data merge entity $(bone_eyes_down) {transformation: [-1.0001f,-0.0041f,0.0014f,0.2458f,-0.0014f,0.0134f,-0.9999f,0.3076f,0.004f,-0.9999f,-0.0134f,-5.9597f,0f,0f,0f,1f],start_interpolation: 0,interpolation_duration: 1}
$data merge entity $(bone_eyes_up) {transformation: [-1.0001f,-0.0041f,0.0014f,0.245f,-0.0014f,0.0134f,-0.9999f,0.3101f,0.004f,-0.9999f,-0.0134f,-6.1472f,0f,0f,0f,1f],start_interpolation: 0,interpolation_duration: 1}
$data merge entity $(bone_bone) {transformation: [-1.0001f,-0.0041f,0.0014f,0.2459f,-0.0014f,0.0134f,-0.9999f,0.3072f,0.004f,-0.9999f,-0.0134f,-5.9285f,0f,0f,0f,1f],start_interpolation: 0,interpolation_duration: 1}
$data merge entity $(bone_l) {transformation: [-1.0001f,-0.003f,0.0014f,0.1198f,-0.0014f,0.0101f,-0.9999f,0.5657f,0.004f,-0.7499f,-0.0134f,-6.1042f,0f,0f,0f,1f],start_interpolation: 0,interpolation_duration: 1}
$data merge entity $(bone_r) {transformation: [-1.0001f,-0.003f,0.0014f,0.3698f,-0.0014f,0.0101f,-0.9999f,0.566f,0.004f,-0.7499f,-0.0134f,-6.1052f,0f,0f,0f,1f],start_interpolation: 0,interpolation_duration: 1}
$data merge entity $(bone_sad) {transformation: [-1.0001f,-0.0041f,0.0014f,0.1672f,-0.0014f,0.0134f,-0.9999f,0.5735f,0.004f,-0.9999f,-0.0134f,-5.9871f,0f,0f,0f,1f],start_interpolation: 0,interpolation_duration: 1}
$data merge entity $(bone_head) {transformation: [-1.0001f,-0.0041f,0.0014f,0.2459f,-0.0014f,0.0134f,-0.9999f,0.3072f,0.004f,-0.9999f,-0.0134f,-5.9285f,0f,0f,0f,1f],start_interpolation: 0,interpolation_duration: 1}
$data merge entity $(bone_6) {transformation: [-0.9988f,-0.0187f,0.0106f,0.3675f,-0.012f,0.0776f,-0.9959f,0.3066f,0.0178f,-0.9968f,-0.0778f,-4.863f,0f,0f,0f,1f],start_interpolation: 0,interpolation_duration: 1}
$data merge entity $(bone_12) {transformation: [-0.9988f,-0.0179f,0.0118f,0.3609f,-0.012f,0.0082f,-0.9989f,0.3068f,0.0178f,-0.9998f,-0.0084f,-5.2325f,0f,0f,0f,1f],start_interpolation: 0,interpolation_duration: 1}
$data merge entity $(bone_10) {transformation: [-0.999f,-0.004f,0.0014f,0.2472f,-0.0014f,0.0043f,-0.999f,0.3233f,0.004f,-1f,-0.0043f,-5.6106f,0f,0f,0f,1f],start_interpolation: 0,interpolation_duration: 1}
$data merge entity $(bone_9) {transformation: [-1f,-0.0041f,0.0013f,0.2457f,-0.0014f,0.022f,-0.9998f,0.3312f,0.004f,-0.9998f,-0.022f,-5.9699f,0f,0f,0f,1f],start_interpolation: 0,interpolation_duration: 1}
$data merge entity $(item_display_item_display) {transformation: [-0.5048f,0.6433f,-0.5562f,-0.1119f,-0.1685f,0.559f,0.7975f,0.4676f,0.8348f,0.5018f,-0.1753f,-5.2439f,0f,0f,0f,1f],start_interpolation: 0,interpolation_duration: 1}
$data merge entity $(bone_2) {transformation: [0.5562f,0.1856f,0.7964f,-0.2413f,-0.7975f,-0.0835f,0.5778f,0.2918f,0.1753f,-0.9687f,0.102f,-5.6327f,0f,0f,0f,1f],start_interpolation: 0,interpolation_duration: 1}
$data merge entity $(bone_1) {transformation: [0.5568f,0.5048f,0.6433f,-0.0638f,-0.7983f,0.1685f,0.559f,0.3533f,0.1755f,-0.8348f,0.5018f,-5.9165f,0f,0f,0f,1f],start_interpolation: 0,interpolation_duration: 1}
$data merge entity $(bone_4) {transformation: [-0.7694f,-0.2008f,0.588f,0.7084f,-0.5855f,-0.0722f,-0.7951f,0.2775f,0.2065f,-0.9749f,-0.0551f,-5.6759f,0f,0f,0f,1f],start_interpolation: 0,interpolation_duration: 1}
$data merge entity $(bone_3) {transformation: [-0.7702f,-0.4305f,0.448f,0.5738f,-0.5861f,0.2706f,-0.7511f,0.3621f,0.2067f,-0.8603f,-0.4619f,-5.9448f,0f,0f,0f,1f],start_interpolation: 0,interpolation_duration: 1}
$data merge entity $(bone_8) {transformation: [-0.9875f,0.1435f,0.0488f,0.0653f,-0.0334f,0.1083f,-0.9926f,0.287f,-0.1474f,-0.9837f,-0.1019f,-4.8763f,0f,0f,0f,1f],start_interpolation: 0,interpolation_duration: 1}
$data merge entity $(bone_7) {transformation: [-0.9875f,0.1445f,0.0457f,0.1192f,-0.0334f,0.0873f,-0.9947f,0.3172f,-0.1474f,-0.9856f,-0.0811f,-5.2435f,0f,0f,0f,1f],start_interpolation: 0,interpolation_duration: 1}