# This file was generated by Animated Java via MC-Build. It is not recommended to edit this file directly.
$data merge entity $(bone_layer) {transformation: [-1.0011f,-0.004f,0.0015f,0.2459f,-0.0014f,-0.0177f,-1.0008f,0.1673f,0.004f,-1.0008f,0.0176f,-6.1786f,0f,0f,0f,1f],start_interpolation: 0,interpolation_duration: 1}
$data merge entity $(bone_l_1) {transformation: [-0.9001f,-0.0036f,0.0015f,0.1451f,-0.0013f,-0.0159f,-0.9998f,0.4009f,0.0036f,-0.8999f,0.0176f,-6.3074f,0f,0f,0f,1f],start_interpolation: 0,interpolation_duration: 1}
$data merge entity $(bone_eye_l) {transformation: [-1.0001f,-0.004f,0.0015f,0.246f,-0.0014f,-0.0176f,-0.9998f,0.1548f,0.004f,-0.9998f,0.0176f,-6.1784f,0f,0f,0f,1f],start_interpolation: 0,interpolation_duration: 1}
$data merge entity $(bone_r_1) {transformation: [-0.9001f,-0.0036f,0.0015f,0.3451f,-0.0013f,-0.0159f,-0.9998f,0.4137f,0.0036f,-0.8999f,0.0176f,-6.3084f,0f,0f,0f,1f],start_interpolation: 0,interpolation_duration: 1}
$data merge entity $(bone_eye_r) {transformation: [-1.0001f,-0.004f,0.0015f,0.3701f,-0.0014f,-0.0176f,-0.9998f,0.4074f,0.004f,-0.9998f,0.0176f,-6.3084f,0f,0f,0f,1f],start_interpolation: 0,interpolation_duration: 1}
$data merge entity $(bone_eyes_down) {transformation: [-1.0001f,-0.004f,0.0015f,0.2458f,-0.0014f,-0.0176f,-0.9998f,0.1668f,0.004f,-0.9998f,0.0176f,-6.2099f,0f,0f,0f,1f],start_interpolation: 0,interpolation_duration: 1}
$data merge entity $(bone_eyes_up) {transformation: [-1.0001f,-0.004f,0.0015f,0.2451f,-0.0014f,-0.0176f,-0.9998f,0.1635f,0.004f,-0.9998f,0.0176f,-6.3973f,0f,0f,0f,1f],start_interpolation: 0,interpolation_duration: 1}
$data merge entity $(bone_bone) {transformation: [-1.0001f,-0.004f,0.0015f,0.2459f,-0.0014f,-0.0176f,-0.9998f,0.1673f,0.004f,-0.9998f,0.0176f,-6.1786f,0f,0f,0f,1f],start_interpolation: 0,interpolation_duration: 1}
$data merge entity $(bone_l) {transformation: [-1.0001f,-0.003f,0.0015f,0.1198f,-0.0014f,-0.0132f,-0.9998f,0.4202f,0.004f,-0.7499f,0.0176f,-6.3623f,0f,0f,0f,1f],start_interpolation: 0,interpolation_duration: 1}
$data merge entity $(bone_r) {transformation: [-1.0001f,-0.003f,0.0015f,0.3699f,-0.0014f,-0.0132f,-0.9998f,0.4205f,0.004f,-0.7499f,0.0176f,-6.3633f,0f,0f,0f,1f],start_interpolation: 0,interpolation_duration: 1}
$data merge entity $(bone_sad) {transformation: [-1.0001f,-0.004f,0.0015f,0.1672f,-0.0014f,-0.0176f,-0.9998f,0.4317f,0.004f,-0.9998f,0.0176f,-6.2455f,0f,0f,0f,1f],start_interpolation: 0,interpolation_duration: 1}
$data merge entity $(bone_head) {transformation: [-1.0001f,-0.004f,0.0015f,0.2459f,-0.0014f,-0.0176f,-0.9998f,0.1673f,0.004f,-0.9998f,0.0176f,-6.1786f,0f,0f,0f,1f],start_interpolation: 0,interpolation_duration: 1}
$data merge entity $(bone_6) {transformation: [-0.9988f,-0.0123f,0.013f,0.3653f,-0.0127f,-0.029f,-0.9985f,0.2019f,0.0127f,-0.9995f,0.0288f,-5.1109f,0f,0f,0f,1f],start_interpolation: 0,interpolation_duration: 1}
$data merge entity $(bone_12) {transformation: [-0.9988f,-0.0123f,0.013f,0.3607f,-0.0127f,-0.029f,-0.9985f,0.1911f,0.0127f,-0.9995f,0.0288f,-5.4857f,0f,0f,0f,1f],start_interpolation: 0,interpolation_duration: 1}
$data merge entity $(bone_10) {transformation: [-0.999f,-0.004f,0.0015f,0.2472f,-0.0014f,-0.0176f,-0.9988f,0.196f,0.004f,-0.9998f,0.0176f,-5.8616f,0f,0f,0f,1f],start_interpolation: 0,interpolation_duration: 1}
$data merge entity $(bone_9) {transformation: [-1f,-0.004f,0.0015f,0.2457f,-0.0014f,-0.0176f,-0.9998f,0.1896f,0.004f,-0.9998f,0.0176f,-6.2209f,0f,0f,0f,1f],start_interpolation: 0,interpolation_duration: 1}
$data merge entity $(item_display_item_display) {transformation: [-0.5207f,0.6698f,-0.5083f,-0.1096f,-0.1278f,0.5285f,0.8254f,0.3392f,0.8322f,0.5002f,-0.1913f,-5.4951f,0f,0f,0f,1f],start_interpolation: 0,interpolation_duration: 1}
$data merge entity $(bone_2) {transformation: [0.5083f,0.1889f,0.8271f,-0.2455f,-0.8254f,-0.1075f,0.533f,0.1656f,0.1913f,-0.9657f,0.1017f,-5.8826f,0f,0f,0f,1f],start_interpolation: 0,interpolation_duration: 1}
$data merge entity $(bone_1) {transformation: [0.5088f,0.5207f,0.6698f,-0.0623f,-0.8262f,0.1278f,0.5285f,0.2129f,0.1915f,-0.8322f,0.5002f,-6.1656f,0f,0f,0f,1f],start_interpolation: 0,interpolation_duration: 1}
$data merge entity $(bone_4) {transformation: [-0.7489f,-0.1896f,0.6176f,0.7053f,-0.6014f,-0.1346f,-0.7742f,0.1574f,0.2343f,-0.9705f,-0.0061f,-5.9247f,0f,0f,0f,1f],start_interpolation: 0,interpolation_duration: 1}
$data merge entity $(bone_3) {transformation: [-0.7496f,-0.4328f,0.4796f,0.5701f,-0.602f,0.2052f,-0.7586f,0.2215f,0.2346f,-0.877f,-0.4157f,-6.1987f,0f,0f,0f,1f],start_interpolation: 0,interpolation_duration: 1}
$data merge entity $(bone_8) {transformation: [-0.9881f,0.1434f,0.0355f,0.0647f,-0.034f,0.0138f,-0.9984f,0.1974f,-0.1433f,-0.9895f,-0.0084f,-5.1216f,0f,0f,0f,1f],start_interpolation: 0,interpolation_duration: 1}
$data merge entity $(bone_7) {transformation: [-0.9881f,0.1434f,0.0355f,0.1184f,-0.034f,0.0138f,-0.9984f,0.2026f,-0.1433f,-0.9895f,-0.0084f,-5.4926f,0f,0f,0f,1f],start_interpolation: 0,interpolation_duration: 1}