# This file was generated by Animated Java via MC-Build. It is not recommended to edit this file directly.
$data merge entity $(bone_layer) {transformation: [0.9112f,-0.3516f,0.2195f,-0.3538f,0.3232f,0.9346f,0.1553f,1.5594f,-0.2596f,-0.0705f,0.9642f,-0.5866f,0f,0f,0f,1f],start_interpolation: 0,interpolation_duration: 1}
$data merge entity $(bone_l_1) {transformation: [0.8193f,-0.3161f,0.2193f,-0.3721f,0.2906f,0.8403f,0.1552f,1.6991f,-0.2334f,-0.0634f,0.9632f,-0.8628f,0f,0f,0f,1f],start_interpolation: 0,interpolation_duration: 1}
$data merge entity $(bone_eye_l) {transformation: [0.9103f,-0.3512f,0.2193f,-0.3538f,0.3229f,0.9336f,0.1552f,1.5594f,-0.2593f,-0.0704f,0.9632f,-0.5866f,0f,0f,0f,1f],start_interpolation: 0,interpolation_duration: 1}
$data merge entity $(bone_r_1) {transformation: [0.8193f,-0.3161f,0.2193f,-0.5539f,0.2906f,0.8403f,0.1552f,1.6347f,-0.2334f,-0.0634f,0.9632f,-0.8098f,0f,0f,0f,1f],start_interpolation: 0,interpolation_duration: 1}
$data merge entity $(bone_eye_r) {transformation: [0.9103f,-0.3512f,0.2193f,-0.5643f,0.3229f,0.9336f,0.1552f,1.5984f,-0.2593f,-0.0704f,0.9632f,-0.7951f,0f,0f,0f,1f],start_interpolation: 0,interpolation_duration: 1}
$data merge entity $(bone_eyes_down) {transformation: [0.9103f,-0.3512f,0.2193f,-0.3867f,0.3229f,0.9336f,0.1552f,1.647f,-0.2593f,-0.0704f,0.9632f,-0.5932f,0f,0f,0f,1f],start_interpolation: 0,interpolation_duration: 1}
$data merge entity $(bone_eyes_up) {transformation: [0.9103f,-0.3512f,0.2193f,-0.4306f,0.3229f,0.9336f,0.1552f,1.7637f,-0.2593f,-0.0704f,0.9632f,-0.602f,0f,0f,0f,1f],start_interpolation: 0,interpolation_duration: 1}
$data merge entity $(bone_bone) {transformation: [0.9103f,-0.3512f,0.2193f,-0.3538f,0.3229f,0.9336f,0.1552f,1.5594f,-0.2593f,-0.0704f,0.9632f,-0.5866f,0f,0f,0f,1f],start_interpolation: 0,interpolation_duration: 1}
$data merge entity $(bone_l) {transformation: [0.8942f,-0.2929f,0.2193f,-0.3692f,0.3633f,0.689f,0.1552f,1.7541f,-0.2621f,-0.0443f,0.9632f,-0.8804f,0f,0f,0f,1f],start_interpolation: 0,interpolation_duration: 1}
$data merge entity $(bone_r) {transformation: [0.9248f,-0.2334f,0.2193f,-0.5968f,0.2818f,0.7101f,0.1552f,1.6733f,-0.256f,-0.0613f,0.9632f,-0.8156f,0f,0f,0f,1f],start_interpolation: 0,interpolation_duration: 1}
$data merge entity $(bone_sad) {transformation: [0.9103f,-0.3512f,0.2193f,-0.3629f,0.3229f,0.9336f,0.1552f,1.6018f,-0.2593f,-0.0704f,0.9632f,-0.8671f,0f,0f,0f,1f],start_interpolation: 0,interpolation_duration: 1}
$data merge entity $(bone_head) {transformation: [0.9103f,-0.3512f,0.2193f,-0.3538f,0.3229f,0.9336f,0.1552f,1.5594f,-0.2593f,-0.0704f,0.9632f,-0.5866f,0f,0f,0f,1f],start_interpolation: 0,interpolation_duration: 1}
$data merge entity $(bone_6) {transformation: [0.9496f,-0.3092f,-0.0281f,-0.0176f,0.1501f,0.3795f,0.9127f,0.7949f,-0.2716f,-0.8714f,0.4064f,-0.1092f,0f,0f,0f,1f],start_interpolation: 0,interpolation_duration: 1}
$data merge entity $(bone_12) {transformation: [0.9496f,-0.2365f,0.2011f,-0.0989f,0.1501f,0.9174f,0.3681f,1.1102f,-0.2716f,-0.32f,0.9067f,-0.2192f,0f,0f,0f,1f],start_interpolation: 0,interpolation_duration: 1}
$data merge entity $(bone_10) {transformation: [0.818f,-0.5035f,0.2753f,-0.1674f,0.3588f,0.824f,0.4378f,1.3696f,-0.4473f,-0.2599f,0.8547f,-0.3689f,0f,0f,0f,1f],start_interpolation: 0,interpolation_duration: 1}
$data merge entity $(bone_9) {transformation: [0.8188f,-0.5704f,0.0647f,-0.3723f,0.3592f,0.597f,0.7173f,1.5842f,-0.4478f,-0.5641f,0.6938f,-0.5717f,0f,0f,0f,1f],start_interpolation: 0,interpolation_duration: 1}
$data merge entity $(item_display_item_display) {transformation: [-0.0945f,-0.9725f,-0.1542f,-0.3085f,-0.3534f,-0.111f,0.9162f,1.3893f,-0.9197f,0.1435f,-0.3362f,-0.946f,0f,0f,0f,1f],start_interpolation: 0,interpolation_duration: 1}
$data merge entity $(bone_2) {transformation: [0.1542f,0.4659f,-0.8589f,0.081f,-0.9162f,0.3687f,0.0354f,1.5187f,0.3362f,0.7911f,0.4904f,-0.772f,0f,0f,0f,1f],start_interpolation: 0,interpolation_duration: 1}
$data merge entity $(bone_1) {transformation: [0.1543f,-0.4175f,-0.8834f,-0.0681f,-0.9171f,0.2465f,-0.2765f,1.6017f,0.3365f,0.8632f,-0.3483f,-0.4774f,0f,0f,0f,1f],start_interpolation: 0,interpolation_duration: 1}
$data merge entity $(bone_4) {transformation: [0.9563f,0.2198f,-0.1215f,-0.6097f,-0.2539f,0.9048f,-0.3317f,1.2205f,0.0415f,0.3427f,0.9296f,-0.1517f,0f,0f,0f,1f],start_interpolation: 0,interpolation_duration: 1}
$data merge entity $(bone_3) {transformation: [0.9573f,0.2076f,0.1414f,-0.5448f,-0.2541f,0.704f,0.6581f,1.4406f,0.0415f,-0.6753f,0.725f,-0.3627f,0f,0f,0f,1f],start_interpolation: 0,interpolation_duration: 1}
$data merge entity $(bone_8) {transformation: [0.6832f,-0.713f,0.1515f,0.0184f,0.6089f,0.6723f,0.4186f,1.0866f,-0.4006f,-0.1943f,0.8953f,-0.6269f,0f,0f,0f,1f],start_interpolation: 0,interpolation_duration: 1}
$data merge entity $(bone_7) {transformation: [0.6832f,0.4288f,0.5895f,0.1658f,0.6089f,0.1085f,-0.7845f,1.1238f,-0.4006f,0.8968f,-0.1873f,-0.3186f,0f,0f,0f,1f],start_interpolation: 0,interpolation_duration: 1}
data modify entity @s data merge value {"cameras":{"camera1":{"px":2.3530419921875,"py":0.8928076171874999,"pz":2.0504492187500003,"ry":124.374140625,"rx":-18.0125}},"locators":{}}