# This file was generated by Animated Java via MC-Build. It is not recommended to edit this file directly.
$data merge entity $(bone_layer) {transformation: [0.8212f,-0.4988f,-0.2809f,-0.283f,0.4896f,0.8665f,-0.1075f,1.5665f,0.2968f,-0.0492f,0.9547f,-0.6685f,0f,0f,0f,1f],start_interpolation: 0,interpolation_duration: 1}
$data merge entity $(bone_l_1) {transformation: [0.7384f,-0.4485f,-0.2807f,-0.2091f,0.4402f,0.779f,-0.1074f,1.7774f,0.2668f,-0.0442f,0.9538f,-0.8835f,0f,0f,0f,1f],start_interpolation: 0,interpolation_duration: 1}
$data merge entity $(bone_eye_l) {transformation: [0.8204f,-0.4983f,-0.2807f,-0.283f,0.4891f,0.8656f,-0.1074f,1.5665f,0.2965f,-0.0492f,0.9538f,-0.6685f,0f,0f,0f,1f],start_interpolation: 0,interpolation_duration: 1}
$data merge entity $(bone_r_1) {transformation: [0.7384f,-0.4485f,-0.2807f,-0.3736f,0.4402f,0.779f,-0.1074f,1.6794f,0.2668f,-0.0442f,0.9538f,-0.9413f,0f,0f,0f,1f],start_interpolation: 0,interpolation_duration: 1}
$data merge entity $(bone_eye_r) {transformation: [0.8204f,-0.4983f,-0.2807f,-0.3803f,0.4891f,0.8656f,-0.1074f,1.6394f,0.2965f,-0.0492f,0.9538f,-0.9412f,0f,0f,0f,1f],start_interpolation: 0,interpolation_duration: 1}
$data merge entity $(bone_eyes_down) {transformation: [0.8204f,-0.4983f,-0.2807f,-0.3298f,0.4891f,0.8656f,-0.1074f,1.6477f,0.2965f,-0.0492f,0.9538f,-0.6731f,0f,0f,0f,1f],start_interpolation: 0,interpolation_duration: 1}
$data merge entity $(bone_eyes_up) {transformation: [0.8204f,-0.4983f,-0.2807f,-0.392f,0.4891f,0.8656f,-0.1074f,1.7559f,0.2965f,-0.0492f,0.9538f,-0.6792f,0f,0f,0f,1f],start_interpolation: 0,interpolation_duration: 1}
$data merge entity $(bone_bone) {transformation: [0.8204f,-0.4983f,-0.2807f,-0.283f,0.4891f,0.8656f,-0.1074f,1.5665f,0.2965f,-0.0492f,0.9538f,-0.6685f,0f,0f,0f,1f],start_interpolation: 0,interpolation_duration: 1}
$data merge entity $(bone_l) {transformation: [0.7979f,-0.4002f,-0.2807f,-0.2121f,0.5264f,0.6326f,-0.1074f,1.8351f,0.2941f,-0.0465f,0.9538f,-0.886f,0f,0f,0f,1f],start_interpolation: 0,interpolation_duration: 1}
$data merge entity $(bone_r) {transformation: [0.8414f,-0.3465f,-0.2807f,-0.4172f,0.4509f,0.6646f,-0.1074f,1.7128f,0.2984f,-0.0271f,0.9538f,-0.9602f,0f,0f,0f,1f],start_interpolation: 0,interpolation_duration: 1}
$data merge entity $(bone_sad) {transformation: [0.8204f,-0.4983f,-0.2807f,-0.1755f,0.4891f,0.8656f,-0.1074f,1.6874f,0.2965f,-0.0492f,0.9538f,-0.9017f,0f,0f,0f,1f],start_interpolation: 0,interpolation_duration: 1}
$data merge entity $(bone_head) {transformation: [0.8204f,-0.4983f,-0.2807f,-0.283f,0.4891f,0.8656f,-0.1074f,1.5665f,0.2965f,-0.0492f,0.9538f,-0.6685f,0f,0f,0f,1f],start_interpolation: 0,interpolation_duration: 1}
$data merge entity $(bone_6) {transformation: [0.9003f,0.0567f,-0.4294f,-0.0259f,0.3336f,0.541f,0.7719f,0.748f,0.2761f,-0.8385f,0.4678f,-0.2331f,0f,0f,0f,1f],start_interpolation: 0,interpolation_duration: 1}
$data merge entity $(bone_12) {transformation: [0.9003f,-0.2677f,-0.3406f,-0.1179f,0.3336f,0.9302f,0.1521f,1.0677f,0.2761f,-0.2511f,0.9268f,-0.3194f,0f,0f,0f,1f],start_interpolation: 0,interpolation_duration: 1}
$data merge entity $(bone_10) {transformation: [0.818f,-0.5169f,-0.2494f,-0.1733f,0.5666f,0.7957f,0.2123f,1.3473f,0.0887f,-0.3157f,0.9438f,-0.4271f,0f,0f,0f,1f],start_interpolation: 0,interpolation_duration: 1}
$data merge entity $(bone_9) {transformation: [0.8188f,-0.3846f,-0.4262f,-0.3115f,0.5672f,0.6568f,0.497f,1.5833f,0.0888f,-0.6486f,0.7559f,-0.6602f,0f,0f,0f,1f],start_interpolation: 0,interpolation_duration: 1}
$data merge entity $(item_display_item_display) {transformation: [0.369f,-0.8904f,-0.2243f,-0.0524f,-0.1021f,-0.2802f,0.942f,1.5051f,-0.9126f,-0.3277f,-0.1961f,-0.9765f,0f,0f,0f,1f],start_interpolation: 0,interpolation_duration: 1}
$data merge entity $(bone_2) {transformation: [0.2243f,-0.0173f,-0.9637f,0.182f,-0.942f,0.1977f,-0.2233f,1.635f,0.1961f,0.9692f,0.0293f,-0.6203f,0f,0f,0f,1f],start_interpolation: 0,interpolation_duration: 1}
$data merge entity $(bone_1) {transformation: [0.2245f,-0.7963f,-0.5431f,-0.0951f,-0.943f,-0.0679f,-0.2904f,1.6098f,0.1963f,0.5843f,-0.7739f,-0.4243f,0f,0f,0f,1f],start_interpolation: 0,interpolation_duration: 1}
$data merge entity $(bone_4) {transformation: [0.8676f,-0.1644f,-0.4449f,-0.6202f,-0.133f,0.8186f,-0.5549f,1.098f,0.4585f,0.5366f,0.6946f,-0.4747f,0f,0f,0f,1f],start_interpolation: 0,interpolation_duration: 1}
$data merge entity $(bone_3) {transformation: [0.8685f,0.324f,-0.3465f,-0.519f,-0.1331f,0.8631f,0.4828f,1.3677f,0.459f,-0.3802f,0.7911f,-0.5936f,0f,0f,0f,1f],start_interpolation: 0,interpolation_duration: 1}
$data merge entity $(bone_8) {transformation: [0.6158f,-0.7018f,-0.3554f,0.1595f,0.7794f,0.6055f,0.1547f,1.1801f,0.1063f,-0.3728f,0.9217f,-0.6072f,0f,0f,0f,1f],start_interpolation: 0,interpolation_duration: 1}
$data merge entity $(bone_7) {transformation: [0.6158f,-0.0231f,0.7863f,0.1515f,0.7794f,-0.1176f,-0.6138f,1.1397f,0.1063f,0.9927f,-0.0547f,-0.266f,0f,0f,0f,1f],start_interpolation: 0,interpolation_duration: 1}
data modify entity @s data merge value {"cameras":{"camera1":{"px":2.3206249999999997,"py":0.898125,"pz":2.0450000000000004,"ry":125.19,"rx":-17.600000000000005}},"locators":{}}