# This file was generated by Animated Java via MC-Build. It is not recommended to edit this file directly.
$data merge entity $(bone_layer) {transformation: [0.7318f,-0.5231f,-0.4393f,-0.2313f,0.4689f,0.8528f,-0.2345f,1.5994f,0.4968f,-0.0343f,0.8683f,-0.6683f,0f,0f,0f,1f],start_interpolation: 0,interpolation_duration: 1}
$data merge entity $(bone_l_1) {transformation: [0.658f,-0.4703f,-0.4388f,-0.1308f,0.4215f,0.7667f,-0.2343f,1.8375f,0.4467f,-0.0308f,0.8675f,-0.8396f,0f,0f,0f,1f],start_interpolation: 0,interpolation_duration: 1}
$data merge entity $(bone_eye_l) {transformation: [0.7311f,-0.5226f,-0.4388f,-0.2313f,0.4684f,0.8519f,-0.2343f,1.5994f,0.4963f,-0.0343f,0.8675f,-0.6683f,0f,0f,0f,1f],start_interpolation: 0,interpolation_duration: 1}
$data merge entity $(bone_r_1) {transformation: [0.658f,-0.4703f,-0.4388f,-0.2778f,0.4215f,0.7667f,-0.2343f,1.7435f,0.4467f,-0.0308f,0.8675f,-0.9373f,0f,0f,0f,1f],start_interpolation: 0,interpolation_duration: 1}
$data merge entity $(bone_eye_r) {transformation: [0.7311f,-0.5226f,-0.4388f,-0.2825f,0.4684f,0.8519f,-0.2343f,1.7037f,0.4963f,-0.0343f,0.8675f,-0.9432f,0f,0f,0f,1f],start_interpolation: 0,interpolation_duration: 1}
$data merge entity $(bone_eyes_down) {transformation: [0.7311f,-0.5226f,-0.4388f,-0.2803f,0.4684f,0.8519f,-0.2343f,1.6793f,0.4963f,-0.0343f,0.8675f,-0.6715f,0f,0f,0f,1f],start_interpolation: 0,interpolation_duration: 1}
$data merge entity $(bone_eyes_up) {transformation: [0.7311f,-0.5226f,-0.4388f,-0.3456f,0.4684f,0.8519f,-0.2343f,1.7857f,0.4963f,-0.0343f,0.8675f,-0.6758f,0f,0f,0f,1f],start_interpolation: 0,interpolation_duration: 1}
$data merge entity $(bone_bone) {transformation: [0.7311f,-0.5226f,-0.4388f,-0.2313f,0.4684f,0.8519f,-0.2343f,1.5994f,0.4963f,-0.0343f,0.8675f,-0.6683f,0f,0f,0f,1f],start_interpolation: 0,interpolation_duration: 1}
$data merge entity $(bone_l) {transformation: [0.7076f,-0.4155f,-0.4388f,-0.136f,0.5051f,0.623f,-0.2343f,1.895f,0.4944f,-0.0419f,0.8675f,-0.8357f,0f,0f,0f,1f],start_interpolation: 0,interpolation_duration: 1}
$data merge entity $(bone_r) {transformation: [0.7532f,-0.3676f,-0.4388f,-0.3188f,0.4308f,0.6537f,-0.2343f,1.7779f,0.4974f,-0.0094f,0.8675f,-0.9598f,0f,0f,0f,1f],start_interpolation: 0,interpolation_duration: 1}
$data merge entity $(bone_sad) {transformation: [0.7311f,-0.5226f,-0.4388f,-0.0902f,0.4684f,0.8519f,-0.2343f,1.7515f,0.4963f,-0.0343f,0.8675f,-0.8621f,0f,0f,0f,1f],start_interpolation: 0,interpolation_duration: 1}
$data merge entity $(bone_head) {transformation: [0.7311f,-0.5226f,-0.4388f,-0.2313f,0.4684f,0.8519f,-0.2343f,1.5994f,0.4963f,-0.0343f,0.8675f,-0.6683f,0f,0f,0f,1f],start_interpolation: 0,interpolation_duration: 1}
$data merge entity $(bone_6) {transformation: [0.8191f,0.1982f,-0.5366f,-0.0214f,0.3185f,0.6207f,0.7163f,0.7424f,0.4751f,-0.7579f,0.445f,-0.2842f,0f,0f,0f,1f],start_interpolation: 0,interpolation_duration: 1}
$data merge entity $(bone_12) {transformation: [0.8191f,-0.2466f,-0.5162f,-0.1062f,0.3185f,0.9463f,0.0542f,1.0677f,0.4751f,-0.2092f,0.8536f,-0.3561f,0f,0f,0f,1f],start_interpolation: 0,interpolation_duration: 1}
$data merge entity $(bone_10) {transformation: [0.7637f,-0.4883f,-0.4205f,-0.1556f,0.5718f,0.8145f,0.0946f,1.3557f,0.2963f,-0.3133f,0.9013f,-0.4371f,0f,0f,0f,1f],start_interpolation: 0,interpolation_duration: 1}
$data merge entity $(bone_9) {transformation: [0.7645f,-0.2942f,-0.5736f,-0.2613f,0.5724f,0.7191f,0.3941f,1.6141f,0.2966f,-0.6296f,0.7181f,-0.6634f,0f,0f,0f,1f],start_interpolation: 0,interpolation_duration: 1}
$data merge entity $(item_display_item_display) {transformation: [0.5015f,-0.8185f,-0.2409f,0.0458f,0.0081f,-0.2752f,0.949f,1.576f,-0.8532f,-0.4827f,-0.1325f,-0.9315f,0f,0f,0f,1f],start_interpolation: 0,interpolation_duration: 1}
$data merge entity $(bone_2) {transformation: [0.2409f,-0.1818f,-0.9426f,0.2133f,-0.949f,0.0891f,-0.2605f,1.6746f,0.1325f,0.9684f,-0.1521f,-0.5303f,0f,0f,0f,1f],start_interpolation: 0,interpolation_duration: 1}
$data merge entity $(bone_1) {transformation: [0.2411f,-0.8782f,-0.3877f,-0.091f,-0.95f,-0.1633f,-0.2216f,1.617f,0.1327f,0.4268f,-0.8825f,-0.3891f,0f,0f,0f,1f],start_interpolation: 0,interpolation_duration: 1}
$data merge entity $(bone_4) {transformation: [0.7788f,-0.2787f,-0.5419f,-0.5806f,-0.1623f,0.7643f,-0.6217f,1.1073f,0.5897f,0.5689f,0.5549f,-0.5829f,0f,0f,0f,1f],start_interpolation: 0,interpolation_duration: 1}
$data merge entity $(bone_3) {transformation: [0.7796f,0.3607f,-0.4911f,-0.4679f,-0.1625f,0.8973f,0.4068f,1.3878f,0.5903f,-0.2429f,0.7567f,-0.6589f,0f,0f,0f,1f],start_interpolation: 0,interpolation_duration: 1}
$data merge entity $(bone_8) {transformation: [0.5492f,-0.6608f,-0.5099f,0.2038f,0.779f,0.6249f,0.0288f,1.2235f,0.2993f,-0.4135f,0.8596f,-0.572f,0f,0f,0f,1f],start_interpolation: 0,interpolation_duration: 1}
$data merge entity $(bone_7) {transformation: [0.5492f,-0.1692f,0.8174f,0.1456f,0.779f,-0.2477f,-0.5744f,1.1384f,0.2993f,0.9539f,-0.0045f,-0.2441f,0f,0f,0f,1f],start_interpolation: 0,interpolation_duration: 1}
data modify entity @s data merge value {"cameras":{"camera1":{"px":2.348829571759259,"py":0.9012427662037037,"pz":2.0380627893518524,"ry":123.99810185185186,"rx":-17.781481481481485}},"locators":{}}