# This file was generated by Animated Java via MC-Build. It is not recommended to edit this file directly.
$data merge entity $(bone_layer) {transformation: [0f,0.1307f,-0.9924f,0.3425f,0f,0.9924f,0.1307f,1.2945f,1.0011f,0f,0f,0f,0f,0f,0f,1f],start_interpolation: 0,interpolation_duration: 1}
$data merge entity $(bone_l_1) {transformation: [0f,0.0979f,-0.9914f,0.6054f,0f,0.7436f,0.1305f,1.3881f,0.7501f,0f,0f,0.1135f,0f,0f,0f,1f],start_interpolation: 0,interpolation_duration: 1}
$data merge entity $(bone_eye_l) {transformation: [0f,0.1305f,-0.9914f,0.3425f,0f,0.9914f,0.1305f,1.2945f,1.0001f,0f,0f,0f,0f,0f,0f,1f],start_interpolation: 0,interpolation_duration: 1}
$data merge entity $(bone_r_1) {transformation: [0f,0.0979f,-0.9914f,0.6054f,0f,0.7436f,0.1305f,1.3881f,0.7501f,0f,0f,-0.1135f,0f,0f,0f,1f],start_interpolation: 0,interpolation_duration: 1}
$data merge entity $(bone_eye_r) {transformation: [0f,0.1305f,-0.9914f,0.5989f,0f,0.9914f,0.1305f,1.3868f,1.0001f,0f,0f,-0.125f,0f,0f,0f,1f],start_interpolation: 0,interpolation_duration: 1}
$data merge entity $(bone_eyes_down) {transformation: [0f,0.1305f,-0.9914f,0.3473f,0f,0.9914f,0.1305f,1.3308f,1.0001f,0f,0f,0f,0f,0f,0f,1f],start_interpolation: 0,interpolation_duration: 1}
$data merge entity $(bone_bone) {transformation: [0f,0.1305f,-0.9914f,0.3425f,0f,0.9914f,0.1305f,1.2945f,1.0001f,0f,0f,0f,0f,0f,0f,1f],start_interpolation: 0,interpolation_duration: 1}
$data merge entity $(bone_l) {transformation: [-0.0047f,0.0978f,-0.9914f,0.6254f,-0.0358f,0.7431f,0.1305f,1.4802f,0.9994f,0.0271f,0f,0.125f,0f,0f,0f,1f],start_interpolation: 0,interpolation_duration: 1}
$data merge entity $(bone_r) {transformation: [0.0047f,0.0978f,-0.9914f,0.6254f,0.0358f,0.7431f,0.1305f,1.4802f,0.9994f,-0.0271f,0f,-0.125f,0f,0f,0f,1f],start_interpolation: 0,interpolation_duration: 1}
$data merge entity $(bone_sad) {transformation: [0f,0.0875f,-0.4957f,0.5973f,0f,0.6643f,0.0653f,1.3147f,3.0003f,0f,0f,0.1406f,0f,0f,0f,1f],start_interpolation: 0,interpolation_duration: 1}
$data merge entity $(bone_head) {transformation: [0f,0.1305f,-0.9914f,0.3425f,0f,0.9914f,0.1305f,1.2945f,1.0001f,0f,0f,0f,0f,0f,0f,1f],start_interpolation: 0,interpolation_duration: 1}
$data merge entity $(bone_6) {transformation: [-0.0205f,0.3858f,-0.9213f,-0.0768f,-0.2152f,0.8991f,0.3811f,0.4345f,0.9753f,0.2065f,0.0647f,-0.1822f,0f,0f,0f,1f],start_interpolation: 0,interpolation_duration: 1}
$data merge entity $(bone_12) {transformation: [-0.0205f,0.1042f,-0.9933f,-0.0429f,-0.2152f,0.9707f,0.1061f,0.7667f,0.9753f,0.2164f,0.0025f,-0.1082f,0f,0f,0f,1f],start_interpolation: 0,interpolation_duration: 1}
$data merge entity $(bone_10) {transformation: [0f,0.5233f,-0.8513f,0.1491f,0f,0.8522f,0.5227f,1.045f,0.999f,0f,0f,0f,0f,0f,0f,1f],start_interpolation: 0,interpolation_duration: 1}
$data merge entity $(bone_9) {transformation: [0f,0.656f,-0.7547f,0.3834f,0f,0.7547f,0.656f,1.3127f,1f,0f,0f,0f,0f,0f,0f,1f],start_interpolation: 0,interpolation_duration: 1}
$data merge entity $(item_display_item_display) {transformation: [-0.3427f,0.8579f,-0.3533f,0.405f,-0.7732f,-0.0545f,0.6146f,0.8895f,0.5145f,0.4891f,0.6882f,0.7642f,0f,0f,0f,1f],start_interpolation: 0,interpolation_duration: 1}
$data merge entity $(bone_2) {transformation: [0.3535f,-0.0519f,0.9223f,0.1529f,-0.6143f,0.7241f,0.2773f,1.0965f,-0.6884f,-0.6728f,0.2261f,0.4545f,0f,0f,0f,1f],start_interpolation: 0,interpolation_duration: 1}
$data merge entity $(bone_1) {transformation: [0.3538f,0.4002f,0.8325f,0.2957f,-0.6149f,0.768f,-0.1071f,1.3598f,-0.6891f,-0.4798f,0.523f,0.2928f,0f,0f,0f,1f],start_interpolation: 0,interpolation_duration: 1}
$data merge entity $(bone_4) {transformation: [-0.1824f,-0.9497f,-0.2107f,0.4329f,-0.4931f,0.2754f,-0.8238f,1.0785f,0.8408f,-0.0463f,-0.5177f,-0.4496f,0f,0f,0f,1f],start_interpolation: 0,interpolation_duration: 1}
$data merge entity $(bone_3) {transformation: [-0.1826f,-0.7369f,-0.6351f,0.2026f,-0.4936f,0.6325f,-0.5953f,1.2761f,0.8416f,0.2042f,-0.4779f,-0.3857f,0f,0f,0f,1f],start_interpolation: 0,interpolation_duration: 1}
$data merge entity $(bone_8) {transformation: [-0.0528f,0.3116f,-0.9478f,0.1099f,0.1245f,0.9444f,0.3041f,0.456f,0.9898f,-0.1022f,-0.0888f,0.1737f,0f,0f,0f,1f],start_interpolation: 0,interpolation_duration: 1}
$data merge entity $(bone_7) {transformation: [-0.0528f,-0.3705f,-0.9263f,-0.0435f,0.1245f,0.9189f,-0.3741f,0.7279f,0.9898f,-0.1354f,-0.0023f,0.1313f,0f,0f,0f,1f],start_interpolation: 0,interpolation_duration: 1}