# This file was generated by Animated Java via MC-Build. It is not recommended to edit this file directly.
$data merge entity $(bone_layer) {transformation: [0f,0.1307f,-0.9924f,0.2025f,0f,0.9924f,0.1307f,1.291f,1.0011f,0f,0f,0f,0f,0f,0f,1f],start_interpolation: 0,interpolation_duration: 1}
$data merge entity $(bone_l_1) {transformation: [0f,0.0979f,-0.9914f,0.4662f,0f,0.7436f,0.1305f,1.3909f,0.7501f,0f,0f,0.1072f,0f,0f,0f,1f],start_interpolation: 0,interpolation_duration: 1}
$data merge entity $(bone_eye_l) {transformation: [0f,0.1305f,-0.9914f,0.2025f,0f,0.9914f,0.1305f,1.291f,1.0001f,0f,0f,0f,0f,0f,0f,1f],start_interpolation: 0,interpolation_duration: 1}
$data merge entity $(bone_r_1) {transformation: [0f,0.0979f,-0.9914f,0.4662f,0f,0.7436f,0.1305f,1.3909f,0.7501f,0f,0f,-0.1072f,0f,0f,0f,1f],start_interpolation: 0,interpolation_duration: 1}
$data merge entity $(bone_eye_r) {transformation: [0f,0.1305f,-0.9914f,0.4589f,0f,0.9914f,0.1305f,1.3833f,1.0001f,0f,0f,-0.125f,0f,0f,0f,1f],start_interpolation: 0,interpolation_duration: 1}
$data merge entity $(bone_eyes_down) {transformation: [0f,0.1305f,-0.9914f,0.2093f,0f,0.9914f,0.1305f,1.3429f,1.0001f,0f,0f,0f,0f,0f,0f,1f],start_interpolation: 0,interpolation_duration: 1}
$data merge entity $(bone_bone) {transformation: [0f,0.1305f,-0.9914f,0.2025f,0f,0.9914f,0.1305f,1.291f,1.0001f,0f,0f,0f,0f,0f,0f,1f],start_interpolation: 0,interpolation_duration: 1}
$data merge entity $(bone_l) {transformation: [-0.0019f,0.0979f,-0.9914f,0.4845f,-0.0141f,0.7435f,0.1305f,1.4697f,1f,0.0107f,0f,0.125f,0f,0f,0f,1f],start_interpolation: 0,interpolation_duration: 1}
$data merge entity $(bone_r) {transformation: [0.0019f,0.0979f,-0.9914f,0.4845f,0.0141f,0.7435f,0.1305f,1.4697f,1f,-0.0107f,0f,-0.125f,0f,0f,0f,1f],start_interpolation: 0,interpolation_duration: 1}
$data merge entity $(bone_sad) {transformation: [0f,0.0875f,-0.4957f,0.4573f,0f,0.6643f,0.0653f,1.3113f,3.0003f,0f,0f,0.1406f,0f,0f,0f,1f],start_interpolation: 0,interpolation_duration: 1}
$data merge entity $(bone_head) {transformation: [0f,0.1305f,-0.9914f,0.2025f,0f,0.9914f,0.1305f,1.291f,1.0001f,0f,0f,0f,0f,0f,0f,1f],start_interpolation: 0,interpolation_duration: 1}
$data merge entity $(bone_6) {transformation: [-0.0034f,0.2836f,-0.9579f,-0.0866f,-0.2154f,0.936f,0.2781f,0.4065f,0.9755f,0.2077f,0.058f,-0.1857f,0f,0f,0f,1f],start_interpolation: 0,interpolation_duration: 1}
$data merge entity $(bone_12) {transformation: [-0.0034f,-0.0914f,-0.9948f,-0.1212f,-0.2154f,0.9725f,-0.0884f,0.737f,0.9755f,0.2144f,-0.023f,-0.1128f,0f,0f,0f,1f],start_interpolation: 0,interpolation_duration: 1}
$data merge entity $(bone_10) {transformation: [0f,0.4077f,-0.9122f,0.0199f,0f,0.9131f,0.4073f,1.038f,0.999f,0f,0f,0f,0f,0f,0f,1f],start_interpolation: 0,interpolation_duration: 1}
$data merge entity $(bone_9) {transformation: [0f,0.6312f,-0.7756f,0.244f,0f,0.7756f,0.6312f,1.3096f,1f,0f,0f,0f,0f,0f,0f,1f],start_interpolation: 0,interpolation_duration: 1}
$data merge entity $(item_display_item_display) {transformation: [0.0592f,0.9604f,-0.2285f,0.4877f,-0.5586f,0.2218f,0.7851f,1.0638f,0.8151f,0.0816f,0.5546f,0.7858f,0f,0f,0f,1f],start_interpolation: 0,interpolation_duration: 1}
$data merge entity $(bone_2) {transformation: [0.2284f,-0.4591f,0.8457f,0.0919f,-0.7843f,0.4139f,0.4372f,1.1237f,-0.5558f,-0.7728f,-0.2695f,0.5583f,0f,0f,0f,1f],start_interpolation: 0,interpolation_duration: 1}
$data merge entity $(bone_1) {transformation: [0.2287f,0.1945f,0.9424f,0.1647f,-0.7851f,0.5983f,0.0672f,1.3298f,-0.5563f,-0.7644f,0.2925f,0.2974f,0f,0f,0f,1f],start_interpolation: 0,interpolation_duration: 1}
$data merge entity $(bone_4) {transformation: [-0.2106f,-0.9653f,0.0617f,0.3156f,-0.5836f,0.0734f,-0.807f,1.0975f,0.7736f,-0.2059f,-0.5799f,-0.4361f,0f,0f,0f,1f],start_interpolation: 0,interpolation_duration: 1}
$data merge entity $(bone_3) {transformation: [-0.2108f,-0.8021f,-0.5406f,0.0649f,-0.5842f,0.5509f,-0.5943f,1.2697f,0.7743f,0.1911f,-0.5849f,-0.3764f,0f,0f,0f,1f],start_interpolation: 0,interpolation_duration: 1}
$data merge entity $(bone_8) {transformation: [-0.0584f,0.4422f,-0.894f,-0.0117f,0.1453f,0.8903f,0.4314f,0.4227f,0.9866f,-0.105f,-0.1165f,0.1807f,0f,0f,0f,1f],start_interpolation: 0,interpolation_duration: 1}
$data merge entity $(bone_7) {transformation: [-0.0584f,-0.2359f,-0.9691f,-0.1248f,0.1453f,0.9593f,-0.2417f,0.7127f,0.9866f,-0.1553f,-0.0218f,0.1313f,0f,0f,0f,1f],start_interpolation: 0,interpolation_duration: 1}