# This file was generated by Animated Java via MC-Build. It is not recommended to edit this file directly.
$data merge entity $(bone_layer) {transformation: [0f,0.1307f,-0.9924f,0.0475f,0f,0.9924f,0.1307f,1.2871f,1.0011f,0f,0f,0f,0f,0f,0f,1f],start_interpolation: 0,interpolation_duration: 1}
$data merge entity $(bone_l_1) {transformation: [0f,0.0979f,-0.9914f,0.3123f,0f,0.7436f,0.1305f,1.3951f,0.7501f,0f,0f,0.0991f,0f,0f,0f,1f],start_interpolation: 0,interpolation_duration: 1}
$data merge entity $(bone_eye_l) {transformation: [0f,0.1305f,-0.9914f,0.0475f,0f,0.9914f,0.1305f,1.2871f,1.0001f,0f,0f,0f,0f,0f,0f,1f],start_interpolation: 0,interpolation_duration: 1}
$data merge entity $(bone_r_1) {transformation: [0f,0.0979f,-0.9914f,0.3123f,0f,0.7436f,0.1305f,1.3951f,0.7501f,0f,0f,-0.0991f,0f,0f,0f,1f],start_interpolation: 0,interpolation_duration: 1}
$data merge entity $(bone_eye_r) {transformation: [0f,0.1305f,-0.9914f,0.3039f,0f,0.9914f,0.1305f,1.3794f,1.0001f,0f,0f,-0.125f,0f,0f,0f,1f],start_interpolation: 0,interpolation_duration: 1}
$data merge entity $(bone_eyes_down) {transformation: [0f,0.1305f,-0.9914f,0.057f,0f,0.9914f,0.1305f,1.3592f,1.0001f,0f,0f,0f,0f,0f,0f,1f],start_interpolation: 0,interpolation_duration: 1}
$data merge entity $(bone_eyes_up) {transformation: [0f,0f,0f,0.0761f,0f,0f,0f,1.504f,0f,0f,0f,0f,0f,0f,0f,1f],start_interpolation: 0,interpolation_duration: 1}
$data merge entity $(bone_bone) {transformation: [0f,0.1305f,-0.9914f,0.0475f,0f,0.9914f,0.1305f,1.2871f,1.0001f,0f,0f,0f,0f,0f,0f,1f],start_interpolation: 0,interpolation_duration: 1}
$data merge entity $(bone_l) {transformation: [0.0019f,0.0979f,-0.9914f,0.3283f,0.0141f,0.7435f,0.1305f,1.4567f,1f,-0.0107f,0f,0.125f,0f,0f,0f,1f],start_interpolation: 0,interpolation_duration: 1}
$data merge entity $(bone_r) {transformation: [-0.0019f,0.0979f,-0.9914f,0.3283f,-0.0141f,0.7435f,0.1305f,1.4567f,1f,0.0107f,0f,-0.125f,0f,0f,0f,1f],start_interpolation: 0,interpolation_duration: 1}
$data merge entity $(bone_sad) {transformation: [0f,0.0875f,-0.4957f,0.3024f,0f,0.6643f,0.0653f,1.3076f,3.0003f,0f,0f,0.1406f,0f,0f,0f,1f],start_interpolation: 0,interpolation_duration: 1}
$data merge entity $(bone_head) {transformation: [0f,0.1305f,-0.9914f,0.0475f,0f,0.9914f,0.1305f,1.2871f,1.0001f,0f,0f,0f,0f,0f,0f,1f],start_interpolation: 0,interpolation_duration: 1}
$data merge entity $(bone_6) {transformation: [0.0183f,0.1456f,-0.9883f,-0.0661f,-0.2106f,0.9674f,0.1392f,0.3886f,0.9764f,0.206f,0.0485f,-0.1878f,0f,0f,0f,1f],start_interpolation: 0,interpolation_duration: 1}
$data merge entity $(bone_12) {transformation: [0.0183f,-0.3397f,-0.9394f,-0.1861f,-0.2106f,0.918f,-0.3354f,0.6975f,0.9764f,0.2044f,-0.0548f,-0.1189f,0f,0f,0f,1f],start_interpolation: 0,interpolation_duration: 1}
$data merge entity $(bone_10) {transformation: [0f,0.2469f,-0.9681f,-0.1215f,0f,0.969f,0.2467f,1.029f,0.999f,0f,0f,0f,0f,0f,0f,1f],start_interpolation: 0,interpolation_duration: 1}
$data merge entity $(bone_9) {transformation: [0f,0.5978f,-0.8016f,0.0898f,0f,0.8016f,0.5978f,1.3063f,1f,0f,0f,0f,0f,0f,0f,1f],start_interpolation: 0,interpolation_duration: 1}
$data merge entity $(item_display_item_display) {transformation: [0.5943f,0.7874f,-0.0708f,0.526f,-0.2171f,0.2477f,0.9317f,1.1929f,0.7611f,-0.5453f,0.321f,0.5877f,0f,0f,0f,1f],start_interpolation: 0,interpolation_duration: 1}
$data merge entity $(bone_2) {transformation: [0.0691f,-0.8707f,0.4639f,0.0513f,-0.9311f,0.095f,0.3172f,1.1717f,-0.3232f,-0.46f,-0.8146f,0.6164f,0f,0f,0f,1f],start_interpolation: 0,interpolation_duration: 1}
$data merge entity $(bone_1) {transformation: [0.0692f,-0.1222f,0.979f,0.0154f,-0.932f,0.3141f,0.105f,1.2803f,-0.3235f,-0.9309f,-0.0931f,0.2958f,0f,0f,0f,1f],start_interpolation: 0,interpolation_duration: 1}
$data merge entity $(bone_4) {transformation: [-0.247f,-0.8711f,0.4005f,0.1838f,-0.6874f,-0.1349f,-0.7109f,1.1195f,0.6706f,-0.4525f,-0.5687f,-0.4107f,0f,0f,0f,1f],start_interpolation: 0,interpolation_duration: 1}
$data merge entity $(bone_3) {transformation: [-0.2473f,-0.8677f,-0.4079f,-0.0874f,-0.6881f,0.4565f,-0.5614f,1.2621f,0.6713f,0.1431f,-0.7125f,-0.3659f,0f,0f,0f,1f],start_interpolation: 0,interpolation_duration: 1}
$data merge entity $(bone_8) {transformation: [-0.0657f,0.5985f,-0.7973f,-0.146f,0.1723f,0.7942f,0.5826f,0.389f,0.9818f,-0.0993f,-0.1556f,0.1885f,0f,0f,0f,1f],start_interpolation: 0,interpolation_duration: 1}
$data merge entity $(bone_7) {transformation: [-0.0657f,-0.054f,-0.9954f,-0.2033f,0.1723f,0.9828f,-0.0642f,0.6935f,0.9818f,-0.1761f,-0.0554f,0.1313f,0f,0f,0f,1f],start_interpolation: 0,interpolation_duration: 1}