# This file was generated by Animated Java via MC-Build. It is not recommended to edit this file directly.
$data merge entity $(bone_layer) {transformation: [0f,0.1307f,-0.9924f,-0.0925f,0f,0.9924f,0.1307f,1.2836f,1.0011f,0f,0f,0f,0f,0f,0f,1f],start_interpolation: 0,interpolation_duration: 1}
$data merge entity $(bone_l_1) {transformation: [0f,0.0979f,-0.9914f,0.1731f,0f,0.7436f,0.1305f,1.3978f,0.7501f,0f,0f,0.0928f,0f,0f,0f,1f],start_interpolation: 0,interpolation_duration: 1}
$data merge entity $(bone_eye_l) {transformation: [0f,0.1305f,-0.9914f,-0.0925f,0f,0.9914f,0.1305f,1.2836f,1.0001f,0f,0f,0f,0f,0f,0f,1f],start_interpolation: 0,interpolation_duration: 1}
$data merge entity $(bone_r_1) {transformation: [0f,0.0979f,-0.9914f,0.1731f,0f,0.7436f,0.1305f,1.3978f,0.7501f,0f,0f,-0.0928f,0f,0f,0f,1f],start_interpolation: 0,interpolation_duration: 1}
$data merge entity $(bone_eye_r) {transformation: [0f,0.1305f,-0.9914f,0.1639f,0f,0.9914f,0.1305f,1.3759f,1.0001f,0f,0f,-0.125f,0f,0f,0f,1f],start_interpolation: 0,interpolation_duration: 1}
$data merge entity $(bone_eyes_down) {transformation: [0f,0.1305f,-0.9914f,-0.081f,0f,0.9914f,0.1305f,1.3712f,1.0001f,0f,0f,0f,0f,0f,0f,1f],start_interpolation: 0,interpolation_duration: 1}
$data merge entity $(bone_eyes_up) {transformation: [0f,0f,0f,-0.0639f,0f,0f,0f,1.5005f,0f,0f,0f,0f,0f,0f,0f,1f],start_interpolation: 0,interpolation_duration: 1}
$data merge entity $(bone_bone) {transformation: [0f,0.1305f,-0.9914f,-0.0925f,0f,0.9914f,0.1305f,1.2836f,1.0001f,0f,0f,0f,0f,0f,0f,1f],start_interpolation: 0,interpolation_duration: 1}
$data merge entity $(bone_l) {transformation: [0.0047f,0.0978f,-0.9914f,0.1874f,0.0358f,0.7431f,0.1305f,1.4462f,0.9994f,-0.0271f,0f,0.125f,0f,0f,0f,1f],start_interpolation: 0,interpolation_duration: 1}
$data merge entity $(bone_r) {transformation: [-0.0047f,0.0978f,-0.9914f,0.1874f,-0.0358f,0.7431f,0.1305f,1.4462f,0.9994f,0.0271f,0f,-0.125f,0f,0f,0f,1f],start_interpolation: 0,interpolation_duration: 1}
$data merge entity $(bone_sad) {transformation: [0f,0.0875f,-0.4957f,0.1624f,0f,0.6643f,0.0653f,1.3042f,3.0003f,0f,0f,0.1406f,0f,0f,0f,1f],start_interpolation: 0,interpolation_duration: 1}
$data merge entity $(bone_head) {transformation: [0f,0.1305f,-0.9914f,-0.0925f,0f,0.9914f,0.1305f,1.2836f,1.0001f,0f,0f,0f,0f,0f,0f,1f],start_interpolation: 0,interpolation_duration: 1}
$data merge entity $(bone_6) {transformation: [0.0337f,0.0373f,-0.998f,-0.0682f,-0.2034f,0.9783f,0.0306f,0.3895f,0.9775f,0.2022f,0.0408f,-0.1873f,0f,0f,0f,1f],start_interpolation: 0,interpolation_duration: 1}
$data merge entity $(bone_12) {transformation: [0.0337f,-0.5163f,-0.8549f,-0.2481f,-0.2034f,0.8348f,-0.5111f,0.6669f,0.9775f,0.1915f,-0.0768f,-0.1234f,0f,0f,0f,1f],start_interpolation: 0,interpolation_duration: 1}
$data merge entity $(bone_10) {transformation: [0f,0.1184f,-0.992f,-0.2507f,0f,0.993f,0.1183f,1.0229f,0.999f,0f,0f,0f,0f,0f,0f,1f],start_interpolation: 0,interpolation_duration: 1}
$data merge entity $(bone_9) {transformation: [0f,0.5715f,-0.8206f,-0.0496f,0f,0.8206f,0.5715f,1.3032f,1f,0f,0f,0f,0f,0f,0f,1f],start_interpolation: 0,interpolation_duration: 1}
$data merge entity $(item_display_item_display) {transformation: [0.8794f,0.4502f,0.0494f,0.4225f,-0.0998f,0.0872f,0.9791f,1.1576f,0.4427f,-0.8768f,0.1227f,0.3646f,0f,0f,0f,1f],start_interpolation: 0,interpolation_duration: 1}
$data merge entity $(bone_2) {transformation: [-0.0533f,-0.9869f,0.0393f,-0.0064f,-0.9787f,0.0579f,0.123f,1.1863f,-0.1248f,-0.033f,-0.9814f,0.6097f,0f,0f,0f,1f],start_interpolation: 0,interpolation_duration: 1}
$data merge entity $(bone_1) {transformation: [-0.0533f,-0.3638f,0.9183f,-0.1257f,-0.9796f,0.1359f,-0.0031f,1.233f,-0.1249f,-0.9106f,-0.3673f,0.2943f,0f,0f,0f,1f],start_interpolation: 0,interpolation_duration: 1}
$data merge entity $(bone_4) {transformation: [-0.2748f,-0.7198f,0.622f,0.0565f,-0.7548f,-0.2396f,-0.6062f,1.1317f,0.5814f,-0.6398f,-0.4813f,-0.3863f,0f,0f,0f,1f],start_interpolation: 0,interpolation_duration: 1}
$data merge entity $(bone_3) {transformation: [-0.2751f,-0.9025f,-0.3007f,-0.2256f,-0.7556f,0.3985f,-0.5159f,1.2562f,0.582f,0.0866f,-0.7959f,-0.3592f,0f,0f,0f,1f],start_interpolation: 0,interpolation_duration: 1}
$data merge entity $(bone_8) {transformation: [-0.0714f,0.7048f,-0.7045f,-0.2715f,0.1929f,0.7029f,0.6844f,0.3696f,0.9776f,-0.0872f,-0.1865f,0.1931f,0f,0f,0f,1f],start_interpolation: 0,interpolation_duration: 1}
$data merge entity $(bone_7) {transformation: [-0.0714f,0.0871f,-0.9927f,-0.2847f,0.1929f,0.9784f,0.0725f,0.6783f,0.9776f,-0.1867f,-0.0868f,0.1313f,0f,0f,0f,1f],start_interpolation: 0,interpolation_duration: 1}