# This file was generated by Animated Java via MC-Build. It is not recommended to edit this file directly.
$data merge entity $(bone_layer) {transformation: [0f,0.1307f,-0.9924f,-0.1875f,0f,0.9924f,0.1307f,1.2813f,1.0011f,0f,0f,0f,0f,0f,0f,1f],start_interpolation: 0,interpolation_duration: 1}
$data merge entity $(bone_l_1) {transformation: [0f,0.0979f,-0.9914f,0.0784f,0f,0.7436f,0.1305f,1.3975f,0.7501f,0f,0f,0.0906f,0f,0f,0f,1f],start_interpolation: 0,interpolation_duration: 1}
$data merge entity $(bone_eye_l) {transformation: [0f,0.1305f,-0.9914f,-0.1875f,0f,0.9914f,0.1305f,1.2813f,1.0001f,0f,0f,0f,0f,0f,0f,1f],start_interpolation: 0,interpolation_duration: 1}
$data merge entity $(bone_r_1) {transformation: [0f,0.0979f,-0.9914f,0.0784f,0f,0.7436f,0.1305f,1.3975f,0.7501f,0f,0f,-0.0906f,0f,0f,0f,1f],start_interpolation: 0,interpolation_duration: 1}
$data merge entity $(bone_eye_r) {transformation: [0f,0.1305f,-0.9914f,0.0689f,0f,0.9914f,0.1305f,1.3736f,1.0001f,0f,0f,-0.125f,0f,0f,0f,1f],start_interpolation: 0,interpolation_duration: 1}
$data merge entity $(bone_eyes_down) {transformation: [0f,0.1305f,-0.9914f,-0.1753f,0f,0.9914f,0.1305f,1.3742f,1.0001f,0f,0f,0f,0f,0f,0f,1f],start_interpolation: 0,interpolation_duration: 1}
$data merge entity $(bone_eyes_up) {transformation: [0f,0f,0f,-0.1589f,0f,0f,0f,1.4981f,0f,0f,0f,0f,0f,0f,0f,1f],start_interpolation: 0,interpolation_duration: 1}
$data merge entity $(bone_bone) {transformation: [0f,0.1305f,-0.9914f,-0.1875f,0f,0.9914f,0.1305f,1.2813f,1.0001f,0f,0f,0f,0f,0f,0f,1f],start_interpolation: 0,interpolation_duration: 1}
$data merge entity $(bone_l) {transformation: [0.0057f,0.0978f,-0.9914f,0.0921f,0.0432f,0.7429f,0.1305f,1.4414f,0.9991f,-0.0327f,0f,0.125f,0f,0f,0f,1f],start_interpolation: 0,interpolation_duration: 1}
$data merge entity $(bone_r) {transformation: [-0.0057f,0.0978f,-0.9914f,0.0921f,-0.0432f,0.7429f,0.1305f,1.4414f,0.9991f,0.0327f,0f,-0.125f,0f,0f,0f,1f],start_interpolation: 0,interpolation_duration: 1}
$data merge entity $(bone_sad) {transformation: [0f,0.0875f,-0.4957f,0.0674f,0f,0.6643f,0.0653f,1.302f,3.0003f,0f,0f,0.1406f,0f,0f,0f,1f],start_interpolation: 0,interpolation_duration: 1}
$data merge entity $(bone_head) {transformation: [0f,0.1305f,-0.9914f,-0.1875f,0f,0.9914f,0.1305f,1.2813f,1.0001f,0f,0f,0f,0f,0f,0f,1f],start_interpolation: 0,interpolation_duration: 1}
$data merge entity $(bone_6) {transformation: [0.0387f,-0.0002f,-0.9986f,-0.1135f,-0.2002f,0.9794f,-0.0071f,0.3937f,0.978f,0.2005f,0.038f,-0.1864f,0f,0f,0f,1f],start_interpolation: 0,interpolation_duration: 1}
$data merge entity $(bone_12) {transformation: [0.0387f,-0.573f,-0.8179f,-0.3126f,-0.2002f,0.7982f,-0.5675f,0.6559f,0.978f,0.186f,-0.0838f,-0.1249f,0f,0f,0f,1f],start_interpolation: 0,interpolation_duration: 1}
$data merge entity $(bone_10) {transformation: [0f,0.0737f,-0.9963f,-0.3413f,0f,0.9973f,0.0736f,1.022f,0.999f,0f,0f,0f,0f,0f,0f,1f],start_interpolation: 0,interpolation_duration: 1}
$data merge entity $(bone_9) {transformation: [0f,0.5625f,-0.8268f,-0.1443f,0f,0.8268f,0.5625f,1.3009f,1f,0f,0f,0f,0f,0f,0f,1f],start_interpolation: 0,interpolation_duration: 1}
$data merge entity $(item_display_item_display) {transformation: [0.9359f,0.3074f,0.0904f,0.3254f,-0.1028f,0.0234f,0.9824f,1.1101f,0.3044f,-0.9403f,0.054f,0.2869f,0f,0f,0f,1f],start_interpolation: 0,interpolation_duration: 1}
$data merge entity $(bone_2) {transformation: [-0.0961f,-0.978f,-0.1128f,-0.0763f,-0.9817f,0.089f,0.0672f,1.1822f,-0.0562f,0.1179f,-0.9811f,0.6004f,0f,0f,0f,1f],start_interpolation: 0,interpolation_duration: 1}
$data merge entity $(bone_1) {transformation: [-0.0962f,-0.4405f,0.8805f,-0.2222f,-0.9827f,0.0936f,-0.0607f,1.214f,-0.0562f,-0.8816f,-0.4464f,0.2946f,0f,0f,0f,1f],start_interpolation: 0,interpolation_duration: 1}
$data merge entity $(bone_4) {transformation: [-0.2844f,-0.6541f,0.6869f,-0.0352f,-0.7754f,-0.2642f,-0.5684f,1.1337f,0.5489f,-0.6989f,-0.4358f,-0.3772f,0f,0f,0f,1f],start_interpolation: 0,interpolation_duration: 1}
$data merge entity $(bone_3) {transformation: [-0.2847f,-0.9114f,-0.263f,-0.32f,-0.7761f,0.3821f,-0.4968f,1.2531f,0.5494f,0.0639f,-0.8211f,-0.3572f,0f,0f,0f,1f],start_interpolation: 0,interpolation_duration: 1}
$data merge entity $(bone_8) {transformation: [-0.0733f,0.7384f,-0.669f,-0.3616f,0.2f,0.6683f,0.7164f,0.3632f,0.976f,-0.0815f,-0.197f,0.1943f,0f,0f,0f,1f],start_interpolation: 0,interpolation_duration: 1}
$data merge entity $(bone_7) {transformation: [-0.0733f,0.1356f,-0.9871f,-0.3594f,0.2f,0.9724f,0.1192f,0.6719f,0.976f,-0.1891f,-0.0986f,0.1313f,0f,0f,0f,1f],start_interpolation: 0,interpolation_duration: 1}