# This file was generated by Animated Java via MC-Build. It is not recommended to edit this file directly.
$data merge entity $(bone_layer) {transformation: [0f,0.1307f,-0.9924f,-0.1975f,0f,0.9924f,0.1307f,1.284f,1.0011f,0f,0f,0f,0f,0f,0f,1f],start_interpolation: 0,interpolation_duration: 1}
$data merge entity $(bone_l_1) {transformation: [0f,0.0979f,-0.9914f,0.0684f,0f,0.7436f,0.1305f,1.4003f,0.7501f,0f,0f,0.0906f,0f,0f,0f,1f],start_interpolation: 0,interpolation_duration: 1}
$data merge entity $(bone_eye_l) {transformation: [0f,0.1305f,-0.9914f,-0.1975f,0f,0.9914f,0.1305f,1.284f,1.0001f,0f,0f,0f,0f,0f,0f,1f],start_interpolation: 0,interpolation_duration: 1}
$data merge entity $(bone_r_1) {transformation: [0f,0.0979f,-0.9914f,0.0684f,0f,0.7436f,0.1305f,1.4003f,0.7501f,0f,0f,-0.0906f,0f,0f,0f,1f],start_interpolation: 0,interpolation_duration: 1}
$data merge entity $(bone_eye_r) {transformation: [0f,0.1305f,-0.9914f,0.0589f,0f,0.9914f,0.1305f,1.3763f,1.0001f,0f,0f,-0.125f,0f,0f,0f,1f],start_interpolation: 0,interpolation_duration: 1}
$data merge entity $(bone_eyes_down) {transformation: [0f,0.1305f,-0.9914f,-0.1853f,0f,0.9914f,0.1305f,1.3769f,1.0001f,0f,0f,0f,0f,0f,0f,1f],start_interpolation: 0,interpolation_duration: 1}
$data merge entity $(bone_bone) {transformation: [0f,0.1305f,-0.9914f,-0.1975f,0f,0.9914f,0.1305f,1.284f,1.0001f,0f,0f,0f,0f,0f,0f,1f],start_interpolation: 0,interpolation_duration: 1}
$data merge entity $(bone_l) {transformation: [0.0057f,0.0978f,-0.9914f,0.0821f,0.0432f,0.7429f,0.1305f,1.4442f,0.9991f,-0.0327f,0f,0.125f,0f,0f,0f,1f],start_interpolation: 0,interpolation_duration: 1}
$data merge entity $(bone_r) {transformation: [-0.0057f,0.0978f,-0.9914f,0.0821f,-0.0432f,0.7429f,0.1305f,1.4442f,0.9991f,0.0327f,0f,-0.125f,0f,0f,0f,1f],start_interpolation: 0,interpolation_duration: 1}
$data merge entity $(bone_sad) {transformation: [0f,0.0875f,-0.4957f,0.0575f,0f,0.6643f,0.0653f,1.3053f,3.0003f,0f,0f,0.1406f,0f,0f,0f,1f],start_interpolation: 0,interpolation_duration: 1}
$data merge entity $(bone_head) {transformation: [0f,0.1305f,-0.9914f,-0.1975f,0f,0.9914f,0.1305f,1.284f,1.0001f,0f,0f,0f,0f,0f,0f,1f],start_interpolation: 0,interpolation_duration: 1}
$data merge entity $(bone_6) {transformation: [0.0387f,-0.0002f,-0.9986f,-0.1099f,-0.2002f,0.9794f,-0.0071f,0.4084f,0.978f,0.2005f,0.038f,-0.1841f,0f,0f,0f,1f],start_interpolation: 0,interpolation_duration: 1}
$data merge entity $(bone_12) {transformation: [0.0387f,-0.573f,-0.8179f,-0.3108f,-0.2002f,0.7982f,-0.5675f,0.6608f,0.978f,0.186f,-0.0838f,-0.1244f,0f,0f,0f,1f],start_interpolation: 0,interpolation_duration: 1}
$data merge entity $(bone_10) {transformation: [0f,0.0751f,-0.9962f,-0.3466f,0f,0.9972f,0.0751f,1.0392f,0.999f,0f,0f,0f,0f,0f,0f,1f],start_interpolation: 0,interpolation_duration: 1}
$data merge entity $(bone_9) {transformation: [0f,0.5637f,-0.826f,-0.1534f,0f,0.826f,0.5637f,1.3031f,1f,0f,0f,0f,0f,0f,0f,1f],start_interpolation: 0,interpolation_duration: 1}
$data merge entity $(item_display_item_display) {transformation: [0.937f,0.305f,0.0869f,0.3546f,-0.099f,0.0232f,0.9828f,1.0785f,0.3023f,-0.941f,0.0524f,0.272f,0f,0f,0f,1f],start_interpolation: 0,interpolation_duration: 1}
$data merge entity $(bone_2) {transformation: [-0.0961f,-0.978f,-0.1128f,-0.0863f,-0.9817f,0.089f,0.0672f,1.185f,-0.0562f,0.1179f,-0.9811f,0.6004f,0f,0f,0f,1f],start_interpolation: 0,interpolation_duration: 1}
$data merge entity $(bone_1) {transformation: [-0.0962f,-0.4405f,0.8805f,-0.2322f,-0.9827f,0.0936f,-0.0607f,1.2167f,-0.0562f,-0.8816f,-0.4464f,0.2946f,0f,0f,0f,1f],start_interpolation: 0,interpolation_duration: 1}
$data merge entity $(bone_4) {transformation: [-0.2844f,-0.6541f,0.6869f,-0.0452f,-0.7754f,-0.2642f,-0.5684f,1.1364f,0.5489f,-0.6989f,-0.4358f,-0.3772f,0f,0f,0f,1f],start_interpolation: 0,interpolation_duration: 1}
$data merge entity $(bone_3) {transformation: [-0.2847f,-0.9114f,-0.263f,-0.33f,-0.7761f,0.3821f,-0.4968f,1.2559f,0.5494f,0.0639f,-0.8211f,-0.3572f,0f,0f,0f,1f],start_interpolation: 0,interpolation_duration: 1}
$data merge entity $(bone_8) {transformation: [-0.0733f,0.7384f,-0.669f,-0.3716f,0.2f,0.6683f,0.7164f,0.3659f,0.976f,-0.0815f,-0.197f,0.1943f,0f,0f,0f,1f],start_interpolation: 0,interpolation_duration: 1}
$data merge entity $(bone_7) {transformation: [-0.0733f,0.1356f,-0.9871f,-0.3694f,0.2f,0.9724f,0.1192f,0.6746f,0.976f,-0.1891f,-0.0986f,0.1313f,0f,0f,0f,1f],start_interpolation: 0,interpolation_duration: 1}