# This file was generated by Animated Java via MC-Build. It is not recommended to edit this file directly.
$data merge entity $(bone_layer) {transformation: [0.6326f,-0.5319f,-0.5648f,-0.176f,0.4134f,0.8477f,-0.3354f,1.6381f,0.6566f,-0.0213f,0.7553f,-0.6535f,0f,0f,0f,1f],start_interpolation: 0,interpolation_duration: 1}
$data merge entity $(bone_l_1) {transformation: [0.5688f,-0.4783f,-0.5642f,-0.0557f,0.3717f,0.7622f,-0.3351f,1.895f,0.5903f,-0.0191f,0.7546f,-0.7787f,0f,0f,0f,1f],start_interpolation: 0,interpolation_duration: 1}
$data merge entity $(bone_eye_l) {transformation: [0.632f,-0.5314f,-0.5642f,-0.176f,0.413f,0.8468f,-0.3351f,1.6381f,0.6559f,-0.0213f,0.7546f,-0.6535f,0f,0f,0f,1f],start_interpolation: 0,interpolation_duration: 1}
$data merge entity $(bone_r_1) {transformation: [0.5688f,-0.4783f,-0.5642f,-0.1833f,0.3717f,0.7622f,-0.3351f,1.8117f,0.5903f,-0.0191f,0.7546f,-0.9083f,0f,0f,0f,1f],start_interpolation: 0,interpolation_duration: 1}
$data merge entity $(bone_eye_r) {transformation: [0.632f,-0.5314f,-0.5642f,-0.186f,0.413f,0.8468f,-0.3351f,1.7728f,0.6559f,-0.0213f,0.7546f,-0.9194f,0f,0f,0f,1f],start_interpolation: 0,interpolation_duration: 1}
$data merge entity $(bone_eyes_down) {transformation: [0.632f,-0.5314f,-0.5642f,-0.2259f,0.413f,0.8468f,-0.3351f,1.7175f,0.6559f,-0.0213f,0.7546f,-0.6555f,0f,0f,0f,1f],start_interpolation: 0,interpolation_duration: 1}
$data merge entity $(bone_eyes_up) {transformation: [0.632f,-0.5314f,-0.5642f,-0.2923f,0.413f,0.8468f,-0.3351f,1.8234f,0.6559f,-0.0213f,0.7546f,-0.6582f,0f,0f,0f,1f],start_interpolation: 0,interpolation_duration: 1}
$data merge entity $(bone_bone) {transformation: [0.632f,-0.5314f,-0.5642f,-0.176f,0.413f,0.8468f,-0.3351f,1.6381f,0.6559f,-0.0213f,0.7546f,-0.6535f,0f,0f,0f,1f],start_interpolation: 0,interpolation_duration: 1}
$data merge entity $(bone_l) {transformation: [0.6082f,-0.4189f,-0.5642f,-0.0629f,0.4496f,0.621f,-0.3351f,1.9516f,0.6544f,-0.0374f,0.7546f,-0.7693f,0f,0f,0f,1f],start_interpolation: 0,interpolation_duration: 1}
$data merge entity $(bone_r) {transformation: [0.6545f,-0.3775f,-0.5642f,-0.2209f,0.3757f,0.648f,-0.3351f,1.8483f,0.6562f,0.0055f,0.7546f,-0.9333f,0f,0f,0f,1f],start_interpolation: 0,interpolation_duration: 1}
$data merge entity $(bone_sad) {transformation: [0.632f,-0.5314f,-0.5642f,-0.01f,0.413f,0.8468f,-0.3351f,1.8123f,0.6559f,-0.0213f,0.7546f,-0.804f,0f,0f,0f,1f],start_interpolation: 0,interpolation_duration: 1}
$data merge entity $(bone_head) {transformation: [0.632f,-0.5314f,-0.5642f,-0.176f,0.413f,0.8468f,-0.3351f,1.6381f,0.6559f,-0.0213f,0.7546f,-0.6535f,0f,0f,0f,1f],start_interpolation: 0,interpolation_duration: 1}
$data merge entity $(bone_6) {transformation: [0.7247f,0.3138f,-0.6119f,-0.0127f,0.2667f,0.6916f,0.6712f,0.7453f,0.6338f,-0.6498f,0.4173f,-0.3331f,0f,0f,0f,1f],start_interpolation: 0,interpolation_duration: 1}
$data merge entity $(bone_12) {transformation: [0.7247f,-0.2214f,-0.651f,-0.0888f,0.2667f,0.9632f,-0.0301f,1.0764f,0.6338f,-0.1521f,0.7571f,-0.3854f,0f,0f,0f,1f],start_interpolation: 0,interpolation_duration: 1}
$data merge entity $(bone_10) {transformation: [0.6947f,-0.4499f,-0.5598f,-0.1324f,0.5395f,0.8416f,-0.0055f,1.3706f,0.4736f,-0.2988f,0.8274f,-0.4406f,0f,0f,0f,1f],start_interpolation: 0,interpolation_duration: 1}
$data merge entity $(bone_9) {transformation: [0.6954f,-0.2068f,-0.6882f,-0.2067f,0.54f,0.7822f,0.3107f,1.6517f,0.4741f,-0.5877f,0.6556f,-0.6518f,0f,0f,0f,1f],start_interpolation: 0,interpolation_duration: 1}
$data merge entity $(item_display_item_display) {transformation: [0.6176f,-0.7338f,-0.2445f,0.1361f,0.1015f,-0.2339f,0.9547f,1.6426f,-0.7666f,-0.6209f,-0.0706f,-0.8686f,0f,0f,0f,1f],start_interpolation: 0,interpolation_duration: 1}
$data merge entity $(bone_2) {transformation: [0.2445f,-0.3275f,-0.9015f,0.2387f,-0.9547f,-0.0148f,-0.2545f,1.7007f,0.0706f,0.9334f,-0.3193f,-0.4388f,0f,0f,0f,1f],start_interpolation: 0,interpolation_duration: 1}
$data merge entity $(bone_1) {transformation: [0.2448f,-0.9288f,-0.2393f,-0.0821f,-0.9556f,-0.2184f,-0.1316f,1.6248f,0.0707f,0.264f,-0.9506f,-0.3539f,0f,0f,0f,1f],start_interpolation: 0,interpolation_duration: 1}
$data merge entity $(bone_4) {transformation: [0.6786f,-0.3734f,-0.6148f,-0.5273f,-0.2205f,0.7075f,-0.67f,1.1401f,0.6867f,0.588f,0.4013f,-0.6731f,0f,0f,0f,1f],start_interpolation: 0,interpolation_duration: 1}
$data merge entity $(bone_3) {transformation: [0.6793f,0.3853f,-0.6074f,-0.4069f,-0.2207f,0.9143f,0.3368f,1.4258f,0.6874f,-0.0988f,0.705f,-0.704f,0f,0f,0f,1f],start_interpolation: 0,interpolation_duration: 1}
$data merge entity $(bone_8) {transformation: [0.4762f,-0.6055f,-0.6365f,0.2429f,0.7458f,0.6611f,-0.0715f,1.258f,0.4638f,-0.441f,0.7678f,-0.5297f,0f,0f,0f,1f],start_interpolation: 0,interpolation_duration: 1}
$data merge entity $(bone_7) {transformation: [0.4762f,-0.3001f,0.8257f,0.1398f,0.7458f,-0.3585f,-0.56f,1.1347f,0.4638f,0.8839f,0.0528f,-0.2259f,0f,0f,0f,1f],start_interpolation: 0,interpolation_duration: 1}
data modify entity @s data merge value {"cameras":{"camera1":{"px":2.4108796296296293,"py":0.9081018518518518,"pz":2.0228009259259263,"ry":121.37592592592588,"rx":-18.18074074074074}},"locators":{}}