# This file was generated by Animated Java via MC-Build. It is not recommended to edit this file directly.
$data merge entity $(bone_layer) {transformation: [0f,0.2384f,-0.9722f,-0.2014f,0f,0.9722f,0.2384f,1.2791f,1.0011f,0f,0f,0f,0f,0f,0f,1f],start_interpolation: 0,interpolation_duration: 1}
$data merge entity $(bone_l_1) {transformation: [0f,0.1786f,-0.9712f,0.0751f,0f,0.7284f,0.2381f,1.3633f,0.7501f,0f,0f,0.0929f,0f,0f,0f,1f],start_interpolation: 0,interpolation_duration: 1}
$data merge entity $(bone_eye_l) {transformation: [0f,0.2381f,-0.9712f,-0.2014f,0f,0.9712f,0.2381f,1.2791f,1.0001f,0f,0f,0f,0f,0f,0f,1f],start_interpolation: 0,interpolation_duration: 1}
$data merge entity $(bone_r_1) {transformation: [0f,0.1786f,-0.9712f,0.0751f,0f,0.7284f,0.2381f,1.3633f,0.7501f,0f,0f,-0.093f,0f,0f,0f,1f],start_interpolation: 0,interpolation_duration: 1}
$data merge entity $(bone_eye_r) {transformation: [0f,0.2381f,-0.9712f,0.0636f,0f,0.9712f,0.2381f,1.3428f,1.0001f,0f,0f,-0.125f,0f,0f,0f,1f],start_interpolation: 0,interpolation_duration: 1}
$data merge entity $(bone_eyes_down) {transformation: [0f,0.2381f,-0.9712f,-0.1802f,0f,0.9712f,0.2381f,1.3656f,1.0001f,0f,0f,0f,0f,0f,0f,1f],start_interpolation: 0,interpolation_duration: 1}
$data merge entity $(bone_eyes_up) {transformation: [0f,0f,0f,-0.1493f,0f,0f,0f,1.4915f,0f,0f,0f,0f,0f,0f,0f,1f],start_interpolation: 0,interpolation_duration: 1}
$data merge entity $(bone_bone) {transformation: [0f,0.2381f,-0.9712f,-0.2014f,0f,0.9712f,0.2381f,1.2791f,1.0001f,0f,0f,0f,0f,0f,0f,1f],start_interpolation: 0,interpolation_duration: 1}
$data merge entity $(bone_l) {transformation: [0.0065f,0.1785f,-0.9712f,0.0946f,0.0267f,0.7282f,0.2381f,1.41f,0.9997f,-0.0206f,0f,0.125f,0f,0f,0f,1f],start_interpolation: 0,interpolation_duration: 1}
$data merge entity $(bone_r) {transformation: [-0.0065f,0.1785f,-0.9712f,0.0946f,-0.0267f,0.7282f,0.2381f,1.41f,0.9997f,0.0206f,0f,-0.125f,0f,0f,0f,1f],start_interpolation: 0,interpolation_duration: 1}
$data merge entity $(bone_sad) {transformation: [0f,0.1595f,-0.4856f,0.0545f,0f,0.6507f,0.1191f,1.2727f,3.0003f,0f,0f,0.1406f,0f,0f,0f,1f],start_interpolation: 0,interpolation_duration: 1}
$data merge entity $(bone_head) {transformation: [0f,0.2381f,-0.9712f,-0.2014f,0f,0.9712f,0.2381f,1.2791f,1.0001f,0f,0f,0f,0f,0f,0f,1f],start_interpolation: 0,interpolation_duration: 1}
$data merge entity $(bone_6) {transformation: [0.043f,-0.0216f,-0.9982f,-0.0926f,-0.1993f,0.9791f,-0.0288f,0.4183f,0.978f,0.2005f,0.038f,-0.1829f,0f,0f,0f,1f],start_interpolation: 0,interpolation_duration: 1}
$data merge entity $(bone_12) {transformation: [0.043f,-0.5902f,-0.8053f,-0.2998f,-0.1993f,0.7855f,-0.5852f,0.6614f,0.978f,0.186f,-0.0838f,-0.1242f,0f,0f,0f,1f],start_interpolation: 0,interpolation_duration: 1}
$data merge entity $(bone_10) {transformation: [0f,0.0541f,-0.9975f,-0.3475f,0f,0.9985f,0.054f,1.0381f,0.999f,0f,0f,0f,0f,0f,0f,1f],start_interpolation: 0,interpolation_duration: 1}
$data merge entity $(bone_9) {transformation: [0f,0.5461f,-0.8377f,-0.1618f,0f,0.8377f,0.5461f,1.2988f,1f,0f,0f,0f,0f,0f,0f,1f],start_interpolation: 0,interpolation_duration: 1}
$data merge entity $(item_display_item_display) {transformation: [0.8626f,0.4791f,0.0692f,0.3582f,-0.1661f,0.1597f,0.9609f,1.107f,0.4557f,-0.8508f,0.2193f,0.3648f,0f,0f,0f,1f],start_interpolation: 0,interpolation_duration: 1}
$data merge entity $(bone_2) {transformation: [-0.0755f,-0.9834f,0.0746f,-0.1104f,-0.9595f,0.0905f,0.218f,1.15f,-0.2231f,-0.0565f,-0.9626f,0.6083f,0f,0f,0f,1f],start_interpolation: 0,interpolation_duration: 1}
$data merge entity $(bone_1) {transformation: [-0.0756f,-0.3827f,0.909f,-0.2362f,-0.9605f,0.2352f,0.019f,1.231f,-0.2233f,-0.8822f,-0.3892f,0.3026f,0f,0f,0f,1f],start_interpolation: 0,interpolation_duration: 1}
$data merge entity $(bone_4) {transformation: [-0.2925f,-0.7999f,0.5065f,-0.0444f,-0.7313f,-0.1563f,-0.6589f,1.0972f,0.6025f,-0.5666f,-0.543f,-0.4364f,0f,0f,0f,1f],start_interpolation: 0,interpolation_duration: 1}
$data merge entity $(bone_3) {transformation: [-0.2928f,-0.8468f,-0.4236f,-0.309f,-0.732f,0.4836f,-0.474f,1.2484f,0.6031f,0.1725f,-0.7656f,-0.3825f,0f,0f,0f,1f],start_interpolation: 0,interpolation_duration: 1}
$data merge entity $(bone_8) {transformation: [-0.0777f,0.7236f,-0.6845f,-0.3601f,0.1983f,0.6842f,0.7016f,0.364f,0.976f,-0.0815f,-0.197f,0.1943f,0f,0f,0f,1f],start_interpolation: 0,interpolation_duration: 1}
$data merge entity $(bone_7) {transformation: [-0.0777f,0.1143f,-0.9895f,-0.3646f,0.1983f,0.9751f,0.0976f,0.6727f,0.976f,-0.1891f,-0.0986f,0.1313f,0f,0f,0f,1f],start_interpolation: 0,interpolation_duration: 1}