# This file was generated by Animated Java via MC-Build. It is not recommended to edit this file directly.
$data merge entity $(bone_layer) {transformation: [0f,0.7665f,-0.6438f,-0.1962f,0f,0.6438f,0.7665f,1.249f,1.0011f,0f,0f,0f,0f,0f,0f,1f],start_interpolation: 0,interpolation_duration: 1}
$data merge entity $(bone_l_1) {transformation: [0f,0.5743f,-0.6431f,0.0722f,0f,0.4824f,0.7658f,1.15f,0.7501f,0f,0f,0.0987f,0f,0f,0f,1f],start_interpolation: 0,interpolation_duration: 1}
$data merge entity $(bone_eye_l) {transformation: [0f,0.7658f,-0.6431f,-0.1962f,0f,0.6431f,0.7658f,1.249f,1.0001f,0f,0f,0f,0f,0f,0f,1f],start_interpolation: 0,interpolation_duration: 1}
$data merge entity $(bone_r_1) {transformation: [0f,0.5743f,-0.6431f,0.0722f,0f,0.4824f,0.7658f,1.15f,0.7501f,0f,0f,-0.0987f,0f,0f,0f,1f],start_interpolation: 0,interpolation_duration: 1}
$data merge entity $(bone_eye_r) {transformation: [0f,0.7658f,-0.6431f,0.0553f,0f,0.6431f,0.7658f,1.1439f,1.0001f,0f,0f,-0.125f,0f,0f,0f,1f],start_interpolation: 0,interpolation_duration: 1}
$data merge entity $(bone_eyes_down) {transformation: [0f,0.7658f,-0.6431f,-0.1368f,0f,0.6431f,0.7658f,1.2989f,1.0001f,0f,0f,0f,0f,0f,0f,1f],start_interpolation: 0,interpolation_duration: 1}
$data merge entity $(bone_bone) {transformation: [0f,0.7658f,-0.6431f,-0.1962f,0f,0.6431f,0.7658f,1.249f,1.0001f,0f,0f,0f,0f,0f,0f,1f],start_interpolation: 0,interpolation_duration: 1}
$data merge entity $(bone_l) {transformation: [-0.0099f,0.5743f,-0.6431f,0.1243f,-0.0083f,0.4823f,0.7658f,1.1836f,1f,0.0097f,0f,0.125f,0f,0f,0f,1f],start_interpolation: 0,interpolation_duration: 1}
$data merge entity $(bone_r) {transformation: [0.0099f,0.5743f,-0.6431f,0.1243f,0.0083f,0.4823f,0.7658f,1.1836f,1f,-0.0097f,0f,-0.125f,0f,0f,0f,1f],start_interpolation: 0,interpolation_duration: 1}
$data merge entity $(bone_sad) {transformation: [0f,0.5131f,-0.3216f,0.0066f,0f,0.4309f,0.3829f,1.0929f,3.0003f,0f,0f,0.1406f,0f,0f,0f,1f],start_interpolation: 0,interpolation_duration: 1}
$data merge entity $(bone_head) {transformation: [0f,0.7658f,-0.6431f,-0.1962f,0f,0.6431f,0.7658f,1.249f,1.0001f,0f,0f,0f,0f,0f,0f,1f],start_interpolation: 0,interpolation_duration: 1}
$data merge entity $(bone_6) {transformation: [0.0474f,-0.043f,-0.9973f,-0.0892f,-0.1983f,0.9784f,-0.0506f,0.4264f,0.978f,0.2005f,0.038f,-0.1823f,0f,0f,0f,1f],start_interpolation: 0,interpolation_duration: 1}
$data merge entity $(bone_12) {transformation: [0.0474f,-0.6072f,-0.7923f,-0.3019f,-0.1983f,0.7724f,-0.6027f,0.6625f,0.978f,0.186f,-0.0838f,-0.1241f,0f,0f,0f,1f],start_interpolation: 0,interpolation_duration: 1}
$data merge entity $(bone_10) {transformation: [0f,0.0326f,-0.9985f,-0.3583f,0f,0.9995f,0.0326f,1.0076f,0.999f,0f,0f,0f,0f,0f,0f,1f],start_interpolation: 0,interpolation_duration: 1}
$data merge entity $(bone_9) {transformation: [0f,0.528f,-0.8492f,-0.1791f,0f,0.8492f,0.528f,1.2685f,1f,0f,0f,0f,0f,0f,0f,1f],start_interpolation: 0,interpolation_duration: 1}
$data merge entity $(item_display_item_display) {transformation: [0.1182f,0.9785f,0.0813f,0.2121f,-0.8801f,0.069f,0.4471f,0.7444f,0.4376f,-0.1258f,0.8773f,0.5249f,0f,0f,0f,1f],start_interpolation: 0,interpolation_duration: 1}
$data merge entity $(bone_2) {transformation: [-0.0817f,-0.518f,0.8385f,-0.2232f,-0.4431f,0.7715f,0.4332f,0.9772f,-0.8793f,-0.3407f,-0.2962f,0.4887f,0f,0f,0f,1f],start_interpolation: 0,interpolation_duration: 1}
$data merge entity $(bone_1) {transformation: [-0.0817f,-0.078f,0.9825f,-0.2438f,-0.4436f,0.8842f,0.0331f,1.2813f,-0.8802f,-0.4384f,-0.1079f,0.3374f,0f,0f,0f,1f],start_interpolation: 0,interpolation_duration: 1}
$data merge entity $(bone_4) {transformation: [-0.126f,-0.807f,-0.5686f,-0.194f,-0.3418f,0.5657f,-0.7402f,0.9891f,0.9223f,0.1043f,-0.3429f,-0.4673f,0f,0f,0f,1f],start_interpolation: 0,interpolation_duration: 1}
$data merge entity $(bone_3) {transformation: [-0.1261f,-0.2346f,-0.9589f,-0.2673f,-0.3421f,0.9128f,-0.1861f,1.2743f,0.9232f,0.304f,-0.1899f,-0.3723f,0f,0f,0f,1f],start_interpolation: 0,interpolation_duration: 1}
$data merge entity $(bone_8) {transformation: [-0.082f,0.7085f,-0.6996f,-0.3586f,0.1966f,0.6999f,0.6865f,0.3631f,0.976f,-0.0815f,-0.197f,0.1943f,0f,0f,0f,1f],start_interpolation: 0,interpolation_duration: 1}
$data merge entity $(bone_7) {transformation: [-0.082f,0.093f,-0.9914f,-0.3699f,0.1966f,0.9774f,0.076f,0.6717f,0.976f,-0.1891f,-0.0986f,0.1313f,0f,0f,0f,1f],start_interpolation: 0,interpolation_duration: 1}