# This file was generated by Animated Java via MC-Build. It is not recommended to edit this file directly.
$data merge entity $(bone_layer) {transformation: [0f,0.8323f,-0.5561f,-0.2094f,0f,0.5561f,0.8323f,1.2438f,1.0011f,0f,0f,0f,0f,0f,0f,1f],start_interpolation: 0,interpolation_duration: 1}
$data merge entity $(bone_l_1) {transformation: [0f,0.6236f,-0.5556f,0.0404f,0f,0.4167f,0.8315f,1.1119f,0.7501f,0f,0f,0.1063f,0f,0f,0f,1f],start_interpolation: 0,interpolation_duration: 1}
$data merge entity $(bone_eye_l) {transformation: [0f,0.8315f,-0.5556f,-0.2094f,0f,0.5556f,0.8315f,1.2438f,1.0001f,0f,0f,0f,0f,0f,0f,1f],start_interpolation: 0,interpolation_duration: 1}
$data merge entity $(bone_r_1) {transformation: [0f,0.6236f,-0.5556f,0.0404f,0f,0.4167f,0.8315f,1.1119f,0.7501f,0f,0f,-0.1063f,0f,0f,0f,1f],start_interpolation: 0,interpolation_duration: 1}
$data merge entity $(bone_eye_r) {transformation: [0f,0.8315f,-0.5556f,0.0291f,0f,0.5556f,0.8315f,1.1119f,1.0001f,0f,0f,-0.125f,0f,0f,0f,1f],start_interpolation: 0,interpolation_duration: 1}
$data merge entity $(bone_eyes_down) {transformation: [0f,0.8315f,-0.5556f,-0.1574f,0f,0.5556f,0.8315f,1.2785f,1.0001f,0f,0f,0f,0f,0f,0f,1f],start_interpolation: 0,interpolation_duration: 1}
$data merge entity $(bone_bone) {transformation: [0f,0.8315f,-0.5556f,-0.2094f,0f,0.5556f,0.8315f,1.2438f,1.0001f,0f,0f,0f,0f,0f,0f,1f],start_interpolation: 0,interpolation_duration: 1}
$data merge entity $(bone_l) {transformation: [-0.0544f,0.6223f,-0.5556f,0.1084f,-0.0363f,0.4158f,0.8315f,1.1479f,0.998f,0.0491f,0f,0.125f,0f,0f,0f,1f],start_interpolation: 0,interpolation_duration: 1}
$data merge entity $(bone_r) {transformation: [0.0544f,0.6223f,-0.5556f,0.1084f,0.0363f,0.4158f,0.8315f,1.1479f,0.998f,-0.0491f,0f,-0.125f,0f,0f,0f,1f],start_interpolation: 0,interpolation_duration: 1}
$data merge entity $(bone_sad) {transformation: [0f,0.5571f,-0.2778f,-0.0246f,0f,0.3722f,0.4157f,1.0666f,3.0003f,0f,0f,0.1406f,0f,0f,0f,1f],start_interpolation: 0,interpolation_duration: 1}
$data merge entity $(bone_head) {transformation: [0f,0.8315f,-0.5556f,-0.2094f,0f,0.5556f,0.8315f,1.2438f,1.0001f,0f,0f,0f,0f,0f,0f,1f],start_interpolation: 0,interpolation_duration: 1}
$data merge entity $(bone_6) {transformation: [0.0517f,-0.0643f,-0.996f,-0.0861f,-0.1972f,0.9773f,-0.0724f,0.4333f,0.978f,0.2005f,0.038f,-0.1817f,0f,0f,0f,1f],start_interpolation: 0,interpolation_duration: 1}
$data merge entity $(bone_12) {transformation: [0.0517f,-0.6239f,-0.779f,-0.3042f,-0.1972f,0.759f,-0.6198f,0.6622f,0.978f,0.186f,-0.0838f,-0.124f,0f,0f,0f,1f],start_interpolation: 0,interpolation_duration: 1}
$data merge entity $(bone_10) {transformation: [0f,0.0112f,-0.9989f,-0.3696f,0f,0.9999f,0.0112f,1.0023f,0.999f,0f,0f,0f,0f,0f,0f,1f],start_interpolation: 0,interpolation_duration: 1}
$data merge entity $(bone_9) {transformation: [0f,0.5096f,-0.8604f,-0.1969f,0f,0.8604f,0.5096f,1.2632f,1f,0f,0f,0f,0f,0f,0f,1f],start_interpolation: 0,interpolation_duration: 1}
$data merge entity $(item_display_item_display) {transformation: [-0.0547f,0.984f,0.0835f,0.1091f,-0.9465f,-0.0765f,0.2793f,0.7115f,0.2849f,-0.0644f,0.944f,0.4794f,0f,0f,0f,1f],start_interpolation: 0,interpolation_duration: 1}
$data merge entity $(bone_2) {transformation: [-0.0835f,-0.3662f,0.9149f,-0.257f,-0.2793f,0.8902f,0.3307f,0.9626f,-0.944f,-0.231f,-0.1788f,0.4375f,0f,0f,0f,1f],start_interpolation: 0,interpolation_duration: 1}
$data merge entity $(bone_1) {transformation: [-0.0836f,-0.0312f,0.985f,-0.2616f,-0.2796f,0.9496f,0.0063f,1.2891f,-0.945f,-0.2782f,-0.089f,0.3413f,0f,0f,0f,1f],start_interpolation: 0,interpolation_duration: 1}
$data merge entity $(bone_4) {transformation: [-0.0349f,-0.7006f,-0.7057f,-0.2354f,-0.2412f,0.6843f,-0.6757f,0.9962f,0.9612f,0.1505f,-0.1862f,-0.4111f,0f,0f,0f,1f],start_interpolation: 0,interpolation_duration: 1}
$data merge entity $(bone_3) {transformation: [-0.0349f,-0.1262f,-0.9863f,-0.2748f,-0.2415f,0.9542f,-0.1195f,1.2944f,0.9622f,0.2328f,-0.0561f,-0.3383f,0f,0f,0f,1f],start_interpolation: 0,interpolation_duration: 1}
$data merge entity $(bone_8) {transformation: [-0.0862f,0.6931f,-0.7144f,-0.3573f,0.1948f,0.7152f,0.6711f,0.361f,0.976f,-0.0815f,-0.197f,0.1943f,0f,0f,0f,1f],start_interpolation: 0,interpolation_duration: 1}
$data merge entity $(bone_7) {transformation: [-0.0862f,0.0717f,-0.9928f,-0.3753f,0.1948f,0.9792f,0.0544f,0.6692f,0.976f,-0.1891f,-0.0986f,0.1313f,0f,0f,0f,1f],start_interpolation: 0,interpolation_duration: 1}