# This file was generated by Animated Java via MC-Build. It is not recommended to edit this file directly.
$data merge entity $(bone_layer) {transformation: [0f,0.6284f,-0.7791f,-0.3207f,0f,0.7791f,0.6284f,1.274f,1.0011f,0f,0f,0f,0f,0f,0f,1f],start_interpolation: 0,interpolation_duration: 1}
$data merge entity $(bone_l_1) {transformation: [0f,0.4709f,-0.7784f,-0.0477f,0f,0.5838f,0.6278f,1.2168f,0.7501f,0f,0f,0.1138f,0f,0f,0f,1f],start_interpolation: 0,interpolation_duration: 1}
$data merge entity $(bone_eye_l) {transformation: [0f,0.6278f,-0.7784f,-0.3207f,0f,0.7784f,0.6278f,1.274f,1.0001f,0f,0f,0f,0f,0f,0f,1f],start_interpolation: 0,interpolation_duration: 1}
$data merge entity $(bone_r_1) {transformation: [0f,0.4709f,-0.7784f,-0.0477f,0f,0.5838f,0.6278f,1.2168f,0.7501f,0f,0f,-0.1138f,0f,0f,0f,1f],start_interpolation: 0,interpolation_duration: 1}
$data merge entity $(bone_eye_r) {transformation: [0f,0.6278f,-0.7784f,-0.0538f,0f,0.7784f,0.6278f,1.2193f,1.0001f,0f,0f,-0.125f,0f,0f,0f,1f],start_interpolation: 0,interpolation_duration: 1}
$data merge entity $(bone_eyes_down) {transformation: [0f,0.6278f,-0.7784f,-0.291f,0f,0.7784f,0.6278f,1.311f,1.0001f,0f,0f,0f,0f,0f,0f,1f],start_interpolation: 0,interpolation_duration: 1}
$data merge entity $(bone_bone) {transformation: [0f,0.6278f,-0.7784f,-0.3207f,0f,0.7784f,0.6278f,1.274f,1.0001f,0f,0f,0f,0f,0f,0f,1f],start_interpolation: 0,interpolation_duration: 1}
$data merge entity $(bone_l) {transformation: [-0.0739f,0.4676f,-0.7784f,0.0159f,-0.0916f,0.5797f,0.6278f,1.2832f,0.9931f,0.0883f,0f,0.125f,0f,0f,0f,1f],start_interpolation: 0,interpolation_duration: 1}
$data merge entity $(bone_r) {transformation: [0.0739f,0.4676f,-0.7784f,0.0159f,0.0916f,0.5797f,0.6278f,1.2832f,0.9931f,-0.0883f,0f,-0.125f,0f,0f,0f,1f],start_interpolation: 0,interpolation_duration: 1}
$data merge entity $(bone_sad) {transformation: [0f,0.4206f,-0.3892f,-0.0914f,0f,0.5215f,0.3139f,1.1601f,3.0003f,0f,0f,0.1406f,0f,0f,0f,1f],start_interpolation: 0,interpolation_duration: 1}
$data merge entity $(bone_head) {transformation: [0f,0.6278f,-0.7784f,-0.3207f,0f,0.7784f,0.6278f,1.274f,1.0001f,0f,0f,0f,0f,0f,0f,1f],start_interpolation: 0,interpolation_duration: 1}
$data merge entity $(bone_6) {transformation: [0.0298f,0.286f,-0.9568f,-0.2378f,-0.211f,0.938f,0.2745f,0.3759f,0.976f,0.1941f,0.0885f,-0.193f,0f,0f,0f,1f],start_interpolation: 0,interpolation_duration: 1}
$data merge entity $(bone_12) {transformation: [0.0298f,-0.3407f,-0.9388f,-0.3698f,-0.211f,0.9167f,-0.3388f,0.6597f,0.976f,0.2086f,-0.0446f,-0.1277f,0f,0f,0f,1f],start_interpolation: 0,interpolation_duration: 1}
$data merge entity $(bone_10) {transformation: [0f,-0.1452f,-0.9884f,-0.4319f,0f,0.9894f,-0.1451f,1.0021f,0.999f,0f,0f,0f,0f,0f,0f,1f],start_interpolation: 0,interpolation_duration: 1}
$data merge entity $(bone_9) {transformation: [0f,0.3626f,-0.9319f,-0.3041f,0f,0.9319f,0.3626f,1.2877f,1f,0f,0f,0f,0f,0f,0f,1f],start_interpolation: 0,interpolation_duration: 1}
$data merge entity $(item_display_item_display) {transformation: [0.1126f,0.9812f,-0.0513f,-0.258f,-0.9346f,0.1229f,0.3019f,1.249f,0.3065f,0.0141f,0.9394f,0.6817f,0f,0f,0f,1f],start_interpolation: 0,interpolation_duration: 1}
$data merge entity $(bone_2) {transformation: [0.0531f,-0.4439f,0.8822f,-0.3379f,-0.3088f,0.8325f,0.4373f,0.9818f,-0.937f,-0.2995f,-0.0941f,0.4438f,0f,0f,0f,1f],start_interpolation: 0,interpolation_duration: 1}
$data merge entity $(bone_1) {transformation: [0.0531f,-0.1067f,0.9818f,-0.3683f,-0.3091f,0.933f,0.1179f,1.3026f,-0.938f,-0.3135f,0.0168f,0.3364f,0f,0f,0f,1f],start_interpolation: 0,interpolation_duration: 1}
$data merge entity $(bone_4) {transformation: [0.0017f,-0.4917f,-0.8654f,-0.3771f,-0.2725f,0.8253f,-0.4777f,1.0344f,0.9525f,0.2384f,-0.126f,-0.4026f,0f,0f,0f,1f],start_interpolation: 0,interpolation_duration: 1}
$data merge entity $(bone_3) {transformation: [0.0017f,0.1346f,-0.9862f,-0.3346f,-0.2728f,0.9459f,0.1213f,1.33f,0.9535f,0.2659f,0.0446f,-0.3195f,0f,0f,0f,1f],start_interpolation: 0,interpolation_duration: 1}
$data merge entity $(bone_8) {transformation: [-0.0817f,0.4646f,-0.881f,-0.3035f,0.1746f,0.8768f,0.4472f,0.3739f,0.9802f,-0.1175f,-0.1531f,0.1917f,0f,0f,0f,1f],start_interpolation: 0,interpolation_duration: 1}
$data merge entity $(bone_7) {transformation: [-0.0817f,-0.2239f,-0.9705f,-0.4133f,0.1746f,0.956f,-0.2343f,0.6621f,0.9802f,-0.1889f,-0.0391f,0.1313f,0f,0f,0f,1f],start_interpolation: 0,interpolation_duration: 1}