# This file was generated by Animated Java via MC-Build. It is not recommended to edit this file directly.
$data merge entity $(bone_layer) {transformation: [0f,0.1427f,-0.9908f,-0.4738f,0f,0.9908f,0.1427f,1.3159f,1.0011f,0f,0f,0f,0f,0f,0f,1f],start_interpolation: 0,interpolation_duration: 1}
$data merge entity $(bone_l_1) {transformation: [0f,0.1069f,-0.9898f,-0.2107f,0f,0.7423f,0.1425f,1.4003f,0.7501f,0f,0f,0.1196f,0f,0f,0f,1f],start_interpolation: 0,interpolation_duration: 1}
$data merge entity $(bone_eye_l) {transformation: [0f,0.1425f,-0.9898f,-0.4738f,0f,0.9898f,0.1425f,1.3159f,1.0001f,0f,0f,0f,0f,0f,0f,1f],start_interpolation: 0,interpolation_duration: 1}
$data merge entity $(bone_r_1) {transformation: [0f,0.1069f,-0.9898f,-0.2107f,0f,0.7423f,0.1425f,1.4003f,0.7501f,0f,0f,-0.1196f,0f,0f,0f,1f],start_interpolation: 0,interpolation_duration: 1}
$data merge entity $(bone_eye_r) {transformation: [0f,0.1425f,-0.9898f,-0.2163f,0f,0.9898f,0.1425f,1.4051f,1.0001f,0f,0f,-0.125f,0f,0f,0f,1f],start_interpolation: 0,interpolation_duration: 1}
$data merge entity $(bone_eyes_down) {transformation: [0f,0.1425f,-0.9898f,-0.4687f,0f,0.9898f,0.1425f,1.3514f,1.0001f,0f,0f,0f,0f,0f,0f,1f],start_interpolation: 0,interpolation_duration: 1}
$data merge entity $(bone_eyes_up) {transformation: [0f,0f,0f,-0.4426f,0f,0f,0f,1.5324f,0f,0f,0f,0f,0f,0f,0f,1f],start_interpolation: 0,interpolation_duration: 1}
$data merge entity $(bone_bone) {transformation: [0f,0.1425f,-0.9898f,-0.4738f,0f,0.9898f,0.1425f,1.3159f,1.0001f,0f,0f,0f,0f,0f,0f,1f],start_interpolation: 0,interpolation_duration: 1}
$data merge entity $(bone_l) {transformation: [-0.0225f,0.1056f,-0.9898f,-0.1882f,-0.1561f,0.7331f,0.1425f,1.5013f,0.9876f,0.1183f,0f,0.125f,0f,0f,0f,1f],start_interpolation: 0,interpolation_duration: 1}
$data merge entity $(bone_r) {transformation: [0.0225f,0.1056f,-0.9898f,-0.1882f,0.1561f,0.7331f,0.1425f,1.5013f,0.9876f,-0.1183f,0f,-0.125f,0f,0f,0f,1f],start_interpolation: 0,interpolation_duration: 1}
$data merge entity $(bone_sad) {transformation: [0f,0.0955f,-0.4949f,-0.2185f,0f,0.6632f,0.0713f,1.3352f,3.0003f,0f,0f,0.1406f,0f,0f,0f,1f],start_interpolation: 0,interpolation_duration: 1}
$data merge entity $(bone_head) {transformation: [0f,0.1425f,-0.9898f,-0.4738f,0f,0.9898f,0.1425f,1.3159f,1.0001f,0f,0f,0f,0f,0f,0f,1f],start_interpolation: 0,interpolation_duration: 1}
$data merge entity $(bone_6) {transformation: [0.0047f,0.6007f,-0.7982f,-0.3844f,-0.2162f,0.7807f,0.5862f,0.3421f,0.9753f,0.1701f,0.1338f,-0.2004f,0f,0f,0f,1f],start_interpolation: 0,interpolation_duration: 1}
$data merge entity $(bone_12) {transformation: [0.0047f,-0.0213f,-0.9988f,-0.4179f,-0.2162f,0.9761f,-0.0218f,0.6509f,0.9753f,0.2164f,0f,-0.1318f,0f,0f,0f,1f],start_interpolation: 0,interpolation_duration: 1}
$data merge entity $(bone_10) {transformation: [0f,-0.3464f,-0.9371f,-0.5107f,0f,0.9381f,-0.3461f,1.0162f,0.999f,0f,0f,0f,0f,0f,0f,1f],start_interpolation: 0,interpolation_duration: 1}
$data merge entity $(bone_9) {transformation: [0f,0.1535f,-0.9882f,-0.4473f,0f,0.9882f,0.1535f,1.3226f,1f,0f,0f,0f,0f,0f,0f,1f],start_interpolation: 0,interpolation_duration: 1}
$data merge entity $(item_display_item_display) {transformation: [0.3443f,0.8976f,-0.2321f,-1.0201f,-0.7683f,0.4149f,0.4653f,1.9f,0.5208f,0.0182f,0.8401f,0.6895f,0f,0f,0f,1f],start_interpolation: 0,interpolation_duration: 1}
$data merge entity $(bone_2) {transformation: [0.2515f,-0.5701f,0.768f,-0.4286f,-0.4826f,0.6105f,0.611f,1.0294f,-0.8246f,-0.5311f,-0.1234f,0.5017f,0f,0f,0f,1f],start_interpolation: 0,interpolation_duration: 1}
$data merge entity $(bone_1) {transformation: [0.2517f,-0.2567f,0.9214f,-0.5107f,-0.4831f,0.789f,0.3514f,1.3018f,-0.8255f,-0.54f,0.0753f,0.3172f,0f,0f,0f,1f],start_interpolation: 0,interpolation_duration: 1}
$data merge entity $(bone_4) {transformation: [0.091f,-0.1221f,-0.984f,-0.6239f,-0.2899f,0.9365f,-0.1518f,1.0766f,0.9418f,0.298f,0.0556f,-0.3664f,0f,0f,0f,1f],start_interpolation: 0,interpolation_duration: 1}
$data merge entity $(bone_3) {transformation: [0.091f,0.4984f,-0.8572f,-0.4674f,-0.2902f,0.8373f,0.446f,1.3381f,0.9427f,0.2035f,0.2247f,-0.3029f,0f,0f,0f,1f],start_interpolation: 0,interpolation_duration: 1}
$data merge entity $(bone_8) {transformation: [-0.0716f,0.1989f,-0.977f,-0.2599f,0.1579f,0.969f,0.1866f,0.4105f,0.9838f,-0.141f,-0.1011f,0.1841f,0f,0f,0f,1f],start_interpolation: 0,interpolation_duration: 1}
$data merge entity $(bone_7) {transformation: [-0.0716f,-0.4998f,-0.8627f,-0.4513f,0.1579f,0.8486f,-0.5037f,0.653f,0.9838f,-0.1726f,0.018f,0.1313f,0f,0f,0f,1f],start_interpolation: 0,interpolation_duration: 1}