# This file was generated by Animated Java via MC-Build. It is not recommended to edit this file directly.
$data merge entity $(bone_layer) {transformation: [0f,-0.2591f,-0.9669f,-0.5925f,0f,0.9669f,-0.2591f,1.3405f,1.0011f,0f,0f,0f,0f,0f,0f,1f],start_interpolation: 0,interpolation_duration: 1}
$data merge entity $(bone_l_1) {transformation: [0f,-0.1941f,-0.9659f,-0.3832f,0f,0.7244f,-0.2588f,1.5195f,0.7501f,0f,0f,0.1219f,0f,0f,0f,1f],start_interpolation: 0,interpolation_duration: 1}
$data merge entity $(bone_eye_l) {transformation: [0f,-0.2588f,-0.9659f,-0.5925f,0f,0.9659f,-0.2588f,1.3405f,1.0001f,0f,0f,0f,0f,0f,0f,1f],start_interpolation: 0,interpolation_duration: 1}
$data merge entity $(bone_r_1) {transformation: [0f,-0.1941f,-0.9659f,-0.3832f,0f,0.7244f,-0.2588f,1.5195f,0.7501f,0f,0f,-0.1219f,0f,0f,0f,1f],start_interpolation: 0,interpolation_duration: 1}
$data merge entity $(bone_eye_r) {transformation: [0f,-0.2588f,-0.9659f,-0.3909f,0f,0.9659f,-0.2588f,1.5239f,1.0001f,0f,0f,-0.125f,0f,0f,0f,1f],start_interpolation: 0,interpolation_duration: 1}
$data merge entity $(bone_eyes_down) {transformation: [0f,-0.2588f,-0.9659f,-0.6005f,0f,0.9659f,-0.2588f,1.3707f,1.0001f,0f,0f,0f,0f,0f,0f,1f],start_interpolation: 0,interpolation_duration: 1}
$data merge entity $(bone_eyes_up) {transformation: [0f,0f,0f,-0.6491f,0f,0f,0f,1.5518f,0f,0f,0f,0f,0f,0f,0f,1f],start_interpolation: 0,interpolation_duration: 1}
$data merge entity $(bone_bone) {transformation: [0f,-0.2588f,-0.9659f,-0.5925f,0f,0.9659f,-0.2588f,1.3405f,1.0001f,0f,0f,0f,0f,0f,0f,1f],start_interpolation: 0,interpolation_duration: 1}
$data merge entity $(bone_l) {transformation: [0.0449f,-0.1912f,-0.9659f,-0.4036f,-0.1677f,0.7134f,-0.2588f,1.6257f,0.9849f,0.1302f,0f,0.125f,0f,0f,0f,1f],start_interpolation: 0,interpolation_duration: 1}
$data merge entity $(bone_r) {transformation: [-0.0449f,-0.1912f,-0.9659f,-0.4036f,0.1677f,0.7134f,-0.2588f,1.6257f,0.9849f,-0.1302f,0f,-0.125f,0f,0f,0f,1f],start_interpolation: 0,interpolation_duration: 1}
$data merge entity $(bone_sad) {transformation: [0f,-0.1734f,-0.483f,-0.3654f,0f,0.6472f,-0.1294f,1.459f,3.0003f,0f,0f,0.1406f,0f,0f,0f,1f],start_interpolation: 0,interpolation_duration: 1}
$data merge entity $(bone_head) {transformation: [0f,-0.2588f,-0.9659f,-0.5925f,0f,0.9659f,-0.2588f,1.3405f,1.0001f,0f,0f,0f,0f,0f,0f,1f],start_interpolation: 0,interpolation_duration: 1}
$data merge entity $(bone_6) {transformation: [-0.0205f,0.8403f,-0.54f,-0.5178f,-0.2121f,0.525f,0.8241f,0.3299f,0.976f,0.1318f,0.1677f,-0.2041f,0f,0f,0f,1f],start_interpolation: 0,interpolation_duration: 1}
$data merge entity $(bone_12) {transformation: [-0.0205f,0.3004f,-0.9526f,-0.4504f,-0.2121f,0.9307f,0.2975f,0.6318f,0.976f,0.2086f,0.0446f,-0.137f,0f,0f,0f,1f],start_interpolation: 0,interpolation_duration: 1}
$data merge entity $(bone_10) {transformation: [0f,-0.4852f,-0.8735f,-0.5714f,0f,0.8744f,-0.4847f,1.0302f,0.999f,0f,0f,0f,0f,0f,0f,1f],start_interpolation: 0,interpolation_duration: 1}
$data merge entity $(bone_9) {transformation: [0f,-0.0096f,-1f,-0.5588f,0f,1f,-0.0096f,1.3428f,1f,0f,0f,0f,0f,0f,0f,1f],start_interpolation: 0,interpolation_duration: 1}
$data merge entity $(item_display_item_display) {transformation: [0.2484f,0.9187f,-0.269f,-1.7198f,-0.7214f,0.3624f,0.5714f,2.138f,0.6308f,0.0531f,0.7599f,0.5459f,0f,0f,0f,1f],start_interpolation: 0,interpolation_duration: 1}
$data merge entity $(bone_2) {transformation: [0.3931f,-0.6349f,0.6484f,-0.5021f,-0.5716f,0.3757f,0.7144f,1.0776f,-0.7035f,-0.66f,-0.2181f,0.5338f,0f,0f,0f,1f],start_interpolation: 0,interpolation_duration: 1}
$data merge entity $(bone_1) {transformation: [0.3935f,-0.3527f,0.8362f,-0.6173f,-0.5722f,0.6116f,0.5267f,1.2899f,-0.7042f,-0.694f,0.0393f,0.2969f,0f,0f,0f,1f],start_interpolation: 0,interpolation_duration: 1}
$data merge entity $(bone_4) {transformation: [0.1407f,0.1375f,-0.9762f,-0.7895f,-0.2788f,0.9487f,0.0836f,1.1184f,0.9383f,0.2578f,0.1761f,-0.3298f,0f,0f,0f,1f],start_interpolation: 0,interpolation_duration: 1}
$data merge entity $(bone_3) {transformation: [0.1408f,0.6988f,-0.6955f,-0.5702f,-0.279f,0.706f,0.6392f,1.3385f,0.9392f,0.0993f,0.296f,-0.2991f,0f,0f,0f,1f],start_interpolation: 0,interpolation_duration: 1}
$data merge entity $(bone_8) {transformation: [-0.0573f,-0.0828f,-0.9948f,-0.2337f,0.1461f,0.9843f,-0.0897f,0.467f,0.9866f,-0.1505f,-0.0445f,0.172f,0f,0f,0f,1f],start_interpolation: 0,interpolation_duration: 1}
$data merge entity $(bone_7) {transformation: [-0.0573f,-0.7318f,-0.679f,-0.4892f,0.1461f,0.6665f,-0.7298f,0.6424f,0.9866f,-0.1412f,0.0686f,0.1313f,0f,0f,0f,1f],start_interpolation: 0,interpolation_duration: 1}