# This file was generated by Animated Java via MC-Build. It is not recommended to edit this file directly.
$data merge entity $(bone_layer) {transformation: [0f,-0.359f,-0.9344f,-0.6271f,0f,0.9344f,-0.359f,1.3209f,1.0011f,0f,0f,0f,0f,0f,0f,1f],start_interpolation: 0,interpolation_duration: 1}
$data merge entity $(bone_l_1) {transformation: [0f,-0.269f,-0.9335f,-0.4377f,0f,0.7001f,-0.3587f,1.5209f,0.7501f,0f,0f,0.1219f,0f,0f,0f,1f],start_interpolation: 0,interpolation_duration: 1}
$data merge entity $(bone_eye_l) {transformation: [0f,-0.3587f,-0.9335f,-0.6271f,0f,0.9335f,-0.3587f,1.3209f,1.0001f,0f,0f,0f,0f,0f,0f,1f],start_interpolation: 0,interpolation_duration: 1}
$data merge entity $(bone_r_1) {transformation: [0f,-0.269f,-0.9335f,-0.4377f,0f,0.7001f,-0.3587f,1.5209f,0.7501f,0f,0f,-0.1219f,0f,0f,0f,1f],start_interpolation: 0,interpolation_duration: 1}
$data merge entity $(bone_eye_r) {transformation: [0f,-0.3587f,-0.9335f,-0.4458f,0f,0.9335f,-0.3587f,1.5245f,1.0001f,0f,0f,-0.125f,0f,0f,0f,1f],start_interpolation: 0,interpolation_duration: 1}
$data merge entity $(bone_eyes_down) {transformation: [0f,-0.3587f,-0.9335f,-0.6383f,0f,0.9335f,-0.3587f,1.3501f,1.0001f,0f,0f,0f,0f,0f,0f,1f],start_interpolation: 0,interpolation_duration: 1}
$data merge entity $(bone_bone) {transformation: [0f,-0.3587f,-0.9335f,-0.6271f,0f,0.9335f,-0.3587f,1.3209f,1.0001f,0f,0f,0f,0f,0f,0f,1f],start_interpolation: 0,interpolation_duration: 1}
$data merge entity $(bone_l) {transformation: [0.0623f,-0.2649f,-0.9335f,-0.4691f,-0.1621f,0.6895f,-0.3587f,1.6243f,0.9849f,0.1302f,0f,0.125f,0f,0f,0f,1f],start_interpolation: 0,interpolation_duration: 1}
$data merge entity $(bone_r) {transformation: [-0.0623f,-0.2649f,-0.9335f,-0.4691f,0.1621f,0.6895f,-0.3587f,1.6243f,0.9849f,-0.1302f,0f,-0.125f,0f,0f,0f,1f],start_interpolation: 0,interpolation_duration: 1}
$data merge entity $(bone_sad) {transformation: [0f,-0.2403f,-0.4667f,-0.4137f,0f,0.6254f,-0.1793f,1.4628f,3.0003f,0f,0f,0.1406f,0f,0f,0f,1f],start_interpolation: 0,interpolation_duration: 1}
$data merge entity $(bone_head) {transformation: [0f,-0.3587f,-0.9335f,-0.6271f,0f,0.9335f,-0.3587f,1.3209f,1.0001f,0f,0f,0f,0f,0f,0f,1f],start_interpolation: 0,interpolation_duration: 1}
$data merge entity $(bone_6) {transformation: [-0.0205f,0.855f,-0.5165f,-0.5133f,-0.2121f,0.5019f,0.8383f,0.3082f,0.976f,0.1271f,0.1713f,-0.204f,0f,0f,0f,1f],start_interpolation: 0,interpolation_duration: 1}
$data merge entity $(bone_12) {transformation: [-0.0205f,0.3004f,-0.9526f,-0.4481f,-0.2121f,0.9307f,0.2975f,0.609f,0.976f,0.2086f,0.0446f,-0.1373f,0f,0f,0f,1f],start_interpolation: 0,interpolation_duration: 1}
$data merge entity $(bone_10) {transformation: [0f,-0.5121f,-0.858f,-0.5902f,0f,0.8589f,-0.5116f,1.0088f,0.999f,0f,0f,0f,0f,0f,0f,1f],start_interpolation: 0,interpolation_duration: 1}
$data merge entity $(bone_9) {transformation: [0f,-0.0528f,-0.9986f,-0.5911f,0f,0.9986f,-0.0528f,1.3217f,1f,0f,0f,0f,0f,0f,0f,1f],start_interpolation: 0,interpolation_duration: 1}
$data merge entity $(item_display_item_display) {transformation: [-0.4869f,0.8566f,-0.0848f,-1.8126f,-0.5728f,-0.2496f,0.7667f,2.2118f,0.6431f,0.428f,0.6177f,0.7534f,0f,0f,0f,1f],start_interpolation: 0,interpolation_duration: 1}
$data merge entity $(bone_2) {transformation: [0.4214f,-0.6313f,0.634f,-0.5253f,-0.5841f,0.3367f,0.7236f,1.0704f,-0.6764f,-0.6841f,-0.2299f,0.5254f,0f,0f,0f,1f],start_interpolation: 0,interpolation_duration: 1}
$data merge entity $(bone_1) {transformation: [0.4218f,-0.3473f,0.8245f,-0.6385f,-0.5847f,0.5836f,0.5444f,1.2729f,-0.6771f,-0.7203f,0.0435f,0.28f,0f,0f,0f,1f],start_interpolation: 0,interpolation_duration: 1}
$data merge entity $(bone_4) {transformation: [0.0854f,0.1432f,-0.9817f,-0.8054f,-0.2644f,0.951f,0.1055f,1.1129f,0.949f,0.2486f,0.1221f,-0.3607f,0f,0f,0f,1f],start_interpolation: 0,interpolation_duration: 1}
$data merge entity $(bone_3) {transformation: [0.0855f,0.7051f,-0.6979f,-0.5838f,-0.2647f,0.6961f,0.6565f,1.3297f,0.9499f,0.125f,0.2471f,-0.322f,0f,0f,0f,1f],start_interpolation: 0,interpolation_duration: 1}
$data merge entity $(bone_8) {transformation: [-0.0573f,-0.069f,-0.9959f,-0.234f,0.1461f,0.9854f,-0.076f,0.4472f,0.9866f,-0.1499f,-0.0466f,0.1719f,0f,0f,0f,1f],start_interpolation: 0,interpolation_duration: 1}
$data merge entity $(bone_7) {transformation: [-0.0573f,-0.7318f,-0.679f,-0.4892f,0.1461f,0.6665f,-0.7298f,0.6215f,0.9866f,-0.1412f,0.0686f,0.1313f,0f,0f,0f,1f],start_interpolation: 0,interpolation_duration: 1}