# This file was generated by Animated Java via MC-Build. It is not recommended to edit this file directly.
$data merge entity $(bone_layer) {transformation: [0f,-0.3348f,-0.9434f,-0.6252f,0f,0.9434f,-0.3348f,1.2904f,1.0011f,0f,0f,0f,0f,0f,0f,1f],start_interpolation: 0,interpolation_duration: 1}
$data merge entity $(bone_l_1) {transformation: [0f,-0.2508f,-0.9424f,-0.4308f,0f,0.7068f,-0.3344f,1.4854f,0.7501f,0f,0f,0.1219f,0f,0f,0f,1f],start_interpolation: 0,interpolation_duration: 1}
$data merge entity $(bone_eye_l) {transformation: [0f,-0.3344f,-0.9424f,-0.6252f,0f,0.9424f,-0.3344f,1.2904f,1.0001f,0f,0f,0f,0f,0f,0f,1f],start_interpolation: 0,interpolation_duration: 1}
$data merge entity $(bone_r_1) {transformation: [0f,-0.2508f,-0.9424f,-0.4308f,0f,0.7068f,-0.3344f,1.4854f,0.7501f,0f,0f,-0.1219f,0f,0f,0f,1f],start_interpolation: 0,interpolation_duration: 1}
$data merge entity $(bone_eye_r) {transformation: [0f,-0.3344f,-0.9424f,-0.4388f,0f,0.9424f,-0.3344f,1.4892f,1.0001f,0f,0f,-0.125f,0f,0f,0f,1f],start_interpolation: 0,interpolation_duration: 1}
$data merge entity $(bone_eyes_down) {transformation: [0f,-0.3344f,-0.9424f,-0.6357f,0f,0.9424f,-0.3344f,1.3199f,1.0001f,0f,0f,0f,0f,0f,0f,1f],start_interpolation: 0,interpolation_duration: 1}
$data merge entity $(bone_eyes_up) {transformation: [0f,0f,0f,-0.6984f,0f,0f,0f,1.4966f,0f,0f,0f,0f,0f,0f,0f,1f],start_interpolation: 0,interpolation_duration: 1}
$data merge entity $(bone_bone) {transformation: [0f,-0.3344f,-0.9424f,-0.6252f,0f,0.9424f,-0.3344f,1.2904f,1.0001f,0f,0f,0f,0f,0f,0f,1f],start_interpolation: 0,interpolation_duration: 1}
$data merge entity $(bone_l) {transformation: [0.0581f,-0.247f,-0.9424f,-0.4595f,-0.1637f,0.6961f,-0.3344f,1.5896f,0.9849f,0.1302f,0f,0.125f,0f,0f,0f,1f],start_interpolation: 0,interpolation_duration: 1}
$data merge entity $(bone_r) {transformation: [-0.0581f,-0.247f,-0.9424f,-0.4595f,0.1637f,0.6961f,-0.3344f,1.5896f,0.9849f,-0.1302f,0f,-0.125f,0f,0f,0f,1f],start_interpolation: 0,interpolation_duration: 1}
$data merge entity $(bone_sad) {transformation: [0f,-0.2241f,-0.4712f,-0.4084f,0f,0.6314f,-0.1672f,1.4269f,3.0003f,0f,0f,0.1406f,0f,0f,0f,1f],start_interpolation: 0,interpolation_duration: 1}
$data merge entity $(bone_head) {transformation: [0f,-0.3344f,-0.9424f,-0.6252f,0f,0.9424f,-0.3344f,1.2904f,1.0001f,0f,0f,0f,0f,0f,0f,1f],start_interpolation: 0,interpolation_duration: 1}
$data merge entity $(bone_6) {transformation: [-0.0205f,0.869f,-0.4925f,-0.5089f,-0.2121f,0.4785f,0.8519f,0.2865f,0.976f,0.1223f,0.1748f,-0.204f,0f,0f,0f,1f],start_interpolation: 0,interpolation_duration: 1}
$data merge entity $(bone_12) {transformation: [-0.0205f,0.3004f,-0.9526f,-0.4459f,-0.2121f,0.9307f,0.2975f,0.5861f,0.976f,0.2086f,0.0446f,-0.1376f,0f,0f,0f,1f],start_interpolation: 0,interpolation_duration: 1}
$data merge entity $(bone_10) {transformation: [0f,-0.4921f,-0.8697f,-0.5913f,0f,0.8705f,-0.4916f,0.9786f,0.999f,0f,0f,0f,0f,0f,0f,1f],start_interpolation: 0,interpolation_duration: 1}
$data merge entity $(bone_9) {transformation: [0f,-0.0428f,-0.9991f,-0.5891f,0f,0.9991f,-0.0428f,1.2915f,1f,0f,0f,0f,0f,0f,0f,1f],start_interpolation: 0,interpolation_duration: 1}
$data merge entity $(item_display_item_display) {transformation: [-0.9584f,-0.1867f,-0.1571f,-1.6139f,-0.1222f,-0.1841f,0.9641f,2.2114f,-0.212f,0.9537f,0.1535f,1.181f,0f,0f,0f,1f],start_interpolation: 0,interpolation_duration: 1}
$data merge entity $(bone_2) {transformation: [0.4042f,-0.6183f,0.6575f,-0.5229f,-0.5746f,0.3793f,0.7101f,1.0476f,-0.6947f,-0.6735f,-0.2047f,0.5039f,0f,0f,0f,1f],start_interpolation: 0,interpolation_duration: 1}
$data merge entity $(bone_1) {transformation: [0.4046f,-0.319f,0.8443f,-0.6261f,-0.5752f,0.6226f,0.5104f,1.2628f,-0.6954f,-0.7005f,0.0691f,0.2658f,0f,0f,0f,1f],start_interpolation: 0,interpolation_duration: 1}
$data merge entity $(bone_4) {transformation: [-0.0133f,0.0127f,-0.9952f,-0.7594f,-0.2522f,0.9608f,0.0052f,1.0807f,0.9562f,0.25f,-0.0077f,-0.4218f,0f,0f,0f,1f],start_interpolation: 0,interpolation_duration: 1}
$data merge entity $(bone_3) {transformation: [-0.0133f,0.6073f,-0.7886f,-0.5679f,-0.2524f,0.7655f,0.5806f,1.3192f,0.9571f,0.2046f,0.1439f,-0.358f,0f,0f,0f,1f],start_interpolation: 0,interpolation_duration: 1}
$data merge entity $(bone_8) {transformation: [-0.0573f,-0.0552f,-0.9967f,-0.2342f,0.1461f,0.9864f,-0.0624f,0.4275f,0.9866f,-0.1492f,-0.0486f,0.1717f,0f,0f,0f,1f],start_interpolation: 0,interpolation_duration: 1}
$data merge entity $(bone_7) {transformation: [-0.0573f,-0.7318f,-0.679f,-0.4892f,0.1461f,0.6665f,-0.7298f,0.6007f,0.9866f,-0.1412f,0.0686f,0.1313f,0f,0f,0f,1f],start_interpolation: 0,interpolation_duration: 1}