# This file was generated by Animated Java via MC-Build. It is not recommended to edit this file directly.
$data merge entity $(bone_layer) {transformation: [0f,-0.2591f,-0.9669f,-0.5925f,0f,0.9669f,-0.2591f,1.278f,1.0011f,0f,0f,0f,0f,0f,0f,1f],start_interpolation: 0,interpolation_duration: 1}
$data merge entity $(bone_l_1) {transformation: [0f,-0.1941f,-0.9659f,-0.3832f,0f,0.7244f,-0.2588f,1.457f,0.7501f,0f,0f,0.1219f,0f,0f,0f,1f],start_interpolation: 0,interpolation_duration: 1}
$data merge entity $(bone_eye_l) {transformation: [0f,-0.2588f,-0.9659f,-0.5925f,0f,0.9659f,-0.2588f,1.278f,1.0001f,0f,0f,0f,0f,0f,0f,1f],start_interpolation: 0,interpolation_duration: 1}
$data merge entity $(bone_r_1) {transformation: [0f,-0.1941f,-0.9659f,-0.3832f,0f,0.7244f,-0.2588f,1.457f,0.7501f,0f,0f,-0.1219f,0f,0f,0f,1f],start_interpolation: 0,interpolation_duration: 1}
$data merge entity $(bone_eye_r) {transformation: [0f,-0.2588f,-0.9659f,-0.3909f,0f,0.9659f,-0.2588f,1.4614f,1.0001f,0f,0f,-0.125f,0f,0f,0f,1f],start_interpolation: 0,interpolation_duration: 1}
$data merge entity $(bone_eyes_down) {transformation: [0f,-0.2588f,-0.9659f,-0.6005f,0f,0.9659f,-0.2588f,1.3082f,1.0001f,0f,0f,0f,0f,0f,0f,1f],start_interpolation: 0,interpolation_duration: 1}
$data merge entity $(bone_eyes_up) {transformation: [0f,0f,0f,-0.6491f,0f,0f,0f,1.4893f,0f,0f,0f,0f,0f,0f,0f,1f],start_interpolation: 0,interpolation_duration: 1}
$data merge entity $(bone_bone) {transformation: [0f,-0.2588f,-0.9659f,-0.5925f,0f,0.9659f,-0.2588f,1.278f,1.0001f,0f,0f,0f,0f,0f,0f,1f],start_interpolation: 0,interpolation_duration: 1}
$data merge entity $(bone_l) {transformation: [0.0449f,-0.1912f,-0.9659f,-0.4036f,-0.1677f,0.7134f,-0.2588f,1.5632f,0.9849f,0.1302f,0f,0.125f,0f,0f,0f,1f],start_interpolation: 0,interpolation_duration: 1}
$data merge entity $(bone_r) {transformation: [-0.0449f,-0.1912f,-0.9659f,-0.4036f,0.1677f,0.7134f,-0.2588f,1.5632f,0.9849f,-0.1302f,0f,-0.125f,0f,0f,0f,1f],start_interpolation: 0,interpolation_duration: 1}
$data merge entity $(bone_sad) {transformation: [0f,-0.1734f,-0.483f,-0.3655f,0f,0.6472f,-0.1294f,1.3971f,3.0003f,0f,0f,0.1406f,0f,0f,0f,1f],start_interpolation: 0,interpolation_duration: 1}
$data merge entity $(bone_head) {transformation: [0f,-0.2588f,-0.9659f,-0.5925f,0f,0.9659f,-0.2588f,1.278f,1.0001f,0f,0f,0f,0f,0f,0f,1f],start_interpolation: 0,interpolation_duration: 1}
$data merge entity $(bone_6) {transformation: [-0.0205f,0.8823f,-0.4682f,-0.5044f,-0.2121f,0.4546f,0.8649f,0.2648f,0.976f,0.1174f,0.1781f,-0.204f,0f,0f,0f,1f],start_interpolation: 0,interpolation_duration: 1}
$data merge entity $(bone_12) {transformation: [-0.0205f,0.3004f,-0.9526f,-0.4436f,-0.2121f,0.9307f,0.2975f,0.5633f,0.976f,0.2086f,0.0446f,-0.1379f,0f,0f,0f,1f],start_interpolation: 0,interpolation_duration: 1}
$data merge entity $(bone_10) {transformation: [0f,-0.4499f,-0.8922f,-0.571f,0f,0.8931f,-0.4495f,0.9677f,0.999f,0f,0f,0f,0f,0f,0f,1f],start_interpolation: 0,interpolation_duration: 1}
$data merge entity $(bone_9) {transformation: [0f,-0.0085f,-1f,-0.558f,0f,1f,-0.0085f,1.2803f,1f,0f,0f,0f,0f,0f,0f,1f],start_interpolation: 0,interpolation_duration: 1}
$data merge entity $(item_display_item_display) {transformation: [0.1005f,-0.852f,-0.492f,-1.4835f,-0.1458f,-0.5021f,0.8397f,2.0175f,-0.9725f,-0.0129f,-0.1785f,1.5766f,0f,0f,0f,1f],start_interpolation: 0,interpolation_duration: 1}
$data merge entity $(bone_2) {transformation: [0.3809f,-0.6511f,0.6397f,-0.4929f,-0.5275f,0.4088f,0.7301f,1.0322f,-0.7435f,-0.6235f,-0.1903f,0.4854f,0f,0f,0f,1f],start_interpolation: 0,interpolation_duration: 1}
$data merge entity $(bone_1) {transformation: [0.3812f,-0.3486f,0.8435f,-0.6059f,-0.5281f,0.6621f,0.5117f,1.2605f,-0.7443f,-0.6483f,0.069f,0.2656f,0f,0f,0f,1f],start_interpolation: 0,interpolation_duration: 1}
$data merge entity $(bone_4) {transformation: [-0.0799f,-0.0871f,-0.9878f,-0.7024f,-0.226f,0.9649f,-0.0776f,1.0535f,0.9594f,0.2166f,-0.0958f,-0.4486f,0f,0f,0f,1f],start_interpolation: 0,interpolation_duration: 1}
$data merge entity $(bone_3) {transformation: [-0.0799f,0.5211f,-0.8437f,-0.5374f,-0.2262f,0.8196f,0.5151f,1.3089f,0.9604f,0.2309f,0.0529f,-0.3764f,0f,0f,0f,1f],start_interpolation: 0,interpolation_duration: 1}
$data merge entity $(bone_8) {transformation: [-0.0573f,-0.0413f,-0.9974f,-0.2345f,0.1461f,0.9872f,-0.0487f,0.4077f,0.9866f,-0.1485f,-0.0507f,0.1715f,0f,0f,0f,1f],start_interpolation: 0,interpolation_duration: 1}
$data merge entity $(bone_7) {transformation: [-0.0573f,-0.7318f,-0.679f,-0.4892f,0.1461f,0.6665f,-0.7298f,0.5799f,0.9866f,-0.1412f,0.0686f,0.1313f,0f,0f,0f,1f],start_interpolation: 0,interpolation_duration: 1}