# This file was generated by Animated Java via MC-Build. It is not recommended to edit this file directly.
$data merge entity $(bone_layer) {transformation: [-1f,0f,0f,0f,0f,1f,0f,1.5781f,0f,0f,-1f,-0.125f,0f,0f,0f,1f],start_interpolation: 0,interpolation_duration: 1}
$data merge entity $(bone_head) {transformation: [-1f,0f,0f,0f,0f,1f,0f,1.5781f,0f,0f,-1f,-0.125f,0f,0f,0f,1f],start_interpolation: 0,interpolation_duration: 1}
$data merge entity $(bone_6) {transformation: [-0.9859f,-0.108f,-0.1276f,0.167f,-0.1069f,0.9941f,-0.0153f,0.462f,0.1285f,-0.0015f,-0.9917f,-0.0599f,0f,0f,0f,1f],start_interpolation: 0,interpolation_duration: 1}
$data merge entity $(bone_12) {transformation: [-0.9859f,-0.1285f,-0.1069f,0.1188f,-0.1069f,0.9764f,-0.1877f,0.8281f,0.1285f,-0.1736f,-0.9764f,-0.125f,0f,0f,0f,1f],start_interpolation: 0,interpolation_duration: 1}
$data merge entity $(bone_group3) {transformation: [1.1042f,-0.3617f,-0.2797f,-1.3183f,0.4831f,0.8594f,-0.0759f,1.6462f,0.3895f,-0.0405f,0.8872f,-0.6121f,0f,0f,0f,1f],start_interpolation: 0,interpolation_duration: 1}
$data merge entity $(bone_group1) {transformation: [1.1042f,-0.3617f,-0.2797f,-1.3183f,0.4831f,0.8594f,-0.0759f,1.6462f,0.3895f,-0.0405f,0.8872f,-0.6121f,0f,0f,0f,1f],start_interpolation: 0,interpolation_duration: 1}
$data merge entity $(bone_group4) {transformation: [1.0697f,-0.3504f,-0.271f,-1.3183f,0.468f,0.8326f,-0.0735f,1.6462f,0.3773f,-0.0392f,0.8595f,-0.6121f,0f,0f,0f,1f],start_interpolation: 0,interpolation_duration: 1}
$data merge entity $(bone_group2) {transformation: [1.0697f,-0.3504f,-0.271f,-1.3183f,0.468f,0.8326f,-0.0735f,1.6462f,0.3773f,-0.0392f,0.8595f,-0.6121f,0f,0f,0f,1f],start_interpolation: 0,interpolation_duration: 1}
$data merge entity $(bone_10) {transformation: [-1f,0f,0f,0f,0f,1f,0f,1.2031f,0f,0f,-1f,-0.125f,0f,0f,0f,1f],start_interpolation: 0,interpolation_duration: 1}
$data merge entity $(bone_9) {transformation: [-1f,0f,0f,0f,0f,1f,0f,1.5781f,0f,0f,-1f,-0.125f,0f,0f,0f,1f],start_interpolation: 0,interpolation_duration: 1}
$data merge entity $(bone_bone12) {transformation: [-1.19f,0.9131f,0f,0f,0.9131f,1.19f,0f,1.8906f,0f,0f,-1f,-0.5625f,0f,0f,0f,1f],start_interpolation: 0,interpolation_duration: 1}
$data merge entity $(bone_bone1) {transformation: [0.792f,0.9419f,0.5235f,-0.6048f,-0.6104f,1.2532f,0.673f,0.7204f,-0.0074f,-2.5578f,0.5225f,0.6949f,0f,0f,0f,1f],start_interpolation: 0,interpolation_duration: 1}
$data merge entity $(bone_2) {transformation: [0.9659f,0.183f,0.183f,-0.4676f,-0.2588f,0.683f,0.683f,1.2327f,0f,-0.7071f,0.7071f,-0.0122f,0f,0f,0f,1f],start_interpolation: 0,interpolation_duration: 1}
$data merge entity $(bone_bone2) {transformation: [1.9938f,-0.0231f,0.0778f,-0.2415f,-0.0231f,1.9136f,0.2905f,1.1104f,-0.1557f,-0.5809f,0.9537f,0.0066f,0f,0f,0f,1f],start_interpolation: 0,interpolation_duration: 1}
$data merge entity $(bone_1) {transformation: [0.9659f,0.2468f,0.0778f,-0.375f,-0.2588f,0.9212f,0.2905f,1.5781f,0f,-0.3007f,0.9537f,-0.125f,0f,0f,0f,1f],start_interpolation: 0,interpolation_duration: 1}
$data merge entity $(bone_4) {transformation: [-0.9094f,-0.2757f,0.3113f,0.518f,-0.3781f,0.8597f,-0.3433f,1.2471f,-0.173f,-0.4299f,-0.8861f,-0.1193f,0f,0f,0f,1f],start_interpolation: 0,interpolation_duration: 1}
$data merge entity $(bone_group5) {transformation: [-3.6378f,-1.0298f,0.6624f,0.4376f,-1.5125f,2.4955f,0.2089f,1.06f,-0.6919f,-0.0409f,-3.9392f,-0.0443f,0f,0f,0f,1f],start_interpolation: 0,interpolation_duration: 1}
$data merge entity $(bone_group7) {transformation: [-3.6378f,-1.0298f,0.6624f,0.4376f,-1.5125f,2.4955f,0.2089f,1.06f,-0.6919f,-0.0409f,-3.9392f,-0.0443f,0f,0f,0f,1f],start_interpolation: 0,interpolation_duration: 1}
$data merge entity $(bone_group6) {transformation: [-2.6355f,-2.7108f,0.6624f,0.8292f,-2.5577f,1.4049f,0.2089f,1.1327f,-0.5788f,-0.3814f,-3.9392f,0.0254f,0f,0f,0f,1f],start_interpolation: 0,interpolation_duration: 1}
$data merge entity $(bone_group8) {transformation: [-2.6355f,-2.7108f,0.6624f,0.8292f,-2.5577f,1.4049f,0.2089f,1.1327f,-0.5788f,-0.3814f,-3.9392f,0.0254f,0f,0f,0f,1f],start_interpolation: 0,interpolation_duration: 1}
$data merge entity $(bone_group9) {transformation: [-2.6355f,-2.7108f,0.6624f,0.8775f,-2.5577f,1.4049f,0.2089f,1.0157f,-0.5788f,-0.3814f,-3.9392f,0.0273f,0f,0f,0f,1f],start_interpolation: 0,interpolation_duration: 1}
$data merge entity $(bone_group10) {transformation: [-2.6355f,-2.7108f,0.6624f,0.8775f,-2.5577f,1.4049f,0.2089f,1.0157f,-0.5788f,-0.3814f,-3.9392f,0.0273f,0f,0f,0f,1f],start_interpolation: 0,interpolation_duration: 1}
$data merge entity $(bone_group11) {transformation: [-2.6355f,-2.7108f,0.6624f,0.9257f,-2.5577f,1.4049f,0.2089f,0.8987f,-0.5788f,-0.3814f,-3.9392f,0.0292f,0f,0f,0f,1f],start_interpolation: 0,interpolation_duration: 1}
$data merge entity $(bone_group12) {transformation: [-2.6355f,-2.7108f,0.6624f,0.9257f,-2.5577f,1.4049f,0.2089f,0.8987f,-0.5788f,-0.3814f,-3.9392f,0.0292f,0f,0f,0f,1f],start_interpolation: 0,interpolation_duration: 1}
$data merge entity $(bone_group13) {transformation: [-2.8128f,-1.9667f,0.265f,0.6753f,-2.0487f,1.9707f,0.0835f,1.1304f,-0.5816f,-0.2262f,-1.5757f,-0.0482f,0f,0f,0f,1f],start_interpolation: 0,interpolation_duration: 1}
$data merge entity $(bone_group14) {transformation: [-2.8128f,-1.9667f,0.265f,0.6753f,-2.0487f,1.9707f,0.0835f,1.1304f,-0.5816f,-0.2262f,-1.5757f,-0.0482f,0f,0f,0f,1f],start_interpolation: 0,interpolation_duration: 1}
$data merge entity $(bone_group15) {transformation: [-2.7243f,-2.0875f,0.265f,0.7356f,-2.1327f,1.8795f,0.0835f,1.0605f,-0.5712f,-0.2514f,-1.5757f,-0.0417f,0f,0f,0f,1f],start_interpolation: 0,interpolation_duration: 1}
$data merge entity $(bone_group16) {transformation: [-2.7243f,-2.0875f,0.265f,0.7356f,-2.1327f,1.8795f,0.0835f,1.0605f,-0.5712f,-0.2514f,-1.5757f,-0.0417f,0f,0f,0f,1f],start_interpolation: 0,interpolation_duration: 1}
$data merge entity $(bone_group17) {transformation: [-2.532f,-2.317f,0.265f,0.8523f,-2.2884f,1.6864f,0.0835f,0.9862f,-0.5471f,-0.3002f,-1.5757f,-0.0261f,0f,0f,0f,1f],start_interpolation: 0,interpolation_duration: 1}
$data merge entity $(bone_group18) {transformation: [-2.532f,-2.317f,0.265f,0.8523f,-2.2884f,1.6864f,0.0835f,0.9862f,-0.5471f,-0.3002f,-1.5757f,-0.0261f,0f,0f,0f,1f],start_interpolation: 0,interpolation_duration: 1}
$data merge entity $(bone_group19) {transformation: [-2.532f,-2.317f,0.265f,0.9006f,-2.2884f,1.6864f,0.0835f,0.8692f,-0.5471f,-0.3002f,-1.5757f,-0.0241f,0f,0f,0f,1f],start_interpolation: 0,interpolation_duration: 1}
$data merge entity $(bone_group20) {transformation: [-2.532f,-2.317f,0.265f,0.9006f,-2.2884f,1.6864f,0.0835f,0.8692f,-0.5471f,-0.3002f,-1.5757f,-0.0241f,0f,0f,0f,1f],start_interpolation: 0,interpolation_duration: 1}
$data merge entity $(bone_bone11) {transformation: [-0.8869f,0.058f,0.1656f,0.3104f,0.0431f,1.4962f,0.0522f,1.3469f,-0.1469f,0.0891f,-0.9848f,-0.149f,0f,0f,0f,1f],start_interpolation: 0,interpolation_duration: 1}
$data merge entity $(bone_3) {transformation: [-0.9094f,-0.3814f,0.1656f,0.375f,-0.3781f,0.9243f,0.0522f,1.5938f,-0.173f,-0.0151f,-0.9848f,-0.125f,0f,0f,0f,1f],start_interpolation: 0,interpolation_duration: 1}
$data merge entity $(bone_8) {transformation: [-0.9859f,0.1024f,0.1322f,-0.1795f,0.1069f,0.9939f,0.0281f,0.462f,-0.1285f,0.0418f,-0.9908f,-0.0599f,0f,0f,0f,1f],start_interpolation: 0,interpolation_duration: 1}
$data merge entity $(bone_7) {transformation: [-0.9859f,0.1285f,0.1069f,-0.1312f,0.1069f,0.9764f,-0.1877f,0.8281f,-0.1285f,-0.1736f,-0.9764f,-0.125f,0f,0f,0f,1f],start_interpolation: 0,interpolation_duration: 1}