# This file was generated by Animated Java via MC-Build. It is not recommended to edit this file directly.
$data merge entity $(bone_layer) { transformation: [-0.9238795325112867f,-0.14644660940672627f,0.35355339059327384f,0.5625000000000006f,0f,0.9238795325112867f,0.3826834323650897f,1.203125f,-0.38268343236508984f,0.35355339059327373f,-0.8535533905932737f,-4.1875f,0f,0f,0f,1f], start_interpolation: 0, interpolation_duration: 1 }
$data merge entity $(bone_head) { transformation: [-0.9238795325112867f,-0.14644660940672627f,0.35355339059327384f,0.5625000000000006f,0f,0.9238795325112867f,0.3826834323650897f,1.203125f,-0.38268343236508984f,0.35355339059327373f,-0.8535533905932737f,-4.1875f,0f,0f,0f,1f], start_interpolation: 0, interpolation_duration: 1 }
$data merge entity $(bone_6) { transformation: [-0.9859213722297095f,-0.10802079274573802f,-0.1276344628823607f,0.7294537022760808f,-0.10693779478758969f,0.9941475584248421f,-0.015327756649040847f,0.08698153018808241f,0.1285432060696082f,-0.0014630148690873424f,-0.9917028303684723f,-4.122381933375073f,0f,0f,0f,1f], start_interpolation: 0, interpolation_duration: 1 }
$data merge entity $(bone_12) { transformation: [-0.9859213722297095f,-0.12854320606954708f,-0.10693779478766313f,0.6812500000000006f,-0.10693779478758969f,0.9763825861651136f,-0.18772680543676187f,0.453125f,0.1285432060696082f,-0.1736481776664715f,-0.9763825861651055f,-4.1875f,0f,0f,0f,1f], start_interpolation: 0, interpolation_duration: 1 }
$data merge entity $(bone_group3) { transformation: [1.1042292571744916f,-0.3617299687575031f,-0.2797288742904414f,-0.7558272008616497f,0.3130438263731278f,0.8176650464457158f,-0.3864313147977139f,1.3412491421441626f,0.5358411656582444f,0.26774318410509035f,0.8022055266220891f,-4.436054536377445f,0f,0f,0f,1f], start_interpolation: 0, interpolation_duration: 1 }
$data merge entity $(bone_group1) { transformation: [1.1042292571744916f,-0.3617299687575031f,-0.2797288742904414f,-0.7558272008616497f,0.3130438263731278f,0.8176650464457158f,-0.3864313147977139f,1.3412491421441626f,0.5358411656582444f,0.26774318410509035f,0.8022055266220891f,-4.436054536377445f,0f,0f,0f,1f], start_interpolation: 0, interpolation_duration: 1 }
$data merge entity $(bone_group4) { transformation: [1.0697220928877889f,-0.3504259072338311f,-0.2709873469688652f,-0.7558272008616497f,0.30326120679896756f,0.7921130137442873f,-0.3743553362102854f,1.3412491421441626f,0.5190961292314242f,0.2593762096018063f,0.7771366039151489f,-4.436054536377445f,0f,0f,0f,1f], start_interpolation: 0, interpolation_duration: 1 }
$data merge entity $(bone_group2) { transformation: [1.0697220928877889f,-0.3504259072338311f,-0.2709873469688652f,-0.7558272008616497f,0.30326120679896756f,0.7921130137442873f,-0.3743553362102854f,1.3412491421441626f,0.5190961292314242f,0.2593762096018063f,0.7771366039151489f,-4.436054536377445f,0f,0f,0f,1f], start_interpolation: 0, interpolation_duration: 1 }
$data merge entity $(bone_10) { transformation: [-1f,-4.354799774806566e-17f,1.1446034124863093e-16f,0.5625000000000006f,0f,0.9346396146899064f,0.3555963872880366f,0.7538851444912852f,-1.2246467991473532e-16f,0.3555963872880366f,-0.9346396146899064f,-4.138348645233013f,0f,0f,0f,1f], start_interpolation: 0, interpolation_duration: 1 }
$data merge entity $(bone_9) { transformation: [-1f,-4.354799774806566e-17f,1.1446034124863093e-16f,0.5625000000000006f,0f,0.9346396146899064f,0.3555963872880366f,1.104375f,-1.2246467991473532e-16f,0.3555963872880366f,-0.9346396146899064f,-4.005f,0f,0f,0f,1f], start_interpolation: 0, interpolation_duration: 1 }
$data merge entity $(bone_bone12) { transformation: [-1.1900300104368529f,0.913142143513081f,1.1446034124863093e-16f,0.5625000000000006f,0.8534588211701812f,1.1122491904241254f,0.3555963872880366f,1.5520232990291118f,0.3247100473137053f,0.4231703724756895f,-0.9346396146899064f,-4.302780960399322f,0f,0f,0f,1f], start_interpolation: 0, interpolation_duration: 1 }
$data merge entity $(bone_bone1) { transformation: [0.7920408934160458f,0.941878584031822f,0.5235462137462823f,-0.04232456785319276f,-0.6104229910921737f,1.2531879335273997f,0.6729680486699764f,0.34540803594432123f,-0.007415868310287399f,-2.557808580837028f,0.522506810999872f,-3.36762854399935f,0f,0f,0f,1f], start_interpolation: 0, interpolation_duration: 1 }
$data merge entity $(bone_2) { transformation: [0.965925826289068f,0.18301270189221922f,0.1830127018922191f,0.09493495856597166f,-0.2588190451025206f,0.6830127018922192f,0.6830127018922194f,0.8576675623634856f,1.2523069104177416e-16f,-0.7071067811865475f,0.7071067811865471f,-4.074735325185897f,0f,0f,0f,1f], start_interpolation: 0, interpolation_duration: 1 }
$data merge entity $(bone_bone2) { transformation: [1.9937992471648682f,-0.0231415246258867f,0.0778283878844859f,0.3209889082325672f,-0.023141524625886256f,1.913634654331585f,0.2904594978560801f,0.7353865614817697f,-0.15565677576897186f,-0.5809189957121602f,0.9537169507482266f,-4.05594121271688f,0f,0f,0f,1f], start_interpolation: 0, interpolation_duration: 1 }
$data merge entity $(bone_1) { transformation: [0.965925826289068f,0.24684011049074372f,0.0778283878844859f,0.18750000000000056f,-0.2588190451025206f,0.9212198336973717f,0.2904594978560801f,1.203125f,1.2523069104177416e-16f,-0.30070579950427323f,0.9537169507482266f,-4.1875f,0f,0f,0f,1f], start_interpolation: 0, interpolation_duration: 1 }
$data merge entity $(bone_4) { transformation: [-0.9132430075244194f,0.005792735520890574f,0.4073740951790359f,1.0373610176483712f,-0.3699558727625508f,0.4070156667553069f,-0.8351472320640427f,0.8816192756310783f,-0.170645426004486f,-0.9134028088586754f,-0.3695611550918596f,-4.1265322174272905f,0f,0f,0f,1f], start_interpolation: 0, interpolation_duration: 1 }
$data merge entity $(bone_group5) { transformation: [-3.652972030097678f,-0.832526540811457f,1.0651700549783416f,0.9519642951742042f,-1.4798234910502033f,2.433738214388176f,-0.900120813018028f,0.6623299912150131f,-0.682581704017944f,-0.8208640951285204f,-3.749025910279789f,-3.9613266861174985f,0f,0f,0f,1f], start_interpolation: 0, interpolation_duration: 1 }
$data merge entity $(bone_group7) { transformation: [-3.652972030097678f,-0.832526540811457f,1.0651700549783416f,0.9519642951742042f,-1.4798234910502033f,2.433738214388176f,-0.900120813018028f,0.6623299912150131f,-0.682581704017944f,-0.8208640951285204f,-3.749025910279789f,-3.9613266861174985f,0f,0f,0f,1f], start_interpolation: 0, interpolation_duration: 1 }
$data merge entity $(bone_group6) { transformation: [-2.747303306972874f,-2.5474751487163427f,1.0651700549783416f,1.3389619151054344f,-2.4984338435605378f,1.3677673742960375f,-0.900120813018028f,0.733650435524995f,-0.18070104827375005f,-1.0521800114447968f,-3.749025910279789f,-3.8684969036325985f,0f,0f,0f,1f], start_interpolation: 0, interpolation_duration: 1 }
$data merge entity $(bone_group8) { transformation: [-2.747303306972874f,-2.5474751487163427f,1.0651700549783416f,1.3389619151054344f,-2.4984338435605378f,1.3677673742960375f,-0.900120813018028f,0.733650435524995f,-0.18070104827375005f,-1.0521800114447968f,-3.749025910279789f,-3.8684969036325985f,0f,0f,0f,1f], start_interpolation: 0, interpolation_duration: 1 }
$data merge entity $(bone_group9) { transformation: [-2.747303306972874f,-2.5474751487163427f,1.0651700549783416f,1.3779865967059715f,-2.4984338435605378f,1.3677673742960375f,-0.900120813018028f,0.6195689567255492f,-0.18070104827375005f,-1.0521800114447968f,-3.749025910279789f,-3.8300188991734485f,0f,0f,0f,1f], start_interpolation: 0, interpolation_duration: 1 }
$data merge entity $(bone_group10) { transformation: [-2.747303306972874f,-2.5474751487163427f,1.0651700549783416f,1.3779865967059715f,-2.4984338435605378f,1.3677673742960375f,-0.900120813018028f,0.6195689567255492f,-0.18070104827375005f,-1.0521800114447968f,-3.749025910279789f,-3.8300188991734485f,0f,0f,0f,1f], start_interpolation: 0, interpolation_duration: 1 }
$data merge entity $(bone_group11) { transformation: [-2.747303306972874f,-2.5474751487163427f,1.0651700549783416f,1.4170112783065085f,-2.4984338435605378f,1.3677673742960375f,-0.900120813018028f,0.5054874779261035f,-0.18070104827375005f,-1.0521800114447968f,-3.749025910279789f,-3.7915408947142994f,0f,0f,0f,1f], start_interpolation: 0, interpolation_duration: 1 }
$data merge entity $(bone_group12) { transformation: [-2.747303306972874f,-2.5474751487163427f,1.0651700549783416f,1.4170112783065085f,-2.4984338435605378f,1.3677673742960375f,-0.900120813018028f,0.5054874779261035f,-0.18070104827375005f,-1.0521800114447968f,-3.749025910279789f,-3.7915408947142994f,0f,0f,0f,1f], start_interpolation: 0, interpolation_duration: 1 }
$data merge entity $(bone_group13) { transformation: [-2.88516565207875f,-1.7826175613092148f,0.42606802199133664f,1.1933767417575454f,-2.002038668318695f,1.9206050333444156f,-0.36004832520721125f,0.718309425467432f,-0.33905217324329673f,-0.9676026511150094f,-1.4996103641119156f,-3.956190137160807f,0f,0f,0f,1f], start_interpolation: 0, interpolation_duration: 1 }
$data merge entity $(bone_group14) { transformation: [-2.88516565207875f,-1.7826175613092148f,0.42606802199133664f,1.1933767417575454f,-2.002038668318695f,1.9206050333444156f,-0.36004832520721125f,0.718309425467432f,-0.33905217324329673f,-0.9676026511150094f,-1.4996103641119156f,-3.956190137160807f,0f,0f,0f,1f], start_interpolation: 0, interpolation_duration: 1 }
$data merge entity $(bone_group15) { transformation: [-2.804662927747339f,-1.9067700625777446f,0.42606802199133664f,1.2474778458424698f,-2.083908786047167f,1.8314493427301286f,-0.36004832520721125f,0.6502212545109731f,-0.296523235847468f,-0.9814709558760993f,-1.4996103641119156f,-3.9244713764329324f,0f,0f,0f,1f], start_interpolation: 0, interpolation_duration: 1 }
$data merge entity $(bone_group16) { transformation: [-2.804662927747339f,-1.9067700625777446f,0.42606802199133664f,1.2474778458424698f,-2.083908786047167f,1.8314493427301286f,-0.36004832520721125f,0.6502212545109731f,-0.296523235847468f,-0.9814709558760993f,-1.4996103641119156f,-3.9244713764329324f,0f,0f,0f,1f], start_interpolation: 0, interpolation_duration: 1 }
$data merge entity $(bone_group17) { transformation: [-2.6278043775034092f,-2.143956707444656f,0.42606802199133664f,1.3561848360899826f,-2.2356002117373484f,1.6428555069850543f,-0.36004832520721125f,0.5778225822591121f,-0.2098540452676202f,-1.0035798654370327f,-1.4996103641119156f,-3.876203109731693f,0f,0f,0f,1f], start_interpolation: 0, interpolation_duration: 1 }
$data merge entity $(bone_group18) { transformation: [-2.6278043775034092f,-2.143956707444656f,0.42606802199133664f,1.3561848360899826f,-2.2356002117373484f,1.6428555069850543f,-0.36004832520721125f,0.5778225822591121f,-0.2098540452676202f,-1.0035798654370327f,-1.4996103641119156f,-3.876203109731693f,0f,0f,0f,1f], start_interpolation: 0, interpolation_duration: 1 }
$data merge entity $(bone_group19) { transformation: [-2.6278043775034092f,-2.143956707444656f,0.42606802199133664f,1.3952095176905197f,-2.2356002117373484f,1.6428555069850543f,-0.36004832520721125f,0.4637411034596663f,-0.2098540452676202f,-1.0035798654370327f,-1.4996103641119156f,-3.837725105272543f,0f,0f,0f,1f], start_interpolation: 0, interpolation_duration: 1 }
$data merge entity $(bone_group20) { transformation: [-2.6278043775034092f,-2.143956707444656f,0.42606802199133664f,1.3952095176905197f,-2.2356002117373484f,1.6428555069850543f,-0.36004832520721125f,0.4637411034596663f,-0.2098540452676202f,-1.0035798654370327f,-1.4996103641119156f,-3.837725105272543f,0f,0f,0f,1f], start_interpolation: 0, interpolation_duration: 1 }
$data merge entity $(bone_bone11) { transformation: [-0.8621916307687812f,0.1597490436623898f,0.2662925137445854f,0.8574379851122089f,0.04108290505537232f,1.4599228814174396f,-0.225030203254507f,0.9153506634743336f,-0.2548289362385694f,-0.3051318130951808f,-0.9372564775699472f,-4.152408525841727f,0f,0f,0f,1f], start_interpolation: 0, interpolation_duration: 1 }
$data merge entity $(bone_3) { transformation: [-0.9132430075244194f,-0.3083431632635026f,0.2662925137445854f,0.9375000000000006f,-0.3699558727625508f,0.9013845238474725f,-0.225030203254507f,1.15625f,-0.170645426004486f,-0.30402373893648904f,-0.9372564775699472f,-4.1875f,0f,0f,0f,1f], start_interpolation: 0, interpolation_duration: 1 }
$data merge entity $(bone_8) { transformation: [-0.9859213722297095f,0.1023506438088597f,0.13222478395746537f,0.3830462977239204f,0.10693779478758969f,0.9938699375890008f,0.02805093942817244f,0.08698153018808241f,-0.12854320606960842f,0.041795847506033046f,-0.9908227648296131f,-4.122381933375073f,0f,0f,0f,1f], start_interpolation: 0, interpolation_duration: 1 }
$data merge entity $(bone_7) { transformation: [-0.9859213722297095f,0.12854320606954714f,0.10693779478766338f,0.4312500000000006f,0.10693779478758969f,0.9763825861651136f,-0.18772680543676187f,0.453125f,-0.12854320606960842f,-0.17364817766647145f,-0.9763825861651055f,-4.1875f,0f,0f,0f,1f], start_interpolation: 0, interpolation_duration: 1 }