# This file was generated by Animated Java via MC-Build. It is not recommended to edit this file directly.
$data merge entity $(bone_layer) { transformation: [-0.868348516857333f,-0.1286990574268813f,-0.47896493179470084f,0.29115842764700667f,-0.10787627813719668f,0.9916344969561466f,-0.07087829753737179f,1.367926788330078f,0.48408011928495503f,-0.009878110343700973f,-0.8749679200114148f,0.457346631290279f,0f,0f,0f,1f], start_interpolation: 0, interpolation_duration: 1 }
$data merge entity $(bone_head) { transformation: [-0.868348516857333f,-0.1286990574268813f,-0.47896493179470084f,0.29115842764700667f,-0.10787627813719668f,0.9916344969561466f,-0.07087829753737179f,1.367926788330078f,0.48408011928495503f,-0.009878110343700973f,-0.8749679200114148f,0.457346631290279f,0f,0f,0f,1f], start_interpolation: 0, interpolation_duration: 1 }
$data merge entity $(bone_6) { transformation: [-0.7036108643929722f,-0.1156234824285576f,-0.7011155124651485f,0.3614985089280211f,-0.10468766786321132f,0.9927735439265573f,-0.058661594564640374f,0.400573260772599f,0.7028315898602855f,0.03212321264439996f,-0.7106306041143079f,0.33233946534921704f,0f,0f,0f,1f], start_interpolation: 0, interpolation_duration: 1 }
$data merge entity $(bone_12) { transformation: [-0.7059180932579131f,-0.2154912285852603f,-0.674717108137868f,0.2806892982085485f,-0.1008662352314148f,0.9734713046064025f,-0.20537677984170874f,0.765625f,0.7010746381102037f,-0.07692301028121512f,-0.7089267961418322f,0.30349333649376137f,0f,0f,0f,1f], start_interpolation: 0, interpolation_duration: 1 }
$data merge entity $(bone_group3) { transformation: [1.2073942006805503f,-0.12582957350827417f,0.2604675406420969f,-1.0271684148875126f,0.3050448190619374f,0.8169581886173819f,-0.3884823414937507f,1.6647991130605027f,-0.23122249269979434f,0.43343871406320567f,0.8077530416625873f,0.972930980419353f,0f,0f,0f,1f], start_interpolation: 0, interpolation_duration: 1 }
$data merge entity $(bone_group1) { transformation: [1.21984830146731f,-0.12274288772539062f,0.1959119242276797f,-1.0054561488291105f,0.2831242236681412f,0.8114135201678072f,-0.41574069622685605f,1.6827198821548623f,-0.18695222066115041f,0.4445971792473453f,0.8131298492180702f,0.9438085725243699f,0f,0f,0f,1f], start_interpolation: 0, interpolation_duration: 1 }
$data merge entity $(bone_group4) { transformation: [1.1767859650711858f,-0.12836830741238442f,0.21292386534367605f,-1.019158095127777f,0.2883114062899793f,0.7842980943818771f,-0.3963239131397152f,1.6710981954772082f,-0.19324732188377f,0.4312948831187447f,0.7845053289833952f,0.9523185753210827f,0f,0f,0f,1f], start_interpolation: 0, interpolation_duration: 1 }
$data merge entity $(bone_group2) { transformation: [1.1696631319092832f,-0.12189739933614063f,0.25232792999703135f,-1.0271684148875126f,0.2955121684662519f,0.7914282452230887f,-0.37634226832207107f,1.6647991130605027f,-0.22399678980292578f,0.4198937542487305f,0.7825107591106316f,0.972930980419353f,0f,0f,0f,1f], start_interpolation: 0, interpolation_duration: 1 }
$data merge entity $(bone_10) { transformation: [-0.8020868898316602f,0.22214381543263592f,-0.554354350957224f,0.21834645410092896f,0.005684900046426458f,0.931042358772503f,0.36486683609612425f,1.0650218657044521f,0.597180293606241f,0.289503456691565f,-0.748039735236036f,0.41519988164651234f,0f,0f,0f,1f], start_interpolation: 0, interpolation_duration: 1 }
$data merge entity $(bone_9) { transformation: [-0.8020868898316602f,0.22214381543263592f,-0.554354350957224f,0.3016503848881674f,0.005684900046426458f,0.931042358772503f,0.36486683609612425f,1.4141627502441407f,0.597180293606241f,0.289503456691565f,-0.748039735236036f,0.5237636779058492f,0f,0f,0f,1f], start_interpolation: 0, interpolation_duration: 1 }
$data merge entity $(bone_bone12) { transformation: [-0.7412654040345594f,0.9888021767145834f,-0.5667826767939987f,0.12310290611349167f,0.8501740151909983f,1.1079683479271938f,0.36491112092033295f,1.8647621027631935f,0.9888021767145833f,-0.21136791458494125f,-0.7386455652847959f,0.29107607330986507f,0f,0f,0f,1f], start_interpolation: 0, interpolation_duration: 1 }
$data merge entity $(bone_bone1) { transformation: [0.623853793848963f,-0.809852686010692f,0.7334391304035137f,0.2828617065879723f,-0.6104229910921737f,1.2531879335273997f,0.6729680486699764f,0.5329080359443213f,-0.48804735000442223f,-2.602625334200563f,0.09581778259937773f,1.4928107939898503f,0f,0f,0f,1f], start_interpolation: 0, interpolation_duration: 1 }
$data merge entity $(bone_2) { transformation: [0.7663204807600036f,-0.28526559621496317f,0.5756530729387953f,-0.03870232421746993f,-0.2588190451025206f,0.6830127018922192f,0.6830127018922194f,1.0451675623634857f,-0.5880183863281622f,-0.6723966007275854f,0.4495744528662765f,0.8482669617449287f,0f,0f,0f,1f], start_interpolation: 0, interpolation_duration: 1 }
$data merge entity $(bone_bone2) { transformation: [1.4870294513563889f,-0.3720004838294245f,0.6423315053049689f,0.15207946260013985f,-0.023141524625886256f,1.913634654331585f,0.2904594978560801f,0.9228865614817697f,-1.3372389018558741f,-0.44678635808617667f,0.7092556079424724f,0.7255644082179304f,0f,0f,0f,1f], start_interpolation: 0, interpolation_duration: 1 }
$data merge entity $(bone_1) { transformation: [0.7663204807600036f,0.012773333958257888f,0.6423315053049689f,-0.033912323983123216f,-0.2588190451025206f,0.9212198336973717f,0.2904594978560801f,1.390625f,-0.5880183863281622f,-0.3888326888806773f,0.7092556079424724f,0.7024547034146746f,0f,0f,0f,1f], start_interpolation: 0, interpolation_duration: 1 }
$data merge entity $(bone_4) { transformation: [-0.835976813849595f,-0.5404694898729061f,0.09505523248301675f,0.7018994860232246f,-0.345474204871691f,0.3837500713770964f,-0.856378103693892f,1.1296925801472346f,0.4263687845916403f,-0.7487513694375418f,-0.5075244292556303f,0.269253498935806f,0f,0f,0f,1f], start_interpolation: 0, interpolation_duration: 1 }
$data merge entity $(bone_group5) { transformation: [-3.34390725539838f,-1.123102898951641f,-1.431735656722998f,0.7305099987089165f,-1.381896819486764f,2.4453968360304166f,-0.982653530355535f,0.9152977044599777f,1.7054751383665612f,-0.220622285136499f,-3.603404646795551f,0.4586988311224245f,0f,0f,0f,1f], start_interpolation: 0, interpolation_duration: 1 }
$data merge entity $(bone_group7) { transformation: [-3.34390725539838f,-1.123102898951641f,-1.431735656722998f,0.7305099987089165f,-1.381896819486764f,2.4453968360304166f,-0.982653530355535f,0.9152977044599777f,1.7054751383665612f,-0.220622285136499f,-3.603404646795551f,0.4586988311224245f,0f,0f,0f,1f], start_interpolation: 0, interpolation_duration: 1 }
$data merge entity $(bone_group6) { transformation: [-2.3343571815982758f,-2.6445892692552584f,-1.431735656722998f,1.0958981838909194f,-2.4194561690996643f,1.4268273725930483f,-0.982653530355535f,0.976572462899157f,1.5872959379164722f,0.6616730656140983f,-3.603404646795551f,0.2968099487591611f,0f,0f,0f,1f], start_interpolation: 0, interpolation_duration: 1 }
$data merge entity $(bone_group8) { transformation: [-2.3343571815982758f,-2.6445892692552584f,-1.431735656722998f,1.0958981838909194f,-2.4194561690996643f,1.4268273725930483f,-0.982653530355535f,0.976572462899157f,1.5872959379164722f,0.6616730656140983f,-3.603404646795551f,0.2968099487591611f,0f,0f,0f,1f], start_interpolation: 0, interpolation_duration: 1 }
$data merge entity $(bone_group9) { transformation: [-2.3343571815982758f,-2.6445892692552584f,-1.431735656722998f,1.1485436322792777f,-2.4194561690996643f,1.4268273725930483f,-0.982653530355535f,0.8619444862102312f,1.5872959379164722f,0.6616730656140983f,-3.603404646795551f,0.30715161837493454f,0f,0f,0f,1f], start_interpolation: 0, interpolation_duration: 1 }
$data merge entity $(bone_group10) { transformation: [-2.3343571815982758f,-2.6445892692552584f,-1.431735656722998f,1.1485436322792777f,-2.4194561690996643f,1.4268273725930483f,-0.982653530355535f,0.8619444862102312f,1.5872959379164722f,0.6616730656140983f,-3.603404646795551f,0.30715161837493454f,0f,0f,0f,1f], start_interpolation: 0, interpolation_duration: 1 }
$data merge entity $(bone_group11) { transformation: [-2.3343571815982758f,-2.6445892692552584f,-1.431735656722998f,1.2011890806676357f,-2.4194561690996643f,1.4268273725930483f,-0.982653530355535f,0.7473165095213055f,1.5872959379164722f,0.6616730656140983f,-3.603404646795551f,0.3174932879907079f,0f,0f,0f,1f], start_interpolation: 0, interpolation_duration: 1 }
$data merge entity $(bone_group12) { transformation: [-2.3343571815982758f,-2.6445892692552584f,-1.431735656722998f,1.2011890806676357f,-2.4194561690996643f,1.4268273725930483f,-0.982653530355535f,0.7473165095213055f,1.5872959379164722f,0.6616730656140983f,-3.603404646795551f,0.3174932879907079f,0f,0f,0f,1f], start_interpolation: 0, interpolation_duration: 1 }
$data merge entity $(bone_group13) { transformation: [-2.5325033729282542f,-1.9761013463970913f,-0.5726942626891992f,0.9267078803512785f,-1.9214895895203767f,1.958226464685729f,-0.393061412142214f,0.9642737720508752f,1.5302288943263112f,0.25115042546797206f,-1.4413618587182206f,0.315353839573569f,0f,0f,0f,1f], start_interpolation: 0, interpolation_duration: 1 }
$data merge entity $(bone_group14) { transformation: [-2.5325033729282542f,-1.9761013463970913f,-0.5726942626891992f,0.9267078803512785f,-1.9214895895203767f,1.958226464685729f,-0.393061412142214f,0.9642737720508752f,1.5302288943263112f,0.25115042546797206f,-1.4413618587182206f,0.315353839573569f,0f,0f,0f,1f], start_interpolation: 0, interpolation_duration: 1 }
$data merge entity $(bone_group15) { transformation: [-2.4438966607723716f,-2.0846867814113064f,-0.5726942626891992f,0.9879577470107173f,-2.0050773959105657f,1.8725484682750566f,-0.393061412142214f,0.8950815138949982f,1.5178174277944172f,0.3176590328125535f,-1.4413618587182206f,0.309886343345183f,0f,0f,0f,1f], start_interpolation: 0, interpolation_duration: 1 }
$data merge entity $(bone_group16) { transformation: [-2.4438966607723716f,-2.0846867814113064f,-0.5726942626891992f,0.9879577470107173f,-2.0050773959105657f,1.8725484682750566f,-0.393061412142214f,0.8950815138949982f,1.5178174277944172f,0.3176590328125535f,-1.4413618587182206f,0.309886343345183f,0f,0f,0f,1f], start_interpolation: 0, interpolation_duration: 1 }
$data merge entity $(bone_group17) { transformation: [-2.2529044713154303f,-2.289753547492027f,-0.5726942626891992f,1.1026370547239657f,-2.160650823653212f,1.6906688463083048f,-0.393061412142214f,0.8202165870491911f,1.4843558652947684f,0.44873674956358023f,-1.4413618587182206f,0.28473674784884706f,0f,0f,0f,1f], start_interpolation: 0, interpolation_duration: 1 }
$data merge entity $(bone_group18) { transformation: [-2.2529044713154303f,-2.289753547492027f,-0.5726942626891992f,1.1026370547239657f,-2.160650823653212f,1.6906688463083048f,-0.393061412142214f,0.8202165870491911f,1.4843558652947684f,0.44873674956358023f,-1.4413618587182206f,0.28473674784884706f,0f,0f,0f,1f], start_interpolation: 0, interpolation_duration: 1 }
$data merge entity $(bone_group19) { transformation: [-2.2529044713154303f,-2.289753547492027f,-0.5726942626891992f,1.155282503112324f,-2.160650823653212f,1.6906688463083048f,-0.393061412142214f,0.7055886103602653f,1.4843558652947684f,0.44873674956358023f,-1.4413618587182206f,0.29507841746462043f,0f,0f,0f,1f], start_interpolation: 0, interpolation_duration: 1 }
$data merge entity $(bone_group20) { transformation: [-2.2529044713154303f,-2.289753547492027f,-0.5726942626891992f,1.155282503112324f,-2.160650823653212f,1.6906688463083048f,-0.393061412142214f,0.7055886103602653f,1.4843558652947684f,0.44873674956358023f,-1.4413618587182206f,0.29507841746462043f,0f,0f,0f,1f], start_interpolation: 0, interpolation_duration: 1 }
$data merge entity $(bone_bone11) { transformation: [-0.8401016648602059f,-0.03553856642598274f,-0.3579339141807495f,0.543466915241553f,0.06269442081716925f,1.4502734479582151f,-0.24566338258888376f,1.1682988287041027f,0.31669954578039733f,-0.38137112691415903f,-0.9008511616988878f,0.35636472431965605f,0f,0f,0f,1f], start_interpolation: 0, interpolation_duration: 1 }
$data merge entity $(bone_3) { transformation: [-0.835976813849595f,-0.4159640366487559f,-0.3579339141807495f,0.5895955974612737f,-0.345474204871691f,0.9057025318631171f,-0.24566338258888376f,1.40625f,0.4263687845916403f,-0.08171195745796259f,-0.9008511616988878f,0.2731468603685636f,0f,0f,0f,1f], start_interpolation: 0, interpolation_duration: 1 }
$data merge entity $(bone_8) { transformation: [-0.8661093641736767f,0.10478488020345396f,-0.488748092754762f,0.07997630334163984f,0.1049604767953836f,0.9941062449784127f,0.02713064698465481f,0.395692692663013f,0.48871041282292665f,-0.027801125438874336f,-0.8720029987464359f,0.5248731921801625f,0f,0f,0f,1f], start_interpolation: 0, interpolation_duration: 1 }
$data merge entity $(bone_7) { transformation: [-0.8661093641736767f,0.011491494258831947f,-0.49972243780959935f,0.08473425535482286f,0.1049604767953836f,0.9816279115386597f,-0.1593422153703629f,0.765625f,0.48871041282292665f,-0.190458890178297f,-0.8514032790343811f,0.4538549293059987f,0f,0f,0f,1f], start_interpolation: 0, interpolation_duration: 1 }