# This file was generated by Animated Java via MC-Build. It is not recommended to edit this file directly.
$data merge entity $(bone_layer) { transformation: [-0.9931807788327457f,-0.11125924352726393f,-0.03483276168955962f,0.31952626454991434f,-0.10841745224321016f,0.9912764157644088f,-0.07494480367816123f,1.4244545936584472f,0.04286719732233396f,-0.07065725920956643f,-0.996579126369161f,-0.11917345657338177f,0f,0f,0f,1f], start_interpolation: 0, interpolation_duration: 1 }
$data merge entity $(bone_head) { transformation: [-0.9931807788327457f,-0.11125924352726393f,-0.03483276168955962f,0.31952626454991434f,-0.10841745224321016f,0.9912764157644088f,-0.07494480367816123f,1.4244545936584472f,0.04286719732233396f,-0.07065725920956643f,-0.996579126369161f,-0.11917345657338177f,0f,0f,0f,1f], start_interpolation: 0, interpolation_duration: 1 }
$data merge entity $(bone_6) { transformation: [-0.9469925060090671f,-0.11246242366572548f,-0.3009275607615517f,0.4406741032810715f,-0.10577663082487243f,0.9936453117129259f,-0.03847465246446222f,0.45473671943141397f,0.30334221258177235f,-0.004604104055445035f,-0.9528705600929444f,-0.20016371495481938f,0f,0f,0f,1f], start_interpolation: 0, interpolation_duration: 1 }
$data merge entity $(bone_12) { transformation: [-0.9476599668617434f,-0.15704972591754793f,-0.2779855586119937f,0.381780456061991f,-0.10372402569902935f,0.974868748182896f,-0.1971604684238206f,0.8203125f,0.3019634310647338f,-0.15800730174753422f,-0.9401339154046499f,-0.2594164531101447f,0f,0f,0f,1f], start_interpolation: 0, interpolation_duration: 1 }
$data merge entity $(bone_group3) { transformation: [1.1809102004447334f,-0.30908940199353185f,-0.13469119048839823f,-1.082441757459001f,0.3088331058848361f,0.8172613389785678f,-0.38753635301888806f,1.7142330087537865f,0.33835086829230077f,0.3281191922488117f,0.8383423329079125f,-0.254552582267242f,0f,0f,0f,1f], start_interpolation: 0, interpolation_duration: 1 }
$data merge entity $(bone_group1) { transformation: [1.1765148558294074f,-0.310177719071849f,-0.16682162131574774f,-1.065099976586442f,0.2973072188054854f,0.8143902401891798f,-0.40231251872325924f,1.723818696851995f,0.36261876695911355f,0.3341751626548858f,0.8257093750559458f,-0.2633521558989601f,0f,0f,0f,1f], start_interpolation: 0, interpolation_duration: 1 }
$data merge entity $(bone_group4) { transformation: [1.140121696864423f,-0.3051596022237231f,-0.14978554088224016f,-1.0736332621182845f,0.2954028810093123f,0.7879577559960762f,-0.3861836211978672f,1.717606048546729f,0.34419067329428316f,0.3217851327218241f,0.8037671843082939f,-0.26243827377400425f,0f,0f,0f,1f], start_interpolation: 0, interpolation_duration: 1 }
$data merge entity $(bone_group2) { transformation: [1.1440067566808356f,-0.29943035818123404f,-0.1304820907856358f,-1.082441757459001f,0.299182071325935f,0.7917219221354876f,-0.37542584198704787f,1.7142330087537865f,0.32777740365816643f,0.31786546749103634f,0.8121441350045403f,-0.254552582267242f,0f,0f,0f,1f], start_interpolation: 0, interpolation_duration: 1 }
$data merge entity $(bone_10) { transformation: [-0.9852008035936819f,0.06454880617251488f,-0.1587854786183752f,0.2745688462896921f,0.002999117313520403f,0.9327306520861444f,0.3605614177283749f,1.120340465459151f,0.17137789207976364f,0.3547491822128122f,-0.9191205774138873f,-0.1891274027758457f,0f,0f,0f,1f], start_interpolation: 0, interpolation_duration: 1 }
$data merge entity $(bone_9) { transformation: [-0.9852008035936819f,0.06454880617251488f,-0.1587854786183752f,0.2987746486043852f,0.002999117313520403f,0.9327306520861444f,0.3605614177283749f,1.470114459991455f,0.17137789207976364f,0.3547491822128122f,-0.9191205774138873f,-0.05609645944604111f,0f,0f,0f,1f], start_interpolation: 0, interpolation_duration: 1 }
$data merge entity $(bone_bone12) { transformation: [-1.1118640374720754f,0.975206267222199f,-0.16697451375296832f,0.24589480076637243f,0.8517156669662956f,1.109977467636847f,0.36057389070612966f,1.9193438659523068f,0.5369718659487236f,0.2586943325800498f,-0.9176633266607115f,-0.34671504541859854f,0f,0f,0f,1f], start_interpolation: 0, interpolation_duration: 1 }
$data merge entity $(bone_bone1) { transformation: [0.777918704049742f,0.46877261908007595f,0.6086263806133836f,-0.16028131300581655f,-0.6104229910921737f,1.2531879335273997f,0.6729680486699764f,0.5875955359443213f,-0.14908474715963796f,-2.6851019039995725f,0.420342639153794f,0.7996005538608161f,0f,0f,0f,1f], start_interpolation: 0, interpolation_duration: 1 }
$data merge entity $(bone_2) { transformation: [0.9503222662163114f,0.05347227923514432f,0.30664035234602105f,-0.1518231127183179f,-0.2588190451025206f,0.6830127018922192f,0.6830127018922194f,1.0998550623634857f,-0.17291700964830675f,-0.7284465419008378f,0.6629218229678353f,0.07934460182660363f,0f,0f,0f,1f], start_interpolation: 0, interpolation_duration: 1 }
$data merge entity $(bone_bone2) { transformation: [1.9337262385089673f,-0.12676199184260628f,0.2473025636371632f,0.07394362580988614f,-0.023141524625886256f,1.913634654331585f,0.2904594978560801f,0.9775740614817697f,-0.5100659803789576f,-0.5673921105948957f,0.924378019061293f,0.057367645765690575f,0f,0f,0f,1f], start_interpolation: 0, interpolation_duration: 1 }
$data merge entity $(bone_1) { transformation: [0.9503222662163114f,0.18902124841398127f,0.2473025636371632f,-0.08094014456307491f,-0.2588190451025206f,0.9212198336973717f,0.2904594978560801f,1.4453125f,-0.17291700964830675f,-0.34003674161861797f,0.924378019061293f,-0.04816917628037809f,0f,0f,0f,1f], start_interpolation: 0, interpolation_duration: 1 }
$data merge entity $(bone_4) { transformation: [-0.9341296211770577f,-0.14744547407451586f,0.3250564305079165f,0.7716048238245666f,-0.35691700586587183f,0.3947360933521088f,-0.8466366797681615f,1.1852390962679873f,-0.003478758880385624f,-0.906886568860768f,-0.42136047448306735f,-0.10303072563756768f,0f,0f,0f,1f], start_interpolation: 0, interpolation_duration: 1 }
$data merge entity $(bone_group5) { transformation: [-3.7365184847082307f,-0.929855533582294f,0.3751635891181194f,0.7135807812240486f,-1.4276680234634873f,2.4403181900850757f,-0.9441767061298947f,0.9685293271076448f,-0.013915035521542496f,-0.6857228432874964f,-3.8688218657624587f,0.07681182904611927f,0f,0f,0f,1f], start_interpolation: 0, interpolation_duration: 1 }
$data merge entity $(bone_group7) { transformation: [-3.7365184847082307f,-0.929855533582294f,0.3751635891181194f,0.7135807812240486f,-1.4276680234634873f,2.4403181900850757f,-0.9441767061298947f,0.9685293271076448f,-0.013915035521542496f,-0.6857228432874964f,-3.8688218657624587f,0.07681182904611927f,0f,0f,0f,1f], start_interpolation: 0, interpolation_duration: 1 }
$data merge entity $(bone_group6) { transformation: [-2.7709921626763174f,-2.673537756285916f,0.3751635891181194f,1.1118436342111733f,-2.4565558715326357f,1.399543534199195f,-0.9441767061298947f,1.034488038110188f,0.3308106473875295f,-0.6008109200030387f,-3.8688218657624587f,0.09933471737428062f,0f,0f,0f,1f], start_interpolation: 0, interpolation_duration: 1 }
$data merge entity $(bone_group8) { transformation: [-2.7709921626763174f,-2.673537756285916f,0.3751635891181194f,1.1118436342111733f,-2.4565558715326357f,1.399543534199195f,-0.9441767061298947f,1.034488038110188f,0.3308106473875295f,-0.6008109200030387f,-3.8688218657624587f,0.09933471737428062f,0f,0f,0f,1f], start_interpolation: 0, interpolation_duration: 1 }
$data merge entity $(bone_group9) { transformation: [-2.7709921626763174f,-2.673537756285916f,0.3751635891181194f,1.1554306123478433f,-2.4565558715326357f,1.399543534199195f,-0.9441767061298947f,0.9200981229499501f,0.3308106473875295f,-0.6008109200030387f,-3.8688218657624587f,0.13147797565338204f,0f,0f,0f,1f], start_interpolation: 0, interpolation_duration: 1 }
$data merge entity $(bone_group10) { transformation: [-2.7709921626763174f,-2.673537756285916f,0.3751635891181194f,1.1554306123478433f,-2.4565558715326357f,1.399543534199195f,-0.9441767061298947f,0.9200981229499501f,0.3308106473875295f,-0.6008109200030387f,-3.8688218657624587f,0.13147797565338204f,0f,0f,0f,1f], start_interpolation: 0, interpolation_duration: 1 }
$data merge entity $(bone_group11) { transformation: [-2.7709921626763174f,-2.673537756285916f,0.3751635891181194f,1.1990175904845133f,-2.4565558715326357f,1.399543534199195f,-0.9441767061298947f,0.8057082077897122f,0.3308106473875295f,-0.6008109200030387f,-3.8688218657624587f,0.16362123393248343f,0f,0f,0f,1f], start_interpolation: 0, interpolation_duration: 1 }
$data merge entity $(bone_group12) { transformation: [-2.7709921626763174f,-2.673537756285916f,0.3751635891181194f,1.1990175904845133f,-2.4565558715326357f,1.399543534199195f,-0.9441767061298947f,0.8057082077897122f,0.3308106473875295f,-0.6008109200030387f,-3.8688218657624587f,0.16362123393248343f,0f,0f,0f,1f], start_interpolation: 0, interpolation_duration: 1 }
$data merge entity $(bone_group13) { transformation: [-2.9276099624359513f,-1.898052484600486f,0.15006543564724778f,0.9528835957987019f,-1.959249907010864f,1.9409955741233245f,-0.3776706824519579f,1.0207741196869127f,0.19425693110666709f,-0.6577513978520276f,-1.5475287463049836f,0.03880268350510131f,0f,0f,0f,1f], start_interpolation: 0, interpolation_duration: 1 }
$data merge entity $(bone_group14) { transformation: [-2.9276099624359513f,-1.898052484600486f,0.15006543564724778f,0.9528835957987019f,-1.959249907010864f,1.9409955741233245f,-0.3776706824519579f,1.0207741196869127f,0.19425693110666709f,-0.6577513978520276f,-1.5475287463049836f,0.03880268350510131f,0f,0f,0f,1f], start_interpolation: 0, interpolation_duration: 1 }
$data merge entity $(bone_group15) { transformation: [-2.8420316398914394f,-2.023946512215253f,0.15006543564724778f,1.0107649195236532f,-2.042050173055712f,1.8536868957867587f,-0.3776706824519579f,0.952085876703237f,0.222762754565064f,-0.648651995940706f,-1.5475287463049836f,0.061178695419176976f,0f,0f,0f,1f], start_interpolation: 0, interpolation_duration: 1 }
$data merge entity $(bone_group16) { transformation: [-2.8420316398914394f,-2.023946512215253f,0.15006543564724778f,1.0107649195236532f,-2.042050173055712f,1.8536868957867587f,-0.3776706824519579f,0.952085876703237f,0.222762754565064f,-0.648651995940706f,-1.5475287463049836f,0.061178695419176976f,0f,0f,0f,1f], start_interpolation: 0, interpolation_duration: 1 }
$data merge entity $(bone_group17) { transformation: [-2.654818289915188f,-2.2639441631771984f,0.15006543564724778f,1.1252477724743555f,-2.1958390138593273f,1.6686566579442605f,-0.3776706824519579f,0.8783581106719196f,0.2784488215209928f,-0.6267686259321273f,-1.5475287463049836f,0.09027329868415539f,0f,0f,0f,1f], start_interpolation: 0, interpolation_duration: 1 }
$data merge entity $(bone_group18) { transformation: [-2.654818289915188f,-2.2639441631771984f,0.15006543564724778f,1.1252477724743555f,-2.1958390138593273f,1.6686566579442605f,-0.3776706824519579f,0.8783581106719196f,0.2784488215209928f,-0.6267686259321273f,-1.5475287463049836f,0.09027329868415539f,0f,0f,0f,1f], start_interpolation: 0, interpolation_duration: 1 }
$data merge entity $(bone_group19) { transformation: [-2.654818289915188f,-2.2639441631771984f,0.15006543564724778f,1.1688347506110255f,-2.1958390138593273f,1.6686566579442605f,-0.3776706824519579f,0.7639681955116817f,0.2784488215209928f,-0.6267686259321273f,-1.5475287463049836f,0.12241655696325679f,0f,0f,0f,1f], start_interpolation: 0, interpolation_duration: 1 }
$data merge entity $(bone_group20) { transformation: [-2.654818289915188f,-2.2639441631771984f,0.15006543564724778f,1.1688347506110255f,-2.1958390138593273f,1.6686566579442605f,-0.3776706824519579f,0.7639681955116817f,0.2784488215209928f,-0.6267686259321273f,-1.5475287463049836f,0.12241655696325679f,0f,0f,0f,1f], start_interpolation: 0, interpolation_duration: 1 }
$data merge entity $(bone_bone11) { transformation: [-0.8929393645544335f,0.12398407127754585f,0.09379089727952986f,0.5904294545040586f,0.05264534829481404f,1.4549702327522545f,-0.23604417653247367f,1.2215804651071498f,-0.09943720899161534f,-0.3430591375758626f,-0.9672054664406147f,-0.09715893183384124f,0f,0f,0f,1f], start_interpolation: 0, interpolation_duration: 1 }
$data merge entity $(bone_3) { transformation: [-0.9341296211770577f,-0.34439093836381257f,0.09379089727952986f,0.6664327984578244f,-0.35691700586587183f,0.9038215518833613f,-0.23604417653247367f,1.4609375f,-0.003478758880385624f,-0.2539714234398135f,-0.9672054664406147f,-0.1482033211449931f,0f,0f,0f,1f], start_interpolation: 0, interpolation_duration: 1 }
$data merge entity $(bone_8) { transformation: [-0.9933986461720874f,0.10696804973659545f,-0.04143628987992353f,0.10110408611619218f,0.10588311335434977f,0.9939967415662608f,0.02755438371740146f,0.45210408572569855f,0.04413497581118325f,0.022985084102633224f,-0.9987611275069435f,-0.14847524566769849f,0f,0f,0f,1f], start_interpolation: 0, interpolation_duration: 1 }
$data merge entity $(bone_7) { transformation: [-0.9933986461720874f,0.09646918961993296f,-0.0620711304676919f,0.13739688791120375f,0.10588311335434977f,0.979284872267685f,-0.17259752389317096f,0.8203125f,0.04413497581118325f,-0.17803043111147376f,-0.9830347244672534f,-0.2149493525127158f,0f,0f,0f,1f], start_interpolation: 0, interpolation_duration: 1 }