# This file was generated by Animated Java via MC-Build. It is not recommended to edit this file directly.
$data merge entity $(bone_layer) { transformation: [-0.9861757526214845f,-0.09764377601643089f,0.13387710015794965f,0.4062500000000001f,-0.10858030280375586f,0.9911036004898334f,-0.07696733683279779f,1.434375f,-0.12517069459139904f,-0.0904397374019946f,-0.9880045299056908f,-0.875f,0f,0f,0f,1f], start_interpolation: 0, interpolation_duration: 1 }
$data merge entity $(bone_head) { transformation: [-0.9861757526214845f,-0.09764377601643089f,0.13387710015794965f,0.4062500000000001f,-0.10858030280375586f,0.9911036004898334f,-0.07696733683279779f,1.434375f,-0.12517069459139904f,-0.0904397374019946f,-0.9880045299056908f,-0.875f,0f,0f,0f,1f], start_interpolation: 0, interpolation_duration: 1 }
$data merge entity $(bone_6) { transformation: [-0.9859213722297095f,-0.10802079274573802f,-0.1276344628823607f,0.5419537022760803f,-0.10693779478758969f,0.9941475584248421f,-0.015327756649040847f,0.4619815301880824f,0.1285432060696082f,-0.0014630148690873424f,-0.9917028303684723f,-0.9348819333750732f,0f,0f,0f,1f], start_interpolation: 0, interpolation_duration: 1 }
$data merge entity $(bone_12) { transformation: [-0.9859213722297095f,-0.12854320606954708f,-0.10693779478766313f,0.49375000000000013f,-0.10693779478758969f,0.9763825861651136f,-0.18772680543676187f,0.828125f,0.1285432060696082f,-0.1736481776664715f,-0.9763825861651055f,-1f,0f,0f,0f,1f], start_interpolation: 0, interpolation_duration: 1 }
$data merge entity $(bone_group3) { transformation: [1.1042292571744916f,-0.3617299687575031f,-0.2797288742904414f,-0.9433272008616501f,0.3130438263731278f,0.8176650464457158f,-0.3864313147977139f,1.7162491421441624f,0.5358411656582444f,0.26774318410509035f,0.8022055266220891f,-1.2485545363774457f,0f,0f,0f,1f], start_interpolation: 0, interpolation_duration: 1 }
$data merge entity $(bone_group1) { transformation: [1.1042292571744916f,-0.3617299687575031f,-0.2797288742904414f,-0.9433272008616501f,0.3130438263731278f,0.8176650464457158f,-0.3864313147977139f,1.7162491421441624f,0.5358411656582444f,0.26774318410509035f,0.8022055266220891f,-1.2485545363774457f,0f,0f,0f,1f], start_interpolation: 0, interpolation_duration: 1 }
$data merge entity $(bone_group4) { transformation: [1.0697220928877889f,-0.3504259072338311f,-0.2709873469688652f,-0.9433272008616501f,0.30326120679896756f,0.7921130137442873f,-0.3743553362102854f,1.7162491421441624f,0.5190961292314242f,0.2593762096018063f,0.7771366039151489f,-1.2485545363774457f,0f,0f,0f,1f], start_interpolation: 0, interpolation_duration: 1 }
$data merge entity $(bone_group2) { transformation: [1.0697220928877889f,-0.3504259072338311f,-0.2709873469688652f,-0.9433272008616501f,0.30326120679896756f,0.7921130137442873f,-0.3743553362102854f,1.7162491421441624f,0.5190961292314242f,0.2593762096018063f,0.7771366039151489f,-1.2485545363774457f,0f,0f,0f,1f], start_interpolation: 0, interpolation_duration: 1 }
$data merge entity $(bone_10) { transformation: [-1f,-4.354799774806566e-17f,1.1446034124863093e-16f,0.3750000000000001f,0f,0.9346396146899064f,0.3555963872880366f,1.128885144491285f,-1.2246467991473532e-16f,0.3555963872880366f,-0.9346396146899064f,-0.9508486452330137f,0f,0f,0f,1f], start_interpolation: 0, interpolation_duration: 1 }
$data merge entity $(bone_9) { transformation: [-1f,-4.354799774806566e-17f,1.1446034124863093e-16f,0.3750000000000001f,0f,0.9346396146899064f,0.3555963872880366f,1.479375f,-1.2246467991473532e-16f,0.3555963872880366f,-0.9346396146899064f,-0.8175f,0f,0f,0f,1f], start_interpolation: 0, interpolation_duration: 1 }
$data merge entity $(bone_bone12) { transformation: [-1.1900300104368529f,0.913142143513081f,1.1446034124863093e-16f,0.37500000000000017f,0.8534588211701812f,1.1122491904241254f,0.3555963872880366f,1.9270232990291118f,0.3247100473137053f,0.4231703724756895f,-0.9346396146899064f,-1.1152809603993226f,0f,0f,0f,1f], start_interpolation: 0, interpolation_duration: 1 }
$data merge entity $(bone_bone1) { transformation: [0.7920408934160458f,0.941878584031822f,0.5235462137462823f,-0.22982456785319322f,-0.6104229910921737f,1.2531879335273997f,0.6729680486699764f,0.5954080359443213f,-0.007415868310287399f,-2.557808580837028f,0.522506810999872f,-0.05512854399935019f,0f,0f,0f,1f], start_interpolation: 0, interpolation_duration: 1 }
$data merge entity $(bone_2) { transformation: [0.965925826289068f,0.18301270189221922f,0.1830127018922191f,-0.09256504143402879f,-0.2588190451025206f,0.6830127018922192f,0.6830127018922194f,1.1076675623634857f,1.2523069104177416e-16f,-0.7071067811865475f,0.7071067811865471f,-0.7622353251858975f,0f,0f,0f,1f], start_interpolation: 0, interpolation_duration: 1 }
$data merge entity $(bone_bone2) { transformation: [1.9937992471648682f,-0.0231415246258867f,0.0778283878844859f,0.13348890823256673f,-0.023141524625886256f,1.913634654331585f,0.2904594978560801f,0.9853865614817697f,-0.15565677576897186f,-0.5809189957121602f,0.9537169507482266f,-0.7434412127168805f,0f,0f,0f,1f], start_interpolation: 0, interpolation_duration: 1 }
$data merge entity $(bone_1) { transformation: [0.965925826289068f,0.24684011049074372f,0.0778283878844859f,1.1102230246251565e-16f,-0.2588190451025206f,0.9212198336973717f,0.2904594978560801f,1.453125f,1.2523069104177416e-16f,-0.30070579950427323f,0.9537169507482266f,-0.875f,0f,0f,0f,1f], start_interpolation: 0, interpolation_duration: 1 }
$data merge entity $(bone_4) { transformation: [-0.9132430075244194f,0.005792735520890574f,0.4073740951790359f,0.8498610176483707f,-0.3699558727625508f,0.4070156667553069f,-0.8351472320640427f,1.1941192756310783f,-0.170645426004486f,-0.9134028088586754f,-0.3695611550918596f,-0.7827822174272907f,0f,0f,0f,1f], start_interpolation: 0, interpolation_duration: 1 }
$data merge entity $(bone_group5) { transformation: [-3.652972030097678f,-0.832526540811457f,1.0651700549783416f,0.7644642951742038f,-1.4798234910502033f,2.433738214388176f,-0.900120813018028f,0.9748299912150131f,-0.682581704017944f,-0.8208640951285204f,-3.749025910279789f,-0.617576686117498f,0f,0f,0f,1f], start_interpolation: 0, interpolation_duration: 1 }
$data merge entity $(bone_group7) { transformation: [-3.652972030097678f,-0.832526540811457f,1.0651700549783416f,0.7644642951742038f,-1.4798234910502033f,2.433738214388176f,-0.900120813018028f,0.9748299912150131f,-0.682581704017944f,-0.8208640951285204f,-3.749025910279789f,-0.617576686117498f,0f,0f,0f,1f], start_interpolation: 0, interpolation_duration: 1 }
$data merge entity $(bone_group6) { transformation: [-2.747303306972874f,-2.5474751487163427f,1.0651700549783416f,1.151461915105434f,-2.4984338435605378f,1.3677673742960375f,-0.900120813018028f,1.046150435524995f,-0.18070104827375005f,-1.0521800114447968f,-3.749025910279789f,-0.5247469036325978f,0f,0f,0f,1f], start_interpolation: 0, interpolation_duration: 1 }
$data merge entity $(bone_group8) { transformation: [-2.747303306972874f,-2.5474751487163427f,1.0651700549783416f,1.151461915105434f,-2.4984338435605378f,1.3677673742960375f,-0.900120813018028f,1.046150435524995f,-0.18070104827375005f,-1.0521800114447968f,-3.749025910279789f,-0.5247469036325978f,0f,0f,0f,1f], start_interpolation: 0, interpolation_duration: 1 }
$data merge entity $(bone_group9) { transformation: [-2.747303306972874f,-2.5474751487163427f,1.0651700549783416f,1.190486596705971f,-2.4984338435605378f,1.3677673742960375f,-0.900120813018028f,0.9320689567255492f,-0.18070104827375005f,-1.0521800114447968f,-3.749025910279789f,-0.48626889917344845f,0f,0f,0f,1f], start_interpolation: 0, interpolation_duration: 1 }
$data merge entity $(bone_group10) { transformation: [-2.747303306972874f,-2.5474751487163427f,1.0651700549783416f,1.190486596705971f,-2.4984338435605378f,1.3677673742960375f,-0.900120813018028f,0.9320689567255492f,-0.18070104827375005f,-1.0521800114447968f,-3.749025910279789f,-0.48626889917344845f,0f,0f,0f,1f], start_interpolation: 0, interpolation_duration: 1 }
$data merge entity $(bone_group11) { transformation: [-2.747303306972874f,-2.5474751487163427f,1.0651700549783416f,1.229511278306508f,-2.4984338435605378f,1.3677673742960375f,-0.900120813018028f,0.8179874779261035f,-0.18070104827375005f,-1.0521800114447968f,-3.749025910279789f,-0.44779089471429906f,0f,0f,0f,1f], start_interpolation: 0, interpolation_duration: 1 }
$data merge entity $(bone_group12) { transformation: [-2.747303306972874f,-2.5474751487163427f,1.0651700549783416f,1.229511278306508f,-2.4984338435605378f,1.3677673742960375f,-0.900120813018028f,0.8179874779261035f,-0.18070104827375005f,-1.0521800114447968f,-3.749025910279789f,-0.44779089471429906f,0f,0f,0f,1f], start_interpolation: 0, interpolation_duration: 1 }
$data merge entity $(bone_group13) { transformation: [-2.88516565207875f,-1.7826175613092148f,0.42606802199133664f,1.005876741757545f,-2.002038668318695f,1.9206050333444156f,-0.36004832520721125f,1.030809425467432f,-0.33905217324329673f,-0.9676026511150094f,-1.4996103641119156f,-0.6124401371608068f,0f,0f,0f,1f], start_interpolation: 0, interpolation_duration: 1 }
$data merge entity $(bone_group14) { transformation: [-2.88516565207875f,-1.7826175613092148f,0.42606802199133664f,1.005876741757545f,-2.002038668318695f,1.9206050333444156f,-0.36004832520721125f,1.030809425467432f,-0.33905217324329673f,-0.9676026511150094f,-1.4996103641119156f,-0.6124401371608068f,0f,0f,0f,1f], start_interpolation: 0, interpolation_duration: 1 }
$data merge entity $(bone_group15) { transformation: [-2.804662927747339f,-1.9067700625777446f,0.42606802199133664f,1.0599778458424693f,-2.083908786047167f,1.8314493427301286f,-0.36004832520721125f,0.9627212545109731f,-0.296523235847468f,-0.9814709558760993f,-1.4996103641119156f,-0.5807213764329322f,0f,0f,0f,1f], start_interpolation: 0, interpolation_duration: 1 }
$data merge entity $(bone_group16) { transformation: [-2.804662927747339f,-1.9067700625777446f,0.42606802199133664f,1.0599778458424693f,-2.083908786047167f,1.8314493427301286f,-0.36004832520721125f,0.9627212545109731f,-0.296523235847468f,-0.9814709558760993f,-1.4996103641119156f,-0.5807213764329322f,0f,0f,0f,1f], start_interpolation: 0, interpolation_duration: 1 }
$data merge entity $(bone_group17) { transformation: [-2.6278043775034092f,-2.143956707444656f,0.42606802199133664f,1.1686848360899822f,-2.2356002117373484f,1.6428555069850543f,-0.36004832520721125f,0.8903225822591121f,-0.2098540452676202f,-1.0035798654370327f,-1.4996103641119156f,-0.5324531097316921f,0f,0f,0f,1f], start_interpolation: 0, interpolation_duration: 1 }
$data merge entity $(bone_group18) { transformation: [-2.6278043775034092f,-2.143956707444656f,0.42606802199133664f,1.1686848360899822f,-2.2356002117373484f,1.6428555069850543f,-0.36004832520721125f,0.8903225822591121f,-0.2098540452676202f,-1.0035798654370327f,-1.4996103641119156f,-0.5324531097316921f,0f,0f,0f,1f], start_interpolation: 0, interpolation_duration: 1 }
$data merge entity $(bone_group19) { transformation: [-2.6278043775034092f,-2.143956707444656f,0.42606802199133664f,1.207709517690519f,-2.2356002117373484f,1.6428555069850543f,-0.36004832520721125f,0.7762411034596663f,-0.2098540452676202f,-1.0035798654370327f,-1.4996103641119156f,-0.49397510527254285f,0f,0f,0f,1f], start_interpolation: 0, interpolation_duration: 1 }
$data merge entity $(bone_group20) { transformation: [-2.6278043775034092f,-2.143956707444656f,0.42606802199133664f,1.207709517690519f,-2.2356002117373484f,1.6428555069850543f,-0.36004832520721125f,0.7762411034596663f,-0.2098540452676202f,-1.0035798654370327f,-1.4996103641119156f,-0.49397510527254285f,0f,0f,0f,1f], start_interpolation: 0, interpolation_duration: 1 }
$data merge entity $(bone_bone11) { transformation: [-0.8621916307687812f,0.1597490436623898f,0.2662925137445854f,0.6699379851122085f,0.04108290505537232f,1.4599228814174396f,-0.225030203254507f,1.2278506634743336f,-0.2548289362385694f,-0.3051318130951808f,-0.9372564775699472f,-0.8086585258417266f,0f,0f,0f,1f], start_interpolation: 0, interpolation_duration: 1 }
$data merge entity $(bone_3) { transformation: [-0.9132430075244194f,-0.3083431632635026f,0.2662925137445854f,0.7500000000000001f,-0.3699558727625508f,0.9013845238474725f,-0.225030203254507f,1.46875f,-0.170645426004486f,-0.30402373893648904f,-0.9372564775699472f,-0.84375f,0f,0f,0f,1f], start_interpolation: 0, interpolation_duration: 1 }
$data merge entity $(bone_8) { transformation: [-0.9859213722297095f,0.1023506438088597f,0.13222478395746537f,0.19554629772391993f,0.10693779478758969f,0.9938699375890008f,0.02805093942817244f,0.4619815301880824f,-0.12854320606960842f,0.041795847506033046f,-0.9908227648296131f,-0.9348819333750732f,0f,0f,0f,1f], start_interpolation: 0, interpolation_duration: 1 }
$data merge entity $(bone_7) { transformation: [-0.9859213722297095f,0.12854320606954714f,0.10693779478766338f,0.2437500000000001f,0.10693779478758969f,0.9763825861651136f,-0.18772680543676187f,0.828125f,-0.12854320606960842f,-0.17364817766647145f,-0.9763825861651055f,-1f,0f,0f,0f,1f], start_interpolation: 0, interpolation_duration: 1 }