# This file was generated by Animated Java via MC-Build. It is not recommended to edit this file directly.
$data merge entity $(bone_layer) { transformation: [-0.18037599739252075f,0.1011320959159976f,-0.9783847907343465f,0.5749995755380006f,-0.06580592261698391f,0.9912306794629832f,0.11459197458757837f,1.3226562499999988f,0.9813939474610494f,0.08505315553811124f,-0.17213913157626012f,-1.667607444361507f,0f,0f,0f,1f], start_interpolation: 0, interpolation_duration: 1 }
$data merge entity $(bone_head) { transformation: [-0.18037599739252075f,0.1011320959159976f,-0.9783847907343465f,0.5749995755380006f,-0.06580592261698391f,0.9912306794629832f,0.11459197458757837f,1.3226562499999988f,0.9813939474610494f,0.08505315553811124f,-0.17213913157626012f,-1.667607444361507f,0f,0f,0f,1f], start_interpolation: 0, interpolation_duration: 1 }
$data merge entity $(bone_6) { transformation: [-0.2885698387548804f,0.6508665762581084f,-0.7022108999944607f,0.539023152766075f,-0.09533657170872926f,0.7102335276491704f,0.697480662311036f,0.27906982603147323f,0.9527005753413865f,0.26821826207971605f,-0.14290058653178478f,-1.886246652210453f,0f,0f,0f,1f], start_interpolation: 0, interpolation_duration: 1 }
$data merge entity $(bone_12) { transformation: [-0.26110398066605545f,0.08649328480218266f,-0.9614279083553113f,0.5714581345668935f,-0.17809537447526588f,0.974563797249399f,0.13604206217691295f,0.6445312499999979f,0.9487395579772434f,0.20674698734192173f,-0.23905843292840415f,-1.8087165319572325f,0f,0f,0f,1f], start_interpolation: 0, interpolation_duration: 1 }
$data merge entity $(bone_group3) { transformation: [0.6703791641796777f,0.12750792889308774f,0.7252795193806618f,0.03283901667948297f,0.36893429680105766f,0.8690572417431173f,-0.32424651688572426f,1.462109350431359f,-0.9887062535385707f,0.3298901712218759f,0.5216257282639823f,-0.7108795900948063f,0f,0f,0f,1f], start_interpolation: 0, interpolation_duration: 1 }
$data merge entity $(bone_group1) { transformation: [-0.26670334451650707f,-0.032758446969758936f,0.9589020216402355f,0.3316463235123698f,0.4502744052805526f,0.8450114039950218f,0.2823428688002879f,1.2086508978679027f,-0.9710297735026329f,0.3950750033095799f,-0.5093897348527605f,-0.07063342996251554f,0f,0f,0f,1f], start_interpolation: 0, interpolation_duration: 1 }
$data merge entity $(bone_group4) { transformation: [0.08557504090697951f,0.0005835037291938254f,0.9609166706849857f,0.17907467421651496f,0.3758582950929911f,0.8868596018159456f,0.08608571178653912f,1.3636076204429006f,-1.099161366389667f,0.21772879262292913f,-0.13900451599043714f,-0.30619656793791267f,0f,0f,0f,1f], start_interpolation: 0, interpolation_duration: 1 }
$data merge entity $(bone_group2) { transformation: [0.6494298152990629f,0.12352330611517875f,0.7026145344000162f,0.03283901667948297f,0.35740510002602466f,0.841899202938645f,-0.3141138132330454f,1.462109350431359f,-0.9578091831154903f,0.31958110337119233f,0.5053249242557329f,-0.7108795900948063f,0f,0f,0f,1f], start_interpolation: 0, interpolation_duration: 1 }
$data merge entity $(bone_10) { transformation: [-0.15361123738211266f,0.1640470121021003f,-0.9744188860907355f,0.5330065651463507f,-0.050586548223135505f,0.9835241773057508f,0.17355458447968025f,0.9763346835103417f,0.9868356443140899f,0.07595242244602506f,-0.14278179378259653f,-1.6698314160138976f,0f,0f,0f,1f], start_interpolation: 0, interpolation_duration: 1 }
$data merge entity $(bone_9) { transformation: [-0.15361123738211266f,0.1640470121021003f,-0.9744188860907355f,0.5945241946846384f,-0.050586548223135505f,0.9835241773057508f,0.17355458447968025f,1.3451562499999983f,0.9868356443140899f,0.07595242244602506f,-0.14278179378259653f,-1.6413492575966382f,0f,0f,0f,1f], start_interpolation: 0, interpolation_duration: 1 }
$data merge entity $(bone_bone12) { transformation: [-0.35018706392297305f,0.5788730850224687f,-0.8925058286015909f,0.2553175859533487f,0.8980973754619128f,1.1704232869840598f,0.18077663747023862f,1.7315973343012747f,1.1492563353966914f,-0.738251502349978f,-0.41322288568899684f,-1.7983991380711914f,0f,0f,0f,1f], start_interpolation: 0, interpolation_duration: 1 }
$data merge entity $(bone_bone1) { transformation: [0.32604253689872265f,-1.9253754244957724f,0.6941178135623763f,1.115034806877666f,-0.6104229910921737f,1.2531879335273997f,0.6729680486699764f,0.411814285944319f,-0.7218587369276129f,-1.9293650452957436f,-0.25556695084597725f,-0.7338521222744858f,0f,0f,0f,1f], start_interpolation: 0, interpolation_duration: 1 }
$data merge entity $(bone_2) { transformation: [0.40582902435006923f,-0.5647770534535415f,0.7185608414653598f,0.5310347799226475f,-0.2588190451025206f,0.6830127018922192f,0.6830127018922194f,0.9240738123634834f,-0.8765360830492318f,-0.46316360926375233f,0.13101132075696317f,-1.1554966954748895f,0f,0f,0f,1f], start_interpolation: 0, interpolation_duration: 1 }
$data merge entity $(bone_bone2) { transformation: [0.696433208829947f,-0.5368817659878283f,0.8981562718965743f,0.6430650918021734f,-0.023141524625886256f,1.913634654331585f,0.2904594978560801f,0.8017928114817675f,-1.8746853750634562f,-0.2230703456110339f,0.3300736150588839f,-1.3527346635326192f,0f,0f,0f,1f], start_interpolation: 0, interpolation_duration: 1 }
$data merge entity $(bone_1) { transformation: [0.40582902435006923f,-0.16916889267213797f,0.8981562718965743f,0.46759644517059573f,-0.2588190451025206f,0.9212198336973717f,0.2904594978560801f,1.2695312499999978f,-0.8765360830492318f,-0.3503368432732553f,0.3300736150588839f,-1.2868730117023603f,0f,0f,0f,1f], start_interpolation: 0, interpolation_duration: 1 }
$data merge entity $(bone_4) { transformation: [-0.4216311528144665f,-0.7897692013808901f,-0.4455241626741864f,0.7169228099737545f,-0.7533441590440901f,0.5785545050175852f,-0.3126455865001291f,1.095643074291782f,0.504677866574805f,0.20381190660520276f,-0.8389046177697769f,-2.1307021491628237f,0f,0f,0f,1f], start_interpolation: 0, interpolation_duration: 1 }
$data merge entity $(bone_group5) { transformation: [-1.686524611257866f,-0.9594398917274972f,-3.336956441030909f,0.8474294148877941f,-3.0133766361763605f,1.753176752389796f,0.4166529874269871f,0.8397915330311698f,2.01871146629922f,1.8154466031921448f,-2.165899812717684f,-2.14416591359818f,0f,0f,0f,1f], start_interpolation: 0, interpolation_duration: 1 }
$data merge entity $(bone_group7) { transformation: [-1.686524611257866f,-0.9594398917274972f,-3.336956441030909f,0.8474294148877941f,-3.0133766361763605f,1.753176752389796f,0.4166529874269871f,0.8397915330311698f,2.01871146629922f,1.8154466031921448f,-2.165899812717684f,-2.14416591359818f,0f,0f,0f,1f], start_interpolation: 0, interpolation_duration: 1 }
$data merge entity $(bone_group6) { transformation: [-0.9808532115932383f,-1.6741616252691367f,-3.336956441030909f,1.0438349564021714f,-3.486249094294124f,0.011607286805684014f,0.4166529874269871f,1.0837866229039617f,0.8405321111299858f,2.5815786107281746f,-2.165899812717684f,-2.399826609649834f,0f,0f,0f,1f], start_interpolation: 0, interpolation_duration: 1 }
$data merge entity $(bone_group8) { transformation: [-0.9808532115932383f,-1.6741616252691367f,-3.336956441030909f,1.0438349564021714f,-3.486249094294124f,0.011607286805684014f,0.4166529874269871f,1.0837866229039617f,0.8405321111299858f,2.5815786107281746f,-2.165899812717684f,-2.399826609649834f,0f,0f,0f,1f], start_interpolation: 0, interpolation_duration: 1 }
$data merge entity $(bone_group9) { transformation: [-0.9808532115932383f,-1.6741616252691367f,-3.336956441030909f,1.0888087013268979f,-3.486249094294124f,0.011607286805684014f,0.4166529874269871f,1.00160646263569f,0.8405321111299858f,2.5815786107281746f,-2.165899812717684f,-2.484925669174466f,0f,0f,0f,1f], start_interpolation: 0, interpolation_duration: 1 }
$data merge entity $(bone_group10) { transformation: [-0.9808532115932383f,-1.6741616252691367f,-3.336956441030909f,1.0888087013268979f,-3.486249094294124f,0.011607286805684014f,0.4166529874269871f,1.00160646263569f,0.8405321111299858f,2.5815786107281746f,-2.165899812717684f,-2.484925669174466f,0f,0f,0f,1f], start_interpolation: 0, interpolation_duration: 1 }
$data merge entity $(bone_group11) { transformation: [-0.9808532115932383f,-1.6741616252691367f,-3.336956441030909f,1.1337824462516244f,-3.486249094294124f,0.011607286805684014f,0.4166529874269871f,0.9194263023674183f,0.8405321111299858f,2.5815786107281746f,-2.165899812717684f,-2.570024728699098f,0f,0f,0f,1f], start_interpolation: 0, interpolation_duration: 1 }
$data merge entity $(bone_group12) { transformation: [-0.9808532115932383f,-1.6741616252691367f,-3.336956441030909f,1.1337824462516244f,-3.486249094294124f,0.011607286805684014f,0.4166529874269871f,0.9194263023674183f,0.8405321111299858f,2.5815786107281746f,-2.165899812717684f,-2.570024728699098f,0f,0f,0f,1f], start_interpolation: 0, interpolation_duration: 1 }
$data merge entity $(bone_group13) { transformation: [-1.1591112589314116f,-1.3714670464152947f,-1.3347825764123638f,0.9194580229722746f,-3.1137079562187395f,0.8565085388818572f,0.16666119497079485f,1.0104405753813825f,1.186836087401226f,2.2777566195403938f,-0.8663599250870736f,-2.3088803164964316f,0f,0f,0f,1f], start_interpolation: 0, interpolation_duration: 1 }
$data merge entity $(bone_group14) { transformation: [-1.1591112589314116f,-1.3714670464152947f,-1.3347825764123638f,0.9194580229722746f,-3.1137079562187395f,0.8565085388818572f,0.16666119497079485f,1.0104405753813825f,1.186836087401226f,2.2777566195403938f,-0.8663599250870736f,-2.3088803164964316f,0f,0f,0f,1f], start_interpolation: 0, interpolation_duration: 1 }
$data merge entity $(bone_group15) { transformation: [-1.098185489494553f,-1.4207214366821748f,-1.3347825764123638f,0.9631146902742073f,-3.1481047739248185f,0.7198752990547611f,0.16666119497079485f,0.9758176781220117f,1.0863521341156746f,2.327357762983649f,-0.8663599250870736f,-2.382801616910936f,0f,0f,0f,1f], start_interpolation: 0, interpolation_duration: 1 }
$data merge entity $(bone_group16) { transformation: [-1.098185489494553f,-1.4207214366821748f,-1.3347825764123638f,0.9631146902742073f,-3.1481047739248185f,0.7198752990547611f,0.16666119497079485f,0.9758176781220117f,1.0863521341156746f,2.327357762983649f,-0.8663599250870736f,-2.382801616910936f,0f,0f,0f,1f], start_interpolation: 0, interpolation_duration: 1 }
$data merge entity $(bone_group17) { transformation: [-0.970182530104207f,-1.5110283346996685f,-1.3347825764123638f,1.0374675123106636f,-3.1988665511960273f,0.4427605463866964f,0.16666119497079485f,0.9629661970796872f,0.8793756417943194f,2.4131832911813316f,-0.8663599250870736f,-2.499827683806654f,0f,0f,0f,1f], start_interpolation: 0, interpolation_duration: 1 }
$data merge entity $(bone_group18) { transformation: [-0.970182530104207f,-1.5110283346996685f,-1.3347825764123638f,1.0374675123106636f,-3.1988665511960273f,0.4427605463866964f,0.16666119497079485f,0.9629661970796872f,0.8793756417943194f,2.4131832911813316f,-0.8663599250870736f,-2.499827683806654f,0f,0f,0f,1f], start_interpolation: 0, interpolation_duration: 1 }
$data merge entity $(bone_group19) { transformation: [-0.970182530104207f,-1.5110283346996685f,-1.3347825764123638f,1.0824412572353899f,-3.1988665511960273f,0.4427605463866964f,0.16666119497079485f,0.8807860368114153f,0.8793756417943194f,2.4131832911813316f,-0.8663599250870736f,-2.5849267433312857f,0f,0f,0f,1f], start_interpolation: 0, interpolation_duration: 1 }
$data merge entity $(bone_group20) { transformation: [-0.970182530104207f,-1.5110283346996685f,-1.3347825764123638f,1.0824412572353899f,-3.1988665511960273f,0.4427605463866964f,0.16666119497079485f,0.8807860368114153f,0.8793756417943194f,2.4131832911813316f,-0.8663599250870736f,-2.5849267433312857f,0f,0f,0f,1f], start_interpolation: 0, interpolation_duration: 1 }
$data merge entity $(bone_bone11) { transformation: [-0.4790737771098782f,-0.2157985988006405f,-0.8342391102577272f,0.643799029412621f,-0.3675106726878184f,1.3602975777829704f,0.10416324685674677f,1.035552140768182f,0.6674010949543174f,0.594156094501658f,-0.541474953179421f,-1.9718887998350372f,0f,0f,0f,1f], start_interpolation: 0, interpolation_duration: 1 }
$data merge entity $(bone_3) { transformation: [-0.4216311528144665f,-0.35534810804722117f,-0.8342391102577272f,0.6374988125927896f,-0.7533441590440901f,0.6493247231073318f,0.10416324685674677f,1.2851562499999978f,0.504677866574805f,0.6723876308119054f,-0.541474953179421f,-1.9141659789786822f,0f,0f,0f,1f], start_interpolation: 0, interpolation_duration: 1 }
$data merge entity $(bone_8) { transformation: [-0.34864134106685774f,0.09868504277567308f,-0.9320463924244689f,0.6520811799891365f,0.14079040147353034f,0.9886720119552077f,0.05201649382036139f,0.39676219069383223f,0.9266214319515955f,-0.11308808561826983f,-0.3585858429151516f,-1.4160805352322945f,0f,0f,0f,1f], start_interpolation: 0, interpolation_duration: 1 }
$data merge entity $(bone_7) { transformation: [-0.34864134106685774f,-0.5732357304608174f,-0.7415187203450473f,0.4434451676378392f,0.14079040147353034f,0.7501511163263477f,-0.6461047635850216f,0.6445312499999979f,0.9266214319515955f,-0.32965754958348464f,-0.18082760256826738f,-1.5322257491917464f,0f,0f,0f,1f], start_interpolation: 0, interpolation_duration: 1 }