# This file was generated by Animated Java via MC-Build. It is not recommended to edit this file directly.
$data merge entity $(bone_layer) { transformation: [0.9882196902491052f,0.07219944282577978f,-0.1349410399382252f,0.6250000000000002f,-0.01305788617228977f,0.9182880842047623f,0.3956974677910625f,1.203125f,0.15248388574755783f,-0.38927398431335536f,0.9084131382383961f,-2.1875f,0f,0f,0f,1f], start_interpolation: 0, interpolation_duration: 1 }
$data merge entity $(bone_head) { transformation: [0.9882196902491052f,0.07219944282577978f,-0.1349410399382252f,0.6250000000000002f,-0.01305788617228977f,0.9182880842047623f,0.3956974677910625f,1.203125f,0.15248388574755783f,-0.38927398431335536f,0.9084131382383961f,-2.1875f,0f,0f,0f,1f], start_interpolation: 0, interpolation_duration: 1 }
$data merge entity $(bone_6) { transformation: [0.8340195252783228f,0.5515474378817242f,-0.01438246225884296f,0.3679945551124073f,-0.004781208192320783f,0.03329168986521819f,0.9994342416758291f,0.12036463561536959f,0.5517142118005871f,-0.8334789062429979f,0.030402982505556064f,-2.202997237320711f,0f,0f,0f,1f], start_interpolation: 0, interpolation_duration: 1 }
$data merge entity $(bone_12) { transformation: [0.8196663500894797f,0.3730423580095226f,-0.43472574534030733f,0.5078854393659783f,-0.1783454900571833f,0.8873609716923478f,0.4251863028055761f,0.453125f,0.5443711607967984f,-0.27097952883549564f,0.7938703510302166f,-2.304614560634022f,0f,0f,0f,1f], start_interpolation: 0, interpolation_duration: 1 }
$data merge entity $(bone_group3) { transformation: [-0.9634955773866392f,0.08635891687796428f,0.6815587276503436f,1.1900236866897558f,0.24060145879546768f,0.9595179050108389f,-0.1812399793581133f,1.3721216817081479f,-0.6802843710566769f,-0.05738866391072239f,-0.6847414774090291f,-1.602536049958374f,0f,0f,0f,1f], start_interpolation: 0, interpolation_duration: 1 }
$data merge entity $(bone_group1) { transformation: [-0.1701327507260902f,0.4424079034091869f,-1.0842665647965752f,2.2384718151750658f,0.08537540908749297f,0.8218864047521877f,0.5732585623741631f,1.233457375793119f,0.9156639843417832f,0.00637126847557927f,-0.3105962811288624f,-2.3937494734946196f,0f,0f,0f,1f], start_interpolation: 0, interpolation_duration: 1 }
$data merge entity $(bone_group4) { transformation: [-0.9012518823126392f,0.13418800873163456f,-0.6956227451169887f,2.055746840400328f,0.15741755499365034f,0.9003387201613994f,0.33733660636854257f,1.3434918258044493f,0.4527670762909355f,0.1257938986455463f,-0.8103132941247828f,-1.8483454741921952f,0f,0f,0f,1f], start_interpolation: 0, interpolation_duration: 1 }
$data merge entity $(bone_group2) { transformation: [-0.9333863405933068f,0.0836602007255279f,0.6602600174112705f,1.1900236866897558f,0.23308266320810933f,0.9295329704792503f,-0.17557623000317227f,1.3721216817081479f,-0.6590254844611558f,-0.05559526816351232f,-0.663343306239997f,-1.602536049958374f,0f,0f,0f,1f], start_interpolation: 0, interpolation_duration: 1 }
$data merge entity $(bone_10) { transformation: [0.9762960071199334f,0f,-0.21643961393810313f,0.6250000000000002f,0f,1f,0f,0.828125f,0.21643961393810313f,0f,0.9762960071199334f,-2.1875f,0f,0f,0f,1f], start_interpolation: 0, interpolation_duration: 1 }
$data merge entity $(bone_9) { transformation: [0.9762960071199334f,0f,-0.21643961393810313f,0.6250000000000002f,0f,1f,0f,1.203125f,0.21643961393810313f,0f,0.9762960071199334f,-2.1875f,0f,0f,0f,1f], start_interpolation: 0, interpolation_duration: 1 }
$data merge entity $(bone_bone12) { transformation: [0.8414782901953963f,-0.645689001865319f,-0.7071067811865478f,0.31564078323088557f,0.913142143513081f,1.1900300104368529f,0f,1.515625f,0.8414782901953969f,-0.6456890018653194f,0.7071067811865474f,-1.8781407832308856f,0f,0f,0f,1f], start_interpolation: 0, interpolation_duration: 1 }
$data merge entity $(bone_bone1) { transformation: [-0.5653012974821282f,-2.474652526310287f,-0.0007349687303704888f,1.7208005672448827f,-0.6104229910921737f,1.2531879335273997f,0.6729680486699764f,0.22040803594432123f,-0.554813675940947f,1.1426350586637168f,-0.7396711872787052f,-2.4279494605304497f,0f,0f,0f,1f], start_interpolation: 0, interpolation_duration: 1 }
$data merge entity $(bone_2) { transformation: [-0.683012701892219f,-0.6294095225512604f,0.37059047744873974f,1.1237434253314373f,-0.2588190451025206f,0.6830127018922192f,0.6830127018922194f,0.7326675623634856f,-0.6830127018922194f,0.3705904774487396f,-0.6294095225512599f,-2.025006602443895f,0f,0f,0f,1f], start_interpolation: 0, interpolation_duration: 1 }
$data merge entity $(bone_bone2) { transformation: [-1.5198949296787854f,-0.3944082321981875f,0.6193467423646909f,0.9771885889814098f,-0.023141524625886256f,1.913634654331585f,0.2904594978560801f,0.6103865614817697f,-1.2997630063110381f,0.42713529017810736f,-0.7294127040485644f,-2.198140327540372f,0f,0f,0f,1f], start_interpolation: 0, interpolation_duration: 1 }
$data merge entity $(bone_1) { transformation: [-0.683012701892219f,-0.38717342596843557f,0.6193467423646909f,0.978553390593274f,-0.2588190451025206f,0.9212198336973717f,0.2904594978560801f,1.078125f,-0.6830127018922194f,0.03808879397475237f,-0.7294127040485644f,-2.010723304703363f,0f,0f,0f,1f], start_interpolation: 0, interpolation_duration: 1 }
$data merge entity $(bone_4) { transformation: [0.028093914683116908f,0.5303036935197357f,-0.8473421532044205f,0.1601361303739211f,-0.9626684525095639f,0.24265632344163351f,0.11994731858874773f,1.0501119060729256f,0.2692214376691035f,0.8123397696365204f,0.5173238020488384f,-2.3378792691476327f,0f,0f,0f,1f], start_interpolation: 0, interpolation_duration: 1 }
$data merge entity $(bone_group5) { transformation: [0.11237565873246763f,2.26454571400889f,-2.17534706633434f,0.04772651871371686f,-3.8506738100382556f,0.4569193482112854f,0.8450407299377602f,0.8594907839656327f,1.076885750676414f,1.3975183069978512f,3.2486568464115813f,-2.521457386191438f,0f,0f,0f,1f], start_interpolation: 0, interpolation_duration: 1 }
$data merge entity $(bone_group7) { transformation: [0.11237565873246763f,2.26454571400889f,-2.17534706633434f,0.04772651871371686f,-3.8506738100382556f,0.4569193482112854f,0.8450407299377602f,0.8594907839656327f,1.076885750676414f,1.3975183069978512f,3.2486568464115813f,-2.521457386191438f,0f,0f,0f,1f], start_interpolation: 0, interpolation_duration: 1 }
$data merge entity $(bone_group6) { transformation: [-1.0349526817751171f,2.0173419457291026f,-2.17534706633434f,-0.03322353554327412f,-3.563241015286186f,-1.5296331419875266f,0.8450407299377602f,1.226279238568732f,0.23385126356032437f,1.748729231452166f,3.2486568464115813f,-2.671071725112761f,0f,0f,0f,1f], start_interpolation: 0, interpolation_duration: 1 }
$data merge entity $(bone_group8) { transformation: [-1.0349526817751171f,2.0173419457291026f,-2.17534706633434f,-0.03322353554327412f,-3.563241015286186f,-1.5296331419875266f,0.8450407299377602f,1.226279238568732f,0.23385126356032437f,1.748729231452166f,3.2486568464115813f,-2.671071725112761f,0f,0f,0f,1f], start_interpolation: 0, interpolation_duration: 1 }
$data merge entity $(bone_group9) { transformation: [-1.0349526817751171f,2.0173419457291026f,-2.17534706633434f,-0.1393741158874408f,-3.563241015286186f,-1.5296331419875266f,0.8450407299377602f,1.204861144121328f,0.23385126356032437f,1.748729231452166f,3.2486568464115813f,-2.7365803957532853f,0f,0f,0f,1f], start_interpolation: 0, interpolation_duration: 1 }
$data merge entity $(bone_group10) { transformation: [-1.0349526817751171f,2.0173419457291026f,-2.17534706633434f,-0.1393741158874408f,-3.563241015286186f,-1.5296331419875266f,0.8450407299377602f,1.204861144121328f,0.23385126356032437f,1.748729231452166f,3.2486568464115813f,-2.7365803957532853f,0f,0f,0f,1f], start_interpolation: 0, interpolation_duration: 1 }
$data merge entity $(bone_group11) { transformation: [-1.0349526817751171f,2.0173419457291026f,-2.17534706633434f,-0.2455246962316075f,-3.563241015286186f,-1.5296331419875266f,0.8450407299377602f,1.183443049673924f,0.23385126356032437f,1.748729231452166f,3.2486568464115813f,-2.8020890663938096f,0f,0f,0f,1f], start_interpolation: 0, interpolation_duration: 1 }
$data merge entity $(bone_group12) { transformation: [-1.0349526817751171f,2.0173419457291026f,-2.17534706633434f,-0.2455246962316075f,-3.563241015286186f,-1.5296331419875266f,0.8450407299377602f,1.183443049673924f,0.23385126356032437f,1.748729231452166f,3.2486568464115813f,-2.8020890663938096f,0f,0f,0f,1f], start_interpolation: 0, interpolation_duration: 1 }
$data merge entity $(bone_group13) { transformation: [-0.584504915918831f,2.190148444268094f,-0.8701388265337361f,-0.005987449773061038f,-3.442605893905014f,-0.6063562244960128f,0.33801629197510413f,1.0980898014775569f,0.5040979151677455f,1.6242801099335344f,1.2994627385646327f,-2.561773251449496f,0f,0f,0f,1f], start_interpolation: 0, interpolation_duration: 1 }
$data merge entity $(bone_group14) { transformation: [-0.584504915918831f,2.190148444268094f,-0.8701388265337361f,-0.005987449773061038f,-3.442605893905014f,-0.6063562244960128f,0.33801629197510413f,1.0980898014775569f,0.5040979151677455f,1.6242801099335344f,1.2994627385646327f,-2.561773251449496f,0f,0f,0f,1f], start_interpolation: 0, interpolation_duration: 1 }
$data merge entity $(bone_group15) { transformation: [-0.6794815301326793f,2.1625681619019055f,-0.8701388265337361f,-0.08037449963222365f,-3.4128804088753517f,-0.7559434677602628f,0.33801629197510413f,1.1117729689265954f,0.43276802234645695f,1.6447225974116422f,1.2994627385646327f,-2.6151431494382313f,0f,0f,0f,1f], start_interpolation: 0, interpolation_duration: 1 }
$data merge entity $(bone_group16) { transformation: [-0.6794815301326793f,2.1625681619019055f,-0.8701388265337361f,-0.08037449963222365f,-3.4128804088753517f,-0.7559434677602628f,0.33801629197510413f,1.1117729689265954f,0.43276802234645695f,1.6447225974116422f,1.2994627385646327f,-2.6151431494382313f,0f,0f,0f,1f], start_interpolation: 0, interpolation_duration: 1 }
$data merge entity $(bone_group17) { transformation: [-0.8653761321624405f,2.0951182197066607f,-0.8701388265337361f,-0.1777976783228444f,-3.3340085541349276f,-1.0505190015843249f,0.33801629197510413f,1.170288050852149f,0.287774189773921f,1.676182149798203f,1.2994627385646327f,-2.6956000477373108f,0f,0f,0f,1f], start_interpolation: 0, interpolation_duration: 1 }
$data merge entity $(bone_group18) { transformation: [-0.8653761321624405f,2.0951182197066607f,-0.8701388265337361f,-0.1777976783228444f,-3.3340085541349276f,-1.0505190015843249f,0.33801629197510413f,1.170288050852149f,0.287774189773921f,1.676182149798203f,1.2994627385646327f,-2.6956000477373108f,0f,0f,0f,1f], start_interpolation: 0, interpolation_duration: 1 }
$data merge entity $(bone_group19) { transformation: [-0.8653761321624405f,2.0951182197066607f,-0.8701388265337361f,-0.28394825866701107f,-3.3340085541349276f,-1.0505190015843249f,0.33801629197510413f,1.1488699564047449f,0.287774189773921f,1.676182149798203f,1.2994627385646327f,-2.761108718377835f,0f,0f,0f,1f], start_interpolation: 0, interpolation_duration: 1 }
$data merge entity $(bone_group20) { transformation: [-0.8653761321624405f,2.0951182197066607f,-0.8701388265337361f,-0.28394825866701107f,-3.3340085541349276f,-1.0505190015843249f,0.33801629197510413f,1.1488699564047449f,0.287774189773921f,1.676182149798203f,1.2994627385646327f,-2.761108718377835f,0f,0f,0f,1f], start_interpolation: 0, interpolation_duration: 1 }
$data merge entity $(bone_bone11) { transformation: [0.3419283513766829f,1.1223990616426538f,-0.543836766583585f,0.2601507630130927f,-0.7208590364606297f,0.8403227705658561f,0.21126018248444006f,0.9089583348118928f,0.41646998940845187f,0.532989669404776f,0.8121642116028953f,-2.2726686099092226f,0f,0f,0f,1f], start_interpolation: 0, interpolation_duration: 1 }
$data merge entity $(bone_3) { transformation: [0.028093914683116908f,0.8387206348181072f,-0.543836766583585f,0.42612621779128373f,-0.9626684525095639f,0.169229388226402f,0.21126018248444006f,1.09375f,0.2692214376691035f,0.5175993729621671f,0.8121642116028953f,-2.20959708691208f,0f,0f,0f,1f], start_interpolation: 0, interpolation_duration: 1 }
$data merge entity $(bone_8) { transformation: [0.8620818780529806f,-0.10244603362448096f,-0.4963060000919368f,0.9210205592807136f,0.1677946973764636f,0.9818147992228321f,0.08879549290009464f,0.3758298756248089f,0.4781838297820066f,-0.1598265003735034f,0.8635946472236679f,-2.3100579860289234f,0f,0f,0f,1f], start_interpolation: 0, interpolation_duration: 1 }
$data merge entity $(bone_7) { transformation: [0.8620818780529806f,-0.5059097678282554f,-0.02949817534368221f,0.7620019388548938f,0.1677946973764636f,0.3398822286526455f,-0.9253783065203396f,0.453125f,0.4781838297820066f,0.79280223098959f,0.3778952863862443f,-2.0504980611451065f,0f,0f,0f,1f], start_interpolation: 0, interpolation_duration: 1 }