# This file was generated by Animated Java via MC-Build. It is not recommended to edit this file directly.
$data merge entity $(bone_layer) { transformation: [-0.8158619151940789f,-0.21650927368047942f,0.5361838022042448f,0.5627018047129666f,0.0009090289517027228f,0.9267763737729009f,0.375612468752992f,1.202375f,-0.5782460626776583f,0.30693531472722985f,-0.7559247340648948f,-4.235409213957904f,0f,0f,0f,1f], start_interpolation: 0, interpolation_duration: 1 }
$data merge entity $(bone_head) { transformation: [-0.8158619151940789f,-0.21650927368047942f,0.5361838022042448f,0.5627018047129666f,0.0009090289517027228f,0.9267763737729009f,0.375612468752992f,1.202375f,-0.5782460626776583f,0.30693531472722985f,-0.7559247340648948f,-4.235409213957904f,0f,0f,0f,1f], start_interpolation: 0, interpolation_duration: 1 }
$data merge entity $(bone_6) { transformation: [-0.9946442265684927f,-0.09894886324887467f,0.029866118189688363f,0.7077202648528859f,-0.10207949412199264f,0.9857440339944661f,-0.13374780867032937f,0.08634144844905678f,-0.01620615419410181f,-0.1360802039463215f,-0.990565262191323f,-4.116690564523179f,0f,0f,0f,1f], start_interpolation: 0, interpolation_duration: 1 }
$data merge entity $(bone_12) { transformation: [-0.9953509253366501f,-0.08475686773192474f,0.045747227279335924f,0.6759364394534141f,-0.09345757827654937f,0.9647561374691819f,-0.24599039875212142f,0.448125f,-0.023285542599579913f,-0.2491221960962492f,-0.9681920857546942f,-4.210111388059272f,0f,0f,0f,1f], start_interpolation: 0, interpolation_duration: 1 }
$data merge entity $(bone_group3) { transformation: [1.001579161373057f,-0.39617281868914916f,-0.40193103517441553f,-0.7231564753668884f,0.29010247978710446f,0.8178718107537568f,-0.38942386319204686f,1.3683903803497428f,0.7186320726005825f,0.21284480518931054f,0.7473585024414114f,-4.703374604984317f,0f,0f,0f,1f], start_interpolation: 0, interpolation_duration: 1 }
$data merge entity $(bone_group1) { transformation: [0.94331588455872f,-0.41168176115017785f,-0.512187021776935f,-0.6394243020581363f,0.2371720835802729f,0.8039284731817953f,-0.4496366373033383f,1.4095282747239062f,0.8070710935691023f,0.2353929227150433f,0.6430444151834277f,-4.711437291444261f,0f,0f,0f,1f], start_interpolation: 0, interpolation_duration: 1 }
$data merge entity $(bone_group4) { transformation: [0.9283039789592199f,-0.4144761891941561f,-0.4547639834237582f,-0.6756790271964189f,0.26365160954846173f,0.7753211603819545f,-0.4224072049341363f,1.382741116018559f,0.7563779601905634f,0.21251851981169986f,0.658850893699034f,-4.723032857994761f,0f,0f,0f,1f], start_interpolation: 0, interpolation_duration: 1 }
$data merge entity $(bone_group2) { transformation: [0.9702798125801491f,-0.3837924181051133f,-0.3893706903252151f,-0.7231564753668884f,0.2810367772937575f,0.792313316667702f,-0.37725436746729546f,1.3683903803497428f,0.6961748203318143f,0.20619340502714462f,0.7240035492401174f,-4.703374604984317f,0f,0f,0f,1f], start_interpolation: 0, interpolation_duration: 1 }
$data merge entity $(bone_10) { transformation: [-0.9829271938313431f,-0.05627341702453927f,0.1751782925000231f,0.5538545888813051f,0.013299994415770327f,0.9278613731389636f,0.3726880496946709f,0.7465387065030207f,-0.18351360106374087f,0.36865508917287343f,-0.9112717396317955f,-4.177232997481184f,0f,0f,0f,1f], start_interpolation: 0, interpolation_duration: 1 }
$data merge entity $(bone_9) { transformation: [-0.9829271938313431f,-0.05504908042256625f,0.17556688290070877f,0.5332050102891059f,0.013299994415770327f,0.9304405940966669f,0.3662013257834849f,1.096225f,-0.18351360106374087f,0.3622842800918519f,-0.9138232097199911f,-4.041287443878614f,0f,0f,0f,1f], start_interpolation: 0, interpolation_duration: 1 }
$data merge entity $(bone_bone12) { transformation: [-1.218242449613094f,0.8461937868167275f,0.14883459740180557f,0.5765443202473807f,0.8608174024612453f,1.0896799312110828f,0.3780599876772551f,1.5521561538741784f,0.15772993875787317f,0.588688137020423f,-0.9137389716618833f,-4.326508388304687f,0f,0f,0f,1f], start_interpolation: 0, interpolation_duration: 1 }
$data merge entity $(bone_bone1) { transformation: [0.7855177343940427f,1.3201269181440602f,0.4351145341635828f,-0.158980918558701f,-0.6093278057947451f,1.2815367363891799f,0.6680103308460317f,0.3398958699967405f,0.10808105309355648f,-2.369584038027864f,0.6036866240381545f,-3.5167487506110904f,0f,0f,0f,1f], start_interpolation: 0, interpolation_duration: 1 }
$data merge entity $(bone_2) { transformation: [0.9551913984909239f,0.28753564400567405f,0.07023279629344287f,0.08383367040958344f,-0.25760772938670184f,0.6907345374681343f,0.6756656395798963f,0.859830385333871f,0.1457657367462662f,-0.6634825183642182f,0.7338550932002134f,-4.189027840829808f,0f,0f,0f,1f], start_interpolation: 0, interpolation_duration: 1 }
$data merge entity $(bone_bone2) { transformation: [1.9948749402064294f,0.06382230478386935f,-0.06403258223059914f,0.30428910999762293f,-0.022373531262000423f,1.9071405155158896f,0.3009628212822374f,0.7365180965247087f,0.14132727279356663f,-0.5989505551294384f,0.9514836880465783f,-4.1365006708633025f,0f,0f,0f,1f], start_interpolation: 0, interpolation_duration: 1 }
$data merge entity $(bone_1) { transformation: [0.9551913984909239f,0.288979619803604f,-0.06403258223059914f,0.19191984403896867f,-0.25760772938670184f,0.9181827911511214f,0.3009628212822374f,1.2026249999999998f,0.1457657367462662f,-0.2709818100391623f,0.9514836880465783f,-4.291496646942003f,0f,0f,0f,1f], start_interpolation: 0, interpolation_duration: 1 }
$data merge entity $(bone_4) { transformation: [-0.8988328806052788f,0.20041077399450458f,0.3897883713115877f,1.0136990416128453f,-0.3083354644691152f,0.3429192452598905f,-0.887319352083004f,0.8807463463879512f,-0.3114942922325088f,-0.9177373877625944f,-0.24643334394772498f,-4.083703021020127f,0f,0f,0f,1f], start_interpolation: 0, interpolation_duration: 1 }
$data merge entity $(bone_group5) { transformation: [-3.595331522421115f,-0.48867270010571273f,1.5967071759023654f,0.8849324492335043f,-1.2333418578764608f,2.45265272674366f,-1.129651508172221f,0.6753309293550318f,-1.2459771689300352f,-1.0176903233146533f,-3.489185243650173f,-3.9291167047544393f,0f,0f,0f,1f], start_interpolation: 0, interpolation_duration: 1 }
$data merge entity $(bone_group7) { transformation: [-3.595331522421115f,-0.48867270010571273f,1.5967071759023654f,0.8849324492335043f,-1.2333418578764608f,2.45265272674366f,-1.129651508172221f,0.6753309293550318f,-1.2459771689300352f,-1.0176903233146533f,-3.489185243650173f,-3.9291167047544393f,0f,0f,0f,1f], start_interpolation: 0, interpolation_duration: 1 }
$data merge entity $(bone_group6) { transformation: [-2.869312083390811f,-2.220868733638039f,1.5967071759023654f,1.2556248485625527f,-2.2944317438435418f,1.5073886390829525f,-1.129651508172221f,0.7216880131763135f,-0.570202719171499f,-1.504334257641106f,-3.489185243650173f,-3.7744903875103692f,0f,0f,0f,1f], start_interpolation: 0, interpolation_duration: 1 }
$data merge entity $(bone_group8) { transformation: [-2.869312083390811f,-2.220868733638039f,1.5967071759023654f,1.2556248485625527f,-2.2944317438435418f,1.5073886390829525f,-1.129651508172221f,0.7216880131763135f,-0.570202719171499f,-1.504334257641106f,-3.489185243650173f,-3.7744903875103692f,0f,0f,0f,1f], start_interpolation: 0, interpolation_duration: 1 }
$data merge entity $(bone_group9) { transformation: [-2.869312083390811f,-2.220868733638039f,1.5967071759023654f,1.278531381380008f,-2.2944317438435418f,1.5073886390829525f,-1.129651508172221f,0.6067199166102044f,-0.570202719171499f,-1.504334257641106f,-3.489185243650173f,-3.7267861536049955f,0f,0f,0f,1f], start_interpolation: 0, interpolation_duration: 1 }
$data merge entity $(bone_group10) { transformation: [-2.869312083390811f,-2.220868733638039f,1.5967071759023654f,1.278531381380008f,-2.2944317438435418f,1.5073886390829525f,-1.129651508172221f,0.6067199166102044f,-0.570202719171499f,-1.504334257641106f,-3.489185243650173f,-3.7267861536049955f,0f,0f,0f,1f], start_interpolation: 0, interpolation_duration: 1 }
$data merge entity $(bone_group11) { transformation: [-2.869312083390811f,-2.220868733638039f,1.5967071759023654f,1.3014379141974635f,-2.2944317438435418f,1.5073886390829525f,-1.129651508172221f,0.4917518200440953f,-0.570202719171499f,-1.504334257641106f,-3.489185243650173f,-3.679081919699621f,0f,0f,0f,1f], start_interpolation: 0, interpolation_duration: 1 }
$data merge entity $(bone_group12) { transformation: [-2.869312083390811f,-2.220868733638039f,1.5967071759023654f,1.3014379141974635f,-2.2944317438435418f,1.5073886390829525f,-1.129651508172221f,0.4917518200440953f,-0.570202719171499f,-1.504334257641106f,-3.489185243650173f,-3.679081919699621f,0f,0f,0f,1f], start_interpolation: 0, interpolation_duration: 1 }
$data merge entity $(bone_group13) { transformation: [-2.9390890398620018f,-1.4390787733980241f,0.6386828703609462f,1.125833139666491f,-1.7961600314334698f,2.005350735302944f,-0.4518606032688884f,0.7135261218166694f,-0.7634532093083806f,-1.3077938166300875f,-1.3956740974600692f,-3.8849801532184536f,0f,0f,0f,1f], start_interpolation: 0, interpolation_duration: 1 }
$data merge entity $(bone_group14) { transformation: [-2.9390890398620018f,-1.4390787733980241f,0.6386828703609462f,1.125833139666491f,-1.7961600314334698f,2.005350735302944f,-0.4518606032688884f,0.7135261218166694f,-0.7634532093083806f,-1.3077938166300875f,-1.3956740974600692f,-3.8849801532184536f,0f,0f,0f,1f], start_interpolation: 0, interpolation_duration: 1 }
$data merge entity $(bone_group15) { transformation: [-2.8735199438787817f,-1.5659103526104512f,0.6386828703609462f,1.1683385625185423f,-1.8819226556065622f,1.925094685571046f,-0.4518606032688884f,0.6429977460194038f,-0.7056814059389205f,-1.3398504479721702f,-1.3956740974600692f,-3.842694866118992f,0f,0f,0f,1f], start_interpolation: 0, interpolation_duration: 1 }
$data merge entity $(bone_group16) { transformation: [-2.8735199438787817f,-1.5659103526104512f,0.6386828703609462f,1.1683385625185423f,-1.8819226556065622f,1.925094685571046f,-0.4518606032688884f,0.6429977460194038f,-0.7056814059389205f,-1.3398504479721702f,-1.3956740974600692f,-3.842694866118992f,0f,0f,0f,1f], start_interpolation: 0, interpolation_duration: 1 }
$data merge entity $(bone_group17) { transformation: [-2.726107253094921f,-1.810395355966472f,0.6386828703609462f,1.2614336616690789f,-2.0425444289145096f,1.7537487522474366f,-0.4518606032688884f,0.5648297808751396f,-0.586220414174484f,-1.3962560995835447f,-1.3956740974600692f,-3.774785553192088f,0f,0f,0f,1f], start_interpolation: 0, interpolation_duration: 1 }
$data merge entity $(bone_group18) { transformation: [-2.726107253094921f,-1.810395355966472f,0.6386828703609462f,1.2614336616690789f,-2.0425444289145096f,1.7537487522474366f,-0.4518606032688884f,0.5648297808751396f,-0.586220414174484f,-1.3962560995835447f,-1.3956740974600692f,-3.774785553192088f,0f,0f,0f,1f], start_interpolation: 0, interpolation_duration: 1 }
$data merge entity $(bone_group19) { transformation: [-2.726107253094921f,-1.810395355966472f,0.6386828703609462f,1.2843401944865342f,-2.0425444289145096f,1.7537487522474366f,-0.4518606032688884f,0.4498616843090305f,-0.586220414174484f,-1.3962560995835447f,-1.3956740974600692f,-3.7270813192867136f,0f,0f,0f,1f], start_interpolation: 0, interpolation_duration: 1 }
$data merge entity $(bone_group20) { transformation: [-2.726107253094921f,-1.810395355966472f,0.6386828703609462f,1.2843401944865342f,-2.0425444289145096f,1.7537487522474366f,-0.4518606032688884f,0.4498616843090305f,-0.586220414174484f,-1.3962560995835447f,-1.3956740974600692f,-3.7270813192867136f,0f,0f,0f,1f], start_interpolation: 0, interpolation_duration: 1 }
$data merge entity $(bone_bone11) { transformation: [-0.801997984069703f,0.32374596582960896f,0.39917679397559136f,0.8438143271195293f,0.09400979478886817f,1.4303835554540072f,-0.28241287704305523f,0.9265558854841802f,-0.39744357087753635f,-0.3149467159628859f,-0.8722963109125432f,-4.140451214024976f,0f,0f,0f,1f], start_interpolation: 0, interpolation_duration: 1 }
$data merge entity $(bone_3) { transformation: [-0.8988328806052788f,-0.18098988892804174f,0.39917679397559136f,0.9474933935255956f,-0.3083354644691152f,0.908389898793948f,-0.28241287704305523f,1.1592500000000001f,-0.3114942922325088f,-0.37692234196839003f,-0.8722963109125432f,-4.168342581575976f,0f,0f,0f,1f], start_interpolation: 0, interpolation_duration: 1 }
$data merge entity $(bone_8) { transformation: [-0.948432827005552f,0.09219086946497193f,0.3032754791366245f,0.3876743542258785f,0.10231866888195619f,0.9945952543480338f,0.017640012091674956f,0.07291986384960963f,-0.3000101042573088f,0.04776110986631629f,-0.9527396358543379f,-4.222773741216459f,0f,0f,0f,1f], start_interpolation: 0, interpolation_duration: 1 }
$data merge entity $(bone_7) { transformation: [-0.948432827005552f,0.12937341045658945f,0.2893746590928229f,0.435694065482101f,0.10231866888195619f,0.9890007973246678f,-0.10680970409750151f,0.448125f,-0.3000101042573088f,-0.07169339968227234f,-0.9512381372640168f,-4.2466162062156165f,0f,0f,0f,1f], start_interpolation: 0, interpolation_duration: 1 }