# This file was generated by Animated Java via MC-Build. It is not recommended to edit this file directly.
$data merge entity $(bone_layer) { transformation: [-0.790850725776829f,-0.2225702941219177f,0.5701031430475945f,0.5635520026731061f,0.0009797163281704407f,0.9310656381549508f,0.36485040441670136f,1.200875f,-0.6120083085172776f,0.28910074649090284f,-0.7361158799293922f,-4.331155470283576f,0f,0f,0f,1f], start_interpolation: 0, interpolation_duration: 1 }
$data merge entity $(bone_head) { transformation: [-0.790850725776829f,-0.2225702941219177f,0.5701031430475945f,0.5635520026731061f,0.0009797163281704407f,0.9310656381549508f,0.36485040441670136f,1.200875f,-0.6120083085172776f,0.28910074649090284f,-0.7361158799293922f,-4.331155470283576f,0f,0f,0f,1f], start_interpolation: 0, interpolation_duration: 1 }
$data merge entity $(bone_6) { transformation: [-0.9942994751673735f,-0.09570079965333424f,0.04700968652945755f,0.7027393118123187f,-0.10271059626314913f,0.9780361068140447f,-0.18137228890680895f,0.0804219357685228f,-0.028619697712482118f,-0.18516676460352965f,-0.9822902738952002f,-4.179383582586809f,0f,0f,0f,1f], start_interpolation: 0, interpolation_duration: 1 }
$data merge entity $(bone_12) { transformation: [-0.9949467035213464f,-0.0787215110586733f,0.062321592154286835f,0.6732187451653162f,-0.09334399923961459f,0.9538748379506058f,-0.28532383589644306f,0.438125f,-0.03698587511416917f,-0.28969935661189294f,-0.9564028062593158f,-4.288020841316269f,0f,0f,0f,1f], start_interpolation: 0, interpolation_duration: 1 }
$data merge entity $(bone_group3) { transformation: [1.0030876421618165f,-0.3898664874614399f,-0.40450322813464396f,-0.7252414859789351f,0.2800507563813064f,0.8206986468220051f,-0.38699713197560304f,1.3726241993621509f,0.720385529731665f,0.21364060029444845f,0.7473446436876002f,-4.7936234061319904f,0f,0f,0f,1f], start_interpolation: 0, interpolation_duration: 1 }
$data merge entity $(bone_group1) { transformation: [0.9361921924533769f,-0.40784559142975324f,-0.5282136971106248f,-0.6308192835623895f,0.22051386857270217f,0.8048848840846482f,-0.45307331894705294f,1.4181112545099739f,0.8188715322736673f,0.23882922451230298f,0.6289130696210075f,-4.802090819153464f,0f,0f,0f,1f], start_interpolation: 0, interpolation_duration: 1 }
$data merge entity $(bone_group4) { transformation: [0.9239513134920815f,-0.412588249055893f,-0.4653671302920991f,-0.671746696687986f,0.2519128137463978f,0.7760819138145031f,-0.42485295954266744f,1.3883319322054624f,0.7652457158284558f,0.21377335554212915f,0.6501717290088f,-4.815702298819505f,0f,0f,0f,1f], start_interpolation: 0, interpolation_duration: 1 }
$data merge entity $(bone_group2) { transformation: [0.9717411533442597f,-0.37768315972826993f,-0.3918625022554364f,-0.7252414859789351f,0.2712991702443906f,0.7950518141088175f,-0.3749034716013655f,1.3726241993621509f,0.6978734819275505f,0.20696433153524696f,0.7239901235723628f,-4.7936234061319904f,0f,0f,0f,1f], start_interpolation: 0, interpolation_duration: 1 }
$data merge entity $(bone_10) { transformation: [-0.9783587301535409f,-0.06279883541430067f,0.19715603313862476f,0.5514312931746873f,0.014184938978463292f,0.9302341699519299f,0.36669220957094445f,0.7378157840253746f,-0.20642912255427576f,0.3615531708123327f,-0.9092119236113329f,-4.260540230420492f,0f,0f,0f,1f], start_interpolation: 0, interpolation_duration: 1 }
$data merge entity $(bone_9) { transformation: [-0.9783587301535409f,-0.05865613816340774f,0.19842795314195566f,0.529422321824427f,0.014184938978463292f,0.9377095764469866f,0.3471304333327608f,1.091775f,-0.20642912255427576f,0.3424327783600283f,-0.9165843167249282f,-4.131907415374206f,0f,0f,0f,1f], start_interpolation: 0, interpolation_duration: 1 }
$data merge entity $(bone_bone12) { transformation: [-1.2006930929218367f,0.8547338366731617f,0.1859105699652042f,0.5783501405789335f,0.8898307398922308f,1.0631927067012097f,0.38170525147623235f,1.5515998032907063f,0.1285976319869041f,0.6237397990054289f,-0.9053940363016973f,-4.417546556303088f,0f,0f,0f,1f], start_interpolation: 0, interpolation_duration: 1 }
$data merge entity $(bone_bone1) { transformation: [0.7862225859769588f,1.3726950847215287f,0.41531709600131594f,-0.17241229095316354f,-0.6069984017632994f,1.3377688096488596f,0.6578036750549239f,0.32923621603928777f,0.11578853810504994f,-2.3078307598938075f,0.6283359251652499f,-3.6287234157625265f,0f,0f,0f,1f], start_interpolation: 0, interpolation_duration: 1 }
$data merge entity $(bone_2) { transformation: [0.952698041214001f,0.3002358871862025f,0.047168361350810026f,0.08439806516591239f,-0.25518359460802303f,0.7059402151011631f,0.6607039773952113f,0.864345907078404f,0.16506900166274371f,-0.6414879770879869f,0.7491631330635726f,-4.283670787347462f,0f,0f,0f,1f], start_interpolation: 0, interpolation_duration: 1 }
$data merge entity $(bone_bone2) { transformation: [1.9926196215899752f,0.07467252662357149f,-0.07728366163407448f,0.3033896582169787f,-0.02102184247826744f,1.8934528116197509f,0.32186741537008673f,0.7389397629465403f,0.17036761955679083f,-0.6397346824558701f,0.9436252447700891f,-4.226933619750423f,0f,0f,0f,1f], start_interpolation: 0, interpolation_duration: 1 }
$data merge entity $(bone_1) { transformation: [0.952698041214001f,0.29392801484621467f,-0.07728366163407448f,0.19380865440869738f,-0.25518359460802303f,0.9117470592033232f,0.32186741537008673f,1.201625f,0.16506900166274371f,-0.2869209335734414f,0.9436252447700891f,-4.39372877860449f,0f,0f,0f,1f], start_interpolation: 0, interpolation_duration: 1 }
$data merge entity $(bone_4) { transformation: [-0.8961528317541066f,0.23751404157937228f,0.3748295375123579f,1.0082748375893664f,-0.29264118207856415f,0.31864708766090577f,-0.9015681738376105f,0.8793148906039434f,-0.333573441225102f,-0.9176334309395313f,-0.216050100049475f,-4.162721722380344f,0f,0f,0f,1f], start_interpolation: 0, interpolation_duration: 1 }
$data merge entity $(bone_group5) { transformation: [-3.5846113270164266f,-0.3987405859279877f,1.6737991185069208f,0.8700079548307333f,-1.1705647283142566f,2.445005515257676f,-1.228505269439072f,0.6797508463259676f,-1.334293764900408f,-1.0737569443283483f,-3.418943011201838f,-4.008677185287921f,0f,0f,0f,1f], start_interpolation: 0, interpolation_duration: 1 }
$data merge entity $(bone_group7) { transformation: [-3.5846113270164266f,-0.3987405859279877f,1.6737991185069208f,0.8700079548307333f,-1.1705647283142566f,2.445005515257676f,-1.228505269439072f,0.6797508463259676f,-1.334293764900408f,-1.0737569443283483f,-3.418943011201838f,-4.008677185287921f,0f,0f,0f,1f], start_interpolation: 0, interpolation_duration: 1 }
$data merge entity $(bone_group6) { transformation: [-2.9049941789256795f,-2.1376251404417426f,1.6737991185069208f,1.2368666421792525f,-2.2362415491230134f,1.5321545244490804f,-1.228505269439072f,0.7201343257754089f,-0.6186538243507608f,-1.5970476737285069f,-3.418943011201838f,-3.8435862702450803f,0f,0f,0f,1f], start_interpolation: 0, interpolation_duration: 1 }
$data merge entity $(bone_group8) { transformation: [-2.9049941789256795f,-2.1376251404417426f,1.6737991185069208f,1.2368666421792525f,-2.2362415491230134f,1.5321545244490804f,-1.228505269439072f,0.7201343257754089f,-0.6186538243507608f,-1.5970476737285069f,-3.418943011201838f,-3.8435862702450803f,0f,0f,0f,1f], start_interpolation: 0, interpolation_duration: 1 }
$data merge entity $(bone_group9) { transformation: [-2.9049941789256795f,-2.1376251404417426f,1.6737991185069208f,1.2555576071446268f,-2.2362415491230134f,1.5321545244490804f,-1.228505269439072f,0.6055246922477053f,-0.6186538243507608f,-1.5970476737285069f,-3.418943011201838f,-3.7932539134796888f,0f,0f,0f,1f], start_interpolation: 0, interpolation_duration: 1 }
$data merge entity $(bone_group10) { transformation: [-2.9049941789256795f,-2.1376251404417426f,1.6737991185069208f,1.2555576071446268f,-2.2362415491230134f,1.5321545244490804f,-1.228505269439072f,0.6055246922477053f,-0.6186538243507608f,-1.5970476737285069f,-3.418943011201838f,-3.7932539134796888f,0f,0f,0f,1f], start_interpolation: 0, interpolation_duration: 1 }
$data merge entity $(bone_group11) { transformation: [-2.9049941789256795f,-2.1376251404417426f,1.6737991185069208f,1.2742485721100012f,-2.2362415491230134f,1.5321545244490804f,-1.228505269439072f,0.4909150587200018f,-0.6186538243507608f,-1.5970476737285069f,-3.418943011201838f,-3.742921556714298f,0f,0f,0f,1f], start_interpolation: 0, interpolation_duration: 1 }
$data merge entity $(bone_group12) { transformation: [-2.9049941789256795f,-2.1376251404417426f,1.6737991185069208f,1.2742485721100012f,-2.2362415491230134f,1.5321545244490804f,-1.228505269439072f,0.4909150587200018f,-0.6186538243507608f,-1.5970476737285069f,-3.418943011201838f,-3.742921556714298f,0f,0f,0f,1f], start_interpolation: 0, interpolation_duration: 1 }
$data merge entity $(bone_group13) { transformation: [-2.9569305192914177f,-1.3504077292530947f,0.6695196474027684f,1.1103126397820942f,-1.7399760192650862f,2.015047162324832f,-0.49140210777562876f,0.7130610602186694f,-0.8223997823593487f,-1.3851670848027156f,-1.3675772044807353f,-3.9578427619056336f,0f,0f,0f,1f], start_interpolation: 0, interpolation_duration: 1 }
$data merge entity $(bone_group14) { transformation: [-2.9569305192914177f,-1.3504077292530947f,0.6695196474027684f,1.1103126397820942f,-1.7399760192650862f,2.015047162324832f,-0.49140210777562876f,0.7130610602186694f,-0.8223997823593487f,-1.3851670848027156f,-1.3675772044807353f,-3.9578427619056336f,0f,0f,0f,1f], start_interpolation: 0, interpolation_duration: 1 }
$data merge entity $(bone_group15) { transformation: [-2.895212218795775f,-1.4781019380540557f,0.6695196474027684f,1.1498175702706623f,-1.8262150703747326f,1.937232595933473f,-0.49140210777562876f,0.6423160437742212f,-0.7611969003576915f,-1.4197212873417797f,-1.3675772044807353f,-3.9130821610955007f,0f,0f,0f,1f], start_interpolation: 0, interpolation_duration: 1 }
$data merge entity $(bone_group16) { transformation: [-2.895212218795775f,-1.4781019380540557f,0.6695196474027684f,1.1498175702706623f,-1.8262150703747326f,1.937232595933473f,-0.49140210777562876f,0.6423160437742212f,-0.7611969003576915f,-1.4197212873417797f,-1.3675772044807353f,-3.9130821610955007f,0f,0f,0f,1f], start_interpolation: 0, interpolation_duration: 1 }
$data merge entity $(bone_group17) { transformation: [-2.755369989946936f,-1.7248116852698252f,0.6695196474027684f,1.2389174060861772f,-1.9881067164561084f,1.770695710163958f,-0.49140210777562876f,0.5632024376322168f,-0.6345634530472686f,-1.4806615004457582f,-1.3675772044807353f,-3.841034540567801f,0f,0f,0f,1f], start_interpolation: 0, interpolation_duration: 1 }
$data merge entity $(bone_group18) { transformation: [-2.755369989946936f,-1.7248116852698252f,0.6695196474027684f,1.2389174060861772f,-1.9881067164561084f,1.770695710163958f,-0.49140210777562876f,0.5632024376322168f,-0.6345634530472686f,-1.4806615004457582f,-1.3675772044807353f,-3.841034540567801f,0f,0f,0f,1f], start_interpolation: 0, interpolation_duration: 1 }
$data merge entity $(bone_group19) { transformation: [-2.755369989946936f,-1.7248116852698252f,0.6695196474027684f,1.2576083710515515f,-1.9881067164561084f,1.770695710163958f,-0.49140210777562876f,0.4485928041045132f,-0.6345634530472686f,-1.4806615004457582f,-1.3675772044807353f,-3.7907021838024093f,0f,0f,0f,1f], start_interpolation: 0, interpolation_duration: 1 }
$data merge entity $(bone_group20) { transformation: [-2.755369989946936f,-1.7248116852698252f,0.6695196474027684f,1.2576083710515515f,-1.9881067164561084f,1.770695710163958f,-0.49140210777562876f,0.4485928041045132f,-0.6345634530472686f,-1.4806615004457582f,-1.3675772044807353f,-3.7907021838024093f,0f,0f,0f,1f], start_interpolation: 0, interpolation_duration: 1 }
$data merge entity $(bone_bone11) { transformation: [-0.7871429452511072f,0.36732821799594917f,0.4184497796267302f,0.8413292427808412f,0.10573397635533585f,1.4165841158732284f,-0.307126317359768f,0.9280834281569965f,-0.42335128437918057f,-0.3291799248429097f,-0.8547357528004595f,-4.225415307530375f,0f,0f,0f,1f], start_interpolation: 0, interpolation_duration: 1 }
$data merge entity $(bone_3) { transformation: [-0.8961528317541066f,-0.14768169849184729f,0.4184497796267302f,0.9513552777362639f,-0.29264118207856415f,0.9055575982435837f,-0.307126317359768f,1.15775f,-0.333573441225102f,-0.3976877571586475f,-0.8547357528004595f,-4.254074783011803f,0f,0f,0f,1f], start_interpolation: 0, interpolation_duration: 1 }
$data merge entity $(bone_8) { transformation: [-0.9416317422595258f,0.09606376404857497f,0.32264750922037133f,0.3917041291411404f,0.10173855462749647f,0.9948109047122906f,0.0007282635659959374f,0.061044727582061475f,-0.32090330081131574f,0.03351144733271532f,-0.9465189139293884f,-4.322667740805245f,0f,0f,0f,1f], start_interpolation: 0, interpolation_duration: 1 }
$data merge entity $(bone_7) { transformation: [-0.9416317422595258f,0.11855650472386012f,0.3150777954044861f,0.43456954756486504f,0.10173855462749647f,0.992390215282987f,-0.06936084711776996f,0.438125f,-0.32090330081131574f,-0.03325681581643187f,-0.9465278948505185f,-4.328899639117339f,0f,0f,0f,1f], start_interpolation: 0, interpolation_duration: 1 }