# This file was generated by Animated Java via MC-Build. It is not recommended to edit this file directly.
$data merge entity $(bone_layer) { transformation: [-0.8316747920343215f,-0.1981094183229163f,0.5187192869620558f,0.562062829855446f,0.0006164350221419257f,0.9338566023993414f,0.35764712519887776f,1.19975f,-0.5552626948594075f,0.2977658552065935f,-0.7765428740066801f,-4.40327000717872f,0f,0f,0f,1f], start_interpolation: 0, interpolation_duration: 1 }
$data merge entity $(bone_head) { transformation: [-0.8316747920343215f,-0.1981094183229163f,0.5187192869620558f,0.562062829855446f,0.0006164350221419257f,0.9338566023993414f,0.35764712519887776f,1.19975f,-0.5552626948594075f,0.2977658552065935f,-0.7765428740066801f,-4.40327000717872f,0f,0f,0f,1f], start_interpolation: 0, interpolation_duration: 1 }
$data merge entity $(bone_6) { transformation: [-0.9936922219163632f,-0.11142061439505264f,-0.01269703866065099f,0.712967370954841f,-0.10764669052373087f,0.9794626632545027f,-0.17048484187658675f,0.07444386741659142f,0.03143180112893928f,-0.1680426671361343f,-0.9852784905292337f,-4.24379705471759f,0f,0f,0f,1f], start_interpolation: 0, interpolation_duration: 1 }
$data merge entity $(bone_12) { transformation: [-0.9945035221956877f,-0.10456440874469172f,0.005387834838243878f,0.6737557176755816f,-0.10146893234892124f,0.9498163535557562f,-0.2958934779376131f,0.430625f,0.025822472932335513f,-0.2948138038523971f,-0.9552057479672843f,-4.354352231162239f,0f,0f,0f,1f], start_interpolation: 0, interpolation_duration: 1 }
$data merge entity $(bone_group3) { transformation: [1.0606232697161968f,-0.36656490612662057f,-0.34747969621197106f,-0.7495832925497028f,0.28040299657977924f,0.8236993453417796f,-0.3826358790908845f,1.3641446212586976f,0.632856623524608f,0.24144368966240604f,0.7773761943410638f,-4.749579840817966f,0f,0f,0f,1f], start_interpolation: 0, interpolation_duration: 1 }
$data merge entity $(bone_group1) { transformation: [1.0231046334071605f,-0.37639033229193697f,-0.4377452647426616f,-0.6869422401080095f,0.2419704154852131f,0.8137497918655461f,-0.42752574453913705f,1.3941955321593187f,0.7037029641172357f,0.2594151027093645f,0.7075466426489954f,-4.761443840992805f,0f,0f,0f,1f], start_interpolation: 0, interpolation_duration: 1 }
$data merge entity $(bone_group4) { transformation: [1.0001069851799862f,-0.3774913152367212f,-0.3904044039075128f,-0.7150638997037022f,0.2592856827769552f,0.7856991420659959f,-0.40419922017035725f,1.374444443808609f,0.6610246042333111f,0.24084270074957803f,0.7090493671547149f,-4.767170947545248f,0f,0f,0f,1f], start_interpolation: 0, interpolation_duration: 1 }
$data merge entity $(bone_group2) { transformation: [1.0274787925375657f,-0.3551097528101637f,-0.336620955705347f,-0.7495832925497028f,0.2716404029366612f,0.797958740799849f,-0.3706785078692944f,1.3641446212586976f,0.6130798540394642f,0.23389857436045586f,0.7530831882679057f,-4.749579840817966f,0f,0f,0f,1f], start_interpolation: 0, interpolation_duration: 1 }
$data merge entity $(bone_10) { transformation: [-0.9903350917374389f,-0.040610559519453845f,0.1326166977756398f,0.5530377136108175f,0.008786600725856325f,0.9358814007872042f,0.3522056207789209f,0.7329842573539509f,-0.13841676820776763f,0.3499668357374704f,-0.9264793641322077f,-4.32402809105473f,0f,0f,0f,1f], start_interpolation: 0, interpolation_duration: 1 }
$data merge entity $(bone_9) { transformation: [-0.9903350917374389f,-0.03642492951624956f,0.13382686794188506f,0.5393758750862543f,0.008786600725856325f,0.9464826457113303f,0.3226350833603884f,1.0914f,-0.13841676820776763f,0.3206927281324237f,-0.9370149264562975f,-4.203529293481435f,0f,0f,0f,1f], start_interpolation: 0, interpolation_duration: 1 }
$data merge entity $(bone_bone12) { transformation: [-1.1750390621558784f,0.904559216307807f,0.15063690945145017f,0.5727805287892785f,0.9147799905116062f,1.0482746848674482f,0.37374843234194505f,1.551031250484888f,0.180168730270876f,0.5769686380200042f,-0.9152161661776163f,-4.497630879143055f,0f,0f,0f,1f], start_interpolation: 0, interpolation_duration: 1 }
$data merge entity $(bone_bone1) { transformation: [0.7934068858302603f,1.2472498186339946f,0.4445868883421282f,-0.133615015898868f,-0.6051295340092805f,1.3795211162046241f,0.6498962065483097f,0.3215617219517871f,0.06575530843087571f,-2.3539943457585064f,0.6164230847627148f,-3.6625450367932273f,0f,0f,0f,1f], start_interpolation: 0, interpolation_duration: 1 }
$data merge entity $(bone_2) { transformation: [0.9608732421804765f,0.26422098969508584f,0.08312569437983044f,0.0871876382868533f,-0.253364191057129f,0.7171320800977836f,0.6492520052988614f,0.8678957913749901f,0.11193390528140382f,-0.6449099536363008f,0.756017164189596f,-4.32134339174869f,0f,0f,0f,1f], start_interpolation: 0, interpolation_duration: 1 }
$data merge entity $(bone_bone2) { transformation: [1.9992452250224757f,0.036226513275489425f,-0.020652905126960885f,0.3087048088398595f,-0.02016854154364406f,1.8825781030359066f,0.33745107641765293f,0.7408940881901993f,0.05110538285576688f,-0.6742309142316368f,0.941116479791096f,-4.276920798529106f,0f,0f,0f,1f], start_interpolation: 0, interpolation_duration: 1 }
$data merge entity $(bone_1) { transformation: [0.9608732421804765f,0.2762174324176452f,-0.020652905126960885f,0.18933162497746014f,-0.253364191057129f,0.9066054035326141f,0.33745107641765293f,1.2008750000000001f,0.11193390528140382f,-0.31901500327424975f,0.941116479791096f,-4.444473338781941f,0f,0f,0f,1f], start_interpolation: 0, interpolation_duration: 1 }
$data merge entity $(bone_4) { transformation: [-0.9075960667525931f,0.17957076486313472f,0.37950457180604746f,1.017080488046702f,-0.30816163995674034f,0.32897996003408225f,-0.8926413555035113f,0.87755827661923f,-0.28514168982173593f,-0.9271065344945221f,-0.24324409637884836f,-4.261962149157638f,0f,0f,0f,1f], start_interpolation: 0, interpolation_duration: 1 }
$data merge entity $(bone_group5) { transformation: [-3.6303842670103723f,-0.49475500650173876f,1.5109813022941225f,0.8904139310593608f,-1.2326465598269614f,2.4348853644254898f,-1.2117836119353567f,0.6762566134462988f,-1.1405667592869437f,-1.0566696483045284f,-3.4997879910020915f,-4.100387145555054f,0f,0f,0f,1f], start_interpolation: 0, interpolation_duration: 1 }
$data merge entity $(bone_group7) { transformation: [-3.6303842670103723f,-0.49475500650173876f,1.5109813022941225f,0.8904139310593608f,-1.2326465598269614f,2.4348853644254898f,-1.2117836119353567f,0.6762566134462988f,-1.1405667592869437f,-1.0566696483045284f,-3.4997879910020915f,-4.100387145555054f,0f,0f,0f,1f], start_interpolation: 0, interpolation_duration: 1 }
$data merge entity $(bone_group6) { transformation: [-2.896627497479462f,-2.2436625377852266f,1.5109813022941225f,1.2647610464783314f,-2.284945916910388f,1.4923493009819244f,-1.2117836119353567f,0.7230928387994939f,-0.45942496410232003f,-1.485386138483162f,-3.4997879910020915f,-3.9549851603644632f,0f,0f,0f,1f], start_interpolation: 0, interpolation_duration: 1 }
$data merge entity $(bone_group8) { transformation: [-2.896627497479462f,-2.2436625377852266f,1.5109813022941225f,1.2647610464783314f,-2.284945916910388f,1.4923493009819244f,-1.2117836119353567f,0.7230928387994939f,-0.45942496410232003f,-1.485386138483162f,-3.4997879910020915f,-3.9549851603644632f,0f,0f,0f,1f], start_interpolation: 0, interpolation_duration: 1 }
$data merge entity $(bone_group9) { transformation: [-2.896627497479462f,-2.2436625377852266f,1.5109813022941225f,1.2879526874081004f,-2.284945916910388f,1.4923493009819244f,-1.2117836119353567f,0.608957587342049f,-0.45942496410232003f,-1.485386138483162f,-3.4997879910020915f,-3.905453770600189f,0f,0f,0f,1f], start_interpolation: 0, interpolation_duration: 1 }
$data merge entity $(bone_group10) { transformation: [-2.896627497479462f,-2.2436625377852266f,1.5109813022941225f,1.2879526874081004f,-2.284945916910388f,1.4923493009819244f,-1.2117836119353567f,0.608957587342049f,-0.45942496410232003f,-1.485386138483162f,-3.4997879910020915f,-3.905453770600189f,0f,0f,0f,1f], start_interpolation: 0, interpolation_duration: 1 }
$data merge entity $(bone_group11) { transformation: [-2.896627497479462f,-2.2436625377852266f,1.5109813022941225f,1.3111443283378694f,-2.284945916910388f,1.4923493009819244f,-1.2117836119353567f,0.4948223358846043f,-0.45942496410232003f,-1.485386138483162f,-3.4997879910020915f,-3.855922380835914f,0f,0f,0f,1f], start_interpolation: 0, interpolation_duration: 1 }
$data merge entity $(bone_group12) { transformation: [-2.896627497479462f,-2.2436625377852266f,1.5109813022941225f,1.3111443283378694f,-2.284945916910388f,1.4923493009819244f,-1.2117836119353567f,0.4948223358846043f,-0.45942496410232003f,-1.485386138483162f,-3.4997879910020915f,-3.855922380835914f,0f,0f,0f,1f], start_interpolation: 0, interpolation_duration: 1 }
$data merge entity $(bone_group13) { transformation: [-2.9673474120708754f,-1.454366079335437f,0.6043925209176491f,1.1324887268827453f,-1.7902204767604355f,1.9885938728303012f,-0.4847134447741427f,0.7136153147532143f,-0.6612533752074257f,-1.3164412902446365f,-1.3999151964008367f,-4.062384892681212f,0f,0f,0f,1f], start_interpolation: 0, interpolation_duration: 1 }
$data merge entity $(bone_group14) { transformation: [-2.9673474120708754f,-1.454366079335437f,0.6043925209176491f,1.1324887268827453f,-1.7902204767604355f,1.9885938728303012f,-0.4847134447741427f,0.7136153147532143f,-0.6612533752074257f,-1.3164412902446365f,-1.3999151964008367f,-4.062384892681212f,0f,0f,0f,1f], start_interpolation: 0, interpolation_duration: 1 }
$data merge entity $(bone_group15) { transformation: [-2.901084597459399f,-1.5824157213036942f,0.6043925209176491f,1.175451366437842f,-1.8752578299982572f,1.9086128516545215f,-0.4847134447741427f,0.6436588893901818f,-0.603201645933076f,-1.344031796955639f,-1.3999151964008367f,-4.01961436050775f,0f,0f,0f,1f], start_interpolation: 0, interpolation_duration: 1 }
$data merge entity $(bone_group16) { transformation: [-2.901084597459399f,-1.5824157213036942f,0.6043925209176491f,1.175451366437842f,-1.8752578299982572f,1.9086128516545215f,-0.4847134447741427f,0.6436588893901818f,-0.603201645933076f,-1.344031796955639f,-1.3999151964008367f,-4.01961436050775f,0f,0f,0f,1f], start_interpolation: 0, interpolation_duration: 1 }
$data merge entity $(bone_group17) { transformation: [-2.752128477178884f,-1.8292403346051302f,0.6043925209176491f,1.2695094789002634f,-2.034468478502972f,1.7379105145111415f,-0.4847134447741427f,0.566223468341521f,-0.4837661920186061f,-1.391489837671836f,-1.3999151964008367f,-3.952194555629136f,0f,0f,0f,1f], start_interpolation: 0, interpolation_duration: 1 }
$data merge entity $(bone_group18) { transformation: [-2.752128477178884f,-1.8292403346051302f,0.6043925209176491f,1.2695094789002634f,-2.034468478502972f,1.7379105145111415f,-0.4847134447741427f,0.566223468341521f,-0.4837661920186061f,-1.391489837671836f,-1.3999151964008367f,-3.952194555629136f,0f,0f,0f,1f], start_interpolation: 0, interpolation_duration: 1 }
$data merge entity $(bone_group19) { transformation: [-2.752128477178884f,-1.8292403346051302f,0.6043925209176491f,1.2927011198300324f,-2.034468478502972f,1.7379105145111415f,-0.4847134447741427f,0.4520882168840761f,-0.4837661920186061f,-1.391489837671836f,-1.3999151964008367f,-3.902663165864861f,0f,0f,0f,1f], start_interpolation: 0, interpolation_duration: 1 }
$data merge entity $(bone_group20) { transformation: [-2.752128477178884f,-1.8292403346051302f,0.6043925209176491f,1.2927011198300324f,-2.034468478502972f,1.7379105145111415f,-0.4847134447741427f,0.4520882168840761f,-0.4837661920186061f,-1.391489837671836f,-1.3999151964008367f,-3.902663165864861f,0f,0f,0f,1f], start_interpolation: 0, interpolation_duration: 1 }
$data merge entity $(bone_bone11) { transformation: [-0.8100027447819635f,0.326238721991685f,0.37774532557353063f,0.8462850679111261f,0.09164864218755625f,1.4213274195429615f,-0.30294590298383917f,0.9234197105534527f,-0.38143948383834414f,-0.35127861125974963f,-0.8749469977505229f,-4.315863362856487f,0f,0f,0f,1f], start_interpolation: 0, interpolation_duration: 1 }
$data merge entity $(bone_3) { transformation: [-0.9075960667525931f,-0.18324259500064397f,0.37774532557353063f,0.950875801231713f,-0.30816163995674034f,0.9018093942316628f,-0.30294590298383917f,1.15475f,-0.28514168982173593f,-0.39135912900167713f,-0.8749469977505229f,-4.350804796900307f,0f,0f,0f,1f], start_interpolation: 0, interpolation_duration: 1 }
$data merge entity $(bone_8) { transformation: [-0.9606409296177629f,0.10280737073954442f,0.2580690776996385f,0.3877981966294344f,0.10347718533101714f,0.9945707406100535f,-0.011023340616166916f,0.055061192816355964f,-0.2578012344017975f,0.01611478960432232f,-0.9660635781856792f,-4.3733414665510155f,0f,0f,0f,1f], start_interpolation: 0, interpolation_duration: 1 }
$data merge entity $(bone_7) { transformation: [-0.9606409296177629f,0.11863346238394998f,0.2511873920918725f,0.4305693494258095f,0.10347718533101714f,0.9919670580418581f,-0.07275869622080361f,0.430625f,-0.2578012344017975f,-0.043902817251023636f,-0.9652000135610923f,-4.381973831360024f,0f,0f,0f,1f], start_interpolation: 0, interpolation_duration: 1 }