# This file was generated by Animated Java via MC-Build. It is not recommended to edit this file directly.
$data merge entity $(bone_layer) { transformation: [-0.8884957310484026f,-0.1656209669613784f,0.4279544732930623f,0.5597060858454385f,0.00016716087628743104f,0.9324797049328916f,0.3612223303528021f,1.2001249999999999f,-0.4588848526220994f,0.3210160357225873f,-0.8284765517761794f,-4.379477263124499f,0f,0f,0f,1f], start_interpolation: 0, interpolation_duration: 1 }
$data merge entity $(bone_head) { transformation: [-0.8884957310484026f,-0.1656209669613784f,0.4279544732930623f,0.5597060858454385f,0.00016716087628743104f,0.9324797049328916f,0.3612223303528021f,1.2001249999999999f,-0.4588848526220994f,0.3210160357225873f,-0.8284765517761794f,-4.379477263124499f,0f,0f,0f,1f], start_interpolation: 0, interpolation_duration: 1 }
$data merge entity $(bone_6) { transformation: [-0.9883243477839544f,-0.12196797845667064f,-0.09131700722545749f,0.7260798187336576f,-0.11153849820893709f,0.9874598662182902f,-0.11172365920184929f,0.0741047240496881f,0.10379858859693651f,-0.10023385076584224f,-0.9895347533896597f,-4.246808274269696f,0f,0f,0f,1f], start_interpolation: 0, interpolation_duration: 1 }
$data merge entity $(bone_12) { transformation: [-0.9887457782633143f,-0.13243642923218008f,-0.06958719838233553f,0.67641615777159f,-0.10942561977403222f,0.957387402534165f,-0.2672740077260664f,0.433125f,0.10201872231870823f,-0.256651424467339f,-0.9611046907675271f,-4.343052558444948f,0f,0f,0f,1f], start_interpolation: 0, interpolation_duration: 1 }
$data merge entity $(bone_group3) { transformation: [1.108914959320252f,-0.3473591463910407f,-0.2854688988892593f,-0.7619398421749521f,0.290906336484132f,0.8241788695413312f,-0.3803214855251539f,1.3516968305804378f,0.5385928789259526f,0.2668070816572482f,0.8031272407523988f,-4.6152612675741524f,0f,0f,0f,1f], start_interpolation: 0, interpolation_duration: 1 }
$data merge entity $(bone_group1) { transformation: [1.09931603333651f,-0.3497513552246952f,-0.31783880220414396f,-0.7414541513656481f,0.2785503555473951f,0.821095956855638f,-0.395920278612816f,1.3617822548272454f,0.5638387806233474f,0.27311325103367473f,0.7834389921785607f,-4.621422381279352f,0f,0f,0f,1f], start_interpolation: 0, interpolation_duration: 1 }
$data merge entity $(bone_group4) { transformation: [1.0668749118240946f,-0.3434870784630805f,-0.295881540838321f,-0.7509140946088633f,0.2778628530857084f,0.7944409569348485f,-0.3798696196661065f,1.3551651254433736f,0.5386592395655039f,0.2615933357333911f,0.7653671769888394f,-4.622065925689485f,0f,0f,0f,1f], start_interpolation: 0, interpolation_duration: 1 }
$data merge entity $(bone_group2) { transformation: [1.0742613668414942f,-0.33650417306632074f,-0.27654799579897f,-0.7619398421749521f,0.2818155134690029f,0.7984232798681646f,-0.36843643910249285f,1.3516968305804378f,0.5217618514595167f,0.25846936035545925f,0.7780295144788865f,-4.6152612675741524f,0f,0f,0f,1f], start_interpolation: 0, interpolation_duration: 1 }
$data merge entity $(bone_10) { transformation: [-0.9989239269790908f,-0.013203556851708742f,0.04445957934051472f,0.5568743279868363f,0.0028791854053333244f,0.9391162078243321f,0.34358762855063246f,0.7367473373099537f,-0.04628929033884127f,0.3433459105451955f,-0.938067634721408f,-4.304590776851115f,0f,0f,0f,1f], start_interpolation: 0, interpolation_duration: 1 }
$data merge entity $(bone_9) { transformation: [-0.9989239269790908f,-0.011957024671330736f,0.0448109101634972f,0.5523904213892041f,0.0028791854053333244f,0.9483435901738206f,0.3172320054276212f,1.095475f,-0.04628929033884127f,0.3170196595437541f,-0.9472886767309575f,-4.1855151764849605f,0f,0f,0f,1f], start_interpolation: 0, interpolation_duration: 1 }
$data merge entity $(bone_bone12) { transformation: [-1.1627348392397023f,0.940762823779771f,0.07604970015905671f,0.5637186055191582f,0.9110461482570181f,1.0599886601509796f,0.36296247501016327f,1.5508493760219457f,0.2608497831401736f,0.4913139014369963f,-0.92869515172645f,-4.485862225591393f,0f,0f,0f,1f], start_interpolation: 0, interpolation_duration: 1 }
$data merge entity $(bone_bone1) { transformation: [0.7956075310528395f,1.0633410806059427f,0.49130027648677427f,-0.07796076967159167f,-0.6057641000254224f,1.3656447579478326f,0.65255592277794f,0.32408931811653696f,0.007649290973339468f,-2.4503714292705485f,0.576883702293149f,-3.587709814094853f,0f,0f,0f,1f], start_interpolation: 0, interpolation_duration: 1 }
$data merge entity $(bone_2) { transformation: [0.9664284367041391f,0.21435102554710922f,0.14166762007069944f,0.09188792517329146f,-0.2539707821285267f,0.7134219474910117f,0.6530910860386602f,0.8666971364163396f,0.038921954660806994f,-0.6671452335773933f,0.7439101550324121f,-4.264450662854124f,0f,0f,0f,1f], start_interpolation: 0, interpolation_duration: 1 }
$data merge entity $(bone_bone2) { transformation: [1.9975164881682599f,-0.013152467381083444f,0.04938342864193225f,0.31622829588451806f,-0.0204377453269749f,1.8862607966938014f,0.33226589706965715f,0.7402295423930271f,-0.0975201418266577f,-0.6647158937906147f,0.9418920589006274f,-4.2369080462190984f,0f,0f,0f,1f], start_interpolation: 0, interpolation_duration: 1 }
$data merge entity $(bone_1) { transformation: [0.9664284367041391f,0.2521455010607183f,0.04938342864193225f,0.18493484342254757f,-0.2539707821285267f,0.9083491704567801f,0.33226589706965715f,1.201125f,0.038921954660806994f,-0.333653159471507f,0.9418920589006274f,-4.392611792153084f,0f,0f,0f,1f], start_interpolation: 0, interpolation_duration: 1 }
$data merge entity $(bone_4) { transformation: [-0.9159839757139874f,0.08304465230149688f,0.3925263582988038f,1.0276745556584348f,-0.3391085204934973f,0.3626248039582391f,-0.8680487675718225f,0.8775061973074978f,-0.2144266018102901f,-0.9282277938514727f,-0.3039973604453156f,-4.28327887487607f,0f,0f,0f,1f], start_interpolation: 0, interpolation_duration: 1 }
$data merge entity $(bone_group5) { transformation: [-3.6639359028559495f,-0.6736826797482683f,1.256770886913446f,0.9227420086629354f,-1.3564340819739893f,2.429969814297512f,-1.0956315804530663f,0.6688325641963272f,-0.8577064072411604f,-0.9650898137531597f,-3.635948071372954f,-4.1155954425709895f,0f,0f,0f,1f], start_interpolation: 0, interpolation_duration: 1 }
$data merge entity $(bone_group7) { transformation: [-3.6639359028559495f,-0.6736826797482683f,1.256770886913446f,0.9227420086629354f,-1.3564340819739893f,2.429969814297512f,-1.0956315804530663f,0.6688325641963272f,-0.8577064072411604f,-0.9650898137531597f,-3.635948071372954f,-4.1155954425709895f,0f,0f,0f,1f], start_interpolation: 0, interpolation_duration: 1 }
$data merge entity $(bone_group6) { transformation: [-2.836220229836991f,-2.4153942661795513f,1.256770886913446f,1.3059256175850709f,-2.3896912806972543f,1.4261985486240059f,-1.0956315804530663f,0.7280644872587101f,-0.2602506307829464f,-1.264645499264409f,-3.635948071372954f,-4.000995995500142f,0f,0f,0f,1f], start_interpolation: 0, interpolation_duration: 1 }
$data merge entity $(bone_group8) { transformation: [-2.836220229836991f,-2.4153942661795513f,1.256770886913446f,1.3059256175850709f,-2.3896912806972543f,1.4261985486240059f,-1.0956315804530663f,0.7280644872587101f,-0.2602506307829464f,-1.264645499264409f,-3.635948071372954f,-4.000995995500142f,0f,0f,0f,1f], start_interpolation: 0, interpolation_duration: 1 }
$data merge entity $(bone_group9) { transformation: [-2.836220229836991f,-2.4153942661795513f,1.256770886913446f,1.3375044931982711f,-2.3896912806972543f,1.4261985486240059f,-1.0956315804530663f,0.6141596522135142f,-0.2602506307829464f,-1.264645499264409f,-3.635948071372954f,-3.955757410480463f,0f,0f,0f,1f], start_interpolation: 0, interpolation_duration: 1 }
$data merge entity $(bone_group10) { transformation: [-2.836220229836991f,-2.4153942661795513f,1.256770886913446f,1.3375044931982711f,-2.3896912806972543f,1.4261985486240059f,-1.0956315804530663f,0.6141596522135142f,-0.2602506307829464f,-1.264645499264409f,-3.635948071372954f,-3.955757410480463f,0f,0f,0f,1f], start_interpolation: 0, interpolation_duration: 1 }
$data merge entity $(bone_group11) { transformation: [-2.836220229836991f,-2.4153942661795513f,1.256770886913446f,1.369083368811471f,-2.3896912806972543f,1.4261985486240059f,-1.0956315804530663f,0.5002548171683183f,-0.2602506307829464f,-1.264645499264409f,-3.635948071372954f,-3.910518825460784f,0f,0f,0f,1f], start_interpolation: 0, interpolation_duration: 1 }
$data merge entity $(bone_group12) { transformation: [-2.836220229836991f,-2.4153942661795513f,1.256770886913446f,1.369083368811471f,-2.3896912806972543f,1.4261985486240059f,-1.0956315804530663f,0.5002548171683183f,-0.2602506307829464f,-1.264645499264409f,-3.635948071372954f,-3.910518825460784f,0f,0f,0f,1f], start_interpolation: 0, interpolation_duration: 1 }
$data merge entity $(bone_group13) { transformation: [-2.942341710481971f,-1.6340926886020508f,0.5027083547653785f,1.1655606661318358f,-1.8949947746756663f,1.9504045661167084f,-0.43825263218122656f,0.7150897577196491f,-0.44600012137805695f,-1.1525480762072895f,-1.4543792285491817f,-4.0971720283351125f,0f,0f,0f,1f], start_interpolation: 0, interpolation_duration: 1 }
$data merge entity $(bone_group14) { transformation: [-2.942341710481971f,-1.6340926886020508f,0.5027083547653785f,1.1655606661318358f,-1.8949947746756663f,1.9504045661167084f,-0.43825263218122656f,0.7150897577196491f,-0.44600012137805695f,-1.1525480762072895f,-1.4543792285491817f,-4.0971720283351125f,0f,0f,0f,1f], start_interpolation: 0, interpolation_duration: 1 }
$data merge entity $(bone_group15) { transformation: [-2.8682631311681384f,-1.7608805372784935f,0.5027083547653785f,1.2145835857618128f,-1.9782666118352026f,1.865889702012167f,-0.43825263218122656f,0.6462099656051237f,-0.395302187094782f,-1.1709053578818605f,-1.4543792285491817f,-4.05947142013407f,0f,0f,0f,1f], start_interpolation: 0, interpolation_duration: 1 }
$data merge entity $(bone_group16) { transformation: [-2.8682631311681384f,-1.7608805372784935f,0.5027083547653785f,1.2145835857618128f,-1.9782666118352026f,1.865889702012167f,-0.43825263218122656f,0.6462099656051237f,-0.395302187094782f,-1.1709053578818605f,-1.4543792285491817f,-4.05947142013407f,0f,0f,0f,1f], start_interpolation: 0, interpolation_duration: 1 }
$data merge entity $(bone_group17) { transformation: [-2.7038776728853255f,-2.0041654588024627f,0.5027083547653785f,1.316837301453117f,-2.1333617129862272f,1.6863721324611172f,-0.43825263218122656f,0.5714793841934742f,-0.2917468167744869f,-1.2009025652151466f,-1.4543792285491817f,-4.001608471090264f,0f,0f,0f,1f], start_interpolation: 0, interpolation_duration: 1 }
$data merge entity $(bone_group18) { transformation: [-2.7038776728853255f,-2.0041654588024627f,0.5027083547653785f,1.316837301453117f,-2.1333617129862272f,1.6863721324611172f,-0.43825263218122656f,0.5714793841934742f,-0.2917468167744869f,-1.2009025652151466f,-1.4543792285491817f,-4.001608471090264f,0f,0f,0f,1f], start_interpolation: 0, interpolation_duration: 1 }
$data merge entity $(bone_group19) { transformation: [-2.7038776728853255f,-2.0041654588024627f,0.5027083547653785f,1.348416177066317f,-2.1333617129862272f,1.6863721324611172f,-0.43825263218122656f,0.45757454914827833f,-0.2917468167744869f,-1.2009025652151466f,-1.4543792285491817f,-3.9563698860705845f,0f,0f,0f,1f], start_interpolation: 0, interpolation_duration: 1 }
$data merge entity $(bone_group20) { transformation: [-2.7038776728853255f,-2.0041654588024627f,0.5027083547653785f,1.348416177066317f,-2.1333617129862272f,1.6863721324611172f,-0.43825263218122656f,0.45757454914827833f,-0.2917468167744869f,-1.2009025652151466f,-1.4543792285491817f,-3.9563698860705845f,0f,0f,0f,1f], start_interpolation: 0, interpolation_duration: 1 }
$data merge entity $(bone_bone11) { transformation: [-0.8420506033513486f,0.24146518970477437f,0.3141927217283615f,0.8513417771856314f,0.06571351617056759f,1.4384704940763204f,-0.2739078951132666f,0.9174540645880087f,-0.31085770890896425f,-0.3499959997380877f,-0.9089870178432385f,-4.321887250078867f,0f,0f,0f,1f], start_interpolation: 0, interpolation_duration: 1 }
$data merge entity $(bone_3) { transformation: [-0.9159839757139874f,-0.24951210361046974f,0.3141927217283615f,0.9437821273450653f,-0.3391085204934973f,0.8999888201101895f,-0.2739078951132666f,1.1532499999999999f,-0.2144266018102901f,-0.3574406717604295f,-0.9089870178432385f,-4.360988229997346f,0f,0f,0f,1f], start_interpolation: 0, interpolation_duration: 1 }
$data merge entity $(bone_8) { transformation: [-0.9794032288690618f,0.1052012478866881f,0.1723427188016357f,0.3830383396983179f,0.10578688640547755f,0.9943718569854697f,-0.005809018841681932f,0.06094098438385326f,-0.17198386536384935f,0.01254222780657531f,-0.9850199198879975f,-4.323343059625838f,0f,0f,0f,1f], start_interpolation: 0, interpolation_duration: 1 }
$data merge entity $(bone_7) { transformation: [-0.9794032288690618f,0.12325465819784419f,0.1599299987913108f,0.4283425461885638f,0.10578688640547755f,0.9878888071075745f,-0.1135114067228835f,0.433125f,-0.17198386536384935f,-0.09425494164289686f,-0.9805802139704856f,-4.352409146292759f,0f,0f,0f,1f], start_interpolation: 0, interpolation_duration: 1 }