# This file was generated by Animated Java via MC-Build. It is not recommended to edit this file directly.
$data merge entity $(bone_layer) { transformation: [-0.9678957460645637f,-0.11967631460394046f,0.22103258690279173f,0.5810185185185189f,0.0003330408463006959f,0.8787633212915544f,0.47725770212373825f,1.2170138888888888f,-0.2513517730868756f,0.46200931254191707f,-0.8505114233745652f,-3.2986111111111103f,0f,0f,0f,1f], start_interpolation: 0, interpolation_duration: 1 }
$data merge entity $(bone_head) { transformation: [-0.9678957460645637f,-0.11967631460394046f,0.22103258690279173f,0.5810185185185189f,0.0003330408463006959f,0.8787633212915544f,0.47725770212373825f,1.2170138888888888f,-0.2513517730868756f,0.46200931254191707f,-0.8505114233745652f,-3.2986111111111103f,0f,0f,0f,1f], start_interpolation: 0, interpolation_duration: 1 }
$data merge entity $(bone_6) { transformation: [-0.9944801999494222f,-0.049154517590364544f,-0.09269824868364979f,0.7239577555092931f,-0.07566406019387378f,0.9480396349543813f,0.3090239481828896f,0.17548075704634136f,0.07269169074615807f,0.31433212364634633f,-0.9465258761071685f,-3.5012070913419246f,0f,0f,0f,1f], start_interpolation: 0, interpolation_duration: 1 }
$data merge entity $(bone_12) { transformation: [-0.9944801999494222f,-0.06450463197539767f,-0.08275436159064815f,0.699768518518519f,-0.07566406019387378f,0.9872982281233369f,0.13970382507110232f,0.5457175925925927f,0.07269169074615807f,0.14519421888710934f,-0.9867292216703766f,-3.4467592592592586f,0f,0f,0f,1f], start_interpolation: 0, interpolation_duration: 1 }
$data merge entity $(bone_group3) { transformation: [0.9513002293188904f,-0.4607201295803099f,-0.4092748052744331f,-0.6724203257924447f,0.3530651093648147f,0.7831439327031685f,-0.4360240638887248f,1.3656316905208805f,0.7581670968140745f,0.21338616164322433f,0.7165809518739993f,-3.865589572558605f,0f,0f,0f,1f], start_interpolation: 0, interpolation_duration: 1 }
$data merge entity $(bone_group1) { transformation: [0.9513002293188904f,-0.4607201295803099f,-0.4092748052744331f,-0.6724203257924447f,0.3530651093648147f,0.7831439327031685f,-0.4360240638887248f,1.3656316905208805f,0.7581670968140745f,0.21338616164322433f,0.7165809518739993f,-3.865589572558605f,0f,0f,0f,1f], start_interpolation: 0, interpolation_duration: 1 }
$data merge entity $(bone_group4) { transformation: [0.9215720971526751f,-0.4463226255309253f,-0.3964849676096071f,-0.6724203257924447f,0.34203182469716426f,0.7586706848061946f,-0.42239831189220217f,1.3656316905208805f,0.7344743750386347f,0.20671784409187358f,0.6941877971279369f,-3.865589572558605f,0f,0f,0f,1f], start_interpolation: 0, interpolation_duration: 1 }
$data merge entity $(bone_group2) { transformation: [0.9215720971526751f,-0.4463226255309253f,-0.3964849676096071f,-0.6724203257924447f,0.34203182469716426f,0.7586706848061946f,-0.42239831189220217f,1.3656316905208805f,0.7344743750386347f,0.20671784409187358f,0.6941877971279369f,-3.865589572558605f,0f,0f,0f,1f], start_interpolation: 0, interpolation_duration: 1 }
$data merge entity $(bone_10) { transformation: [-1f,-5.3241273597699933e-17f,1.1028583142141802e-16f,0.5810185185185189f,0f,0.9005521551046661f,0.4347479912964994f,0.8380452479180748f,-1.2246467991473532e-16f,0.4347479912964994f,-0.9005521551046661f,-3.3570043419812245f,0f,0f,0f,1f], start_interpolation: 0, interpolation_duration: 1 }
$data merge entity $(bone_9) { transformation: [-1f,-6.701541743895458e-17f,1.0250137390348111e-16f,0.5810185185185189f,0f,0.8369872356245618f,0.5472224112749351f,1.138263888888889f,-1.2246467991473532e-16f,0.5472224112749351f,-0.8369872356245618f,-3.1562962962962957f,0f,0f,0f,1f], start_interpolation: 0, interpolation_duration: 1 }
$data merge entity $(bone_bone12) { transformation: [-1.3394005941010605f,0.6456778641444406f,-0.13183515679413046f,0.5810185185185189f,0.5645289340391314f,1.311681947855528f,0.3060846290398714f,1.5665011199321728f,0.37055786478547165f,0.33554517344733437f,-0.9428317407144242f,-3.4432732257456378f,0f,0f,0f,1f], start_interpolation: 0, interpolation_duration: 1 }
$data merge entity $(bone_bone1) { transformation: [0.780188959538936f,0.7859299463209497f,0.5680435044174696f,-0.002885675479199143f,-0.6226563062906312f,0.7142443841624516f,0.7453967681578098f,0.466260350956159f,0.06003591966531349f,-2.805738597797084f,0.3488699401052092f,-2.4885335016912395f,0f,0f,0f,1f], start_interpolation: 0, interpolation_duration: 1 }
$data merge entity $(bone_2) { transformation: [0.9595939802607494f,0.14529234373003047f,0.2409761977888417f,0.09412310056097231f,-0.28115599728188495f,0.5298620507191917f,0.800123435727314f,0.8298742158695375f,-0.011432333084763317f,-0.8355455355999979f,0.5493022480375914f,-3.2882986263459366f,0f,0f,0f,1f], start_interpolation: 0, interpolation_duration: 1 }
$data merge entity $(bone_bone2) { transformation: [1.9981340494465898f,0.041964926584974915f,0.037746739524392905f,0.3239222926037232f,-0.048504036247825344f,1.9915871842760076f,0.08835701145810808f,0.7240264443833915f,-0.07146802718587827f,-0.17838002232391664f,0.9953734084158915f,-3.264361508416365f,0f,0f,0f,1f], start_interpolation: 0, interpolation_duration: 1 }
$data merge entity $(bone_1) { transformation: [0.9595939802607494f,0.27884507652567564f,0.037746739524392905f,0.20601851851851893f,-0.28115599728188495f,0.9555858641266206f,0.08835701145810808f,1.2123842592592593f,-0.011432333084763317f,-0.09539957850415082f,0.9953734084158915f,-3.30324074074074f,0f,0f,0f,1f], start_interpolation: 0, interpolation_duration: 1 }
$data merge entity $(bone_4) { transformation: [-0.8861935374565301f,-0.14340178013426183f,0.440564346746995f,1.0612154394712272f,-0.44518969805697556f,0.5269267228637106f,-0.7239850561137633f,0.9076393633669332f,-0.12832438160466847f,-0.8377255864460837f,-0.5308000517137732f,-3.2994399438961843f,0f,0f,0f,1f], start_interpolation: 0, interpolation_duration: 1 }
$data merge entity $(bone_group5) { transformation: [-3.5447741498261203f,-1.1601056442757727f,0.6933486662135675f,1.0181609098945408f,-1.7807587922279022f,2.4119280840779713f,-0.24687734275000683f,0.6593479335026557f,-0.5132975264186739f,-0.35603063260829215f,-3.9317069072727895f,-3.16098081135783f,0f,0f,0f,1f], start_interpolation: 0, interpolation_duration: 1 }
$data merge entity $(bone_group7) { transformation: [-3.5447741498261203f,-1.1601056442757727f,0.6933486662135675f,1.0181609098945408f,-1.7807587922279022f,2.4119280840779713f,-0.24687734275000683f,0.6593479335026557f,-0.5132975264186739f,-0.35603063260829215f,-3.9317069072727895f,-3.16098081135783f,0f,0f,0f,1f], start_interpolation: 0, interpolation_duration: 1 }
$data merge entity $(bone_group6) { transformation: [-2.4898116422899204f,-2.7770680339295923f,0.6933486662135675f,1.4045584062717f,-2.7481463941208437f,1.198411596798702f,-0.24687734275000683f,0.761107172642753f,-0.2665133812741396f,-0.5649803355735623f,-3.9317069072727895f,-3.0992299881382523f,0f,0f,0f,1f], start_interpolation: 0, interpolation_duration: 1 }
$data merge entity $(bone_group8) { transformation: [-2.4898116422899204f,-2.7770680339295923f,0.6933486662135675f,1.4045584062717f,-2.7481463941208437f,1.198411596798702f,-0.24687734275000683f,0.761107172642753f,-0.2665133812741396f,-0.5649803355735623f,-3.9317069072727895f,-3.0992299881382523f,0f,0f,0f,1f], start_interpolation: 0, interpolation_duration: 1 }
$data merge entity $(bone_group9) { transformation: [-2.4898116422899204f,-2.7770680339295923f,0.6933486662135675f,1.458938358347127f,-2.7481463941208437f,1.198411596798702f,-0.24687734275000683f,0.6480480437015981f,-0.2665133812741396f,-0.5649803355735623f,-3.9317069072727895f,-3.0825410522347387f,0f,0f,0f,1f], start_interpolation: 0, interpolation_duration: 1 }
$data merge entity $(bone_group10) { transformation: [-2.4898116422899204f,-2.7770680339295923f,0.6933486662135675f,1.458938358347127f,-2.7481463941208437f,1.198411596798702f,-0.24687734275000683f,0.6480480437015981f,-0.2665133812741396f,-0.5649803355735623f,-3.9317069072727895f,-3.0825410522347387f,0f,0f,0f,1f], start_interpolation: 0, interpolation_duration: 1 }
$data merge entity $(bone_group11) { transformation: [-2.4898116422899204f,-2.7770680339295923f,0.6933486662135675f,1.5133183104225538f,-2.7481463941208437f,1.198411596798702f,-0.24687734275000683f,0.5349889147604432f,-0.2665133812741396f,-0.5649803355735623f,-3.9317069072727895f,-3.0658521163312247f,0f,0f,0f,1f], start_interpolation: 0, interpolation_duration: 1 }
$data merge entity $(bone_group12) { transformation: [-2.4898116422899204f,-2.7770680339295923f,0.6933486662135675f,1.5133183104225538f,-2.7481463941208437f,1.198411596798702f,-0.24687734275000683f,0.5349889147604432f,-0.2665133812741396f,-0.5649803355735623f,-3.9317069072727895f,-3.0658521163312247f,0f,0f,0f,1f], start_interpolation: 0, interpolation_duration: 1 }
$data merge entity $(bone_group13) { transformation: [-2.6937895786656094f,-2.065753147911486f,0.277339466485427f,1.2517673419130104f,-2.2537866236769974f,1.8183606510638166f,-0.09875093710000274f,0.7413995758481084f,-0.333526020523874f,-0.4784688380629064f,-1.5726827629091158f,-3.1726261309229558f,0f,0f,0f,1f], start_interpolation: 0, interpolation_duration: 1 }
$data merge entity $(bone_group14) { transformation: [-2.6937895786656094f,-2.065753147911486f,0.277339466485427f,1.2517673419130104f,-2.2537866236769974f,1.8183606510638166f,-0.09875093710000274f,0.7413995758481084f,-0.333526020523874f,-0.4784688380629064f,-1.5726827629091158f,-3.1726261309229558f,0f,0f,0f,1f], start_interpolation: 0, interpolation_duration: 1 }
$data merge entity $(bone_group15) { transformation: [-2.6011188011217055f,-2.181288459760615f,0.277339466485427f,1.3157070396870578f,-2.330957295818121f,1.7183211828627551f,-0.09875093710000274f,0.6762490344978497f,-0.31233806006594234f,-0.4925616424347344f,-1.5726827629091158f,-3.157259599764376f,0f,0f,0f,1f], start_interpolation: 0, interpolation_duration: 1 }
$data merge entity $(bone_group16) { transformation: [-2.6011188011217055f,-2.181288459760615f,0.277339466485427f,1.3157070396870578f,-2.330957295818121f,1.7183211828627551f,-0.09875093710000274f,0.6762490344978497f,-0.31233806006594234f,-0.4925616424347344f,-1.5726827629091158f,-3.157259599764376f,0f,0f,0f,1f], start_interpolation: 0, interpolation_duration: 1 }
$data merge entity $(bone_group17) { transformation: [-2.401108942926869f,-2.3996904397088947f,0.277339466485427f,1.4359950992188388f,-2.471848858543723f,1.5086261375565122f,-0.09875093710000274f,0.6108403163228283f,-0.26821994365454715f,-0.5179093522902545f,-1.5726827629091158f,-3.1319399361878855f,0f,0f,0f,1f], start_interpolation: 0, interpolation_duration: 1 }
$data merge entity $(bone_group18) { transformation: [-2.401108942926869f,-2.3996904397088947f,0.277339466485427f,1.4359950992188388f,-2.471848858543723f,1.5086261375565122f,-0.09875093710000274f,0.6108403163228283f,-0.26821994365454715f,-0.5179093522902545f,-1.5726827629091158f,-3.1319399361878855f,0f,0f,0f,1f], start_interpolation: 0, interpolation_duration: 1 }
$data merge entity $(bone_group19) { transformation: [-2.401108942926869f,-2.3996904397088947f,0.277339466485427f,1.4903750512942655f,-2.471848858543723f,1.5086261375565122f,-0.09875093710000274f,0.49778118738167343f,-0.26821994365454715f,-0.5179093522902545f,-1.5726827629091158f,-3.1152510002843714f,0f,0f,0f,1f], start_interpolation: 0, interpolation_duration: 1 }
$data merge entity $(bone_group20) { transformation: [-2.401108942926869f,-2.3996904397088947f,0.277339466485427f,1.4903750512942655f,-2.471848858543723f,1.5086261375565122f,-0.09875093710000274f,0.49778118738167343f,-0.26821994365454715f,-0.5179093522902545f,-1.5726827629091158f,-3.1152510002843714f,0f,0f,0f,1f], start_interpolation: 0, interpolation_duration: 1 }
$data merge entity $(bone_bone11) { transformation: [-0.8862749703763679f,-0.022335852113810062f,0.17333716655339187f,0.8770494668070532f,-0.023356049606242768f,1.4966341691578104f,-0.06171933568750171f,0.9237547052051391f,-0.15482626337659564f,-0.09791462311452712f,-0.9829267268181974f,-3.3011363430521885f,0f,0f,0f,1f], start_interpolation: 0, interpolation_duration: 1 }
$data merge entity $(bone_3) { transformation: [-0.8861935374565301f,-0.429668757139175f,0.17333716655339187f,0.9282407407407411f,-0.44518969805697556f,0.8933066978066561f,-0.06171933568750171f,1.1747685185185186f,-0.12832438160466847f,-0.13186319726233042f,-0.9829267268181974f,-3.30787037037037f,0f,0f,0f,1f], start_interpolation: 0, interpolation_duration: 1 }
$data merge entity $(bone_8) { transformation: [-0.9859213722297095f,0.08069018317418472f,0.14645184232369013f,0.39067216645935765f,0.10693779478758969f,0.9775990127405154f,0.18128562638757934f,0.2241612653614808f,-0.12854320606960848f,0.19439461059423996f,-0.9724645903811924f,-3.2610020130231847f,0f,0f,0f,1f], start_interpolation: 0, interpolation_duration: 1 }
$data merge entity $(bone_7) { transformation: [-0.9859213722297095f,0.15251256920239037f,0.06854898989753652f,0.44976851851851896f,0.10693779478758969f,0.8902753619999466f,-0.44268960667925256f,0.5457175925925927f,-0.12854320606960848f,-0.4291266666744798f,-0.8940508643931822f,-3.4467592592592586f,0f,0f,0f,1f], start_interpolation: 0, interpolation_duration: 1 }