# This file was generated by Animated Java via MC-Build. It is not recommended to edit this file directly.
$data merge entity $(bone_layer) { transformation: [-0.9979860768894111f,-0.037320054921030944f,0.05129331180157541f,0.6064814814814818f,0.0008155622141467513f,0.8010015552529305f,0.5986617102677116f,1.2361111111111112f,-0.0634281104334447f,0.5974978845009227f,-0.7993579628825656f,-2.0763888888888897f,0f,0f,0f,1f], start_interpolation: 0, interpolation_duration: 1 }
$data merge entity $(bone_head) { transformation: [-0.9979860768894111f,-0.037320054921030944f,0.05129331180157541f,0.6064814814814818f,0.0008155622141467513f,0.8010015552529305f,0.5986617102677116f,1.2361111111111112f,-0.0634281104334447f,0.5974978845009227f,-0.7993579628825656f,-2.0763888888888897f,0f,0f,0f,1f], start_interpolation: 0, interpolation_duration: 1 }
$data merge entity $(bone_6) { transformation: [-0.9994847610879048f,-0.026033998821037466f,-0.018773472199890437f,0.7360684051503044f,-0.03178804690695735f,0.7219381204976627f,0.6912270757472851f,0.3614071897878883f,-0.004442119639869972f,0.6914677006756629f,-0.7223937198615563f,-2.6365608905798377f,0f,0f,0f,1f], start_interpolation: 0, interpolation_duration: 1 }
$data merge entity $(bone_12) { transformation: [-0.9994847610879048f,-0.028898463116860132f,-0.013967504520755089f,0.7252314814814819f,-0.03178804690695735f,0.8310005803187173f,0.5553625442751753f,0.6730324074074073f,-0.004442119639869972f,0.5555203995709235f,-0.8314910421848611f,-2.4282407407407414f,0f,0f,0f,1f], start_interpolation: 0, interpolation_duration: 1 }
$data merge entity $(bone_group3) { transformation: [0.6909027360888924f,-0.5394455904775113f,-0.5665163545035458f,-0.4706369286934519f,0.2844742147816892f,0.7452694253044991f,-0.5212937381277835f,1.5311961553487468f,1.0228256326635878f,0.15710840121324537f,0.5276581940801128f,-2.9967678223167726f,0f,0f,0f,1f], start_interpolation: 0, interpolation_duration: 1 }
$data merge entity $(bone_group1) { transformation: [0.6909027360888924f,-0.5394455904775113f,-0.5665163545035458f,-0.4706369286934519f,0.2844742147816892f,0.7452694253044991f,-0.5212937381277835f,1.5311961553487468f,1.0228256326635878f,0.15710840121324537f,0.5276581940801128f,-2.9967678223167726f,0f,0f,0f,1f], start_interpolation: 0, interpolation_duration: 1 }
$data merge entity $(bone_group4) { transformation: [0.6693120255861146f,-0.5225879157750891f,-0.54881271842531f,-0.4706369286934519f,0.27558439556976144f,0.7219797557637335f,-0.5050033088112903f,1.5311961553487468f,0.9908623316428509f,0.15219876367533147f,0.5111688755151094f,-2.9967678223167726f,0f,0f,0f,1f], start_interpolation: 0, interpolation_duration: 1 }
$data merge entity $(bone_group2) { transformation: [0.6693120255861146f,-0.5225879157750891f,-0.54881271842531f,-0.4706369286934519f,0.27558439556976144f,0.7219797557637335f,-0.5050033088112903f,1.5311961553487468f,0.9908623316428509f,0.15219876367533147f,0.5111688755151094f,-2.9967678223167726f,0f,0f,0f,1f], start_interpolation: 0, interpolation_duration: 1 }
$data merge entity $(bone_10) { transformation: [-1f,-6.59096833672329e-17f,1.0321584890436974e-16f,0.6064814814814818f,0f,0.8428213667502551f,0.5381934073818001f,0.9724742197799112f,-1.2246467991473532e-16f,0.5381934073818001f,-0.8428213667502551f,-2.2575500365840377f,0f,0f,0f,1f], start_interpolation: 0, interpolation_duration: 1 }
$data merge entity $(bone_9) { transformation: [-1f,-9.402371628908768e-17f,7.846743656962247e-17f,0.6064814814814818f,0f,0.64073524402509f,0.7677619077970126f,1.1848611111111111f,-1.2246467991473532e-16f,0.7677619077970126f,-0.64073524402509f,-1.9893287037037044f,0f,0f,0f,1f], start_interpolation: 0, interpolation_duration: 1 }
$data merge entity $(bone_bone12) { transformation: [-1.4673147454226565f,0.23593925680657468f,-0.13551564889185475f,0.6064814814814818f,0.1972925858550477f,1.461778490762832f,0.18169483513697227f,1.6194384101723351f,0.24096280507969162f,0.23986727796991925f,-0.9739725333858076f,-2.288689584097126f,0f,0f,0f,1f], start_interpolation: 0, interpolation_duration: 1 }
$data merge entity $(bone_bone1) { transformation: [0.773728851088965f,0.5146003273001911f,0.6098523945345281f,0.07739280769606727f,-0.6165268881665718f,-0.0526999388157019f,0.7871378590224215f,0.6914214147080544f,0.1457335279206296f,-2.9550650110600527f,0.09216315844251816f,-1.3539696221292936f,0f,0f,0f,1f], start_interpolation: 0, interpolation_duration: 1 }
$data merge entity $(bone_2) { transformation: [0.9498424546561992f,0.06926363126115337f,0.30496206439031776f,0.09987822700078675f,-0.31154813531189907f,0.2942355785908056f,0.9035281864308454f,0.8359365226711536f,-0.02714904632512692f,-0.9532197929522089f,0.3010563993802211f,-2.225668990885004f,0f,0f,0f,1f], start_interpolation: 0, interpolation_duration: 1 }
$data merge entity $(bone_bone2) { transformation: [1.9957647235088811f,0.1084764852229877f,-0.0359027176937324f,0.333027872949635f,-0.12044413466877474f,1.9579554901821814f,-0.19487400345437586f,0.740339151557207f,0.04915667626484129f,0.3932469333880701f,0.9801709634751823f,-2.1800462199517465f,0f,0f,0f,1f], start_interpolation: 0, interpolation_duration: 1 }
$data merge entity $(bone_1) { transformation: [0.9498424546561992f,0.3106610793049066f,-0.0359027176937324f,0.2314814814814818f,-0.31154813531189907f,0.9300332693841348f,-0.19487400345437586f,1.2251157407407407f,-0.02714904632512692f,0.1962850265398969f,0.9801709634751823f,-2.08738425925926f,0f,0f,0f,1f], start_interpolation: 0, interpolation_duration: 1 }
$data merge entity $(bone_4) { transformation: [-0.8363797708056779f,-0.35554901624307134f,0.4171975264016145f,1.0781054895306825f,-0.5436926761350623f,0.6349604244205638f,-0.5488383490033761f,0.9584226826025638f,-0.06976498336655672f,-0.6858645321550325f,-0.7243774503859314f,-2.1632047699014225f,0f,0f,0f,1f], start_interpolation: 0, interpolation_duration: 1 }
$data merge entity $(bone_group5) { transformation: [-3.3455190832227117f,-1.4799627424626056f,-0.016787789546373708f,1.0905857335412388f,-2.1747707045402493f,2.2371640043853835f,0.5344856570706162f,0.6865265346739068f,-0.2790599334662269f,0.30790826296954044f,-3.9640942537366515f,-2.0705225909489107f,0f,0f,0f,1f], start_interpolation: 0, interpolation_duration: 1 }
$data merge entity $(bone_group7) { transformation: [-3.3455190832227117f,-1.4799627424626056f,-0.016787789546373708f,1.0905857335412388f,-2.1747707045402493f,2.2371640043853835f,0.5344856570706162f,0.6865265346739068f,-0.2790599334662269f,0.30790826296954044f,-3.9640942537366515f,-2.0705225909489107f,0f,0f,0f,1f], start_interpolation: 0, interpolation_duration: 1 }
$data merge entity $(bone_group6) { transformation: [-2.157323143685191f,-2.954444873238459f,-0.016787789546373708f,1.4671382957070507f,-3.0019886797307294f,0.8500555079597392f,0.5344856570706162f,0.8326478301026383f,-0.3956271230449179f,0.12712641103364797f,-3.9640942537366515f,-2.052415490855418f,0f,0f,0f,1f], start_interpolation: 0, interpolation_duration: 1 }
$data merge entity $(bone_group8) { transformation: [-2.157323143685191f,-2.954444873238459f,-0.016787789546373708f,1.4671382957070507f,-3.0019886797307294f,0.8500555079597392f,0.5344856570706162f,0.8326478301026383f,-0.3956271230449179f,0.12712641103364797f,-3.9640942537366515f,-2.052415490855418f,0f,0f,0f,1f], start_interpolation: 0, interpolation_duration: 1 }
$data merge entity $(bone_group9) { transformation: [-2.157323143685191f,-2.954444873238459f,-0.016787789546373708f,1.5365115492599855f,-3.0019886797307294f,0.8500555079597392f,0.5344856570706162f,0.7277807673970734f,-0.3956271230449179f,0.12712641103364797f,-3.9640942537366515f,-2.066848690682115f,0f,0f,0f,1f], start_interpolation: 0, interpolation_duration: 1 }
$data merge entity $(bone_group10) { transformation: [-2.157323143685191f,-2.954444873238459f,-0.016787789546373708f,1.5365115492599855f,-3.0019886797307294f,0.8500555079597392f,0.5344856570706162f,0.7277807673970734f,-0.3956271230449179f,0.12712641103364797f,-3.9640942537366515f,-2.066848690682115f,0f,0f,0f,1f], start_interpolation: 0, interpolation_duration: 1 }
$data merge entity $(bone_group11) { transformation: [-2.157323143685191f,-2.954444873238459f,-0.016787789546373708f,1.6058848028129198f,-3.0019886797307294f,0.8500555079597392f,0.5344856570706162f,0.6229137046915085f,-0.3956271230449179f,0.12712641103364797f,-3.9640942537366515f,-2.081281890508812f,0f,0f,0f,1f], start_interpolation: 0, interpolation_duration: 1 }
$data merge entity $(bone_group12) { transformation: [-2.157323143685191f,-2.954444873238459f,-0.016787789546373708f,1.6058848028129198f,-3.0019886797307294f,0.8500555079597392f,0.5344856570706162f,0.6229137046915085f,-0.3956271230449179f,0.12712641103364797f,-3.9640942537366515f,-2.081281890508812f,0f,0f,0f,1f], start_interpolation: 0, interpolation_duration: 1 }
$data merge entity $(bone_group13) { transformation: [-2.4265770531402975f,-2.316880845571979f,-0.006715115818549483f,1.3068382709069128f,-2.5394323069805176f,1.5450516854835987f,0.2137942628282465f,0.8032310533409566f,-0.3321195703294993f,0.21813388330717942f,-1.5856377014946608f,-2.1030025226815954f,0f,0f,0f,1f], start_interpolation: 0, interpolation_duration: 1 }
$data merge entity $(bone_group14) { transformation: [-2.4265770531402975f,-2.316880845571979f,-0.006715115818549483f,1.3068382709069128f,-2.5394323069805176f,1.5450516854835987f,0.2137942628282465f,0.8032310533409566f,-0.3321195703294993f,0.21813388330717942f,-1.5856377014946608f,-2.1030025226815954f,0f,0f,0f,1f], start_interpolation: 0, interpolation_duration: 1 }
$data merge entity $(bone_group15) { transformation: [-2.3232065663888277f,-2.4205214928385184f,-0.006715115818549483f,1.3796912268063015f,-2.6044095380849748f,1.4328126571482092f,0.2137942628282465f,0.746675708911098f,-0.34131833244369786f,0.20343941599497073f,-1.5856377014946608f,-2.110936506715974f,0f,0f,0f,1f], start_interpolation: 0, interpolation_duration: 1 }
$data merge entity $(bone_group16) { transformation: [-2.3232065663888277f,-2.4205214928385184f,-0.006715115818549483f,1.3796912268063015f,-2.6044095380849748f,1.4328126571482092f,0.2137942628282465f,0.746675708911098f,-0.34131833244369786f,0.20343941599497073f,-1.5856377014946608f,-2.110936506715974f,0f,0f,0f,1f], start_interpolation: 0, interpolation_duration: 1 }
$data merge entity $(bone_group17) { transformation: [-2.1034037154634673f,-2.6137914716327044f,-0.006715115818549483f,1.5093981564379455f,-2.719376824851822f,1.2003711246989104f,0.2137942628282465f,0.6965624818852332f,-0.3577504265471191f,0.17291741481954825f,-1.5856377014946608f,-2.118242663396005f,0f,0f,0f,1f], start_interpolation: 0, interpolation_duration: 1 }
$data merge entity $(bone_group18) { transformation: [-2.1034037154634673f,-2.6137914716327044f,-0.006715115818549483f,1.5093981564379455f,-2.719376824851822f,1.2003711246989104f,0.2137942628282465f,0.6965624818852332f,-0.3577504265471191f,0.17291741481954825f,-1.5856377014946608f,-2.118242663396005f,0f,0f,0f,1f], start_interpolation: 0, interpolation_duration: 1 }
$data merge entity $(bone_group19) { transformation: [-2.1034037154634673f,-2.6137914716327044f,-0.006715115818549483f,1.57877140999088f,-2.719376824851822f,1.2003711246989104f,0.2137942628282465f,0.5916954191796684f,-0.3577504265471191f,0.17291741481954825f,-1.5856377014946608f,-2.1326758632227025f,0f,0f,0f,1f], start_interpolation: 0, interpolation_duration: 1 }
$data merge entity $(bone_group20) { transformation: [-2.1034037154634673f,-2.6137914716327044f,-0.006715115818549483f,1.57877140999088f,-2.719376824851822f,1.2003711246989104f,0.2137942628282465f,0.5916954191796684f,-0.3577504265471191f,0.17291741481954825f,-1.5856377014946608f,-2.1326758632227025f,0f,0f,0f,1f], start_interpolation: 0, interpolation_duration: 1 }
$data merge entity $(bone_bone11) { transformation: [-0.8907021765011847f,-0.2149635960038495f,-0.004196947386593427f,0.8961647097237304f,-0.12832216126833101f,1.471083435037672f,0.13362141426765406f,0.9469743384684219f,-0.013529807961571653f,0.1992590764579051f,-0.9910235634341629f,-2.1324448030642427f,0f,0f,0f,1f], start_interpolation: 0, interpolation_duration: 1 }
$data merge entity $(bone_3) { transformation: [-0.8363797708056779f,-0.5481343490602243f,-0.004196947386593427f,0.9155092592592595f,-0.5436926761350623f,0.8285792608834753f,0.13362141426765406f,1.2002314814814814f,-0.06976498336655672f,0.11404009739612608f,-0.9910235634341629f,-2.09837962962963f,0f,0f,0f,1f], start_interpolation: 0, interpolation_duration: 1 }
$data merge entity $(bone_8) { transformation: [-0.9859213722297095f,0.04785682592952019f,0.16021476833500112f,0.4120620227339926f,0.10693779478758968f,0.9170617458579153f,0.3841380771675722f,0.4713290986562482f,-0.12854320606960845f,0.39586295418488426f,-0.9092684783260456f,-2.111534680133556f,0f,0f,0f,1f], start_interpolation: 0, interpolation_duration: 1 }
$data merge entity $(bone_7) { transformation: [-0.9859213722297095f,0.16700806114016004f,0.00820702716524295f,0.47523148148148187f,0.10693779478758968f,0.6675118057386116f,-0.7368801104966435f,0.6730324074074073f,-0.12854320606960845f,-0.7256282083228179f,-0.6759736292634229f,-2.4282407407407414f,0f,0f,0f,1f], start_interpolation: 0, interpolation_duration: 1 }