# This file was generated by Animated Java via MC-Build. It is not recommended to edit this file directly.
$data merge entity $(bone_layer) { transformation: [-0.9942963474443163f,0.07500924529857449f,-0.07581811510865699f,0.6323564446754899f,0.0012257620634088667f,0.7188787404796726f,0.6951344143356185f,1.2510932944606412f,0.10664553889523551f,0.6910766741875303f,-0.714870449401601f,-1.0382669395099842f,0f,0f,0f,1f], start_interpolation: 0, interpolation_duration: 1 }
$data merge entity $(bone_head) { transformation: [-0.9942963474443163f,0.07500924529857449f,-0.07581811510865699f,0.6323564446754899f,0.0012257620634088667f,0.7188787404796726f,0.6951344143356185f,1.2510932944606412f,0.10664553889523551f,0.6910766741875303f,-0.714870449401601f,-1.0382669395099842f,0f,0f,0f,1f], start_interpolation: 0, interpolation_duration: 1 }
$data merge entity $(bone_6) { transformation: [-0.9975871258930672f,-0.06029017336258298f,0.034424137582794244f,0.7697862691159076f,0.006926760460183902f,0.40693289289260465f,0.913431793114069f,0.5722620040945141f,-0.06907927505364175f,0.9114662449470992f,-0.4055333994630995f,-1.8783463894815144f,0f,0f,0f,1f], start_interpolation: 0, interpolation_duration: 1 }
$data merge entity $(bone_12) { transformation: [-0.9975871258930672f,-0.053396541398913915f,0.04437043631793055f,0.749762566091315f,0.006926760460183902f,0.5593664341736182f,0.8288915564230455f,0.782024416909621f,-0.06907927505364175f,0.8271988888329851f,-0.5576468883366409f,-1.568146806169145f,0f,0f,0f,1f], start_interpolation: 0, interpolation_duration: 1 }
$data merge entity $(bone_group3) { transformation: [0.44908074554985183f,-0.5697106564628829f,-0.6610937972996702f,-0.25289094663190836f,0.1155739509838248f,0.7247254452697992f,-0.5819209194537192f,1.7829609722392987f,1.1787338929015414f,0.14599283544829655f,0.30892417481503714f,-2.1373990490790495f,0f,0f,0f,1f], start_interpolation: 0, interpolation_duration: 1 }
$data merge entity $(bone_group1) { transformation: [0.44908074554985183f,-0.5697106564628829f,-0.6610937972996702f,-0.25289094663190836f,0.1155739509838248f,0.7247254452697992f,-0.5819209194537192f,1.7829609722392987f,1.1787338929015414f,0.14599283544829655f,0.30892417481503714f,-2.1373990490790495f,0f,0f,0f,1f], start_interpolation: 0, interpolation_duration: 1 }
$data merge entity $(bone_group4) { transformation: [0.43504697225141903f,-0.5519071984484178f,-0.6404346161340556f,-0.25289094663190836f,0.11196226501558028f,0.702077775105118f,-0.5637358907207904f,1.7829609722392987f,1.1418984587483683f,0.1414305593405373f,0.29927029435206726f,-2.1373990490790495f,0f,0f,0f,1f], start_interpolation: 0, interpolation_duration: 1 }
$data merge entity $(bone_group2) { transformation: [0.43504697225141903f,-0.5519071984484178f,-0.6404346161340556f,-0.25289094663190836f,0.11196226501558028f,0.702077775105118f,-0.5637358907207904f,1.7829609722392987f,1.1418984587483683f,0.1414305593405373f,0.29927029435206726f,-2.1373990490790495f,0f,0f,0f,1f], start_interpolation: 0, interpolation_duration: 1 }
$data merge entity $(bone_10) { transformation: [-0.9999953394339968f,0.001901427348067403f,-0.0023886574315962546f,0.6318334258263872f,0f,0.7823841556151991f,0.6227961408376675f,1.0978516264971838f,0.003053049342132985f,0.6227932382551467f,-0.782380509262202f,-1.29910125217876f,0f,0f,0f,1f], start_interpolation: 0, interpolation_duration: 1 }
$data merge entity $(bone_9) { transformation: [-0.9999953394339968f,0.00276815483877037f,-0.0012878000908878827f,0.6327508653733664f,0f,0.42180782115633053f,0.9066852607224566f,1.2230193148688047f,0.003053049342132985f,0.9066810350559549f,-0.42180585529313935f,-0.9986032358084573f,0f,0f,0f,1f], start_interpolation: 0, interpolation_duration: 1 }
$data merge entity $(bone_bone12) { transformation: [-1.4998317054530679f,-0.016085949734213005f,0.010458330839605179f,0.6317800579564985f,-0.014836485814063525f,1.4955096228804095f,0.07668361134712981f,1.7039213397737332f,-0.016874063127464353f,0.11485734670992542f,-0.9970006254094386f,-1.3165813565543532f,0f,0f,0f,1f], start_interpolation: 0, interpolation_duration: 1 }
$data merge entity $(bone_bone1) { transformation: [0.7761310573673593f,0.25573276140367784f,0.6247831615718336f,0.1720182107145603f,-0.5981275722139107f,-0.6426085485351312f,0.7722438388349606f,0.9186031690507056f,0.1996596833297024f,-2.919187388314497f,-0.11526254551131127f,-0.4524242632420926f,0f,0f,0f,1f], start_interpolation: 0, interpolation_duration: 1 }
$data merge entity $(bone_2) { transformation: [0.9401712442296287f,-0.010199794714176882f,0.3405495495687808f,0.12052469664355792f,-0.33787427466773473f,0.10060652282452415f,0.9357987508449189f,0.8896590326665493f,-0.04380646118397435f,-0.9948740079793753f,0.09114111150073728f,-1.334331659161638f,0f,0f,0f,1f], start_interpolation: 0, interpolation_duration: 1 }
$data merge entity $(bone_bone2) { transformation: [1.9820831022046312f,0.13214935476561507f,-0.11606369370941672f,0.35248209769211797f,-0.22163492080935893f,1.7837391183299782f,-0.43850676152632506f,0.7858305548750276f,0.14907896509129226f,0.8948806097879333f,0.8912020192404304f,-1.262181344109083f,0f,0f,0f,1f], start_interpolation: 0, interpolation_duration: 1 }
$data merge entity $(bone_1) { transformation: [0.9401712442296287f,0.3203236652609943f,-0.11606369370941672f,0.2575808901863958f,-0.33787427466773473f,0.8327981715958837f,-0.43850676152632506f,1.2346483236151604f,-0.04380646118397435f,0.4514863839146375f,0.8912020192404304f,-1.0537044358504355f,0f,0f,0f,1f], start_interpolation: 0, interpolation_duration: 1 }
$data merge entity $(bone_4) { transformation: [-0.781431912520649f,-0.529211029097401f,0.3306052824381218f,1.0781837446712852f,-0.6237908413751851f,0.6759286931500703f,-0.3924352022855192f,1.0107281303484466f,-0.015784559251343266f,-0.5128899379575578f,-0.8583092445215379f,-1.1991136706455683f,0f,0f,0f,1f], start_interpolation: 0, interpolation_duration: 1 }
$data merge entity $(bone_group5) { transformation: [-3.125727650082596f,-1.602257306105094f,-0.7715607553167856f,1.1320901606406952f,-2.4951633655007406f,1.9847737664556502f,1.0621557347932877f,0.7321398028573234f,-0.06313823700537306f,0.8851240709766621f,-3.7784281382475333f,-1.15268199883179f,0f,0f,0f,1f], start_interpolation: 0, interpolation_duration: 1 }
$data merge entity $(bone_group7) { transformation: [-3.125727650082596f,-1.602257306105094f,-0.7715607553167856f,1.1320901606406952f,-2.4951633655007406f,1.9847737664556502f,1.0621557347932877f,0.7321398028573234f,-0.06313823700537306f,0.8851240709766621f,-3.7784281382475333f,-1.15268199883179f,0f,0f,0f,1f], start_interpolation: 0, interpolation_duration: 1 }
$data merge entity $(bone_group6) { transformation: [-1.9058308972304179f,-2.9504593555275287f,-0.7715607553167856f,1.4906739982693442f,-3.1532617443437427f,0.4712828197651455f,1.0621557347932877f,0.9177351618797451f,-0.4972413526851468f,0.7349708124642035f,-3.7784281382475333f,-1.1737325623884542f,0f,0f,0f,1f], start_interpolation: 0, interpolation_duration: 1 }
$data merge entity $(bone_group8) { transformation: [-1.9058308972304179f,-2.9504593555275287f,-0.7715607553167856f,1.4906739982693442f,-3.1532617443437427f,0.4712828197651455f,1.0621557347932877f,0.9177351618797451f,-0.4972413526851468f,0.7349708124642035f,-3.7784281382475333f,-1.1737325623884542f,0f,0f,0f,1f], start_interpolation: 0, interpolation_duration: 1 }
$data merge entity $(bone_group9) { transformation: [-1.9058308972304179f,-2.9504593555275287f,-0.7715607553167856f,1.5657798094930202f,-3.1532617443437427f,0.4712828197651455f,1.0621557347932877f,0.8246988915771365f,-0.4972413526851468f,0.7349708124642035f,-3.7784281382475333f,-1.2152227532154853f,0f,0f,0f,1f], start_interpolation: 0, interpolation_duration: 1 }
$data merge entity $(bone_group10) { transformation: [-1.9058308972304179f,-2.9504593555275287f,-0.7715607553167856f,1.5657798094930202f,-3.1532617443437427f,0.4712828197651455f,1.0621557347932877f,0.8246988915771365f,-0.4972413526851468f,0.7349708124642035f,-3.7784281382475333f,-1.2152227532154853f,0f,0f,0f,1f], start_interpolation: 0, interpolation_duration: 1 }
$data merge entity $(bone_group11) { transformation: [-1.9058308972304179f,-2.9504593555275287f,-0.7715607553167856f,1.6408856207166966f,-3.1532617443437427f,0.4712828197651455f,1.0621557347932877f,0.7316626212745279f,-0.4972413526851468f,0.7349708124642035f,-3.7784281382475333f,-1.2567129440425162f,0f,0f,0f,1f], start_interpolation: 0, interpolation_duration: 1 }
$data merge entity $(bone_group12) { transformation: [-1.9058308972304179f,-2.9504593555275287f,-0.7715607553167856f,1.6408856207166966f,-3.1532617443437427f,0.4712828197651455f,1.0621557347932877f,0.7316626212745279f,-0.4972413526851468f,0.7349708124642035f,-3.7784281382475333f,-1.2567129440425162f,0f,0f,0f,1f], start_interpolation: 0, interpolation_duration: 1 }
$data merge entity $(bone_group13) { transformation: [-2.20114543473168f,-2.3740319411382482f,-0.30862430212671427f,1.3273541554702564f,-2.7385446191847986f,1.2176332992241505f,0.4248622939173151f,0.8768035636233601f,-0.32035634760865905f,0.8270703993715275f,-1.5113712552990135f,-1.2015125139221294f,0f,0f,0f,1f], start_interpolation: 0, interpolation_duration: 1 }
$data merge entity $(bone_group14) { transformation: [-2.20114543473168f,-2.3740319411382482f,-0.30862430212671427f,1.3273541554702564f,-2.7385446191847986f,1.2176332992241505f,0.4248622939173151f,0.8768035636233601f,-0.32035634760865905f,0.8270703993715275f,-1.5113712552990135f,-1.2015125139221294f,0f,0f,0f,1f], start_interpolation: 0, interpolation_duration: 1 }
$data merge entity $(bone_group15) { transformation: [-2.09549661315352f,-2.4677850041376947f,-0.30862430212671427f,1.4025512235084596f,-2.7890505500669294f,1.0970207435672594f,0.4248622939173151f,0.8308194442985606f,-0.35612774347948006f,0.8123094639938351f,-1.5113712552990135f,-1.2297944869419952f,0f,0f,0f,1f], start_interpolation: 0, interpolation_duration: 1 }
$data merge entity $(bone_group16) { transformation: [-2.09549661315352f,-2.4677850041376947f,-0.30862430212671427f,1.4025512235084596f,-2.7890505500669294f,1.0970207435672594f,0.4248622939173151f,0.8308194442985606f,-0.35612774347948006f,0.8123094639938351f,-1.5113712552990135f,-1.2297944869419952f,0f,0f,0f,1f], start_interpolation: 0, interpolation_duration: 1 }
$data merge entity $(bone_group17) { transformation: [-1.8724409809155929f,-2.641028900896885f,-0.30862430212671427f,1.532961066712721f,-2.8740490284017346f,0.8497644761865202f,0.4248622939173151f,0.797777735002108f,-0.4255700045729701f,0.7781798032444046f,-1.5113712552990135f,-1.2657127453220443f,0f,0f,0f,1f], start_interpolation: 0, interpolation_duration: 1 }
$data merge entity $(bone_group18) { transformation: [-1.8724409809155929f,-2.641028900896885f,-0.30862430212671427f,1.532961066712721f,-2.8740490284017346f,0.8497644761865202f,0.4248622939173151f,0.797777735002108f,-0.4255700045729701f,0.7781798032444046f,-1.5113712552990135f,-1.2657127453220443f,0f,0f,0f,1f], start_interpolation: 0, interpolation_duration: 1 }
$data merge entity $(bone_group19) { transformation: [-1.8724409809155929f,-2.641028900896885f,-0.30862430212671427f,1.6080668779363974f,-2.8740490284017346f,0.8497644761865202f,0.4248622939173151f,0.7047414646994994f,-0.4255700045729701f,0.7781798032444046f,-1.5113712552990135f,-1.3072029361490753f,0f,0f,0f,1f], start_interpolation: 0, interpolation_duration: 1 }
$data merge entity $(bone_group20) { transformation: [-1.8724409809155929f,-2.641028900896885f,-0.30862430212671427f,1.6080668779363974f,-2.8740490284017346f,0.8497644761865202f,0.4248622939173151f,0.7047414646994994f,-0.4255700045729701f,0.7781798032444046f,-1.5113712552990135f,-1.3072029361490753f,0f,0f,0f,1f], start_interpolation: 0, interpolation_duration: 1 }
$data merge entity $(bone_bone11) { transformation: [-0.8631104438099226f,-0.31137239039239284f,-0.1928901888291964f,0.906478892501086f,-0.22921130094241726f,1.3947802794102997f,0.26553893369832193f,0.9738784754852113f,0.11181476336567905f,0.4556700633895682f,-0.9446070345618833f,-1.141327563511842f,0f,0f,0f,1f], start_interpolation: 0, interpolation_duration: 1 }
$data merge entity $(bone_3) { transformation: [-0.781431912520649f,-0.5934286318907755f,-0.1928901888291964f,0.9080374379796237f,-0.6237908413751851f,0.7351013949835741f,0.26553893369832193f,1.2206632653061225f,-0.015784559251343266f,0.32782372999135634f,-0.9446070345618833f,-1.0722720309743254f,0f,0f,0f,1f], start_interpolation: 0, interpolation_duration: 1 }
$data merge entity $(bone_8) { transformation: [-0.9863092260288068f,0.0189078481614209f,0.16381881432961443f,0.4452086793495544f,0.10693779478758969f,0.8295499550006826f,0.5480977834331507f,0.7247156372796218f,-0.1255325403886314f,0.558112323315182f,-0.8202147376555158f,-1.1875642847336905f,0f,0f,0f,1f], start_interpolation: 0, interpolation_duration: 1 }
$data merge entity $(bone_7) { transformation: [-0.9863092260288068f,0.15800475007732062f,-0.04720815187506785f,0.4997637312328158f,0.10693779478758969f,0.39490872950051403f,-0.9124754261952797f,0.782024416909621f,-0.1255325403886314f,-0.9050312670384894f,-0.4063988028849043f,-1.567383543833612f,0f,0f,0f,1f], start_interpolation: 0, interpolation_duration: 1 }