# This file was generated by Animated Java via MC-Build. It is not recommended to edit this file directly.
$data merge entity $(bone_layer) { transformation: [-0.9911586338479424f,0.0944916860259929f,-0.09314442452796369f,0.6433256157905343f,0.0012701427082871808f,0.708736520730789f,0.7054721333404436f,1.2488611516034984f,0.13267610668911314f,0.6991164891878757f,-0.7025903395716724f,-0.99619254277664f,0f,0f,0f,1f], start_interpolation: 0, interpolation_duration: 1 }
$data merge entity $(bone_head) { transformation: [-0.9911586338479424f,0.0944916860259929f,-0.09314442452796369f,0.6433256157905343f,0.0012701427082871808f,0.708736520730789f,0.7054721333404436f,1.2488611516034984f,0.13267610668911314f,0.6991164891878757f,-0.7025903395716724f,-0.99619254277664f,0f,0f,0f,1f], start_interpolation: 0, interpolation_duration: 1 }
$data merge entity $(bone_6) { transformation: [-0.9975044321668662f,-0.060704890138951646f,0.03605307366474631f,0.7774808174159255f,0.011330964833322802f,0.36637868665043816f,0.9303968331869182f,0.5925116107768642f,-0.06968871532324164f,0.9284834808877958f,-0.36477651880991235f,-1.8638961496879483f,0f,0f,0f,1f], start_interpolation: 0, interpolation_duration: 1 }
$data merge entity $(bone_12) { transformation: [-0.9975044321668662f,-0.053522095913419124f,0.04604664001306259f,0.7574100314483933f,0.011330964833322802f,0.5223742857417732f,0.8526410234276313f,0.7884019679300291f,-0.06968871532324164f,0.8510349527750356f,-0.5204642082908192f,-1.54475804239731f,0f,0f,0f,1f], start_interpolation: 0, interpolation_duration: 1 }
$data merge entity $(bone_group3) { transformation: [0.43004439102497716f,-0.5708166399895149f,-0.6669856269786868f,-0.22665067375776482f,0.09085497379260721f,0.7227512233048438f,-0.5867367758882591f,1.8104097536917603f,1.1879611272804955f,0.15136097196286613f,0.2863236635963056f,-2.098429576614497f,0f,0f,0f,1f], start_interpolation: 0, interpolation_duration: 1 }
$data merge entity $(bone_group1) { transformation: [0.43004439102497716f,-0.5708166399895149f,-0.6669856269786868f,-0.22665067375776482f,0.09085497379260721f,0.7227512233048438f,-0.5867367758882591f,1.8104097536917603f,1.1879611272804955f,0.15136097196286613f,0.2863236635963056f,-2.098429576614497f,0f,0f,0f,1f], start_interpolation: 0, interpolation_duration: 1 }
$data merge entity $(bone_group4) { transformation: [0.41660550380544664f,-0.5529786199898427f,-0.646142326135603f,-0.22665067375776482f,0.08801575586158823f,0.7001652475765675f,-0.568401251641751f,1.8104097536917603f,1.1508373420529803f,0.14663094158902656f,0.2773760491089211f,-2.098429576614497f,0f,0f,0f,1f], start_interpolation: 0, interpolation_duration: 1 }
$data merge entity $(bone_group2) { transformation: [0.41660550380544664f,-0.5529786199898427f,-0.646142326135603f,-0.22665067375776482f,0.08801575586158823f,0.7001652475765675f,-0.568401251641751f,1.8104097536917603f,1.1508373420529803f,0.14663094158902656f,0.2773760491089211f,-2.098429576614497f,0f,0f,0f,1f], start_interpolation: 0, interpolation_duration: 1 }
$data merge entity $(bone_10) { transformation: [-0.9999482163400047f,0.006432094906594684f,-0.007886240774638769f,0.6415312250461339f,0f,0.7749332324666902f,0.6320431039246664f,1.1063405208962915f,0.010176671285003578f,0.6320103744194704f,-0.7748931035876612f,-1.2620335496948862f,0f,0f,0f,1f], start_interpolation: 0, interpolation_duration: 1 }
$data merge entity $(bone_9) { transformation: [-0.9999482163400047f,0.00935037920704113f,-0.004016845419922113f,0.6446099279281748f,0f,0.39471112974252864f,0.9188052699333938f,1.2213101311953354f,0.010176671285003578f,0.9187576908336937f,-0.3946906901555897f,-0.9595236847968993f,0f,0f,0f,1f], start_interpolation: 0, interpolation_duration: 1 }
$data merge entity $(bone_bone12) { transformation: [-1.4991148189754622f,-0.032339841922522386f,0.0267406818877077f,0.6413570232830968f,-0.02963582387935546f,1.496442250356039f,0.0659370382927546f,1.710084362688066f,-0.04214827957532327f,0.09805470908518299f,-0.9974654093818792f,-1.2791504180061248f,0f,0f,0f,1f], start_interpolation: 0, interpolation_duration: 1 }
$data merge entity $(bone_bone1) { transformation: [0.7755246237503642f,0.2322752719217649f,0.6265516046553167f,0.1882331604390218f,-0.6015685194666174f,-0.631302554953276f,0.7706054568822378f,0.9198238908814053f,0.1915120736235646f,-2.9236116845715223f,-0.11662039498803359f,-0.422808273132139f,0f,0f,0f,1f], start_interpolation: 0, interpolation_duration: 1 }
$data merge entity $(bone_2) { transformation: [0.9386721268123512f,-0.01710332797486766f,0.34438657714516246f,0.1302194263178673f,-0.3408576109193367f,0.10478264868525483f,0.9342572909069881f,0.8947265471176298f,-0.052064646584212566f,-0.9943480641639959f,0.09252675218213646f,-1.3044286732984025f,0f,0f,0f,1f], start_interpolation: 0, interpolation_duration: 1 }
$data merge entity $(bone_bone2) { transformation: [1.9808099601853641f,0.13898221390436477f,-0.11945275828616903f,0.36223558168015046f,-0.2349854636672476f,1.756967666347126f,-0.46310000304357135f,0.7889462716983706f,0.14551197028266413f,0.945382760382786f,0.8782194632999601f,-1.230614478395121f,0f,0f,0f,1f], start_interpolation: 0, interpolation_duration: 1 }
$data merge entity $(bone_1) { transformation: [0.9386721268123512f,0.32345892611489785f,-0.11945275828616903f,0.2690808301523305f,-0.3408576109193367f,0.8181408657800968f,-0.46310000304357135f,1.232097303206997f,-0.052064646584212566f,0.47541544659086415f,0.8782194632999601f,-1.0096040588655648f,0f,0f,0f,1f], start_interpolation: 0, interpolation_duration: 1 }
$data merge entity $(bone_4) { transformation: [-0.7745570068034017f,-0.550578946132757f,0.3113266247642461f,1.0844965559631194f,-0.6324888559568599f,0.6776340734775667f,-0.3751931629875234f,1.0127977741456144f,-0.004392072647131611f,-0.4875191140227656f,-0.8731012674142213f,-1.1681405078218094f,0f,0f,0f,1f], start_interpolation: 0, interpolation_duration: 1 }
$data merge entity $(bone_group5) { transformation: [-3.0982280272136067f,-1.5994674601849264f,-0.886604180877255f,1.1427622413108234f,-2.5299554238274395f,1.9520714446261827f,1.1117132001923395f,0.7341654497401668f,-0.017568290588526443f,0.9597504461497424f,-3.7387199396276096f,-1.1276140257172613f,0f,0f,0f,1f], start_interpolation: 0, interpolation_duration: 1 }
$data merge entity $(bone_group7) { transformation: [-3.0982280272136067f,-1.5994674601849264f,-0.886604180877255f,1.1427622413108234f,-2.5299554238274395f,1.9520714446261827f,1.1117132001923395f,0.7341654497401668f,-0.017568290588526443f,0.9597504461497424f,-3.7387199396276096f,-1.1276140257172613f,0f,0f,0f,1f], start_interpolation: 0, interpolation_duration: 1 }
$data merge entity $(bone_group6) { transformation: [-1.8834104481914653f,-2.9342934666535245f,-0.886604180877255f,1.4985399934655632f,-3.16704138978988f,0.4255657491347429f,1.1117132001923395f,0.9242106555274262f,-0.49508980902560207f,0.8223841223648627f,-3.7387199396276096f,-1.1554733680318698f,0f,0f,0f,1f], start_interpolation: 0, interpolation_duration: 1 }
$data merge entity $(bone_group8) { transformation: [-1.8834104481914653f,-2.9342934666535245f,-0.886604180877255f,1.4985399934655632f,-3.16704138978988f,0.4255657491347429f,1.1117132001923395f,0.9242106555274262f,-0.49508980902560207f,0.8223841223648627f,-3.7387199396276096f,-1.1554733680318698f,0f,0f,0f,1f], start_interpolation: 0, interpolation_duration: 1 }
$data merge entity $(bone_group9) { transformation: [-1.8834104481914653f,-2.9342934666535245f,-0.886604180877255f,1.5735150306617318f,-3.16704138978988f,0.4255657491347429f,1.1117132001923395f,0.832707306560574f,-0.49508980902560207f,0.8223841223648627f,-3.7387199396276096f,-1.2004616701951392f,0f,0f,0f,1f], start_interpolation: 0, interpolation_duration: 1 }
$data merge entity $(bone_group10) { transformation: [-1.8834104481914653f,-2.9342934666535245f,-0.886604180877255f,1.5735150306617318f,-3.16704138978988f,0.4255657491347429f,1.1117132001923395f,0.832707306560574f,-0.49508980902560207f,0.8223841223648627f,-3.7387199396276096f,-1.2004616701951392f,0f,0f,0f,1f], start_interpolation: 0, interpolation_duration: 1 }
$data merge entity $(bone_group11) { transformation: [-1.8834104481914653f,-2.9342934666535245f,-0.886604180877255f,1.6484900678579f,-3.16704138978988f,0.4255657491347429f,1.1117132001923395f,0.7412039575937217f,-0.49508980902560207f,0.8223841223648627f,-3.7387199396276096f,-1.2454499723584083f,0f,0f,0f,1f], start_interpolation: 0, interpolation_duration: 1 }
$data merge entity $(bone_group12) { transformation: [-1.8834104481914653f,-2.9342934666535245f,-0.886604180877255f,1.6484900678579f,-3.16704138978988f,0.4255657491347429f,1.1117132001923395f,0.7412039575937217f,-0.49508980902560207f,0.8223841223648627f,-3.7387199396276096f,-1.2454499723584083f,0f,0f,0f,1f], start_interpolation: 0, interpolation_duration: 1 }
$data merge entity $(bone_group13) { transformation: [-2.1783801867571926f,-2.363928851321412f,-0.35464167235090205f,1.3349875775011852f,-2.758574439553257f,1.1770285842225872f,0.44468528007693586f,0.8818247031439319f,-0.30368218411099446f,0.910575670800571f,-1.495487975851044f,-1.1794427394819782f,0f,0f,0f,1f], start_interpolation: 0, interpolation_duration: 1 }
$data merge entity $(bone_group14) { transformation: [-2.1783801867571926f,-2.363928851321412f,-0.35464167235090205f,1.3349875775011852f,-2.758574439553257f,1.1770285842225872f,0.44468528007693586f,0.8818247031439319f,-0.30368218411099446f,0.910575670800571f,-1.495487975851044f,-1.1794427394819782f,0f,0f,0f,1f], start_interpolation: 0, interpolation_duration: 1 }
$data merge entity $(bone_group15) { transformation: [-2.0731937232390463f,-2.4566985240538353f,-0.35464167235090205f,1.4098903217942593f,-2.8072901536921293f,1.0555809867635997f,0.44468528007693586f,0.8371605130472553f,-0.34311189887228405f,0.896462573704329f,-1.495487975851044f,-1.2104862136736705f,0f,0f,0f,1f], start_interpolation: 0, interpolation_duration: 1 }
$data merge entity $(bone_group16) { transformation: [-2.0731937232390463f,-2.4566985240538353f,-0.35464167235090205f,1.4098903217942593f,-2.8072901536921293f,1.0555809867635997f,0.44468528007693586f,0.8371605130472553f,-0.34311189887228405f,0.896462573704329f,-1.495487975851044f,-1.2104862136736705f,0f,0f,0f,1f], start_interpolation: 0, interpolation_duration: 1 }
$data merge entity $(bone_group17) { transformation: [-1.8511892106368357f,-2.6280407832809294f,-0.35464167235090205f,1.5396279371626362f,-2.888607512044948f,0.8068927239671255f,0.44468528007693586f,0.8061951170764052f,-0.4199381159654387f,0.8631470905701598f,-1.495487975851044f,-1.2504599357138162f,0f,0f,0f,1f], start_interpolation: 0, interpolation_duration: 1 }
$data merge entity $(bone_group18) { transformation: [-1.8511892106368357f,-2.6280407832809294f,-0.35464167235090205f,1.5396279371626362f,-2.888607512044948f,0.8068927239671255f,0.44468528007693586f,0.8061951170764052f,-0.4199381159654387f,0.8631470905701598f,-1.495487975851044f,-1.2504599357138162f,0f,0f,0f,1f], start_interpolation: 0, interpolation_duration: 1 }
$data merge entity $(bone_group19) { transformation: [-1.8511892106368357f,-2.6280407832809294f,-0.35464167235090205f,1.6146029743588046f,-2.888607512044948f,0.8068927239671255f,0.44468528007693586f,0.7146917681095528f,-0.4199381159654387f,0.8631470905701598f,-1.495487975851044f,-1.2954482378770855f,0f,0f,0f,1f], start_interpolation: 0, interpolation_duration: 1 }
$data merge entity $(bone_group20) { transformation: [-1.8511892106368357f,-2.6280407832809294f,-0.35464167235090205f,1.6146029743588046f,-2.888607512044948f,0.8068927239671255f,0.44468528007693586f,0.7146917681095528f,-0.4199381159654387f,0.8631470905701598f,-1.495487975851044f,-1.2954482378770855f,0f,0f,0f,1f], start_interpolation: 0, interpolation_duration: 1 }
$data merge entity $(bone_bone11) { transformation: [-0.8571097280041384f,-0.3143258819581295f,-0.22165104521931375f,0.9148615542234371f,-0.24091293759031923f,1.383828428599273f,0.2779283000480849f,0.9730663895198172f,0.13162017574169485f,0.4860227568043602f,-0.9346799849069024f,-1.106293351375495f,0f,0f,0f,1f], start_interpolation: 0, interpolation_duration: 1 }
$data merge entity $(bone_3) { transformation: [-0.7745570068034017f,-0.5923953556240468f,-0.22165104521931375f,0.9155557799253341f,-0.6324888559568599f,0.7229894239356232f,0.2779283000480849f,1.21875f,-0.004392072647131611f,0.35546312820360826f,-0.9346799849069024f,-1.0334036421080226f,0f,0f,0f,1f], start_interpolation: 0, interpolation_duration: 1 }
$data merge entity $(bone_8) { transformation: [-0.9871784595666788f,0.019502170442786286f,0.15842460135843622f,0.4570908656797514f,0.10693779478758968f,0.8176478060331267f,0.5656998968845423f,0.7489424724034093f,-0.1185031519138891f,0.5753883302928857f,-0.80924982072858f,-1.1585357672073555f,0f,0f,0f,1f], start_interpolation: 0, interpolation_duration: 1 }
$data merge entity $(bone_7) { transformation: [-0.9871784595666788f,0.14957418467859065f,-0.05573376216705431f,0.507422977363392f,0.10693779478758968f,0.3605140257837136f,-0.926603445525208f,0.7884019679300291f,-0.1185031519138891f,-0.9206830076041127f,-0.37188681409202856f,-1.542213874576059f,0f,0f,0f,1f], start_interpolation: 0, interpolation_duration: 1 }