# This file was generated by Animated Java via MC-Build. It is not recommended to edit this file directly.
$data merge entity $(bone_layer) { transformation: [-0.9886566878339225f,0.10762013352106546f,-0.10476574088014666f,0.6542928883582667f,0.0012920792826691604f,0.7036090705199995f,0.7105861006332095f,1.2450801749271136f,0.15018749659137837f,0.7023903350295265f,-0.6957668669351282f,-1.0268487343075439f,0f,0f,0f,1f], start_interpolation: 0, interpolation_duration: 1 }
$data merge entity $(bone_head) { transformation: [-0.9886566878339225f,0.10762013352106546f,-0.10476574088014666f,0.6542928883582667f,0.0012920792826691604f,0.7036090705199995f,0.7105861006332095f,1.2450801749271136f,0.15018749659137837f,0.7023903350295265f,-0.6957668669351282f,-1.0268487343075439f,0f,0f,0f,1f], start_interpolation: 0, interpolation_duration: 1 }
$data merge entity $(bone_6) { transformation: [-0.9977657421467985f,-0.056722407773094854f,0.035300031935837486f,0.7831517516468901f,0.013530736581024584f,0.3458538174033037f,0.9381908420759271f,0.5986728951561043f,-0.0654250943126819f,0.9365723172526429f,-0.34431359483789137f,-1.9070834608218195f,0f,0f,0f,1f], start_interpolation: 0, interpolation_duration: 1 }
$data merge entity $(bone_12) { transformation: [-0.9977657421467985f,-0.04973088072722112f,0.04461348787466975f,0.7645026713741822f,0.013530736581024584f,0.5035146508179296f,0.8638807299501902f,0.787490889212828f,-0.0654250943126819f,0.8625542509974625f,-0.5017167738080752f,-1.5836256166977711f,0f,0f,0f,1f], start_interpolation: 0, interpolation_duration: 1 }
$data merge entity $(bone_group3) { transformation: [0.42612792535674704f,-0.5705730931328356f,-0.6685569279204571f,-0.21273615412017755f,0.0781346092950134f,0.7217637710674782f,-0.5889427260139459f,1.8203089968492694f,1.1902749339988283f,0.15689013760715567f,0.2780093716332853f,-2.124414311965916f,0f,0f,0f,1f], start_interpolation: 0, interpolation_duration: 1 }
$data merge entity $(bone_group1) { transformation: [0.42612792535674704f,-0.5705730931328356f,-0.6685569279204571f,-0.21273615412017755f,0.0781346092950134f,0.7217637710674782f,-0.5889427260139459f,1.8203089968492694f,1.1902749339988283f,0.15689013760715567f,0.2780093716332853f,-2.124414311965916f,0f,0f,0f,1f], start_interpolation: 0, interpolation_duration: 1 }
$data merge entity $(bone_group4) { transformation: [0.41281142768934875f,-0.5527426839724345f,-0.6476645239229428f,-0.21273615412017755f,0.07569290275454424f,0.6992086532216196f,-0.5705382658260102f,1.8203089968492694f,1.1530788423113651f,0.15198732080693209f,0.26932157876974516f,-2.124414311965916f,0f,0f,0f,1f], start_interpolation: 0, interpolation_duration: 1 }
$data merge entity $(bone_group2) { transformation: [0.41281142768934875f,-0.5527426839724345f,-0.6476645239229428f,-0.21273615412017755f,0.07569290275454424f,0.6992086532216196f,-0.5705382658260102f,1.8203089968492694f,1.1530788423113651f,0.15198732080693209f,0.26932157876974516f,-2.124414311965916f,0f,0f,0f,1f], start_interpolation: 0, interpolation_duration: 1 }
$data merge entity $(bone_10) { transformation: [-0.9998322241852238f,0.011661402107670395f,-0.014125692256016838f,0.6510494615661374f,0f,0.7711667234598777f,0.636633241849777f,1.1064891495177533f,0.018317300041995097f,0.636526430188912f,-0.7710373403345209f,-1.293417732103291f,0f,0f,0f,1f], start_interpolation: 0, interpolation_duration: 1 }
$data merge entity $(bone_9) { transformation: [-0.9998322241852238f,0.016935485437000197f,-0.006979456557757762f,0.6566071375436082f,0f,0.38103085835556194f,0.9245623207663309f,1.2163556851311954f,0.018317300041995097f,0.924407201569653f,-0.3809669305928465f,-0.9900573284894503f,0f,0f,0f,1f], start_interpolation: 0, interpolation_duration: 1 }
$data merge entity $(bone_bone12) { transformation: [-1.4987859578666922f,-0.03907387114674983f,0.03065133743849323f,0.6507382471318617f,-0.036231949189544074f,1.4968013383378658f,0.060637353386617354f,1.709262711083906f,-0.048248299032690824f,0.08977185607739935f,-0.9976891333915081f,-1.3104050729945267f,0f,0f,0f,1f], start_interpolation: 0, interpolation_duration: 1 }
$data merge entity $(bone_bone1) { transformation: [0.7742362796980856f,0.22480280247099388f,0.6284449369315943f,0.19919208536013758f,-0.607239194685943f,-0.5757269705581317f,0.7709938390953204f,0.9025092735814357f,0.17837809180624056f,-2.9356433971743137f,-0.1030798783570493f,-0.45628568556185534f,0f,0f,0f,1f], start_interpolation: 0, interpolation_duration: 1 }
$data merge entity $(bone_2) { transformation: [0.9376247816403125f,-0.01876298221681144f,0.3471422177613784f,0.13938169870025527f,-0.3423475067103644f,0.12388505549076723f,0.931370322522275f,0.8944874068205727f,-0.06048101770930771f,-0.9921191680057297f,0.10973423792265224f,-1.3381067373072004f,0f,0f,0f,1f], start_interpolation: 0, interpolation_duration: 1 }
$data merge entity $(bone_bone2) { transformation: [1.9808703602535416f,0.14730089203327373f,-0.11667804321637386f,0.37180600705629585f,-0.2413619234186002f,1.7446834251669245f,-0.4737679199437955f,0.7877950032992794f,0.13377981085604784f,0.9666344671870597f,0.8728861278903036f,-1.264485791937448f,0f,0f,0f,1f], start_interpolation: 0, interpolation_duration: 1 }
$data merge entity $(bone_1) { transformation: [0.9376247816403125f,0.3274843554815323f,-0.11667804321637386f,0.2806742171693881f,-0.3423475067103644f,0.8113828582619467f,-0.4737679199437955f,1.2283618804664722f,-0.06048101770930771f,0.484160979668456f,0.8728861278903036f,-1.0375451089051715f,0f,0f,0f,1f], start_interpolation: 0, interpolation_duration: 1 }
$data merge entity $(bone_4) { transformation: [-0.7710133243175509f,-0.5631415327400077f,0.297338305349368f,1.092590323578663f,-0.6368009397242306f,0.6782731721008546f,-0.36664706077450193f,1.010979801539228f,0.004797592222763441f,-0.47203508144149553f,-0.8815667104634707f,-1.2063071129157992f,0f,0f,0f,1f], start_interpolation: 0, interpolation_duration: 1 }
$data merge entity $(bone_group5) { transformation: [-3.0840532972702035f,-1.5923378419680443f,-0.9610642531248813f,1.1531219864796156f,-2.5472037588969223f,1.9355045431538571f,1.1356448264428185f,0.7323751731723821f,0.019190368891053765f,1.0041326408733722f,-3.713040038774047f,-1.1690426944525012f,0f,0f,0f,1f], start_interpolation: 0, interpolation_duration: 1 }
$data merge entity $(bone_group7) { transformation: [-3.0840532972702035f,-1.5923378419680443f,-0.9610642531248813f,1.1531219864796156f,-2.5472037588969223f,1.9355045431538571f,1.1356448264428185f,0.7323751731723821f,0.019190368891053765f,1.0041326408733722f,-3.713040038774047f,-1.1690426944525012f,0f,0f,0f,1f], start_interpolation: 0, interpolation_duration: 1 }
$data merge entity $(bone_group6) { transformation: [-1.8746995810771354f,-2.921031671186719f,-0.9610642531248813f,1.5072778180277746f,-3.173695435396876f,0.40259422406297385f,1.1356448264428185f,0.9246373466470172f,-0.4854469734690388f,0.8791995602110237f,-3.713040038774047f,-1.2019065919152985f,0f,0f,0f,1f], start_interpolation: 0, interpolation_duration: 1 }
$data merge entity $(bone_group8) { transformation: [-1.8746995810771354f,-2.921031671186719f,-0.9610642531248813f,1.5072778180277746f,-3.173695435396876f,0.40259422406297385f,1.1356448264428185f,0.9246373466470172f,-0.4854469734690388f,0.8791995602110237f,-3.713040038774047f,-1.2019065919152985f,0f,0f,0f,1f], start_interpolation: 0, interpolation_duration: 1 }
$data merge entity $(bone_group9) { transformation: [-1.8746995810771354f,-2.921031671186719f,-0.9610642531248813f,1.5819186543700265f,-3.173695435396876f,0.40259422406297385f,1.1356448264428185f,0.8339105711866803f,-0.4854469734690388f,0.8791995602110237f,-3.713040038774047f,-1.248975309456238f,0f,0f,0f,1f], start_interpolation: 0, interpolation_duration: 1 }
$data merge entity $(bone_group10) { transformation: [-1.8746995810771354f,-2.921031671186719f,-0.9610642531248813f,1.5819186543700265f,-3.173695435396876f,0.40259422406297385f,1.1356448264428185f,0.8339105711866803f,-0.4854469734690388f,0.8791995602110237f,-3.713040038774047f,-1.248975309456238f,0f,0f,0f,1f], start_interpolation: 0, interpolation_duration: 1 }
$data merge entity $(bone_group11) { transformation: [-1.8746995810771354f,-2.921031671186719f,-0.9610642531248813f,1.6565594907122785f,-3.173695435396876f,0.40259422406297385f,1.1356448264428185f,0.7431837957263432f,-0.4854469734690388f,0.8791995602110237f,-3.713040038774047f,-1.2960440269971771f,0f,0f,0f,1f], start_interpolation: 0, interpolation_duration: 1 }
$data merge entity $(bone_group12) { transformation: [-1.8746995810771354f,-2.921031671186719f,-0.9610642531248813f,1.6565594907122785f,-3.173695435396876f,0.40259422406297385f,1.1356448264428185f,0.7431837957263432f,-0.4854469734690388f,0.8791995602110237f,-3.713040038774047f,-1.2960440269971771f,0f,0f,0f,1f], start_interpolation: 0, interpolation_duration: 1 }
$data merge entity $(bone_group13) { transformation: [-2.1683572921058882f,-2.353293032425259f,-0.38442570124995257f,1.3435495365100623f,-2.768397702775869f,1.156560442518587f,0.45425793057712743f,0.8815153491417176f,-0.285476546489906f,0.9628519100986666f,-1.4852160155096188f,-1.2232147043930341f,0f,0f,0f,1f], start_interpolation: 0, interpolation_duration: 1 }
$data merge entity $(bone_group14) { transformation: [-2.1683572921058882f,-2.353293032425259f,-0.38442570124995257f,1.3435495365100623f,-2.768397702775869f,1.156560442518587f,0.45425793057712743f,0.8815153491417176f,-0.285476546489906f,0.9628519100986666f,-1.4852160155096188f,-1.2232147043930341f,0f,0f,0f,1f], start_interpolation: 0, interpolation_duration: 1 }
$data merge entity $(bone_group15) { transformation: [-2.0636442960669372f,-2.4456356355762496f,-0.38442570124995257f,1.418115702900703f,-2.8162112595431745f,1.0347038414714338f,0.45425793057712743f,0.837517037056615f,-0.32720384651611856f,0.9494831763657061f,-1.4852160155096188f,-1.2559720491111452f,0f,0f,0f,1f], start_interpolation: 0, interpolation_duration: 1 }
$data merge entity $(bone_group16) { transformation: [-2.0636442960669372f,-2.4456356355762496f,-0.38442570124995257f,1.418115702900703f,-2.8162112595431745f,1.0347038414714338f,0.45425793057712743f,0.837517037056615f,-0.32720384651611856f,0.9494831763657061f,-1.4852160155096188f,-1.2559720491111452f,0f,0f,0f,1f], start_interpolation: 0, interpolation_duration: 1 }
$data merge entity $(bone_group17) { transformation: [-1.8426403161803662f,-2.6161877050159785f,-0.38442570124995257f,1.5472676592657437f,-2.895675107290485f,0.7853174969092005f,0.45425793057712743f,0.8075958822959296f,-0.4087116485571415f,0.9173524119498231f,-1.4852160155096188f,-1.2985525576534003f,0f,0f,0f,1f], start_interpolation: 0, interpolation_duration: 1 }
$data merge entity $(bone_group18) { transformation: [-1.8426403161803662f,-2.6161877050159785f,-0.38442570124995257f,1.5472676592657437f,-2.895675107290485f,0.7853174969092005f,0.45425793057712743f,0.8075958822959296f,-0.4087116485571415f,0.9173524119498231f,-1.4852160155096188f,-1.2985525576534003f,0f,0f,0f,1f], start_interpolation: 0, interpolation_duration: 1 }
$data merge entity $(bone_group19) { transformation: [-1.8426403161803662f,-2.6161877050159785f,-0.38442570124995257f,1.6219084956079959f,-2.895675107290485f,0.7853174969092005f,0.45425793057712743f,0.7168691068355926f,-0.4087116485571415f,0.9173524119498231f,-1.4852160155096188f,-1.3456212751943397f,0f,0f,0f,1f], start_interpolation: 0, interpolation_duration: 1 }
$data merge entity $(bone_group20) { transformation: [-1.8426403161803662f,-2.6161877050159785f,-0.38442570124995257f,1.6219084956079959f,-2.895675107290485f,0.7853174969092005f,0.45425793057712743f,0.7168691068355926f,-0.4087116485571415f,0.9173524119498231f,-1.4852160155096188f,-1.3456212751943397f,0f,0f,0f,1f], start_interpolation: 0, interpolation_duration: 1 }
$data merge entity $(bone_bone11) { transformation: [-0.8532148587230332f,-0.31298252574076046f,-0.24026606328122033f,0.9243382977299156f,-0.24676403021159066f,1.378220470056733f,0.2839112066107046f,0.9698124483602414f,0.14536821608579947f,0.5025438035609754f,-0.9282600096935117f,-1.141683647131078f,0f,0f,0f,1f], start_interpolation: 0, interpolation_duration: 1 }
$data merge entity $(bone_3) { transformation: [-0.7710133243175509f,-0.5897547562844608f,-0.24026606328122033f,0.9250151947842519f,-0.6368009397242306f,0.7168535345014285f,0.2839112066107046f,1.214923469387755f,0.004797592222763441f,0.37190097810124895f,-0.9282600096935117f,-1.0668908847390686f,0f,0f,0f,1f], start_interpolation: 0, interpolation_duration: 1 }
$data merge entity $(bone_8) { transformation: [-0.9881105229421154f,0.02256221540923182f,0.15208070517618785f,0.4681500817104798f,0.10693779478758969f,0.8115563470505234f,0.5744045644038509f,0.7570176078900402f,-0.11046222203552894f,0.5838383697547104f,-0.8043201200424714f,-1.1935372861193447f,0f,0f,0f,1f], start_interpolation: 0, interpolation_duration: 1 }
$data merge entity $(bone_7) { transformation: [-0.9881105229421154f,0.140950012567084f,-0.06140593137798666f,0.5145446153278762f,0.10693779478758969f,0.3431245597782139f,-0.933182642639143f,0.787490889212828f,-0.11046222203552894f,-0.9286542039071088f,-0.35411787171594117f,-1.5790462916872723f,0f,0f,0f,1f], start_interpolation: 0, interpolation_duration: 1 }