# This file was generated by Animated Java via MC-Build. It is not recommended to edit this file directly.
$data merge entity $(bone_layer) { transformation: [-0.9877212016765662f,0.11190697195482657f,-0.10901218916479832f,0.6614524592393374f,0.0012920792826691604f,0.7036090705199995f,0.7105861006332095f,1.2415269679300291f,0.15622150392864426f,0.7017201048209208f,-0.6951141893245949f,-1.0957746474497327f,0f,0f,0f,1f], start_interpolation: 0, interpolation_duration: 1 }
$data merge entity $(bone_head) { transformation: [-0.9877212016765662f,0.11190697195482657f,-0.10901218916479832f,0.6614524592393374f,0.0012920792826691604f,0.7036090705199995f,0.7105861006332095f,1.2415269679300291f,0.15622150392864426f,0.7017201048209208f,-0.6951141893245949f,-1.0957746474497327f,0f,0f,0f,1f], start_interpolation: 0, interpolation_duration: 1 }
$data merge entity $(bone_6) { transformation: [-0.9981466317981967f,-0.051002574000220104f,0.03319697087487493f,0.7855340303273635f,0.013530736581024584f,0.3458538174033037f,0.9381908420759271f,0.5932064228528974f,-0.05933144695260806f,0.9369012084701964f,-0.34452272054190497f,-1.9746071991779368f,0f,0f,0f,1f], start_interpolation: 0, interpolation_duration: 1 }
$data merge entity $(bone_12) { transformation: [-0.9981466317981967f,-0.04446313680251143f,0.041549138325558274f,0.7688603540264217f,0.013530736581024584f,0.5035146508179296f,0.8638807299501902f,0.782024416909621f,-0.05933144695260806f,0.8628418313210017f,-0.5019798337833208f,-1.6510415124325613f,0f,0f,0f,1f], start_interpolation: 0, interpolation_duration: 1 }
$data merge entity $(bone_group3) { transformation: [0.43338788372168f,-0.5696044741853241f,-0.6668469197879549f,-0.2116623473171475f,0.0781346092950134f,0.7217637710674782f,-0.5889427260139459f,1.8148425245460624f,1.187650777593314f,0.1603711722025628f,0.2820864444734805f,-2.1858530373021434f,0f,0f,0f,1f], start_interpolation: 0, interpolation_duration: 1 }
$data merge entity $(bone_group1) { transformation: [0.43338788372168f,-0.5696044741853241f,-0.6668469197879549f,-0.2116623473171475f,0.0781346092950134f,0.7217637710674782f,-0.5889427260139459f,1.8148425245460624f,1.187650777593314f,0.1603711722025628f,0.2820864444734805f,-2.1858530373021434f,0f,0f,0f,1f], start_interpolation: 0, interpolation_duration: 1 }
$data merge entity $(bone_group4) { transformation: [0.41984451235537756f,-0.5518043343670328f,-0.6460079535445813f,-0.2116623473171475f,0.07569290275454424f,0.6992086532216196f,-0.5705382658260102f,1.8148425245460624f,1.150536690793523f,0.15535957307123271f,0.2732712430836843f,-2.1858530373021434f,0f,0f,0f,1f], start_interpolation: 0, interpolation_duration: 1 }
$data merge entity $(bone_group2) { transformation: [0.41984451235537756f,-0.5518043343670328f,-0.6460079535445813f,-0.2116623473171475f,0.07569290275454424f,0.6992086532216196f,-0.5705382658260102f,1.8148425245460624f,1.150536690793523f,0.15535957307123271f,0.2732712430836843f,-2.1858530373021434f,0f,0f,0f,1f], start_interpolation: 0, interpolation_duration: 1 }
$data merge entity $(bone_10) { transformation: [-0.9997017383719522f,0.015547859796927143f,-0.01883343706899785f,0.6571812889617248f,0f,0.7711667234598777f,0.636633241849777f,1.1010226772145464f,0.024422004342330418f,0.6364433585825935f,-0.7709367140174422f,-1.36014628469098f,0f,0f,0f,1f], start_interpolation: 0, interpolation_duration: 1 }
$data merge entity $(bone_9) { transformation: [-0.9997017383719522f,0.022579665012510422f,-0.00930553727732142f,0.6645912012601464f,0f,0.38103085835556194f,0.9245623207663309f,1.2108892128279884f,0.024422004342330418f,0.9242865593033075f,-0.3809172114714124f,-1.05682547194851f,0f,0f,0f,1f], start_interpolation: 0, interpolation_duration: 1 }
$data merge entity $(bone_bone12) { transformation: [-1.4990526246704745f,-0.03852498946546337f,0.02455880611690487f,0.6567663544327357f,-0.03623194918954407f,1.496801338337866f,0.060637353386617576f,1.703796238780699f,-0.03909570726419641f,0.09000877033189647f,-0.9978576934695543f,-1.3771314086032689f,0f,0f,0f,1f], start_interpolation: 0, interpolation_duration: 1 }
$data merge entity $(bone_bone1) { transformation: [0.7724671995264645f,0.2349831875500515f,0.6302056747576306f,0.20183184226748777f,-0.6133073607267254f,-0.4963809461346411f,0.7723192120576574f,0.8758568312001744f,0.16476803978368837f,-2.949303113937815f,-0.07977369359581585f,-0.522758544471715f,0f,0f,0f,1f], start_interpolation: 0, interpolation_duration: 1 }
$data merge entity $(bone_2) { transformation: [0.9372380008908232f,-0.014754572154458523f,0.34837800201320335f,0.14537434138068614f,-0.3423475067103644f,0.15076070623695387f,0.927399263588306f,0.8918475412089708f,-0.06620509297153479f,-0.988460172215084f,0.13624747193675435f,-1.4046921291520078f,0f,0f,0f,1f], start_interpolation: 0, interpolation_duration: 1 }
$data merge entity $(bone_bone2) { transformation: [1.9815230027513504f,0.15272539911462035f,-0.11207312571770857f,0.3781738906239558f,-0.24190282268459423f,1.7426647616244582f,-0.47555298153034364f,0.7849722799164942f,0.12267686800898914f,0.9694299773875633f,0.8725187540961299f,-1.3325366021504976f,0f,0f,0f,1f], start_interpolation: 0, interpolation_duration: 1 }
$data merge entity $(bone_1) { transformation: [0.9372380008908232f,0.3301886493779507f,-0.11207312571770857f,0.28832192450410343f,-0.3423475067103644f,0.8103379211210578f,-0.47555298153034364f,1.2250819970845481f,-0.06620509297153479f,0.4840742808858647f,0.8725187540961299f,-1.1042028310200482f,0f,0f,0f,1f], start_interpolation: 0, interpolation_duration: 1 }
$data merge entity $(bone_4) { transformation: [-0.7709696564820661f,-0.5660133138879432f,0.2919498540597576f,1.0991924223462024f,-0.6368009397242306f,0.6782731721008546f,-0.36664706077450193f,1.007153270926983f,0.009505364288756608f,-0.46858769991308247f,-0.8833658446758652f,-1.2779193056958458f,0f,0f,0f,1f], start_interpolation: 0, interpolation_duration: 1 }
$data merge entity $(bone_group5) { transformation: [-3.0838786259282642f,-1.5861768528329871f,-0.9837184199832449f,1.159950495958626f,-2.5472037588969223f,1.9355045431538571f,1.1356448264428185f,0.7285486425601372f,0.03802145715502643f,1.0138368482983942f,-3.7071024936410013f,-1.2410251925086495f,0f,0f,0f,1f], start_interpolation: 0, interpolation_duration: 1 }
$data merge entity $(bone_group7) { transformation: [-3.0838786259282642f,-1.5861768528329871f,-0.9837184199832449f,1.159950495958626f,-2.5472037588969223f,1.9355045431538571f,1.1356448264428185f,0.7285486425601372f,0.03802145715502643f,1.0138368482983942f,-3.7071024936410013f,-1.2410251925086495f,0f,0f,0f,1f], start_interpolation: 0, interpolation_duration: 1 }
$data merge entity $(bone_group6) { transformation: [-1.8776288058252317f,-2.91560876241235f,-0.9837184199832449f,1.5138990559898362f,-3.173695435396876f,0.40259422406297385f,1.1356448264428185f,0.9208108160347723f,-0.47399087636404247f,0.8970191944966727f,-3.7071024936410013f,-1.2760509776939404f,0f,0f,0f,1f], start_interpolation: 0, interpolation_duration: 1 }
$data merge entity $(bone_group8) { transformation: [-1.8776288058252317f,-2.91560876241235f,-0.9837184199832449f,1.5138990559898362f,-3.173695435396876f,0.40259422406297385f,1.1356448264428185f,0.9208108160347723f,-0.47399087636404247f,0.8970191944966727f,-3.7071024936410013f,-1.2760509776939404f,0f,0f,0f,1f], start_interpolation: 0, interpolation_duration: 1 }
$data merge entity $(bone_group9) { transformation: [-1.8776288058252317f,-2.91560876241235f,-0.9837184199832449f,1.5882510959663825f,-3.173695435396876f,0.40259422406297385f,1.1356448264428185f,0.8300840405744354f,-0.47399087636404247f,0.8970191944966727f,-3.7071024936410013f,-1.3235745799579275f,0f,0f,0f,1f], start_interpolation: 0, interpolation_duration: 1 }
$data merge entity $(bone_group10) { transformation: [-1.8776288058252317f,-2.91560876241235f,-0.9837184199832449f,1.5882510959663825f,-3.173695435396876f,0.40259422406297385f,1.1356448264428185f,0.8300840405744354f,-0.47399087636404247f,0.8970191944966727f,-3.7071024936410013f,-1.3235745799579275f,0f,0f,0f,1f], start_interpolation: 0, interpolation_duration: 1 }
$data merge entity $(bone_group11) { transformation: [-1.8776288058252317f,-2.91560876241235f,-0.9837184199832449f,1.6626031359429287f,-3.173695435396876f,0.40259422406297385f,1.1356448264428185f,0.7393572651140983f,-0.47399087636404247f,0.8970191944966727f,-3.7071024936410013f,-1.3710981822219148f,0f,0f,0f,1f], start_interpolation: 0, interpolation_duration: 1 }
$data merge entity $(bone_group12) { transformation: [-1.8776288058252317f,-2.91560876241235f,-0.9837184199832449f,1.6626031359429287f,-3.173695435396876f,0.40259422406297385f,1.1356448264428185f,0.7393572651140983f,-0.47399087636404247f,0.8970191944966727f,-3.7071024936410013f,-1.3710981822219148f,0f,0f,0f,1f], start_interpolation: 0, interpolation_duration: 1 }
$data merge entity $(bone_group13) { transformation: [-2.1700600089518276f,-2.3473699204368037f,-0.393487367993298f,1.350043717899681f,-2.768397702775869f,1.156560442518587f,0.45425793057712743f,0.8776888185294727f,-0.27223108267165447f,0.9772033329202449f,-1.4828409974564005f,-1.29635895655615f,0f,0f,0f,1f], start_interpolation: 0, interpolation_duration: 1 }
$data merge entity $(bone_group14) { transformation: [-2.1700600089518276f,-2.3473699204368037f,-0.393487367993298f,1.350043717899681f,-2.768397702775869f,1.156560442518587f,0.45425793057712743f,0.8776888185294727f,-0.27223108267165447f,0.9772033329202449f,-1.4828409974564005f,-1.29635895655615f,0f,0f,0f,1f], start_interpolation: 0, interpolation_duration: 1 }
$data merge entity $(bone_group15) { transformation: [-2.065603754819963f,-2.43979243254363f,-0.393487367993298f,1.4244084755641215f,-2.8162112595431745f,1.0347038414714338f,0.45425793057712743f,0.83369050644437f,-0.3145969897157656f,0.964398698829895f,-1.4828409974564005f,-1.3295709968531093f,0f,0f,0f,1f], start_interpolation: 0, interpolation_duration: 1 }
$data merge entity $(bone_group16) { transformation: [-2.065603754819963f,-2.43979243254363f,-0.393487367993298f,1.4244084755641215f,-2.8162112595431745f,1.0347038414714338f,0.45425793057712743f,0.83369050644437f,-0.3145969897157656f,0.964398698829895f,-1.4828409974564005f,-1.3295709968531093f,0f,0f,0f,1f], start_interpolation: 0, interpolation_duration: 1 }
$data merge entity $(bone_group17) { transformation: [-1.8451015873015928f,-2.610537515218012f,-0.393487367993298f,1.5532980246744703f,-2.895675107290485f,0.7853174969092005f,0.45425793057712743f,0.8037693516836847f,-0.39745273809186377f,0.9333099363160645f,-1.4828409974564005f,-1.3729393225155726f,0f,0f,0f,1f], start_interpolation: 0, interpolation_duration: 1 }
$data merge entity $(bone_group18) { transformation: [-1.8451015873015928f,-2.610537515218012f,-0.393487367993298f,1.5532980246744703f,-2.895675107290485f,0.7853174969092005f,0.45425793057712743f,0.8037693516836847f,-0.39745273809186377f,0.9333099363160645f,-1.4828409974564005f,-1.3729393225155726f,0f,0f,0f,1f], start_interpolation: 0, interpolation_duration: 1 }
$data merge entity $(bone_group19) { transformation: [-1.8451015873015928f,-2.610537515218012f,-0.393487367993298f,1.6276500646510166f,-2.895675107290485f,0.7853174969092005f,0.45425793057712743f,0.7130425762233477f,-0.39745273809186377f,0.9333099363160645f,-1.4828409974564005f,-1.4204629247795597f,0f,0f,0f,1f], start_interpolation: 0, interpolation_duration: 1 }
$data merge entity $(bone_group20) { transformation: [-1.8451015873015928f,-2.610537515218012f,-0.393487367993298f,1.6276500646510166f,-2.895675107290485f,0.7853174969092005f,0.45425793057712743f,0.7130425762233477f,-0.39745273809186377f,0.9333099363160645f,-1.4828409974564005f,-1.4204629247795597f,0f,0f,0f,1f], start_interpolation: 0, interpolation_duration: 1 }
$data merge entity $(bone_bone11) { transformation: [-0.8523113243673375f,-0.30990812329510015f,-0.24592960499581124f,0.9313381285091866f,-0.24676403021159066f,1.378220470056733f,0.2839112066107046f,0.9659859177479965f,0.15057529594501368f,0.5044455283103488f,-0.9267756234102503f,-1.212269685950463f,0f,0f,0f,1f], start_interpolation: 0, interpolation_duration: 1 }
$data merge entity $(bone_3) { transformation: [-0.7709696564820661f,-0.5874729084566619f,-0.24592960499581124f,0.93247170280425f,-0.6368009397242306f,0.7168535345014285f,0.2839112066107046f,1.2110969387755102f,0.009505364288756608f,0.37549512899940524f,-0.9267756234102503f,-1.137482451042577f,0f,0f,0f,1f], start_interpolation: 0, interpolation_duration: 1 }
$data merge entity $(bone_8) { transformation: [-0.9887665924529103f,0.026126752886019074f,0.14716663491665935f,0.4748951957740698f,0.10693779478758969f,0.8115563470505234f,0.5744045644038509f,0.7515511355868333f,-0.1044266905299012f,0.5836897192392918f,-0.8052337411952687f,-1.2591509042425768f,0f,0f,0f,1f], start_interpolation: 0, interpolation_duration: 1 }
$data merge entity $(bone_7) { transformation: [-0.9887665924529103f,0.13527695716077087f,-0.06356705522818695f,0.5189349194334336f,0.10693779478758969f,0.3431245597782139f,-0.933182642639143f,0.782024416909621f,-0.1044266905299012f,-0.9294975424057506f,-0.3537363212431576f,-1.6449360113469789f,0f,0f,0f,1f], start_interpolation: 0, interpolation_duration: 1 }