# This file was generated by Animated Java via MC-Build. It is not recommended to edit this file directly.
$data merge entity $(bone_layer) { transformation: [-0.9890178940066394f,0.10515246439618421f,-0.10385838707625292f,0.6611080065163494f,0.0012701427082871738f,0.708736520730789f,0.7054721333404436f,1.2399781341107872f,0.14779036528871617f,0.6975926486236973f,-0.7010866597746691f,-1.1684847837115817f,0f,0f,0f,1f], start_interpolation: 0, interpolation_duration: 1 }
$data merge entity $(bone_head) { transformation: [-0.9890178940066394f,0.10515246439618421f,-0.10385838707625292f,0.6611080065163494f,0.0012701427082871738f,0.708736520730789f,0.7054721333404436f,1.2399781341107872f,0.14779036528871617f,0.6975926486236973f,-0.7010866597746691f,-1.1684847837115817f,0f,0f,0f,1f], start_interpolation: 0, interpolation_duration: 1 }
$data merge entity $(bone_6) { transformation: [-0.9984519867212949f,-0.04652481633777933f,0.03048067710919579f,0.7835076010967682f,0.011330964833322812f,0.36637868665043816f,0.9303968331869182f,0.5788454300188467f,-0.05445401223275613f,0.9293019420150997f,-0.36528435652066865f,-2.0327051913902756f,0f,0f,0f,1f], start_interpolation: 0, interpolation_duration: 1 }
$data merge entity $(bone_12) { transformation: [-0.9984519867212949f,-0.040525085802848165f,0.038096556707541765f,0.7683106939207002f,0.011330964833322812f,0.5223742857417732f,0.8526410234276313f,0.7747357871720116f,-0.05445401223275613f,0.8517527945457203f,-0.5211064550888914f,-1.7132978934356304f,0f,0f,0f,1f], start_interpolation: 0, interpolation_duration: 1 }
$data merge entity $(bone_group3) { transformation: [0.4481281292625752f,-0.5684396565817234f,-0.6625372767617574f,-0.22408697386948184f,0.09085497379260735f,0.7227512233048439f,-0.5867367758882589f,1.7967435729337424f,1.1812582266148304f,0.16005666855121997f,0.29647162399203864f,-2.2518835489240243f,0f,0f,0f,1f], start_interpolation: 0, interpolation_duration: 1 }
$data merge entity $(bone_group1) { transformation: [0.4481281292625752f,-0.5684396565817234f,-0.6625372767617574f,-0.22408697386948184f,0.09085497379260735f,0.7227512233048439f,-0.5867367758882589f,1.7967435729337424f,1.1812582266148304f,0.16005666855121997f,0.29647162399203864f,-2.2518835489240243f,0f,0f,0f,1f], start_interpolation: 0, interpolation_duration: 1 }
$data merge entity $(bone_group4) { transformation: [0.4341241252231198f,-0.5506759173135446f,-0.6418329868629525f,-0.22408697386948184f,0.08801575586158839f,0.7001652475765676f,-0.5684012516417509f,1.7967435729337424f,1.1443439070331172f,0.15505489765899438f,0.2872068857422874f,-2.2518835489240243f,0f,0f,0f,1f], start_interpolation: 0, interpolation_duration: 1 }
$data merge entity $(bone_group2) { transformation: [0.4341241252231198f,-0.5506759173135446f,-0.6418329868629525f,-0.22408697386948184f,0.08801575586158839f,0.7001652475765676f,-0.5684012516417509f,1.7967435729337424f,1.1443439070331172f,0.15505489765899438f,0.2872068857422874f,-2.2518835489240243f,0f,0f,0f,1f], start_interpolation: 0, interpolation_duration: 1 }
$data merge entity $(bone_10) { transformation: [-0.9996763667896285f,0.016078780069771734f,-0.019713815301866375f,0.6567610870064381f,0f,0.7749332324666903f,0.6320431039246663f,1.092674340138274f,0.025439372678747203f,0.63183855378585f,-0.7746824383368436f,-1.4288374889074626f,0f,0f,0f,1f], start_interpolation: 0, interpolation_duration: 1 }
$data merge entity $(bone_9) { transformation: [-0.9996763667896285f,0.023373829681032528f,-0.010041203529969525f,0.6644571467287154f,0f,0.39471112974252864f,0.9188052699333938f,1.2076439504373178f,0.025439372678747203f,0.918507914034179f,-0.3945833881124407f,-1.126409865438995f,0f,0f,0f,1f], start_interpolation: 0, interpolation_duration: 1 }
$data merge entity $(bone_bone12) { transformation: [-1.4995835340400165f,-0.030839300426272476f,0.011511578427779548f,0.6563256220644069f,-0.029635823879355493f,1.496442250356039f,0.0659370382927546f,1.6964181819300483f,-0.01925986446074535f,0.09853694179632178f,-0.9977573806007553f,-1.4459497037647742f,0f,0f,0f,1f], start_interpolation: 0, interpolation_duration: 1 }
$data merge entity $(bone_bone1) { transformation: [0.7706288121685159f,0.2643326606905751f,0.6311637707172295f,0.1933252578169734f,-0.6180813614408647f,-0.41386845249567383f,0.7739144210357212f,0.8494020121949075f,0.15526321037241744f,-2.959533941099692f,-0.05185328771594869f,-0.5917253425777301f,0f,0f,0f,1f], start_interpolation: 0, interpolation_duration: 1 }
$data merge entity $(bone_2) { transformation: [0.9377680102238406f,-0.0048345116418179734f,0.34722872360737095f,0.1456914696794613f,-0.3408576109193367f,0.17833961995789327f,0.9230444566929786f,0.8900686225714418f,-0.06638710777840066f,-0.9839571166724997f,0.16559331046379777f,-1.4733869834741422f,0f,0f,0f,1f], start_interpolation: 0, interpolation_duration: 1 }
$data merge entity $(bone_bone2) { transformation: [1.982107682412011f,0.15081185569087163f,-0.1101191621680387f,0.378423968639022f,-0.23798591784572898f,1.745769818907251f,-0.4731940517112587f,0.7832825024024532f,0.12087943675585797f,0.9641283750495157f,0.8740487169194242f,-1.4033740785681068f,0f,0f,0f,1f], start_interpolation: 0, interpolation_duration: 1 }
$data merge entity $(bone_1) { transformation: [0.9377680102238406f,0.32934014198732f,-0.1101191621680387f,0.28806827820251435f,-0.3408576109193367f,0.8123444334169125f,-0.4731940517112587f,1.2238975947521866f,-0.06638710777840066f,0.4812811988560609f,0.8740487169194242f,-1.17621677712398f,0f,0f,0f,1f], start_interpolation: 0, interpolation_duration: 1 }
$data merge entity $(bone_4) { transformation: [-0.7745338052072333f,-0.5579566191699634f,0.29796274216020335f,1.1009689905395705f,-0.6324888559568599f,0.6776340734775667f,-0.3751931629875234f,1.0032314476150022f,0.007431802041639117f,-0.47905790212314f,-0.8777518412010251f,-1.34718181281578f,0f,0f,0f,1f], start_interpolation: 0, interpolation_duration: 1 }
$data merge entity $(bone_group5) { transformation: [-3.098135220828933f,-1.5846308219700727f,-0.9435712352311947f,1.15984651091894f,-2.5299554238274395f,1.9520714446261827f,1.1117132001923395f,0.7245991232095546f,0.029727208166556468f,0.9840539787722526f,-3.72475060702893f,-1.3075494594313937f,0f,0f,0f,1f], start_interpolation: 0, interpolation_duration: 1 }
$data merge entity $(bone_group7) { transformation: [-3.098135220828933f,-1.5846308219700727f,-0.9435712352311947f,1.15984651091894f,-2.5299554238274395f,1.9520714446261827f,1.1117132001923395f,0.7245991232095546f,0.029727208166556468f,0.9840539787722526f,-3.72475060702893f,-1.3075494594313937f,0f,0f,0f,1f], start_interpolation: 0, interpolation_duration: 1 }
$data merge entity $(bone_group6) { transformation: [-1.8907483946121317f,-2.9213981578603656f,-0.9435712352311947f,1.5151575468266154f,-3.16704138978988f,0.4255657491347429f,1.1117132001923395f,0.9146443289968139f,-0.46628247193030015f,0.8670793483952018f,-3.72475060702893f,-1.3408363884681305f,0f,0f,0f,1f], start_interpolation: 0, interpolation_duration: 1 }
$data merge entity $(bone_group8) { transformation: [-1.8907483946121317f,-2.9213981578603656f,-0.9435712352311947f,1.5151575468266154f,-3.16704138978988f,0.4255657491347429f,1.1117132001923395f,0.9146443289968139f,-0.46628247193030015f,0.8670793483952018f,-3.72475060702893f,-1.3408363884681305f,0f,0f,0f,1f], start_interpolation: 0, interpolation_duration: 1 }
$data merge entity $(bone_group9) { transformation: [-1.8907483946121317f,-2.9213981578603656f,-0.9435712352311947f,1.5894371166064625f,-3.16704138978988f,0.4255657491347429f,1.1117132001923395f,0.8231409800299617f,-0.46628247193030015f,0.8670793483952018f,-3.72475060702893f,-1.3869639187230798f,0f,0f,0f,1f], start_interpolation: 0, interpolation_duration: 1 }
$data merge entity $(bone_group10) { transformation: [-1.8907483946121317f,-2.9213981578603656f,-0.9435712352311947f,1.5894371166064625f,-3.16704138978988f,0.4255657491347429f,1.1117132001923395f,0.8231409800299617f,-0.46628247193030015f,0.8670793483952018f,-3.72475060702893f,-1.3869639187230798f,0f,0f,0f,1f], start_interpolation: 0, interpolation_duration: 1 }
$data merge entity $(bone_group11) { transformation: [-1.8907483946121317f,-2.9213981578603656f,-0.9435712352311947f,1.6637166863863095f,-3.16704138978988f,0.4255657491347429f,1.1117132001923395f,0.7316376310631094f,-0.46628247193030015f,0.8670793483952018f,-3.72475060702893f,-1.433091448978029f,0f,0f,0f,1f], start_interpolation: 0, interpolation_duration: 1 }
$data merge entity $(bone_group12) { transformation: [-1.8907483946121317f,-2.9213981578603656f,-0.9435712352311947f,1.6637166863863095f,-3.16704138978988f,0.4255657491347429f,1.1117132001923395f,0.7316376310631094f,-0.46628247193030015f,0.8670793483952018f,-3.72475060702893f,-1.433091448978029f,0f,0f,0f,1f], start_interpolation: 0, interpolation_duration: 1 }
$data merge entity $(bone_group13) { transformation: [-2.182761989993565f,-2.349753781287495f,-0.3774284940924779f,1.3512583019512578f,-2.758574439553257f,1.1770285842225872f,0.44468528007693586f,0.8722583766133196f,-0.27039453034789174f,0.9465541895152121f,-1.4899002428115722f,-1.3623063923057144f,0f,0f,0f,1f], start_interpolation: 0, interpolation_duration: 1 }
$data merge entity $(bone_group14) { transformation: [-2.182761989993565f,-2.349753781287495f,-0.3774284940924779f,1.3512583019512578f,-2.758574439553257f,1.1770285842225872f,0.44468528007693586f,0.8722583766133196f,-0.27039453034789174f,0.9465541895152121f,-1.4899002428115722f,-1.3623063923057144f,0f,0f,0f,1f], start_interpolation: 0, interpolation_duration: 1 }
$data merge entity $(bone_group15) { transformation: [-2.0781896638404063f,-2.442728077118378f,-0.3774284940924779f,1.4256784505535975f,-2.8072901536921293f,1.0555809867635997f,0.44468528007693586f,0.827594186516643f,-0.3114252885242686f,0.9338588359053166f,-1.4899002428115722f,-1.394489615800721f,0f,0f,0f,1f], start_interpolation: 0, interpolation_duration: 1 }
$data merge entity $(bone_group16) { transformation: [-2.0781896638404063f,-2.442728077118378f,-0.3774284940924779f,1.4256784505535975f,-2.8072901536921293f,1.0555809867635997f,0.44468528007693586f,0.827594186516643f,-0.3114252885242686f,0.9338588359053166f,-1.4899002428115722f,-1.394489615800721f,0f,0f,0f,1f], start_interpolation: 0, interpolation_duration: 1 }
$data merge entity $(bone_group17) { transformation: [-1.857383744855068f,-2.6145589230276896f,-0.3774284940924779f,1.5547907639580216f,-2.888607512044948f,0.8068927239671255f,0.44468528007693586f,0.7966287905457929f,-0.39163138174435985f,0.9031627187632694f,-1.4899002428115722f,-1.4364390832892788f,0f,0f,0f,1f], start_interpolation: 0, interpolation_duration: 1 }
$data merge entity $(bone_group18) { transformation: [-1.857383744855068f,-2.6145589230276896f,-0.3774284940924779f,1.5547907639580216f,-2.888607512044948f,0.8068927239671255f,0.44468528007693586f,0.7966287905457929f,-0.39163138174435985f,0.9031627187632694f,-1.4899002428115722f,-1.4364390832892788f,0f,0f,0f,1f], start_interpolation: 0, interpolation_duration: 1 }
$data merge entity $(bone_group19) { transformation: [-1.857383744855068f,-2.6145589230276896f,-0.3774284940924779f,1.6290703337378687f,-2.888607512044948f,0.8068927239671255f,0.44468528007693586f,0.7051254415789405f,-0.39163138174435985f,0.9031627187632694f,-1.4899002428115722f,-1.4825666135442281f,0f,0f,0f,1f], start_interpolation: 0, interpolation_duration: 1 }
$data merge entity $(bone_group20) { transformation: [-1.857383744855068f,-2.6145589230276896f,-0.3774284940924779f,1.6290703337378687f,-2.888607512044948f,0.8068927239671255f,0.44468528007693586f,0.7051254415789405f,-0.39163138174435985f,0.9031627187632694f,-1.4899002428115722f,-1.4825666135442281f,0f,0f,0f,1f], start_interpolation: 0, interpolation_duration: 1 }
$data merge entity $(bone_bone11) { transformation: [-0.8550007249114415f,-0.30687027855906657f,-0.23589280880779867f,0.9322978302105565f,-0.24091293759031923f,1.383828428599273f,0.2779283000480849f,0.9635000629892049f,0.14468834404509667f,0.49076421256805924f,-0.9311876517572325f,-1.2827524386997682f,0f,0f,0f,1f], start_interpolation: 0, interpolation_duration: 1 }
$data merge entity $(bone_3) { transformation: [-0.7745338052072333f,-0.5869003044333602f,-0.23589280880779867f,0.9341046129361604f,-0.6324888559568599f,0.7229894239356232f,0.2779283000480849f,1.2091836734693877f,0.007431802041639117f,0.36446443658231575f,-0.9311876517572325f,-1.2098818190879914f,0f,0f,0f,1f], start_interpolation: 0, interpolation_duration: 1 }
$data merge entity $(bone_8) { transformation: [-0.9888723538553668f,0.028283015539302146f,0.14605320541689565f,0.47392207742886405f,0.10693779478758968f,0.8176478060331267f,0.5656998968845423f,0.7352762916453918f,-0.10342038399906311f,0.5750235963168973f,-0.8115738338883703f,-1.3225363425367473f,0f,0f,0f,1f], start_interpolation: 0, interpolation_duration: 1 }
$data merge entity $(bone_7) { transformation: [-0.9888723538553668f,0.13550282824960833f,-0.06140400082163591f,0.5183916022232931f,0.10693779478758968f,0.3605140257837136f,-0.926603445525208f,0.7747357871720116f,-0.10342038399906311f,-0.9228589387060065f,-0.3709927269151099f,-1.7069380502659435f,0f,0f,0f,1f], start_interpolation: 0, interpolation_duration: 1 }