# This file was generated by Animated Java via MC-Build. It is not recommended to edit this file directly.
$data merge entity $(bone_layer) { transformation: [-0.9925525902458397f,0.08554956842285939f,-0.08672154829646773f,0.6499056240712668f,0.0012257620634088598f,0.7188787404796725f,0.6951344143356186f,1.24221027696793f,0.1218107265541011f,0.6898511635338613f,-0.7136298193512794f,-1.2105170677009693f,0f,0f,0f,1f], start_interpolation: 0, interpolation_duration: 1 }
$data merge entity $(bone_head) { transformation: [-0.9925525902458397f,0.08554956842285939f,-0.08672154829646773f,0.6499056240712668f,0.0012257620634088598f,0.7188787404796725f,0.6951344143356186f,1.24221027696793f,0.1218107265541011f,0.6898511635338613f,-0.7136298193512794f,-1.2105170677009693f,0f,0f,0f,1f], start_interpolation: 0, interpolation_duration: 1 }
$data merge entity $(bone_6) { transformation: [-0.9985253679034797f,-0.04636991050045792f,0.028229790176338636f,0.7759624141671718f,0.006926760460183919f,0.40693289289260454f,0.913431793114069f,0.5585958233364967f,-0.05384338067718088f,0.9122803582683534f,-0.40601162332501844f,-2.0471559379031103f,0f,0f,0f,1f], start_interpolation: 0, interpolation_duration: 1 }
$data merge entity $(bone_12) { transformation: [-0.9985253679034797f,-0.04076339574729214f,0.035852966688549336f,0.7606761407619372f,0.006926760460183919f,0.5593664341736181f,0.8288915564230455f,0.7683582361516035f,-0.05384338067718088f,0.8279175912414477f,-0.5582592161981843f,-1.7366868411875673f,0f,0f,0f,1f], start_interpolation: 0, interpolation_duration: 1 }
$data merge entity $(bone_group3) { transformation: [0.4670214150665764f,-0.5674157447884061f,-0.6563011440350548f,-0.2505500027548595f,0.11557395098382495f,0.7247254452697991f,-0.5819209194537193f,1.7692947914812807f,1.1717414835054893f,0.1546722750069345f,0.3189795651002227f,-2.2905675768178306f,0f,0f,0f,1f], start_interpolation: 0, interpolation_duration: 1 }
$data merge entity $(bone_group1) { transformation: [0.4670214150665764f,-0.5674157447884061f,-0.6563011440350548f,-0.2505500027548595f,0.11557395098382495f,0.7247254452697991f,-0.5819209194537193f,1.7692947914812807f,1.1717414835054893f,0.1546722750069345f,0.3189795651002227f,-2.2905675768178306f,0f,0f,0f,1f], start_interpolation: 0, interpolation_duration: 1 }
$data merge entity $(bone_group4) { transformation: [0.4524269958457459f,-0.5496840027637685f,-0.6357917332839593f,-0.2505500027548595f,0.11196226501558042f,0.7020777751051179f,-0.5637358907207906f,1.7692947914812807f,1.135124562145943f,0.1498387664129678f,0.30901145369084076f,-2.2905675768178306f,0f,0f,0f,1f], start_interpolation: 0, interpolation_duration: 1 }
$data merge entity $(bone_group2) { transformation: [0.4524269958457459f,-0.5496840027637685f,-0.6357917332839593f,-0.2505500027548595f,0.11196226501558042f,0.7020777751051179f,-0.5637358907207906f,1.7692947914812807f,1.135124562145943f,0.1498387664129678f,0.30901145369084076f,-2.2905675768178306f,0f,0f,0f,1f], start_interpolation: 0, interpolation_duration: 1 }
$data merge entity $(bone_10) { transformation: [-0.9998322241852238f,0.01140794377672022f,-0.014331165326506622f,0.6468676342846761f,0f,0.7823841556151991f,0.6227961408376674f,1.0841854457391662f,0.01831730004199514f,0.622691650707699f,-0.7822528904760229f,-1.4658724839259303f,0f,0f,0f,1f], start_interpolation: 0, interpolation_duration: 1 }
$data merge entity $(bone_9) { transformation: [-0.9998322241852238f,0.01660802596430783f,-0.007726380420180733f,0.6523719722658857f,0f,0.42180782115633053f,0.9066852607224566f,1.209353134110787f,0.01831730004199514f,0.9065331408640933f,-0.421737052005457f,-1.1654234835927664f,0f,0f,0f,1f], start_interpolation: 0, interpolation_duration: 1 }
$data merge entity $(bone_bone12) { transformation: [-1.4999145342271356f,-0.01433081516561463f,-0.004761780753922019f,0.6465474444757972f,-0.01483648581406358f,1.4955096228804095f,0.07668361134712953f,1.6902551590157155f,0.006022350279089566f,0.11508951128918965f,-0.9970441059425675f,-1.4833497370166613f,0f,0f,0f,1f], start_interpolation: 0, interpolation_duration: 1 }
$data merge entity $(bone_bone1) { transformation: [0.7691278856000141f,0.314234690949392f,0.6304528548182209f,0.17111011615335098f,-0.6201099855079258f,-0.34903516134190715f,0.7758398251792318f,0.8327509134204271f,0.15461533386379006f,-2.963010464907434f,-0.024530868664082023f,-0.6321253949933305f,0f,0f,0f,1f], start_interpolation: 0, interpolation_duration: 1 }
$data merge entity $(bone_2) { transformation: [0.9393930115133374f,0.011163665229927344f,0.34266038945074556f,0.1380457745481942f,-0.33787427466773473f,0.19967506632954335f,0.91976673260346f,0.892495754883345f,-0.05815276809967564f,-0.979798571373181f,0.19134527717563016f,-1.5133673045918177f,0f,0f,0f,1f], start_interpolation: 0, interpolation_duration: 1 }
$data merge entity $(bone_bone2) { transformation: [1.9818780907603342f,0.13739796227559609f,-0.11541342353327685f,0.36991372098768993f,-0.23103073853526418f,1.7486734491982434f,-0.47137192479001366f,0.7855720515457039f,0.13705484747363958f,0.9608657388166322f,0.8743501873895186f,-1.445582101616645f,0f,0f,0f,1f], start_interpolation: 0, interpolation_duration: 1 }
$data merge entity $(bone_1) { transformation: [0.9393930115133374f,0.32283201760084296f,-0.11541342353327685f,0.27630447580972434f,-0.33787427466773473f,0.8146468455947706f,-0.47137192479001366f,1.2264486151603498f,-0.05815276809967564f,0.48179871873455526f,0.8743501873895186f,-1.2202569701453583f,0f,0f,0f,1f], start_interpolation: 0, interpolation_duration: 1 }
$data merge entity $(bone_4) { transformation: [-0.7815818125502222f,-0.5369784691996509f,0.3174649490994382f,1.0945920951496726f,-0.6237908413751853f,0.6759286931500704f,-0.39243520228551915f,1.0011618038178343f,-0.0038544139824034773f,-0.504751944416698f,-0.8632558242493443f,-1.3781755010003998f,0f,0f,0f,1f], start_interpolation: 0, interpolation_duration: 1 }
$data merge entity $(bone_group5) { transformation: [-3.1263272502008888f,-1.588559490394167f,-0.8291473464561647f,1.1492009948746804f,-2.495163365500741f,1.9847737664556502f,1.062155734793288f,0.7225734763267111f,-0.015417655929613909f,0.9094788845641651f,-3.766210279964521f,-1.3325721030906659f,0f,0f,0f,1f], start_interpolation: 0, interpolation_duration: 1 }
$data merge entity $(bone_group7) { transformation: [-3.1263272502008888f,-1.588559490394167f,-0.8291473464561647f,1.1492009948746804f,-2.495163365500741f,1.9847737664556502f,1.062155734793288f,0.7225734763267111f,-0.015417655929613909f,0.9094788845641651f,-3.766210279964521f,-1.3325721030906659f,0f,0f,0f,1f], start_interpolation: 0, interpolation_duration: 1 }
$data merge entity $(bone_group6) { transformation: [-1.9131990740204352f,-2.938896499204655f,-0.8291473464561647f,1.5074217231260043f,-3.153261744343743f,0.4712828197651453f,1.062155734793288f,0.9081688353491328f,-0.46809152398393594f,0.779922990273295f,-3.766210279964521f,-1.3590938806637007f,0f,0f,0f,1f], start_interpolation: 0, interpolation_duration: 1 }
$data merge entity $(bone_group8) { transformation: [-1.9131990740204352f,-2.938896499204655f,-0.8291473464561647f,1.5074217231260043f,-3.153261744343743f,0.4712828197651453f,1.062155734793288f,0.9081688353491328f,-0.46809152398393594f,0.779922990273295f,-3.766210279964521f,-1.3590938806637007f,0f,0f,0f,1f], start_interpolation: 0, interpolation_duration: 1 }
$data merge entity $(bone_group9) { transformation: [-1.9131990740204352f,-2.938896499204655f,-0.8291473464561647f,1.5818854492382308f,-3.153261744343743f,0.4712828197651453f,1.062155734793288f,0.8151325650465242f,-0.46809152398393594f,0.779922990273295f,-3.766210279964521f,-1.401725703377646f,0f,0f,0f,1f], start_interpolation: 0, interpolation_duration: 1 }
$data merge entity $(bone_group10) { transformation: [-1.9131990740204352f,-2.938896499204655f,-0.8291473464561647f,1.5818854492382308f,-3.153261744343743f,0.4712828197651453f,1.062155734793288f,0.8151325650465242f,-0.46809152398393594f,0.779922990273295f,-3.766210279964521f,-1.401725703377646f,0f,0f,0f,1f], start_interpolation: 0, interpolation_duration: 1 }
$data merge entity $(bone_group11) { transformation: [-1.9131990740204352f,-2.938896499204655f,-0.8291473464561647f,1.6563491753504576f,-3.153261744343743f,0.4712828197651453f,1.062155734793288f,0.7220962947439157f,-0.46809152398393594f,0.779922990273295f,-3.766210279964521f,-1.4443575260915913f,0f,0f,0f,1f], start_interpolation: 0, interpolation_duration: 1 }
$data merge entity $(bone_group12) { transformation: [-1.9131990740204352f,-2.938896499204655f,-0.8291473464561647f,1.6563491753504576f,-3.153261744343743f,0.4712828197651453f,1.062155734793288f,0.7220962947439157f,-0.46809152398393594f,0.779922990273295f,-3.766210279964521f,-1.4443575260915913f,0f,0f,0f,1f], start_interpolation: 0, interpolation_duration: 1 }
$data merge entity $(bone_group13) { transformation: [-2.2057791112733343f,-2.3611303750161707f,-0.3316589385824659f,1.3436968570420906f,-2.7385446191847995f,1.2176332992241505f,0.4248622939173152f,0.8672372370927477f,-0.2867192469359108f,0.8632128678589176f,-1.5064841119858086f,-1.3843775707610053f,0f,0f,0f,1f], start_interpolation: 0, interpolation_duration: 1 }
$data merge entity $(bone_group14) { transformation: [-2.2057791112733343f,-2.3611303750161707f,-0.3316589385824659f,1.3436968570420906f,-2.7385446191847995f,1.2176332992241505f,0.4248622939173152f,0.8672372370927477f,-0.2867192469359108f,0.8632128678589176f,-1.5064841119858086f,-1.3843775707610053f,0f,0f,0f,1f], start_interpolation: 0, interpolation_duration: 1 }
$data merge entity $(bone_group15) { transformation: [-2.1006886378721443f,-2.4550978355798083f,-0.3316589385824659f,1.4184534485222837f,-2.7890505500669303f,1.0970207435672594f,0.4248622939173152f,0.8212531177679483f,-0.32409917020649187f,0.8498847625838319f,-1.5064841119858086f,-1.4138041075892167f,0f,0f,0f,1f], start_interpolation: 0, interpolation_duration: 1 }
$data merge entity $(bone_group16) { transformation: [-2.1006886378721443f,-2.4550978355798083f,-0.3316589385824659f,1.4184534485222837f,-2.7890505500669303f,1.0970207435672594f,0.4248622939173152f,0.8212531177679483f,-0.32409917020649187f,0.8498847625838319f,-1.5064841119858086f,-1.4138041075892167f,0f,0f,0f,1f], start_interpolation: 0, interpolation_duration: 1 }
$data merge entity $(bone_group17) { transformation: [-1.8787190080116742f,-2.6288425256164385f,-0.3316589385824659f,1.5482998167851196f,-2.874049028401735f,0.84976447618652f,0.4248622939173152f,0.7882114084714957f,-0.3969382127485525f,0.8184035905717286f,-1.5064841119858086f,-1.4517088452689315f,0f,0f,0f,1f], start_interpolation: 0, interpolation_duration: 1 }
$data merge entity $(bone_group18) { transformation: [-1.8787190080116742f,-2.6288425256164385f,-0.3316589385824659f,1.5482998167851196f,-2.874049028401735f,0.84976447618652f,0.4248622939173152f,0.7882114084714957f,-0.3969382127485525f,0.8184035905717286f,-1.5064841119858086f,-1.4517088452689315f,0f,0f,0f,1f], start_interpolation: 0, interpolation_duration: 1 }
$data merge entity $(bone_group19) { transformation: [-1.8787190080116742f,-2.6288425256164385f,-0.3316589385824659f,1.6227635428973464f,-2.874049028401735f,0.84976447618652f,0.4248622939173152f,0.6951751381688871f,-0.3969382127485525f,0.8184035905717286f,-1.5064841119858086f,-1.4943406679828768f,0f,0f,0f,1f], start_interpolation: 0, interpolation_duration: 1 }
$data merge entity $(bone_group20) { transformation: [-1.8787190080116742f,-2.6288425256164385f,-0.3316589385824659f,1.6227635428973464f,-2.874049028401735f,0.84976447618652f,0.4248622939173152f,0.6951751381688871f,-0.3969382127485525f,0.8184035905717286f,-1.5064841119858086f,-1.4943406679828768f,0f,0f,0f,1f], start_interpolation: 0, interpolation_duration: 1 }
$data merge entity $(bone_bone11) { transformation: [-0.8613030647957952f,-0.3043804551884898f,-0.20728683661404118f,0.9237893349442028f,-0.22921130094241737f,1.3947802794102997f,0.265538933698322f,0.9643121489545989f,0.12497683822874887f,0.4603699715091915f,-0.9415525699911302f,-1.3177751074366717f,0f,0f,0f,1f], start_interpolation: 0, interpolation_duration: 1 }
$data merge entity $(bone_3) { transformation: [-0.7815818125502222f,-0.5883553668126544f,-0.20728683661404118f,0.9264018092713546f,-0.6237908413751853f,0.7351013949835741f,0.265538933698322f,1.2110969387755102f,-0.0038544139824034773f,0.33684403132006113f,-0.9415525699911302f,-1.2487514113900338f,0f,0f,0f,1f], start_interpolation: 0, interpolation_duration: 1 }
$data merge entity $(bone_8) { transformation: [-0.9881105229421154f,0.027425049827584553f,0.1512794139763029f,0.46196720767012617f,0.10693779478758969f,0.8295499550006824f,0.5480977834331506f,0.7110494565216043f,-0.11046222203552891f,0.5577586743389296f,-0.8226198141928344f,-1.3514997452941127f,0f,0f,0f,1f], start_interpolation: 0, interpolation_duration: 1 }
$data merge entity $(bone_7) { transformation: [-0.9881105229421154f,0.14417133015945488f,-0.05340619824620162f,0.5107180847156313f,0.10693779478758969f,0.39490872950051403f,-0.9124754261952797f,0.7683582361516035f,-0.11046222203552891f,-0.9073377116180852f,-0.405630835340005f,-1.7321075161770685f,0f,0f,0f,1f], start_interpolation: 0, interpolation_duration: 1 }