# This file was generated by Animated Java via MC-Build. It is not recommended to edit this file directly.
$data merge entity $(bone_layer) { transformation: [-0.9971767635230964f,0.05185429829535726f,-0.05431053339729581f,0.6250000000000001f,0.0011580172413702301f,0.7338064783135851f,0.6793575725500398f,1.25f,0.07508103146382156f,0.6773766929362939f,-0.7317948172684872f,-1.1875f,0f,0f,0f,1f], start_interpolation: 0, interpolation_duration: 1 }
$data merge entity $(bone_head) { transformation: [-0.9971767635230964f,0.05185429829535726f,-0.05431053339729581f,0.6250000000000001f,0.0011580172413702301f,0.7338064783135851f,0.6793575725500398f,1.25f,0.07508103146382156f,0.6773766929362939f,-0.7317948172684872f,-1.1875f,0f,0f,0f,1f], start_interpolation: 0, interpolation_duration: 1 }
$data merge entity $(bone_6) { transformation: [-0.998165173417825f,-0.05341664527992089f,0.028512253204589277f,0.7616202596005305f,0.0003104463206290847f,0.4663677760388732f,0.8845908665002354f,0.53579117741998f,-0.06054907265058247f,0.8829766471881316f,-0.4654954890453397f,-1.9832736766855115f,0f,0f,0f,1f], start_interpolation: 0, interpolation_duration: 1 }
$data merge entity $(bone_12) { transformation: [-0.998165173417825f,-0.047654025601414046f,0.037354791121665794f,0.7437500000000002f,0.0003104463206290847f,0.6128901935467201f,0.7901680291414895f,0.765625f,-0.06054907265058247f,0.7887298044946974f,-0.6117508523107351f,-1.6875f,0f,0f,0f,1f], start_interpolation: 0, interpolation_duration: 1 }
$data merge entity $(bone_group3) { transformation: [0.48719043089724123f,-0.5665211130331945f,-0.6490736165825227f,-0.29115421856603f,0.1507575646408358f,0.7277329223199775f,-0.5737387332289055f,1.7364723864520402f,1.159466293253137f,0.14342152338602138f,0.34733041525395675f,-2.269163943873598f,0f,0f,0f,1f], start_interpolation: 0, interpolation_duration: 1 }
$data merge entity $(bone_group1) { transformation: [0.48719043089724123f,-0.5665211130331945f,-0.6490736165825227f,-0.29115421856603f,0.1507575646408358f,0.7277329223199775f,-0.5737387332289055f,1.7364723864520402f,1.159466293253137f,0.14342152338602138f,0.34733041525395675f,-2.269163943873598f,0f,0f,0f,1f], start_interpolation: 0, interpolation_duration: 1 }
$data merge entity $(bone_group4) { transformation: [0.4719657299317025f,-0.5488173282509072f,-0.628790066064319f,-0.29115421856603f,0.14604639074580972f,0.7049912684974784f,-0.5558093978155022f,1.7364723864520402f,1.1232329715889766f,0.13893960078020823f,0.33647633977727065f,-2.269163943873598f,0f,0f,0f,1f], start_interpolation: 0, interpolation_duration: 1 }
$data merge entity $(bone_group2) { transformation: [0.4719657299317025f,-0.5488173282509072f,-0.628790066064319f,-0.29115421856603f,0.14604639074580972f,0.7049912684974784f,-0.5558093978155022f,1.7364723864520402f,1.1232329715889766f,0.13893960078020823f,0.33647633977727065f,-2.269163943873598f,0f,0f,0f,1f], start_interpolation: 0, interpolation_duration: 1 }
$data merge entity $(bone_10) { transformation: [-1f,-7.455177354798984e-17f,9.71577628780522e-17f,0.6250000000000001f,0f,0.7933533402912352f,0.6087614290087207f,1.0783263716969822f,-1.2246467991473532e-16f,0.6087614290087207f,-0.7933533402912352f,-1.4374472873020419f,0f,0f,0f,1f], start_interpolation: 0, interpolation_duration: 1 }
$data merge entity $(bone_9) { transformation: [-1f,-1.0862749776607361e-16f,5.654789612090135e-17f,0.6250000000000001f,0f,0.4617486132350339f,0.8870108331782217f,1.21875f,-1.2246467991473532e-16f,0.8870108331782217f,-0.4617486132350339f,-1.140625f,0f,0f,0f,1f], start_interpolation: 0, interpolation_duration: 1 }
$data merge entity $(bone_bone12) { transformation: [-1.4996440994347549f,0.014092281056995764f,-0.01965234105516415f,0.6250000000000001f,0.011284780228467796f,1.493423722167782f,0.09323385127188427f,1.6888343053355601f,0.0306631499640635f,0.13959582257767644f,-0.9954502671997549f,-1.4557967720183456f,0f,0f,0f,1f], start_interpolation: 0, interpolation_duration: 1 }
$data merge entity $(bone_bone1) { transformation: [0.7679819302631021f,0.3860773250724095f,0.6274089657002202f,0.1329916476945892f,-0.6181147042046202f,-0.32291402144452774f,0.7786836789500627f,0.835428993779273f,0.16774375468373098f,-2.9574771062206833f,-0.0031173539702486486f,-0.612514695848301f,0f,0f,0f,1f], start_interpolation: 0, interpolation_duration: 1 }
$data merge entity $(bone_2) { transformation: [0.9419993148244661f,0.03354933522841032f,0.3339337254246259f,0.12060560034137f,-0.3333905068606105f,0.20790552035609594f,0.9195792867070716f,0.902398913252473f,-0.03857539119001852f,-0.9775733919820006f,0.2070318876003026f,-1.4937703997825893f,0f,0f,0f,1f], start_interpolation: 0, interpolation_duration: 1 }
$data merge entity $(bone_bone2) { transformation: [1.9794372270810712f,0.10814856957534241f,-0.13241237757892205f,0.3505793022786844f,-0.2224447991241873f,1.7460687143192124f,-0.47480584353455824f,0.794683641848206f,0.17985153707490212f,0.9693028070600339f,0.8700726252499469f,-1.427761514217444f,0f,0f,0f,1f], start_interpolation: 0, interpolation_duration: 1 }
$data merge entity $(bone_1) { transformation: [0.9419993148244661f,0.3083897746912739f,-0.13241237757892205f,0.25000000000000017f,-0.3333905068606105f,0.814499957569466f,-0.47480584353455824f,1.234375f,-0.03857539119001852f,0.4914118089598617f,0.8700726252499469f,-1.203125f,0f,0f,0f,1f], start_interpolation: 0, interpolation_duration: 1 }
$data merge entity $(bone_4) { transformation: [-0.7915069101479826f,-0.4999577051754837f,0.3515097498273094f,1.0766882507418056f,-0.6105629463399191f,0.6722783701619279f,-0.4186343052941779f,1.002939612859203f,-0.027012955127320493f,-0.5459707739871118f,-0.8373686250434771f,-1.3348878818956709f,0f,0f,0f,1f], start_interpolation: 0, interpolation_duration: 1 }
$data merge entity $(bone_group5) { transformation: [-3.1660276405919303f,-1.5947245137909671f,-0.6281748398847442f,1.124060749613558f,-2.4422517853596766f,2.032626662648803f,0.9836086610351946f,0.7246744741692714f,-0.10805182050928197f,0.7843994998744934f,-3.8259522177455807f,-1.2801373843188477f,0f,0f,0f,1f], start_interpolation: 0, interpolation_duration: 1 }
$data merge entity $(bone_group7) { transformation: [-3.1660276405919303f,-1.5947245137909671f,-0.6281748398847442f,1.124060749613558f,-2.4422517853596766f,2.032626662648803f,0.9836086610351946f,0.7246744741692714f,-0.10805182050928197f,0.7843994998744934f,-3.8259522177455807f,-1.2801373843188477f,0f,0f,0f,1f], start_interpolation: 0, interpolation_duration: 1 }
$data merge entity $(bone_group6) { transformation: [-1.9444981089408369f,-2.96408576127673f,-0.6281748398847442f,1.4863984542174125f,-3.1313654198837817f,0.5391804335836077f,0.9836086610351946f,0.9035605247467622f,-0.4857753714234413f,0.6252839833524789f,-3.8259522177455807f,-1.2936392677578863f,0f,0f,0f,1f], start_interpolation: 0, interpolation_duration: 1 }
$data merge entity $(bone_group8) { transformation: [-1.9444981089408369f,-2.96408576127673f,-0.6281748398847442f,1.4863984542174125f,-3.1313654198837817f,0.5391804335836077f,0.9836086610351946f,0.9035605247467622f,-0.4857753714234413f,0.6252839833524789f,-3.8259522177455807f,-1.2936392677578863f,0f,0f,0f,1f], start_interpolation: 0, interpolation_duration: 1 }
$data merge entity $(bone_group9) { transformation: [-1.9444981089408369f,-2.96408576127673f,-0.6281748398847442f,1.561151165801364f,-3.1313654198837817f,0.5391804335836077f,0.9836086610351946f,0.8082811499350995f,-0.4857753714234413f,0.6252839833524789f,-3.8259522177455807f,-1.3304079943145033f,0f,0f,0f,1f], start_interpolation: 0, interpolation_duration: 1 }
$data merge entity $(bone_group10) { transformation: [-1.9444981089408369f,-2.96408576127673f,-0.6281748398847442f,1.561151165801364f,-3.1313654198837817f,0.5391804335836077f,0.9836086610351946f,0.8082811499350995f,-0.4857753714234413f,0.6252839833524789f,-3.8259522177455807f,-1.3304079943145033f,0f,0f,0f,1f], start_interpolation: 0, interpolation_duration: 1 }
$data merge entity $(bone_group11) { transformation: [-1.9444981089408369f,-2.96408576127673f,-0.6281748398847442f,1.6359038773853156f,-3.1313654198837817f,0.5391804335836077f,0.9836086610351946f,0.713001775123437f,-0.4857753714234413f,0.6252839833524789f,-3.8259522177455807f,-1.36717672087112f,0f,0f,0f,1f], start_interpolation: 0, interpolation_duration: 1 }
$data merge entity $(bone_group12) { transformation: [-1.9444981089408369f,-2.96408576127673f,-0.6281748398847442f,1.6359038773853156f,-3.1313654198837817f,0.5391804335836077f,0.9836086610351946f,0.713001775123437f,-0.4857753714234413f,0.6252839833524789f,-3.8259522177455807f,-1.36717672087112f,0f,0f,0f,1f], start_interpolation: 0, interpolation_duration: 1 }
$data merge entity $(bone_group13) { transformation: [-2.2380018947243694f,-2.3777543862013113f,-0.2512699359538977f,1.3233724923731998f,-2.7075178588088904f,1.2775911545743734f,0.39344346441407785f,0.8647632254727005f,-0.32861924624152794f,0.7188524710220138f,-1.5303808870982323f,-1.3258541374419681f,0f,0f,0f,1f], start_interpolation: 0, interpolation_duration: 1 }
$data merge entity $(bone_group14) { transformation: [-2.2380018947243694f,-2.3777543862013113f,-0.2512699359538977f,1.3233724923731998f,-2.7075178588088904f,1.2775911545743734f,0.39344346441407785f,0.8647632254727005f,-0.32861924624152794f,0.7188524710220138f,-1.5303808870982323f,-1.3258541374419681f,0f,0f,0f,1f], start_interpolation: 0, interpolation_duration: 1 }
$data merge entity $(bone_group15) { transformation: [-2.1321556231898677f,-2.4731115624632203f,-0.2512699359538977f,1.3986234152984238f,-2.760668645210048f,1.1582749006042903f,0.39344346441407785f,0.8168328491446659f,-0.35966237792720723f,0.7038341125567529f,-1.5303808870982323f,-1.350531776986117f,0f,0f,0f,1f], start_interpolation: 0, interpolation_duration: 1 }
$data merge entity $(bone_group16) { transformation: [-2.1321556231898677f,-2.4731115624632203f,-0.2512699359538977f,1.3986234152984238f,-2.760668645210048f,1.1582749006042903f,0.39344346441407785f,0.8168328491446659f,-0.35966237792720723f,0.7038341125567529f,-1.5303808870982323f,-1.350531776986117f,0f,0f,0f,1f], start_interpolation: 0, interpolation_duration: 1 }
$data merge entity $(bone_group17) { transformation: [-1.9084962522039444f,-2.649530233307962f,-0.2512699359538977f,1.5295300717916014f,-2.8511137768145085f,0.9132591886612842f,0.39344346441407785f,0.7807125163817453f,-0.41963693884517617f,0.6698091695785113f,-1.5303808870982323f,-1.38131118389594f,0f,0f,0f,1f], start_interpolation: 0, interpolation_duration: 1 }
$data merge entity $(bone_group18) { transformation: [-1.9084962522039444f,-2.649530233307962f,-0.2512699359538977f,1.5295300717916014f,-2.8511137768145085f,0.9132591886612842f,0.39344346441407785f,0.7807125163817453f,-0.41963693884517617f,0.6698091695785113f,-1.5303808870982323f,-1.38131118389594f,0f,0f,0f,1f], start_interpolation: 0, interpolation_duration: 1 }
$data merge entity $(bone_group19) { transformation: [-1.9084962522039444f,-2.649530233307962f,-0.2512699359538977f,1.6042827833755529f,-2.8511137768145085f,0.9132591886612842f,0.39344346441407785f,0.6854331415700826f,-0.41963693884517617f,0.6698091695785113f,-1.5303808870982323f,-1.4180799104525568f,0f,0f,0f,1f], start_interpolation: 0, interpolation_duration: 1 }
$data merge entity $(bone_group20) { transformation: [-1.9084962522039444f,-2.649530233307962f,-0.2512699359538977f,1.6042827833755529f,-2.8511137768145085f,0.9132591886612842f,0.39344346441407785f,0.6854331415700826f,-0.41963693884517617f,0.6698091695785113f,-1.5303808870982323f,-1.4180799104525568f,0f,0f,0f,1f], start_interpolation: 0, interpolation_duration: 1 }
$data merge entity $(bone_bone11) { transformation: [-0.870267222535598f,-0.3011927798979219f,-0.15704370997118605f,0.9025505330167076f,-0.21168044182403933f,1.4104888946520335f,0.24590216525879866f,0.9704320245045588f,0.0884666712912582f,0.41207279381275214f,-0.9564880544363952f,-1.2819823106875352f,0f,0f,0f,1f], start_interpolation: 0, interpolation_duration: 1 }
$data merge entity $(bone_3) { transformation: [-0.7915069101479826f,-0.5906387088114693f,-0.15704370997118605f,0.9062500000000002f,-0.6105629463399191f,0.7528246898699269f,0.24590216525879866f,1.21875f,-0.027012955127320493f,0.2905183332868494f,-0.9564880544363952f,-1.21875f,0f,0f,0f,1f], start_interpolation: 0, interpolation_duration: 1 }
$data merge entity $(bone_8) { transformation: [-0.9859213722297095f,0.02252586565343232f,0.16568534382150404f,0.43604820316368603f,0.1069377947875897f,0.8466911442956431f,0.5212277949393161f,0.6819152259481212f,-0.12854320606960845f,0.5316076481277315f,-0.8371797612373632f,-1.314569391347339f,0f,0f,0f,1f], start_interpolation: 0, interpolation_duration: 1 }
$data merge entity $(bone_7) { transformation: [-0.9859213722297095f,0.1630916025144314f,-0.03688057713704056f,0.49375000000000024f,0.1069377947875897f,0.4454503702576468f,-0.888897224477213f,0.765625f,-0.12854320606960845f,-0.8803266989172828f,-0.4566196966259187f,-1.6875f,0f,0f,0f,1f], start_interpolation: 0, interpolation_duration: 1 }