# This file was generated by Animated Java via MC-Build. It is not recommended to edit this file directly.
$data merge entity $(bone_layer) { transformation: [-0.9978743112743405f,-0.03956590465554194f,0.05178221787012593f,0.5536450680137341f,0.0032494938573477735f,0.7633986230582784f,0.6459194865479718f,1.2737500000000002f,-0.06508686264087157f,0.644714728776622f,-0.761647306047921f,-1.0577296245598338f,0f,0f,0f,1f], start_interpolation: 0, interpolation_duration: 1 }
$data merge entity $(bone_head) { transformation: [-0.9978743112743405f,-0.03956590465554194f,0.05178221787012593f,0.5536450680137341f,0.0032494938573477735f,0.7633986230582784f,0.6459194865479718f,1.2737500000000002f,-0.06508686264087157f,0.644714728776622f,-0.761647306047921f,-1.0577296245598338f,0f,0f,0f,1f], start_interpolation: 0, interpolation_duration: 1 }
$data merge entity $(bone_6) { transformation: [-0.9947836805825042f,-0.08992169520508235f,0.04816137018576689f,0.7280386532936199f,-0.016149951698117143f,0.6050197863845588f,0.7960466300056368f,0.49035241637661875f,-0.10072044433418019f,0.7911163927100913f,-0.6033160409590467f,-1.7446739316987327f,0f,0f,0f,1f], start_interpolation: 0, interpolation_duration: 1 }
$data merge entity $(bone_12) { transformation: [-0.9947836805825042f,-0.08019244843526495f,0.06304442925971794f,0.6979664851303956f,-0.016149951698117143f,0.7340602229956834f,0.6788923096306777f,0.765625f,-0.10072044433418019f,0.6743328260061829f,-0.731526234569643f,-1.4917991219464142f,0f,0f,0f,1f], start_interpolation: 0, interpolation_duration: 1 }
$data merge entity $(bone_group3) { transformation: [0.5146994669459564f,-0.5637736396563071f,-0.639873529459726f,-0.3778246043020363f,0.2273730976890609f,0.7359017711450072f,-0.5490816776887596f,1.6711055029612527f,1.1348261442253051f,0.10825422654766226f,0.40022779592921953f,-2.154271418258977f,0f,0f,0f,1f], start_interpolation: 0, interpolation_duration: 1 }
$data merge entity $(bone_group1) { transformation: [0.5146994669459564f,-0.5637736396563071f,-0.639873529459726f,-0.3778246043020363f,0.2273730976890609f,0.7359017711450072f,-0.5490816776887596f,1.6711055029612527f,1.1348261442253051f,0.10825422654766226f,0.40022779592921953f,-2.154271418258977f,0f,0f,0f,1f], start_interpolation: 0, interpolation_duration: 1 }
$data merge entity $(bone_group4) { transformation: [0.49861510860389524f,-0.5461557134170475f,-0.6198774816641096f,-0.3778246043020363f,0.22026768838627775f,0.7129048407967258f,-0.5319228752609859f,1.6711055029612527f,1.0993628272182645f,0.10487128196804782f,0.38772067730643145f,-2.154271418258977f,0f,0f,0f,1f], start_interpolation: 0, interpolation_duration: 1 }
$data merge entity $(bone_group2) { transformation: [0.49861510860389524f,-0.5461557134170475f,-0.6198774816641096f,-0.3778246043020363f,0.22026768838627775f,0.7129048407967258f,-0.5319228752609859f,1.6711055029612527f,1.0993628272182645f,0.10487128196804782f,0.38772067730643145f,-2.154271418258977f,0f,0f,0f,1f], start_interpolation: 0, interpolation_duration: 1 }
$data merge entity $(bone_10) { transformation: [-0.9976125063612252f,-0.03957778480564108f,0.056594046520396346f,0.5651969283694854f,0f,0.8194906667778832f,0.5730925292341023f,1.071007339341186f,-0.06906002571440602f,0.5717242744661264f,-0.8175341380239156f,-1.293383755792529f,0f,0f,0f,1f], start_interpolation: 0, interpolation_duration: 1 }
$data merge entity $(bone_9) { transformation: [-0.9976125063612252f,-0.0573651085158291f,0.038451677162921936f,0.5455576879616267f,0f,0.5567863140094497f,0.8306557653635894f,1.2488650000000001f,-0.06906002571440602f,0.8286725800077722f,-0.5554569902265952f,-1.0096834292485213f,0f,0f,0f,1f], start_interpolation: 0, interpolation_duration: 1 }
$data merge entity $(bone_bone12) { transformation: [-1.496291474509378f,0.10050789492284298f,-0.02118685513583942f,0.5667716825965119f,0.09524004604274162f,1.4828147367129447f,0.1369343560765064f,1.697264083748059f,0.04517916489188965f,0.20287587250606964f,-0.9903535223824699f,-1.3161320026267185f,0f,0f,0f,1f], start_interpolation: 0, interpolation_duration: 1 }
$data merge entity $(bone_bone1) { transformation: [0.762264250152965f,0.553126407797957f,0.6204505615048524f,0.03519289632100622f,-0.6060763296310556f,-0.39951942472069035f,0.7841788042432511f,0.894033455311069f,0.22721068548747167f,-2.921375601710157f,0.010232482784645003f,-0.5033143349786307f,0f,0f,0f,1f], start_interpolation: 0, interpolation_duration: 1 }
$data merge entity $(bone_2) { transformation: [0.945280794964638f,0.08643717805629365f,0.31459948016595274f,0.07150049209951907f,-0.32543986960720345f,0.18156932555849997f,0.9279663093487164f,0.936910826506167f,0.023089173676629958f,-0.9795719444052575f,0.19976410036098668f,-1.3854102988783543f,0f,0f,0f,1f], start_interpolation: 0, interpolation_duration: 1 }
$data merge entity $(bone_bone2) { transformation: [1.9631122347459429f,0.021865537420696912f,-0.19086137119916313f,0.29616839622622093f,-0.2114172877313082f,1.725786140250307f,-0.4942076811848146f,0.8258325925689798f,0.3185797925781424f,1.010536538870937f,0.8481336597741566f,-1.3214643545135185f,0f,0f,0f,1f], start_interpolation: 0, interpolation_duration: 1 }
$data merge entity $(bone_1) { transformation: [0.945280794964638f,0.2646056606631808f,-0.19086137119916313f,0.17561317402520304f,-0.32543986960720345f,0.8061312914953588f,-0.4942076811848146f,1.259875f,0.023089173676629958f,0.5292789295041195f,0.8481336597741566f,-1.0956771162746237f,0f,0f,0f,1f], start_interpolation: 0, interpolation_duration: 1 }
$data merge entity $(bone_4) { transformation: [-0.8100712281884096f,-0.38387186224834136f,0.44320085586031077f,1.019289982194518f,-0.576826023481566f,0.6573129181902881f,-0.4849860474432344f,1.0127646861853765f,-0.10514915071347743f,-0.6485230303961129f,-0.7538975627696886f,-1.1424505891892784f,0f,0f,0f,1f], start_interpolation: 0, interpolation_duration: 1 }
$data merge entity $(bone_group5) { transformation: [-3.2402849127536384f,-1.582900999860325f,-0.03671555278239241f,1.044300486474334f,-2.307304093926264f,2.143890358561114f,0.7671515448105223f,0.7367256187723019f,-0.4205966028539097f,0.43377246928531615f,-3.9255739039634334f,-1.0659642114362433f,0f,0f,0f,1f], start_interpolation: 0, interpolation_duration: 1 }
$data merge entity $(bone_group7) { transformation: [-3.2402849127536384f,-1.582900999860325f,-0.03671555278239241f,1.044300486474334f,-2.307304093926264f,2.143890358561114f,0.7671515448105223f,0.7367256187723019f,-0.4205966028539097f,0.43377246928531615f,-3.9255739039634334f,-1.0659642114362433f,0f,0f,0f,1f], start_interpolation: 0, interpolation_duration: 1 }
$data merge entity $(bone_group6) { transformation: [-2.014718550013932f,-2.990974933931649f,-0.03671555278239241f,1.4136185329202604f,-3.070129138876538f,0.7030114664793221f,0.7671515448105223f,0.8988324984802121f,-0.5811335774595784f,0.16535967643643412f,-3.9255739039634334f,-1.0377388284285023f,0f,0f,0f,1f], start_interpolation: 0, interpolation_duration: 1 }
$data merge entity $(bone_group8) { transformation: [-2.014718550013932f,-2.990974933931649f,-0.03671555278239241f,1.4136185329202604f,-3.070129138876538f,0.7030114664793221f,0.7671515448105223f,0.8988324984802121f,-0.5811335774595784f,0.16535967643643412f,-3.9255739039634334f,-1.0377388284285023f,0f,0f,0f,1f], start_interpolation: 0, interpolation_duration: 1 }
$data merge entity $(bone_group9) { transformation: [-2.014718550013932f,-2.990974933931649f,-0.03671555278239241f,1.4878170172887133f,-3.070129138876538f,0.7030114664793221f,0.7671515448105223f,0.7983376379226599f,-0.5811335774595784f,0.16535967643643412f,-3.9255739039634334f,-1.0580719129262515f,0f,0f,0f,1f], start_interpolation: 0, interpolation_duration: 1 }
$data merge entity $(bone_group10) { transformation: [-2.014718550013932f,-2.990974933931649f,-0.03671555278239241f,1.4878170172887133f,-3.070129138876538f,0.7030114664793221f,0.7671515448105223f,0.7983376379226599f,-0.5811335774595784f,0.16535967643643412f,-3.9255739039634334f,-1.0580719129262515f,0f,0f,0f,1f], start_interpolation: 0, interpolation_duration: 1 }
$data merge entity $(bone_group11) { transformation: [-2.014718550013932f,-2.990974933931649f,-0.03671555278239241f,1.562015501657166f,-3.070129138876538f,0.7030114664793221f,0.7671515448105223f,0.6978427773651076f,-0.5811335774595784f,0.16535967643643412f,-3.9255739039634334f,-1.0784049974240006f,0f,0f,0f,1f], start_interpolation: 0, interpolation_duration: 1 }
$data merge entity $(bone_group12) { transformation: [-2.014718550013932f,-2.990974933931649f,-0.03671555278239241f,1.562015501657166f,-3.070129138876538f,0.7030114664793221f,0.7671515448105223f,0.6978427773651076f,-0.5811335774595784f,0.16535967643643412f,-3.9255739039634334f,-1.0784049974240006f,0f,0f,0f,1f], start_interpolation: 0, interpolation_duration: 1 }
$data merge entity $(bone_group13) { transformation: [-2.305295671193084f,-2.3865747337032035f,-0.014686221112956966f,1.2549251288398553f,-2.625143786738054f,1.420226825468207f,0.30686061792420893f,0.8650590899019206f,-0.49145499579138807f,0.29986790276835107f,-1.5702295615853734f,-1.0906184357391777f,0f,0f,0f,1f], start_interpolation: 0, interpolation_duration: 1 }
$data merge entity $(bone_group14) { transformation: [-2.305295671193084f,-2.3865747337032035f,-0.014686221112956966f,1.2549251288398553f,-2.625143786738054f,1.420226825468207f,0.30686061792420893f,0.8650590899019206f,-0.49145499579138807f,0.29986790276835107f,-1.5702295615853734f,-1.0906184357391777f,0f,0f,0f,1f], start_interpolation: 0, interpolation_duration: 1 }
$data merge entity $(bone_group15) { transformation: [-2.199000612740082f,-2.4848588282517845f,-0.014686221112956966f,1.3303420826946937f,-2.6845946555840556f,1.3043679205034273f,0.30686061792420893f,0.812515120375032f,-0.5040672937421893f,0.27814552913614854f,-1.5702295615853734f,-1.1015921592244189f,0f,0f,0f,1f], start_interpolation: 0, interpolation_duration: 1 }
$data merge entity $(bone_group16) { transformation: [-2.199000612740082f,-2.4848588282517845f,-0.014686221112956966f,1.3303420826946937f,-2.6845946555840556f,1.3043679205034273f,0.30686061792420893f,0.812515120375032f,-0.5040672937421893f,0.27814552913614854f,-1.5702295615853734f,-1.1015921592244189f,0f,0f,0f,1f], start_interpolation: 0, interpolation_duration: 1 }
$data merge entity $(bone_group17) { transformation: [-1.9740630347128092f,-2.6670587219168125f,-0.014686221112956966f,1.4622505870390456f,-2.7880621173459663f,1.0654265655826478f,0.30686061792420893f,0.7689960107041642f,-0.5263911456912249f,0.23315474204245176f,-1.5702295615853734f,-1.1113305686396358f,0f,0f,0f,1f], start_interpolation: 0, interpolation_duration: 1 }
$data merge entity $(bone_group18) { transformation: [-1.9740630347128092f,-2.6670587219168125f,-0.014686221112956966f,1.4622505870390456f,-2.7880621173459663f,1.0654265655826478f,0.30686061792420893f,0.7689960107041642f,-0.5263911456912249f,0.23315474204245176f,-1.5702295615853734f,-1.1113305686396358f,0f,0f,0f,1f], start_interpolation: 0, interpolation_duration: 1 }
$data merge entity $(bone_group19) { transformation: [-1.9740630347128092f,-2.6670587219168125f,-0.014686221112956966f,1.5364490714074983f,-2.7880621173459663f,1.0654265655826478f,0.30686061792420893f,0.668501150146612f,-0.5263911456912249f,0.23315474204245176f,-1.5702295615853734f,-1.131663653137385f,0f,0f,0f,1f], start_interpolation: 0, interpolation_duration: 1 }
$data merge entity $(bone_group20) { transformation: [-1.9740630347128092f,-2.6670587219168125f,-0.014686221112956966f,1.5364490714074983f,-2.7880621173459663f,1.0654265655826478f,0.30686061792420893f,0.668501150146612f,-0.5263911456912249f,0.23315474204245176f,-1.5702295615853734f,-1.131663653137385f,0f,0f,0f,1f], start_interpolation: 0, interpolation_duration: 1 }
$data merge entity $(bone_bone11) { transformation: [-0.8837440989682106f,-0.2834711597527978f,-0.009178888195598103f,0.8380413527732636f,-0.1684879862628082f,1.4451238873429428f,0.19178788620263057f,0.9910828860225883f,-0.024661022362613f,0.28506324178894876f,-0.9813934759908584f,-1.113150053791138f,0f,0f,0f,1f], start_interpolation: 0, interpolation_duration: 1 }
$data merge entity $(bone_3) { transformation: [-0.8100712281884096f,-0.5862596295778981f,-0.009178888195598103f,0.8455309949196921f,-0.576826023481566f,0.7940334661337459f,0.19178788620263057f,1.2425000000000002f,-0.10514915071347743f,0.16065647010567263f,-0.9813934759908584f,-1.0640871535019425f,0f,0f,0f,1f], start_interpolation: 0, interpolation_duration: 1 }
$data merge entity $(bone_8) { transformation: [-0.9746905336437558f,0.0035428386348564066f,0.2235303378059851f,0.36323731735745934f,0.10693791629562992f,0.8854507379851447f,0.45226239359459375f,0.618989517609865f,-0.19632280989125866f,0.4647197423135473f,-0.8634193161033815f,-1.1653160345616642f,0f,0f,0f,1f], start_interpolation: 0, interpolation_duration: 1 }
$data merge entity $(bone_7) { transformation: [-0.9746905336437558f,0.22206246702117471f,0.02581906980741431f,0.44856335854008933f,0.10693791629562992f,0.5645392624702542f,-0.8184495727825204f,0.765625f,-0.19632280989125866f,-0.7949740133300026f,-0.573997972510696f,-1.5090641283750155f,0f,0f,0f,1f], start_interpolation: 0, interpolation_duration: 1 }