# This file was generated by Animated Java via MC-Build. It is not recommended to edit this file directly.
$data merge entity $(bone_layer) { transformation: [-0.9609309891164629f,-0.159616533290677f,0.2261287165663009f,0.4609946857339428f,0.007480553931332023f,0.8016993449932539f,0.5976806852745604f,1.30875f,-0.2766869629536901f,0.5760214601363859f,-0.7691837244727747f,-0.8746659958942533f,0f,0f,0f,1f], start_interpolation: 0, interpolation_duration: 1 }
$data merge entity $(bone_head) { transformation: [-0.9609309891164629f,-0.159616533290677f,0.2261287165663009f,0.4609946857339428f,0.007480553931332023f,0.8016993449932539f,0.5976806852745604f,1.30875f,-0.2766869629536901f,0.5760214601363859f,-0.7691837244727747f,-0.8746659958942533f,0f,0f,0f,1f], start_interpolation: 0, interpolation_duration: 1 }
$data merge entity $(bone_6) { transformation: [-0.9849892513439414f,-0.13621339337486846f,0.1060287046143883f,0.6737433707149932f,-0.040416897014595804f,0.7791649686017521f,0.6255145291194618f,0.43714481498488683f,-0.1678173089183992f,0.611839736507146f,-0.7729744417885062f,-1.384427614169501f,0f,0f,0f,1f], start_interpolation: 0, interpolation_duration: 1 }
$data merge entity $(bone_12) { transformation: [-0.9849892513439414f,-0.11573231452299843f,0.12807109787946552f,0.6303437527688688f,-0.040416897014595804f,0.8759471600403018f,0.4807109809990213f,0.765625f,-0.1678173089183992f,0.4683189129134971f,-0.8674760784222854f,-1.2088080218269397f,0f,0f,0f,1f], start_interpolation: 0, interpolation_duration: 1 }
$data merge entity $(bone_group3) { transformation: [0.5584436825628812f,-0.5495019614971113f,-0.6323281975178946f,-0.487718458293884f,0.3089536593773239f,0.7513271057041978f,-0.5047713733363274f,1.6047086527423298f,1.0941356105197437f,0.06831021633761132f,0.46527198754603677f,-1.9703895417202282f,0f,0f,0f,1f], start_interpolation: 0, interpolation_duration: 1 }
$data merge entity $(bone_group1) { transformation: [0.5584436825628812f,-0.5495019614971113f,-0.6323281975178946f,-0.487718458293884f,0.3089536593773239f,0.7513271057041978f,-0.5047713733363274f,1.6047086527423298f,1.0941356105197437f,0.06831021633761132f,0.46527198754603677f,-1.9703895417202282f,0f,0f,0f,1f], start_interpolation: 0, interpolation_duration: 1 }
$data merge entity $(bone_group4) { transformation: [0.5409923174827913f,-0.5323300252003266f,-0.6125679413454604f,-0.487718458293884f,0.29929885752178254f,0.7278481336509417f,-0.4889972679195672f,1.6047086527423298f,1.059943872691002f,0.06617552207706097f,0.45073223793522316f,-1.9703895417202282f,0f,0f,0f,1f], start_interpolation: 0, interpolation_duration: 1 }
$data merge entity $(bone_group2) { transformation: [0.5409923174827913f,-0.5323300252003266f,-0.6125679413454604f,-0.487718458293884f,0.29929885752178254f,0.7278481336509417f,-0.4889972679195672f,1.6047086527423298f,1.059943872691002f,0.06617552207706097f,0.45073223793522316f,-1.9703895417202282f,0f,0f,0f,1f], start_interpolation: 0, interpolation_duration: 1 }
$data merge entity $(bone_10) { transformation: [-0.9839473917378432f,-0.0925319125319958f,0.15259546341705738f,0.4863099630282164f,0f,0.8550740819378224f,0.5185058479884197f,1.062392937306352f,-0.17845876356260967f,0.5101824767290241f,-0.8413479126653511f,-1.0800854459284879f,0f,0f,0f,1f], start_interpolation: 0, interpolation_duration: 1 }
$data merge entity $(bone_9) { transformation: [-0.9839473917378432f,-0.13015921903383185f,0.12209057290715938f,0.44035510657859317f,0f,0.6841388479323722f,0.7293517921756046f,1.2932450000000002f,-0.17845876356260967f,0.7176437935705077f,-0.6731566350095906f,-0.8267094825484099f,0f,0f,0f,1f], start_interpolation: 0, interpolation_duration: 1 }
$data merge entity $(bone_bone12) { transformation: [-1.4769023175247078f,0.25975657510594147f,0.023907843244685825f,0.493075298218078f,0.2615078289484048f,1.4439361506688524f,0.20727013848310188f,1.7229307484292158f,0.019318382148578787f,0.3123698360611169f,-0.9779915667962495f,-1.117386690100569f,0f,0f,0f,1f], start_interpolation: 0, interpolation_duration: 1 }
$data merge entity $(bone_bone1) { transformation: [0.7441048448725603f,0.7854343434053361f,0.6146240685468791f,-0.0936699450458228f,-0.5850019522359118f,-0.5667830741540767f,0.7887198763237951f,0.9964107690984262f,0.3226153990704012f,-2.839339683632777f,0.012578197591813917f,-0.35510764165509023f,0f,0f,0f,1f], start_interpolation: 0, interpolation_duration: 1 }
$data merge entity $(bone_2) { transformation: [0.9416981883745574f,0.16342484580401484f,0.2941034542231863f,0.012563863254791904f,-0.31536228960067136f,0.12406877073895212f,0.9408260022050559f,0.9873676932193773f,0.11726529030321853f,-0.9787232805554688f,0.16837337018912052f,-1.2325371834147654f,0f,0f,0f,1f], start_interpolation: 0, interpolation_duration: 1 }
$data merge entity $(bone_bone2) { transformation: [1.9196653843202138f,-0.11259605795063121f,-0.2748667586198361f,0.23192056103127304f,-0.1983467185010399f,1.696692610343085f,-0.5200703715044332f,0.8722593299980259f,0.5249222718675519f,1.0528800091848767f,0.8086872533242161f,-1.1717232963732442f,0f,0f,0f,1f], start_interpolation: 0, interpolation_duration: 1 }
$data merge entity $(bone_1) { transformation: [0.9416981883745574f,0.19404326068663297f,-0.2748667586198361f,0.0813899404880356f,-0.31536228960067136f,0.7937716516612715f,-0.5200703715044332f,1.298375f,0.11726529030321853f,0.5764319370064747f,0.8086872533242161f,-0.9488506465087163f,0f,0f,0f,1f], start_interpolation: 0, interpolation_duration: 1 }
$data merge entity $(bone_4) { transformation: [-0.8191368754595116f,-0.1811419401154429f,0.5442447765423586f,0.9292672897648634f,-0.524967853574998f,0.6190875033875655f,-0.5840714133239278f,1.0296197975667394f,-0.23113531096586726f,-0.7641454447162297f,-0.6022110986557351f,-0.8609916306451f,0f,0f,0f,1f], start_interpolation: 0, interpolation_duration: 1 }
$data merge entity $(bone_group5) { transformation: [-3.2765475018380465f,-1.4400489999624975f,0.8442840894272867f,0.9131251437668151f,-2.099871414299992f,2.282489380037007f,0.39525869647087897f,0.7609192245743854f,-0.924541243863469f,-0.08062944701094613f,-3.889852817164691f,-0.7599337697902954f,0f,0f,0f,1f], start_interpolation: 0, interpolation_duration: 1 }
$data merge entity $(bone_group7) { transformation: [-3.2765475018380465f,-1.4400489999624975f,0.8442840894272867f,0.9131251437668151f,-2.099871414299992f,2.282489380037007f,0.39525869647087897f,0.7609192245743854f,-0.924541243863469f,-0.08062944701094613f,-3.889852817164691f,-0.7599337697902954f,0f,0f,0f,1f], start_interpolation: 0, interpolation_duration: 1 }
$data merge entity $(bone_group6) { transformation: [-2.11754887331694f,-2.885392767580922f,0.8442840894272867f,1.2816246954887018f,-2.959786679483054f,0.9267580798302466f,0.39525869647087897f,0.8982343006329894f,-0.7603614805267549f,-0.5320977713363051f,-3.889852817164691f,-0.6659987795417608f,0f,0f,0f,1f], start_interpolation: 0, interpolation_duration: 1 }
$data merge entity $(bone_group8) { transformation: [-2.11754887331694f,-2.885392767580922f,0.8442840894272867f,1.2816246954887018f,-2.959786679483054f,0.9267580798302466f,0.39525869647087897f,0.8982343006329894f,-0.7603614805267549f,-0.5320977713363051f,-3.889852817164691f,-0.6659987795417608f,0f,0f,0f,1f], start_interpolation: 0, interpolation_duration: 1 }
$data merge entity $(bone_group9) { transformation: [-2.11754887331694f,-2.885392767580922f,0.8442840894272867f,1.3491269923619438f,-2.959786679483054f,0.9267580798302466f,0.39525869647087897f,0.7912426109437547f,-0.7603614805267549f,-0.5320977713363051f,-3.889852817164691f,-0.6622192742131228f,0f,0f,0f,1f], start_interpolation: 0, interpolation_duration: 1 }
$data merge entity $(bone_group10) { transformation: [-2.11754887331694f,-2.885392767580922f,0.8442840894272867f,1.3491269923619438f,-2.959786679483054f,0.9267580798302466f,0.39525869647087897f,0.7912426109437547f,-0.7603614805267549f,-0.5320977713363051f,-3.889852817164691f,-0.6622192742131228f,0f,0f,0f,1f], start_interpolation: 0, interpolation_duration: 1 }
$data merge entity $(bone_group11) { transformation: [-2.11754887331694f,-2.885392767580922f,0.8442840894272867f,1.416629289235186f,-2.959786679483054f,0.9267580798302466f,0.39525869647087897f,0.68425092125452f,-0.7603614805267549f,-0.5320977713363051f,-3.889852817164691f,-0.6584397688844845f,0f,0f,0f,1f], start_interpolation: 0, interpolation_duration: 1 }
$data merge entity $(bone_group12) { transformation: [-2.11754887331694f,-2.885392767580922f,0.8442840894272867f,1.416629289235186f,-2.959786679483054f,0.9267580798302466f,0.39525869647087897f,0.68425092125452f,-0.7603614805267549f,-0.5320977713363051f,-3.889852817164691f,-0.6584397688844845f,0f,0f,0f,1f], start_interpolation: 0, interpolation_duration: 1 }
$data merge entity $(bone_group13) { transformation: [-2.3793779173321803f,-2.2601482937108113f,0.33771363577091473f,1.1349170816916465f,-2.4887724598726404f,1.6085496504001826f,0.1581034785883516f,0.8710309932877057f,-0.7693298480175825f,-0.32711109286337087f,-1.5559411268658765f,-0.7488078890551845f,0f,0f,0f,1f], start_interpolation: 0, interpolation_duration: 1 }
$data merge entity $(bone_group14) { transformation: [-2.3793779173321803f,-2.2601482937108113f,0.33771363577091473f,1.1349170816916465f,-2.4887724598726404f,1.6085496504001826f,0.1581034785883516f,0.8710309932877057f,-0.7693298480175825f,-0.32711109286337087f,-1.5559411268658765f,-0.7488078890551845f,0f,0f,0f,1f], start_interpolation: 0, interpolation_duration: 1 }
$data merge entity $(bone_group15) { transformation: [-2.2785269928553844f,-2.3617841404076954f,0.33771363577091473f,1.205962685444206f,-2.556567650254848f,1.4984599375670569f,0.1581034785883516f,0.8124486114434538f,-0.7543292310007009f,-0.3603574522372426f,-1.5559411268658765f,-0.739340313103309f,0f,0f,0f,1f], start_interpolation: 0, interpolation_duration: 1 }
$data merge entity $(bone_group16) { transformation: [-2.2785269928553844f,-2.3617841404076954f,0.33771363577091473f,1.205962685444206f,-2.556567650254848f,1.4984599375670569f,0.1581034785883516f,0.8124486114434538f,-0.7543292310007009f,-0.3603574522372426f,-1.5559411268658765f,-0.739340313103309f,0f,0f,0f,1f], start_interpolation: 0, interpolation_duration: 1 }
$data merge entity $(bone_group17) { transformation: [-2.06401345877459f,-2.5513835511442156f,0.33771363577091473f,1.3326004669908125f,-2.677438527333018f,1.2699382926645932f,0.1581034785883516f,0.7589192083855453f,-0.7200515591341312f,-0.42473030774072645f,-1.5559411268658765f,-0.7172931287918097f,0f,0f,0f,1f], start_interpolation: 0, interpolation_duration: 1 }
$data merge entity $(bone_group18) { transformation: [-2.06401345877459f,-2.5513835511442156f,0.33771363577091473f,1.3326004669908125f,-2.677438527333018f,1.2699382926645932f,0.1581034785883516f,0.7589192083855453f,-0.7200515591341312f,-0.42473030774072645f,-1.5559411268658765f,-0.7172931287918097f,0f,0f,0f,1f], start_interpolation: 0, interpolation_duration: 1 }
$data merge entity $(bone_group19) { transformation: [-2.06401345877459f,-2.5513835511442156f,0.33771363577091473f,1.4001027638640546f,-2.677438527333018f,1.2699382926645932f,0.1581034785883516f,0.6519275186963106f,-0.7200515591341312f,-0.42473030774072645f,-1.5559411268658765f,-0.7135136234631716f,0f,0f,0f,1f], start_interpolation: 0, interpolation_duration: 1 }
$data merge entity $(bone_group20) { transformation: [-2.06401345877459f,-2.5513835511442156f,0.33771363577091473f,1.4001027638640546f,-2.677438527333018f,1.2699382926645932f,0.1581034785883516f,0.6519275186963106f,-0.7200515591341312f,-0.42473030774072645f,-1.5559411268658765f,-0.7135136234631716f,0f,0f,0f,1f], start_interpolation: 0, interpolation_duration: 1 }
$data merge entity $(bone_bone11) { transformation: [-0.8710147843852377f,-0.20579759767080774f,0.21107102235682168f,0.7446794821380773f,-0.10666364353076063f,1.4820347798191924f,0.09881467411771974f,1.0237587153529744f,-0.19989025121571272f,0.1059257296373366f,-0.9724632042911727f,-0.8695166814261867f,0f,0f,0f,1f], start_interpolation: 0, interpolation_duration: 1 }
$data merge entity $(bone_3) { transformation: [-0.8191368754595116f,-0.5333514814675916f,0.21107102235682168f,0.7643325992555214f,-0.524967853574998f,0.8453664370507433f,0.09881467411771974f,1.2775f,-0.23113531096586726f,-0.029862758152202268f,-0.9724632042911727f,-0.8394676618374359f,0f,0f,0f,1f], start_interpolation: 0, interpolation_duration: 1 }
$data merge entity $(bone_8) { transformation: [-0.9471562298693659f,-0.010186441845323552f,0.32061084295790876f,0.26922651632069666f,0.10693815931128473f,0.9322909084334008f,0.34554000077492997f,0.5359565158739263f,-0.30242239715795405f,0.3615658978041987f,-0.8819358226323958f,-0.9740580208900218f,0f,0f,0f,1f], start_interpolation: 0, interpolation_duration: 1 }
$data merge entity $(bone_7) { transformation: [-0.9471562298693659f,0.2836454014777531f,0.1498010762316922f,0.38435690483440804f,0.10693815931128473f,0.7194983070052099f,-0.6862116410406858f,0.765625f,-0.30242239715795405f,-0.6339301794654999f,-0.7118098209915875f,-1.253422712717592f,0f,0f,0f,1f], start_interpolation: 0, interpolation_duration: 1 }