# This file was generated by Animated Java via MC-Build. It is not recommended to edit this file directly.
$data merge entity $(bone_layer) { transformation: [-0.8740960061732744f,-0.2524305355731895f,0.41501204404470465f,0.38160326164237823f,0.010378465535117586f,0.8444679179878751f,0.535505576947953f,1.3475f,-0.48564231636572563f,0.47239047428949743f,-0.7355261928412042f,-0.6620352914003387f,0f,0f,0f,1f], start_interpolation: 0, interpolation_duration: 1 }
$data merge entity $(bone_head) { transformation: [-0.8740960061732744f,-0.2524305355731895f,0.41501204404470465f,0.38160326164237823f,0.010378465535117586f,0.8444679179878751f,0.535505576947953f,1.3475f,-0.48564231636572563f,0.47239047428949743f,-0.7355261928412042f,-0.6620352914003387f,0f,0f,0f,1f], start_interpolation: 0, interpolation_duration: 1 }
$data merge entity $(bone_6) { transformation: [-0.9709446329945625f,-0.15045901089257224f,0.18608762908985446f,0.5962362400884527f,-0.06713951474909027f,0.9176606717442227f,0.3916518570021065f,0.40122663421885507f,-0.22969284973266166f,0.36777843544064764f,-0.9010994491211934f,-0.9656785759793318f,0f,0f,0f,1f], start_interpolation: 0, interpolation_duration: 1 }
$data merge entity $(bone_12) { transformation: [-0.9709446329945625f,-0.11585942275974052f,0.20938747292241278f,0.55278895655355f,-0.06713951474909027f,0.9717289754163865f,0.22635168189230767f,0.765625f,-0.22969284973266166f,0.20571677737607957f,-0.9512737788290444f,-0.8885347844633019f,0f,0f,0f,1f], start_interpolation: 0, interpolation_duration: 1 }
$data merge entity $(bone_group3) { transformation: [0.6330757540109015f,-0.5180484107390348f,-0.6205934931279142f,-0.6044897078628526f,0.3508990740276057f,0.7744764828714896f,-0.452156451335878f,1.5810701785925911f,1.0394851485108103f,0.054066003374378f,0.530593413937405f,-1.711535659113965f,0f,0f,0f,1f], start_interpolation: 0, interpolation_duration: 1 }
$data merge entity $(bone_group1) { transformation: [0.6330757540109015f,-0.5180484107390348f,-0.6205934931279142f,-0.6044897078628526f,0.3508990740276057f,0.7744764828714896f,-0.452156451335878f,1.5810701785925911f,1.0394851485108103f,0.054066003374378f,0.530593413937405f,-1.711535659113965f,0f,0f,0f,1f], start_interpolation: 0, interpolation_duration: 1 }
$data merge entity $(bone_group4) { transformation: [0.6132921366980609f,-0.50185939790344f,-0.601199946467667f,-0.6044897078628526f,0.339933477964243f,0.7502740927817557f,-0.43802656223163183f,1.5810701785925911f,1.0070012376198476f,0.052376440768928695f,0.5140123697518612f,-1.711535659113965f,0f,0f,0f,1f], start_interpolation: 0, interpolation_duration: 1 }
$data merge entity $(bone_group2) { transformation: [0.6132921366980609f,-0.50185939790344f,-0.601199946467667f,-0.6044897078628526f,0.339933477964243f,0.7502740927817557f,-0.43802656223163183f,1.5810701785925911f,1.0070012376198476f,0.052376440768928695f,0.5140123697518612f,-1.711535659113965f,0f,0f,0f,1f], start_interpolation: 0, interpolation_duration: 1 }
$data merge entity $(bone_10) { transformation: [-0.9582227920298918f,-0.13028701716140575f,0.25462594917569265f,0.40949319250935734f,0f,0.8902293416022441f,0.4555125896728158f,1.0578894674948258f,-0.2860228676774618f,0.4364825454810519f,-0.8530380452570345f,-0.8236474303185576f,0f,0f,0f,1f], start_interpolation: 0, interpolation_duration: 1 }
$data merge entity $(bone_9) { transformation: [-0.9582227920298918f,-0.17012457231105885f,0.22992762063401204f,0.3476142636627128f,0f,0.8038784538489891f,0.5947936040656109f,1.34238f,-0.2860228676774618f,0.5699447879692716f,-0.7702946564998508f,-0.6163430268324899f,0f,0f,0f,1f], start_interpolation: 0, interpolation_duration: 1 }
$data merge entity $(bone_bone12) { transformation: [-1.418043068792234f,0.44977039911947536f,0.12799382472293397f,0.42983783170854506f,0.4869349330875795f,1.3530936486450529f,0.2844346821604902f,1.76842265600489f,-0.04525733077964532f,0.46566529403889034f,-0.9501128840390787f,-0.8918052567699376f,0f,0f,0f,1f], start_interpolation: 0, interpolation_duration: 1 }
$data merge entity $(bone_bone1) { transformation: [0.7138853707594421f,1.0296945896021374f,0.6103767642371003f,-0.21468961685295274f,-0.5599599319274678f,-0.7307904062627654f,0.7918999132772311f,1.0978041226791981f,0.4204908465727162f,-2.721336883639802f,0.018295710725785647f,-0.17842452894742677f,0f,0f,0f,1f], start_interpolation: 0, interpolation_duration: 1 }
$data merge entity $(bone_2) { transformation: [0.9282846578830873f,0.24769049806522075f,0.27737521718257874f,-0.03263233319370691f,-0.3018621786102173f,0.06628371636210956f,0.9510445279112439f,1.0369218085071386f,0.21717923257893013f,-0.9665691315748866f,0.1362985503334378f,-1.0412098378671322f,0f,0f,0f,1f], start_interpolation: 0, interpolation_duration: 1 }
$data merge entity $(bone_bone2) { transformation: [1.8526509653059124f,-0.2590454703642993f,-0.35375833736988144f,0.1852496863298699f,-0.17531983820794345f,1.6783092506291397f,-0.5367823147197094f,0.9195899879727516f,0.7327669172948603f,1.05649112799701f,0.7659763608267869f,-0.9844575188976477f,0f,0f,0f,1f], start_interpolation: 0, interpolation_duration: 1 }
$data merge entity $(bone_1) { transformation: [0.9282846578830873f,0.11464132187033167f,-0.35375833736988144f,0.003334100177368182f,-0.3018621786102173f,0.7878730682850151f,-0.5367823147197094f,1.33975f,0.21717923257893013f,0.6050730497972776f,0.7659763608267869f,-0.7740328677560712f,0f,0f,0f,1f], start_interpolation: 0, interpolation_duration: 1 }
$data merge entity $(bone_4) { transformation: [-0.8074791470112856f,0.05503032543547243f,0.5873236675159555f,0.8280173996659109f,-0.4649711965049922f,0.5533271785795013f,-0.691108399504712f,1.0528520956474274f,-0.3630140679955016f,-0.8311442093449937f,-0.4212126419157463f,-0.547239914240445f,0f,0f,0f,1f], start_interpolation: 0, interpolation_duration: 1 }
$data merge entity $(bone_group5) { transformation: [-3.2299165880451426f,-1.1192666952579742f,1.6787202054311419f,0.7603277844718961f,-1.8598847860199688f,2.389747329523305f,-0.08145082309757731f,0.7984876091311829f,-1.4520562719820065f,-0.5712703089803707f,-3.6297746810640956f,-0.43152439221075345f,0f,0f,0f,1f], start_interpolation: 0, interpolation_duration: 1 }
$data merge entity $(bone_group7) { transformation: [-3.2299165880451426f,-1.1192666952579742f,1.6787202054311419f,0.7603277844718961f,-1.8598847860199688f,2.389747329523305f,-0.08145082309757731f,0.7984876091311829f,-1.4520562719820065f,-0.5712703089803707f,-3.6297746810640956f,-0.43152439221075345f,0f,0f,0f,1f], start_interpolation: 0, interpolation_duration: 1 }
$data merge entity $(bone_group6) { transformation: [-2.237556469722864f,-2.5842716857258323f,1.6787202054311419f,1.1143225867435385f,-2.8055811375671302f,1.1396395029832203f,-0.08145082309757731f,0.9087574001417607f,-0.9718824647707586f,-1.2207627359957898f,-3.6297746810640956f,-0.2702811434207705f,0f,0f,0f,1f], start_interpolation: 0, interpolation_duration: 1 }
$data merge entity $(bone_group8) { transformation: [-2.237556469722864f,-2.5842716857258323f,1.6787202054311419f,1.1143225867435385f,-2.8055811375671302f,1.1396395029832203f,-0.08145082309757731f,0.9087574001417607f,-0.9718824647707586f,-1.2207627359957898f,-3.6297746810640956f,-0.2702811434207705f,0f,0f,0f,1f], start_interpolation: 0, interpolation_duration: 1 }
$data merge entity $(bone_group9) { transformation: [-2.237556469722864f,-2.5842716857258323f,1.6787202054311419f,1.166788213083756f,-2.8055811375671302f,1.1396395029832203f,-0.08145082309757731f,0.7967379940703556f,-0.9718824647707586f,-1.2207627359957898f,-3.6297746810640956f,-0.24350284768731567f,0f,0f,0f,1f], start_interpolation: 0, interpolation_duration: 1 }
$data merge entity $(bone_group10) { transformation: [-2.237556469722864f,-2.5842716857258323f,1.6787202054311419f,1.166788213083756f,-2.8055811375671302f,1.1396395029832203f,-0.08145082309757731f,0.7967379940703556f,-0.9718824647707586f,-1.2207627359957898f,-3.6297746810640956f,-0.24350284768731567f,0f,0f,0f,1f], start_interpolation: 0, interpolation_duration: 1 }
$data merge entity $(bone_group11) { transformation: [-2.237556469722864f,-2.5842716857258323f,1.6787202054311419f,1.2192538394239736f,-2.8055811375671302f,1.1396395029832203f,-0.08145082309757731f,0.6847185879989507f,-0.9718824647707586f,-1.2207627359957898f,-3.6297746810640956f,-0.21672455195386076f,0f,0f,0f,1f], start_interpolation: 0, interpolation_duration: 1 }
$data merge entity $(bone_group12) { transformation: [-2.237556469722864f,-2.5842716857258323f,1.6787202054311419f,1.2192538394239736f,-2.8055811375671302f,1.1396395029832203f,-0.08145082309757731f,0.6847185879989507f,-0.9718824647707586f,-1.2207627359957898f,-3.6297746810640956f,-0.21672455195386076f,0f,0f,0f,1f], start_interpolation: 0, interpolation_duration: 1 }
$data merge entity $(bone_group13) { transformation: [-2.435813593113323f,-1.9415928046216857f,0.6714880821724568f,0.9860420388075269f,-2.315034163516892f,1.7757922087623128f,-0.032580329239030925f,0.8874758654723529f,-1.0745813170315701f,-0.9378077451061457f,-1.4519098724256383f,-0.38078765815318605f,0f,0f,0f,1f], start_interpolation: 0, interpolation_duration: 1 }
$data merge entity $(bone_group14) { transformation: [-2.435813593113323f,-1.9415928046216857f,0.6714880821724568f,0.9860420388075269f,-2.315034163516892f,1.7757922087623128f,-0.032580329239030925f,0.8874758654723529f,-1.0745813170315701f,-0.9378077451061457f,-1.4519098724256383f,-0.38078765815318605f,0f,0f,0f,1f], start_interpolation: 0, interpolation_duration: 1 }
$data merge entity $(bone_group15) { transformation: [-2.348804149654238f,-2.0459935351611875f,0.6714880821724568f,1.046322901845096f,-2.3902897321971435f,1.673121676120478f,-0.032580329239030925f,0.8236319119138598f,-1.0326519544174835f,-0.9837877386571401f,-1.4519098724256383f,-0.35147596398545145f,0f,0f,0f,1f], start_interpolation: 0, interpolation_duration: 1 }
$data merge entity $(bone_group16) { transformation: [-2.348804149654238f,-2.0459935351611875f,0.6714880821724568f,1.046322901845096f,-2.3902897321971435f,1.673121676120478f,-0.032580329239030925f,0.8236319119138598f,-1.0326519544174835f,-0.9837877386571401f,-1.4519098724256383f,-0.35147596398545145f,0f,0f,0f,1f], start_interpolation: 0, interpolation_duration: 1 }
$data merge entity $(bone_group17) { transformation: [-2.1615461545275623f,-2.2429196822894593f,0.6714880821724568f,1.158540444543503f,-2.5270161205074197f,1.4584274660218515f,-0.032580329239030925f,0.7607521467827891f,-0.9429796508960738f,-1.0700456773849871f,-1.4519098724256383f,-0.2981659153019258f,0f,0f,0f,1f], start_interpolation: 0, interpolation_duration: 1 }
$data merge entity $(bone_group18) { transformation: [-2.1615461545275623f,-2.2429196822894593f,0.6714880821724568f,1.158540444543503f,-2.5270161205074197f,1.4584274660218515f,-0.032580329239030925f,0.7607521467827891f,-0.9429796508960738f,-1.0700456773849871f,-1.4519098724256383f,-0.2981659153019258f,0f,0f,0f,1f], start_interpolation: 0, interpolation_duration: 1 }
$data merge entity $(bone_group19) { transformation: [-2.1615461545275623f,-2.2429196822894593f,0.6714880821724568f,1.2110060708837205f,-2.5270161205074197f,1.4584274660218515f,-0.032580329239030925f,0.6487327407113843f,-0.9429796508960738f,-1.0700456773849871f,-1.4519098724256383f,-0.2713876195684709f,0f,0f,0f,1f], start_interpolation: 0, interpolation_duration: 1 }
$data merge entity $(bone_group20) { transformation: [-2.1615461545275623f,-2.2429196822894593f,0.6714880821724568f,1.2110060708837205f,-2.5270161205074197f,1.4584274660218515f,-0.032580329239030925f,0.6487327407113843f,-0.9429796508960738f,-1.0700456773849871f,-1.4519098724256383f,-0.2713876195684709f,0f,0f,0f,1f], start_interpolation: 0, interpolation_duration: 1 }
$data merge entity $(bone_bone11) { transformation: [-0.8163163566501634f,-0.05167247290460775f,0.41968005135778547f,0.6498703544217871f,-0.042616027058661354f,1.498006097015766f,-0.020362705774394328f,1.0638140185796425f,-0.37657865062047635f,-0.057512510356560936f,-0.9074436702660239f,-0.595439022286303f,0f,0f,0f,1f], start_interpolation: 0, interpolation_duration: 1 }
$data merge entity $(bone_3) { transformation: [-0.8074791470112856f,-0.41454322046591635f,0.41968005135778547f,0.6918348794851612f,-0.4649711965049922f,0.8850916035271499f,-0.020362705774394328f,1.31625f,-0.3630140679955016f,-0.21158159591865577f,-0.9074436702660239f,-0.5816955858329828f,0f,0f,0f,1f], start_interpolation: 0, interpolation_duration: 1 }
$data merge entity $(bone_8) { transformation: [-0.9079683234288353f,0.004243737612390275f,0.41901731985791146f,0.19326983464054437f,0.10693834157265349f,0.969185558664318f,0.22190886412720062f,0.4626291415631383f,-0.4051638122432958f,0.24629523659139474f,-0.8804436050542184f,-0.7711758694502414f,0f,0f,0f,1f], start_interpolation: 0, interpolation_duration: 1 }
$data merge entity $(bone_7) { transformation: [-0.9079683234288353f,0.2916158470877613f,0.30092145383325125f,0.313233258546077f,0.10693834157265349f,0.8555976060215746f,-0.5064750020206732f,0.765625f,-0.4051638122432958f,-0.42768321722676683f,-0.8080404389330039f,-0.9600405013826674f,0f,0f,0f,1f], start_interpolation: 0, interpolation_duration: 1 }