# This file was generated by Animated Java via MC-Build. It is not recommended to edit this file directly.
$data merge entity $(bone_layer) { transformation: [-0.7762452452128729f,-0.2853900160036701f,0.5621350887907925f,0.32864496231860657f,0.008761263698877253f,0.8866982339118203f,0.4622655970717023f,1.3824999999999998f,-0.6303701765968992f,0.3637564854996865f,-0.6857949108254673f,-0.44284079202808435f,0f,0f,0f,1f], start_interpolation: 0, interpolation_duration: 1 }
$data merge entity $(bone_head) { transformation: [-0.7762452452128729f,-0.2853900160036701f,0.5621350887907925f,0.32864496231860657f,0.008761263698877253f,0.8866982339118203f,0.4622655970717023f,1.3824999999999998f,-0.6303701765968992f,0.3637564854996865f,-0.6857949108254673f,-0.44284079202808435f,0f,0f,0f,1f], start_interpolation: 0, interpolation_duration: 1 }
$data merge entity $(bone_6) { transformation: [-0.9624518498296851f,-0.1264289163086633f,0.24021275128609296f,0.5101762504330135f,-0.09098752863814f,0.9839770830794765f,0.15333091536519464f,0.39225478966143457f,-0.2557493037952225f,0.1257172585424207f,-0.9585340184431834f,-0.5646510791779251f,0f,0f,0f,1f], start_interpolation: 0, interpolation_duration: 1 }
$data merge entity $(bone_12) { transformation: [-0.9624518498296851f,-0.08279567047251357f,0.25851753076034184f,0.4791278740058209f,-0.09098752863814f,0.9956538942361745f,-0.019864353114670424f,0.765625f,-0.2557493037952225f,-0.04264035463440245f,-0.9658023057359676f,-0.580641212165826f,0f,0f,0f,1f], start_interpolation: 0, interpolation_duration: 1 }
$data merge entity $(bone_group3) { transformation: [0.7349946704001376f,-0.4748891317092965f,-0.5935384748170478f,-0.7223147162814622f,0.3429241337234129f,0.7998036251619368f,-0.4093624488482995f,1.6087639142595704f,0.972949288214902f,0.07684780330839255f,0.5926597468159006f,-1.3966358378891872f,0f,0f,0f,1f], start_interpolation: 0, interpolation_duration: 1 }
$data merge entity $(bone_group1) { transformation: [0.7349946704001376f,-0.4748891317092965f,-0.5935384748170478f,-0.7223147162814622f,0.3429241337234129f,0.7998036251619368f,-0.4093624488482995f,1.6087639142595704f,0.972949288214902f,0.07684780330839255f,0.5926597468159006f,-1.3966358378891872f,0f,0f,0f,1f], start_interpolation: 0, interpolation_duration: 1 }
$data merge entity $(bone_group4) { transformation: [0.7120260869501333f,-0.460048846343381f,-0.574990397479015f,-0.7223147162814622f,0.3322077545445563f,0.7748097618756263f,-0.39656987232179014f,1.6087639142595704f,0.9425446229581864f,0.0744463094550053f,0.5741391297279038f,-1.3966358378891872f,0f,0f,0f,1f], start_interpolation: 0, interpolation_duration: 1 }
$data merge entity $(bone_group2) { transformation: [0.7120260869501333f,-0.460048846343381f,-0.574990397479015f,-0.7223147162814622f,0.3322077545445563f,0.7748097618756263f,-0.39656987232179014f,1.6087639142595704f,0.9425446229581864f,0.0744463094550053f,0.5741391297279038f,-1.3966358378891872f,0f,0f,0f,1f], start_interpolation: 0, interpolation_duration: 1 }
$data merge entity $(bone_10) { transformation: [-0.935813675838491f,-0.13978847293222807f,0.32359225415471193f,0.343943555311347f,0f,0.9180050873212301f,0.3965686064886385f,1.0603273118062364f,-0.3524950554456785f,0.37111432536028083f,-0.8590817152045152f,-0.5586342816476386f,0f,0f,0f,1f], start_interpolation: 0, interpolation_duration: 1 }
$data merge entity $(bone_9) { transformation: [-0.935813675838491f,-0.1609268643641416f,0.31361649899132715f,0.28414671373530487f,0f,0.8897046757005f,0.4565365155567164f,1.38676f,-0.3524950554456785f,0.4272331147776272f,-0.8325978029779775f,-0.3998839637231608f,0f,0f,0f,1f], start_interpolation: 0, interpolation_duration: 1 }
$data merge entity $(bone_bone12) { transformation: [-1.318648711608478f,0.6036668051208174f,0.25538812620839296f,0.38619583167980753f,0.7066860553175585f,1.2224113612095473f,0.3375106801309521f,1.8224884639931187f,-0.10844535302635137f,0.6255372509939331f,-0.9060151465562307f,-0.6708067999569238f,0f,0f,0f,1f], start_interpolation: 0, interpolation_duration: 1 }
$data merge entity $(bone_bone1) { transformation: [0.6852724432179087f,1.2431797973167997f,0.598898906201f,-0.3128630204916582f,-0.5383707582864102f,-0.7967068619710063f,0.799768752389461f,1.154579846213902f,0.49046774123103554f,-2.6114674356827954f,0.04111013077881549f,0.022834086629961114f,0f,0f,0f,1f], start_interpolation: 0, interpolation_duration: 1 }
$data merge entity $(bone_2) { transformation: [0.9119550789934426f,0.3204818856529808f,0.25618215173265674f,-0.0644641395118821f,-0.28361452716711566f,0.04121228364048701f,0.95805237208459f,1.0708840478887545f,0.296480579259144f,-0.9463577064965691f,0.12847706984795615f,-0.8212885402855314f,0f,0f,0f,1f], start_interpolation: 0, interpolation_duration: 1 }
$data merge entity $(bone_bone2) { transformation: [1.7897685889078017f,-0.36754039812725836f,-0.4067070364228516f,0.1559559328712155f,-0.1340851965927602f,1.6911920057847947f,-0.5295967238437856f,0.9532202547270848f,0.8824678794231886f,1.0023889740585037f,0.744390150806733f,-0.7686185325065511f,0f,0f,0f,1f], start_interpolation: 0, interpolation_duration: 1 }
$data merge entity $(bone_1) { transformation: [0.9119550789934426f,0.05410471718995899f,-0.4067070364228516f,-0.04836202310653809f,-0.28361452716711566f,0.7994311165283113f,-0.5295967238437856f,1.373875f,0.296480579259144f,0.5983164459582339f,0.744390150806733f,-0.5809752322146098f,0f,0f,0f,1f], start_interpolation: 0, interpolation_duration: 1 }
$data merge entity $(bone_4) { transformation: [-0.7900569639685914f,0.24478761962764964f,0.5620400474714956f,0.7413713485444463f,-0.4088617233621656f,0.47271958552962445f,-0.7806204485061995f,1.079149771628171f,-0.4567735597142767f,-0.8465312839663572f,-0.27339111253334286f,-0.25585403673141244f,0f,0f,0f,1f], start_interpolation: 0, interpolation_duration: 1 }
$data merge entity $(bone_group5) { transformation: [-3.1602278558743655f,-0.7376432569412881f,2.1951622976895795f,0.6280908066960582f,-1.6354468934486623f,2.434990272834107f,-0.5585957620770355f,0.843715285387457f,-1.8270942388571068f,-0.9037172105765892f,-3.296852022974611f,-0.13580663121385317f,0f,0f,0f,1f], start_interpolation: 0, interpolation_duration: 1 }
$data merge entity $(bone_group7) { transformation: [-3.1602278558743655f,-0.7376432569412881f,2.1951622976895795f,0.6280908066960582f,-1.6354468934486623f,2.434990272834107f,-0.5585957620770355f,0.843715285387457f,-1.8270942388571068f,-0.9037172105765892f,-3.296852022974611f,-0.13580663121385317f,0f,0f,0f,1f], start_interpolation: 0, interpolation_duration: 1 }
$data merge entity $(bone_group6) { transformation: [-2.3680159764637843f,-2.2189317273786298f,2.1951622976895795f,0.9634239207670346f,-2.633833692683937f,1.2910399875180067f,-0.5585957620770355f,0.9303901895626786f,-1.130451420670153f,-1.6961891816250905f,-3.296852022974611f,0.07278458556883305f,0f,0f,0f,1f], start_interpolation: 0, interpolation_duration: 1 }
$data merge entity $(bone_group8) { transformation: [-2.3680159764637843f,-2.2189317273786298f,2.1951622976895795f,0.9634239207670346f,-2.633833692683937f,1.2910399875180067f,-0.5585957620770355f,0.9303901895626786f,-1.130451420670153f,-1.6961891816250905f,-3.296852022974611f,0.07278458556883305f,0f,0f,0f,1f], start_interpolation: 0, interpolation_duration: 1 }
$data merge entity $(bone_group9) { transformation: [-2.3680159764637843f,-2.2189317273786298f,2.1951622976895795f,0.9980009484361576f,-2.633833692683937f,1.2910399875180067f,-0.5585957620770355f,0.81625002052358f,-1.130451420670153f,-1.6961891816250905f,-3.296852022974611f,0.1151463298146107f,0f,0f,0f,1f], start_interpolation: 0, interpolation_duration: 1 }
$data merge entity $(bone_group10) { transformation: [-2.3680159764637843f,-2.2189317273786298f,2.1951622976895795f,0.9980009484361576f,-2.633833692683937f,1.2910399875180067f,-0.5585957620770355f,0.81625002052358f,-1.130451420670153f,-1.6961891816250905f,-3.296852022974611f,0.1151463298146107f,0f,0f,0f,1f], start_interpolation: 0, interpolation_duration: 1 }
$data merge entity $(bone_group11) { transformation: [-2.3680159764637843f,-2.2189317273786298f,2.1951622976895795f,1.0325779761052805f,-2.633833692683937f,1.2910399875180067f,-0.5585957620770355f,0.7021098514844811f,-1.130451420670153f,-1.6961891816250905f,-3.296852022974611f,0.1575080740603883f,0f,0f,0f,1f], start_interpolation: 0, interpolation_duration: 1 }
$data merge entity $(bone_group12) { transformation: [-2.3680159764637843f,-2.2189317273786298f,2.1951622976895795f,1.0325779761052805f,-2.633833692683937f,1.2910399875180067f,-0.5585957620770355f,0.7021098514844811f,-1.130451420670153f,-1.6961891816250905f,-3.296852022974611f,0.1575080740603883f,0f,0f,0f,1f], start_interpolation: 0, interpolation_duration: 1 }
$data merge entity $(bone_group13) { transformation: [-2.4907529816092304f,-1.5587718373647743f,0.8780649190758318f,0.8520300481256431f,-2.135993778675175f,1.8796819690318038f,-0.22343830483081423f,0.9131024656784241f,-1.2965246652590026f,-1.3563664728884577f,-1.3187408091898445f,-0.055328771407749666f,0f,0f,0f,1f], start_interpolation: 0, interpolation_duration: 1 }
$data merge entity $(bone_group14) { transformation: [-2.4907529816092304f,-1.5587718373647743f,0.8780649190758318f,0.8520300481256431f,-2.135993778675175f,1.8796819690318038f,-0.22343830483081423f,0.9131024656784241f,-1.2965246652590026f,-1.3563664728884577f,-1.3187408091898445f,-0.055328771407749666f,0f,0f,0f,1f], start_interpolation: 0, interpolation_duration: 1 }
$data merge entity $(bone_group15) { transformation: [-2.4203896640882205f,-1.6659333511073413f,0.8780649190758318f,0.8993991885119053f,-2.2159513618261815f,1.784722188258728f,-0.22343830483081423f,0.8461264263826461f,-1.236126786473744f,-1.411629124155116f,-1.3187408091898445f,-0.01244074313839505f,0f,0f,0f,1f], start_interpolation: 0, interpolation_duration: 1 }
$data merge entity $(bone_group16) { transformation: [-2.4203896640882205f,-1.6659333511073413f,0.8780649190758318f,0.8993991885119053f,-2.2159513618261815f,1.784722188258728f,-0.22343830483081423f,0.8461264263826461f,-1.236126786473744f,-1.411629124155116f,-1.3187408091898445f,-0.01244074313839505f,0f,0f,0f,1f], start_interpolation: 0, interpolation_duration: 1 }
$data merge entity $(bone_group17) { transformation: [-2.2659836920968908f,-1.8705448306597114f,0.8780649190758318f,0.9941746201221175f,-2.363067785796341f,1.584797894677397f,-0.22343830483081423f,0.7768159480697246f,-1.1083913660543654f,-1.5139929973606159f,-1.3187408091898445f,0.062407624926508504f,0f,0f,0f,1f], start_interpolation: 0, interpolation_duration: 1 }
$data merge entity $(bone_group18) { transformation: [-2.2659836920968908f,-1.8705448306597114f,0.8780649190758318f,0.9941746201221175f,-2.363067785796341f,1.584797894677397f,-0.22343830483081423f,0.7768159480697246f,-1.1083913660543654f,-1.5139929973606159f,-1.3187408091898445f,0.062407624926508504f,0f,0f,0f,1f], start_interpolation: 0, interpolation_duration: 1 }
$data merge entity $(bone_group19) { transformation: [-2.2659836920968908f,-1.8705448306597114f,0.8780649190758318f,1.0287516477912404f,-2.363067785796341f,1.584797894677397f,-0.22343830483081423f,0.6626757790306258f,-1.1083913660543654f,-1.5139929973606159f,-1.3187408091898445f,0.10476936917228613f,0f,0f,0f,1f], start_interpolation: 0, interpolation_duration: 1 }
$data merge entity $(bone_group20) { transformation: [-2.2659836920968908f,-1.8705448306597114f,0.8780649190758318f,1.0287516477912404f,-2.363067785796341f,1.584797894677397f,-0.22343830483081423f,0.6626757790306258f,-1.1083913660543654f,-1.5139929973606159f,-1.3187408091898445f,0.10476936917228613f,0f,0f,0f,1f], start_interpolation: 0, interpolation_duration: 1 }
$data merge entity $(bone_bone11) { transformation: [-0.7483451377936333f,0.1294321801711631f,0.5487905744223949f,0.5751626293854148f,0.009524678152967536f,1.4852167826894642f,-0.13964894051925889f,1.104177430106355f,-0.49988882288635983f,-0.16546425340144044f,-0.8242130057436527f,-0.3328473188189661f,0f,0f,0f,1f], start_interpolation: 0, interpolation_duration: 1 }
$data merge entity $(bone_3) { transformation: [-0.7900569639685914f,-0.27320120627455113f,0.5487905744223949f,0.6431150349809891f,-0.4088617233621656f,0.9018482491978174f,-0.13964894051925889f,1.3512499999999998f,-0.4567735597142767f,-0.3347100779913293f,-0.8242130057436527f,-0.32946443470559916f,0f,0f,0f,1f], start_interpolation: 0, interpolation_duration: 1 }
$data merge entity $(bone_8) { transformation: [-0.8773302180415138f,0.0431903439902136f,0.47793962243910804f,0.14873216573725528f,0.10693828081889933f,0.988494267844392f,0.10697329823034246f,0.4173815592798496f,-0.46782036360843504f,0.14496094861991837f,-0.8718545926749972f,-0.5675056390343479f,0f,0f,0f,1f], start_interpolation: 0, interpolation_duration: 1 }
$data merge entity $(bone_7) { transformation: [-0.8773302180415138f,0.24141935874025688f,0.41473893202431966f,0.24517445504619817f,0.10693828081889933f,0.94086472828228f,-0.3214619218038268f,0.765625f,-0.46782036360843504f,-0.23767678956884827f,-0.8512660283915465f,-0.6687649760272456f,0f,0f,0f,1f], start_interpolation: 0, interpolation_duration: 1 }