# This file was generated by Animated Java via MC-Build. It is not recommended to edit this file directly.
$data merge entity $(bone_layer) { transformation: [-0.7372773368101241f,-0.25853717952260447f,0.6241639651811594f,0.2991128764838511f,0f,0.9238795325112867f,0.3826834323650897f,1.40625f,-0.6755902076156602f,0.2821438218554906f,-0.6811554412633039f,-0.24685029292283425f,0f,0f,0f,1f], start_interpolation: 0, interpolation_duration: 1 }
$data merge entity $(bone_head) { transformation: [-0.7372773368101241f,-0.25853717952260447f,0.6241639651811594f,0.2991128764838511f,0f,0.9238795325112867f,0.3826834323650897f,1.40625f,-0.6755902076156602f,0.2821438218554906f,-0.6811554412633039f,-0.24685029292283425f,0f,0f,0f,1f], start_interpolation: 0, interpolation_duration: 1 }
$data merge entity $(bone_6) { transformation: [-0.9704274039228433f,-0.10100596127940119f,0.2192451812505689f,0.44711347156157216f,-0.10693779478758969f,0.9941475584248421f,-0.015327756649040847f,0.3994815301880824f,-0.21641386684207198f,-0.038320071293631075f,-0.9755493889980728f,-0.2567075041314951f,0f,0f,0f,1f], start_interpolation: 0, interpolation_duration: 1 }
$data merge entity $(bone_12) { transformation: [-0.9704274039228433f,-0.06139992758198805f,0.2334538554157916f,0.42408849871832666f,-0.10693779478758969f,0.9763825861651136f,-0.18772680543676187f,0.765625f,-0.21641386684207198f,-0.20714027692955111f,-0.9540743911834186f,-0.33438510798007676f,0f,0f,0f,1f], start_interpolation: 0, interpolation_duration: 1 }
$data merge entity $(bone_group3) { transformation: [0.8543676123445488f,-0.4314885445606367f,-0.5372296081834074f,-0.8413116842749757f,0.3130438263731278f,0.8176650464457158f,-0.3864313147977139f,1.6537491421441624f,0.8811946380855878f,0.1278773586096455f,0.6581537040433061f,-1.0594593218855775f,0f,0f,0f,1f], start_interpolation: 0, interpolation_duration: 1 }
$data merge entity $(bone_group1) { transformation: [0.8543676123445488f,-0.4314885445606367f,-0.5372296081834074f,-0.8413116842749757f,0.3130438263731278f,0.8176650464457158f,-0.3864313147977139f,1.6537491421441624f,0.8811946380855878f,0.1278773586096455f,0.6581537040433061f,-1.0594593218855775f,0f,0f,0f,1f], start_interpolation: 0, interpolation_duration: 1 }
$data merge entity $(bone_group4) { transformation: [0.8276686244587818f,-0.4180045275431168f,-0.5204411829276759f,-0.8413116842749757f,0.30326120679896756f,0.7921130137442873f,-0.3743553362102854f,1.6537491421441624f,0.8536573056454133f,0.12388119115309408f,0.6375864007919528f,-1.0594593218855775f,0f,0f,0f,1f], start_interpolation: 0, interpolation_duration: 1 }
$data merge entity $(bone_group2) { transformation: [0.8276686244587818f,-0.4180045275431168f,-0.5204411829276759f,-0.8413116842749757f,0.30326120679896756f,0.7921130137442873f,-0.3743553362102854f,1.6537491421441624f,0.8536573056454133f,0.12388119115309408f,0.6375864007919528f,-1.0594593218855775f,0f,0f,0f,1f], start_interpolation: 0, interpolation_duration: 1 }
$data merge entity $(bone_10) { transformation: [-0.9396926207859084f,-0.1216211273463443f,0.31966557497408965f,0.29568924659794465f,0f,0.9346396146899064f,0.3555963872880366f,1.066385144491285f,-0.34202014332566877f,0.33415130111269603f,-0.8782739490182898f,-0.3288128346238327f,0f,0f,0f,1f], start_interpolation: 0, interpolation_duration: 1 }
$data merge entity $(bone_9) { transformation: [-0.9396926207859084f,-0.1216211273463443f,0.31966557497408965f,0.25008132384306553f,0f,0.9346396146899064f,0.3555963872880366f,1.416875f,-0.34202014332566877f,0.33415130111269603f,-0.8782739490182898f,-0.20350609670657166f,0f,0f,0f,1f], start_interpolation: 0, interpolation_duration: 1 }
$data merge entity $(bone_bone12) { transformation: [-1.2293197962428064f,0.7133401425425573f,0.31966557497408965f,0.35192841059849717f,0.8534588211701812f,1.1122491904241254f,0.3555963872880366f,1.8645232990291118f,-0.1018865993757273f,0.7099630831516819f,-0.8782739490182898f,-0.48332866780435596f,0f,0f,0f,1f], start_interpolation: 0, interpolation_duration: 1 }
$data merge entity $(bone_bone1) { transformation: [0.6823850525080738f,1.3923262145476394f,0.5647598775197816f,-0.3876102239479825f,-0.5281077149055172f,-0.6635571268470248f,0.8198653082147078f,1.1235499244850062f,0.5054234675703406f,-2.5731536393487984f,0.09416558357406278f,0.24287548044134522f,0f,0f,0f,1f], start_interpolation: 0, interpolation_duration: 1 }
$data merge entity $(bone_2) { transformation: [0.9076733711903691f,0.36191583184102744f,0.21247583837869294f,-0.09749335088442014f,-0.2588190451025206f,0.0841859828293694f,0.9622501868990584f,1.076931386098322f,0.3303660895493523f,-0.9284016646677616f,0.17008408484628712f,-0.5907364867487321f,0f,0f,0f,1f], start_interpolation: 0, interpolation_duration: 1 }
$data merge entity $(bone_bone2) { transformation: [1.7739971909938481f,-0.39331355926762007f,-0.41780330612687083f,0.12694897521750614f,-0.06698729810778042f,1.7499999999999998f,-0.4829629131445343f,0.959944355839079f,0.9211116480851591f,0.8847623658905464f,0.7695370178986854f,-0.542301716128035f,0f,0f,0f,1f], start_interpolation: 0, interpolation_duration: 1 }
$data merge entity $(bone_1) { transformation: [0.9076733711903691f,0.0396162671306558f,-0.41780330612687083f,-0.08263725071042421f,-0.2588190451025206f,0.8365163037378078f,-0.4829629131445343f,1.390625f,0.3303660895493523f,0.5465080282662534f,0.7695370178986854f,-0.38579597614888717f,0f,0f,0f,1f], start_interpolation: 0, interpolation_duration: 1 }
$data merge entity $(bone_4) { transformation: [-0.7998035420951027f,0.31784555042305773f,0.5092037903711939f,0.6951186665335862f,-0.3699558727625508f,0.4070156667553069f,-0.8351472320640427f,1.1003692756310783f,-0.4727017519119499f,-0.8563366470565162f,-0.20794374394863868f,-0.03783541369663809f,0f,0f,0f,1f], start_interpolation: 0, interpolation_duration: 1 }
$data merge entity $(bone_group5) { transformation: [-3.199214168380411f,-0.5015669915421928f,2.2831748197108066f,0.5583683770885408f,-1.4798234910502033f,2.433738214388176f,-0.900120813018028f,0.8810799912150131f,-1.8908070076477996f,-1.0561007796711304f,-3.1586223681551884f,0.0881996057280324f,0f,0f,0f,1f], start_interpolation: 0, interpolation_duration: 1 }
$data merge entity $(bone_group7) { transformation: [-3.199214168380411f,-0.5015669915421928f,2.2831748197108066f,0.5583683770885408f,-1.4798234910502033f,2.433738214388176f,-0.900120813018028f,0.8810799912150131f,-1.8908070076477996f,-1.0561007796711304f,-3.1586223681551884f,0.0881996057280324f,0f,0f,0f,1f], start_interpolation: 0, interpolation_duration: 1 }
$data merge entity $(bone_group6) { transformation: [-2.5198172461934463f,-2.033976840565479f,2.2831748197108066f,0.8902775292892513f,-2.4984338435605378f,1.3677673742960375f,-0.900120813018028f,0.952400435524995f,-1.109436512441067f,-1.860013607975651f,-3.1586223681551884f,0.30779204875382615f,0f,0f,0f,1f], start_interpolation: 0, interpolation_duration: 1 }
$data merge entity $(bone_group8) { transformation: [-2.5198172461934463f,-2.033976840565479f,2.2831748197108066f,0.8902775292892513f,-2.4984338435605378f,1.3677673742960375f,-0.900120813018028f,0.952400435524995f,-1.109436512441067f,-1.860013607975651f,-3.1586223681551884f,0.30779204875382615f,0f,0f,0f,1f], start_interpolation: 0, interpolation_duration: 1 }
$data merge entity $(bone_group9) { transformation: [-2.5198172461934463f,-2.033976840565479f,2.2831748197108066f,0.9137884820177916f,-2.4984338435605378f,1.3677673742960375f,-0.900120813018028f,0.8383189567255492f,-1.109436512441067f,-1.860013607975651f,-3.1586223681551884f,0.3572967728009104f,0f,0f,0f,1f], start_interpolation: 0, interpolation_duration: 1 }
$data merge entity $(bone_group10) { transformation: [-2.5198172461934463f,-2.033976840565479f,2.2831748197108066f,0.9137884820177916f,-2.4984338435605378f,1.3677673742960375f,-0.900120813018028f,0.8383189567255492f,-1.109436512441067f,-1.860013607975651f,-3.1586223681551884f,0.3572967728009104f,0f,0f,0f,1f], start_interpolation: 0, interpolation_duration: 1 }
$data merge entity $(bone_group11) { transformation: [-2.5198172461934463f,-2.033976840565479f,2.2831748197108066f,0.9372994347463318f,-2.4984338435605378f,1.3677673742960375f,-0.900120813018028f,0.7242374779261035f,-1.109436512441067f,-1.860013607975651f,-3.1586223681551884f,0.4068014968479946f,0f,0f,0f,1f], start_interpolation: 0, interpolation_duration: 1 }
$data merge entity $(bone_group12) { transformation: [-2.5198172461934463f,-2.033976840565479f,2.2831748197108066f,0.9372994347463318f,-2.4984338435605378f,1.3677673742960375f,-0.900120813018028f,0.7242374779261035f,-1.109436512441067f,-1.860013607975651f,-3.1586223681551884f,0.4068014968479946f,0f,0f,0f,1f], start_interpolation: 0, interpolation_duration: 1 }
$data merge entity $(bone_group13) { transformation: [-2.5952062001158134f,-1.3441729706289884f,0.9132699278843227f,0.7834650684984119f,-2.002038668318695f,1.9206050333444156f,-0.36004832520721125f,0.937059425467432f,-1.3053895951004217f,-1.518940184919488f,-1.2634489472620754f,0.17559430245997545f,0f,0f,0f,1f], start_interpolation: 0, interpolation_duration: 1 }
$data merge entity $(bone_group14) { transformation: [-2.5952062001158134f,-1.3441729706289884f,0.9132699278843227f,0.7834650684984119f,-2.002038668318695f,1.9206050333444156f,-0.36004832520721125f,0.937059425467432f,-1.3053895951004217f,-1.518940184919488f,-1.2634489472620754f,0.17559430245997545f,0f,0f,0f,1f], start_interpolation: 0, interpolation_duration: 1 }
$data merge entity $(bone_group15) { transformation: [-2.534104137372034f,-1.456094920341067f,0.9132699278843227f,0.8234550216931256f,-2.083908786047167f,1.8314493427301286f,-0.36004832520721125f,0.8689712545109731f,-1.2378919131457595f,-1.574434784844397f,-1.2634489472620754f,0.22390385522963574f,0f,0f,0f,1f], start_interpolation: 0, interpolation_duration: 1 }
$data merge entity $(bone_group16) { transformation: [-2.534104137372034f,-1.456094920341067f,0.9132699278843227f,0.8234550216931256f,-2.083908786047167f,1.8314493427301286f,-0.36004832520721125f,0.8689712545109731f,-1.2378919131457595f,-1.574434784844397f,-1.2634489472620754f,0.22390385522963574f,0f,0f,0f,1f], start_interpolation: 0, interpolation_duration: 1 }
$data merge entity $(bone_group17) { transformation: [-2.3975540717689587f,-1.6714157678546668f,0.9132699278843227f,0.9090974587613192f,-2.2356002117373484f,1.6428555069850543f,-0.36004832520721125f,0.7965725822591121f,-1.09596032760559f,-1.6763329742847448f,-1.2634489472620754f,0.3064411696518737f,0f,0f,0f,1f], start_interpolation: 0, interpolation_duration: 1 }
$data merge entity $(bone_group18) { transformation: [-2.3975540717689587f,-1.6714157678546668f,0.9132699278843227f,0.9090974587613192f,-2.2356002117373484f,1.6428555069850543f,-0.36004832520721125f,0.7965725822591121f,-1.09596032760559f,-1.6763329742847448f,-1.2634489472620754f,0.3064411696518737f,0f,0f,0f,1f], start_interpolation: 0, interpolation_duration: 1 }
$data merge entity $(bone_group19) { transformation: [-2.3975540717689587f,-1.6714157678546668f,0.9132699278843227f,0.9326084114898595f,-2.2356002117373484f,1.6428555069850543f,-0.36004832520721125f,0.6824911034596663f,-1.09596032760559f,-1.6763329742847448f,-1.2634489472620754f,0.3559458936989579f,0f,0f,0f,1f], start_interpolation: 0, interpolation_duration: 1 }
$data merge entity $(bone_group20) { transformation: [-2.3975540717689587f,-1.6714157678546668f,0.9132699278843227f,0.9326084114898595f,-2.2356002117373484f,1.6428555069850543f,-0.36004832520721125f,0.6824911034596663f,-1.09596032760559f,-1.6763329742847448f,-1.2634489472620754f,0.3559458936989579f,0f,0f,0f,1f], start_interpolation: 0, interpolation_duration: 1 }
$data merge entity $(bone_bone11) { transformation: [-0.7230384838409492f,0.25447622395518843f,0.5707937049277017f,0.5348965392625762f,0.04108290505537232f,1.4599228814174396f,-0.225030203254507f,1.1341006634743336f,-0.5343477760758369f,-0.23209272232301736f,-0.7896555920387971f,-0.123688491142471f,0f,0f,0f,1f], start_interpolation: 0, interpolation_duration: 1 }
$data merge entity $(bone_3) { transformation: [-0.7998035420951027f,-0.18576555242303436f,0.5707937049277017f,0.6221322148790072f,-0.3699558727625508f,0.9013845238474725f,-0.225030203254507f,1.375f,-0.4727017519119499f,-0.39114843691523343f,-0.7896555920387971f,-0.12928086865463562f,0f,0f,0f,1f], start_interpolation: 0, interpolation_duration: 1 }
$data merge entity $(bone_8) { transformation: [-0.8824986723959065f,0.0818831229654412f,0.4631319978072007f,0.12159698971830821f,0.10693779478758969f,0.9938699375890008f,0.02805093942817244f,0.3994815301880824f,-0.45799607123361863f,0.074281231345893f,-0.885845301056741f,-0.3751858142854979f,0f,0f,0f,1f], start_interpolation: 0, interpolation_duration: 1 }
$data merge entity $(bone_7) { transformation: [-0.8824986723959065f,0.1801822768094436f,0.4344311687059615f,0.18916534352184955f,0.10693779478758969f,0.9763825861651136f,-0.18772680543676187f,0.765625f,-0.45799607123361863f,-0.11921154540265616f,-0.8809246313830035f,-0.419890143811494f,0f,0f,0f,1f], start_interpolation: 0, interpolation_duration: 1 }