# This file was generated by Animated Java via MC-Build. It is not recommended to edit this file directly.
$data merge entity $(bone_layer) { transformation: [-0.9561817614712684f,-0.09316053394767419f,0.2775563977722122f,0.2766443840601513f,-0.06462964180683187f,0.9918009844679012f,0.11024434955326547f,1.416015625f,-0.2855511310249407f,0.087475265778883f,-0.9543629442970274f,0.17839099125722124f,0f,0f,0f,1f], start_interpolation: 0, interpolation_duration: 1 }
$data merge entity $(bone_head) { transformation: [-0.9561817614712684f,-0.09316053394767419f,0.2775563977722122f,0.2766443840601513f,-0.06462964180683187f,0.9918009844679012f,0.11024434955326547f,1.416015625f,-0.2855511310249407f,0.087475265778883f,-0.9543629442970274f,0.17839099125722124f,0f,0f,0f,1f], start_interpolation: 0, interpolation_duration: 1 }
$data merge entity $(bone_6) { transformation: [-0.9593419916462836f,-0.11604713727880472f,-0.25728584297146223f,0.40781332914259f,-0.10928595685733221f,0.9931859403519185f,-0.04047551755138751f,0.40147423210811295f,0.2602297498325643f,-0.010712134085680641f,-0.965487300530365f,0.13335795329757383f,0f,0f,0f,1f], start_interpolation: 0, interpolation_duration: 1 }
$data merge entity $(bone_12) { transformation: [-0.9593419916462836f,-0.15896133827853334f,-0.23322571898664898f,0.34820282728814f,-0.10928595685733221f,0.9710687143783655f,-0.21232553211831534f,0.765625f,0.2602297498325643f,-0.17820450299654642f,-0.948959236434229f,0.06653126467386891f,0f,0f,0f,1f], start_interpolation: 0, interpolation_duration: 1 }
$data merge entity $(bone_group3) { transformation: [1.1722849956989152f,-0.3140854103251927f,-0.16226560329039746f,-1.1093028892944439f,0.3069818098654041f,0.8202505166668548f,-0.38358188505041224f,1.6621425802638234f,0.36872008585836463f,0.31567476307067094f,0.8352520114079859f,0.021947161566140128f,0f,0f,0f,1f], start_interpolation: 0, interpolation_duration: 1 }
$data merge entity $(bone_group1) { transformation: [1.1722849956989152f,-0.3140854103251927f,-0.16226560329039746f,-1.1093028892944439f,0.3069818098654041f,0.8202505166668548f,-0.38358188505041224f,1.6621425802638234f,0.36872008585836463f,0.31567476307067094f,0.8352520114079859f,0.021947161566140128f,0f,0f,0f,1f], start_interpolation: 0, interpolation_duration: 1 }
$data merge entity $(bone_group4) { transformation: [1.135651089583324f,-0.3042702412525305f,-0.15719480318757256f,-1.1093028892944439f,0.2973886283071102f,0.7946176880210156f,-0.3715949511425869f,1.6621425802638234f,0.35719758317529077f,0.3058099267247125f,0.8091503860514864f,0.021947161566140128f,0f,0f,0f,1f], start_interpolation: 0, interpolation_duration: 1 }
$data merge entity $(bone_group2) { transformation: [1.135651089583324f,-0.3042702412525305f,-0.15719480318757256f,-1.1093028892944439f,0.2973886283071102f,0.7946176880210156f,-0.3715949511425869f,1.6621425802638234f,0.35719758317529077f,0.3058099267247125f,0.8091503860514864f,0.021947161566140128f,0f,0f,0f,1f], start_interpolation: 0, interpolation_duration: 1 }
$data merge entity $(bone_10) { transformation: [-0.9914448613738104f,0.045612814950650345f,-0.12229700719046052f,0.23655185772633194f,0f,0.9369537646841216f,0.3494533485949902f,1.0676239964715597f,0.13052619222005146f,0.3464637267543739f,-0.9289379953409186f,0.12823704053043603f,0f,0f,0f,1f], start_interpolation: 0, interpolation_duration: 1 }
$data merge entity $(bone_9) { transformation: [-0.9914448613738104f,0.044406640847042614f,-0.12274012018955982f,0.2532166967210497f,0f,0.9403485852298115f,0.3402124898593407f,1.4213451953125f,0.13052619222005146f,0.33730192484623295f,-0.9323037727262291f,0.2548190598624659f,0f,0f,0f,1f], start_interpolation: 0, interpolation_duration: 1 }
$data merge entity $(bone_bone12) { transformation: [-1.1255130096323076f,0.9782409694800526f,-0.1080433468138334f,0.21411685671083197f,0.8745951609216153f,1.0949037410974698f,0.3566941436290005f,1.8710438175803141f,0.467229889498648f,0.3069697108209404f,-0.9279525435656931f,-0.0421737107020409f,0f,0f,0f,1f], start_interpolation: 0, interpolation_duration: 1 }
$data merge entity $(bone_bone1) { transformation: [0.8170041238465637f,0.9704530385418557f,0.4773490749899978f,-0.34788479852686804f,-0.41271788138089655f,-0.750239560390126f,0.8758561624377604f,1.118207298625567f,0.40270114477882096f,-2.7377657865512353f,-0.07080849755497251f,1.2257462400263477f,0f,0f,0f,1f], start_interpolation: 0, interpolation_duration: 1 }
$data merge entity $(bone_2) { transformation: [0.9755108524630904f,0.1767685674899543f,0.13088716619395535f,-0.20957319774740246f,-0.13938694104189045f,0.03650030822129591f,0.9895650600979881f,1.0264494358069522f,0.17014657620334056f,-0.9835754170612945f,0.06024567668290365f,0.35758704051235213f,0f,0f,0f,1f], start_interpolation: 0, interpolation_duration: 1 }
$data merge entity $(bone_bone2) { transformation: [1.9895773067485085f,-0.11296541538342897f,-0.08488367834660646f,0.02104619555166229f,0.18047078751486023f,1.750625717885775f,0.4750631249451699f,0.9307380431846384f,0.09493384709953231f,-0.9604938369423114f,0.8758480395980113f,0.4262769963646373f,0f,0f,0f,1f], start_interpolation: 0, interpolation_duration: 1 }
$data merge entity $(bone_1) { transformation: [0.9755108524630904f,0.20291214324698378f,-0.08488367834660646f,-0.13405745489355492f,-0.13938694104189045f,0.8688419349826033f,0.4750631249451699f,1.345703125f,0.17014657620334056f,-0.45159755771992505f,0.8758480395980113f,0.18616642081133494f,0f,0f,0f,1f], start_interpolation: 0, interpolation_duration: 1 }
$data merge entity $(bone_4) { transformation: [-0.9298413565278905f,-0.10335093213313358f,0.353148179264151f,0.7243108895937591f,-0.3641319772623509f,0.3965416342127176f,-0.842711478188661f,1.1037333538619896f,-0.05294293933456319f,-0.9121805288226227f,-0.4063541903456849f,0.20066942367418822f,0f,0f,0f,1f], start_interpolation: 0, interpolation_duration: 1 }
$data merge entity $(bone_group5) { transformation: [-3.719365426111562f,-0.9097917271585747f,0.5913114670504139f,0.6582725067135201f,-1.4565279090494037f,2.431205534382634f,-0.9516639254653154f,0.8870667761232777f,-0.21177175733825276f,-0.742643025134599f,-3.839881055697251f,0.3777789494539958f,0f,0f,0f,1f], start_interpolation: 0, interpolation_duration: 1 }
$data merge entity $(bone_group7) { transformation: [-3.719365426111562f,-0.9097917271585747f,0.5913114670504139f,0.6582725067135201f,-1.4565279090494037f,2.431205534382634f,-0.9516639254653154f,0.8870667761232777f,-0.21177175733825276f,-0.742643025134599f,-3.839881055697251f,0.3777789494539958f,0f,0f,0f,1f], start_interpolation: 0, interpolation_duration: 1 }
$data merge entity $(bone_group6) { transformation: [-2.766169081390859f,-2.647585460928027f,0.5913114670504139f,1.0542199774607306f,-2.476992937749131f,1.3772218000719811f,-0.9516639254653154f,0.9561611039778568f,0.18792179090829894f,-0.7490336043790146f,-3.839881055697251f,0.42162762551627664f,0f,0f,0f,1f], start_interpolation: 0, interpolation_duration: 1 }
$data merge entity $(bone_group8) { transformation: [-2.766169081390859f,-2.647585460928027f,0.5913114670504139f,1.0542199774607306f,-2.476992937749131f,1.3772218000719811f,-0.9516639254653154f,0.9561611039778568f,0.18792179090829894f,-0.7490336043790146f,-3.839881055697251f,0.42162762551627664f,0f,0f,0f,1f], start_interpolation: 0, interpolation_duration: 1 }
$data merge entity $(bone_group9) { transformation: [-2.766169081390859f,-2.647585460928027f,0.5913114670504139f,1.0968664646712887f,-2.476992937749131f,1.3772218000719811f,-0.9516639254653154f,0.8421983445536707f,0.18792179090829894f,-0.7490336043790146f,-3.839881055697251f,0.456439017319461f,0f,0f,0f,1f], start_interpolation: 0, interpolation_duration: 1 }
$data merge entity $(bone_group10) { transformation: [-2.766169081390859f,-2.647585460928027f,0.5913114670504139f,1.0968664646712887f,-2.476992937749131f,1.3772218000719811f,-0.9516639254653154f,0.8421983445536707f,0.18792179090829894f,-0.7490336043790146f,-3.839881055697251f,0.456439017319461f,0f,0f,0f,1f], start_interpolation: 0, interpolation_duration: 1 }
$data merge entity $(bone_group11) { transformation: [-2.766169081390859f,-2.647585460928027f,0.5913114670504139f,1.139512951881847f,-2.476992937749131f,1.3772218000719811f,-0.9516639254653154f,0.7282355851294848f,0.18792179090829894f,-0.7490336043790146f,-3.839881055697251f,0.49125040912264534f,0f,0f,0f,1f], start_interpolation: 0, interpolation_duration: 1 }
$data merge entity $(bone_group12) { transformation: [-2.766169081390859f,-2.647585460928027f,0.5913114670504139f,1.139512951881847f,-2.476992937749131f,1.3772218000719811f,-0.9516639254653154f,0.7282355851294848f,0.18792179090829894f,-0.7490336043790146f,-3.839881055697251f,0.49125040912264534f,0f,0f,0f,1f], start_interpolation: 0, interpolation_duration: 1 }
$data merge entity $(bone_group13) { transformation: [-2.918920018920956f,-1.8742750705383242f,0.23652458682016558f,0.8988805171442535f,-1.9812814244642027f,1.92449417844173f,-0.3806655701861262f,0.9410564461372593f,0.04154378142246287f,-0.7655841374683504f,-1.5359524222789005f,0.3526204238989217f,0f,0f,0f,1f], start_interpolation: 0, interpolation_duration: 1 }
$data merge entity $(bone_group14) { transformation: [-2.918920018920956f,-1.8742750705383242f,0.23652458682016558f,0.8988805171442535f,-1.9812814244642027f,1.92449417844173f,-0.3806655701861262f,0.9410564461372593f,0.04154378142246287f,-0.7655841374683504f,-1.5359524222789005f,0.3526204238989217f,0f,0f,0f,1f], start_interpolation: 0, interpolation_duration: 1 }
$data merge entity $(bone_group15) { transformation: [-2.83438712351166f,-1.999812678970271f,0.23652458682016558f,0.9559830858087115f,-2.0633409406159156f,1.8362402044834003f,-0.3806655701861262f,0.8728779741301204f,0.07489855200088552f,-0.7630433567145487f,-1.5359524222789005f,0.37831090610943274f,0f,0f,0f,1f], start_interpolation: 0, interpolation_duration: 1 }
$data merge entity $(bone_group16) { transformation: [-2.83438712351166f,-1.999812678970271f,0.23652458682016558f,0.9559830858087115f,-2.0633409406159156f,1.8362402044834003f,-0.3806655701861262f,0.8728779741301204f,0.07489855200088552f,-0.7630433567145487f,-1.5359524222789005f,0.37831090610943274f,0f,0f,0f,1f], start_interpolation: 0, interpolation_duration: 1 }
$data merge entity $(bone_group17) { transformation: [-2.649306265389991f,-2.2392359029508913f,0.23652458682016558f,1.0692766820367936f,-2.2155281842820727f,1.6494207439082338f,-0.3806655701861262f,0.8001155705279798f,0.14111715090115393f,-0.7536119074428006f,-1.5359524222789005f,0.413790431452858f,0f,0f,0f,1f], start_interpolation: 0, interpolation_duration: 1 }
$data merge entity $(bone_group18) { transformation: [-2.649306265389991f,-2.2392359029508913f,0.23652458682016558f,1.0692766820367936f,-2.2155281842820727f,1.6494207439082338f,-0.3806655701861262f,0.8001155705279798f,0.14111715090115393f,-0.7536119074428006f,-1.5359524222789005f,0.413790431452858f,0f,0f,0f,1f], start_interpolation: 0, interpolation_duration: 1 }
$data merge entity $(bone_group19) { transformation: [-2.649306265389991f,-2.2392359029508913f,0.23652458682016558f,1.1119231692473521f,-2.2155281842820727f,1.6494207439082338f,-0.3806655701861262f,0.6861528111037937f,0.14111715090115393f,-0.7536119074428006f,-1.5359524222789005f,0.44860182325604236f,0f,0f,0f,1f], start_interpolation: 0, interpolation_duration: 1 }
$data merge entity $(bone_group20) { transformation: [-2.649306265389991f,-2.2392359029508913f,0.23652458682016558f,1.1119231692473521f,-2.2155281842820727f,1.6494207439082338f,-0.3806655701861262f,0.6861528111037937f,0.14111715090115393f,-0.7536119074428006f,-1.5359524222789005f,0.44860182325604236f,0f,0f,0f,1f], start_interpolation: 0, interpolation_duration: 1 }
$data merge entity $(bone_bone11) { transformation: [-0.8866150820095626f,0.13136783618268022f,0.14782786676260348f,0.5428135662736054f,0.045476537106656834f,1.4549557391886618f,-0.23791598136632885f,1.1386894656651754f,-0.14780250649418417f,-0.3403619964371096f,-0.9599702639243127f,0.19660994400029058f,0f,0f,0f,1f], start_interpolation: 0, interpolation_duration: 1 }
$data merge entity $(bone_3) { transformation: [-0.9298413565278905f,-0.33695989894762024f,0.14782786676260348f,0.619656298757353f,-0.3641319772623509f,0.9004464942157904f,-0.23791598136632885f,1.3784882812500001f,-0.05294293933456319f,-0.2750529722720737f,-0.9599702639243127f,0.1490121432785511f,0f,0f,0f,1f], start_interpolation: 0, interpolation_duration: 1 }
$data merge entity $(bone_8) { transformation: [-0.9942649607695802f,0.10694359833690979f,0.0005045400074303492f,0.060851456880228395f,0.10693756838355828f,0.9941319517473464f,0.0163100883879774f,0.3977500365142861f,0.0012426801990820247f,0.016270503672767556f,-0.9998668543641983f,0.16030210541231765f,0f,0f,0f,1f], start_interpolation: 0, interpolation_duration: 1 }
$data merge entity $(bone_7) { transformation: [-0.9942649607695802f,0.10519851306594263f,-0.019247353963079958f,0.10034161194468738f,0.10693756838355828f,0.9800550960001528f,-0.16750034409619308f,0.765625f,0.0012426801990820247f,-0.16859798828232198f,-0.9856841147614568f,0.09916281272888178f,0f,0f,0f,1f], start_interpolation: 0, interpolation_duration: 1 }
execute on vehicle unless entity @s[tag=aj.transforms_only] at @s run function animated_java:kyle/animations/cutscene_attack_1/zzz/frames/zzz/1