# This file was generated by Animated Java via MC-Build. It is not recommended to edit this file directly.
$data merge entity $(bone_layer) { transformation: [-0.9576621969424034f,-0.15878266443112748f,-0.24014825009481416f,0.2883874705101911f,-0.1305261922198331f,0.982962913144556f,-0.1294095225513152f,1.40625f,0.2566048122932239f,-0.09258497101862775f,-0.9620717194936348f,0.4551453728798819f,0f,0f,0f,1f], start_interpolation: 0, interpolation_duration: 1 }
$data merge entity $(bone_head) { transformation: [-0.9576621969424034f,-0.15878266443112748f,-0.24014825009481416f,0.2883874705101911f,-0.1305261922198331f,0.982962913144556f,-0.1294095225513152f,1.40625f,0.2566048122932239f,-0.09258497101862775f,-0.9620717194936348f,0.4551453728798819f,0f,0f,0f,1f], start_interpolation: 0, interpolation_duration: 1 }
$data merge entity $(bone_6) { transformation: [-0.6981168570584642f,-0.12122890175913052f,-0.7056460920809291f,0.3724312042755309f,-0.1111488076473047f,0.9919632794798143f,-0.06045489824848152f,0.40322678296628184f,0.7073038925733368f,0.03622713819675624f,-0.7059807348707744f,0.33530289337246194f,0f,0f,0f,1f], start_interpolation: 0, interpolation_duration: 1 }
$data merge entity $(bone_12) { transformation: [-0.6981168570584642f,-0.2419213203091913f,-0.6738745644930291f,0.2817107091595841f,-0.1111488076473047f,0.9663952454232484f,-0.23178906829685045f,0.765625f,0.7073038925733368f,-0.08691550151266002f,-0.7015460777079495f,0.30270958030521444f,0f,0f,0f,1f], start_interpolation: 0, interpolation_duration: 1 }
$data merge entity $(bone_group3) { transformation: [1.197321916026111f,-0.10623741105169779f,0.28545094898694234f,-0.9970557265306244f,0.30187001200491376f,0.8222817790396297f,-0.381429474475026f,1.6691199997411366f,-0.28238124884659005f,0.42857601363534714f,0.8025835924283968f,1.002656524077471f,0f,0f,0f,1f], start_interpolation: 0, interpolation_duration: 1 }
$data merge entity $(bone_group1) { transformation: [1.197321916026111f,-0.10623741105169779f,0.28545094898694234f,-0.9970557265306244f,0.30187001200491376f,0.8222817790396297f,-0.381429474475026f,1.6691199997411366f,-0.28238124884659005f,0.42857601363534714f,0.8025835924283968f,1.002656524077471f,0f,0f,0f,1f], start_interpolation: 0, interpolation_duration: 1 }
$data merge entity $(bone_group4) { transformation: [1.1599056061502953f,-0.10291749195633225f,0.2765306068311004f,-0.9970557265306244f,0.29243657412976026f,0.7965854734446414f,-0.36950980339768147f,1.6691199997411366f,-0.27355683482013415f,0.41518301320924256f,0.7775028551650095f,1.002656524077471f,0f,0f,0f,1f], start_interpolation: 0, interpolation_duration: 1 }
$data merge entity $(bone_group2) { transformation: [1.1599056061502953f,-0.10291749195633225f,0.2765306068311004f,-0.9970557265306244f,0.29243657412976026f,0.7965854734446414f,-0.36950980339768147f,1.6691199997411366f,-0.27355683482013415f,0.41518301320924256f,0.7775028551650095f,1.002656524077471f,0f,0f,0f,1f], start_interpolation: 0, interpolation_duration: 1 }
$data merge entity $(bone_10) { transformation: [-0.7933533402912353f,0.20975410135836375f,-0.5714837656592572f,0.2146689305984127f,0f,0.9387647416982962f,0.3445587899678825f,1.068674573343378f,0.6087614290087205f,0.2733568669477257f,-0.7447721435739819f,0.4104072397088133f,0f,0f,0f,1f], start_interpolation: 0, interpolation_duration: 1 }
$data merge entity $(bone_9) { transformation: [-0.7933533402912353f,0.19962292501810647f,-0.575101004394841f,0.2896153542434418f,0f,0.9447067060922526f,0.32791651294853447f,1.4248990625f,0.6087614290087205f,0.2601536608843739f,-0.7494862208738189f,0.5080793206067213f,0f,0f,0f,1f], start_interpolation: 0, interpolation_duration: 1 }
$data merge entity $(bone_bone12) { transformation: [-0.7370211709760367f,1.0152496044836796f,-0.548155709479562f,0.10633405089731851f,0.8912364001047436f,1.0809888724936298f,0.35724920444560415f,1.876271038320787f,0.9552473358567661f,-0.22523609422266985f,-0.75623959436672f,0.2692224757186476f,0f,0f,0f,1f], start_interpolation: 0, interpolation_duration: 1 }
$data merge entity $(bone_bone1) { transformation: [0.9257631281792069f,0.39645501793552035f,0.3542577676225773f,-0.016933077050581773f,-0.3214085942153847f,-0.6552943900425034f,0.9214033923230148f,1.3265246716305845f,0.19914604206044204f,-2.9005883336200213f,-0.15974111147324754f,1.8794282127542554f,0f,0f,0f,1f], start_interpolation: 0, interpolation_duration: 1 }
$data merge entity $(bone_2) { transformation: [0.9977536717302518f,-0.05607053738116605f,0.03665658721959902f,-0.07057687066155194f,-0.033830460315637315f,0.050547956963889876f,0.9981484879523732f,1.2459855729799414f,-0.05781963769890719f,-0.9971464280057188f,0.048537517569433884f,1.0008578985530723f,0f,0f,0f,1f], start_interpolation: 0, interpolation_duration: 1 }
$data merge entity $(bone_bone2) { transformation: [1.899343129511297f,-0.6216032580489277f,0.039067460760812286f,0.18226268681953411f,-0.01667753558867458f,0.19918031251100043f,0.9949936008481046f,1.2316505533976891f,-0.6262727330683657f,-1.8904858086457508f,0.09198623691088366f,1.0485330009267955f,0f,0f,0f,1f], start_interpolation: 0, interpolation_duration: 1 }
$data merge entity $(bone_1) { transformation: [0.9977536717302518f,-0.0544182327763701f,0.039067460760812286f,-0.09098370795269073f,-0.033830460315637315f,0.09403847205348945f,0.9949936008481046f,1.28125f,-0.05781963769890719f,-0.9940801887752023f,0.09198623691088366f,0.6280778277623713f,0f,0f,0f,1f], start_interpolation: 0, interpolation_duration: 1 }
$data merge entity $(bone_4) { transformation: [-0.8343593480165015f,-0.5409166872253138f,0.10608306112980795f,0.6720833637283132f,-0.35949315095721895f,0.38808639312781895f,-0.8486186575157831f,1.1063815910432475f,0.4178626003752056f,-0.7461890437082496f,-0.5182593542401712f,0.22867362754235168f,0f,0f,0f,1f], start_interpolation: 0, interpolation_duration: 1 }
$data merge entity $(bone_group5) { transformation: [-3.337437392066006f,-1.158188986553385f,-1.3847093805896709f,0.7022771759117941f,-1.4379726038288758f,2.4287491761503968f,-0.9927605339772695f,0.8918414048089747f,1.6714504015008225f,-0.22310470809737243f,-3.618978647834792f,0.41770828108709973f,0f,0f,0f,1f], start_interpolation: 0, interpolation_duration: 1 }
$data merge entity $(bone_group7) { transformation: [-3.337437392066006f,-1.158188986553385f,-1.3847093805896709f,0.7022771759117941f,-1.4379726038288758f,2.4287491761503968f,-0.9927605339772695f,0.8918414048089747f,1.6714504015008225f,-0.22310470809737243f,-3.618978647834792f,0.41770828108709973f,0f,0f,0f,1f], start_interpolation: 0, interpolation_duration: 1 }
$data merge entity $(bone_group6) { transformation: [-2.3112110717925543f,-2.6717397807715875f,-1.3847093805896709f,1.0681074068713012f,-2.459695392937061f,1.3843721840523322f,-0.9927605339772695f,0.9591761343315621f,1.5590708629140981f,0.6425108558341748f,-3.618978647834792f,0.2592614179391105f,0f,0f,0f,1f], start_interpolation: 0, interpolation_duration: 1 }
$data merge entity $(bone_group8) { transformation: [-2.3112110717925543f,-2.6717397807715875f,-1.3847093805896709f,1.0681074068713012f,-2.459695392937061f,1.3843721840523322f,-0.9927605339772695f,0.9591761343315621f,1.5590708629140981f,0.6425108558341748f,-3.618978647834792f,0.2592614179391105f,0f,0f,0f,1f], start_interpolation: 0, interpolation_duration: 1 }
$data merge entity $(bone_group9) { transformation: [-2.3112110717925543f,-2.6717397807715875f,-1.3847093805896709f,1.122397515615991f,-2.459695392937061f,1.3843721840523322f,-0.9927605339772695f,0.8453285166995121f,1.5590708629140981f,0.6425108558341748f,-3.618978647834792f,0.26971945113117485f,0f,0f,0f,1f], start_interpolation: 0, interpolation_duration: 1 }
$data merge entity $(bone_group10) { transformation: [-2.3112110717925543f,-2.6717397807715875f,-1.3847093805896709f,1.122397515615991f,-2.459695392937061f,1.3843721840523322f,-0.9927605339772695f,0.8453285166995121f,1.5590708629140981f,0.6425108558341748f,-3.618978647834792f,0.26971945113117485f,0f,0f,0f,1f], start_interpolation: 0, interpolation_duration: 1 }
$data merge entity $(bone_group11) { transformation: [-2.3112110717925543f,-2.6717397807715875f,-1.3847093805896709f,1.176687624360681f,-2.459695392937061f,1.3843721840523322f,-0.9927605339772695f,0.7314808990674624f,1.5590708629140981f,0.6425108558341748f,-3.618978647834792f,0.2801774843232392f,0f,0f,0f,1f], start_interpolation: 0, interpolation_duration: 1 }
$data merge entity $(bone_group12) { transformation: [-2.3112110717925543f,-2.6717397807715875f,-1.3847093805896709f,1.176687624360681f,-2.459695392937061f,1.3843721840523322f,-0.9927605339772695f,0.7314808990674624f,1.5590708629140981f,0.6425108558341748f,-3.618978647834792f,0.2801774843232392f,0f,0f,0f,1f], start_interpolation: 0, interpolation_duration: 1 }
$data merge entity $(bone_group13) { transformation: [-2.516399406408296f,-2.0078125699948712f,-0.5538837522358684f,0.8989665266421496f,-1.9646159250944968f,1.9271732270607818f,-0.3971042135909078f,0.9442498601327223f,1.5017704018432254f,0.23957460447933945f,-1.4475914591339167f,0.27626322574895873f,0f,0f,0f,1f], start_interpolation: 0, interpolation_duration: 1 }
$data merge entity $(bone_group14) { transformation: [-2.516399406408296f,-2.0078125699948712f,-0.5538837522358684f,0.8989665266421496f,-1.9646159250944968f,1.9271732270607818f,-0.3971042135909078f,0.9442498601327223f,1.5017704018432254f,0.23957460447933945f,-1.4475914591339167f,0.27626322574895873f,0f,0f,0f,1f], start_interpolation: 0, interpolation_duration: 1 }
$data merge entity $(bone_group15) { transformation: [-2.4264247975142537f,-2.1156653777971006f,-0.5538837522358684f,0.9613080967055252f,-2.0468081615683222f,1.839643642114439f,-0.3971042135909078f,0.8760137222607203f,1.489890951710065f,0.304852887433057f,-1.4475914591339167f,0.2711284034674824f,0f,0f,0f,1f], start_interpolation: 0, interpolation_duration: 1 }
$data merge entity $(bone_group16) { transformation: [-2.4264247975142537f,-2.1156653777971006f,-0.5538837522358684f,0.9613080967055252f,-2.0468081615683222f,1.839643642114439f,-0.3971042135909078f,0.8760137222607203f,1.489890951710065f,0.304852887433057f,-1.4475914591339167f,0.2711284034674824f,0f,0f,0f,1f], start_interpolation: 0, interpolation_duration: 1 }
$data merge entity $(bone_group17) { transformation: [-2.2327991311946254f,-2.319091487746433f,-0.5538837522358684f,1.0773311308736708f,-2.1993549465847666f,1.6542521570691364f,-0.3971042135909078f,0.8029800489745864f,1.457651786995435f,0.4335453826680773f,-1.4475914591339167f,0.2467698084423404f,0f,0f,0f,1f], start_interpolation: 0, interpolation_duration: 1 }
$data merge entity $(bone_group18) { transformation: [-2.2327991311946254f,-2.319091487746433f,-0.5538837522358684f,1.0773311308736708f,-2.1993549465847666f,1.6542521570691364f,-0.3971042135909078f,0.8029800489745864f,1.457651786995435f,0.4335453826680773f,-1.4475914591339167f,0.2467698084423404f,0f,0f,0f,1f], start_interpolation: 0, interpolation_duration: 1 }
$data merge entity $(bone_group19) { transformation: [-2.2327991311946254f,-2.319091487746433f,-0.5538837522358684f,1.131621239618361f,-2.1993549465847666f,1.6542521570691364f,-0.3971042135909078f,0.6891324313425367f,1.457651786995435f,0.4335453826680773f,-1.4475914591339167f,0.25722784163440476f,0f,0f,0f,1f], start_interpolation: 0, interpolation_duration: 1 }
$data merge entity $(bone_group20) { transformation: [-2.2327991311946254f,-2.319091487746433f,-0.5538837522358684f,1.131621239618361f,-2.1993549465847666f,1.6542521570691364f,-0.3971042135909078f,0.6891324313425367f,1.457651786995435f,0.4335453826680773f,-1.4475914591339167f,0.25722784163440476f,0f,0f,0f,1f], start_interpolation: 0, interpolation_duration: 1 }
$data merge entity $(bone_bone11) { transformation: [-0.8437250089528978f,-0.05422991921869902f,-0.3461773451474177f,0.5123178622701547f,0.04891428712062962f,1.4507782731278138f,-0.24819013349431737f,1.1422982964942126f,0.3094115411275301f,-0.3772287344328532f,-0.904744661958698f,0.3144912382838059f,0f,0f,0f,1f], start_interpolation: 0, interpolation_duration: 1 }
$data merge entity $(bone_3) { transformation: [-0.8343593480165015f,-0.4289588839086611f,-0.3461773451474177f,0.5555542371037863f,-0.35949315095721895f,0.8995367319075542f,-0.24819013349431737f,1.3811875f,0.4178626003752056f,-0.08263137336939719f,-0.904744661958698f,0.2324157092595212f,0f,0f,0f,1f], start_interpolation: 0, interpolation_duration: 1 }
$data merge entity $(bone_8) { transformation: [-0.8604389497765916f,0.09605672538176037f,-0.5004177447056499f,0.07574587658692193f,0.10693727457968893f,0.9942413008915126f,0.006975306948147547f,0.3965467406125748f,0.4982060146293139f,-0.047511483985303304f,-0.8657559851809805f,0.5209490953355129f,0f,0f,0f,1f], start_interpolation: 0, interpolation_duration: 1 }
$data merge entity $(bone_7) { transformation: [-0.8604389497765916f,0.015180387047755872f,-0.5093273697303496f,0.08337237408677531f,0.10693727457968893f,0.9826760961178989f,-0.1513674648791943f,0.765625f,0.4982060146293139f,-0.1847085432988042f,-0.8471561373321979f,0.45489993755739455f,0f,0f,0f,1f], start_interpolation: 0, interpolation_duration: 1 }