# This file was generated by Animated Java via MC-Build. It is not recommended to edit this file directly.
$data merge entity $(bone_layer) { transformation: [-0.9507083945203396f,-0.16775546124388346f,-0.2607904404141577f,0.28725178868714396f,-0.133869591059729f,0.9806571452215113f,-0.14279529444451836f,1.4063001007373113f,0.27970069928060487f,-0.10084477551587728f,-0.9547763351031973f,0.47119506725624055f,0f,0f,0f,1f], start_interpolation: 0, interpolation_duration: 1 }
$data merge entity $(bone_head) { transformation: [-0.9507083945203396f,-0.16775546124388346f,-0.2607904404141577f,0.28725178868714396f,-0.133869591059729f,0.9806571452215113f,-0.14279529444451836f,1.4063001007373113f,0.27970069928060487f,-0.10084477551587728f,-0.9547763351031973f,0.47119506725624055f,0f,0f,0f,1f], start_interpolation: 0, interpolation_duration: 1 }
$data merge entity $(bone_6) { transformation: [-0.6782940916555316f,-0.13228165339483822f,-0.7227853688338781f,0.3727054891081971f,-0.11256780811763492f,0.990757324061338f,-0.07568628273609548f,0.40466398411835225f,0.7261168045161802f,0.03002480630986233f,-0.6869154949520839f,0.3526147608660615f,0f,0f,0f,1f], start_interpolation: 0, interpolation_duration: 1 }
$data merge entity $(bone_12) { transformation: [-0.6782940916555316f,-0.2557823599868334f,-0.6888341669406094f,0.27678710411313456f,-0.11256780811763492f,0.9625627090177273f,-0.24657964186859657f,0.765625f,0.7261168045161802f,-0.08971296187296457f,-0.6816934579935406f,0.3189724001636998f,0f,0f,0f,1f], start_interpolation: 0, interpolation_duration: 1 }
$data merge entity $(bone_group3) { transformation: [1.1878160755099172f,-0.08946198837089075f,0.31156867373697383f,-0.9794335518331126f,0.29779648989757784f,0.8238150092014789f,-0.3798563662113471f,1.6746233784529998f,-0.3238127017418321f,0.42946070176700096f,0.7935648768094549f,1.0577814774188146f,0f,0f,0f,1f], start_interpolation: 0, interpolation_duration: 1 }
$data merge entity $(bone_group1) { transformation: [1.1878160755099172f,-0.08946198837089075f,0.31156867373697383f,-0.9794335518331126f,0.29779648989757784f,0.8238150092014789f,-0.3798563662113471f,1.6746233784529998f,-0.3238127017418321f,0.42946070176700096f,0.7935648768094549f,1.0577814774188146f,0f,0f,0f,1f], start_interpolation: 0, interpolation_duration: 1 }
$data merge entity $(bone_group4) { transformation: [1.1506968231502324f,-0.08666630123430043f,0.3018321526826934f,-0.9794335518331126f,0.28849034958827857f,0.7980707901639327f,-0.36798585476724255f,1.6746233784529998f,-0.31369355481239986f,0.41604005483678225f,0.7687659744091595f,1.0577814774188146f,0f,0f,0f,1f], start_interpolation: 0, interpolation_duration: 1 }
$data merge entity $(bone_group2) { transformation: [1.1506968231502324f,-0.08666630123430043f,0.3018321526826934f,-0.9794335518331126f,0.28849034958827857f,0.7980707901639327f,-0.36798585476724255f,1.6746233784529998f,-0.31369355481239986f,0.41604005483678225f,0.7687659744091595f,1.0577814774188146f,0f,0f,0f,1f], start_interpolation: 0, interpolation_duration: 1 }
$data merge entity $(bone_10) { transformation: [-0.7779725524334721f,0.21413510488982918f,-0.5906816947510483f,0.21151545757731505f,0f,0.9401294405189763f,0.34081759794569993f,1.0695158533660705f,0.6282982632955056f,0.26514673658806104f,-0.7313949004584f,0.42715422162295275f,0f,0f,0f,1f], start_interpolation: 0, interpolation_duration: 1 }
$data merge entity $(bone_9) { transformation: [-0.7779725524334721f,0.20011062060534623f,-0.5955790855806572f,0.2866618173262298f,0f,0.9479241315370949f,0.31849621795186916f,1.4276108984375f,0.6282982632955056f,0.24778131562042308f,-0.7374589561251961f,0.520202075986432f,0f,0f,0f,1f], start_interpolation: 0, interpolation_duration: 1 }
$data merge entity $(bone_bone12) { transformation: [-0.7102547235025959f,1.0202986289642768f,-0.5595748129808991f,0.09673096438162027f,0.903830990328345f,1.0703072698303304f,0.3574800004167619f,1.8802840852496265f,0.9636533446547748f,-0.2518591985256091f,-0.7477192507749308f,0.28502556972623827f,0f,0f,0f,1f], start_interpolation: 0, interpolation_duration: 1 }
$data merge entity $(bone_bone1) { transformation: [0.9291674551533656f,0.37279055306547976f,0.34814712185439556f,-0.0031959675005754223f,-0.3171010428939386f,-0.6483123614868616f,0.9234424387585783f,1.3402982705763364f,0.18998623339440782f,-2.905291428667434f,-0.16139282463638138f,1.9035536392393309f,0f,0f,0f,1f], start_interpolation: 0, interpolation_duration: 1 }
$data merge entity $(bone_2) { transformation: [0.9973306413808828f,-0.06557577910178278f,0.0321155563238569f,-0.06458921875511746f,-0.028726766107139052f,0.05198230603732556f,0.9982347483272997f,1.2610034448180838f,-0.06712946202542036f,-0.9964926778728661f,0.04995976655211294f,1.0253775752815588f,0f,0f,0f,1f], start_interpolation: 0, interpolation_duration: 1 }
$data merge entity $(bone_bone2) { transformation: [1.8926569022811583f,-0.6432876702646784f,0.031744383491142156f,0.1888532079115681f,-0.03150898554788392f,0.10439026734955249f,0.9985126258481202f,1.250925561738346f,-0.6456446654911907f,-1.8908420466469775f,0.04432640453115111f,1.07089265671544f,0f,0f,0f,1f], start_interpolation: 0, interpolation_duration: 1 }
$data merge entity $(bone_1) { transformation: [0.9973306413808828f,-0.06575626114343743f,0.031744383491142156f,-0.0892478166839065f,-0.028726766107139052f,0.046339064847250394f,0.9985126258481202f,1.2783805941358026f,-0.06712946202542036f,-0.9967591510437805f,0.04432640453115111f,0.6515928936401412f,0f,0f,0f,1f], start_interpolation: 0, interpolation_duration: 1 }
$data merge entity $(bone_4) { transformation: [-0.8257198525198974f,-0.555866887191987f,0.09591000405593705f,0.6632472269159386f,-0.3559479299391671f,0.38155926033289966f,-0.8530613119971109f,1.1083517782737462f,0.43759318587763774f,-0.7385286281368524f,-0.5129207239873993f,0.23360282424997203f,0f,0f,0f,1f], start_interpolation: 0, interpolation_duration: 1 }
$data merge entity $(bone_group5) { transformation: [-3.3028794100795897f,-1.16309431809523f,-1.4566759111804934f,0.6972818145998374f,-1.4237917197566683f,2.4266099950154647f,-1.024183562224323f,0.8954586575848831f,1.750372743510551f,-0.22085184922395154f,-3.5817793511962703f,0.4238432617203868f,0f,0f,0f,1f], start_interpolation: 0, interpolation_duration: 1 }
$data merge entity $(bone_group7) { transformation: [-3.3028794100795897f,-1.16309431809523f,-1.4566759111804934f,0.6972818145998374f,-1.4237917197566683f,2.4266099950154647f,-1.024183562224323f,0.8954586575848831f,1.750372743510551f,-0.22085184922395154f,-3.5817793511962703f,0.4238432617203868f,0f,0f,0f,1f], start_interpolation: 0, interpolation_duration: 1 }
$data merge entity $(bone_group6) { transformation: [-2.2788303157178706f,-2.6587089315076025f,-1.4566759111804934f,1.0598451075501591f,-2.446344796514941f,1.3896100408822885f,-1.024183562224323f,0.9614566917045493f,1.6262931865839763f,0.6839230598545627f,-3.5817793511962703f,0.25752053259846996f,0f,0f,0f,1f], start_interpolation: 0, interpolation_duration: 1 }
$data merge entity $(bone_group8) { transformation: [-2.2788303157178706f,-2.6587089315076025f,-1.4566759111804934f,1.0598451075501591f,-2.446344796514941f,1.3896100408822885f,-1.024183562224323f,0.9614566917045493f,1.6262931865839763f,0.6839230598545627f,-3.5817793511962703f,0.25752053259846996f,0f,0f,0f,1f], start_interpolation: 0, interpolation_duration: 1 }
$data merge entity $(bone_group9) { transformation: [-2.2788303157178706f,-2.6587089315076025f,-1.4566759111804934f,1.1143651537108732f,-2.446344796514941f,1.3896100408822885f,-1.024183562224323f,0.8477093481881992f,1.6262931865839763f,0.6839230598545627f,-3.5817793511962703f,0.2678729630308426f,0f,0f,0f,1f], start_interpolation: 0, interpolation_duration: 1 }
$data merge entity $(bone_group10) { transformation: [-2.2788303157178706f,-2.6587089315076025f,-1.4566759111804934f,1.1143651537108732f,-2.446344796514941f,1.3896100408822885f,-1.024183562224323f,0.8477093481881992f,1.6262931865839763f,0.6839230598545627f,-3.5817793511962703f,0.2678729630308426f,0f,0f,0f,1f], start_interpolation: 0, interpolation_duration: 1 }
$data merge entity $(bone_group11) { transformation: [-2.2788303157178706f,-2.6587089315076025f,-1.4566759111804934f,1.168885199871587f,-2.446344796514941f,1.3896100408822885f,-1.024183562224323f,0.7339620046718494f,1.6262931865839763f,0.6839230598545627f,-3.5817793511962703f,0.2782253934632154f,0f,0f,0f,1f], start_interpolation: 0, interpolation_duration: 1 }
$data merge entity $(bone_group12) { transformation: [-2.2788303157178706f,-2.6587089315076025f,-1.4566759111804934f,1.168885199871587f,-2.446344796514941f,1.3896100408822885f,-1.024183562224323f,0.7339620046718494f,1.6262931865839763f,0.6839230598545627f,-3.5817793511962703f,0.2782253934632154f,0f,0f,0f,1f], start_interpolation: 0, interpolation_duration: 1 }
$data merge entity $(bone_group13) { transformation: [-2.4852616648814845f,-2.003138260793137f,-0.5826703644721974f,0.8910829789885979f,-1.9518005663563986f,1.9289709004260254f,-0.4096734248897292f,0.9466609724417019f,1.5688355719452074f,0.26308235953207104f,-1.4327117404785081f,0.2780369443173891f,0f,0f,0f,1f], start_interpolation: 0, interpolation_duration: 1 }
$data merge entity $(bone_group14) { transformation: [-2.4852616648814845f,-2.003138260793137f,-0.5826703644721974f,0.8910829789885979f,-1.9518005663563986f,1.9289709004260254f,-0.4096734248897292f,0.9466609724417019f,1.5688355719452074f,0.26308235953207104f,-1.4327117404785081f,0.2780369443173891f,0f,0f,0f,1f], start_interpolation: 0, interpolation_duration: 1 }
$data merge entity $(bone_group15) { transformation: [-2.395520582721553f,-2.109637308292645f,-0.5826703644721974f,0.9533278863657971f,-2.034083413622967f,1.8419986025899941f,-0.4096734248897292f,0.8783892705579839f,1.5558668967568001f,0.33126360994527093f,-1.4327117404785081f,0.27224431995354764f,0f,0f,0f,1f], start_interpolation: 0, interpolation_duration: 1 }
$data merge entity $(bone_group16) { transformation: [-2.395520582721553f,-2.109637308292645f,-0.5826703644721974f,0.9533278863657971f,-2.034083413622967f,1.8419986025899941f,-0.4096734248897292f,0.8783892705579839f,1.5558668967568001f,0.33126360994527093f,-1.4327117404785081f,0.27224431995354764f,0f,0f,0f,1f], start_interpolation: 0, interpolation_duration: 1 }
$data merge entity $(bone_group17) { transformation: [-2.2025378971444436f,-2.310392877072074f,-0.5826703644721974f,1.068859588221578f,-2.1868838684764382f,1.657707191067554f,-0.4096734248897292f,0.8051592848907794f,1.5210748275155308f,0.46560578690154397f,-1.4327117404785081f,0.2461982433135752f,0f,0f,0f,1f], start_interpolation: 0, interpolation_duration: 1 }
$data merge entity $(bone_group18) { transformation: [-2.2025378971444436f,-2.310392877072074f,-0.5826703644721974f,1.068859588221578f,-2.1868838684764382f,1.657707191067554f,-0.4096734248897292f,0.8051592848907794f,1.5210748275155308f,0.46560578690154397f,-1.4327117404785081f,0.2461982433135752f,0f,0f,0f,1f], start_interpolation: 0, interpolation_duration: 1 }
$data merge entity $(bone_group19) { transformation: [-2.2025378971444436f,-2.310392877072074f,-0.5826703644721974f,1.1233796343822917f,-2.1868838684764382f,1.657707191067554f,-0.4096734248897292f,0.6914119413744295f,1.5210748275155308f,0.46560578690154397f,-1.4327117404785081f,0.2565506737459479f,0f,0f,0f,1f], start_interpolation: 0, interpolation_duration: 1 }
$data merge entity $(bone_group20) { transformation: [-2.2025378971444436f,-2.310392877072074f,-0.5826703644721974f,1.1233796343822917f,-2.1868838684764382f,1.657707191067554f,-0.4096734248897292f,0.6914119413744295f,1.5210748275155308f,0.46560578690154397f,-1.4327117404785081f,0.2565506737459479f,0f,0f,0f,1f], start_interpolation: 0, interpolation_duration: 1 }
$data merge entity $(bone_bone11) { transformation: [-0.8373689986758802f,-0.0621765877247642f,-0.36416897779512336f,0.5052235611374958f,0.0515046900569156f,1.447453773455793f,-0.25604589055608074f,1.1449936397942213f,0.32582269251648954f,-0.3886021688661683f,-0.8954448377990676f,0.322290943737631f,0f,0f,0f,1f], start_interpolation: 0, interpolation_duration: 1 }
$data merge entity $(bone_3) { transformation: [-0.8257198525198974f,-0.4307756733686037f,-0.36416897779512336f,0.5467409794407321f,-0.3559479299391671f,0.8987444425983202f,-0.25604589055608074f,1.38316796875f,0.43759318587763774f,-0.08179698119405612f,-0.8954448377990676f,0.23730199663920748f,0f,0f,0f,1f], start_interpolation: 0, interpolation_duration: 1 }
$data merge entity $(bone_8) { transformation: [-0.847788115943389f,0.09110546400712967f,-0.5224510550216206f,0.07313830736854043f,0.10693692191902203f,0.9942657960117697f,-0.00014700873068268505f,0.3957320952905681f,0.5194418207996384f,-0.05599393993217042f,-0.8526692638386989f,0.537253339465443f,0f,0f,0f,1f], start_interpolation: 0, interpolation_duration: 1 }
$data merge entity $(bone_7) { transformation: [-0.847788115943389f,0.017234501131580787f,-0.5300549805783399f,0.08229396600476656f,0.10693692191902203f,0.984497683232563f,-0.13902807788429272f,0.765625f,0.5194418207996384f,-0.17454880028364994f,-0.8364884405201872f,0.47604696598757623f,0f,0f,0f,1f], start_interpolation: 0, interpolation_duration: 1 }