# This file was generated by Animated Java via MC-Build. It is not recommended to edit this file directly.
$data merge entity $(bone_layer) { transformation: [-0.9451861207638566f,-0.17552353721037073f,-0.27534466582908784f,0.2863320656236843f,-0.13669924846861645f,0.9784896356592314f,-0.15450355457263742f,1.4064386145404664f,0.29654091215798184f,-0.1083952065020593f,-0.9488487585615992f,0.483546552880622f,0f,0f,0f,1f], start_interpolation: 0, interpolation_duration: 1 }
$data merge entity $(bone_head) { transformation: [-0.9451861207638566f,-0.17552353721037073f,-0.27534466582908784f,0.2863320656236843f,-0.13669924846861645f,0.9784896356592314f,-0.15450355457263742f,1.4064386145404664f,0.29654091215798184f,-0.1083952065020593f,-0.9488487585615992f,0.483546552880622f,0f,0f,0f,1f], start_interpolation: 0, interpolation_duration: 1 }
$data merge entity $(bone_6) { transformation: [-0.6627614806395338f,-0.14041324740542055f,-0.7355483258994999f,0.37270132580407545f,-0.11358365788528378f,0.9897474749485502f,-0.08659496806609404f,0.4057472768298306f,0.7401661789367924f,0.026154460155644363f,-0.6719151522119999f,0.36564757301655354f,0f,0f,0f,1f], start_interpolation: 0, interpolation_duration: 1 }
$data merge entity $(bone_12) { transformation: [-0.6627614806395338f,-0.266006681048889f,-0.6999911895287307f,0.2729488204107421f,-0.11358365788528378f,0.9596739284537852f,-0.2571472412985955f,0.765625f,0.7401661789367924f,-0.09091972659128446f,-0.6662489256086455f,0.3315526755448219f,0f,0f,0f,1f], start_interpolation: 0, interpolation_duration: 1 }
$data merge entity $(bone_group3) { transformation: [1.179660306864082f,-0.07682788958646111f,0.3311484488737658f,-0.9652757630916122f,0.2947845201991198f,0.8249040739015175f,-0.3787668800930491f,1.6786632138160362f,-0.35489166164444963f,0.4298160715393051f,0.786121788569804f,1.0994346871632572f,0f,0f,0f,1f], start_interpolation: 0, interpolation_duration: 1 }
$data merge entity $(bone_group1) { transformation: [1.179660306864082f,-0.07682788958646111f,0.3311484488737658f,-0.9652757630916122f,0.2947845201991198f,0.8249040739015175f,-0.3787668800930491f,1.6786632138160362f,-0.35489166164444963f,0.4298160715393051f,0.786121788569804f,1.0994346871632572f,0f,0f,0f,1f], start_interpolation: 0, interpolation_duration: 1 }
$data merge entity $(bone_group4) { transformation: [1.1427959222745796f,-0.0744270180368842f,0.3208000598464607f,-0.9652757630916122f,0.28557250394289735f,0.7991258215920952f,-0.36693041509014135f,1.6786632138160362f,-0.34380129721806063f,0.41638431930370184f,0.7615554826769977f,1.0994346871632572f,0f,0f,0f,1f], start_interpolation: 0, interpolation_duration: 1 }
$data merge entity $(bone_group2) { transformation: [1.1427959222745796f,-0.0744270180368842f,0.3208000598464607f,-0.9652757630916122f,0.28557250394289735f,0.7991258215920952f,-0.36693041509014135f,1.6786632138160362f,-0.34380129721806063f,0.41638431930370184f,0.7615554826769977f,1.0994346871632572f,0f,0f,0f,1f], start_interpolation: 0, interpolation_duration: 1 }
$data merge entity $(bone_10) { transformation: [-0.7657750640898823f,0.21745571114242712f,-0.6052285228817937f,0.2090934955737476f,0f,0.9410986119793342f,0.33813222640051704f,1.0701402659851695f,0.6431085065664555f,0.2589332273427105f,-0.7206698499033739f,0.44016760415679834f,0f,0f,0f,1f], start_interpolation: 0, interpolation_duration: 1 }
$data merge entity $(bone_9) { transformation: [-0.7657750640898823f,0.20047195627015896f,-0.6110642731884692f,0.2843830436253169f,0f,0.9501728976513314f,0.3117233782841329f,1.4295550000000001f,0.6431085065664555f,0.23870998998384646f,-0.7276187115954175f,0.5298178854014159f,0f,0f,0f,1f], start_interpolation: 0, interpolation_duration: 1 }
$data merge entity $(bone_bone12) { transformation: [-0.6898244761725726f,1.0230516533589493f,-0.5686270039442008f,0.08938975157577789f,0.9128018821464132f,1.0626203225784159f,0.3575414655009707f,1.8831733710327083f,0.9700179977831347f,-0.27240294529036146f,-0.740828880938682f,0.29763156040074845f,0f,0f,0f,1f], start_interpolation: 0, interpolation_duration: 1 }
$data merge entity $(bone_bone1) { transformation: [0.9315968697576923f,0.3597673772869148f,0.3431411896903725f,0.004980827656609087f,-0.3129153746942071f,-0.6473223205861995f,0.9249462163217175f,1.353162338664479f,0.1849628085255336f,-2.9071534612935364f,-0.16348890130530053f,1.9212897355092764f,0f,0f,0f,1f], start_interpolation: 0, interpolation_duration: 1 }
$data merge entity $(bone_2) { transformation: [0.997066160376416f,-0.0712613817710007f,0.027944360796386698f,-0.06086592649256487f,-0.024303169742332445f,0.05146127221646447f,0.9983792332587543f,1.2733935476965412f,-0.07258393605134894f,-0.9961292852486319f,0.04957841563970199f,1.0434793089617607f,0f,0f,0f,1f], start_interpolation: 0, interpolation_duration: 1 }
$data merge entity $(bone_bone2) { transformation: [1.8886835776832478f,-0.6560725672768255f,0.024714013516638517f,0.19292843099452872f,-0.04356101404382088f,0.025228556877686704f,0.9996831945638257f,1.2669085523050319f,-0.6564882188166676f,-1.8891617999485018f,0.004767393686655824f,1.0876677570278042f,0f,0f,0f,1f], start_interpolation: 0, interpolation_duration: 1 }
$data merge entity $(bone_1) { transformation: [0.997066160376416f,-0.0724450782878337f,0.024714013516638517f,-0.08803283085050251f,-0.024303169742332445f,0.006547247294820535f,0.9996831945638257f,1.275848765432099f,-0.07258393605134894f,-0.9973509132620924f,0.004767393686655824f,0.669472716488476f,0f,0f,0f,1f], start_interpolation: 0, interpolation_duration: 1 }
$data merge entity $(bone_4) { transformation: [-0.8186162269227099f,-0.5675445724436692f,0.08809444538992944f,0.6562126718608227f,-0.3534029493134878f,0.37684080076636994f,-0.856211052424745f,1.1096916856173202f,0.4527403543261357f,-0.7320410980044042f,-0.5090599202423534f,0.23756312026108206f,0f,0f,0f,1f], start_interpolation: 0, interpolation_duration: 1 }
$data merge entity $(bone_group5) { transformation: [-3.2744649076908394f,-1.1671961745750448f,-1.5125533918558198f,0.6933052311636032f,-1.4136117972539513f,2.424935654290812f,-1.0467402176308576f,0.8979922889251785f,1.8109614173045427f,-0.21757794604825212f,-3.551973698323167f,0.4285625064615186f,0f,0f,0f,1f], start_interpolation: 0, interpolation_duration: 1 }
$data merge entity $(bone_group7) { transformation: [-3.2744649076908394f,-1.1671961745750448f,-1.5125533918558198f,0.6933052311636032f,-1.4136117972539513f,2.424935654290812f,-1.0467402176308576f,0.8979922889251785f,1.8109614173045427f,-0.21757794604825212f,-3.551973698323167f,0.4285625064615186f,0f,0f,0f,1f], start_interpolation: 0, interpolation_duration: 1 }
$data merge entity $(bone_group6) { transformation: [-2.2521717065734115f,-2.6480539922274247f,-1.5125533918558198f,1.053184474105077f,-2.436691554656705f,1.3932499805315066f,-1.0467402176308576f,0.963035037134921f,1.677127565683332f,0.7170526800712449f,-3.551973698323167f,0.2561458496954171f,0f,0f,0f,1f], start_interpolation: 0, interpolation_duration: 1 }
$data merge entity $(bone_group8) { transformation: [-2.2521717065734115f,-2.6480539922274247f,-1.5125533918558198f,1.053184474105077f,-2.436691554656705f,1.3932499805315066f,-1.0467402176308576f,0.963035037134921f,1.677127565683332f,0.7170526800712449f,-3.551973698323167f,0.2561458496954171f,0f,0f,0f,1f], start_interpolation: 0, interpolation_duration: 1 }
$data merge entity $(bone_group9) { transformation: [-2.2521717065734115f,-2.6480539922274247f,-1.5125533918558198f,1.1078967947882823f,-2.436691554656705f,1.3932499805315066f,-1.0467402176308576f,0.8493661783400392f,1.677127565683332f,0.7170526800712449f,-3.551973698323167f,0.26634481591642895f,0f,0f,0f,1f], start_interpolation: 0, interpolation_duration: 1 }
$data merge entity $(bone_group10) { transformation: [-2.2521717065734115f,-2.6480539922274247f,-1.5125533918558198f,1.1078967947882823f,-2.436691554656705f,1.3932499805315066f,-1.0467402176308576f,0.8493661783400392f,1.677127565683332f,0.7170526800712449f,-3.551973698323167f,0.26634481591642895f,0f,0f,0f,1f], start_interpolation: 0, interpolation_duration: 1 }
$data merge entity $(bone_group11) { transformation: [-2.2521717065734115f,-2.6480539922274247f,-1.5125533918558198f,1.1626091154714877f,-2.436691554656705f,1.3932499805315066f,-1.0467402176308576f,0.7356973195451573f,1.677127565683332f,0.7170526800712449f,-3.551973698323167f,0.27654378213744074f,0f,0f,0f,1f], start_interpolation: 0, interpolation_duration: 1 }
$data merge entity $(bone_group12) { transformation: [-2.2521717065734115f,-2.6480539922274247f,-1.5125533918558198f,1.1626091154714877f,-2.436691554656705f,1.3932499805315066f,-1.0467402176308576f,0.7356973195451573f,1.677127565683332f,0.7170526800712449f,-3.551973698323167f,0.27654378213744074f,0f,0f,0f,1f], start_interpolation: 0, interpolation_duration: 1 }
$data merge entity $(bone_group13) { transformation: [-2.459638759531566f,-1.9993603057549807f,-0.6050213567423279f,0.8847709168260854f,-1.9425591942068194f,1.9301290988571598f,-0.41869608705234307f,0.9483300818531608f,1.6198570909718757f,0.2826021655205574f,-1.420789479329267f,0.27940806175169774f,0f,0f,0f,1f], start_interpolation: 0, interpolation_duration: 1 }
$data merge entity $(bone_group14) { transformation: [-2.459638759531566f,-1.9993603057549807f,-0.6050213567423279f,0.8847709168260854f,-1.9425591942068194f,1.9301290988571598f,-0.41869608705234307f,0.9483300818531608f,1.6198570909718757f,0.2826021655205574f,-1.420789479329267f,0.27940806175169774f,0f,0f,0f,1f], start_interpolation: 0, interpolation_duration: 1 }
$data merge entity $(bone_group15) { transformation: [-2.3700868567842144f,-2.1047452935966744f,-0.6050213567423279f,0.9469385724673034f,-2.024901357117967f,1.8435588016644375f,-0.41869608705234307f,0.8800373551167737f,1.60598841262409f,0.35299036480608315f,-1.420789479329267f,0.2730602797374777f,0f,0f,0f,1f], start_interpolation: 0, interpolation_duration: 1 }
$data merge entity $(bone_group16) { transformation: [-2.3700868567842144f,-2.1047452935966744f,-0.6050213567423279f,0.9469385724673034f,-2.024901357117967f,1.8435588016644375f,-0.41869608705234307f,0.8800373551167737f,1.60598841262409f,0.35299036480608315f,-1.420789479329267f,0.2730602797374777f,0f,0f,0f,1f], start_interpolation: 0, interpolation_duration: 1 }
$data merge entity $(bone_group17) { transformation: [-2.1776273213873085f,-2.303302782694052f,-0.6050213567423279f,1.062069168579116f,-2.177872732777746f,1.6600617220681266f,-0.41869608705234307f,0.8066722724313933f,1.5691120044254558f,0.4916182428436764f,-1.420789479329267f,0.24565382932241425f,0f,0f,0f,1f], start_interpolation: 0, interpolation_duration: 1 }
$data merge entity $(bone_group18) { transformation: [-2.1776273213873085f,-2.303302782694052f,-0.6050213567423279f,1.062069168579116f,-2.177872732777746f,1.6600617220681266f,-0.41869608705234307f,0.8066722724313933f,1.5691120044254558f,0.4916182428436764f,-1.420789479329267f,0.24565382932241425f,0f,0f,0f,1f], start_interpolation: 0, interpolation_duration: 1 }
$data merge entity $(bone_group19) { transformation: [-2.1776273213873085f,-2.303302782694052f,-0.6050213567423279f,1.1167814892623211f,-2.177872732777746f,1.6600617220681266f,-0.41869608705234307f,0.6930034136365115f,1.5691120044254558f,0.4916182428436764f,-1.420789479329267f,0.25585279554342605f,0f,0f,0f,1f], start_interpolation: 0, interpolation_duration: 1 }
$data merge entity $(bone_group20) { transformation: [-2.1776273213873085f,-2.303302782694052f,-0.6050213567423279f,1.1167814892623211f,-2.177872732777746f,1.6600617220681266f,-0.41869608705234307f,0.6930034136365115f,1.5691120044254558f,0.4916182428436764f,-1.420789479329267f,0.25585279554342605f,0f,0f,0f,1f], start_interpolation: 0, interpolation_duration: 1 }
$data merge entity $(bone_bone11) { transformation: [-0.8321525744189184f,-0.06874507306043165f,-0.37813834796395496f,0.4995930648275005f,0.05334470325106355f,1.4449974027252297f,-0.2616850544077144f,1.1468492874002043f,0.33863909331768327f,-0.3965559494538647f,-0.8879934245807918f,0.32849880534934844f,0f,0f,0f,1f], start_interpolation: 0, interpolation_duration: 1 }
$data merge entity $(bone_3) { transformation: [-0.8186162269227099f,-0.43229487947223877f,-0.37813834796395496f,0.5396919528913754f,-0.3534029493134878f,0.8981243164040043f,-0.2616850544077144f,1.3845f,0.4527403543261357f,-0.08058442446231559f,-0.8879934245807918f,0.24138941376698186f,0f,0f,0f,1f], start_interpolation: 0, interpolation_duration: 1 }
$data merge entity $(bone_8) { transformation: [-0.8376685756996962f,0.08724739267159029f,-0.5391653269241741f,0.07118234098400639f,0.1069365189446034f,0.994251981063958f,-0.005251577515877667f,0.39520333513817774f,0.5356080079696838f,-0.06205554465480201f,-0.8421835733237397f,0.5501418406297324f,0f,0f,0f,1f], start_interpolation: 0, interpolation_duration: 1 }
$data merge entity $(bone_7) { transformation: [-0.8376685756996962f,0.01879354872765998f,-0.545855438565435f,0.08150505438827149f,0.1069365189446034f,0.9857084332086122f,-0.13016706809878312f,0.765625f,0.5356080079696838f,-0.16740874298448044f,-0.8277066959805891f,0.49232980218643574f,0f,0f,0f,1f], start_interpolation: 0, interpolation_duration: 1 }