# This file was generated by Animated Java via MC-Build. It is not recommended to edit this file directly.
$data merge entity $(bone_layer) { transformation: [-0.9412171765419153f,-0.18196776100030662f,-0.2846014064248462f,0.2856355383134447f,-0.13903559839852295f,0.9765198070307959f,-0.16455445558994072f,1.4066478587962963f,0.30786251632900985f,-0.11531175323041629f,-0.9444172121506986f,0.492557115640781f,0f,0f,0f,1f], start_interpolation: 0, interpolation_duration: 1 }
$data merge entity $(bone_head) { transformation: [-0.9412171765419153f,-0.18196776100030662f,-0.2846014064248462f,0.2856355383134447f,-0.13903559839852295f,0.9765198070307959f,-0.16455445558994072f,1.4066478587962963f,0.30786251632900985f,-0.11531175323041629f,-0.9444172121506986f,0.492557115640781f,0f,0f,0f,1f], start_interpolation: 0, interpolation_duration: 1 }
$data merge entity $(bone_6) { transformation: [-0.6513526830472806f,-0.14571017834016603f,-0.7446530911875583f,0.3724236132766884f,-0.11423640837690921f,0.9890338378815078f,-0.09360614577322982f,0.40646737941055683f,0.7501264728619123f,0.02409588042492164f,-0.6608552513662087f,0.3749008093578976f,0f,0f,0f,1f], start_interpolation: 0, interpolation_duration: 1 }
$data merge entity $(bone_12) { transformation: [-0.6513526830472806f,-0.27280416560095305f,-0.7080378305697209f,0.270122051176331f,-0.11423640837690921f,0.9577536549051818f,-0.2639279816861217f,0.765625f,0.7501264728619123f,-0.09102650024324539f,-0.6549995808893418f,0.3407658717666806f,0f,0f,0f,1f], start_interpolation: 0, interpolation_duration: 1 }
$data merge entity $(bone_group3) { transformation: [1.1733623954548853f,-0.06797112932452054f,0.34494577547951566f,-0.9548181743653769f,0.292806285894446f,0.8255995009755691f,-0.37808418313745934f,1.6813035478928615f,-0.37673546729438356f,0.429972674339139f,0.7804971963762758f,1.1291682898108506f,0f,0f,0f,1f], start_interpolation: 0, interpolation_duration: 1 }
$data merge entity $(bone_group1) { transformation: [1.1733623954548853f,-0.06797112932452054f,0.34494577547951566f,-0.9548181743653769f,0.292806285894446f,0.8255995009755691f,-0.37808418313745934f,1.6813035478928615f,-0.37673546729438356f,0.429972674339139f,0.7804971963762758f,1.1291682898108506f,0f,0f,0f,1f], start_interpolation: 0, interpolation_duration: 1 }
$data merge entity $(bone_group4) { transformation: [1.1366948205969203f,-0.06584703153312929f,0.33416621999578083f,-0.9548181743653769f,0.2836560894602446f,0.7997995165700826f,-0.36626905241441376f,1.6813035478928615f,-0.36496248394143416f,0.4165360282660409f,0.7561066589895172f,1.1291682898108506f,0f,0f,0f,1f], start_interpolation: 0, interpolation_duration: 1 }
$data merge entity $(bone_group2) { transformation: [1.1366948205969203f,-0.06584703153312929f,0.33416621999578083f,-0.9548181743653769f,0.2836560894602446f,0.7997995165700826f,-0.36626905241441376f,1.6813035478928615f,-0.36496248394143416f,0.4165360282660409f,0.7561066589895172f,1.1291682898108506f,0f,0f,0f,1f], start_interpolation: 0, interpolation_duration: 1 }
$data merge entity $(bone_10) { transformation: [-0.7566808208221248f,0.21993521209146366f,-0.6156806297767036f,0.20736165126361478f,0f,0.9417180377529876f,0.3364032362666306f,1.0705514238473925f,0.6537844716723972f,0.2545498769454532f,-0.7125799777899314f,0.44976266224816025f,0f,0f,0f,1f], start_interpolation: 0, interpolation_duration: 1 }
$data merge entity $(bone_9) { transformation: [-0.7566808208221248f,0.200945832291692f,-0.6221373705899322f,0.28283183500430154f,0f,0.9515939847859787f,0.30735791533510654f,1.4308056640625f,0.6537844716723972f,0.23257183966194556f,-0.720052917497251f,0.5371107762748191f,0f,0f,0f,1f], start_interpolation: 0, interpolation_duration: 1 }
$data merge entity $(bone_bone12) { transformation: [-0.675077073219789f,1.0240934531528194f,-0.5756169808407664f,0.08420868863343911f,0.9185464247161444f,1.0576637262000192f,0.35753471186376024f,1.8850373413602015f,0.9749581585146063f,-0.28736743289771943f,-0.7354141834233678f,0.3072271801629069f,0f,0f,0f,1f], start_interpolation: 0, interpolation_duration: 1 }
$data merge entity $(bone_bone1) { transformation: [0.9332167343082814f,0.3560159583860244f,0.33915112636590744f,0.008327346683850101f,-0.30890616557640316f,-0.6514225490501032f,0.9259734511678338f,1.364985472268902f,0.18353067230267484f,-2.906699382454877f,-0.16598096643009302f,1.9336184455109082f,0f,0f,0f,1f], start_interpolation: 0, interpolation_duration: 1 }
$data merge entity $(bone_2) { transformation: [0.9969943403279558f,-0.07361965155376637f,0.024133633359445773f,-0.059106552595626194f,-0.020531868327780603f,0.04929449693066183f,0.9985732296408328f,1.2832965033781272f,-0.07470426853264012f,-0.9960673669373258f,0.047634785457144446f,1.0561051512586053f,0f,0f,0f,1f], start_interpolation: 0, interpolation_duration: 1 }
$data merge entity $(bone_bone2) { transformation: [1.8871074659678748f,-0.6613997135597772f,0.018546096566112405f,0.1948433985013608f,-0.05297401982617019f,-0.03904363843426954f,0.9994585218408604f,1.2797705345443884f,-0.6603174729717292f,-1.8870680997782956f,-0.02717913578174999f,1.099731288855481f,0f,0f,0f,1f], start_interpolation: 0, interpolation_duration: 1 }
$data merge entity $(bone_1) { transformation: [0.9969943403279558f,-0.07522185623996899f,0.018546096566112405f,-0.08731474868561456f,-0.020531868327780603f,-0.0257119719713024f,0.9994585218408604f,1.2736545138888888f,-0.07470426853264012f,-0.9968352756805723f,-0.02717913578174999f,0.6822919228783908f,0f,0f,0f,1f], start_interpolation: 0, interpolation_duration: 1 }
$data merge entity $(bone_4) { transformation: [-0.8131184716965152f,-0.5762513151061665f,0.08229685792505817f,0.650990525961312f,-0.3517634161709437f,0.3737889796322679f,-0.858221590120649f,1.1104572850139274f,0.46378966140878014f,-0.7267848516197085f,-0.5066388550303336f,0.24056169113010187f,0f,0f,0f,1f], start_interpolation: 0, interpolation_duration: 1 }
$data merge entity $(bone_group5) { transformation: [-3.2524738867860608f,-1.170315691511743f,-1.5541388687468847f,0.6903920213559813f,-1.4070536646837748f,2.423797573018462f,-1.0612609349944848f,0.8995314432910992f,1.8551586456351206f,-0.2134631285051492f,-3.529642702102408f,0.43195414003697713f,0f,0f,0f,1f], start_interpolation: 0, interpolation_duration: 1 }
$data merge entity $(bone_group7) { transformation: [-3.2524738867860608f,-1.170315691511743f,-1.5541388687468847f,0.6903920213559813f,-1.4070536646837748f,2.423797573018462f,-1.0612609349944848f,0.8995314432910992f,1.8551586456351206f,-0.2134631285051492f,-3.529642702102408f,0.43195414003697713f,0f,0f,0f,1f], start_interpolation: 0, interpolation_duration: 1 }
$data merge entity $(bone_group6) { transformation: [-2.23156716534637f,-2.639760062689752f,-1.5541388687468847f,1.0481922820493499f,-2.4304430046133714f,1.3955434395231687f,-1.0612609349944848f,0.9639606078978843f,1.7133460794229223f,0.7427148307607988f,-3.529642702102408f,0.255038939104346f,0f,0f,0f,1f], start_interpolation: 0, interpolation_duration: 1 }
$data merge entity $(bone_group8) { transformation: [-2.23156716534637f,-2.639760062689752f,-1.5541388687468847f,1.0481922820493499f,-2.4304430046133714f,1.3955434395231687f,-1.0612609349944848f,0.9639606078978843f,1.7133460794229223f,0.7427148307607988f,-3.529642702102408f,0.255038939104346f,0f,0f,0f,1f], start_interpolation: 0, interpolation_duration: 1 }
$data merge entity $(bone_group9) { transformation: [-2.23156716534637f,-2.639760062689752f,-1.5541388687468847f,1.103050830088963f,-2.4304430046133714f,1.3955434395231687f,-1.0612609349944848f,0.8503450966626439f,1.7133460794229223f,0.7427148307607988f,-3.529642702102408f,0.26504502325302487f,0f,0f,0f,1f], start_interpolation: 0, interpolation_duration: 1 }
$data merge entity $(bone_group10) { transformation: [-2.23156716534637f,-2.639760062689752f,-1.5541388687468847f,1.103050830088963f,-2.4304430046133714f,1.3955434395231687f,-1.0612609349944848f,0.8503450966626439f,1.7133460794229223f,0.7427148307607988f,-3.529642702102408f,0.26504502325302487f,0f,0f,0f,1f], start_interpolation: 0, interpolation_duration: 1 }
$data merge entity $(bone_group11) { transformation: [-2.23156716534637f,-2.639760062689752f,-1.5541388687468847f,1.1579093781285759f,-2.4304430046133714f,1.3955434395231687f,-1.0612609349944848f,0.7367295854274035f,1.7133460794229223f,0.7427148307607988f,-3.529642702102408f,0.27505110740170374f,0f,0f,0f,1f], start_interpolation: 0, interpolation_duration: 1 }
$data merge entity $(bone_group12) { transformation: [-2.23156716534637f,-2.639760062689752f,-1.5541388687468847f,1.1579093781285759f,-2.4304430046133714f,1.3955434395231687f,-1.0612609349944848f,0.7367295854274035f,1.7133460794229223f,0.7427148307607988f,-3.529642702102408f,0.27505110740170374f,0f,0f,0f,1f], start_interpolation: 0, interpolation_duration: 1 }
$data merge entity $(bone_group13) { transformation: [-2.4398248142360175f,-1.9963838971648777f,-0.621655547498754f,0.8800691287551594f,-1.9365878245902284f,1.930818553104384f,-0.42450437399779395f,0.9493129805186025f,1.6565562227242283f,0.2984878633535682f,-1.4118570808409634f,0.2803479263130428f,0f,0f,0f,1f], start_interpolation: 0, interpolation_duration: 1 }
$data merge entity $(bone_group14) { transformation: [-2.4398248142360175f,-1.9963838971648777f,-0.621655547498754f,0.8800691287551594f,-1.9365878245902284f,1.930818553104384f,-0.42450437399779395f,0.9493129805186025f,1.6565562227242283f,0.2984878633535682f,-1.4118570808409634f,0.2803479263130428f,0f,0f,0f,1f], start_interpolation: 0, interpolation_duration: 1 }
$data merge entity $(bone_group15) { transformation: [-2.350421599093426f,-2.1009074457329495f,-0.621655547498754f,0.9421752080697899f,-2.018965744493984f,1.844508067188396f,-0.42450437399779395f,0.8810086395686401f,1.6419596905275293f,0.3704617366186168f,-1.4118570808409634f,0.27353909461648324f,0f,0f,0f,1f], start_interpolation: 0, interpolation_duration: 1 }
$data merge entity $(bone_group16) { transformation: [-2.350421599093426f,-2.1009074457329495f,-0.621655547498754f,0.9421752080697899f,-2.018965744493984f,1.844508067188396f,-0.42450437399779395f,0.8810086395686401f,1.6419596905275293f,0.3704617366186168f,-1.4118570808409634f,0.27353909461648324f,0f,0f,0f,1f], start_interpolation: 0, interpolation_duration: 1 }
$data merge entity $(bone_group17) { transformation: [-2.158371386420252f,-2.297765598859762f,-0.621655547498754f,1.0569930602222317f,-2.1720424408936125f,1.6615246980770815f,-0.42450437399779395f,0.8075590217570499f,1.6034236703693052f,0.5121582342549686f,-1.4118570808409634f,0.24506774913934218f,0f,0f,0f,1f], start_interpolation: 0, interpolation_duration: 1 }
$data merge entity $(bone_group18) { transformation: [-2.158371386420252f,-2.297765598859762f,-0.621655547498754f,1.0569930602222317f,-2.1720424408936125f,1.6615246980770815f,-0.42450437399779395f,0.8075590217570499f,1.6034236703693052f,0.5121582342549686f,-1.4118570808409634f,0.24506774913934218f,0f,0f,0f,1f], start_interpolation: 0, interpolation_duration: 1 }
$data merge entity $(bone_group19) { transformation: [-2.158371386420252f,-2.297765598859762f,-0.621655547498754f,1.1118516082618446f,-2.1720424408936125f,1.6615246980770815f,-0.42450437399779395f,0.6939435105218095f,1.6034236703693052f,0.5121582342549686f,-1.4118570808409634f,0.255073833288021f,0f,0f,0f,1f], start_interpolation: 0, interpolation_duration: 1 }
$data merge entity $(bone_group20) { transformation: [-2.158371386420252f,-2.297765598859762f,-0.621655547498754f,1.1118516082618446f,-2.1720424408936125f,1.6615246980770815f,-0.42450437399779395f,0.6939435105218095f,1.6034236703693052f,0.5121582342549686f,-1.4118570808409634f,0.255073833288021f,0f,0f,0f,1f], start_interpolation: 0, interpolation_duration: 1 }
$data merge entity $(bone_bone11) { transformation: [-0.8281076368252216f,-0.07380094096925494f,-0.38853471718672117f,0.4954465131599921f,0.054521708096823385f,1.44338502891096f,-0.2653152337486212f,1.1479449902438918f,0.34823142474215596f,-0.4014885794487303f,-0.882410675525602f,0.3331922451511923f,0f,0f,0f,1f], start_interpolation: 0, interpolation_duration: 1 }
$data merge entity $(bone_3) { transformation: [-0.8131184716965152f,-0.43345025611546034f,-0.38853471718672117f,0.5344516910891197f,-0.3517634161709437f,0.8977028048216525f,-0.2653152337486212f,1.38525390625f,0.46378966140878014f,-0.07906041796487007f,-0.882410675525602f,0.24466596315695613f,0f,0f,0f,1f], start_interpolation: 0, interpolation_duration: 1 }
$data merge entity $(bone_8) { transformation: [-0.8300774612462272f,0.08454939769063086f,-0.5512012406382716f,0.06990178396539871f,0.10693607419952945f,0.9942292761078442f,-0.008533613822107253f,0.39488756049088053f,0.5472988985607509f,-0.06602685726447743f,-0.8343286940732443f,0.5598905211124319f,0f,0f,0f,1f], start_interpolation: 0, interpolation_duration: 1 }
$data merge entity $(bone_7) { transformation: [-0.8300774612462272f,0.019670524203467682f,-0.5573010665776436f,0.08095184597079977f,0.10693607419952945f,0.986445410070244f,-0.12445934672068991f,0.765625f,0.5472988985607509f,-0.16290648676129804f,-0.8209295902848672f,0.5042119896847799f,0f,0f,0f,1f], start_interpolation: 0, interpolation_duration: 1 }