# This file was generated by Animated Java via MC-Build. It is not recommended to edit this file directly.
$data merge entity $(bone_layer) { transformation: [-0.9387871110982902f,-0.1870306722759035f,-0.2893065634646926f,0.2851582120118632f,-0.14090026422061536f,0.9747965529515823f,-0.17297050585655893f,1.4069101508916324f,0.3143658308059058f,-0.12161911026535542f,-0.9414791109950216f,0.49857442856642603f,0f,0f,0f,1f], start_interpolation: 0, interpolation_duration: 1 }
$data merge entity $(bone_head) { transformation: [-0.9387871110982902f,-0.1870306722759035f,-0.2893065634646926f,0.2851582120118632f,-0.14090026422061536f,0.9747965529515823f,-0.17297050585655893f,1.4069101508916324f,0.3143658308059058f,-0.12161911026535542f,-0.9414791109950216f,0.49857442856642603f,0f,0f,0f,1f], start_interpolation: 0, interpolation_duration: 1 }
$data merge entity $(bone_6) { transformation: [-0.6437967224112171f,-0.14836273809469508f,-0.7506758808950899f,0.3718952364351232f,-0.11456558477713774f,0.9886546680811202f,-0.09714254508752823f,0.4068376914063919f,0.7565715478375107f,0.023461569138804414f,-0.6534898987561311f,0.3808249209575819f,0f,0f,0f,1f], start_interpolation: 0, interpolation_duration: 1 }
$data merge entity $(bone_12) { transformation: [-0.6437967224112171f,-0.2764622734697254f,-0.7135085084009336f,0.26822188388397616f,-0.11456558477713774f,0.9567661562496215f,-0.2673448130037262f,0.765625f,0.7565715478375107f,-0.09037219485702243f,-0.6476359775363608f,0.3469353478861985f,0f,0f,0f,1f], start_interpolation: 0, interpolation_duration: 1 }
$data merge entity $(bone_group3) { transformation: [1.1691384088774222f,-0.06250943500292859f,0.35365579353428506f,-0.9480348304808941f,0.29179477580495505f,0.8259483237747551f,-0.37774674909172795f,1.6826491780800032f,-0.39040444944307456f,0.4301314311933014f,0.7767535544568673f,1.1484051605336332f,0f,0f,0f,1f], start_interpolation: 0, interpolation_duration: 1 }
$data merge entity $(bone_group1) { transformation: [1.1691384088774222f,-0.06250943500292859f,0.35365579353428506f,-0.9480348304808941f,0.29179477580495505f,0.8259483237747551f,-0.37774674909172795f,1.6826491780800032f,-0.39040444944307456f,0.4301314311933014f,0.7767535544568673f,1.1484051605336332f,0f,0f,0f,1f], start_interpolation: 0, interpolation_duration: 1 }
$data merge entity $(bone_group4) { transformation: [1.132602833600003f,-0.06055601515908708f,0.3426040499863387f,-0.9480348304808941f,0.28267618906105024f,0.8001374386567941f,-0.36594216318261147f,1.6826491780800032f,-0.3782043103979785f,0.41668982396851073f,0.7524800058800902f,1.1484051605336332f,0f,0f,0f,1f], start_interpolation: 0, interpolation_duration: 1 }
$data merge entity $(bone_group2) { transformation: [1.132602833600003f,-0.06055601515908708f,0.3426040499863387f,-0.9480348304808941f,0.28267618906105024f,0.8001374386567941f,-0.36594216318261147f,1.6826491780800032f,-0.3782043103979785f,0.41668982396851073f,0.7524800058800902f,1.1484051605336332f,0f,0f,0f,1f], start_interpolation: 0, interpolation_duration: 1 }
$data merge entity $(bone_10) { transformation: [-0.7505162469299681f,0.22173550584872181f,-0.6225421500108783f,0.206265943952626f,0f,0.9420296102812177f,0.3355297503253878f,1.0707618660235432f,0.6608519978740741f,0.2518205289475593f,-0.70700852760516f,0.45626551669878046f,0f,0f,0f,1f], start_interpolation: 0, interpolation_duration: 1 }
$data merge entity $(bone_9) { transformation: [-0.7505162469299681f,0.20165971768607993f,-0.6293319643534133f,0.2820049200887466f,0f,0.9523039445714636f,0.3051511054438945f,1.4314371875f,0.6608519978740741f,0.22902086240428265f,-0.7147195824163792f,0.5422807399240437f,0f,0f,0f,1f], start_interpolation: 0, interpolation_duration: 1 }
$data merge entity $(bone_bone12) { transformation: [-0.6653903202449253f,1.0238478617136972f,-0.5808007031632743f,0.08103108085224783f,0.9214390677483609f,1.0551577590868009f,0.3575174574546922f,1.8859800805012714f,0.9788798527661029f,-0.2972838029614309f,-0.7313356348628027f,0.31403881580168463f,0f,0f,0f,1f], start_interpolation: 0, interpolation_duration: 1 }
$data merge entity $(bone_bone1) { transformation: [0.9341434693122534f,0.36009429481595356f,0.3361077716567189f,0.007599138210939785f,-0.30512966765321736f,-0.6596852051688672f,0.9265754393549186f,1.3756506161276814f,0.18512661791083512f,-2.9043325444794226f,-0.16878839123646652f,1.9413509992630833f,0f,0f,0f,1f], start_interpolation: 0, interpolation_duration: 1 }
$data merge entity $(bone_2) { transformation: [0.9971059278077413f,-0.07314902026491592f,0.02071206327110693f,-0.05899526242975002f,-0.017387369323375902f,0.045798922026713505f,0.9987993482823283f,1.2908747543657646f,-0.0740097839388546f,-0.9962688791563623f,0.044394507609051385f,1.064066416550135f,0f,0f,0f,1f], start_interpolation: 0, interpolation_duration: 1 }
$data merge entity $(bone_bone2) { transformation: [1.8875376083637243f,-0.6606566821129004f,0.0135510644611973f,0.1949566779650448f,-0.059922985561145364f,-0.0892763540100102f,0.9985538253414432f,1.2897073978448526f,-0.6584914675331723f,-1.8856199195474825f,-0.052025249138653334f,1.107807692805769f,0f,0f,0f,1f], start_interpolation: 0, interpolation_duration: 1 }
$data merge entity $(bone_1) { transformation: [0.9971059278077413f,-0.0748073350857514f,0.0135510644611973f,-0.0870480130869068f,-0.017387369323375902f,-0.05087177295891113f,0.9985538253414432f,1.2717978395061729f,-0.0740097839388546f,-0.9958995558455609f,-0.052025249138653334f,0.6906040831080497f,0f,0f,0f,1f], start_interpolation: 0, interpolation_duration: 1 }
$data merge entity $(bone_4) { transformation: [-0.8092063989313176f,-0.582292184098863f,0.07823564575041964f,0.6475141438630694f,-0.3509334836729571f,0.37224446915755016f,-0.8592320671499498f,1.1107110403922884f,0.47120133060696207f,-0.7227515946153211f,-0.50556843109043f,0.24263937948556705f,0f,0f,0f,1f], start_interpolation: 0, interpolation_duration: 1 }
$data merge entity $(bone_group5) { transformation: [-3.2368255957252705f,-1.17239989365989f,-1.5830911527054075f,0.6885270146962038f,-1.4037339346918285f,2.423207023934404f,-1.0685916781177005f,0.9001773284889193f,1.8848053224278483f,-0.20867728314612524f,-3.514531864656154f,0.4341250411487958f,0f,0f,0f,1f], start_interpolation: 0, interpolation_duration: 1 }
$data merge entity $(bone_group7) { transformation: [-3.2368255957252705f,-1.17239989365989f,-1.5830911527054075f,0.6885270146962038f,-1.4037339346918285f,2.423207023934404f,-1.0685916781177005f,0.9001773284889193f,1.8848053224278483f,-0.20867728314612524f,-3.514531864656154f,0.4341250411487958f,0f,0f,0f,1f], start_interpolation: 0, interpolation_duration: 1 }
$data merge entity $(bone_group6) { transformation: [-2.216973246687839f,-2.6337408891662744f,-1.5830911527054075f,1.0448437399044674f,-2.4272727595646115f,1.396691874010166f,-1.0685916781177005f,0.9642963424365439f,1.736627931983699f,0.7616828328166613f,-3.514531864656154f,0.25412983145574014f,0f,0f,0f,1f], start_interpolation: 0, interpolation_duration: 1 }
$data merge entity $(bone_group8) { transformation: [-2.216973246687839f,-2.6337408891662744f,-1.5830911527054075f,1.0448437399044674f,-2.4272727595646115f,1.396691874010166f,-1.0685916781177005f,0.9642963424365439f,1.736627931983699f,0.7616828328166613f,-3.514531864656154f,0.25412983145574014f,0f,0f,0f,1f], start_interpolation: 0, interpolation_duration: 1 }
$data merge entity $(bone_group9) { transformation: [-2.216973246687839f,-2.6337408891662744f,-1.5830911527054075f,1.0997999849197746f,-2.4272727595646115f,1.396691874010166f,-1.0685916781177005f,0.8507085131896187f,1.736627931983699f,0.7616828328166613f,-3.514531864656154f,0.2639115791032147f,0f,0f,0f,1f], start_interpolation: 0, interpolation_duration: 1 }
$data merge entity $(bone_group10) { transformation: [-2.216973246687839f,-2.6337408891662744f,-1.5830911527054075f,1.0997999849197746f,-2.4272727595646115f,1.396691874010166f,-1.0685916781177005f,0.8507085131896187f,1.736627931983699f,0.7616828328166613f,-3.514531864656154f,0.2639115791032147f,0f,0f,0f,1f], start_interpolation: 0, interpolation_duration: 1 }
$data merge entity $(bone_group11) { transformation: [-2.216973246687839f,-2.6337408891662744f,-1.5830911527054075f,1.154756229935082f,-2.4272727595646115f,1.396691874010166f,-1.0685916781177005f,0.7371206839426937f,1.736627931983699f,0.7616828328166613f,-3.514531864656154f,0.27369332675068936f,0f,0f,0f,1f], start_interpolation: 0, interpolation_duration: 1 }
$data merge entity $(bone_group12) { transformation: [-2.216973246687839f,-2.6337408891662744f,-1.5830911527054075f,1.154756229935082f,-2.4272727595646115f,1.396691874010166f,-1.0685916781177005f,0.7371206839426937f,1.736627931983699f,0.7616828328166613f,-3.514531864656154f,0.27369332675068936f,0f,0f,0f,1f], start_interpolation: 0, interpolation_duration: 1 }
$data merge entity $(bone_group13) { transformation: [-2.4257664461713047f,-1.9941366573954722f,-0.633236461082163f,0.8769376174106569f,-1.9335607685670562f,1.9311537722878984f,-0.42743667124708024f,0.9496776557964786f,1.6805641756407599f,0.3110756400789708f,-1.4058127458624616f,0.2808566068872658f,0f,0f,0f,1f], start_interpolation: 0, interpolation_duration: 1 }
$data merge entity $(bone_group14) { transformation: [-2.4257664461713047f,-1.9941366573954722f,-0.633236461082163f,0.8769376174106569f,-1.9335607685670562f,1.9311537722878984f,-0.42743667124708024f,0.9496776557964786f,1.6805641756407599f,0.3110756400789708f,-1.4058127458624616f,0.2808566068872658f,0f,0f,0f,1f], start_interpolation: 0, interpolation_duration: 1 }
$data merge entity $(bone_group15) { transformation: [-2.3364746347020358f,-2.0980491274355173f,-0.633236461082163f,0.9389954769435745f,-2.0159561916128235f,1.844975005646778f,-0.42743667124708024f,0.8813679051332424f,1.6653957220835574f,0.38408474476791477f,-1.4058127458624616f,0.2736727149034502f,0f,0f,0f,1f], start_interpolation: 0, interpolation_duration: 1 }
$data merge entity $(bone_group16) { transformation: [-2.3364746347020358f,-2.0980491274355173f,-0.633236461082163f,0.9389954769435745f,-2.0159561916128235f,1.844975005646778f,-0.42743667124708024f,0.8813679051332424f,1.6653957220835574f,0.38408474476791477f,-1.4058127458624616f,0.2736727149034502f,0f,0f,0f,1f], start_interpolation: 0, interpolation_duration: 1 }
$data merge entity $(bone_group17) { transformation: [-2.1447266132932974f,-2.293702599285795f,-0.633236461082163f,1.0535850911884608f,-2.1690850366379317f,1.6622521595103523f,-0.42743667124708024f,0.807876102855534f,1.6255831973560217f,0.5277719874826831f,-1.4058127458624616f,0.24440193855519288f,0f,0f,0f,1f], start_interpolation: 0, interpolation_duration: 1 }
$data merge entity $(bone_group18) { transformation: [-2.1447266132932974f,-2.293702599285795f,-0.633236461082163f,1.0535850911884608f,-2.1690850366379317f,1.6622521595103523f,-0.42743667124708024f,0.807876102855534f,1.6255831973560217f,0.5277719874826831f,-1.4058127458624616f,0.24440193855519288f,0f,0f,0f,1f], start_interpolation: 0, interpolation_duration: 1 }
$data merge entity $(bone_group19) { transformation: [-2.1447266132932974f,-2.293702599285795f,-0.633236461082163f,1.1085413362037682f,-2.1690850366379317f,1.6622521595103523f,-0.42743667124708024f,0.6942882736086088f,1.6255831973560217f,0.5277719874826831f,-1.4058127458624616f,0.2541836862026675f,0f,0f,0f,1f], start_interpolation: 0, interpolation_duration: 1 }
$data merge entity $(bone_group20) { transformation: [-2.1447266132932974f,-2.293702599285795f,-0.633236461082163f,1.1085413362037682f,-2.1690850366379317f,1.6622521595103523f,-0.42743667124708024f,0.6942882736086088f,1.6255831973560217f,0.5277719874826831f,-1.4058127458624616f,0.2541836862026675f,0f,0f,0f,1f], start_interpolation: 0, interpolation_duration: 1 }
$data merge entity $(bone_bone11) { transformation: [-0.8252102563120463f,-0.07733031585512584f,-0.39577278817635186f,0.49273521401959364f,0.055115472678107014f,1.4425615679478523f,-0.2671479195294251f,1.1483651888291835f,0.35495114811601286f,-0.4037773457359646f,-0.8786329661640385f,0.3364761285874017f,0f,0f,0f,1f], start_interpolation: 0, interpolation_duration: 1 }
$data merge entity $(bone_3) { transformation: [-0.8092063989313176f,-0.43422218283699626f,-0.39577278817635186f,0.5309723329638472f,-0.3509334836729571f,0.8974840829386681f,-0.2671479195294251f,1.3855f,0.47120133060696207f,-0.07728788264671305f,-0.8786329661640385f,0.24715181951745033f,0f,0f,0f,1f], start_interpolation: 0, interpolation_duration: 1 }
$data merge entity $(bone_8) { transformation: [-0.8249111479279024f,0.08299585056347036f,-0.5591361970160014f,0.06927711572897023f,0.10693559622698462f,0.9942137461647682f,-0.010188483527841366f,0.39473529405283864f,0.5550552911952553f,-0.068196156242591f,-0.8290132133988496f,0.5667858941835993f,0f,0f,0f,1f], start_interpolation: 0, interpolation_duration: 1 }
$data merge entity $(bone_7) { transformation: [-0.8249111479279024f,0.019794890940619564f,-0.5649157108073022f,0.08059282215148414f,0.10693559622698462f,0.9868053066398034f,-0.12157329084590444f,0.765625f,0.5550552911952553f,-0.16069676126223748f,-0.8161434767465693f,0.512148347354717f,0f,0f,0f,1f], start_interpolation: 0, interpolation_duration: 1 }