# This file was generated by Animated Java via MC-Build. It is not recommended to edit this file directly.
$data merge entity $(bone_layer) { transformation: [-0.9377819802500935f,-0.19070651637118896f,-0.2901654392441985f,0.2848870173817236f,-0.14231587214042232f,0.9733586385261649f,-0.17977528568577397f,1.407207808213306f,0.3167193553528488f,-0.1272948758593846f,-0.9399387557308294f,0.5019391017821466f,0f,0f,0f,1f], start_interpolation: 0, interpolation_duration: 1 }
$data merge entity $(bone_head) { transformation: [-0.9377819802500935f,-0.19070651637118896f,-0.2901654392441985f,0.2848870173817236f,-0.14231587214042232f,0.9733586385261649f,-0.17977528568577397f,1.407207808213306f,0.3167193553528488f,-0.1272948758593846f,-0.9399387557308294f,0.5019391017821466f,0f,0f,0f,1f], start_interpolation: 0, interpolation_duration: 1 }
$data merge entity $(bone_6) { transformation: [-0.6397457062908689f,-0.1486315560081906f,-0.7540783061731596f,0.37114924964538876f,-0.11461030873281403f,0.9886020761948932f,-0.0976238294440229f,0.406888454049672f,0.7599933607700572f,0.023970721760737557f,-0.6494886419974587f,0.38383198537031193f,0f,0f,0f,1f], start_interpolation: 0, interpolation_duration: 1 }
$data merge entity $(bone_12) { transformation: [-0.6397457062908689f,-0.2773178323842691f,-0.7168125634530186f,0.26715506250128784f,-0.11461030873281403f,0.9566307892008746f,-0.26780965308420224f,0.765625f,0.7599933607700572f,-0.08917596646295523f,-0.6437839222835808f,0.3503909979467037f,0f,0f,0f,1f], start_interpolation: 0, interpolation_duration: 1 }
$data merge entity $(bone_group3) { transformation: [1.1669840023389668f,-0.06005331101244939f,0.3579190199034147f,-0.9447058270200118f,0.29165407473082294f,0.8259944996932926f,-0.37770477509917455f,1.6828347821708383f,-0.396901352255542f,0.4303926084681059f,0.7748188105420338f,1.1584556205291012f,0f,0f,0f,1f], start_interpolation: 0, interpolation_duration: 1 }
$data merge entity $(bone_group1) { transformation: [1.1669840023389668f,-0.06005331101244939f,0.3579190199034147f,-0.9447058270200118f,0.29165407473082294f,0.8259944996932926f,-0.37770477509917455f,1.6828347821708383f,-0.396901352255542f,0.4303926084681059f,0.7748188105420338f,1.1584556205291012f,0f,0f,0f,1f], start_interpolation: 0, interpolation_duration: 1 }
$data merge entity $(bone_group4) { transformation: [1.1305157522658742f,-0.058176645043310354f,0.346734050531433f,-0.9447058270200118f,0.28253988489548476f,0.8001821715778773f,-0.3659015008773254f,1.6828347821708383f,-0.38449818499755634f,0.41694283945347765f,0.7506057227125954f,1.1584556205291012f,0f,0f,0f,1f], start_interpolation: 0, interpolation_duration: 1 }
$data merge entity $(bone_group2) { transformation: [1.1305157522658742f,-0.058176645043310354f,0.346734050531433f,-0.9447058270200118f,0.28253988489548476f,0.8001821715778773f,-0.3659015008773254f,1.6828347821708383f,-0.38449818499755634f,0.41694283945347765f,0.7506057227125954f,1.1584556205291012f,0f,0f,0f,1f], start_interpolation: 0, interpolation_duration: 1 }
$data merge entity $(bone_10) { transformation: [-0.7470375056061095f,0.22297438673246828f,-0.626272614824472f,0.20574340841494132f,0f,0.9420723119106404f,0.3354098375589797f,1.0707908986648835f,0.6647818929677627f,0.25056372840581054f,-0.7037633499903055f,0.46001069710978587f,0f,0f,0f,1f], start_interpolation: 0, interpolation_duration: 1 }
$data merge entity $(bone_9) { transformation: [-0.7470375056061095f,0.20265748482900112f,-0.6331389334581985f,0.2818571807795602f,0f,0.9524009906944041f,0.3048480817133637f,1.4315238671875f,0.6647818929677627f,0.22773295055195866f,-0.7114792604251351f,0.5455422725798978f,0f,0f,0f,1f], start_interpolation: 0, interpolation_duration: 1 }
$data merge entity $(bone_bone12) { transformation: [-0.6601752139974943f,1.0226152042577175f,-0.5843997227333395f,0.07965994555643602f,0.9218356701129473f,1.0548136466069933f,0.3575143622532735f,1.8861095549924378f,0.9820324251931682f,-0.302698389411976f,-0.7284644430937114f,0.31832651980538706f,0f,0f,0f,1f], start_interpolation: 0, interpolation_duration: 1 }
$data merge entity $(bone_bone1) { transformation: [0.9344638096713589f,0.3705108938369117f,0.3339524539143239f,0.003559852550801698f,-0.3016457081616113f,-0.6711612102393898f,0.9268004358244262f,1.385043999849067f,0.18917519700576635f,-2.900390371556589f,-0.17180428015697105f,1.9451721421151462f,0f,0f,0f,1f], start_interpolation: 0, interpolation_duration: 1 }
$data merge entity $(bone_2) { transformation: [0.9973645227599155f,-0.07035364839729223f,0.017730563924371556f,-0.060215910287375454f,-0.014847105082229181f,0.04129857196301946f,0.9990365315765447f,1.296300683869641f,-0.07101811184876211f,-0.996666841081314f,0.04014518250589011f,1.0680705083557602f,0f,0f,0f,1f], start_interpolation: 0, interpolation_duration: 1 }
$data merge entity $(bone_bone2) { transformation: [1.889551195600793f,-0.6551401405815115f,0.009844737203842019f,0.19361787494974747f,-0.06460226621135606f,-0.1263693218284482f,0.9974789899668283f,1.2969258978633653f,-0.6522444529499429f,-1.885423610412115f,-0.07027621022894942f,1.1125032505585124f,0f,0f,0f,1f], start_interpolation: 0, interpolation_duration: 1 }
$data merge entity $(bone_1) { transformation: [0.9973645227599155f,-0.07188247275430455f,0.009844737203842019f,-0.08717183757023966f,-0.014847105082229181f,-0.06939184422850753f,0.9974789899668283f,1.2702787422839505f,-0.07101811184876211f,-0.9949963226390803f,-0.07027621022894942f,0.6949468873661052f,0f,0f,0f,1f], start_interpolation: 0, interpolation_duration: 1 }
$data merge entity $(bone_4) { transformation: [-0.8067904717720712f,-0.585971257231492f,0.07567575804934762f,0.6456583838947375f,-0.3508165490932278f,0.37203520999068196f,-0.859370438989792f,1.1105203091913616f,0.4754123300253347f,-0.7198801901884323f,-0.505722876913976f,0.2438662889859327f,0f,0f,0f,1f], start_interpolation: 0, interpolation_duration: 1 }
$data merge entity $(bone_group5) { transformation: [-3.2271618870882848f,-1.1734903558260883f,-1.600946343207475f,0.6876494485432976f,-1.4032661963729112f,2.4231300463385654f,-1.0695886602222255f,0.9000401851825819f,1.9016493201013387f,-0.2033744411533128f,-3.506130474482465f,0.4351987899660847f,0f,0f,0f,1f], start_interpolation: 0, interpolation_duration: 1 }
$data merge entity $(bone_group7) { transformation: [-3.2271618870882848f,-1.1734903558260883f,-1.600946343207475f,0.6876494485432976f,-1.4032661963729112f,2.4231300463385654f,-1.0695886602222255f,0.9000401851825819f,1.9016493201013387f,-0.2033744411533128f,-3.506130474482465f,0.4351987899660847f,0f,0f,0f,1f], start_interpolation: 0, interpolation_duration: 1 }
$data merge entity $(bone_group6) { transformation: [-2.208058998430339f,-2.629853402785575f,-1.600946343207475f,1.0430439419344821f,-2.4268291975001866f,1.3968590786161061f,-1.0695886602222255f,0.9641153079070726f,1.7485638408738216f,0.774697227531437f,-3.506130474482465f,0.253373970867402f,0f,0f,0f,1f], start_interpolation: 0, interpolation_duration: 1 }
$data merge entity $(bone_group8) { transformation: [-2.208058998430339f,-2.629853402785575f,-1.600946343207475f,1.0430439419344821f,-2.4268291975001866f,1.3968590786161061f,-1.0695886602222255f,0.9641153079070726f,1.7485638408738216f,0.774697227531437f,-3.506130474482465f,0.253373970867402f,0f,0f,0f,1f], start_interpolation: 0, interpolation_duration: 1 }
$data merge entity $(bone_group9) { transformation: [-2.208058998430339f,-2.629853402785575f,-1.600946343207475f,1.09805130236383f,-2.4268291975001866f,1.3968590786161061f,-1.0695886602222255f,0.8505310869849523f,1.7485638408738216f,0.774697227531437f,-3.506130474482465f,0.2629071477964635f,0f,0f,0f,1f], start_interpolation: 0, interpolation_duration: 1 }
$data merge entity $(bone_group10) { transformation: [-2.208058998430339f,-2.629853402785575f,-1.600946343207475f,1.09805130236383f,-2.4268291975001866f,1.3968590786161061f,-1.0695886602222255f,0.8505310869849523f,1.7485638408738216f,0.774697227531437f,-3.506130474482465f,0.2629071477964635f,0f,0f,0f,1f], start_interpolation: 0, interpolation_duration: 1 }
$data merge entity $(bone_group11) { transformation: [-2.208058998430339f,-2.629853402785575f,-1.600946343207475f,1.1530586627931778f,-2.4268291975001866f,1.3968590786161061f,-1.0695886602222255f,0.7369468660628322f,1.7485638408738216f,0.774697227531437f,-3.506130474482465f,0.27244032472552504f,0f,0f,0f,1f], start_interpolation: 0, interpolation_duration: 1 }
$data merge entity $(bone_group12) { transformation: [-2.208058998430339f,-2.629853402785575f,-1.600946343207475f,1.1530586627931778f,-2.4268291975001866f,1.3968590786161061f,-1.0695886602222255f,0.7369468660628322f,1.7485638408738216f,0.774697227531437f,-3.506130474482465f,0.27244032472552504f,0f,0f,0f,1f], start_interpolation: 0, interpolation_duration: 1 }
$data merge entity $(bone_group13) { transformation: [-2.4171437394130217f,-1.99256130973885f,-0.6403785372829901f,0.8752763394460664f,-1.9331361399906166f,1.9312069439125537f,-0.4278354640888902f,0.9495012527097886f,1.6934275457892807f,0.3206916293831852f,-1.402452189792986f,0.280959355420345f,0f,0f,0f,1f], start_interpolation: 0, interpolation_duration: 1 }
$data merge entity $(bone_group14) { transformation: [-2.4171437394130217f,-1.99256130973885f,-0.6403785372829901f,0.8752763394460664f,-1.9331361399906166f,1.9312069439125537f,-0.4278354640888902f,0.9495012527097886f,1.6934275457892807f,0.3206916293831852f,-1.402452189792986f,0.280959355420345f,0f,0f,0f,1f], start_interpolation: 0, interpolation_duration: 1 }
$data merge entity $(bone_group15) { transformation: [-2.327928850549621f,-2.0960991619745686f,-0.6403785372829901f,0.9372980331100937f,-2.0155342865023913f,1.8450466487021902f,-0.4278354640888902f,0.8811905375227752f,1.677827405591625f,0.39425267410637227f,-1.402452189792986f,0.27347844804221016f,0f,0f,0f,1f], start_interpolation: 0, interpolation_duration: 1 }
$data merge entity $(bone_group16) { transformation: [-2.327928850549621f,-2.0960991619745686f,-0.6403785372829901f,0.9372980331100937f,-2.0155342865023913f,1.8450466487021902f,-0.4278354640888902f,0.8811905375227752f,1.677827405591625f,0.39425267410637227f,-1.402452189792986f,0.27347844804221016f,0f,0f,0f,1f], start_interpolation: 0, interpolation_duration: 1 }
$data merge entity $(bone_group17) { transformation: [-2.136383299117706f,-2.2910152398669705f,-0.6403785372829901f,1.051738434292113f,-2.168670981107528f,1.6623603013955774f,-0.4278354640888902f,0.8076925298744606f,1.637081381121414f,0.5389847173899753f,-1.402452189792986f,0.24364490162422464f,0f,0f,0f,1f], start_interpolation: 0, interpolation_duration: 1 }
$data merge entity $(bone_group18) { transformation: [-2.136383299117706f,-2.2910152398669705f,-0.6403785372829901f,1.051738434292113f,-2.168670981107528f,1.6623603013955774f,-0.4278354640888902f,0.8076925298744606f,1.637081381121414f,0.5389847173899753f,-1.402452189792986f,0.24364490162422464f,0f,0f,0f,1f], start_interpolation: 0, interpolation_duration: 1 }
$data merge entity $(bone_group19) { transformation: [-2.136383299117706f,-2.2910152398669705f,-0.6403785372829901f,1.1067457947214607f,-2.168670981107528f,1.6623603013955774f,-0.4278354640888902f,0.6941083089523403f,1.637081381121414f,0.5389847173899753f,-1.402452189792986f,0.25317807855328617f,0f,0f,0f,1f], start_interpolation: 0, interpolation_duration: 1 }
$data merge entity $(bone_group20) { transformation: [-2.136383299117706f,-2.2910152398669705f,-0.6403785372829901f,1.1067457947214607f,-2.168670981107528f,1.6623603013955774f,-0.4278354640888902f,0.6941083089523403f,1.637081381121414f,0.5389847173899753f,-1.402452189792986f,0.25317807855328617f,0f,0f,0f,1f], start_interpolation: 0, interpolation_duration: 1 }
$data merge entity $(bone_bone11) { transformation: [-0.8233932564828327f,-0.07941089067808882f,-0.40023658580186877f,0.4913585730760317f,0.05520000948035586f,1.4424486813620983f,-0.2673971650555564f,1.148197844745842f,0.359132989478779f,-0.4037768097333675f,-0.8765326186206163f,0.33847949734423993f,0f,0f,0f,1f], start_interpolation: 0, interpolation_duration: 1 }
$data merge entity $(bone_3) { transformation: [-0.8067904717720712f,-0.43462605771336604f,-0.40023658580186877f,0.5291361663173904f,-0.3508165490932278f,0.8974555727179871f,-0.2673971650555564f,1.38530859375f,0.4754123300253347f,-0.07532386709381955f,-0.8765326186206163f,0.2488961602743493f,0f,0f,0f,1f], start_interpolation: 0, interpolation_duration: 1 }
$data merge entity $(bone_8) { transformation: [-0.8219896626287242f,0.08251031457698764f,-0.5634936046841373f,0.06925689466684284f,0.10693509357027238f,0.9942114893240841f,-0.010411544510966167f,0.39471460122671187f,0.5593727561247807f,-0.06881542330316129f,-0.826054814900908f,0.5711249993041745f,0f,0f,0f,1f], start_interpolation: 0, interpolation_duration: 1 }
$data merge entity $(bone_7) { transformation: [-0.8219896626287242f,0.019182521011663567f,-0.5691792559634912f,0.08039568609976049f,0.10693509357027238f,0.9868545887573521f,-0.12117304325498575f,0.765625f,0.5593727561247807f,-0.16046822593957544f,-0.8132355551555601f,0.5165864711886444f,0f,0f,0f,1f], start_interpolation: 0, interpolation_duration: 1 }