# This file was generated by Animated Java via MC-Build. It is not recommended to edit this file directly.
$data merge entity $(bone_layer) { transformation: [-0.9380195830003433f,-0.1930332190114808f,-0.28784967998232663f,0.2848019485571012f,-0.14330585727094838f,0.9722351891557561f,-0.1849923464338721f,1.4075231481481483f,0.3155672561906585f,-0.13227589850512028f,-0.9396384376423532f,0.5029867055444824f,0f,0f,0f,1f], start_interpolation: 0, interpolation_duration: 1 }
$data merge entity $(bone_head) { transformation: [-0.9380195830003433f,-0.1930332190114808f,-0.28784967998232663f,0.2848019485571012f,-0.14330585727094838f,0.9722351891557561f,-0.1849923464338721f,1.4075231481481483f,0.3155672561906585f,-0.13227589850512028f,-0.9396384376423532f,0.5029867055444824f,0f,0f,0f,1f], start_interpolation: 0, interpolation_duration: 1 }
$data merge entity $(bone_6) { transformation: [-0.6387969691740714f,-0.14682366087213272f,-0.7552358868473646f,0.37022417987231654f,-0.11440941554542276f,0.9888359480159816f,-0.095467028579974f,0.40666163780382764f,0.7608212127751008f,0.025422047900194145f,-0.6484634158315987f,0.38430603922048767f,0f,0f,0f,1f], start_interpolation: 0, interpolation_duration: 1 }
$data merge entity $(bone_12) { transformation: [-0.6387969691740714f,-0.27573841501222435f,-0.7182664955715021f,0.2668222742427324f,-0.11440941554542276f,0.9572356325231263f,-0.2657262302871231f,0.765625f,0.7608212127751008f,-0.08756866057327108f,-0.643026291746168f,0.351467791505511f,0f,0f,0f,1f], start_interpolation: 0, interpolation_duration: 1 }
$data merge entity $(bone_group3) { transformation: [1.1667354836457657f,-0.06021146596766556f,0.35833209831234336f,-0.9444730976260992f,0.29226821631763045f,0.8257796474893875f,-0.3779167653648117f,1.6820156936608208f,-0.39718011704620315f,0.430782618346468f,0.7745244585462632f,1.1605412900305818f,0f,0f,0f,1f], start_interpolation: 0, interpolation_duration: 1 }
$data merge entity $(bone_group1) { transformation: [1.1667354836457657f,-0.06021146596766556f,0.35833209831234336f,-0.9444730976260992f,0.29226821631763045f,0.8257796474893875f,-0.3779167653648117f,1.6820156936608208f,-0.39718011704620315f,0.430782618346468f,0.7745244585462632f,1.1605412900305818f,0f,0f,0f,1f], start_interpolation: 0, interpolation_duration: 1 }
$data merge entity $(bone_group4) { transformation: [1.1302749997818358f,-0.058329857656176015f,0.34713422024008267f,-0.9444730976260992f,0.28313483455770455f,0.7999740335053442f,-0.3661068664471614f,1.6820156936608208f,-0.3847682383885094f,0.4173206615231409f,0.7503205692166925f,1.1605412900305818f,0f,0f,0f,1f], start_interpolation: 0, interpolation_duration: 1 }
$data merge entity $(bone_group2) { transformation: [1.1302749997818358f,-0.058329857656176015f,0.34713422024008267f,-0.9444730976260992f,0.28313483455770455f,0.7999740335053442f,-0.3661068664471614f,1.6820156936608208f,-0.3847682383885094f,0.4173206615231409f,0.7503205692166925f,1.1605412900305818f,0f,0f,0f,1f], start_interpolation: 0, interpolation_duration: 1 }
$data merge entity $(bone_10) { transformation: [-0.7459497558062458f,0.22373734544932153f,-0.6272962315078047f,0.205724790613214f,0f,0.9418830888228887f,0.3359408385258548f,1.070662597621379f,0.6660022235793228f,0.25059498646370687f,-0.7025974601054663f,0.4613388165794526f,0f,0f,0f,1f], start_interpolation: 0, interpolation_duration: 1 }
$data merge entity $(bone_9) { transformation: [-0.7459497558062458f,0.20392309377690138f,-0.63401445853944f,0.28231357820836356f,0f,0.9519704831194563f,0.3061898092185777f,1.43114f,0.6660022235793228f,0.22840221341695902f,-0.7101221494177122f,0.5471213941466185f,0f,0f,0f,1f], start_interpolation: 0, interpolation_duration: 1 }
$data merge entity $(bone_bone12) { transformation: [-0.6588702733535434f,1.0206052888195016f,-0.5866116668630633f,0.07987027306147154f,0.9200785041709761f,1.0563372894786065f,0.35752673685224956f,1.885536312269216f,0.9845534566764399f,-0.3041650461355684f,-0.7266783227370419f,0.32037660457618644f,0f,0f,0f,1f], start_interpolation: 0, interpolation_duration: 1 }
$data merge entity $(bone_bone1) { transformation: [0.934250974337487f,0.38574351657129835f,0.3326289210330185f,-0.003028450297521239f,-0.2985192435467577f,-0.6848842676476321f,0.9266972351684241f,1.3930481645103079f,0.195093255090296f,-2.8951917862815186f,-0.174900643862762f,1.9456786356282225f,0f,0f,0f,1f], start_interpolation: 0, interpolation_duration: 1 }
$data merge entity $(bone_2) { transformation: [0.9977200466868479f,-0.06574332999280202f,0.01524870488439251f,-0.06245995215177207f,-0.012891940849719272f,0.036124367225216655f,0.9992641432342627f,1.2997489679280896f,-0.0662458021335775f,-0.9971824530415858f,0.035194446232945306f,1.0687446834377168f,0f,0f,0f,1f], start_interpolation: 0, interpolation_duration: 1 }
$data merge entity $(bone_bone2) { transformation: [1.8927233792468392f,-0.6460486679866301f,0.007404867404712658f,0.19116262938831657f,-0.06721601352516494f,-0.1512323086162734f,0.9965704687020854f,1.301634606999971f,-0.6427131686671819f,-1.8867299508470445f,-0.0824164355551994f,1.1143328452588699f,0f,0f,0f,1f], start_interpolation: 0, interpolation_duration: 1 }
$data merge entity $(bone_1) { transformation: [0.9977200466868479f,-0.06708111789402725f,0.007404867404712658f,-0.08761537136203229f,-0.012891940849719272f,-0.08173798854897929f,0.9965704687020854f,1.2690972222222223f,-0.0662458021335775f,-0.9943937976727599f,-0.0824164355551994f,0.6958470093104318f,0f,0f,0f,1f], start_interpolation: 0, interpolation_duration: 1 }
$data merge entity $(bone_4) { transformation: [-0.8057299481596708f,-0.5875894466492084f,0.0744170197272861f,0.6452555086879155f,-0.351315493819216f,0.37298031817347166f,-0.858756721113597f,1.1099558867800692f,0.47684030287002255f,-0.7180698604186732f,-0.5069506890390153f,0.24433585869939836f,0f,0f,0f,1f], start_interpolation: 0, interpolation_duration: 1 }
$data merge entity $(bone_group5) { transformation: [-3.2229197926386832f,-1.1736952928754587f,-1.6091411688419326f,0.6876649512672759f,-1.405261975276864f,2.4235009417232884f,-1.065114719749291f,0.899236576269697f,1.9073612114800902f,-0.1976930574105361f,-3.50374019192511f,0.4353124787410461f,0f,0f,0f,1f], start_interpolation: 0, interpolation_duration: 1 }
$data merge entity $(bone_group7) { transformation: [-3.2229197926386832f,-1.1736952928754587f,-1.6091411688419326f,0.6876649512672759f,-1.405261975276864f,2.4235009417232884f,-1.065114719749291f,0.899236576269697f,1.9073612114800902f,-0.1976930574105361f,-3.50374019192511f,0.4353124787410461f,0f,0f,0f,1f], start_interpolation: 0, interpolation_duration: 1 }
$data merge entity $(bone_group6) { transformation: [-2.204282768347046f,-2.6279098362517055f,-1.6091411688419326f,1.0426461691785196f,-2.428743040423708f,1.3961823939894464f,-1.065114719749291f,0.9634976683290137f,1.7506697920400893f,0.7824733958707052f,-3.50374019192511f,0.25274747907572664f,0f,0f,0f,1f], start_interpolation: 0, interpolation_duration: 1 }
$data merge entity $(bone_group8) { transformation: [-2.204282768347046f,-2.6279098362517055f,-1.6091411688419326f,1.0426461691785196f,-2.428743040423708f,1.3961823939894464f,-1.065114719749291f,0.9634976683290137f,1.7506697920400893f,0.7824733958707052f,-3.50374019192511f,0.25274747907572664f,0f,0f,0f,1f], start_interpolation: 0, interpolation_duration: 1 }
$data merge entity $(bone_group9) { transformation: [-2.204282768347046f,-2.6279098362517055f,-1.6091411688419326f,1.0976631360320568f,-2.428743040423708f,1.3961823939894464f,-1.065114719749291f,0.8498960616857347f,1.7506697920400893f,0.7824733958707052f,-3.50374019192511f,0.2620143411418455f,0f,0f,0f,1f], start_interpolation: 0, interpolation_duration: 1 }
$data merge entity $(bone_group10) { transformation: [-2.204282768347046f,-2.6279098362517055f,-1.6091411688419326f,1.0976631360320568f,-2.428743040423708f,1.3961823939894464f,-1.065114719749291f,0.8498960616857347f,1.7506697920400893f,0.7824733958707052f,-3.50374019192511f,0.2620143411418455f,0f,0f,0f,1f], start_interpolation: 0, interpolation_duration: 1 }
$data merge entity $(bone_group11) { transformation: [-2.204282768347046f,-2.6279098362517055f,-1.6091411688419326f,1.152680102885594f,-2.428743040423708f,1.3961823939894464f,-1.065114719749291f,0.7362944550424555f,1.7506697920400893f,0.7824733958707052f,-3.50374019192511f,0.2712812032079644f,0f,0f,0f,1f], start_interpolation: 0, interpolation_duration: 1 }
$data merge entity $(bone_group12) { transformation: [-2.204282768347046f,-2.6279098362517055f,-1.6091411688419326f,1.152680102885594f,-2.428743040423708f,1.3961823939894464f,-1.065114719749291f,0.7362944550424555f,1.7506697920400893f,0.7824733958707052f,-3.50374019192511f,0.2712812032079644f,0f,0f,0f,1f], start_interpolation: 0, interpolation_duration: 1 }
$data merge entity $(bone_group13) { transformation: [-2.413440932008809f,-1.9916087015139348f,-0.6436564675367731f,0.8749410429475675f,-1.9349607377373932f,1.9310205450660662f,-0.4260458878997164f,0.9488673362254292f,1.6966218956144914f,0.3276559003397328f,-1.4014960767700442f,0.2807016650476585f,0f,0f,0f,1f], start_interpolation: 0, interpolation_duration: 1 }
$data merge entity $(bone_group14) { transformation: [-2.413440932008809f,-1.9916087015139348f,-0.6436564675367731f,0.8749410429475675f,-1.9349607377373932f,1.9310205450660662f,-0.4260458878997164f,0.9488673362254292f,1.6966218956144914f,0.3276559003397328f,-1.4014960767700442f,0.2807016650476585f,0f,0f,0f,1f], start_interpolation: 0, interpolation_duration: 1 }
$data merge entity $(bone_group15) { transformation: [-2.324271119584752f,-2.094985946231099f,-0.6436564675367731f,0.9369379693207034f,-2.017349017032921f,1.8447808394301994f,-0.4260458878997164f,0.8805593579817441f,1.6807149378710415f,0.40134965220253155f,-1.4014960767700442f,0.27299390933927264f,0f,0f,0f,1f], start_interpolation: 0, interpolation_duration: 1 }
$data merge entity $(bone_group16) { transformation: [-2.324271119584752f,-2.094985946231099f,-0.6436564675367731f,0.9369379693207034f,-2.017349017032921f,1.8447808394301994f,-0.4260458878997164f,0.8805593579817441f,1.6807149378710415f,0.40134965220253155f,-1.4014960767700442f,0.27299390933927264f,0f,0f,0f,1f], start_interpolation: 0, interpolation_duration: 1 }
$data merge entity $(bone_group17) { transformation: [-2.132836510068418f,-2.28958746798648f,-0.6436564675367731f,1.0513013675517198f,-2.1704556392359775f,1.6619373394208417f,-0.4260458878997164f,0.807086044455671f,1.6393393830715028f,0.546306354362363f,-1.4014960767700442f,0.2428063558212979f,0f,0f,0f,1f], start_interpolation: 0, interpolation_duration: 1 }
$data merge entity $(bone_group18) { transformation: [-2.132836510068418f,-2.28958746798648f,-0.6436564675367731f,1.0513013675517198f,-2.1704556392359775f,1.6619373394208417f,-0.4260458878997164f,0.807086044455671f,1.6393393830715028f,0.546306354362363f,-1.4014960767700442f,0.2428063558212979f,0f,0f,0f,1f], start_interpolation: 0, interpolation_duration: 1 }
$data merge entity $(bone_group19) { transformation: [-2.132836510068418f,-2.28958746798648f,-0.6436564675367731f,1.106318334405257f,-2.1704556392359775f,1.6619373394208417f,-0.4260458878997164f,0.693484437812392f,1.6393393830715028f,0.546306354362363f,-1.4014960767700442f,0.25207321788741677f,0f,0f,0f,1f], start_interpolation: 0, interpolation_duration: 1 }
$data merge entity $(bone_group20) { transformation: [-2.132836510068418f,-2.28958746798648f,-0.6436564675367731f,1.106318334405257f,-2.1704556392359775f,1.6619373394208417f,-0.4260458878997164f,0.693484437812392f,1.6393393830715028f,0.546306354362363f,-1.4014960767700442f,0.25207321788741677f,0f,0f,0f,1f], start_interpolation: 0, interpolation_duration: 1 }
$data merge entity $(bone_bone11) { transformation: [-0.8225570818019272f,-0.08018637233744264f,-0.40228529221048315f,0.49117831088914665f,0.05484528079319806f,1.4429517235220513f,-0.26627867993732274f,1.1475333878731389f,0.36109810627059946f,-0.4018214395426188f,-0.8759350479812775f,0.3393507840010551f,0f,0f,0f,1f], start_interpolation: 0, interpolation_duration: 1 }
$data merge entity $(bone_3) { transformation: [-0.8057299481596708f,-0.4347019603242439f,-0.40228529221048315f,0.5287747795982332f,-0.351315493819216f,0.8975929413789957f,-0.26627867993732274f,1.38475f,0.47684030287002255f,-0.07321965089279114f,-0.8759350479812775f,0.2499717450900159f,0f,0f,0f,1f], start_interpolation: 0, interpolation_duration: 1 }
$data merge entity $(bone_8) { transformation: [-0.8210772533810632f,0.08297337792981012f,-0.564754426751244f,0.06976726349962958f,0.10693457477283894f,0.9942216414977583f,-0.009398100640834212f,0.3948058276125727f,0.560711281051453f,-0.06810834113689768f,-0.8252054975393817f,0.573213531048639f,0f,0f,0f,1f], start_interpolation: 0, interpolation_duration: 1 }
$data merge entity $(bone_7) { transformation: [-0.8210772533810632f,0.017910542984528655f,-0.5705360255323135f,0.08033483529117094f,0.10693457477283894f,0.9866385655383277f,-0.12292004600805814f,0.765625f,0.560711281051453f,-0.1619368810446538f,-0.8120217397700433f,0.5179683474003417f,0f,0f,0f,1f], start_interpolation: 0, interpolation_duration: 1 }