# This file was generated by Animated Java via MC-Build. It is not recommended to edit this file directly.
$data merge entity $(bone_layer) { transformation: [-0.9392756601566604f,-0.19408558409038054f,-0.28300533614327045f,0.28487807616963945f,-0.14389425322690955f,0.9714462299402616f,-0.1886442848938774f,1.4078384880829904f,0.3115376030682969f,-0.13646614372491145f,-0.940383599118632f,0.5020493849915064f,0f,0f,0f,1f], start_interpolation: 0, interpolation_duration: 1 }
$data merge entity $(bone_head) { transformation: [-0.9392756601566604f,-0.19408558409038054f,-0.28300533614327045f,0.28487807616963945f,-0.14389425322690955f,0.9714462299402616f,-0.1886442848938774f,1.4078384880829904f,0.3115376030682969f,-0.13646614372491145f,-0.940383599118632f,0.5020493849915064f,0f,0f,0f,1f], start_interpolation: 0, interpolation_duration: 1 }
$data merge entity $(bone_6) { transformation: [-0.6405108550521589f,-0.14327518585328514f,-0.7544654171524753f,0.36916131530774465f,-0.11400156114783917f,0.9892960719842963f,-0.09108746352982658f,0.40620652387584955f,0.7594402469030777f,0.027667726237416354f,-0.649988467827425f,0.38261255530910104f,0f,0f,0f,1f], start_interpolation: 0, interpolation_duration: 1 }
$data merge entity $(bone_12) { transformation: [-0.6405108550521589f,-0.272110058643828f,-0.7181239172630337f,0.2671200433163092f,-0.11400156114783917f,0.9584492696644011f,-0.2614931003595154f,0.765625f,0.7594402469030777f,-0.08562192163592565f,-0.6449181327262893f,0.3505043346956289f,0f,0f,0f,1f], start_interpolation: 0, interpolation_duration: 1 }
$data merge entity $(bone_group3) { transformation: [1.1681216464954522f,-0.06259279767206324f,0.355460610934409f,-0.9468862467724128f,0.29350874554908785f,0.8253439011515757f,-0.37834642221235676f,1.6803601013301666f,-0.39215925300749754f,0.4312779818430257f,0.7756370607341789f,1.1558213852820876f,0f,0f,0f,1f], start_interpolation: 0, interpolation_duration: 1 }
$data merge entity $(bone_group1) { transformation: [1.1681216464954522f,-0.06259279767206324f,0.355460610934409f,-0.9468862467724128f,0.29350874554908785f,0.8253439011515757f,-0.37834642221235676f,1.6803601013301666f,-0.39215925300749754f,0.4312779818430257f,0.7756370607341789f,1.1558213852820876f,0f,0f,0f,1f], start_interpolation: 0, interpolation_duration: 1 }
$data merge entity $(bone_group4) { transformation: [1.1316178450424694f,-0.060636772744811274f,0.34435246684270876f,-0.9468862467724128f,0.2843365972506789f,0.7995519042405891f,-0.3665230965182206f,1.6803601013301666f,-0.37990427635101326f,0.41780054491043117f,0.7513984025862359f,1.1558213852820876f,0f,0f,0f,1f], start_interpolation: 0, interpolation_duration: 1 }
$data merge entity $(bone_group2) { transformation: [1.1316178450424694f,-0.060636772744811274f,0.34435246684270876f,-0.9468862467724128f,0.2843365972506789f,0.7995519042405891f,-0.3665230965182206f,1.6803601013301666f,-0.37990427635101326f,0.41780054491043117f,0.7513984025862359f,1.1558213852820876f,0f,0f,0f,1f], start_interpolation: 0, interpolation_duration: 1 }
$data merge entity $(bone_10) { transformation: [-0.7469230995895103f,0.22408787489026133f,-0.6260115874540702f,0.20613660764626618f,0f,0.9414976165486316f,0.3370196404265572f,1.0704040199399958f,0.6649104325392995f,0.25172775444994633f,-0.70322631800864f,0.4605944455187697f,0f,0f,0f,1f], start_interpolation: 0, interpolation_duration: 1 }
$data merge entity $(bone_9) { transformation: [-0.7469230995895103f,0.2054005866542353f,-0.6323895020489305f,0.28327911864005595f,0f,0.9510897575088855f,0.30891466970943504f,1.4303598828125001f,0.6649104325392995f,0.23073550260804104f,-0.7103909096663724f,0.5472520171281514f,0f,0f,0f,1f], start_interpolation: 0, interpolation_duration: 1 }
$data merge entity $(bone_bone12) { transformation: [-0.6609321834835542f,1.0179659798869276f,-0.5876181347434207f,0.0814191751694307f,0.9165012854432381f,1.0594314035426642f,0.3575412920790566f,1.8843724919261855f,0.9865059769796397f,-0.302242228982761f,-0.7258575288437128f,0.3204938745551197f,0f,0f,0f,1f], start_interpolation: 0, interpolation_duration: 1 }
$data merge entity $(bone_bone1) { transformation: [0.9335774860640151f,0.4042551556167158f,0.33207687643858264f,-0.011410347432604516f,-0.2958215377554554f,-0.6998740660084448f,0.9263178511317921f,1.399538068030536f,0.20229358693342636f,-2.889074948990786f,-0.17793309644181884f,1.9434113939399524f,0f,0f,0f,1f], start_interpolation: 0, interpolation_duration: 1 }
$data merge entity $(bone_2) { transformation: [0.998119471402993f,-0.05983307824974236f,0.013323796507396691f,-0.06542976546455366f,-0.011506581895871677f,0.030613927204805116f,0.9994650499312984f,1.3013921230933283f,-0.06020896427679112f,-0.9977388386788696f,0.029867882624267025f,1.0666564247679082f,0f,0f,0f,1f], start_interpolation: 0, interpolation_duration: 1 }
$data merge entity $(bone_bone2) { transformation: [1.8966467558420743f,-0.6344929443878474f,0.006119376515957977f,0.1879121279905251f,-0.06797281672284552f,-0.16476196853896546f,0.9960212334470997f,1.3040386182480836f,-0.6309602045616655f,-1.8895163924256402f,-0.08890588143409911f,1.1137428462075485f,0f,0f,0f,1f], start_interpolation: 0, interpolation_duration: 1 }
$data merge entity $(bone_1) { transformation: [0.998119471402993f,-0.06099240966928794f,0.006119376515957977f,-0.08830191909053664f,-0.011506581895871677f,-0.0883702500595746f,0.9960212334470997f,1.2682532793209877f,-0.06020896427679112f,-0.9942186001414086f,-0.08890588143409911f,0.69382444971488f,0f,0f,0f,1f], start_interpolation: 0, interpolation_duration: 1 }
$data merge entity $(bone_4) { transformation: [-0.8058485093342707f,-0.5874437981369304f,0.07428299963108115f,0.6461084875280309f,-0.3523328789287193f,0.3748934128915494f,-0.857505959977146f,1.1090907157548686f,0.4758883508025116f,-0.7171922427083155f,-0.5090830625442985f,0.24415840067835826f,0f,0f,0f,1f], start_interpolation: 0, interpolation_duration: 1 }
$data merge entity $(bone_group5) { transformation: [-3.2233940373370826f,-1.1731653195710892f,-1.609039461737174f,0.6884556580669856f,-1.4093315157148771f,2.4242341941225507f,-1.0560367623927633f,0.8978870103990124f,1.9035534032100463f,-0.1917594978160198f,-3.5065336683179806f,0.43461304104107557f,0f,0f,0f,1f], start_interpolation: 0, interpolation_duration: 1 }
$data merge entity $(bone_group7) { transformation: [-3.2233940373370826f,-1.1731653195710892f,-1.609039461737174f,0.6884556580669856f,-1.4093315157148771f,2.4242341941225507f,-1.0560367623927633f,0.8978870103990124f,1.9035534032100463f,-0.1917594978160198f,-3.5065336683179806f,0.43461304104107557f,0f,0f,0f,1f], start_interpolation: 0, interpolation_duration: 1 }
$data merge entity $(bone_group6) { transformation: [-2.2049584629556547f,-2.6276879882559934f,-1.609039461737174f,1.0434674411493792f,-2.4326339920243867f,1.3947826389755869f,-1.0560367623927633f,0.9625280178792953f,1.7444053535482327f,0.7857081050794033f,-3.5065336683179806f,0.2522416996801111f,0f,0f,0f,1f], start_interpolation: 0, interpolation_duration: 1 }
$data merge entity $(bone_group8) { transformation: [-2.2049584629556547f,-2.6276879882559934f,-1.609039461737174f,1.0434674411493792f,-2.4326339920243867f,1.3947826389755869f,-1.0560367623927633f,0.9625280178792953f,1.7444053535482327f,0.7857081050794033f,-3.5065336683179806f,0.2522416996801111f,0f,0f,0f,1f], start_interpolation: 0, interpolation_duration: 1 }
$data merge entity $(bone_group9) { transformation: [-2.2049584629556547f,-2.6276879882559934f,-1.609039461737174f,1.098459565504274f,-2.4326339920243867f,1.3947826389755869f,-1.0560367623927633f,0.8488920400298009f,1.7444053535482327f,0.7857081050794033f,-3.5065336683179806f,0.26123042614023706f,0f,0f,0f,1f], start_interpolation: 0, interpolation_duration: 1 }
$data merge entity $(bone_group10) { transformation: [-2.2049584629556547f,-2.6276879882559934f,-1.609039461737174f,1.098459565504274f,-2.4326339920243867f,1.3947826389755869f,-1.0560367623927633f,0.8488920400298009f,1.7444053535482327f,0.7857081050794033f,-3.5065336683179806f,0.26123042614023706f,0f,0f,0f,1f], start_interpolation: 0, interpolation_duration: 1 }
$data merge entity $(bone_group11) { transformation: [-2.2049584629556547f,-2.6276879882559934f,-1.609039461737174f,1.1534516898591687f,-2.4326339920243867f,1.3947826389755869f,-1.0560367623927633f,0.7352560621803063f,1.7444053535482327f,0.7857081050794033f,-3.5065336683179806f,0.2702191526003629f,0f,0f,0f,1f], start_interpolation: 0, interpolation_duration: 1 }
$data merge entity $(bone_group12) { transformation: [-2.2049584629556547f,-2.6276879882559934f,-1.609039461737174f,1.1534516898591687f,-2.4326339920243867f,1.3947826389755869f,-1.0560367623927633f,0.7352560621803063f,1.7444053535482327f,0.7857081050794033f,-3.5065336683179806f,0.2702191526003629f,0f,0f,0f,1f], start_interpolation: 0, interpolation_duration: 1 }
$data merge entity $(bone_group13) { transformation: [-2.4140073637419146f,-1.991231604308187f,-0.6436157846948696f,0.875756626658442f,-1.9386743017140913f,1.9306184993384943f,-0.42241470495710537f,0.9478634793281192f,1.69156922566961f,0.33228430967611555f,-1.4026134673271924f,0.2801437875378616f,0f,0f,0f,1f], start_interpolation: 0, interpolation_duration: 1 }
$data merge entity $(bone_group14) { transformation: [-2.4140073637419146f,-1.991231604308187f,-0.6436157846948696f,0.875756626658442f,-1.9386743017140913f,1.9306184993384943f,-0.42241470495710537f,0.9478634793281192f,1.69156922566961f,0.33228430967611555f,-1.4026134673271924f,0.2801437875378616f,0f,0f,0f,1f], start_interpolation: 0, interpolation_duration: 1 }
$data merge entity $(bone_group15) { transformation: [-2.3248534609494502f,-2.0946339153435156f,-0.6436157846948696f,0.9377398520177963f,-2.0210415095312424f,1.8442171929754685f,-0.42241470495710537f,0.879561829971566f,1.6754651885686385f,0.4057532619512426f,-1.4026134673271924f,0.2722715109458019f,0f,0f,0f,1f], start_interpolation: 0, interpolation_duration: 1 }
$data merge entity $(bone_group16) { transformation: [-2.3248534609494502f,-2.0946339153435156f,-0.6436157846948696f,0.9377398520177963f,-2.0210415095312424f,1.8442171929754685f,-0.42241470495710537f,0.879561829971566f,1.6754651885686385f,0.4057532619512426f,-1.4026134673271924f,0.2722715109458019f,0f,0f,0f,1f], start_interpolation: 0, interpolation_duration: 1 }
$data merge entity $(bone_group17) { transformation: [-2.1334473169618877f,-2.289287531076878f,-0.6436157846948696f,1.052090552253577f,-2.17408495566014f,1.6610540158847598f,-0.42241470495710537f,0.8061398373206335f,1.6337258107717185f,0.5502356612468041f,-1.4026134673271924f,0.24191148140694388f,0f,0f,0f,1f], start_interpolation: 0, interpolation_duration: 1 }
$data merge entity $(bone_group18) { transformation: [-2.1334473169618877f,-2.289287531076878f,-0.6436157846948696f,1.052090552253577f,-2.17408495566014f,1.6610540158847598f,-0.42241470495710537f,0.8061398373206335f,1.6337258107717185f,0.5502356612468041f,-1.4026134673271924f,0.24191148140694388f,0f,0f,0f,1f], start_interpolation: 0, interpolation_duration: 1 }
$data merge entity $(bone_group19) { transformation: [-2.1334473169618877f,-2.289287531076878f,-0.6436157846948696f,1.1070826766084718f,-2.17408495566014f,1.6610540158847598f,-0.42241470495710537f,0.6925038594711389f,1.6337258107717185f,0.5502356612468041f,-1.4026134673271924f,0.2509002078670698f,0f,0f,0f,1f], start_interpolation: 0, interpolation_duration: 1 }
$data merge entity $(bone_group20) { transformation: [-2.1334473169618877f,-2.289287531076878f,-0.6436157846948696f,1.1070826766084718f,-2.17408495566014f,1.6610540158847598f,-0.42241470495710537f,0.6925038594711389f,1.6337258107717185f,0.5502356612468041f,-1.4026134673271924f,0.2509002078670698f,0f,0f,0f,1f], start_interpolation: 0, interpolation_duration: 1 }
$data merge entity $(bone_bone11) { transformation: [-0.822579130627242f,-0.07984436930967953f,-0.4022598654342935f,0.492030371809821f,0.054118718435553714f,1.4439658675669749f,-0.26400919059819083f,1.1464637890354827f,0.3611574977366855f,-0.398230398125373f,-0.8766334170794952f,0.3392524338785953f,0f,0f,0f,1f], start_interpolation: 0, interpolation_duration: 1 }
$data merge entity $(bone_3) { transformation: [-0.8058485093342707f,-0.4345056739152182f,-0.4022598654342935f,0.5296852363792721f,-0.3523328789287193f,0.8978645163416854f,-0.26400919059819083f,1.38389453125f,0.4758883508025116f,-0.07102203622815548f,-0.8766334170794952f,0.2504685279568588f,0f,0f,0f,1f], start_interpolation: 0, interpolation_duration: 1 }
$data merge entity $(bone_8) { transformation: [-0.8218996731183759f,0.08423729553666645f,-0.5633693330032928f,0.07071982415721417f,0.10693404837828996f,0.9942389971954865f,-0.007343415631893918f,0.3949969842572558f,0.5595051712230517f,-0.06627891441764504f,-0.8261725418326865f,0.573363128237694f,0f,0f,0f,1f], start_interpolation: 0, interpolation_duration: 1 }
$data merge entity $(bone_7) { transformation: [-0.8218996731183759f,0.016096406046650233f,-0.5694048059511687f,0.08038926841893158f,0.10693404837828996f,0.9861893396058922f,-0.12647409120101932f,0.765625f,0.5595051712230517f,-0.16483777528247454f,-0.8122699497178189f,0.5167319428304538f,0f,0f,0f,1f], start_interpolation: 0, interpolation_duration: 1 }