# This file was generated by Animated Java via MC-Build. It is not recommended to edit this file directly.
$data merge entity $(bone_layer) { transformation: [-0.9413054664714178f,-0.19396902678843186f,-0.27626081053557944f,0.2850873620745416f,-0.14410545952930634f,0.9710032429341271f,-0.190751982283949f,1.408136145404664f,0.3052501192872398f,-0.1397451926119719f,-0.9419626562751672f,0.4994571601580049f,0f,0f,0f,1f], start_interpolation: 0, interpolation_duration: 1 }
$data merge entity $(bone_head) { transformation: [-0.9413054664714178f,-0.19396902678843186f,-0.27626081053557944f,0.2850873620745416f,-0.14410545952930634f,0.9710032429341271f,-0.190751982283949f,1.408136145404664f,0.3052501192872398f,-0.1397451926119719f,-0.9419626562751672f,0.4994571601580049f,0f,0f,0f,1f], start_interpolation: 0, interpolation_duration: 1 }
$data merge entity $(bone_6) { transformation: [-0.6444251092911362f,-0.13833846503082692f,-0.7520496975652753f,0.3680031185844519f,-0.11342531552576851f,0.9899124837777148f,-0.08489977773183746f,0.40557595107234845f,0.7562082889740016f,0.030589925693767547f,-0.653615544592586f,0.3791067703236011f,0f,0f,0f,1f], start_interpolation: 0, interpolation_duration: 1 }
$data merge entity $(bone_12) { transformation: [-0.6444251092911362f,-0.26682885239934273f,-0.716602150458926f,0.26794229893469834f,-0.11342531552576851f,0.9601307971404042f,-0.2555064581970717f,0.765625f,0.7562082889740016f,-0.08337395222599116f,-0.6489975406557648f,0.34784153823885444f,0f,0f,0f,1f], start_interpolation: 0, interpolation_duration: 1 }
$data merge entity $(bone_group3) { transformation: [1.1708074139195095f,-0.06680659880750225f,0.34985190417149137f,-0.9514402740935763f,0.2952411031273512f,0.8247267321256533f,-0.37895993620754354f,1.6780425003085584f,-0.38273637791526927f,0.431826130270304f,0.7778843892303453f,1.1454181805473995f,0f,0f,0f,1f], start_interpolation: 0, interpolation_duration: 1 }
$data merge entity $(bone_group1) { transformation: [1.1708074139195095f,-0.06680659880750225f,0.34985190417149137f,-0.9514402740935763f,0.2952411031273512f,0.8247267321256533f,-0.37895993620754354f,1.6780425003085584f,-0.38273637791526927f,0.431826130270304f,0.7778843892303453f,1.1454181805473995f,0f,0f,0f,1f], start_interpolation: 0, interpolation_duration: 1 }
$data merge entity $(bone_group4) { transformation: [1.134219682234525f,-0.06471889259476782f,0.3389190321661323f,-0.9514402740935763f,0.2860148186546215f,0.7989540217467267f,-0.3671174382010578f,1.6780425003085584f,-0.37077586610541713f,0.41833156369935703f,0.7535755020668972f,1.1454181805473995f,0f,0f,0f,1f], start_interpolation: 0, interpolation_duration: 1 }
$data merge entity $(bone_group2) { transformation: [1.134219682234525f,-0.06471889259476782f,0.3389190321661323f,-0.9514402740935763f,0.2860148186546215f,0.7989540217467267f,-0.3671174382010578f,1.6780425003085584f,-0.37077586610541713f,0.41833156369935703f,0.7535755020668972f,1.1454181805473995f,0f,0f,0f,1f], start_interpolation: 0, interpolation_duration: 1 }
$data merge entity $(bone_10) { transformation: [-0.7496057864228735f,0.22407632224939716f,-0.6228009045983555f,0.20690276636086502f,0f,0.9409509548381869f,0.3385429080472731f,1.0700436568493794f,0.6618845556147578f,0.2537737228246627f,-0.7053422804868329f,0.45812423416051706f,0f,0f,0f,1f], start_interpolation: 0, interpolation_duration: 1 }
$data merge entity $(bone_9) { transformation: [-0.7496057864228735f,0.20701085036083583f,-0.6286793083872166f,0.28464715663716744f,0f,0.9498322676577637f,0.3127597533508911f,1.4292578125f,0.6618845556147578f,0.23444652087201867f,-0.7119997639674193f,0.5461722847135417f,0f,0f,0f,1f], start_interpolation: 0, interpolation_duration: 1 }
$data merge entity $(bone_bone12) { transformation: [-0.6658255268866523f,1.014807625640114f,-0.58759088212001f,0.08405422385762856f,0.9114337582318542f,1.0637968524097545f,0.3575377283330202f,1.882731046434241f,0.98790934407033f,-0.297492419644221f,-0.7258813457224893f,0.31899426423923505f,0f,0f,0f,1f], start_interpolation: 0, interpolation_duration: 1 }
$data merge entity $(bone_bone1) { transformation: [0.93252447920054f,0.42450784531711244f,0.3322274907499505f,-0.020839572829639497f,-0.2936309437280529f,-0.7151386271838229f,0.9257192137214776f,1.4043793834247615f,0.2101879268110673f,-2.8824242979085954f,-0.1807452122101193f,1.938881070900592f,0f,0f,0f,1f], start_interpolation: 0, interpolation_duration: 1 }
$data merge entity $(bone_2) { transformation: [0.998514820672281f,-0.05314209049000951f,0.01200296280733015f,-0.06883927235931409f,-0.010679884720327881f,0.025111354165252037f,0.9996276106402563f,1.301398366989325f,-0.0534237115910437f,-0.9982711746366009f,0.024506507900924124f,1.0623304796059507f,0f,0f,0f,1f], start_interpolation: 0, interpolation_duration: 1 }
$data merge entity $(bone_bone2) { transformation: [1.9009429562495717f,-0.6215143307444488f,0.00582695813481841f,0.18417494851950467f,-0.06708335048044041f,-0.16783066054971604f,0.9959082153325883f,1.3043369713774227f,-0.6179932857025698f,-1.893555598882358f,-0.09018244392316055f,1.1111302607256912f,0f,0f,0f,1f], start_interpolation: 0, interpolation_duration: 1 }
$data merge entity $(bone_1) { transformation: [0.998514820672281f,-0.054168251371976034f,0.00582695813481841f,-0.0891523666238051f,-0.010679884720327881f,-0.08973720909087496f,0.9959082153325883f,1.2677469135802468f,-0.0534237115910437f,-0.9944913442800208f,-0.09018244392316055f,0.6893962255009429f,0f,0f,0f,1f], start_interpolation: 0, interpolation_duration: 1 }
$data merge entity $(bone_4) { transformation: [-0.8069475605525104f,-0.5858276002788891f,0.07511096637529441f,0.6480021065051758f,-0.35377110605564044f,0.3775854215436231f,-0.8557308303186774f,1.107998774956633f,0.47294993290888765f,-0.7171019956667268f,-0.5119405129234021f,0.24345480253498253f,0f,0f,0f,1f], start_interpolation: 0, interpolation_duration: 1 }
$data merge entity $(bone_group5) { transformation: [-3.2277902422100415f,-1.1720728654580501f,-1.6019583171269898f,0.689888729185181f,-1.4150844242225618f,2.425234710431849f,-1.0432238439175634f,0.8961139081555026f,1.8917997316355506f,-0.1856927499217491f,-3.513604070135041f,0.43325356993224673f,0f,0f,0f,1f], start_interpolation: 0, interpolation_duration: 1 }
$data merge entity $(bone_group7) { transformation: [-3.2277902422100415f,-1.1720728654580501f,-1.6019583171269898f,0.689888729185181f,-1.4150844242225618f,2.425234710431849f,-1.0432238439175634f,0.8961139081555026f,1.8917997316355506f,-0.1856927499217491f,-3.513604070135041f,0.43325356993224673f,0f,0f,0f,1f], start_interpolation: 0, interpolation_duration: 1 }
$data merge entity $(bone_group6) { transformation: [-2.2093119151123974f,-2.6289399976781125f,-1.6019583171269898f,1.04530166165783f,-2.4381164150923382f,1.3927726572624977f,-1.0432238439175634f,0.9612930949297863f,1.7311930014298451f,0.7850852270869496f,-3.513604070135041f,0.25185772332092204f,0f,0f,0f,1f], start_interpolation: 0, interpolation_duration: 1 }
$data merge entity $(bone_group8) { transformation: [-2.2093119151123974f,-2.6289399976781125f,-1.6019583171269898f,1.04530166165783f,-2.4381164150923382f,1.3927726572624977f,-1.0432238439175634f,0.9612930949297863f,1.7311930014298451f,0.7850852270869496f,-3.513604070135041f,0.25185772332092204f,0f,0f,0f,1f], start_interpolation: 0, interpolation_duration: 1 }
$data merge entity $(bone_group9) { transformation: [-2.2093119151123974f,-2.6289399976781125f,-1.6019583171269898f,1.1002425772261761f,-2.4381164150923382f,1.3927726572624977f,-1.0432238439175634f,0.8476102178782933f,1.7311930014298451f,0.7850852270869496f,-3.513604070135041f,0.26056207097350403f,0f,0f,0f,1f], start_interpolation: 0, interpolation_duration: 1 }
$data merge entity $(bone_group10) { transformation: [-2.2093119151123974f,-2.6289399976781125f,-1.6019583171269898f,1.1002425772261761f,-2.4381164150923382f,1.3927726572624977f,-1.0432238439175634f,0.8476102178782933f,1.7311930014298451f,0.7850852270869496f,-3.513604070135041f,0.26056207097350403f,0f,0f,0f,1f], start_interpolation: 0, interpolation_duration: 1 }
$data merge entity $(bone_group11) { transformation: [-2.2093119151123974f,-2.6289399976781125f,-1.6019583171269898f,1.1551834927945221f,-2.4381164150923382f,1.3927726572624977f,-1.0432238439175634f,0.7339273408268004f,1.7311930014298451f,0.7850852270869496f,-3.513604070135041f,0.269266418626086f,0f,0f,0f,1f], start_interpolation: 0, interpolation_duration: 1 }
$data merge entity $(bone_group12) { transformation: [-2.2093119151123974f,-2.6289399976781125f,-1.6019583171269898f,1.1551834927945221f,-2.4381164150923382f,1.3927726572624977f,-1.0432238439175634f,0.7339273408268004f,1.7311930014298451f,0.7850852270869496f,-3.513604070135041f,0.269266418626086f,0f,0f,0f,1f], start_interpolation: 0, interpolation_duration: 1 }
$data merge entity $(bone_group13) { transformation: [-2.4181093326250704f,-1.991379480173664f,-0.640783326850796f,0.8775283764136861f,-1.9439131444946902f,1.9300157690451214f,-0.41728953756702536f,0.946579193742979f,1.679656211160961f,0.3348893124916701f,-1.4054416280540165f,0.27935532985687594f,0f,0f,0f,1f], start_interpolation: 0, interpolation_duration: 1 }
$data merge entity $(bone_group14) { transformation: [-2.4181093326250704f,-1.991379480173664f,-0.640783326850796f,0.8775283764136861f,-1.9439131444946902f,1.9300157690451214f,-0.41728953756702536f,0.946579193742979f,1.679656211160961f,0.3348893124916701f,-1.4054416280540165f,0.27935532985687594f,0f,0f,0f,1f], start_interpolation: 0, interpolation_duration: 1 }
$data merge entity $(bone_group15) { transformation: [-2.328945075412493f,-2.0949605758336105f,-0.640783326850796f,0.9395086832520083f,-2.026249075368203f,1.843386521235188f,-0.41728953756702536f,0.8782876620442859f,1.6634498839831942f,0.4078361469867965f,-1.4054416280540165f,0.27137306626878577f,0f,0f,0f,1f], start_interpolation: 0, interpolation_duration: 1 }
$data merge entity $(bone_group16) { transformation: [-2.328945075412493f,-2.0949605758336105f,-0.640783326850796f,0.9395086832520083f,-2.026249075368203f,1.843386521235188f,-0.41728953756702536f,0.8782876620442859f,1.6634498839831942f,0.4078361469867965f,-1.4054416280540165f,0.27137306626878577f,0f,0f,0f,1f], start_interpolation: 0, interpolation_duration: 1 }
$data merge entity $(bone_group17) { transformation: [-2.137494891258966f,-2.28996955622275f,-0.640783326850796f,1.0539022036364043f,-2.1792003073243804f,1.6597726358328098f,-0.41728953756702536f,0.8049397338369015f,1.6215746926554098f,0.5512634174804738f,-1.4054416280540165f,0.24099532829183157f,0f,0f,0f,1f], start_interpolation: 0, interpolation_duration: 1 }
$data merge entity $(bone_group18) { transformation: [-2.137494891258966f,-2.28996955622275f,-0.640783326850796f,1.0539022036364043f,-2.1792003073243804f,1.6597726358328098f,-0.41728953756702536f,0.8049397338369015f,1.6215746926554098f,0.5512634174804738f,-1.4054416280540165f,0.24099532829183157f,0f,0f,0f,1f], start_interpolation: 0, interpolation_duration: 1 }
$data merge entity $(bone_group19) { transformation: [-2.137494891258966f,-2.28996955622275f,-0.640783326850796f,1.1088431192047503f,-2.1792003073243804f,1.6597726358328098f,-0.41728953756702536f,0.6912568567854085f,1.6215746926554098f,0.5512634174804738f,-1.4054416280540165f,0.24969967594441356f,0f,0f,0f,1f], start_interpolation: 0, interpolation_duration: 1 }
$data merge entity $(bone_group20) { transformation: [-2.137494891258966f,-2.28996955622275f,-0.640783326850796f,1.1088431192047503f,-2.1792003073243804f,1.6597726358328098f,-0.41728953756702536f,0.6912568567854085f,1.6215746926554098f,0.5512634174804738f,-1.4054416280540165f,0.24969967594441356f,0f,0f,0f,1f], start_interpolation: 0, interpolation_duration: 1 }
$data merge entity $(bone_bone11) { transformation: [-0.8233217044175125f,-0.07859759526453958f,-0.40048957928174744f,0.49373487502632946f,0.053086535123189615f,1.445381363429623f,-0.26080596097939085f,1.1450817644727065f,0.35961533730314743f,-0.39331302072135205f,-0.8784010175337602f,0.33835559642208773f,0f,0f,0f,1f], start_interpolation: 0, interpolation_duration: 1 }
$data merge entity $(bone_3) { transformation: [-0.8069475605525104f,-0.4341010612807593f,-0.40048957928174744f,0.531643653290005f,-0.35377110605564044f,0.8982350779377218f,-0.26080596097939085f,1.3828125f,0.47294993290888765f,-0.06877509256361078f,-0.8784010175337602f,0.2504872287280906f,0f,0f,0f,1f], start_interpolation: 0, interpolation_duration: 1 }
$data merge entity $(bone_8) { transformation: [-0.8241586426620289f,0.0861380240199479f,-0.5597702855131034f,0.07201814886211383f,0.1069335229304003f,0.9942562464768586f,-0.004442748635900162f,0.3952797980090965f,0.5561724133748237f,-0.06351973834712422f,-0.8286359209213279f,0.5718885011941389f,0f,0f,0f,1f], start_interpolation: 0, interpolation_duration: 1 }
$data merge entity $(bone_7) { transformation: [-0.8241586426620289f,0.013880507782570342f,-0.5661888935939845f,0.08054085232897996f,0.1069335229304003f,0.9855326101330332f,-0.1314940912667352f,0.765625f,0.5561724133748237f,-0.16891656481253975f,-0.8137195098636602f,0.5133126771425439f,0f,0f,0f,1f], start_interpolation: 0, interpolation_duration: 1 }