# This file was generated by Animated Java via MC-Build. It is not recommended to edit this file directly.
$data merge entity $(bone_layer) { transformation: [-0.9438610074882181f,-0.1928132553660336f,-0.268233940988978f,0.28540022686900657f,-0.14396398419833187f,0.97090971443729f,-0.1913339950584904f,1.4083984375f,0.2973226694974137f,-0.14197667050065899f,-0.9441619856976233f,0.4955389795145416f,0f,0f,0f,1f], start_interpolation: 0, interpolation_duration: 1 }
$data merge entity $(bone_head) { transformation: [-0.9438610074882181f,-0.1928132553660336f,-0.268233940988978f,0.28540022686900657f,-0.14396398419833187f,0.97090971443729f,-0.1913339950584904f,1.4083984375f,0.2973226694974137f,-0.14197667050065899f,-0.9441619856976233f,0.4955389795145416f,0f,0f,0f,1f], start_interpolation: 0, interpolation_duration: 1 }
$data merge entity $(bone_6) { transformation: [-0.6500665873356458f,-0.13237193278170828f,-0.7482587142435575f,0.3667921681282651f,-0.11271924041519611f,0.9906140381016638f,-0.07731882278033272f,0.4048232078912154f,0.7514704284734085f,0.0340807706419646f,-0.6588859508309776f,0.37414070295758367f,0f,0f,0f,1f], start_interpolation: 0, interpolation_duration: 1 }
$data merge entity $(bone_12) { transformation: [-0.6500665873356458f,-0.2602946678364313f,-0.7139048381442088f,0.26918166768960333f,-0.11271924041519611f,0.9621381122900923f,-0.24816249861548162f,0.765625f,0.7514704284734085f,-0.08085133749530435f,-0.6547940564446291f,0.34382145139684456f,0f,0f,0f,1f], start_interpolation: 0, interpolation_duration: 1 }
$data merge entity $(bone_group3) { transformation: [1.174430131848499f,-0.07246214324852082f,0.34204656814316337f,-0.9576065884275963f,0.297329906993496f,0.8239676423498332f,-0.3797237324251821f,1.67523827876136f,-0.3698016174356197f,0.4323628953407069f,0.7809770440708765f,1.1304394609512112f,0f,0f,0f,1f], start_interpolation: 0, interpolation_duration: 1 }
$data merge entity $(bone_group1) { transformation: [1.174430131848499f,-0.07246214324852082f,0.34204656814316337f,-0.9576065884275963f,0.297329906993496f,0.8239676423498332f,-0.3797237324251821f,1.67523827876136f,-0.3698016174356197f,0.4323628953407069f,0.7809770440708765f,1.1304394609512112f,0f,0f,0f,1f], start_interpolation: 0, interpolation_duration: 1 }
$data merge entity $(bone_group4) { transformation: [1.1377291902282336f,-0.07019770127200456f,0.3313576128886896f,-0.9576065884275963f,0.28803834739994927f,0.7982186535264011f,-0.36785736578689515f,1.67523827876136f,-0.3582453168907566f,0.4188515548613098f,0.7565715114436617f,1.1304394609512112f,0f,0f,0f,1f], start_interpolation: 0, interpolation_duration: 1 }
$data merge entity $(bone_group2) { transformation: [1.1377291902282336f,-0.07019770127200456f,0.3313576128886896f,-0.9576065884275963f,0.28803834739994927f,0.7982186535264011f,-0.36785736578689515f,1.67523827876136f,-0.3582453168907566f,0.4188515548613098f,0.7565715114436617f,1.1304394609512112f,0f,0f,0f,1f], start_interpolation: 0, interpolation_duration: 1 }
$data merge entity $(bone_10) { transformation: [-0.7536350963335022f,0.22374733266041505f,-0.6180382453390262f,0.20794587204858894f,0f,0.9402780904575346f,0.3404072746072452f,1.0696101491837546f,0.6572930408686773f,0.25654286919125613f,-0.7086265692822455f,0.45427531404093496f,0f,0f,0f,1f], start_interpolation: 0, interpolation_duration: 1 }
$data merge entity $(bone_9) { transformation: [-0.7536350963335022f,0.20866551147414072f,-0.6232919427488438f,0.28630625956953526f,0f,0.9482710206776299f,0.3174619210913427f,1.4279080859375f,0.6572930408686773f,0.23925044548389274f,-0.7146503220186541f,0.5441212952489998f,0f,0f,0f,1f], start_interpolation: 0, interpolation_duration: 1 }
$data merge entity $(bone_bone12) { transformation: [-0.6730134329260065f,1.0112236120160087f,-0.5866968649812833f,0.08752022596164444f,0.9052055345321968f,1.0691336914500287f,0.357495044291193f,1.8807251037093695f,0.9887648149855617f,-0.29048228226129597f,-0.7266251316382966f,0.3161984019990634f,0f,0f,0f,1f], start_interpolation: 0, interpolation_duration: 1 }
$data merge entity $(bone_bone1) { transformation: [0.9311874116252963f,0.4449742165433098f,0.333001165578023f,-0.030580344507744515f,-0.29203327417242975f,-0.7296756931020555f,0.9249638121378474f,1.4074282374625235f,0.2181893013112961f,-2.875686236276083f,-0.18317251420204747f,1.9325871341251857f,0f,0f,0f,1f], start_interpolation: 0, interpolation_duration: 1 }
$data merge entity $(bone_2) { transformation: [0.9988684531307975f,-0.04619204633749275f,0.011318489088333312f,-0.07241319618909234f,-0.010405076353045668f,0.01996701461895016f,0.9997464942240579f,1.2999310634760977f,-0.046406332824034724f,-0.9987330039516876f,0.019463789237025714f,1.0562627820128307f,0f,0f,0f,1f], start_interpolation: 0, interpolation_duration: 1 }
$data merge entity $(bone_bone2) { transformation: [1.905268063224462f,-0.6081054735635488f,0.006350989666186855f,0.18024970213219116f,-0.06476003270860203f,-0.16128347657699327f,0.99621706700232f,1.3027219508005192f,-0.6047807416084682f,-1.8984718520971786f,-0.0866672968515528f,1.106858441508791f,0f,0f,0f,1f], start_interpolation: 0, interpolation_duration: 1 }
$data merge entity $(bone_1) { transformation: [0.9988684531307975f,-0.047132560617345894f,0.006350989666186855f,-0.09008790642059705f,-0.010405076353045668f,-0.0862745026029271f,0.99621706700232f,1.267578125f,-0.046406332824034724f,-0.9951558832315015f,-0.0866672968515528f,0.6830793258010177f,0f,0f,0f,1f], start_interpolation: 0, interpolation_duration: 1 }
$data merge entity $(bone_4) { transformation: [-0.8088173614970384f,-0.5830308257301213f,0.0767432862823969f,0.650712194537612f,-0.3555325498681179f,0.3808668997709348f,-0.8535437953867107f,1.1067541576134412f,0.46841336629652575f,-0.7176457767640868f,-0.5153381970778287f,0.24235087526247948f,0f,0f,0f,1f], start_interpolation: 0, interpolation_duration: 1 }
$data merge entity $(bone_group5) { transformation: [-3.2352694459881537f,-1.1705951488894732f,-1.5891915626747082f,0.6918234739552224f,-1.4221301994724715f,2.426406314923315f,-1.0275456154476919f,0.8940399159669091f,1.873653465186103f,-0.17960899837339003f,-3.5240062691910383f,0.43138995098434846f,0f,0f,0f,1f], start_interpolation: 0, interpolation_duration: 1 }
$data merge entity $(bone_group7) { transformation: [-3.2352694459881537f,-1.1705951488894732f,-1.5891915626747082f,0.6918234739552224f,-1.4221301994724715f,2.426406314923315f,-1.0275456154476919f,0.8940399159669091f,1.873653465186103f,-0.17960899837339003f,-3.5240062691910383f,0.43138995098434846f,0f,0f,0f,1f], start_interpolation: 0, interpolation_duration: 1 }
$data merge entity $(bone_group6) { transformation: [-2.216527953868612f,-2.631399859479188f,-1.5891915626747082f,1.0479306215457376f,-2.444804037693849f,1.39026440889034f,-1.0275456154476919f,0.9598798864123905f,1.7124359979266026f,0.7812807772534177f,-3.5240062691910383f,0.2516013811255026f,0f,0f,0f,1f], start_interpolation: 0, interpolation_duration: 1 }
$data merge entity $(bone_group8) { transformation: [-2.216527953868612f,-2.631399859479188f,-1.5891915626747082f,1.0479306215457376f,-2.444804037693849f,1.39026440889034f,-1.0275456154476919f,0.9598798864123905f,1.7124359979266026f,0.7812807772534177f,-3.5240062691910383f,0.2516013811255026f,0f,0f,0f,1f], start_interpolation: 0, interpolation_duration: 1 }
$data merge entity $(bone_group9) { transformation: [-2.216527953868612f,-2.631399859479188f,-1.5891915626747082f,1.1028022691499317f,-2.444804037693849f,1.39026440889034f,-1.0275456154476919f,0.8461420904003603f,1.7124359979266026f,0.7812807772534177f,-3.5240062691910383f,0.26002055292425524f,0f,0f,0f,1f], start_interpolation: 0, interpolation_duration: 1 }
$data merge entity $(bone_group10) { transformation: [-2.216527953868612f,-2.631399859479188f,-1.5891915626747082f,1.1028022691499317f,-2.444804037693849f,1.39026440889034f,-1.0275456154476919f,0.8461420904003603f,1.7124359979266026f,0.7812807772534177f,-3.5240062691910383f,0.26002055292425524f,0f,0f,0f,1f], start_interpolation: 0, interpolation_duration: 1 }
$data merge entity $(bone_group11) { transformation: [-2.216527953868612f,-2.631399859479188f,-1.5891915626747082f,1.1576739167541257f,-2.444804037693849f,1.39026440889034f,-1.0275456154476919f,0.7324042943883298f,1.7124359979266026f,0.7812807772534177f,-3.5240062691910383f,0.2684397247230079f,0f,0f,0f,1f], start_interpolation: 0, interpolation_duration: 1 }
$data merge entity $(bone_group12) { transformation: [-2.216527953868612f,-2.631399859479188f,-1.5891915626747082f,1.1576739167541257f,-2.444804037693849f,1.39026440889034f,-1.0275456154476919f,0.7324042943883298f,1.7124359979266026f,0.7812807772534177f,-3.5240062691910383f,0.2684397247230079f,0f,0f,0f,1f], start_interpolation: 0, interpolation_duration: 1 }
$data merge entity $(bone_group13) { transformation: [-2.424973429646422f,-1.991994292790388f,-0.6356766250698833f,0.8800513472669114f,-1.9503131605183004f,1.9292263131765195f,-0.4110182461790768f,0.9451042137748638f,1.6622510300725573f,0.33578047066285205f,-1.4096025076764154f,0.2784103583659239f,0f,0f,0f,1f], start_interpolation: 0, interpolation_duration: 1 }
$data merge entity $(bone_group14) { transformation: [-2.424973429646422f,-1.991994292790388f,-0.6356766250698833f,0.8800513472669114f,-1.9503131605183004f,1.9292263131765195f,-0.4110182461790768f,0.9451042137748638f,1.6622510300725573f,0.33578047066285205f,-1.4096025076764154f,0.2784103583659239f,0f,0f,0f,1f], start_interpolation: 0, interpolation_duration: 1 }
$data merge entity $(bone_group15) { transformation: [-2.335775821584754f,-2.095874210991842f,-0.6356766250698833f,0.9420390595887573f,-2.032608564413346f,1.8423186519755654f,-0.4110182461790768f,0.8768268196973181f,1.6460223969970418f,0.40796725363680514f,-1.4096025076764154f,0.2703649094288207f,0f,0f,0f,1f], start_interpolation: 0, interpolation_duration: 1 }
$data merge entity $(bone_group16) { transformation: [-2.335775821584754f,-2.095874210991842f,-0.6356766250698833f,0.9420390595887573f,-2.032608564413346f,1.8423186519755654f,-0.4110182461790768f,0.8768268196973181f,1.6460223969970418f,0.40796725363680514f,-1.4096025076764154f,0.2703649094288207f,0f,0f,0f,1f], start_interpolation: 0, interpolation_duration: 1 }
$data merge entity $(bone_group17) { transformation: [-2.1442200158289664f,-2.2914750534795347f,-0.6356766250698833f,1.0565214329135602f,-2.1854425256552443f,1.6581545641468933f,-0.4110182461790768f,0.8035718596318482f,1.6042020958212813f,0.5498751196575937f,-1.4096025076764154f,0.2400977644267863f,0f,0f,0f,1f], start_interpolation: 0, interpolation_duration: 1 }
$data merge entity $(bone_group18) { transformation: [-2.1442200158289664f,-2.2914750534795347f,-0.6356766250698833f,1.0565214329135602f,-2.1854425256552443f,1.6581545641468933f,-0.4110182461790768f,0.8035718596318482f,1.6042020958212813f,0.5498751196575937f,-1.4096025076764154f,0.2400977644267863f,0f,0f,0f,1f], start_interpolation: 0, interpolation_duration: 1 }
$data merge entity $(bone_group19) { transformation: [-2.1442200158289664f,-2.2914750534795347f,-0.6356766250698833f,1.1113930805177543f,-2.1854425256552443f,1.6581545641468933f,-0.4110182461790768f,0.6898340636198179f,1.6042020958212813f,0.5498751196575937f,-1.4096025076764154f,0.24851693622553891f,0f,0f,0f,1f], start_interpolation: 0, interpolation_duration: 1 }
$data merge entity $(bone_group20) { transformation: [-2.1442200158289664f,-2.2914750534795347f,-0.6356766250698833f,1.1113930805177543f,-2.1854425256552443f,1.6581545641468933f,-0.4110182461790768f,0.6898340636198179f,1.6042020958212813f,0.5498751196575937f,-1.4096025076764154f,0.24851693622553891f,0f,0f,0f,1f], start_interpolation: 0, interpolation_duration: 1 }
$data merge entity $(bone_bone11) { transformation: [-0.8246386880556041f,-0.07666824054199861f,-0.39729789066867705f,0.4961043759951003f,0.05181481305509167f,1.4470878988428661f,-0.25688640386192296f,1.1434801160854033f,0.356771999055416f,-0.3873739716536633f,-0.8810015672977596f,0.336835339169735f,0f,0f,0f,1f], start_interpolation: 0, interpolation_duration: 1 }
$data merge entity $(bone_3) { transformation: [-0.8088173614970384f,-0.433553758847953f,-0.39729789066867705f,0.5344164814630221f,-0.3555325498681179f,0.8986690055271537f,-0.25688640386192296f,1.38157421875f,0.46841336629652575f,-0.06652185124940371f,-0.8810015672977596f,0.25013349965086773f,0f,0f,0f,1f], start_interpolation: 0, interpolation_duration: 1 }
$data merge entity $(bone_8) { transformation: [-0.8275438450796944f,0.08850508741560482f,-0.5543807662358705f,0.07356313606271926f,0.10693300697311678f,0.9942658283624364f,-0.0008913868102891631f,0.3956464369337665f,0.5511229595021442f,-0.0600192640101022f,-0.8322626817641672f,0.5691048461998915f,0f,0f,0f,1f], start_interpolation: 0, interpolation_duration: 1 }
$data merge entity $(bone_7) { transformation: [-0.8275438450796944f,0.011411879238466274f,-0.5612850910927186f,0.08077289360622777f,0.10693300697311678f,0.9846933127255224f,-0.13763870056537134f,0.765625f,0.5511229595021442f,-0.17392196205736427f,-0.816097196799324f,0.5081447116140139f,0f,0f,0f,1f], start_interpolation: 0, interpolation_duration: 1 }