# This file was generated by Animated Java via MC-Build. It is not recommended to edit this file directly.
$data merge entity $(bone_layer) { transformation: [-0.9467041047656721f,-0.19076545276288692f,-0.2595378200802307f,0.2857868396341209f,-0.14349416165181358f,0.9711616492088377f,-0.19040608361555433f,1.40860768175583f,0.2883760801309128f,-0.14301605902184916f,-0.9467764484133454f,0.49062357176817434f,0f,0f,0f,1f], start_interpolation: 0, interpolation_duration: 1 }
$data merge entity $(bone_head) { transformation: [-0.9467041047656721f,-0.19076545276288692f,-0.2595378200802307f,0.2857868396341209f,-0.14349416165181358f,0.9711616492088377f,-0.19040608361555433f,1.40860768175583f,0.2883760801309128f,-0.14301605902184916f,-0.9467764484133454f,0.49062357176817434f,0f,0f,0f,1f], start_interpolation: 0, interpolation_duration: 1 }
$data merge entity $(bone_6) { transformation: [-0.6569607383472902f,-0.12573185725333336f,-0.7433667253393916f,0.3655702678384727f,-0.11192195008977218f,0.9913352124888374f,-0.06876026154556145f,0.40399955913260366f,0.7455709660108056f,0.03802626133790796f,-0.6653404677985365f,0.36806877523425785f,0f,0f,0f,1f], start_interpolation: 0, interpolation_duration: 1 }
$data merge entity $(bone_12) { transformation: [-0.6569607383472902f,-0.2529059850171258f,-0.7102402065588096f,0.2707305234570505f,-0.11192195008977218f,0.9643345089797236f,-0.2398591917749619f,0.765625f,0.7455709660108056f,-0.07808660277763868f,-0.6618356420655823f,0.33878629919264336f,0f,0f,0f,1f], start_interpolation: 0, interpolation_duration: 1 }
$data merge entity $(bone_group3) { transformation: [1.178629056651136f,-0.07916836711300201f,0.33258773749445925f,-0.9648581988525732f,0.2996431717010024f,0.8231066750048179f,-0.3806027044501786f,1.672119377497784f,-0.3542484451836889f,0.43282661923948834f,0.7846260825034035f,1.1119966522414773f,0f,0f,0f,1f], start_interpolation: 0, interpolation_duration: 1 }
$data merge entity $(bone_group1) { transformation: [1.178629056651136f,-0.07916836711300201f,0.33258773749445925f,-0.9648581988525732f,0.2996431717010024f,0.8231066750048179f,-0.3806027044501786f,1.672119377497784f,-0.3542484451836889f,0.43282661923948834f,0.7846260825034035f,1.1119966522414773f,0f,0f,0f,1f], start_interpolation: 0, interpolation_duration: 1 }
$data merge entity $(bone_group4) { transformation: [1.141796898630788f,-0.07669435564072072f,0.3221943706977574f,-0.9648581988525732f,0.2902793225853461f,0.7973845914109174f,-0.3687088699361105f,1.672119377497784f,-0.34317818127169863f,0.4193007873882544f,0.7601065174251722f,1.1119966522414773f,0f,0f,0f,1f], start_interpolation: 0, interpolation_duration: 1 }
$data merge entity $(bone_group2) { transformation: [1.141796898630788f,-0.07669435564072072f,0.3221943706977574f,-0.9648581988525732f,0.2902793225853461f,0.7973845914109174f,-0.3687088699361105f,1.672119377497784f,-0.34317818127169863f,0.4193007873882544f,0.7601065174251722f,1.1119966522414773f,0f,0f,0f,1f], start_interpolation: 0, interpolation_duration: 1 }
$data merge entity $(bone_10) { transformation: [-0.7586461812165459f,0.22314591410107232f,-0.6120962936871522f,0.20918830712090541f,0f,0.9395143671253927f,0.3425094947077714f,1.0691312767289223f,0.6515028562681454f,0.25984352019045953f,-0.7127589868177591f,0.4493939993733499f,0f,0f,0f,1f], start_interpolation: 0, interpolation_duration: 1 }
$data merge entity $(bone_9) { transformation: [-0.7586461812165459f,0.21027819692314634f,-0.616635266283321f,0.28814577575039235f,0f,0.9464812937512685f,0.32275867235277333f,1.426385f,0.6515028562681454f,0.24485963423495385f,-0.7180444190972957f,0.5413364697370279f,0f,0f,0f,1f], start_interpolation: 0, interpolation_duration: 1 }
$data merge entity $(bone_bone12) { transformation: [-0.6819502536676241f,1.007307210681734f,-0.5851024733920063f,0.09156460243223924f,0.8981490205199619f,1.0751422046259071f,0.3573964973845511f,1.878467434705016f,0.9890764320626066f,-0.2817825813295225f,-0.7279579928044001f,0.31242641201119703f,0f,0f,0f,1f], start_interpolation: 0, interpolation_duration: 1 }
$data merge entity $(bone_bone1) { transformation: [0.9296781572821337f,0.4641462429517007f,0.3343077391343837f,-0.03990823015597258f,-0.29112175158531256f,-0.7424730071917884f,0.9241192182214898f,1.4085317685493977f,0.22571364519318712f,-2.8693731194714642f,-0.18504595663931497f,1.9250305570540165f,0f,0f,0f,1f], start_interpolation: 0, interpolation_duration: 1 }
$data merge entity $(bone_2) { transformation: [0.9991556315708117f,-0.03950487168951941f,0.011286674139316912f,-0.07588582715171667f,-0.010679884720327867f,0.01553734867972456f,0.9998222496315858f,1.2971491674402085f,-0.03967321467555934f,-0.9990985716678806f,0.015102321957490741f,1.0489315165999347f,0f,0f,0f,1f], start_interpolation: 0, interpolation_duration: 1 }
$data merge entity $(bone_bone2) { transformation: [1.9093130149501178f,-0.595228652784942f,0.007527646476726622f,0.1764274606453931f,-0.061217890375094265f,-0.14594046542679606f,0.9968643025067445f,1.2993795719034533f,-0.5922636075601084f,-1.9037868135520934f,-0.07877116811539073f,1.1012696489409266f,0f,0f,0f,1f], start_interpolation: 0, interpolation_duration: 1 }
$data merge entity $(bone_1) { transformation: [0.9991556315708117f,-0.04039007847050984f,0.007527646476726622f,-0.09103210657815786f,-0.010679884720327867f,-0.07840601029323094f,0.9968643025067445f,1.2677469135802468f,-0.03967321467555934f,-0.9961029761581098f,-0.07877116811539073f,0.6753929005406435f,0f,0f,0f,1f], start_interpolation: 0, interpolation_duration: 1 }
$data merge entity $(bone_4) { transformation: [-0.8112460975895273f,-0.5793406024494889f,0.07902047518982941f,0.6540131694456668f,-0.3575196656162936f,0.38454988684351765f,-0.8510587953991494f,1.1054303437929112f,0.4626656004539096f,-0.7186695004535123f,-0.5190902534959814f,0.24097265111947364f,0f,0f,0f,1f], start_interpolation: 0, interpolation_duration: 1 }
$data merge entity $(bone_group5) { transformation: [-3.244984390358109f,-1.1689006237775725f,-1.5720290672642683f,0.6941172160704019f,-1.4300786624651745f,2.427658461591544f,-1.009870979515265f,0.8917865705832176f,1.8506624018156383f,-0.17362524469494847f,-3.5367902420710666f,0.4291780220774694f,0f,0f,0f,1f], start_interpolation: 0, interpolation_duration: 1 }
$data merge entity $(bone_group7) { transformation: [-3.244984390358109f,-1.1689006237775725f,-1.5720290672642683f,0.6941172160704019f,-1.4300786624651745f,2.427658461591544f,-1.009870979515265f,0.8917865705832176f,1.8506624018156383f,-0.17362524469494847f,-3.5367902420710666f,0.4291780220774694f,0f,0f,0f,1f], start_interpolation: 0, interpolation_duration: 1 }
$data merge entity $(bone_group6) { transformation: [-2.2257886050452957f,-2.634789829869909f,-1.5720290672642683f,1.051133035054697f,-2.4523136819006845f,1.3873745682179393f,-1.009870979515265f,0.9583741278524536f,1.6895332761485418f,0.7749673282637044f,-3.5367902420710666f,0.25147902282003654f,0f,0f,0f,1f], start_interpolation: 0, interpolation_duration: 1 }
$data merge entity $(bone_group8) { transformation: [-2.2257886050452957f,-2.634789829869909f,-1.5720290672642683f,1.051133035054697f,-2.4523136819006845f,1.3873745682179393f,-1.009870979515265f,0.9583741278524536f,1.6895332761485418f,0.7749673282637044f,-3.5367902420710666f,0.25147902282003654f,0f,0f,0f,1f], start_interpolation: 0, interpolation_duration: 1 }
$data merge entity $(bone_group9) { transformation: [-2.2257886050452957f,-2.634789829869909f,-1.5720290672642683f,1.1059252517942708f,-2.4523136819006845f,1.3873745682179393f,-1.009870979515265f,0.84457763746535f,1.6895332761485418f,0.7749673282637044f,-3.5367902420710666f,0.25961770616511215f,0f,0f,0f,1f], start_interpolation: 0, interpolation_duration: 1 }
$data merge entity $(bone_group10) { transformation: [-2.2257886050452957f,-2.634789829869909f,-1.5720290672642683f,1.1059252517942708f,-2.4523136819006845f,1.3873745682179393f,-1.009870979515265f,0.84457763746535f,1.6895332761485418f,0.7749673282637044f,-3.5367902420710666f,0.25961770616511215f,0f,0f,0f,1f], start_interpolation: 0, interpolation_duration: 1 }
$data merge entity $(bone_group11) { transformation: [-2.2257886050452957f,-2.634789829869909f,-1.5720290672642683f,1.1607174685338446f,-2.4523136819006845f,1.3873745682179393f,-1.009870979515265f,0.7307811470782462f,1.6895332761485418f,0.7749673282637044f,-3.5367902420710666f,0.2677563895101879f,0f,0f,0f,1f], start_interpolation: 0, interpolation_duration: 1 }
$data merge entity $(bone_group12) { transformation: [-2.2257886050452957f,-2.634789829869909f,-1.5720290672642683f,1.1607174685338446f,-2.4523136819006845f,1.3873745682179393f,-1.009870979515265f,0.7307811470782462f,1.6895332761485418f,0.7749673282637044f,-3.5367902420710666f,0.2677563895101879f,0f,0f,0f,1f], start_interpolation: 0, interpolation_duration: 1 }
$data merge entity $(bone_group13) { transformation: [-2.4338217595840588f,-1.993007401570216f,-0.6288116269057074f,0.8831180700322458f,-1.957512213782949f,1.9282693726516864f,-0.403948391806106f,0.9435271390746086f,1.6407174104717202f,0.3352650864920418f,-1.4147160968284267f,0.27738328786827066f,0f,0f,0f,1f], start_interpolation: 0, interpolation_duration: 1 }
$data merge entity $(bone_group14) { transformation: [-2.4338217595840588f,-1.993007401570216f,-0.6288116269057074f,0.8831180700322458f,-1.957512213782949f,1.9282693726516864f,-0.403948391806106f,0.9435271390746086f,1.6407174104717202f,0.3352650864920418f,-1.4147160968284267f,0.27738328786827066f,0f,0f,0f,1f], start_interpolation: 0, interpolation_duration: 1 }
$data merge entity $(bone_group15) { transformation: [-2.3445715386886086f,-2.097272314247684f,-0.6288116269057074f,0.9451227072151587f,-2.039759024615028f,1.8410486039530574f,-0.403948391806106f,0.875267953302965f,1.6245317533723937f,0.40651307670277903f,-1.4147160968284267f,0.26931379004476463f,0f,0f,0f,1f], start_interpolation: 0, interpolation_duration: 1 }
$data merge entity $(bone_group16) { transformation: [-2.3445715386886086f,-2.097272314247684f,-0.6288116269057074f,0.9451227072151587f,-2.039759024615028f,1.8410486039530574f,-0.403948391806106f,0.875267953302965f,1.6245317533723937f,0.40651307670277903f,-1.4147160968284267f,0.26931379004476463f,0f,0f,0f,1f], start_interpolation: 0, interpolation_duration: 1 }
$data merge entity $(bone_group17) { transformation: [-2.15286040984604f,-2.293634433787574f,-0.6288116269057074f,1.05972994519054f,-2.192455084218349f,1.6562661453706835f,-0.403948391806106f,0.8021207951545533f,1.582919970454599f,0.5465534432985981f,-1.4147160968284267f,0.23925921799136718f,0f,0f,0f,1f], start_interpolation: 0, interpolation_duration: 1 }
$data merge entity $(bone_group18) { transformation: [-2.15286040984604f,-2.293634433787574f,-0.6288116269057074f,1.05972994519054f,-2.192455084218349f,1.6562661453706835f,-0.403948391806106f,0.8021207951545533f,1.582919970454599f,0.5465534432985981f,-1.4147160968284267f,0.23925921799136718f,0f,0f,0f,1f], start_interpolation: 0, interpolation_duration: 1 }
$data merge entity $(bone_group19) { transformation: [-2.15286040984604f,-2.293634433787574f,-0.6288116269057074f,1.1145221619301136f,-2.192455084218349f,1.6562661453706835f,-0.403948391806106f,0.6883243047674497f,1.582919970454599f,0.5465534432985981f,-1.4147160968284267f,0.2473979013364429f,0f,0f,0f,1f], start_interpolation: 0, interpolation_duration: 1 }
$data merge entity $(bone_group20) { transformation: [-2.15286040984604f,-2.293634433787574f,-0.6288116269057074f,1.1145221619301136f,-2.192455084218349f,1.6562661453706835f,-0.403948391806106f,0.6883243047674497f,1.582919970454599f,0.5465534432985981f,-1.4147160968284267f,0.2473979013364429f,0f,0f,0f,1f], start_interpolation: 0, interpolation_duration: 1 }
$data merge entity $(bone_bone11) { transformation: [-0.8263810398264666f,-0.07427539747896639f,-0.39300726681606707f,0.49895061657080625f,0.0503703617758654f,1.448978047212328f,-0.25246774487881624f,1.141751209650868f,0.35292662646773487f,-0.38071745957611436f,-0.8841975605177667f,0.3348666706268915f,0f,0f,0f,1f], start_interpolation: 0, interpolation_duration: 1 }
$data merge entity $(bone_3) { transformation: [-0.8112460975895273f,-0.43292615695465647f,-0.39300726681606707f,0.5377696936877553f,-0.3575196656162936f,0.8991327635524237f,-0.25246774487881624f,1.38025f,0.4626656004539096f,-0.06430564618331425f,-0.8841975605177667f,0.24951308617498244f,0f,0f,0f,1f], start_interpolation: 0, interpolation_duration: 1 }
$data merge entity $(bone_8) { transformation: [-0.8317426863637042f,0.09116955255633281f,-0.5476241561209356f,0.07525734168182037f,0.10693250905055385f,0.9942614008263821f,0.0031153386514936876f,0.3960869164518564f,0.544765584622085f,-0.055967664891777805f,-0.8367186374749396f,0.5653258152910783f,0f,0f,0f,1f], start_interpolation: 0, interpolation_duration: 1 }
$data merge entity $(bone_7) { transformation: [-0.8317426863637042f,0.008836605258335906f,-0.5550909998261521f,0.08106897815291401f,0.10693250905055385f,0.9837000871392183f,-0.14456686020816678f,0.765625f,0.544765584622085f,-0.1795997020314977f,-0.8191302734251463f,0.5016620132596797f,0f,0f,0f,1f], start_interpolation: 0, interpolation_duration: 1 }