# This file was generated by Animated Java via MC-Build. It is not recommended to edit this file directly.
$data merge entity $(bone_layer) { transformation: [-0.9496153435796872f,-0.18798265763153332f,-0.2507852062379642f,0.2862181133618341f,-0.1427198484122918f,0.9717480328928177f,-0.18798086455304894f,1.4087461955589848f,0.27903717334291667f,-0.14271748666062262f,-0.9496156985297106f,0.48504012019546316f,0f,0f,0f,1f], start_interpolation: 0, interpolation_duration: 1 }
$data merge entity $(bone_head) { transformation: [-0.9496153435796872f,-0.18798265763153332f,-0.2507852062379642f,0.2862181133618341f,-0.1427198484122918f,0.9717480328928177f,-0.18798086455304894f,1.4087461955589848f,0.27903717334291667f,-0.14271748666062262f,-0.9496156985297106f,0.48504012019546316f,0f,0f,0f,1f], start_interpolation: 0, interpolation_duration: 1 }
$data merge entity $(bone_6) { transformation: [-0.6646391030674236f,-0.11876547250046761f,-0.7376649816925509f,0.36437756455322734f,-0.11107215484954748f,0.9920211419694027f,-0.059640844249560565f,0.4031524045581105f,0.7388625305771087f,0.042294401845431775f,-0.6725275789748166f,0.36125199324261864f,0f,0f,0f,1f], start_interpolation: 0, interpolation_duration: 1 }
$data merge entity $(bone_12) { transformation: [-0.6646391030674236f,-0.2450553379082397f,-0.7058347852269745f,0.27248181283763745f,-0.11107215484954748f,0.9665935878450387f,-0.23099742932321476f,0.765625f,0.7388625305771087f,-0.07513133367333442f,-0.6696547196949015f,0.33307774311511823f,0f,0f,0f,1f], start_interpolation: 0, interpolation_duration: 1 }
$data merge entity $(bone_group3) { transformation: [1.1830682826928722f,-0.08653398462184393f,0.32202779402880255f,-0.9726894942645206f,0.30205547734783145f,0.822184726534805f,-0.38155894799139967f,1.6688510044623879f,-0.33698126288379276f,0.4331688539928342f,0.7885568972444224f,1.0912179889048397f,0f,0f,0f,1f], start_interpolation: 0, interpolation_duration: 1 }
$data merge entity $(bone_group1) { transformation: [1.1830682826928722f,-0.08653398462184393f,0.32202779402880255f,-0.9726894942645206f,0.30205547734783145f,0.822184726534805f,-0.38155894799139967f,1.6688510044623879f,-0.33698126288379276f,0.4331688539928342f,0.7885568972444224f,1.0912179889048397f,0f,0f,0f,1f], start_interpolation: 0, interpolation_duration: 1 }
$data merge entity $(bone_group4) { transformation: [1.14609739885872f,-0.08382979760241131f,0.3119644254654025f,-0.9726894942645206f,0.29261624368071176f,0.7964914538305925f,-0.36963523086666844f,1.6688510044623879f,-0.3264505984186743f,0.41963232730555816f,0.7639144942055343f,1.0912179889048397f,0f,0f,0f,1f], start_interpolation: 0, interpolation_duration: 1 }
$data merge entity $(bone_group2) { transformation: [1.14609739885872f,-0.08382979760241131f,0.3119644254654025f,-0.9726894942645206f,0.29261624368071176f,0.7964914538305925f,-0.36963523086666844f,1.6688510044623879f,-0.3264505984186743f,0.41963232730555816f,0.7639144942055343f,1.0912179889048397f,0f,0f,0f,1f], start_interpolation: 0, interpolation_duration: 1 }
$data merge entity $(bone_10) { transformation: [-0.7642790159109116f,0.2223221320132299f,-0.6053515139613846f,0.21055311767249463f,0f,0.9386958023259635f,0.3447465600925055f,1.0686332253729227f,0.6448857153312116f,0.26348256168617207f,-0.717425504041391f,0.4438248043457381f,0f,0f,0f,1f], start_interpolation: 0, interpolation_duration: 1 }
$data merge entity $(bone_9) { transformation: [-0.7642790159109116f,0.21177326500634105f,-0.6091220485804159f,0.2900601722388086f,0f,0.9445426284059841f,0.32838882917041334f,1.4247628515625f,0.6448857153312116f,0.2509806911945f,-0.7218941105240314f,0.5380516913387436f,0f,0f,0f,1f], start_interpolation: 0, interpolation_duration: 1 }
$data merge entity $(bone_bone12) { transformation: [-0.6920768080857139f,1.0031647576666995f,-0.5829770952944517f,0.0959414639116461f,0.8906013752537912f,1.0815240186446013f,0.3572331871424462f,1.8760700144412874f,0.9888674744908671f,-0.2719673989108686f,-0.7297411571003061f,0.30799409843023384f,0f,0f,0f,1f], start_interpolation: 0, interpolation_duration: 1 }
$data merge entity $(bone_bone1) { transformation: [0.928123498517155f,0.48054041454737834f,0.336049244653408f,-0.04811085484677112f,-0.29099652767889406f,-0.7525073413831331f,0.9232564281494743f,1.4075290083053238f,0.23218051679480886f,-2.864055448337397f,-0.1861947181005645f,1.916720294496319f,0f,0f,0f,1f], start_interpolation: 0, interpolation_duration: 1 }
$data merge entity $(bone_2) { transformation: [0.9993643832654703f,-0.0336001936249224f,0.011910350490021175f,-0.07899981807983086f,-0.011506581895871684f,0.01218474010164751f,0.9998595554785327f,1.2932082114594488f,-0.033740599187047915f,-0.9993610754362129f,0.011790371897270543f,1.0408055570024741f,0f,0f,0f,1f], start_interpolation: 0, interpolation_duration: 1 }
$data merge entity $(bone_bone2) { transformation: [1.91279971482241f,-0.5838292209360224f,0.009228918633142591f,0.17299336295471235f,-0.05667600501999706f,-0.12260169330039627f,0.9977169758071235f,1.294490721341891f,-0.5813648436483622f,-1.9089558050361242f,-0.06690039795958352f,1.094694719925027f,0f,0f,0f,1f], start_interpolation: 0, interpolation_duration: 1 }
$data merge entity $(bone_1) { transformation: [0.9993643832654703f,-0.034433363490810144f,0.009228918633142591f,-0.09191232938888466f,-0.011506581895871684f,-0.06654648570256275f,0.9977169758071235f,1.2682532793209877f,-0.033740599187047915f,-0.9971890035090385f,-0.06690039795958352f,0.6668596806865846f,0f,0f,0f,1f], start_interpolation: 0, interpolation_duration: 1 }
$data merge entity $(bone_4) { transformation: [-0.8140269550267358f,-0.5750415644697764f,0.08177600884154604f,0.65768401205702f,-0.3596350728751546f,0.3884493024182363f,-0.8483924527062152f,1.1040996690133615f,0.4560950896994868f,-0.7200238458432731f,-0.5230133177741075f,0.2394427969407338f,0f,0f,0f,1f], start_interpolation: 0, interpolation_duration: 1 }
$data merge entity $(bone_group5) { transformation: [-3.2561078201069433f,-1.1671388545935162f,-1.5517711590862127f,0.6966299727744945f,-1.4385402915006185f,2.428911150926846f,-0.9910669088007806f,0.889473315389832f,1.8243803587979472f,-0.16786159477784482f,-3.55102698555056f,0.4267713813010797f,0f,0f,0f,1f], start_interpolation: 0, interpolation_duration: 1 }
$data merge entity $(bone_group7) { transformation: [-3.2561078201069433f,-1.1671388545935162f,-1.5517711590862127f,0.6966299727744945f,-1.4385402915006185f,2.428911150926846f,-0.9910669088007806f,0.889473315389832f,1.8243803587979472f,-0.16786159477784482f,-3.55102698555056f,0.4267713813010797f,0f,0f,0f,1f], start_interpolation: 0, interpolation_duration: 1 }
$data merge entity $(bone_group6) { transformation: [-2.2363026623770264f,-2.6388258078753286f,-1.5517711590862127f,1.0546917060117138f,-2.46026801227043f,1.3842286144876383f,-0.9910669088007806f,0.9568592011898482f,1.663890534273314f,0.7668177740015907f,-3.55102698555056f,0.251494258688602f,0f,0f,0f,1f], start_interpolation: 0, interpolation_duration: 1 }
$data merge entity $(bone_group8) { transformation: [-2.2363026623770264f,-2.6388258078753286f,-1.5517711590862127f,1.0546917060117138f,-2.46026801227043f,1.3842286144876383f,-0.9910669088007806f,0.9568592011898482f,1.663890534273314f,0.7668177740015907f,-3.55102698555056f,0.251494258688602f,0f,0f,0f,1f], start_interpolation: 0, interpolation_duration: 1 }
$data merge entity $(bone_group9) { transformation: [-2.2363026623770264f,-2.6388258078753286f,-1.5517711590862127f,1.109401339820785f,-2.46026801227043f,1.3842286144876383f,-0.9910669088007806f,0.8430039909901523f,1.663890534273314f,0.7668177740015907f,-3.55102698555056f,0.25936277094381344f,0f,0f,0f,1f], start_interpolation: 0, interpolation_duration: 1 }
$data merge entity $(bone_group10) { transformation: [-2.2363026623770264f,-2.6388258078753286f,-1.5517711590862127f,1.109401339820785f,-2.46026801227043f,1.3842286144876383f,-0.9910669088007806f,0.8430039909901523f,1.663890534273314f,0.7668177740015907f,-3.55102698555056f,0.25936277094381344f,0f,0f,0f,1f], start_interpolation: 0, interpolation_duration: 1 }
$data merge entity $(bone_group11) { transformation: [-2.2363026623770264f,-2.6388258078753286f,-1.5517711590862127f,1.164110973629856f,-2.46026801227043f,1.3842286144876383f,-0.9910669088007806f,0.7291487807904564f,1.663890534273314f,0.7668177740015907f,-3.55102698555056f,0.2672312831990249f,0f,0f,0f,1f], start_interpolation: 0, interpolation_duration: 1 }
$data merge entity $(bone_group12) { transformation: [-2.2363026623770264f,-2.6388258078753286f,-1.5517711590862127f,1.164110973629856f,-2.46026801227043f,1.3842286144876383f,-0.9910669088007806f,0.7291487807904564f,1.663890534273314f,0.7668177740015907f,-3.55102698555056f,0.2672312831990249f,0f,0f,0f,1f], start_interpolation: 0, interpolation_duration: 1 }
$data merge entity $(bone_group13) { transformation: [-2.4438992769468206f,-1.9943375642883434f,-0.6207084636344851f,0.8865246782815834f,-1.9651519038688932f,1.9271740688729948f,-0.39642676352031225f,0.9419344385554642f,1.616425180581695f,0.3336491306337457f,-1.4204107942202242f,0.27634571216068254f,0f,0f,0f,1f], start_interpolation: 0, interpolation_duration: 1 }
$data merge entity $(bone_group14) { transformation: [-2.4438992769468206f,-1.9943375642883434f,-0.6207084636344851f,0.8865246782815834f,-1.9651519038688932f,1.9271740688729948f,-0.39642676352031225f,0.9419344385554642f,1.616425180581695f,0.3336491306337457f,-1.4204107942202242f,0.27634571216068254f,0f,0f,0f,1f], start_interpolation: 0, interpolation_duration: 1 }
$data merge entity $(bone_group15) { transformation: [-2.3545814436049755f,-2.099040786079171f,-0.6207084636344851f,0.9485544897044161f,-2.0473436669290215f,1.8396211040596533f,-0.39642676352031225f,0.8736972448046932f,1.6003331313070548f,0.4038390466908527f,-1.4204107942202242f,0.2682836929729423f,0f,0f,0f,1f], start_interpolation: 0, interpolation_duration: 1 }
$data merge entity $(bone_group16) { transformation: [-2.3545814436049755f,-2.099040786079171f,-0.6207084636344851f,0.9485544897044161f,-2.0473436669290215f,1.8396211040596533f,-0.39642676352031225f,0.8736972448046932f,1.6003331313070548f,0.4038390466908527f,-1.4204107942202242f,0.2682836929729423f,0f,0f,0f,1f], start_interpolation: 0, interpolation_duration: 1 }
$data merge entity $(bone_group17) { transformation: [-2.1626780915761263f,-2.296268596747645f,-0.6207084636344851f,1.063312192937307f,-2.19988644986499f,1.6541830324109967f,-0.39642676352031225f,0.8006682225318744f,1.5590464885238016f,0.5417805398986044f,-1.4204107942202242f,0.2385173613643075f,0f,0f,0f,1f], start_interpolation: 0, interpolation_duration: 1 }
$data merge entity $(bone_group18) { transformation: [-2.1626780915761263f,-2.296268596747645f,-0.6207084636344851f,1.063312192937307f,-2.19988644986499f,1.6541830324109967f,-0.39642676352031225f,0.8006682225318744f,1.5590464885238016f,0.5417805398986044f,-1.4204107942202242f,0.2385173613643075f,0f,0f,0f,1f], start_interpolation: 0, interpolation_duration: 1 }
$data merge entity $(bone_group19) { transformation: [-2.1626780915761263f,-2.296268596747645f,-0.6207084636344851f,1.1180218267463782f,-2.19988644986499f,1.6541830324109967f,-0.39642676352031225f,0.6868130123321785f,1.5590464885238016f,0.5417805398986044f,-1.4204107942202242f,0.24638587361951897f,0f,0f,0f,1f], start_interpolation: 0, interpolation_duration: 1 }
$data merge entity $(bone_group20) { transformation: [-2.1626780915761263f,-2.296268596747645f,-0.6207084636344851f,1.1180218267463782f,-2.19988644986499f,1.6541830324109967f,-0.39642676352031225f,0.6868130123321785f,1.5590464885238016f,0.5417805398986044f,-1.4204107942202242f,0.24638587361951897f,0f,0f,0f,1f], start_interpolation: 0, interpolation_duration: 1 }
$data merge entity $(bone_bone11) { transformation: [-0.8284011360247314f,-0.07162547736875624f,-0.38794278977155316f,0.5020898578410675f,0.048821342508013954f,1.4509497963198714f,-0.24776672720019516f,1.1399865918421401f,0.34837915314876367f,-0.37365021015787125f,-0.88775674638764f,0.33262152543443946f,0f,0f,0f,1f], start_interpolation: 0, interpolation_duration: 1 }
$data merge entity $(bone_3) { transformation: [-0.8140269550267358f,-0.4322736498494504f,-0.38794278977155316f,0.5414759844383255f,-0.3596350728751546f,0.8995967225654984f,-0.24776672720019516f,1.37891015625f,0.4560950896994868f,-0.062170961028831406f,-0.88775674638764f,0.24872819120991324f,0f,0f,0f,1f], start_interpolation: 0, interpolation_duration: 1 }
$data merge entity $(bone_8) { transformation: [-0.8364479499689703f,0.09397024750865549f,-0.5399300135905292f,0.07700833999804405f,0.10693203770698223f,0.9942389272907809f,0.007382057403587106f,0.3965871889055999f,0.5375131312856827f,-0.05156110979061018f,-0.841677542561652f,0.5608621662908176f,0f,0f,0f,1f], start_interpolation: 0, interpolation_duration: 1 }
$data merge entity $(bone_7) { transformation: [-0.8364479499689703f,0.006288835384317487f,-0.5480102896316966f,0.08141205885990953f,0.10693203770698223f,0.9825885687986353f,-0.15193828937460754f,0.765625f,0.5375131312856827f,-0.18568832762389348f,-0.822556672017012f,0.4942991719479211f,0f,0f,0f,1f], start_interpolation: 0, interpolation_duration: 1 }