# This file was generated by Animated Java via MC-Build. It is not recommended to edit this file directly.
$data merge entity $(bone_layer) { transformation: [-0.9523988783817107f,-0.18462318460356109f,-0.24259154182307946f,0.28666640036940794f,-0.14166410116370762f,0.9726512279707724f,-0.18406757228916615f,1.4087962962962963f,0.26994010242781336f,-0.14093923667236175f,-0.9525064160768019f,0.4791187671376156f,0f,0f,0f,1f], start_interpolation: 0, interpolation_duration: 1 }
$data merge entity $(bone_head) { transformation: [-0.9523988783817107f,-0.18462318460356109f,-0.24259154182307946f,0.28666640036940794f,-0.14166410116370762f,0.9726512279707724f,-0.18406757228916615f,1.4087962962962963f,0.26994010242781336f,-0.14093923667236175f,-0.9525064160768019f,0.4791187671376156f,0f,0f,0f,1f], start_interpolation: 0, interpolation_duration: 1 }
$data merge entity $(bone_6) { transformation: [-0.6726448877877088f,-0.11180549612939544f,-0.7314700171355764f,0.3632516697718265f,-0.1102086874366318f,0.9926308798265558f,-0.05037838453396565f,0.402324073125852f,0.7317123069530507f,0.04672758767598707f,-0.6800100237521706f,0.3540606761549841f,0f,0f,0f,1f], start_interpolation: 0, interpolation_duration: 1 }
$data merge entity $(bone_12) { transformation: [-0.6726448877877088f,-0.2371253549111962f,-0.7009425233150718f,0.2743296616801279f,-0.1102086874366318f,0.9688024716643947f,-0.22198156705108288f,0.765625f,0.7317123069530507f,-0.07206481079694067f,-0.6777933039638603f,0.32703637210613135f,0f,0f,0f,1f], start_interpolation: 0, interpolation_duration: 1 }
$data merge entity $(bone_group3) { transformation: [1.1874531118972744f,-0.09416808366245244f,0.3109323767499572f,-0.9806306400136725f,0.3044500779622352f,0.8212436714494855f,-0.38255099023322103f,1.6655894196656822f,-0.3189195847211522f,0.43336164485868134f,0.792519342395702f,1.069256610829672f,0f,0f,0f,1f], start_interpolation: 0, interpolation_duration: 1 }
$data merge entity $(bone_group1) { transformation: [1.1874531118972744f,-0.09416808366245244f,0.3109323767499572f,-0.9806306400136725f,0.3044500779622352f,0.8212436714494855f,-0.38255099023322103f,1.6655894196656822f,-0.3189195847211522f,0.43336164485868134f,0.792519342395702f,1.069256610829672f,0f,0f,0f,1f], start_interpolation: 0, interpolation_duration: 1 }
$data merge entity $(bone_group4) { transformation: [1.1503452021504847f,-0.0912253310480008f,0.3012157399765211f,-0.9806306400136725f,0.29493601302591543f,0.7955798067166892f,-0.3705962717884329f,1.6655894196656822f,-0.30895334769861627f,0.4198190934568476f,0.7677531129458364f,1.069256610829672f,0f,0f,0f,1f], start_interpolation: 0, interpolation_duration: 1 }
$data merge entity $(bone_group2) { transformation: [1.1503452021504847f,-0.0912253310480008f,0.3012157399765211f,-0.9806306400136725f,0.29493601302591543f,0.7955798067166892f,-0.3705962717884329f,1.6655894196656822f,-0.30895334769861627f,0.4198190934568476f,0.7677531129458364f,1.069256610829672f,0f,0f,0f,1f], start_interpolation: 0, interpolation_duration: 1 }
$data merge entity $(bone_10) { transformation: [-0.7701835057663797f,0.22133442357648242f,-0.5981876297496257f,0.21196471226362762f,0f,0.9378592911348594f,0.3470157777854188f,1.068140130042209f,0.637822363550706f,0.26726582829102086f,-0.7223237567618178f,0.43790978869155484f,0f,0f,0f,1f], start_interpolation: 0, interpolation_duration: 1 }
$data merge entity $(bone_9) { transformation: [-0.7701835057663797f,0.2130920059282417f,-0.6011731567983447f,0.29195214622123233f,0f,0.9425401038804314f,0.3340930298241278f,1.4231159375f,0.637822363550706f,0.2573129409620584f,-0.7259288415320384f,0.5344962457103628f,0f,0f,0f,1f], start_interpolation: 0, interpolation_duration: 1 }
$data merge entity $(bone_bone12) { transformation: [-0.7028182914703738f,0.9989250939763505f,-0.5804959970381667f,0.10041441059945286f,0.8829055317384602f,1.0879832293692486f,0.3570062648917385f,1.8736436841828459f,0.9881924262006321f,-0.26161259380159874f,-0.731827113634576f,0.30321052551938593f,0f,0f,0f,1f], start_interpolation: 0, interpolation_duration: 1 }
$data merge entity $(bone_bone1) { transformation: [0.92666005941423f,0.49269863422131477f,0.3381252667962301f,-0.054488492901835606f,-0.2917637583813184f,-0.7587421521535412f,0.9224469590413847f,1.404251711672227f,0.23701274982925236f,-2.860342357547758f,-0.1864481475083093f,1.9081737172951447f,0f,0f,0f,1f], start_interpolation: 0, interpolation_duration: 1 }
$data merge entity $(bone_2) { transformation: [0.9994926583910023f,-0.02899271065308551f,0.013185164067009179f,-0.08150526023166157f,-0.012891940849719258f,0.01027746820365747f,0.9998640765166286f,1.2882614867858488f,-0.02912427996731992f,-0.9995267862225152f,0.00989848170559001f,1.0323504691372452f,0f,0f,0f,1f], start_interpolation: 0, interpolation_duration: 1 }
$data merge entity $(bone_bone2) { transformation: [1.9154732349975259f,-0.5748427418604045f,0.01138099444827374f,0.17022710739159805f,-0.051359059392535884f,-0.09205335014001256f,0.998610087539966f,1.288232545667357f,-0.5729961021040443f,-1.913395412051156f,-0.0514622777264066f,1.0874600350328294f,0f,0f,0f,1f], start_interpolation: 0, interpolation_duration: 1 }
$data merge entity $(bone_1) { transformation: [0.9994926583910023f,-0.02974724840814441f,0.01138099444827374f,-0.09266047838471572f,-0.012891940849719258f,-0.051104705503004166f,0.998610087539966f,1.2690972222222223f,-0.02912427996731992f,-0.9982501741986303f,-0.0514622777264066f,0.6580066538127587f,0f,0f,0f,1f], start_interpolation: 0, interpolation_duration: 1 }
$data merge entity $(bone_4) { transformation: [-0.816963220697743f,-0.5704160522586136f,0.08483291432498172f,0.6615126962498954f,-0.36178161481502186f,0.3923838798229985f,-0.8456648000460263f,1.102832988241208f,0.4490937087167959f,-0.7215680274102706f,-0.526929238712604f,0.23787819803662485f,0f,0f,0f,1f], start_interpolation: 0, interpolation_duration: 1 }
$data merge entity $(bone_group5) { transformation: [-3.267852882790972f,-1.1654338141000447f,-1.5297380035075103f,0.69922796786421f,-1.4471264592600874f,2.4300980559203467f,-0.9719974588390303f,0.8872168684775865f,1.7963748348671835f,-0.16244218529795348f,-3.5658270542239316f,0.42431989195064396f,0f,0f,0f,1f], start_interpolation: 0, interpolation_duration: 1 }
$data merge entity $(bone_group7) { transformation: [-3.267852882790972f,-1.1654338141000447f,-1.5297380035075103f,0.69922796786421f,-1.4471264592600874f,2.4300980559203467f,-0.9719974588390303f,0.8872168684775865f,1.7963748348671835f,-0.16244218529795348f,-3.5658270542239316f,0.42431989195064396f,0f,0f,0f,1f], start_interpolation: 0, interpolation_duration: 1 }
$data merge entity $(bone_group6) { transformation: [-2.247326705277171f,-2.6432217308355153f,-1.5297380035075103f,1.0583988519236962f,-2.4682973041680354f,1.3809634204841543f,-0.9719974588390303f,0.9554154298986626f,1.6369273343630337f,0.7575083583193049f,-3.5658270542239316f,0.25164573525883654f,0f,0f,0f,1f], start_interpolation: 0, interpolation_duration: 1 }
$data merge entity $(bone_group8) { transformation: [-2.247326705277171f,-2.6432217308355153f,-1.5297380035075103f,1.0583988519236962f,-2.4682973041680354f,1.3809634204841543f,-0.9719974588390303f,0.9554154298986626f,1.6369273343630337f,0.7575083583193049f,-3.5658270542239316f,0.25164573525883654f,0f,0f,0f,1f], start_interpolation: 0, interpolation_duration: 1 }
$data merge entity $(bone_group9) { transformation: [-2.247326705277171f,-2.6432217308355153f,-1.5297380035075103f,1.1130285619596358f,-2.4682973041680354f,1.3809634204841543f,-0.9719974588390303f,0.8415045835273962f,1.6369273343630337f,0.7575083583193049f,-3.5658270542239316f,0.2592602126946781f,0f,0f,0f,1f], start_interpolation: 0, interpolation_duration: 1 }
$data merge entity $(bone_group10) { transformation: [-2.247326705277171f,-2.6432217308355153f,-1.5297380035075103f,1.1130285619596358f,-2.4682973041680354f,1.3809634204841543f,-0.9719974588390303f,0.8415045835273962f,1.6369273343630337f,0.7575083583193049f,-3.5658270542239316f,0.2592602126946781f,0f,0f,0f,1f], start_interpolation: 0, interpolation_duration: 1 }
$data merge entity $(bone_group11) { transformation: [-2.247326705277171f,-2.6432217308355153f,-1.5297380035075103f,1.1676582719955755f,-2.4682973041680354f,1.3809634204841543f,-0.9719974588390303f,0.7275937371561298f,1.6369273343630337f,0.7575083583193049f,-3.5658270542239316f,0.2668746901305197f,0f,0f,0f,1f], start_interpolation: 0, interpolation_duration: 1 }
$data merge entity $(bone_group12) { transformation: [-2.247326705277171f,-2.6432217308355153f,-1.5297380035075103f,1.1676582719955755f,-2.4682973041680354f,1.3809634204841543f,-0.9719974588390303f,0.7275937371561298f,1.6369273343630337f,0.7575083583193049f,-3.5658270542239316f,0.2668746901305197f,0f,0f,0f,1f], start_interpolation: 0, interpolation_duration: 1 }
$data merge entity $(bone_group13) { transformation: [-2.4544933113440197f,-1.9958900658861731f,-0.6118952014030041f,0.8900754825091846f,-1.9728787094446556f,1.925982320887514f,-0.38879898353561215f,0.9404098148093751f,1.5907571241225846f,0.331238432200041f,-1.4263308216895727f,0.2753642368913627f,0f,0f,0f,1f], start_interpolation: 0, interpolation_duration: 1 }
$data merge entity $(bone_group14) { transformation: [-2.4544933113440197f,-1.9958900658861731f,-0.6118952014030041f,0.8900754825091846f,-1.9728787094446556f,1.925982320887514f,-0.38879898353561215f,0.9404098148093751f,1.5907571241225846f,0.331238432200041f,-1.4263308216895727f,0.2753642368913627f,0f,0f,0f,1f], start_interpolation: 0, interpolation_duration: 1 }
$data merge entity $(bone_group15) { transformation: [-2.3650976756602926f,-2.101053915329619f,-0.6118952014030041f,0.9521369155974466f,-2.055011134980975f,1.8380934518286796f,-0.38879898353561215f,0.872197672353984f,1.5747946583389185f,0.40031101781028466f,-1.4263308216895727f,0.2673336444977338f,0f,0f,0f,1f], start_interpolation: 0, interpolation_duration: 1 }
$data merge entity $(bone_group16) { transformation: [-2.3650976756602926f,-2.101053915329619f,-0.6118952014030041f,0.9521369155974466f,-2.055011134980975f,1.8380934518286796f,-0.38879898353561215f,0.872197672353984f,1.5747946583389185f,0.40031101781028466f,-1.4263308216895727f,0.2673336444977338f,0f,0f,0f,1f], start_interpolation: 0, interpolation_duration: 1 }
$data merge entity $(bone_group17) { transformation: [-2.1729788504184664f,-2.299190615449203f,-0.6118952014030041f,1.0670600136514956f,-2.2073915972212834f,1.6519929294849103f,-0.38879898353561215f,0.7992920636367642f,1.5339126851331057f,0.536040111652889f,-1.4263308216895727f,0.23790480160375693f,0f,0f,0f,1f], start_interpolation: 0, interpolation_duration: 1 }
$data merge entity $(bone_group18) { transformation: [-2.1729788504184664f,-2.299190615449203f,-0.6118952014030041f,1.0670600136514956f,-2.2073915972212834f,1.6519929294849103f,-0.38879898353561215f,0.7992920636367642f,1.5339126851331057f,0.536040111652889f,-1.4263308216895727f,0.23790480160375693f,0f,0f,0f,1f], start_interpolation: 0, interpolation_duration: 1 }
$data merge entity $(bone_group19) { transformation: [-2.1729788504184664f,-2.299190615449203f,-0.6118952014030041f,1.1216897236874352f,-2.2073915972212834f,1.6519929294849103f,-0.38879898353561215f,0.685381217265498f,1.5339126851331057f,0.536040111652889f,-1.4263308216895727f,0.24551927903959847f,0f,0f,0f,1f], start_interpolation: 0, interpolation_duration: 1 }
$data merge entity $(bone_group20) { transformation: [-2.1729788504184664f,-2.299190615449203f,-0.6118952014030041f,1.1216897236874352f,-2.2073915972212834f,1.6519929294849103f,-0.38879898353561215f,0.685381217265498f,1.5339126851331057f,0.536040111652889f,-1.4263308216895727f,0.24551927903959847f,0f,0f,0f,1f], start_interpolation: 0, interpolation_duration: 1 }
$data merge entity $(bone_bone11) { transformation: [-0.83055598667308f,-0.06890560286322911f,-0.3824345008768776f,0.5053468192898017f,0.04723766017531f,1.4529081598538762f,-0.24299936470975758f,1.1382767457929972f,0.34343173479262046f,-0.3664831468486342f,-0.8914567635559829f,0.33026676022856977f,0f,0f,0f,1f], start_interpolation: 0, interpolation_duration: 1 }
$data merge entity $(bone_3) { transformation: [-0.816963220697743f,-0.4316421533703869f,-0.3824345008768776f,0.5453200101204643f,-0.36178161481502186f,0.9000363170075357f,-0.24299936470975758f,1.377625f,0.4490937087167959f,-0.06016377233257536f,-0.8914567635559829f,0.24787510198651602f,0f,0f,0f,1f], start_interpolation: 0, interpolation_duration: 1 }
$data merge entity $(bone_8) { transformation: [-0.8413633838301018f,0.09675823850042878f,-0.5317381871111523f,0.07873110739743634f,0.10693160148681075f,0.9941973794272577f,0.01171338309111683f,0.39712791669131325f,0.5297860784820858f,-0.04700440428584862f,-0.8468277847498308f,0.5560211057920248f,0f,0f,0f,1f], start_interpolation: 0, interpolation_duration: 1 }
$data merge entity $(bone_7) { transformation: [-0.8413633838301018f,0.003884384117375697f,-0.5404558889585619f,0.08178378523853298f,0.10693160148681075f,0.9814035042900876f,-0.15941390896217905f,0.765625f,0.5297860784820858f,-0.19191683961331976f,-0.8261323366866888f,0.4864919629938078f,0f,0f,0f,1f], start_interpolation: 0, interpolation_duration: 1 }