# This file was generated by Animated Java via MC-Build. It is not recommended to edit this file directly.
$data merge entity $(bone_layer) { transformation: [-0.9548830268569556f,-0.18083704247659035f,-0.23557667348194422f,0.28710589025460453f,-0.14034884340299836f,0.9738472921431609f,-0.17867191648626185f,1.4087403013545954f,0.26172620651348494f,-0.13754786677281822f,-0.9552905197741197f,0.4731909438802259f,0f,0f,0f,1f], start_interpolation: 0, interpolation_duration: 1 }
$data merge entity $(bone_head) { transformation: [-0.9548830268569556f,-0.18083704247659035f,-0.23557667348194422f,0.28710589025460453f,-0.14034884340299836f,0.9738472921431609f,-0.17867191648626185f,1.4087403013545954f,0.26172620651348494f,-0.13754786677281822f,-0.9552905197741197f,0.4731909438802259f,0f,0f,0f,1f], start_interpolation: 0, interpolation_duration: 1 }
$data merge entity $(bone_6) { transformation: [-0.6805365458504172f,-0.1051663186225791f,-0.7251276130374275f,0.3622268944306331f,-0.1093705130347283f,0.9931388792971512f,-0.04139151249856504f,0.4015512597124614f,0.7245054179511036f,0.05113914211025354f,-0.6873693966883628f,0.34687575278700056f,0f,0f,0f,1f], start_interpolation: 0, interpolation_duration: 1 }
$data merge entity $(bone_12) { transformation: [-0.6805365458504172f,-0.22948569451518838f,-0.6958493556617442f,0.27616975898743745f,-0.1093705130347283f,0.9708633074334362f,-0.21321943897761636f,0.765625f,0.7245054179511036f,-0.06899821948638078f,-0.6858069298769195f,0.3210014204796078f,0f,0f,0f,1f], start_interpolation: 0, interpolation_duration: 1 }
$data merge entity $(bone_group3) { transformation: [1.1915397038329676f,-0.10168103285249815f,0.2998818543940919f,-0.9882563571638249f,0.3067199252000615f,0.8203263303359802f,-0.3835334986748472f,1.662480827732928f,-0.30099911315377104f,0.433401419502364f,0.7962939406466073f,1.0472938783941175f,0f,0f,0f,1f], start_interpolation: 0, interpolation_duration: 1 }
$data merge entity $(bone_group1) { transformation: [1.1915397038329676f,-0.10168103285249815f,0.2998818543940919f,-0.9882563571638249f,0.3067199252000615f,0.8203263303359802f,-0.3835334986748472f,1.662480827732928f,-0.30099911315377104f,0.433401419502364f,0.7962939406466073f,1.0472938783941175f,0f,0f,0f,1f], start_interpolation: 0, interpolation_duration: 1 }
$data merge entity $(bone_group4) { transformation: [1.1543040880881874f,-0.09850350057585759f,0.29051054644427654f,-0.9882563571638249f,0.29713492753755966f,0.794691132512981f,-0.3715480768412583f,1.662480827732928f,-0.2915928908677157f,0.4198576251429152f,0.7714097550014009f,1.0472938783941175f,0f,0f,0f,1f], start_interpolation: 0, interpolation_duration: 1 }
$data merge entity $(bone_group2) { transformation: [1.1543040880881874f,-0.09850350057585759f,0.29051054644427654f,-0.9882563571638249f,0.29713492753755966f,0.794691132512981f,-0.3715480768412583f,1.662480827732928f,-0.2915928908677157f,0.4198576251429152f,0.7714097550014009f,1.0472938783941175f,0f,0f,0f,1f], start_interpolation: 0, interpolation_duration: 1 }
$data merge entity $(bone_10) { transformation: [-0.7760227195361136f,0.220251510217891f,-0.5909974712386785f,0.2133493517497435f,0f,0.9370426974865098f,0.349214809375555f,1.067673887146157f,0.6307049538126163f,0.2709986260739037f,-0.7271664224249371f,0.43198823976791123f,0f,0f,0f,1f], start_interpolation: 0, interpolation_duration: 1 }
$data merge entity $(bone_9) { transformation: [-0.7760227195361136f,0.21419624003868756f,-0.5932189389399696f,0.2937344701708544f,0f,0.9405648954458921f,0.33961401245363565f,1.4215185546875f,0.6307049538126163f,0.2635481895368419f,-0.7298997280641215f,0.5308945157219708f,0f,0f,0f,1f], start_interpolation: 0, interpolation_duration: 1 }
$data merge entity $(bone_bone12) { transformation: [-0.7135846057906758f,0.9947451424497001f,-0.5778423898727986f,0.1047580396478483f,0.8754103716450852f,1.0942273762916643f,0.3567278017325281f,1.8712979356870765f,0.9871442101308094f,-0.2512937534969502f,-0.7340595670224391f,0.2983769135433447f,0f,0f,0f,1f], start_interpolation: 0, interpolation_duration: 1 }
$data merge entity $(bone_bone1) { transformation: [0.925425718594112f,0.49918447071076466f,0.3404408936270664f,-0.05835447971054805f,-0.2935342119542075f,-0.7601238232358397f,0.9217586314010561f,1.3985248778026191f,0.2396349427295488f,-2.858850579787364f,-0.1856368050362228f,1.8999111848752774f,0f,0f,0f,1f], start_interpolation: 0, interpolation_duration: 1 }
$data merge entity $(bone_2) { transformation: [0.9995427973027293f,-0.026189604398721502f,0.015109632082671616f,-0.08315908756976331f,-0.014847105082229195f,0.010189736156482339f,0.9998378532280815f,1.282461165286031f,-0.026339321003254368f,-0.9996050589600375f,0.009796237573057288f,1.0240322285886125f,0f,0f,0f,1f], start_interpolation: 0, interpolation_duration: 1 }
$data merge entity $(bone_bone2) { transformation: [1.9170902516388764f,-0.5691953973561139f,0.013978257221546508f,0.16840227007487568f,-0.0454986342940839f,-0.05507359690409394f,0.9993618930599439f,1.2807797928491536f,-0.5680623569191717f,-1.9165029346579834f,-0.03286966724342727f,1.0798919307603443f,0f,0f,0f,1f], start_interpolation: 0, interpolation_duration: 1 }
$data merge entity $(bone_1) { transformation: [0.9995427973027293f,-0.026810533103306895f,0.013978257221546508f,-0.0932130374835034f,-0.014847105082229195f,-0.03248646133888081f,0.9993618930599439f,1.2702787422839505f,-0.026339321003254368f,-0.999112518760722f,-0.03286966724342727f,0.6493650340533419f,0f,0f,0f,1f], start_interpolation: 0, interpolation_duration: 1 }
$data merge entity $(bone_4) { transformation: [-0.8198713978242769f,-0.5657442187458228f,0.08800210216435125f,0.6652990434316614f,-0.36386239108017876f,0.3961766239055301f,-0.8429995510249286f,1.1016995325355288f,0.44205774666561537f,-0.723171875577649f,-0.5306669265993724f,0.23638868337730728f,0f,0f,0f,1f], start_interpolation: 0, interpolation_duration: 1 }
$data merge entity $(bone_group5) { transformation: [-3.2794855912971075f,-1.1638806175999692f,-1.5072742163972448f,0.7017859581687032f,-1.455449564320715f,2.4311678761125686f,-0.9535230605346843f,0.8851309411902162f,1.7682309866624615f,-0.15749497177185373f,-3.5803516879787995f,0.4219688772021588f,0f,0f,0f,1f], start_interpolation: 0, interpolation_duration: 1 }
$data merge entity $(bone_group7) { transformation: [-3.2794855912971075f,-1.1638806175999692f,-1.5072742163972448f,0.7017859581687032f,-1.455449564320715f,2.4311678761125686f,-0.9535230605346843f,0.8851309411902162f,1.7682309866624615f,-0.15749497177185373f,-3.5803516879787995f,0.4219688772021588f,0f,0f,0f,1f], start_interpolation: 0, interpolation_duration: 1 }
$data merge entity $(bone_group6) { transformation: [-2.2581775246083415f,-2.647692977462449f,-1.5072742163972448f,1.0620595624475815f,-2.4760402346850166f,1.3777283594177863f,-0.9535230605346843f,0.9541197687865308f,1.6100804400944415f,0.7477208468084922f,-3.5803516879787995f,0.2519259301211457f,0f,0f,0f,1f], start_interpolation: 0, interpolation_duration: 1 }
$data merge entity $(bone_group8) { transformation: [-2.2581775246083415f,-2.647692977462449f,-1.5072742163972448f,1.0620595624475815f,-2.4760402346850166f,1.3777283594177863f,-0.9535230605346843f,0.9541197687865308f,1.6100804400944415f,0.7477208468084922f,-3.5803516879787995f,0.2519259301211457f,0f,0f,0f,1f], start_interpolation: 0, interpolation_duration: 1 }
$data merge entity $(bone_group9) { transformation: [-2.2581775246083415f,-2.647692977462449f,-1.5072742163972448f,1.11661646639758f,-2.4760402346850166f,1.3777283594177863f,-0.9535230605346843f,0.8401587745937542f,1.6100804400944415f,0.7477208468084922f,-3.5803516879787995f,0.2593085069229514f,0f,0f,0f,1f], start_interpolation: 0, interpolation_duration: 1 }
$data merge entity $(bone_group10) { transformation: [-2.2581775246083415f,-2.647692977462449f,-1.5072742163972448f,1.11661646639758f,-2.4760402346850166f,1.3777283594177863f,-0.9535230605346843f,0.8401587745937542f,1.6100804400944415f,0.7477208468084922f,-3.5803516879787995f,0.2593085069229514f,0f,0f,0f,1f], start_interpolation: 0, interpolation_duration: 1 }
$data merge entity $(bone_group11) { transformation: [-2.2581775246083415f,-2.647692977462449f,-1.5072742163972448f,1.1711733703475784f,-2.4760402346850166f,1.3777283594177863f,-0.9535230605346843f,0.7261977804009774f,1.6100804400944415f,0.7477208468084922f,-3.5803516879787995f,0.266691083724757f,0f,0f,0f,1f], start_interpolation: 0, interpolation_duration: 1 }
$data merge entity $(bone_group12) { transformation: [-2.2581775246083415f,-2.647692977462449f,-1.5072742163972448f,1.1711733703475784f,-2.4760402346850166f,1.3777283594177863f,-0.9535230605346843f,0.7261977804009774f,1.6100804400944415f,0.7477208468084922f,-3.5803516879787995f,0.266691083724757f,0f,0f,0f,1f], start_interpolation: 0, interpolation_duration: 1 }
$data merge entity $(bone_group13) { transformation: [-2.464945246696235f,-1.9975569766767722f,-0.602909686558898f,0.8935859658118799f,-1.9803445083221445f,1.924750101173636f,-0.38140922421387374f,0.9390339260951521f,1.5651123297409848f,0.3283399570608782f,-1.43214067519152f,0.2744993012002746f,0f,0f,0f,1f], start_interpolation: 0, interpolation_duration: 1 }
$data merge entity $(bone_group14) { transformation: [-2.464945246696235f,-1.9975569766767722f,-0.602909686558898f,0.8935859658118799f,-1.9803445083221445f,1.924750101173636f,-0.38140922421387374f,0.9390339260951521f,1.5651123297409848f,0.3283399570608782f,-1.43214067519152f,0.2744993012002746f,0f,0f,0f,1f], start_interpolation: 0, interpolation_duration: 1 }
$data merge entity $(bone_group15) { transformation: [-2.3754669534585338f,-2.1031751466073487f,-0.602909686558898f,0.9556831203263197f,-2.0624160794031994f,1.8365367513417024f,-0.38140922421387374f,0.8708486892919249f,1.5493007018290128f,0.39629669115716937f,-1.43214067519152f,0.266516497631754f,0f,0f,0f,1f], start_interpolation: 0, interpolation_duration: 1 }
$data merge entity $(bone_group16) { transformation: [-2.3754669534585338f,-2.1031751466073487f,-0.602909686558898f,0.9556831203263197f,-2.0624160794031994f,1.8365367513417024f,-0.38140922421387374f,0.8708486892919249f,1.5493007018290128f,0.39629669115716937f,-1.43214067519152f,0.266516497631754f,0f,0f,0f,1f], start_interpolation: 0, interpolation_duration: 1 }
$data merge entity $(bone_group17) { transformation: [-2.183123792496564f,-2.3022075169097658f,-0.602909686558898f,1.0707757260769084f,-2.214632688207189f,1.6497967692821431f,-0.38140922421387374f,0.7980661048275776f,1.5088656124456403f,0.5298191160094499f,-1.43214067519152f,0.2374477765887325f,0f,0f,0f,1f], start_interpolation: 0, interpolation_duration: 1 }
$data merge entity $(bone_group18) { transformation: [-2.183123792496564f,-2.3022075169097658f,-0.602909686558898f,1.0707757260769084f,-2.214632688207189f,1.6497967692821431f,-0.38140922421387374f,0.7980661048275776f,1.5088656124456403f,0.5298191160094499f,-1.43214067519152f,0.2374477765887325f,0f,0f,0f,1f], start_interpolation: 0, interpolation_duration: 1 }
$data merge entity $(bone_group19) { transformation: [-2.183123792496564f,-2.3022075169097658f,-0.602909686558898f,1.1253326300269069f,-2.214632688207189f,1.6497967692821431f,-0.38140922421387374f,0.684105110634801f,1.5088656124456403f,0.5298191160094499f,-1.43214067519152f,0.24483035339053816f,0f,0f,0f,1f], start_interpolation: 0, interpolation_duration: 1 }
$data merge entity $(bone_group20) { transformation: [-2.183123792496564f,-2.3022075169097658f,-0.602909686558898f,1.1253326300269069f,-2.214632688207189f,1.6497967692821431f,-0.38140922421387374f,0.684105110634801f,1.5088656124456403f,0.5298191160094499f,-1.43214067519152f,0.24483035339053816f,0f,0f,0f,1f], start_interpolation: 0, interpolation_duration: 1 }
$data merge entity $(bone_bone11) { transformation: [-0.832709316823019f,-0.06627998856303408f,-0.3768185540993112f,0.5085571958927783f,0.045691127333007175f,1.4547658800212209f,-0.23838076513367107f,1.1367109840935867f,0.33838958990958923f,-0.35953191435833165f,-0.8950879219946999f,0.3279631284473991f,0f,0f,0f,1f], start_interpolation: 0, interpolation_duration: 1 }
$data merge entity $(bone_3) { transformation: [-0.8198713978242769f,-0.43106689540739596f,-0.3768185540993112f,0.5491016386731942f,-0.36386239108017876f,0.9004325467083587f,-0.23838076513367107f,1.37646484375f,0.44205774666561537f,-0.058331471026612486f,-0.8950879219946999f,0.24704302547861606f,0f,0f,0f,1f], start_interpolation: 0, interpolation_duration: 1 }
$data merge entity $(bone_8) { transformation: [-0.8462071926627963f,0.09939949767826704f,-0.5235008375800917f,0.08034938229851088f,0.10693120893456083f,0.9941390560887353f,0.01591394717823849f,0.39768392658557644f,0.5220144668891299f,-0.042512080874813174f,-0.8518765282235159f,0.5511062537443066f,0f,0f,0f,1f], start_interpolation: 0, interpolation_duration: 1 }
$data merge entity $(bone_7) { transformation: [-0.8462071926627963f,0.0017170162730017896f,-0.5328512352813565f,0.08216407910340906f,0.10693120893456083f,0.9801996948500157f,-0.1666561573171825f,0.765625f,0.5220144668891299f,-0.19800406579425192f,-0.8296356346537936f,0.4786776589327619f,0f,0f,0f,1f], start_interpolation: 0, interpolation_duration: 1 }