# This file was generated by Animated Java via MC-Build. It is not recommended to edit this file directly.
$data merge entity $(bone_layer) { transformation: [-0.9569165707953589f,-0.1767553995311279f,-0.2303653734263083f,0.28751271879246687f,-0.1387945283264344f,0.9753062111402659f,-0.1717960227067603f,1.4085605281207134f,0.25504265416571753f,-0.13242100757738726f,-0.9578193573468308f,0.4675895131037021f,0f,0f,0f,1f], start_interpolation: 0, interpolation_duration: 1 }
$data merge entity $(bone_head) { transformation: [-0.9569165707953589f,-0.1767553995311279f,-0.2303653734263083f,0.28751271879246687f,-0.1387945283264344f,0.9753062111402659f,-0.1717960227067603f,1.4085605281207134f,0.25504265416571753f,-0.13242100757738726f,-0.9578193573468308f,0.4675895131037021f,0f,0f,0f,1f], start_interpolation: 0, interpolation_duration: 1 }
$data merge entity $(bone_6) { transformation: [-0.6878892162450043f,-0.09914232415132938f,-0.7190126742524823f,0.36133377240542575f,-0.10859672375779378f,0.9935346935371345f,-0.033099310070533294f,0.4008651121726759f,0.7176455794909538f,0.05531376230147987f,-0.6942083332380479f,0.3400886736563164f,0f,0f,0f,1f], start_interpolation: 0, interpolation_duration: 1 }
$data merge entity $(bone_12) { transformation: [-0.6878892162450043f,-0.2224913700792484f,-0.6908733721993433f,0.27789950862570756f,-0.10859672375779378f,0.9726930342061976f,-0.20512194615841178f,0.765625f,0.7176455794909538f,-0.06607459002521233f,-0.6932668828020658f,0.31531070239686176f,0f,0f,0f,1f], start_interpolation: 0, interpolation_duration: 1 }
$data merge entity $(bone_group3) { transformation: [1.195137767199467f,-0.10868540146964015f,0.28947058979359047f,-0.9951887117176991f,0.30876757671119714f,0.8194763214742068f,-0.384457444540715f,1.6596614252445796f,-0.28417027541566087f,0.4333095350457877f,0.7996939177540897f,1.026538467401001f,0f,0f,0f,1f], start_interpolation: 0, interpolation_duration: 1 }
$data merge entity $(bone_group1) { transformation: [1.195137767199467f,-0.10868540146964015f,0.28947058979359047f,-0.9951887117176991f,0.30876757671119714f,0.8194763214742068f,-0.384457444540715f,1.6596614252445796f,-0.28417027541566087f,0.4333095350457877f,0.7996939177540897f,1.026538467401001f,0f,0f,0f,1f], start_interpolation: 0, interpolation_duration: 1 }
$data merge entity $(bone_group4) { transformation: [1.1577897119744838f,-0.10528898267371391f,0.2804246338625408f,-0.9951887117176991f,0.2991185899389722f,0.7938676864281379f,-0.37244314939881773f,1.6596614252445796f,-0.2752899543089215f,0.41976861207560684f,0.7747034828242745f,1.026538467401001f,0f,0f,0f,1f], start_interpolation: 0, interpolation_duration: 1 }
$data merge entity $(bone_group2) { transformation: [1.1577897119744838f,-0.10528898267371391f,0.2804246338625408f,-0.9951887117176991f,0.2991185899389722f,0.7938676864281379f,-0.37244314939881773f,1.6596614252445796f,-0.2752899543089215f,0.41976861207560684f,0.7747034828242745f,1.026538467401001f,0f,0f,0f,1f], start_interpolation: 0, interpolation_duration: 1 }
$data merge entity $(bone_10) { transformation: [-0.7814741669267586f,0.2191528838155161f,-0.5841833102216045f,0.21463539187701658f,0f,0.9362848334881818f,0.35124166976599963f,1.067254227668505f,0.6239375981828059f,0.27448629127034824f,-0.7316824102563357f,0.4263966944404962f,0f,0f,0f,1f], start_interpolation: 0, interpolation_duration: 1 }
$data merge entity $(bone_9) { transformation: [-0.7814741669267586f,0.21506920746394498f,-0.5856990374133794f,0.2953305067741112f,0f,0.9387141264113673f,0.3446966621186569f,1.420045f,0.6239375981828059f,0.2693715368716118f,-0.7335808399197032f,0.5274663332520204f,0f,0f,0f,1f], start_interpolation: 0, interpolation_duration: 1 }
$data merge entity $(bone_bone12) { transformation: [-0.7237726301128244f,0.9908114902644071f,-0.5752084726078168f,0.108758118557851f,0.8684701813928962f,1.0999680514748307f,0.3564203696423986f,1.8691408456146956f,0.9858563404122097f,-0.24158409818257762f,-0.7362742241476053f,0.293786711960598f,0f,0f,0f,1f], start_interpolation: 0, interpolation_duration: 1 }
$data merge entity $(bone_bone1) { transformation: [0.9245475098753584f,0.4985750175015662f,0.34291723487563874f,-0.0590354189728177f,-0.29642137416519054f,-0.7555765731304783f,0.9212499577915614f,1.390166821690756f,0.2394708143413198f,-2.8601620573071935f,-0.18359271579856418f,1.8924449373860464f,0f,0f,0f,1f], start_interpolation: 0, interpolation_duration: 1 }
$data merge entity $(bone_2) { transformation: [0.9995133208839595f,-0.025687921679083677f,0.017698928084178746f,-0.08372471645253826f,-0.01738736932337589f,0.012301726553865373f,0.9997731477249258f,1.2759591889597723f,-0.025899821689196967f,-0.9995943168123775f,0.011849094179076106f,1.0163187734028316f,0f,0f,0f,1f], start_interpolation: 0, interpolation_duration: 1 }
$data merge entity $(bone_bone2) { transformation: [1.9174036673125257f,-0.5677979378649157f,0.017092968823682574f,0.16778455458243594f,-0.039334012784915544f,-0.012437261533468186f,0.9997872461133648f,1.2723059048711949f,-0.567464546923168f,-1.9176680672842994f,-0.011545255555706124f,1.0723186849994053f,0f,0f,0f,1f], start_interpolation: 0, interpolation_duration: 1 }
$data merge entity $(bone_1) { transformation: [0.9995133208839595f,-0.026095053023749232f,0.017092968823682574f,-0.09351036133644422f,-0.01738736932337589f,-0.011096931876265342f,0.9997872461133648f,1.2717978395061729f,-0.025899821689196967f,-0.9995978723019682f,-0.011545255555706124f,0.6414695712895935f,0f,0f,0f,1f], start_interpolation: 0, interpolation_duration: 1 }
$data merge entity $(bone_4) { transformation: [-0.8225823105549634f,-0.561304148485297f,0.09108235424742506f,0.6688559328061274f,-0.3657807616443096f,0.39965477801494775f,-0.8405239394691454f,1.1007669543199874f,0.4353880760574024f,-0.7247162971142698f,-0.5340632096709294f,0.23507680312458848f,0f,0f,0f,1f], start_interpolation: 0, interpolation_duration: 1 }
$data merge entity $(bone_group5) { transformation: [-3.290329242219854f,-1.1625457047734786f,-1.485749260301866f,0.7041883268213671f,-1.4631230465772385f,2.4320839480168788f,-0.9365002082855439f,0.8833263048614289f,1.7415523042296095f,-0.15315075615670282f,-3.5938164248321858f,0.4198589557816642f,0f,0f,0f,1f], start_interpolation: 0, interpolation_duration: 1 }
$data merge entity $(bone_group7) { transformation: [-3.290329242219854f,-1.1625457047734786f,-1.485749260301866f,0.7041883268213671f,-1.4631230465772385f,2.4320839480168788f,-0.9365002082855439f,0.8833263048614289f,1.7415523042296095f,-0.15315075615670282f,-3.5938164248321858f,0.4198589557816642f,0f,0f,0f,1f], start_interpolation: 0, interpolation_duration: 1 }
$data merge entity $(bone_group6) { transformation: [-2.268235858190456f,-2.6519587345042437f,-1.485749260301866f,1.0654933353015834f,-2.48314370120681f,1.37468495983035f,-0.9365002082855439f,0.9530458842709828f,1.5848039155605185f,0.738143706674304f,-3.5938164248321858f,0.25232089079561437f,0f,0f,0f,1f], start_interpolation: 0, interpolation_duration: 1 }
$data merge entity $(bone_group8) { transformation: [-2.268235858190456f,-2.6519587345042437f,-1.485749260301866f,1.0654933353015834f,-2.48314370120681f,1.37468495983035f,-0.9365002082855439f,0.9530458842709828f,1.5848039155605185f,0.738143706674304f,-3.5938164248321858f,0.25232089079561437f,0f,0f,0f,1f], start_interpolation: 0, interpolation_duration: 1 }
$data merge entity $(bone_group9) { transformation: [-2.268235858190456f,-2.6519587345042437f,-1.485749260301866f,1.11998766521284f,-2.48314370120681f,1.37468495983035f,-0.9365002082855439f,0.8390419492076915f,1.5848039155605185f,0.738143706674304f,-3.5938164248321858f,0.2594998324904598f,0f,0f,0f,1f], start_interpolation: 0, interpolation_duration: 1 }
$data merge entity $(bone_group10) { transformation: [-2.268235858190456f,-2.6519587345042437f,-1.485749260301866f,1.11998766521284f,-2.48314370120681f,1.37468495983035f,-0.9365002082855439f,0.8390419492076915f,1.5848039155605185f,0.738143706674304f,-3.5938164248321858f,0.2594998324904598f,0f,0f,0f,1f], start_interpolation: 0, interpolation_duration: 1 }
$data merge entity $(bone_group11) { transformation: [-2.268235858190456f,-2.6519587345042437f,-1.485749260301866f,1.174481995124097f,-2.48314370120681f,1.37468495983035f,-0.9365002082855439f,0.7250380141444004f,1.5848039155605185f,0.738143706674304f,-3.5938164248321858f,0.2666787741853053f,0f,0f,0f,1f], start_interpolation: 0, interpolation_duration: 1 }
$data merge entity $(bone_group12) { transformation: [-2.268235858190456f,-2.6519587345042437f,-1.485749260301866f,1.174481995124097f,-2.48314370120681f,1.37468495983035f,-0.9365002082855439f,0.7250380141444004f,1.5848039155605185f,0.738143706674304f,-3.5938164248321858f,0.2666787741853053f,0f,0f,0f,1f], start_interpolation: 0, interpolation_duration: 1 }
$data merge entity $(bone_group13) { transformation: [-2.4746542590487115f,-1.9992185215346194f,-0.5942997041207464f,0.8968841416104703f,-1.9872064735459145f,1.9235470599216442f,-0.37460008331421757f,0.937884461348758f,1.5409064784173556f,0.32526291805313046f,-1.4375265699328743f,0.27380492097526915f,0f,0f,0f,1f], start_interpolation: 0, interpolation_duration: 1 }
$data merge entity $(bone_group14) { transformation: [-2.4746542590487115f,-1.9992185215346194f,-0.5942997041207464f,0.8968841416104703f,-1.9872064735459145f,1.9235470599216442f,-0.37460008331421757f,0.937884461348758f,1.5409064784173556f,0.32526291805313046f,-1.4375265699328743f,0.27380492097526915f,0f,0f,0f,1f], start_interpolation: 0, interpolation_duration: 1 }
$data merge entity $(bone_group15) { transformation: [-2.385094249413812f,-2.105258611213397f,-0.5942997041207464f,0.959018262571588f,-2.069219037634176f,1.8350355403992276f,-0.37460008331421757f,0.8697263119275506f,1.5252521076686836f,0.39216673640334787f,-1.4375265699328743f,0.2658786387836295f,0f,0f,0f,1f], start_interpolation: 0, interpolation_duration: 1 }
$data merge entity $(bone_group16) { transformation: [-2.385094249413812f,-2.105258611213397f,-0.5942997041207464f,0.959018262571588f,-2.069219037634176f,1.8350355403992276f,-0.37460008331421757f,0.8697263119275506f,1.5252521076686836f,0.39216673640334787f,-1.4375265699328743f,0.2658786387836295f,0f,0f,0f,1f], start_interpolation: 0, interpolation_duration: 1 }
$data merge entity $(bone_group17) { transformation: [-2.1925328677789437f,-2.3051221274336067f,-0.5942997041207464f,1.074273623373633f,-2.2212789199735155f,1.6477083540230297f,-0.37460008331421757f,0.7970601014074912f,1.4852684797206437f,0.5236089038942536f,-1.4375265699328743f,0.2371658071940403f,0f,0f,0f,1f], start_interpolation: 0, interpolation_duration: 1 }
$data merge entity $(bone_group18) { transformation: [-2.1925328677789437f,-2.3051221274336067f,-0.5942997041207464f,1.074273623373633f,-2.2212789199735155f,1.6477083540230297f,-0.37460008331421757f,0.7970601014074912f,1.4852684797206437f,0.5236089038942536f,-1.4375265699328743f,0.2371658071940403f,0f,0f,0f,1f], start_interpolation: 0, interpolation_duration: 1 }
$data merge entity $(bone_group19) { transformation: [-2.1925328677789437f,-2.3051221274336067f,-0.5942997041207464f,1.1287679532848898f,-2.2212789199735155f,1.6477083540230297f,-0.37460008331421757f,0.6830561663441999f,1.4852684797206437f,0.5236089038942536f,-1.4375265699328743f,0.24434474888888574f,0f,0f,0f,1f], start_interpolation: 0, interpolation_duration: 1 }
$data merge entity $(bone_group20) { transformation: [-2.1925328677789437f,-2.3051221274336067f,-0.5942997041207464f,1.1287679532848898f,-2.2212789199735155f,1.6477083540230297f,-0.37460008331421757f,0.6830561663441999f,1.4852684797206437f,0.5236089038942536f,-1.4375265699328743f,0.24434474888888574f,0f,0f,0f,1f], start_interpolation: 0, interpolation_duration: 1 }
$data merge entity $(bone_bone11) { transformation: [-0.834732493162935f,-0.06388933234092742f,-0.3714373150754665f,0.511568692573388f,0.044255406142325815f,1.4564432338378694f,-0.23412505207138598f,1.1353774774964365f,0.3335612745586163f,-0.3531164961042163f,-0.8984541062080464f,0.32586514623878465f,0f,0f,0f,1f], start_interpolation: 0, interpolation_duration: 1 }
$data merge entity $(bone_3) { transformation: [-0.8225823105549634f,-0.43057248324943653f,-0.3714373150754665f,0.5526371429375593f,-0.3657807616443096f,0.9007718325988439f,-0.23412505207138598f,1.3755f,0.4353880760574024f,-0.056722502280260295f,-0.8984541062080464f,0.24631400107913765f,0f,0f,0f,1f], start_interpolation: 0, interpolation_duration: 1 }
$data merge entity $(bone_8) { transformation: [-0.8507133671586865f,0.10177564736582838f,-0.5156825424045265f,0.08179593660824794f,0.10693086859483433f,0.9940695183225288f,0.019788433075155487f,0.3982243405989093f,0.5146382771219841f,-0.03830809764634868f,-0.8565511854966016f,0.5464181024292503f,0f,0f,0f,1f], start_interpolation: 0, interpolation_duration: 1 }
$data merge entity $(bone_7) { transformation: [-0.8507133671586865f,-0.00014243866624713553f,-0.5256298570750677f,0.08253096689401787f,0.10693086859483433f,0.9790417751641037f,-0.1733291430345018f,0.765625f,0.5146382771219841f,-0.20365947607402624f,-0.832868694048569f,0.47129510194256324f,0f,0f,0f,1f], start_interpolation: 0, interpolation_duration: 1 }