# This file was generated by Animated Java via MC-Build. It is not recommended to edit this file directly.
$data merge entity $(bone_layer) { transformation: [-0.9583606951973064f,-0.17247920644506615f,-0.22758668951635902f,0.2878647995119579f,-0.13701980670782143f,0.9769920405303302f,-0.1634384450187069f,1.4082392939814814f,0.2505401174875724f,-0.12544909758329023f,-0.9599438386931036f,0.4626487073673776f,0f,0f,0f,1f], start_interpolation: 0, interpolation_duration: 1 }
$data merge entity $(bone_head) { transformation: [-0.9583606951973064f,-0.17247920644506615f,-0.22758668951635902f,0.2878647995119579f,-0.13701980670782143f,0.9769920405303302f,-0.1634384450187069f,1.4082392939814814f,0.2505401174875724f,-0.12544909758329023f,-0.9599438386931036f,0.4626487073673776f,0f,0f,0f,1f], start_interpolation: 0, interpolation_duration: 1 }
$data merge entity $(bone_6) { transformation: [-0.6942938344649446f,-0.0940088551129492f,-0.7135253370303795f,0.360599070622367f,-0.10792651859743596f,0.9938208950340508f,-0.025920940900272693f,0.4002919756058798f,0.7115531870544894f,0.05901155610616152f,-0.7001497684342457f,0.3341000087357365f,0f,0f,0f,1f], start_interpolation: 0, interpolation_duration: 1 }
$data merge entity $(bone_12) { transformation: [-0.6942938344649446f,-0.2164830238615414f,-0.6863608175032483f,0.279417936674289f,-0.10792651859743596f,0.9742213983843205f,-0.19810233091394036f,0.765625f,0.7115531870544894f,-0.06346469341186728f,-0.6997601694028721f,0.31030074870628627f,0f,0f,0f,1f], start_interpolation: 0, interpolation_duration: 1 }
$data merge entity $(bone_group3) { transformation: [1.1981060515190998f,-0.11479654414898291f,0.28030441708898407f,-1.0010935159564947f,0.3105039587891771f,0.8187378378571354f,-0.38527069176874834f,1.6572586496029234f,-0.2693949244770679f,0.4331295619368234f,0.8025627943877948f,1.0082219391660623f,0f,0f,0f,1f], start_interpolation: 0, interpolation_duration: 1 }
$data merge entity $(bone_group1) { transformation: [1.1981060515190998f,-0.11479654414898291f,0.28030441708898407f,-1.0010935159564947f,0.3105039587891771f,0.8187378378571354f,-0.38527069176874834f,1.6572586496029234f,-0.2693949244770679f,0.4331295619368234f,0.8025627943877948f,1.0082219391660623f,0f,0f,0f,1f], start_interpolation: 0, interpolation_duration: 1 }
$data merge entity $(bone_group4) { transformation: [1.1606652374091282f,-0.11120915214432721f,0.27154490405495335f,-1.0010935159564947f,0.3008007100770153f,0.7931522804241f,-0.373230982650975f,1.6572586496029234f,-0.26097633308715956f,0.41959426312629766f,0.7774827070631762f,1.0082219391660623f,0f,0f,0f,1f], start_interpolation: 0, interpolation_duration: 1 }
$data merge entity $(bone_group2) { transformation: [1.1606652374091282f,-0.11120915214432721f,0.27154490405495335f,-1.0010935159564947f,0.3008007100770153f,0.7931522804241f,-0.373230982650975f,1.6572586496029234f,-0.26097633308715956f,0.41959426312629766f,0.7774827070631762f,1.0082219391660623f,0f,0f,0f,1f], start_interpolation: 0, interpolation_duration: 1 }
$data merge entity $(bone_10) { transformation: [-0.786229018387775f,0.21812784590415388f,-0.5781558384088231f,0.2157532323502953f,0f,0.9356253274429464f,0.3529946835963388f,1.0668990412163732f,0.6179352155727942f,0.27753466358005263f,-0.7356157827742084f,0.4214692988749667f,0f,0f,0f,1f], start_interpolation: 0, interpolation_duration: 1 }
$data merge entity $(bone_9) { transformation: [-0.786229018387775f,0.21571364073575777f,-0.5790609258493618f,0.29667332370410854f,0f,0.9370900237698899f,0.3490877931852489f,1.4187695703125f,0.6179352155727942f,0.27446295296719286f,-0.7367673695295773f,0.5244278653874507f,0f,0f,0f,1f], start_interpolation: 0, interpolation_duration: 1 }
$data merge entity $(bone_bone12) { transformation: [-0.7327698288654743f,0.9873378828433674f,-0.5727952059881787f,0.11221037577144227f,0.8624435280863006f,1.1049209263282063f,0.356115404156245f,1.8672791895134577f,0.9844996387843513f,-0.2330528945634332f,-0.7383003934169304f,0.289726688262305f,0f,0f,0f,1f], start_interpolation: 0, interpolation_duration: 1 }
$data merge entity $(bone_bone1) { transformation: [0.9241259630012523f,0.4894494995862598f,0.345504466592424f,-0.055871338541465754f,-0.30053899572206727f,-0.7439962782701225f,0.9209630434359667f,1.3789887779784231f,0.23593964600588022f,-2.864770274433008f,-0.18014920535446735f,1.8862624963761214f,0f,0f,0f,1f], start_interpolation: 0, interpolation_duration: 1 }
$data merge entity $(bone_2) { transformation: [0.999388060928091f,-0.027971561727640766f,0.021002271517809222f,-0.08297173899287758f,-0.020531868327780617f,0.016999573053485713f,0.9996446653181168f,1.2689078212354585f,-0.028318652110608578f,-0.9994641595627713f,0.01641486192821412f,1.0096794990176696f,0f,0f,0f,1f], start_interpolation: 0, interpolation_duration: 1 }
$data merge entity $(bone_bone2) { transformation: [1.9161432513984926f,-0.5715339394837691f,0.020880589899347574f,0.1686291833060673f,-0.03311233997310781f,0.03508115990102655f,0.9997090683245681f,1.262983738711275f,-0.5721001774702756f,-1.9162771898235824f,0.012073925421306725f,1.0650702125404887f,0f,0f,0f,1f], start_interpolation: 0, interpolation_duration: 1 }
$data merge entity $(bone_1) { transformation: [0.999388060928091f,-0.028062513070754413f,0.020880589899347574f,-0.09349518139441049f,-0.020531868327780617f,0.012657847075814105f,0.9997090683245681f,1.2736545138888888f,-0.028318652110608578f,-0.9995260248075385f,0.012073925421306725f,0.6348572397148426f,0f,0f,0f,1f], start_interpolation: 0, interpolation_duration: 1 }
$data merge entity $(bone_4) { transformation: [-0.8249401648797932f,-0.5573721161446696f,0.09386185866747263f,0.672008783321592f,-0.36744031883763256f,0.40264928454983995f,-0.8383681564467969f,1.1001015567519936f,0.4294896232280806f,-0.7260921964846576f,-0.5369625552526791f,0.2340385357292254f,0f,0f,0f,1f], start_interpolation: 0, interpolation_duration: 1 }
$data merge entity $(bone_group5) { transformation: [-3.2997606595191726f,-1.161470462838111f,-1.4665542901939572f,0.7063288843484292f,-1.4697612753505302f,2.432822144467746f,-0.9217816654580403f,0.8819112028106552f,1.7179584929123224f,-0.14954189159557818f,-3.6054870787646847f,0.4181264445034081f,0f,0f,0f,1f], start_interpolation: 0, interpolation_duration: 1 }
$data merge entity $(bone_group7) { transformation: [-3.2997606595191726f,-1.161470462838111f,-1.4665542901939572f,0.7063288843484292f,-1.4697612753505302f,2.432822144467746f,-0.9217816654580403f,0.8819112028106552f,1.7179584929123224f,-0.14954189159557818f,-3.6054870787646847f,0.4181264445034081f,0f,0f,0f,1f], start_interpolation: 0, interpolation_duration: 1 }
$data merge entity $(bone_group6) { transformation: [-2.276941326133042f,-2.65574325632266f,-1.4665542901939572f,1.0685336175373448f,-2.4892616741860474f,1.3720051423231387f,-0.9217816654580403f,0.952264620088256f,1.5625666433070888f,0.7294721694044117f,-3.6054870787646847f,0.2528108068337843f,0f,0f,0f,1f], start_interpolation: 0, interpolation_duration: 1 }
$data merge entity $(bone_group8) { transformation: [-2.276941326133042f,-2.65574325632266f,-1.4665542901939572f,1.0685336175373448f,-2.4892616741860474f,1.3720051423231387f,-0.9217816654580403f,0.952264620088256f,1.5625666433070888f,0.7294721694044117f,-3.6054870787646847f,0.2528108068337843f,0f,0f,0f,1f], start_interpolation: 0, interpolation_duration: 1 }
$data merge entity $(bone_group9) { transformation: [-2.276941326133042f,-2.65574325632266f,-1.4665542901939572f,1.1229775454828812f,-2.4892616741860474f,1.3720051423231387f,-0.9217816654580403f,0.8382260820663304f,1.5625666433070888f,0.7294721694044117f,-3.6054870787646847f,0.259820583002327f,0f,0f,0f,1f], start_interpolation: 0, interpolation_duration: 1 }
$data merge entity $(bone_group10) { transformation: [-2.276941326133042f,-2.65574325632266f,-1.4665542901939572f,1.1229775454828812f,-2.4892616741860474f,1.3720051423231387f,-0.9217816654580403f,0.8382260820663304f,1.5625666433070888f,0.7294721694044117f,-3.6054870787646847f,0.259820583002327f,0f,0f,0f,1f], start_interpolation: 0, interpolation_duration: 1 }
$data merge entity $(bone_group11) { transformation: [-2.276941326133042f,-2.65574325632266f,-1.4665542901939572f,1.1774214734284176f,-2.4892616741860474f,1.3720051423231387f,-0.9217816654580403f,0.7241875440444047f,1.5625666433070888f,0.7294721694044117f,-3.6054870787646847f,0.2668303591708697f,0f,0f,0f,1f], start_interpolation: 0, interpolation_duration: 1 }
$data merge entity $(bone_group12) { transformation: [-2.276941326133042f,-2.65574325632266f,-1.4665542901939572f,1.1774214734284176f,-2.4892616741860474f,1.3720051423231387f,-0.9217816654580403f,0.7241875440444047f,1.5625666433070888f,0.7294721694044117f,-3.6054870787646847f,0.2668303591708697f,0f,0f,0f,1f], start_interpolation: 0, interpolation_duration: 1 }
$data merge entity $(bone_group13) { transformation: [-2.4830730028276933f,-2.0007455187662093f,-0.586621716077583f,0.8998101986652584f,-1.9931263456734936f,1.9224545518883098f,-0.36871266618321613f,0.9370365628711876f,1.5195696359067532f,0.3223194370520637f,-1.442194831505874f,0.2733292544471472f,0f,0f,0f,1f], start_interpolation: 0, interpolation_duration: 1 }
$data merge entity $(bone_group14) { transformation: [-2.4830730028276933f,-2.0007455187662093f,-0.586621716077583f,0.8998101986652584f,-1.9931263456734936f,1.9224545518883098f,-0.36871266618321613f,0.9370365628711876f,1.5195696359067532f,0.3223194370520637f,-1.442194831505874f,0.2733292544471472f,0f,0f,0f,1f], start_interpolation: 0, interpolation_duration: 1 }
$data merge entity $(bone_group15) { transformation: [-2.393438373730407f,-2.107151375528002f,-0.586621716077583f,0.9619792591359493f,-2.07508562082412f,1.8336858509959748f,-0.36871266618321613f,0.868903609628054f,1.504063965942282f,0.388295356945349f,-1.442194831505874f,0.2654605269721039f,0f,0f,0f,1f], start_interpolation: 0, interpolation_duration: 1 }
$data merge entity $(bone_group16) { transformation: [-2.393438373730407f,-2.107151375528002f,-0.586621716077583f,0.9619792591359493f,-2.07508562082412f,1.8336858509959748f,-0.36871266618321613f,0.868903609628054f,1.504063965942282f,0.388295356945349f,-1.442194831505874f,0.2654605269721039f,0f,0f,0f,1f], start_interpolation: 0, interpolation_duration: 1 }
$data merge entity $(bone_group17) { transformation: [-2.200680274903668f,-2.307734927560945f,-0.586621716077583f,1.0773797844244553f,-2.2270055458608327f,1.645852494180129f,-0.36871266618321613f,0.7963403537249617f,1.464498378222506f,0.5179055879742867f,-1.442194831505874f,0.2370722248262111f,0f,0f,0f,1f], start_interpolation: 0, interpolation_duration: 1 }
$data merge entity $(bone_group18) { transformation: [-2.200680274903668f,-2.307734927560945f,-0.586621716077583f,1.0773797844244553f,-2.2270055458608327f,1.645852494180129f,-0.36871266618321613f,0.7963403537249617f,1.464498378222506f,0.5179055879742867f,-1.442194831505874f,0.2370722248262111f,0f,0f,0f,1f], start_interpolation: 0, interpolation_duration: 1 }
$data merge entity $(bone_group19) { transformation: [-2.200680274903668f,-2.307734927560945f,-0.586621716077583f,1.1318237123699917f,-2.2270055458608327f,1.645852494180129f,-0.36871266618321613f,0.6823018157030362f,1.464498378222506f,0.5179055879742867f,-1.442194831505874f,0.2440820009947538f,0f,0f,0f,1f], start_interpolation: 0, interpolation_duration: 1 }
$data merge entity $(bone_group20) { transformation: [-2.200680274903668f,-2.307734927560945f,-0.586621716077583f,1.1318237123699917f,-2.2270055458608327f,1.645852494180129f,-0.36871266618321613f,0.6823018157030362f,1.464498378222506f,0.5179055879742867f,-1.442194831505874f,0.2440820009947538f,0f,0f,0f,1f], start_interpolation: 0, interpolation_duration: 1 }
$data merge entity $(bone_bone11) { transformation: [-0.8365042684321384f,-0.06185323493053585f,-0.3666385725484893f,0.5142405024360523f,0.04300573526268159f,1.4578669577088683f,-0.23044541636451008f,1.1343634173223567f,0.32925843289022855f,-0.3475602263627363f,-0.9013717696911712f,0.32412173036994896f,0f,0f,0f,1f], start_interpolation: 0, interpolation_duration: 1 }
$data merge entity $(bone_3) { transformation: [-0.8249401648797932f,-0.43017424549559663f,-0.3666385725484893f,0.555758259582227f,-0.36744031883763256f,0.9010452386917577f,-0.23044541636451008f,1.37480078125f,0.4294896232280806f,-0.055385885776140065f,-0.9013717696911712f,0.24576371869228292f,0f,0f,0f,1f], start_interpolation: 0, interpolation_duration: 1 }
$data merge entity $(bone_8) { transformation: [-0.8546307643859612f,0.10378265382783419f,-0.5087587024607239f,0.08301169522707887f,0.10693058901227412f,0.9939971405929717f,0.023141599479815173f,0.3987133770665158f,0.508106392105586f,-0.034624344866697326f,-0.8605980763654985f,0.542254816801822f,0f,0f,0f,1f], start_interpolation: 0, interpolation_duration: 1 }
$data merge entity $(bone_7) { transformation: [-0.8546307643859612f,-0.001643994609368607f,-0.519233621645201f,0.08286068207734522f,0.10693058901227412f,0.978002836955269f,-0.17909857632302276f,0.765625f,0.508106392105586f,-0.20858511018088f,-0.8356555188068074f,0.4647845525994848f,0f,0f,0f,1f], start_interpolation: 0, interpolation_duration: 1 }