# This file was generated by Animated Java via MC-Build. It is not recommended to edit this file directly.
$data merge entity $(bone_layer) { transformation: [-0.9590765296565233f,-0.16806712514905267f,-0.2278720072894707f,0.2881413902417408f,-0.13504120940591757f,0.9788629530982049f,-0.1535942408231783f,1.4077589163237312f,0.2488696084783899f,-0.11653652000979793f,-0.9615004719082665f,0.45870384749556653f,0f,0f,0f,1f], start_interpolation: 0, interpolation_duration: 1 }
$data merge entity $(bone_head) { transformation: [-0.9590765296565233f,-0.16806712514905267f,-0.2278720072894707f,0.2881413902417408f,-0.13504120940591757f,0.9788629530982049f,-0.1535942408231783f,1.4077589163237312f,0.2488696084783899f,-0.11653652000979793f,-0.9615004719082665f,0.45870384749556653f,0f,0f,0f,1f], start_interpolation: 0, interpolation_duration: 1 }
$data merge entity $(bone_6) { transformation: [-0.6993537408813728f,-0.09002627371262792f,-0.7090836446828037f,0.3600464633798236f,-0.10739916967801849f,0.9940092190855687f,-0.020275372385480217f,0.3998547984794419f,0.7066609961415035f,0.06197533714564772f,-0.7048328128840069f,0.32931680942863956f,0f,0f,0f,1f], start_interpolation: 0, interpolation_duration: 1 }
$data merge entity $(bone_12) { transformation: [-0.6993537408813728f,-0.21178965503958913f,-0.6826781724454367f,0.2806253427399777f,-0.10739916967801849f,0.9753872040548216f,-0.1925752333987681f,0.765625f,0.7066609961415035f,-0.06135914100058493f,-0.7048867230612083f,0.3063071315534202f,0f,0f,0f,1f], start_interpolation: 0, interpolation_duration: 1 }
$data merge entity $(bone_group3) { transformation: [1.20034045194478f,-0.11963253009812316f,0.2729967511875806f,-1.0056700102235263f,0.31184595888062805f,0.8181553848623084f,-0.3859189841890758f,1.6553936669233122f,-0.25764188673285965f,0.4329213959533998f,0.8047673095961398f,0.9935914635560622f,0f,0f,0f,1f], start_interpolation: 0, interpolation_duration: 1 }
$data merge entity $(bone_group1) { transformation: [1.20034045194478f,-0.11963253009812316f,0.2729967511875806f,-1.0056700102235263f,0.31184595888062805f,0.8181553848623084f,-0.3859189841890758f,1.6553936669233122f,-0.25764188673285965f,0.4329213959533998f,0.8047673095961398f,0.9935914635560622f,0f,0f,0f,1f], start_interpolation: 0, interpolation_duration: 1 }
$data merge entity $(bone_group4) { transformation: [1.1628298128215058f,-0.11589401353255684f,0.26446560271296876f,-1.0056700102235263f,0.3021007726656084f,0.7925880290853614f,-0.37385901593316717f,1.6553936669233122f,-0.24959057777245783f,0.4193926023298561f,0.7796183311712606f,0.9935914635560622f,0f,0f,0f,1f], start_interpolation: 0, interpolation_duration: 1 }
$data merge entity $(bone_group2) { transformation: [1.1628298128215058f,-0.11589401353255684f,0.26446560271296876f,-1.0056700102235263f,0.3021007726656084f,0.7925880290853614f,-0.37385901593316717f,1.6553936669233122f,-0.24959057777245783f,0.4193926023298561f,0.7796183311712606f,0.9935914635560622f,0f,0f,0f,1f], start_interpolation: 0, interpolation_duration: 1 }
$data merge entity $(bone_10) { transformation: [-0.7899891688102668f,0.21727308738067877f,-0.5733319445683553f,0.21663492797753792f,0f,0.9351043811742119f,0.3543723977806313f,1.0666249423692593f,0.6131207981812914f,0.27995035597202217f,-0.7387223328346547f,0.41753850004115284f,0f,0f,0f,1f], start_interpolation: 0, interpolation_duration: 1 }
$data merge entity $(bone_9) { transformation: [-0.7899891688102668f,0.21614693463544238f,-0.5737574538166503f,0.2977033481030763f,0f,0.9357983867430283f,0.3525356426932539f,1.4177665625f,0.6131207981812914f,0.27849933934723686f,-0.7392705897171136f,0.5219929142800886f,0f,0f,0f,1f], start_interpolation: 0, interpolation_duration: 1 }
$data merge entity $(bone_bone12) { transformation: [-0.7399586051307985f,0.984558591889639f,-0.5708105900400371f,0.1149178656518367f,0.8576916779824454f,1.1088050177970021f,0.35585041678138785f,1.8658187605141088f,0.983273231717685f,-0.22626491474482013f,-0.7399633444804258f,0.28647888216672734f,0f,0f,0f,1f], start_interpolation: 0, interpolation_duration: 1 }
$data merge entity $(bone_bone1) { transformation: [0.9242157617459076f,0.47037693799502167f,0.34819735270330626f,-0.04821625669066139f,-0.3059980034849767f,-0.7242436948236985f,0.9209148873253401f,1.364794147018457f,0.22845228736793236f,-2.873015246515505f,-0.17514101139643384f,1.881804783632269f,0f,0f,0f,1f], start_interpolation: 0, interpolation_duration: 1 }
$data merge entity $(bone_2) { transformation: [0.9991226512840881f,-0.03350711709726363f,0.0251237098153333f,-0.08067544787768373f,-0.02430316974233243f,0.024675054243293373f,0.9994000688605972f,1.261459810873764f,-0.03410694403681136f,-0.9991338322776989f,0.02383907646174695f,1.0045827958315643f,0f,0f,0f,1f], start_interpolation: 0, interpolation_duration: 1 }
$data merge entity $(bone_bone2) { transformation: [1.9129920609130266f,-0.5812434142423468f,0.025580599502509693f,0.17117769140217906f,-0.02708806274261567f,0.08670644808439229f,0.9989679960736283f,1.252985859345125f,-0.5828615716794028f,-1.911710774479364f,0.03753099718542027f,1.0584756374746649f,0f,0f,0f,1f], start_interpolation: 0, interpolation_duration: 1 }
$data merge entity $(bone_1) { transformation: [0.9991226512840881f,-0.033159623341452664f,0.025580599502509693f,-0.09311030663072847f,-0.02430316974233243f,0.03837054548889293f,0.9989679960736283f,1.275848765432099f,-0.03410694403681136f,-0.9987132424368559f,0.03753099718542027f,0.6300653299177432f,0f,0f,0f,1f], start_interpolation: 0, interpolation_duration: 1 }
$data merge entity $(bone_4) { transformation: [-0.8267995367647354f,-0.5542230997958397f,0.09612118215206131f,0.6745932273813278f,-0.3687448251016728f,0.40499372629815533f,-0.8366644103939592f,1.0997687030260577f,0.42477026728145173f,-0.7271979354424938f,-0.5392155252974627f,0.23336479574336955f,0f,0f,0f,1f], start_interpolation: 0, interpolation_duration: 1 }
$data merge entity $(bone_group5) { transformation: [-3.3071981470589416f,-1.1606782653120038f,-1.4510960837240399f,0.7081093197102687f,-1.4749793004066911f,2.4333670933279503f,-0.9102172917527223f,0.8809921046083335f,1.699081069125807f,-0.14680106791505504f,-3.6146679844205742f,0.4169042454106234f,0f,0f,0f,1f], start_interpolation: 0, interpolation_duration: 1 }
$data merge entity $(bone_group7) { transformation: [-3.3071981470589416f,-1.1606782653120038f,-1.4510960837240399f,0.7081093197102687f,-1.4749793004066911f,2.4333670933279503f,-0.9102172917527223f,0.8809921046083335f,1.699081069125807f,-0.14680106791505504f,-3.6146679844205742f,0.4169042454106234f,0f,0f,0f,1f], start_interpolation: 0, interpolation_duration: 1 }
$data merge entity $(bone_group6) { transformation: [-2.283778478045866f,-2.6587759369101205f,-1.4510960837240399f,1.0710252820023511f,-2.4940530908723684f,1.3698680693517589f,-0.9102172917527223f,0.9518448435399077f,1.5448479029097002f,0.722407080445781f,-3.6146679844205742f,0.25337129513848444f,0f,0f,0f,1f], start_interpolation: 0, interpolation_duration: 1 }
$data merge entity $(bone_group8) { transformation: [-2.283778478045866f,-2.6587759369101205f,-1.4510960837240399f,1.0710252820023511f,-2.4940530908723684f,1.3698680693517589f,-0.9102172917527223f,0.9518448435399077f,1.5448479029097002f,0.722407080445781f,-3.6146679844205742f,0.25337129513848444f,0f,0f,0f,1f], start_interpolation: 0, interpolation_duration: 1 }
$data merge entity $(bone_group9) { transformation: [-2.283778478045866f,-2.6587759369101205f,-1.4510960837240399f,1.1254320756888514f,-2.4940530908723684f,1.3698680693517589f,-0.9102172917527223f,0.8377807610401601f,1.5448479029097002f,0.722407080445781f,-3.6146679844205742f,0.2602525951970026f,0f,0f,0f,1f], start_interpolation: 0, interpolation_duration: 1 }
$data merge entity $(bone_group10) { transformation: [-2.283778478045866f,-2.6587759369101205f,-1.4510960837240399f,1.1254320756888514f,-2.4940530908723684f,1.3698680693517589f,-0.9102172917527223f,0.8377807610401601f,1.5448479029097002f,0.722407080445781f,-3.6146679844205742f,0.2602525951970026f,0f,0f,0f,1f], start_interpolation: 0, interpolation_duration: 1 }
$data merge entity $(bone_group11) { transformation: [-2.283778478045866f,-2.6587759369101205f,-1.4510960837240399f,1.1798388693753517f,-2.4940530908723684f,1.3698680693517589f,-0.9102172917527223f,0.7237166785404122f,1.5448479029097002f,0.722407080445781f,-3.6146679844205742f,0.26713389525552084f,0f,0f,0f,1f], start_interpolation: 0, interpolation_duration: 1 }
$data merge entity $(bone_group12) { transformation: [-2.283778478045866f,-2.6587759369101205f,-1.4510960837240399f,1.1798388693753517f,-2.4940530908723684f,1.3698680693517589f,-0.9102172917527223f,0.7237166785404122f,1.5448479029097002f,0.722407080445781f,-3.6146679844205742f,0.26713389525552084f,0f,0f,0f,1f], start_interpolation: 0, interpolation_duration: 1 }
$data merge entity $(bone_group13) { transformation: [-2.489695153362037f,-2.0020028326304744f,-0.580438433489616f,0.9022143607939503f,-1.9977690820071303f,1.9215620974968661f,-0.36408691670108895f,0.9365635916002641f,1.5025421071841094f,0.31982451132411605f,-1.4458671937682297f,0.2731158821152305f,0f,0f,0f,1f], start_interpolation: 0, interpolation_duration: 1 }
$data merge entity $(bone_group14) { transformation: [-2.489695153362037f,-2.0020028326304744f,-0.580438433489616f,0.9022143607939503f,-1.9977690820071303f,1.9215620974968661f,-0.36408691670108895f,0.9365635916002641f,1.5025421071841094f,0.31982451132411605f,-1.4458671937682297f,0.2731158821152305f,0f,0f,0f,1f], start_interpolation: 0, interpolation_duration: 1 }
$data merge entity $(bone_group15) { transformation: [-2.3999993781843054f,-2.1086963468574154f,-0.580438433489616f,0.9644127840448498f,-2.079685009987708f,1.8325917327087877f,-0.36408691670108895f,0.8684515910662371f,1.4871614707857659f,0.38506007546263676f,-1.4458671937682297f,0.2652979669282625f,0f,0f,0f,1f], start_interpolation: 0, interpolation_duration: 1 }
$data merge entity $(bone_group16) { transformation: [-2.3999993781843054f,-2.1086963468574154f,-0.580438433489616f,0.9644127840448498f,-2.079685009987708f,1.8325917327087877f,-0.36408691670108895f,0.8684515910662371f,1.4871614707857659f,0.38506007546263676f,-1.4458671937682297f,0.2652979669282625f,0f,0f,0f,1f], start_interpolation: 0, interpolation_duration: 1 }
$data merge entity $(bone_group17) { transformation: [-2.207081659631059f,-2.3098458490243603f,-0.580438433489616f,1.0799301255582592f,-2.2314920742680857f,1.64436167616461f,-0.36408691670108895f,0.795970747284465f,1.4479421755236865f,0.5132094681947195f,-1.4458671937682297f,0.23717548237934782f,0f,0f,0f,1f], start_interpolation: 0, interpolation_duration: 1 }
$data merge entity $(bone_group18) { transformation: [-2.207081659631059f,-2.3098458490243603f,-0.580438433489616f,1.0799301255582592f,-2.2314920742680857f,1.64436167616461f,-0.36408691670108895f,0.795970747284465f,1.4479421755236865f,0.5132094681947195f,-1.4458671937682297f,0.23717548237934782f,0f,0f,0f,1f], start_interpolation: 0, interpolation_duration: 1 }
$data merge entity $(bone_group19) { transformation: [-2.207081659631059f,-2.3098458490243603f,-0.580438433489616f,1.1343369192447592f,-2.2314920742680857f,1.64436167616461f,-0.36408691670108895f,0.6819066647847174f,1.4479421755236865f,0.5132094681947195f,-1.4458671937682297f,0.24405678243786605f,0f,0f,0f,1f], start_interpolation: 0, interpolation_duration: 1 }
$data merge entity $(bone_group20) { transformation: [-2.207081659631059f,-2.3098458490243603f,-0.580438433489616f,1.1343369192447592f,-2.2314920742680857f,1.64436167616461f,-0.36408691670108895f,0.6819066647847174f,1.4479421755236865f,0.5132094681947195f,-1.4458671937682297f,0.24405678243786605f,0f,0f,0f,1f], start_interpolation: 0, interpolation_duration: 1 }
$data merge entity $(bone_bone11) { transformation: [-0.8379093162814804f,-0.06027565327807449f,-0.36277402093100997f,0.516441159259265f,0.04201844794255666f,1.4589683040721093f,-0.22755432293818056f,1.1337553096585156f,0.3257950701302907f,-0.3431884807723794f,-0.9036669961051436f,0.32287748433177604f,0f,0f,0f,1f], start_interpolation: 0, interpolation_duration: 1 }
$data merge entity $(bone_3) { transformation: [-0.8267995367647354f,-0.42988083900444585f,-0.36277402093100997f,0.5583090414559769f,-0.3687448251016728f,0.9012470716029445f,-0.22755432293818056f,1.3744375f,0.42477026728145173f,-0.05437076589446482f,-0.9036669961051436f,0.24546306824673603f,0f,0f,0f,1f], start_interpolation: 0, interpolation_duration: 1 }
$data merge entity $(bone_8) { transformation: [-0.8577198581991953f,0.10532736001862532f,-0.5032124721052326f,0.08394365531319559f,0.10693037873151776f,0.9939322784859856f,0.025778283263077822f,0.3991118153230042f,0.5028742774840314f,-0.03169815475961002f,-0.8637781474601851f,0.5389132299294008f,0f,0f,0f,1f], start_interpolation: 0, interpolation_duration: 1 }
$data merge entity $(bone_7) { transformation: [-0.8577198581991953f,-0.0027533197881025595f,-0.5141099727498942f,0.08312805053741099f,0.10693037873151776f,0.9771619071153733f,-0.18363142810254665f,0.765625f,0.5028742774840314f,-0.2124782965688285f,-0.8378367588809424f,0.45958733109874306f,0f,0f,0f,1f], start_interpolation: 0, interpolation_duration: 1 }