# This file was generated by Animated Java via MC-Build. It is not recommended to edit this file directly.
$data merge entity $(bone_layer) { transformation: [-0.9589083041857713f,-0.1635229397380642f,-0.23185148768767816f,0.2883224043545561f,-0.13287285482753863f,0.9808711897977554f,-0.14225509999544972f,1.4071017125342935f,0.25067841672858077f,-0.10560282763334031f,-0.9622932890664337f,0.4560908290288316f,0f,0f,0f,1f], start_interpolation: 0, interpolation_duration: 1 }
$data merge entity $(bone_head) { transformation: [-0.9589083041857713f,-0.1635229397380642f,-0.23185148768767816f,0.2883224043545561f,-0.13287285482753863f,0.9808711897977554f,-0.14225509999544972f,1.4071017125342935f,0.25067841672858077f,-0.10560282763334031f,-0.9622932890664337f,0.4560908290288316f,0f,0f,0f,1f], start_interpolation: 0, interpolation_duration: 1 }
$data merge entity $(bone_6) { transformation: [-0.702678662815124f,-0.08744741600178446f,-0.7061130548707903f,0.3596979887511103f,-0.10705397536184277f,0.994114937245637f,-0.01658125159114443f,0.3995752024515591f,0.7034075228369221f,0.06394091788294662f,-0.7079049483064171f,0.32614880012962283f,0f,0f,0f,1f], start_interpolation: 0, interpolation_duration: 1 }
$data merge entity $(bone_12) { transformation: [-0.702678662815124f,-0.2087341384645831f,-0.6802005265094972f,0.28142268682689164f,-0.10705397536184277f,0.976132793462509f,-0.18895559236578474f,0.765625f,0.7034075228369221f,-0.05995689256896909f,-0.7082535053565905f,0.3036649654162594f,0f,0f,0f,1f], start_interpolation: 0, interpolation_duration: 1 }
$data merge entity $(bone_group3) { transformation: [1.2017546284595921f,-0.12281319700949413f,0.2681636437767478f,-1.0086336265936975f,0.3127128341724429f,0.8177734999317265f,-0.386347311781128f,1.6541851200379065f,-0.2498818536113221f,0.43275227620525897f,0.8061855406461866f,0.9839001912312432f,0f,0f,0f,1f], start_interpolation: 0, interpolation_duration: 1 }
$data merge entity $(bone_group1) { transformation: [1.2017546284595921f,-0.12281319700949413f,0.2681636437767478f,-1.0086336265936975f,0.3127128341724429f,0.8177734999317265f,-0.386347311781128f,1.6541851200379065f,-0.2498818536113221f,0.43275227620525897f,0.8061855406461866f,0.9839001912312432f,0f,0f,0f,1f], start_interpolation: 0, interpolation_duration: 1 }
$data merge entity $(bone_group4) { transformation: [1.16419979632023f,-0.11897528460294744f,0.25978352990872444f,-1.0086336265936975f,0.30294055810455406f,0.7922180780588601f,-0.3742739582879678f,1.6541851200379065f,-0.2420730456859683f,0.41922876757384464f,0.7809922425009933f,0.9839001912312432f,0f,0f,0f,1f], start_interpolation: 0, interpolation_duration: 1 }
$data merge entity $(bone_group2) { transformation: [1.16419979632023f,-0.11897528460294744f,0.25978352990872444f,-1.0086336265936975f,0.30294055810455406f,0.7922180780588601f,-0.3742739582879678f,1.6541851200379065f,-0.2420730456859683f,0.41922876757384464f,0.7809922425009933f,0.9839001912312432f,0f,0f,0f,1f], start_interpolation: 0, interpolation_duration: 1 }
$data merge entity $(bone_10) { transformation: [-0.7924620743259437f,0.21668880569475743f,-0.5701314078715556f,0.21721342997839227f,0f,0.9347624170408473f,0.35527344917394704f,1.066448073656509f,0.6099211922494762f,0.2815407344853188f,-0.7407637640101228f,0.414936060746804f,0f,0f,0f,1f], start_interpolation: 0, interpolation_duration: 1 }
$data merge entity $(bone_9) { transformation: [-0.7924620743259437f,0.21639336609769477f,-0.570243607473097f,0.29836452304533445f,0f,0.9349463745798984f,0.35478905938586136f,1.4171102734374998f,0.6099211922494762f,0.28115687394907013f,-0.7409095433831071f,0.5203745409354745f,0f,0f,0f,1f], start_interpolation: 0, interpolation_duration: 1 }
$data merge entity $(bone_bone12) { transformation: [-0.7447209605113837f,0.982717674235571f,-0.5694662856941021f,0.11668687988770879f,0.8545766369319429f,1.1113410896340417f,0.3556651072137704f,1.86486490828146f,0.9823896694209956f,-0.22178132300996747f,-0.741087363924376f,0.284323320245226f,0f,0f,0f,1f], start_interpolation: 0, interpolation_duration: 1 }
$data merge entity $(bone_bone1) { transformation: [0.9248025193872991f,0.43990662664814056f,0.3510531553681175f,-0.035440052445407495f,-0.31290266896036145f,-0.6951378626663589f,0.9210869563066952f,1.3473776323828677f,0.21640753196778523f,-2.8850070210865533f,-0.16840576304793298f,1.879439222515808f,0f,0f,0f,1f], start_interpolation: 0, interpolation_duration: 1 }
$data merge entity $(bone_2) { transformation: [0.9986284104184395f,-0.042737348133785096f,0.030245941539877183f,-0.0766159747549541f,-0.02872676610713905f,0.03572471074439154f,0.9989487063664756f,1.2537681659884008f,-0.04377294614448235f,-0.9984474268166162f,0.03444800529945155f,1.0014917233888374f,0f,0f,0f,1f], start_interpolation: 0, interpolation_duration: 1 }
$data merge entity $(bone_bone2) { transformation: [1.907558397814268f,-0.5977029208658273f,0.031512605877356846f,0.17565438549694112f,-0.021521636439889177f,0.14166356165351654f,0.9974302299490162f,1.2424844031037157f,-0.6006311497859709f,-1.9033346142200283f,0.06434199293362755f,1.0528589506212012f,0f,0f,0f,1f], start_interpolation: 0, interpolation_duration: 1 }
$data merge entity $(bone_1) { transformation: [0.9986284104184395f,-0.0418121223565653f,0.031512605877356846f,-0.09229552063866608f,-0.02872676610713905f,0.0656331417264048f,0.9974302299490162f,1.2783805941358026f,-0.04377294614448235f,-0.9969674202957499f,0.06434199293362755f,0.6276289407779312f,0f,0f,0f,1f], start_interpolation: 0, interpolation_duration: 1 }
$data merge entity $(bone_4) { transformation: [-0.8280202685430378f,-0.5521316278238324f,0.09763759746388986f,0.6764509175491243f,-0.36959811492025096f,0.40652274111773334f,-0.83554562676225f,1.0998334027914187f,0.42163926326815515f,-0.727935386219635f,-0.5406758781006955f,0.2331436374329847f,0f,0f,0f,1f], start_interpolation: 0, interpolation_duration: 1 }
$data merge entity $(bone_group5) { transformation: [-3.312081074172151f,-1.160184892296383f,-1.4407885099013291f,0.7094362567661057f,-1.4783924596810039f,2.433706736579657f,-0.9026555575032538f,0.8806748003538518f,1.6865570530726206f,-0.14506045641050916f,-3.620682451450941f,0.4163231461634751f,0f,0f,0f,1f], start_interpolation: 0, interpolation_duration: 1 }
$data merge entity $(bone_group7) { transformation: [-3.312081074172151f,-1.160184892296383f,-1.4407885099013291f,0.7094362567661057f,-1.4783924596810039f,2.433706736579657f,-0.9026555575032538f,0.8806748003538518f,1.6865570530726206f,-0.14506045641050916f,-3.620682451450941f,0.4163231461634751f,0f,0f,0f,1f], start_interpolation: 0, interpolation_duration: 1 }
$data merge entity $(bone_group6) { transformation: [-2.288253903478543f,-2.660790126901656f,-1.4407885099013291f,1.0728199859092808f,-2.4971787951369393f,1.3684556293988042f,-0.9026555575032538f,0.9518546687581511f,1.5331314810979637f,0.717652486200244f,-3.620682451450941f,0.2539752978465045f,0f,0f,0f,1f], start_interpolation: 0, interpolation_duration: 1 }
$data merge entity $(bone_group8) { transformation: [-2.288253903478543f,-2.660790126901656f,-1.4407885099013291f,1.0728199859092808f,-2.4971787951369393f,1.3684556293988042f,-0.9026555575032538f,0.9518546687581511f,1.5331314810979637f,0.717652486200244f,-3.620682451450941f,0.2539752978465045f,0f,0f,0f,1f], start_interpolation: 0, interpolation_duration: 1 }
$data merge entity $(bone_group9) { transformation: [-2.288253903478543f,-2.660790126901656f,-1.4407885099013291f,1.1272036527356737f,-2.4971787951369393f,1.3684556293988042f,-0.9026555575032538f,0.8377746654809797f,1.5331314810979637f,0.717652486200244f,-3.620682451450941f,0.26077500674074716f,0f,0f,0f,1f], start_interpolation: 0, interpolation_duration: 1 }
$data merge entity $(bone_group10) { transformation: [-2.288253903478543f,-2.660790126901656f,-1.4407885099013291f,1.1272036527356737f,-2.4971787951369393f,1.3684556293988042f,-0.9026555575032538f,0.8377746654809797f,1.5331314810979637f,0.717652486200244f,-3.620682451450941f,0.26077500674074716f,0f,0f,0f,1f], start_interpolation: 0, interpolation_duration: 1 }
$data merge entity $(bone_group11) { transformation: [-2.288253903478543f,-2.660790126901656f,-1.4407885099013291f,1.1815873195620668f,-2.4971787951369393f,1.3684556293988042f,-0.9026555575032538f,0.7236946622038081f,1.5331314810979637f,0.717652486200244f,-3.620682451450941f,0.2675747156349898f,0f,0f,0f,1f], start_interpolation: 0, interpolation_duration: 1 }
$data merge entity $(bone_group12) { transformation: [-2.288253903478543f,-2.660790126901656f,-1.4407885099013291f,1.1815873195620668f,-2.4971787951369393f,1.3684556293988042f,-0.9026555575032538f,0.7236946622038081f,1.5331314810979637f,0.717652486200244f,-3.620682451450941f,0.2675747156349898f,0f,0f,0f,1f], start_interpolation: 0, interpolation_duration: 1 }
$data merge entity $(bone_group13) { transformation: [-2.494034750810576f,-2.002853786473784f,-0.5763154039605317f,0.9039529065305216f,-2.000800883772645f,1.9209622999136502f,-0.36106222300130153f,0.9365382313728327f,1.4912687654487788f,0.3180951221864189f,-1.4482729805803765f,0.2732057097730235f,0f,0f,0f,1f], start_interpolation: 0, interpolation_duration: 1 }
$data merge entity $(bone_group14) { transformation: [-2.494034750810576f,-2.002853786473784f,-0.5763154039605317f,0.9039529065305216f,-2.000800883772645f,1.9209622999136502f,-0.36106222300130153f,0.9365382313728327f,1.4912687654487788f,0.3180951221864189f,-1.4482729805803765f,0.2732057097730235f,0f,0f,0f,1f], start_interpolation: 0, interpolation_duration: 1 }
$data merge entity $(bone_group15) { transformation: [-2.4042977272123274f,-2.10973578136334f,-0.5763154039605317f,0.9661714754436364f,-2.0826877633466108f,1.8318602606643424f,-0.36106222300130153f,0.8684404823028012f,1.4759742936685019f,0.3828405960601422f,-1.4482729805803765f,0.26542403106499357f,0f,0f,0f,1f], start_interpolation: 0, interpolation_duration: 1 }
$data merge entity $(bone_group16) { transformation: [-2.4042977272123274f,-2.10973578136334f,-0.5763154039605317f,0.9661714754436364f,-2.0826877633466108f,1.8318602606643424f,-0.36106222300130153f,0.8684404823028012f,1.4759742936685019f,0.3828405960601422f,-1.4482729805803765f,0.26542403106499357f,0f,0f,0f,1f], start_interpolation: 0, interpolation_duration: 1 }
$data merge entity $(bone_group17) { transformation: [-2.211273059456922f,-2.311255953970302f,-0.5763154039605317f,1.081766633296936f,-2.234419649254569f,1.6433712803928475f,-0.36106222300130153f,0.796014251536408f,1.4369910093686926f,0.5100234078505258f,-1.4482729805803765f,0.23748116756299728f,0f,0f,0f,1f], start_interpolation: 0, interpolation_duration: 1 }
$data merge entity $(bone_group18) { transformation: [-2.211273059456922f,-2.311255953970302f,-0.5763154039605317f,1.081766633296936f,-2.234419649254569f,1.6433712803928475f,-0.36106222300130153f,0.796014251536408f,1.4369910093686926f,0.5100234078505258f,-1.4482729805803765f,0.23748116756299728f,0f,0f,0f,1f], start_interpolation: 0, interpolation_duration: 1 }
$data merge entity $(bone_group19) { transformation: [-2.211273059456922f,-2.311255953970302f,-0.5763154039605317f,1.1361503001233288f,-2.234419649254569f,1.6433712803928475f,-0.36106222300130153f,0.6819342482592367f,1.4369910093686926f,0.5100234078505258f,-1.4482729805803765f,0.24428087645723992f,0f,0f,0f,1f], start_interpolation: 0, interpolation_duration: 1 }
$data merge entity $(bone_group20) { transformation: [-2.211273059456922f,-2.311255953970302f,-0.5763154039605317f,1.1361503001233288f,-2.234419649254569f,1.6433712803928475f,-0.36106222300130153f,0.6819342482592367f,1.4369910093686926f,0.5100234078505258f,-1.4482729805803765f,0.24428087645723992f,0f,0f,0f,1f], start_interpolation: 0, interpolation_duration: 1 }
$data merge entity $(bone_bone11) { transformation: [-0.8388355363109659f,-0.059253382517016284f,-0.3601971274753323f,0.5180447131736988f,0.041370285536313944f,1.459680239708518f,-0.22566388937581344f,1.1336394000093617f,0.3234863868797853f,-0.3403272461393225f,-0.9051706128627353f,0.32227453256745175f,0f,0f,0f,1f], start_interpolation: 0, interpolation_duration: 1 }
$data merge entity $(bone_3) { transformation: [-0.8280202685430378f,-0.42969810825791965f,-0.3601971274753323f,0.5601404518936586f,-0.36959811492025096f,0.901372865399873f,-0.22566388937581344f,1.37448046875f,0.42163926326815515f,-0.05372609496685524f,-0.9051706128627353f,0.24548028464166002f,0f,0f,0f,1f], start_interpolation: 0, interpolation_duration: 1 }
$data merge entity $(bone_8) { transformation: [-0.8597471021082268f,0.10632178680079261f,-0.4995303775227219f,0.08454158063710997f,0.1069302462971439f,0.9938860532018914f,0.02750337574915429f,0.39937911876711696f,0.4994004834232125f,-0.02976895870288085f,-0.8658596689154702f,0.5366899287268465f,0f,0f,0f,1f], start_interpolation: 0, interpolation_duration: 1 }
$data merge entity $(bone_7) { transformation: [-0.8597471021082268f,-0.003443382932296915f,-0.510708393832026f,0.08330716824540571f,0.1069302462971439f,0.9766002878125437f,-0.18659528469736006f,0.765625f,0.4994004834232125f,-0.21503492962409218f,-0.8392610655798488f,0.4561452634786285f,0f,0f,0f,1f], start_interpolation: 0, interpolation_duration: 1 }