# This file was generated by Animated Java via MC-Build. It is not recommended to edit this file directly.
$data merge entity $(bone_layer) { transformation: [-0.9576621969424034f,-0.15878266443112748f,-0.24014825009481416f,0.2883874705101911f,-0.1305261922198331f,0.982962913144556f,-0.1294095225513152f,1.40625f,0.2566048122932239f,-0.09258497101862775f,-0.9620717194936348f,0.4551453728798819f,0f,0f,0f,1f], start_interpolation: 0, interpolation_duration: 1 }
$data merge entity $(bone_head) { transformation: [-0.9576621969424034f,-0.15878266443112748f,-0.24014825009481416f,0.2883874705101911f,-0.1305261922198331f,0.982962913144556f,-0.1294095225513152f,1.40625f,0.2566048122932239f,-0.09258497101862775f,-0.9620717194936348f,0.4551453728798819f,0f,0f,0f,1f], start_interpolation: 0, interpolation_duration: 1 }
$data merge entity $(bone_6) { transformation: [-0.7038760351352029f,-0.08652848752895048f,-0.7050328701615969f,0.35957630858725065f,-0.10693020025361251f,0.9941494646465808f,-0.015256939950038018f,0.3994762147683284f,0.7022282103675905f,0.06465031159143009f,-0.7090104920063327f,0.3250034247278662f,0f,0f,0f,1f], start_interpolation: 0, interpolation_duration: 1 }
$data merge entity $(bone_12) { transformation: [-0.7038760351352029f,-0.2076415984737774f,-0.679296322487912f,0.2817107091595841f,-0.10693020025361251f,0.976396760617791f,-0.18765739561447228f,0.765625f,0.7022282103675905f,-0.05945025179373799f,-0.7094654382882877f,0.30270958030521444f,0f,0f,0f,1f], start_interpolation: 0, interpolation_duration: 1 }
$data merge entity $(bone_group3) { transformation: [1.202253146202589f,-0.12395827866353826f,0.2664178851001758f,-1.0096918167061828f,0.31302143709887487f,0.8176364548565662f,-0.3865016524449146f,1.6537541352302914f,-0.2470817613806733f,0.4326847396794458f,0.8066902096016855f,0.9803954180677454f,0f,0f,0f,1f], start_interpolation: 0, interpolation_duration: 1 }
$data merge entity $(bone_group1) { transformation: [1.202253146202589f,-0.12395827866353826f,0.2664178851001758f,-1.0096918167061828f,0.31302143709887487f,0.8176364548565662f,-0.3865016524449146f,1.6537541352302914f,-0.2470817613806733f,0.4326847396794458f,0.8066902096016855f,0.9803954180677454f,0f,0f,0f,1f], start_interpolation: 0, interpolation_duration: 1 }
$data merge entity $(bone_group4) { transformation: [1.164682735383758f,-0.1200845824553027f,0.2580923261907953f,-1.0096918167061828f,0.30323951718953507f,0.7920853156422987f,-0.37442347580601104f,1.6537541352302914f,-0.23936045633752728f,0.41916334156446317f,0.7814811405516329f,0.9803954180677454f,0f,0f,0f,1f], start_interpolation: 0, interpolation_duration: 1 }
$data merge entity $(bone_group2) { transformation: [1.164682735383758f,-0.1200845824553027f,0.2580923261907953f,-1.0096918167061828f,0.30323951718953507f,0.7920853156422987f,-0.37442347580601104f,1.6537541352302914f,-0.23936045633752728f,0.41916334156446317f,0.7814811405516329f,0.9803954180677454f,0f,0f,0f,1f], start_interpolation: 0, interpolation_duration: 1 }
$data merge entity $(bone_10) { transformation: [-0.7933533402912353f,0.2164733648758036f,-0.5689725474467874f,0.21742144896566507f,0f,0.9346396146899064f,0.3555963872880366f,1.066385144491285f,0.6087614290087205f,0.2821135816504596f,-0.7414994602827504f,0.4139943914842281f,0f,0f,0f,1f], start_interpolation: 0, interpolation_duration: 1 }
$data merge entity $(bone_9) { transformation: [-0.7933533402912353f,0.2164733648758036f,-0.5689725474467874f,0.29859896079409143f,0f,0.9346396146899064f,0.3555963872880366f,1.416875f,0.6087614290087205f,0.2821135816504596f,-0.7414994602827504f,0.5197869846031504f,0f,0f,0f,1f], start_interpolation: 0, interpolation_duration: 1 }
$data merge entity $(bone_bone12) { transformation: [-0.7464433314107102f,0.9820541703792546f,-0.5689725474467874f,0.11732139780981057f,0.8534588211701812f,1.1122491904241254f,0.3555963872880366f,1.8645232990291118f,0.9820541703792545f,-0.220162087657235f,-0.7414994602827504f,0.28354146499521576f,0f,0f,0f,1f], start_interpolation: 0, interpolation_duration: 1 }
$data merge entity $(bone_bone1) { transformation: [0.9257754198358695f,0.3965668940647631f,0.3542117299615678f,-0.016933077050581773f,-0.3213458965685517f,-0.6554508545750392f,0.9214128951455076f,1.3265246716305845f,0.19919007702762936f,-2.9005376873553423f,-0.15978838198444642f,1.8794282127542554f,0f,0f,0f,1f], start_interpolation: 0, interpolation_duration: 1 }
$data merge entity $(bone_2) { transformation: [0.9977536717302518f,-0.05607053738116605f,0.03665658721959902f,-0.07057687066155194f,-0.033830460315637315f,0.050547956963889876f,0.9981484879523732f,1.2459855729799414f,-0.05781963769890719f,-0.9971464280057188f,0.048537517569433884f,1.0008578985530723f,0f,0f,0f,1f], start_interpolation: 0, interpolation_duration: 1 }
$data merge entity $(bone_bone2) { transformation: [1.899343129511297f,-0.6216032580489277f,0.039067460760812286f,0.18226268681953411f,-0.01667753558867458f,0.19918031251100043f,0.9949936008481046f,1.2316505533976891f,-0.6262727330683657f,-1.8904858086457508f,0.09198623691088366f,1.0485330009267955f,0f,0f,0f,1f], start_interpolation: 0, interpolation_duration: 1 }
$data merge entity $(bone_1) { transformation: [0.9977536717302518f,-0.0544182327763701f,0.039067460760812286f,-0.09098370795269073f,-0.033830460315637315f,0.09403847205348945f,0.9949936008481046f,1.28125f,-0.05781963769890719f,-0.9940801887752023f,0.09198623691088366f,0.6280778277623713f,0f,0f,0f,1f], start_interpolation: 0, interpolation_duration: 1 }
$data merge entity $(bone_4) { transformation: [-0.828460269061426f,-0.5513729783718299f,0.09819073942102347f,0.6774234431442954f,-0.369903960797052f,0.4070699101000167f,-0.8351437888638202f,1.1003610752453619f,0.42050522276580915f,-0.7282045914525273f,-0.5411962958244775f,0.23346310495723435f,0f,0f,0f,1f], start_interpolation: 0, interpolation_duration: 1 }
$data merge entity $(bone_group5) { transformation: [-3.313841076245704f,-1.1600123106040068f,-1.437041661927629f,0.7102168958978912f,-1.479615843188208f,2.4338252335129997f,-0.8999457487811008f,0.8810658343639253f,1.6820208910632366f,-0.14445127885396664f,-3.622845416400637f,0.4165134937239371f,0f,0f,0f,1f], start_interpolation: 0, interpolation_duration: 1 }
$data merge entity $(bone_group7) { transformation: [-3.313841076245704f,-1.1600123106040068f,-1.437041661927629f,0.7102168958978912f,-1.479615843188208f,2.4338252335129997f,-0.8999457487811008f,0.8810658343639253f,1.6820208910632366f,-0.14445127885396664f,-3.622845416400637f,0.4165134937239371f,0f,0f,0f,1f], start_interpolation: 0, interpolation_duration: 1 }
$data merge entity $(bone_group6) { transformation: [-2.2898644008311413f,-2.6615206678086065f,-1.437041661927629f,1.0737693887986253f,-2.4982975247994204f,1.3679465589997473f,-0.8999457487811008f,0.9523630562218848f,1.5288984607838842f,0.7159119684349332f,-3.622845416400637f,0.2545955417043948f,0f,0f,0f,1f], start_interpolation: 0, interpolation_duration: 1 }
$data merge entity $(bone_group8) { transformation: [-2.2898644008311413f,-2.6615206678086065f,-1.437041661927629f,1.0737693887986253f,-2.4982975247994204f,1.3679465589997473f,-0.8999457487811008f,0.9523630562218848f,1.5288984607838842f,0.7159119684349332f,-3.622845416400637f,0.2545955417043948f,0f,0f,0f,1f], start_interpolation: 0, interpolation_duration: 1 }
$data merge entity $(bone_group9) { transformation: [-2.2898644008311413f,-2.6615206678086065f,-1.437041661927629f,1.128144965858188f,-2.4982975247994204f,1.3679465589997473f,-0.8999457487811008f,0.8382774984009629f,1.5288984607838842f,0.7159119684349332f,-3.622845416400637f,0.2613666954006745f,0f,0f,0f,1f], start_interpolation: 0, interpolation_duration: 1 }
$data merge entity $(bone_group10) { transformation: [-2.2898644008311413f,-2.6615206678086065f,-1.437041661927629f,1.128144965858188f,-2.4982975247994204f,1.3679465589997473f,-0.8999457487811008f,0.8382774984009629f,1.5288984607838842f,0.7159119684349332f,-3.622845416400637f,0.2613666954006745f,0f,0f,0f,1f], start_interpolation: 0, interpolation_duration: 1 }
$data merge entity $(bone_group11) { transformation: [-2.2898644008311413f,-2.6615206678086065f,-1.437041661927629f,1.1825205429177508f,-2.4982975247994204f,1.3679465589997473f,-0.8999457487811008f,0.724191940580041f,1.5288984607838842f,0.7159119684349332f,-3.622845416400637f,0.2681378490969542f,0f,0f,0f,1f], start_interpolation: 0, interpolation_duration: 1 }
$data merge entity $(bone_group12) { transformation: [-2.2898644008311413f,-2.6615206678086065f,-1.437041661927629f,1.1825205429177508f,-2.4982975247994204f,1.3679465589997473f,-0.8999457487811008f,0.724191940580041f,1.5288984607838842f,0.7159119684349332f,-3.622845416400637f,0.2681378490969542f,0f,0f,0f,1f], start_interpolation: 0, interpolation_duration: 1 }
$data merge entity $(bone_group13) { transformation: [-2.4955973365561706f,-2.0031655109359674f,-0.5748166647710516f,0.9048823256928529f,-2.001886601917003f,1.9207442217835204f,-0.3599782995124403f,0.9370339314632412f,1.487191989084878f,0.31744845994676746f,-1.449138166560255f,0.2736394474118643f,0f,0f,0f,1f], start_interpolation: 0, interpolation_duration: 1 }
$data merge entity $(bone_group14) { transformation: [-2.4955973365561706f,-2.0031655109359674f,-0.5748166647710516f,0.9048823256928529f,-2.001886601917003f,1.9207442217835204f,-0.3599782995124403f,0.9370339314632412f,1.487191989084878f,0.31744845994676746f,-1.449138166560255f,0.2736394474118643f,0f,0f,0f,1f], start_interpolation: 0, interpolation_duration: 1 }
$data merge entity $(bone_group15) { transformation: [-2.4058452284924665f,-2.110115368165836f,-0.5748166647710516f,0.9671083264217069f,-2.0837629356934366f,1.8315950317359615f,-0.3599782995124403f,0.8689413958649078f,1.4719296045030854f,0.3820167228122354f,-1.449138166560255f,0.26587158421801715f,0f,0f,0f,1f], start_interpolation: 0, interpolation_duration: 1 }
$data merge entity $(bone_group16) { transformation: [-2.4058452284924665f,-2.110115368165836f,-0.5748166647710516f,0.9671083264217069f,-2.0837629356934366f,1.8315950317359615f,-0.3599782995124403f,0.8689413958649078f,1.4719296045030854f,0.3820167228122354f,-1.449138166560255f,0.26587158421801715f,0f,0f,0f,1f], start_interpolation: 0, interpolation_duration: 1 }
$data merge entity $(bone_group17) { transformation: [-2.212781588857777f,-2.3117689699538877f,-0.5748166647710516f,1.0827317529821299f,-2.2354676140217604f,1.6430133532961448f,-0.3599782995124403f,0.796534876341142f,1.433033516751527f,0.5088501518006661f,-1.449138166560255f,0.23799467255750043f,0f,0f,0f,1f], start_interpolation: 0, interpolation_duration: 1 }
$data merge entity $(bone_group18) { transformation: [-2.212781588857777f,-2.3117689699538877f,-0.5748166647710516f,1.0827317529821299f,-2.2354676140217604f,1.6430133532961448f,-0.3599782995124403f,0.796534876341142f,1.433033516751527f,0.5088501518006661f,-1.449138166560255f,0.23799467255750043f,0f,0f,0f,1f], start_interpolation: 0, interpolation_duration: 1 }
$data merge entity $(bone_group19) { transformation: [-2.212781588857777f,-2.3117689699538877f,-0.5748166647710516f,1.1371073300416927f,-2.2354676140217604f,1.6430133532961448f,-0.3599782995124403f,0.6824493185202201f,1.433033516751527f,0.5088501518006661f,-1.449138166560255f,0.2447658262537801f,0f,0f,0f,1f], start_interpolation: 0, interpolation_duration: 1 }
$data merge entity $(bone_group20) { transformation: [-2.212781588857777f,-2.3117689699538877f,-0.5748166647710516f,1.1371073300416927f,-2.2354676140217604f,1.6430133532961448f,-0.3599782995124403f,0.6824493185202201f,1.433033516751527f,0.5088501518006661f,-1.449138166560255f,0.2447658262537801f,0f,0f,0f,1f], start_interpolation: 0, interpolation_duration: 1 }
$data merge entity $(bone_bone11) { transformation: [-0.8391701225591897f,-0.0588875585069244f,-0.35926041548190724f,0.5189252088579513f,0.041137507075844126f,1.4599337875063108f,-0.2249864371952752f,1.134102228141265f,0.3226471926355158f,-0.33930162326545366f,-0.9057113541001592f,0.3224548564253704f,0f,0f,0f,1f], start_interpolation: 0, interpolation_duration: 1 }
$data merge entity $(bone_3) { transformation: [-0.828460269061426f,-0.4296341891125951f,-0.35926041548190724f,0.5611026812353033f,-0.369903960797052f,0.9014167531529628f,-0.2249864371952752f,1.375f,0.42050522276580915f,-0.05350047364961727f,-0.9057113541001592f,0.2458836316581342f,0f,0f,0f,1f], start_interpolation: 0, interpolation_duration: 1 }
$data merge entity $(bone_8) { transformation: [-0.8604768876270503f,0.1066751911639297f,-0.49819667747768437f,0.08475347409168107f,0.10693020025361251f,0.993868753015413f,0.028121771873593965f,0.3994762147683284f,0.4981420059916519f,-0.02907413575202511f,-0.8666078908577315f,0.5358824025491918f,0f,0f,0f,1f], start_interpolation: 0, interpolation_duration: 1 }
$data merge entity $(bone_7) { transformation: [-0.8604768876270503f,-0.003682933346415382f,-0.5094761641741747f,0.08337237408677531f,0.10693020025361251f,0.976396760617791f,-0.18765739561447228f,0.765625f,0.4981420059916519f,-0.21595323997812604f,-0.839773028865278f,0.45489993755739455f,0f,0f,0f,1f], start_interpolation: 0, interpolation_duration: 1 }