# This file was generated by Animated Java via MC-Build. It is not recommended to edit this file directly.
$data merge entity $(bone_layer) { transformation: [-0.9531810644842987f,-0.14673286481114584f,-0.2644150613957026f,0.2883874705101911f,-0.12484374979520213f,0.9873383384836941f,-0.09786237018042869f,1.40405f,0.27542675332227995f,-0.060269990414569416f,-0.9594308895432624f,0.4551453728798819f,0f,0f,0f,1f], start_interpolation: 0, interpolation_duration: 1 }
$data merge entity $(bone_head) { transformation: [-0.9531810644842987f,-0.14673286481114584f,-0.2644150613957026f,0.2883874705101911f,-0.12484374979520213f,0.9873383384836941f,-0.09786237018042869f,1.40405f,0.27542675332227995f,-0.060269990414569416f,-0.9594308895432624f,0.4551453728798819f,0f,0f,0f,1f], start_interpolation: 0, interpolation_duration: 1 }
$data merge entity $(bone_6) { transformation: [-0.7038773472622076f,-0.08652991634906565f,-0.705031384824634f,0.359576739532402f,-0.10693037873151771f,0.9941494199080393f,-0.015258604157752154f,0.39947633966039064f,0.7022268679817455f,0.06464908717942186f,-0.7090119331939454f,0.3250039707541316f,0f,0f,0f,1f], start_interpolation: 0, interpolation_duration: 1 }
$data merge entity $(bone_12) { transformation: [-0.7038773472622076f,-0.20764274766084767f,-0.6792946116045461f,0.2817107091595841f,-0.10693037873151771f,0.9763964275722916f,-0.18765902677036558f,0.765625f,0.7022268679817455f,-0.05945170786377918f,-0.7094666449641083f,0.30270958030521444f,0f,0f,0f,1f], start_interpolation: 0, interpolation_duration: 1 }
$data merge entity $(bone_group3) { transformation: [1.2022529172540222f,-0.12395897604384179f,0.26641812156744915f,-1.0096922370262456f,0.31302196324755255f,0.8176371268292295f,-0.3864999995403445f,1.6537540179548944f,-0.24708220883601864f,0.43268327007144114f,0.8066909234439772f,0.9803944724643356f,0f,0f,0f,1f], start_interpolation: 0, interpolation_duration: 1 }
$data merge entity $(bone_group1) { transformation: [1.2022529172540222f,-0.12395897604384179f,0.26641812156744915f,-1.0096922370262456f,0.31302196324755255f,0.8176371268292295f,-0.3864999995403445f,1.6537540179548944f,-0.24708220883601864f,0.43268327007144114f,0.8066909234439772f,0.9803944724643356f,0f,0f,0f,1f], start_interpolation: 0, interpolation_duration: 1 }
$data merge entity $(bone_group4) { transformation: [1.164682513589834f,-0.12008525804247175f,0.2580925552684664f,-1.0096922370262456f,0.30324002689606655f,0.7920859666158162f,-0.37442187455470877f,1.6537540179548944f,-0.2393608898098931f,0.41916191788170865f,0.781481832086353f,0.9803944724643356f,0f,0f,0f,1f], start_interpolation: 0, interpolation_duration: 1 }
$data merge entity $(bone_group2) { transformation: [1.164682513589834f,-0.12008525804247175f,0.2580925552684664f,-1.0096922370262456f,0.30324002689606655f,0.7920859666158162f,-0.37442187455470877f,1.6537540179548944f,-0.2393608898098931f,0.41916191788170865f,0.781481832086353f,0.9803944724643356f,0f,0f,0f,1f], start_interpolation: 0, interpolation_duration: 1 }
$data merge entity $(bone_bone1) { transformation: [0.9269081606631444f,0.281143464514852f,0.36339903192330875f,0.031773911418585266f,-0.3427386928636958f,-0.5492042244314155f,0.9214207879135745f,1.27383989793457f,0.1528772386921981f,-2.9358700707332526f,-0.1375677113203871f,1.8799742531955128f,0f,0f,0f,1f], start_interpolation: 0, interpolation_duration: 1 }
$data merge entity $(bone_2) { transformation: [0.9943351321798439f,-0.09104555488214977f,0.05484844436347662f,-0.05474700464873035f,-0.046660589925107444f,0.08974487786396089f,0.9948711706774016f,1.2280077697308605f,-0.09550096471100666f,-0.9917946177679045f,0.08498824569246564f,1.0015304319370382f,0f,0f,0f,1f], start_interpolation: 0, interpolation_duration: 1 }
$data merge entity $(bone_bone2) { transformation: [1.875929863591269f,-0.6825663109141562f,0.061217599780375435f,0.199267467517882f,-0.00698487635386337f,0.33449743759115375f,0.98590854998667f,1.2063022505380603f,-0.6934250921251431f,-1.8499228890551058f,0.15568152279673853f,1.039103938114773f,0f,0f,0f,1f], start_interpolation: 0, interpolation_duration: 1 }
$data merge entity $(bone_1) { transformation: [0.9943351321798439f,-0.08689102594642162f,0.061217599780375435f,-0.08733113937863846f,-0.046660589925107444f,0.16064594738437257f,0.98590854998667f,1.2882500000000001f,-0.09550096471100666f,-0.9831799576877852f,0.15568152279673853f,0.6328379478041187f,0f,0f,0f,1f], start_interpolation: 0, interpolation_duration: 1 }
$data merge entity $(bone_4) { transformation: [-0.8284590113095242f,-0.5513747582099587f,0.09819135699721912f,0.6786414158913113f,-0.36990518075225143f,0.4070686354765614f,-0.8351438697996258f,1.1023612679334487f,0.4205066275728482f,-0.7282039563337732f,-0.5411960588799127f,0.23504976428901797f,0f,0f,0f,1f], start_interpolation: 0, interpolation_duration: 1 }
$data merge entity $(bone_group5) { transformation: [-3.3138360452380966f,-1.160016676905522f,-1.4370455277867558f,0.7114355155415548f,-1.4796207230090057f,2.433823188771302f,-0.8999498625520929f,0.88306616700111f,1.6820265102913927f,-0.14445066666569048f,-3.622842861063747f,0.41810020482275684f,0f,0f,0f,1f], start_interpolation: 0, interpolation_duration: 1 }
$data merge entity $(bone_group7) { transformation: [-3.3138360452380966f,-1.160016676905522f,-1.4370455277867558f,0.7114355155415548f,-1.4796207230090057f,2.433823188771302f,-0.8999498625520929f,0.88306616700111f,1.6820265102913927f,-0.14445066666569048f,-3.622842861063747f,0.41810020482275684f,0f,0f,0f,1f], start_interpolation: 0, interpolation_duration: 1 }
$data merge entity $(bone_group6) { transformation: [-2.2898578606999895f,-2.6615219336328355f,-1.4370455277867558f,1.0749876454629452f,-2.498300728477348f,1.3679423482910944f,-0.8999498625520929f,0.9543639345897853f,1.528903021084079f,0.7159153082196104f,-3.622842861063747f,0.256181678113502f,0f,0f,0f,1f], start_interpolation: 0, interpolation_duration: 1 }
$data merge entity $(bone_group8) { transformation: [-2.2898578606999895f,-2.6615219336328355f,-1.4370455277867558f,1.0749876454629452f,-2.498300728477348f,1.3679423482910944f,-0.8999498625520929f,0.9543639345897853f,1.528903021084079f,0.7159153082196104f,-3.622842861063747f,0.256181678113502f,0f,0f,0f,1f], start_interpolation: 0, interpolation_duration: 1 }
$data merge entity $(bone_group9) { transformation: [-2.2898578606999895f,-2.6615219336328355f,-1.4370455277867558f,1.1293634271928916f,-2.498300728477348f,1.3679423482910944f,-0.8999498625520929f,0.8402784726161306f,1.528903021084079f,0.7159153082196104f,-3.622842861063747f,0.26295280311345626f,0f,0f,0f,1f], start_interpolation: 0, interpolation_duration: 1 }
$data merge entity $(bone_group10) { transformation: [-2.2898578606999895f,-2.6615219336328355f,-1.4370455277867558f,1.1293634271928916f,-2.498300728477348f,1.3679423482910944f,-0.8999498625520929f,0.8402784726161306f,1.528903021084079f,0.7159153082196104f,-3.622842861063747f,0.26295280311345626f,0f,0f,0f,1f], start_interpolation: 0, interpolation_duration: 1 }
$data merge entity $(bone_group11) { transformation: [-2.2898578606999895f,-2.6615219336328355f,-1.4370455277867558f,1.183739208922838f,-2.498300728477348f,1.3679423482910944f,-0.8999498625520929f,0.7261930106424758f,1.528903021084079f,0.7159153082196104f,-3.622842861063747f,0.2697239281134105f,0f,0f,0f,1f], start_interpolation: 0, interpolation_duration: 1 }
$data merge entity $(bone_group12) { transformation: [-2.2898578606999895f,-2.6615219336328355f,-1.4370455277867558f,1.183739208922838f,-2.498300728477348f,1.3679423482910944f,-0.8999498625520929f,0.7261930106424758f,1.528903021084079f,0.7159153082196104f,-3.622842861063747f,0.2697239281134105f,0f,0f,0f,1f], start_interpolation: 0, interpolation_duration: 1 }
$data merge entity $(bone_group13) { transformation: [-2.495591705242472f,-2.003168313583886f,-0.5748182111147023f,0.9061006368915585f,-2.001890175622346f,1.9207409510273301f,-0.3599799450208372f,0.9390345305301663f,1.4871966282341411f,0.31745056456214915f,-1.4491371444254988f,0.27522584262495875f,0f,0f,0f,1f], start_interpolation: 0, interpolation_duration: 1 }
$data merge entity $(bone_group14) { transformation: [-2.495591705242472f,-2.003168313583886f,-0.5748182111147023f,0.9061006368915585f,-2.001890175622346f,1.9207409510273301f,-0.3599799450208372f,0.9390345305301663f,1.4871966282341411f,0.31745056456214915f,-1.4491371444254988f,0.27522584262495875f,0f,0f,0f,1f], start_interpolation: 0, interpolation_duration: 1 }
$data merge entity $(bone_group15) { transformation: [-2.4058394802887455f,-2.110117922511801f,-0.5748182111147023f,0.9683267421742516f,-2.0837663633290227f,1.831591608209969f,-0.3599799450208372f,0.8709420974948809f,1.471934147434873f,0.38201902778133845f,-1.4491371444254988f,0.26745791792151846f,0f,0f,0f,1f], start_interpolation: 0, interpolation_duration: 1 }
$data merge entity $(bone_group16) { transformation: [-2.4058394802887455f,-2.110117922511801f,-0.5748182111147023f,0.9683267421742516f,-2.0837663633290227f,1.831591608209969f,-0.3599799450208372f,0.8709420974948809f,1.471934147434873f,0.38201902778133845f,-1.4491371444254988f,0.26745791792151846f,0f,0f,0f,1f], start_interpolation: 0, interpolation_duration: 1 }
$data merge entity $(bone_group17) { transformation: [-2.212775639901787f,-2.311771013590831f,-0.5748182111147023f,1.0839502506684944f,-2.2354707302342076f,1.6430096440595765f,-0.3599799450208372f,0.7985357623752142f,1.4330378415047933f,0.5088528439412601f,-1.4491371444254988f,0.2395808671293772f,0f,0f,0f,1f], start_interpolation: 0, interpolation_duration: 1 }
$data merge entity $(bone_group18) { transformation: [-2.212775639901787f,-2.311771013590831f,-0.5748182111147023f,1.0839502506684944f,-2.2354707302342076f,1.6430096440595765f,-0.3599799450208372f,0.7985357623752142f,1.4330378415047933f,0.5088528439412601f,-1.4491371444254988f,0.2395808671293772f,0f,0f,0f,1f], start_interpolation: 0, interpolation_duration: 1 }
$data merge entity $(bone_group19) { transformation: [-2.212775639901787f,-2.311771013590831f,-0.5748182111147023f,1.1383260323984408f,-2.2354707302342076f,1.6430096440595765f,-0.3599799450208372f,0.6844503004015595f,1.4330378415047933f,0.5088528439412601f,-1.4491371444254988f,0.24635199212933145f,0f,0f,0f,1f], start_interpolation: 0, interpolation_duration: 1 }
$data merge entity $(bone_group20) { transformation: [-2.212775639901787f,-2.311771013590831f,-0.5748182111147023f,1.1383260323984408f,-2.2354707302342076f,1.6430096440595765f,-0.3599799450208372f,0.6844503004015595f,1.4330378415047933f,0.5088528439412601f,-1.4491371444254988f,0.24635199212933145f,0f,0f,0f,1f], start_interpolation: 0, interpolation_duration: 1 }
$data merge entity $(bone_bone11) { transformation: [-0.8391697117327999f,-0.05889055428201018f,-0.35926138194668894f,0.520143256723035f,0.04113622393804278f,1.4599335313330386f,-0.22498746563802322f,1.1361021913522122f,0.3226484247449671f,-0.33930220557167157f,-0.9057107152659367f,0.32404173655122176f,0f,0f,0f,1f], start_interpolation: 0, interpolation_duration: 1 }
$data merge entity $(bone_3) { transformation: [-0.8284590113095242f,-0.42963580626130443f,-0.35926138194668894f,0.5623202040933206f,-0.36990518075225143f,0.9014159958412229f,-0.22498746563802322f,1.377f,0.4205066275728482f,-0.053500246913218696f,-0.9057107152659367f,0.24747033833871668f,0f,0f,0f,1f], start_interpolation: 0, interpolation_duration: 1 }
$data merge entity $(bone_8) { transformation: [-0.8604759305853521f,0.1066744565427384f,-0.4981984877582265f,0.08475388997574013f,0.10693037873151771f,0.9938687809111735f,0.028120107298369f,0.39947633966039064f,0.49814362084403585f,-0.0290758774837325f,-0.8666069041733654f,0.5358829601322399f,0f,0f,0f,1f], start_interpolation: 0, interpolation_duration: 1 }
$data merge entity $(bone_7) { transformation: [-0.8604759305853521f,-0.0036840423705728625f,-0.5094777725427128f,0.08337237408677531f,0.10693037873151771f,0.9763964275722916f,-0.18765902677036558f,0.765625f,0.49814362084403585f,-0.21595472686625417f,-0.8397716885895328f,0.45489993755739455f,0f,0f,0f,1f], start_interpolation: 0, interpolation_duration: 1 }