# This file was generated by Animated Java via MC-Build. It is not recommended to edit this file directly.
$data merge entity $(bone_layer) { transformation: [-0.9464115851302841f,-0.1275652284888173f,-0.2967022480733485f,0.2883874705101911f,-0.11678656136919992f,0.9916959955182361f,-0.05385119828427897f,1.401025f,0.3011079716891287f,-0.016314562626391985f,-0.9534504834712543f,0.4551453728798819f,0f,0f,0f,1f], start_interpolation: 0, interpolation_duration: 1 }
$data merge entity $(bone_head) { transformation: [-0.9464115851302841f,-0.1275652284888173f,-0.2967022480733485f,0.2883874705101911f,-0.11678656136919992f,0.9916959955182361f,-0.05385119828427897f,1.401025f,0.3011079716891287f,-0.016314562626391985f,-0.9534504834712543f,0.4551453728798819f,0f,0f,0f,1f], start_interpolation: 0, interpolation_duration: 1 }
$data merge entity $(bone_6) { transformation: [-0.7038809486191668f,-0.08653383797744117f,-0.7050273080213815f,0.35957792232761693f,-0.10693086859483437f,0.994149297100757f,-0.015263171873016373f,0.399476682454264f,0.7022231835481767f,0.06464572653288803f,-0.709015888770131f,0.32500546943014086f,0f,0f,0f,1f], start_interpolation: 0, interpolation_duration: 1 }
$data merge entity $(bone_12) { transformation: [-0.7038809486191668f,-0.20764590178142078f,-0.6792899157534745f,0.2817107091595841f,-0.10693086859483437f,0.9763955134552961f,-0.18766350376651056f,0.765625f,0.7022231835481767f,-0.059455704333137085f,-0.7094699568760571f,0.30270958030521444f,0f,0f,0f,1f], start_interpolation: 0, interpolation_duration: 1 }
$data merge entity $(bone_group3) { transformation: [1.2022522888612062f,-0.12396089013725743f,0.26641877058542557f,-1.0096933906734973f,0.3130234073575717f,0.8176389711623382f,-0.386495462837367f,1.6537536960559913f,-0.24708343695741955f,0.4326792364605481f,0.8066928826988563f,0.980391877081237f,0f,0f,0f,1f], start_interpolation: 0, interpolation_duration: 1 }
$data merge entity $(bone_group1) { transformation: [1.2022522888612062f,-0.12396089013725743f,0.26641877058542557f,-1.0096933906734973f,0.3130234073575717f,0.8176389711623382f,-0.386495462837367f,1.6537536960559913f,-0.24708343695741955f,0.4326792364605481f,0.8066928826988563f,0.980391877081237f,0f,0f,0f,1f], start_interpolation: 0, interpolation_duration: 1 }
$data merge entity $(bone_group4) { transformation: [1.1646819048342936f,-0.12008711232046815f,0.25809318400463105f,-1.0096933906734973f,0.3032414258776477f,0.7920877533135152f,-0.37441747962369937f,1.6537536960559913f,-0.23936207955250022f,0.419158010321156f,0.7814837301145171f,0.980391877081237f,0f,0f,0f,1f], start_interpolation: 0, interpolation_duration: 1 }
$data merge entity $(bone_group2) { transformation: [1.1646819048342936f,-0.12008711232046815f,0.25809318400463105f,-1.0096933906734973f,0.3032414258776477f,0.7920877533135152f,-0.37441747962369937f,1.6537536960559913f,-0.23936207955250022f,0.419158010321156f,0.7814837301145171f,0.980391877081237f,0f,0f,0f,1f], start_interpolation: 0, interpolation_duration: 1 }
$data merge entity $(bone_bone1) { transformation: [0.9238395855796397f,0.1249282545595637f,0.38050795177222724f,0.09486928539867844f,-0.37235845894726116f,-0.39782979455027184f,0.9185661566341001f,1.1999564948162966f,0.08871075564135836f,-2.970879396034244f,-0.1070042733939287f,1.873439091066154f,0f,0f,0f,1f], start_interpolation: 0, interpolation_duration: 1 }
$data merge entity $(bone_2) { transformation: [0.987010943471487f,-0.13628319271500405f,0.08506637908675058f,-0.03501180561279392f,-0.06509538182923297f,0.14482589070182827f,0.9873135533592804f,1.2032649550104864f,-0.14687405738261627f,-0.980026710230812f,0.13407333255401982f,0.9991565530449409f,0f,0f,0f,1f], start_interpolation: 0, interpolation_duration: 1 }
$data merge entity $(bone_bone2) { transformation: [1.841471373838216f,-0.7545701611845078f,0.09950760170004824f,0.21962377225116492f,0.00484208037821765f,0.5210893738338747f,0.9654587534865267f,1.1712227687215926f,-0.7803587210969112f,-1.7773828333612907f,0.24080621362445526f,1.0224002787298567f,0f,0f,0f,1f], start_interpolation: 0, interpolation_duration: 1 }
$data merge entity $(bone_1) { transformation: [0.987010943471487f,-0.12612547193739354f,0.09950760170004824f,-0.0823088575893165f,-0.06509538182923297f,0.2522934533053693f,0.9654587534865267f,1.297875f,-0.14687405738261627f,-0.9593958404891184f,0.24080621362445526f,0.6393831128615215f,0f,0f,0f,1f], start_interpolation: 0, interpolation_duration: 1 }
$data merge entity $(bone_4) { transformation: [-0.8284555591598841f,-0.5513796432798148f,0.0981930520643286f,0.6803167446241828f,-0.36990852913398875f,0.4070651370184372f,-0.8351440919374871f,1.1051117968059396f,0.42051048330691204f,-0.7282022131254375f,-0.5411954085431638f,0.2372313560156854f,0f,0f,0f,1f], start_interpolation: 0, interpolation_duration: 1 }
$data merge entity $(bone_group5) { transformation: [-3.3138222366395365f,-1.160028661015135f,-1.4370561382366833f,0.713112619799413f,-1.479634116535955f,2.433817576556537f,-0.8999611535995741f,0.8858170799960954f,1.6820419332276482f,-0.14444898638585055f,-3.6228358474498945f,0.4202819386292667f,0f,0f,0f,1f], start_interpolation: 0, interpolation_duration: 1 }
$data merge entity $(bone_group7) { transformation: [-3.3138222366395365f,-1.160028661015135f,-1.4370561382366833f,0.713112619799413f,-1.479634116535955f,2.433817576556537f,-0.8999611535995741f,0.8858170799960954f,1.6820419332276482f,-0.14444898638585055f,-3.6228358474498945f,0.4202819386292667f,0f,0f,0f,1f], start_interpolation: 0, interpolation_duration: 1 }
$data merge entity $(bone_group6) { transformation: [-2.289839910048039f,-2.6615254078769217f,-1.4370561382366833f,1.0766637534497827f,-2.4983095215045497f,1.3679307912070615f,-0.8999611535995741f,0.9571163454406519f,1.528915537598757f,0.7159244748527649f,-3.6228358474498945f,0.2583618345847052f,0f,0f,0f,1f], start_interpolation: 0, interpolation_duration: 1 }
$data merge entity $(bone_group8) { transformation: [-2.289839910048039f,-2.6615254078769217f,-1.4370561382366833f,1.0766637534497827f,-2.4983095215045497f,1.3679307912070615f,-0.8999611535995741f,0.9571163454406519f,1.528915537598757f,0.7159244748527649f,-3.6228358474498945f,0.2583618345847052f,0f,0f,0f,1f], start_interpolation: 0, interpolation_duration: 1 }
$data merge entity $(bone_group9) { transformation: [-2.289839910048039f,-2.6615254078769217f,-1.4370561382366833f,1.1310400969348673f,-2.4983095215045497f,1.3679307912070615f,-0.8999611535995741f,0.8430311465395641f,1.528915537598757f,0.7159244748527649f,-3.6228358474498945f,0.26513288082154196f,0f,0f,0f,1f], start_interpolation: 0, interpolation_duration: 1 }
$data merge entity $(bone_group10) { transformation: [-2.289839910048039f,-2.6615254078769217f,-1.4370561382366833f,1.1310400969348673f,-2.4983095215045497f,1.3679307912070615f,-0.8999611535995741f,0.8430311465395641f,1.528915537598757f,0.7159244748527649f,-3.6228358474498945f,0.26513288082154196f,0f,0f,0f,1f], start_interpolation: 0, interpolation_duration: 1 }
$data merge entity $(bone_group11) { transformation: [-2.289839910048039f,-2.6615254078769217f,-1.4370561382366833f,1.1854164404199516f,-2.4983095215045497f,1.3679307912070615f,-0.8999611535995741f,0.7289459476384765f,1.528915537598757f,0.7159244748527649f,-3.6228358474498945f,0.2719039270583787f,0f,0f,0f,1f], start_interpolation: 0, interpolation_duration: 1 }
$data merge entity $(bone_group12) { transformation: [-2.289839910048039f,-2.6615254078769217f,-1.4370561382366833f,1.1854164404199516f,-2.4983095215045497f,1.3679307912070615f,-0.8999611535995741f,0.7289459476384765f,1.528915537598757f,0.7159244748527649f,-3.6228358474498945f,0.2719039270583787f,0f,0f,0f,1f], start_interpolation: 0, interpolation_duration: 1 }
$data merge entity $(bone_group13) { transformation: [-2.4955762490061475f,-2.0031760059392605f,-0.5748224552946734f,0.9077768945623216f,-2.0018999842671317f,1.9207319738028712f,-0.35998446143982965f,0.9417861747881158f,1.487209361168412f,0.3174563410632542f,-1.4491343389799578f,0.2774067094292665f,0f,0f,0f,1f], start_interpolation: 0, interpolation_duration: 1 }
$data merge entity $(bone_group14) { transformation: [-2.4955762490061475f,-2.0031760059392605f,-0.5748224552946734f,0.9077768945623216f,-2.0018999842671317f,1.9207319738028712f,-0.35998446143982965f,0.9417861747881158f,1.487209361168412f,0.3174563410632542f,-1.4491343389799578f,0.2774067094292665f,0f,0f,0f,1f], start_interpolation: 0, interpolation_duration: 1 }
$data merge entity $(bone_group15) { transformation: [-2.405823703227504f,-2.1101249333541983f,-0.5748224552946734f,0.9700032868114581f,-2.0837757710571205f,1.8315822116827618f,-0.35998446143982965f,0.8736940232571573f,1.4719466162827726f,0.38202535418728667f,-1.4491343389799578f,0.2696386159014087f,0f,0f,0f,1f], start_interpolation: 0, interpolation_duration: 1 }
$data merge entity $(bone_group16) { transformation: [-2.405823703227504f,-2.1101249333541983f,-0.5748224552946734f,0.9700032868114581f,-2.0837757710571205f,1.8315822116827618f,-0.35998446143982965f,0.8736940232571573f,1.4719466162827726f,0.38202535418728667f,-1.4491343389799578f,0.2696386159014087f,0f,0f,0f,1f], start_interpolation: 0, interpolation_duration: 1 }
$data merge entity $(bone_group17) { transformation: [-2.2127593118418507f,-2.311776622693365f,-0.5748224552946734f,1.0856270201863327f,-2.2354792832017525f,1.6429994633514626f,-0.35998446143982965f,0.8012881942695698f,1.4330497115223526f,0.5088602330050236f,-1.4491343389799578f,0.24176118323763152f,0f,0f,0f,1f], start_interpolation: 0, interpolation_duration: 1 }
$data merge entity $(bone_group18) { transformation: [-2.2127593118418507f,-2.311776622693365f,-0.5748224552946734f,1.0856270201863327f,-2.2354792832017525f,1.6429994633514626f,-0.35998446143982965f,0.8012881942695698f,1.4330497115223526f,0.5088602330050236f,-1.4491343389799578f,0.24176118323763152f,0f,0f,0f,1f], start_interpolation: 0, interpolation_duration: 1 }
$data merge entity $(bone_group19) { transformation: [-2.2127593118418507f,-2.311776622693365f,-0.5748224552946734f,1.140003363671417f,-2.2354792832017525f,1.6429994633514626f,-0.35998446143982965f,0.6872029953684822f,1.4330497115223526f,0.5088602330050236f,-1.4491343389799578f,0.24853222947446824f,0f,0f,0f,1f], start_interpolation: 0, interpolation_duration: 1 }
$data merge entity $(bone_group20) { transformation: [-2.2127593118418507f,-2.311776622693365f,-0.5748224552946734f,1.140003363671417f,-2.2354792832017525f,1.6429994633514626f,-0.35998446143982965f,0.6872029953684822f,1.4330497115223526f,0.5088602330050236f,-1.4491343389799578f,0.24853222947446824f,0f,0f,0f,1f], start_interpolation: 0, interpolation_duration: 1 }
$data merge entity $(bone_bone11) { transformation: [-0.8391685841282336f,-0.058898776745265224f,-0.35926403455917083f,0.5218187916335106f,0.041132702131895016f,1.4599328281895296f,-0.22499028839989352f,1.138852090382797f,0.3226518064842416f,-0.3393038037989447f,-0.9057089618624736f,0.3262239342855284f,0f,0f,0f,1f], start_interpolation: 0, interpolation_duration: 1 }
$data merge entity $(bone_3) { transformation: [-0.8284555591598841f,-0.4296402448204203f,-0.35926403455917083f,0.5639942980230946f,-0.36990852913398875f,0.9014139172431618f,-0.22499028839989352f,1.37975f,0.42051048330691204f,-0.05349962458735205f,-0.9057089618624736f,0.24965206002451756f,0f,0f,0f,1f], start_interpolation: 0, interpolation_duration: 1 }
$data merge entity $(bone_8) { transformation: [-0.8604733037955821f,0.10667244020896728f,-0.49820345638602337f,0.0847550314556746f,0.10693086859483437f,0.9938688574617179f,0.028115538573779186f,0.399476682454264f,0.49814805308931026f,-0.02908065796373427f,-0.8666041960063003f,0.5358844905105787f,0f,0f,0f,1f], start_interpolation: 0, interpolation_duration: 1 }
$data merge entity $(bone_7) { transformation: [-0.8604733037955821f,-0.0036870863170647833f,-0.5094821869796887f,0.08337237408677531f,0.10693086859483437f,0.9763955134552961f,-0.18766350376651056f,0.765625f,0.49814805308931026f,-0.21595880787515792f,-0.8397680099315944f,0.45489993755739455f,0f,0f,0f,1f], start_interpolation: 0, interpolation_duration: 1 }