# This file was generated by Animated Java via MC-Build. It is not recommended to edit this file directly.
$data merge entity $(bone_layer) { transformation: [-0.9373243693749874f,-0.10060395255657825f,-0.33361935091624395f,0.2883874705101911f,-0.10673077135516579f,0.9942879568517216f,0.00003613254047146394f,1.39738125f,0.3317100677123223f,0.03564131857301179f,-0.9427078695909266f,0.4551453728798819f,0f,0f,0f,1f], start_interpolation: 0, interpolation_duration: 1 }
$data merge entity $(bone_head) { transformation: [-0.9373243693749874f,-0.10060395255657825f,-0.33361935091624395f,0.2883874705101911f,-0.10673077135516579f,0.9942879568517216f,0.00003613254047146394f,1.39738125f,0.3317100677123223f,0.03564131857301179f,-0.9427078695909266f,0.4551453728798819f,0f,0f,0f,1f], start_interpolation: 0, interpolation_duration: 1 }
$data merge entity $(bone_6) { transformation: [-0.7038863366605335f,-0.08653970514644176f,-0.7050212085432475f,0.35957969190396344f,-0.1069316014868107f,0.9941491133267855f,-0.01527000573124021f,0.3994771953301611f,0.7022176711434142f,0.06464069851674817f,-0.7090218067374139f,0.3250077116577075f,0f,0f,0f,1f], start_interpolation: 0, interpolation_duration: 1 }
$data merge entity $(bone_12) { transformation: [-0.7038863366605335f,-0.2076506206516781f,-0.6792828901169138f,0.2817107091595841f,-0.1069316014868107f,0.9763941457862372f,-0.18767020189105713f,0.765625f,0.7022176711434142f,-0.059461683606648066f,-0.7094749118302794f,0.30270958030521444f,0f,0f,0f,1f], start_interpolation: 0, interpolation_duration: 1 }
$data merge entity $(bone_group3) { transformation: [1.202251348701951f,-0.1239637538777127f,0.2664197415715766f,-1.0096951166806039f,0.3130255679247791f,0.8176417304658155f,-0.38648867534661485f,1.653753214413244f,-0.24708527437739664f,0.4326732016620899f,0.8066958139477758f,0.9803879940565587f,0f,0f,0f,1f], start_interpolation: 0, interpolation_duration: 1 }
$data merge entity $(bone_group1) { transformation: [1.202251348701951f,-0.1239637538777127f,0.2664197415715766f,-1.0096951166806039f,0.3130255679247791f,0.8176417304658155f,-0.38648867534661485f,1.653753214413244f,-0.24708527437739664f,0.4326732016620899f,0.8066958139477758f,0.9803879940565587f,0f,0f,0f,1f], start_interpolation: 0, interpolation_duration: 1 }
$data merge entity $(bone_group4) { transformation: [1.1646809940550151f,-0.12008988656903419f,0.2580941246474649f,-1.0096951166806039f,0.30324351892712975f,0.7920904263887588f,-0.37441090424203316f,1.653753214413244f,-0.23936385955310302f,0.41915216411014966f,0.7814865697619079f,0.9803879940565587f,0f,0f,0f,1f], start_interpolation: 0, interpolation_duration: 1 }
$data merge entity $(bone_group2) { transformation: [1.1646809940550151f,-0.12008988656903419f,0.2580941246474649f,-1.0096951166806039f,0.30324351892712975f,0.7920904263887588f,-0.37441090424203316f,1.653753214413244f,-0.23936385955310302f,0.41915216411014966f,0.7814865697619079f,0.9803879940565587f,0f,0f,0f,1f], start_interpolation: 0, interpolation_duration: 1 }
$data merge entity $(bone_bone1) { transformation: [0.9129227052400647f,-0.05629831384181516f,0.40770083097141385f,0.16328350814384623f,-0.40798021584273514f,-0.20773998290576845f,0.9103609412895615f,1.109415637734343f,0.01114799255820629f,-2.9922691388578144f,-0.0708730484712082f,1.8548050088263712f,0f,0f,0f,1f], start_interpolation: 0, interpolation_duration: 1 }
$data merge entity $(bone_2) { transformation: [0.9741586588226948f,-0.18543473191569818f,0.12895296677518714f,-0.015091003129288086f,-0.0883238428319073f,0.2127139541786654f,0.9731144190099544f,1.173901045264431f,-0.20787930687823147f,-0.9593574588739229f,0.1908388321982619f,0.991512378286906f,0f,0f,0f,1f], start_interpolation: 0, interpolation_duration: 1 }
$data merge entity $(bone_bone2) { transformation: [1.7974952531684234f,-0.8193764484912585f,0.1562314392934735f,0.23864337620292797f,0.016504792323930678f,0.7441109704687692f,0.9281738058492022f,1.129225467100526f,-0.8767772845297335f,-1.6658094426692034f,0.3377648938414074f,0.9969167710017215f,0f,0f,0f,1f], start_interpolation: 0, interpolation_duration: 1 }
$data merge entity $(bone_1) { transformation: [0.9741586588226948f,-0.16311543402467799f,0.1562314392934735f,-0.07625929088854233f,-0.0883238428319073f,0.36151387929485074f,0.9281738058492022f,1.30946875f,-0.20787930687823147f,-0.9179875109499747f,0.3377648938414074f,0.6472670616806655f,0f,0f,0f,1f], start_interpolation: 0, interpolation_duration: 1 }
$data merge entity $(bone_4) { transformation: [-0.8284503942554127f,-0.5513869519015665f,0.09819558814300616f,0.6823351142801327f,-0.36991353871211713f,0.40705990282674864f,-0.8351444242693337f,1.1084250880789848f,0.4205162519279492f,-0.7281996050420361f,-0.5411944355599863f,0.23985914451551288f,0f,0f,0f,1f], start_interpolation: 0, interpolation_duration: 1 }
$data merge entity $(bone_group5) { transformation: [-3.3138015770216507f,-1.1600465907444422f,-1.437072012513198f,0.7151336458613611f,-1.4796541548484685f,2.433809179846518f,-0.8999780465685763f,0.8891309459828826f,1.682065007711797f,-0.14444647242843534f,-3.6228253541325826f,0.4229099396867997f,0f,0f,0f,1f], start_interpolation: 0, interpolation_duration: 1 }
$data merge entity $(bone_group7) { transformation: [-3.3138015770216507f,-1.1600465907444422f,-1.437072012513198f,0.7151336458613611f,-1.4796541548484685f,2.433809179846518f,-0.8999780465685763f,0.8891309459828826f,1.682065007711797f,-0.14444647242843534f,-3.6228253541325826f,0.4229099396867997f,0f,0f,0f,1f], start_interpolation: 0, interpolation_duration: 1 }
$data merge entity $(bone_group6) { transformation: [-2.2898130534294636f,-2.661530605669042f,-1.437072012513198f,1.078683288943264f,-2.498322676837226f,1.3679135002866198f,-0.8999780465685763f,0.9604324524035243f,1.5289342637095016f,0.7159381892458249f,-3.6228253541325826f,0.2609874757654149f,0f,0f,0f,1f], start_interpolation: 0, interpolation_duration: 1 }
$data merge entity $(bone_group8) { transformation: [-2.2898130534294636f,-2.661530605669042f,-1.437072012513198f,1.078683288943264f,-2.498322676837226f,1.3679135002866198f,-0.8999780465685763f,0.9604324524035243f,1.5289342637095016f,0.7159381892458249f,-3.6228253541325826f,0.2609874757654149f,0f,0f,0f,1f], start_interpolation: 0, interpolation_duration: 1 }
$data merge entity $(bone_group9) { transformation: [-2.2898130534294636f,-2.661530605669042f,-1.437072012513198f,1.1330604728844098f,-2.498322676837226f,1.3679135002866198f,-0.8999780465685763f,0.8463476470982189f,1.5289342637095016f,0.7159381892458249f,-3.6228253541325826f,0.26775840416049784f,0f,0f,0f,1f], start_interpolation: 0, interpolation_duration: 1 }
$data merge entity $(bone_group10) { transformation: [-2.2898130534294636f,-2.661530605669042f,-1.437072012513198f,1.1330604728844098f,-2.498322676837226f,1.3679135002866198f,-0.8999780465685763f,0.8463476470982189f,1.5289342637095016f,0.7159381892458249f,-3.6228253541325826f,0.26775840416049784f,0f,0f,0f,1f], start_interpolation: 0, interpolation_duration: 1 }
$data merge entity $(bone_group11) { transformation: [-2.2898130534294636f,-2.661530605669042f,-1.437072012513198f,1.1874376568255554f,-2.498322676837226f,1.3679135002866198f,-0.8999780465685763f,0.7322628417929135f,1.5289342637095016f,0.7159381892458249f,-3.6228253541325826f,0.2745293325555807f,0f,0f,0f,1f], start_interpolation: 0, interpolation_duration: 1 }
$data merge entity $(bone_group12) { transformation: [-2.2898130534294636f,-2.661530605669042f,-1.437072012513198f,1.1874376568255554f,-2.498322676837226f,1.3679135002866198f,-0.8999780465685763f,0.7322628417929135f,1.5289342637095016f,0.7159381892458249f,-3.6228253541325826f,0.2745293325555807f,0f,0f,0f,1f], start_interpolation: 0, interpolation_duration: 1 }
$data merge entity $(bone_group13) { transformation: [-2.4955531243475653f,-2.0031875146058002f,-0.5748288050052792f,0.9097966540136788f,-2.00191465911821f,1.9207185426450888f,-0.35999121862743055f,0.9451011348304996f,1.4872284110808336f,0.31746498343513824f,-1.449130141653033f,0.2800334133530011f,0f,0f,0f,1f], start_interpolation: 0, interpolation_duration: 1 }
$data merge entity $(bone_group14) { transformation: [-2.4955531243475653f,-2.0031875146058002f,-0.5748288050052792f,0.9097966540136788f,-2.00191465911821f,1.9207185426450888f,-0.35999121862743055f,0.9451011348304996f,1.4872284110808336f,0.31746498343513824f,-1.449130141653033f,0.2800334133530011f,0f,0f,0f,1f], start_interpolation: 0, interpolation_duration: 1 }
$data merge entity $(bone_group15) { transformation: [-2.405800098577489f,-2.1101354223835975f,-0.5748288050052792f,0.9720234755989015f,-2.0837898460821185f,1.8315681532004515f,-0.35999121862743055f,0.8770094044690161f,1.4719652710889315f,0.3820348192790568f,-1.449130141653033f,0.2722650672422866f,0f,0f,0f,1f], start_interpolation: 0, interpolation_duration: 1 }
$data merge entity $(bone_group16) { transformation: [-2.405800098577489f,-2.1101354223835975f,-0.5748288050052792f,0.9720234755989015f,-2.0837898460821185f,1.8315681532004515f,-0.35999121862743055f,0.8770094044690161f,1.4719652710889315f,0.3820348192790568f,-1.449130141653033f,0.2722650672422866f,0f,0f,0f,1f], start_interpolation: 0, interpolation_duration: 1 }
$data merge entity $(bone_group17) { transformation: [-2.212734882835507f,-2.3117850145280365f,-0.5748288050052792f,1.0876475454188421f,-2.2354920793895627f,1.6429842316466643f,-0.35999121862743055f,0.8046043327223932f,1.4330674704042388f,0.5088712879527485f,-1.449130141653033f,0.24438706325191561f,0f,0f,0f,1f], start_interpolation: 0, interpolation_duration: 1 }
$data merge entity $(bone_group18) { transformation: [-2.212734882835507f,-2.3117850145280365f,-0.5748288050052792f,1.0876475454188421f,-2.2354920793895627f,1.6429842316466643f,-0.35999121862743055f,0.8046043327223932f,1.4330674704042388f,0.5088712879527485f,-1.449130141653033f,0.24438706325191561f,0f,0f,0f,1f], start_interpolation: 0, interpolation_duration: 1 }
$data merge entity $(bone_group19) { transformation: [-2.212734882835507f,-2.3117850145280365f,-0.5748288050052792f,1.1420247293599881f,-2.2354920793895627f,1.6429842316466643f,-0.35999121862743055f,0.6905195274170876f,1.4330674704042388f,0.5088712879527485f,-1.449130141653033f,0.25115799164699854f,0f,0f,0f,1f], start_interpolation: 0, interpolation_duration: 1 }
$data merge entity $(bone_group20) { transformation: [-2.212734882835507f,-2.3117850145280365f,-0.5748288050052792f,1.1420247293599881f,-2.2354920793895627f,1.6429842316466643f,-0.35999121862743055f,0.6905195274170876f,1.4330674704042388f,0.5088712879527485f,-1.449130141653033f,0.25115799164699854f,0f,0f,0f,1f], start_interpolation: 0, interpolation_duration: 1 }
$data merge entity $(bone_bone11) { transformation: [-0.8391668970447504f,-0.058911078615962564f,-0.3592680031282995f,0.523837469763524f,0.04112743306653005f,1.4599317761185104f,-0.22499451164214407f,1.1421644393331487f,0.32265686596389576f,-0.3393061948974035f,-0.9057063385331456f,0.3288526294435395f,0f,0f,0f,1f], start_interpolation: 0, interpolation_duration: 1 }
$data merge entity $(bone_3) { transformation: [-0.8284503942554127f,-0.42964688546090446f,-0.3592680031282995f,0.566010820256686f,-0.36991353871211713f,0.901410807350562f,-0.22499451164214407f,1.3830624999999999f,0.4205162519279492f,-0.05349869349201308f,-0.9057063385331456f,0.2522800429642323f,0f,0f,0f,1f], start_interpolation: 0, interpolation_duration: 1 }
$data merge entity $(bone_8) { transformation: [-0.8604693737491784f,0.10666942343308039f,-0.49821089002966507f,0.08475673928112937f,0.1069316014868107f,0.9938689719513677f,0.028108703203766072f,0.3994771953301611f,0.4981546842529564f,-0.0290878101063953f,-0.8666001441611072f,0.5358867801212711f,0f,0f,0f,1f], start_interpolation: 0, interpolation_duration: 1 }
$data merge entity $(bone_7) { transformation: [-0.8604693737491784f,-0.0036916405182775003f,-0.5094887914664862f,0.08337237408677531f,0.1069316014868107f,0.9763941457862372f,-0.18767020189105713f,0.765625f,0.4981546842529564f,-0.21596491350367092f,-0.8397625061243146f,0.45489993755739455f,0f,0f,0f,1f], start_interpolation: 0, interpolation_duration: 1 }