# This file was generated by Animated Java via MC-Build. It is not recommended to edit this file directly.
$data merge entity $(bone_layer) { transformation: [-0.926013036306854f,-0.06584452203701362f,-0.3717046616703618f,0.2883874705101911f,-0.09512461984605597f,0.9935963269036079f,0.06097250087377159f,1.393325f,0.365309681351185f,0.09181959530174356f,-0.9263465866670637f,0.4551453728798819f,0f,0f,0f,1f], start_interpolation: 0, interpolation_duration: 1 }
$data merge entity $(bone_head) { transformation: [-0.926013036306854f,-0.06584452203701362f,-0.3717046616703618f,0.2883874705101911f,-0.09512461984605597f,0.9935963269036079f,0.06097250087377159f,1.393325f,0.365309681351185f,0.09181959530174356f,-0.9263465866670637f,0.4551453728798819f,0f,0f,0f,1f], start_interpolation: 0, interpolation_duration: 1 }
$data merge entity $(bone_6) { transformation: [-0.7038930088396008f,-0.08654697058601989f,-0.7050136551791861f,0.35958188319145884f,-0.10693250905055383f,0.9941488856868959f,-0.015278468367493386f,0.3994778304687455f,0.7022108448428342f,0.06463447199355679f,-0.709029135096173f,0.32501048833937884f,0f,0f,0f,1f], start_interpolation: 0, interpolation_duration: 1 }
$data merge entity $(bone_12) { transformation: [-0.7038930088396008f,-0.20765646408499921f,-0.6792741898750823f,0.2817107091595841f,-0.10693250905055383f,0.9763924520833454f,-0.18767849643159817f,0.765625f,0.7022108448428342f,-0.05946908809110504f,-0.7094810476303969f,0.30270958030521444f,0f,0f,0f,1f], start_interpolation: 0, interpolation_duration: 1 }
$data merge entity $(bone_group3) { transformation: [1.2022501844538813f,-0.12396730019976845f,0.26642094394254545f,-1.0096972540804854f,0.31302824344500435f,0.8176451473480221f,-0.3864802700780506f,1.653752617904936f,-0.2470875497284071f,0.4326657284908557f,0.8066994437708948f,0.9803831855280942f,0f,0f,0f,1f], start_interpolation: 0, interpolation_duration: 1 }
$data merge entity $(bone_group1) { transformation: [1.2022501844538813f,-0.12396730019976845f,0.26642094394254545f,-1.0096972540804854f,0.31302824344500435f,0.8176451473480221f,-0.3864802700780506f,1.653752617904936f,-0.2470875497284071f,0.4326657284908557f,0.8066994437708948f,0.9803831855280942f,0f,0f,0f,1f], start_interpolation: 0, interpolation_duration: 1 }
$data merge entity $(bone_group4) { transformation: [1.1646798661896975f,-0.1200933220685257f,0.25809528944434096f,-1.0096972540804854f,0.303246110837348f,0.7920937364933964f,-0.37440276163811154f,1.653752617904936f,-0.2393660637993944f,0.4191449244755165f,0.7814900861530544f,0.9803831855280942f,0f,0f,0f,1f], start_interpolation: 0, interpolation_duration: 1 }
$data merge entity $(bone_group2) { transformation: [1.1646798661896975f,-0.1200933220685257f,0.25809528944434096f,-1.0096972540804854f,0.303246110837348f,0.7920937364933964f,-0.37440276163811154f,1.653752617904936f,-0.2393660637993944f,0.4191449244755165f,0.7814900861530544f,0.9803831855280942f,0f,0f,0f,1f], start_interpolation: 0, interpolation_duration: 1 }
$data merge entity $(bone_bone1) { transformation: [0.8914244002662388f,-0.24440499278998723f,0.4457863273648691f,0.22737725325455863f,-0.44695418360471084f,0.01291531186693573f,0.8945464905963117f,1.007864840127585f,-0.07479636600947773f,-2.9899998986987804f,-0.03257493662870972f,1.821214065192948f,0f,0f,0f,1f], start_interpolation: 0, interpolation_duration: 1 }
$data merge entity $(bone_2) { transformation: [0.9547035948065994f,-0.231906209292597f,0.18644183048580037f,0.0011540913128111896f,-0.11517992741726724f,0.2897138193769876f,0.9501576117582552f,1.1425947306126671f,-0.2743622247750422f,-0.9285932440813565f,0.24987988447042506f,0.977459991062958f,0f,0f,0f,1f], start_interpolation: 0, interpolation_duration: 1 }
$data merge entity $(bone_bone2) { transformation: [1.7467827272186849f,-0.858300981633808f,0.23025503730477861f,0.25160981649661845f,0.025652441014340777f,0.9857783457031938f,0.8699975582455217f,1.0838363705271283f,-0.9737001880252792f,-1.5137901037029937f,0.4359895256111152f,0.9624388445450842f,0f,0f,0f,1f], start_interpolation: 0, interpolation_duration: 1 }
$data merge entity $(bone_1) { transformation: [0.9547035948065994f,-0.1884772237145187f,0.23025503730477861f,-0.06952486758013332f,-0.11517992741726724f,0.4794140516995543f,0.8699975582455217f,1.322375f,-0.2743622247750422f,-0.8571105548141881f,0.4359895256111152f,0.6560435330076374f,0f,0f,0f,1f], start_interpolation: 0, interpolation_duration: 1 }
$data merge entity $(bone_4) { transformation: [-0.8284439982370329f,-0.5513960023937845f,0.09819872875548274f,0.6845822097965075f,-0.3699197422559552f,0.4070534210004858f,-0.8351448357866371f,1.1121135679692011f,0.42052339539474715f,-0.7281963752971824f,-0.5411932306761773f,0.2427843941666154f,0f,0f,0f,1f], start_interpolation: 0, interpolation_duration: 1 }
$data merge entity $(bone_group5) { transformation: [-3.3137759929481314f,-1.1600687939055283f,-1.4370916698431349f,0.7173840309174311f,-1.4796789690238208f,2.4337987816144384f,-0.8999989661094312f,0.8928201375965591f,1.6820935815789886f,-0.14444335920577975f,-3.6228123596826576f,0.42583545253815475f,0f,0f,0f,1f], start_interpolation: 0, interpolation_duration: 1 }
$data merge entity $(bone_group7) { transformation: [-3.3137759929481314f,-1.1600687939055283f,-1.4370916698431349f,0.7173840309174311f,-1.4796789690238208f,2.4337987816144384f,-0.8999989661094312f,0.8928201375965591f,1.6820935815789886f,-0.14444335920577975f,-3.6228123596826576f,0.42583545253815475f,0f,0f,0f,1f], start_interpolation: 0, interpolation_duration: 1 }
$data merge entity $(bone_group6) { transformation: [-2.289779795391321f,-2.661537042133827f,-1.4370916698431349f,1.0809318281268827f,-2.4983389674274155f,1.3678920880658085f,-0.8999989661094312f,0.9641244191084597f,1.528957452793046f,0.715955172309328f,-3.6228123596826576f,0.26391006630291625f,0f,0f,0f,1f], start_interpolation: 0, interpolation_duration: 1 }
$data merge entity $(bone_group8) { transformation: [-2.289779795391321f,-2.661537042133827f,-1.4370916698431349f,1.0809318281268827f,-2.4983389674274155f,1.3678920880658085f,-0.8999989661094312f,0.9641244191084597f,1.528957452793046f,0.715955172309328f,-3.6228123596826576f,0.26391006630291625f,0f,0f,0f,1f], start_interpolation: 0, interpolation_duration: 1 }
$data merge entity $(bone_group9) { transformation: [-2.289779795391321f,-2.661537042133827f,-1.4370916698431349f,1.1353100528412043f,-2.4983389674274155f,1.3678920880658085f,-0.8999989661094312f,0.850040101220283f,1.528957452793046f,0.715955172309328f,-3.6228123596826576f,0.2706808487656872f,0f,0f,0f,1f], start_interpolation: 0, interpolation_duration: 1 }
$data merge entity $(bone_group10) { transformation: [-2.289779795391321f,-2.661537042133827f,-1.4370916698431349f,1.1353100528412043f,-2.4983389674274155f,1.3678920880658085f,-0.8999989661094312f,0.850040101220283f,1.528957452793046f,0.715955172309328f,-3.6228123596826576f,0.2706808487656872f,0f,0f,0f,1f], start_interpolation: 0, interpolation_duration: 1 }
$data merge entity $(bone_group11) { transformation: [-2.289779795391321f,-2.661537042133827f,-1.4370916698431349f,1.189688277555526f,-2.4983389674274155f,1.3678920880658085f,-0.8999989661094312f,0.735955783332106f,1.528957452793046f,0.715955172309328f,-3.6228123596826576f,0.2774516312284581f,0f,0f,0f,1f], start_interpolation: 0, interpolation_duration: 1 }
$data merge entity $(bone_group12) { transformation: [-2.289779795391321f,-2.661537042133827f,-1.4370916698431349f,1.189688277555526f,-2.4983389674274155f,1.3678920880658085f,-0.8999989661094312f,0.735955783332106f,1.528957452793046f,0.715955172309328f,-3.6228123596826576f,0.2774516312284581f,0f,0f,0f,1f], start_interpolation: 0, interpolation_duration: 1 }
$data merge entity $(bone_group13) { transformation: [-2.4955244877601332f,-2.0032017661855344f,-0.574836667937254f,0.912045470553934f,-2.001932831439206f,1.920701910085102f,-0.3599995864437725f,0.9487916812516666f,1.4872520011600663f,0.3174756856631773f,-1.4491249438730631f,0.2829573199241384f,0f,0f,0f,1f], start_interpolation: 0, interpolation_duration: 1 }
$data merge entity $(bone_group14) { transformation: [-2.4955244877601332f,-2.0032017661855344f,-0.574836667937254f,0.912045470553934f,-2.001932831439206f,1.920701910085102f,-0.3599995864437725f,0.9487916812516666f,1.4872520011600663f,0.3174756856631773f,-1.4491249438730631f,0.2829573199241384f,0f,0f,0f,1f], start_interpolation: 0, interpolation_duration: 1 }
$data merge entity $(bone_group15) { transformation: [-2.4057708676005656f,-2.1101484112885855f,-0.574836667937254f,0.9742728238018811f,-2.0838072756050146f,1.831550743805468f,-0.3599995864437725f,0.8807004724488092f,1.4719883718910056f,0.38204654030575014f,-1.4491249438730631f,0.2751886610284944f,0f,0f,0f,1f], start_interpolation: 0, interpolation_duration: 1 }
$data merge entity $(bone_group16) { transformation: [-2.4057708676005656f,-2.1101484112885855f,-0.574836667937254f,0.9742728238018811f,-2.0838072756050146f,1.831550743805468f,-0.3599995864437725f,0.8807004724488092f,1.4719883718910056f,0.38204654030575014f,-1.4491249438730631f,0.2751886610284944f,0f,0f,0f,1f], start_interpolation: 0, interpolation_duration: 1 }
$data merge entity $(bone_group17) { transformation: [-2.2127046310336143f,-2.3117954063588146f,-0.574836667937254f,1.0898973102488037f,-2.235507925259112f,1.6429653694166708f,-0.3599995864437725f,0.8082963384330912f,1.4330894617459995f,0.5088849777449594f,-1.4491249438730631f,0.24730994954164973f,0f,0f,0f,1f], start_interpolation: 0, interpolation_duration: 1 }
$data merge entity $(bone_group18) { transformation: [-2.2127046310336143f,-2.3117954063588146f,-0.574836667937254f,1.0898973102488037f,-2.235507925259112f,1.6429653694166708f,-0.3599995864437725f,0.8082963384330912f,1.4330894617459995f,0.5088849777449594f,-1.4491249438730631f,0.24730994954164973f,0f,0f,0f,1f], start_interpolation: 0, interpolation_duration: 1 }
$data merge entity $(bone_group19) { transformation: [-2.2127046310336143f,-2.3117954063588146f,-0.574836667937254f,1.1442755349631253f,-2.235507925259112f,1.6429653694166708f,-0.3599995864437725f,0.6942120205449145f,1.4330894617459995f,0.5088849777449594f,-1.4491249438730631f,0.2540807320044206f,0f,0f,0f,1f], start_interpolation: 0, interpolation_duration: 1 }
$data merge entity $(bone_group20) { transformation: [-2.2127046310336143f,-2.3117954063588146f,-0.574836667937254f,1.1442755349631253f,-2.235507925259112f,1.6429653694166708f,-0.3599995864437725f,0.6942120205449145f,1.4330894617459995f,0.5088849777449594f,-1.4491249438730631f,0.2540807320044206f,0f,0f,0f,1f], start_interpolation: 0, interpolation_duration: 1 }
$data merge entity $(bone_bone11) { transformation: [-0.839164807780061f,-0.05892631261487791f,-0.3592729174607837f,0.5260849472875676f,0.04112090815086228f,1.4599304731600449f,-0.2249997415273578f,1.1458517523038283f,0.32266313129377155f,-0.3393091558156096f,-0.9057030899206644f,0.33177900184019804f,0f,0f,0f,1f], start_interpolation: 0, interpolation_duration: 1 }
$data merge entity $(bone_3) { transformation: [-0.8284439982370329f,-0.42965510885389935f,-0.3592729174607837f,0.5682556280261557f,-0.3699197422559552f,0.9014069561534956f,-0.2249997415273578f,1.3867500000000001f,0.42052339539474715f,-0.053497540446585085f,-0.9057030899206644f,0.2552055334065562f,0f,0f,0f,1f], start_interpolation: 0, interpolation_duration: 1 }
$data merge entity $(bone_8) { transformation: [-0.8604645069361653f,0.10666568748257271f,-0.49822009535643214f,0.08475885420273002f,0.10693250905055383f,0.9938691136631497f,0.02810023869255493f,0.3994778304687455f,0.49816289585963275f,-0.029096666824491635f,-0.8665951264393594f,0.5358896154005546f,0f,0f,0f,1f], start_interpolation: 0, interpolation_duration: 1 }
$data merge entity $(bone_7) { transformation: [-0.8604645069361653f,-0.0036972803092125833f,-0.5094969699825675f,0.08337237408677531f,0.10693250905055383f,0.9763924520833454f,-0.18767849643159817f,0.765625f,0.49816289585963275f,-0.2159724742484266f,-0.8397556903979618f,0.45489993755739455f,0f,0f,0f,1f], start_interpolation: 0, interpolation_duration: 1 }