# This file was generated by Animated Java via MC-Build. It is not recommended to edit this file directly.
$data merge entity $(bone_layer) { transformation: [-0.912776752709505f,-0.024282256752804557f,-0.4077363997978129f,0.2883874705101911f,-0.08251056706989605f,0.9886138202880284f,0.12583608646693573f,1.3890625f,0.4000382557142444f,0.14850281594131748f,-0.9043872553406554f,0.4551453728798819f,0f,0f,0f,1f], start_interpolation: 0, interpolation_duration: 1 }
$data merge entity $(bone_head) { transformation: [-0.912776752709505f,-0.024282256752804557f,-0.4077363997978129f,0.2883874705101911f,-0.08251056706989605f,0.9886138202880284f,0.12583608646693573f,1.3890625f,0.4000382557142444f,0.14850281594131748f,-0.9043872553406554f,0.4551453728798819f,0f,0f,0f,1f], start_interpolation: 0, interpolation_duration: 1 }
$data merge entity $(bone_6) { transformation: [-0.7039004626197565f,-0.08655508704711687f,-0.7050052167395352f,0.35958433112926413f,-0.10693352293040032f,0.9941486312930172f,-0.015287922419802591f,0.39947854004675265f,0.7022032187318613f,0.06462751584647494f,-0.7090373218654482f,0.32501359037130745f,0f,0f,0f,1f], start_interpolation: 0, interpolation_duration: 1 }
$data merge entity $(bone_12) { transformation: [-0.7039004626197565f,-0.20766299191914678f,-0.679264470225612f,0.2817107091595841f,-0.10693352293040032f,0.9763905598753263f,-0.18768776268057624f,0.765625f,0.7022032187318613f,-0.05947736017624797f,-0.7094879021019869f,0.30270958030521444f,0f,0f,0f,1f], start_interpolation: 0, interpolation_duration: 1 }
$data merge entity $(bone_group3) { transformation: [1.2022488837962388f,-0.12397126203246957f,0.26642228712218763f,-1.0096996419038513f,0.31303123241421915f,0.8176489644309228f,-0.38647088004746993f,1.6537519514213677f,-0.24709009164346843f,0.43265737976628493f,0.8067034987596295f,0.9803778136363959f,0f,0f,0f,1f], start_interpolation: 0, interpolation_duration: 1 }
$data merge entity $(bone_group1) { transformation: [1.2022488837962388f,-0.12397126203246957f,0.26642228712218763f,-1.0096996419038513f,0.31303123241421915f,0.8176489644309228f,-0.38647088004746993f,1.6537519514213677f,-0.24709009164346843f,0.43265737976628493f,0.8067034987596295f,0.9803778136363959f,0f,0f,0f,1f], start_interpolation: 0, interpolation_duration: 1 }
$data merge entity $(bone_group4) { transformation: [1.1646786061776064f,-0.12009716009395491f,0.2580965906496193f,-1.0096996419038513f,0.30324900640127483f,0.7920974342924565f,-0.37439366504598653f,1.6537519514213677f,-0.23936852627961006f,0.41913683664858853f,0.7814940144233913f,0.9803778136363959f,0f,0f,0f,1f], start_interpolation: 0, interpolation_duration: 1 }
$data merge entity $(bone_group2) { transformation: [1.1646786061776064f,-0.12009716009395491f,0.2580965906496193f,-1.0096996419038513f,0.30324900640127483f,0.7920974342924565f,-0.37439366504598653f,1.6537519514213677f,-0.23936852627961006f,0.41913683664858853f,0.7814940144233913f,0.9803778136363959f,0f,0f,0f,1f], start_interpolation: 0, interpolation_duration: 1 }
$data merge entity $(bone_bone1) { transformation: [0.8583001540363293f,-0.42092853364051874f,0.49359303747544875f,0.27850587376566915f,-0.4863320604074915f,0.253376793065375f,0.869682594968107f,0.9020873098180483f,-0.1637130801158443f,-2.9594964724262036f,0.004254099822515067f,1.7729774172785595f,0f,0f,0f,1f], start_interpolation: 0, interpolation_duration: 1 }
$data merge entity $(bone_2) { transformation: [0.9284947958262342f,-0.2698178136813229f,0.2551387103985397f,0.010522947994694179f,-0.14412048099853725f,0.37138045769412364f,0.9172272578808665f,1.1123918030652982f,-0.3422377844136284f,-0.8884114491963356f,0.30593854915083285f,0.9573750805879118f,0f,0f,0f,1f], start_interpolation: 0, interpolation_duration: 1 }
$data merge entity $(bone_bone2) { transformation: [1.692987404591052f,-0.8565418124004669f,0.3162790585486866f,0.25480847427835296f,0.030155990972177305f,1.2262212480102748f,0.7898531615333021f,1.0391040666598803f,-1.0643703604030583f,-1.3276737455180188f,0.5254517488213392f,0.9205004369844028f,0f,0f,0f,1f], start_interpolation: 0, interpolation_duration: 1 }
$data merge entity $(bone_1) { transformation: [0.9284947958262342f,-0.19458923723360308f,0.3162790585486866f,-0.06244801596790697f,-0.14412048099853725f,0.5961218584925382f,0.7898531615333021f,1.3359375f,-0.3422377844136284f,-0.77895683999837f,0.5254517488213392f,0.665266265588523f,0f,0f,0f,1f], start_interpolation: 0, interpolation_duration: 1 }
$data merge entity $(bone_4) { transformation: [-0.8284368527629402f,-0.5514061130889406f,0.09820223741025988f,0.6869437161095762f,-0.36992667253946465f,0.4070461796570484f,-0.8351452954848524f,1.1159896626891463f,0.4205313756761965f,-0.7281927671123549f,-0.541191884637175f,0.24585836934850966f,0f,0f,0f,1f], start_interpolation: 0, interpolation_duration: 1 }
$data merge entity $(bone_group5) { transformation: [-3.313747411051761f,-1.160093598306208f,-1.437113629531227f,0.7197492121564626f,-1.4797066901578586f,2.433787164873684f,-0.9000223368263027f,0.8966970274627657f,1.682125502704786f,-0.14443988114461245f,-3.6227978426941387f,0.42890972173077946f,0f,0f,0f,1f], start_interpolation: 0, interpolation_duration: 1 }
$data merge entity $(bone_group7) { transformation: [-3.313747411051761f,-1.160093598306208f,-1.437113629531227f,0.7197492121564626f,-1.4797066901578586f,2.433787164873684f,-0.9000223368263027f,0.8966970274627657f,1.682125502704786f,-0.14443988114461245f,-3.6227978426941387f,0.42890972173077946f,0f,0f,0f,1f], start_interpolation: 0, interpolation_duration: 1 }
$data merge entity $(bone_group6) { transformation: [-2.2897426405426358f,-2.661544232426756f,-1.437113629531227f,1.0832949471896414f,-2.498357166263337f,1.3678681671061876f,-0.9000223368263027f,0.968004409176666f,1.5289833582683205f,0.7159741449615535f,-3.6227978426941387f,0.2669810708455893f,0f,0f,0f,1f], start_interpolation: 0, interpolation_duration: 1 }
$data merge entity $(bone_group8) { transformation: [-2.2897426405426358f,-2.661544232426756f,-1.437113629531227f,1.0832949471896414f,-2.498357166263337f,1.3678681671061876f,-0.9000223368263027f,0.968004409176666f,1.5289833582683205f,0.7159741449615535f,-3.6227978426941387f,0.2669810708455893f,0f,0f,0f,1f], start_interpolation: 0, interpolation_duration: 1 }
$data merge entity $(bone_group9) { transformation: [-2.2897426405426358f,-2.661544232426756f,-1.437113629531227f,1.137674334610245f,-2.498357166263337f,1.3678681671061876f,-0.9000223368263027f,0.8539206358232119f,1.5289833582683205f,0.7159741449615535f,-3.6227978426941387f,0.27375169027424295f,0f,0f,0f,1f], start_interpolation: 0, interpolation_duration: 1 }
$data merge entity $(bone_group10) { transformation: [-2.2897426405426358f,-2.661544232426756f,-1.437113629531227f,1.137674334610245f,-2.498357166263337f,1.3678681671061876f,-0.9000223368263027f,0.8539206358232119f,1.5289833582683205f,0.7159741449615535f,-3.6227978426941387f,0.27375169027424295f,0f,0f,0f,1f], start_interpolation: 0, interpolation_duration: 1 }
$data merge entity $(bone_group11) { transformation: [-2.2897426405426358f,-2.661544232426756f,-1.437113629531227f,1.1920537220308485f,-2.498357166263337f,1.3678681671061876f,-0.9000223368263027f,0.739836862469758f,1.5289833582683205f,0.7159741449615535f,-3.6227978426941387f,0.2805223097028967f,0f,0f,0f,1f], start_interpolation: 0, interpolation_duration: 1 }
$data merge entity $(bone_group12) { transformation: [-2.2897426405426358f,-2.661544232426756f,-1.437113629531227f,1.1920537220308485f,-2.498357166263337f,1.3678681671061876f,-0.9000223368263027f,0.739836862469758f,1.5289833582683205f,0.7159741449615535f,-3.6227978426941387f,0.2805223097028967f,0f,0f,0f,1f], start_interpolation: 0, interpolation_duration: 1 }
$data merge entity $(bone_group13) { transformation: [-2.4954924957978477f,-2.003217687295116f,-0.5748454518124908f,0.9144088994934253f,-2.0019531325217734f,1.9206833286873357f,-0.3600089347305211f,0.9526700846378032f,1.487278354633786f,0.3174876417299568f,-1.4491191370776555f,0.28602979467272216f,0f,0f,0f,1f], start_interpolation: 0, interpolation_duration: 1 }
$data merge entity $(bone_group14) { transformation: [-2.4954924957978477f,-2.003217687295116f,-0.5748454518124908f,0.9144088994934253f,-2.0019531325217734f,1.9206833286873357f,-0.3600089347305211f,0.9526700846378032f,1.487278354633786f,0.3174876417299568f,-1.4491191370776555f,0.28602979467272216f,0f,0f,0f,1f], start_interpolation: 0, interpolation_duration: 1 }
$data merge entity $(bone_group15) { transformation: [-2.405738211618493f,-2.1101629217750038f,-0.5748454518124908f,0.9766368466881039f,-2.083826746856263f,1.8315312945722908f,-0.3600089347305211f,0.8845794585055589f,1.4720141787657497f,0.38205963451538194f,-1.4491191370776555f,0.27826078634660956f,0f,0f,0f,1f], start_interpolation: 0, interpolation_duration: 1 }
$data merge entity $(bone_group16) { transformation: [-2.405738211618493f,-2.1101629217750038f,-0.5748454518124908f,0.9766368466881039f,-2.083826746856263f,1.8315312945722908f,-0.3600089347305211f,0.8845794585055589f,1.4720141787657497f,0.38205963451538194f,-1.4491191370776555f,0.27826078634660956f,0f,0f,0f,1f], start_interpolation: 0, interpolation_duration: 1 }
$data merge entity $(bone_group17) { transformation: [-2.2126708346451913f,-2.311807015472078f,-0.5748454518124908f,1.09226179856262f,-2.235525627304007f,1.642944297162333f,-0.3600089347305211f,0.8121763720904287f,1.4331140291822275f,0.5089002713445068f,-1.4491191370776555f,0.2503812844782785f,0f,0f,0f,1f], start_interpolation: 0, interpolation_duration: 1 }
$data merge entity $(bone_group18) { transformation: [-2.2126708346451913f,-2.311807015472078f,-0.5748454518124908f,1.09226179856262f,-2.235525627304007f,1.642944297162333f,-0.3600089347305211f,0.8121763720904287f,1.4331140291822275f,0.5089002713445068f,-1.4491191370776555f,0.2503812844782785f,0f,0f,0f,1f], start_interpolation: 0, interpolation_duration: 1 }
$data merge entity $(bone_group19) { transformation: [-2.2126708346451913f,-2.311807015472078f,-0.5748454518124908f,1.1466411859832233f,-2.235525627304007f,1.642944297162333f,-0.3600089347305211f,0.6980925987369746f,1.4331140291822275f,0.5089002713445068f,-1.4491191370776555f,0.25715190390693227f,0f,0f,0f,1f], start_interpolation: 0, interpolation_duration: 1 }
$data merge entity $(bone_group20) { transformation: [-2.2126708346451913f,-2.311807015472078f,-0.5748454518124908f,1.1466411859832233f,-2.235525627304007f,1.642944297162333f,-0.3600089347305211f,0.6980925987369746f,1.4331140291822275f,0.5089002713445068f,-1.4491191370776555f,0.25715190390693227f,0f,0f,0f,1f], start_interpolation: 0, interpolation_duration: 1 }
$data merge entity $(bone_bone11) { transformation: [-0.8391624736453629f,-0.058943331449687664f,-0.35927840738280675f,0.5284468803771138f,0.04111361879568082f,1.4599290173773747f,-0.22500558420657568f,1.1497265433916468f,0.3226701305899248f,-0.3393124635157768f,-0.9056994606735347f,0.3348542312931087f,0f,0f,0f,1f], start_interpolation: 0, interpolation_duration: 1 }
$data merge entity $(bone_3) { transformation: [-0.8284368527629402f,-0.4296642956689659f,-0.35927840738280675f,0.5706145785635646f,-0.36992667253946465f,0.90140265365692f,-0.22500558420657568f,1.390625f,0.4205313756761965f,-0.05349625227578239f,-0.9056994606735347f,0.2582797776001847f,0f,0f,0f,1f], start_interpolation: 0, interpolation_duration: 1 }
$data merge entity $(bone_8) { transformation: [-0.8604590698588848f,0.10666151365079689f,-0.4982303790449795f,0.08476121696255859f,0.10693352293040032f,0.9938692718913675f,0.02809078254190353f,0.39947854004675265f,0.49817206944114856f,-0.029106561044613816f,-0.8665895206687418f,0.5358927827918435f,0f,0f,0f,1f], start_interpolation: 0, interpolation_duration: 1 }
$data merge entity $(bone_7) { transformation: [-0.8604590698588848f,-0.0037035810020887433f,-0.5095061065240966f,0.08337237408677531f,0.10693352293040032f,0.9763905598753263f,-0.18768776268057624f,0.765625f,0.49817206944114856f,-0.21598092062519716f,-0.8397480760053075f,0.45489993755739455f,0f,0f,0f,1f], start_interpolation: 0, interpolation_duration: 1 }