# This file was generated by Animated Java via MC-Build. It is not recommended to edit this file directly.
$data merge entity $(bone_layer) { transformation: [-0.8981677695044608f,0.021995050088628995f,-0.4391023520717928f,0.2883874705101911f,-0.06952335321920772f,0.9790760043923713f,0.19125030975197582f,1.3848f,0.4341211365282037f,0.2023027320494415f,-0.8778453414040498f,0.4551453728798819f,0f,0f,0f,1f], start_interpolation: 0, interpolation_duration: 1 }
$data merge entity $(bone_head) { transformation: [-0.8981677695044608f,0.021995050088628995f,-0.4391023520717928f,0.2883874705101911f,-0.06952335321920772f,0.9790760043923713f,0.19125030975197582f,1.3848f,0.4341211365282037f,0.2023027320494415f,-0.8778453414040498f,0.4551453728798819f,0f,0f,0f,1f], start_interpolation: 0, interpolation_duration: 1 }
$data merge entity $(bone_6) { transformation: [-0.7039081954820542f,-0.08656350731740799f,-0.7049964620720497f,0.359586870672543f,-0.10693457477283892f,0.994148367276606f,-0.015297730531370624f,0.39947927623404345f,0.7021953069135041f,0.06462029899472271f,-0.7090458150969389f,0.3250168086384557f,0f,0f,0f,1f], start_interpolation: 0, interpolation_duration: 1 }
$data merge entity $(bone_12) { transformation: [-0.7039081954820542f,-0.207669764034557f,-0.6792543863966058f,0.2817107091595841f,-0.10693457477283892f,0.9763885967092175f,-0.18769737593892216f,0.765625f,0.7021953069135041f,-0.05948594222197677f,-0.7094950131090517f,0.30270958030521444f,0f,0f,0f,1f], start_interpolation: 0, interpolation_duration: 1 }
$data merge entity $(bone_group3) { transformation: [1.2022475344110974f,-0.12397537229520973f,0.2664236805469812f,-1.0097021191775453f,0.3130343333286437f,0.8176529243602921f,-0.38646113828087403f,1.6537512598738777f,-0.24709272875658064f,0.4326487183159538f,0.8067077055250943f,0.9803722405268449f,0f,0f,0f,1f], start_interpolation: 0, interpolation_duration: 1 }
$data merge entity $(bone_group1) { transformation: [1.2022475344110974f,-0.12397537229520973f,0.2664236805469812f,-1.0097021191775453f,0.3130343333286437f,0.8176529243602921f,-0.38646113828087403f,1.6537512598738777f,-0.24709272875658064f,0.4326487183159538f,0.8067077055250943f,0.9803722405268449f,0f,0f,0f,1f], start_interpolation: 0, interpolation_duration: 1 }
$data merge entity $(bone_group4) { transformation: [1.1646772989607508f,-0.12010114191098444f,0.25809794052988805f,-1.0097021191775453f,0.30325201041212363f,0.792101270474033f,-0.37438422770959673f,1.6537512598738777f,-0.23937108098293752f,0.4191284458685803f,0.7814980897274352f,0.9803722405268449f,0f,0f,0f,1f], start_interpolation: 0, interpolation_duration: 1 }
$data merge entity $(bone_group2) { transformation: [1.1646772989607508f,-0.12010114191098444f,0.25809794052988805f,-1.0097021191775453f,0.30325201041212363f,0.792101270474033f,-0.37438422770959673f,1.6537512598738777f,-0.23937108098293752f,0.4191284458685803f,0.7814980897274352f,0.9803722405268449f,0f,0f,0f,1f], start_interpolation: 0, interpolation_duration: 1 }
$data merge entity $(bone_bone1) { transformation: [0.8146537372900207f,-0.5701857896677647f,0.5479194750382337f,0.3108555245507727f,-0.5232003220509153f,0.5002149161389752f,0.835739050496588f,0.7994584283416233f,-0.25020134157358187f,-2.9025287600526934f,0.03639352069926677f,1.7136508312748449f,0f,0f,0f,1f], start_interpolation: 0, interpolation_duration: 1 }
$data merge entity $(bone_2) { transformation: [0.8965101410536389f,-0.29511656755250626f,0.3304175820745792f,0.011326330183007355f,-0.17334062559549854f,0.4526987722580908f,0.8746524161712346f,1.0862383020460484f,-0.40770405259960973f,-0.8414095513791392f,0.35469334972876243f,0.9330808051020029f,0f,0f,0f,1f], start_interpolation: 0, interpolation_duration: 1 }
$data merge entity $(bone_bone2) { transformation: [1.6398574943622837f,-0.8076669040574863f,0.4057528713003912f,0.24657011453619843f,0.028529712792461193f,1.4459478337291807f,0.6907280430136504f,0.9990261959881819f,-1.1445756653327166f,-1.1211195450192124f,0.5985477241006106f,0.8742534264408661f,0f,0f,0f,1f], start_interpolation: 0, interpolation_duration: 1 }
$data merge entity $(bone_1) { transformation: [0.8965101410536389f,-0.17785998543650128f,0.4057528713003912f,-0.055371164355680624f,-0.17334062559549854f,0.7020311945438705f,0.6907280430136504f,1.3495f,-0.40770405259960973f,-0.6895781518202515f,0.5985477241006106f,0.6744889981694085f,0f,0f,0f,1f], start_interpolation: 0, interpolation_duration: 1 }
$data merge entity $(bone_4) { transformation: [-0.8284294395215553f,-0.5514166023438392f,0.09820587759181354f,0.6893053181537208f,-0.3699338623447361f,0.4070386669460523f,-0.8351457723664095f,1.1198657984442764f,0.42053965475886773f,-0.7281890237227948f,-0.5411904881877868f,0.24893233444316532f,0f,0f,0f,1f], start_interpolation: 0, interpolation_duration: 1 }
$data merge entity $(bone_group5) { transformation: [-3.3137177580862214f,-1.160119331746832f,-1.437136411018538f,0.7221146267652097f,-1.4797354493789443f,2.433775112707977f,-0.9000465832425728f,0.900573988190617f,1.682158619035471f,-0.14443627269685205f,-3.622782781801598f,0.43198399182025604f,0f,0f,0f,1f], start_interpolation: 0, interpolation_duration: 1 }
$data merge entity $(bone_group7) { transformation: [-3.3137177580862214f,-1.160119331746832f,-1.437136411018538f,0.7221146267652097f,-1.4797354493789443f,2.433775112707977f,-0.9000465832425728f,0.900573988190617f,1.682158619035471f,-0.14443627269685205f,-3.622782781801598f,0.43198399182025604f,0f,0f,0f,1f], start_interpolation: 0, interpolation_duration: 1 }
$data merge entity $(bone_group6) { transformation: [-2.289704093600869f,-2.6615516917572934f,-1.437136411018538f,1.0856582223301867f,-2.4983760463965363f,1.3678433500139715f,-0.9000465832425728f,0.9718845862138725f,1.5290102336280935f,0.7159938281343248f,-3.622782781801598f,0.2700519540437307f,0f,0f,0f,1f], start_interpolation: 0, interpolation_duration: 1 }
$data merge entity $(bone_group8) { transformation: [-2.289704093600869f,-2.6615516917572934f,-1.437136411018538f,1.0856582223301867f,-2.4983760463965363f,1.3678433500139715f,-0.9000465832425728f,0.9718845862138725f,1.5290102336280935f,0.7159938281343248f,-3.622782781801598f,0.2700519540437307f,0f,0f,0f,1f], start_interpolation: 0, interpolation_duration: 1 }
$data merge entity $(bone_group9) { transformation: [-2.289704093600869f,-2.6615516917572934f,-1.437136411018538f,1.1400388160058195f,-2.4983760463965363f,1.3678433500139715f,-0.9000465832425728f,0.8578013778056861f,1.5290102336280935f,0.7159938281343248f,-3.622782781801598f,0.27682240432639565f,0f,0f,0f,1f], start_interpolation: 0, interpolation_duration: 1 }
$data merge entity $(bone_group10) { transformation: [-2.289704093600869f,-2.6615516917572934f,-1.437136411018538f,1.1400388160058195f,-2.4983760463965363f,1.3678433500139715f,-0.9000465832425728f,0.8578013778056861f,1.5290102336280935f,0.7159938281343248f,-3.622782781801598f,0.27682240432639565f,0f,0f,0f,1f], start_interpolation: 0, interpolation_duration: 1 }
$data merge entity $(bone_group11) { transformation: [-2.289704093600869f,-2.6615516917572934f,-1.437136411018538f,1.1944194096814522f,-2.4983760463965363f,1.3678433500139715f,-0.9000465832425728f,0.7437181693974997f,1.5290102336280935f,0.7159938281343248f,-3.622782781801598f,0.2835928546090606f,0f,0f,0f,1f], start_interpolation: 0, interpolation_duration: 1 }
$data merge entity $(bone_group12) { transformation: [-2.289704093600869f,-2.6615516917572934f,-1.437136411018538f,1.1944194096814522f,-2.4983760463965363f,1.3678433500139715f,-0.9000465832425728f,0.7437181693974997f,1.5290102336280935f,0.7159938281343248f,-3.622782781801598f,0.2835928546090606f,0f,0f,0f,1f], start_interpolation: 0, interpolation_duration: 1 }
$data merge entity $(bone_group13) { transformation: [-2.4954593051207237f,-2.0032342045768012f,-0.5748545644074152f,0.9167724961460537f,-2.001974193706624f,1.920664051074495f,-0.36001863329702916f,0.9565486155608192f,1.4873056947979462f,0.3175000456131776f,-1.4491131127206394f,0.28910220313241397f,0f,0f,0f,1f], start_interpolation: 0, interpolation_duration: 1 }
$data merge entity $(bone_group14) { transformation: [-2.4954593051207237f,-2.0032342045768012f,-0.5748545644074152f,0.9167724961460537f,-2.001974193706624f,1.920664051074495f,-0.36001863329702916f,0.9565486155608192f,1.4873056947979462f,0.3175000456131776f,-1.4491131127206394f,0.28910220313241397f,0f,0f,0f,1f], start_interpolation: 0, interpolation_duration: 1 }
$data merge entity $(bone_group15) { transformation: [-2.4057043320578315f,-2.110177975578894f,-0.5748545644074152f,0.9790010595294925f,-2.08384694711787f,1.831511116631485f,-0.36001863329702916f,0.8884585939319664f,1.4720409518583444f,0.38207321915406556f,-1.4491131127206394f,0.28133283228712264f,0f,0f,0f,1f], start_interpolation: 0, interpolation_duration: 1 }
$data merge entity $(bone_group16) { transformation: [-2.4057043320578315f,-2.110177975578894f,-0.5748545644074152f,0.9790010595294925f,-2.08384694711787f,1.831511116631485f,-0.36001863329702916f,0.8884585939319664f,1.4720409518583444f,0.38207321915406556f,-1.4491131127206394f,0.28133283228712264f,0f,0f,0f,1f], start_interpolation: 0, interpolation_duration: 1 }
$data merge entity $(bone_group17) { transformation: [-2.212635771981027f,-2.311819059193426f,-0.5748545644074152f,1.0946264942530375f,-2.2355439920741023f,1.64292243543588f,-0.36001863329702916f,0.8160565943645484f,1.4331395164158478f,0.5089161377183096f,-1.4491131127206394f,0.2534525104367909f,0f,0f,0f,1f], start_interpolation: 0, interpolation_duration: 1 }
$data merge entity $(bone_group18) { transformation: [-2.212635771981027f,-2.311819059193426f,-0.5748545644074152f,1.0946264942530375f,-2.2355439920741023f,1.64292243543588f,-0.36001863329702916f,0.8160565943645484f,1.4331395164158478f,0.5089161377183096f,-1.4491131127206394f,0.2534525104367909f,0f,0f,0f,1f], start_interpolation: 0, interpolation_duration: 1 }
$data merge entity $(bone_group19) { transformation: [-2.212635771981027f,-2.311819059193426f,-0.5748545644074152f,1.1490070879286702f,-2.2355439920741023f,1.64292243543588f,-0.36001863329702916f,0.7019733859563619f,1.4331395164158478f,0.5089161377183096f,-1.4491131127206394f,0.26022296071945583f,0f,0f,0f,1f], start_interpolation: 0, interpolation_duration: 1 }
$data merge entity $(bone_group20) { transformation: [-2.212635771981027f,-2.311819059193426f,-0.5748545644074152f,1.1490070879286702f,-2.2355439920741023f,1.64292243543588f,-0.36001863329702916f,0.7019733859563619f,1.4331395164158478f,0.5089161377183096f,-1.4491131127206394f,0.26022296071945583f,0f,0f,0f,1f], start_interpolation: 0, interpolation_duration: 1 }
$data merge entity $(bone_bone11) { transformation: [-0.8391600519754563f,-0.05896098780514991f,-0.3592841027546345f,0.5308089251983507f,0.04110605641505277f,1.459927506874311f,-0.2250116458106432f,1.1536013266868541f,0.32267739197928313f,-0.3393158949840098f,-0.9056956954503995f,0.3379294976245338f,0f,0f,0f,1f], start_interpolation: 0, interpolation_duration: 1 }
$data merge entity $(bone_3) { transformation: [-0.8284294395215553f,-0.42967382657290065f,-0.3592841027546345f,0.5729735291009732f,-0.3699338623447361f,0.9013981898918433f,-0.2250116458106432f,1.3944999999999999f,0.42053965475886773f,-0.0534949158136489f,-0.9056956954503995f,0.2613540217938133f,0f,0f,0f,1f], start_interpolation: 0, interpolation_duration: 1 }
$data merge entity $(bone_8) { transformation: [-0.8604534290412363f,0.10665718327635475f,-0.49824104779386874f,0.08476366828774659f,0.10693457477283892f,0.9938694359500592f,0.028080972249250297f,0.39947927623404345f,0.4981815865418253f,-0.029116825717531797f,-0.8665837047226337f,0.5358960687511137f,0f,0f,0f,1f], start_interpolation: 0, interpolation_duration: 1 }
$data merge entity $(bone_7) { transformation: [-0.8604534290412363f,-0.003710117869256749f,-0.5095155851164657f,0.08337237408677531f,0.10693457477283892f,0.9763885967092175f,-0.18769737593892216f,0.765625f,0.4981815865418253f,-0.21598968318325107f,-0.839740176238501f,0.45489993755739455f,0f,0f,0f,1f], start_interpolation: 0, interpolation_duration: 1 }