# This file was generated by Animated Java via MC-Build. It is not recommended to edit this file directly.
$data merge entity $(bone_layer) { transformation: [-0.8830033797231716f,0.06993987453421226f,-0.46412654023185884f,0.2883874705101911f,-0.05687000383681877f,0.9656085535568968f,0.2537044027236379f,1.38074375f,0.46590861127592054f,0.2504167231793761f,-0.8486581353472357f,0.4551453728798819f,0f,0f,0f,1f], start_interpolation: 0, interpolation_duration: 1 }
$data merge entity $(bone_head) { transformation: [-0.8830033797231716f,0.06993987453421226f,-0.46412654023185884f,0.2883874705101911f,-0.05687000383681877f,0.9656085535568968f,0.2537044027236379f,1.38074375f,0.46590861127592054f,0.2504167231793761f,-0.8486581353472357f,0.4551453728798819f,0f,0f,0f,1f], start_interpolation: 0, interpolation_duration: 1 }
$data merge entity $(bone_6) { transformation: [-0.7039157049291017f,-0.08657168422938913f,-0.7049879600701366f,0.35958933679598404f,-0.10693559622698462f,0.9941481107929425f,-0.01530725535171562f,0.3994799911920919f,0.7021876235122242f,0.06461329040151301f,-0.7090540628821929f,0.3250199340121344f,0f,0f,0f,1f], start_interpolation: 0, interpolation_duration: 1 }
$data merge entity $(bone_12) { transformation: [-0.7039157049291017f,-0.207676340363733f,-0.6792445936533412f,0.2817107091595841f,-0.10693559622698462f,0.9763866901544216f,-0.1877067115179232f,0.765625f,0.7021876235122242f,-0.05949427655178653f,-0.7095019185624761f,0.30270958030521444f,0f,0f,0f,1f], start_interpolation: 0, interpolation_duration: 1 }
$data merge entity $(bone_group3) { transformation: [1.2022462239839866f,-0.12397936389560715f,0.2664250336688053f,-1.0097045249236951f,0.3130373446848002f,0.8176567698109536f,-0.38645167781671474f,1.6537505881994685f,-0.24709528970294128f,0.4326403069773653f,0.8067117907024374f,0.9803668283507129f,0f,0f,0f,1f], start_interpolation: 0, interpolation_duration: 1 }
$data merge entity $(bone_group1) { transformation: [1.2022462239839866f,-0.12397936389560715f,0.2664250336688053f,-1.0097045249236951f,0.3130373446848002f,0.8176567698109536f,-0.38645167781671474f,1.6537505881994685f,-0.24709528970294128f,0.4326403069773653f,0.8067117907024374f,0.9803668283507129f,0f,0f,0f,1f], start_interpolation: 0, interpolation_duration: 1 }
$data merge entity $(bone_group4) { transformation: [1.1646760294844871f,-0.12010500877386944f,0.2580992513666552f,-1.0097045249236951f,0.30325492766340023f,0.7921049957543613f,-0.3743750628849425f,1.6537505881994685f,-0.2393735618997244f,0.41912029738432266f,0.7815020472429863f,0.9803668283507129f,0f,0f,0f,1f], start_interpolation: 0, interpolation_duration: 1 }
$data merge entity $(bone_group2) { transformation: [1.1646760294844871f,-0.12010500877386944f,0.2580992513666552f,-1.0097045249236951f,0.30325492766340023f,0.7921049957543613f,-0.3743750628849425f,1.6537505881994685f,-0.2393735618997244f,0.41912029738432266f,0.7815020472429863f,0.9803668283507129f,0f,0f,0f,1f], start_interpolation: 0, interpolation_duration: 1 }
$data merge entity $(bone_bone1) { transformation: [0.7637799599864848f,-0.6823497362146421f,0.6040750865759071f,0.3228276337865475f,-0.5551208236187837f,0.7382228245379313f,0.7945365456942997f,0.7069330772461146f,-0.32936460633748654f,-2.8265572519973925f,0.061684417274386394f,1.6491989384563608f,0f,0f,0f,1f], start_interpolation: 0, interpolation_duration: 1 }
$data merge entity $(bone_2) { transformation: [0.8608749591295324f,-0.3064564904151843f,0.4061757307202569f,0.003906238333229131f,-0.2009760722629595f,0.5285644856140033f,0.8247594818644755f,1.066332066925308f,-0.46744296242587746f,-0.7916463882504691f,0.3934375081871424f,0.9073286602138074f,0f,0f,0f,1f], start_interpolation: 0, interpolation_duration: 1 }
$data merge entity $(bone_bone2) { transformation: [1.5905540524569755f,-0.7163023138760858f,0.4891443553156013f,0.22788214134569568f,0.020435441832275747f,1.6292899365126168f,0.5798699629002682f,0.9667423516804529f,-1.2123201717903629f,-0.9123186383684592f,0.6515279163542625f,0.8278117847269092f,0f,0f,0f,1f], start_interpolation: 0, interpolation_duration: 1 }
$data merge entity $(bone_1) { transformation: [0.8608749591295324f,-0.14011461168133532f,0.4891443553156013f,-0.048636741047271614f,-0.2009760722629595f,0.7895311548658454f,0.5798699629002682f,1.36240625f,-0.46744296242587746f,-0.5975018419131386f,0.6515279163542625f,0.6832654694963805f,0f,0f,0f,1f], start_interpolation: 0, interpolation_duration: 1 }
$data merge entity $(bone_4) { transformation: [-0.8284222402381751f,-0.551426788544972f,0.09820941275530604f,0.6915527008610239f,-0.3699408444637784f,0.4070313710564188f,-0.8351462354422478f,1.123554401431381f,0.4205476946509038f,-0.728185388380535f,-0.5411891320720508f,0.2518575538355446f,0f,0f,0f,1f], start_interpolation: 0, interpolation_duration: 1 }
$data merge entity $(bone_group5) { transformation: [-3.3136889609527005f,-1.1601443220186445f,-1.4371585339124704f,0.7243657119278838f,-1.4797633778551136f,2.4337634082868567f,-0.9000701297830628f,0.9042633923690606f,1.6821907786036152f,-0.14443276834515023f,-3.62276815568908f,0.43490950737209155f,0f,0f,0f,1f], start_interpolation: 0, interpolation_duration: 1 }
$data merge entity $(bone_group7) { transformation: [-3.3136889609527005f,-1.1601443220186445f,-1.4371585339124704f,0.7243657119278838f,-1.4797633778551136f,2.4337634082868567f,-0.9000701297830628f,0.9042633923690606f,1.6821907786036152f,-0.14443276834515023f,-3.62276815568908f,0.43490950737209155f,0f,0f,0f,1f], start_interpolation: 0, interpolation_duration: 1 }
$data merge entity $(bone_group6) { transformation: [-2.2896666594157775f,-2.6615589354007705f,-1.4371585339124704f,1.0879072297589312f,-2.498394380955828f,1.3678192494498602f,-0.9000701297830628f,0.9755771138069191f,1.5290363324552303f,0.7160129427759945f,-3.62276815568908f,0.2729741805499747f,0f,0f,0f,1f], start_interpolation: 0, interpolation_duration: 1 }
$data merge entity $(bone_group8) { transformation: [-2.2896666594157775f,-2.6615589354007705f,-1.4371585339124704f,1.0879072297589312f,-2.498394380955828f,1.3678192494498602f,-0.9000701297830628f,0.9755771138069191f,1.5290363324552303f,0.7160129427759945f,-3.62276815568908f,0.2729741805499747f,0f,0f,0f,1f], start_interpolation: 0, interpolation_duration: 1 }
$data merge entity $(bone_group9) { transformation: [-2.2896666594157775f,-2.6615589354007705f,-1.4371585339124704f,1.142288994853555f,-2.498394380955828f,1.3678192494498602f,-0.9000701297830628f,0.8614944540434726f,1.5290363324552303f,0.7160129427759945f,-3.62276815568908f,0.2797444665661536f,0f,0f,0f,1f], start_interpolation: 0, interpolation_duration: 1 }
$data merge entity $(bone_group10) { transformation: [-2.2896666594157775f,-2.6615589354007705f,-1.4371585339124704f,1.142288994853555f,-2.498394380955828f,1.3678192494498602f,-0.9000701297830628f,0.8614944540434726f,1.5290363324552303f,0.7160129427759945f,-3.62276815568908f,0.2797444665661536f,0f,0f,0f,1f], start_interpolation: 0, interpolation_duration: 1 }
$data merge entity $(bone_group11) { transformation: [-2.2896666594157775f,-2.6615589354007705f,-1.4371585339124704f,1.196670759948179f,-2.498394380955828f,1.3678192494498602f,-0.9000701297830628f,0.7474117942800262f,1.5290363324552303f,0.7160129427759945f,-3.62276815568908f,0.2865147525823325f,0f,0f,0f,1f], start_interpolation: 0, interpolation_duration: 1 }
$data merge entity $(bone_group12) { transformation: [-2.2896666594157775f,-2.6615589354007705f,-1.4371585339124704f,1.196670759948179f,-2.498394380955828f,1.3678192494498602f,-0.9000701297830628f,0.7474117942800262f,1.5290363324552303f,0.7160129427759945f,-3.62276815568908f,0.2865147525823325f,0f,0f,0f,1f], start_interpolation: 0, interpolation_duration: 1 }
$data merge entity $(bone_group13) { transformation: [-2.495427072518124f,-2.0032502447040796f,-0.5748634135649882f,0.9190218158300683f,-2.0019946463943317f,1.9206453299403938f,-0.3600280519132251f,0.9602395445752012f,1.4873322450318072f,0.31751209128458247f,-1.449107262275632f,0.2920259108412901f,0f,0f,0f,1f], start_interpolation: 0, interpolation_duration: 1 }
$data merge entity $(bone_group14) { transformation: [-2.495427072518124f,-2.0032502447040796f,-0.5748634135649882f,0.9190218158300683f,-2.0019946463943317f,1.9206453299403938f,-0.3600280519132251f,0.9602395445752012f,1.4873322450318072f,0.31751209128458247f,-1.449107262275632f,0.2920259108412901f,0f,0f,0f,1f], start_interpolation: 0, interpolation_duration: 1 }
$data merge entity $(bone_group15) { transformation: [-2.405671430473002f,-2.1101925944731468f,-0.5748634135649882f,0.9812509776031146f,-2.083866563734751f,1.8314915211820477f,-0.3600280519132251f,0.8921501100008162f,1.4720669513974587f,0.38208641146559574f,-1.449107262275632f,0.2842561879452971f,0f,0f,0f,1f], start_interpolation: 0, interpolation_duration: 1 }
$data merge entity $(bone_group16) { transformation: [-2.405671430473002f,-2.1101925944731468f,-0.5748634135649882f,0.9812509776031146f,-2.083866563734751f,1.8314915211820477f,-0.3600280519132251f,0.8921501100008162f,1.4720669513974587f,0.38208641146559574f,-1.449107262275632f,0.2842561879452971f,0f,0f,0f,1f], start_interpolation: 0, interpolation_duration: 1 }
$data merge entity $(bone_group17) { transformation: [-2.2126017214760743f,-2.3118307548963095f,-0.5748634135649882f,1.0968768812205414f,-2.235561826187883f,1.6429012048522293f,-0.3600280519132251f,0.8197491659028722f,1.4331642672331562f,0.5089315458382542f,-1.449107262275632f,0.2563750697964985f,0f,0f,0f,1f], start_interpolation: 0, interpolation_duration: 1 }
$data merge entity $(bone_group18) { transformation: [-2.2126017214760743f,-2.3118307548963095f,-0.5748634135649882f,1.0968768812205414f,-2.235561826187883f,1.6429012048522293f,-0.3600280519132251f,0.8197491659028722f,1.4331642672331562f,0.5089315458382542f,-1.449107262275632f,0.2563750697964985f,0f,0f,0f,1f], start_interpolation: 0, interpolation_duration: 1 }
$data merge entity $(bone_group19) { transformation: [-2.2126017214760743f,-2.3118307548963095f,-0.5748634135649882f,1.1512586463151653f,-2.235561826187883f,1.6429012048522293f,-0.3600280519132251f,0.7056665061394258f,1.4331642672331562f,0.5089315458382542f,-1.449107262275632f,0.2631453558126774f,0f,0f,0f,1f], start_interpolation: 0, interpolation_duration: 1 }
$data merge entity $(bone_group20) { transformation: [-2.2126017214760743f,-2.3118307548963095f,-0.5748634135649882f,1.1512586463151653f,-2.235561826187883f,1.6429012048522293f,-0.3600280519132251f,0.7056665061394258f,1.4331642672331562f,0.5089315458382542f,-1.449107262275632f,0.2631453558126774f,0f,0f,0f,1f], start_interpolation: 0, interpolation_duration: 1 }
$data merge entity $(bone_bone11) { transformation: [-0.839157700133938f,-0.05897813433806065f,-0.3592896334781176f,0.5330567379110196f,0.041098712427044326f,1.4599260398041614f,-0.2250175324457657f,1.1572886162716949f,0.32268444360204135f,-0.339319227235563f,-0.90569203892227f,0.3408559806624182f,0f,0f,0f,1f], start_interpolation: 0, interpolation_duration: 1 }
$data merge entity $(bone_3) { transformation: [-0.8284222402381751f,-0.42968308222912754f,-0.3592896334781176f,0.5752183368704429f,-0.3699408444637784f,0.901393854921058f,-0.2250175324457657f,1.3981875000000001f,0.4205476946509038f,-0.05349361790561119f,-0.90569203892227f,0.2642795122361372f,0f,0f,0f,1f], start_interpolation: 0, interpolation_duration: 1 }
$data merge entity $(bone_8) { transformation: [-0.8604479510334203f,0.10665297775305435f,-0.49825140832595266f,0.08476604888718552f,0.10693559622698462f,0.9938695951773395f,0.02807144530676345f,0.3994799911920919f,0.4981908287212522f,-0.02912679382351921f,-0.866578056530163f,0.5358992597496672f,0f,0f,0f,1f], start_interpolation: 0, interpolation_duration: 1 }
$data merge entity $(bone_7) { transformation: [-0.8604479510334203f,-0.003716466134427207f,-0.5095247898207312f,0.08337237408677531f,0.10693559622698462f,0.9763866901544216f,-0.1877067115179232f,0.765625f,0.4981908287212522f,-0.21599819251272728f,-0.8397325044377327f,0.45489993755739455f,0f,0f,0f,1f], start_interpolation: 0, interpolation_duration: 1 }