# This file was generated by Animated Java via MC-Build. It is not recommended to edit this file directly.
$data merge entity $(bone_layer) { transformation: [-0.8683433213036508f,0.11584318946288377f,-0.4822449914746769f,0.2883874705101911f,-0.045300220624838544f,0.9497499142300033f,0.30971436910715383f,1.3771f,0.4938904396307806f,0.29078420843499697f,-0.8194612728897849f,0.4551453728798819f,0f,0f,0f,1f], start_interpolation: 0, interpolation_duration: 1 }
$data merge entity $(bone_head) { transformation: [-0.8683433213036508f,0.11584318946288377f,-0.4822449914746769f,0.2883874705101911f,-0.045300220624838544f,0.9497499142300033f,0.30971436910715383f,1.3771f,0.4938904396307806f,0.29078420843499697f,-0.8194612728897849f,0.4551453728798819f,0f,0f,0f,1f], start_interpolation: 0, interpolation_duration: 1 }
$data merge entity $(bone_6) { transformation: [-0.7039224884852666f,-0.08657907066080456f,-0.7049802796732836f,0.3595915644939869f,-0.10693651894460343f,0.9941478790213565f,-0.015315859536731785f,0.3994806370739056f,0.7021806826741392f,0.06460695907446687f,-0.7090615133529883f,0.32502275734987374f,0f,0f,0f,1f], start_interpolation: 0, interpolation_duration: 1 }
$data merge entity $(bone_12) { transformation: [-0.7039224884852666f,-0.20768228089174073f,-0.6792357472986194f,0.2817107091595841f,-0.10693651894460343f,0.9763849678029184f,-0.1877151447393219f,0.765625f,0.7021806826741392f,-0.05950180545242481f,-0.7095081564204753f,0.30270958030521444f,0f,0f,0f,1f], start_interpolation: 0, interpolation_duration: 1 }
$data merge entity $(bone_group3) { transformation: [1.2022450402039224f,-0.12398296972939421f,0.26642625595508695f,-1.0097066981596676f,0.3130400649795171f,0.8176602434870559f,-0.3864431317060125f,1.6537499813610532f,-0.24709760311895673f,0.4326327085980431f,0.8067154809510694f,0.9803619392652166f,0f,0f,0f,1f], start_interpolation: 0, interpolation_duration: 1 }
$data merge entity $(bone_group1) { transformation: [1.2022450402039224f,-0.12398296972939421f,0.26642625595508695f,-1.0097066981596676f,0.3130400649795171f,0.8176602434870559f,-0.3864431317060125f,1.6537499813610532f,-0.24709760311895673f,0.4326327085980431f,0.8067154809510694f,0.9803619392652166f,0f,0f,0f,1f], start_interpolation: 0, interpolation_duration: 1 }
$data merge entity $(bone_group4) { transformation: [1.16467488269755f,-0.12010850192535065f,0.25810043545649053f,-1.0097066981596676f,0.3032575629489072f,0.7921083608780854f,-0.37436678384019967f,1.6537499813610532f,-0.23937580302148936f,0.41911293645435427f,0.7815056221713486f,0.9803619392652166f,0f,0f,0f,1f], start_interpolation: 0, interpolation_duration: 1 }
$data merge entity $(bone_group2) { transformation: [1.16467488269755f,-0.12010850192535065f,0.25810043545649053f,-1.0097066981596676f,0.3032575629489072f,0.7921083608780854f,-0.37436678384019967f,1.6537499813610532f,-0.23937580302148936f,0.41911293645435427f,0.7815056221713486f,0.9803619392652166f,0f,0f,0f,1f], start_interpolation: 0, interpolation_duration: 1 }
$data merge entity $(bone_bone1) { transformation: [0.7107899501760752f,-0.7552738102735164f,0.6568071162891959f,0.31738090562503746f,-0.5805176853641507f,0.9519994090754269f,0.7498659197138795f,0.6299259338659609f,-0.397211358986802f,-2.7428559197732154f,0.07940726946274396f,1.5866228899080421f,0f,0f,0f,1f], start_interpolation: 0, interpolation_duration: 1 }
$data merge entity $(bone_2) { transformation: [0.8247047542090893f,-0.30550118882529403f,0.4759528254052688f,-0.009426737772753421f,-0.22531760652060087f,0.5944083842549304f,0.7719524913615287f,1.0535392086688338f,-0.5187427537583092f,-0.743873441086436f,0.421376623781471f,0.8830615509847265f,0f,0f,0f,1f], start_interpolation: 0, interpolation_duration: 1 }
$data merge entity $(bone_bone2) { transformation: [1.547433628818813f,-0.5977280451390111f,0.5586077220319593f,0.20227619020847626f,0.007073708182256833f,1.767520200381191f,0.4679268916981016f,0.9437996751501558f,-1.2670434590230892f,-0.7201343800282914f,0.6848370878625215f,0.7853612179900162f,0f,0f,0f,1f], start_interpolation: 0, interpolation_duration: 1 }
$data merge entity $(bone_1) { transformation: [0.8247047542090893f,-0.08842783086331756f,0.5586077220319593f,-0.0425871743464975f,-0.22531760652060087f,0.8545621102164435f,0.4679268916981016f,1.374f,-0.5187427537583092f,-0.5117656871178721f,0.6848370878625215f,0.6911494183155245f,0f,0f,0f,1f], start_interpolation: 0, interpolation_duration: 1 }
$data merge entity $(bone_4) { transformation: [-0.8284157366753225f,-0.5514359901088034f,0.09821260632630924f,0.6935715491612459f,-0.3699471516986158f,0.4070247802167481f,-0.8351466537318994f,1.1268678978385003f,0.4205549573822239f,-0.7281821043545575f,-0.5411879070332264f,0.2544852919136311f,0f,0f,0f,1f], start_interpolation: 0, interpolation_duration: 1 }
$data merge entity $(bone_group5) { transformation: [-3.31366294670129f,-1.160166896903706f,-1.4371785179883487f,0.7263879048261299f,-1.4797886067944632f,2.433752834866498f,-0.9000914007731056f,0.9075776125666846f,1.6822198295288957f,-0.1444296026031847f,-3.6227549430905652f,0.43753751296181237f,0f,0f,0f,1f], start_interpolation: 0, interpolation_duration: 1 }
$data merge entity $(bone_group7) { transformation: [-3.31366294670129f,-1.160166896903706f,-1.4371785179883487f,0.7263879048261299f,-1.4797886067944632f,2.433752834866498f,-0.9000914007731056f,0.9075776125666846f,1.6822198295288957f,-0.1444296026031847f,-3.6227549430905652f,0.43753751296181237f,0f,0f,0f,1f], start_interpolation: 0, interpolation_duration: 1 }
$data merge entity $(bone_group6) { transformation: [-2.289632842970665f,-2.661565478699016f,-1.4371785179883487f,1.0899275456981659f,-2.498410943148036f,1.3677974781295497f,-0.9000914007731056f,0.9788941555235766f,1.529059908423544f,0.7160302098515987f,-3.6227549430905652f,0.27559921501931545f,0f,0f,0f,1f], start_interpolation: 0, interpolation_duration: 1 }
$data merge entity $(bone_group8) { transformation: [-2.289632842970665f,-2.661565478699016f,-1.4371785179883487f,1.0899275456981659f,-2.498410943148036f,1.3677974781295497f,-0.9000914007731056f,0.9788941555235766f,1.529059908423544f,0.7160302098515987f,-3.6227549430905652f,0.27559921501931545f,0f,0f,0f,1f], start_interpolation: 0, interpolation_duration: 1 }
$data merge entity $(bone_group9) { transformation: [-2.289632842970665f,-2.661565478699016f,-1.4371785179883487f,1.1443103689905272f,-2.498410943148036f,1.3677974781295497f,-0.9000914007731056f,0.8648119913892094f,1.529059908423544f,0.7160302098515987f,-3.6227549430905652f,0.2823693526413397f,0f,0f,0f,1f], start_interpolation: 0, interpolation_duration: 1 }
$data merge entity $(bone_group10) { transformation: [-2.289632842970665f,-2.661565478699016f,-1.4371785179883487f,1.1443103689905272f,-2.498410943148036f,1.3677974781295497f,-0.9000914007731056f,0.8648119913892094f,1.529059908423544f,0.7160302098515987f,-3.6227549430905652f,0.2823693526413397f,0f,0f,0f,1f], start_interpolation: 0, interpolation_duration: 1 }
$data merge entity $(bone_group11) { transformation: [-2.289632842970665f,-2.661565478699016f,-1.4371785179883487f,1.1986931922828883f,-2.498410943148036f,1.3677974781295497f,-0.9000914007731056f,0.7507298272548424f,1.529059908423544f,0.7160302098515987f,-3.6227549430905652f,0.289139490263364f,0f,0f,0f,1f], start_interpolation: 0, interpolation_duration: 1 }
$data merge entity $(bone_group12) { transformation: [-2.289632842970665f,-2.661565478699016f,-1.4371785179883487f,1.1986931922828883f,-2.498410943148036f,1.3677974781295497f,-0.9000914007731056f,0.7507298272548424f,1.529059908423544f,0.7160302098515987f,-3.6227549430905652f,0.289139490263364f,0f,0f,0f,1f], start_interpolation: 0, interpolation_duration: 1 }
$data merge entity $(bone_group13) { transformation: [-2.495397954909985f,-2.0032647343819825f,-0.5748714071953395f,0.9210424138681073f,-2.0020131220459056f,1.9206284180506306f,-0.36003656030924225f,0.9635551422178465f,1.4873562287987256f,0.31752297270989827f,-1.4491019772362261f,0.2946522833418827f,0f,0f,0f,1f], start_interpolation: 0, interpolation_duration: 1 }
$data merge entity $(bone_group14) { transformation: [-2.495397954909985f,-2.0032647343819825f,-0.5748714071953395f,0.9210424138681073f,-2.0020131220459056f,1.9206284180506306f,-0.36003656030924225f,0.9635551422178465f,1.4873562287987256f,0.31752297270989827f,-1.4491019772362261f,0.2946522833418827f,0f,0f,0f,1f], start_interpolation: 0, interpolation_duration: 1 }
$data merge entity $(bone_group15) { transformation: [-2.405641708547501f,-2.110205800267858f,-0.5748714071953395f,0.9832721161912323f,-2.0838842841153276f,1.8314738194920532f,-0.36003656030924225f,0.8954662379647869f,1.4720904376960398f,0.3820983286914255f,-1.4491019772362261f,0.28688224242121546f,0f,0f,0f,1f], start_interpolation: 0, interpolation_duration: 1 }
$data merge entity $(bone_group16) { transformation: [-2.405641708547501f,-2.110205800267858f,-0.5748714071953395f,0.9832721161912323f,-2.0838842841153276f,1.8314738194920532f,-0.36003656030924225f,0.8954662379647869f,1.4720904376960398f,0.3820983286914255f,-1.4491019772362261f,0.28688224242121546f,0f,0f,0f,1f], start_interpolation: 0, interpolation_duration: 1 }
$data merge entity $(bone_group17) { transformation: [-2.212570961690626f,-2.311841320002492f,-0.5748714071953395f,1.0988984433734295f,-2.2355779363331223f,1.6428820260895782f,-0.36003656030924225f,0.8230662473298843f,1.4331866255046115f,0.5089454646812388f,-1.4491019772362261f,0.2590004049410778f,0f,0f,0f,1f], start_interpolation: 0, interpolation_duration: 1 }
$data merge entity $(bone_group18) { transformation: [-2.212570961690626f,-2.311841320002492f,-0.5748714071953395f,1.0988984433734295f,-2.2355779363331223f,1.6428820260895782f,-0.36003656030924225f,0.8230662473298843f,1.4331866255046115f,0.5089454646812388f,-1.4491019772362261f,0.2590004049410778f,0f,0f,0f,1f], start_interpolation: 0, interpolation_duration: 1 }
$data merge entity $(bone_group19) { transformation: [-2.212570961690626f,-2.311841320002492f,-0.5748714071953395f,1.1532812666657906f,-2.2355779363331223f,1.6428820260895782f,-0.36003656030924225f,0.7089840831955173f,1.4331866255046115f,0.5089454646812388f,-1.4491019772362261f,0.26577054256310206f,0f,0f,0f,1f], start_interpolation: 0, interpolation_duration: 1 }
$data merge entity $(bone_group20) { transformation: [-2.212570961690626f,-2.311841320002492f,-0.5748714071953395f,1.1532812666657906f,-2.2355779363331223f,1.6428820260895782f,-0.36003656030924225f,0.7089840831955173f,1.4331866255046115f,0.5089454646812388f,-1.4491019772362261f,0.26577054256310206f,0f,0f,0f,1f], start_interpolation: 0, interpolation_duration: 1 }
$data merge entity $(bone_bone11) { transformation: [-0.8391555755134747f,-0.0589936236769929f,-0.3592946294970872f,0.5350759746683542f,0.04109207825375705f,1.4599247143702037f,-0.2250228501932764f,1.1606009262203294f,0.32269081361178575f,-0.33932223731511696f,-0.9056887357726413f,0.34348486024044367f,0f,0f,0f,1f], start_interpolation: 0, interpolation_duration: 1 }
$data merge entity $(bone_3) { transformation: [-0.8284157366753225f,-0.42969144329766884f,-0.3592946294970872f,0.5772348591040344f,-0.3699471516986158f,0.9013899388394435f,-0.2250228501932764f,1.4015f,0.4205549573822239f,-0.053492445408586914f,-0.9056887357726413f,0.26690749517585194f,0f,0f,0f,1f], start_interpolation: 0, interpolation_duration: 1 }
$data merge entity $(bone_8) { transformation: [-0.8604430024121872f,0.1066491785304327f,-0.49826076738860836f,0.08476819945135441f,0.10693651894460343f,0.9938697389356279f,0.028062839201290324f,0.3994806370739056f,0.49819917755443116f,-0.02913579837263594f,-0.8665729540767341f,0.5359021422742791f,0f,0f,0f,1f], start_interpolation: 0, interpolation_duration: 1 }
$data merge entity $(bone_7) { transformation: [-0.8604430024121872f,-0.0037222009722109317f,-0.509533104733955f,0.08337237408677531f,0.10693651894460343f,0.9763849678029184f,-0.1877151447393219f,0.765625f,0.49819917755443116f,-0.2160058792450256f,-0.8397255739916891f,0.45489993755739455f,0f,0f,0f,1f], start_interpolation: 0, interpolation_duration: 1 }