# This file was generated by Animated Java via MC-Build. It is not recommended to edit this file directly.
$data merge entity $(bone_layer) { transformation: [-0.855435286198484f,0.15570009518290032f,-0.4939513655073277f,0.2883874705101911f,-0.03557619296198689f,0.9338219327156717f,0.3559647910587491f,1.374075f,0.5166863706552065f,0.32207775200905026f,-0.7932850156406255f,0.4551453728798819f,0f,0f,0f,1f], start_interpolation: 0, interpolation_duration: 1 }
$data merge entity $(bone_head) { transformation: [-0.855435286198484f,0.15570009518290032f,-0.4939513655073277f,0.2883874705101911f,-0.03557619296198689f,0.9338219327156717f,0.3559647910587491f,1.374075f,0.5166863706552065f,0.32207775200905026f,-0.7932850156406255f,0.4551453728798819f,0f,0f,0f,1f], start_interpolation: 0, interpolation_duration: 1 }
$data merge entity $(bone_6) { transformation: [-0.7039280436931972f,-0.08658511952741517f,-0.7049739898596908f,0.35959338877751196f,-0.10693727457968895f,0.9941476891613822f,-0.015322905747670312f,0.3994811660253794f,0.7021749985635608f,0.06460177405851181f,-0.7090676146749029f,0.3250250694976277f,0f,0f,0f,1f], start_interpolation: 0, interpolation_duration: 1 }
$data merge entity $(bone_12) { transformation: [-0.7039280436931972f,-0.20768714564780755f,-0.6792285026667644f,0.2817107091595841f,-0.10693727457968895f,0.9763835572656548f,-0.187722050933645f,0.765625f,0.7021749985635608f,-0.059507971179768665f,-0.7095132646810286f,0.30270958030521444f,0f,0f,0f,1f], start_interpolation: 0, interpolation_duration: 1 }
$data merge entity $(bone_group3) { transformation: [1.202244070762852f,-0.12398592268231697f,0.2664272568863161f,-1.00970847789883f,0.313042292709879f,0.8176630881173863f,-0.38643613301034585f,1.6537494843433118f,-0.2470994976420509f,0.4326264860339284f,0.8067185029507842f,0.9803579354325689f,0f,0f,0f,1f], start_interpolation: 0, interpolation_duration: 1 }
$data merge entity $(bone_group1) { transformation: [1.202244070762852f,-0.12398592268231697f,0.2664272568863161f,-1.00970847789883f,0.313042292709879f,0.8176630881173863f,-0.38643613301034585f,1.6537494843433118f,-0.2470994976420509f,0.4326264860339284f,0.8067185029507842f,0.9803579354325689f,0f,0f,0f,1f], start_interpolation: 0, interpolation_duration: 1 }
$data merge entity $(bone_group4) { transformation: [1.1646739435515128f,-0.12011136259849457f,0.25810140510861873f,-1.00970847789883f,0.30325972106269533f,0.792111116613718f,-0.37436000385377255f,1.6537494843433118f,-0.23937763834073686f,0.4191069083453682f,0.7815085497335722f,0.9803579354325689f,0f,0f,0f,1f], start_interpolation: 0, interpolation_duration: 1 }
$data merge entity $(bone_group2) { transformation: [1.1646739435515128f,-0.12011136259849457f,0.25810140510861873f,-1.00970847789883f,0.30325972106269533f,0.792111116613718f,-0.37436000385377255f,1.6537494843433118f,-0.23937763834073686f,0.4191069083453682f,0.7815085497335722f,0.9803579354325689f,0f,0f,0f,1f], start_interpolation: 0, interpolation_duration: 1 }
$data merge entity $(bone_bone1) { transformation: [0.6619398515913616f,-0.7942832591547222f,0.7012397592917049f,0.3011791974685949f,-0.5988445680460008f,1.1275609230872268f,0.707191080152306f,0.5715888007327827f,-0.45080019542698063f,-2.664154738177425f,0.09024176495129921f,1.532625285486659f,0f,0f,0f,1f], start_interpolation: 0, interpolation_duration: 1 }
$data merge entity $(bone_2) { transformation: [0.7918106055808916f,-0.2965043720970905f,0.533967341901104f,-0.025008045853997313f,-0.24495910809493274f,0.6466935818047138f,0.7223451021595735f,1.0471525470419607f,-0.5594917338540004f,-0.7027606766032795f,0.4394273900989148f,0.8627812696964252f,0f,0f,0f,1f], start_interpolation: 0, interpolation_duration: 1 }
$data merge entity $(bone_bone2) { transformation: [1.512327554529859f,-0.47455923648953713f,0.6098481161060103f,0.1750374133250886f,-0.008768769905115437f,1.8601731363432772f,0.36731424267960483f,0.9298340278585544f,-1.3087354493877221f,-0.5608470681828359f,0.7022574473842603f,0.750422783953508f,0f,0f,0f,1f], start_interpolation: 0, interpolation_duration: 1 }
$data merge entity $(bone_1) { transformation: [0.7918106055808916f,-0.03348492454180854f,0.6098481161060103f,-0.03756489255717552f,-0.24495910809493274f,0.897259874554771f,0.36731424267960483f,1.3836249999999999f,-0.5594917338540004f,-0.44023116352932795f,0.7022574473842603f,0.6976945833729272f,0f,0f,0f,1f], start_interpolation: 0, interpolation_duration: 1 }
$data merge entity $(bone_4) { transformation: [-0.8284104106267935f,-0.5514435254769796f,0.09821522170553429f,0.6952475479821958f,-0.369952316859687f,0.40701938268897475f,-0.8351469962621165f,1.129618713846326f,0.42056090500104415f,-0.7281794149280831f,-0.5411869038139199f,0.25666681306794664f,0f,0f,0f,1f], start_interpolation: 0, interpolation_duration: 1 }
$data merge entity $(bone_group5) { transformation: [-3.313641642507174f,-1.1601853841763603f,-1.43719488316258f,0.728066642639438f,-1.479809267438748f,2.4337441757758604f,-0.9001088204544526f,0.9103290213349751f,1.6822436200041766f,-0.14442701001069708f,-3.622744122781982f,0.4397192531733621f,0f,0f,0f,1f], start_interpolation: 0, interpolation_duration: 1 }
$data merge entity $(bone_group7) { transformation: [-3.313641642507174f,-1.1601853841763603f,-1.43719488316258f,0.728066642639438f,-1.479809267438748f,2.4337441757758604f,-0.9001088204544526f,0.9103290213349751f,1.6822436200041766f,-0.14442701001069708f,-3.622744122781982f,0.4397192531733621f,0f,0f,0f,1f], start_interpolation: 0, interpolation_duration: 1 }
$data merge entity $(bone_group6) { transformation: [-2.289605149361026f,-2.6615708370497235f,-1.43719488316258f,1.0916047463801628f,-2.4984245062455264f,1.3677796488149414f,-0.9001088204544526f,0.9816478749155988f,1.5290792152832615f,0.7160443503401951f,-3.622744122781982f,0.2777785221087294f,0f,0f,0f,1f], start_interpolation: 0, interpolation_duration: 1 }
$data merge entity $(bone_group8) { transformation: [-2.289605149361026f,-2.6615708370497235f,-1.43719488316258f,1.0916047463801628f,-2.4984245062455264f,1.3677796488149414f,-0.9001088204544526f,0.9816478749155988f,1.5290792152832615f,0.7160443503401951f,-3.622744122781982f,0.2777785221087294f,0f,0f,0f,1f], start_interpolation: 0, interpolation_duration: 1 }
$data merge entity $(bone_group9) { transformation: [-2.289605149361026f,-2.6615708370497235f,-1.43719488316258f,1.1459884362634298f,-2.4984245062455264f,1.3677796488149414f,-0.9001088204544526f,0.8675661166761053f,1.5290792152832615f,0.7160443503401951f,-3.622744122781982f,0.2845485382029808f,0f,0f,0f,1f], start_interpolation: 0, interpolation_duration: 1 }
$data merge entity $(bone_group10) { transformation: [-2.289605149361026f,-2.6615708370497235f,-1.43719488316258f,1.1459884362634298f,-2.4984245062455264f,1.3677796488149414f,-0.9001088204544526f,0.8675661166761053f,1.5290792152832615f,0.7160443503401951f,-3.622744122781982f,0.2845485382029808f,0f,0f,0f,1f], start_interpolation: 0, interpolation_duration: 1 }
$data merge entity $(bone_group11) { transformation: [-2.289605149361026f,-2.6615708370497235f,-1.43719488316258f,1.2003721261466964f,-2.4984245062455264f,1.3677796488149414f,-0.9001088204544526f,0.753484358436612f,1.5290792152832615f,0.7160443503401951f,-3.622744122781982f,0.29131855429723225f,0f,0f,0f,1f], start_interpolation: 0, interpolation_duration: 1 }
$data merge entity $(bone_group12) { transformation: [-2.289605149361026f,-2.6615708370497235f,-1.43719488316258f,1.2003721261466964f,-2.4984245062455264f,1.3677796488149414f,-0.9001088204544526f,0.753484358436612f,1.5290792152832615f,0.7160443503401951f,-3.622744122781982f,0.29131855429723225f,0f,0f,0f,1f], start_interpolation: 0, interpolation_duration: 1 }
$data merge entity $(bone_group13) { transformation: [-2.495374109325935f,-2.003276600342034f,-0.574877953265032f,0.9227198455864973f,-2.0020282521731336f,1.9206145682311093f,-0.3600435281817811f,0.9663076790108787f,1.4873758696327164f,0.31753188384980097f,-1.449097649112793f,0.2968326861804677f,0f,0f,0f,1f], start_interpolation: 0, interpolation_duration: 1 }
$data merge entity $(bone_group14) { transformation: [-2.495374109325935f,-2.003276600342034f,-0.574877953265032f,0.9227198455864973f,-2.0020282521731336f,1.9206145682311093f,-0.3600435281817811f,0.9663076790108787f,1.4873758696327164f,0.31753188384980097f,-1.449097649112793f,0.2968326861804677f,0f,0f,0f,1f], start_interpolation: 0, interpolation_duration: 1 }
$data merge entity $(bone_group15) { transformation: [-2.4056173680732553f,-2.110216614804377f,-0.574877953265032f,0.984949990580472f,-2.0838987957213844f,1.8314593228876106f,-0.3600435281817811f,0.8982192090596678f,1.4721096711378452f,0.3821080880710436f,-1.449097649112793f,0.2890623848190081f,0f,0f,0f,1f], start_interpolation: 0, interpolation_duration: 1 }
$data merge entity $(bone_group16) { transformation: [-2.4056173680732553f,-2.110216614804377f,-0.574877953265032f,0.984949990580472f,-2.0838987957213844f,1.8314593228876106f,-0.3600435281817811f,0.8982192090596678f,1.4721096711378452f,0.3821080880710436f,-1.449097649112793f,0.2890623848190081f,0f,0f,0f,1f], start_interpolation: 0, interpolation_duration: 1 }
$data merge entity $(bone_group17) { transformation: [-2.212545771290271f,-2.311849971974323f,-0.574877953265032f,1.1005766646265656f,-2.235591129255809f,1.6428663198792883f,-0.3600435281817811f,0.8258199992507997f,1.4332049351713851f,0.5089568632283772f,-1.449097649112793f,0.2611799582578713f,0f,0f,0f,1f], start_interpolation: 0, interpolation_duration: 1 }
$data merge entity $(bone_group18) { transformation: [-2.212545771290271f,-2.311849971974323f,-0.574877953265032f,1.1005766646265656f,-2.235591129255809f,1.6428663198792883f,-0.3600435281817811f,0.8258199992507997f,1.4332049351713851f,0.5089568632283772f,-1.449097649112793f,0.2611799582578713f,0f,0f,0f,1f], start_interpolation: 0, interpolation_duration: 1 }
$data merge entity $(bone_group19) { transformation: [-2.212545771290271f,-2.311849971974323f,-0.574877953265032f,1.1549603545098324f,-2.235591129255809f,1.6428663198792883f,-0.3600435281817811f,0.7117382410113062f,1.4332049351713851f,0.5089568632283772f,-1.449097649112793f,0.2679499743521227f,0f,0f,0f,1f], start_interpolation: 0, interpolation_duration: 1 }
$data merge entity $(bone_group20) { transformation: [-2.212545771290271f,-2.311849971974323f,-0.574877953265032f,1.1549603545098324f,-2.235591129255809f,1.6428663198792883f,-0.3600435281817811f,0.7117382410113062f,1.4332049351713851f,0.5089568632283772f,-1.449097649112793f,0.2679499743521227f,0f,0f,0f,1f], start_interpolation: 0, interpolation_duration: 1 }
$data merge entity $(bone_bone11) { transformation: [-0.8391538355311555f,-0.05900630842680954f,-0.359298720790645f,0.5367522916181211f,0.04108664532068251f,1.459923628817698f,-0.22502720511361315f,1.163350770600129f,0.32269603017335524f,-0.33932470229207445f,-0.9056860306954955f,0.34566731619711144f,0f,0f,0f,1f], start_interpolation: 0, interpolation_duration: 1 }
$data merge entity $(bone_3) { transformation: [-0.8284104106267935f,-0.42969829043568897f,-0.359298720790645f,0.5789089530338083f,-0.369952316859687f,0.9013867317688372f,-0.22502720511361315f,1.40425f,0.42056090500104415f,-0.053491485189147064f,-0.9056860306954955f,0.2690892168616528f,0f,0f,0f,1f], start_interpolation: 0, interpolation_duration: 1 }
$data merge entity $(bone_8) { transformation: [-0.8604389497765916f,0.10664606710484498f,-0.49826843174981983f,0.08476996065526418f,0.10693727457968895f,0.9938698566077626f,0.02805579141520753f,0.3994811660253794f,0.4982060146293139f,-0.02914317239996922f,-0.8665687753950297f,0.5359045028247242f,0f,0f,0f,1f], start_interpolation: 0, interpolation_duration: 1 }
$data merge entity $(bone_7) { transformation: [-0.8604389497765916f,-0.0037268975159703427f,-0.5095399139834498f,0.08337237408677531f,0.10693727457968895f,0.9763835572656548f,-0.187722050933645f,0.765625f,0.4982060146293139f,-0.21601217404621262f,-0.839719898329797f,0.45489993755739455f,0f,0f,0f,1f], start_interpolation: 0, interpolation_duration: 1 }