# This file was generated by Animated Java via MC-Build. It is not recommended to edit this file directly.
$data merge entity $(bone_layer) { transformation: [0.785591210726847f,0.25343861604691353f,-0.5644602001248198f,0.5625000000000006f,-0.012197744859151552f,0.9184311501215954f,0.39539276359927816f,1.203125f,0.6186256256000697f,-0.3037319383643228f,0.7246028187692715f,-4.1875f,0f,0f,0f,1f], start_interpolation: 0, interpolation_duration: 1 }
$data merge entity $(bone_head) { transformation: [0.785591210726847f,0.25343861604691353f,-0.5644602001248198f,0.5625000000000006f,-0.012197744859151552f,0.9184311501215954f,0.39539276359927816f,1.203125f,0.6186256256000697f,-0.3037319383643228f,0.7246028187692715f,-4.1875f,0f,0f,0f,1f], start_interpolation: 0, interpolation_duration: 1 }
$data merge entity $(bone_6) { transformation: [0.5676314831503777f,0.8009879368825091f,-0.19029667444599258f,0.35219021100574355f,-0.03858349241524844f,0.2567716724431374f,0.9657016217982636f,0.10788098194420592f,0.822378145046149f,-0.5408203335669396f,0.17665659724731284f,-4.3090941972069885f,0f,0f,0f,1f], start_interpolation: 0, interpolation_duration: 1 }
$data merge entity $(bone_12) { transformation: [0.5675471303383948f,0.3856833584181906f,-0.7274191376942998f,0.496821470412565f,-0.18510882962006936f,0.9206507148154508f,0.3437106086615419f,0.453125f,0.8022624109612397f,-0.06042026439088921f,0.5939060663182301f,-4.331751796353572f,0f,0f,0f,1f], start_interpolation: 0, interpolation_duration: 1 }
$data merge entity $(bone_group3) { transformation: [-0.5637238632190813f,0.19364770895766106f,0.8822580272900634f,0.9361516586890479f,0.2994317884560768f,0.9336285361573845f,-0.23513392410143646f,1.3305285700197769f,-1.0404578460425848f,0.015796177085978837f,-0.33703376755287073f,-3.380257425475978f,0f,0f,0f,1f], start_interpolation: 0, interpolation_duration: 1 }
$data merge entity $(bone_group1) { transformation: [-0.7793583024225593f,0.3644014196573885f,-0.6272762530669058f,2.0883868965391486f,0.19266667843356788f,0.8227018322171863f,0.5501371174685328f,1.1155529131677875f,0.49871226368202476f,0.24822373013243615f,-0.941310186349473f,-3.5168437138790036f,0f,0f,0f,1f], start_interpolation: 0, interpolation_duration: 1 }
$data merge entity $(bone_group4) { transformation: [-1.0249058211509723f,0.08718101030386954f,-0.07670674422725166f,1.682943994942646f,0.23245272200742143f,0.8979961474893305f,0.3059949927049942f,1.2504988865015931f,-0.17600691268650967f,0.16953732000744573f,-1.0310510235416854f,-3.251028920736429f,0f,0f,0f,1f], start_interpolation: 0, interpolation_duration: 1 }
$data merge entity $(bone_group2) { transformation: [-0.546107492493485f,0.1875962180527342f,0.854687463937249f,0.9361516586890479f,0.29007454506682445f,0.9044526444024663f,-0.2277859889732666f,1.3305285700197769f,-1.007943538353754f,0.015302546552042f,-0.3265014623168435f,-3.380257425475978f,0f,0f,0f,1f], start_interpolation: 0, interpolation_duration: 1 }
$data merge entity $(bone_10) { transformation: [0.7877976125695627f,0.050266788027856814f,-0.6138796068049985f,0.568896294116356f,-0.025554495046835143f,0.9984735593012152f,0.048964468334333516f,0.8136874152620444f,0.6154038425396762f,-0.022886707883074453f,0.7878796286170091f,-4.190412263160601f,0f,0f,0f,1f], start_interpolation: 0, interpolation_duration: 1 }
$data merge entity $(bone_9) { transformation: [0.7877976125695627f,0.050266788027856814f,-0.6138796068049985f,0.5877463396268023f,-0.025554495046835143f,0.9984735593012152f,0.048964468334333516f,1.188115f,0.6154038425396762f,-0.022886707883074453f,0.7878796286170091f,-4.198994778616754f,0f,0f,0f,1f], start_interpolation: 0, interpolation_duration: 1 }
$data merge entity $(bone_bone12) { transformation: [0.5390200995414896f,-0.3185648199662681f,-0.9087167478911351f,0.205891133683136f,0.911748286181447f,1.1882135001961467f,0.0552317967873821f,1.5243018983761094f,1.0621546002985993f,-0.8582919861163106f,0.4137430612418732f,-4.025134285536895f,0f,0f,0f,1f], start_interpolation: 0, interpolation_duration: 1 }
$data merge entity $(bone_bone1) { transformation: [-0.33495163140672f,-2.718168346772413f,0.25859180191661024f,1.5592944390035717f,-0.6104229910921737f,1.2531879335273997f,0.6729680486699764f,0.34540803594432123f,-0.7177681913849764f,0.20268409376626034f,-0.6929965984410347f,-3.9767802604999156f,0f,0f,0f,1f], start_interpolation: 0, interpolation_duration: 1 }
$data merge entity $(bone_2) { transformation: [-0.40025607546495046f,-0.7193780981454647f,0.5677061087939864f,0.8588753395270419f,-0.2588190451025206f,0.6830127018922192f,0.6830127018922194f,0.8576675623634856f,-0.8790948617445188f,0.12644683057516468f,-0.4595687359817684f,-3.8086931917489255f,0f,0f,0f,1f], start_interpolation: 0, interpolation_duration: 1 }
$data merge entity $(bone_bone2) { transformation: [-0.9678458824328315f,-0.5191085637700462f,0.8357333077720445f,0.7823087367698975f,-0.023141524625886256f,1.913634654331585f,0.2904594978560801f,0.7353865614817697f,-1.750068232297187f,0.26177988609103475f,-0.46602909607189813f,-4.022214062311022f,0f,0f,0f,1f], start_interpolation: 0, interpolation_duration: 1 }
$data merge entity $(bone_1) { transformation: [-0.40025607546495046f,-0.3759586577454927f,0.8357333077720445f,0.7178908428724821f,-0.2588190451025206f,0.9212198336973717f,0.2904594978560801f,1.203125f,-0.8790948617445188f,-0.1000455179845367f,-0.46602909607189813f,-3.846210260993127f,0f,0f,0f,1f], start_interpolation: 0, interpolation_duration: 1 }
$data merge entity $(bone_4) { transformation: [-0.010371942384713256f,0.0447060427633828f,-0.998946341177346f,0.20632154280709117f,-0.9212884645131195f,0.3879464862849885f,0.026927475451473032f,1.0127533857298756f,0.3887415439160402f,0.9205970310182245f,0.03716340288783493f,-4.535345607952883f,0f,0f,0f,1f], start_interpolation: 0, interpolation_duration: 1 }
$data merge entity $(bone_group5) { transformation: [-0.041487769538853025f,1.4051401398122334f,-3.4153842056931074f,0.19915131675861453f,-3.685153858052478f,0.8828667554347343f,0.8419654869499473f,0.7926957230690821f,1.5549661756641608f,2.1298186494714995f,1.9042701610557258f,-4.720268486491675f,0f,0f,0f,1f], start_interpolation: 0, interpolation_duration: 1 }
$data merge entity $(bone_group7) { transformation: [-0.041487769538853025f,1.4051401398122334f,-3.4153842056931074f,0.19915131675861453f,-3.685153858052478f,0.8828667554347343f,0.8419654869499473f,0.7926957230690821f,1.5549661756641608f,2.1298186494714995f,1.9042701610557258f,-4.720268486491675f,0f,0f,0f,1f], start_interpolation: 0, interpolation_duration: 1 }
$data merge entity $(bone_group6) { transformation: [-0.7384995322731175f,1.1961431721851856f,-3.4153842056931074f,0.15992284895551517f,-3.6328702356450466f,-1.0779918906630157f,0.8419654869499473f,1.1299767261334974f,0.28173088541494984f,2.6219601437282636f,1.9042701610557258f,-4.939753758004109f,0f,0f,0f,1f], start_interpolation: 0, interpolation_duration: 1 }
$data merge entity $(bone_group8) { transformation: [-0.7384995322731175f,1.1961431721851856f,-3.4153842056931074f,0.15992284895551517f,-3.6328702356450466f,-1.0779918906630157f,0.8419654869499473f,1.1299767261334974f,0.28173088541494984f,2.6219601437282636f,1.9042701610557258f,-4.939753758004109f,0f,0f,0f,1f], start_interpolation: 0, interpolation_duration: 1 }
$data merge entity $(bone_group9) { transformation: [-0.7384995322731175f,1.1961431721851856f,-3.4153842056931074f,0.09405690490181673f,-3.6328702356450466f,-1.0779918906630157f,0.8419654869499473f,1.088592346972494f,0.28173088541494984f,2.6219601437282636f,1.9042701610557258f,-5.039589007198086f,0f,0f,0f,1f], start_interpolation: 0, interpolation_duration: 1 }
$data merge entity $(bone_group10) { transformation: [-0.7384995322731175f,1.1961431721851856f,-3.4153842056931074f,0.09405690490181673f,-3.6328702356450466f,-1.0779918906630157f,0.8419654869499473f,1.088592346972494f,0.28173088541494984f,2.6219601437282636f,1.9042701610557258f,-5.039589007198086f,0f,0f,0f,1f], start_interpolation: 0, interpolation_duration: 1 }
$data merge entity $(bone_group11) { transformation: [-0.7384995322731175f,1.1961431721851856f,-3.4153842056931074f,0.028190960848118285f,-3.6328702356450466f,-1.0779918906630157f,0.8419654869499473f,1.047207967811491f,0.28173088541494984f,2.6219601437282636f,1.9042701610557258f,-5.139424256392062f,0f,0f,0f,1f], start_interpolation: 0, interpolation_duration: 1 }
$data merge entity $(bone_group12) { transformation: [-0.7384995322731175f,1.1961431721851856f,-3.4153842056931074f,0.028190960848118285f,-3.6328702356450466f,-1.0779918906630157f,0.8419654869499473f,1.047207967811491f,0.28173088541494984f,2.6219601437282636f,1.9042701610557258f,-5.139424256392062f,0f,0f,0f,1f], start_interpolation: 0, interpolation_duration: 1 }
$data merge entity $(bone_group13) { transformation: [-0.4581446193099297f,1.3288779178977137f,-1.366153682277243f,0.14834600760335492f,-3.428617484034632f,-0.15532743355353884f,0.33678619477997895f,1.0172132547829118f,0.6942490198255113f,2.4520727603703394f,0.7617080644222903f,-4.812196442383927f,0f,0f,0f,1f], start_interpolation: 0, interpolation_duration: 1 }
$data merge entity $(bone_group14) { transformation: [-0.4581446193099297f,1.3288779178977137f,-1.366153682277243f,0.14834600760335492f,-3.428617484034632f,-0.15532743355353884f,0.33678619477997895f,1.0172132547829118f,0.6942490198255113f,2.4520727603703394f,0.7617080644222903f,-4.812196442383927f,0f,0f,0f,1f], start_interpolation: 0, interpolation_duration: 1 }
$data merge entity $(bone_group15) { transformation: [-0.5156734078109041f,1.3076291329560887f,-1.366153682277243f,0.10301303619978847f,-3.4185789124166273f,-0.30473379041820736f,0.33678619477997895f,1.0158351329432693f,0.5866303370090425f,2.4800216473610783f,0.7617080644222903f,-4.892893596939925f,0f,0f,0f,1f], start_interpolation: 0, interpolation_duration: 1 }
$data merge entity $(bone_group16) { transformation: [-0.5156734078109041f,1.3076291329560887f,-1.366153682277243f,0.10301303619978847f,-3.4185789124166273f,-0.30473379041820736f,0.33678619477997895f,1.0158351329432693f,0.5866303370090425f,2.4800216473610783f,0.7617080644222903f,-4.892893596939925f,0f,0f,0f,1f], start_interpolation: 0, interpolation_duration: 1 }
$data merge entity $(bone_group17) { transformation: [-0.6276785031293894f,1.2577093104481862f,-1.366153682277243f,0.04480698234838204f,-3.3790108877134815f,-0.6015229705971722f,0.33678619477997895f,1.0531115564134368f,0.3682499027621563f,2.521712618994195f,0.7617080644222903f,-5.013770090068933f,0f,0f,0f,1f], start_interpolation: 0, interpolation_duration: 1 }
$data merge entity $(bone_group18) { transformation: [-0.6276785031293894f,1.2577093104481862f,-1.366153682277243f,0.04480698234838204f,-3.3790108877134815f,-0.6015229705971722f,0.33678619477997895f,1.0531115564134368f,0.3682499027621563f,2.521712618994195f,0.7617080644222903f,-5.013770090068933f,0f,0f,0f,1f], start_interpolation: 0, interpolation_duration: 1 }
$data merge entity $(bone_group19) { transformation: [-0.6276785031293894f,1.2577093104481862f,-1.366153682277243f,-0.02105896170531643f,-3.3790108877134815f,-0.6015229705971722f,0.33678619477997895f,1.0117271772524337f,0.3682499027621563f,2.521712618994195f,0.7617080644222903f,-5.11360533926291f,0f,0f,0f,1f], start_interpolation: 0, interpolation_duration: 1 }
$data merge entity $(bone_group20) { transformation: [-0.6276785031293894f,1.2577093104481862f,-1.366153682277243f,-0.02105896170531643f,-3.3790108877134815f,-0.6015229705971722f,0.33678619477997895f,1.0117271772524337f,0.3682499027621563f,2.521712618994195f,0.7617080644222903f,-5.11360533926291f,0f,0f,0f,1f], start_interpolation: 0, interpolation_duration: 1 }
$data merge entity $(bone_bone11) { transformation: [0.18948580619487818f,0.7140691976086945f,-0.8538460514232769f,0.2801732041043819f,-0.6271019473689244f,1.0285572249104842f,0.21049137173748683f,0.8928793034577213f,0.6171209580437045f,0.8259389905501004f,0.47606754026393144f,-4.415529815909267f,0f,0f,0f,1f], start_interpolation: 0, interpolation_duration: 1 }
$data merge entity $(bone_3) { transformation: [-0.010371942384713256f,0.5204222740045309f,-0.8538460514232769f,0.3875045945091637f,-0.9212884645131195f,0.3269876871980497f,0.21049137173748683f,1.10325f,0.3887415439160402f,0.7888217220264813f,0.47606754026393144f,-4.316041269859519f,0f,0f,0f,1f], start_interpolation: 0, interpolation_duration: 1 }
$data merge entity $(bone_8) { transformation: [0.5923228799906493f,-0.03416793866665735f,-0.8049758740526667f,0.8872974331103753f,0.1605443084488615f,0.9840702256590562f,0.07636305386776454f,0.322236609989718f,0.7895436218881512f,-0.17446587900963853f,0.5883727782597818f,-4.179586898846646f,0f,0f,0f,1f], start_interpolation: 0, interpolation_duration: 1 }
$data merge entity $(bone_7) { transformation: [0.5923228799906493f,-0.7466660826584763f,-0.3027265545785973f,0.6388487007980131f,0.1605443084488615f,0.4775746944255358f,-0.8637985507449251f,0.453125f,0.7895436218881512f,0.4630466199550556f,0.4027514082954131f,-4.019812974901289f,0f,0f,0f,1f], start_interpolation: 0, interpolation_duration: 1 }