# This file was generated by Animated Java via MC-Build. It is not recommended to edit this file directly.
$data merge entity $(bone_layer) { transformation: [-0.8456320345177197f,0.1855387669535867f,-0.5004815962198458f,0.2883874705101911f,-0.028449320775502066f,0.9206420340550625f,0.3893698515272718f,1.371875f,0.5330075968922344f,0.343501981199963f,-0.7732459444231607f,0.4551453728798819f,0f,0f,0f,1f], start_interpolation: 0, interpolation_duration: 1 }
$data merge entity $(bone_head) { transformation: [-0.8456320345177197f,0.1855387669535867f,-0.5004815962198458f,0.2883874705101911f,-0.028449320775502066f,0.9206420340550625f,0.3893698515272718f,1.371875f,0.5330075968922344f,0.343501981199963f,-0.7732459444231607f,0.4551453728798819f,0f,0f,0f,1f], start_interpolation: 0, interpolation_duration: 1 }
$data merge entity $(bone_6) { transformation: [-0.7039318681066613f,-0.08658928376810508f,-0.7049696596311026f,0.35959464466759206f,-0.10693779478758969f,0.9941475584248421f,-0.015327756649040847f,0.3994815301880824f,0.702171085355865f,0.06459820442126418f,-0.7090718150340733f,0.32502666129430985f,0f,0f,0f,1f], start_interpolation: 0, interpolation_duration: 1 }
$data merge entity $(bone_12) { transformation: [-0.7039318681066613f,-0.20769049468802114f,-0.6792235151112711f,0.2817107091595841f,-0.10693779478758969f,0.9763825861651136f,-0.18772680543676187f,0.765625f,0.702171085355865f,-0.05951221597092107f,-0.7095167813663021f,0.30270958030521444f,0f,0f,0f,1f], start_interpolation: 0, interpolation_duration: 1 }
$data merge entity $(bone_group3) { transformation: [1.2022434033545037f,-0.12398795563404941f,0.2664279459509276f,-1.0097097031521183f,0.3130438263731278f,0.8176650464457158f,-0.3864313147977139f,1.6537491421441624f,-0.24710080191026434f,0.432622202146082f,0.8067205833937738f,0.9803551790180189f,0f,0f,0f,1f], start_interpolation: 0, interpolation_duration: 1 }
$data merge entity $(bone_group1) { transformation: [1.2022434033545037f,-0.12398795563404941f,0.2664279459509276f,-1.0097097031521183f,0.3130438263731278f,0.8176650464457158f,-0.3864313147977139f,1.6537491421441624f,-0.24710080191026434f,0.432622202146082f,0.8067205833937738f,0.9803551790180189f,0f,0f,0f,1f], start_interpolation: 0, interpolation_duration: 1 }
$data merge entity $(bone_group4) { transformation: [1.1646732969996756f,-0.12011333202048537f,0.25810207263996116f,-1.0097097031521183f,0.30326120679896756f,0.7921130137442873f,-0.3743553362102854f,1.6537491421441624f,-0.23937890185056862f,0.41910275832901694f,0.7815105651627186f,0.9803551790180189f,0f,0f,0f,1f], start_interpolation: 0, interpolation_duration: 1 }
$data merge entity $(bone_group2) { transformation: [1.1646732969996756f,-0.12011333202048537f,0.25810207263996116f,-1.0097097031521183f,0.30326120679896756f,0.7921130137442873f,-0.3743553362102854f,1.6537491421441624f,-0.23937890185056862f,0.41910275832901694f,0.7815105651627186f,0.9803551790180189f,0f,0f,0f,1f], start_interpolation: 0, interpolation_duration: 1 }
$data merge entity $(bone_bone1) { transformation: [0.623853793848963f,-0.809852686010692f,0.7334391304035137f,0.2828617065879723f,-0.6104229910921737f,1.2531879335273997f,0.6729680486699764f,0.5329080359443213f,-0.48804735000442223f,-2.602625334200563f,0.09581778259937773f,1.4928107939898503f,0f,0f,0f,1f], start_interpolation: 0, interpolation_duration: 1 }
$data merge entity $(bone_2) { transformation: [0.7663204807600036f,-0.28526559621496317f,0.5756530729387953f,-0.03870232421746993f,-0.2588190451025206f,0.6830127018922192f,0.6830127018922194f,1.0451675623634857f,-0.5880183863281622f,-0.6723966007275854f,0.4495744528662765f,0.8482669617449287f,0f,0f,0f,1f], start_interpolation: 0, interpolation_duration: 1 }
$data merge entity $(bone_bone2) { transformation: [1.4870294513563889f,-0.3720004838294245f,0.6423315053049689f,0.15207946260013985f,-0.023141524625886256f,1.913634654331585f,0.2904594978560801f,0.9228865614817697f,-1.3372389018558741f,-0.44678635808617667f,0.7092556079424724f,0.7255644082179304f,0f,0f,0f,1f], start_interpolation: 0, interpolation_duration: 1 }
$data merge entity $(bone_1) { transformation: [0.7663204807600036f,0.012773333958257888f,0.6423315053049689f,-0.033912323983123216f,-0.2588190451025206f,0.9212198336973717f,0.2904594978560801f,1.390625f,-0.5880183863281622f,-0.3888326888806773f,0.7092556079424724f,0.7024547034146746f,0f,0f,0f,1f], start_interpolation: 0, interpolation_duration: 1 }
$data merge entity $(bone_4) { transformation: [-0.8284067439054046f,-0.5514487131064643f,0.0982170222785739f,0.6964663822504981f,-0.3699558727625508f,0.4070156667553069f,-0.8351472320640427f,1.1316192756310783f,0.42056499956670756f,-0.7281775633929937f,-0.5411862131563385f,0.25825338169055684f,0f,0f,0f,1f], start_interpolation: 0, interpolation_duration: 1 }
$data merge entity $(bone_group5) { transformation: [-3.3136269756216183f,-1.1601981116062652f,-1.4372061494373778f,0.7292873625459884f,-1.4798234910502033f,2.433738214388176f,-0.900120813018028f,0.9123299912150131f,1.6822599982668303f,-0.14442522512328426f,-3.622736673564772f,0.44130597259580395f,0f,0f,0f,1f], start_interpolation: 0, interpolation_duration: 1 }
$data merge entity $(bone_group7) { transformation: [-3.3136269756216183f,-1.1601981116062652f,-1.4372061494373778f,0.7292873625459884f,-1.4798234910502033f,2.433738214388176f,-0.900120813018028f,0.9123299912150131f,1.6822599982668303f,-0.14442522512328426f,-3.622736673564772f,0.44130597259580395f,0f,0f,0f,1f], start_interpolation: 0, interpolation_duration: 1 }
$data merge entity $(bone_group6) { transformation: [-2.289586083750588f,-2.6615745258845678f,-1.4372061494373778f,1.0928244080432643f,-2.4984338435605378f,1.3677673742960375f,-0.900120813018028f,0.983650435524995f,1.5290925068310828f,0.7160540852293643f,-3.622736673564772f,0.27936356647639893f,0f,0f,0f,1f], start_interpolation: 0, interpolation_duration: 1 }
$data merge entity $(bone_group8) { transformation: [-2.289586083750588f,-2.6615745258845678f,-1.4372061494373778f,1.0928244080432643f,-2.4984338435605378f,1.3677673742960375f,-0.900120813018028f,0.983650435524995f,1.5290925068310828f,0.7160540852293643f,-3.622736673564772f,0.27936356647639893f,0f,0f,0f,1f], start_interpolation: 0, interpolation_duration: 1 }
$data merge entity $(bone_group9) { transformation: [-2.289586083750588f,-2.6615745258845678f,-1.4372061494373778f,1.147208694524808f,-2.4984338435605378f,1.3677673742960375f,-0.900120813018028f,0.8695689567255492f,1.5290925068310828f,0.7160540852293643f,-3.622736673564772f,0.2861334989040529f,0f,0f,0f,1f], start_interpolation: 0, interpolation_duration: 1 }
$data merge entity $(bone_group10) { transformation: [-2.289586083750588f,-2.6615745258845678f,-1.4372061494373778f,1.147208694524808f,-2.4984338435605378f,1.3677673742960375f,-0.900120813018028f,0.8695689567255492f,1.5290925068310828f,0.7160540852293643f,-3.622736673564772f,0.2861334989040529f,0f,0f,0f,1f], start_interpolation: 0, interpolation_duration: 1 }
$data merge entity $(bone_group11) { transformation: [-2.289586083750588f,-2.6615745258845678f,-1.4372061494373778f,1.2015929810063515f,-2.4984338435605378f,1.3677673742960375f,-0.900120813018028f,0.7554874779261035f,1.5290925068310828f,0.7160540852293643f,-3.622736673564772f,0.2929034313317068f,0f,0f,0f,1f], start_interpolation: 0, interpolation_duration: 1 }
$data merge entity $(bone_group12) { transformation: [-2.289586083750588f,-2.6615745258845678f,-1.4372061494373778f,1.2015929810063515f,-2.4984338435605378f,1.3677673742960375f,-0.900120813018028f,0.7554874779261035f,1.5290925068310828f,0.7160540852293643f,-3.622736673564772f,0.2929034313317068f,0f,0f,0f,1f], start_interpolation: 0, interpolation_duration: 1 }
$data merge entity $(bone_group13) { transformation: [-2.4953576928623176f,-2.003284769331881f,-0.5748824597749511f,0.9239396663138102f,-2.002038668318695f,1.9206050333444156f,-0.36004832520721125f,0.968309425467432f,1.487389391110765f,0.3175380186618909f,-1.449094669425909f,0.2984184849055984f,0f,0f,0f,1f], start_interpolation: 0, interpolation_duration: 1 }
$data merge entity $(bone_group14) { transformation: [-2.4953576928623176f,-2.003284769331881f,-0.5748824597749511f,0.9239396663138102f,-2.002038668318695f,1.9206050333444156f,-0.36004832520721125f,0.968309425467432f,1.487389391110765f,0.3175380186618909f,-1.449094669425909f,0.2984184849055984f,0f,0f,0f,1f], start_interpolation: 0, interpolation_duration: 1 }
$data merge entity $(bone_group15) { transformation: [-2.4056006109081407f,-2.1102240599430706f,-0.5748824597749511f,0.9861701160601153f,-2.083908786047167f,1.8314493427301286f,-0.36004832520721125f,0.9002212545109731f,1.4721229121496977f,0.3821148068427405f,-1.449094669425909f,0.2906480042452679f,0f,0f,0f,1f], start_interpolation: 0, interpolation_duration: 1 }
$data merge entity $(bone_group16) { transformation: [-2.4056006109081407f,-2.1102240599430706f,-0.5748824597749511f,0.9861701160601153f,-2.083908786047167f,1.8314493427301286f,-0.36004832520721125f,0.9002212545109731f,1.4721229121496977f,0.3821148068427405f,-1.449094669425909f,0.2906480042452679f,0f,0f,0f,1f], start_interpolation: 0, interpolation_duration: 1 }
$data merge entity $(bone_group17) { transformation: [-2.2125284290046365f,-2.311855928298844f,-0.5748824597749511f,1.1017970288988073f,-2.2356002117373484f,1.6428555069850543f,-0.36004832520721125f,0.8278225822591121f,1.4332175402176521f,0.5089647104633421f,-1.449094669425909f,0.262765172136452f,0f,0f,0f,1f], start_interpolation: 0, interpolation_duration: 1 }
$data merge entity $(bone_group18) { transformation: [-2.2125284290046365f,-2.311855928298844f,-0.5748824597749511f,1.1017970288988073f,-2.2356002117373484f,1.6428555069850543f,-0.36004832520721125f,0.8278225822591121f,1.4332175402176521f,0.5089647104633421f,-1.449094669425909f,0.262765172136452f,0f,0f,0f,1f], start_interpolation: 0, interpolation_duration: 1 }
$data merge entity $(bone_group19) { transformation: [-2.2125284290046365f,-2.311855928298844f,-0.5748824597749511f,1.1561813153803508f,-2.2356002117373484f,1.6428555069850543f,-0.36004832520721125f,0.7137411034596663f,1.4332175402176521f,0.5089647104633421f,-1.449094669425909f,0.26953510456410595f,0f,0f,0f,1f], start_interpolation: 0, interpolation_duration: 1 }
$data merge entity $(bone_group20) { transformation: [-2.2125284290046365f,-2.311855928298844f,-0.5748824597749511f,1.1561813153803508f,-2.2356002117373484f,1.6428555069850543f,-0.36004832520721125f,0.7137411034596663f,1.4332175402176521f,0.5089647104633421f,-1.449094669425909f,0.26953510456410595f,0f,0f,0f,1f], start_interpolation: 0, interpolation_duration: 1 }
$data merge entity $(bone_bone11) { transformation: [-0.8391526376189236f,-0.05901504117795686f,-0.35930153735934445f,0.5379713449047628f,0.04108290505537232f,1.4599228814174396f,-0.225030203254507f,1.1653506634743336f,0.3226996214584313f,-0.3393263992508754f,-0.905684168391193f,0.3472545283738545f,0f,0f,0f,1f], start_interpolation: 0, interpolation_duration: 1 }
$data merge entity $(bone_3) { transformation: [-0.8284067439054046f,-0.42970300429861674f,-0.35930153735934445f,0.5801264758918258f,-0.3699558727625508f,0.9013845238474725f,-0.225030203254507f,1.40625f,0.42056499956670756f,-0.05349082411973491f,-0.905684168391193f,0.2706759235422353f,0f,0f,0f,1f], start_interpolation: 0, interpolation_duration: 1 }
$data merge entity $(bone_8) { transformation: [-0.8604361597392556f,0.10664392500112053f,-0.49827370819010464f,0.08477117316451839f,0.10693779478758969f,0.9938699375890008f,0.02805093942817244f,0.3994815301880824f,0.4982107215417283f,-0.029148248955829598f,-0.8665658985464866f,0.535906127908685f,0f,0f,0f,1f], start_interpolation: 0, interpolation_duration: 1 }
$data merge entity $(bone_7) { transformation: [-0.8604361597392556f,-0.003730130873981566f,-0.5095446017149285f,0.08337237408677531f,0.10693779478758969f,0.9763825861651136f,-0.18772680543676187f,0.765625f,0.4982107215417283f,-0.21601650760344096f,-0.8397159909062606f,0.45489993755739455f,0f,0f,0f,1f], start_interpolation: 0, interpolation_duration: 1 }