# This file was generated by Animated Java via MC-Build. It is not recommended to edit this file directly.
$data merge entity $(bone_layer) { transformation: [-0.8391743039167593f,0.2061658099580038f,-0.5032714441036595f,0.2883874705101911f,-0.02355636240450424f,0.9107183081067766f,0.4123557457698366f,1.3704828125000001f,0.5433521744100142f,0.35789359044762276f,-0.7593948857349639f,0.4551453728798819f,0f,0f,0f,1f], start_interpolation: 0, interpolation_duration: 1 }
$data merge entity $(bone_head) { transformation: [-0.8391743039167593f,0.2061658099580038f,-0.5032714441036595f,0.2883874705101911f,-0.02355636240450424f,0.9107183081067766f,0.4123557457698366f,1.3704828125000001f,0.5433521744100142f,0.35789359044762276f,-0.7593948857349639f,0.4551453728798819f,0f,0f,0f,1f], start_interpolation: 0, interpolation_duration: 1 }
$data merge entity $(bone_6) { transformation: [-0.7039341292461899f,-0.08659174581654458f,-0.7049670994017035f,0.3595953871920503f,-0.10693810235454157f,0.9941474811169623f,-0.015330624697274808f,0.3994817454998632f,0.7021687716975299f,0.06459609388532739f,-0.70907429843955f,0.3250276024359307f,0f,0f,0f,1f], start_interpolation: 0, interpolation_duration: 1 }
$data merge entity $(bone_12) { transformation: [-0.7039341292461899f,-0.2076924747532431f,-0.6792205662472846f,0.2817107091595841f,-0.10693810235454157f,0.9763820120003648f,-0.1877296164885262f,0.765625f,0.7021687716975299f,-0.059514725681910075f,-0.7095188605525502f,0.30270958030521444f,0f,0f,0f,1f], start_interpolation: 0, interpolation_duration: 1 }
$data merge entity $(bone_group3) { transformation: [1.2022430087537985f,-0.12398915760369501f,0.26642835334691983f,-1.0097104275741415f,0.3130447331373891f,0.8176662042759452f,-0.3864284660676599f,1.6537489398100864f,-0.24710157304638775f,0.43261966933185736f,0.8067218134255173f,0.9803535493103237f,0f,0f,0f,1f], start_interpolation: 0, interpolation_duration: 1 }
$data merge entity $(bone_group1) { transformation: [1.2022430087537985f,-0.12398915760369501f,0.26642835334691983f,-1.0097104275741415f,0.3130447331373891f,0.8176662042759452f,-0.3864284660676599f,1.6537489398100864f,-0.24710157304638775f,0.43261966933185736f,0.8067218134255173f,0.9803535493103237f,0f,0f,0f,1f], start_interpolation: 0, interpolation_duration: 1 }
$data merge entity $(bone_group4) { transformation: [1.1646729147302424f,-0.12011449642857956f,0.25810246730482866f,-1.0097104275741415f,0.3032620852268458f,0.792114135392322f,-0.3743525765030456f,1.6537489398100864f,-0.23937964888868815f,0.41910030466523684f,0.78151175675597f,0.9803535493103237f,0f,0f,0f,1f], start_interpolation: 0, interpolation_duration: 1 }
$data merge entity $(bone_group2) { transformation: [1.1646729147302424f,-0.12011449642857956f,0.25810246730482866f,-1.0097104275741415f,0.3032620852268458f,0.792114135392322f,-0.3743525765030456f,1.6537489398100864f,-0.23937964888868815f,0.41910030466523684f,0.78151175675597f,0.9803535493103237f,0f,0f,0f,1f], start_interpolation: 0, interpolation_duration: 1 }
$data merge entity $(bone_bone1) { transformation: [0.5987143416514028f,-0.8140134999547908f,0.7536026255999091f,0.2685012468988835f,-0.6169336240486273f,1.3314647958014079f,0.6499348368367022f,0.5102368088567935f,-0.5108170324285926f,-2.562144320570733f,0.09832492336621446f,1.4675790301444596f,0f,0f,0f,1f], start_interpolation: 0, interpolation_duration: 1 }
$data merge entity $(bone_2) { transformation: [0.7495315371009846f,-0.27612227859455796f,0.6016302536897424f,-0.04830952858257247f,-0.2673723410208408f,0.7051374265154842f,0.6567291991256023f,1.0451409071671418f,-0.6055695716827835f,-0.6530985354377004f,0.45469527912774776f,0.8392809017455032f,0f,0f,0f,1f], start_interpolation: 0, interpolation_duration: 1 }
$data merge entity $(bone_bone2) { transformation: [1.4710477533876654f,-0.30190999842905325f,0.6604674216230633f,0.1362885897509709f,-0.03351382955365728f,1.9410194807687335f,0.24047879246667667f,0.9199788585231218f,-1.3545830836392976f,-0.3758905799895024f,0.7113035465596605f,0.7101908313026257f,0f,0f,0f,1f], start_interpolation: 0, interpolation_duration: 1 }
$data merge entity $(bone_1) { transformation: [0.7495315371009846f,0.04455625506724467f,0.6604674216230633f,-0.03160093293235572f,-0.2673723410208408f,0.9331034142209556f,0.24047879246667667f,1.3950546875f,-0.6055695716827835f,-0.3568371596450941f,0.7113035465596605f,0.7054669668785929f,0f,0f,0f,1f], start_interpolation: 0, interpolation_duration: 1 }
$data merge entity $(bone_4) { transformation: [-0.8284045759726676f,-0.5514517802312381f,0.0982180868646044f,0.6972376212945235f,-0.3699579751530541f,0.40701346972512753f,-0.8351473714758161f,1.132885232785223f,0.4205674204312514f,-0.7281764686819472f,-0.5411858048117043f,0.25925738788495273f,0f,0f,0f,1f], start_interpolation: 0, interpolation_duration: 1 }
$data merge entity $(bone_group5) { transformation: [-3.3136183038906704f,-1.1602056365873055f,-1.4372128104420958f,0.7300597164565357f,-1.4798319006122165f,2.4337346897321352f,-0.900127903557711f,0.9135961896571276f,1.6822696817250056f,-0.14442416981057524f,-3.622732269260031f,0.4423100679459965f,0f,0f,0f,1f], start_interpolation: 0, interpolation_duration: 1 }
$data merge entity $(bone_group7) { transformation: [-3.3136183038906704f,-1.1602056365873055f,-1.4372128104420958f,0.7300597164565357f,-1.4798319006122165f,2.4337346897321352f,-0.900127903557711f,0.9135961896571276f,1.6822696817250056f,-0.14442416981057524f,-3.622732269260031f,0.4423100679459965f,0f,0f,0f,1f], start_interpolation: 0, interpolation_duration: 1 }
$data merge entity $(bone_group6) { transformation: [-2.2895748113207723f,-2.661576706843838f,-1.4372128104420958f,1.0935961362703648f,-2.4984393641268556f,1.3677601170733598f,-0.900127903557711f,0.984917574470733f,1.5291003652955049f,0.7160598408860669f,-3.622732269260031f,0.2803666714692738f,0f,0f,0f,1f], start_interpolation: 0, interpolation_duration: 1 }
$data merge entity $(bone_group8) { transformation: [-2.2895748113207723f,-2.661576706843838f,-1.4372128104420958f,1.0935961362703648f,-2.4984393641268556f,1.3677601170733598f,-0.900127903557711f,0.984917574470733f,1.5291003652955049f,0.7160598408860669f,-3.622732269260031f,0.2803666714692738f,0f,0f,0f,1f], start_interpolation: 0, interpolation_duration: 1 }
$data merge entity $(bone_group9) { transformation: [-2.2895748113207723f,-2.661576706843838f,-1.4372128104420958f,1.1479807754853948f,-2.4984393641268556f,1.3677601170733598f,-0.900127903557711f,0.8708362608895392f,1.5291003652955049f,0.7160598408860669f,-3.622732269260031f,0.28713655442914454f,0f,0f,0f,1f], start_interpolation: 0, interpolation_duration: 1 }
$data merge entity $(bone_group10) { transformation: [-2.2895748113207723f,-2.661576706843838f,-1.4372128104420958f,1.1479807754853948f,-2.4984393641268556f,1.3677601170733598f,-0.900127903557711f,0.8708362608895392f,1.5291003652955049f,0.7160598408860669f,-3.622732269260031f,0.28713655442914454f,0f,0f,0f,1f], start_interpolation: 0, interpolation_duration: 1 }
$data merge entity $(bone_group11) { transformation: [-2.2895748113207723f,-2.661576706843838f,-1.4372128104420958f,1.2023654147004246f,-2.4984393641268556f,1.3677601170733598f,-0.900127903557711f,0.7567549473083452f,1.5291003652955049f,0.7160598408860669f,-3.622732269260031f,0.29390643738901523f,0f,0f,0f,1f], start_interpolation: 0, interpolation_duration: 1 }
$data merge entity $(bone_group12) { transformation: [-2.2895748113207723f,-2.661576706843838f,-1.4372128104420958f,1.2023654147004246f,-2.4984393641268556f,1.3677601170733598f,-0.900127903557711f,0.7567549473083452f,1.5291003652955049f,0.7160598408860669f,-3.622732269260031f,0.29390643738901523f,0f,0f,0f,1f], start_interpolation: 0, interpolation_duration: 1 }
$data merge entity $(bone_group13) { transformation: [-2.4953479867177597f,-2.0032895991580437f,-0.5748851241768383f,0.9247114885896288f,-2.0020448267418383f,1.9205993958965424f,-0.3600511614230844f,0.9695760830520477f,1.4873973855224962f,0.31754164581633915f,-1.4490929077040124f,0.2994220359044723f,0f,0f,0f,1f], start_interpolation: 0, interpolation_duration: 1 }
$data merge entity $(bone_group14) { transformation: [-2.4953479867177597f,-2.0032895991580437f,-0.5748851241768383f,0.9247114885896288f,-2.0020448267418383f,1.9205993958965424f,-0.3600511614230844f,0.9695760830520477f,1.4873973855224962f,0.31754164581633915f,-1.4490929077040124f,0.2994220359044723f,0f,0f,0f,1f], start_interpolation: 0, interpolation_duration: 1 }
$data merge entity $(bone_group15) { transformation: [-2.405590703327624f,-2.11022846179623f,-0.5748851241768383f,0.9869421185175975f,-2.0839146927068337f,1.8314434420212113f,-0.3600511614230844f,0.9014880888746692f,1.4721307407382656f,0.38211877925628357f,-1.4490929077040124f,0.2916514492351531f,0f,0f,0f,1f], start_interpolation: 0, interpolation_duration: 1 }
$data merge entity $(bone_group16) { transformation: [-2.405590703327624f,-2.11022846179623f,-0.5748851241768383f,0.9869421185175975f,-2.0839146927068337f,1.8314434420212113f,-0.3600511614230844f,0.9014880888746692f,1.4721307407382656f,0.38211877925628357f,-1.4490929077040124f,0.2916514492351531f,0f,0f,0f,1f], start_interpolation: 0, interpolation_duration: 1 }
$data merge entity $(bone_group17) { transformation: [-2.212518175478673f,-2.3118594498990843f,-0.5748851241768383f,1.102569172539026f,-2.2356055816397236f,1.6428491139308057f,-0.3600511614230844f,0.8290897344497898f,1.433224992797424f,0.5089693500671035f,-1.4490929077040124f,0.26376837735018177f,0f,0f,0f,1f], start_interpolation: 0, interpolation_duration: 1 }
$data merge entity $(bone_group18) { transformation: [-2.212518175478673f,-2.3118594498990843f,-0.5748851241768383f,1.102569172539026f,-2.2356055816397236f,1.6428491139308057f,-0.3600511614230844f,0.8290897344497898f,1.433224992797424f,0.5089693500671035f,-1.4490929077040124f,0.26376837735018177f,0f,0f,0f,1f], start_interpolation: 0, interpolation_duration: 1 }
$data merge entity $(bone_group19) { transformation: [-2.212518175478673f,-2.3118594498990843f,-0.5748851241768383f,1.156953811754056f,-2.2356055816397236f,1.6428491139308057f,-0.3600511614230844f,0.7150084208685961f,1.433224992797424f,0.5089693500671035f,-1.4490929077040124f,0.2705382603100525f,0f,0f,0f,1f], start_interpolation: 0, interpolation_duration: 1 }
$data merge entity $(bone_group20) { transformation: [-2.212518175478673f,-2.3118594498990843f,-0.5748851241768383f,1.156953811754056f,-2.2356055816397236f,1.6428491139308057f,-0.3600511614230844f,0.7150084208685961f,1.433224992797424f,0.5089693500671035f,-1.4490929077040124f,0.2705382603100525f,0f,0f,0f,1f], start_interpolation: 0, interpolation_duration: 1 }
$data merge entity $(bone_bone11) { transformation: [-0.8391519293508367f,-0.059020204350412f,-0.35930320261052395f,0.5387427134433139f,0.04108069365577316f,1.459922439500805f,-0.22503197588942775f,1.1666162251409131f,0.32270174476678753f,-0.3393274025487091f,-0.9056830673150077f,0.348258915062507f,0f,0f,0f,1f], start_interpolation: 0, interpolation_duration: 1 }
$data merge entity $(bone_3) { transformation: [-0.8284045759726676f,-0.4297057913286316f,-0.35930320261052395f,0.5808969395754149f,-0.3699579751530541f,0.9013832184193092f,-0.22503197588942775f,1.407515625f,0.4205674204312514f,-0.05349043326317601f,-0.9056830673150077f,0.27168001136354136f,0f,0f,0f,1f], start_interpolation: 0, interpolation_duration: 1 }
$data merge entity $(bone_8) { transformation: [-0.8604345101428902f,0.10664265847613193f,-0.4982768278259663f,0.08477189005804495f,0.10693810235454157f,0.9938699854572077f,0.028048070737562547f,0.3994817454998632f,0.498213504453637f,-0.02915125040942168f,-0.866564197610075f,0.5359070887176114f,0f,0f,0f,1f], start_interpolation: 0, interpolation_duration: 1 }
$data merge entity $(bone_7) { transformation: [-0.8604345101428902f,-0.003732042590052387f,-0.5095473732767843f,0.08337237408677531f,0.10693810235454157f,0.9763820120003648f,-0.1877296164885262f,0.765625f,0.498213504453637f,-0.21601906976057822f,-0.8397136806553769f,0.45489993755739455f,0f,0f,0f,1f], start_interpolation: 0, interpolation_duration: 1 }