# This file was generated by Animated Java via MC-Build. It is not recommended to edit this file directly.
$data merge entity $(bone_layer) { transformation: [-0.835209553780427f,0.2210541036502505f,-0.5035474997786052f,0.2883874705101911f,-0.019992544397338295f,0.9028439482058424f,0.4295033217061385f,1.369675f,0.549568284603852f,0.3687924734148876f,-0.7496444571329192f,0.4551453728798819f,0f,0f,0f,1f], start_interpolation: 0, interpolation_duration: 1 }
$data merge entity $(bone_head) { transformation: [-0.835209553780427f,0.2210541036502505f,-0.5035474997786052f,0.2883874705101911f,-0.019992544397338295f,0.9028439482058424f,0.4295033217061385f,1.369675f,0.549568284603852f,0.3687924734148876f,-0.7496444571329192f,0.4551453728798819f,0f,0f,0f,1f], start_interpolation: 0, interpolation_duration: 1 }
$data merge entity $(bone_6) { transformation: [-0.703935441262003f,-0.08659317440544108f,-0.7049656138292548f,0.35959581803647755f,-0.10693828081889936f,0.994147436255524f,-0.015332288872408367f,0.39948187043519f,0.7021674292010187f,0.06459486924638537f,-0.7090757394215903f,0.325028148532617f,0f,0f,0f,1f], start_interpolation: 0, interpolation_duration: 1 }
$data merge entity $(bone_12) { transformation: [-0.703935441262003f,-0.20769362367171573f,-0.679218855172161f,0.2817107091595841f,-0.10693828081889936f,0.9763816788394933f,-0.1877312475909931f,0.765625f,0.7021674292010187f,-0.05951618193974016f,-0.7095200669865148f,0.30270958030521444f,0f,0f,0f,1f], start_interpolation: 0, interpolation_duration: 1 }
$data merge entity $(bone_group3) { transformation: [1.2022427797874091f,-0.12398985504474005f,0.2664285897347433f,-1.0097108479185324f,0.31304525928450533f,0.8176668760987532f,-0.3864268130988635f,1.6537488224022907f,-0.24710202049555277f,0.43261819967264603f,0.8067225271438272f,0.9803526036765287f,0f,0f,0f,1f], start_interpolation: 0, interpolation_duration: 1 }
$data merge entity $(bone_group1) { transformation: [1.2022427797874091f,-0.12398985504474005f,0.2664285897347433f,-1.0097108479185324f,0.31304525928450533f,0.8176668760987532f,-0.3864268130988635f,1.6537488224022907f,-0.24710202049555277f,0.43261819967264603f,0.8067225271438272f,0.9803526036765287f,0f,0f,0f,1f], start_interpolation: 0, interpolation_duration: 1 }
$data merge entity $(bone_group4) { transformation: [1.1646726929190527f,-0.12011517207459195f,0.2581026963055326f,-1.0097108479185324f,0.3032625949318646f,0.7921147862206672f,-0.37435097518952404f,1.6537488224022907f,-0.23938008235506678f,0.4190988809328759f,0.7815124481705827f,0.9803526036765287f,0f,0f,0f,1f], start_interpolation: 0, interpolation_duration: 1 }
$data merge entity $(bone_group2) { transformation: [1.1646726929190527f,-0.12011517207459195f,0.2581026963055326f,-1.0097108479185324f,0.3032625949318646f,0.7921147862206672f,-0.37435097518952404f,1.6537488224022907f,-0.23938008235506678f,0.4190988809328759f,0.7815124481705827f,0.9803526036765287f,0f,0f,0f,1f], start_interpolation: 0, interpolation_duration: 1 }
$data merge entity $(bone_bone1) { transformation: [0.5837771163949157f,-0.8143851142344976f,0.7651880953273301f,0.2592079298123732f,-0.6204089836486968f,1.3763713411711562f,0.6360849146907834f,0.49776433656135244f,-0.5237336836423916f,-2.5381841574078075f,0.09941408387221612f,1.4529717041223789f,0f,0f,0f,1f], start_interpolation: 0, interpolation_duration: 1 }
$data merge entity $(bone_2) { transformation: [0.7395616248551496f,-0.2701009623921864f,0.6165176989806752f,-0.05419512465337431f,-0.272250477618987f,0.7176426041482962f,0.640990460262464f,1.0455778076583035f,-0.6155715072011093f,-0.6418991843164057f,0.45720581437257424f,0.8341591910489521f,0f,0f,0f,1f], start_interpolation: 0, interpolation_duration: 1 }
$data merge entity $(bone_bone2) { transformation: [1.4617629706903892f,-0.2595197133998224f,0.6700556946768093f,0.1267060533530292f,-0.039992771621286505f,1.9545350847875684f,0.21106467051149308f,0.9188406561966074f,-1.3644228068075013f,-0.33532390414542f,0.7116720248071119f,0.7014237088474297f,0f,0f,0f,1f], start_interpolation: 0, interpolation_duration: 1 }
$data merge entity $(bone_1) { transformation: [0.7395616248551496f,0.06382765131814246f,0.6700556946768093f,-0.030259755409070888f,-0.272250477618987f,0.9387925129111908f,0.21106467051149308f,1.3976250000000001f,-0.6155715072011093f,-0.3385183135800799f,0.7116720248071119f,0.7072148234564221f,0f,0f,0f,1f], start_interpolation: 0, interpolation_duration: 1 }
$data merge entity $(bone_4) { transformation: [-0.8284033180305379f,-0.5514535599162109f,0.09821870459201335f,0.6976851303698168f,-0.36995919505708064f,0.4070121948989111f,-0.8351474523677167f,1.1336198005180151f,0.42056882512700855f,-0.7281758334765777f,-0.5411855678711129f,0.25983995937999166f,0f,0f,0f,1f], start_interpolation: 0, interpolation_duration: 1 }
$data merge entity $(bone_group5) { transformation: [-3.3136132721221516f,-1.160210002935772f,-1.437216675443133f,0.7305078724297256f,-1.4798367802283225f,2.4337326445477303f,-0.9001320178371128f,0.9143308973983442f,1.6822753005080342f,-0.14442355746375712f,-3.622729713667951f,0.44289269117231134f,0f,0f,0f,1f], start_interpolation: 0, interpolation_duration: 1 }
$data merge entity $(bone_group7) { transformation: [-3.3136132721221516f,-1.160210002935772f,-1.437216675443133f,0.7305078724297256f,-1.4798367802283225f,2.4337326445477303f,-0.9001320178371128f,0.9143308973983442f,1.6822753005080342f,-0.14442355746375712f,-3.622729713667951f,0.44289269117231134f,0f,0f,0f,1f], start_interpolation: 0, interpolation_duration: 1 }
$data merge entity $(bone_group6) { transformation: [-2.289568270507176f,-2.6615779723282724f,-1.437216675443133f,1.0940439291903958f,-2.498442567406162f,1.3677559060836568f,-0.9001320178371128f,0.9856528279360711f,1.5291049251309368f,0.7160631805854816f,-3.622729713667951f,0.2809487200450156f,0f,0f,0f,1f], start_interpolation: 0, interpolation_duration: 1 }
$data merge entity $(bone_group8) { transformation: [-2.289568270507176f,-2.6615779723282724f,-1.437216675443133f,1.0940439291903958f,-2.498442567406162f,1.3677559060836568f,-0.9001320178371128f,0.9856528279360711f,1.5291049251309368f,0.7160631805854816f,-3.622729713667951f,0.2809487200450156f,0f,0f,0f,1f], start_interpolation: 0, interpolation_duration: 1 }
$data merge entity $(bone_group9) { transformation: [-2.289568270507176f,-2.6615779723282724f,-1.437216675443133f,1.14842877307801f,-2.498442567406162f,1.3677559060836568f,-0.9001320178371128f,0.8715716102228964f,1.5291049251309368f,0.7160631805854816f,-3.622729713667951f,0.28771857430112924f,0f,0f,0f,1f], start_interpolation: 0, interpolation_duration: 1 }
$data merge entity $(bone_group10) { transformation: [-2.289568270507176f,-2.6615779723282724f,-1.437216675443133f,1.14842877307801f,-2.498442567406162f,1.3677559060836568f,-0.9001320178371128f,0.8715716102228964f,1.5291049251309368f,0.7160631805854816f,-3.622729713667951f,0.28771857430112924f,0f,0f,0f,1f], start_interpolation: 0, interpolation_duration: 1 }
$data merge entity $(bone_group11) { transformation: [-2.289568270507176f,-2.6615779723282724f,-1.437216675443133f,1.2028136169656243f,-2.498442567406162f,1.3677559060836568f,-0.9001320178371128f,0.7574903925097215f,1.5291049251309368f,0.7160631805854816f,-3.622729713667951f,0.29448842855724283f,0f,0f,0f,1f], start_interpolation: 0, interpolation_duration: 1 }
$data merge entity $(bone_group12) { transformation: [-2.289568270507176f,-2.6615779723282724f,-1.437216675443133f,1.2028136169656243f,-2.498442567406162f,1.3677559060836568f,-0.9001320178371128f,0.7574903925097215f,1.5291049251309368f,0.7160631805854816f,-3.622729713667951f,0.29448842855724283f,0f,0f,0f,1f], start_interpolation: 0, interpolation_duration: 1 }
$data merge entity $(bone_group13) { transformation: [-2.4953423547368176f,-2.0032924016448117f,-0.5748866701772533f,0.9251593360823152f,-2.002048400138361f,1.9205961247735317f,-0.36005280713484517f,0.9703110572088479f,1.4874020242420118f,0.31754375046245786f,-1.4490918854671806f,0.30000434327348896f,0f,0f,0f,1f], start_interpolation: 0, interpolation_duration: 1 }
$data merge entity $(bone_group14) { transformation: [-2.4953423547368176f,-2.0032924016448117f,-0.5748866701772533f,0.9251593360823152f,-2.002048400138361f,1.9205961247735317f,-0.36005280713484517f,0.9703110572088479f,1.4874020242420118f,0.31754375046245786f,-1.4490918854671806f,0.30000434327348896f,0f,0f,0f,1f], start_interpolation: 0, interpolation_duration: 1 }
$data merge entity $(bone_group15) { transformation: [-2.4055849544643237f,-2.1102310159520927f,-0.5748866701772533f,0.9873900705600118f,-2.0839181200178927f,1.8314400181422184f,-0.36005280713484517f,0.9022231656073807f,1.472135283239374f,0.3821210842373489f,-1.4490918854671806f,0.2922336950927244f,0f,0f,0f,1f], start_interpolation: 0, interpolation_duration: 1 }
$data merge entity $(bone_group16) { transformation: [-2.4055849544643237f,-2.1102310159520927f,-0.5748866701772533f,0.9873900705600118f,-2.0839181200178927f,1.8314400181422184f,-0.36005280713484517f,0.9022231656073807f,1.472135283239374f,0.3821210842373489f,-1.4490918854671806f,0.2922336950927244f,0f,0f,0f,1f], start_interpolation: 0, interpolation_duration: 1 }
$data merge entity $(bone_group17) { transformation: [-2.2125122258821825f,-2.3118614932891624f,-0.5748866701772533f,1.103017206501876f,-2.235608697498112f,1.642845404370865f,-0.36005280713484517f,0.8298249956010715f,1.4332293171206076f,0.5089720421820783f,-1.4490918854671806f,0.26435048407845024f,0f,0f,0f,1f], start_interpolation: 0, interpolation_duration: 1 }
$data merge entity $(bone_group18) { transformation: [-2.2125122258821825f,-2.3118614932891624f,-0.5748866701772533f,1.103017206501876f,-2.235608697498112f,1.642845404370865f,-0.36005280713484517f,0.8298249956010715f,1.4332293171206076f,0.5089720421820783f,-1.4490918854671806f,0.26435048407845024f,0f,0f,0f,1f], start_interpolation: 0, interpolation_duration: 1 }
$data merge entity $(bone_group19) { transformation: [-2.2125122258821825f,-2.3118614932891624f,-0.5748866701772533f,1.1574020503894902f,-2.235608697498112f,1.642845404370865f,-0.36005280713484517f,0.7157437778878968f,1.4332293171206076f,0.5089720421820783f,-1.4490918854671806f,0.27112033833456384f,0f,0f,0f,1f], start_interpolation: 0, interpolation_duration: 1 }
$data merge entity $(bone_group20) { transformation: [-2.2125122258821825f,-2.3118614932891624f,-0.5748866701772533f,1.1574020503894902f,-2.235608697498112f,1.642845404370865f,-0.36005280713484517f,0.7157437778878968f,1.4332293171206076f,0.5089720421820783f,-1.4490918854671806f,0.27112033833456384f,0f,0f,0f,1f], start_interpolation: 0, interpolation_duration: 1 }
$data merge entity $(bone_bone11) { transformation: [-0.8391515183758966f,-0.059023200269728626f,-0.35930416886078326f,0.5391902976580638f,0.041079410497347035f,1.4599221830721882f,-0.2250330044592782f,1.1673505633931616f,0.32270297680780297f,-0.3393279847045558f,-0.9056824284169878f,0.3488417073377372f,0f,0f,0f,1f], start_interpolation: 0, interpolation_duration: 1 }
$data merge entity $(bone_3) { transformation: [-0.8284033180305379f,-0.4297074084947303f,-0.35930416886078326f,0.5813439987498432f,-0.36995919505708064f,0.9013824609436037f,-0.2250330044592782f,1.40825f,0.42056882512700855f,-0.05349020646805819f,-0.9056824284169878f,0.27226263022281777f,0f,0f,0f,1f], start_interpolation: 0, interpolation_duration: 1 }
$data merge entity $(bone_8) { transformation: [-0.8604335529655182f,0.10664192357015831f,-0.4982786379811918f,0.08477230603619464f,0.10693828081889936f,0.9938700132287674f,0.02804640618952653f,0.39948187043519f,0.4982151192272604f,-0.029152991988922933f,-0.8665632106381279f,0.5359076462215936f,0f,0f,0f,1f], start_interpolation: 0, interpolation_duration: 1 }
$data merge entity $(bone_7) { transformation: [-0.8604335529655182f,-0.003733151865118217f,-0.5095489814613381f,0.08337237408677531f,0.10693828081889936f,0.9763816788394933f,-0.1877312475909931f,0.765625f,0.4982151192272604f,-0.21602055643786422f,-0.8397123401318111f,0.45489993755739455f,0f,0f,0f,1f], start_interpolation: 0, interpolation_duration: 1 }