# This file was generated by Animated Java via MC-Build. It is not recommended to edit this file directly.
$data merge entity $(bone_layer) { transformation: [-0.8334032266191829f,0.23052106343329118f,-0.5022938394747835f,0.2883874705101911f,-0.017673190261614923f,0.8972760015691617f,0.4411161245681624f,1.3693484375f,0.5523827660297811f,0.3765047361211309f,-0.7437186722623319f,0.4551453728798819f,0f,0f,0f,1f], start_interpolation: 0, interpolation_duration: 1 }
$data merge entity $(bone_head) { transformation: [-0.8334032266191829f,0.23052106343329118f,-0.5022938394747835f,0.2883874705101911f,-0.017673190261614923f,0.8972760015691617f,0.4411161245681624f,1.3693484375f,0.5523827660297811f,0.3765047361211309f,-0.7437186722623319f,0.4551453728798819f,0f,0f,0f,1f], start_interpolation: 0, interpolation_duration: 1 }
$data merge entity $(bone_6) { transformation: [-0.7039359716506614f,-0.08659375191861907f,-0.7049650132771811f,0.35959599220698324f,-0.10693835296397847f,0.9941474181192612f,-0.015332961623849312f,0.39948192094123774f,0.7021668864889535f,0.0645943741781243f,-0.7090763219449269f,0.3250283692955586f,0f,0f,0f,1f], start_interpolation: 0, interpolation_duration: 1 }
$data merge entity $(bone_12) { transformation: [-0.7039359716506614f,-0.20769408812639767f,-0.6792181634597116f,0.2817107091595841f,-0.10693835296397847f,0.9763815441566993f,-0.187731906972499f,0.765625f,0.7021668864889535f,-0.059516770640917774f,-0.7095205546923116f,0.30270958030521444f,0f,0f,0f,1f], start_interpolation: 0, interpolation_duration: 1 }
$data merge entity $(bone_group3) { transformation: [1.202242687226414f,-0.12399013698938169f,0.26642868529526886f,-1.0097110178451445f,0.3130454719822654f,0.8176671476857362f,-0.3864261448770234f,1.653748774938716f,-0.24710220137921834f,0.4326176055547644f,0.8067228156674553f,0.9803522213988426f,0f,0f,0f,1f], start_interpolation: 0, interpolation_duration: 1 }
$data merge entity $(bone_group1) { transformation: [1.202242687226414f,-0.12399013698938169f,0.26642868529526886f,-1.0097110178451445f,0.3130454719822654f,0.8176671476857362f,-0.3864261448770234f,1.653748774938716f,-0.24710220137921834f,0.4326176055547644f,0.8067228156674553f,0.9803522213988426f,0f,0f,0f,1f], start_interpolation: 0, interpolation_duration: 1 }
$data merge entity $(bone_group4) { transformation: [1.1646726032505887f,-0.12011544520846353f,0.25810278887979177f,-1.0097110178451445f,0.3032628009828196f,0.792115049320557f,-0.37435032784961647f,1.653748774938716f,-0.23938025758611778f,0.4190983053811781f,0.7815127276778474f,0.9803522213988426f,0f,0f,0f,1f], start_interpolation: 0, interpolation_duration: 1 }
$data merge entity $(bone_group2) { transformation: [1.1646726032505887f,-0.12011544520846353f,0.25810278887979177f,-1.0097110178451445f,0.3032628009828196f,0.792115049320557f,-0.37435032784961647f,1.653748774938716f,-0.23938025758611778f,0.4190983053811781f,0.7815127276778474f,0.9803522213988426f,0f,0f,0f,1f], start_interpolation: 0, interpolation_duration: 1 }
$data merge entity $(bone_bone1) { transformation: [0.5776680146844293f,-0.8141078424862296f,0.7698430867605683f,0.25525402292549f,-0.6217494560410212f,1.3944084004760229f,0.6303855731830714f,0.492869252457643f,-0.5288925020486146f,-2.528409308930086f,0.0997780080459107f,1.447079022432895f,0f,0f,0f,1f], start_interpolation: 0, interpolation_duration: 1 }
$data merge entity $(bone_2) { transformation: [0.7354843920406934f,-0.2675185310185442f,0.6224922044702336f,-0.056636217274515406f,-0.2742038932147858f,0.7226252574319284f,0.6345273534429334f,1.0458504335302137f,-0.6195764149888093f,-0.6373747507417589f,0.45812497542318625f,0.8321104936059578f,0f,0f,0f,1f], start_interpolation: 0, interpolation_duration: 1 }
$data merge entity $(bone_bone2) { transformation: [1.458004373962111f,-0.2420405515527065f,0.6737283608605569f,0.12274844073346536f,-0.04270851598839559f,1.9594946254168115f,0.19909595401759048f,0.918497188731553f,-1.3683563966194694f,-0.31905671026745525f,0.7116536354617828f,0.6979145714972286f,0f,0f,0f,1f], start_interpolation: 0, interpolation_duration: 1 }
$data merge entity $(bone_1) { transformation: [0.7354843920406934f,0.07178304003508112f,0.6737283608605569f,-0.029717577261359984f,-0.2742038932147858f,0.9408363439194298f,0.19909595401759048f,1.3986640625f,-0.6195764149888093f,-0.3311709062155704f,0.7116536354617828f,0.7079214037751189f,0f,0f,0f,1f], start_interpolation: 0, interpolation_duration: 1 }
$data merge entity $(bone_4) { transformation: [-0.8284028094995215f,-0.5514542793623456f,0.09821895431257363f,0.6978660382939477f,-0.369959688209444f,0.40701167954233236f,-0.8351474850684162f,1.1339167534315582f,0.4205693929820268f,-0.7281755766908731f,-0.5411854720866441f,0.26007546700554673f,0f,0f,0f,1f], start_interpolation: 0, interpolation_duration: 1 }
$data merge entity $(bone_group5) { transformation: [-3.313611237998086f,-1.1602117680556656f,-1.4372182378848595f,0.73068904186578f,-1.479838752837776f,2.433731817768218f,-0.9001336810597045f,0.914627906911418f,1.6822775719281071f,-0.14442330991828242f,-3.6227286805546237f,0.4431282197102807f,0f,0f,0f,1f], start_interpolation: 0, interpolation_duration: 1 }
$data merge entity $(bone_group7) { transformation: [-3.313611237998086f,-1.1602117680556656f,-1.4372182378848595f,0.73068904186578f,-1.479838752837776f,2.433731817768218f,-0.9001336810597045f,0.914627906911418f,1.6822775719281071f,-0.14442330991828242f,-3.6227286805546237f,0.4431282197102807f,0f,0f,0f,1f], start_interpolation: 0, interpolation_duration: 1 }
$data merge entity $(bone_group6) { transformation: [-2.2895656263441135f,-2.661578483904908f,-1.4372182378848595f,1.0942249518598064f,-2.4984438623463037f,1.3677542037668688f,-0.9001336810597045f,0.9859500580609816f,1.5291067684656852f,0.7160645306761878f,-3.6227286805546237f,0.281184016277685f,0f,0f,0f,1f], start_interpolation: 0, interpolation_duration: 1 }
$data merge entity $(bone_group8) { transformation: [-2.2895656263441135f,-2.661578483904908f,-1.4372182378848595f,1.0942249518598064f,-2.4984438623463037f,1.3677542037668688f,-0.9001336810597045f,0.9859500580609816f,1.5291067684656852f,0.7160645306761878f,-3.6227286805546237f,0.281184016277685f,0f,0f,0f,1f], start_interpolation: 0, interpolation_duration: 1 }
$data merge entity $(bone_group9) { transformation: [-2.2895656263441135f,-2.661578483904908f,-1.4372182378848595f,1.1486098784874157f,-2.4984438623463037f,1.3677542037668688f,-0.9001336810597045f,0.8718688791030963f,1.5291067684656852f,0.7160645306761878f,-3.6227286805546237f,0.2879538589301045f,0f,0f,0f,1f], start_interpolation: 0, interpolation_duration: 1 }
$data merge entity $(bone_group10) { transformation: [-2.2895656263441135f,-2.661578483904908f,-1.4372182378848595f,1.1486098784874157f,-2.4984438623463037f,1.3677542037668688f,-0.9001336810597045f,0.8718688791030963f,1.5291067684656852f,0.7160645306761878f,-3.6227286805546237f,0.2879538589301045f,0f,0f,0f,1f], start_interpolation: 0, interpolation_duration: 1 }
$data merge entity $(bone_group11) { transformation: [-2.2895656263441135f,-2.661578483904908f,-1.4372182378848595f,1.2029948051150252f,-2.4984438623463037f,1.3677542037668688f,-0.9001336810597045f,0.7577877001452112f,1.5291067684656852f,0.7160645306761878f,-3.6227286805546237f,0.29472370158252403f,0f,0f,0f,1f], start_interpolation: 0, interpolation_duration: 1 }
$data merge entity $(bone_group12) { transformation: [-2.2895656263441135f,-2.661578483904908f,-1.4372182378848595f,1.2029948051150252f,-2.4984438623463037f,1.3677542037668688f,-0.9001336810597045f,0.7577877001452112f,1.5291067684656852f,0.7160645306761878f,-3.6227286805546237f,0.29472370158252403f,0f,0f,0f,1f], start_interpolation: 0, interpolation_duration: 1 }
$data merge entity $(bone_group13) { transformation: [-2.4953400779742876f,-2.0032935345639613f,-0.5748872951539438f,0.9253403808132574f,-2.0020498447009323f,1.9205948024023032f,-0.3600534724238818f,0.9706081744217477f,1.4874038994662955f,0.31754460127704337f,-1.4490914722218495f,0.3002397441246476f,0f,0f,0f,1f], start_interpolation: 0, interpolation_duration: 1 }
$data merge entity $(bone_group14) { transformation: [-2.4953400779742876f,-2.0032935345639613f,-0.5748872951539438f,0.9253403808132574f,-2.0020498447009323f,1.9205948024023032f,-0.3600534724238818f,0.9706081744217477f,1.4874038994662955f,0.31754460127704337f,-1.4490914722218495f,0.3002397441246476f,0f,0f,0f,1f], start_interpolation: 0, interpolation_duration: 1 }
$data merge entity $(bone_group15) { transformation: [-2.4055826304515278f,-2.1102320484819677f,-0.5748872951539438f,0.9875711575557111f,-2.0839195055245376f,1.8314386340186604f,-0.3600534724238818f,0.9025203242872206f,1.4721371195668485f,0.3821220160382819f,-1.4490914722218495f,0.2924690710775421f,0f,0f,0f,1f], start_interpolation: 0, interpolation_duration: 1 }
$data merge entity $(bone_group16) { transformation: [-2.4055826304515278f,-2.1102320484819677f,-0.5748872951539438f,0.9875711575557111f,-2.0839195055245376f,1.8314386340186604f,-0.3600534724238818f,0.9025203242872206f,1.4721371195668485f,0.3821220160382819f,-1.4490914722218495f,0.2924690710775421f,0f,0f,0f,1f], start_interpolation: 0, interpolation_duration: 1 }
$data merge entity $(bone_group17) { transformation: [-2.2125098207220484f,-2.3118623193388874f,-0.5748872951539438f,1.1031983266142613f,-2.23560995709817f,1.642843904759454f,-0.3600534724238818f,0.8301222288331924f,1.4332310652484992f,0.5089731304837122f,-1.4490914722218495f,0.26458580381952224f,0f,0f,0f,1f], start_interpolation: 0, interpolation_duration: 1 }
$data merge entity $(bone_group18) { transformation: [-2.2125098207220484f,-2.3118623193388874f,-0.5748872951539438f,1.1031983266142613f,-2.23560995709817f,1.642843904759454f,-0.3600534724238818f,0.8301222288331924f,1.4332310652484992f,0.5089731304837122f,-1.4490914722218495f,0.26458580381952224f,0f,0f,0f,1f], start_interpolation: 0, interpolation_duration: 1 }
$data merge entity $(bone_group19) { transformation: [-2.2125098207220484f,-2.3118623193388874f,-0.5748872951539438f,1.1575832532418706f,-2.23560995709817f,1.642843904759454f,-0.3600534724238818f,0.7160410498753071f,1.4332310652484992f,0.5089731304837122f,-1.4490914722218495f,0.2713556464719417f,0f,0f,0f,1f], start_interpolation: 0, interpolation_duration: 1 }
$data merge entity $(bone_group20) { transformation: [-2.2125098207220484f,-2.3118623193388874f,-0.5748872951539438f,1.1575832532418706f,-2.23560995709817f,1.642843904759454f,-0.3600534724238818f,0.7160410498753071f,1.4332310652484992f,0.5089731304837122f,-1.4490914722218495f,0.2713556464719417f,0f,0f,0f,1f], start_interpolation: 0, interpolation_duration: 1 }
$data merge entity $(bone_bone11) { transformation: [-0.839151352236139f,-0.05902441138697245f,-0.35930455947121487f,0.5393712359578567f,0.041078891773595805f,1.4599220794079188f,-0.22503342026492612f,1.1676474235379524f,0.32270347486649814f,-0.33932822004318947f,-0.9056821701386559f,0.3490773042147699f,0f,0f,0f,1f], start_interpolation: 0, interpolation_duration: 1 }
$data merge entity $(bone_3) { transformation: [-0.8284028094995215f,-0.4297080622428391f,-0.35930455947121487f,0.5815247247990802f,-0.369959688209444f,0.9013821547289695f,-0.22503342026492612f,1.4085468749999999f,0.4205693929820268f,-0.05349011478454904f,-0.9056821701386559f,0.2724981569957167f,0f,0f,0f,1f], start_interpolation: 0, interpolation_duration: 1 }
$data merge entity $(bone_8) { transformation: [-0.8604331660206043f,0.10664162647868383f,-0.4982793697452667f,0.08477247419817745f,0.10693835296397847f,0.9938700244547719f,0.0280457332873032f,0.39948192094123774f,0.4982157720075818f,-0.02915369603072432f,-0.8665628116476253f,0.535907871595037f,0f,0f,0f,1f], start_interpolation: 0, interpolation_duration: 1 }
$data merge entity $(bone_7) { transformation: [-0.8604331660206043f,-0.0037336002970723564f,-0.5095496315773185f,0.08337237408677531f,0.10693835296397847f,0.9763815441566993f,-0.187731906972499f,0.765625f,0.4982157720075818f,-0.21602115743371336f,-0.8397117982164406f,0.45489993755739455f,0f,0f,0f,1f], start_interpolation: 0, interpolation_duration: 1 }