# This file was generated by Animated Java via MC-Build. It is not recommended to edit this file directly.
$data merge entity $(bone_layer) { transformation: [-0.8333603967655688f,0.23499551650992662f,-0.5002874736818489f,0.2883874705101911f,-0.01650780775301571f,0.8941354325394638f,0.44749225754269245f,1.3694f,0.5524834308700337f,0.3811809747320801f,-0.7412577980138746f,0.4551453728798819f,0f,0f,0f,1f], start_interpolation: 0, interpolation_duration: 1 }
$data merge entity $(bone_head) { transformation: [-0.8333603967655688f,0.23499551650992662f,-0.5002874736818489f,0.2883874705101911f,-0.01650780775301571f,0.8941354325394638f,0.44749225754269245f,1.3694f,0.5524834308700337f,0.3811809747320801f,-0.7412577980138746f,0.4551453728798819f,0f,0f,0f,1f], start_interpolation: 0, interpolation_duration: 1 }
$data merge entity $(bone_6) { transformation: [-0.703935887905111f,-0.08659366073238448f,-0.7049651081012506f,0.35959596470640176f,-0.10693834157265347f,0.9941474209829116f,-0.015332855399945472f,0.399481912966588f,0.7021669721803594f,0.06459445234685277f,-0.7090762299676082f,0.32502833443823476f,0f,0f,0f,1f], start_interpolation: 0, interpolation_duration: 1 }
$data merge entity $(bone_12) { transformation: [-0.703935887905111f,-0.20769401479151373f,-0.6792182726775139f,0.2817107091595841f,-0.10693834157265347f,0.9763815654224319f,-0.18773180285964267f,0.765625f,0.7021669721803594f,-0.05951667768805417f,-0.7095204776861924f,0.30270958030521444f,0f,0f,0f,1f], start_interpolation: 0, interpolation_duration: 1 }
$data merge entity $(bone_group3) { transformation: [1.2022427018413122f,-0.12399009247179171f,0.26642867020678446f,-1.0097109910146207f,0.31304543839840887f,0.8176671048036179f,-0.38642625038575074f,1.6537487824329975f,-0.24710217281864102f,0.4326176993628635f,0.8067227701111235f,0.9803522817584847f,0f,0f,0f,1f], start_interpolation: 0, interpolation_duration: 1 }
$data merge entity $(bone_group1) { transformation: [1.2022427018413122f,-0.12399009247179171f,0.26642867020678446f,-1.0097109910146207f,0.31304543839840887f,0.8176671048036179f,-0.38642625038575074f,1.6537487824329975f,-0.24710217281864102f,0.4326176993628635f,0.8067227701111235f,0.9803522817584847f,0f,0f,0f,1f], start_interpolation: 0, interpolation_duration: 1 }
$data merge entity $(bone_group4) { transformation: [1.1646726174087714f,-0.12011540208204823f,0.25810277426282247f,-1.0097109910146207f,0.3032627684484586f,0.792115007778505f,-0.37435043006119606f,1.6537487824329975f,-0.23938022991805852f,0.41909839625777406f,0.7815126835451509f,0.9803522817584847f,0f,0f,0f,1f], start_interpolation: 0, interpolation_duration: 1 }
$data merge entity $(bone_group2) { transformation: [1.1646726174087714f,-0.12011540208204823f,0.25810277426282247f,-1.0097109910146207f,0.3032627684484586f,0.792115007778505f,-0.37435043006119606f,1.6537487824329975f,-0.23938022991805852f,0.41909839625777406f,0.7815126835451509f,0.9803522817584847f,0f,0f,0f,1f], start_interpolation: 0, interpolation_duration: 1 }
$data merge entity $(bone_bone1) { transformation: [0.5786352749898488f,-0.8141680079493376f,0.7691092554715935f,0.2558858095130955f,-0.6215402927572865f,1.3915650679922655f,0.6312893016901875f,0.49363645801590683f,-0.5280803755268793f,-2.529955951469412f,0.09972347125650827f,1.4480088822078936f,0f,0f,0f,1f], start_interpolation: 0, interpolation_duration: 1 }
$data merge entity $(bone_2) { transformation: [0.7361299466595884f,-0.26793194155420264f,0.6215506224966301f,-0.056248467158910624f,-0.2738961857563786f,0.7218413568794624f,0.6355516776207298f,1.0458036855828452f,-0.6189455396551948f,-0.6380889673026893f,0.45798350270236676f,0.8324330979802446f,0f,0f,0f,1f], start_interpolation: 0, interpolation_duration: 1 }
$data merge entity $(bone_bone2) { transformation: [1.4585980824857903f,-0.24481326420681634f,0.6731563895999921f,0.12337647236905377f,-0.04227600810896748f,1.958730986149373f,0.20098859609233827f,0.9185469200742247f,-1.3677369531116546f,-0.32161994584712755f,0.7116628832400466f,0.6984672563195465f,0f,0f,0f,1f], start_interpolation: 0, interpolation_duration: 1 }
$data merge entity $(bone_1) { transformation: [0.7361299466595884f,0.07052075419092346f,0.6731563895999921f,-0.029803184337314326f,-0.2738961857563786f,0.9405235051124126f,0.20098859609233827f,1.3984999999999999f,-0.6189455396551948f,-0.33232869204961085f,0.7116628832400466f,0.7078098384616405f,0f,0f,0f,1f], start_interpolation: 0, interpolation_duration: 1 }
$data merge entity $(bone_4) { transformation: [-0.8284028897939393f,-0.5514541657656251f,0.09821891488297443f,0.6978374738848714f,-0.369959610343294f,0.40701176091447344f,-0.8351474799051587f,1.1338698661294089f,0.4205693033207354f,-0.7281756172360057f,-0.5411854872105066f,0.26003828159098924f,0f,0f,0f,1f], start_interpolation: 0, interpolation_duration: 1 }
$data merge entity $(bone_group5) { transformation: [-3.313611559175757f,-1.1602114893525133f,-1.4372179911837448f,0.730660436165347f,-1.479838441373176f,2.43373194831246f,-0.9001334184454866f,0.9145810106724863f,1.6822772132829416f,-0.14442334900444911f,-3.6227288436778435f,0.4430910309937719f,0f,0f,0f,1f], start_interpolation: 0, interpolation_duration: 1 }
$data merge entity $(bone_group7) { transformation: [-3.313611559175757f,-1.1602114893525133f,-1.4372179911837448f,0.730660436165347f,-1.479838441373176f,2.43373194831246f,-0.9001334184454866f,0.9145810106724863f,1.6822772132829416f,-0.14442334900444911f,-3.6227288436778435f,0.4430910309937719f,0f,0f,0f,1f], start_interpolation: 0, interpolation_duration: 1 }
$data merge entity $(bone_group6) { transformation: [-2.2895660438437124f,-2.6615784031297336f,-1.4372179911837448f,1.094196369333072f,-2.498443657882169f,1.3677544725537991f,-0.9001334184454866f,0.9859031269886036f,1.5291064774129444f,0.7160643175039917f,-3.6227288436778435f,0.2811468642409508f,0f,0f,0f,1f], start_interpolation: 0, interpolation_duration: 1 }
$data merge entity $(bone_group8) { transformation: [-2.2895660438437124f,-2.6615784031297336f,-1.4372179911837448f,1.094196369333072f,-2.498443657882169f,1.3677544725537991f,-0.9001334184454866f,0.9859031269886036f,1.5291064774129444f,0.7160643175039917f,-3.6227288436778435f,0.2811468642409508f,0f,0f,0f,1f], start_interpolation: 0, interpolation_duration: 1 }
$data merge entity $(bone_group9) { transformation: [-2.2895660438437124f,-2.6615784031297336f,-1.4372179911837448f,1.1485812828964712f,-2.498443657882169f,1.3677544725537991f,-0.9001334184454866f,0.871821941911457f,1.5291064774129444f,0.7160643175039917f,-3.6227288436778435f,0.2879167087255344f,0f,0f,0f,1f], start_interpolation: 0, interpolation_duration: 1 }
$data merge entity $(bone_group10) { transformation: [-2.2895660438437124f,-2.6615784031297336f,-1.4372179911837448f,1.1485812828964712f,-2.498443657882169f,1.3677544725537991f,-0.9001334184454866f,0.871821941911457f,1.5291064774129444f,0.7160643175039917f,-3.6227288436778435f,0.2879167087255344f,0f,0f,0f,1f], start_interpolation: 0, interpolation_duration: 1 }
$data merge entity $(bone_group11) { transformation: [-2.2895660438437124f,-2.6615784031297336f,-1.4372179911837448f,1.2029661964598701f,-2.498443657882169f,1.3677544725537991f,-0.9001334184454866f,0.7577407568343104f,1.5291064774129444f,0.7160643175039917f,-3.6227288436778435f,0.2946865532101179f,0f,0f,0f,1f], start_interpolation: 0, interpolation_duration: 1 }
$data merge entity $(bone_group12) { transformation: [-2.2895660438437124f,-2.6615784031297336f,-1.4372179911837448f,1.2029661964598701f,-2.498443657882169f,1.3677544725537991f,-0.9001334184454866f,0.7577407568343104f,1.5291064774129444f,0.7160643175039917f,-3.6227288436778435f,0.2946865532101179f,0f,0f,0f,1f], start_interpolation: 0, interpolation_duration: 1 }
$data merge entity $(bone_group13) { transformation: [-2.495340437463272f,-2.0032933556820303f,-0.574887196473498f,0.925311794803114f,-2.0020496166121813f,1.9205950111978503f,-0.36005336737819466f,0.9705612611775837f,1.487403603378356f,0.3175444669378905f,-1.4490915374711375f,0.30020257556920715f,0f,0f,0f,1f], start_interpolation: 0, interpolation_duration: 1 }
$data merge entity $(bone_group14) { transformation: [-2.495340437463272f,-2.0032933556820303f,-0.574887196473498f,0.925311794803114f,-2.0020496166121813f,1.9205950111978503f,-0.36005336737819466f,0.9705612611775837f,1.487403603378356f,0.3175444669378905f,-1.4490915374711375f,0.30020257556920715f,0f,0f,0f,1f], start_interpolation: 0, interpolation_duration: 1 }
$data merge entity $(bone_group15) { transformation: [-2.4055829974010785f,-2.1102318854509816f,-0.574887196473498f,0.9875425648721861f,-2.083919286760411f,1.8314388525645717f,-0.36005336737819466f,0.9024734044956417f,1.4721368296205106f,0.38212186891181565f,-1.4490915374711375f,0.2924319064483665f,0f,0f,0f,1f], start_interpolation: 0, interpolation_duration: 1 }
$data merge entity $(bone_group16) { transformation: [-2.4055829974010785f,-2.1102318854509816f,-0.574887196473498f,0.9875425648721861f,-2.083919286760411f,1.8314388525645717f,-0.36005336737819466f,0.9024734044956417f,1.4721368296205106f,0.38212186891181565f,-1.4490915374711375f,0.2924319064483665f,0f,0f,0f,1f], start_interpolation: 0, interpolation_duration: 1 }
$data merge entity $(bone_group17) { transformation: [-2.2125102004843322f,-2.3118621889100446f,-0.574887196473498f,1.1031697287017892f,-2.235609758214037f,1.6428441415402824f,-0.36005336737819466f,0.8300752972701974f,1.4332307892284113f,0.5089729586466182f,-1.4490915374711375f,0.26454864807093753f,0f,0f,0f,1f], start_interpolation: 0, interpolation_duration: 1 }
$data merge entity $(bone_group18) { transformation: [-2.2125102004843322f,-2.3118621889100446f,-0.574887196473498f,1.1031697287017892f,-2.235609758214037f,1.6428441415402824f,-0.36005336737819466f,0.8300752972701974f,1.4332307892284113f,0.5089729586466182f,-1.4490915374711375f,0.26454864807093753f,0f,0f,0f,1f], start_interpolation: 0, interpolation_duration: 1 }
$data merge entity $(bone_group19) { transformation: [-2.2125102004843322f,-2.3118621889100446f,-0.574887196473498f,1.1575546422651881f,-2.235609758214037f,1.6428441415402824f,-0.36005336737819466f,0.7159941121930508f,1.4332307892284113f,0.5089729586466182f,-1.4490915374711375f,0.27131849255552104f,0f,0f,0f,1f], start_interpolation: 0, interpolation_duration: 1 }
$data merge entity $(bone_group20) { transformation: [-2.2125102004843322f,-2.3118621889100446f,-0.574887196473498f,1.1575546422651881f,-2.235609758214037f,1.6428441415402824f,-0.36005336737819466f,0.7159941121930508f,1.4332307892284113f,0.5089729586466182f,-1.4490915374711375f,0.27131849255552104f,0f,0f,0f,1f], start_interpolation: 0, interpolation_duration: 1 }
$data merge entity $(bone_bone11) { transformation: [-0.8391513784687689f,-0.059024220157898655f,-0.3593044977959362f,0.539342666752618f,0.04107897367735103f,1.4599220957760242f,-0.22503335461137164f,1.1676005508835017f,0.3227033962256683f,-0.33932818288449484f,-0.9056822109194609f,0.3490401047078773f,0f,0f,0f,1f], start_interpolation: 0, interpolation_duration: 1 }
$data merge entity $(bone_3) { transformation: [-0.8284028897939393f,-0.4297079590194493f,-0.3593044977959362f,0.5814961891070953f,-0.369959610343294f,0.9013822030786889f,-0.22503335461137164f,1.4085f,0.4205693033207354f,-0.05349012926090707f,-0.9056822109194609f,0.2724609685578906f,0f,0f,0f,1f], start_interpolation: 0, interpolation_duration: 1 }
$data merge entity $(bone_8) { transformation: [-0.8604332271172028f,0.10664167338793387f,-0.49827925420360136f,0.08477244764626234f,0.10693834157265347f,0.9938700226822753f,0.028045839535016104f,0.399481912966588f,0.4982156689370241f,-0.029153584866266624f,-0.8665628746461962f,0.5359078360097759f,0f,0f,0f,1f], start_interpolation: 0, interpolation_duration: 1 }
$data merge entity $(bone_7) { transformation: [-0.8604332271172028f,-0.003733529491965412f,-0.509549528927472f,0.08337237408677531f,0.10693834157265347f,0.9763815654224319f,-0.18773180285964267f,0.765625f,0.4982156689370241f,-0.21602106253968356f,-0.8397118837820862f,0.45489993755739455f,0f,0f,0f,1f], start_interpolation: 0, interpolation_duration: 1 }