# This file was generated by Animated Java via MC-Build. It is not recommended to edit this file directly.
$data merge entity $(bone_layer) { transformation: [-0.8346511137546756f,0.2349723102862442f,-0.49814207983950165f,0.2883874705101911f,-0.016402853113034896f,0.8934262782104674f,0.4489102714493675f,1.3697265625f,0.5505347080047104f,0.3828544094061574f,-0.7418450218748056f,0.4551453728798819f,0f,0f,0f,1f], start_interpolation: 0, interpolation_duration: 1 }
$data merge entity $(bone_head) { transformation: [-0.8346511137546756f,0.2349723102862442f,-0.49814207983950165f,0.2883874705101911f,-0.016402853113034896f,0.8934262782104674f,0.4489102714493675f,1.3697265625f,0.5505347080047104f,0.3828544094061574f,-0.7418450218748056f,0.4551453728798819f,0f,0f,0f,1f], start_interpolation: 0, interpolation_duration: 1 }
$data merge entity $(bone_6) { transformation: [-0.7039353575163877f,-0.08659308321907185f,-0.7049657086531871f,0.3595957905358374f,-0.10693826942756653f,0.994147439119103f,-0.015332182648485682f,0.3994818624605655f,0.70216751489236f,0.06459494741498155f,-0.709075647444152f,0.3250281136753342f,0f,0f,0f,1f], start_interpolation: 0, interpolation_duration: 1 }
$data merge entity $(bone_12) { transformation: [-0.7039353575163877f,-0.20769355033667536f,-0.6792189643898514f,0.2817107091595841f,-0.10693826942756653f,0.9763817001051587f,-0.18773114347810577f,0.765625f,0.70216751489236f,-0.05951608898698604f,-0.7095199899802547f,0.30270958030521444f,0f,0f,0f,1f], start_interpolation: 0, interpolation_duration: 1 }
$data merge entity $(bone_group3) { transformation: [1.202242794402297f,-0.1239898105271856f,0.26642857464621256f,-1.0097108210880232f,0.3130452257006478f,0.8176668332165474f,-0.3864269186075534f,1.6537488298964946f,-0.24710199193497207f,0.43261829348071545f,0.806722481587423f,0.9803526640361533f,0f,0f,0f,1f], start_interpolation: 0, interpolation_duration: 1 }
$data merge entity $(bone_group1) { transformation: [1.202242794402297f,-0.1239898105271856f,0.26642857464621256f,-1.0097108210880232f,0.3130452257006478f,0.8176668332165474f,-0.3864269186075534f,1.6537488298964946f,-0.24710199193497207f,0.43261829348071545f,0.806722481587423f,0.9803526640361533f,0f,0f,0f,1f], start_interpolation: 0, interpolation_duration: 1 }
$data merge entity $(bone_group4) { transformation: [1.1646727070772254f,-0.12011512894821107f,0.25810268168851846f,-1.0097108210880232f,0.3032625623975026f,0.7921147446785304f,-0.37435107740106743f,1.6537488298964946f,-0.2393800546870042f,0.4190989718094431f,0.7815124040378161f,0.9803526640361533f,0f,0f,0f,1f], start_interpolation: 0, interpolation_duration: 1 }
$data merge entity $(bone_group2) { transformation: [1.1646727070772254f,-0.12011512894821107f,0.25810268168851846f,-1.0097108210880232f,0.3032625623975026f,0.7921147446785304f,-0.37435107740106743f,1.6537488298964946f,-0.2393800546870042f,0.4190989718094431f,0.7815124040378161f,0.9803526640361533f,0f,0f,0f,1f], start_interpolation: 0, interpolation_duration: 1 }
$data merge entity $(bone_bone1) { transformation: [0.584738030374394f,-0.814406372041979f,0.7644515233291475f,0.25982191445891245f,-0.6201939154409082f,1.3735170922098f,0.6369795359226592f,0.4985450538986814f,-0.5229158087913863f,-2.5397230279274465f,0.09935260084919445f,1.4539028658904667f,0f,0f,0f,1f], start_interpolation: 0, interpolation_duration: 1 }
$data merge entity $(bone_2) { transformation: [0.7402029445553829f,-0.2705009270833346f,0.6155719692437244f,-0.0538128928944709f,-0.27194105062536433f,0.7168519948212767f,0.6420056717082252f,1.0455398404037703f,-0.6149371234982592f,-0.6426137766713478f,0.457055651070932f,0.8344838549191709f,0f,0f,0f,1f], start_interpolation: 0, interpolation_duration: 1 }
$data merge entity $(bone_bone2) { transformation: [1.4623561153437838f,-0.26226180550802247f,0.6694649612355206f,0.12732658817613388f,-0.03956906244443059f,1.9537253207672989f,0.21295049911304786f,0.9189010615647243f,-1.363799428513557f,-0.3378995654989634f,0.7116661791917798f,0.7019796735073107f,0f,0f,0f,1f], start_interpolation: 0, interpolation_duration: 1 }
$data merge entity $(bone_1) { transformation: [0.7402029445553829f,0.06258008109185513f,0.6694649612355206f,-0.03034536248502523f,-0.27194105062536433f,0.9384562589232792f,0.21295049911304786f,1.3974609375f,-0.6149371234982592f,-0.33968159140327286f,0.7116661791917798f,0.7071032581429436f,0f,0f,0f,1f], start_interpolation: 0, interpolation_duration: 1 }
$data merge entity $(bone_4) { transformation: [-0.8284033983248449f,-0.5514534463194012f,0.09821866516250227f,0.6976565659607475f,-0.3699591171909007f,0.40701227627093406f,-0.8351474472044336f,1.1335729132158918f,0.42056873546565227f,-0.7281758740216597f,-0.5411855829949778f,0.25980277396542517f,0f,0f,0f,1f], start_interpolation: 0, interpolation_duration: 1 }
$data merge entity $(bone_group5) { transformation: [-3.3136135932993795f,-1.1602097242326468f,-1.4372164287415183f,0.7304792667293003f,-1.4798364687636028f,2.4337327750917144f,-0.9001317552231911f,0.9142840011594731f,1.682274941862609f,-0.1444235965498314f,-3.622729876791022f,0.4428555024557727f,0f,0f,0f,1f], start_interpolation: 0, interpolation_duration: 1 }
$data merge entity $(bone_group7) { transformation: [-3.3136135932993795f,-1.1602097242326468f,-1.4372164287415183f,0.7304792667293003f,-1.4798364687636028f,2.4337327750917144f,-0.9001317552231911f,0.9142840011594731f,1.682274941862609f,-0.1444235965498314f,-3.622729876791022f,0.4428555024557727f,0f,0f,0f,1f], start_interpolation: 0, interpolation_duration: 1 }
$data merge entity $(bone_group6) { transformation: [-2.289568688006377f,-2.6615778915529f,-1.4372164287415183f,1.0940153466636262f,-2.498442362941794f,1.367756174870423f,-0.9001317552231911f,0.98560589686375f,1.5291046340779249f,0.7160629674132358f,-3.622729876791022f,0.2809115680082744f,0f,0f,0f,1f], start_interpolation: 0, interpolation_duration: 1 }
$data merge entity $(bone_group8) { transformation: [-2.289568688006377f,-2.6615778915529f,-1.4372164287415183f,1.0940153466636262f,-2.498442362941794f,1.367756174870423f,-0.9001317552231911f,0.98560589686375f,1.5291046340779249f,0.7160629674132358f,-3.622729876791022f,0.2809115680082744f,0f,0f,0f,1f], start_interpolation: 0, interpolation_duration: 1 }
$data merge entity $(bone_group9) { transformation: [-2.289568688006377f,-2.6615778915529f,-1.4372164287415183f,1.1484001774870316f,-2.498442362941794f,1.367756174870423f,-0.9001317552231911f,0.8715246730313257f,1.5291046340779249f,0.7160629674132358f,-3.622729876791022f,0.28768142409654773f,0f,0f,0f,1f], start_interpolation: 0, interpolation_duration: 1 }
$data merge entity $(bone_group10) { transformation: [-2.289568688006377f,-2.6615778915529f,-1.4372164287415183f,1.1484001774870316f,-2.498442362941794f,1.367756174870423f,-0.9001317552231911f,0.8715246730313257f,1.5291046340779249f,0.7160629674132358f,-3.622729876791022f,0.28768142409654773f,0f,0f,0f,1f], start_interpolation: 0, interpolation_duration: 1 }
$data merge entity $(bone_group11) { transformation: [-2.289568688006377f,-2.6615778915529f,-1.4372164287415183f,1.2027850083104368f,-2.498442362941794f,1.367756174870423f,-0.9001317552231911f,0.7574434491989017f,1.5291046340779249f,0.7160629674132358f,-3.622729876791022f,0.2944512801848211f,0f,0f,0f,1f], start_interpolation: 0, interpolation_duration: 1 }
$data merge entity $(bone_group12) { transformation: [-2.289568688006377f,-2.6615778915529f,-1.4372164287415183f,1.2027850083104368f,-2.498442362941794f,1.367756174870423f,-0.9001317552231911f,0.7574434491989017f,1.5291046340779249f,0.7160629674132358f,-3.622729876791022f,0.2944512801848211f,0f,0f,0f,1f], start_interpolation: 0, interpolation_duration: 1 }
$data merge entity $(bone_group13) { transformation: [-2.4953427142254134f,-2.0032922227627865f,-0.5748865714966074f,0.9251307500721588f,-2.0020481720494296f,1.9205963335688647f,-0.3600527020892765f,0.9702641439647361f,1.487401728153822f,0.31754361612332294f,-1.4490919507164088f,0.29996717471803525f,0f,0f,0f,1f], start_interpolation: 0, interpolation_duration: 1 }
$data merge entity $(bone_group14) { transformation: [-2.4953427142254134f,-2.0032922227627865f,-0.5748865714966074f,0.9251307500721588f,-2.0020481720494296f,1.9205963335688647f,-0.3600527020892765f,0.9702641439647361f,1.487401728153822f,0.31754361612332294f,-1.4490919507164088f,0.29996717471803525f,0f,0f,0f,1f], start_interpolation: 0, interpolation_duration: 1 }
$data merge entity $(bone_group15) { transformation: [-2.4055853214134904f,-2.1102308529209957f,-0.5748865714966074f,0.9873614778764712f,-2.0839179012535762f,1.831440236687924f,-0.3600527020892765f,0.9021762458158615f,1.472134993292785f,0.3821209371108896f,-1.4490919507164088f,0.2921965304635344f,0f,0f,0f,1f], start_interpolation: 0, interpolation_duration: 1 }
$data merge entity $(bone_group16) { transformation: [-2.4055853214134904f,-2.1102308529209957f,-0.5748865714966074f,0.9873614778764712f,-2.0839179012535762f,1.831440236687924f,-0.3600527020892765f,0.9021762458158615f,1.472134993292785f,0.3821209371108896f,-1.4490919507164088f,0.2921965304635344f,0f,0f,0f,1f], start_interpolation: 0, interpolation_duration: 1 }
$data merge entity $(bone_group17) { transformation: [-2.2125126056440925f,-2.311861362860175f,-0.5748865714966074f,1.1029886085893805f,-2.2356084986137734f,1.6428456411515047f,-0.3600527020892765f,0.8297780640381448f,1.4332290411002688f,0.5089718703449692f,-1.4490919507164088f,0.26431332832985255f,0f,0f,0f,1f], start_interpolation: 0, interpolation_duration: 1 }
$data merge entity $(bone_group18) { transformation: [-2.2125126056440925f,-2.311861362860175f,-0.5748865714966074f,1.1029886085893805f,-2.2356084986137734f,1.6428456411515047f,-0.3600527020892765f,0.8297780640381448f,1.4332290411002688f,0.5089718703449692f,-1.4490919507164088f,0.26431332832985255f,0f,0f,0f,1f], start_interpolation: 0, interpolation_duration: 1 }
$data merge entity $(bone_group19) { transformation: [-2.2125126056440925f,-2.311861362860175f,-0.5748865714966074f,1.157373439412786f,-2.2356084986137734f,1.6428456411515047f,-0.3600527020892765f,0.7156968402057208f,1.4332290411002688f,0.5089718703449692f,-1.4490919507164088f,0.2710831844181259f,0f,0f,0f,1f], start_interpolation: 0, interpolation_duration: 1 }
$data merge entity $(bone_group20) { transformation: [-2.2125126056440925f,-2.311861362860175f,-0.5748865714966074f,1.157373439412786f,-2.2356084986137734f,1.6428456411515047f,-0.3600527020892765f,0.7156968402057208f,1.4332290411002688f,0.5089718703449692f,-1.4490919507164088f,0.2710831844181259f,0f,0f,0f,1f], start_interpolation: 0, interpolation_duration: 1 }
$data merge entity $(bone_bone11) { transformation: [-0.8391515446084401f,-0.05902300904073865f,-0.3593041071853796f,0.5391617284528445f,0.04107949240109027f,1.4599221994401446f,-0.22503293880579778f,1.1673036907387349f,0.3227028981669332f,-0.33932794754577345f,-0.9056824691977555f,0.3488045078308274f,0f,0f,0f,1f], start_interpolation: 0, interpolation_duration: 1 }
$data merge entity $(bone_3) { transformation: [-0.8284033983248449f,-0.42970730527135065f,-0.3593041071853796f,0.5813154630578584f,-0.3699591171909007f,0.9013825092932275f,-0.22503293880579778f,1.408203125f,0.42056873546565227f,-0.053490220944381994f,-0.9056824691977555f,0.27222544178499164f,0f,0f,0f,1f], start_interpolation: 0, interpolation_duration: 1 }
$data merge entity $(bone_8) { transformation: [-0.8604336140620376f,0.10664197047924236f,-0.49827852243945336f,0.08477227948433437f,0.10693826942756653f,0.9938700114561985f,0.028046512437255117f,0.3994818624605655f,0.4982150161566567f,-0.02915288082437667f,-0.8665632736365314f,0.5359076106362864f,0f,0f,0f,1f], start_interpolation: 0, interpolation_duration: 1 }
$data merge entity $(bone_7) { transformation: [-0.8604336140620376f,-0.003733081060157503f,-0.5095488788113842f,0.08337237408677531f,0.10693826942756653f,0.9763817001051587f,-0.18773114347810577f,0.765625f,0.4982150161566567f,-0.2160204615437117f,-0.8397124256973123f,0.45489993755739455f,0f,0f,0f,1f], start_interpolation: 0, interpolation_duration: 1 }