# This file was generated by Animated Java via MC-Build. It is not recommended to edit this file directly.
$data merge entity $(bone_layer) { transformation: [-0.8368300155470334f,0.2309782992558025f,-0.4963512368801441f,0.2883874705101911f,-0.01726323315521296f,0.895055092034651f,0.4456213224295615f,1.370225f,0.547190557174172f,0.38147792530595975f,-0.7450215343489609f,0.4551453728798819f,0f,0f,0f,1f], start_interpolation: 0, interpolation_duration: 1 }
$data merge entity $(bone_head) { transformation: [-0.8368300155470334f,0.2309782992558025f,-0.4963512368801441f,0.2883874705101911f,-0.01726323315521296f,0.895055092034651f,0.4456213224295615f,1.370225f,0.547190557174172f,0.38147792530595975f,-0.7450215343489609f,0.4551453728798819f,0f,0f,0f,1f], start_interpolation: 0, interpolation_duration: 1 }
$data merge entity $(bone_6) { transformation: [-0.703934547974914f,-0.08659220174973847f,-0.7049666252834147f,0.35959552469583805f,-0.10693815931128471f,0.9941474667997836f,-0.015331155817078168f,0.39948178537273366f,0.702168343241468f,0.0645957030436687f,-0.7090747583279398f,0.3250277767219344f,0f,0f,0f,1f], start_interpolation: 0, interpolation_duration: 1 }
$data merge entity $(bone_12) { transformation: [-0.703934547974914f,-0.20769284143001043f,-0.6792200201599496f,0.2817107091595841f,-0.10693815931128471f,0.9763819056727102f,-0.18773013705327435f,0.765625f,0.702168343241468f,-0.059515190444586544f,-0.70951924558526f,0.30270958030521444f,0f,0f,0f,1f], start_interpolation: 0, interpolation_duration: 1 }
$data merge entity $(bone_group3) { transformation: [1.2022429356794626f,-0.12398938019111352f,0.26642842879003725f,-1.0097105617265472f,0.3130449010566853f,0.8176664186878473f,-0.3864279385245846f,1.653748902339838f,-0.24710171584932777f,0.4326192002918091f,0.806722041208261f,0.9803532475123784f,0f,0f,0f,1f], start_interpolation: 0, interpolation_duration: 1 }
$data merge entity $(bone_group1) { transformation: [1.2022429356794626f,-0.12398938019111352f,0.26642842879003725f,-1.0097105617265472f,0.3130449010566853f,0.8176664186878473f,-0.3864279385245846f,1.653748902339838f,-0.24710171584932777f,0.4326192002918091f,0.806722041208261f,0.9803532475123784f,0f,0f,0f,1f], start_interpolation: 0, interpolation_duration: 1 }
$data merge entity $(bone_group4) { transformation: [1.1646728439394796f,-0.12011471206014124f,0.2581025403903486f,-1.0097105617265472f,0.3032622478986639f,0.7921143431038522f,-0.3743520654456914f,1.653748902339838f,-0.2393797872290363f,0.41909985028269015f,0.7815119774205028f,0.9803532475123784f,0f,0f,0f,1f], start_interpolation: 0, interpolation_duration: 1 }
$data merge entity $(bone_group2) { transformation: [1.1646728439394796f,-0.12011471206014124f,0.2581025403903486f,-1.0097105617265472f,0.3032622478986639f,0.7921143431038522f,-0.3743520654456914f,1.653748902339838f,-0.2393797872290363f,0.41909985028269015f,0.7815119774205028f,0.9803532475123784f,0f,0f,0f,1f], start_interpolation: 0, interpolation_duration: 1 }
$data merge entity $(bone_bone1) { transformation: [0.5939744984384958f,-0.8142955408888822f,0.7573104037704838f,0.26561116169352333f,-0.6180672686415816f,1.3458400369476886f,0.6455531872273113f,0.5062005947227203f,-0.5149632478523805f,-2.5545327101129724f,0.09870174670007958f,1.4629130889152808f,0f,0f,0f,1f], start_interpolation: 0, interpolation_duration: 1 }
$data merge entity $(bone_2) { transformation: [0.7463676771302765f,-0.27425747808182055f,0.6063976634613254f,-0.05016383956073535f,-0.2689361921368757f,0.7091558044861721f,0.6517448653595113f,1.045243815478182f,-0.6087763259967265f,-0.649523579771951f,0.45553320869740926f,0.8376383055276475f,0f,0f,0f,1f], start_interpolation: 0, interpolation_duration: 1 }
$data merge entity $(bone_bone2) { transformation: [1.4680861237011478f,-0.2885145184405885f,0.6636042695095349f,0.1332629227204752f,-0.03554467595848032f,1.9455247722551579f,0.23112222770242297f,0.9195712366903268f,-1.3577406635315687f,-0.36289493409320484f,0.7114856915993363f,0.7073798093754096f,0f,0f,0f,1f], start_interpolation: 0, interpolation_duration: 1 }
$data merge entity $(bone_1) { transformation: [0.7463676771302765f,0.05064251202173706f,0.6636042695095349f,-0.031172897552583956f,-0.2689361921368757f,0.9350164920581812f,0.23112222770242297f,1.395875f,-0.6087763259967265f,-0.3509693655510997f,0.7114856915993363f,0.7060247934459851f,0f,0f,0f,1f], start_interpolation: 0, interpolation_duration: 1 }
$data merge entity $(bone_4) { transformation: [-0.828404174502242f,-0.5514523482161797f,0.09821828401127891f,0.6973804433398008f,-0.36995836448425207f,0.40701306286619426f,-0.8351473972924879f,1.133119669295579f,0.420567868738681f,-0.7281762659570419f,-0.541185729192357f,0.2594433149578754f,0f,0f,0f,1f], start_interpolation: 0, interpolation_duration: 1 }
$data merge entity $(bone_group5) { transformation: [-3.313616698008968f,-1.1602070301026588f,-1.4372140439551706f,0.7302027449585853f,-1.4798334579370083f,2.4337340370147946f,-0.9001292166243582f,0.9138306708508779f,1.682271474954724f,-0.14442397438112878f,-3.6227314536461637f,0.44249601152898865f,0f,0f,0f,1f], start_interpolation: 0, interpolation_duration: 1 }
$data merge entity $(bone_group7) { transformation: [-3.313616698008968f,-1.1602070301026588f,-1.4372140439551706f,0.7302027449585853f,-1.4798334579370083f,2.4337340370147946f,-0.9001292166243582f,0.9138306708508779f,1.682271474954724f,-0.14442397438112878f,-3.6227314536461637f,0.44249601152898865f,0f,0f,0f,1f], start_interpolation: 0, interpolation_duration: 1 }
$data merge entity $(bone_group6) { transformation: [-2.2895727238287455f,-2.6615771107226833f,-1.4372140439551706f,1.0937390489045662f,-2.498440386451017f,1.3677587731411658f,-0.9001292166243582f,0.9851522298317721f,1.5291018205632727f,0.7160609067477914f,-3.6227314536461637f,0.2805524316530509f,0f,0f,0f,1f], start_interpolation: 0, interpolation_duration: 1 }
$data merge entity $(bone_group8) { transformation: [-2.2895727238287455f,-2.6615771107226833f,-1.4372140439551706f,1.0937390489045662f,-2.498440386451017f,1.3677587731411658f,-0.9001292166243582f,0.9851522298317721f,1.5291018205632727f,0.7160609067477914f,-3.6227314536461637f,0.2805524316530509f,0f,0f,0f,1f], start_interpolation: 0, interpolation_duration: 1 }
$data merge entity $(bone_group9) { transformation: [-2.2895727238287455f,-2.6615771107226833f,-1.4372140439551706f,1.1481237534406283f,-2.498440386451017f,1.3677587731411658f,-0.9001292166243582f,0.8710709468467037f,1.5291018205632727f,0.7160609067477914f,-3.6227314536461637f,0.2873223054521663f,0f,0f,0f,1f], start_interpolation: 0, interpolation_duration: 1 }
$data merge entity $(bone_group10) { transformation: [-2.2895727238287455f,-2.6615771107226833f,-1.4372140439551706f,1.1481237534406283f,-2.498440386451017f,1.3677587731411658f,-0.9001292166243582f,0.8710709468467037f,1.5291018205632727f,0.7160609067477914f,-3.6227314536461637f,0.2873223054521663f,0f,0f,0f,1f], start_interpolation: 0, interpolation_duration: 1 }
$data merge entity $(bone_group11) { transformation: [-2.2895727238287455f,-2.6615771107226833f,-1.4372140439551706f,1.2025084579766905f,-2.498440386451017f,1.3677587731411658f,-0.9001292166243582f,0.7569896638616351f,1.5291018205632727f,0.7160609067477914f,-3.6227314536461637f,0.29409217925128167f,0f,0f,0f,1f], start_interpolation: 0, interpolation_duration: 1 }
$data merge entity $(bone_group12) { transformation: [-2.2895727238287455f,-2.6615771107226833f,-1.4372140439551706f,1.2025084579766905f,-2.498440386451017f,1.3677587731411658f,-0.9001292166243582f,0.7569896638616351f,1.5291018205632727f,0.7160609067477914f,-3.6227314536461637f,0.29409217925128167f,0f,0f,0f,1f], start_interpolation: 0, interpolation_duration: 1 }
$data merge entity $(bone_group13) { transformation: [-2.495346189278671f,-2.0032904935691107f,-0.5748856175820682f,0.9248544186405413f,-2.0020459671882955f,1.9205983519220133f,-0.3600516866497433f,0.9698106492720828f,1.4873988659659494f,0.3175423175118335f,-1.4490925814584656f,0.29960787868187394f,0f,0f,0f,1f], start_interpolation: 0, interpolation_duration: 1 }
$data merge entity $(bone_group14) { transformation: [-2.495346189278671f,-2.0032904935691107f,-0.5748856175820682f,0.9248544186405413f,-2.0020459671882955f,1.9205983519220133f,-0.3600516866497433f,0.9698106492720828f,1.4873988659659494f,0.3175423175118335f,-1.4490925814584656f,0.29960787868187394f,0f,0f,0f,1f], start_interpolation: 0, interpolation_duration: 1 }
$data merge entity $(bone_group15) { transformation: [-2.405588868585636f,-2.1102292769528233f,-0.5748856175820682f,0.9870850819354544f,-2.083915786530309f,1.8314423492947394f,-0.3600516866497433f,0.9017226878316655f,1.4721321904737188f,0.38211951488850915f,-1.4490925814584656f,0.29183727238124696f,0f,0f,0f,1f], start_interpolation: 0, interpolation_duration: 1 }
$data merge entity $(bone_group16) { transformation: [-2.405588868585636f,-2.1102292769528233f,-0.5748856175820682f,0.9870850819354544f,-2.083915786530309f,1.8314423492947394f,-0.3600516866497433f,0.9017226878316655f,1.4721321904737188f,0.38211951488850915f,-1.4490925814584656f,0.29183727238124696f,0f,0f,0f,1f], start_interpolation: 0, interpolation_duration: 1 }
$data merge entity $(bone_group17) { transformation: [-2.212516276672854f,-2.3118601020454603f,-0.5748856175820682f,1.102712162101736f,-2.235606576063483f,1.6428479300294905f,-0.3600516866497433f,0.8293243922637412f,1.4332263729016232f,0.5089702092527967f,-1.4490925814584656f,0.263954156093301f,0f,0f,0f,1f], start_interpolation: 0, interpolation_duration: 1 }
$data merge entity $(bone_group18) { transformation: [-2.212516276672854f,-2.3118601020454603f,-0.5748856175820682f,1.102712162101736f,-2.235606576063483f,1.6428479300294905f,-0.3600516866497433f,0.8293243922637412f,1.4332263729016232f,0.5089702092527967f,-1.4490925814584656f,0.263954156093301f,0f,0f,0f,1f], start_interpolation: 0, interpolation_duration: 1 }
$data merge entity $(bone_group19) { transformation: [-2.212516276672854f,-2.3118601020454603f,-0.5748856175820682f,1.157096866637798f,-2.235606576063483f,1.6428479300294905f,-0.3600516866497433f,0.7152431092786729f,1.4332263729016232f,0.5089702092527967f,-1.4490925814584656f,0.2707240298924164f,0f,0f,0f,1f], start_interpolation: 0, interpolation_duration: 1 }
$data merge entity $(bone_group20) { transformation: [-2.212516276672854f,-2.3118601020454603f,-0.5748856175820682f,1.157096866637798f,-2.235606576063483f,1.6428479300294905f,-0.3600516866497433f,0.7152431092786729f,1.4332263729016232f,0.5089702092527967f,-1.4490925814584656f,0.2707240298924164f,0f,0f,0f,1f], start_interpolation: 0, interpolation_duration: 1 }
$data merge entity $(bone_bone11) { transformation: [-0.8391517981889864f,-0.059021160494521f,-0.35930351098879265f,0.5388855594692162f,0.04108028413717707f,1.4599223576625115f,-0.22503230415608955f,1.166850588412806f,0.32270213797153485f,-0.3393275883434973f,-0.9056828634115409f,0.34844491259722693f,0f,0f,0f,1f], start_interpolation: 0, interpolation_duration: 1 }
$data merge entity $(bone_3) { transformation: [-0.828404174502242f,-0.42970630744542915f,-0.35930351098879265f,0.5810396180353388f,-0.36995836448425207f,0.9013829766721461f,-0.22503230415608955f,1.40775f,0.420567868738681f,-0.05349036088189954f,-0.9056828634115409f,0.2718659535526722f,0f,0f,0f,1f], start_interpolation: 0, interpolation_duration: 1 }
$data merge entity $(bone_8) { transformation: [-0.8604342046610831f,0.10664242393237104f,-0.4982774055353883f,0.08477202281679802f,0.10693815931128471f,0.9938699943207763f,0.02804753949876096f,0.39948178537273366f,0.49821401980711433f,-0.029151806233040256f,-0.8665638826197337f,0.5359072666446083f,0f,0f,0f,1f], start_interpolation: 0, interpolation_duration: 1 }
$data merge entity $(bone_7) { transformation: [-0.8604342046610831f,-0.003732396613393904f,-0.5095478865276253f,0.08337237408677531f,0.10693815931128471f,0.9763819056727102f,-0.18773013705327435f,0.765625f,0.49821401980711433f,-0.21601954423256986f,-0.8397132528293151f,0.45489993755739455f,0f,0f,0f,1f], start_interpolation: 0, interpolation_duration: 1 }