# This file was generated by Animated Java via MC-Build. It is not recommended to edit this file directly.
$data merge entity $(bone_layer) { transformation: [-0.8394505727603127f,0.22354545825660693f,-0.4953283395740918f,0.2883874705101911f,-0.01899322679057795f,0.8988493160990333f,0.4378460508950398f,1.3707921875f,0.5431040353638195f,0.3769580016940133f,-0.7502937236378775f,0.4551453728798819f,0f,0f,0f,1f], start_interpolation: 0, interpolation_duration: 1 }
$data merge entity $(bone_head) { transformation: [-0.8394505727603127f,0.22354545825660693f,-0.4953283395740918f,0.2883874705101911f,-0.01899322679057795f,0.8988493160990333f,0.4378460508950398f,1.3707921875f,0.5431040353638195f,0.3769580016940133f,-0.7502937236378775f,0.4551453728798819f,0f,0f,0f,1f], start_interpolation: 0, interpolation_duration: 1 }
$data merge entity $(bone_6) { transformation: [-0.7039336267713837f,-0.08659119869600966f,-0.704967668342935f,0.3595952221871991f,-0.10693803400640856f,0.9941474982972036f,-0.01532998735341165f,0.39948169765255004f,0.7021692858444681f,0.06459656289462881f,-0.7090737465728582f,0.3250273932929401f,0f,0f,0f,1f], start_interpolation: 0, interpolation_duration: 1 }
$data merge entity $(bone_12) { transformation: [-0.7039336267713837f,-0.2076920347403065f,-0.6792212215515042f,0.2817107091595841f,-0.10693803400640856f,0.9763821395932f,-0.18772899181066605f,0.765625f,0.7021692858444681f,-0.05951416796726844f,-0.7095183985125639f,0.30270958030521444f,0f,0f,0f,1f], start_interpolation: 0, interpolation_duration: 1 }
$data merge entity $(bone_group3) { transformation: [1.2022430964429474f,-0.12398889049897718f,0.2664282628149377f,-1.0097102665913282f,0.31304453163422896f,0.8176659469812073f,-0.3864290991191553f,1.653748984773982f,-0.24710140168284045f,0.43262023217975953f,0.8067215400858486f,0.9803539114677653f,0f,0f,0f,1f], start_interpolation: 0, interpolation_duration: 1 }
$data merge entity $(bone_group1) { transformation: [1.2022430964429474f,-0.12398889049897718f,0.2664282628149377f,-1.0097102665913282f,0.31304453163422896f,0.8176659469812073f,-0.3864290991191553f,1.653748984773982f,-0.24710140168284045f,0.43262023217975953f,0.8067215400858486f,0.9803539114677653f,0f,0f,0f,1f], start_interpolation: 0, interpolation_duration: 1 }
$data merge entity $(bone_group4) { transformation: [1.1646729996791054f,-0.12011423767088417f,0.2581023796019709f,-1.0097102665913282f,0.30326189002065934f,0.7921138861380447f,-0.37435318977168175f,1.653748984773982f,-0.2393794828802517f,0.4191008499241421f,0.7815114919581659f,0.9803539114677653f,0f,0f,0f,1f], start_interpolation: 0, interpolation_duration: 1 }
$data merge entity $(bone_group2) { transformation: [1.1646729996791054f,-0.12011423767088417f,0.2581023796019709f,-1.0097102665913282f,0.30326189002065934f,0.7921138861380447f,-0.37435318977168175f,1.653748984773982f,-0.2393794828802517f,0.4191008499241421f,0.7815114919581659f,0.9803539114677653f,0f,0f,0f,1f], start_interpolation: 0, interpolation_duration: 1 }
$data merge entity $(bone_bone1) { transformation: [0.6043678102552976f,-0.8134731455865085f,0.7491415376396975f,0.27187478537015447f,-0.6155432452379723f,1.3141628633759135f,0.6551449871509163f,0.5151481281309598f,-0.5058122805637693f,-2.571232663516316f,0.0978366107030238f,1.4731820020447752f,0f,0f,0f,1f], start_interpolation: 0, interpolation_duration: 1 }
$data merge entity $(bone_2) { transformation: [0.7533057097517639f,-0.2782894290169761f,0.5958905112122492f,-0.04611477892123077f,-0.265487247443968f,0.7002822009074273f,0.6626623276879975f,1.045062262963959f,-0.601703439494919f,-0.6573886466844822f,0.4536442858786264f,0.841261400461025f,0f,0f,0f,1f], start_interpolation: 0, interpolation_duration: 1 }
$data merge entity $(bone_bone2) { transformation: [1.4746003165988408f,-0.31781621871793886f,0.656609997907134f,0.1398782812611854f,-0.031122350438322954f,1.9353777177654166f,0.2516666887374655f,0.9205224428469603f,-1.3507721146032698f,-0.3915430253458213f,0.7110043519053258f,0.7135795114978458f,0f,0f,0f,1f], start_interpolation: 0, interpolation_duration: 1 }
$data merge entity $(bone_1) { transformation: [0.7533057097517639f,0.03733387608839719f,0.656609997907134f,-0.03211457538808182f,-0.265487247443968f,0.9306881320961092f,0.2516666887374655f,1.3940703125f,-0.601703439494919f,-0.36390353456880753f,0.7110043519053258f,0.7047975749977222f,0f,0f,0f,1f], start_interpolation: 0, interpolation_duration: 1 }
$data merge entity $(bone_4) { transformation: [-0.8284050577366007f,-0.551451098648843f,0.0982178502890545f,0.6970662348402269f,-0.36995750795546134f,0.40701395795523165f,-0.8351473404956766f,1.1326039089729316f,0.4205668824619978f,-0.7281767119515707f,-0.5411858955549332f,0.25903427539739876f,0f,0f,0f,1f], start_interpolation: 0, interpolation_duration: 1 }
$data merge entity $(bone_group5) { transformation: [-3.3136202309464027f,-1.160203964369025f,-1.4372113302237994f,0.7298880822541159f,-1.4798300318218454f,2.4337354729915996f,-0.900126327879279f,0.9133148122249436f,1.6822675298479912f,-0.14442440432542977f,-3.622733247995897f,0.4420869356462505f,0f,0f,0f,1f], start_interpolation: 0, interpolation_duration: 1 }
$data merge entity $(bone_group7) { transformation: [-3.3136202309464027f,-1.160203964369025f,-1.4372113302237994f,0.7298880822541159f,-1.4798300318218454f,2.4337354729915996f,-0.900126327879279f,0.9133148122249436f,1.6822675298479912f,-0.14442440432542977f,-3.622733247995897f,0.4420869356462505f,0f,0f,0f,1f], start_interpolation: 0, interpolation_duration: 1 }
$data merge entity $(bone_group6) { transformation: [-2.289577316309131f,-2.6615762221881925f,-1.4372113302237994f,1.0934246411091388f,-2.498438137336652f,1.3677617297911393f,-0.900126327879279f,0.9846359880377819f,1.5290986189727718f,0.7160585618517381f,-3.622733247995897f,0.2801437592487049f,0f,0f,0f,1f], start_interpolation: 0, interpolation_duration: 1 }
$data merge entity $(bone_group8) { transformation: [-2.289577316309131f,-2.6615762221881925f,-1.4372113302237994f,1.0934246411091388f,-2.498438137336652f,1.3677617297911393f,-0.900126327879279f,0.9846359880377819f,1.5290986189727718f,0.7160585618517381f,-3.622733247995897f,0.2801437592487049f,0f,0f,0f,1f], start_interpolation: 0, interpolation_duration: 1 }
$data merge entity $(bone_group9) { transformation: [-2.289577316309131f,-2.6615762221881925f,-1.4372113302237994f,1.147809201938937f,-2.498438137336652f,1.3677617297911393f,-0.900126327879279f,0.8705546377413006f,1.5290986189727718f,0.7160585618517381f,-3.622733247995897f,0.2869136532014594f,0f,0f,0f,1f], start_interpolation: 0, interpolation_duration: 1 }
$data merge entity $(bone_group10) { transformation: [-2.289577316309131f,-2.6615762221881925f,-1.4372113302237994f,1.147809201938937f,-2.498438137336652f,1.3677617297911393f,-0.900126327879279f,0.8705546377413006f,1.5290986189727718f,0.7160585618517381f,-3.622733247995897f,0.2869136532014594f,0f,0f,0f,1f], start_interpolation: 0, interpolation_duration: 1 }
$data merge entity $(bone_group11) { transformation: [-2.289577316309131f,-2.6615762221881925f,-1.4372113302237994f,1.202193762768735f,-2.498438137336652f,1.3677617297911393f,-0.900126327879279f,0.7564732874448193f,1.5290986189727718f,0.7160585618517381f,-3.622733247995897f,0.2936835471542139f,0f,0f,0f,1f], start_interpolation: 0, interpolation_duration: 1 }
$data merge entity $(bone_group12) { transformation: [-2.289577316309131f,-2.6615762221881925f,-1.4372113302237994f,1.202193762768735f,-2.498438137336652f,1.3677617297911393f,-0.900126327879279f,0.7564732874448193f,1.5290986189727718f,0.7160585618517381f,-3.622733247995897f,0.2936835471542139f,0f,0f,0f,1f], start_interpolation: 0, interpolation_duration: 1 }
$data merge entity $(bone_group13) { transformation: [-2.4953501436426397f,-2.0032885258642756f,-0.5748845320895198f,0.9245399725284659f,-2.002043458205153f,1.9206006486648628f,-0.36005053115171165f,0.9692946035882788f,1.4873956089890468f,0.3175408397818389f,-1.449093299198359f,0.29919902457152125f,0f,0f,0f,1f], start_interpolation: 0, interpolation_duration: 1 }
$data merge entity $(bone_group14) { transformation: [-2.4953501436426397f,-2.0032885258642756f,-0.5748845320895198f,0.9245399725284659f,-2.002043458205153f,1.9206006486648628f,-0.36005053115171165f,0.9692946035882788f,1.4873956089890468f,0.3175408397818389f,-1.449093299198359f,0.29919902457152125f,0f,0f,0f,1f], start_interpolation: 0, interpolation_duration: 1 }
$data merge entity $(bone_group15) { transformation: [-2.405592905016006f,-2.1102274836077415f,-0.5748845320895198f,0.986770562416089f,-2.0839133801176786f,1.8314447532919058f,-0.36005053115171165f,0.9012065701265857f,1.4721290010544135f,0.3821178964976488f,-1.449093299198359f,0.29142846145976586f,0f,0f,0f,1f], start_interpolation: 0, interpolation_duration: 1 }
$data merge entity $(bone_group16) { transformation: [-2.405592905016006f,-2.1102274836077415f,-0.5748845320895198f,0.986770562416089f,-2.0839133801176786f,1.8314447532919058f,-0.36005053115171165f,0.9012065701265857f,1.4721290010544135f,0.3821178964976488f,-1.449093299198359f,0.29142846145976586f,0f,0f,0f,1f], start_interpolation: 0, interpolation_duration: 1 }
$data merge entity $(bone_group17) { transformation: [-2.2125204540437107f,-2.3118586673226846f,-0.5748845320895198f,1.1023975850636536f,-2.2356043883301373f,1.642850534611402f,-0.36005053115171165f,0.8288081450734042f,1.433223336671079f,0.5089683190441938f,-1.449093299198359f,0.26354544285837117f,0f,0f,0f,1f], start_interpolation: 0, interpolation_duration: 1 }
$data merge entity $(bone_group18) { transformation: [-2.2125204540437107f,-2.3118586673226846f,-0.5748845320895198f,1.1023975850636536f,-2.2356043883301373f,1.642850534611402f,-0.36005053115171165f,0.8288081450734042f,1.433223336671079f,0.5089683190441938f,-1.449093299198359f,0.26354544285837117f,0f,0f,0f,1f], start_interpolation: 0, interpolation_duration: 1 }
$data merge entity $(bone_group19) { transformation: [-2.2125204540437107f,-2.3118586673226846f,-0.5748845320895198f,1.1567821458934517f,-2.2356043883301373f,1.642850534611402f,-0.36005053115171165f,0.7147267947769229f,1.433223336671079f,0.5089683190441938f,-1.449093299198359f,0.2703153368111257f,0f,0f,0f,1f], start_interpolation: 0, interpolation_duration: 1 }
$data merge entity $(bone_group20) { transformation: [-2.2125204540437107f,-2.3118586673226846f,-0.5748845320895198f,1.1567821458934517f,-2.2356043883301373f,1.642850534611402f,-0.36005053115171165f,0.7147267947769229f,1.433223336671079f,0.5089683190441938f,-1.449093299198359f,0.2703153368111257f,0f,0f,0f,1f], start_interpolation: 0, interpolation_duration: 1 }
$data merge entity $(bone_bone11) { transformation: [-0.8391520867446061f,-0.059019056977919426f,-0.35930283255594986f,0.5385712982123321f,0.04108118507802572f,1.459922537705982f,-0.22503158196981976f,1.1663349892147672f,0.3227012729208828f,-0.33932717959450664f,-0.9056833119989742f,0.34803571802075417f,0f,0f,0f,1f], start_interpolation: 0, interpolation_duration: 1 }
$data merge entity $(bone_3) { transformation: [-0.8284050577366007f,-0.4297051719885277f,-0.35930283255594986f,0.5807257254235062f,-0.36995750795546134f,0.9013835085154072f,-0.22503158196981976f,1.407234375f,0.4205668824619978f,-0.053490520120529544f,-0.9056833119989742f,0.27145688073658447f,0f,0f,0f,1f], start_interpolation: 0, interpolation_duration: 1 }
$data merge entity $(bone_8) { transformation: [-0.8604348767206468f,0.10664293992778028f,-0.4982761345742793f,0.08477173074782696f,0.10693803400640856f,0.9938699748205484f,0.02804870822420713f,0.39948169765255004f,0.498212886029225f,-0.02915058342061702f,-0.8665645755976112f,0.535906875204975f,0f,0f,0f,1f], start_interpolation: 0, interpolation_duration: 1 }
$data merge entity $(bone_7) { transformation: [-0.8604348767206468f,-0.0037316177628044095f,-0.5095467573752165f,0.08337237408677531f,0.10693803400640856f,0.9763821395932f,-0.18772899181066605f,0.765625f,0.498212886029225f,-0.21601850039354786f,-0.8397141940458988f,0.45489993755739455f,0f,0f,0f,1f], start_interpolation: 0, interpolation_duration: 1 }