# This file was generated by Animated Java via MC-Build. It is not recommended to edit this file directly.
$data merge entity $(bone_layer) { transformation: [-0.8420741077231496f,0.21318789804946053f,-0.4954413358083016f,0.2883874705101911f,-0.02149721732796424f,0.9045737665051828f,0.425774788588734f,1.3713250000000001f,0.5389332674361601f,0.36918453526099887f,-0.7571352007235594f,0.4551453728798819f,0f,0f,0f,1f], start_interpolation: 0, interpolation_duration: 1 }
$data merge entity $(bone_head) { transformation: [-0.8420741077231496f,0.21318789804946053f,-0.4954413358083016f,0.2883874705101911f,-0.02149721732796424f,0.9045737665051828f,0.425774788588734f,1.3713250000000001f,0.5389332674361601f,0.36918453526099887f,-0.7571352007235594f,0.4551453728798819f,0f,0f,0f,1f], start_interpolation: 0, interpolation_duration: 1 }
$data merge entity $(bone_6) { transformation: [-0.7039327613972429f,-0.08659025643107049f,-0.7049686481843387f,0.3595949380113953f,-0.10693791629562989f,0.9941475278844426f,-0.015328889705394477f,0.3994816152491799f,0.7021701713188914f,0.06459737063110807f,-0.7090727961341813f,0.32502703310278086f,0f,0f,0f,1f], start_interpolation: 0, interpolation_duration: 1 }
$data merge entity $(bone_12) { transformation: [-0.7039327613972429f,-0.2076912769381632f,-0.6792223501295048f,0.2817107091595841f,-0.10693791629562989f,0.9763823593355203f,-0.18772791597615876f,0.765625f,0.7021701713188914f,-0.05951320746017705f,-0.7095176027751537f,0.30270958030521444f,0f,0f,0f,1f], start_interpolation: 0, interpolation_duration: 1 }
$data merge entity $(bone_group3) { transformation: [1.2022432474630098f,-0.12398843048576827f,0.2664281068981292f,-1.0097099893433399f,0.3130441846009966f,0.8176655038613285f,-0.38643018937400986f,1.6537490622107738f,-0.24710110655668344f,0.432621201528527f,0.8067210693332343f,0.9803545351831233f,0f,0f,0f,1f], start_interpolation: 0, interpolation_duration: 1 }
$data merge entity $(bone_group1) { transformation: [1.2022432474630098f,-0.12398843048576827f,0.2664281068981292f,-1.0097099893433399f,0.3130441846009966f,0.8176655038613285f,-0.38643018937400986f,1.6537490622107738f,-0.24710110655668344f,0.432621201528527f,0.8067210693332343f,0.9803545351831233f,0f,0f,0f,1f], start_interpolation: 0, interpolation_duration: 1 }
$data merge entity $(bone_group4) { transformation: [1.164673145979791f,-0.12011379203308803f,0.25810222855756265f,-1.0097099893433399f,0.3032615538322155f,0.792113456865662f,-0.3743542459560721f,1.6537490622107738f,-0.2393791969767871f,0.4191017889807606f,0.7815110359165708f,0.9803545351831233f,0f,0f,0f,1f], start_interpolation: 0, interpolation_duration: 1 }
$data merge entity $(bone_group2) { transformation: [1.164673145979791f,-0.12011379203308803f,0.25810222855756265f,-1.0097099893433399f,0.3032615538322155f,0.792113456865662f,-0.3743542459560721f,1.6537490622107738f,-0.2393791969767871f,0.4191017889807606f,0.7815110359165708f,0.9803545351831233f,0f,0f,0f,1f], start_interpolation: 0, interpolation_duration: 1 }
$data merge entity $(bone_bone1) { transformation: [0.6140152968604056f,-0.812027230686694f,0.7414309523269582f,0.2774413172151399f,-0.6130727328737557f,1.2842380942781368f,0.6639953928107565f,0.523777536826833f,-0.4971187377560133f,-2.586763285232754f,0.09690336040421055f,1.4828384950624542f,0f,0f,0f,1f], start_interpolation: 0, interpolation_duration: 1 }
$data merge entity $(bone_2) { transformation: [0.7597478639647046f,-0.28184071442426767f,0.5859598918815911f,-0.04241429439129317f,-0.26221950946631534f,0.6918373346162283f,0.6727570373369257f,1.0450405749489171f,-0.5949992538283665f,-0.6647758375000785f,0.4517178033017466f,0.8446949118371672f,0f,0f,0f,1f], start_interpolation: 0, interpolation_duration: 1 }
$data merge entity $(bone_bone2) { transformation: [1.4807164888904407f,-0.34477149802757456f,0.649732886207052f,0.14595348617460246f,-0.027119783511639795f,1.9250643608472102f,0.27082823151316904f,0.9215966267404909f,-1.3441514783945465f,-0.41864044327291544f,0.7102811032235774f,0.7194534614487516f,0f,0f,0f,1f], start_interpolation: 0, interpolation_duration: 1 }
$data merge entity $(bone_1) { transformation: [0.7597478639647046f,0.02510696680448813f,0.649732886207052f,-0.03299918183961012f,-0.26221950946631534f,0.9262251334695545f,0.27082823151316904f,1.392375f,-0.5949992538283665f,-0.37613380909881533f,0.7102811032235774f,0.7036447334251115f,0f,0f,0f,1f], start_interpolation: 0, interpolation_duration: 1 }
$data merge entity $(bone_4) { transformation: [-0.8284058874396752f,-0.5514499248113065f,0.09821744285455897f,0.6967710692801414f,-0.3699567033369872f,0.4070147987943922f,-0.8351472871406509f,1.1321194068521103f,0.42056595595853047f,-0.7281771309152497f,-0.5411860518349697f,0.25865002611315796f,0f,0f,0f,1f], start_interpolation: 0, interpolation_duration: 1 }
$data merge entity $(bone_group5) { transformation: [-3.313623549758701f,-1.160201084437905f,-1.4372087809522933f,0.7295924900167168f,-1.4798268133479489f,2.433736821935017f,-0.900123614214815f,0.912830217759212f,1.6822638238341219f,-0.14442480821089207f,-3.622734933594574f,0.4417026522407348f,0f,0f,0f,1f], start_interpolation: 0, interpolation_duration: 1 }
$data merge entity $(bone_group7) { transformation: [-3.313623549758701f,-1.160201084437905f,-1.4372087809522933f,0.7295924900167168f,-1.4798268133479489f,2.433736821935017f,-0.900123614214815f,0.912830217759212f,1.6822638238341219f,-0.14442480821089207f,-3.622734933594574f,0.4417026522407348f,0f,0f,0f,1f], start_interpolation: 0, interpolation_duration: 1 }
$data merge entity $(bone_group6) { transformation: [-2.289581630450452f,-2.6615753875008306f,-1.4372087809522933f,1.0931292883310004f,-2.498436024528205f,1.3677645072473557f,-0.900123614214815f,0.9841510336262338f,1.5290956114133452f,0.7160563590697329f,-3.622734933594574f,0.2797598548687424f,0f,0f,0f,1f], start_interpolation: 0, interpolation_duration: 1 }
$data merge entity $(bone_group8) { transformation: [-2.289581630450452f,-2.6615753875008306f,-1.4372087809522933f,1.0931292883310004f,-2.498436024528205f,1.3677645072473557f,-0.900123614214815f,0.9841510336262338f,1.5290956114133452f,0.7160563590697329f,-3.622734933594574f,0.2797598548687424f,0f,0f,0f,1f], start_interpolation: 0, interpolation_duration: 1 }
$data merge entity $(bone_group9) { transformation: [-2.289581630450452f,-2.6615753875008306f,-1.4372087809522933f,1.1475137141640273f,-2.498436024528205f,1.3677645072473557f,-0.900123614214815f,0.87006962009803f,1.5290956114133452f,0.7160563590697329f,-3.622734933594574f,0.286529767753628f,0f,0f,0f,1f], start_interpolation: 0, interpolation_duration: 1 }
$data merge entity $(bone_group10) { transformation: [-2.289581630450452f,-2.6615753875008306f,-1.4372087809522933f,1.1475137141640273f,-2.498436024528205f,1.3677645072473557f,-0.900123614214815f,0.87006962009803f,1.5290956114133452f,0.7160563590697329f,-3.622734933594574f,0.286529767753628f,0f,0f,0f,1f], start_interpolation: 0, interpolation_duration: 1 }
$data merge entity $(bone_group11) { transformation: [-2.289581630450452f,-2.6615753875008306f,-1.4372087809522933f,1.201898139997054f,-2.498436024528205f,1.3677645072473557f,-0.900123614214815f,0.755988206569826f,1.5290956114133452f,0.7160563590697329f,-3.622734933594574f,0.2932996806385135f,0f,0f,0f,1f], start_interpolation: 0, interpolation_duration: 1 }
$data merge entity $(bone_group12) { transformation: [-2.289581630450452f,-2.6615753875008306f,-1.4372087809522933f,1.201898139997054f,-2.498436024528205f,1.3677645072473557f,-0.900123614214815f,0.755988206569826f,1.5290956114133452f,0.7160563590697329f,-3.622734933594574f,0.2932996806385135f,0f,0f,0f,1f], start_interpolation: 0, interpolation_duration: 1 }
$data merge entity $(bone_group13) { transformation: [-2.4953538583414208f,-2.0032866774126448f,-0.5748835123809174f,0.9242445837562887f,-2.0020411012784622f,1.9206028062074552f,-0.360049445685926f,0.9688098334013747f,1.4873925494003257f,0.31753945161155017f,-1.4490939734378296f,0.29881494949792864f,0f,0f,0f,1f], start_interpolation: 0, interpolation_duration: 1 }
$data merge entity $(bone_group14) { transformation: [-2.4953538583414208f,-2.0032866774126448f,-0.5748835123809174f,0.9242445837562887f,-2.0020411012784622f,1.9206028062074552f,-0.360049445685926f,0.9688098334013747f,1.4873925494003257f,0.31753945161155017f,-1.4490939734378296f,0.29881494949792864f,0f,0f,0f,1f], start_interpolation: 0, interpolation_duration: 1 }
$data merge entity $(bone_group15) { transformation: [-2.4055966968075446f,-2.1102257989483117f,-0.5748835123809174f,0.9864751046855063f,-2.083911119544946f,1.831447011588694f,-0.360049445685926f,0.9007217322834618f,1.4721260049288802f,0.382116376191205f,-1.4490939734378296f,0.29104442695751864f,0f,0f,0f,1f], start_interpolation: 0, interpolation_duration: 1 }
$data merge entity $(bone_group16) { transformation: [-2.4055966968075446f,-2.1102257989483117f,-0.5748835123809174f,0.9864751046855063f,-2.083911119544946f,1.831447011588694f,-0.360049445685926f,0.9007217322834618f,1.4721260049288802f,0.382116376191205f,-1.4490939734378296f,0.29104442695751864f,0f,0f,0f,1f], start_interpolation: 0, interpolation_duration: 1 }
$data merge entity $(bone_group17) { transformation: [-2.2125243782340815f,-2.3118573195503007f,-0.5748835123809174f,1.1021020733002014f,-2.2356023331831008f,1.642852981336585f,-0.360049445685926f,0.8283231855927613f,1.433220484450145f,0.5089665433934287f,-1.4490939734378296f,0.26316150012230166f,0f,0f,0f,1f], start_interpolation: 0, interpolation_duration: 1 }
$data merge entity $(bone_group18) { transformation: [-2.2125243782340815f,-2.3118573195503007f,-0.5748835123809174f,1.1021020733002014f,-2.2356023331831008f,1.642852981336585f,-0.360049445685926f,0.8283231855927613f,1.433220484450145f,0.5089665433934287f,-1.4490939734378296f,0.26316150012230166f,0f,0f,0f,1f], start_interpolation: 0, interpolation_duration: 1 }
$data merge entity $(bone_group19) { transformation: [-2.2125243782340815f,-2.3118573195503007f,-0.5748835123809174f,1.1564864991332282f,-2.2356023331831008f,1.642852981336585f,-0.360049445685926f,0.7142417720645573f,1.433220484450145f,0.5089665433934287f,-1.4490939734378296f,0.2699314130071872f,0f,0f,0f,1f], start_interpolation: 0, interpolation_duration: 1 }
$data merge entity $(bone_group20) { transformation: [-2.2125243782340815f,-2.3118573195503007f,-0.5748835123809174f,1.1564864991332282f,-2.2356023331831008f,1.642852981336585f,-0.360049445685926f,0.7142417720645573f,1.433220484450145f,0.5089665433934287f,-1.4490939734378296f,0.2699314130071872f,0f,0f,0f,1f], start_interpolation: 0, interpolation_duration: 1 }
$data merge entity $(bone_bone11) { transformation: [-0.8391523578104998f,-0.05901708094863489f,-0.35930219523807333f,0.5382760830925658f,0.04108203141618966f,1.459922706835137f,-0.22503090355370375f,1.1658506384533918f,0.322700460296849f,-0.3393267956166569f,-0.9056837333986435f,0.3476513231152855f,0f,0f,0f,1f], start_interpolation: 0, interpolation_duration: 1 }
$data merge entity $(bone_3) { transformation: [-0.8284058874396752f,-0.4297041053473722f,-0.35930219523807333f,0.5804308566063301f,-0.3699567033369872f,0.9013840081240804f,-0.22503090355370375f,1.40675f,0.42056595595853047f,-0.053490669707737803f,-0.9056837333986435f,0.2710726002123809f,0f,0f,0f,1f], start_interpolation: 0, interpolation_duration: 1 }
$data merge entity $(bone_8) { transformation: [-0.8604355080479519f,0.10664342464785216f,-0.49827494063984484f,0.08477145638095991f,0.10693791629562989f,0.9938699565008928f,0.028049806118083914f,0.3994816152491799f,0.49821182096434835f,-0.029149434716493644f,-0.8665652265739129f,0.5359065074881539f,0f,0f,0f,1f], start_interpolation: 0, interpolation_duration: 1 }
$data merge entity $(bone_7) { transformation: [-0.8604355080479519f,-0.003730886117825599f,-0.5095456966544206f,0.08337237408677531f,0.10693791629562989f,0.9763823593355203f,-0.18772791597615876f,0.765625f,0.49821182096434835f,-0.21601751981535824f,-0.8397150782165397f,0.45489993755739455f,0f,0f,0f,1f], start_interpolation: 0, interpolation_duration: 1 }