# This file was generated by Animated Java via MC-Build. It is not recommended to edit this file directly.
$data merge entity $(bone_layer) { transformation: [-0.8442735778806917f,0.2003806119507343f,-0.49704098024889753f,0.2883874705101911f,-0.024680385367184476f,0.9119448038450385f,0.40956996144512536f,1.3717203125f,0.5353438187470394f,0.35805625967755883f,-0.7649854316488999f,0.4551453728798819f,0f,0f,0f,1f], start_interpolation: 0, interpolation_duration: 1 }
$data merge entity $(bone_head) { transformation: [-0.8442735778806917f,0.2003806119507343f,-0.49704098024889753f,0.2883874705101911f,-0.024680385367184476f,0.9119448038450385f,0.40956996144512536f,1.3717203125f,0.5353438187470394f,0.35805625967755883f,-0.7649854316488999f,0.4551453728798819f,0f,0f,0f,1f], start_interpolation: 0, interpolation_duration: 1 }
$data merge entity $(bone_6) { transformation: [-0.7039321193447551f,-0.0865895573298088f,-0.7049693751619495f,0.35959472717064334f,-0.10693782896174032f,0.9941475498354848f,-0.015328075321174806f,0.3994815541114703f,0.7021708282830832f,0.06459796991802289f,-0.7090720909686963f,0.32502676586536783f,0f,0f,0f,1f], start_interpolation: 0, interpolation_duration: 1 }
$data merge entity $(bone_12) { transformation: [-0.7039321193447551f,-0.20769071469615785f,-0.6792231874603523f,0.2817107091595841f,-0.10693782896174032f,0.9763825223694126f,-0.1877271177760238f,0.765625f,0.7021708282830832f,-0.05951249482707563f,-0.7095170123877976f,0.30270958030521444f,0f,0f,0f,1f], start_interpolation: 0, interpolation_duration: 1 }
$data merge entity $(bone_group3) { transformation: [1.20224335951004f,-0.1239880891860311f,0.2664279912174121f,-1.0097097836433737f,0.3130439271247175f,0.8176651750940154f,-0.38643099827236516f,1.653749119663037f,-0.24710088759207618f,0.43262192072244887f,0.8067207200643783f,0.9803549979394865f,0f,0f,0f,1f], start_interpolation: 0, interpolation_duration: 1 }
$data merge entity $(bone_group1) { transformation: [1.20224335951004f,-0.1239880891860311f,0.2664279912174121f,-1.0097097836433737f,0.3130439271247175f,0.8176651750940154f,-0.38643099827236516f,1.653749119663037f,-0.24710088759207618f,0.43262192072244887f,0.8067207200643783f,0.9803549979394865f,0f,0f,0f,1f], start_interpolation: 0, interpolation_duration: 1 }
$data merge entity $(bone_group4) { transformation: [1.1646732545253513f,-0.12011346139896764f,0.25810211649186804f,-1.0097097836433737f,0.3032613044020701f,0.7921131383723276f,-0.3743550295763538f,1.653749119663037f,-0.23937898485482384f,0.41910248569987235f,0.7815106975623666f,0.9803549979394865f,0f,0f,0f,1f], start_interpolation: 0, interpolation_duration: 1 }
$data merge entity $(bone_group2) { transformation: [1.1646732545253513f,-0.12011346139896764f,0.25810211649186804f,-1.0097097836433737f,0.3032613044020701f,0.7921131383723276f,-0.3743550295763538f,1.653749119663037f,-0.23937898485482384f,0.41910248569987235f,0.7815106975623666f,0.9803549979394865f,0f,0f,0f,1f], start_interpolation: 0, interpolation_duration: 1 }
$data merge entity $(bone_bone1) { transformation: [0.6210991955741663f,-0.810534159880825f,0.7356898862806255f,0.28137083655801975f,-0.6111783618186515f,1.2619366498465603f,0.6704612825159229f,0.5303175077318931f,-0.49060860092521097f,-2.598182108213419f,0.09613563268374559f,1.490005978972714f,0f,0f,0f,1f], start_interpolation: 0, interpolation_duration: 1 }
$data merge entity $(bone_2) { transformation: [0.7644799167206657f,-0.28432713391998526f,0.5785572900306507f,-0.0397350668757987f,-0.25977817518932894f,0.6855054524388555f,0.6801452597584594f,1.0451166211460843f,-0.589987929220646f,-0.6702539485847485f,0.45019316718547275f,0.8472596280628748f,0f,0f,0f,1f], start_interpolation: 0, interpolation_duration: 1 }
$data merge entity $(bone_bone2) { transformation: [1.4852538277079737f,-0.36440441477614877f,0.6444436534272149f,0.15037165161761132f,-0.024244704037094778f,1.9169291208920434f,0.2849539172402316f,0.9225053162897661f,-1.3391912714787855f,-0.43885324194736225f,0.7095728592659324f,0.7238410172090074f,0f,0f,0f,1f], start_interpolation: 0, interpolation_duration: 1 }
$data merge entity $(bone_1) { transformation: [0.7644799167206657f,0.016212170988102837f,0.6444436534272149f,-0.033655502755260136f,-0.25977817518932894f,0.922668176943775f,0.2849539172402316f,1.3911171875f,-0.589987929220646f,-0.38525394322070605f,0.7095728592659324f,0.70278939935511f,0f,0f,0f,1f], start_interpolation: 0, interpolation_duration: 1 }
$data merge entity $(bone_4) { transformation: [-0.8284065030246195f,-0.5514490538986132f,0.0982171405654097f,0.6965520754775728f,-0.3699561063616652f,0.40701542264151414f,-0.8351472475543853f,1.1317599375369463f,0.4205652685520256f,-0.7281774417587197f,-0.5411861677846992f,0.2583649379344297f,0f,0f,0f,1f], start_interpolation: 0, interpolation_duration: 1 }
$data merge entity $(bone_group5) { transformation: [-3.313626012098478f,-1.1601989477151144f,-1.437206889551856f,0.729373179647117f,-1.4798244254466608f,2.433737822761193f,-0.9001216008540867f,0.912470679930459f,1.6822610742081023f,-0.14442510786684185f,-3.6227361841984234f,0.441417538745995f,0f,0f,0f,1f], start_interpolation: 0, interpolation_duration: 1 }
$data merge entity $(bone_group7) { transformation: [-3.313626012098478f,-1.1601989477151144f,-1.437206889551856f,0.729373179647117f,-1.4798244254466608f,2.433737822761193f,-0.9001216008540867f,0.912470679930459f,1.6822610742081023f,-0.14442510786684185f,-3.6227361841984234f,0.441417538745995f,0f,0f,0f,1f], start_interpolation: 0, interpolation_duration: 1 }
$data merge entity $(bone_group6) { transformation: [-2.2895848312606466f,-2.6615747682145017f,-1.437206889551856f,1.0929101556242544f,-2.498434456958116f,1.3677665679388928f,-0.9001216008540867f,0.9837912287408654f,1.5290933799953363f,0.7160547247470582f,-3.6227361841984234f,0.2794750225867583f,0f,0f,0f,1f], start_interpolation: 0, interpolation_duration: 1 }
$data merge entity $(bone_group8) { transformation: [-2.2895848312606466f,-2.6615747682145017f,-1.437206889551856f,1.0929101556242544f,-2.498434456958116f,1.3677665679388928f,-0.9001216008540867f,0.9837912287408654f,1.5290933799953363f,0.7160547247470582f,-3.6227361841984234f,0.2794750225867583f,0f,0f,0f,1f], start_interpolation: 0, interpolation_duration: 1 }
$data merge entity $(bone_group9) { transformation: [-2.2895848312606466f,-2.6615747682145017f,-1.437206889551856f,1.1472944812984003f,-2.498434456958116f,1.3677665679388928f,-0.9001216008540867f,0.8697097682989345f,1.5290933799953363f,0.7160547247470582f,-3.6227361841984234f,0.28624494951801654f,0f,0f,0f,1f], start_interpolation: 0, interpolation_duration: 1 }
$data merge entity $(bone_group10) { transformation: [-2.2895848312606466f,-2.6615747682145017f,-1.437206889551856f,1.1472944812984003f,-2.498434456958116f,1.3677665679388928f,-0.9001216008540867f,0.8697097682989345f,1.5290933799953363f,0.7160547247470582f,-3.6227361841984234f,0.28624494951801654f,0f,0f,0f,1f], start_interpolation: 0, interpolation_duration: 1 }
$data merge entity $(bone_group11) { transformation: [-2.2895848312606466f,-2.6615747682145017f,-1.437206889551856f,1.2016788069725464f,-2.498434456958116f,1.3677665679388928f,-0.9001216008540867f,0.7556283078570036f,1.5290933799953363f,0.7160547247470582f,-3.6227361841984234f,0.29301487644927476f,0f,0f,0f,1f], start_interpolation: 0, interpolation_duration: 1 }
$data merge entity $(bone_group12) { transformation: [-2.2895848312606466f,-2.6615747682145017f,-1.437206889551856f,1.2016788069725464f,-2.498434456958116f,1.3677665679388928f,-0.9001216008540867f,0.7556283078570036f,1.5290933799953363f,0.7160547247470582f,-3.6227361841984234f,0.29301487644927476f,0f,0f,0f,1f], start_interpolation: 0, interpolation_duration: 1 }
$data merge entity $(bone_group13) { transformation: [-2.4953566144040216f,-2.003285305979767f,-0.5748827558207424f,0.9240254243445312f,-2.002039352588956f,1.9206044069625334f,-0.3600486403416347f,0.9684501651987583f,1.487390279380159f,0.3175384216789501f,-1.4490944736793694f,0.2985299905722154f,0f,0f,0f,1f], start_interpolation: 0, interpolation_duration: 1 }
$data merge entity $(bone_group14) { transformation: [-2.4953566144040216f,-2.003285305979767f,-0.5748827558207424f,0.9240254243445312f,-2.002039352588956f,1.9206044069625334f,-0.3600486403416347f,0.9684501651987583f,1.487390279380159f,0.3175384216789501f,-1.4490944736793694f,0.2985299905722154f,0f,0f,0f,1f], start_interpolation: 0, interpolation_duration: 1 }
$data merge entity $(bone_group15) { transformation: [-2.405599510068046f,-2.110224549038496f,-0.5748827558207424f,0.9862558941110346f,-2.0839094423437605f,1.8314486870969733f,-0.3600486403416347f,0.9003620138843769f,1.4721237819942987f,0.3821152482219835f,-1.4490944736793694f,0.2907594981331145f,0f,0f,0f,1f], start_interpolation: 0, interpolation_duration: 1 }
$data merge entity $(bone_group16) { transformation: [-2.405599510068046f,-2.110224549038496f,-0.5748827558207424f,0.9862558941110346f,-2.0839094423437605f,1.8314486870969733f,-0.3600486403416347f,0.9003620138843769f,1.4721237819942987f,0.3821152482219835f,-1.4490944736793694f,0.2907594981331145f,0f,0f,0f,1f], start_interpolation: 0, interpolation_duration: 1 }
$data merge entity $(bone_group17) { transformation: [-2.2125272897260957f,-2.3118563195885775f,-0.5748827558207424f,1.1018828226367416f,-2.2356008083943406f,1.6428547966467644f,-0.3600486403416347f,0.8279633769465768f,1.4332183682834962f,0.5089652259749562f,-1.4490944736793694f,0.26287663938249584f,0f,0f,0f,1f], start_interpolation: 0, interpolation_duration: 1 }
$data merge entity $(bone_group18) { transformation: [-2.2125272897260957f,-2.3118563195885775f,-0.5748827558207424f,1.1018828226367416f,-2.2356008083943406f,1.6428547966467644f,-0.3600486403416347f,0.8279633769465768f,1.4332183682834962f,0.5089652259749562f,-1.4490944736793694f,0.26287663938249584f,0f,0f,0f,1f], start_interpolation: 0, interpolation_duration: 1 }
$data merge entity $(bone_group19) { transformation: [-2.2125272897260957f,-2.3118563195885775f,-0.5748827558207424f,1.1562671483108877f,-2.2356008083943406f,1.6428547966467644f,-0.3600486403416347f,0.7138819165046459f,1.4332183682834962f,0.5089652259749562f,-1.4490944736793694f,0.26964656631375405f,0f,0f,0f,1f], start_interpolation: 0, interpolation_duration: 1 }
$data merge entity $(bone_group20) { transformation: [-2.2125272897260957f,-2.3118563195885775f,-0.5748827558207424f,1.1562671483108877f,-2.2356008083943406f,1.6428547966467644f,-0.3600486403416347f,0.7138819165046459f,1.4332183682834962f,0.5089652259749562f,-1.4490944736793694f,0.26964656631375405f,0f,0f,0f,1f], start_interpolation: 0, interpolation_duration: 1 }
$data merge entity $(bone_bone11) { transformation: [-0.8391525589229616f,-0.05901561486330753f,-0.359301722387964f,0.5380570525200473f,0.041082659344373995f,1.4599228323164373f,-0.22503040021352166f,1.16549128143715f,0.32269985738180873f,-0.3393265107289106f,-0.9056840460496058f,0.34736612689491303f,0f,0f,0f,1f], start_interpolation: 0, interpolation_duration: 1 }
$data merge entity $(bone_3) { transformation: [-0.8284065030246195f,-0.4297033139685609f,-0.359301722387964f,0.5802120829677802f,-0.3699561063616652f,0.9013843788004419f,-0.22503040021352166f,1.406390625f,0.4205652685520256f,-0.05349078069142291f,-0.9056840460496058f,0.27078748885571374f,0f,0f,0f,1f], start_interpolation: 0, interpolation_duration: 1 }
$data merge entity $(bone_8) { transformation: [-0.86043597645122f,0.10664378427706514f,-0.4982740548167267f,0.08477125281904302f,0.10693782896174032f,0.9938699429081018f,0.028050620684681254f,0.3994815541114703f,0.4982110307544236f,-0.029148582451177463f,-0.8665657095545044f,0.5359062346654943f,0f,0f,0f,1f], start_interpolation: 0, interpolation_duration: 1 }
$data merge entity $(bone_7) { transformation: [-0.86043597645122f,-0.0037303432860472108f,-0.5095449096668554f,0.08337237408677531f,0.10693782896174032f,0.9763825223694126f,-0.1877271177760238f,0.765625f,0.4982110307544236f,-0.21601679228826584f,-0.8397157342125388f,0.45489993755739455f,0f,0f,0f,1f], start_interpolation: 0, interpolation_duration: 1 }