# This file was generated by Animated Java via MC-Build. It is not recommended to edit this file directly.
$data merge entity $(bone_layer) { transformation: [0.1458161428507725f,0.39115521378945317f,-0.9086997585613469f,0.5625000000000006f,-0.009794547429467636f,0.9190429083711086f,0.3940357844326147f,1.203125f,0.9892632204447787f,-0.0485564753467675f,0.13784248030677534f,-4.1875f,0f,0f,0f,1f], start_interpolation: 0, interpolation_duration: 1 }
$data merge entity $(bone_head) { transformation: [0.1458161428507725f,0.39115521378945317f,-0.9086997585613469f,0.5625000000000006f,-0.009794547429467636f,0.9190429083711086f,0.3940357844326147f,1.203125f,0.9892632204447787f,-0.0485564753467675f,0.13784248030677534f,-4.1875f,0f,0f,0f,1f], start_interpolation: 0, interpolation_duration: 1 }
$data merge entity $(bone_6) { transformation: [0.0491206941517279f,0.8255790364395963f,-0.5621444760891281f,0.4914360701551095f,-0.07891609912909749f,0.5642723623718434f,0.8218083416232435f,0.09330505712860243f,0.9956703303324344f,0.003994452999709949f,0.09286892720891235f,-4.396175858161739f,0f,0f,0f,1f], start_interpolation: 0, interpolation_duration: 1 }
$data merge entity $(bone_12) { transformation: [0.07142903943798429f,0.22911323638098907f,-0.9707754721046449f,0.5773535337979804f,-0.18439016018628612f,0.9595198476570602f,0.2128894801972319f,0.453125f,0.9802541309025138f,0.16379495372935288f,0.11078380739691401f,-4.334752750513232f,0f,0f,0f,1f], start_interpolation: 0, interpolation_duration: 1 }
$data merge entity $(bone_group3) { transformation: [0.21465532270453935f,0.21339992229565635f,0.8829372924161023f,0.4578322109611499f,0.35470076575183795f,0.8911616932145626f,-0.29778056452399176f,1.2846024661981539f,-1.1699776024274318f,0.21914764580009366f,0.22348071012646023f,-3.181453024617622f,0f,0f,0f,1f], start_interpolation: 0, interpolation_duration: 1 }
$data merge entity $(bone_group1) { transformation: [-0.7842045361569303f,0.10960739428044486f,0.4941701744644297f,1.1521809008825439f,0.3731045558257712f,0.83569989977534f,0.41358642291999237f,1.0201477111268933f,-0.5620386315073529f,0.4008796177181062f,-0.9951005061960922f,-2.6415110718972485f,0f,0f,0f,1f], start_interpolation: 0, interpolation_duration: 1 }
$data merge entity $(bone_group4) { transformation: [-0.4920412675237858f,0.03236946510713834f,0.7579204529812434f,0.8279763592870242f,0.33667355276156713f,0.8939674319049348f,0.18458679321206325f,1.179556281936976f,-0.9625975209067977f,0.1945774641962986f,-0.641964884871867f,-2.7807491096702948f,0f,0f,0f,1f], start_interpolation: 0, interpolation_duration: 1 }
$data merge entity $(bone_group2) { transformation: [0.2079473438700225f,0.2067311747239171f,0.8553455020280992f,0.4578322109611499f,0.343616366822093f,0.8633128903016076f,-0.28847492188261703f,1.2846024661981539f,-1.1334158023515748f,0.21229928186884076f,0.21649693793500838f,-3.181453024617622f,0f,0f,0f,1f], start_interpolation: 0, interpolation_duration: 1 }
$data merge entity $(bone_10) { transformation: [0.2475009943257827f,0.13558224616589826f,-0.9593543205366609f,0.5799301964730454f,-0.04723240004278028f,0.990671697811319f,0.1278228756593954f,0.7944931133207555f,0.9677356861219636f,0.013676318227075985f,0.25159610514831926f,-4.185741798462064f,0f,0f,0f,1f], start_interpolation: 0, interpolation_duration: 1 }
$data merge entity $(bone_9) { transformation: [0.2475009943257827f,0.13558224616589826f,-0.9593543205366609f,0.6307735387852573f,-0.04723240004278028f,0.990671697811319f,0.1278228756593954f,1.1659950000000001f,0.9677356861219636f,0.013676318227075985f,0.25159610514831926f,-4.18061317912691f,0f,0f,0f,1f], start_interpolation: 0, interpolation_duration: 1 }
$data merge entity $(bone_bone12) { transformation: [0.0043724103143945175f,0.25299145324574307f,-0.985669813231963f,0.24191244742311674f,0.9046240776571711f,1.1789290508858987f,0.13627027245748974f,1.535198149766189f,1.196509991663653f,-0.8922564752143192f,-0.0994255104469088f,-4.219837990501471f,0f,0f,0f,1f], start_interpolation: 0, interpolation_duration: 1 }
$data merge entity $(bone_bone1) { transformation: [0.07211215657840289f,-2.450365698872229f,0.5724126787994164f,1.3175307081278949f,-0.6104229910921737f,1.2531879335273997f,0.6729680486699764f,0.34540803594432123f,-0.7887861616558034f,-1.1938291104893248f,-0.4684631582301858f,-3.503445475837402f,0f,0f,0f,1f], start_interpolation: 0, interpolation_duration: 1 }
$data merge entity $(bone_2) { transformation: [0.09694197234544782f,-0.6851691424544717f,0.7219040796573861f,0.6277696985230589f,-0.2588190451025206f,0.6830127018922192f,0.6830127018922194f,0.8576675623634856f,-0.9610488831948107f,-0.2530551230109638f,-0.11112222472535414f,-3.710978430381326f,0f,0f,0f,1f], start_interpolation: 0, interpolation_duration: 1 }
$data merge entity $(bone_bone2) { transformation: [0.045230244163158934f,-0.5803084686632949f,0.9567126405314451f,0.6691560818747981f,-0.023141524625886256f,1.913634654331585f,0.2904594978560801f,0.7353865614817697f,-1.999354569567621f,-0.035277343138294226f,0.018281234984079478f,-3.934004828138248f,0f,0f,0f,1f], start_interpolation: 0, interpolation_duration: 1 }
$data merge entity $(bone_1) { transformation: [0.09694197234544782f,-0.27441424424603716f,0.9567126405314451f,0.5248643569307949f,-0.2588190451025206f,0.9212198336973717f,0.2904594978560801f,1.203125f,-0.9610488831948107f,-0.27577316866849644f,0.018281234984079478f,-3.8143933686320124f,0f,0f,0f,1f], start_interpolation: 0, interpolation_duration: 1 }
$data merge entity $(bone_4) { transformation: [-0.22389548944120657f,-0.5971447879610239f,-0.7702524988721985f,0.49551022914491666f,-0.8241715616176828f,0.5378399049076986f,-0.17739637456709095f,0.9606709391220377f,0.5202038512242605f,0.5951019567266278f,-0.6125696811560183f,-4.6864288916544f,0f,0f,0f,1f], start_interpolation: 0, interpolation_duration: 1 }
$data merge entity $(bone_group5) { transformation: [-0.8955819577648263f,-0.1553714427728924f,-3.891651341468792f,0.6037068541273416f,-3.296686246470731f,1.4688055717461204f,0.6299586247884672f,0.7120433332202898f,2.080815404897042f,2.26019244914636f,-0.676906173334809f,-4.782090074849927f,0f,0f,0f,1f], start_interpolation: 0, interpolation_duration: 1 }
$data merge entity $(bone_group7) { transformation: [-0.8955819577648263f,-0.1553714427728924f,-3.891651341468792f,0.6037068541273416f,-3.296686246470731f,1.4688055717461204f,0.6299586247884672f,0.7120433332202898f,2.080815404897042f,2.26019244914636f,-0.676906173334809f,-4.782090074849927f,0f,0f,0f,1f], start_interpolation: 0, interpolation_duration: 1 }
$data merge entity $(bone_group6) { transformation: [-0.6979110052088957f,-0.582346595346378f,-3.891651341468792f,0.6970823296524973f,-3.589416823623481f,-0.37632018488309815f,0.6299586247884672f,0.9928307538360926f,0.6719427766536612f,2.9977917808510366f,-0.676906173334809f,-5.057608816716209f,0f,0f,0f,1f], start_interpolation: 0, interpolation_duration: 1 }
$data merge entity $(bone_group8) { transformation: [-0.6979110052088957f,-0.582346595346378f,-3.891651341468792f,0.6970823296524973f,-3.589416823623481f,-0.37632018488309815f,0.6299586247884672f,0.9928307538360926f,0.6719427766536612f,2.9977917808510366f,-0.676906173334809f,-5.057608816716209f,0f,0f,0f,1f], start_interpolation: 0, interpolation_duration: 1 }
$data merge entity $(bone_group9) { transformation: [-0.6979110052088957f,-0.582346595346378f,-3.891651341468792f,0.7043653660324767f,-3.589416823623481f,-0.37632018488309815f,0.6299586247884672f,0.9239804926604933f,0.6719427766536612f,2.9977917808510366f,-0.676906173334809f,-5.163555337769945f,0f,0f,0f,1f], start_interpolation: 0, interpolation_duration: 1 }
$data merge entity $(bone_group10) { transformation: [-0.6979110052088957f,-0.582346595346378f,-3.891651341468792f,0.7043653660324767f,-3.589416823623481f,-0.37632018488309815f,0.6299586247884672f,0.9239804926604933f,0.6719427766536612f,2.9977917808510366f,-0.676906173334809f,-5.163555337769945f,0f,0f,0f,1f], start_interpolation: 0, interpolation_duration: 1 }
$data merge entity $(bone_group11) { transformation: [-0.6979110052088957f,-0.582346595346378f,-3.891651341468792f,0.7116484024124559f,-3.589416823623481f,-0.37632018488309815f,0.6299586247884672f,0.855130231484894f,0.6719427766536612f,2.9977917808510366f,-0.676906173334809f,-5.269501858823681f,0f,0f,0f,1f], start_interpolation: 0, interpolation_duration: 1 }
$data merge entity $(bone_group12) { transformation: [-0.6979110052088957f,-0.582346595346378f,-3.891651341468792f,0.7116484024124559f,-3.589416823623481f,-0.37632018488309815f,0.6299586247884672f,0.855130231484894f,0.6719427766536612f,2.9977917808510366f,-0.676906173334809f,-5.269501858823681f,0f,0f,0f,1f], start_interpolation: 0, interpolation_duration: 1 }
$data merge entity $(bone_group13) { transformation: [-0.7219974305949828f,-0.3905563984028624f,-1.5566605365875168f,0.6137662438988489f,-3.2713733528701634f,0.5086253650139659f,0.2519834499153869f,0.9050261500370411f,1.1064050532714327f,2.7187257846593686f,-0.2707624693339236f,-4.937320521768878f,0f,0f,0f,1f], start_interpolation: 0, interpolation_duration: 1 }
$data merge entity $(bone_group14) { transformation: [-0.7219974305949828f,-0.3905563984028624f,-1.5566605365875168f,0.6137662438988489f,-3.2713733528701634f,0.5086253650139659f,0.2519834499153869f,0.9050261500370411f,1.1064050532714327f,2.7187257846593686f,-0.2707624693339236f,-4.937320521768878f,0f,0f,0f,1f], start_interpolation: 0, interpolation_duration: 1 }
$data merge entity $(bone_group15) { transformation: [-0.7042744181926435f,-0.421677760853695f,-1.5566605365875168f,0.6254469919262592f,-3.290445657135596f,0.3654459648731445f,0.2519834499153869f,0.8817385522129549f,0.9867628476788213f,2.7643988707342952f,-0.2707624693339236f,-5.026147635774792f,0f,0f,0f,1f], start_interpolation: 0, interpolation_duration: 1 }
$data merge entity $(bone_group16) { transformation: [-0.7042744181926435f,-0.421677760853695f,-1.5566605365875168f,0.6254469919262592f,-3.290445657135596f,0.3654459648731445f,0.2519834499153869f,0.8817385522129549f,0.9867628476788213f,2.7643988707342952f,-0.2707624693339236f,-5.026147635774792f,0f,0f,0f,1f], start_interpolation: 0, interpolation_duration: 1 }
$data merge entity $(bone_group17) { transformation: [-0.6648428029577869f,-0.4814547096814047f,-1.5566605365875168f,0.6500503428496361f,-3.309775232500143f,0.07727409742718927f,0.2519834499153869f,0.8865540005711655f,0.7420746803019191f,2.8398815473415553f,-0.2707624693339236f,-5.163115112291292f,0f,0f,0f,1f], start_interpolation: 0, interpolation_duration: 1 }
$data merge entity $(bone_group18) { transformation: [-0.6648428029577869f,-0.4814547096814047f,-1.5566605365875168f,0.6500503428496361f,-3.309775232500143f,0.07727409742718927f,0.2519834499153869f,0.8865540005711655f,0.7420746803019191f,2.8398815473415553f,-0.2707624693339236f,-5.163115112291292f,0f,0f,0f,1f], start_interpolation: 0, interpolation_duration: 1 }
$data merge entity $(bone_group19) { transformation: [-0.6648428029577869f,-0.4814547096814047f,-1.5566605365875168f,0.6573333792296155f,-3.309775232500143f,0.07727409742718927f,0.2519834499153869f,0.8177037393955662f,0.7420746803019191f,2.8398815473415553f,-0.2707624693339236f,-5.269061633345028f,0f,0f,0f,1f], start_interpolation: 0, interpolation_duration: 1 }
$data merge entity $(bone_group20) { transformation: [-0.6648428029577869f,-0.4814547096814047f,-1.5566605365875168f,0.6573333792296155f,-3.309775232500143f,0.07727409742718927f,0.2519834499153869f,0.8177037393955662f,0.7420746803019191f,2.8398815473415553f,-0.2707624693339236f,-5.269061633345028f,0f,0f,0f,1f], start_interpolation: 0, interpolation_duration: 1 }
$data merge entity $(bone_bone11) { transformation: [-0.20451400602959424f,0.06370329024539902f,-0.972912835367198f,0.48553524326200537f,-0.46534310787796934f,1.2620148887406564f,0.1574896561971168f,0.8779727743265219f,0.7427178557757983f,0.8082452050020582f,-0.16922654333370224f,-4.521379805937182f,0f,0f,0f,1f], start_interpolation: 0, interpolation_duration: 1 }
$data merge entity $(bone_3) { transformation: [-0.22389548944120657f,-0.05754497880477495f,-0.972912835367198f,0.508830089667474f,-0.8241715616176828f,0.5440020636096742f,0.1574896561971168f,1.1172499999999999f,0.5202038512242605f,0.8371083144986519f,-0.16922654333370224f,-4.432624031308435f,0f,0f,0f,1f], start_interpolation: 0, interpolation_duration: 1 }
$data merge entity $(bone_8) { transformation: [0.023660417996095903f,0.0571179082080957f,-0.9980870348733029f,0.8089071520677347f,0.14827987526915287f,0.9871233003555361f,0.06000557045274074f,0.24521053050125416f,0.9886623605712995f,-0.14941597791777803f,0.014886313595366296f,-3.9932323808209036f,0f,0f,0f,1f], start_interpolation: 0, interpolation_duration: 1 }
$data merge entity $(bone_7) { transformation: [0.023660417996095903f,-0.7455543208668229f,-0.6660247287128763f,0.5454134180465812f,0.14827987526915287f,0.6614595515302514f,-0.7351764007906969f,0.453125f,0.9886623605712995f,-0.08136348275614352f,0.12620111118122634f,-4.018109589358934f,0f,0f,0f,1f], start_interpolation: 0, interpolation_duration: 1 }