# This file was generated by Animated Java via MC-Build. It is not recommended to edit this file directly.
$data merge entity $(bone_layer) { transformation: [-0.8459069456656628f,0.18001315644821994f,-0.5020325714335059f,0.28836267548550376f,-0.02986758861175288f,0.9238493222279226f,0.3815892516430816f,1.3717734382064255f,0.5324935365101708f,0.3377835006695215f,-0.7761139995196162f,0.4558862267122885f,0f,0f,0f,1f], start_interpolation: 0, interpolation_duration: 1 }
$data merge entity $(bone_head) { transformation: [-0.8459069456656628f,0.18001315644821994f,-0.5020325714335059f,0.28836267548550376f,-0.02986758861175288f,0.9238493222279226f,0.3815892516430816f,1.3717734382064255f,0.5324935365101708f,0.3377835006695215f,-0.7761139995196162f,0.4558862267122885f,0f,0f,0f,1f], start_interpolation: 0, interpolation_duration: 1 }
$data merge entity $(bone_6) { transformation: [-0.7036799204299621f,-0.08707016677372387f,-0.7051619357577934f,0.35951015407320314f,-0.10690177014719889f,0.9941396356577668f,-0.016074711619121246f,0.39946573550415293f,0.7024290577154947f,0.06407160737985565f,-0.7088640546710517f,0.32583016060357106f,0f,0f,0f,1f], start_interpolation: 0, interpolation_duration: 1 }
$data merge entity $(bone_12) { transformation: [-0.7037191083073638f,-0.20784837533813608f,-0.6793956648907808f,0.2815670133214021f,-0.10683511925394927f,0.9763351991494192f,-0.1880314766092582f,0.7655914351851851f,0.7023999387080577f,-0.05973802617396139f,-0.7092712417205113f,0.30342840078833555f,0f,0f,0f,1f], start_interpolation: 0, interpolation_duration: 1 }
$data merge entity $(bone_group3) { transformation: [1.2022479390545358f,-0.12387096776856694f,0.2666078852871806f,-1.0099003072444521f,0.312910145164511f,0.8176510733447597f,-0.3864673337137006f,1.653898883689228f,-0.24724793369296985f,0.4326821239769971f,0.8066438995686913f,0.9813915161032398f,0f,0f,0f,1f], start_interpolation: 0, interpolation_duration: 1 }
$data merge entity $(bone_group1) { transformation: [1.202498666862196f,-0.12380756168199061f,0.2655042974776569f,-1.009539430966449f,0.3125448595226744f,0.8175616780708275f,-0.3869517412448925f,1.6542086109652976f,-0.24648878536376642f,0.4328691544739998f,0.8067758769515443f,0.9808761340084345f,0f,0f,0f,1f], start_interpolation: 0, interpolation_duration: 1 }
$data merge entity $(bone_group4) { transformation: [1.164816908786669f,-0.12010121814528361f,0.2576006274786536f,-1.0097655254467193f,0.3030121792020036f,0.7919796288544061f,-0.3747403662416056f,1.65400801642193f,-0.23899490300826817f,0.4193582655149819f,0.7814915472468595f,0.9810341283738971f,0f,0f,0f,1f], start_interpolation: 0, interpolation_duration: 1 }
$data merge entity $(bone_group2) { transformation: [1.1646776909590817f,-0.12000000002579923f,0.2582763888719562f,-1.0099003072444521f,0.3031317031281201f,0.792099477302736f,-0.3743902295351475f,1.653898883689228f,-0.23952143576506457f,0.419160807602716f,0.7814362777071697f,0.9813915161032398f,0f,0f,0f,1f], start_interpolation: 0, interpolation_duration: 1 }
$data merge entity $(bone_10) { transformation: [-0.7932920121610898f,0.2166703984350305f,-0.5689830593993239f,0.21735032761131515f,0.00009545442712300808f,0.9345784495635255f,0.35575709760999713f,1.0663278056308454f,0.6088413375665797f,0.2821649518516462f,-0.7414143009253981f,0.414742963496872f,0f,0f,0f,1f], start_interpolation: 0, interpolation_duration: 1 }
$data merge entity $(bone_9) { transformation: [-0.7932920121610898f,0.2166703984350305f,-0.5689830593993239f,0.2986017270244516f,0.00009545442712300808f,0.9345784495635255f,0.35575709760999713f,1.4167947242171675f,0.6088413375665797f,0.2821649518516462f,-0.7414143009253981f,0.5205548204412394f,0f,0f,0f,1f], start_interpolation: 0, interpolation_duration: 1 }
$data merge entity $(bone_bone12) { transformation: [-0.7460087185562709f,0.9820932132557804f,-0.5691958898559214f,0.11728802472343303f,0.8534029687155695f,1.11217640208814f,0.35575711041585195f,1.8644942255127044f,0.9824328805702116f,-0.22035555612513213f,-0.7412509139014192f,0.28443409306300793f,0f,0f,0f,1f], start_interpolation: 0, interpolation_duration: 1 }
$data merge entity $(bone_bone1) { transformation: [0.6236822115920106f,-0.8107674325325609f,0.733472764081018f,0.2831539054699169f,-0.6104229910921737f,1.2531879335273997f,0.6729680486699764f,0.5328744711295063f,-0.4882665981713084f,-2.6023405183806902f,0.09555998022538081f,1.493515632187903f,0f,0f,0f,1f], start_interpolation: 0, interpolation_duration: 1 }
$data merge entity $(bone_2) { transformation: [0.7661137508917996f,-0.28550191921509854f,0.5758110582638999f,-0.03863665612628178f,-0.2588190451025206f,0.6830127018922192f,0.6830127018922194f,1.0451339975486706f,-0.588287703922763f,-0.6722962912127253f,0.4493720888472018f,0.8490848662708682f,0f,0f,0f,1f], start_interpolation: 0, interpolation_duration: 1 }
$data merge entity $(bone_bone2) { transformation: [1.4865593335153848f,-0.3721575017474875f,0.6425807618174079f,0.1521019901965564f,-0.023141524625886256f,1.913634654331585f,0.2904594978560801f,0.9228529966669549f,-1.3377614951015304f,-0.4466555760698663f,0.7090297910859268f,0.7263152624501463f,0f,0f,0f,1f], start_interpolation: 0, interpolation_duration: 1 }
$data merge entity $(bone_1) { transformation: [0.7661137508917996f,0.012636662401787152f,0.6425807618174079f,-0.033897907725611603f,-0.2588190451025206f,0.9212198336973717f,0.2904594978560801f,1.3905914351851851f,-0.588287703922763f,-0.38883715455950196f,0.7090297910859268f,0.703270933311055f,0f,0f,0f,1f], start_interpolation: 0, interpolation_duration: 1 }
$data merge entity $(bone_4) { transformation: [-0.8283935813358595f,-0.55151084106723f,0.09797890888790964f,0.6964187217476064f,-0.36953642025651806f,0.40662471364971886f,-0.8355232949195863f,1.131549876765968f,0.42095950934210624f,-0.7283489098190513f,-0.5406486447406046f,0.2590021255710138f,0f,0f,0f,1f], start_interpolation: 0, interpolation_duration: 1 }
$data merge entity $(bone_group5) { transformation: [-3.313574325343438f,-1.15961307843201f,-1.438363351830324f,0.7292305162914927f,-1.4781456810260722f,2.4339631747647332f,-0.9015414624524384f,0.9123425924579125f,1.683838037368425f,-0.1453298737996344f,-3.6219240549175726f,0.4421545503146894f,0f,0f,0f,1f], start_interpolation: 0, interpolation_duration: 1 }
$data merge entity $(bone_group7) { transformation: [-3.313574325343438f,-1.15961307843201f,-1.438363351830324f,0.7292305162914927f,-1.4781456810260722f,2.4339631747647332f,-0.9015414624524384f,0.9123425924579125f,1.683838037368425f,-0.1453298737996344f,-3.6219240549175726f,0.4421545503146894f,0f,0f,0f,1f], start_interpolation: 0, interpolation_duration: 1 }
$data merge entity $(bone_group6) { transformation: [-2.2898330038592953f,-2.6610415471545164f,-1.438363351830324f,1.0927443126050838f,-2.4970932976451947f,1.3688011007090466f,-0.9015414624524384f,0.9834901432987008f,1.5309114531194041f,0.7160596560449425f,-3.6219240549175726f,0.2800839545107542f,0f,0f,0f,1f], start_interpolation: 0, interpolation_duration: 1 }
$data merge entity $(bone_group8) { transformation: [-2.2898330038592953f,-2.6610415471545164f,-1.438363351830324f,1.0927443126050838f,-2.4970932976451947f,1.3688011007090466f,-0.9015414624524384f,0.9834901432987008f,1.5309114531194041f,0.7160596560449425f,-3.6219240549175726f,0.2800839545107542f,0f,0f,0f,1f], start_interpolation: 0, interpolation_duration: 1 }
$data merge entity $(bone_group9) { transformation: [-2.2898330038592953f,-2.6610415471545164f,-1.438363351830324f,1.147101175656584f,-2.4970932976451947f,1.3688011007090466f,-0.9015414624524384f,0.869398119481604f,1.5309114531194041f,0.7160596560449425f,-3.6219240549175726f,0.28689629234511205f,0f,0f,0f,1f], start_interpolation: 0, interpolation_duration: 1 }
$data merge entity $(bone_group10) { transformation: [-2.2898330038592953f,-2.6610415471545164f,-1.438363351830324f,1.147101175656584f,-2.4970932976451947f,1.3688011007090466f,-0.9015414624524384f,0.869398119481604f,1.5309114531194041f,0.7160596560449425f,-3.6219240549175726f,0.28689629234511205f,0f,0f,0f,1f], start_interpolation: 0, interpolation_duration: 1 }
$data merge entity $(bone_group11) { transformation: [-2.2898330038592953f,-2.6610415471545164f,-1.438363351830324f,1.2014580387080849f,-2.4970932976451947f,1.3688011007090466f,-0.9015414624524384f,0.7553060956645069f,1.5309114531194041f,0.7160596560449425f,-3.6219240549175726f,0.2937086301794699f,0f,0f,0f,1f], start_interpolation: 0, interpolation_duration: 1 }
$data merge entity $(bone_group12) { transformation: [-2.2898330038592953f,-2.6610415471545164f,-1.438363351830324f,1.2014580387080849f,-2.4970932976451947f,1.3688011007090466f,-0.9015414624524384f,0.7553060956645069f,1.5309114531194041f,0.7160596560449425f,-3.6219240549175726f,0.2937086301794699f,0f,0f,0f,1f], start_interpolation: 0, interpolation_duration: 1 }
$data merge entity $(bone_group13) { transformation: [-2.4954884236142325f,-2.0027125642572488f,-0.5753453407321296f,0.9238605389402766f,-2.00066617493445f,1.921273656353035f,-0.3606165849809754f,0.9682017200321695f,1.4890159265903782f,0.31710231284350854f,-1.4487696219670292f,0.29918965004145226f,0f,0f,0f,1f], start_interpolation: 0, interpolation_duration: 1 }
$data merge entity $(bone_group14) { transformation: [-2.4954884236142325f,-2.0027125642572488f,-0.5753453407321296f,0.9238605389402766f,-2.00066617493445f,1.921273656353035f,-0.3606165849809754f,0.9682017200321695f,1.4890159265903782f,0.31710231284350854f,-1.4487696219670292f,0.29918965004145226f,0f,0f,0f,1f], start_interpolation: 0, interpolation_duration: 1 }
$data merge entity $(bone_group15) { transformation: [-2.4057561764681505f,-2.1096581018761875f,-0.5753453407321296f,0.9860715962354023f,-2.0825667638985186f,1.8321771966783826f,-0.3606165849809754f,0.9000938135607431f,1.4737669047488147f,0.3817504642009014f,-1.4487696219670292f,0.29143686371536215f,0f,0f,0f,1f], start_interpolation: 0, interpolation_duration: 1 }
$data merge entity $(bone_group16) { transformation: [-2.4057561764681505f,-2.1096581018761875f,-0.5753453407321296f,0.9860715962354023f,-2.0825667638985186f,1.8321771966783826f,-0.3606165849809754f,0.9000938135607431f,1.4737669047488147f,0.3817504642009014f,-1.4487696219670292f,0.29143686371536215f,0f,0f,0f,1f], start_interpolation: 0, interpolation_duration: 1 }
$data merge entity $(bone_group17) { transformation: [-2.212732729086407f,-2.3113056823052016f,-0.5753453407321296f,1.1016728636479336f,-2.234326733039615f,1.643697556166439f,-0.3606165849809754f,0.8276518268678767f,1.4348870314821587f,0.508745037651301f,-1.4487696219670292f,0.26356019642075396f,0f,0f,0f,1f], start_interpolation: 0, interpolation_duration: 1 }
$data merge entity $(bone_group18) { transformation: [-2.212732729086407f,-2.3113056823052016f,-0.5753453407321296f,1.1016728636479336f,-2.234326733039615f,1.643697556166439f,-0.3606165849809754f,0.8276518268678767f,1.4348870314821587f,0.508745037651301f,-1.4487696219670292f,0.26356019642075396f,0f,0f,0f,1f], start_interpolation: 0, interpolation_duration: 1 }
$data merge entity $(bone_group19) { transformation: [-2.212732729086407f,-2.3113056823052016f,-0.5753453407321296f,1.1560297266994342f,-2.234326733039615f,1.643697556166439f,-0.3606165849809754f,0.7135598030507799f,1.4348870314821587f,0.508745037651301f,-1.4487696219670292f,0.2703725342551118f,0f,0f,0f,1f], start_interpolation: 0, interpolation_duration: 1 }
$data merge entity $(bone_group20) { transformation: [-2.212732729086407f,-2.3113056823052016f,-0.5753453407321296f,1.1560297266994342f,-2.234326733039615f,1.643697556166439f,-0.3606165849809754f,0.7135598030507799f,1.4348870314821587f,0.508745037651301f,-1.4487696219670292f,0.2703725342551118f,0f,0f,0f,1f], start_interpolation: 0, interpolation_duration: 1 }
$data merge entity $(bone_bone11) { transformation: [-0.839059485979187f,-0.058728818557180706f,-0.359590837957581f,0.5379550953489414f,0.041456733608397967f,1.4597702475067709f,-0.2253853656131096f,1.1653657140111833f,0.32289397366142486f,-0.34003198432632475f,-0.9054810137293932f,0.348027154411163f,0f,0f,0f,1f], start_interpolation: 0, interpolation_duration: 1 }
$data merge entity $(bone_3) { transformation: [-0.8283935813358595f,-0.4294863253451889f,-0.359590837957581f,0.5801521825969279f,-0.36953642025651806f,0.9014678425054568f,-0.2253853656131096f,1.4062164351851851f,0.42095950934210624f,-0.053825879185049774f,-0.9054810137293932f,0.2713188493669957f,0f,0f,0f,1f], start_interpolation: 0, interpolation_duration: 1 }
$data merge entity $(bone_8) { transformation: [-0.8603596771980323f,0.10660168978283284f,-0.4984147927049741f,0.08464288242933846f,0.10690380910400173f,0.993874050993932f,0.02803473488310876f,0.3993798595815401f,0.4983500792121467f,-0.029162484399579303f,-0.866485284383348f,0.5364932960689527f,0f,0f,0f,1f], start_interpolation: 0, interpolation_duration: 1 }
$data merge entity $(bone_7) { transformation: [-0.8603596771980323f,-0.0035389157516263203f,-0.5096750944739212f,0.08332321839104705f,0.10690380910400173f,0.9764798380788062f,-0.18723968976860525f,0.7655914351851851f,0.4983500792121467f,-0.21557968805268107f,-0.8397455547059216f,0.45565695275043816f,0f,0f,0f,1f], start_interpolation: 0, interpolation_duration: 1 }