# This file was generated by Animated Java via MC-Build. It is not recommended to edit this file directly.
$data merge entity $(bone_layer) { transformation: [-0.8462300703617504f,0.17332623800975247f,-0.5038379533470396f,0.2882922137541659f,-0.03158718378916259f,0.9276278211601877f,0.37216780520334164f,1.3714821562590422f,0.5318805484653644f,0.3308544100159304f,-0.7795116686344046f,0.45800669803523775f,0f,0f,0f,1f], start_interpolation: 0, interpolation_duration: 1 }
$data merge entity $(bone_head) { transformation: [-0.8462300703617504f,0.17332623800975247f,-0.5038379533470396f,0.2882922137541659f,-0.03158718378916259f,0.9276278211601877f,0.37216780520334164f,1.3714821562590422f,0.5318805484653644f,0.3308544100159304f,-0.7795116686344046f,0.45800669803523775f,0f,0f,0f,1f], start_interpolation: 0, interpolation_duration: 1 }
$data merge entity $(bone_6) { transformation: [-0.7029581760440943f,-0.08845244639032263f,-0.7057095489366197f,0.35926882450445663f,-0.10679781462483141f,0.9941138217956408f,-0.01821911376070323f,0.3994208890697201f,0.7031671419542584f,0.06256096260794272f,-0.708266966922394f,0.328130926042968f,0f,0f,0f,1f], start_interpolation: 0, interpolation_duration: 1 }
$data merge entity $(bone_12) { transformation: [-0.7031100954310537f,-0.2083019913474837f,-0.6798871039397698f,0.28115557774915023f,-0.10653997246771585f,0.9761986168017341f,-0.1889060476029277f,0.7654953703703704f,0.7030543563406124f,-0.06038659582269953f,-0.7085675910422613f,0.30548595260945566f,0f,0f,0f,1f], start_interpolation: 0, interpolation_duration: 1 }
$data merge entity $(bone_group3) { transformation: [1.202261467474392f,-0.12353565614649072f,0.26712203553347946f,-1.0104478073331733f,0.31252555341089755f,0.81761131057924f,-0.38657060233335805f,1.6543304439034088f,-0.24766715569038483f,0.4328531538630383f,0.8064245842970583f,0.9843562987384658f,0f,0f,0f,1f], start_interpolation: 0, interpolation_duration: 1 }
$data merge entity $(bone_group1) { transformation: [1.2032279873764595f,-0.12329143505719978f,0.2628488326325684f,-1.0090503012214138f,0.3111090994003217f,0.8172640656030296f,-0.38844289497246975f,1.6555292219982851f,-0.24472870652004153f,0.43357794443036446f,0.8069321590345716f,0.9823625005767875f,0f,0f,0f,1f], start_interpolation: 0, interpolation_duration: 1 }
$data merge entity $(bone_group4) { transformation: [1.1652285715807809f,-0.12006818565660578f,0.25615821551571705f,-1.0099268573483482f,0.30229556368535376f,0.7915964341789087f,-0.37584450397762265f,1.6547527787879206f,-0.2378892698846879f,0.42009107392555134f,0.7814363543107186f,0.9829727991872673f,0f,0f,0f,1f], start_interpolation: 0, interpolation_duration: 1 }
$data merge entity $(bone_group2) { transformation: [1.1646907966158175f,-0.11967516689191289f,0.25877447192305825f,-1.0104478073331733f,0.30275912986680703f,0.7920609571236388f,-0.3744902710104407f,1.6543304439034088f,-0.23992755707506033f,0.4193264928048184f,0.7812238160377754f,0.9843562987384658f,0f,0f,0f,1f], start_interpolation: 0, interpolation_duration: 1 }
$data merge entity $(bone_10) { transformation: [-0.793117649967669f,0.21723550578084017f,-0.5690106574906173f,0.21714698797451873f,0.00036998014269006626f,0.9344026928865231f,0.35621829071667277f,1.0661635438875336f,0.6090683511925867f,0.2823124909644569f,-0.7411716407290468f,0.41688554105072956f,0f,0f,0f,1f], start_interpolation: 0, interpolation_duration: 1 }
$data merge entity $(bone_9) { transformation: [-0.793117649967669f,0.21723550578084017f,-0.5690106574906173f,0.2986103026423338f,0.00036998014269006626f,0.9344026928865231f,0.35621829071667277f,1.4165645537199798f,0.6090683511925867f,0.2823124909644569f,-0.7411716407290468f,0.5227527251624009f,0f,0f,0f,1f], start_interpolation: 0, interpolation_duration: 1 }
$data merge entity $(bone_bone12) { transformation: [-0.7447631013345458f,0.9822058708753809f,-0.5698341084555453f,0.11719397574954526f,0.8532424778867949f,1.1119672463679726f,0.3562184828534505f,1.8644109814954029f,0.9835167496388415f,-0.22090828464039952f,-0.7405386426880503f,0.28698972241277165f,0f,0f,0f,1f], start_interpolation: 0, interpolation_duration: 1 }
$data merge entity $(bone_bone1) { transformation: [0.6231907055595896f,-0.8133849461814898f,0.7335685251534747f,0.2839901332735896f,-0.6104229910921737f,1.2531879335273997f,0.6729680486699764f,0.5327784063146918f,-0.488893768062372f,-2.6015235790948843f,0.09482206691208422f,1.4955321645121546f,0f,0f,0f,1f], start_interpolation: 0, interpolation_duration: 1 }
$data merge entity $(bone_2) { transformation: [0.765521552734126f,-0.28617809689772006f,0.5762628299270492f,-0.038448555252796585f,-0.2588190451025206f,0.6830127018922192f,0.6830127018922194f,1.0450379327338561f,-0.5890581076530154f,-0.6720087394594578f,0.4487926023213379f,0.8514254421949619f,0f,0f,0f,1f], start_interpolation: 0, interpolation_duration: 1 }
$data merge entity $(bone_bone2) { transformation: [1.485212809003632f,-0.3726066436807648f,0.6432937122839952f,0.15216648978004077f,-0.023141524625886256f,1.913634654331585f,0.2904594978560801f,0.9227569318521401f,-1.3392562793616194f,-0.4462809639971112f,0.7083830036365001f,0.728464019665393f,0f,0f,0f,1f], start_interpolation: 0, interpolation_duration: 1 }
$data merge entity $(bone_1) { transformation: [0.765521552734126f,0.012245490411106674f,0.6432937122839952f,-0.03385649634863158f,-0.2588190451025206f,0.9212198336973717f,0.2904594978560801f,1.3904953703703704f,-0.5890581076530154f,-0.3888496701389603f,0.7083830036365001f,0.7056068158928517f,0f,0f,0f,1f], start_interpolation: 0, interpolation_duration: 1 }
$data merge entity $(bone_4) { transformation: [-0.8283552911815295f,-0.5516888911298109f,0.09729788782662852f,0.6962834454782673f,-0.36833175291431464f,0.405500370785378f,-0.8366009616824435f,1.1313514489239485f,0.42208912727838865f,-0.7288407347952505f,-0.5391029140493377f,0.26114652361538604f,0f,0f,0f,1f], start_interpolation: 0, interpolation_duration: 1 }
$data merge entity $(bone_group5) { transformation: [-3.313421164726118f,-1.1579367706080548f,-1.4416763559268015f,0.7290689069676479f,-1.4733270116572585f,2.434604325118999f,-0.9056203323560952f,0.912380034321715f,1.6883565091135546f,-0.1479331449866969f,-3.6195885261152068f,0.44458559019177196f,0f,0f,0f,1f], start_interpolation: 0, interpolation_duration: 1 }
$data merge entity $(bone_group7) { transformation: [-3.313421164726118f,-1.1579367706080548f,-1.4416763559268015f,0.7290689069676479f,-1.4733270116572585f,2.434604325118999f,-0.9056203323560952f,0.912380034321715f,1.6883565091135546f,-0.1479331449866969f,-3.6195885261152068f,0.44458559019177196f,0f,0f,0f,1f], start_interpolation: 0, interpolation_duration: 1 }
$data merge entity $(bone_group6) { transformation: [-2.290538516785814f,-2.6595132416857483f,-1.4416763559268015f,1.0925158593429265f,-2.493240782736497f,1.3717656878878928f,-0.9056203323560952f,0.983031187433006f,1.5361262000305f,0.7160643929365711f,-3.6195885261152068f,0.2821483423131804f,0f,0f,0f,1f], start_interpolation: 0, interpolation_duration: 1 }
$data merge entity $(bone_group8) { transformation: [-2.290538516785814f,-2.6595132416857483f,-1.4416763559268015f,1.0925158593429265f,-2.493240782736497f,1.3717656878878928f,-0.9056203323560952f,0.983031187433006f,1.5361262000305f,0.7160643929365711f,-3.6195885261152068f,0.2821483423131804f,0f,0f,0f,1f], start_interpolation: 0, interpolation_duration: 1 }
$data merge entity $(bone_group9) { transformation: [-2.290538516785814f,-2.6595132416857483f,-1.4416763559268015f,1.1467941454651789f,-2.493240782736497f,1.3717656878878928f,-0.9056203323560952f,0.8689091096930528f,1.5361262000305f,0.7160643929365711f,-3.6195885261152068f,0.28908270848443185f,0f,0f,0f,1f], start_interpolation: 0, interpolation_duration: 1 }
$data merge entity $(bone_group10) { transformation: [-2.290538516785814f,-2.6595132416857483f,-1.4416763559268015f,1.1467941454651789f,-2.493240782736497f,1.3717656878878928f,-0.9056203323560952f,0.8689091096930528f,1.5361262000305f,0.7160643929365711f,-3.6195885261152068f,0.28908270848443185f,0f,0f,0f,1f], start_interpolation: 0, interpolation_duration: 1 }
$data merge entity $(bone_group11) { transformation: [-2.290538516785814f,-2.6595132416857483f,-1.4416763559268015f,1.2010724315874315f,-2.493240782736497f,1.3717656878878928f,-0.9056203323560952f,0.7547870319530996f,1.5361262000305f,0.7160643929365711f,-3.6195885261152068f,0.2960170746556833f,0f,0f,0f,1f], start_interpolation: 0, interpolation_duration: 1 }
$data merge entity $(bone_group12) { transformation: [-2.290538516785814f,-2.6595132416857483f,-1.4416763559268015f,1.2010724315874315f,-2.493240782736497f,1.3717656878878928f,-0.9056203323560952f,0.7547870319530996f,1.5361262000305f,0.7160643929365711f,-3.6195885261152068f,0.2960170746556833f,0f,0f,0f,1f], start_interpolation: 0, interpolation_duration: 1 }
$data merge entity $(bone_group13) { transformation: [-2.495861034409417f,-2.0010723904135754f,-0.5766705423707207f,0.9236349800889339f,-1.996722890572952f,1.923189233956463f,-0.3622481329424381f,0.9678937023442862f,1.4936771541193365f,0.31584238657780356f,-1.4478354104460829f,0.30139925560427694f,0f,0f,0f,1f], start_interpolation: 0, interpolation_duration: 1 }
$data merge entity $(bone_group14) { transformation: [-2.495861034409417f,-2.0010723904135754f,-0.5766705423707207f,0.9236349800889339f,-1.996722890572952f,1.923189233956463f,-0.3622481329424381f,0.9678937023442862f,1.4936771541193365f,0.31584238657780356f,-1.4478354104460829f,0.30139925560427694f,0f,0f,0f,1f], start_interpolation: 0, interpolation_duration: 1 }
$data merge entity $(bone_group15) { transformation: [-2.4061999759986556f,-2.108035742169192f,-0.5766705423707207f,0.9857904547444749f,-2.0787107889914846f,1.8342629547244447f,-0.3622481329424381f,0.8997292758024771f,1.4784786530338445f,0.3806950569950083f,-1.4478354104460829f,0.29369755487738114f,0f,0f,0f,1f], start_interpolation: 0, interpolation_duration: 1 }
$data merge entity $(bone_group16) { transformation: [-2.4061999759986556f,-2.108035742169192f,-0.5766705423707207f,0.9857904547444749f,-2.0787107889914846f,1.8342629547244447f,-0.3622481329424381f,0.8997292758024771f,1.4784786530338445f,0.3806950569950083f,-1.4478354104460829f,0.29369755487738114f,0f,0f,0f,1f], start_interpolation: 0, interpolation_duration: 1 }
$data merge entity $(bone_group17) { transformation: [-2.2133162377909796f,-2.3097281758444073f,-0.5766705423707207f,1.1013181933472322f,-2.23066721707295f,1.6461114476304677f,-0.3622481329424381f,0.8271630974577427f,1.4396728349413792f,0.5081043025098841f,-1.4478354104460829f,0.26583908369498355f,0f,0f,0f,1f], start_interpolation: 0, interpolation_duration: 1 }
$data merge entity $(bone_group18) { transformation: [-2.2133162377909796f,-2.3097281758444073f,-0.5766705423707207f,1.1013181933472322f,-2.23066721707295f,1.6461114476304677f,-0.3622481329424381f,0.8271630974577427f,1.4396728349413792f,0.5081043025098841f,-1.4478354104460829f,0.26583908369498355f,0f,0f,0f,1f], start_interpolation: 0, interpolation_duration: 1 }
$data merge entity $(bone_group19) { transformation: [-2.2133162377909796f,-2.3097281758444073f,-0.5766705423707207f,1.1555964794694848f,-2.23066721707295f,1.6461114476304677f,-0.3622481329424381f,0.7130410197177898f,1.4396728349413792f,0.5081043025098841f,-1.4478354104460829f,0.2727734498662349f,0f,0f,0f,1f], start_interpolation: 0, interpolation_duration: 1 }
$data merge entity $(bone_group20) { transformation: [-2.2133162377909796f,-2.3097281758444073f,-0.5766705423707207f,1.1555964794694848f,-2.23066721707295f,1.6461114476304677f,-0.3622481329424381f,0.7130410197177898f,1.4396728349413792f,0.5081043025098841f,-1.4478354104460829f,0.2727734498662349f,0f,0f,0f,1f], start_interpolation: 0, interpolation_duration: 1 }
$data merge entity $(bone_bone11) { transformation: [-0.838792107481087f,-0.05790906349358815f,-0.3604190889817004f,0.5379098898934962f,0.04252967367820093f,1.4593293978566377f,-0.2264050830890238f,1.165409643777584f,0.32344864705894566f,-0.34205883838409834f,-0.9048971315288017f,0.350239417578649f,0f,0f,0f,1f], start_interpolation: 0, interpolation_duration: 1 }
$data merge entity $(bone_3) { transformation: [-0.8283552911815295f,-0.4288654705955758f,-0.3604190889817004f,0.5802271054258838f,-0.36833175291431464f,0.9017053055996291f,-0.2264050830890238f,1.4061203703703704f,0.42208912727838865f,-0.054790053698776625f,-0.9048971315288017f,0.2731587617838368f,0f,0f,0f,1f], start_interpolation: 0, interpolation_duration: 1 }
$data merge entity $(bone_8) { transformation: [-0.8601415250343036f,0.10648053786166528f,-0.49881705260381093f,0.08427458559442168f,0.10680622367696159f,0.9938858519444338f,0.027988281271880883f,0.3990888168735139f,0.49874741853520344f,-0.029202882758000703f,-0.8662552765455995f,0.5381718450226645f,0f,0f,0f,1f], start_interpolation: 0, interpolation_duration: 1 }
$data merge entity $(bone_7) { transformation: [-0.8601415250343036f,-0.0029885006058640307f,-0.5100466897998568f,0.08318274096616379f,0.10680622367696159f,0.9767577028003261f,-0.1858408475123181f,0.7654953703703704f,0.49874741853520344f,-0.2143255908293701f,-0.8398306696115069f,0.4578232763406763f,0f,0f,0f,1f], start_interpolation: 0, interpolation_duration: 1 }