# This file was generated by Animated Java via MC-Build. It is not recommended to edit this file directly.
$data merge entity $(bone_layer) { transformation: [-0.8465991903327489f,0.16555740935920218f,-0.505826605799066f,0.28818205731552454f,-0.03358436487249451f,0.9318778631609639f,0.361214255791029f,1.3710212593078612f,0.5311703129543717f,0.32279156178070284f,-0.7833669039978198f,0.46135338529444203f,0f,0f,0f,1f], start_interpolation: 0, interpolation_duration: 1 }
$data merge entity $(bone_head) { transformation: [-0.8465991903327489f,0.16555740935920218f,-0.505826605799066f,0.28818205731552454f,-0.03358436487249451f,0.9318778631609639f,0.361214255791029f,1.3710212593078612f,0.5311703129543717f,0.32279156178070284f,-0.7833669039978198f,0.46135338529444203f,0f,0f,0f,1f], start_interpolation: 0, interpolation_duration: 1 }
$data merge entity $(bone_6) { transformation: [-0.7018171161928872f,-0.09064718253813617f,-0.7065662203336622f,0.35888907639458467f,-0.1066315112610943f,0.994063610938593f,-0.021616156316539292f,0.39935102251936977f,0.7043312120195119f,0.060171635390969466f,-0.7073167028068134f,0.3317643331610395f,0f,0f,0f,1f], start_interpolation: 0, interpolation_duration: 1 }
$data merge entity $(bone_12) { transformation: [-0.7021483128354328f,-0.20902188702903984f,-0.6806596781984184f,0.28050586875869477f,-0.10607126121887922f,0.975980606615014f,-0.19029120593139848f,0.76534375f,0.704085672575285f,-0.06141421866480867f,-0.7074543514743548f,0.3087340011617362f,0f,0f,0f,1f], start_interpolation: 0, interpolation_duration: 1 }
$data merge entity $(bone_group3) { transformation: [1.2022835750782845f,-0.1230046097910501f,0.26793198126169454f,-1.0113149437401303f,0.3119138366320405f,0.8175493878004538f,-0.3867337833472859f,1.6550188508496617f,-0.24832584860030427f,0.43312150220056156f,0.8060787593293386f,0.9890329622875249f,0f,0f,0f,1f], start_interpolation: 0, interpolation_duration: 1 }
$data merge entity $(bone_group1) { transformation: [1.2043717955571316f,-0.12247765541982171f,0.25863348102100203f,-1.008273404521979f,0.308824652743683f,0.8167900044978565f,-0.3907962187223116f,1.6576255985255317f,-0.2419353868684208f,0.43470067808075125f,0.8071713065083649f,0.9847007067943923f,0f,0f,0f,1f], start_interpolation: 0, interpolation_duration: 1 }
$data merge entity $(bone_group4) { transformation: [1.1658779457758701f,-0.12001970062456885f,0.2538673533175166f,-1.0101845716690376f,0.30115520461835016f,0.7909885959956808f,-0.3775898817861135f,1.6559370293414721f,-0.23613205911416374f,0.421250194814813f,0.7813461921820886f,0.9860236386571819f,0f,0f,0f,1f], start_interpolation: 0, interpolation_duration: 1 }
$data merge entity $(bone_group2) { transformation: [1.1647122133570884f,-0.11916071573507979f,0.25955910684726663f,-1.0113149437401303f,0.30216652923728926f,0.7920009694316897f,-0.37464835261768326f,1.6550188508496617f,-0.24056566583154476f,0.41958645525679406f,0.7808887981002969f,0.9890329622875249f,0f,0f,0f,1f], start_interpolation: 0, interpolation_duration: 1 }
$data merge entity $(bone_10) { transformation: [-0.7928444704931911f,0.21813004202586472f,-0.5690491458337902f,0.21682654828566025f,0.0008063570765964621f,0.934123780676186f,0.3569483326246164f,1.0659040560318307f,0.6094234942932844f,0.2825456549675171f,-0.7407907649683142f,0.4202673379284064f,0f,0f,0f,1f], start_interpolation: 0, interpolation_duration: 1 }
$data merge entity $(bone_9) { transformation: [-0.7928444704931911f,0.21813004202586472f,-0.5690491458337902f,0.2986253140453595f,0.0008063570765964621f,0.934123780676186f,0.3569483326246164f,1.4162004737854004f,0.6094234942932844f,0.2825456549675171f,-0.7407907649683142f,0.5262219585412253f,0f,0f,0f,1f], start_interpolation: 0, interpolation_duration: 1 }
$data merge entity $(bone_bone12) { transformation: [-0.7427927931446356f,0.9823853076169053f,-0.5708387489108866f,0.11704899952992937f,0.8529877913931956f,1.111635332467394f,0.35694924341596346f,1.8642794492411925f,0.9852262147276376f,-0.22177915814734422f,-0.7394121721791067f,0.2910246503902152f,0f,0f,0f,1f], start_interpolation: 0, interpolation_duration: 1 }
$data merge entity $(bone_bone1) { transformation: [0.6224136720363108f,-0.8175145267555408f,0.7337181555689972f,0.28530976276539766f,-0.6104229910921737f,1.2531879335273997f,0.6729680486699764f,0.5326267859443213f,-0.48988263166636065f,-2.600228836430553f,0.09365721359165502f,1.4987125827890342f,0f,0f,0f,1f], start_interpolation: 0, interpolation_duration: 1 }
$data merge entity $(bone_2) { transformation: [0.7645853024567006f,-0.287244727548001f,0.5769746803483405f,-0.038151208882645865f,-0.2588190451025206f,0.6830127018922192f,0.6830127018922194f,1.0448863123634857f,-0.5902728328149741f,-0.6715535090741206f,0.44787706716332343f,0.8551186289537633f,0f,0f,0f,1f], start_interpolation: 0, interpolation_duration: 1 }
$data merge entity $(bone_bone2) { transformation: [1.4830845138028064f,-0.37331476292106724f,0.6444176465428842f,0.1522683621431437f,-0.023141524625886256f,1.913634654331585f,0.2904594978560801f,0.9226053114817697f,-1.3416127588675806f,-0.4456887899941199f,0.7073607120340538f,0.731854709684092f,0f,0f,0f,1f], start_interpolation: 0, interpolation_duration: 1 }
$data merge entity $(bone_1) { transformation: [0.7645853024567006f,0.01162807341416952f,0.6444176465428842f,-0.03379068135233229f,-0.2588190451025206f,0.9212198336973717f,0.2904594978560801f,1.39034375f,-0.5902728328149741f,-0.38886862294515545f,0.7073607120340538f,0.70929289534933f,0f,0f,0f,1f], start_interpolation: 0, interpolation_duration: 1 }
$data merge entity $(bone_4) { transformation: [-0.8282916569497907f,-0.5519725451500856f,0.0962249470143107f,0.6960724418388247f,-0.36642192519548966f,0.4037132664726084f,-0.8383021956371387f,1.1310392234163746f,0.4238725088554355f,-0.7296176449857509f,-0.5366471730681579f,0.26453355303193427f,0f,0f,0f,1f], start_interpolation: 0, interpolation_duration: 1 }
$data merge entity $(bone_group5) { transformation: [-3.3131666277991627f,-1.1552915708120086f,-1.446909542184755f,0.7288169403013398f,-1.4656877007819586f,2.435605795337829f,-0.9120830238753402f,0.912442854926047f,1.695490035421742f,-0.1520716808860325f,-3.6158757354606528f,0.4484266838108458f,0f,0f,0f,1f], start_interpolation: 0, interpolation_duration: 1 }
$data merge entity $(bone_group7) { transformation: [-3.3131666277991627f,-1.1552915708120086f,-1.446909542184755f,0.7288169403013398f,-1.4656877007819586f,2.435605795337829f,-0.9120830238753402f,0.912442854926047f,1.695490035421742f,-0.1520716808860325f,-3.6158757354606528f,0.4484266838108458f,0f,0f,0f,1f], start_interpolation: 0, interpolation_duration: 1 }
$data merge entity $(bone_group6) { transformation: [-2.291640681238893f,-2.6570951630008093f,-1.446909542184755f,1.0921571424010392f,-2.4871256805604958f,1.3764526419761833f,-0.9120830238753402f,0.9823075024743977f,1.5443732829816226f,0.7160470788673663f,-3.6158757354606528f,0.28541146769192577f,0f,0f,0f,1f], start_interpolation: 0, interpolation_duration: 1 }
$data merge entity $(bone_group8) { transformation: [-2.291640681238893f,-2.6570951630008093f,-1.446909542184755f,1.0921571424010392f,-2.4871256805604958f,1.3764526419761833f,-0.9120830238753402f,0.9823075024743977f,1.5443732829816226f,0.7160470788673663f,-3.6158757354606528f,0.28541146769192577f,0f,0f,0f,1f], start_interpolation: 0, interpolation_duration: 1 }
$data merge entity $(bone_group9) { transformation: [-2.291640681238893f,-2.6570951630008093f,-1.446909542184755f,1.1463114347828522f,-2.4871256805604958f,1.3764526419761833f,-0.9120830238753402f,0.8681384808179371f,1.5443732829816226f,0.7160470788673663f,-3.6158757354606528f,0.29253982773345855f,0f,0f,0f,1f], start_interpolation: 0, interpolation_duration: 1 }
$data merge entity $(bone_group10) { transformation: [-2.291640681238893f,-2.6570951630008093f,-1.446909542184755f,1.1463114347828522f,-2.4871256805604958f,1.3764526419761833f,-0.9120830238753402f,0.8681384808179371f,1.5443732829816226f,0.7160470788673663f,-3.6158757354606528f,0.29253982773345855f,0f,0f,0f,1f], start_interpolation: 0, interpolation_duration: 1 }
$data merge entity $(bone_group11) { transformation: [-2.291640681238893f,-2.6570951630008093f,-1.446909542184755f,1.2004657271646653f,-2.4871256805604958f,1.3764526419761833f,-0.9120830238753402f,0.7539694591614763f,1.5443732829816226f,0.7160470788673663f,-3.6158757354606528f,0.2996681877749913f,0f,0f,0f,1f], start_interpolation: 0, interpolation_duration: 1 }
$data merge entity $(bone_group12) { transformation: [-2.291640681238893f,-2.6570951630008093f,-1.446909542184755f,1.2004657271646653f,-2.4871256805604958f,1.3764526419761833f,-0.9120830238753402f,0.7539694591614763f,1.5443732829816226f,0.7160470788673663f,-3.6158757354606528f,0.2996681877749913f,0f,0f,0f,1f], start_interpolation: 0, interpolation_duration: 1 }
$data merge entity $(bone_group13) { transformation: [-2.4964379807652906f,-1.9984807318728595f,-0.5787638168739021f,0.9232812619229236f,-1.9904668722293568f,1.9262118196558076f,-0.3648332095501361f,0.9674090321919218f,1.5010446643285775f,0.31382597819793656f,-1.4463502941842612f,0.3048913309085256f,0f,0f,0f,1f], start_interpolation: 0, interpolation_duration: 1 }
$data merge entity $(bone_group14) { transformation: [-2.4964379807652906f,-1.9984807318728595f,-0.5787638168739021f,0.9232812619229236f,-1.9904668722293568f,1.9262118196558076f,-0.3648332095501361f,0.9674090321919218f,1.5010446643285775f,0.31382597819793656f,-1.4463502941842612f,0.3048913309085256f,0f,0f,0f,1f], start_interpolation: 0, interpolation_duration: 1 }
$data merge entity $(bone_group15) { transformation: [-2.4068894197872455f,-2.105471716359728f,-0.5787638168739021f,0.9853489324422453f,-2.0725925683275976f,1.8375555472794476f,-0.3648332095501361f,0.8991554877925687f,1.4859271055040808f,0.37900193407085436f,-1.4463502941842612f,0.29727121130668194f,0f,0f,0f,1f], start_interpolation: 0, interpolation_duration: 1 }
$data merge entity $(bone_group16) { transformation: [-2.4068894197872455f,-2.105471716359728f,-0.5787638168739021f,0.9853489324422453f,-2.0725925683275976f,1.8375555472794476f,-0.3648332095501361f,0.8991554877925687f,1.4859271055040808f,0.37900193407085436f,-1.4463502941842612f,0.29727121130668194f,0f,0f,0f,1f], start_interpolation: 0, interpolation_duration: 1 }
$data merge entity $(bone_group17) { transformation: [-2.214226527611652f,-2.307233995912726f,-0.5787638168739021f,1.1007603838401945f,-2.2248592464355266f,1.6499247489429933f,-0.3648332095501361f,0.8263930508863266f,1.4472405091872347f,0.5070667978369885f,-1.4463502941842612f,0.26944267012085454f,0f,0f,0f,1f], start_interpolation: 0, interpolation_duration: 1 }
$data merge entity $(bone_group18) { transformation: [-2.214226527611652f,-2.307233995912726f,-0.5787638168739021f,1.1007603838401945f,-2.2248592464355266f,1.6499247489429933f,-0.3648332095501361f,0.8263930508863266f,1.4472405091872347f,0.5070667978369885f,-1.4463502941842612f,0.26944267012085454f,0f,0f,0f,1f], start_interpolation: 0, interpolation_duration: 1 }
$data merge entity $(bone_group19) { transformation: [-2.214226527611652f,-2.307233995912726f,-0.5787638168739021f,1.1549146762220073f,-2.2248592464355266f,1.6499247489429933f,-0.3648332095501361f,0.712224029229866f,1.4472405091872347f,0.5070667978369885f,-1.4463502941842612f,0.27657103016238727f,0f,0f,0f,1f], start_interpolation: 0, interpolation_duration: 1 }
$data merge entity $(bone_group20) { transformation: [-2.214226527611652f,-2.307233995912726f,-0.5787638168739021f,1.1549146762220073f,-2.2248592464355266f,1.6499247489429933f,-0.3648332095501361f,0.712224029229866f,1.4472405091872347f,0.5070667978369885f,-1.4463502941842612f,0.27657103016238727f,0f,0f,0f,1f], start_interpolation: 0, interpolation_duration: 1 }
$data merge entity $(bone_bone11) { transformation: [-0.838367565921394f,-0.05661753343540399f,-0.3617273855461888f,0.5378415605855436f,0.04422855610601256f,1.4586229503381796f,-0.22802075596883506f,1.165481091900058f,0.32432030345911783f,-0.3452731435464321f,-0.9039689338651632f,0.3537323950264507f,0f,0f,0f,1f], start_interpolation: 0, interpolation_duration: 1 }
$data merge entity $(bone_3) { transformation: [-0.8282916569497907f,-0.42788576696741054f,-0.3617273855461888f,0.5803478355686931f,-0.36642192519548966f,0.9020762204954922f,-0.22802075596883506f,1.40596875f,0.4238725088554355f,-0.05632284477260463f,-0.9039689338651632f,0.2760617376733536f,0f,0f,0f,1f], start_interpolation: 0, interpolation_duration: 1 }
$data merge entity $(bone_8) { transformation: [-0.8597985059966571f,0.1062888155241969f,-0.4994489130835904f,0.08369073689134965f,0.10665158083935375f,0.9939045220138689f,0.027914896110316972f,0.39862997594958527f,0.4993715744717388f,-0.02926583015815945f,-0.865893493332044f,0.5408170076335425f,0f,0f,0f,1f], start_interpolation: 0, interpolation_duration: 1 }
$data merge entity $(bone_7) { transformation: [-0.8597985059966571f,-0.0021128941359516568f,-0.5106290872681333f,0.08296142575887727f,0.10665158083935375f,0.9771938371297755f,-0.18362365038320275f,0.76534375f,0.4993715744717388f,-0.2123387396448329f,-0.8399644577335761f,0.4612416645992792f,0f,0f,0f,1f], start_interpolation: 0, interpolation_duration: 1 }