# This file was generated by Animated Java via MC-Build. It is not recommended to edit this file directly.
$data merge entity $(bone_layer) { transformation: [-0.8470120393138276f,0.15678731685975228f,-0.5079255285269194f,0.2880382539709154f,-0.03583528063175781f,0.9364975726042926f,0.34883825645750355f,1.3704108525028935f,0.5303644387772185f,0.31367185684754617f,-0.7876062012848417f,0.4657726524761515f,0f,0f,0f,1f], start_interpolation: 0, interpolation_duration: 1 }
$data merge entity $(bone_head) { transformation: [-0.8470120393138276f,0.15678731685975228f,-0.5079255285269194f,0.2880382539709154f,-0.03583528063175781f,0.9364975726042926f,0.34883825645750355f,1.3704108525028935f,0.5303644387772185f,0.31367185684754617f,-0.7876062012848417f,0.4657726524761515f,0f,0f,0f,1f], start_interpolation: 0, interpolation_duration: 1 }
$data merge entity $(bone_6) { transformation: [-0.7003066446906185f,-0.09356680708577231f,-0.7076834433657054f,0.35838951087388127f,-0.10640790644153031f,0.9939794047175142f,-0.026120881381508504f,0.3992603703042825f,0.7058668152342183f,0.057010486835232084f,-0.7060466298637164f,0.33656573226934466f,0f,0f,0f,1f], start_interpolation: 0, interpolation_duration: 1 }
$data merge entity $(bone_12) { transformation: [-0.7008768900009725f,-0.2099791093457028f,-0.6816746721867772f,0.2796473448692427f,-0.105447521114821f,0.9756883952379626f,-0.19212749852300917f,0.7651435185185185f,0.7054448280009601f,-0.06277681925961924f,-0.7059792246308251f,0.31302442504698746f,0f,0f,0f,1f], start_interpolation: 0, interpolation_duration: 1 }
$data merge entity $(bone_group3) { transformation: [1.2023135840972938f,-0.12229962384768317f,0.2689993909407777f,-1.0124637584880394f,0.3110979801836144f,0.8174692867608473f,-0.38694940537203115f,1.6559405103833718f,-0.24919196969808766f,0.43347276735730456f,0.8056225751865431f,0.9952047302593836f,0f,0f,0f,1f], start_interpolation: 0, interpolation_duration: 1 }
$data merge entity $(bone_group1) { transformation: [1.2058660741345397f,-0.12140478788070631f,0.25302907650242035f,-1.0072385345001178f,0.3057764528025514f,0.8161564497621013f,-0.3939000391122008f,1.6604135027618971f,-0.2382244640562328f,0.436189637882023f,0.8074718050694281f,0.9877782601839454f,0f,0f,0f,1f], start_interpolation: 0, interpolation_duration: 1 }
$data merge entity $(bone_group4) { transformation: [1.166733230432527f,-0.11996170662655076f,0.2508202399499257f,-1.0105296021677275f,0.29963329837641234f,0.7901810519304743f,-0.3798973027326346f,1.6575156122189711f,-0.23379378849981883f,0.42278424841863993f,0.7812208197074828f,0.9900388317440728f,0f,0f,0f,1f], start_interpolation: 0, interpolation_duration: 1 }
$data merge entity $(bone_group2) { transformation: [1.1647412845942535f,-0.11847776060244308f,0.2605931599738784f,-1.0124637584880394f,0.3013761683028765f,0.7919233715495709f,-0.37485723645415525f,1.6559405103833718f,-0.24140472064502244f,0.41992674337738883f,0.7804468697119638f,0.9952047302593836f,0f,0f,0f,1f], start_interpolation: 0, interpolation_duration: 1 }
$data merge entity $(bone_10) { transformation: [-0.7924864981006499f,0.2193156621255224f,-0.5690920757439981f,0.21640419903865069f,0.0013878462299511385f,0.9337529942753885f,0.35791538045268234f,1.0655610968371227f,0.6098878783932427f,0.2828532941794916f,-0.740291016939149f,0.42473349890032075f,0f,0f,0f,1f], start_interpolation: 0, interpolation_duration: 1 }
$data merge entity $(bone_9) { transformation: [-0.7924864981006499f,0.2193156621255224f,-0.5690920757439981f,0.2986475723357216f,0.0013878462299511385f,0.9337529942753885f,0.35791538045268234f,1.4157184696903935f,0.6098878783932427f,0.2828532941794916f,-0.740291016939149f,0.5308034842176301f,0f,0f,0f,1f], start_interpolation: 0, interpolation_duration: 1 }
$data merge entity $(bone_bone12) { transformation: [-0.7401832310548935f,0.9826245823423114f,-0.57216070572358f,0.11686340799588107f,0.8526492107043859f,1.1111940855229832f,0.35791807118633495f,1.864105436545474f,0.9874806873809363f,-0.22292741974763808f,-0.7379205791575056f,0.2963548852673126f,0f,0f,0f,1f], start_interpolation: 0, interpolation_duration: 1 }
$data merge entity $(bone_bone1) { transformation: [0.6213851092282625f,-0.8229649352707664f,0.7339129247154293f,0.28705209774888496f,-0.6104229910921737f,1.2531879335273997f,0.6729680486699764f,0.5324265544628398f,-0.49118664270872f,-2.5985089414077653f,0.09211853453550184f,1.502908360273592f,0f,0f,0f,1f], start_interpolation: 0, interpolation_duration: 1 }
$data merge entity $(bone_2) { transformation: [0.7633459271651927f,-0.28865222133107965f,0.5779125285031854f,-0.03775766197870792f,-0.2588190451025206f,0.6830127018922192f,0.6830127018922194f,1.0446860808820042f,-0.5918747311488565f,-0.6709497329714974f,0.44666627189988795f,0.8599940599360458f,0f,0f,0f,1f], start_interpolation: 0, interpolation_duration: 1 }
$data merge entity $(bone_bone2) { transformation: [1.4802681362105676f,-0.3742484703683437f,0.6458994363185814f,0.15240302848347323f,-0.023141524625886256f,1.913634654331585f,0.2904594978560801f,0.9224050800002882f,-1.3447195673290693f,-0.4449050372474898f,0.706007930740535f,0.7363311365260266f,0f,0f,0f,1f], start_interpolation: 0, interpolation_duration: 1 }
$data merge entity $(bone_1) { transformation: [0.7633459271651927f,0.010812661265872464f,0.6458994363185814f,-0.03370291400400574f,-0.2588190451025206f,0.9212198336973717f,0.2904594978560801f,1.3901435185185185f,-0.5918747311488565f,-0.3888921500351174f,0.706007930740535f,0.7141595036728768f,0f,0f,0f,1f], start_interpolation: 0, interpolation_duration: 1 }
$data merge entity $(bone_4) { transformation: [-0.8282006898808859f,-0.5523534217332711f,0.09481199702765455f,0.6957978987778342f,-0.3638865685281638f,0.4013321337500324f,-0.8405468955771854f,1.1306289533390341f,0.4262278528271266f,-0.7306423310479577f,-0.5333775412924545f,0.2690099422026676f,0f,0f,0f,1f], start_interpolation: 0, interpolation_duration: 1 }
$data merge entity $(bone_group5) { transformation: [-3.3128027595235436f,-1.1518036366974214f,-1.453829305236128f,0.7284899279449517f,-1.4555462741126552f,2.436906962537441f,-0.9206552405951872f,0.9125325628507106f,1.7049114113085064f,-0.15758438509934639f,-3.6109242970742623f,0.45350507419614755f,0f,0f,0f,1f], start_interpolation: 0, interpolation_duration: 1 }
$data merge entity $(bone_group7) { transformation: [-3.3128027595235436f,-1.1518036366974214f,-1.453829305236128f,0.7284899279449517f,-1.4555462741126552f,2.436906962537441f,-0.9206552405951872f,0.9125325628507106f,1.7049114113085064f,-0.15758438509934639f,-3.6109242970742623f,0.45350507419614755f,0f,0f,0f,1f], start_interpolation: 0, interpolation_duration: 1 }
$data merge entity $(bone_group6) { transformation: [-2.293069529125869f,-2.653892589313041f,-1.453829305236128f,1.0916865770667807f,-2.478993531034068f,1.3826501991602695f,-0.9206552405951872f,0.9813539726247853f,1.55528878594482f,0.7159836249184692f,-3.6109242970742623f,0.2897279703367013f,0f,0f,0f,1f], start_interpolation: 0, interpolation_duration: 1 }
$data merge entity $(bone_group8) { transformation: [-2.293069529125869f,-2.653892589313041f,-1.453829305236128f,1.0916865770667807f,-2.478993531034068f,1.3826501991602695f,-0.9206552405951872f,0.9813539726247853f,1.55528878594482f,0.7159836249184692f,-3.6109242970742623f,0.2897279703367013f,0f,0f,0f,1f], start_interpolation: 0, interpolation_duration: 1 }
$data merge entity $(bone_group9) { transformation: [-2.293069529125869f,-2.653892589313041f,-1.453829305236128f,1.1456773725369724f,-2.478993531034068f,1.3826501991602695f,-0.9206552405951872f,0.8671239587558428f,1.55528878594482f,0.7159836249184692f,-3.6109242970742623f,0.2971147383882331f,0f,0f,0f,1f], start_interpolation: 0, interpolation_duration: 1 }
$data merge entity $(bone_group10) { transformation: [-2.293069529125869f,-2.653892589313041f,-1.453829305236128f,1.1456773725369724f,-2.478993531034068f,1.3826501991602695f,-0.9206552405951872f,0.8671239587558428f,1.55528878594482f,0.7159836249184692f,-3.6109242970742623f,0.2971147383882331f,0f,0f,0f,1f], start_interpolation: 0, interpolation_duration: 1 }
$data merge entity $(bone_group11) { transformation: [-2.293069529125869f,-2.653892589313041f,-1.453829305236128f,1.1996681680071641f,-2.478993531034068f,1.3826501991602695f,-0.9206552405951872f,0.7528939448869001f,1.55528878594482f,0.7159836249184692f,-3.6109242970742623f,0.304501506439765f,0f,0f,0f,1f], start_interpolation: 0, interpolation_duration: 1 }
$data merge entity $(bone_group12) { transformation: [-2.293069529125869f,-2.653892589313041f,-1.453829305236128f,1.1996681680071641f,-2.478993531034068f,1.3826501991602695f,-0.9206552405951872f,0.7528939448869001f,1.55528878594482f,0.7159836249184692f,-3.6109242970742623f,0.304501506439765f,0f,0f,0f,1f], start_interpolation: 0, interpolation_duration: 1 }
$data merge entity $(bone_group13) { transformation: [-2.497174498173768f,-1.9950557544140237f,-0.5815317220944513f,0.922818145650929f,-1.9821532952850487f,1.930197392103071f,-0.36826209623807493f,0.9667722811847963f,1.5107891597507928f,0.3111181748768517f,-1.444369718829705f,0.30950977108518746f,0f,0f,0f,1f], start_interpolation: 0, interpolation_duration: 1 }
$data merge entity $(bone_group14) { transformation: [-2.497174498173768f,-1.9950557544140237f,-0.5815317220944513f,0.922818145650929f,-1.9821532952850487f,1.930197392103071f,-0.36826209623807493f,0.9667722811847963f,1.5107891597507928f,0.3111181748768517f,-1.444369718829705f,0.30950977108518746f,0f,0f,0f,1f], start_interpolation: 0, interpolation_duration: 1 }
$data merge entity $(bone_group15) { transformation: [-2.407774631612843f,-2.102082125158662f,-0.5815317220944513f,0.9847698293308442f,-2.064460752294852f,1.8418999594779975f,-0.36826209623807493f,0.8984013497489027f,1.4957804390478289f,0.3767217568990324f,-1.444369718829705f,0.3019989193806184f,0f,0f,0f,1f], start_interpolation: 0, interpolation_duration: 1 }
$data merge entity $(bone_group16) { transformation: [-2.407774631612843f,-2.102082125158662f,-0.5815317220944513f,0.9847698293308442f,-2.064460752294852f,1.8418999594779975f,-0.36826209623807493f,0.8984013497489027f,1.4957804390478289f,0.3767217568990324f,-1.444369718829705f,0.3019989193806184f,0f,0f,0f,1f], start_interpolation: 0, interpolation_duration: 1 }
$data merge entity $(bone_group17) { transformation: [-2.2154037932777406f,-2.3039344544236746f,-0.5815317220944513f,1.1000273756681485f,-2.2171370148898144f,1.6549613638077347f,-0.36826209623807493f,0.8253795632314166f,1.4572550783570526f,0.5056540720312555f,-1.444369718829705f,0.27421187655583945f,0f,0f,0f,1f], start_interpolation: 0, interpolation_duration: 1 }
$data merge entity $(bone_group18) { transformation: [-2.2154037932777406f,-2.3039344544236746f,-0.5815317220944513f,1.1000273756681485f,-2.2171370148898144f,1.6549613638077347f,-0.36826209623807493f,0.8253795632314166f,1.4572550783570526f,0.5056540720312555f,-1.444369718829705f,0.27421187655583945f,0f,0f,0f,1f], start_interpolation: 0, interpolation_duration: 1 }
$data merge entity $(bone_group19) { transformation: [-2.2154037932777406f,-2.3039344544236746f,-0.5815317220944513f,1.1540181711383402f,-2.2171370148898144f,1.6549613638077347f,-0.36826209623807493f,0.7111495493624741f,1.4572550783570526f,0.5056540720312555f,-1.444369718829705f,0.28159864460737133f,0f,0f,0f,1f], start_interpolation: 0, interpolation_duration: 1 }
$data merge entity $(bone_group20) { transformation: [-2.2154037932777406f,-2.3039344544236746f,-0.5815317220944513f,1.1540181711383402f,-2.2171370148898144f,1.6549613638077347f,-0.36826209623807493f,0.7111495493624741f,1.4572550783570526f,0.5056540720312555f,-1.444369718829705f,0.28159864460737133f,0f,0f,0f,1f], start_interpolation: 0, interpolation_duration: 1 }
$data merge entity $(bone_bone11) { transformation: [-0.837802011290582f,-0.05491901003625199f,-0.363457326309032f,0.5377564006013313f,0.04647988725418528f,1.4576708616107474f,-0.2301638101487968f,1.165579121161764f,0.3254649135595015f,-0.3495419310291952f,-0.9027310742685656f,0.35834671023962705f,0f,0f,0f,1f], start_interpolation: 0, interpolation_duration: 1 }
$data merge entity $(bone_3) { transformation: [-0.8282006898808859f,-0.4265939395175634f,-0.363457326309032f,0.5805108644307148f,-0.3638865685281638f,0.9025581342731261f,-0.2301638101487968f,1.4057685185185185f,0.4262278528271266f,-0.05836458707383199f,-0.9027310742685656f,0.27989330148601643f,0f,0f,0f,1f], start_interpolation: 0, interpolation_duration: 1 }
$data merge entity $(bone_8) { transformation: [-0.8593473079177478f,0.10603488563690479f,-0.5002787297122357f,0.08291543381116612f,0.1064464097229021f,0.993929234194033f,0.027817966704401287f,0.3980254735961486f,0.5001913296245984f,-0.029347579839428845f,-0.8654174445468179f,0.5443037213652808f,0f,0f,0f,1f], start_interpolation: 0, interpolation_duration: 1 }
$data merge entity $(bone_7) { transformation: [-0.8593473079177478f,-0.0009453907135019285f,-0.5113915433510008f,0.08266975339875023f,0.1064464097229021f,0.977764536503181f,-0.18068113629768784f,0.7651435185185185f,0.5001913296245984f,-0.20970364182130558f,-0.8401386887742153f,0.4657547336069715f,0f,0f,0f,1f], start_interpolation: 0, interpolation_duration: 1 }