# This file was generated by Animated Java via MC-Build. It is not recommended to edit this file directly.
$data merge entity $(bone_layer) { transformation: [-0.8474663528430434f,0.14709833723830618f,-0.5100616237089748f,0.28786688168303104f,-0.03831600484917097f,0.9413849679848387f,0.33515104926671874f,1.3696710409941497f,0.529464507376376f,0.30357276102099434f,-0.7921558648364485f,0.4711107651934553f,0f,0f,0f,1f], start_interpolation: 0, interpolation_duration: 1 }
$data merge entity $(bone_head) { transformation: [-0.8474663528430434f,0.14709833723830618f,-0.5100616237089748f,0.28786688168303104f,-0.03831600484917097f,0.9413849679848387f,0.33515104926671874f,1.3696710409941497f,0.529464507376376f,0.30357276102099434f,-0.7921558648364485f,0.4711107651934553f,0f,0f,0f,1f], start_interpolation: 0, interpolation_duration: 1 }
$data merge entity $(bone_6) { transformation: [-0.6984764389205881f,-0.09712424135125942f,-0.7090116684616384f,0.35778880200240826f,-0.10613180031336913f,0.9938502040644833f,-0.0315881756869226f,0.3991532591337219f,0.707719368983962f,0.053185088351219725f,-0.7044889219441396f,0.34237045842715f,0f,0f,0f,1f], start_interpolation: 0, interpolation_duration: 1 }
$data merge entity $(bone_12) { transformation: [-0.6993388288019509f,-0.21114489778418805f,-0.6828931356146586f,0.27860946533333775f,-0.10468712011229127f,0.9753289632977292f,-0.19435539672252825f,0.7649016203703703f,0.7070826043769642f,-0.06443015980332045f,-0.7041895661646858f,0.31820914850090487f,0f,0f,0f,1f], start_interpolation: 0, interpolation_duration: 1 }
$data merge entity $(bone_group3) { transformation: [1.2023506977177447f,-0.12144214286829581f,0.2702859809522754f,-1.0138559965118832f,0.3101006113120272f,0.8173751432221673f,-0.38720994579983536f,1.657072463260178f,-0.2502337377837109f,0.4338922780964221f,0.8050722155581873f,1.002654709769447f,0f,0f,0f,1f], start_interpolation: 0, interpolation_duration: 1 }
$data merge entity $(bone_group1) { transformation: [1.2076446743074398f,-0.12011168106800799f,0.24620607334917538f,-1.0059748971813811f,0.30204811569788403f,0.8153799906092659f,-0.39764112304596205f,1.6638091340219068f,-0.2337120152501724f,0.4379971671031678f,0.807810547293102f,0.9914831914544161f,0f,0f,0f,1f], start_interpolation: 0, interpolation_duration: 1 }
$data merge entity $(bone_group4) { transformation: [1.1677618993251386f,-0.11990040434957847f,0.24710895561379953f,-1.01095289893102f,0.29777133362517644f,0.7891986668476796f,-0.382686907564797f,1.6594439227956888f,-0.230945188598879f,0.4246416530621099f,0.7810593107995099f,0.9948704365438605f,0f,0f,0f,1f], start_interpolation: 0, interpolation_duration: 1 }
$data merge entity $(bone_group2) { transformation: [1.1647772384140653f,-0.11764707590366158f,0.26183954404751686f,-1.0138559965118832f,0.3004099672085264f,0.7918321699964747f,-0.37510963499359057f,1.657072463260178f,-0.24241393347796994f,0.42033314440590896f,0.779913708821994f,1.002654709769447f,0f,0f,0f,1f], start_interpolation: 0, interpolation_duration: 1 }
$data merge entity $(bone_10) { transformation: [-0.7920576728425341f,0.22075413923052775f,-0.569132895643766f,0.21589516164349182f,0.002097924167232767f,0.9333015451029785f,0.359087488813773f,1.065146447298306f,0.6104426603747953f,0.28322400308056833f,-0.7396917753183149f,0.43012913986133694f,0f,0f,0f,1f], start_interpolation: 0, interpolation_duration: 1 }
$data merge entity $(bone_9) { transformation: [-0.7920576728425341f,0.22075413923052775f,-0.569132895643766f,0.2986779638549397f,0.002097924167232767f,0.9333015451029785f,0.359087488813773f,1.415134526711923f,0.6104426603747953f,0.28322400308056833f,-0.7396917753183149f,0.5363381410165501f,0f,0f,0f,1f], start_interpolation: 0, interpolation_duration: 1 }
$data merge entity $(bone_bone12) { transformation: [-0.7370195191295215f,0.9829167218633494f,-0.5737506025379537f,0.1166477437541249f,0.8522369734394042f,1.1106568474596283f,0.359093617192499f,1.8638947170783222f,0.9901991564957695f,-0.22431247195028414f,-0.7361127768072919f,0.3027963021260375f,0f,0f,0f,1f], start_interpolation: 0, interpolation_duration: 1 }
$data merge entity $(bone_bone1) { transformation: [0.6201388667177052f,-0.8295447045891085f,0.7341439199626314f,0.28915640633225953f,-0.6104229910921737f,1.2531879335273997f,0.6729680486699764f,0.5321846563146916f,-0.49275912770050617f,-2.5964159116654426f,0.09025912835400918f,1.5079706954402274f,0f,0f,0f,1f], start_interpolation: 0, interpolation_duration: 1 }
$data merge entity $(bone_2) { transformation: [0.7618441712759302f,-0.29035091070557284f,0.5790421464326541f,-0.037280908839198476f,-0.2588190451025206f,0.6830127018922192f,0.6830127018922194f,1.044444182733856f,-0.5938065009623168f,-0.6702163812578255f,0.44520090039054816f,0.8658812492908117f,0f,0f,0f,1f], start_interpolation: 0, interpolation_duration: 1 }
$data merge entity $(bone_bone2) { transformation: [1.4768570121548141f,-0.37537428026957265f,0.6476857871223617f,0.1525659149234772f,-0.023141524625886256f,1.913634654331585f,0.2904594978560801f,0.92216318185214f,-1.3484649923105685f,-0.4439555827482471f,0.7043695062003182f,0.741737017324162f,0f,0f,0f,1f], start_interpolation: 0, interpolation_duration: 1 }
$data merge entity $(bone_1) { transformation: [0.7618441712759302f,0.009827504900909806f,0.6476857871223617f,-0.033595594501357295f,-0.2588190451025206f,0.9212198336973717f,0.2904594978560801f,1.3899016203703702f,-0.5938065009623168f,-0.38891829238287234f,0.7043695062003182f,0.7200368896472346f,0f,0f,0f,1f], start_interpolation: 0, interpolation_duration: 1 }
$data merge entity $(bone_4) { transformation: [-0.8280796597806893f,-0.5528239724142301f,0.09311139877398675f,0.6954721438409847f,-0.3608051392515767f,0.39842490937516345f,-0.8432539611997343f,1.1301366310199707f,0.42907310396615184f,-0.7318765244995521f,-0.5293892937520635f,0.2744222994895407f,0f,0f,0f,1f], start_interpolation: 0, interpolation_duration: 1 }
$data merge entity $(bone_group5) { transformation: [-3.3123186391227573f,-1.1476008487577267f,-1.4622028695328608f,0.7281035861963485f,-1.4432205570063068f,2.4384450364692976f,-0.9310625680239827f,0.9126511028971456f,1.7162924158646073f,-0.16431097361038347f,-3.604869659606912f,0.4596478162828137f,0f,0f,0f,1f], start_interpolation: 0, interpolation_duration: 1 }
$data merge entity $(bone_group7) { transformation: [-3.3123186391227573f,-1.1476008487577267f,-1.4622028695328608f,0.7281035861963485f,-1.4432205570063068f,2.4384450364692976f,-0.9310625680239827f,0.9126511028971456f,1.7162924158646073f,-0.16431097361038347f,-3.604869659606912f,0.4596478162828137f,0f,0f,0f,1f], start_interpolation: 0, interpolation_duration: 1 }
$data merge entity $(bone_group6) { transformation: [-2.294751662530145f,-2.6500108079901534f,-1.4622028695328608f,1.0911227430544634f,-2.469088183866038f,1.3901450688113306f,-0.9310625680239827f,0.9802059158717504f,1.5685083192665081f,0.715848730665157f,-3.604869659606912f,0.29495242738806215f,0f,0f,0f,1f], start_interpolation: 0, interpolation_duration: 1 }
$data merge entity $(bone_group8) { transformation: [-2.294751662530145f,-2.6500108079901534f,-1.4622028695328608f,1.0911227430544634f,-2.469088183866038f,1.3901450688113306f,-0.9310625680239827f,0.9802059158717504f,1.5685083192665081f,0.715848730665157f,-3.604869659606912f,0.29495242738806215f,0f,0f,0f,1f], start_interpolation: 0, interpolation_duration: 1 }
$data merge entity $(bone_group9) { transformation: [-2.294751662530145f,-2.6500108079901534f,-1.4622028695328608f,1.144916532839982f,-2.469088183866038f,1.3901450688113306f,-0.9310625680239827f,0.8659038047872523f,1.5685083192665081f,0.715848730665157f,-3.604869659606912f,0.30265450427604884f,0f,0f,0f,1f], start_interpolation: 0, interpolation_duration: 1 }
$data merge entity $(bone_group10) { transformation: [-2.294751662530145f,-2.6500108079901534f,-1.4622028695328608f,1.144916532839982f,-2.469088183866038f,1.3901450688113306f,-0.9310625680239827f,0.8659038047872523f,1.5685083192665081f,0.715848730665157f,-3.604869659606912f,0.30265450427604884f,0f,0f,0f,1f], start_interpolation: 0, interpolation_duration: 1 }
$data merge entity $(bone_group11) { transformation: [-2.294751662530145f,-2.6500108079901534f,-1.4622028695328608f,1.1987103226255003f,-2.469088183866038f,1.3901450688113306f,-0.9310625680239827f,0.7516016937027539f,1.5685083192665081f,0.715848730665157f,-3.604869659606912f,0.3103565811640356f,0f,0f,0f,1f], start_interpolation: 0, interpolation_duration: 1 }
$data merge entity $(bone_group12) { transformation: [-2.294751662530145f,-2.6500108079901534f,-1.4622028695328608f,1.1987103226255003f,-2.469088183866038f,1.3901450688113306f,-0.9310625680239827f,0.7516016937027539f,1.5685083192665081f,0.715848730665157f,-3.604869659606912f,0.3103565811640356f,0f,0f,0f,1f], start_interpolation: 0, interpolation_duration: 1 }
$data merge entity $(bone_group13) { transformation: [-2.498022758432131f,-1.9909164642845791f,-0.5848811478131444f,0.922264624232122f,-1.9720360822354177f,1.9350000524386222f,-0.3724250272095931f,0.9660084366589755f,1.522580715192467f,0.3077830140599511f,-1.441947863842765f,0.31509838943351953f,0f,0f,0f,1f], start_interpolation: 0, interpolation_duration: 1 }
$data merge entity $(bone_group14) { transformation: [-2.498022758432131f,-1.9909164642845791f,-0.5848811478131444f,0.922264624232122f,-1.9720360822354177f,1.9350000524386222f,-0.3724250272095931f,0.9660084366589755f,1.522580715192467f,0.3077830140599511f,-1.441947863842765f,0.31509838943351953f,0f,0f,0f,1f], start_interpolation: 0, interpolation_duration: 1 }
$data merge entity $(bone_group15) { transformation: [-2.408802637814973f,-2.097983775309025f,-0.5848811478131444f,0.9840762111533097f,-2.054562657691814f,1.8471393553801605f,-0.3724250272095931f,0.897496242825821f,1.5077062492131157f,0.37390411084066855f,-1.441947863842765f,0.3077217175573479f,0f,0f,0f,1f], start_interpolation: 0, interpolation_duration: 1 }
$data merge entity $(bone_group16) { transformation: [-2.408802637814973f,-2.097983775309025f,-0.5848811478131444f,0.9840762111533097f,-2.054562657691814f,1.8471393553801605f,-0.3724250272095931f,0.897496242825821f,1.5077062492131157f,0.37390411084066855f,-1.441947863842765f,0.3077217175573479f,0f,0f,0f,1f], start_interpolation: 0, interpolation_duration: 1 }
$data merge entity $(bone_group17) { transformation: [-2.216785082331093f,-2.2999412966766375f,-0.5848811478131444f,1.0991473876515283f,-2.2077332289664593f,1.6610434980135877f,-0.3724250272095931f,0.8241610684443254f,1.4693810812491765f,0.5038865508096375f,-1.441947863842765f,0.2799876305776269f,0f,0f,0f,1f], start_interpolation: 0, interpolation_duration: 1 }
$data merge entity $(bone_group18) { transformation: [-2.216785082331093f,-2.2999412966766375f,-0.5848811478131444f,1.0991473876515283f,-2.2077332289664593f,1.6610434980135877f,-0.3724250272095931f,0.8241610684443254f,1.4693810812491765f,0.5038865508096375f,-1.441947863842765f,0.2799876305776269f,0f,0f,0f,1f], start_interpolation: 0, interpolation_duration: 1 }
$data merge entity $(bone_group19) { transformation: [-2.216785082331093f,-2.2999412966766375f,-0.5848811478131444f,1.1529411774370466f,-2.2077332289664593f,1.6610434980135877f,-0.3724250272095931f,0.709858957359827f,1.4693810812491765f,0.5038865508096375f,-1.441947863842765f,0.2876897074656136f,0f,0f,0f,1f], start_interpolation: 0, interpolation_duration: 1 }
$data merge entity $(bone_group20) { transformation: [-2.216785082331093f,-2.2999412966766375f,-0.5848811478131444f,1.1529411774370466f,-2.2077332289664593f,1.6610434980135877f,-0.3724250272095931f,0.709858957359827f,1.4693810812491765f,0.5038865508096375f,-1.441947863842765f,0.2876897074656136f,0f,0f,0f,1f], start_interpolation: 0, interpolation_duration: 1 }
$data merge entity $(bone_bone11) { transformation: [-0.837111231509356f,-0.052879612422647604f,-0.3655507173832152f,0.5376609052255008f,0.04921001097840488f,1.4564918860625253f,-0.23276564200599567f,1.165702984757561f,0.3268381264485445f,-0.35473248008049446f,-0.901217414901728f,0.3639227740606815f,0f,0f,0f,1f], start_interpolation: 0, interpolation_duration: 1 }
$data merge entity $(bone_3) { transformation: [-0.8280796597806893f,-0.4250373513917506f,-0.3655507173832152f,0.5807126400647842f,-0.3608051392515767f,0.9031277912849249f,-0.23276564200599567f,1.4055266203703702f,0.42907310396615184f,-0.06085591615199387f,-0.901217414901728f,0.28451874359759655f,0f,0f,0f,1f], start_interpolation: 0, interpolation_duration: 1 }
$data merge entity $(bone_8) { transformation: [-0.8588045843641892f,0.10572712261581571f,-0.5012748362110676f,0.08197262952822398f,0.10619723414960978f,0.9939591575743182f,0.02770091213524223f,0.3972977102423026f,0.5011754516474499f,-0.02944433082159839f,-0.864844609191988f,0.5485067986966429f,0f,0f,0f,1f], start_interpolation: 0, interpolation_duration: 1 }
$data merge entity $(bone_7) { transformation: [-0.8588045843641892f,0.00048097811026451276f,-0.512303088547307f,0.08231819841518584f,0.10619723414960978f,0.9784454692264104f,-0.17710621448521358f,0.7649016203703703f,0.5011754516474499f,-0.20650479996931537f,-0.8403445330670078f,0.47120504290135146f,0f,0f,0f,1f], start_interpolation: 0, interpolation_duration: 1 }