# This file was generated by Animated Java via MC-Build. It is not recommended to edit this file directly.
$data merge entity $(bone_layer) { transformation: [-0.8479599123050805f,0.13657493040723068f,-0.512163328936991f,0.2876740091081797f,-0.041002572911339394f,0.9464398965201077f,0.3202660008331482f,1.3688219299316406f,0.528472114816109f,0.2925727442180285f,-0.7969431681133364f,0.4772140094885351f,0f,0f,0f,1f], start_interpolation: 0, interpolation_duration: 1 }
$data merge entity $(bone_head) { transformation: [-0.8479599123050805f,0.13657493040723068f,-0.512163328936991f,0.2876740091081797f,-0.041002572911339394f,0.9464398965201077f,0.3202660008331482f,1.3688219299316406f,0.528472114816109f,0.2925727442180285f,-0.7969431681133364f,0.4772140094885351f,0f,0f,0f,1f], start_interpolation: 0, interpolation_duration: 1 }
$data merge entity $(bone_6) { transformation: [-0.6963762542989739f,-0.1012321354391996f,-0.7105013491915061f,0.35710560293750626f,-0.10580800198485936f,0.9936650942157287f,-0.03787277720499316f,0.3990340109127005f,0.7098343321962547f,0.04880302543558741f,-0.7026759463250685f,0.3490138408336299f,0f,0f,0f,1f], start_interpolation: 0, interpolation_duration: 1 }
$data merge entity $(bone_12) { transformation: [-0.6975771986360589f,-0.2124904155797957f,-0.6842761688308268f,0.2774216970950829f,-0.10380843704173273f,0.9749093042327986f,-0.19691535470671936f,0.764625f,0.70894982921362f,-0.06633002191350625f,-0.7021327992986318f,0.3241400826160651f,0f,0f,0f,1f], start_interpolation: 0, interpolation_duration: 1 }
$data merge entity $(bone_group3) { transformation: [1.2023941277734662f,-0.12045364852471374f,0.2717534830106788f,-1.0154534559409882f,0.3089443864461184f,0.8172710736271804f,-0.3875079023350197f,1.658391731940879f,-0.25141935656939063f,0.43436539374635197f,0.8044438992077889f,1.011165977268369f,0f,0f,0f,1f], start_interpolation: 0, interpolation_duration: 1 }
$data merge entity $(bone_group1) { transformation: [1.2096413603864622f,-0.11863728319192895f,0.2383351626485111f,-1.0045117329300262f,0.29772355669591416f,0.8144772658574455f,-0.4019060627386636f,1.6677285224983827f,-0.22851421807994354f,0.44007557125291413f,0.8081644132455688f,0.9957035632624398f,0f,0f,0f,1f], start_interpolation: 0, interpolation_duration: 1 }
$data merge entity $(bone_group4) { transformation: [1.1689313524960205f,-0.11984205396046031f,0.2428256338798073f,-1.0114453897926323f,0.2956109122149429f,0.7880663662921312f,-0.38587876770908774f,1.661677301393701f,-0.22765698387244776f,0.42677079391698614f,0.7808607242238182f,1.0003705037674449f,0f,0f,0f,1f], start_interpolation: 0, interpolation_duration: 1 }
$data merge entity $(bone_group2) { transformation: [1.1648193112805456f,-0.11668947200831645f,0.26326118666659515f,-1.0154534559409882f,0.2992898743696772f,0.7917313525763312f,-0.37539828038705036f,1.658391731940879f,-0.24356250167659718f,0.4207914751917785f,0.7793050273575456f,1.011165977268369f,0f,0f,0f,1f], start_interpolation: 0, interpolation_duration: 1 }
$data merge entity $(bone_10) { transformation: [-0.791571945050627f,0.2224072074367872f,-0.5691650814033985f,0.21531465234967734f,0.002920050337102247f,0.9327806489867273f,0.3604327040959639f,1.0646718867569303f,0.6110690051989187f,0.2836464259532804f,-0.7390124328650596f,0.43629938290539916f,0f,0f,0f,1f], start_interpolation: 0, interpolation_duration: 1 }
$data merge entity $(bone_9) { transformation: [-0.791571945050627f,0.2224072074367872f,-0.5691650814033985f,0.29871735513847253f,0.002920050337102247f,0.9327806489867273f,0.3604327040959639f,1.414464630126953f,0.6110690051989187f,0.2836464259532804f,-0.7390124328650596f,0.5426667926378793f,0f,0f,0f,1f], start_interpolation: 0, interpolation_duration: 1 }
$data merge entity $(bone_bone12) { transformation: [-0.7333868982661891f,0.9832547841465202f,-0.5755591240618807f,0.11641249068539575f,0.851761321243263f,1.1100369654489695f,0.36044453231516754f,1.8636530658231911f,0.9933007143284605f,-0.22589370241293466f,-0.7340377604954809f,0.31016478053150653f,0f,0f,0f,1f], start_interpolation: 0, interpolation_duration: 1 }
$data merge entity $(bone_bone1) { transformation: [0.6187088610618665f,-0.8370624119092969f,0.7344022986045136f,0.2915619511625652f,-0.6104229910921737f,1.2531879335273997f,0.6729680486699764f,0.5319080359443215f,-0.49455345230784864f,-2.5940020281082883f,0.08813211261357001f,1.5137508965104327f,0f,0f,0f,1f], start_interpolation: 0, interpolation_duration: 1 }
$data merge entity $(bone_2) { transformation: [0.7601208613238107f,-0.292291146964642f,0.5803293561301561f,-0.036733971947766036f,-0.2588190451025206f,0.6830127018922192f,0.6830127018922194f,1.0441675623634858f,-0.5960108875453257f,-0.6693724930559848f,0.44352168770810785f,0.8726097541229325f,0f,0f,0f,1f], start_interpolation: 0, interpolation_duration: 1 }
$data merge entity $(bone_bone2) { transformation: [1.4729446394959884f,-0.37665873709482856f,0.6497234574705917f,0.152752439532377f,-0.023141524625886256f,1.913634654331585f,0.2904594978560801f,0.9218865614817698f,-1.3527374315875271f,-0.44286635174888167f,0.7024903621528581f,0.7479161027699317f,0f,0f,0f,1f], start_interpolation: 0, interpolation_duration: 1 }
$data merge entity $(bone_1) { transformation: [0.7601208613238107f,0.008700861612954608f,0.6497234574705917f,-0.033471148842908055f,-0.2588190451025206f,0.9212198336973717f,0.2904594978560801f,1.389625f,-0.5960108875453257f,-0.38894512853329194f,0.7024903621528581f,0.726755330922948f,0f,0f,0f,1f], start_interpolation: 0, interpolation_duration: 1 }
$data merge entity $(bone_4) { transformation: [-0.8279259935918879f,-0.553376517151061f,0.09117554168002925f,0.6951075031512954f,-0.35725713420362365f,0.3950596912110749f,-0.8463422360019758f,1.129578239704895f,0.4323261375344998f,-0.7332818493907863f,-0.5247778960270041f,0.28061722738135286f,0f,0f,0f,1f], start_interpolation: 0, interpolation_duration: 1 }
$data merge entity $(bone_group5) { transformation: [-3.3117039743675516f,-1.1428110016233408f,-1.4717972647425455f,0.7276735960674822f,-1.4290285368144946f,2.440157330242824f,-0.9430302995411126f,0.9128003876355917f,1.729304550137999f,-0.17209072674282003f,-3.597847504500957f,0.46668192174539413f,0f,0f,0f,1f], start_interpolation: 0, interpolation_duration: 1 }
$data merge entity $(bone_group7) { transformation: [-3.3117039743675516f,-1.1428110016233408f,-1.4717972647425455f,0.7276735960674822f,-1.4290285368144946f,2.440157330242824f,-0.9430302995411126f,0.9128003876355917f,1.729304550137999f,-0.17209072674282003f,-3.597847504500957f,0.46668192174539413f,0f,0f,0f,1f], start_interpolation: 0, interpolation_duration: 1 }
$data merge entity $(bone_group6) { transformation: [-2.296614270804519f,-2.645555346313928f,-1.4717972647425455f,1.0904842443156828f,-2.45765368073567f,1.3987239688138524f,-0.9430302995411126f,0.9788986308075562f,1.5836670346709378f,0.7156173339539912f,-3.597847504500957f,0.300939386792823f,0f,0f,0f,1f], start_interpolation: 0, interpolation_duration: 1 }
$data merge entity $(bone_group8) { transformation: [-2.296614270804519f,-2.645555346313928f,-1.4717972647425455f,1.0904842443156828f,-2.45765368073567f,1.3987239688138524f,-0.9430302995411126f,0.9788986308075562f,1.5836670346709378f,0.7156173339539912f,-3.597847504500957f,0.300939386792823f,0f,0f,0f,1f], start_interpolation: 0, interpolation_duration: 1 }
$data merge entity $(bone_group9) { transformation: [-2.296614270804519f,-2.645555346313928f,-1.4717972647425455f,1.144053510016777f,-2.45765368073567f,1.3987239688138524f,-0.9430302995411126f,0.8645162559524238f,1.5836670346709378f,0.7156173339539912f,-3.597847504500957f,0.3090061396088927f,0f,0f,0f,1f], start_interpolation: 0, interpolation_duration: 1 }
$data merge entity $(bone_group10) { transformation: [-2.296614270804519f,-2.645555346313928f,-1.4717972647425455f,1.144053510016777f,-2.45765368073567f,1.3987239688138524f,-0.9430302995411126f,0.8645162559524238f,1.5836670346709378f,0.7156173339539912f,-3.597847504500957f,0.3090061396088927f,0f,0f,0f,1f], start_interpolation: 0, interpolation_duration: 1 }
$data merge entity $(bone_group11) { transformation: [-2.296614270804519f,-2.645555346313928f,-1.4717972647425455f,1.197622775717871f,-2.45765368073567f,1.3987239688138524f,-0.9430302995411126f,0.7501338810972913f,1.5836670346709378f,0.7156173339539912f,-3.597847504500957f,0.3170728924249624f,0f,0f,0f,1f], start_interpolation: 0, interpolation_duration: 1 }
$data merge entity $(bone_group12) { transformation: [-2.296614270804519f,-2.645555346313928f,-1.4717972647425455f,1.197622775717871f,-2.45765368073567f,1.3987239688138524f,-0.9430302995411126f,0.7501338810972913f,1.5836670346709378f,0.7156173339539912f,-3.597847504500957f,0.3170728924249624f,0f,0f,0f,1f], start_interpolation: 0, interpolation_duration: 1 }
$data merge entity $(bone_group13) { transformation: [-2.498935498667719f,-1.9861819559500455f,-0.5887189058970183f,0.9216396948458749f,-1.960369325703509f,1.9404739565356186f,-0.3772121198164451f,0.9651424659678898f,1.5360890357978534f,0.30388487344085324f,-1.439139001800383f,0.3215009659684527f,0f,0f,0f,1f], start_interpolation: 0, interpolation_duration: 1 }
$data merge entity $(bone_group14) { transformation: [-2.498935498667719f,-1.9861819559500455f,-0.5887189058970183f,0.9216396948458749f,-1.960369325703509f,1.9404739565356186f,-0.3772121198164451f,0.9651424659678898f,1.5360890357978534f,0.30388487344085324f,-1.439139001800383f,0.3215009659684527f,0f,0f,0f,1f], start_interpolation: 0, interpolation_duration: 1 }
$data merge entity $(bone_group15) { transformation: [-2.409921025677132f,-2.093293586347245f,-0.5887189058970183f,0.9832911497400094f,-2.0431457736701897f,1.8531169463058372f,-0.3772121198164451f,0.8964695260378599f,1.5213717473961532f,0.37059890505682436f,-1.439139001800383f,0.314280598919682f,0f,0f,0f,1f], start_interpolation: 0, interpolation_duration: 1 }
$data merge entity $(bone_group16) { transformation: [-2.409921025677132f,-2.093293586347245f,-0.5887189058970183f,0.9832911497400094f,-2.0431457736701897f,1.8531169463058372f,-0.3772121198164451f,0.8964695260378599f,1.5213717473961532f,0.37059890505682436f,-1.439139001800383f,0.314280598919682f,0f,0f,0f,1f], start_interpolation: 0, interpolation_duration: 1 }
$data merge entity $(bone_group17) { transformation: [-2.218307991292377f,-2.2953664292246696f,-0.5887189058970183f,1.0981486537755651f,-2.196880771012358f,1.6679933894078767f,-0.3772121198164451f,0.822775977262894f,1.4832826457509258f,0.501784948975829f,-1.439139001800383f,0.2866108016938011f,0f,0f,0f,1f], start_interpolation: 0, interpolation_duration: 1 }
$data merge entity $(bone_group18) { transformation: [-2.218307991292377f,-2.2953664292246696f,-0.5887189058970183f,1.0981486537755651f,-2.196880771012358f,1.6679933894078767f,-0.3772121198164451f,0.822775977262894f,1.4832826457509258f,0.501784948975829f,-1.439139001800383f,0.2866108016938011f,0f,0f,0f,1f], start_interpolation: 0, interpolation_duration: 1 }
$data merge entity $(bone_group19) { transformation: [-2.218307991292377f,-2.2953664292246696f,-0.5887189058970183f,1.1517179194766591f,-2.196880771012358f,1.6679933894078767f,-0.3772121198164451f,0.7083936024077615f,1.4832826457509258f,0.501784948975829f,-1.439139001800383f,0.29467755450987076f,0f,0f,0f,1f], start_interpolation: 0, interpolation_duration: 1 }
$data merge entity $(bone_group20) { transformation: [-2.218307991292377f,-2.2953664292246696f,-0.5887189058970183f,1.1517179194766591f,-2.196880771012358f,1.6679933894078767f,-0.3772121198164451f,0.7083936024077615f,1.4832826457509258f,0.501784948975829f,-1.439139001800383f,0.29467755450987076f,0f,0f,0f,1f], start_interpolation: 0, interpolation_duration: 1 }
$data merge entity $(bone_bone11) { transformation: [-0.8363111305755465f,-0.05056531687537513f,-0.36794931618563637f,0.5375615452269981f,0.05234525266085521f,1.4551048557960837f,-0.23575757488527815f,1.1658519217786196f,0.32839559588904726f,-0.3607118065269702f,-0.8994618761252392f,0.3703009975436843f,0f,0f,0f,1f], start_interpolation: 0, interpolation_duration: 1 }
$data merge entity $(bone_3) { transformation: [-0.8279259935918879f,-0.4232633339345706f,-0.36794931618563637f,0.5809496170202709f,-0.35725713420362365f,0.9037619741640087f,-0.23575757488527815f,1.40525f,0.4323261375344998f,-0.06373730620104445f,-0.8994618761252392f,0.28980339823183154f,0f,0f,0f,1f], start_interpolation: 0, interpolation_duration: 1 }
$data merge entity $(bone_8) { transformation: [-0.8581870235191347f,0.10537390747572976f,-0.50240558544533f,0.08088631812028294f,0.10591057947532428f,0.993993461448414f,0.02756714988897621f,0.39646908635563116f,0.502292725229591f,-0.02955229637602813f,-0.8641925016802299f,0.5533010752650173f,0f,0f,0f,1f], start_interpolation: 0, interpolation_duration: 1 }
$data merge entity $(bone_7) { transformation: [-0.8581870235191347f,0.0021330527290356893f,-0.5133327212923637f,0.08191722738467551f,0.10591057947532428f,0.9792123219547567f,-0.1729918428342069f,0.764625f,0.502292725229591f,-0.20282672067069735f,-0.8405732208221968f,0.47743516822685134f,0f,0f,0f,1f], start_interpolation: 0, interpolation_duration: 1 }