# This file was generated by Animated Java via MC-Build. It is not recommended to edit this file directly.
$data merge entity $(bone_layer) { transformation: [-0.8484905827931069f,0.12530384967036812f,-0.5141621107872494f,0.2874656627843508f,-0.04387102166795129f,0.9515657958645918f,0.3042989806068961f,1.3678836244653771f,0.5273889118755003f,0.2807516365016806f,-0.8018974087951677f,0.4839287935668376f,0f,0f,0f,1f], start_interpolation: 0, interpolation_duration: 1 }
$data merge entity $(bone_head) { transformation: [-0.8484905827931069f,0.12530384967036812f,-0.5141621107872494f,0.2874656627843508f,-0.04387102166795129f,0.9515657958645918f,0.3042989806068961f,1.3678836244653771f,0.5273889118755003f,0.2807516365016806f,-0.8018974087951677f,0.4839287935668376f,0f,0f,0f,1f], start_interpolation: 0, interpolation_duration: 1 }
$data merge entity $(bone_6) { transformation: [-0.6940561818879563f,-0.10580223752197383f,-0.7121038568344198f,0.35635846610348915f,-0.10544154979981867f,0.9934145223124158f,-0.04482930330271789f,0.3989068591652486f,0.7121573533699727f,0.04397127919606787f,-0.7006414422848088f,0.356331212363703f,0f,0f,0f,1f], start_interpolation: 0, interpolation_duration: 1 }
$data merge entity $(bone_12) { transformation: [-0.6956352999685882f,-0.21398652305081176f,-0.6857851685405837f,0.27611351995943473f,-0.10283001499766242f,0.9744366471642752f,-0.19974786276410125f,0.7643206018518518f,0.7109975509473944f,-0.06843236526578732f,-0.6998567667251187f,0.3306690753890328f,0f,0f,0f,1f], start_interpolation: 0, interpolation_duration: 1 }
$data merge entity $(bone_group3) { transformation: [1.2024432071265378f,-0.11935599145989106f,0.2733636150030046f,-1.01721828970794f,0.307652323051823f,0.8171610272951733f,-0.3878358520197458f,1.6598747560128628f,-0.25271677649686625f,0.43487776294803543f,0.8037538797705455f,1.0205216555453793f,0f,0f,0f,1f], start_interpolation: 0, interpolation_duration: 1 }
$data merge entity $(bone_group1) { transformation: [1.2117915862242565f,-0.11702047235010957f,0.22958777336064f,-1.0028788471083527f,0.292888350707767f,0.8134653179933286f,-0.40658250695629433f,1.6720870285949092f,-0.2227470367219328f,0.44237704176548287f,0.8085116249172164f,1.0003270444071495f,0f,0f,0f,1f], start_interpolation: 0, interpolation_duration: 1 }
$data merge entity $(bone_group4) { transformation: [1.1702094845651676f,-0.1197927994365028f,0.23806260466019635f,-1.011997948124972f,0.2931944455321253f,0.786809243588283f,-0.38939341141952494f,1.6641705152220878f,-0.22399970073160863f,0.4291201745297653f,0.780624676272703f,1.0063911819820794f,0f,0f,0f,1f], start_interpolation: 0, interpolation_duration: 1 }
$data merge entity $(bone_group2) { transformation: [1.1648668569038338f,-0.11562611672676948f,0.26482100203416076f,-1.01721828970794f,0.29803818795645354f,0.7916247451921992f,-0.3757159816441288f,1.6598747560128628f,-0.2448193772313392f,0.42128783285590937f,0.778636571027716f,1.0205216555453793f,0f,0f,0f,1f], start_interpolation: 0, interpolation_duration: 1 }
$data merge entity $(bone_10) { transformation: [-0.7910433572586225f,0.22423643031646576f,-0.5691822469613192f,0.21467785151090446f,0.003837467598199909f,0.9322015900352127f,0.3619191475706333f,1.0641491689492426f,0.6117480533515739f,0.28410951912026794f,-0.7382723754589563f,0.443089386509229f,0f,0f,0f,1f], start_interpolation: 0, interpolation_duration: 1 }
$data merge entity $(bone_9) { transformation: [-0.7910433572586225f,0.22423643031646576f,-0.5691822469613192f,0.2987665128795791f,0.003837467598199909f,0.9322015900352127f,0.3619191475706333f,1.4137247652124474f,0.6117480533515739f,0.28410951912026794f,-0.7382723754589563f,0.5496304561793295f,0f,0f,0f,1f], start_interpolation: 0, interpolation_duration: 1 }
$data merge entity $(bone_bone12) { transformation: [-0.7293711405746464f,0.9836319123609822f,-0.5775373004911715f,0.11616782838858714f,0.8512325581110565f,1.109347867918855f,0.36193949153942995f,1.863386289646952f,0.9967050071653833f,-0.22763033393853227f,-0.7317448127629941f,0.3182763253206033f,0f,0f,0f,1f], start_interpolation: 0, interpolation_duration: 1 }
$data merge entity $(bone_bone1) { transformation: [0.61712925706006f,-0.8453269156107812f,0.7346795012844748f,0.2942080176988314f,-0.6104229910921737f,1.2531879335273997f,0.6729680486699764f,0.5316036377961729f,-0.49652316363547633f,-2.59132059170711f,0.08579065136551384f,1.5201007066132368f,0f,0f,0f,1f], start_interpolation: 0, interpolation_duration: 1 }
$data merge entity $(bone_2) { transformation: [0.758217128630016f,-0.2944233835470514f,0.5817401972296216f,-0.036129967558541226f,-0.2588190451025206f,0.6830127018922192f,0.6830127018922194f,1.0438631642153373f,-0.5984308546058371f,-0.6684373719912705f,0.4416695506610465f,0.8800093122882443f,0f,0f,0f,1f], start_interpolation: 0, interpolation_duration: 1 }
$data merge entity $(bone_bone2) { transformation: [1.4686251100163525f,-0.37806852397532414f,0.6519594460947271f,0.1529580021872983f,-0.023141524625886256f,1.913634654331585f,0.2904594978560801f,0.9215821633336215f,-1.357425782894757f,-0.4416634475710607f,0.7004157056727454f,0.7547122791200075f,0f,0f,0f,1f], start_interpolation: 0, interpolation_duration: 1 }
$data merge entity $(bone_1) { transformation: [0.758217128630016f,0.007460998586631712f,0.6519594460947271f,-0.03333209308855434f,-0.2588190451025206f,0.9212198336973717f,0.2904594978560801f,1.3893206018518518f,-0.5984308546058371f,-0.38897088773155897f,0.7004157056727454f,0.7341452293889097f,0f,0f,0f,1f], start_interpolation: 0, interpolation_duration: 1 }
$data merge entity $(bone_4) { transformation: [-0.8277380400910586f,-0.5540024223345155f,0.0890564598089458f,0.6947161787017352f,-0.35332227183291137f,0.3913055459131316f,-0.8497313351668611f,1.1289695392238643f,0.4359049313933526f,-0.7348205806760691f,-0.5196398801110644f,0.28744142373511194f,0f,0f,0f,1f], start_interpolation: 0, interpolation_duration: 1 }
$data merge entity $(bone_group5) { transformation: [-3.3109521603642342f,-1.137560223227318f,-1.4823784848576098f,0.7272152237809208f,-1.4132890873316455f,2.4419832172482483f,-0.956283329184813f,0.9129818953400166f,1.7436197255734105f,-0.1807614594124224f,-3.589996688292967f,0.4744344925982007f,0f,0f,0f,1f], start_interpolation: 0, interpolation_duration: 1 }
$data merge entity $(bone_group7) { transformation: [-3.3109521603642342f,-1.137560223227318f,-1.4823784848576098f,0.7272152237809208f,-1.4132890873316455f,2.4419832172482483f,-0.956283329184813f,0.9129818953400166f,1.7436197255734105f,-0.1807614594124224f,-3.589996688292967f,0.4744344925982007f,0f,0f,0f,1f], start_interpolation: 0, interpolation_duration: 1 }
$data merge entity $(bone_group6) { transformation: [-2.2985885699767366f,-2.640632131831671f,-1.4823784848576098f,1.0897895833374553f,-2.444935861144653f,1.4081749580864142f,-0.956283329184813f,0.9774670058727712f,1.6003997065924362f,0.7152658469103976f,-3.589996688292967f,0.307543401053591f,0f,0f,0f,1f], start_interpolation: 0, interpolation_duration: 1 }
$data merge entity $(bone_group8) { transformation: [-2.2985885699767366f,-2.640632131831671f,-1.4823784848576098f,1.0897895833374553f,-2.444935861144653f,1.4081749580864142f,-0.956283329184813f,0.9774670058727712f,1.6003997065924362f,0.7152658469103976f,-3.589996688292967f,0.307543401053591f,0f,0f,0f,1f], start_interpolation: 0, interpolation_duration: 1 }
$data merge entity $(bone_group9) { transformation: [-2.2985885699767366f,-2.640632131831671f,-1.4823784848576098f,1.1431127188012358f,-2.444935861144653f,1.4081749580864142f,-0.956283329184813f,0.8629990425642597f,1.6003997065924362f,0.7152658469103976f,-3.589996688292967f,0.31601659446354835f,0f,0f,0f,1f], start_interpolation: 0, interpolation_duration: 1 }
$data merge entity $(bone_group10) { transformation: [-2.2985885699767366f,-2.640632131831671f,-1.4823784848576098f,1.1431127188012358f,-2.444935861144653f,1.4081749580864142f,-0.956283329184813f,0.8629990425642597f,1.6003997065924362f,0.7152658469103976f,-3.589996688292967f,0.31601659446354835f,0f,0f,0f,1f], start_interpolation: 0, interpolation_duration: 1 }
$data merge entity $(bone_group11) { transformation: [-2.2985885699767366f,-2.640632131831671f,-1.4823784848576098f,1.1964358542650162f,-2.444935861144653f,1.4081749580864142f,-0.956283329184813f,0.748531079255748f,1.6003997065924362f,0.7152658469103976f,-3.589996688292967f,0.32448978787350563f,0f,0f,0f,1f], start_interpolation: 0, interpolation_duration: 1 }
$data merge entity $(bone_group12) { transformation: [-2.2985885699767366f,-2.640632131831671f,-1.4823784848576098f,1.1964358542650162f,-2.444935861144653f,1.4081749580864142f,-0.956283329184813f,0.748531079255748f,1.6003997065924362f,0.7152658469103976f,-3.589996688292967f,0.32448978787350563f,0f,0f,0f,1f], start_interpolation: 0, interpolation_duration: 1 }
$data merge entity $(bone_group13) { transformation: [-2.4998691222004186f,-1.9809707322412846f,-0.592951393943044f,0.9209621593871591f,-1.9474084987247648f,1.94647498528929f,-0.3825133316739252f,0.9641989410012634f,1.5509837383166716f,0.2994896393653614f,-1.4359986753171867f,0.32856129513997734f,0f,0f,0f,1f], start_interpolation: 0, interpolation_duration: 1 }
$data merge entity $(bone_group14) { transformation: [-2.4998691222004186f,-1.9809707322412846f,-0.592951393943044f,0.9209621593871591f,-1.9474084987247648f,1.94647498528929f,-0.3825133316739252f,0.9641989410012634f,1.5509837383166716f,0.2994896393653614f,-1.4359986753171867f,0.32856129513997734f,0f,0f,0f,1f], start_interpolation: 0, interpolation_duration: 1 }
$data merge entity $(bone_group15) { transformation: [-2.4110810709927026f,-2.0881280466552683f,-0.592951393943044f,0.9824374948153809f,-2.030459043724642f,1.859677606742415f,-0.3825133316739252f,0.8953501025823918f,1.5364439908762697f,0.36685755206912796f,-1.4359986753171867f,0.3215165203475747f,0f,0f,0f,1f], start_interpolation: 0, interpolation_duration: 1 }
$data merge entity $(bone_group16) { transformation: [-2.4110810709927026f,-2.0881280466552683f,-0.592951393943044f,0.9824374948153809f,-2.030459043724642f,1.859677606742415f,-0.3825133316739252f,0.8953501025823918f,1.5364439908762697f,0.36685755206912796f,-1.4359986753171867f,0.3215165203475747f,0f,0f,0f,1f], start_interpolation: 0, interpolation_duration: 1 }
$data merge entity $(bone_group17) { transformation: [-2.2199138287338407f,-2.2903216505818396f,-0.592951393943044f,1.097059190303802f,-2.184814117137747f,1.6756348059222193f,-0.3825133316739252f,0.8212621759259836f,1.4986236151926897f,0.4993714655411794f,-1.4359986753171867f,0.2939221533506374f,0f,0f,0f,1f], start_interpolation: 0, interpolation_duration: 1 }
$data merge entity $(bone_group18) { transformation: [-2.2199138287338407f,-2.2903216505818396f,-0.592951393943044f,1.097059190303802f,-2.184814117137747f,1.6756348059222193f,-0.3825133316739252f,0.8212621759259836f,1.4986236151926897f,0.4993714655411794f,-1.4359986753171867f,0.2939221533506374f,0f,0f,0f,1f], start_interpolation: 0, interpolation_duration: 1 }
$data merge entity $(bone_group19) { transformation: [-2.2199138287338407f,-2.2903216505818396f,-0.592951393943044f,1.1503823257675827f,-2.184814117137747f,1.6756348059222193f,-0.3825133316739252f,0.7067942126174719f,1.4986236151926897f,0.4993714655411794f,-1.4359986753171867f,0.3023953467605947f,0f,0f,0f,1f], start_interpolation: 0, interpolation_duration: 1 }
$data merge entity $(bone_group20) { transformation: [-2.2199138287338407f,-2.2903216505818396f,-0.592951393943044f,1.1503823257675827f,-2.184814117137747f,1.6756348059222193f,-0.3825133316739252f,0.7067942126174719f,1.4986236151926897f,0.4993714655411794f,-1.4359986753171867f,0.3023953467605947f,0f,0f,0f,1f], start_interpolation: 0, interpolation_duration: 1 }
$data merge entity $(bone_bone11) { transformation: [-0.8354181296134467f,-0.048040676110133074f,-0.37059462121440245f,0.5374645729883978f,0.055812047158389f,1.4535297807593934f,-0.23907083229620324f,1.1660249816914592f,0.3300932657676616f,-0.36734625339647947f,-0.8974991720732417f,0.37732197882968077f,0f,0f,0f,1f], start_interpolation: 0, interpolation_duration: 1 }
$data merge entity $(bone_3) { transformation: [-0.8277380400910586f,-0.42131860119530296f,-0.37059462121440245f,0.5812183008848297f,-0.35332227183291137f,0.9044382286104623f,-0.23907083229620324f,1.4049456018518518f,0.4359049313933526f,-0.06694868867126755f,-0.8974991720732417f,0.2956128809131182f,0f,0f,0f,1f], start_interpolation: 0, interpolation_duration: 1 }
$data merge entity $(bone_8) { transformation: [-0.8575114052740885f,0.10498362268585604f,-0.5036393836790487f,0.07968069284361853f,0.10559297830032552f,0.9940313188489605f,0.02742006712361303f,0.3955617735211072f,0.5035119787636885f,-0.029667762220131844f,-0.8634787265047847f,0.5585615341283373f,0f,0f,0f,1f], start_interpolation: 0, interpolation_duration: 1 }
$data merge entity $(bone_7) { transformation: [-0.8575114052740885f,0.003977215794997144f,-0.5144495811830136f,0.08147729828172609f,0.10559297830032552f,0.9800413574686265f,-0.168431174622511f,0.7643206018518518f,0.5035119787636885f,-0.19875391670498432f,-0.8408166077307841f,0.4842877633317564f,0f,0f,0f,1f], start_interpolation: 0, interpolation_duration: 1 }