# This file was generated by Animated Java via MC-Build. It is not recommended to edit this file directly.
$data merge entity $(bone_layer) { transformation: [-0.8490563445573233f,0.11337420394431948f,-0.5159938116362907f,0.28724780115450077f,-0.046897433095229715f,0.9566712766446903f,0.28736857728724785f,1.3668762297453703f,0.5262166422074034f,0.2681908990309148f,-0.8069508579467249f,0.4911017325346399f,0f,0f,0f,1f], start_interpolation: 0, interpolation_duration: 1 }
$data merge entity $(bone_head) { transformation: [-0.8490563445573233f,0.11337420394431948f,-0.5159938116362907f,0.28724780115450077f,-0.046897433095229715f,0.9566712766446903f,0.28736857728724785f,1.3668762297453703f,0.5262166422074034f,0.2681908990309148f,-0.8069508579467249f,0.4911017325346399f,0f,0f,0f,1f], start_interpolation: 0, interpolation_duration: 1 }
$data merge entity $(bone_6) { transformation: [-0.6915668590284434f,-0.11074489674854675f,-0.7137722657386504f,0.3555657774069638f,-0.10503789678616585f,0.9930913668818397f,-0.052312305086832434f,0.3987758789526523f,0.714634395850264f,0.03879568106004576f,-0.698421488357006f,0.3641579195419374f,0f,0f,0f,1f], start_interpolation: 0, interpolation_duration: 1 }
$data merge entity $(bone_12) { transformation: [-0.6935567961399005f,-0.21560359336005072f,-0.6873820342854403f,0.27471442989694483f,-0.10177068952457093f,0.9739186437805815f,-0.20279349607491373f,0.7639953703703704f,0.713177185054212f,-0.07069346381969514f,-0.697410020641605f,0.3376478706095517f,0f,0f,0f,1f], start_interpolation: 0, interpolation_duration: 1 }
$data merge entity $(bone_group3) { transformation: [1.2024974876484107f,-0.11817166721562539f,0.27507805527677887f,-1.0191132595314114f,0.30624807575249224f,0.817048664568998f,-0.3881864972395446f,1.6614969158633484f,-0.25409349505651607f,0.4354155412697307f,0.8030184436325913f,1.0305049824584591f,0f,0f,0f,1f], start_interpolation: 0, interpolation_duration: 1 }
$data merge entity $(bone_group1) { transformation: [1.2140340042614834f,-0.11529989957459204f,0.22013645060060397f,-1.001107047454737f,0.28763082920447014f,0.8123618846224444f,-0.41156024506627664f,1.676798952059365f,-0.21652592796441397f,0.44485360416105624f,0.8088328702565353f,1.0052405498567465f,0f,0f,0f,1f], start_interpolation: 0, interpolation_duration: 1 }
$data merge entity $(bone_group4) { transformation: [1.1715651702300798f,-0.11975851467632377f,0.23291250640264968f,-1.012601367161423f,0.29056572376843604f,0.7854526387433366f,-0.3931522857985925f,1.6668773292887076f,-0.2200435014248992f,0.43163855238970594f,0.7803518141192306f,1.0127848094254746f,0f,0f,0f,1f], start_interpolation: 0, interpolation_duration: 1 }
$data merge entity $(bone_group2) { transformation: [1.164919441159398f,-0.1144788026151371f,0.26648186604937957f,-1.0191132595314114f,0.29667782338522686f,0.791515893801217f,-0.3760556692008089f,1.6614969158633484f,-0.24615307333599998f,0.42180880560505163f,0.777924117269073f,1.0305049824584591f,0f,0f,0f,1f], start_interpolation: 0, interpolation_duration: 1 }
$data merge entity $(bone_10) { transformation: [-0.7904861138174102f,0.22620309575975764f,-0.5691782351166905f,0.21399987821450195f,0.00483303613218211f,0.9315757740288545f,0.36351508772578556f,1.06359000198455f,0.6124608931381609f,0.2846027700343805f,-0.7374909610735333f,0.4503443708891548f,0f,0f,0f,1f], start_interpolation: 0, interpolation_duration: 1 }
$data merge entity $(bone_9) { transformation: [-0.7904861138174102f,0.22620309575975764f,-0.5691782351166905f,0.2988260391244111f,0.00483303613218211f,0.9315757740288545f,0.36351508772578556f,1.4129309172453703f,0.6124608931381609f,0.2846027700343805f,-0.7374909610735333f,0.5570704096520475f,0f,0f,0f,1f], start_interpolation: 0, interpolation_duration: 1 }
$data merge entity $(bone_bone12) { transformation: [-0.7250588675644108f,0.9840413802089804f,-0.5796367447146414f,0.11592343073667974f,0.8506610991415657f,1.108603128090277f,0.3635472145987926f,1.8631002530163592f,1.000332611171643f,-0.22948129863859967f,-0.7292836669870463f,0.32694717098095866f,0f,0f,0f,1f], start_interpolation: 0, interpolation_duration: 1 }
$data merge entity $(bone_bone1) { transformation: [0.6154346145220652f,-0.8541475572502513f,0.7349674269181454f,0.29703394087317647f,-0.6104229910921737f,1.2531879335273997f,0.6729680486699764f,0.5312784063146917f,-0.4986221086094765f,-2.5884265401406994f,0.0832879753544557f,1.52687256952372f,0f,0f,0f,1f], start_interpolation: 0, interpolation_duration: 1 }
$data merge entity $(bone_2) { transformation: [0.7561745896279234f,-0.2966982463231089f,0.5832410656236688f,-0.03548215786250246f,-0.2588190451025206f,0.6830127018922192f,0.6830127018922194f,1.043537932733856f,-0.601009726953949f,-0.6674307452333029f,0.4396856927670687f,0.8879099558486964f,0f,0f,0f,1f], start_interpolation: 0, interpolation_duration: 1 }
$data merge entity $(bone_bone2) { transformation: [1.463993458643398f,-0.37957055283554497f,0.6543411473515665f,0.15317797738448624f,-0.023141524625886256f,1.913634654331585f,0.2904594978560801f,0.9212569318521401f,-1.3624197675046146f,-0.4403732566373146f,0.698191193719764f,0.7619696517679387f,0f,0f,0f,1f], start_interpolation: 0, interpolation_duration: 1 }
$data merge entity $(bone_1) { transformation: [0.7561745896279234f,0.0061361945598743806f,0.6543411473515665f,-0.03318108490254956f,-0.2588190451025206f,0.9212198336973717f,0.2904594978560801f,1.3889953703703704f,-0.601009726953949f,-0.3889940425236743f,0.698191193719764f,0.7420371899023185f,0f,0f,0f,1f], start_interpolation: 0, interpolation_duration: 1 }
$data merge entity $(bone_4) { transformation: [-0.8275156998415014f,-0.5546914232323337f,0.08680548086565837f,0.6943101437303639f,-0.3490806378997337f,0.38723316308407013f,-0.8533423613365394f,1.1283258855791998f,0.4397277279855629f,-0.736456313979583f,-0.5140735578108069f,0.29474177089953935f,0f,0f,0f,1f], start_interpolation: 0, interpolation_duration: 1 }
$data merge entity $(bone_group5) { transformation: [-3.3100627993660057f,-1.1319716162025166f,-1.4937108414756417f,0.7267430014510043f,-1.3963225515989348f,2.443865774195916f,-0.9705461201421368f,0.9131963346642514f,1.7589109119422517f,-0.1901587174590212f,-3.581461733808583f,0.4827328454419123f,0f,0f,0f,1f], start_interpolation: 0, interpolation_duration: 1 }
$data merge entity $(bone_group7) { transformation: [-3.3100627993660057f,-1.1319716162025166f,-1.4937108414756417f,0.7267430014510043f,-1.3963225515989348f,2.443865774195916f,-0.9705461201421368f,0.9131963346642514f,1.7589109119422517f,-0.1901587174590212f,-3.581461733808583f,0.4827328454419123f,0f,0f,0f,1f], start_interpolation: 0, interpolation_duration: 1 }
$data merge entity $(bone_group6) { transformation: [-2.300612664271536f,-2.6353475756773106f,-1.4937108414756417f,1.0890570491667613f,-2.4311836886597433f,1.4182885680935209f,-0.9705461201421368f,0.9759451910103667f,1.6183408914651545f,0.7147731759005459f,-3.581461733808583f,0.3146190626033749f,0f,0f,0f,1f], start_interpolation: 0, interpolation_duration: 1 }
$data merge entity $(bone_group8) { transformation: [-2.300612664271536f,-2.6353475756773106f,-1.4937108414756417f,1.0890570491667613f,-2.4311836886597433f,1.4182885680935209f,-0.9705461201421368f,0.9759451910103667f,1.6183408914651545f,0.7147731759005459f,-3.581461733808583f,0.3146190626033749f,0f,0f,0f,1f], start_interpolation: 0, interpolation_duration: 1 }
$data merge entity $(bone_group9) { transformation: [-2.300612664271536f,-2.6353475756773106f,-1.4937108414756417f,1.142118218676254f,-2.4311836886597433f,1.4182885680935209f,-0.9705461201421368f,0.8613889828449333f,1.6183408914651545f,0.7147731759005459f,-3.581461733808583f,0.3235327524842665f,0f,0f,0f,1f], start_interpolation: 0, interpolation_duration: 1 }
$data merge entity $(bone_group10) { transformation: [-2.300612664271536f,-2.6353475756773106f,-1.4937108414756417f,1.142118218676254f,-2.4311836886597433f,1.4182885680935209f,-0.9705461201421368f,0.8613889828449333f,1.6183408914651545f,0.7147731759005459f,-3.581461733808583f,0.3235327524842665f,0f,0f,0f,1f], start_interpolation: 0, interpolation_duration: 1 }
$data merge entity $(bone_group11) { transformation: [-2.300612664271536f,-2.6353475756773106f,-1.4937108414756417f,1.195179388185747f,-2.4311836886597433f,1.4182885680935209f,-0.9705461201421368f,0.7468327746794996f,1.6183408914651545f,0.7147731759005459f,-3.581461733808583f,0.33244644236515813f,0f,0f,0f,1f], start_interpolation: 0, interpolation_duration: 1 }
$data merge entity $(bone_group12) { transformation: [-2.300612664271536f,-2.6353475756773106f,-1.4937108414756417f,1.195179388185747f,-2.4311836886597433f,1.4182885680935209f,-0.9705461201421368f,0.7468327746794996f,1.6183408914651545f,0.7147731759005459f,-3.581461733808583f,0.33244644236515813f,0f,0f,0f,1f], start_interpolation: 0, interpolation_duration: 1 }
$data merge entity $(bone_group13) { transformation: [-2.5007862699505163f,-1.9754000905816427f,-0.5974843365902567f,0.9202504523578421f,-1.9334114490654402f,1.95286215388412f,-0.38821844805685474f,0.9632017229558624f,1.5669346655840348f,0.29466564865593503f,-1.4325846935234332f,0.3361232340751846f,0f,0f,0f,1f], start_interpolation: 0, interpolation_duration: 1 }
$data merge entity $(bone_group14) { transformation: [-2.5007862699505163f,-1.9754000905816427f,-0.5974843365902567f,0.9202504523578421f,-1.9334114490654402f,1.95286215388412f,-0.38821844805685474f,0.9632017229558624f,1.5669346655840348f,0.29466564865593503f,-1.4325846935234332f,0.3361232340751846f,0f,0f,0f,1f], start_interpolation: 0, interpolation_duration: 1 }
$data merge entity $(bone_group15) { transformation: [-2.412240333797791f,-2.082602712435116f,-0.5974843365902567f,0.9815376764263243f,-2.0167539205362064f,1.8666692388990855f,-0.38821844805685474f,0.8941660555600758f,1.5525901559147117f,0.3627339224052597f,-1.4325846935234332f,0.32927041985663486f,0f,0f,0f,1f], start_interpolation: 0, interpolation_duration: 1 }
$data merge entity $(bone_group16) { transformation: [-2.412240333797791f,-2.082602712435116f,-0.5974843365902567f,0.9815376764263243f,-2.0167539205362064f,1.8666692388990855f,-0.38821844805685474f,0.8941660555600758f,1.5525901559147117f,0.3627339224052597f,-1.4325846935234332f,0.32927041985663486f,0f,0f,0f,1f], start_interpolation: 0, interpolation_duration: 1 }
$data merge entity $(bone_group17) { transformation: [-2.221550244801851f,-2.2849183783373563f,-0.5974843365902567f,1.0959065919736477f,-2.171770506974366f,1.6837943129986377f,-0.38821844805685474f,0.8196566046163405f,1.5150677372046706f,0.4966707585395916f,-1.4325846935234332f,0.30176231342526466f,0f,0f,0f,1f], start_interpolation: 0, interpolation_duration: 1 }
$data merge entity $(bone_group18) { transformation: [-2.221550244801851f,-2.2849183783373563f,-0.5974843365902567f,1.0959065919736477f,-2.171770506974366f,1.6837943129986377f,-0.38821844805685474f,0.8196566046163405f,1.5150677372046706f,0.4966707585395916f,-1.4325846935234332f,0.30176231342526466f,0f,0f,0f,1f], start_interpolation: 0, interpolation_duration: 1 }
$data merge entity $(bone_group19) { transformation: [-2.221550244801851f,-2.2849183783373563f,-0.5974843365902567f,1.1489677614831408f,-2.171770506974366f,1.6837943129986377f,-0.38821844805685474f,0.705100396450907f,1.5150677372046706f,0.4966707585395916f,-1.4325846935234332f,0.3106760033061563f,0f,0f,0f,1f], start_interpolation: 0, interpolation_duration: 1 }
$data merge entity $(bone_group20) { transformation: [-2.221550244801851f,-2.2849183783373563f,-0.5974843365902567f,1.1489677614831408f,-2.171770506974366f,1.6837943129986377f,-0.38821844805685474f,0.705100396450907f,1.5150677372046706f,0.4966707585395916f,-1.4325846935234332f,0.3106760033061563f,0f,0f,0f,1f], start_interpolation: 0, interpolation_duration: 1 }
$data merge entity $(bone_bone11) { transformation: [-0.8344494893217315f,-0.04536773587077092f,-0.3734277103689104f,0.5373758615721259f,0.05953705141706406f,1.451788768387063f,-0.2426365300355342f,1.1662208779638905f,0.33188761543520046f,-0.374501188952898f,-0.8953654334521457f,0.3848266649475582f,0f,0f,0f,1f], start_interpolation: 0, interpolation_duration: 1 }
$data merge entity $(bone_3) { transformation: [-0.8275156998415014f,-0.4192487467416728f,-0.3734277103689104f,0.5815152879904583f,-0.3490806378997337f,0.9051354719244132f,-0.2426365300355342f,1.4046203703703704f,0.4397277279855629f,-0.07042915461445229f,-0.8953654334521457f,0.30181328541875335f,0f,0f,0f,1f], start_interpolation: 0, interpolation_duration: 1 }
$data merge entity $(bone_8) { transformation: [-0.8567946465272145f,0.1045646467360133f,-0.5049447180982077f,0.07838027748608199f,0.10525097501006153f,0.9940719095102902f,0.027262996570388692f,0.3945975198088237f,0.5048021057223682f,-0.02978713439621819f,-0.8627210213520503f,0.5641634054704316f,0f,0f,0f,1f], start_interpolation: 0, interpolation_duration: 1 }
$data merge entity $(bone_7) { transformation: [-0.8567946465272145f,0.0059791240549045f,-0.5156231024283549f,0.08100886112864737f,0.10525097501006153f,0.9809098851361939f,-0.16351767336141454f,0.7639953703703704f,0.5048021057223682f,-0.19437090141694285f,-0.8410676469468007f,0.49160561078193427f,0f,0f,0f,1f], start_interpolation: 0, interpolation_duration: 1 }