# This file was generated by Animated Java via MC-Build. It is not recommended to edit this file directly.
$data merge entity $(bone_layer) { transformation: [-0.8496553180010519f,0.10087737419153846f,-0.5175998415462969f,0.2870262953486655f,-0.05005798147595392f,0.9616715192376362f,0.26959615645949f,1.365819850921631f,0.5249571783327517f,0.25497381132853053f,-0.8120396027617856f,0.4985797160923295f,0f,0f,0f,1f], start_interpolation: 0, interpolation_duration: 1 }
$data merge entity $(bone_head) { transformation: [-0.8496553180010519f,0.10087737419153846f,-0.5175998415462969f,0.2870262953486655f,-0.05005798147595392f,0.9616715192376362f,0.26959615645949f,1.365819850921631f,0.5249571783327517f,0.25497381132853053f,-0.8120396027617856f,0.4985797160923295f,0f,0f,0f,1f], start_interpolation: 0, interpolation_duration: 1 }
$data merge entity $(bone_6) { transformation: [-0.6889596330255905f,-0.11596869963388708f,-0.7154620079126977f,0.3547457045171018f,-0.10460306121727513f,0.992691798494216f,-0.06017634739907152f,0.39864493031043496f,0.7172118401457261f,0.03338044199144179f,-0.6960552581851798f,0.3723293328754552f,0f,0f,0f,1f], start_interpolation: 0, interpolation_duration: 1 }
$data merge entity $(bone_12) { transformation: [-0.6913858135319481f,-0.21731137064120026f,-0.6890293353964034f,0.2732539405266517f,-0.10064969157810551f,0.9733635191721736f,-0.20599295893305158f,0.76365625f,0.715440630962485f,-0.073070019397866f,-0.6948420509966253f,0.3449280756012555f,0f,0f,0f,1f], start_interpolation: 0, interpolation_duration: 1 }
$data merge entity $(bone_group3) { transformation: [1.20255682362877f,-0.11692403636634847f,0.27685842041469666f,-1.0211019422803354f,0.30475615673881307f,0.8169372610396538f,-0.38855269878261206f,1.663232144830069f,-0.2555163957315989f,0.43596556752308757f,0.8022539059088457f,1.0408993713596066f,0f,0f,0f,1f], start_interpolation: 0, interpolation_duration: 1 }
$data merge entity $(bone_group1) { transformation: [1.2163117058160189f,-0.11351384502228364f,0.21015511074922746f,-0.9992284878193332f,0.2820429126593733f,0.8111856267792154f,-0.4167321413112542f,1.681777250321388f,-0.20996556819317527f,0.44745709033257436f,0.8091121965363129f,1.0103299469365705f,0f,0f,0f,1f], start_interpolation: 0, interpolation_duration: 1 }
$data merge entity $(bone_group4) { transformation: [1.1729686667068804f,-0.11974467172004948f,0.22746836717640223f,-1.0132463408595709f,0.287770357856272f,0.7840221890727895f,-0.3970781537202611f,1.6697501661859675f,-0.21585804404583062f,0.43427505825450935f,0.7800441899257704f,1.0194039924660838f,0f,0f,0f,1f], start_interpolation: 0, interpolation_duration: 1 }
$data merge entity $(bone_group2) { transformation: [1.164976922890371f,-0.1132701602299001f,0.2682065947767374f,-1.0211019422803354f,0.29523252684072515f,0.7914079716321647f,-0.37641042694565546f,1.663232144830069f,-0.24753150836498644f,0.4223416435379911f,0.7771834713491944f,1.0408993713596066f,0f,0f,0f,1f], start_interpolation: 0, interpolation_duration: 1 }
$data merge entity $(bone_10) { transformation: [-0.7899146381447002f,0.2282681369346702f,-0.5691471884364376f,0.21329577025924124f,0.005889100757560073f,0.9309147713307597f,0.36518900176547836f,1.0630060322536505f,0.6131885378388889f,0.2851163730454179f,-0.7366874987974422f,0.457909638505205f,0f,0f,0f,1f], start_interpolation: 0, interpolation_duration: 1 }
$data merge entity $(bone_9) { transformation: [-0.7899146381447002f,0.2282681369346702f,-0.5691471884364376f,0.29889632160974255f,0.005889100757560073f,0.9309147713307597f,0.36518900176547836f,1.4120990715026855f,0.6131885378388889f,0.2851163730454179f,-0.7366874987974422f,0.5648282783972367f,0f,0f,0f,1f], start_interpolation: 0, interpolation_duration: 1 }
$data merge entity $(bone_bone12) { transformation: [-0.7205377924549714f,0.9844766284149865f,-0.5818098420728115f,0.11568830849497197f,0.8500575097209596f,1.1078165150425645f,0.3652364830054622f,1.8628008988584377f,1.0041053330259317f,-0.23140513629478554f,-0.7267046299212706f,0.33599386938337394f,0f,0f,0f,1f], start_interpolation: 0, interpolation_duration: 1 }
$data merge entity $(bone_bone1) { transformation: [0.6136600006307181f,-0.8633343281047818f,0.7352585690723609f,0.2999791298863411f,-0.6104229910921737f,1.2531879335273997f,0.6729680486699764f,0.5309392859443213f,-0.5008045283061949f,-2.5853769243917197f,0.0806773950681865f,1.5339198359711996f,0f,0f,0f,1f], start_interpolation: 0, interpolation_duration: 1 }
$data merge entity $(bone_2) { transformation: [0.7540354839588103f,-0.29906659069690833f,0.5847988228954724f,-0.03480398983538776f,-0.2588190451025206f,0.6830127018922192f,0.6830127018922194f,1.0431988123634857f,-0.6036913042468157f,-0.6663728861401987f,0.4376116837950739f,0.8961421001241414f,0f,0f,0f,1f], start_interpolation: 0, interpolation_duration: 1 }
$data merge entity $(bone_bone2) { transformation: [1.4591459301679914f,-0.3811320361092369f,0.6568164746573831f,0.15340770992283795f,-0.023141524625886256f,1.913634654331585f,0.2904594978560801f,0.9209178114817697f,-1.3676101872654258f,-0.4390225287983097f,0.6958630603242569f,0.7695326103633606f,0f,0f,0f,1f], start_interpolation: 0, interpolation_duration: 1 }
$data merge entity $(bone_1) { transformation: [0.7540354839588103f,0.004754739703629662f,0.6568164746573831f,-0.033020962446526636f,-0.2588190451025206f,0.9212198336973717f,0.2904594978560801f,1.38865625f,-0.6036913042468157f,-0.3890133808147703f,0.6958630603242569f,0.7502620823186026f,0f,0f,0f,1f], start_interpolation: 0, interpolation_duration: 1 }
$data merge entity $(bone_4) { transformation: [-0.8272609202089276f,-0.55543109155664f,0.08447290942827607f,0.693901056271317f,-0.3446127958413449f,0.38291535575844093f,-0.857098507329699f,1.1276620845519654f,0.44371318533202275f,-0.738154545374196f,-0.5081795709254003f,0.30236541267576306f,0f,0f,0f,1f], start_interpolation: 0, interpolation_duration: 1 }
$data merge entity $(bone_group5) { transformation: [-3.3090436808357104f,-1.1261641241328393f,-1.5055565100821444f,0.7262704682459415f,-1.3784511833653796f,2.445753109453893f,-0.9855427479973345f,0.9134433761836619f,1.774852741328091f,-0.2001151996044511f,-3.5723948671471266f,0.49140462606236024f,0f,0f,0f,1f], start_interpolation: 0, interpolation_duration: 1 }
$data merge entity $(bone_group7) { transformation: [-3.3090436808357104f,-1.1261641241328393f,-1.5055565100821444f,0.7262704682459415f,-1.3784511833653796f,2.445753109453893f,-0.9855427479973345f,0.9134433761836619f,1.774852741328091f,-0.2001151996044511f,-3.5723948671471266f,0.49140462606236024f,0f,0f,0f,1f], start_interpolation: 0, interpolation_duration: 1 }
$data merge entity $(bone_group6) { transformation: [-2.3026338277696716f,-2.6298085807475458f,-1.5055565100821444f,1.0883046194623616f,-2.4166502973980863f,1.4288587324891646f,-0.9855427479973345f,0.9743663319096676f,1.6371251617688034f,0.7141215241231971f,-3.5723948671471266f,0.3220210408369391f,0f,0f,0f,1f], start_interpolation: 0, interpolation_duration: 1 }
$data merge entity $(bone_group8) { transformation: [-2.3026338277696716f,-2.6298085807475458f,-1.5055565100821444f,1.0883046194623616f,-2.4166502973980863f,1.4288587324891646f,-0.9855427479973345f,0.9743663319096676f,1.6371251617688034f,0.7141215241231971f,-3.5723948671471266f,0.3220210408369391f,0f,0f,0f,1f], start_interpolation: 0, interpolation_duration: 1 }
$data merge entity $(bone_group9) { transformation: [-2.3026338277696716f,-2.6298085807475458f,-1.5055565100821444f,1.1410935627810885f,-2.4166502973980863f,1.4288587324891646f,-0.9855427479973345f,0.8597216549040163f,1.6371251617688034f,0.7141215241231971f,-3.5723948671471266f,0.3314014408183978f,0f,0f,0f,1f], start_interpolation: 0, interpolation_duration: 1 }
$data merge entity $(bone_group10) { transformation: [-2.3026338277696716f,-2.6298085807475458f,-1.5055565100821444f,1.1410935627810885f,-2.4166502973980863f,1.4288587324891646f,-0.9855427479973345f,0.8597216549040163f,1.6371251617688034f,0.7141215241231971f,-3.5723948671471266f,0.3314014408183978f,0f,0f,0f,1f], start_interpolation: 0, interpolation_duration: 1 }
$data merge entity $(bone_group11) { transformation: [-2.3026338277696716f,-2.6298085807475458f,-1.5055565100821444f,1.1938825060998153f,-2.4166502973980863f,1.4288587324891646f,-0.9855427479973345f,0.7450769778983652f,1.6371251617688034f,0.7141215241231971f,-3.5723948671471266f,0.3407818407998564f,0f,0f,0f,1f], start_interpolation: 0, interpolation_duration: 1 }
$data merge entity $(bone_group12) { transformation: [-2.3026338277696716f,-2.6298085807475458f,-1.5055565100821444f,1.1938825060998153f,-2.4166502973980863f,1.4288587324891646f,-0.9855427479973345f,0.7450769778983652f,1.6371251617688034f,0.7141215241231971f,-3.5723948671471266f,0.3407818407998564f,0f,0f,0f,1f], start_interpolation: 0, interpolation_duration: 1 }
$data merge entity $(bone_group13) { transformation: [-2.5016578609409956f,-1.9695855775862576f,-0.6022226040328578f,0.919522496442007f,-1.9186391775874583f,1.9594987591770132f,-0.39421709919893383f,0.9621737075194368f,1.5836122311279166f,0.2894844033599431f,-1.4289579468588507f,0.34403075128880145f,0f,0f,0f,1f], start_interpolation: 0, interpolation_duration: 1 }
$data merge entity $(bone_group14) { transformation: [-2.5016578609409956f,-1.9695855775862576f,-0.6022226040328578f,0.919522496442007f,-1.9186391775874583f,1.9594987591770132f,-0.39421709919893383f,0.9621737075194368f,1.5836122311279166f,0.2894844033599431f,-1.4289579468588507f,0.34403075128880145f,0f,0f,0f,1f], start_interpolation: 0, interpolation_duration: 1 }
$data merge entity $(bone_group15) { transformation: [-2.413364720721462f,-2.07683175183275f,-0.6022226040328578f,0.980613538359836f,-2.0022851936444654f,1.8739438850461552f,-0.39421709919893383f,0.8929443532833004f,1.5694778508572422f,0.3582850736984888f,-1.4289579468588507f,0.33738324205920445f,0f,0f,0f,1f], start_interpolation: 0, interpolation_duration: 1 }
$data merge entity $(bone_group16) { transformation: [-2.413364720721462f,-2.07683175183275f,-0.6022226040328578f,0.980613538359836f,-2.0022851936444654f,1.8739438850461552f,-0.39421709919893383f,0.8929443532833004f,1.5694778508572422f,0.3582850736984888f,-1.4289579468588507f,0.33738324205920445f,0f,0f,0f,1f], start_interpolation: 0, interpolation_duration: 1 }
$data merge entity $(bone_group17) { transformation: [-2.223173325451483f,-2.279267374759851f,-0.6022226040328578f,1.0947178577361896f,-2.1579908651448507f,1.6923023095597052f,-0.39421709919893383f,0.8179949158624924f,1.5322789120828209f,0.49371069864130634f,-1.4289579468588507f,0.30997176320798625f,0f,0f,0f,1f], start_interpolation: 0, interpolation_duration: 1 }
$data merge entity $(bone_group18) { transformation: [-2.223173325451483f,-2.279267374759851f,-0.6022226040328578f,1.0947178577361896f,-2.1579908651448507f,1.6923023095597052f,-0.39421709919893383f,0.8179949158624924f,1.5322789120828209f,0.49371069864130634f,-1.4289579468588507f,0.30997176320798625f,0f,0f,0f,1f], start_interpolation: 0, interpolation_duration: 1 }
$data merge entity $(bone_group19) { transformation: [-2.223173325451483f,-2.279267374759851f,-0.6022226040328578f,1.1475068010549163f,-2.1579908651448507f,1.6923023095597052f,-0.39421709919893383f,0.7033502388568411f,1.5322789120828209f,0.49371069864130634f,-1.4289579468588507f,0.31935216318944487f,0f,0f,0f,1f], start_interpolation: 0, interpolation_duration: 1 }
$data merge entity $(bone_group20) { transformation: [-2.223173325451483f,-2.279267374759851f,-0.6022226040328578f,1.1475068010549163f,-2.1579908651448507f,1.6923023095597052f,-0.39421709919893383f,0.7033502388568411f,1.5322789120828209f,0.49371069864130634f,-1.4289579468588507f,0.31935216318944487f,0f,0f,0f,1f], start_interpolation: 0, interpolation_duration: 1 }
$data merge entity $(bone_bone11) { transformation: [-0.8334235540320629f,-0.04260515027788214f,-0.3763891275205361f,0.5373007767468542f,0.06344724157630438f,1.4499067623876427f,-0.24638568699933364f,1.1664378708876335f,0.33373586430128155f,-0.38204081137017654f,-0.8930987167867817f,0.39265648835276845f,0f,0f,0f,1f], start_interpolation: 0, interpolation_duration: 1 }
$data merge entity $(bone_3) { transformation: [-0.8272609202089276f,-0.4170978237529034f,-0.3763891275205361f,0.5818373000796906f,-0.3446127958413449f,0.9058344849829233f,-0.24638568699933364f,1.40428125f,0.44371318533202275f,-0.07411674059424114f,-0.8930987167867817f,0.30827134021143465f,0f,0f,0f,1f], start_interpolation: 0, interpolation_duration: 1 }
$data merge entity $(bone_8) { transformation: [-0.8560538347024444f,0.10412534846575065f,-0.5062901775643348f,0.07701003063490243f,0.10489112915017228f,0.9941144222591634f,0.02709919707171493f,0.3935974895218534f,0.5061320807030925f,-0.02990697683176549f,-0.8619372886816896f,0.5699822418713194f,0f,0f,0f,1f], start_interpolation: 0, interpolation_duration: 1 }
$data merge entity $(bone_7) { transformation: [-0.8560538347024444f,0.008103501831042012f,-0.5168231470719109f,0.08052235989039153f,0.10489112915017228f,0.9817966439046758f,-0.1583451958321347f,0.76365625f,0.5061320807030925f,-0.18976217556612673f,-0.8413207673697165f,0.4992316617839582f,0f,0f,0f,1f], start_interpolation: 0, interpolation_duration: 1 }