# This file was generated by Animated Java via MC-Build. It is not recommended to edit this file directly.
$data merge entity $(bone_layer) { transformation: [-0.6382119110205897f,0.2974002059067348f,-0.7100976511424879f,0.5625000000000006f,-0.006086262248188993f,0.9203936440383363f,0.39094564510386665f,1.203125f,0.769836680110329f,0.2538280077935922f,-0.5855961308070972f,-4.1875f,0f,0f,0f,1f], start_interpolation: 0, interpolation_duration: 1 }
$data merge entity $(bone_head) { transformation: [-0.6382119110205897f,0.2974002059067348f,-0.7100976511424879f,0.5625000000000006f,-0.006086262248188993f,0.9203936440383363f,0.39094564510386665f,1.203125f,0.769836680110329f,0.2538280077935922f,-0.5855961308070972f,-4.1875f,0f,0f,0f,1f], start_interpolation: 0, interpolation_duration: 1 }
$data merge entity $(bone_6) { transformation: [-0.5217021993444663f,0.4207720798499358f,-0.7421439698723598f,0.6616354071212323f,-0.10685896830168203f,0.8308292435045967f,0.5461720690689699f,0.08403237104442751f,0.846408870518644f,0.36424390860567435f,-0.3884821732731301f,-4.358161528442173f,0f,0f,0f,1f], start_interpolation: 0, interpolation_duration: 1 }
$data merge entity $(bone_12) { transformation: [-0.4967827509960131f,-0.03431640344087808f,-0.8671962192997131f,0.6487667558309029f,-0.16737979754805368f,0.9842470105481933f,0.056937031883626144f,0.453125f,0.8515814122475934f,0.17343646295351905f,-0.4947008102202449f,-4.2931228548346025f,0f,0f,0f,1f], start_interpolation: 0, interpolation_duration: 1 }
$data merge entity $(bone_group3) { transformation: [0.9596634234405276f,0.02348913259738285f,0.5357889220875817f,-0.21394914768910145f,0.3716576607521836f,0.8498623518371144f,-0.34552387573281723f,1.2674990876458652f,-0.7223190463856809f,0.39080658271845287f,0.6955821299891216f,-3.3399519175724866f,0f,0f,0f,1f], start_interpolation: 0, interpolation_duration: 1 }
$data merge entity $(bone_group1) { transformation: [0.3240797923895524f,-0.11061159057462791f,1.0446591591839125f,-0.19048793080700316f,0.49057089400021303f,0.8511295944452963f,0.12124683083091789f,1.051287322051691f,-1.0102818231577182f,0.3670081416277618f,0.054265561858799896f,-2.812221372167866f,0f,0f,0f,1f], start_interpolation: 0, interpolation_duration: 1 }
$data merge entity $(bone_group4) { transformation: [0.5794345798390617f,-0.02871095860241899f,0.8931130558088889f,-0.20349219134074034f,0.3943938364870331f,0.873642122029934f,-0.02656236154040768f,1.1858850200477948f,-0.9635850557624439f,0.25453296120326663f,0.3062070288727694f,-3.021871642069213f,0f,0f,0f,1f], start_interpolation: 0, interpolation_duration: 1 }
$data merge entity $(bone_group2) { transformation: [0.9296739414580112f,0.02275509720371464f,0.5190455182723448f,-0.21394914768910145f,0.3600433588536779f,0.8233041533422046f,-0.33472625461616673f,1.2674990876458652f,-0.6997465761861285f,0.3785938770085013f,0.6738451884269616f,-3.3399519175724866f,0f,0f,0f,1f], start_interpolation: 0, interpolation_duration: 1 }
$data merge entity $(bone_10) { transformation: [-0.45850182085174185f,0.17419788383060286f,-0.8714534855886324f,0.5853762020589562f,-0.04760699507288958f,0.9743782305072064f,0.21981955766895528f,0.7761131635597975f,0.8874174070277001f,0.14227494924471096f,-0.43846115508862105f,-4.1688160159281f,0f,0f,0f,1f], start_interpolation: 0, interpolation_duration: 1 }
$data merge entity $(bone_9) { transformation: [-0.45850182085174185f,0.17419788383060286f,-0.8714534855886324f,0.6507004084954323f,-0.04760699507288958f,0.9743782305072064f,0.21981955766895528f,1.141505f,0.8874174070277001f,0.14227494924471096f,-0.43846115508862105f,-4.115462909961334f,0f,0f,0f,1f], start_interpolation: 0, interpolation_duration: 1 }
$data merge entity $(bone_bone12) { transformation: [-0.5937100473469981f,0.7849271830847773f,-0.7546589213188584f,0.3749739691154952f,0.8897458259978334f,1.159539335819933f,0.22491568178685384f,1.5443988078152504f,1.0515991369332036f,-0.5379199252127262f,-0.6163625950365674f,-4.34066062365086f,0f,0f,0f,1f], start_interpolation: 0, interpolation_duration: 1 }
$data merge entity $(bone_bone1) { transformation: [0.49527782348965543f,-1.385226284857344f,0.7358628372925714f,0.8148989768261652f,-0.6104229910921737f,1.2531879335273997f,0.6729680486699764f,0.34540803594432123f,-0.6181291527710314f,-2.3474812337911546f,-0.07496592666705654f,-3.2004353016440446f,0f,0f,0f,1f], start_interpolation: 0, interpolation_duration: 1 }
$data merge entity $(bone_2) { transformation: [0.6110158563317445f,-0.43188799144813783f,0.6634247403843766f,0.3540688917609975f,-0.2588190451025206f,0.6830127018922192f,0.6830127018922194f,0.8576675623634856f,-0.7481125083858735f,-0.5890385487358051f,0.3055507533942803f,-3.754037875962159f,0f,0f,0f,1f], start_interpolation: 0, interpolation_duration: 1 }
$data merge entity $(bone_bone2) { transformation: [1.1406612634276097f,-0.46456217788615684f,0.7878886128434331f,0.5116199729236701f,-0.023141524625886256f,1.913634654331585f,0.2904594978560801f,0.7353865614817697f,-1.6426674502021752f,-0.34954884153563726f,0.5430145613672288f,-3.9172287569814084f,0f,0f,0f,1f], start_interpolation: 0, interpolation_duration: 1 }
$data merge entity $(bone_1) { transformation: [0.6110158563317445f,-0.07675387327578317f,0.7878886128434331f,0.3252861892825788f,-0.2588190451025206f,0.9212198336973717f,0.2904594978560801f,1.203125f,-0.7481125083858735f,-0.38139593723550824f,0.5430145613672288f,-3.897061352425475f,0f,0f,0f,1f], start_interpolation: 0, interpolation_duration: 1 }
$data merge entity $(bone_4) { transformation: [-0.5882049330550146f,-0.7939160597083137f,-0.15398781402101525f,0.8406892720206194f,-0.671611576203084f,0.5856207297796215f,-0.45385708275005743f,0.9142022785974924f,0.4505028828317914f,-0.1635409764848204f,-0.8776682183892937f,-4.600817798994457f,0f,0f,0f,1f], start_interpolation: 0, interpolation_duration: 1 }
$data merge entity $(bone_group5) { transformation: [-2.3528197322200586f,-1.3569832406633844f,-2.534314524787373f,0.956277914361179f,-2.686446304812336f,1.9980094631744107f,0.14602484589663303f,0.6576367000648102f,1.8020115313271656f,1.2068780674219755f,-3.0912661861820663f,-4.54177012572576f,0f,0f,0f,1f], start_interpolation: 0, interpolation_duration: 1 }
$data merge entity $(bone_group7) { transformation: [-2.3528197322200586f,-1.3569832406633844f,-2.534314524787373f,0.956277914361179f,-2.686446304812336f,1.9980094631744107f,0.14602484589663303f,0.6576367000648102f,1.8020115313271656f,1.2068780674219755f,-3.0912661861820663f,-4.54177012572576f,0f,0f,0f,1f], start_interpolation: 0, interpolation_duration: 1 }
$data merge entity $(bone_group6) { transformation: [-1.3591100382961794f,-2.3515918250342525f,-2.534314524787373f,1.230847806751442f,-3.325535477457522f,0.387103799704581f,0.14602484589663303f,0.8617441314350172f,0.9571487303308357f,1.946192831321282f,-3.0912661861820663f,-4.757229316240948f,0f,0f,0f,1f], start_interpolation: 0, interpolation_duration: 1 }
$data merge entity $(bone_group8) { transformation: [-1.3591100382961794f,-2.3515918250342525f,-2.534314524787373f,1.230847806751442f,-3.325535477457522f,0.387103799704581f,0.14602484589663303f,0.8617441314350172f,0.9571487303308357f,1.946192831321282f,-3.0912661861820663f,-4.757229316240948f,0f,0f,0f,1f], start_interpolation: 0, interpolation_duration: 1 }
$data merge entity $(bone_group9) { transformation: [-1.3591100382961794f,-2.3515918250342525f,-2.534314524787373f,1.294456396157538f,-3.325535477457522f,0.387103799704581f,0.14602484589663303f,0.7680874378487167f,0.9571487303308357f,1.946192831321282f,-3.0912661861820663f,-4.813801725651353f,0f,0f,0f,1f], start_interpolation: 0, interpolation_duration: 1 }
$data merge entity $(bone_group10) { transformation: [-1.3591100382961794f,-2.3515918250342525f,-2.534314524787373f,1.294456396157538f,-3.325535477457522f,0.387103799704581f,0.14602484589663303f,0.7680874378487167f,0.9571487303308357f,1.946192831321282f,-3.0912661861820663f,-4.813801725651353f,0f,0f,0f,1f], start_interpolation: 0, interpolation_duration: 1 }
$data merge entity $(bone_group11) { transformation: [-1.3591100382961794f,-2.3515918250342525f,-2.534314524787373f,1.358064985563634f,-3.325535477457522f,0.387103799704581f,0.14602484589663303f,0.6744307442624162f,0.9571487303308357f,1.946192831321282f,-3.0912661861820663f,-4.870374135061758f,0f,0f,0f,1f], start_interpolation: 0, interpolation_duration: 1 }
$data merge entity $(bone_group12) { transformation: [-1.3591100382961794f,-2.3515918250342525f,-2.534314524787373f,1.358064985563634f,-3.325535477457522f,0.387103799704581f,0.14602484589663303f,0.6744307442624162f,0.9571487303308357f,1.946192831321282f,-3.0912661861820663f,-4.870374135061758f,0f,0f,0f,1f], start_interpolation: 0, interpolation_duration: 1 }
$data merge entity $(bone_group13) { transformation: [-1.6114789243082743f,-1.9309338033019268f,-1.013725809914949f,1.0817929864771443f,-2.9067114733979813f,1.1784885072622964f,0.05840993835865321f,0.8030145821289212f,1.1838328144151415f,1.6387078568058886f,-1.2365064744728267f,-4.698458634040945f,0f,0f,0f,1f], start_interpolation: 0, interpolation_duration: 1 }
$data merge entity $(bone_group14) { transformation: [-1.6114789243082743f,-1.9309338033019268f,-1.013725809914949f,1.0817929864771443f,-2.9067114733979813f,1.1784885072622964f,0.05840993835865321f,0.8030145821289212f,1.1838328144151415f,1.6387078568058886f,-1.2365064744728267f,-4.698458634040945f,0f,0f,0f,1f], start_interpolation: 0, interpolation_duration: 1 }
$data merge entity $(bone_group15) { transformation: [-1.5257190039037787f,-1.99938770561156f,-1.013725809914949f,1.1432979064335385f,-2.955349874853705f,1.0505778736176428f,0.05840993835865321f,0.7580175068757845f,1.111226635107057f,1.6887862321419107f,-1.2365064744728267f,-4.751007813952119f,0f,0f,0f,1f], start_interpolation: 0, interpolation_duration: 1 }
$data merge entity $(bone_group16) { transformation: [-1.5257190039037787f,-1.99938770561156f,-1.013725809914949f,1.1432979064335385f,-2.955349874853705f,1.0505778736176428f,0.05840993835865321f,0.7580175068757845f,1.111226635107057f,1.6887862321419107f,-1.2365064744728267f,-4.751007813952119f,0f,0f,0f,1f], start_interpolation: 0, interpolation_duration: 1 }
$data merge entity $(bone_group17) { transformation: [-1.3456550619436516f,-2.1247546047695067f,-1.013725809914949f,1.2478025485172344f,-3.035667771224766f,0.7890043942083218f,0.05840993835865321f,0.7282801282068465f,0.9598106638676336f,1.7792096734138436f,-1.2365064744728267f,-4.838088644998373f,0f,0f,0f,1f], start_interpolation: 0, interpolation_duration: 1 }
$data merge entity $(bone_group18) { transformation: [-1.3456550619436516f,-2.1247546047695067f,-1.013725809914949f,1.2478025485172344f,-3.035667771224766f,0.7890043942083218f,0.05840993835865321f,0.7282801282068465f,0.9598106638676336f,1.7792096734138436f,-1.2365064744728267f,-4.838088644998373f,0f,0f,0f,1f], start_interpolation: 0, interpolation_duration: 1 }
$data merge entity $(bone_group19) { transformation: [-1.3456550619436516f,-2.1247546047695067f,-1.013725809914949f,1.3114111379233304f,-3.035667771224766f,0.7890043942083218f,0.05840993835865321f,0.6346234346205462f,0.9598106638676336f,1.7792096734138436f,-1.2365064744728267f,-4.894661054408778f,0f,0f,0f,1f], start_interpolation: 0, interpolation_duration: 1 }
$data merge entity $(bone_group20) { transformation: [-1.3456550619436516f,-2.1247546047695067f,-1.013725809914949f,1.3114111379233304f,-3.035667771224766f,0.7890043942083218f,0.05840993835865321f,0.6346234346205462f,0.9598106638676336f,1.7792096734138436f,-1.2365064744728267f,-4.894661054408778f,0f,0f,0f,1f], start_interpolation: 0, interpolation_duration: 1 }
$data merge entity $(bone_bone11) { transformation: [-0.670947206207825f,-0.31036771262939655f,-0.6335786311968432f,0.7214641098215294f,-0.26635302581638626f,1.431759383709754f,0.03650621147415826f,0.8774974792896378f,0.5374810807092375f,0.3220822101828366f,-0.7728165465455166f,-4.464370718020291f,0f,0f,0f,1f], start_interpolation: 0, interpolation_duration: 1 }
$data merge entity $(bone_3) { transformation: [-0.5882049330550146f,-0.5025863854308831f,-0.6335786311968432f,0.7112832710707273f,-0.671611576203084f,0.7400035048794114f,0.03650621147415826f,1.1327500000000001f,0.4505028828317914f,0.4469918768229538f,-0.7728165465455166f,-4.443966568483096f,0f,0f,0f,1f], start_interpolation: 0, interpolation_duration: 1 }
$data merge entity $(bone_8) { transformation: [-0.6090341637754673f,0.11724459978431984f,-0.7844304246877043f,0.601603922806752f,0.13287802436559118f,0.9901184415345694f,0.04482078060289196f,0.16871744059852567f,0.7819340240678971f,-0.07693617845051781f,-0.6185951878655501f,-3.912612577376715f,0f,0f,0f,1f], start_interpolation: 0, interpolation_duration: 1 }
$data merge entity $(bone_7) { transformation: [-0.6090341637754673f,-0.36622376135675f,-0.7035321911412665f,0.4646097674439445f,0.13287802436559118f,0.827367639480121f,-0.5457162447479366f,0.453125f,0.7819340240678971f,-0.42584380441519465f,-0.45523206856083703f,-4.067645651434246f,0f,0f,0f,1f], start_interpolation: 0, interpolation_duration: 1 }