# This file was generated by Animated Java via MC-Build. It is not recommended to edit this file directly.
$data merge entity $(bone_layer) { transformation: [-0.8502857823719739f,0.08790679297034498f,-0.5189282070245835f,0.2868069164398652f,-0.053328983099328826f,0.9664894785783f,0.2511057692667318f,1.3647345931441697f,0.5236125550993517f,0.24118557906125843f,-0.8171042825705994f,0.5062099590430249f,0f,0f,0f,1f], start_interpolation: 0, interpolation_duration: 1 }
$data merge entity $(bone_head) { transformation: [-0.8502857823719739f,0.08790679297034498f,-0.5189282070245835f,0.2868069164398652f,-0.053328983099328826f,0.9664894785783f,0.2511057692667318f,1.3647345931441697f,0.5236125550993517f,0.24118557906125843f,-0.8171042825705994f,0.5062099590430249f,0f,0f,0f,1f], start_interpolation: 0, interpolation_duration: 1 }
$data merge entity $(bone_6) { transformation: [-0.6862866780645847f,-0.12138023650491307f,-0.7171313922128136f,0.35391615920401887f,-0.10414374210251814f,0.9922159310514616f,-0.06827610964726377f,0.3985176152350148f,0.7198365623472881f,0.02782776228323705f,-0.6935855672909771f,0.3806808571611537f,0f,0f,0f,1f], start_interpolation: 0, interpolation_duration: 1 }
$data merge entity $(bone_12) { transformation: [-0.6891670103932053f,-0.21907887010454466f,-0.6906904375039571f,0.2717615829148146f,-0.09948672528810452f,0.9727801865337878f,-0.20928712377673422f,0.7633101851851852f,0.7177403592366398f,-0.07551925159192775f,-0.6922034522897544f,0.35236113781418077f,0f,0f,0f,1f], start_interpolation: 0, interpolation_duration: 1 }
$data merge entity $(bone_group3) { transformation: [1.2026214395381458f,-0.11563748914320755f,0.278666246534524f,-1.0231488878519186f,0.30320210075878873f,0.8168296376917709f,-0.3889274965050661f,1.6650526305071311f,-0.25695162569667374f,0.43651549823665237f,0.8014766043834417f,1.051488462755302f,0f,0f,0f,1f], start_interpolation: 0, interpolation_duration: 1 }
$data merge entity $(bone_group1) { transformation: [1.2185731896291387f,-0.11170008923362569f,0.1998191789394977f,-0.9972769193188309f,0.2762206837030513f,0.8099562943246573f,-0.42199490948635693f,1.6869333614558415f,-0.2031796070452715f,0.4501391325302067f,0.8093376762321461f,1.0154798278336536f,0f,0f,0f,1f], start_interpolation: 0, interpolation_duration: 1 }
$data merge entity $(bone_group4) { transformation: [1.174391932318288f,-0.119756231785683f,0.22182365535135437f,-1.0139234511967832f,0.2848560958138278f,0.7825438529881308f,-0.4010954217683788f,1.6727398539668625f,-0.21151236995819234f,0.4369792977155543f,0.7797055377094436f,1.0261016701447723f,0f,0f,0f,1f], start_interpolation: 0, interpolation_duration: 1 }
$data merge entity $(bone_group2) { transformation: [1.165039519552579f,-0.11202381760748233f,0.2699579263303201f,-1.0231488878519186f,0.29372703511007664f,0.7913037115139031f,-0.37677351223928285f,1.6650526305071311f,-0.24892188739365273f,0.422874388916757f,0.7764304604964593f,1.051488462755302f,0f,0f,0f,1f], start_interpolation: 0, interpolation_duration: 1 }
$data merge entity $(bone_10) { transformation: [-0.7893436172062316f,0.23039207857986743f,-0.5690836002762955f,0.21258046943243566f,0.006987391512300797f,0.9302303493351849f,0.3669096258421054f,1.0624088322606626f,0.6139119076346671f,0.28564136133163237f,-0.7358812284336216f,0.46563058961361087f,0f,0f,0f,1f], start_interpolation: 0, interpolation_duration: 1 }
$data merge entity $(bone_9) { transformation: [-0.7893436172062316f,0.23039207857986743f,-0.5690836002762955f,0.29897749889988595f,0.006987391512300797f,0.9302303493351849f,0.3669096258421054f,1.411245213261357f,0.6139119076346671f,0.28564136133163237f,-0.7358812284336216f,0.572746100112973f,0f,0f,0f,1f], start_interpolation: 0, interpolation_duration: 1 }
$data merge entity $(bone_bone12) { transformation: [-0.7158968877779339f,0.9849312917867659f,-0.5840098920505908f,0.11547069568396101f,0.8494325351528529f,1.1070020323280274f,0.3669761534156408f,1.8624942645479452f,1.0079464342382813f,-0.23335991703990228f,-0.7240586639294619f,0.3452333600599685f,0f,0f,0f,1f], start_interpolation: 0, interpolation_duration: 1 }
$data merge entity $(bone_bone1) { transformation: [0.6118410682039436f,-0.8726979985366381f,0.7355461137203247f,0.30298309040272375f,-0.6104229910921737f,1.2531879335273997f,0.6729680486699764f,0.5305932211295065f,-0.5030251278068929f,-2.5822312457662395f,0.07801230710760293f,1.5410969105533217f,0f,0f,0f,1f], start_interpolation: 0, interpolation_duration: 1 }
$data merge entity $(bone_2) { transformation: [0.751842770704762f,-0.3014795450774353f,0.5863808762561146f,-0.03410912107204643f,-0.2588190451025206f,0.6830127018922192f,0.6830127018922194f,1.0428527475486709f,-0.6064199452781921f,-0.6652847006761788f,0.43548951424230764f,0.9045366081813767f,0f,0f,0f,1f], start_interpolation: 0, interpolation_duration: 1 }
$data merge entity $(bone_bone2) { transformation: [1.4541801642988126f,-0.3827205397376521f,0.6593339514659465f,0.15364251323080172f,-0.023141524625886256f,1.913634654331585f,0.2904594978560801f,0.9205717466669548f,-1.3728891140940211f,-0.4376384331890374f,0.6934782048121586f,0.777245875447311f,0f,0f,0f,1f], start_interpolation: 0, interpolation_duration: 1 }
$data merge entity $(bone_1) { transformation: [0.751842770704762f,0.0033449339734777928f,0.6593339514659465f,-0.03285477083199226f,-0.2588190451025206f,0.9212198336973717f,0.2904594978560801f,1.3883101851851851f,-0.6064199452781921f,-0.3890280573677172f,0.6934782048121586f,0.7586510866684828f,0f,0f,0f,1f], start_interpolation: 0, interpolation_duration: 1 }
$data merge entity $(bone_4) { transformation: [-0.8269780558841047f,-0.5562064475740647f,0.08210775093245429f,0.6935001912193121f,-0.3399998627159859f,0.3784274102353382f,-0.8609255418070053f,1.1269922795366847f,0.4477805136886345f,-0.7398831548694796f,-0.5020612798266046f,0.3101598183634276f,0f,0f,0f,1f], start_interpolation: 0, interpolation_duration: 1 }
$data merge entity $(bone_group5) { transformation: [-3.3079122235364187f,-1.1202516317817683f,-1.5176752583045499f,0.7258099727053834f,-1.3599994508639437f,2.447599375419491f,-1.0009970096967211f,0.9137214507061957f,1.791122054754538f,-0.2104603975488159f,-3.562957591230696f,0.5002779122805224f,0f,0f,0f,1f], start_interpolation: 0, interpolation_duration: 1 }
$data merge entity $(bone_group7) { transformation: [-3.3079122235364187f,-1.1202516317817683f,-1.5176752583045499f,0.7258099727053834f,-1.3599994508639437f,2.447599375419491f,-1.0009970096967211f,0.9137214507061957f,1.791122054754538f,-0.2104603975488159f,-3.562957591230696f,0.5002779122805224f,0f,0f,0f,1f], start_interpolation: 0, interpolation_duration: 1 }
$data merge entity $(bone_group6) { transformation: [-2.3046102031807236f,-2.6241224835221915f,-1.5176752583045499f,1.0875498777054786f,-2.401593761290807f,1.4396835119682327f,-1.0009970096967211f,0.9727623671447896f,1.6563873994704201f,0.713296976609422f,-3.562957591230696f,0.32960411979375254f,0f,0f,0f,1f], start_interpolation: 0, interpolation_duration: 1 }
$data merge entity $(bone_group8) { transformation: [-2.3046102031807236f,-2.6241224835221915f,-1.5176752583045499f,1.0875498777054786f,-2.401593761290807f,1.4396835119682327f,-1.0009970096967211f,0.9727623671447896f,1.6563873994704201f,0.713296976609422f,-3.562957591230696f,0.32960411979375254f,0f,0f,0f,1f], start_interpolation: 0, interpolation_duration: 1 }
$data merge entity $(bone_group9) { transformation: [-2.3046102031807236f,-2.6241224835221915f,-1.5176752583045499f,1.140061672945249f,-2.401593761290807f,1.4396835119682327f,-1.0009970096967211f,0.858031146422001f,1.6563873994704201f,0.713296976609422f,-3.562957591230696f,0.3394694509288533f,0f,0f,0f,1f], start_interpolation: 0, interpolation_duration: 1 }
$data merge entity $(bone_group10) { transformation: [-2.3046102031807236f,-2.6241224835221915f,-1.5176752583045499f,1.140061672945249f,-2.401593761290807f,1.4396835119682327f,-1.0009970096967211f,0.858031146422001f,1.6563873994704201f,0.713296976609422f,-3.562957591230696f,0.3394694509288533f,0f,0f,0f,1f], start_interpolation: 0, interpolation_duration: 1 }
$data merge entity $(bone_group11) { transformation: [-2.3046102031807236f,-2.6241224835221915f,-1.5176752583045499f,1.1925734681850195f,-2.401593761290807f,1.4396835119682327f,-1.0009970096967211f,0.7432999256992123f,1.6563873994704201f,0.713296976609422f,-3.562957591230696f,0.349334782063954f,0f,0f,0f,1f], start_interpolation: 0, interpolation_duration: 1 }
$data merge entity $(bone_group12) { transformation: [-2.3046102031807236f,-2.6241224835221915f,-1.5176752583045499f,1.1925734681850195f,-2.401593761290807f,1.4396835119682327f,-1.0009970096967211f,0.7432999256992123f,1.6563873994704201f,0.713296976609422f,-3.562957591230696f,0.349334782063954f,0f,0f,0f,1f], start_interpolation: 0, interpolation_duration: 1 }
$data merge entity $(bone_group13) { transformation: [-2.5024646006756432f,-1.9636405212152623f,-0.60707010332182f,0.9187955867628994f,-1.9033564034191786f,1.9662532630006684f,-0.4003988038786885f,0.9611366307109654f,1.600687780139461f,0.2840210619327134f,-1.4251830364922784f,0.35212797461020584f,0f,0f,0f,1f], start_interpolation: 0, interpolation_duration: 1 }
$data merge entity $(bone_group14) { transformation: [-2.5024646006756432f,-1.9636405212152623f,-0.60707010332182f,0.9187955867628994f,-1.9033564034191786f,1.9662532630006684f,-0.4003988038786885f,0.9611366307109654f,1.600687780139461f,0.2840210619327134f,-1.4251830364922784f,0.35212797461020584f,0f,0f,0f,1f], start_interpolation: 0, interpolation_duration: 1 }
$data merge entity $(bone_group15) { transformation: [-2.4144300123353966f,-2.070927543331092f,-0.60707010332182f,0.9796862038569834f,-1.9873115926095535f,1.881358585325309f,-0.4003988038786885f,0.8917106244838905f,1.5867754553357831f,0.35357175714853084f,-1.4251830364922784f,0.3456959703521413f,0f,0f,0f,1f], start_interpolation: 0, interpolation_duration: 1 }
$data merge entity $(bone_group16) { transformation: [-2.4144300123353966f,-2.070927543331092f,-0.60707010332182f,0.9796862038569834f,-1.9873115926095535f,1.881358585325309f,-0.4003988038786885f,0.8917106244838905f,1.5867754553357831f,0.35357175714853084f,-1.4251830364922784f,0.3456959703521413f,0f,0f,0f,1f], start_interpolation: 0, interpolation_duration: 1 }
$data merge entity $(bone_group17) { transformation: [-2.224749148986505f,-2.2734784798359264f,-0.60707010332182f,1.0935192477665658f,-2.143720476892611f,1.7009938299855423f,-0.4003988038786885f,0.8163112133378878f,1.5499214865587476f,0.49052290324989256f,-1.4251830364922784f,0.31839084343497737f,0f,0f,0f,1f], start_interpolation: 0, interpolation_duration: 1 }
$data merge entity $(bone_group18) { transformation: [-2.224749148986505f,-2.2734784798359264f,-0.60707010332182f,1.0935192477665658f,-2.143720476892611f,1.7009938299855423f,-0.4003988038786885f,0.8163112133378878f,1.5499214865587476f,0.49052290324989256f,-1.4251830364922784f,0.31839084343497737f,0f,0f,0f,1f], start_interpolation: 0, interpolation_duration: 1 }
$data merge entity $(bone_group19) { transformation: [-2.224749148986505f,-2.2734784798359264f,-0.60707010332182f,1.1460310430063363f,-2.143720476892611f,1.7009938299855423f,-0.4003988038786885f,0.7015799926150992f,1.5499214865587476f,0.49052290324989256f,-1.4251830364922784f,0.32825617457007816f,0f,0f,0f,1f], start_interpolation: 0, interpolation_duration: 1 }
$data merge entity $(bone_group20) { transformation: [-2.224749148986505f,-2.2734784798359264f,-0.60707010332182f,1.1460310430063363f,-2.143720476892611f,1.7009938299855423f,-0.4003988038786885f,0.7015799926150992f,1.5499214865587476f,0.49052290324989256f,-1.4251830364922784f,0.32825617457007816f,0f,0f,0f,1f], start_interpolation: 0, interpolation_duration: 1 }
$data merge entity $(bone_bone11) { transformation: [-0.8323599190258388f,-0.0398075002447964f,-0.37941881457613746f,0.5372440818393914f,0.0674699936386679f,1.4479121006200621f,-0.2502492524241803f,1.1666736795498553f,0.3355961340029069f,-0.38982805414985056f,-0.890739397807674f,0.40065347711609933f,0f,0f,0f,1f], start_interpolation: 0, interpolation_duration: 1 }
$data merge entity $(bone_3) { transformation: [-0.8269780558841047f,-0.4149080117710253f,-0.37941881457613746f,0.5821812131802933f,-0.3399998627159859f,0.9065182871924039f,-0.2502492524241803f,1.4039351851851851f,0.4477805136886345f,-0.07794829538845033f,-0.890739397807674f,0.3148545243514712f,0f,0f,0f,1f], start_interpolation: 0, interpolation_duration: 1 }
$data merge entity $(bone_8) { transformation: [-0.8553062495171906f,0.1036740813275552f,-0.5076444665292088f,0.07559542256478369f,0.10452001767373624f,0.9941580568332294f,0.026931838761197258f,0.39258213780700835f,0.5074709700488487f,-0.03002403861016595f,-0.8611456158299919f,0.5758939699251934f,0f,0f,0f,1f], start_interpolation: 0, interpolation_duration: 1 }
$data merge entity $(bone_7) { transformation: [-0.8553062495171906f,0.010313996061328587f,-0.5180201164260752f,0.08002823544115602f,0.10452001767373624f,0.9826820972308881f,-0.15300804451853256f,0.7633101851851852f,0.5074709700488487f,-0.18501220842730964f,-0.841572158100855f,0.5070090650317167f,0f,0f,0f,1f], start_interpolation: 0, interpolation_duration: 1 }