# This file was generated by Animated Java via MC-Build. It is not recommended to edit this file directly.
$data merge entity $(bone_layer) { transformation: [-0.8509461884763898f,0.0745576017807562f,-0.5199343692565501f,0.2865953287273696f,-0.056686946894313126f,0.971056891783835f,0.232023927582736f,1.3636405615629974f,0.522185000138175f,0.22691336879042534f,-0.8220907180444714f,0.5138400344098789f,0f,0f,0f,1f], start_interpolation: 0, interpolation_duration: 1 }
$data merge entity $(bone_head) { transformation: [-0.8509461884763898f,0.0745576017807562f,-0.5199343692565501f,0.2865953287273696f,-0.056686946894313126f,0.971056891783835f,0.232023927582736f,1.3636405615629974f,0.522185000138175f,0.22691336879042534f,-0.8220907180444714f,0.5138400344098789f,0f,0f,0f,1f], start_interpolation: 0, interpolation_duration: 1 }
$data merge entity $(bone_6) { transformation: [-0.6836010656600453f,-0.1268839918576193f,-0.7187419812691661f,0.35309477370021736f,-0.10366739933913541f,0.991668263482923f,-0.07646649929887159f,0.3983972482505671f,0.7224559871318881f,0.0222375315860303f,-0.69105921515182f,0.3890479411449583f,0f,0f,0f,1f], start_interpolation: 0, interpolation_duration: 1 }
$data merge entity $(bone_12) { transformation: [-0.6869456147814766f,-0.22087431947045166f,-0.6923295872133186f,0.270266903898798f,-0.09830202059369955f,0.9721783256528089f,-0.21261706393913196f,0.7629641203703704f,0.7200294682023057f,-0.07799896236082836f,-0.689546029493999f,0.35979833025964764f,0f,0f,0f,1f], start_interpolation: 0, interpolation_duration: 1 }
$data merge entity $(bone_group3) { transformation: [1.202691980352328f,-0.11433755495230476f,0.28046297414331256f,-1.0252197269862318f,0.3016125751901208f,0.8167281165484309f,-0.3893041185265579f,1.666928606194674f,-0.2583645123579122f,0.43705389944329515f,0.8007028911433023f,1.0620561663673493f,0f,0f,0f,1f], start_interpolation: 0, interpolation_duration: 1 }
$data merge entity $(bone_group1) { transformation: [1.220773054679141f,-0.10989580252168665f,0.18930561930133166f,-0.995287851186707f,0.27026471139461217f,0.8086948294184202f,-0.42724971295719216f,1.6921771240887005f,-0.19628045697743463f,0.45285117502414535f,0.8095018515344823f,1.02057334828735f,0f,0f,0f,1f], start_interpolation: 0, interpolation_duration: 1 }
$data merge entity $(bone_group4) { transformation: [1.1758088600300136f,-0.11979756006937482f,0.21607230144559259f,-1.0146231617016526f,0.28187301694602707f,0.7810439096556377f,-0.4051303931715297f,1.6757954607918344f,-0.2070748206354063f,0.439701432567373f,0.7793414565415427f,1.0327311636935086f,0f,0f,0f,1f], start_interpolation: 0, interpolation_duration: 1 }
$data merge entity $(bone_group2) { transformation: [1.1651078559663177f,-0.11076450636004524f,0.27169850620133407f,-1.0252197269862318f,0.29218718221542955f,0.7912053629062925f,-0.377138364822603f,1.666928606194674f,-0.25029062134672747f,0.4233959650856922f,0.7756809257950742f,1.0620561663673493f,0f,0f,0f,1f], start_interpolation: 0, interpolation_duration: 1 }
$data merge entity $(bone_10) { transformation: [-0.7887880325555792f,0.23253500738366997f,-0.5689823459811166f,0.21186881201146548f,0.008108957250318872f,0.929534494485281f,0.36864599329750686f,1.0618098923663686f,0.6146118161160026f,0.2861696942428907f,-0.7350913015316665f,0.47335273271279504f,0f,0f,0f,1f], start_interpolation: 0, interpolation_duration: 1 }
$data merge entity $(bone_9) { transformation: [-0.7887880325555792f,0.23253500738366997f,-0.5689823459811166f,0.29906943978034173f,0.008108957250318872f,0.929534494485281f,0.36864599329750686f,1.410385327798349f,0.6146118161160026f,0.2861696942428907f,-0.7350913015316665f,0.5806663680538791f,0f,0f,0f,1f], start_interpolation: 0, interpolation_duration: 1 }
$data merge entity $(bone_bone12) { transformation: [-0.7112264801065029f,0.9853992158991847f,-0.5861912010032172f,0.11527797914883106f,0.8487971207636377f,1.1061739441737337f,0.36873516724336586f,1.8621864929939718f,1.011780777529734f,-0.23530318853852783f,-0.7213974302036381f,0.3544830217906907f,0f,0f,0f,1f], start_interpolation: 0, interpolation_duration: 1 }
$data merge entity $(bone_bone1) { transformation: [0.6100141003258042f,-0.8820502076222596f,0.7358239982697266f,0.3059854430497544f,-0.6104229910921737f,1.2531879335273997f,0.6729680486699764f,0.5302471563146917f,-0.5052391209613357f,-2.5790516540959105f,0.07534619459320602f,1.5482593393349644f,0f,0f,0f,1f], start_interpolation: 0, interpolation_duration: 1 }
$data merge entity $(bone_2) { transformation: [0.7496401833243568f,-0.303888540056824f,0.5879552285400277f,-0.0334114330674701f,-0.2588190451025206f,0.6830127018922192f,0.6830127018922194f,1.042506682733856f,-0.6091406220550749f,-0.664187777873112f,0.4333616253042412f,0.9129248305329614f,0f,0f,0f,1f], start_interpolation: 0, interpolation_duration: 1 }
$data merge entity $(bone_bone2) { transformation: [1.4491953003425766f,-0.3843040170080093f,0.6618427690880393f,0.15387766999402358f,-0.023141524625886256f,1.913634654331585f,0.2904594978560801f,0.92022568185214f,-1.37815001044987f,-0.43624858997221183f,0.6910842416891515f,0.7849545265644743f,0f,0f,0f,1f], start_interpolation: 0, interpolation_duration: 1 }
$data merge entity $(bone_1) { transformation: [0.7496401833243568f,0.0019350843135284013f,0.6618427690880393f,-0.03268577644989695f,-0.2588190451025206f,0.9212198336973717f,0.2904594978560801f,1.3879641203703703f,-0.6091406220550749f,-0.389037624724507f,0.6910842416891515f,0.7670357212612712f,0f,0f,0f,1f], start_interpolation: 0, interpolation_duration: 1 }
$data merge entity $(bone_4) { transformation: [-0.8266740959534458f,-0.5569997148648724f,0.07975748692131712f,0.6931183914088836f,-0.3353235523073314f,0.3738472909029886f,-0.8647521716379143f,1.1263298738801866f,0.4518495926163325f,-0.7416127835501132f,-0.4958249942545325f,0.31797283255958303f,0f,0f,0f,1f], start_interpolation: 0, interpolation_duration: 1 }
$data merge entity $(bone_group5) { transformation: [-3.306696383813783f,-1.1143423131444758f,-1.5298243370119842f,0.7253725371014643f,-1.3412942092293256f,2.4493654635114916f,-1.0166325828040186f,0.9140276140430535f,1.80739837046533f,-0.22102044089395176f,-3.5533217824265613f,0.5091813015092583f,0f,0f,0f,1f], start_interpolation: 0, interpolation_duration: 1 }
$data merge entity $(bone_group7) { transformation: [-3.306696383813783f,-1.1143423131444758f,-1.5298243370119842f,0.7253725371014643f,-1.3412942092293256f,2.4493654635114916f,-1.0166325828040186f,0.9140276140430535f,1.80739837046533f,-0.22102044089395176f,-3.5533217824265613f,0.5091813015092583f,0f,0f,0f,1f], start_interpolation: 0, interpolation_duration: 1 }
$data merge entity $(bone_group6) { transformation: [-2.306511914412637f,-2.6183969436019217f,-1.5298243370119842f,1.0868099472961905f,-2.3862775908973015f,1.4505656099385356f,-1.0166325828040186f,0.9711638885671823f,1.6757631240285498f,0.7122898686628657f,-3.5533217824265613f,0.33722323461375947f,0f,0f,0f,1f], start_interpolation: 0, interpolation_duration: 1 }
$data merge entity $(bone_group8) { transformation: [-2.306511914412637f,-2.6183969436019217f,-1.5298243370119842f,1.0868099472961905f,-2.3862775908973015f,1.4505656099385356f,-1.0166325828040186f,0.9711638885671823f,1.6757631240285498f,0.7122898686628657f,-3.5533217824265613f,0.33722323461375947f,0f,0f,0f,1f], start_interpolation: 0, interpolation_duration: 1 }
$data merge entity $(bone_group9) { transformation: [-2.306511914412637f,-2.6183969436019217f,-1.5298243370119842f,1.1390447432248378f,-2.3862775908973015f,1.4505656099385356f,-1.0166325828040186f,0.8563498824650813f,1.6757631240285498f,0.7122898686628657f,-3.5533217824265613f,0.34758356778066346f,0f,0f,0f,1f], start_interpolation: 0, interpolation_duration: 1 }
$data merge entity $(bone_group10) { transformation: [-2.306511914412637f,-2.6183969436019217f,-1.5298243370119842f,1.1390447432248378f,-2.3862775908973015f,1.4505656099385356f,-1.0166325828040186f,0.8563498824650813f,1.6757631240285498f,0.7122898686628657f,-3.5533217824265613f,0.34758356778066346f,0f,0f,0f,1f], start_interpolation: 0, interpolation_duration: 1 }
$data merge entity $(bone_group11) { transformation: [-2.306511914412637f,-2.6183969436019217f,-1.5298243370119842f,1.191279539153485f,-2.3862775908973015f,1.4505656099385356f,-1.0166325828040186f,0.74153587636298f,1.6757631240285498f,0.7122898686628657f,-3.5533217824265613f,0.35794390094756745f,0f,0f,0f,1f], start_interpolation: 0, interpolation_duration: 1 }
$data merge entity $(bone_group12) { transformation: [-2.306511914412637f,-2.6183969436019217f,-1.5298243370119842f,1.191279539153485f,-2.3862775908973015f,1.4505656099385356f,-1.0166325828040186f,0.74153587636298f,1.6757631240285498f,0.7122898686628657f,-3.5533217824265613f,0.35794390094756745f,0f,0f,0f,1f], start_interpolation: 0, interpolation_duration: 1 }
$data merge entity $(bone_group13) { transformation: [-2.5031979568034126f,-1.9576756548132264f,-0.6119297348047937f,0.9180863053165718f,-1.8878319209375796f,1.9729999083271166f,-0.40665303312160744f,0.9601109356444412f,1.6178339447865606f,0.2783547138697393f,-1.4213287129706247f,0.36025923608483273f,0f,0f,0f,1f], start_interpolation: 0, interpolation_duration: 1 }
$data merge entity $(bone_group14) { transformation: [-2.5031979568034126f,-1.9576756548132264f,-0.6119297348047937f,0.9180863053165718f,-1.8878319209375796f,1.9729999083271166f,-0.40665303312160744f,0.9601109356444412f,1.6178339447865606f,0.2783547138697393f,-1.4213287129706247f,0.36025923608483273f,0f,0f,0f,1f], start_interpolation: 0, interpolation_duration: 1 }
$data merge entity $(bone_group15) { transformation: [-2.415422854288803f,-2.0650003427051784f,-0.6119297348047937f,0.9787759755988725f,-1.9720961705312443f,1.8887759777553519f,-0.40665303312160744f,0.8904890037800868f,1.6041524632645234f,0.34865870739092447f,-1.4213287129706247f,0.3540496633123481f,0f,0f,0f,1f], start_interpolation: 0, interpolation_duration: 1 }
$data merge entity $(bone_group16) { transformation: [-2.415422854288803f,-2.0650003427051784f,-0.6119297348047937f,0.9787759755988725f,-1.9720961705312443f,1.8887759777553519f,-0.40665303312160744f,0.8904890037800868f,1.6041524632645234f,0.34865870739092447f,-1.4213287129706247f,0.3540496633123481f,0f,0f,0f,1f], start_interpolation: 0, interpolation_duration: 1 }
$data merge entity $(bone_group17) { transformation: [-2.226254802449498f,-2.267660365875745f,-0.6119297348047937f,1.092336174386407f,-2.1292094224354625f,1.7097091084104712f,-0.40665303312160744f,0.8146378716043636f,1.5676605702268374f,0.4871430551626653f,-1.4213287129706247f,0.32685977471669797f,0f,0f,0f,1f], start_interpolation: 0, interpolation_duration: 1 }
$data merge entity $(bone_group18) { transformation: [-2.226254802449498f,-2.267660365875745f,-0.6119297348047937f,1.092336174386407f,-2.1292094224354625f,1.7097091084104712f,-0.40665303312160744f,0.8146378716043636f,1.5676605702268374f,0.4871430551626653f,-1.4213287129706247f,0.32685977471669797f,0f,0f,0f,1f], start_interpolation: 0, interpolation_duration: 1 }
$data merge entity $(bone_group19) { transformation: [-2.226254802449498f,-2.267660365875745f,-0.6119297348047937f,1.1445709703150544f,-2.1292094224354625f,1.7097091084104712f,-0.40665303312160744f,0.6998238655022624f,1.5676605702268374f,0.4871430551626653f,-1.4213287129706247f,0.33722010788360196f,0f,0f,0f,1f], start_interpolation: 0, interpolation_duration: 1 }
$data merge entity $(bone_group20) { transformation: [-2.226254802449498f,-2.267660365875745f,-0.6119297348047937f,1.1445709703150544f,-2.1292094224354625f,1.7097091084104712f,-0.40665303312160744f,0.6998238655022624f,1.5676605702268374f,0.4871430551626653f,-1.4213287129706247f,0.33722010788360196f,0f,0f,0f,1f], start_interpolation: 0, interpolation_duration: 1 }
$data merge entity $(bone_bone11) { transformation: [-0.8312795239087578f,-0.0370248212727311f,-0.38245608425299604f,0.5372098751204363f,0.07153314621600981f,1.4458368923503158f,-0.25415814570100465f,1.1669254228128048f,0.33742756574184646f,-0.3977245822532265f,-0.8883304456066403f,0.40866033696671916f,0f,0f,0f,1f], start_interpolation: 0, interpolation_duration: 1 }
$data merge entity $(bone_3) { transformation: [-0.8266740959534458f,-0.41271937523869473f,-0.38245608425299604f,0.5825440795178023f,-0.3353235523073314f,0.907172393893145f,-0.25415814570100465f,1.4035891203703703f,0.4518495926163325f,-0.08185942255331546f,-0.8883304456066403f,0.321431142914275f,0f,0f,0f,1f], start_interpolation: 0, interpolation_duration: 1 }
$data merge entity $(bone_8) { transformation: [-0.85456937303642f,0.1032191778447165f,-0.5089764120204401f,0.07416248437585916f,0.1041442361252534f,0.9942020251268295f,0.026763992893410887f,0.39157112090777824f,0.5087879369148087f,-0.030135271008767645f,-0.8603642837142886f,0.5817749195148256f,0f,0f,0f,1f], start_interpolation: 0, interpolation_duration: 1 }
$data merge entity $(bone_7) { transformation: [-0.85456937303642f,0.012573092607453651f,-0.5191850383152662f,0.0795369293395314f,0.1041442361252534f,0.9835486390505668f,-0.1476009915402518f,0.7629641203703704f,0.5087879369148087f,-0.18020541602311074f,-0.8418199589496024f,0.5147811846103335f,0f,0f,0f,1f], start_interpolation: 0, interpolation_duration: 1 }