# This file was generated by Animated Java via MC-Build. It is not recommended to edit this file directly.
$data merge entity $(bone_layer) { transformation: [-0.8516351659148156f,0.06092620565284684f,-0.5205819259655406f,0.28639708848733636f,-0.0601086239398126f,0.975315084973112f,0.212479265698923f,1.362557861328125f,0.520676960797486f,0.21224627791468653f,-0.8269504338266321f,0.5213178889145412f,0f,0f,0f,1f], start_interpolation: 0, interpolation_duration: 1 }
$data merge entity $(bone_head) { transformation: [-0.8516351659148156f,0.06092620565284684f,-0.5205819259655406f,0.28639708848733636f,-0.0601086239398126f,0.975315084973112f,0.212479265698923f,1.362557861328125f,0.520676960797486f,0.21224627791468653f,-0.8269504338266321f,0.5213178889145412f,0f,0f,0f,1f], start_interpolation: 0, interpolation_duration: 1 }
$data merge entity $(bone_6) { transformation: [-0.6809567890462463f,-0.13238235035034296f,-0.7202588179033598f,0.35229889102131134f,-0.10318229821018834f,0.9910579120716894f,-0.0846027674261777f,0.39828684057945496f,0.7250181134205477f,0.01670713128646592f,-0.6885271287148292f,0.39726608574167f,0f,0f,0f,1f], start_interpolation: 0, interpolation_duration: 1 }
$data merge entity $(bone_12) { transformation: [-0.6847674321988912f,-0.22266514087362388f,-0.6939119532328768f,0.2687994631937024f,-0.09711636086027316f,0.9715684251214535f,-0.21592407869498023f,0.762625f,0.7222617089760429f,-0.08046757326245187f,-0.6869228438480248f,0.36709074576825057f,0f,0f,0f,1f], start_interpolation: 0, interpolation_duration: 1 }
$data merge entity $(bone_group3) { transformation: [1.2027695421164901f,-0.1130509572748015f,0.28220993655672955f,-1.0272812268996936f,0.300015435854172f,0.8166345011530756f,-0.3896759801467643f,1.6688282336559292f,-0.2597195187427153f,0.4375702947184675f,0.7999491215245229f,1.0723866924449963f,0f,0f,0f,1f], start_interpolation: 0, interpolation_duration: 1 }
$data merge entity $(bone_group1) { transformation: [1.2228724128549002f,-0.10813745631074552f,0.17879287205112385f,-0.9932986245928145f,0.2642801412871294f,0.8074234097874877f,-0.43240257165752904f,1.6974167843391765f,-0.18937913023093472f,0.45554449832088195f,0.8096019659970947f,1.0254921319681631f,0f,0f,0f,1f], start_interpolation: 0, interpolation_duration: 1 }
$data merge entity $(bone_group4) { transformation: [1.1771954244761236f,-0.1198723653665964f,0.21030869342652508f,-1.0153358169671975f,0.2788736087318687f,0.7795489382369073f,-0.40911143834787617f,1.6788642146406259f,-0.20261298630633018f,0.44239223893853813f,0.7789595048629145f,1.03914620949249f,0f,0f,0f,1f], start_interpolation: 0, interpolation_duration: 1 }
$data merge entity $(bone_group2) { transformation: [1.16518299392535f,-0.10951811485996396f,0.27339087603933176f,-1.0272812268996936f,0.2906399534837292f,0.791114672992042f,-0.377498605767178f,1.6688282336559292f,-0.25160328378200547f,0.4238962230085154f,0.7749507114768817f,1.0723866924449963f,0f,0f,0f,1f], start_interpolation: 0, interpolation_duration: 1 }
$data merge entity $(bone_10) { transformation: [-0.78826317706425f,0.234656564872868f,-0.5688386943999507f,0.21117552439639545f,0.009234131898195514f,0.9288394239023179f,0.3703674599811611f,1.061220616427256f,0.6152689610996656f,0.28669429915308003f,-0.7343367649385824f,0.48092168968875554f,0f,0f,0f,1f], start_interpolation: 0, interpolation_duration: 1 }
$data merge entity $(bone_9) { transformation: [-0.78826317706425f,0.234656564872868f,-0.5688386943999507f,0.29917173622372095f,0.009234131898195514f,0.9288394239023179f,0.3703674599811611f,1.409535400390625f,0.6152689610996656f,0.28669429915308003f,-0.7343367649385824f,0.5884320518711605f,0f,0f,0f,1f], start_interpolation: 0, interpolation_duration: 1 }
$data merge entity $(bone_bone12) { transformation: [-0.7066182742198637f,0.9858744621910093f,-0.588309124842121f,0.1151166706280643f,0.8481624225216178f,1.1053467893206357f,0.3704825564109736f,1.8618838387899004f,1.0155348933250903f,-0.23719194787798076f,-0.718773294594817f,0.3635607039712656f,0f,0f,0f,1f], start_interpolation: 0, interpolation_duration: 1 }
$data merge entity $(bone_bone1) { transformation: [0.6082160219313814f,-0.8912035099407024f,0.7360869317518788f,0.3089259368872967f,-0.6104229910921737f,1.2531879335273997f,0.6729680486699764f,0.5299080359443212f,-0.5074022493170964f,-2.57590300809846f,0.0727326224841987f,1.5552638382495685f,0f,0f,0f,1f], start_interpolation: 0, interpolation_duration: 1 }
$data merge entity $(bone_2) { transformation: [0.7474722439957813f,-0.30624532249390407f,0.5894904977236828f,-0.0327250325103297f,-0.2588190451025206f,0.6830127018922192f,0.6830127018922194f,1.0421675623634856f,-0.6117989427484573f,-0.6631044046788521f,0.431270915026013f,0.9211386197773214f,0f,0f,0f,1f], start_interpolation: 0, interpolation_duration: 1 }
$data merge entity $(bone_bone2) { transformation: [1.4442920031116695f,-0.3858508226999753f,0.6642928105078044f,0.15410843466506002f,-0.023141524625886256f,1.913634654331585f,0.2904594978560801f,0.9198865614817696f,-1.38328777901985f,-0.4348810784145334f,0.6887295129532606f,0.7925040118112365f,0f,0f,0f,1f], start_interpolation: 0, interpolation_duration: 1 }
$data merge entity $(bone_1) { transformation: [0.7474722439957813f,0.0005535011768894038f,0.6642928105078044f,-0.03251746956899618f,-0.2588190451025206f,0.9212198336973717f,0.2904594978560801f,1.3876249999999999f,-0.6117989427484573f,-0.38904204353647176f,0.6887295129532606f,0.7752478534511444f,0f,0f,0f,1f], start_interpolation: 0, interpolation_duration: 1 }
$data merge entity $(bone_4) { transformation: [-0.8263587590958481f,-0.5577902145379787f,0.07746791485025004f,0.6927660382965501f,-0.3306661874649224f,0.3692557077644848f,-0.8685102732557411f,1.1256874880237253f,0.45584106192069057f,-0.7433170917239996f,-0.4895800521038334f,0.3256527089288023f,0f,0f,0f,1f], start_interpolation: 0, interpolation_duration: 1 }
$data merge entity $(bone_group5) { transformation: [-3.3054350363833924f,-1.108538244158457f,-1.5417585089059869f,0.7249677847934987f,-1.3226647498596895f,2.451019380489638f,-1.032173214960839f,0.9143574777286176f,1.8233642476827623f,-0.2316181290449388f,-3.543670294275893f,0.517943978401981f,0f,0f,0f,1f], start_interpolation: 0, interpolation_duration: 1 }
$data merge entity $(bone_group7) { transformation: [-3.3054350363833924f,-1.108538244158457f,-1.5417585089059869f,0.7249677847934987f,-1.3226647498596895f,2.451019380489638f,-1.032173214960839f,0.9143574777286176f,1.8233642476827623f,-0.2316181290449388f,-3.543670294275893f,0.517943978401981f,0f,0f,0f,1f], start_interpolation: 0, interpolation_duration: 1 }
$data merge entity $(bone_group6) { transformation: [-2.30832158998793f,-2.6127397986995167f,-1.5417585089059869f,1.0861014446293438f,-2.3709709643135f,1.4613126737421789f,-1.032173214960839f,0.9696000653029913f,1.694888823368043f,0.7110949401114417f,-3.543670294275893f,0.344733504189652f,0f,0f,0f,1f], start_interpolation: 0, interpolation_duration: 1 }
$data merge entity $(bone_group8) { transformation: [-2.30832158998793f,-2.6127397986995167f,-1.5417585089059869f,1.0861014446293438f,-2.3709709643135f,1.4613126737421789f,-1.032173214960839f,0.9696000653029913f,1.694888823368043f,0.7110949401114417f,-3.543670294275893f,0.344733504189652f,0f,0f,0f,1f], start_interpolation: 0, interpolation_duration: 1 }
$data merge entity $(bone_group9) { transformation: [-2.30832158998793f,-2.6127397986995167f,-1.5417585089059869f,1.1380641748242715f,-2.3709709643135f,1.4613126737421789f,-1.032173214960839f,0.8547085318425396f,1.694888823368043f,0.7110949401114417f,-3.543670294275893f,0.3555906039886334f,0f,0f,0f,1f], start_interpolation: 0, interpolation_duration: 1 }
$data merge entity $(bone_group10) { transformation: [-2.30832158998793f,-2.6127397986995167f,-1.5417585089059869f,1.1380641748242715f,-2.3709709643135f,1.4613126737421789f,-1.032173214960839f,0.8547085318425396f,1.694888823368043f,0.7110949401114417f,-3.543670294275893f,0.3555906039886334f,0f,0f,0f,1f], start_interpolation: 0, interpolation_duration: 1 }
$data merge entity $(bone_group11) { transformation: [-2.30832158998793f,-2.6127397986995167f,-1.5417585089059869f,1.190026905019199f,-2.3709709643135f,1.4613126737421789f,-1.032173214960839f,0.7398169983820879f,1.694888823368043f,0.7110949401114417f,-3.543670294275893f,0.36644770378761493f,0f,0f,0f,1f], start_interpolation: 0, interpolation_duration: 1 }
$data merge entity $(bone_group12) { transformation: [-2.30832158998793f,-2.6127397986995167f,-1.5417585089059869f,1.190026905019199f,-2.3709709643135f,1.4613126737421789f,-1.032173214960839f,0.7398169983820879f,1.694888823368043f,0.7110949401114417f,-3.543670294275893f,0.36644770378761493f,0f,0f,0f,1f], start_interpolation: 0, interpolation_duration: 1 }
$data merge entity $(bone_group13) { transformation: [-2.5038606024255996f,-1.9517988507991908f,-0.6167034035623948f,0.9174104673708293f,-1.872338755299119f,1.9796190648109766f,-0.4128692859843356f,0.9591157004558447f,1.6347249660371472f,0.27256844772750877f,-1.4174681177103574f,0.368269110837314f,0f,0f,0f,1f], start_interpolation: 0, interpolation_duration: 1 }
$data merge entity $(bone_group14) { transformation: [-2.5038606024255996f,-1.9517988507991908f,-0.6167034035623948f,0.9174104673708293f,-1.872338755299119f,1.9796190648109766f,-0.4128692859843356f,0.9591157004558447f,1.6347249660371472f,0.27256844772750877f,-1.4174681177103574f,0.368269110837314f,0f,0f,0f,1f], start_interpolation: 0, interpolation_duration: 1 }
$data merge entity $(bone_group15) { transformation: [-2.4163412118099465f,-2.059158036302451f,-0.6167034035623948f,0.977902272346793f,-1.9569064745041682f,1.8960646366624232f,-0.4128692859843356f,0.8893020477459549f,1.6212798013898804f,0.3436147244908553f,-1.4174681177103574f,0.36228549190151804f,0f,0f,0f,1f], start_interpolation: 0, interpolation_duration: 1 }
$data merge entity $(bone_group16) { transformation: [-2.4163412118099465f,-2.059158036302451f,-0.6167034035623948f,0.977902272346793f,-1.9569064745041682f,1.8960646366624232f,-0.4128692859843356f,0.8893020477459549f,1.6212798013898804f,0.3436147244908553f,-1.4174681177103574f,0.36228549190151804f,0f,0f,0f,1f], start_interpolation: 0, interpolation_duration: 1 }
$data merge entity $(bone_group17) { transformation: [-2.2276788558969027f,-2.261920331344584f,-0.6167034035623948f,1.091193130115337f,-2.114712776268344f,1.7182939010092455f,-0.4128692859843356f,0.8130054373649973f,1.5851623457358046f,0.4836110120159567f,-1.4174681177103574f,0.3352186887417216f,0f,0f,0f,1f], start_interpolation: 0, interpolation_duration: 1 }
$data merge entity $(bone_group18) { transformation: [-2.2276788558969027f,-2.261920331344584f,-0.6167034035623948f,1.091193130115337f,-2.114712776268344f,1.7182939010092455f,-0.4128692859843356f,0.8130054373649973f,1.5851623457358046f,0.4836110120159567f,-1.4174681177103574f,0.3352186887417216f,0f,0f,0f,1f], start_interpolation: 0, interpolation_duration: 1 }
$data merge entity $(bone_group19) { transformation: [-2.2276788558969027f,-2.261920331344584f,-0.6167034035623948f,1.1431558603102647f,-2.114712776268344f,1.7182939010092455f,-0.4128692859843356f,0.6981139039045454f,1.5851623457358046f,0.4836110120159567f,-1.4174681177103574f,0.34607578854070314f,0f,0f,0f,1f], start_interpolation: 0, interpolation_duration: 1 }
$data merge entity $(bone_group20) { transformation: [-2.2276788558969027f,-2.261920331344584f,-0.6167034035623948f,1.1431558603102647f,-2.114712776268344f,1.7182939010092455f,-0.4128692859843356f,0.6981139039045454f,1.5851623457358046f,0.4836110120159567f,-1.4174681177103574f,0.34607578854070314f,0f,0f,0f,1f], start_interpolation: 0, interpolation_duration: 1 }
$data merge entity $(bone_bone11) { transformation: [-0.8302046757021706f,-0.03430234810103605f,-0.3854396272264967f,0.5372015592831499f,0.07556504347683707f,1.4437172155528881f,-0.25804330374020973f,1.1671895890745474f,0.3391903899679315f,-0.40559086581303944f,-0.8859175735689733f,0.41652050288054693f,0f,0f,0f,1f], start_interpolation: 0, interpolation_duration: 1 }
$data merge entity $(bone_3) { transformation: [-0.8263587590958481f,-0.41056972005868775f,-0.3854396272264967f,0.5829231410049552f,-0.3306661874649224f,0.9077849557369029f,-0.25804330374020973f,1.4032499999999999f,0.45584106192069057f,-0.08578449223886622f,-0.8859175735689733f,0.3278703619694193f,0f,0f,0f,1f], start_interpolation: 0, interpolation_duration: 1 }
$data merge entity $(bone_8) { transformation: [-0.8538608880570348f,0.10276894458454361f,-0.5102549635970541f,0.07273782898673632f,0.10377039884523309f,0.994245551863693f,0.02659862633223342f,0.39058324304153275f,0.510052240628304f,-0.030237834384088114f,-0.8596117642295312f,0.5875018324390459f,0f,0f,0f,1f], start_interpolation: 0, interpolation_duration: 1 }
$data merge entity $(bone_7) { transformation: [-0.8538608880570348f,0.014842093345036264f,-0.5202896271420269f,0.07905888808848956f,0.10377039884523309f,0.9843807096910806f,-0.14221927686353125f,0.762625f,0.510052240628304f,-0.1754261401650898f,-0.8420643569091528f,0.5223916070086696f,0f,0f,0f,1f], start_interpolation: 0, interpolation_duration: 1 }