# This file was generated by Animated Java via MC-Build. It is not recommended to edit this file directly.
$data merge entity $(bone_layer) { transformation: [-0.8523515254929129f,0.04710974813059711f,-0.5208431132509828f,0.2862176475660053f,-0.06357105344452767f,0.9792155777112348f,0.1926021119603981f,1.3615065975895635f,0.5190911270228545f,0.1972752493312945f,-0.8316410751324265f,0.5284918405521665f,0f,0f,0f,1f], start_interpolation: 0, interpolation_duration: 1 }
$data merge entity $(bone_head) { transformation: [-0.8523515254929129f,0.04710974813059711f,-0.5208431132509828f,0.2862176475660053f,-0.06357105344452767f,0.9792155777112348f,0.1926021119603981f,1.3615065975895635f,0.5190911270228545f,0.1972752493312945f,-0.8316410751324265f,0.5284918405521665f,0f,0f,0f,1f], start_interpolation: 0, interpolation_duration: 1 }
$data merge entity $(bone_6) { transformation: [-0.678408741990637f,-0.13777570867916356f,-0.7216504921973209f,0.3515455691556596f,-0.10269751789956577f,0.9903986341590819f,-0.09254061418152225f,0.3981890979273514f,0.7274715105129201f,0.01133135268973745f,-0.6860443147773118f,0.40517084992382524f,0f,0f,0f,1f], start_interpolation: 0, interpolation_duration: 1 }
$data merge entity $(bone_12) { transformation: [-0.6826788235599377f,-0.22441797224329488f,-0.6954036220764365f,0.267388829564424f,-0.09595108562162474f,0.9709617882431124f,-0.21914970896574099f,0.7622997685185186f,0.7243914777458741f,-0.08288413301679061f,-0.6843881993892091f,0.37408930004252877f,0f,0f,0f,1f], start_interpolation: 0, interpolation_duration: 1 }
$data merge entity $(bone_group3) { transformation: [1.2028556800913128f,-0.11180561448200096f,0.28386835186993836f,-1.0293012922550642f,0.29843972933180907f,0.8165500810224968f,-0.39003667383402335f,1.6707175783963177f,-0.2609802376421809f,0.4380551682718353f,0.7992316399075087f,1.082264570940934f,0f,0f,0f,1f], start_interpolation: 0, interpolation_duration: 1 }
$data merge entity $(bone_group1) { transformation: [1.2248390171859815f,-0.10646076063393736f,0.16846071404072363f,-0.9913484034638269f,0.2583765691460441f,0.8061654341755508f,-0.43736455623868675f,1.7025590785539897f,-0.1825851357464551f,0.45817025017500274f,0.8096399935636238f,1.0301162396492085f,0f,0f,0f,1f], start_interpolation: 0, interpolation_duration: 1 }
$data merge entity $(bone_group4) { transformation: [1.1785297408938502f,-0.11998366556110635f,0.20462764828135926f,-1.0160516478618546f,0.27591273225219765f,0.7780857811310564f,-0.4129690750269524f,1.6818915061450106f,-0.19819368893013134f,0.4450031388256028f,0.7785692115094937f,1.0452009736094718f,0f,0f,0f,1f], start_interpolation: 0, interpolation_duration: 1 }
$data merge entity $(bone_group2) { transformation: [1.1652664400884594f,-0.10831168902943845f,0.2749974658740028f,-1.0293012922550642f,0.28911348779019f,0.7910328909905439f,-0.37784802777671017f,1.6707175783963177f,-0.2528246052158628f,0.4243659442633405f,0.7742556511603991f,1.082264570940934f,0f,0f,0f,1f], start_interpolation: 0, interpolation_duration: 1 }
$data merge entity $(bone_10) { transformation: [-0.7877846563538586f,0.236715961041506f,-0.5686482999197562f,0.21051522376970822f,0.010342532946162716f,0.9281575866756514f,0.3720437155882197f,1.06065232131178f,0.6158639194056512f,0.2872090668565789f,-0.7336365480874592f,0.4881831954435328f,0f,0f,0f,1f], start_interpolation: 0, interpolation_duration: 1 }
$data merge entity $(bone_9) { transformation: [-0.7877846563538586f,0.236715961041506f,-0.5686482999197562f,0.29928370916027297f,0.010342532946162716f,0.9281575866756514f,0.3720437155882197f,1.4087114163151493f,0.6158639194056512f,0.2872090668565789f,-0.7336365480874592f,0.5958865955147499f,0f,0f,0f,1f], start_interpolation: 0, interpolation_duration: 1 }
$data merge entity $(bone_bone12) { transformation: [-0.7021653092825206f,0.9863513001081918f,-0.5903200605378076f,0.11499242050045277f,0.8475398082149326f,1.1045353825586697f,0.3721874451085509f,1.8615926693862814f,1.01913696426495f,-0.2389826383879241f,-0.7162392978817963f,0.3722847360841449f,0f,0f,0f,1f], start_interpolation: 0, interpolation_duration: 1 }
$data merge entity $(bone_bone1) { transformation: [0.606484378994601f,-0.8999713761526256f,0.736330376063606f,0.31174445639450166f,-0.6104229910921737f,1.2531879335273997f,0.6729680486699764f,0.52958280446284f,-0.509470774413623f,-2.5728527990087717f,0.07022522876682236f,1.5619682624520448f,0f,0f,0f,1f], start_interpolation: 0, interpolation_duration: 1 }
$data merge entity $(bone_2) { transformation: [0.7453842381497877f,-0.30850195363437316f,0.5909559053953476f,-0.03206424120999335f,-0.2588190451025206f,0.6830127018922192f,0.6830127018922194f,1.0418423308820044f,-0.6143411425340805f,-0.6620575455786796f,0.42926072139464944f,0.9290103198963691f,0f,0f,0f,1f], start_interpolation: 0, interpolation_duration: 1 }
$data merge entity $(bone_bone2) { transformation: [1.4395724118327793f,-0.3873297069670498f,0.6666346392872882f,0.15433003739813975f,-0.023141524625886256f,1.913634654331585f,0.2904594978560801f,0.9195613300002884f,-1.3881987397083826f,-0.43356442178995097f,0.686463063687698f,0.7997401387813129f,0f,0f,0f,1f], start_interpolation: 0, interpolation_duration: 1 }
$data merge entity $(bone_1) { transformation: [0.7453842381497877f,-0.0007715051309788168f,0.6666346392872882f,-0.03235355563411041f,-0.2588190451025206f,0.9212198336973717f,0.2904594978560801f,1.3872997685185187f,-0.6143411425340805f,-0.3890416722954234f,0.686463063687698f,0.7831196927855852f,0f,0f,0f,1f], start_interpolation: 0, interpolation_duration: 1 }
$data merge entity $(bone_4) { transformation: [-0.8260444589282343f,-0.5585543945315792f,0.07528306730880163f,0.6924530428539026f,-0.32611068407418714f,0.3647360558358843f,-0.872134984567153f,1.1250769517339794f,0.4596763792132747f,-0.7449728840184344f,-0.4834387535879082f,0.3330481258561467f,0f,0f,0f,1f], start_interpolation: 0, interpolation_duration: 1 }
$data merge entity $(bone_group5) { transformation: [-3.304177835712937f,-1.102935298255909f,-1.5532301850436552f,0.7246039314640286f,-1.3044427362967486f,2.4525363051386178f,-1.0473429205441969f,0.9147052050032665f,1.8387055168530988f,-0.24207312911218987f,-3.5341970515316783f,0.5263957572960967f,0f,0f,0f,1f], start_interpolation: 0, interpolation_duration: 1 }
$data merge entity $(bone_group7) { transformation: [-3.304177835712937f,-1.102935298255909f,-1.5532301850436552f,0.7246039314640286f,-1.3044427362967486f,2.4525363051386178f,-1.0473429205441969f,0.9147052050032665f,1.8387055168530988f,-0.24207312911218987f,-3.5341970515316783f,0.5263957572960967f,0f,0f,0f,1f], start_interpolation: 0, interpolation_duration: 1 }
$data merge entity $(bone_group6) { transformation: [-2.3100342952209347f,-2.6072589048766526f,-1.5532301850436552f,1.085440453398606f,-2.3559486999843786f,1.4717373758052925f,-1.0473429205441969f,0.9680986316455865f,1.713402252229475f,0.7097112790418025f,-3.5341970515316783f,0.35199025693916286f,0f,0f,0f,1f], start_interpolation: 0, interpolation_duration: 1 }
$data merge entity $(bone_group8) { transformation: [-2.3100342952209347f,-2.6072589048766526f,-1.5532301850436552f,1.085440453398606f,-2.3559486999843786f,1.4717373758052925f,-1.0473429205441969f,0.9680986316455865f,1.713402252229475f,0.7097112790418025f,-3.5341970515316783f,0.35199025693916286f,0f,0f,0f,1f], start_interpolation: 0, interpolation_duration: 1 }
$data merge entity $(bone_group9) { transformation: [-2.3100342952209347f,-2.6072589048766526f,-1.5532301850436552f,1.1371405455043515f,-2.3559486999843786f,1.4717373758052925f,-1.0473429205441969f,0.8531359923422138f,1.713402252229475f,0.7097112790418025f,-3.5341970515316783f,0.36333743486629677f,0f,0f,0f,1f], start_interpolation: 0, interpolation_duration: 1 }
$data merge entity $(bone_group10) { transformation: [-2.3100342952209347f,-2.6072589048766526f,-1.5532301850436552f,1.1371405455043515f,-2.3559486999843786f,1.4717373758052925f,-1.0473429205441969f,0.8531359923422138f,1.713402252229475f,0.7097112790418025f,-3.5341970515316783f,0.36333743486629677f,0f,0f,0f,1f], start_interpolation: 0, interpolation_duration: 1 }
$data merge entity $(bone_group11) { transformation: [-2.3100342952209347f,-2.6072589048766526f,-1.5532301850436552f,1.1888406376100973f,-2.3559486999843786f,1.4717373758052925f,-1.0473429205441969f,0.7381733530388411f,1.713402252229475f,0.7097112790418025f,-3.5341970515316783f,0.3746846127934307f,0f,0f,0f,1f], start_interpolation: 0, interpolation_duration: 1 }
$data merge entity $(bone_group12) { transformation: [-2.3100342952209347f,-2.6072589048766526f,-1.5532301850436552f,1.1888406376100973f,-2.3559486999843786f,1.4717373758052925f,-1.0473429205441969f,0.7381733530388411f,1.713402252229475f,0.7097112790418025f,-3.5341970515316783f,0.3746846127934307f,0f,0f,0f,1f], start_interpolation: 0, interpolation_duration: 1 }
$data merge entity $(bone_group13) { transformation: [-2.5044663285218896f,-1.9461149835383336f,-0.6212920740174621f,0.9167831017251062f,-1.8571541244479115f,1.985997300203036f,-0.4189371682176788f,0.9581686275650481f,1.6510369507995544f,0.2667492246934463f,-1.4136788206126714f,0.3760024463519605f,0f,0f,0f,1f], start_interpolation: 0, interpolation_duration: 1 }
$data merge entity $(bone_group14) { transformation: [-2.5044663285218896f,-1.9461149835383336f,-0.6212920740174621f,0.9167831017251062f,-1.8571541244479115f,1.985997300203036f,-0.4189371682176788f,0.9581686275650481f,1.6510369507995544f,0.2667492246934463f,-1.4136788206126714f,0.3760024463519605f,0f,0f,0f,1f], start_interpolation: 0, interpolation_duration: 1 }
$data merge entity $(bone_group15) { transformation: [-2.4171942881969954f,-2.053506000225015f,-0.6212920740174621f,0.9770836047827075f,-1.9420145107771658f,1.9030991456827888f,-0.4189371682176788f,0.8881707218571624f,1.6378300917009214f,0.33851255884973586f,-1.4136788206126714f,0.3702447734690944f,0f,0f,0f,1f], start_interpolation: 0, interpolation_duration: 1 }
$data merge entity $(bone_group16) { transformation: [-2.4171942881969954f,-2.053506000225015f,-0.6212920740174621f,0.9770836047827075f,-1.9420145107771658f,1.9030991456827888f,-0.4189371682176788f,0.8881707218571624f,1.6378300917009214f,0.33851255884973586f,-1.4136788206126714f,0.3702447734690944f,0f,0f,0f,1f], start_interpolation: 0, interpolation_duration: 1 }
$data merge entity $(bone_group17) { transformation: [-2.2290212934731133f,-2.2563641534769534f,-0.6212920740174621f,1.0901136563250216f,-2.1004905788178645f,1.7265995617586105f,-0.4189371682176788f,0.8114426127339764f,1.6020943402316161f,0.4799707145002358f,-1.4136788206126714f,0.3433076659486204f,0f,0f,0f,1f], start_interpolation: 0, interpolation_duration: 1 }
$data merge entity $(bone_group18) { transformation: [-2.2290212934731133f,-2.2563641534769534f,-0.6212920740174621f,1.0901136563250216f,-2.1004905788178645f,1.7265995617586105f,-0.4189371682176788f,0.8114426127339764f,1.6020943402316161f,0.4799707145002358f,-1.4136788206126714f,0.3433076659486204f,0f,0f,0f,1f], start_interpolation: 0, interpolation_duration: 1 }
$data merge entity $(bone_group19) { transformation: [-2.2290212934731133f,-2.2563641534769534f,-0.6212920740174621f,1.1418137484307675f,-2.1004905788178645f,1.7265995617586105f,-0.4189371682176788f,0.6964799734306037f,1.6020943402316161f,0.4799707145002358f,-1.4136788206126714f,0.3546548438757543f,0f,0f,0f,1f], start_interpolation: 0, interpolation_duration: 1 }
$data merge entity $(bone_group20) { transformation: [-2.2290212934731133f,-2.2563641534769534f,-0.6212920740174621f,1.1418137484307675f,-2.1004905788178645f,1.7265995617586105f,-0.4189371682176788f,0.6964799734306037f,1.6020943402316161f,0.4799707145002358f,-1.4136788206126714f,0.3546548438757543f,0f,0f,0f,1f], start_interpolation: 0, interpolation_duration: 1 }
$data merge entity $(bone_bone11) { transformation: [-0.8291590058624122f,-0.031680484085775285f,-0.3883075462609138f,0.537221842444245f,0.07949455620682389f,1.441593135289545f,-0.2618357301360492f,1.1674620345092301f,0.3408459454515141f,-0.41328631626772905f,-0.8835492628829196f,0.4240781575902499f,0f,0f,0f,1f], start_interpolation: 0, interpolation_duration: 1 }
$data merge entity $(bone_3) { transformation: [-0.8260444589282343f,-0.4084945549095959f,-0.3883075462609138f,0.5833158326857699f,-0.32611068407418714f,0.9083467796809694f,-0.2618357301360492f,1.4029247685185187f,0.4596763792132747f,-0.08965671448599624f,-0.8835492628829196f,0.33404220320820777f,0f,0f,0f,1f], start_interpolation: 0, interpolation_duration: 1 }
$data merge entity $(bone_8) { transformation: [-0.8531986648685433f,0.10233165799879433f,-0.5114491861737125f,0.0713486436085272f,0.10340513829137192f,0.9942878746960636f,0.026438600706673754f,0.3896364409950529f,0.5112332301811741f,-0.03032909500137579f,-0.8589067064326137f,0.5929518523351082f,0f,0f,0f,1f], start_interpolation: 0, interpolation_duration: 1 }
$data merge entity $(bone_7) { transformation: [-0.8531986648685433f,0.017081153379089442f,-0.5213063134720076f,0.07860456752524053f,0.10340513829137192f,0.9851648205460815f,-0.13695858400753605f,0.7622997685185186f,0.5112332301811741f,-0.1707586324542542f,-0.8423075885927156f,0.5296841373059095f,0f,0f,0f,1f], start_interpolation: 0, interpolation_duration: 1 }