# This file was generated by Animated Java via MC-Build. It is not recommended to edit this file directly.
$data merge entity $(bone_layer) { transformation: [-0.8530942575967849f,0.033205532417127176f,-0.5206991264370293f,0.28606236117562445f,-0.06705160255772334f,0.9827204858789987f,0.17252399609383573f,1.3605068754973235f,0.5174304496739939f,0.18209294124331085f,-0.8361267191637454f,0.5352105580029202f,0f,0f,0f,1f], start_interpolation: 0, interpolation_duration: 1 }
$data merge entity $(bone_head) { transformation: [-0.8530942575967849f,0.033205532417127176f,-0.5206991264370293f,0.28606236117562445f,-0.06705160255772334f,0.9827204858789987f,0.17252399609383573f,1.3605068754973235f,0.5174304496739939f,0.18209294124331085f,-0.8361267191637454f,0.5352105580029202f,0f,0f,0f,1f], start_interpolation: 0, interpolation_duration: 1 }
$data merge entity $(bone_6) { transformation: [-0.6760126525512278f,-0.14296268282624539f,-0.7228890405240455f,0.3508515990114715f,-0.10222292371029984f,0.9897086445002462f,-0.10013627149840923f,0.39810643187916334f,0.7297652824427667f,0.006202444728271847f,-0.6836696294414587f,0.4125978533574493f,0f,0f,0f,1f], start_interpolation: 0, interpolation_duration: 1 }
$data merge entity $(bone_12) { transformation: [-0.6807266541476504f,-0.22609872710286316f,-0.6967715464450381f,0.2660645763478978f,-0.0948280686156301f,0.9703705026432187f,-0.2222357419556455f,0.7619953703703704f,0.7263737741242965f,-0.08520829303777841f,-0.6819975711555091f,0.3806447434682824f,0f,0f,0f,1f], start_interpolation: 0, interpolation_duration: 1 }
$data merge entity $(bone_group3) { transformation: [1.2029523916905285f,-0.11063058710113594f,0.28539931844023303f,-1.0312489088037882f,0.2969156425858776f,0.8164756590546118f,-0.3903799516939883f,1.6725606786231302f,-0.2621094243033036f,0.43849992185289666f,0.7985667618459702f,1.0914746570229692f,0f,0f,0f,1f], start_interpolation: 0, interpolation_duration: 1 }
$data merge entity $(bone_group1) { transformation: [1.226647101860403f,-0.10490063204550322f,0.1584900606864107f,-0.9894780868232275f,0.2526677180908975f,0.8049454528799673f,-0.4420517497398362f,1.7075093801295864f,-0.17600644863031248f,0.4606794774577374f,0.8096224762125713f,1.0343242019130305f,0f,0f,0f,1f], start_interpolation: 0, interpolation_duration: 1 }
$data merge entity $(bone_group4) { transformation: [1.1797920344044612f,-0.12013377991674579f,0.19912436300653608f,-1.0167607821477234f,0.27304748262133244f,0.7766814960261456f,-0.41663594992882746f,1.6848209725065866f,-0.19388300193675648f,0.44748620162446895f,0.7781820094360622f,1.0507500458784487f,0f,0f,0f,1f], start_interpolation: 0, interpolation_duration: 1 }
$data merge entity $(bone_group2) { transformation: [1.1653601294501996f,-0.10717338125422544f,0.27648058973897577f,-1.0312489088037882f,0.28763702875506897f,0.7909607947091553f,-0.3781805782035512f,1.6725606786231302f,-0.2539185047938254f,0.42479679929499364f,0.7736115505382838f,1.0914746570229692f,0f,0f,0f,1f], start_interpolation: 0, interpolation_duration: 1 }
$data merge entity $(bone_10) { transformation: [-0.7873683738980327f,0.23867200689634657f,-0.5684071752795158f,0.20990242367702777f,0.01141309170483185f,0.927501654866177f,0.37364477991568434f,1.0601162402740698f,0.61637714519838f,0.2877087995605511f,-0.7330094552818003f,0.4949830917852166f,0f,0f,0f,1f], start_interpolation: 0, interpolation_duration: 1 }
$data merge entity $(bone_9) { transformation: [-0.7873683738980327f,0.23867200689634657f,-0.5684071752795158f,0.2994044262631577f,0.01141309170483185f,0.927501654866177f,0.37364477991568434f,1.407929360848886f,0.61637714519838f,0.2877087995605511f,-0.7330094552818003f,0.6028738916204233f,0f,0f,0f,1f], start_interpolation: 0, interpolation_duration: 1 }
$data merge entity $(bone_bone12) { transformation: [-0.6979618496844076f,0.9868241848765289f,-0.5921813853233727f,0.11491007233929043f,0.8469408492364306f,1.103754804020595f,0.37381904742870325f,1.861319461244624f,1.0225167256723942f,-0.24063117159718234f,-0.7138490923549515f,0.38047391357780425f,0f,0f,0f,1f], start_interpolation: 0, interpolation_duration: 1 }
$data merge entity $(bone_bone1) { transformation: [0.604857285979324f,-0.9081681440168775f,0.7365504881670797f,0.3143810205237644f,-0.6104229910921737f,1.2531879335273997f,0.6729680486699764f,0.5292784063146915f,-0.5114014426493241f,-2.5699709386400196f,0.06787771247000346f,1.5682315167928007f,0f,0f,0f,1f], start_interpolation: 0, interpolation_duration: 1 }
$data merge entity $(bone_2) { transformation: [0.7434221499886647f,-0.3106107904044436f,0.5923212336144615f,-0.03144357528193148f,-0.2588190451025206f,0.6830127018922192f,0.6830127018922194f,1.0415379327338559f,-0.6167140413501626f,-0.6610707873883228f,0.42737478313926336f,0.9363727299356104f,0f,0f,0f,1f], start_interpolation: 0, interpolation_duration: 1 }
$data merge entity $(bone_bone2) { transformation: [1.4351400138567323f,-0.388709788386746f,0.6688194526626052f,0.15453768895146278f,-0.023141524625886256f,1.913634654331585f,0.2904594978560801f,0.9192569318521401f,-1.3927805320528017f,-0.4323275496120579f,0.6843345817984698f,0.8065090468771272f,0f,0f,0f,1f], start_interpolation: 0, interpolation_duration: 1 }
$data merge entity $(bone_1) { transformation: [0.7434221499886647f,-0.002011627779649361f,0.6688194526626052f,-0.03219793569929999f,-0.2588190451025206f,0.9212198336973717f,0.2904594978560801f,1.3869953703703704f,-0.6167140413501626f,-0.38903723646492105f,0.6843345817984698f,0.7904837662612649f,0f,0f,0f,1f], start_interpolation: 0, interpolation_duration: 1 }
$data merge entity $(bone_4) { transformation: [-0.8257461418306522f,-0.5592659887148318f,0.07324522591004964f,0.6921888572455482f,-0.3217405091887565f,0.3603742363898962f,-0.8755646489513831f,1.1245093316667099f,0.46327783672301026f,-0.746560087074859f,-0.47751615929518754f,0.3400081817422731f,0f,0f,0f,1f], start_interpolation: 0, interpolation_duration: 1 }
$data merge entity $(bone_group5) { transformation: [-3.302984567322609f,-1.0976233427820707f,-1.5639896377524178f,0.7242878409728901f,-1.286962036755026f,2.4538983248178208f,-1.061866160336237f,0.9150635712368604f,1.853111346892041f,-0.25220231726969805f,-3.525106618321755f,0.5343670938765628f,0f,0f,0f,1f], start_interpolation: 0, interpolation_duration: 1 }
$data merge entity $(bone_group7) { transformation: [-3.302984567322609f,-1.0976233427820707f,-1.5639896377524178f,0.7242878409728901f,-1.286962036755026f,2.4538983248178208f,-1.061866160336237f,0.9150635712368604f,1.853111346892041f,-0.25220231726969805f,-3.525106618321755f,0.5343670938765628f,0f,0f,0f,1f], start_interpolation: 0, interpolation_duration: 1 }
$data merge entity $(bone_group6) { transformation: [-2.3116568722182964f,-2.6020619822973723f,-1.5639896377524178f,1.084842522343357f,-2.3414909799449255f,1.4816572692187981f,-1.061866160336237f,0.9666859390384828f,1.730942661084554f,0.708142059797159f,-3.525106618321755f,0.3588490463441251f,0f,0f,0f,1f], start_interpolation: 0, interpolation_duration: 1 }
$data merge entity $(bone_group8) { transformation: [-2.3116568722182964f,-2.6020619822973723f,-1.5639896377524178f,1.084842522343357f,-2.3414909799449255f,1.4816572692187981f,-1.061866160336237f,0.9666859390384828f,1.730942661084554f,0.708142059797159f,-3.525106618321755f,0.3588490463441251f,0f,0f,0f,1f], start_interpolation: 0, interpolation_duration: 1 }
$data merge entity $(bone_group9) { transformation: [-2.3116568722182964f,-2.6020619822973723f,-1.5639896377524178f,1.1362936165362665f,-2.3414909799449255f,1.4816572692187981f,-1.061866160336237f,0.8516594550626473f,1.730942661084554f,0.708142059797159f,-3.525106618321755f,0.3706710299661422f,0f,0f,0f,1f], start_interpolation: 0, interpolation_duration: 1 }
$data merge entity $(bone_group10) { transformation: [-2.3116568722182964f,-2.6020619822973723f,-1.5639896377524178f,1.1362936165362665f,-2.3414909799449255f,1.4816572692187981f,-1.061866160336237f,0.8516594550626473f,1.730942661084554f,0.708142059797159f,-3.525106618321755f,0.3706710299661422f,0f,0f,0f,1f], start_interpolation: 0, interpolation_duration: 1 }
$data merge entity $(bone_group11) { transformation: [-2.3116568722182964f,-2.6020619822973723f,-1.5639896377524178f,1.187744710729176f,-2.3414909799449255f,1.4816572692187981f,-1.061866160336237f,0.736632971086812f,1.730942661084554f,0.708142059797159f,-3.525106618321755f,0.38249301358815935f,0f,0f,0f,1f], start_interpolation: 0, interpolation_duration: 1 }
$data merge entity $(bone_group12) { transformation: [-2.3116568722182964f,-2.6020619822973723f,-1.5639896377524178f,1.187744710729176f,-2.3414909799449255f,1.4816572692187981f,-1.061866160336237f,0.736632971086812f,1.730942661084554f,0.708142059797159f,-3.525106618321755f,0.38249301358815935f,0f,0f,0f,1f], start_interpolation: 0, interpolation_duration: 1 }
$data merge entity $(bone_group13) { transformation: [-2.505039428077998f,-1.9407259411085107f,-0.6255958551009672f,0.9162184666722528f,-1.8425592161469972f,1.9920271744167732f,-0.4247464641344948f,0.9572860943516207f,1.6664480322907504f,0.26098757122575705f,-1.4100426473287022f,0.3833043783567015f,0f,0f,0f,1f], start_interpolation: 0, interpolation_duration: 1 }
$data merge entity $(bone_group14) { transformation: [-2.505039428077998f,-1.9407259411085107f,-0.6255958551009672f,0.9162184666722528f,-1.8425592161469972f,1.9920271744167732f,-0.4247464641344948f,0.9572860943516207f,1.6664480322907504f,0.26098757122575705f,-1.4100426473287022f,0.3833043783567015f,0f,0f,0f,1f], start_interpolation: 0, interpolation_duration: 1 }
$data merge entity $(bone_group15) { transformation: [-2.4180019090185896f,-2.048147085221009f,-0.6255958551009672f,0.9763375930455718f,-1.9276965130140802f,1.9097599017511249f,-0.4247464641344948f,0.8871144584833408f,1.653477825051826f,0.33342861113275324f,-1.4100426473287022f,0.37776899822572385f,0f,0f,0f,1f], start_interpolation: 0, interpolation_duration: 1 }
$data merge entity $(bone_group16) { transformation: [-2.4180019090185896f,-2.048147085221009f,-0.6255958551009672f,0.9763375930455718f,-1.9276965130140802f,1.9097599017511249f,-0.4247464641344948f,0.8871144584833408f,1.653477825051826f,0.33342861113275324f,-1.4100426473287022f,0.37776899822572385f,0f,0f,0f,1f], start_interpolation: 0, interpolation_duration: 1 }
$data merge entity $(bone_group17) { transformation: [-2.2302929012711497f,-2.251096019555002f,-0.6255958551009672f,1.0891203559367897f,-2.0868075885013866f,1.7344828673688704f,-0.4247464641344948f,0.8099763209191126f,1.6181256244723046f,0.47626990256171753f,-1.4100426473287022f,0.35096677498598594f,0f,0f,0f,1f], start_interpolation: 0, interpolation_duration: 1 }
$data merge entity $(bone_group18) { transformation: [-2.2302929012711497f,-2.251096019555002f,-0.6255958551009672f,1.0891203559367897f,-2.0868075885013866f,1.7344828673688704f,-0.4247464641344948f,0.8099763209191126f,1.6181256244723046f,0.47626990256171753f,-1.4100426473287022f,0.35096677498598594f,0f,0f,0f,1f], start_interpolation: 0, interpolation_duration: 1 }
$data merge entity $(bone_group19) { transformation: [-2.2302929012711497f,-2.251096019555002f,-0.6255958551009672f,1.1405714501296993f,-2.0868075885013866f,1.7344828673688704f,-0.4247464641344948f,0.6949498369432772f,1.6181256244723046f,0.47626990256171753f,-1.4100426473287022f,0.362788758608003f,0f,0f,0f,1f], start_interpolation: 0, interpolation_duration: 1 }
$data merge entity $(bone_group20) { transformation: [-2.2302929012711497f,-2.251096019555002f,-0.6255958551009672f,1.1405714501296993f,-2.0868075885013866f,1.7344828673688704f,-0.4247464641344948f,0.6949498369432772f,1.6181256244723046f,0.47626990256171753f,-1.4100426473287022f,0.362788758608003f,0f,0f,0f,1f], start_interpolation: 0, interpolation_duration: 1 }
$data merge entity $(bone_bone11) { transformation: [-0.828167365668456f,-0.02919500290432142f,-0.39099740943810446f,0.5372727700050721f,0.08325107884635774f,1.439508544519925f,-0.26546654008405923f,1.167738009428657f,0.3423566449080367f,-0.42066946889398027f,-0.8812766545804388f,0.4311782142806843f,0f,0f,0f,1f], start_interpolation: 0, interpolation_duration: 1 }
$data merge entity $(bone_3) { transformation: [-0.8257461418306522f,-0.40652716399335953f,-0.39099740943810446f,0.5837197744799604f,-0.3217405091887565f,0.9088512314140077f,-0.26546654008405923f,1.4026203703703704f,0.46327783672301026f,-0.09340826565544372f,-0.8812766545804388f,0.339817498331452f,0f,0f,0f,1f], start_interpolation: 0, interpolation_duration: 1 }
$data merge entity $(bone_8) { transformation: [-0.8526007364335226f,0.10191556148579957f,-0.5125282456216917f,0.07002265338265024f,0.10305510357718156f,0.994328243729816f,0.026286676242463503f,0.38874780755782556f,0.5123003316997866f,-0.030406611916060616f,-0.8582679116057379f,0.5980024979344112f,0f,0f,0f,1f], start_interpolation: 0, interpolation_duration: 1 }
$data merge entity $(bone_7) { transformation: [-0.8526007364335226f,0.019249377599121334f,-0.5222082397808957f,0.07818443698360934f,0.10305510357718156f,0.9858894863428523f,-0.1319149966657434f,0.7619953703703704f,0.5123003316997866f,-0.16628704754331639f,-0.842553848700257f,0.5365027846075582f,0f,0f,0f,1f], start_interpolation: 0, interpolation_duration: 1 }