# This file was generated by Animated Java via MC-Build. It is not recommended to edit this file directly.
$data merge entity $(bone_layer) { transformation: [-0.8538625274298528f,0.019310415964947675f,-0.5201402619355326f,0.2859364992892123f,-0.07052799725865605f,0.9858027262817939f,0.15237711920779173f,1.359578800201416f,0.5156981538204174f,0.1667935630971509f,-0.8403780824459726f,0.5413230216438643f,0f,0f,0f,1f], start_interpolation: 0, interpolation_duration: 1 }
$data merge entity $(bone_head) { transformation: [-0.8538625274298528f,0.019310415964947675f,-0.5201402619355326f,0.2859364992892123f,-0.07052799725865605f,0.9858027262817939f,0.15237711920779173f,1.359578800201416f,0.5156981538204174f,0.1667935630971509f,-0.8403780824459726f,0.5413230216438643f,0f,0f,0f,1f], start_interpolation: 0, interpolation_duration: 1 }
$data merge entity $(bone_6) { transformation: [-0.6738249722897299f,-0.14784040021810518f,-0.7239496686801472f,0.35023353599816764f,-0.10176910271137053f,0.9890102259863202f,-0.10724655065693432f,0.39804098488676015f,0.7318489983952067f,0.0014103041651946924f,-0.6814653729941783f,0.419382774902139f,0f,0f,0f,1f], start_interpolation: 0, interpolation_duration: 1 }
$data merge entity $(bone_12) { transformation: [-0.6789582141706946f,-0.2276726917562761f,-0.6979834445304507f,0.2648562765895641f,-0.09376967129493359f,0.9698073736353062f,-0.22512420302541777f,0.76171875f,0.7281641244632844f,-0.08740024868981264f,-0.6798074759618179f,0.38660768164345927f,0f,0f,0f,1f], start_interpolation: 0, interpolation_duration: 1 }
$data merge entity $(bone_group3) { transformation: [1.2030620714975164f,-0.10955597202178327f,0.2867638138185775f,-1.0330940270446383f,0.29547440068184827f,0.8164116007964015f,-0.39069970178049857f,1.6743197089010633f,-0.26306906738176405f,0.438896784289996f,0.797970752002563f,1.099802121374717f,0f,0f,0f,1f], start_interpolation: 0, interpolation_duration: 1 }
$data merge entity $(bone_group1) { transformation: [1.2282769311156299f,-0.10349119593168526f,0.14906272723625147f,-0.987730147350382f,0.24727093939107073f,0.8037890465964648f,-0.4463849588066496f,1.7121718991199806f,-0.16974956395959084f,0.4630231531894413f,0.8095601816238138f,1.0379931138821639f,0f,0f,0f,1f], start_interpolation: 0, interpolation_duration: 1 }
$data merge entity $(bone_group4) { transformation: [1.180964518221413f,-0.12032434891461322f,0.19389434828452926f,-1.0174532602262114f,0.2703369510257709f,0.7753633016035097f,-0.42004671458288895f,1.6875946605175187f,-0.18974630892358393f,0.44979411244751755f,0.7778110980774615f,1.055648411434346f,0f,0f,0f,1f], start_interpolation: 0, interpolation_duration: 1 }
$data merge entity $(bone_group2) { transformation: [1.1654663817632192f,-0.10613234789610256f,0.27780244463674697f,-1.0330940270446383f,0.28624082566054054f,0.790898738271514f,-0.37849033609985805f,1.6743197089010633f,-0.254848159026084f,0.4251812597809337f,0.773034166002483f,1.099802121374717f,0f,0f,0f,1f], start_interpolation: 0, interpolation_duration: 1 }
$data merge entity $(bone_10) { transformation: [-0.7870304987931424f,0.240483164186569f,-0.5681116454643693f,0.20935154442979143f,0.012424114849983025f,0.9268845042756992f,0.3751409829701171f,1.0596235301654118f,0.6167889714802073f,0.2881891106138589f,-0.7324741641750794f,0.5011673153697834f,0f,0f,0f,1f], start_interpolation: 0, interpolation_duration: 1 }
$data merge entity $(bone_9) { transformation: [-0.7870304987931424f,0.240483164186569f,-0.5681116454643693f,0.2995327309997548f,0.012424114849983025f,0.9268845042756992f,0.3751409829701171f,1.407205219268799f,0.6167889714802073f,0.2881891106138589f,-0.7324741641750794f,0.6092382318499805f,0f,0f,0f,1f], start_interpolation: 0, interpolation_duration: 1 }
$data merge entity $(bone_bone12) { transformation: [-0.6941032130392573f,0.9872877195445391f,-0.593851342597202f,0.11487375742178177f,0.8463773030233714f,1.1030203762969675f,0.3753466607465574f,1.8610707909315738f,1.0256052801031514f,-0.24209297451648637f,-0.7116568464940877f,0.38794745857564805f,0f,0f,0f,1f], start_interpolation: 0, interpolation_duration: 1 }
$data merge entity $(bone_bone1) { transformation: [0.6033733421698083f,-0.9156089167846068f,0.7367440231732859f,0.3167757724937475f,-0.6104229910921737f,1.2531879335273997f,0.6729680486699764f,0.5290017859443213f,-0.5131514220041868f,-2.5673294129826503f,0.06574381938832596f,1.573913407587559f,0f,0f,0f,1f], start_interpolation: 0, interpolation_duration: 1 }
$data merge entity $(bone_2) { transformation: [0.7416325597343318f,-0.31252444909152904f,0.5935567496557835f,-0.030877714168313374f,-0.2588190451025206f,0.6830127018922192f,0.6830127018922194f,1.0412613123634857f,-0.6188649676901429f,-0.6601682495954546f,0.42565717895032773f,0.943059041822745f,0f,0f,0f,1f], start_interpolation: 0, interpolation_duration: 1 }
$data merge entity $(bone_bone2) { transformation: [1.4310994448455332f,-0.38996050566694607f,0.6707989980207901f,0.15472658613698145f,-0.023141524625886256f,1.913634654331585f,0.2904594978560801f,0.9189803114817697f,-1.3969319413632126f,-0.43119973766366676f,0.6823943027015226f,0.8126571609638107f,0f,0f,0f,1f], start_interpolation: 0, interpolation_duration: 1 }
$data merge entity $(bone_1) { transformation: [0.7416325597343318f,-0.0031385659473896765f,0.6707989980207901f,-0.0320546763985845f,-0.2588190451025206f,0.9212198336973717f,0.2904594978560801f,1.38671875f,-0.6188649676901429f,-0.389029777017622f,0.6823943027015226f,0.7971728754411368f,0f,0f,0f,1f], start_interpolation: 0, interpolation_duration: 1 }
$data merge entity $(bone_4) { transformation: [-0.825480999708247f,-0.5598963000103896f,0.07139504433326557f,0.6919825077937668f,-0.31763961581461314f,0.35625837010037487f,-0.8787406034766854f,1.1239949944464025f,0.4665685304280799f,-0.7480615662952483f,-0.4719297611362116f,0.3463823677152197f,0f,0f,0f,1f], start_interpolation: 0, interpolation_duration: 1 }
$data merge entity $(bone_group5) { transformation: [-3.301923998832988f,-1.0926867527954012f,-1.5737852588406356f,0.7240251463678269f,-1.2705584632584526f,2.4550938518872125f,-1.0754679805960208f,0.9154240878925282f,1.8662741217123195f,-0.2618202411790461f,-3.516613226069741f,0.5416890606289491f,0f,0f,0f,1f], start_interpolation: 0, interpolation_duration: 1 }
$data merge entity $(bone_group7) { transformation: [-3.301923998832988f,-1.0926867527954012f,-1.5737852588406356f,0.7240251463678269f,-1.2705584632584526f,2.4550938518872125f,-1.0754679805960208f,0.9154240878925282f,1.8662741217123195f,-0.2618202411790461f,-3.516613226069741f,0.5416890606289491f,0f,0f,0f,1f], start_interpolation: 0, interpolation_duration: 1 }
$data merge entity $(bone_group6) { transformation: [-2.3132066879571664f,-2.5972564857160383f,-1.5737852588406356f,1.0843226884585064f,-2.3278828321187435f,1.49089441278009f,-1.0754679805960208f,0.9653870722329521f,1.7471509204178834f,0.7063940807701371f,-3.516613226069741f,0.36516565287683933f,0f,0f,0f,1f], start_interpolation: 0, interpolation_duration: 1 }
$data merge entity $(bone_group8) { transformation: [-2.3132066879571664f,-2.5972564857160383f,-1.5737852588406356f,1.0843226884585064f,-2.3278828321187435f,1.49089441278009f,-1.0754679805960208f,0.9653870722329521f,1.7471509204178834f,0.7063940807701371f,-3.516613226069741f,0.36516565287683933f,0f,0f,0f,1f], start_interpolation: 0, interpolation_duration: 1 }
$data merge entity $(bone_group9) { transformation: [-2.3132066879571664f,-2.5972564857160383f,-1.5737852588406356f,1.1355423799957909f,-2.3278828321187435f,1.49089441278009f,-1.0754679805960208f,0.850304547925739f,1.7471509204178834f,0.7063940807701371f,-3.516613226069741f,0.37743847668210706f,0f,0f,0f,1f], start_interpolation: 0, interpolation_duration: 1 }
$data merge entity $(bone_group10) { transformation: [-2.3132066879571664f,-2.5972564857160383f,-1.5737852588406356f,1.1355423799957909f,-2.3278828321187435f,1.49089441278009f,-1.0754679805960208f,0.850304547925739f,1.7471509204178834f,0.7063940807701371f,-3.516613226069741f,0.37743847668210706f,0f,0f,0f,1f], start_interpolation: 0, interpolation_duration: 1 }
$data merge entity $(bone_group11) { transformation: [-2.3132066879571664f,-2.5972564857160383f,-1.5737852588406356f,1.1867620715330753f,-2.3278828321187435f,1.49089441278009f,-1.0754679805960208f,0.7352220236185258f,1.7471509204178834f,0.7063940807701371f,-3.516613226069741f,0.3897113004873749f,0f,0f,0f,1f], start_interpolation: 0, interpolation_duration: 1 }
$data merge entity $(bone_group12) { transformation: [-2.3132066879571664f,-2.5972564857160383f,-1.5737852588406356f,1.1867620715330753f,-2.3278828321187435f,1.49089441278009f,-1.0754679805960208f,0.7352220236185258f,1.7471509204178834f,0.7063940807701371f,-3.516613226069741f,0.3897113004873749f,0f,0f,0f,1f], start_interpolation: 0, interpolation_duration: 1 }
$data merge entity $(bone_group13) { transformation: [-2.5056135553853816f,-1.9357308043732897f,-0.6295141035362543f,0.9157301033162024f,-1.8288387885833535f,1.9976067535626432f,-0.43018719223840834f,0.9564832652233568f,1.6806384031079655f,0.2553771046158291f,-1.4066452904278965f,0.39002032951374205f,0f,0f,0f,1f], start_interpolation: 0, interpolation_duration: 1 }
$data merge entity $(bone_group14) { transformation: [-2.5056135553853816f,-1.9357308043732897f,-0.6295141035362543f,0.9157301033162024f,-1.8288387885833535f,1.9976067535626432f,-0.43018719223840834f,0.9564832652233568f,1.6806384031079655f,0.2553771046158291f,-1.4066452904278965f,0.39002032951374205f,0f,0f,0f,1f], start_interpolation: 0, interpolation_duration: 1 }
$data merge entity $(bone_group15) { transformation: [-2.418793374688189f,-2.043181745830546f,-0.6295141035362543f,0.9756810282267161f,-1.9142325220813787f,1.9159326470186984f,-0.43018719223840834f,0.8861512859792822f,1.6678994148967106f,0.328442459725394f,-1.4066452904278965f,0.38469984386852574f,0f,0f,0f,1f], start_interpolation: 0, interpolation_duration: 1 }
$data merge entity $(bone_group16) { transformation: [-2.418793374688189f,-2.043181745830546f,-0.6295141035362543f,0.9756810282267161f,-1.9142325220813787f,1.9159326470186984f,-0.43018719223840834f,0.8861512859792822f,1.6678994148967106f,0.328442459725394f,-1.4066452904278965f,0.38469984386852574f,0f,0f,0f,1f], start_interpolation: 0, interpolation_duration: 1 }
$data merge entity $(bone_group17) { transformation: [-2.2315141130174965f,-2.24621855555829f,-0.6295141035362543f,1.0882349533184201f,-2.073932822317661f,1.741805587607185f,-0.43018719223840834f,0.8086318545697956f,1.632926907543193f,0.47255964934035666f,-1.4066452904278965f,0.35803610926048063f,0f,0f,0f,1f], start_interpolation: 0, interpolation_duration: 1 }
$data merge entity $(bone_group18) { transformation: [-2.2315141130174965f,-2.24621855555829f,-0.6295141035362543f,1.0882349533184201f,-2.073932822317661f,1.741805587607185f,-0.43018719223840834f,0.8086318545697956f,1.632926907543193f,0.47255964934035666f,-1.4066452904278965f,0.35803610926048063f,0f,0f,0f,1f], start_interpolation: 0, interpolation_duration: 1 }
$data merge entity $(bone_group19) { transformation: [-2.2315141130174965f,-2.24621855555829f,-0.6295141035362543f,1.1394546448557046f,-2.073932822317661f,1.741805587607185f,-0.43018719223840834f,0.6935493302625825f,1.632926907543193f,0.47255964934035666f,-1.4066452904278965f,0.3703089330657484f,0f,0f,0f,1f], start_interpolation: 0, interpolation_duration: 1 }
$data merge entity $(bone_group20) { transformation: [-2.2315141130174965f,-2.24621855555829f,-0.6295141035362543f,1.1394546448557046f,-2.073932822317661f,1.741805587607185f,-0.43018719223840834f,0.6935493302625825f,1.632926907543193f,0.47255964934035666f,-1.4066452904278965f,0.3703089330657484f,0f,0f,0f,1f], start_interpolation: 0, interpolation_duration: 1 }
$data merge entity $(bone_bone11) { transformation: [-0.8272556643089051f,-0.026877489344023675f,-0.3934463147101589f,0.5373557866742054f,0.08676450047591494f,1.4375108289273242f,-0.2688669951490052f,1.1680122123754149f,0.34368588467668704f,-0.4275981960710768f,-0.8791533065174353f,0.4376662608267824f,0f,0f,0f,1f], start_interpolation: 0, interpolation_duration: 1 }
$data merge entity $(bone_3) { transformation: [-0.825480999708247f,-0.40469879733163f,-0.3934463147101589f,0.5841327496706316f,-0.31763961581461314f,0.909294019217486f,-0.2688669951490052f,1.40234375f,0.4665685304280799f,-0.096970459695943f,-0.8791533065174353f,0.3450678033216565f,0f,0f,0f,1f], start_interpolation: 0, interpolation_duration: 1 }
$data merge entity $(bone_8) { transformation: [-0.8520852620238426f,0.10152886400333613f,-0.5134613870739956f,0.06878805594841605f,0.10272695832654563f,0.9943659204751804f,0.026145520276396356f,0.3879336548562937f,0.5132230297587352f,-0.030468114016777792f,-0.8577142972770859f,0.6025316216320782f,0f,0f,0f,1f], start_interpolation: 0, interpolation_duration: 1 }
$data merge entity $(bone_7) { transformation: [-0.8520852620238426f,0.021304975720464428f,-0.5229692192197452f,0.07780898289771365f,0.10272695832654563f,0.9865450639314027f,-0.12718493961771038f,0.76171875f,0.5132230297587352f,-0.16209544978849624f,-0.8428091046513022f,0.5426917368103498f,0f,0f,0f,1f], start_interpolation: 0, interpolation_duration: 1 }