# This file was generated by Animated Java via MC-Build. It is not recommended to edit this file directly.
$data merge entity $(bone_layer) { transformation: [-0.8546556680838633f,0.005520206248912168f,-0.5191658851803485f,0.2858452611181665f,-0.07397834157507359f,0.9884460287934653f,0.13229381368843196f,1.358742476851852f,0.513897746628575f,0.15147268890924623f,-0.8443726253998739f,0.5466784659661498f,0f,0f,0f,1f], start_interpolation: 0, interpolation_duration: 1 }
$data merge entity $(bone_head) { transformation: [-0.8546556680838633f,0.005520206248912168f,-0.5191658851803485f,0.2858452611181665f,-0.07397834157507359f,0.9884460287934653f,0.13229381368843196f,1.358742476851852f,0.513897746628575f,0.15147268890924623f,-0.8443726253998739f,0.5466784659661498f,0f,0f,0f,1f], start_interpolation: 0, interpolation_duration: 1 }
$data merge entity $(bone_6) { transformation: [-0.6719027213873209f,-0.1523048672518248f,-0.7248102926999012f,0.34970774511997266f,-0.10134726259504279f,0.9883291367227554f,-0.11372884361209679f,0.39799466881704904f,0.7336725873009049f,-0.002957180457354172f,-0.6794967179662746f,0.4253613462028938f,0f,0f,0f,1f], start_interpolation: 0, interpolation_duration: 1 }
$data merge entity $(bone_12) { transformation: [-0.677421111430779f,-0.2291046589469832f,-0.6990076487683627f,0.26379349801485397f,-0.0927986719926681f,0.9692858214261408f,-0.22775733327084952f,0.7614768518518519f,0.7297184691812901f,-0.0894206443224278f,-0.677875286542205f,0.3918286045819834f,0f,0f,0f,1f], start_interpolation: 0, interpolation_duration: 1 }
$data merge entity $(bone_group3) { transformation: [1.203187435945354f,-0.10861274403209148f,0.2879226970530736f,-1.0348073834463585f,0.29414811332618307f,0.8163579044895745f,-0.3909899194651359f,1.6759552393094697f,-0.2638204978246873f,0.43923867265044114f,0.7974597973953995f,1.10703242386874f,0f,0f,0f,1f], start_interpolation: 0, interpolation_duration: 1 }
$data merge entity $(bone_group1) { transformation: [1.2297140551455437f,-0.1022658266448801f,0.14036116606595408f,-0.9861484006957022f,0.24230655598977185f,0.8027226568264496f,-0.4502891593866956f,1.7164499245681644f,-0.16391964520718147f,0.4651521936876196f,0.8094675915123754f,1.040998790384282f,0f,0f,0f,1f], start_interpolation: 0, interpolation_duration: 1 }
$data merge entity $(bone_group4) { transformation: [1.1820311796303826f,-0.12055638212729819f,0.18903334800323118f,-1.0181190557521012f,0.26784189459095303f,0.7741585213966063f,-0.4231377889839721f,1.6901532669004036f,-0.1858484031508089f,0.4518801044227405f,0.7774712397749718f,1.0597513977408832f,0f,0f,0f,1f], start_interpolation: 0, interpolation_duration: 1 }
$data merge entity $(bone_group2) { transformation: [1.1655878285720618f,-0.10521859578108862f,0.2789251127701651f,-1.0348073834463585f,0.2849559847847399f,0.7908467199742754f,-0.37877148448185044f,1.6759552393094697f,-0.25557610726766583f,0.4255124641301149f,0.7725391787267933f,1.10703242386874f,0f,0f,0f,1f], start_interpolation: 0, interpolation_duration: 1 }
$data merge entity $(bone_10) { transformation: [-0.786787415303465f,0.2421076108243003f,-0.5677582829876128f,0.2088769282478754f,0.013353376805635557f,0.9263191850304071f,0.37650292797332807f,1.059185282465449f,0.6170796143513249f,0.28864627526706715f,-0.7320492314909351f,0.5065818795140273f,0f,0f,0f,1f], start_interpolation: 0, interpolation_duration: 1 }
$data merge entity $(bone_9) { transformation: [-0.786787415303465f,0.2421076108243003f,-0.5677582829876128f,0.299667282306988f,0.013353376805635557f,0.9263191850304071f,0.37650292797332807f,1.4065549768518517f,0.6170796143513249f,0.28864627526706715f,-0.7320492314909351f,0.6148242327391775f,0f,0f,0f,1f], start_interpolation: 0, interpolation_duration: 1 }
$data merge entity $(bone_bone12) { transformation: [-0.6906855374695451f,0.9877366001060806f,-0.5952888737192265f,0.11488702843742032f,0.8458610861959562f,1.1023476294295924f,0.3767396547280394f,1.8608533211173712f,1.0283348244564137f,-0.24332306241258556f,-0.7097171192675942f,0.39452495408056354f,0f,0f,0f,1f], start_interpolation: 0, interpolation_duration: 1 }
$data merge entity $(bone_bone1) { transformation: [0.6020715173949239f,-0.9221094064773192f,0.7369081982597596f,0.3188689592352642f,-0.6104229910921737f,1.2531879335273997f,0.6729680486699764f,0.5287598877961731f,-0.5146782100379395f,-2.565001802289302f,0.06387732623457898f,1.5788744358435296f,0f,0f,0f,1f], start_interpolation: 0, interpolation_duration: 1 }
$data merge entity $(bone_2) { transformation: [0.7400625032261906f,-0.31419575077233114f,0.5946330982338566f,-0.030381459969757607f,-0.2588190451025206f,0.6830127018922192f,0.6830127018922194f,1.0410194142153375f,-0.6207416477173119f,-0.65937446056888f,0.42415224570747545f,0.9489027521323253f,0f,0f,0f,1f], start_interpolation: 0, interpolation_duration: 1 }
$data merge entity $(bone_bone2) { transformation: [1.4275562168326057f,-0.3910515475944176f,0.6725254521032247f,0.1548919174730705f,-0.023141524625886256f,1.913634654331585f,0.2904594978560801f,0.9187384133336215f,-1.4005526472148646f,-0.43021052621390643f,0.6806928796296805f,0.818031126352353f,0f,0f,0f,1f], start_interpolation: 0, interpolation_duration: 1 }
$data merge entity $(bone_1) { transformation: [0.7400625032261906f,-0.00412402618048735f,0.6725254521032247f,-0.03192796978744036f,-0.2588190451025206f,0.9212198336973717f,0.2904594978560801f,1.3864768518518518f,-0.6207416477173119f,-0.3890205783896906f,0.6806928796296805f,0.8030200352361914f,0f,0f,0f,1f], start_interpolation: 0, interpolation_duration: 1 }
$data merge entity $(bone_4) { transformation: [-0.8252680600470265f,-0.5604146018346194f,0.06977179313133927f,0.6918426496384474f,-0.3138923566071003f,0.35247841144740744f,-0.8816068046057455f,1.123543705375988f,0.4694722755710484f,-0.7494627699319408f,-0.46679903487055807f,0.3520205157284835f,0f,0f,0f,1f], start_interpolation: 0, interpolation_duration: 1 }
$data merge entity $(bone_group5) { transformation: [-3.301072240188106f,-1.0882052560741693f,-1.582363835072883f,0.7238204363874321f,-1.2555694264284012f,2.4561167204838465f,-1.0878740902490043f,0.9157771891275477f,1.8778891022841937f,-0.2707396831131819f,-3.5089392495764784f,0.5481932812312759f,0f,0f,0f,1f], start_interpolation: 0, interpolation_duration: 1 }
$data merge entity $(bone_group7) { transformation: [-3.301072240188106f,-1.0882052560741693f,-1.582363835072883f,0.7238204363874321f,-1.2555694264284012f,2.4561167204838465f,-1.0878740902490043f,0.9157771891275477f,1.8778891022841937f,-0.2707396831131819f,-3.5089392495764784f,0.5481932812312759f,0f,0f,0f,1f], start_interpolation: 0, interpolation_duration: 1 }
$data merge entity $(bone_group6) { transformation: [-2.314709791693421f,-2.5929495163860334f,-1.582363835072883f,1.0838955273618578f,-2.3154133797439753f,1.499274761384534f,-1.0878740902490043f,0.9642260295970578f,1.7616695096246568f,0.7044771077535323f,-3.5089392495764784f,0.3707960691840657f,0f,0f,0f,1f], start_interpolation: 0, interpolation_duration: 1 }
$data merge entity $(bone_group8) { transformation: [-2.314709791693421f,-2.5929495163860334f,-1.582363835072883f,1.0838955273618578f,-2.3154133797439753f,1.499274761384534f,-1.0878740902490043f,0.9642260295970578f,1.7616695096246568f,0.7044771077535323f,-3.5089392495764784f,0.3707960691840657f,0f,0f,0f,1f], start_interpolation: 0, interpolation_duration: 1 }
$data merge entity $(bone_group9) { transformation: [-2.314709791693421f,-2.5929495163860334f,-1.582363835072883f,1.1349051487403345f,-2.3154133797439753f,1.499274761384534f,-1.0878740902490043f,0.8490955583243777f,1.7616695096246568f,0.7044771077535323f,-3.5089392495764784f,0.3834869918299961f,0f,0f,0f,1f], start_interpolation: 0, interpolation_duration: 1 }
$data merge entity $(bone_group10) { transformation: [-2.314709791693421f,-2.5929495163860334f,-1.582363835072883f,1.1349051487403345f,-2.3154133797439753f,1.499274761384534f,-1.0878740902490043f,0.8490955583243777f,1.7616695096246568f,0.7044771077535323f,-3.5089392495764784f,0.3834869918299961f,0f,0f,0f,1f], start_interpolation: 0, interpolation_duration: 1 }
$data merge entity $(bone_group11) { transformation: [-2.314709791693421f,-2.5929495163860334f,-1.582363835072883f,1.1859147701188113f,-2.3154133797439753f,1.499274761384534f,-1.0878740902490043f,0.7339650870516973f,1.7616695096246568f,0.7044771077535323f,-3.5089392495764784f,0.39617791447592643f,0f,0f,0f,1f], start_interpolation: 0, interpolation_duration: 1 }
$data merge entity $(bone_group12) { transformation: [-2.314709791693421f,-2.5929495163860334f,-1.582363835072883f,1.1859147701188113f,-2.3154133797439753f,1.499274761384534f,-1.0878740902490043f,0.7339650870516973f,1.7616695096246568f,0.7044771077535323f,-3.5089392495764784f,0.39617791447592643f,0f,0f,0f,1f], start_interpolation: 0, interpolation_duration: 1 }
$data merge entity $(bone_group13) { transformation: [-2.506230064448102f,-1.9312262090976637f,-0.6329455340291532f,0.9153309276110649f,-1.816280602452304f,2.0026388419550427f,-0.4351496360996017f,0.9557742649665473f,1.6932901944945087f,0.25001390446921196f,-1.4035756998305915f,0.39599598744662273f,0f,0f,0f,1f], start_interpolation: 0, interpolation_duration: 1 }
$data merge entity $(bone_group14) { transformation: [-2.506230064448102f,-1.9312262090976637f,-0.6329455340291532f,0.9153309276110649f,-1.816280602452304f,2.0026388419550427f,-0.4351496360996017f,0.9557742649665473f,1.6932901944945087f,0.25001390446921196f,-1.4035756998305915f,0.39599598744662273f,0f,0f,0f,1f], start_interpolation: 0, interpolation_duration: 1 }
$data merge entity $(bone_group15) { transformation: [-2.4196057846571404f,-2.038708329679107f,-0.6329455340291532f,0.9751299797087127f,-1.9019057851737045f,1.9215077263634237f,-0.4351496360996017f,0.8852980288155723f,1.6807731040859744f,0.32363622754628374f,-1.4035756998305915f,0.3908791744022796f,0f,0f,0f,1f], start_interpolation: 0, interpolation_duration: 1 }
$data merge entity $(bone_group16) { transformation: [-2.4196057846571404f,-2.038708329679107f,-0.6329455340291532f,0.9751299797087127f,-1.9019057851737045f,1.9215077263634237f,-0.4351496360996017f,0.8852980288155723f,1.6807731040859744f,0.32363622754628374f,-1.4035756998305915f,0.3908791744022796f,0f,0f,0f,1f], start_interpolation: 0, interpolation_duration: 1 }
$data merge entity $(bone_group17) { transformation: [-2.232713315428541f,-2.2418329683001277f,-0.6329455340291532f,1.087478404035689f,-2.062138892546631f,1.748433798002685f,-0.4351496360996017f,0.8074331068935793f,1.6461704991938064f,0.46889372226892184f,-1.4035756998305915f,0.36435581624055996f,0f,0f,0f,1f], start_interpolation: 0, interpolation_duration: 1 }
$data merge entity $(bone_group18) { transformation: [-2.232713315428541f,-2.2418329683001277f,-0.6329455340291532f,1.087478404035689f,-2.062138892546631f,1.748433798002685f,-0.4351496360996017f,0.8074331068935793f,1.6461704991938064f,0.46889372226892184f,-1.4035756998305915f,0.36435581624055996f,0f,0f,0f,1f], start_interpolation: 0, interpolation_duration: 1 }
$data merge entity $(bone_group19) { transformation: [-2.232713315428541f,-2.2418329683001277f,-0.6329455340291532f,1.1384880254141658f,-2.062138892546631f,1.748433798002685f,-0.4351496360996017f,0.6923026356208989f,1.6461704991938064f,0.46889372226892184f,-1.4035756998305915f,0.3770467388864904f,0f,0f,0f,1f], start_interpolation: 0, interpolation_duration: 1 }
$data merge entity $(bone_group20) { transformation: [-2.232713315428541f,-2.2418329683001277f,-0.6329455340291532f,1.1384880254141658f,-2.062138892546631f,1.748433798002685f,-0.4351496360996017f,0.6923026356208989f,1.6461704991938064f,0.46889372226892184f,-1.4035756998305915f,0.3770467388864904f,0f,0f,0f,1f], start_interpolation: 0, interpolation_duration: 1 }
$data merge entity $(bone_bone11) { transformation: [-0.8264506535383108f,-0.02475602464156046f,-0.39559095876822076f,0.5374718279928089f,0.08996514797184685f,1.4356503574319373f,-0.27196852256225107f,1.1682788715585548f,0.3447978964792312f,-0.4339299372588816f,-0.8772348123941196f,0.4433884632323461f,0f,0f,0f,1f], start_interpolation: 0, interpolation_duration: 1 }
$data merge entity $(bone_3) { transformation: [-0.8252680600470265f,-0.4030389837311738f,-0.39559095876822076f,0.5845526688047621f,-0.3138923566071003f,0.9096728594384617f,-0.27196852256225107f,1.4021018518518518f,0.4694722755710484f,-0.10027395670858588f,-0.8772348123941196f,0.3496652727179383f,0f,0f,0f,1f], start_interpolation: 0, interpolation_duration: 1 }
$data merge entity $(bone_8) { transformation: [-0.8516704793357037f,0.10117974050833255f,-0.5142179058908384f,0.06767342680604131f,0.10242737793304568f,0.9944001762227791f,0.026017720458697435f,0.3872096185197705f,0.5139708424393874f,-0.030511467332339004f,-0.857264850255377f,0.6064173551326174f,0f,0f,0f,1f], start_interpolation: 0, interpolation_duration: 1 }
$data merge entity $(bone_7) { transformation: [-0.8516704793357037f,0.023205474971069603f,-0.5235636547349899f,0.07748871156995243f,0.10242737793304568f,0.9871234966959587f,-0.12286510700969883f,0.7614768518518519f,0.5139708424393874f,-0.15826783691613017f,-0.8430808175495607f,0.5480953247728915f,0f,0f,0f,1f], start_interpolation: 0, interpolation_duration: 1 }