# This file was generated by Animated Java via MC-Build. It is not recommended to edit this file directly.
$data merge entity $(bone_layer) { transformation: [-0.8554731724537035f,-0.00807091508491195f,-0.5177842326120873f,0.2857937922974445f,-0.0773811224977924f,0.9906447641040685f,0.11240601956379437f,1.358018010598642f,0.512033019533875f,0.1362270592903136f,-0.8480945555916131f,0.5511263032587262f,0f,0f,0f,1f], start_interpolation: 0, interpolation_duration: 1 }
$data merge entity $(bone_head) { transformation: [-0.8554731724537035f,-0.00807091508491195f,-0.5177842326120873f,0.2857937922974445f,-0.0773811224977924f,0.9906447641040685f,0.11240601956379437f,1.358018010598642f,0.512033019533875f,0.1362270592903136f,-0.8480945555916131f,0.5511263032587262f,0f,0f,0f,1f], start_interpolation: 0, interpolation_duration: 1 }
$data merge entity $(bone_6) { transformation: [-0.6703032899800768f,-0.1562514045044846f,-0.7254508929157515f,0.3492904594770743f,-0.1009690935961447f,0.9876938154806656f,-0.11944106914967698f,0.3979692170217054f,0.7351861951779685f,-0.006813622503549097f,-0.6778309766956074f,0.4303693397817295f,0f,0f,0f,1f], start_interpolation: 0, interpolation_duration: 1 }
$data merge entity $(bone_12) { transformation: [-0.6761631364418398f,-0.23035909729634074f,-0.6998129030033307f,0.26290579799094654f,-0.0919381709039396f,0.9688197422631065f,-0.2300775515605244f,0.7612766203703704f,0.7309930134057178f,-0.09123044061092098f,-0.6762589896319052f,0.3961579245526341f,0f,0f,0f,1f], start_interpolation: 0, interpolation_duration: 1 }
$data merge entity $(bone_group3) { transformation: [1.2033314157662927f,-0.10783254491187019f,0.2888367142875693f,-1.0363602571856805f,0.2929695708102497f,0.8163142909307717f,-0.3912446748385354f,1.6774265906514574f,-0.2643245353773245f,0.4395190042953383f,0.7970499755389749f,1.1129512694983354f,0f,0f,0f,1f], start_interpolation: 0, interpolation_duration: 1 }
$data merge entity $(bone_group1) { transformation: [1.230948272313577f,-0.10125722806759703f,0.1325681940927244f,-0.9847777095488662f,0.23789706492388396f,0.8017733707979412f,-0.4536926657639182f,1.7202461015490658f,-0.1586207755247766f,0.4670174617972418f,0.8093622295327754f,1.043215980122126f,0f,0f,0f,1f], start_interpolation: 0, interpolation_duration: 1 }
$data merge entity $(bone_group4) { transformation: [1.1829774729572875f,-0.12083033433394529f,0.18463724741428533f,-1.0187481008810086f,0.26562431934881786f,0.7730945295645706f,-0.4258470083427387f,1.6924364545258181f,-0.1822536292804897f,0.4536978527682821f,0.777178494707086f,1.0629145954427466f,0f,0f,0f,1f], start_interpolation: 0, interpolation_duration: 1 }
$data merge entity $(bone_group2) { transformation: [1.1657273090235962f,-0.10446277788337427f,0.27981056696608275f,-1.0363602571856805f,0.28381427172242946f,0.7908044693391851f,-0.37901827874983124f,1.6774265906514574f,-0.25606439364678313f,0.425784035411109f,0.7721421638033821f,1.1129512694983354f,0f,0f,0f,1f], start_interpolation: 0, interpolation_duration: 1 }
$data merge entity $(bone_10) { transformation: [-0.7866556534670874f,0.24350332089298904f,-0.5673438248384798f,0.20849285908780504f,0.014178242583924328f,0.9258188820182822f,0.3777014365019671f,1.0588125381181532f,0.6172291797262189f,0.2890770319698611f,-0.7317531067798719f,0.5110728497450817f,0f,0f,0f,1f], start_interpolation: 0, interpolation_duration: 1 }
$data merge entity $(bone_9) { transformation: [-0.7866556534670874f,0.24350332089298904f,-0.5673438248384798f,0.2998066044226759f,0.014178242583924328f,0.9258188820182822f,0.3777014365019671f,1.405994618875009f,0.6172291797262189f,0.2890770319698611f,-0.7317531067798719f,0.6194767367337797f,0f,0f,0f,1f], start_interpolation: 0, interpolation_duration: 1 }
$data merge entity $(bone_bone12) { transformation: [-0.6878054897108139f,0.9881655427934455f,-0.5964533951652711f,0.11495303181692895f,0.8454042384310585f,1.1017522538308517f,0.3779674558720871f,1.8606737814497603f,1.0306382886184997f,-0.24427613721846392f,-0.7080847051712125f,0.40002625071195586f,0f,0f,0f,1f], start_interpolation: 0, interpolation_duration: 1 }
$data merge entity $(bone_bone1) { transformation: [0.6009910074995506f,-0.9274857203926644f,0.7370405174004848f,0.3206008997647432f,-0.6104229910921737f,1.2531879335273997f,0.6729680486699764f,0.5285596563146916f,-0.5159395127829993f,-2.563062668318709f,0.062332023706514084f,1.5829755320660226f,0f,0f,0f,1f], start_interpolation: 0, interpolation_duration: 1 }
$data merge entity $(bone_2) { transformation: [0.7387592942953699f,-0.3155776480646398f,0.5955211609457691f,-0.029969687410037728f,-0.2588190451025206f,0.6830127018922192f,0.6830127018922194f,1.040819182733856f,-0.6222920592329825f,-0.6587141998589985f,0.4229044761168804f,0.9537375476747888f,0f,0f,0f,1f], start_interpolation: 0, interpolation_duration: 1 }
$data merge entity $(bone_bone2) { transformation: [1.4246163751123335f,-0.39195276095404274f,0.6739512625075896f,0.1550288688090181f,-0.023141524625886256f,1.913634654331585f,0.2904594978560801f,0.91853818185214f,-1.4035428933950618f,-0.4293896166906441f,0.679281220018351f,0.8224777251081306f,0f,0f,0f,1f], start_interpolation: 0, interpolation_duration: 1 }
$data merge entity $(bone_1) { transformation: [0.7387592942953699f,-0.004939722323413387f,0.6739512625075896f,-0.03182208328131775f,-0.2588190451025206f,0.9212198336973717f,0.2904594978560801f,1.3862766203703702f,-0.6222920592329825f,-0.38901107586539785f,0.679281220018351f,0.8078583942252646f,0f,0f,0f,1f], start_interpolation: 0, interpolation_duration: 1 }
$data merge entity $(bone_4) { transformation: [-0.8251276552545197f,-0.5607886529377432f,0.06841373597787032f,0.691777643402113f,-0.3105833783252702f,0.34912567222086555f,-0.8841092862901003f,1.1231647628219f,0.4719134641459602f,-0.7507511916291576f,-0.46224488166464267f,0.3567727204001994f,0f,0f,0f,1f], start_interpolation: 0, interpolation_duration: 1 }
$data merge entity $(bone_group5) { transformation: [-3.300510621018079f,-1.0842551194354717f,-1.5894708187227624f,0.7236775076235498f,-1.2423335133010809f,2.4569649644605507f,-1.0988108589816261f,0.9161124802166876f,1.8876538565838408f,-0.2787723074326716f,-3.5023131231534474f,0.5537118200605151f,0f,0f,0f,1f], start_interpolation: 0, interpolation_duration: 1 }
$data merge entity $(bone_group7) { transformation: [-3.300510621018079f,-1.0842551194354717f,-1.5894708187227624f,0.7236775076235498f,-1.2423335133010809f,2.4569649644605507f,-1.0988108589816261f,0.9161124802166876f,1.8876538565838408f,-0.2787723074326716f,-3.5023131231534474f,0.5537118200605151f,0f,0f,0f,1f], start_interpolation: 0, interpolation_duration: 1 }
$data merge entity $(bone_group6) { transformation: [-2.316198483544275f,-2.5892477881234885f,-1.5894708187227624f,1.0835752320855836f,-2.304374864721784f,1.5066273187806274f,-1.0988108589816261f,0.9632259674662172f,1.7741423470696094f,0.7024030281836211f,-3.5023131231534474f,0.3755964659457104f,0f,0f,0f,1f], start_interpolation: 0, interpolation_duration: 1 }
$data merge entity $(bone_group8) { transformation: [-2.316198483544275f,-2.5892477881234885f,-1.5894708187227624f,1.0835752320855836f,-2.304374864721784f,1.5066273187806274f,-1.0988108589816261f,0.9632259674662172f,1.7741423470696094f,0.7024030281836211f,-3.5023131231534474f,0.3755964659457104f,0f,0f,0f,1f], start_interpolation: 0, interpolation_duration: 1 }
$data merge entity $(bone_group9) { transformation: [-2.316198483544275f,-2.5892477881234885f,-1.5894708187227624f,1.1343996908091214f,-2.304374864721784f,1.5066273187806274f,-1.0988108589816261f,0.8480557347571288f,1.7741423470696094f,0.7024030281836211f,-3.5023131231534474f,0.3886639178566168f,0f,0f,0f,1f], start_interpolation: 0, interpolation_duration: 1 }
$data merge entity $(bone_group10) { transformation: [-2.316198483544275f,-2.5892477881234885f,-1.5894708187227624f,1.1343996908091214f,-2.304374864721784f,1.5066273187806274f,-1.0988108589816261f,0.8480557347571288f,1.7741423470696094f,0.7024030281836211f,-3.5023131231534474f,0.3886639178566168f,0f,0f,0f,1f], start_interpolation: 0, interpolation_duration: 1 }
$data merge entity $(bone_group11) { transformation: [-2.316198483544275f,-2.5892477881234885f,-1.5894708187227624f,1.1852241495326592f,-2.304374864721784f,1.5066273187806274f,-1.0988108589816261f,0.7328855020480406f,1.7741423470696094f,0.7024030281836211f,-3.5023131231534474f,0.4017313697675233f,0f,0f,0f,1f], start_interpolation: 0, interpolation_duration: 1 }
$data merge entity $(bone_group12) { transformation: [-2.316198483544275f,-2.5892477881234885f,-1.5894708187227624f,1.1852241495326592f,-2.304374864721784f,1.5066273187806274f,-1.0988108589816261f,0.7328855020480406f,1.7741423470696094f,0.7024030281836211f,-3.5023131231534474f,0.4017313697675233f,0f,0f,0f,1f], start_interpolation: 0, interpolation_duration: 1 }
$data merge entity $(bone_group13) { transformation: [-2.5069358302941045f,-1.9273069029001804f,-0.635788327489105f,0.9150333621263376f,-1.8051746910981525f,2.0070299308692037f,-0.43952434359265047f,0.9551724132038588f,1.704087181738537f,0.24499574092049659f,-1.400925249261379f,0.4010772592877154f,0f,0f,0f,1f], start_interpolation: 0, interpolation_duration: 1 }
$data merge entity $(bone_group14) { transformation: [-2.5069358302941045f,-1.9273069029001804f,-0.635788327489105f,0.9150333621263376f,-1.8051746910981525f,2.0070299308692037f,-0.43952434359265047f,0.9551724132038588f,1.704087181738537f,0.24499574092049659f,-1.400925249261379f,0.4010772592877154f,0f,0f,0f,1f], start_interpolation: 0, interpolation_duration: 1 }
$data merge entity $(bone_group15) { transformation: [-2.420481836505674f,-2.034823538866502f,-0.635788327489105f,0.974699949739661f,-1.891001980794596f,1.926379068983326f,-0.43952434359265047f,0.8845705786028224f,1.6917787042102568f,0.3190937981463086f,-1.400925249261379f,0.3961490199402986f,0f,0f,0f,1f], start_interpolation: 0, interpolation_duration: 1 }
$data merge entity $(bone_group16) { transformation: [-2.420481836505674f,-2.034823538866502f,-0.635788327489105f,0.974699949739661f,-1.891001980794596f,1.926379068983326f,-0.43952434359265047f,0.8845705786028224f,1.6917787042102568f,0.3190937981463086f,-1.400925249261379f,0.3961490199402986f,0f,0f,0f,1f], start_interpolation: 0, interpolation_duration: 1 }
$data merge entity $(bone_group17) { transformation: [-2.2339246154639953f,-2.23803931323896f,-0.635788327489105f,1.0868710564360056f,-2.0517011459193495f,1.7542369328626557f,-0.43952434359265047f,0.8064028855103597f,1.6575301184951683f,0.4653277794374261f,-1.400925249261379f,0.36976611596884024f,0f,0f,0f,1f], start_interpolation: 0, interpolation_duration: 1 }
$data merge entity $(bone_group18) { transformation: [-2.2339246154639953f,-2.23803931323896f,-0.635788327489105f,1.0868710564360056f,-2.0517011459193495f,1.7542369328626557f,-0.43952434359265047f,0.8064028855103597f,1.6575301184951683f,0.4653277794374261f,-1.400925249261379f,0.36976611596884024f,0f,0f,0f,1f], start_interpolation: 0, interpolation_duration: 1 }
$data merge entity $(bone_group19) { transformation: [-2.2339246154639953f,-2.23803931323896f,-0.635788327489105f,1.1376955151595431f,-2.0517011459193495f,1.7542369328626557f,-0.43952434359265047f,0.6912326528012714f,1.6575301184951683f,0.4653277794374261f,-1.400925249261379f,0.38283356787974676f,0f,0f,0f,1f], start_interpolation: 0, interpolation_duration: 1 }
$data merge entity $(bone_group20) { transformation: [-2.2339246154639953f,-2.23803931323896f,-0.635788327489105f,1.1376955151595431f,-2.0517011459193495f,1.7542369328626557f,-0.43952434359265047f,0.6912326528012714f,1.6575301184951683f,0.4653277794374261f,-1.400925249261379f,0.38283356787974676f,0f,0f,0f,1f], start_interpolation: 0, interpolation_duration: 1 }
$data merge entity $(bone_bone11) { transformation: [-0.8257796619505751f,-0.0228561201991897f,-0.3973677046806906f,0.5376214408372454f,0.09278369994239771f,1.4339797999694155f,-0.27470271474540653f,1.1685318532825841f,0.3456575399637523f,-0.4395219346620992f,-0.8755782807883619f,0.4481914264395631f,0f,0f,0f,1f], start_interpolation: 0, interpolation_duration: 1 }
$data merge entity $(bone_3) { transformation: [-0.8251276552545197f,-0.40157597016128577f,-0.3973677046806906f,0.5849775180317529f,-0.3105833783252702f,0.909987023874278f,-0.27470271474540653f,1.4019016203703702f,0.4719134641459602f,-0.10324900275284132f,-0.8755782807883619f,0.35348249398258597f,0f,0f,0f,1f], start_interpolation: 0, interpolation_duration: 1 }
$data merge entity $(bone_8) { transformation: [-0.8513746450878152f,0.10087633441944945f,-0.5147671112801323f,0.0667075954479202f,0.10216304629599327f,0.994430289844768f,0.025905802646767215f,0.3865908034051485f,0.5145132900840554f,-0.030534632687260407f,-0.856938568704627f,0.6095380435504747f,0f,0f,0f,1f], start_interpolation: 0, interpolation_duration: 1 }
$data merge entity $(bone_7) { transformation: [-0.8513746450878152f,0.024907989692765115f,-0.5239664166252087f,0.07723415090826223f,0.10216304629599327f,0.9876179639224442f,-0.11905238052726419f,0.7612766203703704f,0.5145132900840554f,-0.15488818349748595f,-0.8433775696209438f,0.552557975958373f,0f,0f,0f,1f], start_interpolation: 0, interpolation_duration: 1 }