# This file was generated by Animated Java via MC-Build. It is not recommended to edit this file directly.
$data merge entity $(bone_layer) { transformation: [-0.8563146850001402f,-0.02137091394796104f,-0.5160120582797841f,0.2857872045971189f,-0.08071519818611533f,0.9924035970469326f,0.09284480249365361f,1.357425506591797f,0.510108044471842f,0.12115438335173129f,-0.8515347311529784f,0.5545160284899492f,0f,0f,0f,1f], start_interpolation: 0, interpolation_duration: 1 }
$data merge entity $(bone_head) { transformation: [-0.8563146850001402f,-0.02137091394796104f,-0.5160120582797841f,0.2857872045971189f,-0.08071519818611533f,0.9924035970469326f,0.09284480249365361f,1.357425506591797f,0.510108044471842f,0.12115438335173129f,-0.8515347311529784f,0.5545160284899492f,0f,0f,0f,1f], start_interpolation: 0, interpolation_duration: 1 }
$data merge entity $(bone_6) { transformation: [-0.6690841958303466f,-0.1595751447765714f,-0.7258526793086835f,0.3489978521054853f,-0.10064659340205326f,0.9871343872563505f,-0.12424155799325264f,0.39796624988991464f,0.7363400044317978f,-0.010073463434452798f,-0.6765367123872988f,0.4342425512883549f,0f,0f,0f,1f], start_interpolation: 0, interpolation_duration: 1 }
$data merge entity $(bone_12) { transformation: [-0.6752321001071162f,-0.23140035615752325f,-0.7003681076084951f,0.2622227185464141f,-0.091211471004495f,0.9684233336268945f,-0.23202740020128776f,0.761125f,0.7319440405810607f,-0.09279074338070459f,-0.6750168882337144f,0.3994460225205907f,0f,0f,0f,1f], start_interpolation: 0, interpolation_duration: 1 }
$data merge entity $(bone_group3) { transformation: [1.2034970150672408f,-0.10724742008049465f,0.2894665075977517f,-1.0377241609583374f,0.29197198975527855f,0.8162803124224598f,-0.39145807677764566f,1.678692285979544f,-0.2645416725149039f,0.43973145951301934f,0.7967572171929757f,1.117344545948964f,0f,0f,0f,1f], start_interpolation: 0, interpolation_duration: 1 }
$data merge entity $(bone_group1) { transformation: [1.2319722981051746f,-0.10049755616184054f,0.125866720452519f,-0.9836636255126292f,0.23416621006086194f,0.8009686631639199f,-0.4565260165858607f,1.723462737743022f,-0.1539563176686648f,0.46856975353268104f,0.8092638348868402f,1.0445186378601383f,0f,0f,0f,1f], start_interpolation: 0, interpolation_duration: 1 }
$data merge entity $(bone_group4) { transformation: [1.183789919209821f,-0.12114620977298045f,0.18080197211398474f,-1.0193303159362515f,0.2637469800331296f,0.7721987011861186f,-0.42811315013307627f,1.69438324355275f,-0.1790260683985327f,0.45520132920295053f,0.7769498972905832f,1.0649937518500003f,0f,0f,0f,1f], start_interpolation: 0, interpolation_duration: 1 }
$data merge entity $(bone_group2) { transformation: [1.1658877333463897f,-0.1038959382029792f,0.28042067923532205f,-1.0377241609583374f,0.28284786507542614f,0.790771552659258f,-0.37922501187834423f,1.678692285979544f,-0.25627474524881316f,0.42598985140323753f,0.7718585541556953f,1.117344545948964f,0f,0f,0f,1f], start_interpolation: 0, interpolation_duration: 1 }
$data merge entity $(bone_10) { transformation: [-0.7866518003028266f,0.24462815868443052f,-0.5668650712991468f,0.20821358714083238f,0.014875820811623985f,0.9253968652076844f,0.37870747526154175f,1.0585163061623528f,0.6172176723292214f,0.2894783339776154f,-0.7316041546642842f,0.5144863130155934f,0f,0f,0f,1f], start_interpolation: 0, interpolation_duration: 1 }
$data merge entity $(bone_9) { transformation: [-0.7866518003028266f,0.24462815868443052f,-0.5668650712991468f,0.29994914664749384f,0.014875820811623985f,0.9253968652076844f,0.37870747526154175f,1.4055401306152344f,0.6172176723292214f,0.2894783339776154f,-0.7316041546642842f,0.6230406882571993f,0f,0f,0f,1f], start_interpolation: 0, interpolation_duration: 1 }
$data merge entity $(bone_bone12) { transformation: [-0.685559914742951f,0.9885691930265967f,-0.5973045208439441f,0.11507471836715283f,0.8450188770960306f,1.1012500411613315f,0.37899952752449545f,1.8605389442846025f,1.0324488852475948f,-0.2449067117106205f,-0.7068144505565767f,0.4042713455067018f,0f,0f,0f,1f], start_interpolation: 0, interpolation_duration: 1 }
$data merge entity $(bone_bone1) { transformation: [0.6001710596953862f,-0.9315540902880217f,0.7371385569141066f,0.3219119422396091f,-0.6104229910921737f,1.2531879335273997f,0.6729680486699764f,0.5284080359443212f,-0.516893094411408f,-2.5615868090168203f,0.0611616986349493f,1.5860777327086881f,0f,0f,0f,1f], start_interpolation: 0, interpolation_duration: 1 }
$data merge entity $(bone_2) { transformation: [0.7377703100752254f,-0.31662313306362166f,0.5961918828535668f,-0.02965728454775569f,-0.2588190451025206f,0.6830127018922192f,0.6830127018922194f,1.0406675623634856f,-0.623464250349388f,-0.6582123066783743f,0.4219583959034453f,0.95739716487718f,0f,0f,0f,1f], start_interpolation: 0, interpolation_duration: 1 }
$data merge entity $(bone_bone2) { transformation: [1.4223860843128595f,-0.3926340363330934f,0.675028951354294f,0.1551326288418409f,-0.023141524625886256f,1.913634654331585f,0.2904594978560801f,0.9183865614817698f,-1.4058030790232028f,-0.4287667469079409f,0.6782102881398331f,0.825843773690061f,0f,0f,0f,1f], start_interpolation: 0, interpolation_duration: 1 }
$data merge entity $(bone_1) { transformation: [0.7377703100752254f,-0.005557373932643744f,0.675028951354294f,-0.031741299772497095f,-0.2588190451025206f,0.9212198336973717f,0.2904594978560801f,1.386125f,-0.623464250349388f,-0.38900274240364874f,0.6782102881398331f,0.8115211364758117f,0f,0f,0f,1f], start_interpolation: 0, interpolation_duration: 1 }
$data merge entity $(bone_4) { transformation: [-0.8250807726175385f,-0.5609853223213818f,0.06735864307437475f,0.69179565407824f,-0.3077974982816012f,0.3462922595761762f,-0.886195447409438f,1.1228671682584563f,0.47381686199251427f,-0.75191564626466f,-0.4583889638658036f,0.36048923353074835f,0f,0f,0f,1f], start_interpolation: 0, interpolation_duration: 1 }
$data merge entity $(bone_group5) { transformation: [-3.300323090470154f,-1.080910681850788f,-1.5948505797501955f,0.7235996824056605f,-1.2311899931264048f,2.457639277442553f,-1.1080052248372319f,0.916419047175897f,1.895267447970057f,-0.2857293821652084f,-3.4969666927215446f,0.5580770244694097f,0f,0f,0f,1f], start_interpolation: 0, interpolation_duration: 1 }
$data merge entity $(bone_group7) { transformation: [-3.300323090470154f,-1.080910681850788f,-1.5948505797501955f,0.7235996824056605f,-1.2311899931264048f,2.457639277442553f,-1.1080052248372319f,0.916419047175897f,1.895267447970057f,-0.2857293821652084f,-3.4969666927215446f,0.5580770244694097f,0f,0f,0f,1f], start_interpolation: 0, interpolation_duration: 1 }
$data merge entity $(bone_group6) { transformation: [-2.317708296118128f,-2.5862576549398186f,-1.5948505797501955f,1.083375721050537f,-2.2950614496539314f,1.5127830510404805f,-1.1080052248372319f,0.9624095083735321f,1.7842144479903754f,0.7001848204223257f,-3.4969666927215446f,0.37942313668346417f,0f,0f,0f,1f], start_interpolation: 0, interpolation_duration: 1 }
$data merge entity $(bone_group8) { transformation: [-2.317708296118128f,-2.5862576549398186f,-1.5948505797501955f,1.083375721050537f,-2.2950614496539314f,1.5127830510404805f,-1.1080052248372319f,0.9624095083735321f,1.7842144479903754f,0.7001848204223257f,-3.4969666927215446f,0.37942313668346417f,0f,0f,0f,1f], start_interpolation: 0, interpolation_duration: 1 }
$data merge entity $(bone_group9) { transformation: [-2.317708296118128f,-2.5862576549398186f,-1.5948505797501955f,1.1340434092622926f,-2.2950614496539314f,1.5127830510404805f,-1.1080052248372319f,0.8472076672434125f,1.7842144479903754f,0.7001848204223257f,-3.4969666927215446f,0.3928167014724584f,0f,0f,0f,1f], start_interpolation: 0, interpolation_duration: 1 }
$data merge entity $(bone_group10) { transformation: [-2.317708296118128f,-2.5862576549398186f,-1.5948505797501955f,1.1340434092622926f,-2.2950614496539314f,1.5127830510404805f,-1.1080052248372319f,0.8472076672434125f,1.7842144479903754f,0.7001848204223257f,-3.4969666927215446f,0.3928167014724584f,0f,0f,0f,1f], start_interpolation: 0, interpolation_duration: 1 }
$data merge entity $(bone_group11) { transformation: [-2.317708296118128f,-2.5862576549398186f,-1.5948505797501955f,1.1847110974740485f,-2.2950614496539314f,1.5127830510404805f,-1.1080052248372319f,0.7320058261132928f,1.7842144479903754f,0.7001848204223257f,-3.4969666927215446f,0.4062102662614525f,0f,0f,0f,1f], start_interpolation: 0, interpolation_duration: 1 }
$data merge entity $(bone_group12) { transformation: [-2.317708296118128f,-2.5862576549398186f,-1.5948505797501955f,1.1847110974740485f,-2.2950614496539314f,1.5127830510404805f,-1.1080052248372319f,0.7320058261132928f,1.7842144479903754f,0.7001848204223257f,-3.4969666927215446f,0.4062102662614525f,0f,0f,0f,1f], start_interpolation: 0, interpolation_duration: 1 }
$data merge entity $(bone_group13) { transformation: [-2.507780556115794f,-1.9240665037139375f,-0.6379402319000782f,0.9148495081327523f,-1.7958124732490874f,2.0106888636193245f,-0.44320208993489274f,0.9546905197619764f,1.71271430450319f,0.24042116679685605f,-1.398786677088618f,0.4051102009251852f,0f,0f,0f,1f], start_interpolation: 0, interpolation_duration: 1 }
$data merge entity $(bone_group14) { transformation: [-2.507780556115794f,-1.9240665037139375f,-0.6379402319000782f,0.9148495081327523f,-1.7958124732490874f,2.0106888636193245f,-0.44320208993489274f,0.9546905197619764f,1.71271430450319f,0.24042116679685605f,-1.398786677088618f,0.4051102009251852f,0f,0f,0f,1f], start_interpolation: 0, interpolation_duration: 1 }
$data merge entity $(bone_group15) { transformation: [-2.4214671025628807f,-2.0316230702451046f,-0.6379402319000782f,0.9744060760550242f,-1.881808274107397f,1.9304428934471791f,-0.44320208993489274f,0.8839842358172909f,1.7005971559863822f,0.31489988781331085f,-1.398786677088618f,0.40035153540118495f,0f,0f,0f,1f], start_interpolation: 0, interpolation_duration: 1 }
$data merge entity $(bone_group16) { transformation: [-2.4214671025628807f,-2.0316230702451046f,-0.6379402319000782f,0.9744060760550242f,-1.881808274107397f,1.9304428934471791f,-0.44320208993489274f,0.8839842358172909f,1.7005971559863822f,0.31489988781331085f,-1.398786677088618f,0.40035153540118495f,0f,0f,0f,1f], start_interpolation: 0, interpolation_duration: 1 }
$data merge entity $(bone_group17) { transformation: [-2.2351850715062325f,-2.234936894961935f,-0.6379402319000782f,1.0864328662142448f,-2.0428966097012946f,1.7590865775824491f,-0.44320208993489274f,0.8055633089117223f,1.6666805367700117f,0.46191840691385405f,-1.398786677088618f,0.37410730645955537f,0f,0f,0f,1f], start_interpolation: 0, interpolation_duration: 1 }
$data merge entity $(bone_group18) { transformation: [-2.2351850715062325f,-2.234936894961935f,-0.6379402319000782f,1.0864328662142448f,-2.0428966097012946f,1.7590865775824491f,-0.44320208993489274f,0.8055633089117223f,1.6666805367700117f,0.46191840691385405f,-1.398786677088618f,0.37410730645955537f,0f,0f,0f,1f], start_interpolation: 0, interpolation_duration: 1 }
$data merge entity $(bone_group19) { transformation: [-2.2351850715062325f,-2.234936894961935f,-0.6379402319000782f,1.1371005544260004f,-2.0428966097012946f,1.7590865775824491f,-0.44320208993489274f,0.6903614677816027f,1.6666805367700117f,0.46191840691385405f,-1.398786677088618f,0.3875008712485495f,0f,0f,0f,1f], start_interpolation: 0, interpolation_duration: 1 }
$data merge entity $(bone_group20) { transformation: [-2.2351850715062325f,-2.234936894961935f,-0.6379402319000782f,1.1371005544260004f,-2.0428966097012946f,1.7590865775824491f,-0.44320208993489274f,0.6903614677816027f,1.6666805367700117f,0.46191840691385405f,-1.398786677088618f,0.3875008712485495f,0f,0f,0f,1f], start_interpolation: 0, interpolation_duration: 1 }
$data merge entity $(bone_bone11) { transformation: [-0.825270280728653f,-0.021201901594644967f,-0.3987126449375489f,0.5378049326134511f,0.09515107056876654f,1.43255327380081f,-0.27700130620930796f,1.1687647971044188f,0.346230035548142f,-0.444231467921119f,-0.8742416731803861f,0.45192201140100713f,0f,0f,0f,1f], start_interpolation: 0, interpolation_duration: 1 }
$data merge entity $(bone_3) { transformation: [-0.8250807726175385f,-0.40033728957436593f,-0.3987126449375489f,0.5854052913901484f,-0.3077974982816012f,0.9102367694231677f,-0.27700130620930796f,1.40175f,0.47381686199251427f,-0.10582569709822531f,-0.8742416731803861f,0.3563922819915998f,0f,0f,0f,1f], start_interpolation: 0, interpolation_duration: 1 }
$data merge entity $(bone_8) { transformation: [-0.8512159640823818f,0.10062676219181313f,-0.5150782826154618f,0.06591949233916972f,0.1019406520809417f,0.9944555450209916f,0.02581225349160679f,0.3860919713371757f,0.51481985776057f,-0.03053561376155485f,-0.8567543932467411f,0.6117721687923323f,0f,0f,0f,1f], start_interpolation: 0, interpolation_duration: 1 }
$data merge entity $(bone_7) { transformation: [-0.8512159640823818f,0.026369547344904223f,-0.5241526776275459f,0.07705585104696927f,0.1019406520809417f,0.9880224347400495f,-0.11584373916469172f,0.761125f,0.51481985776057f,-0.1520405058633047f,-0.8437085981736921f,0.5559241575966887f,0f,0f,0f,1f], start_interpolation: 0, interpolation_duration: 1 }