# This file was generated by Animated Java via MC-Build. It is not recommended to edit this file directly.
$data merge entity $(bone_layer) { transformation: [-0.8571799943129115f,-0.0342903478963836f,-0.5138741376941071f,0.28583059822670925f,-0.08395976739489933f,0.9937369768825983f,0.07373993650138685f,1.3569850699813277f,0.5081271640138043f,0.10635315142194494f,-0.854690465826026f,0.5566971054021305f,0f,0f,0f,1f], start_interpolation: 0, interpolation_duration: 1 }
$data merge entity $(bone_head) { transformation: [-0.8571799943129115f,-0.0342903478963836f,-0.5138741376941071f,0.28583059822670925f,-0.08395976739489933f,0.9937369768825983f,0.07373993650138685f,1.3569850699813277f,0.5081271640138043f,0.10635315142194494f,-0.854690465826026f,0.5566971054021305f,0f,0f,0f,1f], start_interpolation: 0, interpolation_duration: 1 }
$data merge entity $(bone_6) { transformation: [-0.6683027981759919f,-0.1621715929498215f,-0.7259970691333795f,0.3488461211418957f,-0.10039185506459482f,0.9866814700459142f,-0.12798887492560812f,0.39798735385411615f,0.7370840151480895f,-0.012651130706422098f,-0.6756826943950985f,0.4368167758910643f,0f,0f,0f,1f], start_interpolation: 0, interpolation_duration: 1 }
$data merge entity $(bone_12) { transformation: [-0.6746756437566196f,-0.23219290596039652f,-0.7006420128305593f,0.26177378140674706f,-0.09064193496715699f,0.9681108835495175f,-0.23354947394156622f,0.7610289351851852f,0.7325276891333193f,-0.09406259391830052f,-0.6742072478684579f,0.4015433031717016f,0f,0f,0f,1f], start_interpolation: 0, interpolation_duration: 1 }
$data merge entity $(bone_group3) { transformation: [1.2036871368696345f,-0.10688950249819369f,0.28977262704791196f,-1.0388704652308383f,0.2911887088003824f,0.8162554804575293f,-0.3916242338804127f,1.67971059839796f,-0.2644322957996943f,0.43986969495403194f,0.796597263614201f,1.1199982428883675f,0f,0f,0f,1f], start_interpolation: 0, interpolation_duration: 1 }
$data merge entity $(bone_group1) { transformation: [1.232780142327361f,-0.10001858379493146f,0.12043947930377855f,-0.982851970470457f,0.23123792994985037f,0.8003360956470709f,-0.45872057707183433f,1.7260021379471722f,-0.1500293855665626f,0.4697597671562764f,0.8091933839486601f,1.0447802543899465f,0f,0f,0f,1f], start_interpolation: 0, interpolation_duration: 1 }
$data merge entity $(bone_group4) { transformation: [1.184455612637379f,-0.12150369411592425f,0.17762337916253731f,-1.019855643295699f,0.2622727982706819f,0.771498368106414f,-0.42987534093621765f,1.6959324771683244f,-0.17622976696946366f,0.45634461617937133f,0.7768030750575792f,1.0658446365271386f,0f,0f,0f,1f], start_interpolation: 0, interpolation_duration: 1 }
$data merge entity $(bone_group2) { transformation: [1.1660719138424585f,-0.10354920554512514f,0.2807172324526647f,-1.0388704652308383f,0.28208906165037045f,0.7907474966932315f,-0.37938597657164985f,1.67971059839796f,-0.2561687865559539f,0.42612376698671844f,0.7717035991262573f,1.1199982428883675f,0f,0f,0f,1f], start_interpolation: 0, interpolation_duration: 1 }
$data merge entity $(bone_10) { transformation: [-0.7867923914850061f,0.245439986903025f,-0.5663187667121301f,0.2080533580349868f,0.015423146829047382f,0.9250664298574689f,0.37949206433421806f,1.058307586152941f,0.6170250069836672f,0.289847051356055f,-0.7316206855857795f,0.5166683405946804f,0f,0f,0f,1f], start_interpolation: 0, interpolation_duration: 1 }
$data merge entity $(bone_9) { transformation: [-0.7867923914850061f,0.245439986903025f,-0.5663187667121301f,0.3000933531236212f,0.015423146829047382f,0.9250664298574689f,0.37949206433421806f,1.4052074973494917f,0.6170250069836672f,0.289847051356055f,-0.7316206855857795f,0.625360984853201f,0f,0f,0f,1f], start_interpolation: 0, interpolation_duration: 1 }
$data merge entity $(bone_bone12) { transformation: [-0.6840454266002844f,0.9889420160134348f,-0.5978017297884043f,0.11525509224838962f,0.8447171426520423f,1.1008568131780658f,0.3798053453425276f,1.8604555952673065f,1.033699571082916f,-0.2451692595794115f,-0.7059610410718393f,0.4070802329330385f,0f,0f,0f,1f], start_interpolation: 0, interpolation_duration: 1 }
$data merge entity $(bone_bone1) { transformation: [0.5996507676417977f,-0.9341305450666575f,0.7371997118656283f,0.3227424100480918f,-0.6104229910921737f,1.2531879335273997f,0.6729680486699764f,0.5283119711295067f,-0.5174965978754702f,-2.560648380397979f,0.06042011498299743f,1.588041798245015f,0f,0f,0f,1f], start_interpolation: 0, interpolation_duration: 1 }
$data merge entity $(bone_2) { transformation: [0.737142739068234f,-0.3172851266762005f,0.5966160663517605f,-0.02945908408755369f,-0.2588190451025206f,0.6830127018922192f,0.6830127018922194f,1.040571497548671f,-0.6242061231125502f,-0.6578934544772107f,0.42135842037965926f,0.9597152230299983f,0f,0f,0f,1f], start_interpolation: 0, interpolation_duration: 1 }
$data merge entity $(bone_bone2) { transformation: [1.4209711432413723f,-0.3930651719537337f,0.6757108813450259f,0.1551983946355328f,-0.023141524625886256f,1.913634654331585f,0.2904594978560801f,0.9182904966669551f,-1.4072332713211744f,-0.42837154473449457f,0.6775308737888789f,0.8279760019339306f,0f,0f,0f,1f], start_interpolation: 0, interpolation_duration: 1 }
$data merge entity $(bone_1) { transformation: [0.737142739068234f,-0.005948703296447866f,0.6757108813450259f,-0.03168984782372164f,-0.2588190451025206f,0.9212198336973717f,0.2904594978560801f,1.3860289351851853f,-0.6242061231125502f,-0.38899695491311703f,0.6775308737888789f,0.8138413649375795f,0f,0f,0f,1f], start_interpolation: 0, interpolation_duration: 1 }
$data merge entity $(bone_4) { transformation: [-0.8251482852451488f,-0.5609713233680839f,0.06664444249636481f,0.6919047722838421f,-0.30561956322779477f,0.3440704308313335f,-0.8878131679582099f,1.122659831906388f,0.47510734569088975f,-0.7529453585660789f,-0.45535293683510614f,0.3630203310194308f,0f,0f,0f,1f], start_interpolation: 0, interpolation_duration: 1 }
$data merge entity $(bone_group5) { transformation: [-3.3005931409805953f,-1.0782462343864787f,-1.5982466378227058f,0.7235901924452777f,-1.222478252911179f,2.4581411558697264f,-1.1151845074454514f,0.9166858272682639f,1.900429382763559f,-0.29142257265150956f,-3.4931320042394707f,0.5611213194241278f,0f,0f,0f,1f], start_interpolation: 0, interpolation_duration: 1 }
$data merge entity $(bone_group7) { transformation: [-3.3005931409805953f,-1.0782462343864787f,-1.5982466378227058f,0.7235901924452777f,-1.222478252911179f,2.4581411558697264f,-1.1151845074454514f,0.9166858272682639f,1.900429382763559f,-0.29142257265150956f,-3.4931320042394707f,0.5611213194241278f,0f,0f,0f,1f], start_interpolation: 0, interpolation_duration: 1 }
$data merge entity $(bone_group6) { transformation: [-2.31927439045263f,-2.584085201003898f,-1.5982466378227058f,1.08331077540795f,-2.287767800529962f,1.517573560615637f,-1.1151845074454514f,0.9617991129894202f,1.7915314098973776f,0.6978353402293559f,-3.4931320042394707f,0.3821324209705077f,0f,0f,0f,1f], start_interpolation: 0, interpolation_duration: 1 }
$data merge entity $(bone_group8) { transformation: [-2.31927439045263f,-2.584085201003898f,-1.5982466378227058f,1.08331077540795f,-2.287767800529962f,1.517573560615637f,-1.1151845074454514f,0.9617991129894202f,1.7915314098973776f,0.6978353402293559f,-3.4931320042394707f,0.3821324209705077f,0f,0f,0f,1f], start_interpolation: 0, interpolation_duration: 1 }
$data merge entity $(bone_group9) { transformation: [-2.31927439045263f,-2.584085201003898f,-1.5982466378227058f,1.1338535676448163f,-2.287767800529962f,1.517573560615637f,-1.1151845074454514f,0.8465737463080268f,1.7915314098973776f,0.6978353402293559f,-3.4931320042394707f,0.39579285406354725f,0f,0f,0f,1f], start_interpolation: 0, interpolation_duration: 1 }
$data merge entity $(bone_group10) { transformation: [-2.31927439045263f,-2.584085201003898f,-1.5982466378227058f,1.1338535676448163f,-2.287767800529962f,1.517573560615637f,-1.1151845074454514f,0.8465737463080268f,1.7915314098973776f,0.6978353402293559f,-3.4931320042394707f,0.39579285406354725f,0f,0f,0f,1f], start_interpolation: 0, interpolation_duration: 1 }
$data merge entity $(bone_group11) { transformation: [-2.31927439045263f,-2.584085201003898f,-1.5982466378227058f,1.1843963598816825f,-2.287767800529962f,1.517573560615637f,-1.1151845074454514f,0.7313483796266335f,1.7915314098973776f,0.6978353402293559f,-3.4931320042394707f,0.40945328715658674f,0f,0f,0f,1f], start_interpolation: 0, interpolation_duration: 1 }
$data merge entity $(bone_group12) { transformation: [-2.31927439045263f,-2.584085201003898f,-1.5982466378227058f,1.1843963598816825f,-2.287767800529962f,1.517573560615637f,-1.1151845074454514f,0.7313483796266335f,1.7915314098973776f,0.6978353402293559f,-3.4931320042394707f,0.40945328715658674f,0f,0f,0f,1f], start_interpolation: 0, interpolation_duration: 1 }
$data merge entity $(bone_group13) { transformation: [-2.5088135674952157f,-1.9215984601820313f,-0.6392986551290823f,0.9147913581570236f,-1.7884857101203864f,2.0135252173083784f,-0.44607380297818056f,0.9543412407747272f,1.7188570021402012f,0.2363884758823941f,-1.3972528016957884f,0.4079409204695402f,0f,0f,0f,1f], start_interpolation: 0, interpolation_duration: 1 }
$data merge entity $(bone_group14) { transformation: [-2.5088135674952157f,-1.9215984601820313f,-0.6392986551290823f,0.9147913581570236f,-1.7884857101203864f,2.0135252173083784f,-0.44607380297818056f,0.9543412407747272f,1.7188570021402012f,0.2363884758823941f,-1.3972528016957884f,0.4079409204695402f,0f,0f,0f,1f], start_interpolation: 0, interpolation_duration: 1 }
$data merge entity $(bone_group15) { transformation: [-2.422606785291218f,-2.029202435067279f,-0.6392986551290823f,0.9742633827070992f,-1.8746122044439848f,1.9335961364750505f,-0.44607380297818056f,0.8835541220384892f,1.706909910643476f,0.3111389758347253f,-1.3972528016957884f,0.403328937549696f,0f,0f,0f,1f], start_interpolation: 0, interpolation_duration: 1 }
$data merge entity $(bone_group16) { transformation: [-2.422606785291218f,-2.029202435067279f,-0.6392986551290823f,0.9742633827070992f,-1.8746122044439848f,1.9335961364750505f,-0.44607380297818056f,0.8835541220384892f,1.706909910643476f,0.3111389758347253f,-1.3972528016957884f,0.403328937549696f,0f,0f,0f,1f], start_interpolation: 0, interpolation_duration: 1 }
$data merge entity $(bone_group17) { transformation: [-2.236531389654554f,-2.2326248009264558f,-0.6392986551290823f,1.086183664151786f,-2.0360027464936623f,1.7628550003649879f,-0.44607380297818056f,0.8049362853351705f,1.6732970545666648f,0.4587219991617202f,-1.3972528016957884f,0.3772197553281152f,0f,0f,0f,1f], start_interpolation: 0, interpolation_duration: 1 }
$data merge entity $(bone_group18) { transformation: [-2.236531389654554f,-2.2326248009264558f,-0.6392986551290823f,1.086183664151786f,-2.0360027464936623f,1.7628550003649879f,-0.44607380297818056f,0.8049362853351705f,1.6732970545666648f,0.4587219991617202f,-1.3972528016957884f,0.3772197553281152f,0f,0f,0f,1f], start_interpolation: 0, interpolation_duration: 1 }
$data merge entity $(bone_group19) { transformation: [-2.236531389654554f,-2.2326248009264558f,-0.6392986551290823f,1.136726456388652f,-2.0360027464936623f,1.7628550003649879f,-0.44607380297818056f,0.6897109186537771f,1.6732970545666648f,0.4587219991617202f,-1.3972528016957884f,0.3908801884211547f,0f,0f,0f,1f], start_interpolation: 0, interpolation_duration: 1 }
$data merge entity $(bone_group20) { transformation: [-2.236531389654554f,-2.2326248009264558f,-0.6392986551290823f,1.136726456388652f,-2.0360027464936623f,1.7628550003649879f,-0.44607380297818056f,0.6897109186537771f,1.6732970545666648f,0.4587219991617202f,-1.3972528016957884f,0.3908801884211547f,0f,0f,0f,1f], start_interpolation: 0, interpolation_duration: 1 }
$data merge entity $(bone_bone11) { transformation: [-0.8249500011748117f,-0.019817542665625965f,-0.39956165945567645f,0.5380225492116357f,0.09699826311396467f,1.4314253190701482f,-0.27879612686136285f,1.1689712775841616f,0.3464806380081757f,-0.4479160869265804f,-0.8732830010598677f,0.4544271082385758f,0f,0f,0f,1f], start_interpolation: 0, interpolation_duration: 1 }
$data merge entity $(bone_3) { transformation: [-0.8251482852451488f,-0.3993504571801773f,-0.39956165945567645f,0.5858339071664668f,-0.30561956322779477f,0.9104226503221209f,-0.27879612686136285f,1.4016539351851853f,0.47510734569088975f,-0.10793428616722575f,-0.8732830010598677f,0.3582674335966565f,0f,0f,0f,1f], start_interpolation: 0, interpolation_duration: 1 }
$data merge entity $(bone_8) { transformation: [-0.8512125066779074f,0.10043911995987127f,-0.5151206185514225f,0.065337966934617f,0.10176688452102632f,0.9944752268901674f,0.02573954771619026f,0.3857277709867582f,0.5148599515305088f,-0.030512395570268372f,-0.8567311270326098f,0.6129982623259125f,0f,0f,0f,1f], start_interpolation: 0, interpolation_duration: 1 }
$data merge entity $(bone_7) { transformation: [-0.8512125066779074f,0.027547470731518503f,-0.5240977059016856f,0.07696438390220553f,0.10176688452102632f,0.9883311265848326f,-0.11333616121273796f,0.7610289351851852f,0.5148599515305088f,-0.14980894859737776f,-0.8440832359608563f,0.5580383093856851f,0f,0f,0f,1f], start_interpolation: 0, interpolation_duration: 1 }