# This file was generated by Animated Java via MC-Build. It is not recommended to edit this file directly.
$data merge entity $(bone_layer) { transformation: [-0.9926574663405601f,0.04455769550853862f,-0.11245339607725566f,0.5625000000000006f,-0.0023917570306852473f,0.9222674158018566f,0.3865450727256417f,1.203125f,0.12093566064914826f,0.3839758137189552f,-0.915389065076823f,-4.1875f,0f,0f,0f,1f], start_interpolation: 0, interpolation_duration: 1 }
$data merge entity $(bone_head) { transformation: [-0.9926574663405601f,0.04455769550853862f,-0.11245339607725566f,0.5625000000000006f,-0.0023917570306852473f,0.9222674158018566f,0.3865450727256417f,1.203125f,0.12093566064914826f,0.3839758137189552f,-0.915389065076823f,-4.1875f,0f,0f,0f,1f], start_interpolation: 0, interpolation_duration: 1 }
$data merge entity $(bone_6) { transformation: [-0.8785080088501064f,0.006865029437677889f,-0.4776782910673681f,0.7412584470604789f,-0.11365761682448831f,0.9681826859141061f,0.22294446132148102f,0.08313412088379823f,0.46401037113840393f,0.2501502709712052f,-0.8497759807202327f,-4.226469435132548f,0f,0f,0f,1f], start_interpolation: 0, interpolation_duration: 1 }
$data merge entity $(bone_12) { transformation: [-0.8697011982795223f,-0.16232061350946572f,-0.4661242797163367f,0.6803882169944293f,-0.13647403940414488f,0.9866423443098714f,-0.08894785541786307f,0.453125f,0.4743360225408556f,-0.01374419312407324f,-0.880236578923808f,-4.231623507554075f,0f,0f,0f,1f], start_interpolation: 0, interpolation_duration: 1 }
$data merge entity $(bone_group3) { transformation: [1.216086275615463f,-0.22587069246446384f,0.05411586895035099f,-0.6727824497894516f,0.3484140906422958f,0.8255764033996824f,-0.3732622676867755f,1.2947000777596098f,0.016983162935872587f,0.3728640764741522f,0.8557132672247136f,-3.899931590532043f,0f,0f,0f,1f], start_interpolation: 0, interpolation_duration: 1 }
$data merge entity $(bone_group1) { transformation: [1.1448139315926162f,-0.24680968893242866f,0.4016191805771357f,-0.8126347323601326f,0.44005803800914883f,0.8427223895365139f,-0.1961157674551794f,1.1962748943841734f,-0.24292202614964511f,0.31654824935360903f,0.8440067168542791f,-3.746119756193142f,0f,0f,0f,1f], start_interpolation: 0, interpolation_duration: 1 }
$data merge entity $(bone_group4) { transformation: [1.1541871877860594f,-0.1866132986447738f,0.26746117526306884f,-0.7430589870200859f,0.36672484421476587f,0.831817777546391f,-0.24065002684016948f,1.2592826817851044f,-0.15846280836711266f,0.3054454827935779f,0.836380532289973f,-3.7966302458117696f,0f,0f,0f,1f], start_interpolation: 0, interpolation_duration: 1 }
$data merge entity $(bone_group2) { transformation: [1.1780835795024798f,-0.21881223332494937f,0.05242474804565253f,-0.6727824497894516f,0.3375261503097241f,0.7997771407934424f,-0.3615978218215638f,1.2947000777596098f,0.01645243909412657f,0.361212074084335f,0.8289722276239414f,-3.899931590532043f,0f,0f,0f,1f], start_interpolation: 0, interpolation_duration: 1 }
$data merge entity $(bone_10) { transformation: [-0.9043087628143262f,0.10636324754657973f,-0.4134156758863501f,0.5768624735628324f,-0.026129262573088778f,0.9528531701443672f,0.30230464399875845f,0.7620650611958621f,0.4260785410398055f,0.284178985354608f,-0.8588942782136904f,-4.1491266590348275f,0f,0f,0f,1f], start_interpolation: 0, interpolation_duration: 1 }
$data merge entity $(bone_9) { transformation: [-0.9043087628143262f,0.10636324754657973f,-0.4134156758863501f,0.6167486913927998f,-0.026129262573088778f,0.9528531701443672f,0.30230464399875845f,1.1193849999999999f,0.4260785410398055f,0.284178985354608f,-0.8588942782136904f,-4.04255953952685f,0f,0f,0f,1f], start_interpolation: 0, interpolation_duration: 1 }
$data merge entity $(bone_bone12) { transformation: [-1.0173977076458884f,0.9817786276801316f,-0.3340077382386416f,0.5038588207717002f,0.8700903862388619f,1.1339238680116897f,0.30343176522214926f,1.5499030129548048f,0.676642168543758f,0.01809386039313171f,-0.8923945285863633f,-4.344176212860068f,0f,0f,0f,1f], start_interpolation: 0, interpolation_duration: 1 }
$data merge entity $(bone_bone1) { transformation: [0.7391862926719602f,-0.014483410857525636f,0.6734837169806684f,0.2834447029479734f,-0.6104229910921737f,1.2531879335273997f,0.6729680486699764f,0.34540803594432123f,-0.2845828467634102f,-2.725676105862773f,0.3058327785428288f,-3.207637712007125f,0f,0f,0f,1f], start_interpolation: 0, interpolation_duration: 1 }
$data merge entity $(bone_2) { transformation: [0.9046377232181808f,-0.07646466961521706f,0.4192657200764941f,0.1641299020250967f,-0.2588190451025206f,0.6830127018922192f,0.6830127018922194f,0.8576675623634856f,-0.33859015287341837f,-0.7263930088832944f,0.5980885427949851f,-3.9179926626293806f,0f,0f,0f,1f], start_interpolation: 0, interpolation_duration: 1 }
$data merge entity $(bone_bone2) { transformation: [1.8127294170535488f,-0.22530523751570555f,0.4072006908444196f,0.3824286844222533f,-0.023141524625886256f,1.913634654331585f,0.2904594978560801f,0.7353865614817697f,-0.8446753994208002f,-0.5359477210411727f,0.8659219811744131f,-3.979630706297919f,0f,0f,0f,1f], start_interpolation: 0, interpolation_duration: 1 }
$data merge entity $(bone_1) { transformation: [0.9046377232181808f,0.12577037451821793f,0.4072006908444196f,0.21129379246942842f,-0.2588190451025206f,0.9212198336973717f,0.2904594978560801f,1.203125f,-0.33859015287341837f,-0.36815191279705983f,0.8659219811744131f,-4.056049629928278f,0f,0f,0f,1f], start_interpolation: 0, interpolation_duration: 1 }
$data merge entity $(bone_4) { transformation: [-0.8548667437601878f,-0.42073872369466075f,0.3036145200688551f,1.024492686975598f,-0.5002199072880789f,0.5129415814905797f,-0.6976180748308122f,0.8883506341103122f,0.13777842634302037f,-0.7482445190990247f,-0.6489585848671008f,-4.341307580180956f,0f,0f,0f,1f], start_interpolation: 0, interpolation_duration: 1 }
$data merge entity $(bone_group5) { transformation: [-3.419466975040751f,-1.3779404662871113f,-0.3741110385202978f,1.0376359423037058f,-2.0008796291523154f,2.3180633866037423f,-0.45052302241994346f,0.6470854336190968f,0.5511137053720815f,-0.1336495681087189f,-3.956901557674497f,-4.185449901782667f,0f,0f,0f,1f], start_interpolation: 0, interpolation_duration: 1 }
$data merge entity $(bone_group7) { transformation: [-3.419466975040751f,-1.3779404662871113f,-0.3741110385202978f,1.0376359423037058f,-2.0008796291523154f,2.3180633866037423f,-0.45052302241994346f,0.6470854336190968f,0.5511137053720815f,-0.1336495681087189f,-3.956901557674497f,-4.185449901782667f,0f,0f,0f,1f], start_interpolation: 0, interpolation_duration: 1 }
$data merge entity $(bone_group6) { transformation: [-2.272375034643664f,-2.9030649362275884f,-0.3741110385202978f,1.4183566691932188f,-2.891844282062563f,1.0070619658052717f,-0.45052302241994346f,0.7735119613782464f,0.5441032532803545f,0.15981293149907155f,-3.956901557674497f,-4.2358403107975775f,0f,0f,0f,1f], start_interpolation: 0, interpolation_duration: 1 }
$data merge entity $(bone_group8) { transformation: [-2.272375034643664f,-2.9030649362275884f,-0.3741110385202978f,1.4183566691932188f,-2.891844282062563f,1.0070619658052717f,-0.45052302241994346f,0.7735119613782464f,0.5441032532803545f,0.15981293149907155f,-3.956901557674497f,-4.2358403107975775f,0f,0f,0f,1f], start_interpolation: 0, interpolation_duration: 1 }
$data merge entity $(bone_group9) { transformation: [-2.272375034643664f,-2.9030649362275884f,-0.3741110385202978f,1.482947628550427f,-2.891844282062563f,1.0070619658052717f,-0.45052302241994346f,0.6648527401311961f,0.5441032532803545f,0.15981293149907155f,-3.956901557674497f,-4.229575487292481f,0f,0f,0f,1f], start_interpolation: 0, interpolation_duration: 1 }
$data merge entity $(bone_group10) { transformation: [-2.272375034643664f,-2.9030649362275884f,-0.3741110385202978f,1.482947628550427f,-2.891844282062563f,1.0070619658052717f,-0.45052302241994346f,0.6648527401311961f,0.5441032532803545f,0.15981293149907155f,-3.956901557674497f,-4.229575487292481f,0f,0f,0f,1f], start_interpolation: 0, interpolation_duration: 1 }
$data merge entity $(bone_group11) { transformation: [-2.272375034643664f,-2.9030649362275884f,-0.3741110385202978f,1.5475385879076353f,-2.891844282062563f,1.0070619658052717f,-0.45052302241994346f,0.5561935188841456f,0.5441032532803545f,0.15981293149907155f,-3.956901557674497f,-4.223310663787385f,0f,0f,0f,1f], start_interpolation: 0, interpolation_duration: 1 }
$data merge entity $(bone_group12) { transformation: [-2.272375034643664f,-2.9030649362275884f,-0.3741110385202978f,1.5475385879076353f,-2.891844282062563f,1.0070619658052717f,-0.45052302241994346f,0.5561935188841456f,0.5441032532803545f,0.15981293149907155f,-3.956901557674497f,-4.223310663787385f,0f,0f,0f,1f], start_interpolation: 0, interpolation_duration: 1 }
$data merge entity $(bone_group13) { transformation: [-2.520728565373959f,-2.239593375367212f,-0.14964441540811912f,1.2532108815239167f,-2.4145006408267116f,1.669267846976375f,-0.1802092089679774f,0.7409588311185418f,0.5132350345742496f,0.021686920087041872f,-1.5827606230697988f,-4.263905503124276f,0f,0f,0f,1f], start_interpolation: 0, interpolation_duration: 1 }
$data merge entity $(bone_group14) { transformation: [-2.520728565373959f,-2.239593375367212f,-0.14964441540811912f,1.2532108815239167f,-2.4145006408267116f,1.669267846976375f,-0.1802092089679774f,0.7409588311185418f,0.5132350345742496f,0.021686920087041872f,-1.5827606230697988f,-4.263905503124276f,0f,0f,0f,1f], start_interpolation: 0, interpolation_duration: 1 }
$data merge entity $(bone_group15) { transformation: [-2.420639699346459f,-2.347414414463038f,-0.14964441540811912f,1.3232978344128996f,-2.4850150120599452f,1.5623600351194522f,-0.1802092089679774f,0.6804876775111786f,0.5118005783768695f,0.04405327672710285f,-1.5827606230697988f,-4.2636468805264f,0f,0f,0f,1f], start_interpolation: 0, interpolation_duration: 1 }
$data merge entity $(bone_group16) { transformation: [-2.420639699346459f,-2.347414414463038f,-0.14964441540811912f,1.3232978344128996f,-2.4850150120599452f,1.5623600351194522f,-0.1802092089679774f,0.6804876775111786f,0.5118005783768695f,0.04405327672710285f,-1.5827606230697988f,-4.2636468805264f,0f,0f,0f,1f], start_interpolation: 0, interpolation_duration: 1 }
$data merge entity $(bone_group17) { transformation: [-2.2068377876502536f,-2.549454444833226f,-0.14964441540811912f,1.4502102560915613f,-2.6117274289926056f,1.3398314543812662f,-0.1802092089679774f,0.623465609809987f,0.5060135266057075f,0.08849200025622551f,-1.5827606230697988f,-4.269153609281805f,0f,0f,0f,1f], start_interpolation: 0, interpolation_duration: 1 }
$data merge entity $(bone_group18) { transformation: [-2.2068377876502536f,-2.549454444833226f,-0.14964441540811912f,1.4502102560915613f,-2.6117274289926056f,1.3398314543812662f,-0.1802092089679774f,0.623465609809987f,0.5060135266057075f,0.08849200025622551f,-1.5827606230697988f,-4.269153609281805f,0f,0f,0f,1f], start_interpolation: 0, interpolation_duration: 1 }
$data merge entity $(bone_group19) { transformation: [-2.2068377876502536f,-2.549454444833226f,-0.14964441540811912f,1.5148012154487696f,-2.6117274289926056f,1.3398314543812662f,-0.1802092089679774f,0.5148063885629366f,0.5060135266057075f,0.08849200025622551f,-1.5827606230697988f,-4.262888785776709f,0f,0f,0f,1f], start_interpolation: 0, interpolation_duration: 1 }
$data merge entity $(bone_group20) { transformation: [-2.2068377876502536f,-2.549454444833226f,-0.14964441540811912f,1.5148012154487696f,-2.6117274289926056f,1.3398314543812662f,-0.1802092089679774f,0.5148063885629366f,0.5060135266057075f,0.08849200025622551f,-1.5827606230697988f,-4.262888785776709f,0f,0f,0f,1f], start_interpolation: 0, interpolation_duration: 1 }
$data merge entity $(bone_bone11) { transformation: [-0.8914094162884797f,-0.15187554002538473f,-0.09352775963007445f,0.8459973456720947f,-0.08146590446826568f,1.4842580449612282f,-0.11263075560498587f,0.894199296744058f,0.09355511189346738f,-0.1546346542980272f,-0.9892253894186243f,-4.293507017649302f,0f,0f,0f,1f], start_interpolation: 0, interpolation_duration: 1 }
$data merge entity $(bone_3) { transformation: [-0.8548667437601878f,-0.5103483208470783f,-0.09352775963007445f,0.8759057717125613f,-0.5002199072880789f,0.8585419950384231f,-0.11263075560498587f,1.14675f,0.13777842634302037f,-0.04949984004026625f,-0.9892253894186243f,-4.325089551773578f,0f,0f,0f,1f], start_interpolation: 0, interpolation_duration: 1 }
$data merge entity $(bone_8) { transformation: [-0.9515402793945058f,0.12249222109020615f,-0.28207579205279854f,0.429251451973761f,0.11771169211854189f,0.9924690220698295f,0.03389981962114291f,0.11376660415804923f,0.28410394968816466f,-0.0009465749544873003f,-0.9587930171666041f,-4.0023438523949535f,0f,0f,0f,1f], start_interpolation: 0, interpolation_duration: 1 }
$data merge entity $(bone_7) { transformation: [-0.9515402793945058f,0.007905358158870474f,-0.3074225138180442f,0.4306806034401925f,0.11771169211854189f,0.9329003493665248f,-0.3403540740029502f,0.453125f,0.28410394968816466f,-0.3600478349666834f,-0.8886228121691389f,-4.13816229443308f,0f,0f,0f,1f], start_interpolation: 0, interpolation_duration: 1 }