# This file was generated by Animated Java via MC-Build. It is not recommended to edit this file directly.
$data merge entity $(bone_layer) { transformation: [-0.8580690273262978f,-0.04674271192671775f,-0.5114026429585959f,0.2859290870994962f,-0.08709431849564106f,0.9946684767040179f,0.05521957204731291f,1.3567168059172454f,0.5060949753051114f,0.09192246914136078f,-0.8575652369574425f,0.5575188339319203f,0f,0f,0f,1f], start_interpolation: 0, interpolation_duration: 1 }
$data merge entity $(bone_head) { transformation: [-0.8580690273262978f,-0.04674271192671775f,-0.5114026429585959f,0.2859290870994962f,-0.08709431849564106f,0.9946684767040179f,0.05521957204731291f,1.3567168059172454f,0.5060949753051114f,0.09192246914136078f,-0.8575652369574425f,0.5575188339319203f,0f,0f,0f,1f], start_interpolation: 0, interpolation_duration: 1 }
$data merge entity $(bone_6) { transformation: [-0.6680159672535745f,-0.16393725144764193f,-0.7258644812098631f,0.3488515883734026f,-0.10021681801196589f,0.9863647829629559f,-0.13054158080089642f,0.39803417383615686f,0.7373677894252146f,-0.014460031750762561f,-0.6753366942495718f,0.4379277791814307f,0f,0f,0f,1f], start_interpolation: 0, interpolation_duration: 1 }
$data merge entity $(bone_12) { transformation: [-0.6745410209767293f,-0.23270161467005845f,-0.700602861505446f,0.26158848287213066f,-0.09025281805402223f,0.9678965240912359f,-0.23458633269099638f,0.7609953703703703f,0.7326996928162173f,-0.09500672177299306f,-0.673887886050024f,0.4023002585165583f,0f,0f,0f,1f], start_interpolation: 0, interpolation_duration: 1 }
$data merge entity $(bone_group3) { transformation: [1.2039043761649055f,-0.10679064314968534f,0.28971554601440586f,-1.0397699563153546f,0.2906528340608932f,0.8162394122756018f,-0.39173721194345035f,1.6804401947801195f,-0.2639569449519641f,0.43992700875999124f,0.7965856184398152f,1.12069835395537f,0f,0f,0f,1f], start_interpolation: 0, interpolation_duration: 1 }
$data merge entity $(bone_group1) { transformation: [1.2333651970493236f,-0.09985190666362971f,0.11646876602282526f,-0.9823883573524861f,0.22923517710230015f,0.7999029742990499f,-0.46020686284244783f,1.7277669692663924f,-0.14694342741326066f,0.4705380557462201f,0.8091719573518605f,1.0438742450979386f,0f,0f,0f,1f], start_interpolation: 0, interpolation_duration: 1 }
$data merge entity $(bone_group4) { transformation: [1.1849616350995145f,-0.12190231343057518f,0.17519714054214935f,-1.0203140853078658f,0.2612641979677402f,0.7710207793819147f,-0.43107234522324495f,1.6970233623796378f,-0.17392901000190467f,0.45708168151127637f,0.7767558085698306f,1.0653228793107183f,0f,0f,0f,1f], start_interpolation: 0, interpolation_duration: 1 }
$data merge entity $(bone_group2) { transformation: [1.1662823644097522f,-0.10345343555125767f,0.2806619352014557f,-1.0397699563153546f,0.2815699329964903f,0.7907319306419893f,-0.3794954240702175f,1.6804401947801195f,-0.25570829042221527f,0.4261792897362416f,0.7716923178635711f,1.12069835395537f,0f,0f,0f,1f], start_interpolation: 0, interpolation_duration: 1 }
$data merge entity $(bone_10) { transformation: [-0.7870937837520504f,0.24589679002640183f,-0.5657014621101771f,0.20802644683597968f,0.015797395947634f,0.9248408266077798f,0.38002616715262155f,1.058197394376828f,0.6166310224600723f,0.29017962384383617f,-0.7318209945373907f,0.5174649447435056f,0f,0f,0f,1f], start_interpolation: 0, interpolation_duration: 1 }
$data merge entity $(bone_9) { transformation: [-0.7870937837520504f,0.24589679002640183f,-0.5657014621101771f,0.30023774309588036f,0.015797395947634f,0.9248408266077798f,0.38002616715262155f,1.4050127043547453f,0.6166310224600723f,0.29017962384383617f,-0.7318209945373907f,0.6262823036849441f,0f,0f,0f,1f], start_interpolation: 0, interpolation_duration: 1 }
$data merge entity $(bone_bone12) { transformation: [-0.6833579387288266f,0.9892781696192321f,-0.5979039799132044f,0.115497498767104f,0.8445111348170377f,1.1005883385404838f,0.38035436824024854f,1.8604304987747853f,1.0343224210788091f,-0.24501839152096233f,-0.7055787591506081f,0.40827272900775186f,0f,0f,0f,1f], start_interpolation: 0, interpolation_duration: 1 }
$data merge entity $(bone_bone1) { transformation: [0.5994688357663986f,-0.9350305294357835f,0.7372209033877716f,0.3230325380028977f,-0.6104229910921737f,1.2531879335273997f,0.6729680486699764f,0.5282784063146916f,-0.5177073371036596f,-2.5603198847574418f,0.06016099298915989f,1.588727772730262f,0f,0f,0f,1f], start_interpolation: 0, interpolation_duration: 1 }
$data merge entity $(bone_2) { transformation: [0.736923291378012f,-0.3175163499888142f,0.5967641327311635f,-0.02938978482871009f,-0.2588190451025206f,0.6830127018922192f,0.6830127018922194f,1.040537932733856f,-0.6244651827898945f,-0.657781891316317f,0.4211486898228606f,0.9605250316006271f,0f,0f,0f,1f], start_interpolation: 0, interpolation_duration: 1 }
$data merge entity $(bone_bone2) { transformation: [1.4204764271662265f,-0.3932157159494602f,0.6759489848715329f,0.15522137748043438f,-0.023141524625886256f,1.913634654331585f,0.2904594978560801f,0.91825693185214f,-1.4077326414142208f,-0.4282333598303484f,0.6772933263781192f,0.8287209134015644f,0f,0f,0f,1f], start_interpolation: 0, interpolation_duration: 1 }
$data merge entity $(bone_1) { transformation: [0.736923291378012f,-0.006085431434263433f,0.6759489848715329f,-0.031671821616558876f,-0.2588190451025206f,0.9212198336973717f,0.2904594978560801f,1.3859953703703702f,-0.6244651827898945f,-0.3889948399745755f,0.6772933263781192f,0.8146519666101613f,0f,0f,0f,1f], start_interpolation: 0, interpolation_duration: 1 }
$data merge entity $(bone_4) { transformation: [-0.8253500631034767f,-0.5607140596242746f,0.06631000433383039f,0.6921131579537835f,-0.30413429012934173f,0.3425518630514419f,-0.8889097562112295f,1.1225518138637811f,0.47570958252132f,-0.7538288694787776f,-0.45325757427509117f,0.3642161528838824f,0f,0f,0f,1f], start_interpolation: 0, interpolation_duration: 1 }
$data merge entity $(bone_group5) { transformation: [-3.3014002524139068f,-1.0763382406998365f,-1.5994018869856332f,0.7236526283308266f,-1.216537160517367f,2.4584707255669116f,-1.1200761322720711f,0.9169020404903534f,1.90283833008528f,-0.2956648155220443f,-3.491037533717052f,0.5626769564804217f,0f,0f,0f,1f], start_interpolation: 0, interpolation_duration: 1 }
$data merge entity $(bone_group7) { transformation: [-3.3014002524139068f,-1.0763382406998365f,-1.5994018869856332f,0.7236526283308266f,-1.216537160517367f,2.4584707255669116f,-1.1200761322720711f,0.9169020404903534f,1.90283833008528f,-0.2956648155220443f,-3.491037533717052f,0.5626769564804217f,0f,0f,0f,1f], start_interpolation: 0, interpolation_duration: 1 }
$data merge entity $(bone_group6) { transformation: [-2.320927366300883f,-2.5828363857176617f,-1.5994018869856332f,1.0833942052921905f,-2.282787448439283f,1.5208295225426232f,-1.1200761322720711f,0.961417515635381f,1.7957387409096337f,0.6953659237953098f,-3.491037533717052f,0.38358060698337737f,0f,0f,0f,1f], start_interpolation: 0, interpolation_duration: 1 }
$data merge entity $(bone_group8) { transformation: [-2.320927366300883f,-2.5828363857176617f,-1.5994018869856332f,1.0833942052921905f,-2.282787448439283f,1.5208295225426232f,-1.1200761322720711f,0.961417515635381f,1.7957387409096337f,0.6953659237953098f,-3.491037533717052f,0.38358060698337737f,0f,0f,0f,1f], start_interpolation: 0, interpolation_duration: 1 }
$data merge entity $(bone_group9) { transformation: [-2.320927366300883f,-2.5828363857176617f,-1.5994018869856332f,1.1338475603249956f,-2.282787448439283f,1.5208295225426232f,-1.1200761322720711f,0.846176700374432f,1.7957387409096337f,0.6953659237953098f,-3.491037533717052f,0.3974398952109731f,0f,0f,0f,1f], start_interpolation: 0, interpolation_duration: 1 }
$data merge entity $(bone_group10) { transformation: [-2.320927366300883f,-2.5828363857176617f,-1.5994018869856332f,1.1338475603249956f,-2.282787448439283f,1.5208295225426232f,-1.1200761322720711f,0.846176700374432f,1.7957387409096337f,0.6953659237953098f,-3.491037533717052f,0.3974398952109731f,0f,0f,0f,1f], start_interpolation: 0, interpolation_duration: 1 }
$data merge entity $(bone_group11) { transformation: [-2.320927366300883f,-2.5828363857176617f,-1.5994018869856332f,1.1843009153578001f,-2.282787448439283f,1.5208295225426232f,-1.1200761322720711f,0.7309358851134831f,1.7957387409096337f,0.6953659237953098f,-3.491037533717052f,0.41129918343856897f,0f,0f,0f,1f], start_interpolation: 0, interpolation_duration: 1 }
$data merge entity $(bone_group12) { transformation: [-2.320927366300883f,-2.5828363857176617f,-1.5994018869856332f,1.1843009153578001f,-2.282787448439283f,1.5208295225426232f,-1.1200761322720711f,0.7309358851134831f,1.7957387409096337f,0.6953659237953098f,-3.491037533717052f,0.41129918343856897f,0f,0f,0f,1f], start_interpolation: 0, interpolation_duration: 1 }
$data merge entity $(bone_group13) { transformation: [-2.510080092531789f,-1.9199972070411189f,-0.6397607547942533f,0.9148710486703628f,-1.783485305169925f,2.015447402359426f,-0.4480304529088285f,0.9541374954190521f,1.722200377679043f,0.23299452293488182f,-1.3964150134868207f,0.40941545714394406f,0f,0f,0f,1f], start_interpolation: 0, interpolation_duration: 1 }
$data merge entity $(bone_group14) { transformation: [-2.510080092531789f,-1.9199972070411189f,-0.6397607547942533f,0.9148710486703628f,-1.783485305169925f,2.015447402359426f,-0.4480304529088285f,0.9541374954190521f,1.722200377679043f,0.23299452293488182f,-1.3964150134868207f,0.40941545714394406f,0f,0f,0f,1f], start_interpolation: 0, interpolation_duration: 1 }
$data merge entity $(bone_group15) { transformation: [-2.4239419505576194f,-2.027657951010726f,-0.6397607547942533f,0.9742870785368895f,-1.8697004033053666f,1.9357346066323686f,-0.4480304529088285f,0.8832956625623005f,1.7103981461779534f,0.3078940891711172f,-1.3964150134868207f,0.40492342175761425f,0f,0f,0f,1f], start_interpolation: 0, interpolation_duration: 1 }
$data merge entity $(bone_group16) { transformation: [-2.4239419505576194f,-2.027657951010726f,-0.6397607547942533f,0.9742870785368895f,-1.8697004033053666f,1.9357346066323686f,-0.4480304529088285f,0.8832956625623005f,1.7103981461779534f,0.3078940891711172f,-1.3964150134868207f,0.40492342175761425f,0f,0f,0f,1f], start_interpolation: 0, interpolation_duration: 1 }
$data merge entity $(bone_group17) { transformation: [-2.23799608486913f,-2.2312025614185145f,-0.6397607547942533f,1.0861434761279498f,-2.031296016196195f,1.7654134246742001f,-0.4480304529088285f,0.8045440738497888f,1.6770548268191052f,0.45579348003041137f,-1.3964150134868207f,0.3789438791124229f,0f,0f,0f,1f], start_interpolation: 0, interpolation_duration: 1 }
$data merge entity $(bone_group18) { transformation: [-2.23799608486913f,-2.2312025614185145f,-0.6397607547942533f,1.0861434761279498f,-2.031296016196195f,1.7654134246742001f,-0.4480304529088285f,0.8045440738497888f,1.6770548268191052f,0.45579348003041137f,-1.3964150134868207f,0.3789438791124229f,0f,0f,0f,1f], start_interpolation: 0, interpolation_duration: 1 }
$data merge entity $(bone_group19) { transformation: [-2.23799608486913f,-2.2312025614185145f,-0.6397607547942533f,1.1365968311607546f,-2.031296016196195f,1.7654134246742001f,-0.4480304529088285f,0.6893032585888398f,1.6770548268191052f,0.45579348003041137f,-1.3964150134868207f,0.3928031673400187f,0f,0f,0f,1f], start_interpolation: 0, interpolation_duration: 1 }
$data merge entity $(bone_group20) { transformation: [-2.23799608486913f,-2.2312025614185145f,-0.6397607547942533f,1.1365968311607546f,-2.031296016196195f,1.7654134246742001f,-0.4480304529088285f,0.6893032585888398f,1.6770548268191052f,0.45579348003041137f,-1.3964150134868207f,0.3928031673400187f,0f,0f,0f,1f], start_interpolation: 0, interpolation_duration: 1 }
$data merge entity $(bone_bone11) { transformation: [-0.8248458024095533f,-0.01872894707855366f,-0.3998504717464083f,0.5382746822560851f,0.09825619362231722f,1.4306497035358252f,-0.2800190330680178f,1.169144992674409f,0.34637425230838653f,-0.45043384898804406f,-0.872759383429263f,0.4555533664571544f,0f,0f,0f,1f], start_interpolation: 0, interpolation_duration: 1 }
$data merge entity $(bone_3) { transformation: [-0.8253500631034767f,-0.3986437928517913f,-0.3998504717464083f,0.5862611091929832f,-0.30413429012934173f,0.9105447131729302f,-0.2800190330680178f,1.4016203703703702f,0.47570958252132f,-0.10950548723038678f,-0.872759383429263f,0.35898044209452584f,0f,0f,0f,1f], start_interpolation: 0, interpolation_duration: 1 }
$data merge entity $(bone_8) { transformation: [-0.8513821145864265f,0.10032149204440079f,-0.514863179103274f,0.06499157702526202f,0.10164842873680176f,0.9944886181262418f,0.025690180083007635f,0.38551300961216056f,0.5146028487073154f,-0.03046287332710519f,-0.856887344667298f,0.6130948065483642f,0f,0f,0f,1f], start_interpolation: 0, interpolation_duration: 1 }
$data merge entity $(bone_7) { transformation: [-0.8513821145864265f,0.028399816716457013f,-0.5237766178179554f,0.07697034187681351f,0.10164842873680176f,0.9885378685073719f,-0.11162651773768284f,0.7609953703703703f,0.5146028487073154f,-0.14827789092569915f,-0.8445102575842063f,0.558744765715386f,0f,0f,0f,1f], start_interpolation: 0, interpolation_duration: 1 }