# This file was generated by Animated Java via MC-Build. It is not recommended to edit this file directly.
$data merge entity $(bone_layer) { transformation: [-0.858981845888759f,-0.05864466869433438f,-0.5086364037967319f,0.286087827777168f,-0.09009855700874446f,0.9952299942157027f,0.03741000719532644f,1.3566408195495607f,0.5040163077306947f,0.07796192305955588f,-0.8601682975408786f,0.5568301991835827f,0f,0f,0f,1f], start_interpolation: 0, interpolation_duration: 1 }
$data merge entity $(bone_head) { transformation: [-0.858981845888759f,-0.05864466869433438f,-0.5086364037967319f,0.286087827777168f,-0.09009855700874446f,0.9952299942157027f,0.03741000719532644f,1.3566408195495607f,0.5040163077306947f,0.07796192305955588f,-0.8601682975408786f,0.5568301991835827f,0f,0f,0f,1f], start_interpolation: 0, interpolation_duration: 1 }
$data merge entity $(bone_6) { transformation: [-0.6682797085823451f,-0.16477032081713605f,-0.7254329551894608f,0.3490308113208979f,-0.10013298235251578f,0.9862115545351549f,-0.13175794301120575f,0.3981085191462781f,0.7371401609885917f,-0.01541139445901818f,-0.6755641138918955f,0.43741126342942777f,0f,0f,0f,1f], start_interpolation: 0, interpolation_duration: 1 }
$data merge entity $(bone_12) { transformation: [-0.6748748502297357f,-0.2328920616288861f,-0.7002179833149382f,0.26169628821006563f,-0.0900670768594291f,0.9677939489432585f,-0.2350803991293427f,0.76103125f,0.7324150859952228f,-0.0955832622327807f,-0.674115703561006f,0.401567540092135f,0f,0f,0f,1f], start_interpolation: 0, interpolation_duration: 1 }
$data merge entity $(bone_group3) { transformation: [1.2041507829779203f,-0.10698198700421485f,0.2892556799034523f,-1.0403923298690767f,0.2903968338086526f,0.8162319970437945f,-0.3917909870383498f,1.680840874692463f,-0.26307661028693907f,0.4398959590757243f,0.7967374946120318f,1.1192307635161987f,0f,0f,0f,1f], start_interpolation: 0, interpolation_duration: 1 }
$data merge entity $(bone_group1) { transformation: [1.2337180387117779f,-0.10002918746083903f,0.11413616718291214f,-0.9823176480210997f,0.22827859476036044f,0.7996959621673725f,-0.46091259787090966f,1.7286606648118827f,-0.1448029166726882f,0.47085496668308996f,0.8092194440847449f,1.0416743993050737f,0f,0f,0f,1f], start_interpolation: 0, interpolation_duration: 1 }
$data merge entity $(bone_group4) { transformation: [1.1852943798658586f,-0.12234161907992926f,0.17361861780930396f,-1.0206957460551243f,0.260782353337524f,0.7707930629795293f,-0.43164174123648047f,1.6975960872326865f,-0.17218863832062695f,0.45736611522313636f,0.7768255280097768f,1.0632837821111847f,0f,0f,0f,1f], start_interpolation: 0, interpolation_duration: 1 }
$data merge entity $(bone_group2) { transformation: [1.1665210710098604f,-0.10363879991033315f,0.28021643990646944f,-1.0403923298690767f,0.28132193275213224f,0.7907247471361759f,-0.3795475186934014f,1.680840874692463f,-0.2548554662154722f,0.42614921035460795f,0.7718394479054059f,1.1192307635161987f,0f,0f,0f,1f], start_interpolation: 0, interpolation_duration: 1 }
$data merge entity $(bone_10) { transformation: [-0.7875720087874774f,0.24595681481156956f,-0.5650093594111563f,0.20814719701286866f,0.01597612719621469f,0.924733181415224f,0.38028056293937607f,1.05819679387725f,0.6160154984529758f,0.29047166546399267f,-0.7322234066378281f,0.5167220294008352f,0f,0f,0f,1f], start_interpolation: 0, interpolation_duration: 1 }
$data merge entity $(bone_9) { transformation: [-0.7875720087874774f,0.24595681481156956f,-0.5650093594111563f,0.30038100256720723f,0.01597612719621469f,0.924733181415224f,0.38028056293937607f,1.404971736907959f,0.6160154984529758f,0.29047166546399267f,-0.7322234066378281f,0.6256489039498325f,0f,0f,0f,1f], start_interpolation: 0, interpolation_duration: 1 }
$data merge entity $(bone_bone12) { transformation: [-0.683592130754323f,0.9895713608595563f,-0.5975692690809365f,0.11580595197291296f,0.8444128394551684f,1.1004602375308632f,0.38061600490478376f,1.8604703582460593f,1.0342479177325061f,-0.24440905748372432f,-0.7057212094449173f,0.4076682702751789f,0f,0f,0f,1f], start_interpolation: 0, interpolation_duration: 1 }
$data merge entity $(bone_bone1) { transformation: [0.5996633119371446f,-0.9340684729238451f,0.7371982470241174f,0.32272240054438756f,-0.6104229910921737f,1.2531879335273997f,0.6729680486699764f,0.5283142859443212f,-0.5174820617786264f,-2.5606710236090535f,0.060437985190544774f,1.5879944845961966f,0f,0f,0f,1f], start_interpolation: 0, interpolation_duration: 1 }
$data merge entity $(bone_2) { transformation: [0.7371578700350718f,-0.31726917879561f,0.5966058521601301f,-0.029463862421787525f,-0.2588190451025206f,0.6830127018922192f,0.6830127018922194f,1.0405738123634856f,-0.6241882540849154f,-0.6579011454924284f,0.4213728826374271f,0.9596593719606433f,0f,0f,0f,1f], start_interpolation: 0, interpolation_duration: 1 }
$data merge entity $(bone_bone2) { transformation: [1.4210052551210024f,-0.39305478781897585f,0.6756944573346508f,0.1551968096958816f,-0.023141524625886256f,1.913634654331585f,0.2904594978560801f,0.9182928114817698f,-1.4071988255951902f,-0.4283810727772822f,0.6775472532838024f,0.827924627126881f,0f,0f,0f,1f], start_interpolation: 0, interpolation_duration: 1 }
$data merge entity $(bone_1) { transformation: [0.7371578700350718f,-0.0059392737424185105f,0.6756944573346508f,-0.03169109007519447f,-0.2588190451025206f,0.9212198336973717f,0.2904594978560801f,1.38603125f,-0.6241882540849154f,-0.3889970989994648f,0.6775472532838024f,0.813785459835844f,0f,0f,0f,1f], start_interpolation: 0, interpolation_duration: 1 }
$data merge entity $(bone_4) { transformation: [-0.8257039617223135f,-0.5601825887439179f,0.06639604554669501f,0.6924292064937805f,-0.3034260871043251f,0.3418268304735206f,-0.8894307323411901f,1.1225526005995017f,0.4755476603460843f,-0.7545527716711335f,-0.4522217791115059f,0.36392651826244976f,0f,0f,0f,1f], start_interpolation: 0, interpolation_duration: 1 }
$data merge entity $(bone_group5) { transformation: [-3.302815846889254f,-1.0752678845728239f,-1.5980588431726699f,0.7237914550654435f,-1.2137043484173005f,2.458624251861688f,-1.122407282247453f,0.9170576826576027f,1.9021906413843372f,-0.29827129356316084f,-3.490903869560936f,0.5625757219079012f,0f,0f,0f,1f], start_interpolation: 0, interpolation_duration: 1 }
$data merge entity $(bone_group7) { transformation: [-3.302815846889254f,-1.0752678845728239f,-1.5980588431726699f,0.7237914550654435f,-1.2137043484173005f,2.458624251861688f,-1.122407282247453f,0.9170576826576027f,1.9021906413843372f,-0.29827129356316084f,-3.490903869560936f,0.5625757219079012f,0f,0f,0f,1f], start_interpolation: 0, interpolation_duration: 1 }
$data merge entity $(bone_group6) { transformation: [-2.322688485141497f,-2.582617227358246f,-1.5980588431726699f,1.0836400438026534f,-2.2804109243438653f,1.5223788862640815f,-1.122407282247453f,0.9612882233076703f,1.7964810650614313f,0.6927848032468253f,-3.490903869560936f,0.38362381612636137f,0f,0f,0f,1f], start_interpolation: 0, interpolation_duration: 1 }
$data merge entity $(bone_group8) { transformation: [-2.322688485141497f,-2.582617227358246f,-1.5980588431726699f,1.0836400438026534f,-2.2804109243438653f,1.5223788862640815f,-1.122407282247453f,0.9612882233076703f,1.7964810650614313f,0.6927848032468253f,-3.490903869560936f,0.38362381612636137f,0f,0f,0f,1f], start_interpolation: 0, interpolation_duration: 1 }
$data merge entity $(bone_group9) { transformation: [-2.322688485141497f,-2.582617227358246f,-1.5980588431726699f,1.1340432258920046f,-2.2804109243438653f,1.5223788862640815f,-1.122407282247453f,0.8460402115016536f,1.7964810650614313f,0.6927848032468253f,-3.490903869560936f,0.39760528301213455f,0f,0f,0f,1f], start_interpolation: 0, interpolation_duration: 1 }
$data merge entity $(bone_group10) { transformation: [-2.322688485141497f,-2.582617227358246f,-1.5980588431726699f,1.1340432258920046f,-2.2804109243438653f,1.5223788862640815f,-1.122407282247453f,0.8460402115016536f,1.7964810650614313f,0.6927848032468253f,-3.490903869560936f,0.39760528301213455f,0f,0f,0f,1f], start_interpolation: 0, interpolation_duration: 1 }
$data merge entity $(bone_group11) { transformation: [-2.322688485141497f,-2.582617227358246f,-1.5980588431726699f,1.1844464079813557f,-2.2804109243438653f,1.5223788862640815f,-1.122407282247453f,0.730792199695637f,1.7964810650614313f,0.6927848032468253f,-3.490903869560936f,0.41158674989790767f,0f,0f,0f,1f], start_interpolation: 0, interpolation_duration: 1 }
$data merge entity $(bone_group12) { transformation: [-2.322688485141497f,-2.582617227358246f,-1.5980588431726699f,1.1844464079813557f,-2.2804109243438653f,1.5223788862640815f,-1.122407282247453f,0.730792199695637f,1.7964810650614313f,0.6927848032468253f,-3.490903869560936f,0.41158674989790767f,0f,0f,0f,1f], start_interpolation: 0, interpolation_duration: 1 }
$data merge entity $(bone_group13) { transformation: [-2.5116170236285886f,-1.9193594999810843f,-0.639223537269068f,0.9151011520357322f,-1.7810999405908343f,2.016360481713796f,-0.44896291289898116f,0.9540929432931973f,1.7224282202186798f,0.23033339327153385f,-1.3963615478243745f,0.4093796388164925f,0f,0f,0f,1f], start_interpolation: 0, interpolation_duration: 1 }
$data merge entity $(bone_group14) { transformation: [-2.5116170236285886f,-1.9193594999810843f,-0.639223537269068f,0.9151011520357322f,-1.7810999405908343f,2.016360481713796f,-0.44896291289898116f,0.9540929432931973f,1.7224282202186798f,0.23033339327153385f,-1.3963615478243745f,0.4093796388164925f,0f,0f,0f,1f], start_interpolation: 0, interpolation_duration: 1 }
$data merge entity $(bone_group15) { transformation: [-2.425505235227848f,-2.0270878908993737f,-0.639223537269068f,0.974492901902567f,-1.8673571370268554f,1.9367508650790977f,-0.44896291289898116f,0.883225139347258f,1.7107418487075934f,0.3052454306655454f,-1.3963615478243745f,0.40497706216739077f,0f,0f,0f,1f], start_interpolation: 0, interpolation_duration: 1 }
$data merge entity $(bone_group16) { transformation: [-2.425505235227848f,-2.0270878908993737f,-0.639223537269068f,0.974492901902567f,-1.8673571370268554f,1.9367508650790977f,-0.44896291289898116f,0.883225139347258f,1.7107418487075934f,0.3052454306655454f,-1.3963615478243745f,0.40497706216739077f,0f,0f,0f,1f], start_interpolation: 0, interpolation_duration: 1 }
$data merge entity $(bone_group17) { transformation: [-2.2396031047816347f,-2.2307709197945513f,-0.639223537269068f,1.086332893254656f,-2.0290502395130727f,1.7666300450636825f,-0.44896291289898116f,0.8044099274709487f,1.677628067256191f,0.45318485611936005f,-1.3963615478243745f,0.37912011427897235f,0f,0f,0f,1f], start_interpolation: 0, interpolation_duration: 1 }
$data merge entity $(bone_group18) { transformation: [-2.2396031047816347f,-2.2307709197945513f,-0.639223537269068f,1.086332893254656f,-2.0290502395130727f,1.7666300450636825f,-0.44896291289898116f,0.8044099274709487f,1.677628067256191f,0.45318485611936005f,-1.3963615478243745f,0.37912011427897235f,0f,0f,0f,1f], start_interpolation: 0, interpolation_duration: 1 }
$data merge entity $(bone_group19) { transformation: [-2.2396031047816347f,-2.2307709197945513f,-0.639223537269068f,1.1367360753440072f,-2.0290502395130727f,1.7666300450636825f,-0.44896291289898116f,0.6891619156649321f,1.677628067256191f,0.45318485611936005f,-1.3963615478243745f,0.39310158116474553f,0f,0f,0f,1f], start_interpolation: 0, interpolation_duration: 1 }
$data merge entity $(bone_group20) { transformation: [-2.2396031047816347f,-2.2307709197945513f,-0.639223537269068f,1.1367360753440072f,-2.0290502395130727f,1.7666300450636825f,-0.44896291289898116f,0.6891619156649321f,1.677628067256191f,0.45318485611936005f,-1.3963615478243745f,0.39310158116474553f,0f,0f,0f,1f], start_interpolation: 0, interpolation_duration: 1 }
$data merge entity $(bone_bone11) { transformation: [-0.8249836853609389f,-0.017965672109413466f,-0.39951471079316747f,0.5385621067503992f,0.09885548621899845f,1.430278055392332f,-0.2806018205618632f,1.1692799790160955f,0.3458749943732402f,-0.4516435750553598f,-0.872725967390234f,0.4551468845348605f,0f,0f,0f,1f], start_interpolation: 0, interpolation_duration: 1 }
$data merge entity $(bone_3) { transformation: [-0.8257039617223135f,-0.3982473646566014f,-0.39951471079316747f,0.5866843548236385f,-0.3034260871043251f,0.910601574763588f,-0.2806018205618632f,1.40165625f,0.4755476603460843f,-0.11047084946783733f,-0.872725967390234f,0.3584031713076304f,0f,0f,0f,1f], start_interpolation: 0, interpolation_duration: 1 }
$data merge entity $(bone_8) { transformation: [-0.8517422948661688f,0.10028196093271585f,-0.5142748209348789f,0.06490834982059533f,0.10159196050631131f,0.9944949944401793f,0.0256667020458779f,0.3854629659248922f,0.5140176423981929f,-0.03038477159560428f,-0.857241289811968f,0.6119401229091631f,0f,0f,0f,1f], start_interpolation: 0, interpolation_duration: 1 }
$data merge entity $(bone_7) { transformation: [-0.8517422948661688f,0.02888587222895478f,-0.523164094258852f,0.07708433612124324f,0.10159196050631131f,0.9886353700701587f,-0.11081145521436145f,0.76103125f,0.5140176423981929f,-0.1475320691640053f,-0.8449971312800953f,0.5578876673561195f,0f,0f,0f,1f], start_interpolation: 0, interpolation_duration: 1 }