# This file was generated by Animated Java via MC-Build. It is not recommended to edit this file directly.
$data merge entity $(bone_layer) { transformation: [-0.8599186461863226f,-0.06991614958576427f,-0.5056200687949236f,0.2863120532190767f,-0.09295231121075756f,0.9954608254725358f,0.02043557657900056f,1.356777216028284f,0.5018961942291061f,0.06457148733488145f,-0.8625141930668159f,0.5544797023165424f,0f,0f,0f,1f], start_interpolation: 0, interpolation_duration: 1 }
$data merge entity $(bone_head) { transformation: [-0.8599186461863226f,-0.06991614958576427f,-0.5056200687949236f,0.2863120532190767f,-0.09295231121075756f,0.9954608254725358f,0.02043557657900056f,1.356777216028284f,0.5018961942291061f,0.06457148733488145f,-0.8625141930668159f,0.5544797023165424f,0f,0f,0f,1f], start_interpolation: 0, interpolation_duration: 1 }
$data merge entity $(bone_6) { transformation: [-0.6691487406383737f,-0.16457149150566636f,-0.7246766086232388f,0.3494007091032483f,-0.10015108676883223f,0.9862447284977225f,-0.13149560954448447f,0.3982124828771346f,0.7363489137094591f,-0.01541297161659802f,-0.676426431760946f,0.43510283055938204f,0f,0f,0f,1f], start_interpolation: 0, interpolation_duration: 1 }
$data merge entity $(bone_12) { transformation: [-0.6757228367712161f,-0.23273089078432657f,-0.6994533439341f,0.2621266250591258f,-0.09010715365854582f,0.9678160950436903f,-0.23497384329737203f,0.7611435185185185f,0.731627875853166f,-0.09575144202108177f,-0.6749461553527568f,0.3991960398014764f,0f,0f,0f,1f], start_interpolation: 0, interpolation_duration: 1 }
$data merge entity $(bone_group3) { transformation: [1.2044275995944442f,-0.10749349285653426f,0.28835340848404933f,-1.0407056228427207f,0.2904520813905587f,0.8162335831305885f,-0.39177939252582417f,1.680874403420753f,-0.26175306957710753f,0.43976793855189555f,0.7970677570806212f,1.1153811215009664f,0f,0f,0f,1f], start_interpolation: 0, interpolation_duration: 1 }
$data merge entity $(bone_group1) { transformation: [1.2338239488183722f,-0.1005824335230855f,0.11362226561952689f,-0.9826833434582842f,0.22848502533290652f,0.7997406429815715f,-0.4607605271551096f,1.7285878796041505f,-0.14371414327514814f,0.4706605742485921f,0.8093530672453337f,1.038055394124227f,0f,0f,0f,1f], start_interpolation: 0, interpolation_duration: 1 }
$data merge entity $(bone_group4) { transformation: [1.1854387872993406f,-0.12282139715746797f,0.1729827252514903f,-1.0209908768032243f,0.2608863411265047f,0.7708421826212197f,-0.43151899260355975f,1.6975925169018768f,-0.17107440938673732f,0.4571508319081452f,0.7770287386990579f,1.0595821070517333f,0f,0f,0f,1f], start_interpolation: 0, interpolation_duration: 1 }
$data merge entity $(bone_group2) { transformation: [1.166789237107118f,-0.10413432120476757f,0.2793423644689228f,-1.0407056228427207f,0.2813754538471038f,0.7907262836577577f,-0.3795362865093922f,1.680874403420753f,-0.253573286152823f,0.4260251904721488f,0.7721593896718518f,1.1153811215009664f,0f,0f,0f,1f], start_interpolation: 0, interpolation_duration: 1 }
$data merge entity $(bone_10) { transformation: [-0.7882426098601355f,0.24557873107944864f,-0.5642381366429339f,0.20843006461440866f,0.015937558168954827f,0.9247564052666213f,0.3802257029160017f,1.0583169283111136f,0.6151581766021593f,0.29071752227852427f,-0.7328463276838756f,0.5142853352385243f,0f,0f,0f,1f], start_interpolation: 0, interpolation_duration: 1 }
$data merge entity $(bone_9) { transformation: [-0.7882426098601355f,0.24557873107944864f,-0.5642381366429339f,0.3005220887692019f,0.015937558168954827f,0.9247564052666213f,0.3802257029160017f,1.4051005802860965f,0.6151581766021593f,0.29071752227852427f,-0.7328463276838756f,0.6233044060929709f,0f,0f,0f,1f], start_interpolation: 0, interpolation_duration: 1 }
$data merge entity $(bone_bone12) { transformation: [-0.6848408468103668f,0.9898146882178946f,-0.5967541453668511f,0.1161855036335322f,0.844434046132614f,1.1004878746109839f,0.3805595760434316f,1.860581771450917f,1.0334041592098235f,-0.24329677519916237f,-0.7064410089095357f,0.4050856904070879f,0f,0f,0f,1f], start_interpolation: 0, interpolation_duration: 1 }
$data merge entity $(bone_bone1) { transformation: [0.6002712871469513f,-0.9310573158424725f,0.7371266822420601f,0.32175183481553793f,-0.6104229910921737f,1.2531879335273997f,0.6729680486699764f,0.5284265544628398f,-0.5167766962364165f,-2.5617674129158434f,0.061304647426902614f,1.585698988283377f,0f,0f,0f,1f], start_interpolation: 0, interpolation_duration: 1 }
$data merge entity $(bone_2) { transformation: [0.7378912018010717f,-0.3164954829782437f,0.5961100431622821f,-0.029695468185710568f,-0.2588190451025206f,0.6830127018922192f,0.6830127018922194f,1.0406860808820042f,-0.6233211661710107f,-0.6582736955919313f,0.4220740047609567f,0.9569502540453175f,0f,0f,0f,1f], start_interpolation: 0, interpolation_duration: 1 }
$data merge entity $(bone_bone2) { transformation: [1.4226586785915134f,-0.3925508801567408f,0.6748974164116378f,0.15511995328255834f,-0.023141524625886256f,1.913634654331585f,0.2904594978560801f,0.9184050800002882f,-1.4055272156974532f,-0.4288428805861225f,0.6783411806945601f,0.8254327008029009f,0f,0f,0f,1f], start_interpolation: 0, interpolation_duration: 1 }
$data merge entity $(bone_1) { transformation: [0.7378912018010717f,-0.0054819362880156874f,0.6748974164116378f,-0.03175119429371645f,-0.2588190451025206f,0.9212198336973717f,0.2904594978560801f,1.3861435185185185f,-0.6233211661710107f,-0.3890038128053771f,0.6783411806945601f,0.8110738242433011f,0f,0f,0f,1f], start_interpolation: 0, interpolation_duration: 1 }
$data merge entity $(bone_4) { transformation: [-0.8262246844228439f,-0.5593487157407294f,0.06694613543415759f,0.6928617373285035f,-0.3035788514385045f,0.3419832770355625f,-0.8893184576895368f,1.1226724166491675f,0.47454467841252884f,-0.7551002929592958f,-0.4523614658247708f,0.3620007186374864f,0f,0f,0f,1f], start_interpolation: 0, interpolation_duration: 1 }
$data merge entity $(bone_group5) { transformation: [-3.3048987376913757f,-1.075123922536293f,-1.5939599647230616f,0.7240125939348111f,-1.214315405754018f,2.4585913326401303f,-1.1219045058232413f,0.9171440813144194f,1.8981787136501154f,-0.29906054613908184f,-3.492938864434012f,0.5606486120358591f,0f,0f,0f,1f], start_interpolation: 0, interpolation_duration: 1 }
$data merge entity $(bone_group7) { transformation: [-3.3048987376913757f,-1.075123922536293f,-1.5939599647230616f,0.7240125939348111f,-1.214315405754018f,2.4585913326401303f,-1.1219045058232413f,0.9171440813144194f,1.8981787136501154f,-0.29906054613908184f,-3.492938864434012f,0.5606486120358591f,0f,0f,0f,1f], start_interpolation: 0, interpolation_duration: 1 }
$data merge entity $(bone_group6) { transformation: [-2.324564302507709f,-2.58353399797849f,-1.5939599647230616f,1.0840627666828877f,-2.280923655909853f,1.522044848713581f,-1.1219045058232413f,0.9614360782335762f,1.7934012600134086f,0.6900953265989644f,-3.492938864434012f,0.3821178745193254f,0f,0f,0f,1f], start_interpolation: 0, interpolation_duration: 1 }
$data merge entity $(bone_group8) { transformation: [-2.324564302507709f,-2.58353399797849f,-1.5939599647230616f,1.0840627666828877f,-2.280923655909853f,1.522044848713581f,-1.1219045058232413f,0.9614360782335762f,1.7934012600134086f,0.6900953265989644f,-3.492938864434012f,0.3821178745193254f,0f,0f,0f,1f], start_interpolation: 0, interpolation_duration: 1 }
$data merge entity $(bone_group9) { transformation: [-2.324564302507709f,-2.58353399797849f,-1.5939599647230616f,1.1344592005517764f,-2.280923655909853f,1.522044848713581f,-1.1219045058232413f,0.8461896095160701f,1.7934012600134086f,0.6900953265989644f,-3.492938864434012f,0.3961363376195949f,0f,0f,0f,1f], start_interpolation: 0, interpolation_duration: 1 }
$data merge entity $(bone_group10) { transformation: [-2.324564302507709f,-2.58353399797849f,-1.5939599647230616f,1.1344592005517764f,-2.280923655909853f,1.522044848713581f,-1.1219045058232413f,0.8461896095160701f,1.7934012600134086f,0.6900953265989644f,-3.492938864434012f,0.3961363376195949f,0f,0f,0f,1f], start_interpolation: 0, interpolation_duration: 1 }
$data merge entity $(bone_group11) { transformation: [-2.324564302507709f,-2.58353399797849f,-1.5939599647230616f,1.1848556344206653f,-2.280923655909853f,1.522044848713581f,-1.1219045058232413f,0.730943140798564f,1.7934012600134086f,0.6900953265989644f,-3.492938864434012f,0.4101548007198643f,0f,0f,0f,1f], start_interpolation: 0, interpolation_duration: 1 }
$data merge entity $(bone_group12) { transformation: [-2.324564302507709f,-2.58353399797849f,-1.5939599647230616f,1.1848556344206653f,-2.280923655909853f,1.522044848713581f,-1.1219045058232413f,0.730943140798564f,1.7934012600134086f,0.6900953265989644f,-3.492938864434012f,0.4101548007198643f,0f,0f,0f,1f], start_interpolation: 0, interpolation_duration: 1 }
$data merge entity $(bone_group13) { transformation: [-2.5134481532859687f,-1.9197859045561194f,-0.6375839858892247f,0.9154950062007743f,-1.7816145397559127f,2.0161637124577085f,-0.4487618023292965f,0.9542225225806513f,1.7192219339087589f,0.22849490076827095f,-1.3971755457736048f,0.4076789237122106f,0f,0f,0f,1f], start_interpolation: 0, interpolation_duration: 1 }
$data merge entity $(bone_group14) { transformation: [-2.5134481532859687f,-1.9197859045561194f,-0.6375839858892247f,0.9154950062007743f,-1.7816145397559127f,2.0161637124577085f,-0.4487618023292965f,0.9542225225806513f,1.7192219339087589f,0.22849490076827095f,-1.3971755457736048f,0.4076789237122106f,0f,0f,0f,1f], start_interpolation: 0, interpolation_duration: 1 }
$data merge entity $(bone_group15) { transformation: [-2.4273160225492068f,-2.027593762385578f,-0.6375839858892247f,0.9748975093156096f,-1.8678626634531512f,1.9365318366034223f,-0.4487618023292965f,0.8833603143658069f,1.7076188079884527f,0.30326883175521224f,-1.3971755457736048f,0.4033317015964218f,0f,0f,0f,1f], start_interpolation: 0, interpolation_duration: 1 }
$data merge entity $(bone_group16) { transformation: [-2.4273160225492068f,-2.027593762385578f,-0.6375839858892247f,0.9748975093156096f,-1.8678626634531512f,1.9365318366034223f,-0.4487618023292965f,0.8833603143658069f,1.7076188079884527f,0.30326883175521224f,-1.3971755457736048f,0.4033317015964218f,0f,0f,0f,1f], start_interpolation: 0, interpolation_duration: 1 }
$data merge entity $(bone_group17) { transformation: [-2.241362911905429f,-2.231432686800975f,-0.6375839858892247f,1.0867734885280904f,-2.029534752669214f,1.7663677905263206f,-0.4487618023292965f,0.8045588181522125f,1.6746891825960026f,0.4509435878311245f,-1.3971755457736048f,0.377588886820358f,0f,0f,0f,1f], start_interpolation: 0, interpolation_duration: 1 }
$data merge entity $(bone_group18) { transformation: [-2.241362911905429f,-2.231432686800975f,-0.6375839858892247f,1.0867734885280904f,-2.029534752669214f,1.7663677905263206f,-0.4487618023292965f,0.8045588181522125f,1.6746891825960026f,0.4509435878311245f,-1.3971755457736048f,0.377588886820358f,0f,0f,0f,1f], start_interpolation: 0, interpolation_duration: 1 }
$data merge entity $(bone_group19) { transformation: [-2.241362911905429f,-2.231432686800975f,-0.6375839858892247f,1.1371699223969791f,-2.029534752669214f,1.7663677905263206f,-0.4487618023292965f,0.6893123494347064f,1.6746891825960026f,0.4509435878311245f,-1.3971755457736048f,0.39160734992062746f,0f,0f,0f,1f], start_interpolation: 0, interpolation_duration: 1 }
$data merge entity $(bone_group20) { transformation: [-2.241362911905429f,-2.231432686800975f,-0.6375839858892247f,1.1371699223969791f,-2.029534752669214f,1.7663677905263206f,-0.4487618023292965f,0.6893123494347064f,1.6746891825960026f,0.4509435878311245f,-1.3971755457736048f,0.39160734992062746f,0f,0f,0f,1f], start_interpolation: 0, interpolation_duration: 1 }
$data merge entity $(bone_bone11) { transformation: [-0.8253881465669334f,-0.01756308621740077f,-0.3984899911807654f,0.5388862508571007f,0.09872624244251746f,1.430358321917915f,-0.2804761264558103f,1.1693708546692054f,0.3449457008863623f,-0.4514051494197716f,-0.873234716108503f,0.45305286277689444f,0f,0f,0f,1f], start_interpolation: 0, interpolation_duration: 1 }
$data merge entity $(bone_3) { transformation: [-0.8262246844228439f,-0.39819404538381215f,-0.3984899911807654f,0.5871006923295833f,-0.3035788514385045f,0.9105893824593074f,-0.2804761264558103f,1.4017685185185185f,0.47454467841252884f,-0.11076316523669696f,-0.873234716108503f,0.3564064888362327f,0f,0f,0f,1f], start_interpolation: 0, interpolation_duration: 1 }
$data merge entity $(bone_8) { transformation: [-0.8523101019346903f,0.10032861812630753f,-0.5133241261863146f,0.06511551530895039f,0.10160414036394474f,0.9944936195076033f,0.02567176307872264f,0.38559374280780323f,0.5130731807461599f,-0.030275553562764262f,-0.8578107612145505f,0.6094122437239595f,0f,0f,0f,1f], start_interpolation: 0, interpolation_duration: 1 }
$data merge entity $(bone_7) { transformation: [-0.8523101019346903f,0.028966708965383094f,-0.5222340662114955f,0.07731699497676307f,0.10160414036394474f,0.988614397067026f,-0.11098726311025214f,0.7611435185185185f,0.5130731807461599f,-0.1476567089011377f,-0.8455491751018996f,0.555310862503519f,0f,0f,0f,1f], start_interpolation: 0, interpolation_duration: 1 }