# This file was generated by Animated Java via MC-Build. It is not recommended to edit this file directly.
$data merge entity $(bone_layer) { transformation: [-0.8608797612653659f,-0.08048031701802763f,-0.5024031799425284f,0.286607112912736f,-0.09563541612867879f,0.9954066217077437f,0.0044186697399919705f,1.357146100503427f,0.4997398361403473f,0.05185148052904997f,-0.8646221834659139f,0.5503151738688032f,0f,0f,0f,1f], start_interpolation: 0, interpolation_duration: 1 }
$data merge entity $(bone_head) { transformation: [-0.8608797612653659f,-0.08048031701802763f,-0.5024031799425284f,0.286607112912736f,-0.09563541612867879f,0.9954066217077437f,0.0044186697399919705f,1.357146100503427f,0.4997398361403473f,0.05185148052904997f,-0.8646221834659139f,0.5503151738688032f,0f,0f,0f,1f], start_interpolation: 0, interpolation_duration: 1 }
$data merge entity $(bone_6) { transformation: [-0.6706760240659061f,-0.16324485012801868f,-0.7235639499379644f,0.34997870242825324f,-0.10028075043033881f,0.9864809628043493f,-0.12961126925438324f,0.3983485748647392f,0.7349404342096549f,-0.01436763485354621f,-0.6779794460250541f,0.43083794382187374f,0f,0f,0f,1f], start_interpolation: 0, interpolation_duration: 1 }
$data merge entity $(bone_12) { transformation: [-0.6771294618383119f,-0.23218620609995985f,-0.698273053760107f,0.26290887514076833f,-0.09039473598458281f,0.9679747880150165f,-0.23420845730579734f,0.7613391203703703f,0.7302906843283952f,-0.09546923831366255f,-0.67643265808133f,0.39503697945425026f,0f,0f,0f,1f], start_interpolation: 0, interpolation_duration: 1 }
$data merge entity $(bone_group3) { transformation: [1.2047349779854366f,-0.10835339492680729f,0.2869691021492943f,-1.0406755885295063f,0.290848344908638f,0.8162451887275727f,-0.3916960575292341f,1.6805054375141406f,-0.25994926580056593f,0.4395327084710673f,0.7975908623833671f,1.1089347109779624f,0f,0f,0f,1f], start_interpolation: 0, interpolation_duration: 1 }
$data merge entity $(bone_group1) { transformation: [1.2336601588411884f,-0.10154430102394785f,0.11510629165948671f,-0.9835268986119443f,0.22996581141765673f,0.8000610290919901f,-0.4596660142410296f,1.727455019084494f,-0.14378609233064882f,0.46990461474631073f,0.8095857082829538f,1.0328933782874792f,0f,0f,0f,1f], start_interpolation: 0, interpolation_duration: 1 }
$data merge entity $(bone_group4) { transformation: [1.1853774958155001f,-0.12334190065933713f,0.17338377715662182f,-1.0211899250304022f,0.2616321842552359f,0.7711948805609387f,-0.4306364283766632f,1.6969569723088005f,-0.17065340047815952f,0.45638774358759093f,0.7773803639552381f,1.054071844836224f,0f,0f,0f,1f], start_interpolation: 0, interpolation_duration: 1 }
$data merge entity $(bone_group2) { transformation: [1.1670870099233919f,-0.10496735133534457f,0.2780013177071289f,-1.0406755885295063f,0.28175933413024307f,0.7907375265798361f,-0.37945555573144557f,1.6805054375141406f,-0.2518258512442983f,0.4257973113313465f,0.7726661479338869f,1.1089347109779624f,0f,0f,0f,1f], start_interpolation: 0, interpolation_duration: 1 }
$data merge entity $(bone_10) { transformation: [-0.7891204631379702f,0.24472181718920208f,-0.5633827534177189f,0.20888966798909925f,0.015660871904123005f,0.9249230935722564f,0.3798315522279969f,1.058569059676526f,0.6140387868434031f,0.290909785274304f,-0.7337082969978875f,0.5100003795997217f,0f,0f,0f,1f], start_interpolation: 0, interpolation_duration: 1 }
$data merge entity $(bone_9) { transformation: [-0.7891204631379702f,0.24472181718920208f,-0.5633827534177189f,0.30066034943505004f,0.015660871904123005f,0.9249230935722564f,0.3798315522279969f,1.4054152197661223f,0.6140387868434031f,0.290909785274304f,-0.7337082969978875f,0.6190915490775857f,0f,0f,0f,1f], start_interpolation: 0, interpolation_duration: 1 }
$data merge entity $(bone_bone12) { transformation: [-0.6871944186688999f,0.9900004729433378f,-0.5954131691606278f,0.11664265579890101f,0.8445862562493203f,1.1006862386970786f,0.3801542726009099f,1.8607711807703504f,1.0317159913004503f,-0.24163788509843714f,-0.7077894369184742f,0.4003429783239732f,0f,0f,0f,1f], start_interpolation: 0, interpolation_duration: 1 }
$data merge entity $(bone_bone1) { transformation: [0.6013285603741844f,-0.9258080012660799f,0.7369995633269095f,0.3200603625495034f,-0.6104229910921737f,1.2531879335273997f,0.6729680486699764f,0.5286221563146914f,-0.5155460546104433f,-2.563669157292537f,0.06281440221214107f,1.5816959461784288f,0f,0f,0f,1f], start_interpolation: 0, interpolation_duration: 1 }
$data merge entity $(bone_2) { transformation: [0.7391664252361343f,-0.3151464530680563f,0.5952442430819951f,-0.03009831427029527f,-0.2588190451025206f,0.6830127018922192f,0.6830127018922194f,1.0408816827338558f,-0.6218084091549849f,-0.6589206038458f,0.4232941531980245f,0.9522286486636009f,0f,0f,0f,1f], start_interpolation: 0, interpolation_duration: 1 }
$data merge entity $(bone_bone2) { transformation: [1.4255346865921528f,-0.3916716421771094f,0.6735065296708151f,0.1549861116718514f,-0.023141524625886256f,1.913634654331585f,0.2904594978560801f,0.91860068185214f,-1.4026101836079048f,-0.4296460571860537f,0.6797221745654388f,0.8210899354739718f,0f,0f,0f,1f], start_interpolation: 0, interpolation_duration: 1 }
$data merge entity $(bone_1) { transformation: [0.7391664252361343f,-0.004685114129809292f,0.6735065296708151f,-0.031855232068973754f,-0.2588190451025206f,0.9212198336973717f,0.2904594978560801f,1.3863391203703703f,-0.6218084091549849f,-0.3890142255858742f,0.6797221745654388f,0.8063483140688981f,0f,0f,0f,1f], start_interpolation: 0, interpolation_duration: 1 }
$data merge entity $(bone_4) { transformation: [-0.8269225120763855f,-0.5581882316178388f,0.06800777238397157f,0.6934202046434866f,-0.3046757400439241f,0.343105764779318f,-0.8885106232363723f,1.1229225713048756f,0.472622314803234f,-0.7554497549530012f,-0.4537882934711775f,0.35828729403684767f,0f,0f,0f,1f], start_interpolation: 0, interpolation_duration: 1 }
$data merge entity $(bone_group5) { transformation: [-3.307690048305542f,-1.0760058096583252f,-1.5868481183008958f,0.7243240709890355f,-1.2187029601756965f,2.4583517731504565f,-1.1182933249324638f,0.91715451635814f,1.890489259212936f,-0.2978557654797715f,-3.497332281733665f,0.5567254875700594f,0f,0f,0f,1f], start_interpolation: 0, interpolation_duration: 1 }
$data merge entity $(bone_group7) { transformation: [-3.307690048305542f,-1.0760058096583252f,-1.5868481183008958f,0.7243240709890355f,-1.2187029601756965f,2.4583517731504565f,-1.1182933249324638f,0.91715451635814f,1.890489259212936f,-0.2978557654797715f,-3.497332281733665f,0.5567254875700594f,0f,0f,0f,1f], start_interpolation: 0, interpolation_duration: 1 }
$data merge entity $(bone_group6) { transformation: [-2.326540704848414f,-2.5856933899365235f,-1.5868481183008958f,1.08467753462642f,-2.2846036097546762f,1.5196436068989667f,-1.1182933249324638f,0.9618878840532052f,1.7861396067999131f,0.6872939700373257f,-3.497332281733665f,0.3789181784278247f,0f,0f,0f,1f], start_interpolation: 0, interpolation_duration: 1 }
$data merge entity $(bone_group8) { transformation: [-2.326540704848414f,-2.5856933899365235f,-1.5868481183008958f,1.08467753462642f,-2.2846036097546762f,1.5196436068989667f,-1.1182933249324638f,0.9618878840532052f,1.7861396067999131f,0.6872939700373257f,-3.497332281733665f,0.3789181784278247f,0f,0f,0f,1f], start_interpolation: 0, interpolation_duration: 1 }
$data merge entity $(bone_group9) { transformation: [-2.326540704848414f,-2.5856933899365235f,-1.5868481183008958f,1.135115306954154f,-2.2846036097546762f,1.5196436068989667f,-1.1182933249324638f,0.8466526446867775f,1.7861396067999131f,0.6872939700373257f,-3.497332281733665f,0.392880167434689f,0f,0f,0f,1f], start_interpolation: 0, interpolation_duration: 1 }
$data merge entity $(bone_group10) { transformation: [-2.326540704848414f,-2.5856933899365235f,-1.5868481183008958f,1.135115306954154f,-2.2846036097546762f,1.5196436068989667f,-1.1182933249324638f,0.8466526446867775f,1.7861396067999131f,0.6872939700373257f,-3.497332281733665f,0.392880167434689f,0f,0f,0f,1f], start_interpolation: 0, interpolation_duration: 1 }
$data merge entity $(bone_group11) { transformation: [-2.326540704848414f,-2.5856933899365235f,-1.5868481183008958f,1.185553079281888f,-2.2846036097546762f,1.5196436068989667f,-1.1182933249324638f,0.7314174053203497f,1.7861396067999131f,0.6872939700373257f,-3.497332281733665f,0.4068421564415533f,0f,0f,0f,1f], start_interpolation: 0, interpolation_duration: 1 }
$data merge entity $(bone_group12) { transformation: [-2.326540704848414f,-2.5856933899365235f,-1.5868481183008958f,1.185553079281888f,-2.2846036097546762f,1.5196436068989667f,-1.1182933249324638f,0.7314174053203497f,1.7861396067999131f,0.6872939700373257f,-3.497332281733665f,0.4068421564415533f,0f,0f,0f,1f], start_interpolation: 0, interpolation_duration: 1 }
$data merge entity $(bone_group13) { transformation: [-2.5155788729366457f,-1.9213824022139558f,-0.6347392473203584f,0.9160670798200979f,-1.7853085393498982f,2.014747813757479f,-0.44731732997298557f,0.9545430492693922f,1.7122594426425042f,0.22756288331513352f,-1.398932912693466f,0.4041582344293044f,0f,0f,0f,1f], start_interpolation: 0, interpolation_duration: 1 }
$data merge entity $(bone_group14) { transformation: [-2.5155788729366457f,-1.9213824022139558f,-0.6347392473203584f,0.9160670798200979f,-1.7853085393498982f,2.014747813757479f,-0.44731732997298557f,0.9545430492693922f,1.7122594426425042f,0.22756288331513352f,-1.398932912693466f,0.4041582344293044f,0f,0f,0f,1f], start_interpolation: 0, interpolation_duration: 1 }
$data merge entity $(bone_group15) { transformation: [-2.42937507597714f,-2.029281681217209f,-0.6347392473203584f,0.9755189044538035f,-1.8714913865441711f,1.9349561555258f,-0.44731732997298557f,0.8837211235314939f,1.7007035975014413f,0.30203400177260165f,-1.398932912693466f,0.3998288404746383f,0f,0f,0f,1f], start_interpolation: 0, interpolation_duration: 1 }
$data merge entity $(bone_group16) { transformation: [-2.42937507597714f,-2.029281681217209f,-0.6347392473203584f,0.9755189044538035f,-1.8714913865441711f,1.9349561555258f,-0.44731732997298557f,0.8837211235314939f,1.7007035975014413f,0.30203400177260165f,-1.398932912693466f,0.3998288404746383f,0f,0f,0f,1f], start_interpolation: 0, interpolation_duration: 1 }
$data merge entity $(bone_group17) { transformation: [-2.2432670181939556f,-2.233293640922724f,-0.6347392473203584f,1.0874882746414687f,-2.0330123377186773f,1.7644818413346868f,-0.44731732997298557f,0.8050182435013866f,1.6679079090969553f,0.4491107564431512f,-1.398932912693466f,0.3741905905813352f,0f,0f,0f,1f], start_interpolation: 0, interpolation_duration: 1 }
$data merge entity $(bone_group18) { transformation: [-2.2432670181939556f,-2.233293640922724f,-0.6347392473203584f,1.0874882746414687f,-2.0330123377186773f,1.7644818413346868f,-0.44731732997298557f,0.8050182435013866f,1.6679079090969553f,0.4491107564431512f,-1.398932912693466f,0.3741905905813352f,0f,0f,0f,1f], start_interpolation: 0, interpolation_duration: 1 }
$data merge entity $(bone_group19) { transformation: [-2.2432670181939556f,-2.233293640922724f,-0.6347392473203584f,1.1379260469692027f,-2.0330123377186773f,1.7644818413346868f,-0.44731732997298557f,0.6897830041349591f,1.6679079090969553f,0.4491107564431512f,-1.398932912693466f,0.3881525795881995f,0f,0f,0f,1f], start_interpolation: 0, interpolation_duration: 1 }
$data merge entity $(bone_group20) { transformation: [-2.2432670181939556f,-2.233293640922724f,-0.6347392473203584f,1.1379260469692027f,-2.0330123377186773f,1.7644818413346868f,-0.44731732997298557f,0.6897830041349591f,1.6679079090969553f,0.4491107564431512f,-1.398932912693466f,0.3881525795881995f,0f,0f,0f,1f], start_interpolation: 0, interpolation_duration: 1 }
$data merge entity $(bone_bone11) { transformation: [-0.8260815824072277f,-0.017564748133602315f,-0.39671202957522395f,0.5392495002204186f,0.09779778822133783f,1.430933050412117f,-0.27957333123311595f,1.1694130900917714f,0.3435473938579433f,-0.44957989819527877f,-0.8743330704334162f,0.4491152250967385f,0f,0f,0f,1f], start_interpolation: 0, interpolation_duration: 1 }
$data merge entity $(bone_3) { transformation: [-0.8269225120763855f,-0.3985206702438241f,-0.39671202957522395f,0.5875066315890771f,-0.3046757400439241f,0.9105006567223912f,-0.27957333123311595f,1.4019641203703703f,0.472622314803234f,-0.11031695017769313f,-0.8743330704334162f,0.3528598579038893f,0f,0f,0f,1f], start_interpolation: 0, interpolation_duration: 1 }
$data merge entity $(bone_8) { transformation: [-0.8531020073785104f,0.1004695750062608f,-0.5119793252708719f,0.06563921261957248f,0.10169160684621234f,0.9944837393228795f,0.025708156670961463f,0.3859226579976728f,0.5117380014263073f,-0.030132320196836163f,-0.8586129868431784f,0.605388763246794f,0f,0f,0f,1f], start_interpolation: 0, interpolation_duration: 1 }
$data merge entity $(bone_7) { transformation: [-0.8531020073785104f,0.028605798816477866f,-0.5209593777645499f,0.07767896347630954f,0.10169160684621234f,0.9884628558690516f,-0.11224972010759733f,0.7613391203703703f,0.5117380014263073f,-0.14873765777794729f,-0.8461686162077502f,0.5508577970234477f,0f,0f,0f,1f], start_interpolation: 0, interpolation_duration: 1 }