# This file was generated by Animated Java via MC-Build. It is not recommended to edit this file directly.
$data merge entity $(bone_layer) { transformation: [-0.861865666593368f,-0.09026338240507999f,-0.4990391713526741f,0.2869785214596178f,-0.09812757708493913f,0.9951182371173647f,-0.01052011273075077f,1.357767578125f,0.4975525614073439f,0.03990258078398778f,-0.8665155697872766f,0.5441835702318871f,0f,0f,0f,1f], start_interpolation: 0, interpolation_duration: 1 }
$data merge entity $(bone_head) { transformation: [-0.861865666593368f,-0.09026338240507999f,-0.4990391713526741f,0.2869785214596178f,-0.09812757708493913f,0.9951182371173647f,-0.01052011273075077f,1.357767578125f,0.4975525614073439f,0.03990258078398778f,-0.8665155697872766f,0.5441835702318871f,0f,0f,0f,1f], start_interpolation: 0, interpolation_duration: 1 }
$data merge entity $(bone_6) { transformation: [-0.6729122400984499f,-0.1606989311949092f,-0.7220560716720691f,0.35078286814328374f,-0.10053007952062701f,0.9869284161127874f,-0.12596032939255636f,0.39851986831080927f,0.732859345466279f,-0.012171893111539031f,-0.6802712876351746f,0.4244518908124439f,0f,0f,0f,1f], start_interpolation: 0, interpolation_duration: 1 }
$data merge entity $(bone_12) { transformation: [-0.6791376365174269f,-0.2312280127743718f,-0.6966388424240629f,0.2640723633528943f,-0.09095049092209066f,0.9682803511711753f,-0.23272552446359723f,0.761625f,0.7283543635254437f,-0.09469301792762053f,-0.6786259304574245f,0.3889420090895862f,0f,0f,0f,1f], start_interpolation: 0, interpolation_duration: 1 }
$data merge entity $(bone_group3) { transformation: [1.2050716855357355f,-0.10958760355817226f,0.2850631524941858f,-1.0402650211926003f,0.29161322163709f,0.8162687388849985f,-0.3915343334633577f,1.6797025406407977f,-0.2576297275613077f,0.43917789724460193f,0.7983207965953372f,1.0996763144929167f,0f,0f,0f,1f], start_interpolation: 0, interpolation_duration: 1 }
$data merge entity $(bone_group1) { transformation: [1.2331928266912475f,-0.10294841627964568f,0.11876568033842412f,-0.9848869512468064f,0.23282483602979942f,0.8006790044792884f,-0.457534465268811f,1.725170868268418f,-0.14513139139318038f,0.4685364373146822f,0.8099239978966308f,1.02606663309086f,0f,0f,0f,1f], start_interpolation: 0, interpolation_duration: 1 }
$data merge entity $(bone_group4) { transformation: [1.1850899125865912f,-0.12390410209340783f,0.17491531300331253f,-1.0212835870440973f,0.26307176941049903f,0.7718775936919339f,-0.42892214902468606f,1.6956370962914442f,-0.170994452089107f,0.45502741009106984f,0.7778929894308961f,1.046605968684788f,0f,0f,0f,1f], start_interpolation: 0, interpolation_duration: 1 }
$data merge entity $(bone_group2) { transformation: [1.1674131953627438f,-0.10616299094697938f,0.2761549289787425f,-1.0402650211926003f,0.282500308460931f,0.7907603407948424f,-0.3792988855426278f,1.6797025406407977f,-0.24957879857501686f,0.42545358795570815f,0.773373271701733f,1.0996763144929167f,0f,0f,0f,1f], start_interpolation: 0, interpolation_duration: 1 }
$data merge entity $(bone_10) { transformation: [-0.7902195863006355f,0.24334617601471403f,-0.5624372356502265f,0.20954084347344987f,0.015126557063026319f,0.9252454151029559f,0.3790674202597446f,1.0589646099613916f,0.6126370807405244f,0.29103876107827054f,-0.7348280389667733f,0.5037123920039457f,0f,0f,0f,1f], start_interpolation: 0, interpolation_duration: 1 }
$data merge entity $(bone_9) { transformation: [-0.7902195863006355f,0.24334617601471403f,-0.5624372356502265f,0.30079565947896764f,0.015126557063026319f,0.9252454151029559f,0.3790674202597446f,1.405931640625f,0.6126370807405244f,0.29103876107827054f,-0.7348280389667733f,0.6128519274082971f,0f,0f,0f,1f], start_interpolation: 0, interpolation_duration: 1 }
$data merge entity $(bone_bone12) { transformation: [-0.6907399048397634f,0.9901200835397194f,-0.5934983306288434f,0.11718581983344681f,0.8448805816227636f,1.1010698109916208f,0.37936911027514986f,1.8610448185900519f,1.0291040698873637f,-0.23938983164323374f,-0.7098160393438692f,0.3932570230323139f,0f,0f,0f,1f], start_interpolation: 0, interpolation_duration: 1 }
$data merge entity $(bone_bone1) { transformation: [0.6028692662460471f,-0.91812894489199f,0.7368082119592355f,0.31758711591311245f,-0.6104229910921737f,1.2531879335273997f,0.6729680486699764f,0.5289080359443213f,-0.513743535007533f,-2.566429278942407f,0.06502049106826457f,1.5758369502020877f,0f,0f,0f,1f], start_interpolation: 0, interpolation_duration: 1 }
$data merge entity $(bone_2) { transformation: [0.7410246331673717f,-0.31317241704089144f,0.5939743515034364f,-0.030685542935597127f,-0.2588190451025206f,0.6830127018922192f,0.6830127018922194f,1.0411675623634857f,-0.6195927653962569f,-0.6598611113398457f,0.4250742509373653f,0.945324196412552f,0f,0f,0f,1f], start_interpolation: 0, interpolation_duration: 1 }
$data merge entity $(bone_bone2) { transformation: [1.429727320672216f,-0.3903836470239461f,0.6714686136856522f,0.15479064619774505f,-0.023141524625886256f,1.913634654331585f,0.2904594978560801f,0.9188865614817697f,-1.3983362465306521f,-0.4308166870926872f,0.6817354185754629f,0.8147401618296888f,0f,0f,0f,1f], start_interpolation: 0, interpolation_duration: 1 }
$data merge entity $(bone_1) { transformation: [0.7410246331673717f,-0.0035204934639883334f,0.6714686136856522f,-0.03200572798459275f,-0.2588190451025206f,0.9212198336973717f,0.2904594978560801f,1.386625f,-0.6195927653962569f,-0.38902650825921464f,0.6817354185754629f,0.7994392558153466f,0f,0f,0f,1f], start_interpolation: 0, interpolation_duration: 1 }
$data merge entity $(bone_4) { transformation: [-0.827801892590373f,-0.5566823182232954f,0.0696334919513184f,0.6941149298721816f,-0.3067989060091141f,0.3452742718261111f,-0.8869386159631114f,1.123315839997281f,0.4697003916279051f,-0.7555729440580085f,-0.45660822190594236f,0.35263379862284f,0f,0f,0f,1f], start_interpolation: 0, interpolation_duration: 1 }
$data merge entity $(bone_group5) { transformation: [-3.311207570361492f,-1.078027054521103f,-1.576467286610005f,0.7247367321932376f,-1.2271956240364563f,2.4578721410571536f,-1.1112979025066099f,0.917084907942332f,1.8788015665116204f,-0.2944863459240147f,-3.5042499719815794f,0.5506347226882286f,0f,0f,0f,1f], start_interpolation: 0, interpolation_duration: 1 }
$data merge entity $(bone_group7) { transformation: [-3.311207570361492f,-1.078027054521103f,-1.576467286610005f,0.7247367321932376f,-1.2271956240364563f,2.4578721410571536f,-1.1112979025066099f,0.917084907942332f,1.8788015665116204f,-0.2944863459240147f,-3.5042499719815794f,0.5506347226882286f,0f,0f,0f,1f], start_interpolation: 0, interpolation_duration: 1 }
$data merge entity $(bone_group6) { transformation: [-2.3285763458758497f,-2.589202600362933f,-1.576467286610005f,1.0855004538202597f,-2.291718656357245f,1.514981901391316f,-1.1112979025066099f,0.9626730957253058f,1.7743330582310695f,0.6843681266179614f,-3.5042499719815794f,0.37387956316611237f,0f,0f,0f,1f], start_interpolation: 0, interpolation_duration: 1 }
$data merge entity $(bone_group8) { transformation: [-2.3285763458758497f,-2.589202600362933f,-1.576467286610005f,1.0855004538202597f,-2.291718656357245f,1.514981901391316f,-1.1112979025066099f,0.9626730957253058f,1.7743330582310695f,0.6843681266179614f,-3.5042499719815794f,0.37387956316611237f,0f,0f,0f,1f], start_interpolation: 0, interpolation_duration: 1 }
$data merge entity $(bone_group9) { transformation: [-2.3285763458758497f,-2.589202600362933f,-1.576467286610005f,1.1360329720009366f,-2.291718656357245f,1.514981901391316f,-1.1112979025066099f,0.8474603391132516f,1.7743330582310695f,0.6843681266179614f,-3.5042499719815794f,0.3876836106313005f,0f,0f,0f,1f], start_interpolation: 0, interpolation_duration: 1 }
$data merge entity $(bone_group10) { transformation: [-2.3285763458758497f,-2.589202600362933f,-1.576467286610005f,1.1360329720009366f,-2.291718656357245f,1.514981901391316f,-1.1112979025066099f,0.8474603391132516f,1.7743330582310695f,0.6843681266179614f,-3.5042499719815794f,0.3876836106313005f,0f,0f,0f,1f], start_interpolation: 0, interpolation_duration: 1 }
$data merge entity $(bone_group11) { transformation: [-2.3285763458758497f,-2.589202600362933f,-1.576467286610005f,1.1865654901816134f,-2.291718656357245f,1.514981901391316f,-1.1112979025066099f,0.7322475825011976f,1.7743330582310695f,0.6843681266179614f,-3.5042499719815794f,0.4014876580964888f,0f,0f,0f,1f], start_interpolation: 0, interpolation_duration: 1 }
$data merge entity $(bone_group12) { transformation: [-2.3285763458758497f,-2.589202600362933f,-1.576467286610005f,1.1865654901816134f,-2.291718656357245f,1.514981901391316f,-1.1112979025066099f,0.7322475825011976f,1.7743330582310695f,0.6843681266179614f,-3.5042499719815794f,0.4014876580964888f,0f,0f,0f,1f], start_interpolation: 0, interpolation_duration: 1 }
$data merge entity $(bone_group13) { transformation: [-2.5179903212526416f,-1.9242620630550977f,-0.630586914644002f,0.9168333694270537f,-1.7924539489307256f,2.0119919665514194f,-0.444519161002644f,0.9550738777695096f,1.7012141630611821f,0.22761325457934284f,-1.4016999887926318f,0.39866179518240813f,0f,0f,0f,1f], start_interpolation: 0, interpolation_duration: 1 }
$data merge entity $(bone_group14) { transformation: [-2.5179903212526416f,-1.9242620630550977f,-0.630586914644002f,0.9168333694270537f,-1.7924539489307256f,2.0119919665514194f,-0.444519161002644f,0.9550738777695096f,1.7012141630611821f,0.22761325457934284f,-1.4016999887926318f,0.39866179518240813f,0f,0f,0f,1f], start_interpolation: 0, interpolation_duration: 1 }
$data merge entity $(bone_group15) { transformation: [-2.4316586200869614f,-2.0322637871575173f,-0.630586914644002f,0.9763769025116489f,-1.87850978691157f,1.9318912528872447f,-0.444519161002644f,0.8843304414055819f,1.6896666334151613f,0.3016025367659127f,-1.4016999887926318f,0.39430953729223306f,0f,0f,0f,1f], start_interpolation: 0, interpolation_duration: 1 }
$data merge entity $(bone_group16) { transformation: [-2.4316586200869614f,-2.0322637871575173f,-0.630586914644002f,0.9763769025116489f,-1.87850978691157f,1.9318912528872447f,-0.444519161002644f,0.8843304414055819f,1.6896666334151613f,0.3016025367659127f,-1.4016999887926318f,0.39430953729223306f,0f,0f,0f,1f], start_interpolation: 0, interpolation_duration: 1 }
$data merge entity $(bone_group17) { transformation: [-2.2452819650708387f,-2.2364634230325953f,-0.630586914644002f,1.0885021954416187f,-2.0397369070878524f,1.7608169076790696f,-0.444519161002644f,0.805819114974364f,1.6569505486443017f,0.44771899848845653f,-1.4016999887926318f,0.3687655879063907f,0f,0f,0f,1f], start_interpolation: 0, interpolation_duration: 1 }
$data merge entity $(bone_group18) { transformation: [-2.2452819650708387f,-2.2364634230325953f,-0.630586914644002f,1.0885021954416187f,-2.0397369070878524f,1.7608169076790696f,-0.444519161002644f,0.805819114974364f,1.6569505486443017f,0.44771899848845653f,-1.4016999887926318f,0.3687655879063907f,0f,0f,0f,1f], start_interpolation: 0, interpolation_duration: 1 }
$data merge entity $(bone_group19) { transformation: [-2.2452819650708387f,-2.2364634230325953f,-0.630586914644002f,1.1390347136222954f,-2.0397369070878524f,1.7608169076790696f,-0.444519161002644f,0.6906063583623098f,1.6569505486443017f,0.44771899848845653f,-1.4016999887926318f,0.38256963537157884f,0f,0f,0f,1f], start_interpolation: 0, interpolation_duration: 1 }
$data merge entity $(bone_group20) { transformation: [-2.2452819650708387f,-2.2364634230325953f,-0.630586914644002f,1.1390347136222954f,-2.0397369070878524f,1.7608169076790696f,-0.444519161002644f,0.6906063583623098f,1.6569505486443017f,0.44771899848845653f,-1.4016999887926318f,0.38256963537157884f,0f,0f,0f,1f], start_interpolation: 0, interpolation_duration: 1 }
$data merge entity $(bone_bone11) { transformation: [-0.8270836112042166f,-0.018024990269836838f,-0.3941168216525012f,0.539655539882927f,0.09599840346480837f,1.4320374866425807f,-0.27782447562665247f,1.1694033084722855f,0.34163870771562194f,-0.44603109373245714f,-0.8760624929953948f,0.4431762173762224f,0f,0f,0f,1f], start_interpolation: 0, interpolation_duration: 1 }
$data merge entity $(bone_3) { transformation: [-0.827801892590373f,-0.3992692794522603f,-0.3941168216525012f,0.5878980132114324f,-0.3067989060091141f,0.9103230152063532f,-0.27782447562665247f,1.40225f,0.4697003916279051f,-0.10906901700889432f,-0.8760624929953948f,0.3476308871044306f,0f,0f,0f,1f], start_interpolation: 0, interpolation_duration: 1 }
$data merge entity $(bone_8) { transformation: [-0.8541337572849328f,0.10071297259216344f,-0.5102082141812043f,0.06650417036976157f,0.10186096863490215f,0.9944645759804676f,0.025778870975047413f,0.3864686701339964f,0.50998026210343f,-0.029951698977500357f,-0.8596644857113024f,0.5997466620629411f,0f,0f,0f,1f], start_interpolation: 0, interpolation_duration: 1 }
$data merge entity $(bone_7) { transformation: [-0.8541337572849328f,0.0277696926300898f,-0.5193114372296781f,0.07818090505780519f,0.10186096863490215f,0.9881647888921149f,-0.11469391031158317f,0.761625f,0.50998026210343f,-0.15086150657153183f,-0.846853551743089f,0.5443713936922203f,0f,0f,0f,1f], start_interpolation: 0, interpolation_duration: 1 }