# This file was generated by Animated Java via MC-Build. It is not recommended to edit this file directly.
$data merge entity $(bone_layer) { transformation: [-0.8628769882351216f,-0.09919427836185671f,-0.4955842999072474f,0.28743201822821607f,-0.10040821491485115f,0.9946504723946936f,-0.02426165993137857f,1.358661754043014f,0.4953397758628909f,0.028825906842340265f,-0.8682209243866551f,0.5359307542311282f,0f,0f,0f,1f], start_interpolation: 0, interpolation_duration: 1 }
$data merge entity $(bone_head) { transformation: [-0.8628769882351216f,-0.09919427836185671f,-0.4955842999072474f,0.28743201822821607f,-0.10040821491485115f,0.9946504723946936f,-0.02426165993137857f,1.358661754043014f,0.4953397758628909f,0.028825906842340265f,-0.8682209243866551f,0.5359307542311282f,0f,0f,0f,1f], start_interpolation: 0, interpolation_duration: 1 }
$data merge entity $(bone_6) { transformation: [-0.6759052154378072f,-0.15684795310507404f,-0.7201047558173186f,0.3518321088371275f,-0.10090523920221355f,0.9875843149624719f,-0.12039665087388912f,0.39873016016696006f,0.7300481302253403f,-0.008714381610508373f,-0.683340169394154f,0.41577975123440153f,0f,0f,0f,1f], start_interpolation: 0, interpolation_duration: 1 }
$data merge entity $(bone_12) { transformation: [-0.6817883171256501f,-0.22982870871008595f,-0.6945095069785787f,0.2656463430708453f,-0.09179377347536928f,0.9687411778263781f,-0.23046568841090892f,0.7620081018518519f,0.7257675893715058f,-0.09337716549679596f,-0.6815732617860368f,0.38076331417310305f,0f,0f,0f,1f], start_interpolation: 0, interpolation_duration: 1 }
$data merge entity $(bone_group3) { transformation: [1.2054348094347858f,-0.11121904182970871f,0.28259600763261666f,-1.039433038767227f,0.2927715145531036f,0.8163073328017341f,-0.3912872041717472f,1.6784392867125102f,-0.2547610341230381f,0.43868846920409876f,0.799271013540437f,1.0873900864928479f,0f,0f,0f,1f], start_interpolation: 0, interpolation_duration: 1 }
$data merge entity $(bone_group1) { transformation: [1.2323737546804665f,-0.10482970182785241f,0.12477548229497555f,-0.9867984510775831f,0.23715623381464415f,0.8016136914210774f,-0.45425863553406376f,1.7216473582306369f,-0.1478672991091068f,0.46650498802841756f,0.810366132439416f,1.0174563190824288f,0f,0f,0f,1f], start_interpolation: 0, interpolation_duration: 1 }
$data merge entity $(bone_group4) { transformation: [1.1845512096975672f,-0.12450996356185198f,0.17766989255860496f,-1.0212628644033754f,0.2652516162733412f,0.7729163267868782f,-0.42629888177600994f,1.6935848138560434f,-0.17216864792757125f,0.4530186764188244f,0.7785759884278787f,1.0370361806816184f,0f,0f,0f,1f], start_interpolation: 0, interpolation_duration: 1 }
$data merge entity $(bone_group2) { transformation: [1.167764971639949f,-0.10774344677253032f,0.2737648823940974f,-1.039433038767227f,0.2836224047233191f,0.79079772865168f,-0.37905947904138015f,1.6784392867125102f,-0.2467997518066932f,0.42497945454147074f,0.7742937943672984f,1.0873900864928479f,0f,0f,0f,1f], start_interpolation: 0, interpolation_duration: 1 }
$data merge entity $(bone_10) { transformation: [-0.7915529378758148f,0.2414129887418304f,-0.561394438346964f,0.21039870756546541f,0.01431678303033424f,0.9257349902959633f,0.3779017828290772f,1.0595152067787073f,0.6109328737789682f,0.2910919040586144f,-0.73622450864373f,0.49526624609323155f,0f,0f,0f,1f], start_interpolation: 0, interpolation_duration: 1 }
$data merge entity $(bone_9) { transformation: [-0.7915529378758148f,0.2414129887418304f,-0.561394438346964f,0.30092857834365183f,0.01431678303033424f,0.9257349902959633f,0.3779017828290772f,1.4066658281396935f,0.6109328737789682f,0.2910919040586144f,-0.73622450864373f,0.604425710115212f,0f,0f,0f,1f], start_interpolation: 0, interpolation_duration: 1 }
$data merge entity $(bone_bone12) { transformation: [-0.695560234593584f,0.9901637588079055f,-0.5909584271129281f,0.11782582546356776f,0.8453276333639171f,1.101652420163665f,0.3781728807592272f,1.861408647939344f,1.0254838625368405f,-0.2365114709500149f,-0.7125681789713046f,0.38364335183358317f,0f,0f,0f,1f], start_interpolation: 0, interpolation_duration: 1 }
$data merge entity $(bone_bone1) { transformation: [0.604925462567767f,-0.907825497751891f,0.736541431908928f,0.3142707737783988f,-0.6104229910921737f,1.2531879335273997f,0.6729680486699764f,0.529291137796173f,-0.5113207962554005f,-2.57009199619252f,0.06797591154865179f,1.5679697823075216f,0f,0f,0f,1f], start_interpolation: 0, interpolation_duration: 1 }
$data merge entity $(bone_2) { transformation: [0.7435043660174322f,-0.31052265119959155f,0.592264249136306f,-0.031469577163282005f,-0.2588190451025206f,0.6830127018922192f,0.6830127018922194f,1.0415506642153374f,-0.6166149200313231f,-0.6611121933120483f,0.42745374983604645f,0.9360648944299736f,0f,0f,0f,1f], start_interpolation: 0, interpolation_duration: 1 }
$data merge entity $(bone_bone2) { transformation: [1.435325691841812f,-0.38865214539675225f,0.6687282086575462f,0.15452899933194367f,-0.023141524625886256f,1.913634654331585f,0.2904594978560801f,0.9192696633336216f,-1.3925891814087925f,-0.43237937002097715f,0.6844237452418367f,0.8062260082474612f,0f,0f,0f,1f], start_interpolation: 0, interpolation_duration: 1 }
$data merge entity $(bone_1) { transformation: [0.7435043660174322f,-0.001959759853882137f,0.6687282086575462f,-0.032204487108487806f,-0.2588190451025206f,0.9212198336973717f,0.2904594978560801f,1.3870081018518519f,-0.6166149200313231f,-0.3890375012050919f,0.6844237452418367f,0.7901758314780643f,0f,0f,0f,1f], start_interpolation: 0, interpolation_duration: 1 }
$data merge entity $(bone_4) { transformation: [-0.8288598807102885f,-0.5548191442465636f,0.07188195410836543f,0.6949573550541487f,-0.3100291930051915f,0.3485628061601033f,-0.8845257880052699f,1.1238668798985572f,0.46569646512881774f,-0.7554334433550747f,-0.46091985748849973f,0.34488656382158456f,0f,0f,0f,1f], start_interpolation: 0, interpolation_duration: 1 }
$data merge entity $(bone_group5) { transformation: [-3.315439522841154f,-1.0813187446158656f,-1.5625636393852127f,0.7252650246768615f,-1.240116772020766f,2.4571020005194613f,-1.1006408471552473f,0.9169345748547463f,1.862785860515271f,-0.28878977056957866f,-3.5138276278788374f,0.5422028691176405f,0f,0f,0f,1f], start_interpolation: 0, interpolation_duration: 1 }
$data merge entity $(bone_group7) { transformation: [-3.315439522841154f,-1.0813187446158656f,-1.5625636393852127f,0.7252650246768615f,-1.240116772020766f,2.4571020005194613f,-1.1006408471552473f,0.9169345748547463f,1.862785860515271f,-0.28878977056957866f,-3.5138276278788374f,0.5422028691176405f,0f,0f,0f,1f], start_interpolation: 0, interpolation_duration: 1 }
$data merge entity $(bone_group6) { transformation: [-2.3305954791834647f,-2.594169263846214f,-1.5625636393852127f,1.0865488486201413f,-2.302523628488869f,1.5078543661290356f,-1.1006408471552473f,0.963824573131799f,1.75761476230147f,0.6812936525913006f,-3.5138276278788374f,0.36685618753026855f,0f,0f,0f,1f], start_interpolation: 0, interpolation_duration: 1 }
$data merge entity $(bone_group8) { transformation: [-2.3305954791834647f,-2.594169263846214f,-1.5625636393852127f,1.0865488486201413f,-2.302523628488869f,1.5078543661290356f,-1.1006408471552473f,0.963824573131799f,1.75761476230147f,0.6812936525913006f,-3.5138276278788374f,0.36685618753026855f,0f,0f,0f,1f], start_interpolation: 0, interpolation_duration: 1 }
$data merge entity $(bone_group9) { transformation: [-2.3305954791834647f,-2.594169263846214f,-1.5625636393852127f,1.13723566477401f,-2.302523628488869f,1.5078543661290356f,-1.1006408471552473f,0.8486479168574491f,1.75761476230147f,0.6812936525913006f,-3.5138276278788374f,0.3803932080257175f,0f,0f,0f,1f], start_interpolation: 0, interpolation_duration: 1 }
$data merge entity $(bone_group10) { transformation: [-2.3305954791834647f,-2.594169263846214f,-1.5625636393852127f,1.13723566477401f,-2.302523628488869f,1.5078543661290356f,-1.1006408471552473f,0.8486479168574491f,1.75761476230147f,0.6812936525913006f,-3.5138276278788374f,0.3803932080257175f,0f,0f,0f,1f], start_interpolation: 0, interpolation_duration: 1 }
$data merge entity $(bone_group11) { transformation: [-2.3305954791834647f,-2.594169263846214f,-1.5625636393852127f,1.1879224809278786f,-2.302523628488869f,1.5078543661290356f,-1.1006408471552473f,0.7334712605830994f,1.75761476230147f,0.6812936525913006f,-3.5138276278788374f,0.39393022852116655f,0f,0f,0f,1f], start_interpolation: 0, interpolation_duration: 1 }
$data merge entity $(bone_group12) { transformation: [-2.3305954791834647f,-2.594169263846214f,-1.5625636393852127f,1.1879224809278786f,-2.302523628488869f,1.5078543661290356f,-1.1006408471552473f,0.7334712605830994f,1.75761476230147f,0.6812936525913006f,-3.5138276278788374f,0.39393022852116655f,0f,0f,0f,1f], start_interpolation: 0, interpolation_duration: 1 }
$data merge entity $(bone_group13) { transformation: [-2.520632967284129f,-1.9285467190835575f,-0.6250254557540851f,0.9178118238274198f,-1.8033131692747948f,2.007760552744543f,-0.440256338862099f,0.9558376232331827f,1.6857541645565632f,0.22871176094745127f,-1.405531051151535f,0.391032986126684f,0f,0f,0f,1f], start_interpolation: 0, interpolation_duration: 1 }
$data merge entity $(bone_group14) { transformation: [-2.520632967284129f,-1.9285467190835575f,-0.6250254557540851f,0.9178118238274198f,-1.8033131692747948f,2.007760552744543f,-0.440256338862099f,0.9558376232331827f,1.6857541645565632f,0.22871176094745127f,-1.405531051151535f,0.391032986126684f,0f,0f,0f,1f], start_interpolation: 0, interpolation_duration: 1 }
$data merge entity $(bone_group15) { transformation: [-2.434111856833957f,-2.0366596357437574f,-0.6250254557540851f,0.9774936228728038f,-1.8891741000061324f,1.9271901939100338f,-0.440256338862099f,0.8852149167828665f,1.67417343322867f,0.30202564193592724f,-1.405531051151535f,0.3866143363493435f,0f,0f,0f,1f], start_interpolation: 0, interpolation_duration: 1 }
$data merge entity $(bone_group16) { transformation: [-2.434111856833957f,-2.0366596357437574f,-0.6250254557540851f,0.9774936228728038f,-1.8891741000061324f,1.9271901939100338f,-0.440256338862099f,0.8852149167828665f,1.67417343322867f,0.30202564193592724f,-1.405531051151535f,0.3866143363493435f,0f,0f,0f,1f], start_interpolation: 0, interpolation_duration: 1 }
$data merge entity $(bone_group17) { transformation: [-2.247342743062819f,-2.2410563577586418f,-0.6250254557540851f,1.0898426407847457f,-2.0499509149645867f,1.7552042815219056f,-0.440256338862099f,0.8069967270331965f,1.6414794287166918f,0.44679017224576845f,-1.405531051151535f,0.3611542497557344f,0f,0f,0f,1f], start_interpolation: 0, interpolation_duration: 1 }
$data merge entity $(bone_group18) { transformation: [-2.247342743062819f,-2.2410563577586418f,-0.6250254557540851f,1.0898426407847457f,-2.0499509149645867f,1.7552042815219056f,-0.440256338862099f,0.8069967270331965f,1.6414794287166918f,0.44679017224576845f,-1.405531051151535f,0.3611542497557344f,0f,0f,0f,1f], start_interpolation: 0, interpolation_duration: 1 }
$data merge entity $(bone_group19) { transformation: [-2.247342743062819f,-2.2410563577586418f,-0.6250254557540851f,1.1405294569386144f,-2.0499509149645867f,1.7552042815219056f,-0.440256338862099f,0.6918200707588466f,1.6414794287166918f,0.44679017224576845f,-1.405531051151535f,0.3746912702511834f,0f,0f,0f,1f], start_interpolation: 0, interpolation_duration: 1 }
$data merge entity $(bone_group20) { transformation: [-2.247342743062819f,-2.2410563577586418f,-0.6250254557540851f,1.1405294569386144f,-2.0499509149645867f,1.7552042815219056f,-0.440256338862099f,0.6918200707588466f,1.6414794287166918f,0.44679017224576845f,-1.405531051151535f,0.3746912702511834f,0f,0f,0f,1f], start_interpolation: 0, interpolation_duration: 1 }
$data merge entity $(bone_bone11) { transformation: [-0.8284102972374003f,-0.01901168282256238f,-0.3906409098463032f,0.5401097373822566f,0.09325504081334579f,1.4336974849629323f,-0.27516021178881184f,1.1693396167945997f,0.3391752891853167f,-0.4406246447115919f,-0.8784569069697094f,0.43507599225154425f,0f,0f,0f,1f], start_interpolation: 0, interpolation_duration: 1 }
$data merge entity $(bone_3) { transformation: [-0.8288598807102885f,-0.40048842393180206f,-0.3906409098463032f,0.5882698826320919f,-0.3100291930051915f,0.9100377779701708f,-0.27516021178881184f,1.4026331018518519f,0.46569646512881774f,-0.10695917428502913f,-0.8784569069697094f,0.34058483729851996f,0f,0f,0f,1f], start_interpolation: 0, interpolation_duration: 1 }
$data merge entity $(bone_8) { transformation: [-0.8554202167723297f,0.10106698876270812f,-0.507978066967088f,0.06773336236064426f,0.10211879527319027f,0.99443532088469f,0.025887144085737515f,0.38725283675063105f,0.5077676677272125f,-0.029729721818444882f,-0.8609809168915795f,0.5923620972436981f,0f,0f,0f,1f], start_interpolation: 0, interpolation_duration: 1 }
$data merge entity $(bone_7) { transformation: [-0.8554202167723297f,0.026428765374596222f,-0.5172598699860209f,0.07883350695640604f,0.10211879527319027f,0.9876992845351469f,-0.11841399824645384f,0.7620081018518519f,0.5077676677272125f,-0.1541156828149993f,-0.8475968097635418f,0.535693920187633f,0f,0f,0f,1f], start_interpolation: 0, interpolation_duration: 1 }