# This file was generated by Animated Java via MC-Build. It is not recommended to edit this file directly.
$data merge entity $(bone_layer) { transformation: [-0.8639145128055855f,-0.10720418789748254f,-0.4920965115311518f,0.2879736412586008f,-0.10245629604880793f,0.9940607149214525f,-0.03668790604286083f,1.3598487334074798f,0.4931069072359936f,0.0187231713951461f,-0.8697672222434352f,0.5254012610602965f,0f,0f,0f,1f], start_interpolation: 0, interpolation_duration: 1 }
$data merge entity $(bone_head) { transformation: [-0.8639145128055855f,-0.10720418789748254f,-0.4920965115311518f,0.2879736412586008f,-0.10245629604880793f,0.9940607149214525f,-0.03668790604286083f,1.3598487334074798f,0.4931069072359936f,0.0187231713951461f,-0.8697672222434352f,0.5254012610602965f,0f,0f,0f,1f], start_interpolation: 0, interpolation_duration: 1 }
$data merge entity $(bone_6) { transformation: [-0.6796992905180003f,-0.15161328480298697f,-0.7176505321816293f,0.35314633799439665f,-0.10140999215184644f,0.9884322946210604f,-0.11277239219732657f,0.3989841453583315f,0.7264467550764402f,-0.003874380130233057f,-0.6872118314010003f,0.40465637361878526f,0f,0f,0f,1f], start_interpolation: 0, interpolation_duration: 1 }
$data merge entity $(bone_12) { transformation: [-0.6851200783811996f,-0.22796363143133547f,-0.691840343535687f,0.26765997620764587f,-0.09294230826353157f,0.9693632666987705f,-0.2273688292394869f,0.7624953703703704f,0.7224764394314777f,-0.09147371163195743f,-0.6853177033658826f,0.37035373175680125f,0f,0f,0f,1f], start_interpolation: 0, interpolation_duration: 1 }
$data merge entity $(bone_group3) { transformation: [1.2058194724783031f,-0.11326691443546347f,0.2795282126438637f,-1.0381343343245575f,0.2943445477136537f,0.816365545867571f,-0.39094717405621676f,1.6766954460907006f,-0.25131232686707655f,0.4380461708133386f,0.8004543755509631f,1.0718594402427477f,0f,0f,0f,1f], start_interpolation: 0, interpolation_duration: 1 }
$data merge entity $(bone_group1) { transformation: [1.2311368627801202f,-0.10722469152782893f,0.13330756320682696f,-0.9892916724989325f,0.24304169032744885f,0.8028807276498201f,-0.4497158926280306f,1.7168005164091593f,-0.15211669719362997f,0.4637588501252806f,0.8108993649668462f,1.006947318098238f,0f,0f,0f,1f], start_interpolation: 0, interpolation_duration: 1 }
$data merge entity $(bone_group4) { transformation: [1.1837312528899677f,-0.12516272044770296f,0.18173885112387528f,-1.0211191247099414f,0.2682114712657733f,0.7743364629822667f,-0.422682815943396f,1.6907573947062187f,-0.17424982562319852f,0.4503083095306576f,0.7794345027147361f,1.0252126588792658f,0f,0f,0f,1f], start_interpolation: 0, interpolation_duration: 1 }
$data merge entity $(bone_group2) { transformation: [1.1681376139633561f,-0.10972732335935526f,0.270792955998743f,-1.0381343343245575f,0.28514628059760205f,0.7908541225592095f,-0.37873007486696003f,1.6766954460907006f,-0.24345881665248045f,0.4243572279754218f,0.7754401763149956f,1.0718594402427477f,0f,0f,0f,1f], start_interpolation: 0, interpolation_duration: 1 }
$data merge entity $(bone_10) { transformation: [-0.7931322116159627f,0.23888481539376952f,-0.5602457852331032f,0.21147872618950891f,0.013215811904477844f,0.9264027587132555f,0.37630210066404796f,1.0602327330696966f,0.6089060988468395f,0.29105321441749177f,-0.7379169256524535f,0.48450638910238697f,0f,0f,0f,1f], start_interpolation: 0, interpolation_duration: 1 }
$data merge entity $(bone_9) { transformation: [-0.7931322116159627f,0.23888481539376952f,-0.5602457852331032f,0.3010605319621725f,0.013215811904477844f,0.9264027587132555f,0.37630210066404796f,1.4076337675871673f,0.6089060988468395f,0.29105321441749177f,-0.7379169256524535f,0.5936513445089464f,0f,0f,0f,1f], start_interpolation: 0, interpolation_duration: 1 }
$data merge entity $(bone_bone12) { transformation: [-0.7017332435549131f,0.9901204360363692f,-0.5877384062973183f,0.1185764840176487f,0.8459374008478537f,1.1024470846202648f,0.37653410024653783f,1.86186829854292f,1.020764600060503f,-0.23296340432657942f,-0.7160905229889715f,0.37131587020673756f,0f,0f,0f,1f], start_interpolation: 0, interpolation_duration: 1 }
$data merge entity $(bone_bone1) { transformation: [0.6075266742023532f,-0.8946994201901461f,0.7361849864677779f,0.3100495163516654f,-0.6104229910921737f,1.2531879335273997f,0.6729680486699764f,0.5297784063146916f,-0.5082274216123243f,-2.574690845669192f,0.07173333373517288f,1.5579376131225762f,0f,0f,0f,1f], start_interpolation: 0, interpolation_duration: 1 }
$data merge entity $(bone_2) { transformation: [0.7466410517566132f,-0.30714518989580897f,0.5900753953145693f,-0.03246194922148858f,-0.2588190451025206f,0.6830127018922192f,0.6830127018922194f,1.042037932733856f,-0.6128130560978585f,-0.6626880724577422f,0.4304702973472671f,0.9242767625536433f,0f,0f,0f,1f], start_interpolation: 0, interpolation_duration: 1 }
$data merge entity $(bone_bone2) { transformation: [1.442412889803448f,-0.38644080863604907f,0.6652271335321456f,0.15419672717426144f,-0.023141524625886256f,1.913634654331585f,0.2904594978560801f,0.91975693185214f,-1.3852470989563028f,-0.43435689376588904f,0.6878271155732363f,0.7953886508072436f,0f,0f,0f,1f], start_interpolation: 0, interpolation_duration: 1 }
$data merge entity $(bone_1) { transformation: [0.7466410517566132f,0.000025384694452207368f,0.6652271335321456f,-0.03245242996106901f,-0.2588190451025206f,0.9212198336973717f,0.2904594978560801f,1.3874953703703703f,-0.6128130560978585f,-0.38904243644903835f,0.6878271155732363f,0.778385848885254f,0f,0f,0f,1f], start_interpolation: 0, interpolation_duration: 1 }
$data merge entity $(bone_4) { transformation: [-0.830084417557954f,-0.5525956798812637f,0.07481894348382734f,0.6959603155035177f,-0.3144457772771396f,0.35303779383922484f,-0.8811856610690556f,1.1245926789836833f,0.46052547473516353f,-0.7549849870677541f,-0.4668125495552314f,0.33489046892417146f,0f,0f,0f,1f], start_interpolation: 0, interpolation_duration: 1 }
$data merge entity $(bone_group5) { transformation: [-3.320337670231816f,-1.0860331650205093f,-1.5448871143839045f,0.7259278422800493f,-1.2577831091085585f,2.4559698253130593f,-1.0860432523491657f,0.9167070670711064f,1.8421018989406541f,-0.28061393697975545f,-3.5261641847533727f,0.5312543600625932f,0f,0f,0f,1f], start_interpolation: 0, interpolation_duration: 1 }
$data merge entity $(bone_group7) { transformation: [-3.320337670231816f,-1.0860331650205093f,-1.5448871143839045f,0.7259278422800493f,-1.2577831091085585f,2.4559698253130593f,-1.0860432523491657f,0.9167070670711064f,1.8421018989406541f,-0.28061393697975545f,-3.5261641847533727f,0.5312543600625932f,0f,0f,0f,1f], start_interpolation: 0, interpolation_duration: 1 }
$data merge entity $(bone_group6) { transformation: [-2.3324801890529367f,-2.600701145376086f,-1.5448871143839045f,1.0878415379913167f,-2.3172570375955157f,1.4980407050948603f,-1.0860432523491657f,0.9653793980180192f,1.735614009332039f,0.6780321513898933f,-3.5261641847533727f,0.3577014482978798f,0f,0f,0f,1f], start_interpolation: 0, interpolation_duration: 1 }
$data merge entity $(bone_group8) { transformation: [-2.3324801890529367f,-2.600701145376086f,-1.5448871143839045f,1.0878415379913167f,-2.3172570375955157f,1.4980407050948603f,-1.0860432523491657f,0.9653793980180192f,1.735614009332039f,0.6780321513898933f,-3.5261641847533727f,0.3577014482978798f,0f,0f,0f,1f], start_interpolation: 0, interpolation_duration: 1 }
$data merge entity $(bone_group9) { transformation: [-2.3324801890529367f,-2.600701145376086f,-1.5448871143839045f,1.138749342601653f,-2.3172570375955157f,1.4980407050948603f,-1.0860432523491657f,0.8502558124564694f,1.735614009332039f,0.6780321513898933f,-3.5261641847533727f,0.3708552265938059f,0f,0f,0f,1f], start_interpolation: 0, interpolation_duration: 1 }
$data merge entity $(bone_group10) { transformation: [-2.3324801890529367f,-2.600701145376086f,-1.5448871143839045f,1.138749342601653f,-2.3172570375955157f,1.4980407050948603f,-1.0860432523491657f,0.8502558124564694f,1.735614009332039f,0.6780321513898933f,-3.5261641847533727f,0.3708552265938059f,0f,0f,0f,1f], start_interpolation: 0, interpolation_duration: 1 }
$data merge entity $(bone_group11) { transformation: [-2.3324801890529367f,-2.600701145376086f,-1.5448871143839045f,1.1896571472119892f,-2.3172570375955157f,1.4980407050948603f,-1.0860432523491657f,0.7351322268949199f,1.735614009332039f,0.6780321513898933f,-3.5261641847533727f,0.3840090048897319f,0f,0f,0f,1f], start_interpolation: 0, interpolation_duration: 1 }
$data merge entity $(bone_group12) { transformation: [-2.3324801890529367f,-2.600701145376086f,-1.5448871143839045f,1.1896571472119892f,-2.3172570375955157f,1.4980407050948603f,-1.0860432523491657f,0.7351322268949199f,1.735614009332039f,0.6780321513898933f,-3.5261641847533727f,0.3840090048897319f,0f,0f,0f,1f], start_interpolation: 0, interpolation_duration: 1 }
$data merge entity $(bone_group13) { transformation: [-2.523419615301515f,-1.9343685529308985f,-0.6179548457535619f,0.9190227889034275f,-1.8181365342486084f,2.001899645042513f,-0.4344173009396663f,0.9568609456512251f,1.6655416636942184f,0.23091138354657265f,-1.4104656739013492f,0.38111423157174723f,0f,0f,0f,1f], start_interpolation: 0, interpolation_duration: 1 }
$data merge entity $(bone_group14) { transformation: [-2.523419615301515f,-1.9343685529308985f,-0.6179548457535619f,0.9190227889034275f,-1.8181365342486084f,2.001899645042513f,-0.4344173009396663f,0.9568609456512251f,1.6655416636942184f,0.23091138354657265f,-1.4104656739013492f,0.38111423157174723f,0f,0f,0f,1f], start_interpolation: 0, interpolation_duration: 1 }
$data merge entity $(bone_group15) { transformation: [-2.4366419077541375f,-2.0425974803746096f,-0.6179548457535619f,0.9788940004740858f,-1.9037277072177126f,1.9206882783946155f,-0.4344173009396663f,0.886405878925963f,1.6538842239982139f,0.30334151407699395f,-1.4104656739013492f,0.3765832419098467f,0f,0f,0f,1f], start_interpolation: 0, interpolation_duration: 1 }
$data merge entity $(bone_group16) { transformation: [-2.4366419077541375f,-2.0425974803746096f,-0.6179548457535619f,0.9788940004740858f,-1.9037277072177126f,1.9206882783946155f,-0.4344173009396663f,0.886405878925963f,1.6538842239982139f,0.30334151407699395f,-1.4104656739013492f,0.3765832419098467f,0f,0f,0f,1f], start_interpolation: 0, interpolation_duration: 1 }
$data merge entity $(bone_group17) { transformation: [-2.2493456491162833f,-2.2471921155651273f,-0.6179548457535619f,1.0915399710656326f,-2.063882462030844f,1.7474586773118221f,-0.4344173009396663f,0.8085918062077415f,1.621152740239022f,0.44633271599582275f,-1.4104656739013492f,0.3511970559155102f,0f,0f,0f,1f], start_interpolation: 0, interpolation_duration: 1 }
$data merge entity $(bone_group18) { transformation: [-2.2493456491162833f,-2.2471921155651273f,-0.6179548457535619f,1.0915399710656326f,-2.063882462030844f,1.7474586773118221f,-0.4344173009396663f,0.8085918062077415f,1.621152740239022f,0.44633271599582275f,-1.4104656739013492f,0.3511970559155102f,0f,0f,0f,1f], start_interpolation: 0, interpolation_duration: 1 }
$data merge entity $(bone_group19) { transformation: [-2.2493456491162833f,-2.2471921155651273f,-0.6179548457535619f,1.142447775675969f,-2.063882462030844f,1.7474586773118221f,-0.4344173009396663f,0.693468220646192f,1.621152740239022f,0.44633271599582275f,-1.4104656739013492f,0.36435083421143627f,0f,0f,0f,1f], start_interpolation: 0, interpolation_duration: 1 }
$data merge entity $(bone_group20) { transformation: [-2.2493456491162833f,-2.2471921155651273f,-0.6179548457535619f,1.142447775675969f,-2.063882462030844f,1.7474586773118221f,-0.4344173009396663f,0.693468220646192f,1.621152740239022f,0.44633271599582275f,-1.4104656739013492f,0.36435083421143627f,0f,0f,0f,1f], start_interpolation: 0, interpolation_duration: 1 }
$data merge entity $(bone_bone11) { transformation: [-0.8300732571754061f,-0.020609146440506265f,-0.3862217785959761f,0.5406195709446661f,0.08949304192811408f,1.435927223600333f,-0.2715108130872914f,1.1692219692387005f,0.3361091834042397f,-0.43323004467191895f,-0.8815410461883432f,0.42465219256646275f,0f,0f,0f,1f], start_interpolation: 0, interpolation_duration: 1 }
$data merge entity $(bone_3) { transformation: [-0.830084417557954f,-0.40223450556315155f,-0.3862217785959761f,0.5886163772455812f,-0.3144457772771396f,0.9096184538196515f,-0.2715108130872914f,1.4031203703703703f,0.46052547473516353f,-0.10393108777027979f,-0.8815410461883432f,0.33158408493575536f,0f,0f,0f,1f], start_interpolation: 0, interpolation_duration: 1 }
$data merge entity $(bone_8) { transformation: [-0.8569752013495042f,0.10153984116328323f,-0.5052555441838436f,0.06934764053846179f,0.10247160604817708f,0.99439512738949f,0.026036523922123092f,0.3882987998233791f,0.5050673957264356f,-0.029461691746661522f,-0.8625769151174525f,0.5831101489957268f,0f,0f,0f,1f], start_interpolation: 0, interpolation_duration: 1 }
$data merge entity $(bone_7) { transformation: [-0.8569752013495042f,0.024558030993208385f,-0.5147721897943918f,0.0796474910878134f,0.10247160604817708f,0.9870393060117088f,-0.12350294871715276f,0.7624953703703704f,0.5050673957264356f,-0.1585884973813078f,-0.848384708886514f,0.5246668455613118f,0f,0f,0f,1f], start_interpolation: 0, interpolation_duration: 1 }