# This file was generated by Animated Java via MC-Build. It is not recommended to edit this file directly.
$data merge entity $(bone_layer) { transformation: [-0.8649791978881032f,-0.11422593762705956f,-0.4886342419377429f,0.28860981920117357f,-0.10425015184223604f,0.9934074718208794f,-0.04768124129382012f,1.3613486213684083f,0.4908593414224939f,0.009696912068687967f,-0.8711848694936154f,0.5124380511871082f,0f,0f,0f,1f], start_interpolation: 0, interpolation_duration: 1 }
$data merge entity $(bone_head) { transformation: [-0.8649791978881032f,-0.11422593762705956f,-0.4886342419377429f,0.28860981920117357f,-0.10425015184223604f,0.9934074718208794f,-0.04768124129382012f,1.3613486213684083f,0.4908593414224939f,0.009696912068687967f,-0.8711848694936154f,0.5124380511871082f,0f,0f,0f,1f], start_interpolation: 0, interpolation_duration: 1 }
$data merge entity $(bone_6) { transformation: [-0.6843346279260484f,-0.1449251963694611f,-0.7146207417075088f,0.3547466811399273f,-0.10204520522455174f,0.9894395076061033f,-0.10293802445583797f,0.399287604857578f,0.7219923082083326f,0.002479565579835738f,-0.6918966386986855f,0.3909163660964706f,0f,0f,0f,1f], start_interpolation: 0, interpolation_duration: 1 }
$data merge entity $(bone_12) { transformation: [-0.6891686401245246f,-0.22561166628123533f,-0.6885825742107607f,0.27014230628446406f,-0.09441184372430614f,0.970149720379792f,-0.2233739550878494f,0.76309375f,0.7184239620401666f,-0.08893197447946308f,-0.6898971768906533f,0.35756687566667195f,0f,0f,0f,1f], start_interpolation: 0, interpolation_duration: 1 }
$data merge entity $(bone_group3) { transformation: [1.2062185755114334f,-0.11574590480462467f,0.27582045540889194f,-1.0363184093120212f,0.29634941652585545f,0.816449771393055f,-0.3905061272739681f,1.6744582491199282f,-0.24725586842490066f,0.43722896260904365f,0.8018830994107515f,1.052866958377098f,0f,0f,0f,1f], start_interpolation: 0, interpolation_duration: 1 }
$data merge entity $(bone_group1) { transformation: [1.2293944366933711f,-0.11017181488795022f,0.14452951339268066f,-0.9923910915587324f,0.2505472328935726f,0.8044914399522254f,-0.4437655331979583f,1.7105516582585938f,-0.15800903314142756f,0.4602463694223287f,0.8114971104166682f,0.9944291803444013f,0f,0f,0f,1f], start_interpolation: 0, interpolation_duration: 1 }
$data merge entity $(bone_group4) { transformation: [1.1825934716708428f,-0.12586717358946908f,0.18721200361983584f,-1.0208441678500917f,0.2719826942503477f,0.7761624879911403f,-0.4179824578640185f,1.6871186280638368f,-0.17731510887833984f,0.4468406506906248f,0.7804682482182959f,1.0109838149104524f,0f,0f,0f,1f], start_interpolation: 0, interpolation_duration: 1 }
$data merge entity $(bone_group2) { transformation: [1.1685242450267013f,-0.11212884527948017f,0.2672010661773641f,-1.0363184093120212f,0.28708849725942254f,0.7909357160370221f,-0.3783028107966566f,1.6744582491199282f,-0.23952912253662254f,0.42356555752751107f,0.7768242525541657f,1.052866958377098f,0f,0f,0f,1f], start_interpolation: 0, interpolation_duration: 1 }
$data merge entity $(bone_10) { transformation: [-0.7949676312172268f,0.23572595263330254f,-0.5589809840880039f,0.21279679173937643f,0.011810449669507152f,0.9272588353935818f,0.3742346395820975f,1.0611293809717917f,0.6065368732364712f,0.29090260816922975f,-0.7399247893974523f,0.47127677016393293f,0f,0f,0f,1f], start_interpolation: 0, interpolation_duration: 1 }
$data merge entity $(bone_9) { transformation: [-0.7949676312172268f,0.23572595263330254f,-0.5589809840880039f,0.3011940239768649f,0.011810449669507152f,0.9272588353935818f,0.3742346395820975f,1.4088514442443847f,0.6065368732364712f,0.29090260816922975f,-0.7399247893974523f,0.5803652482273941f,0f,0f,0f,1f], start_interpolation: 0, interpolation_duration: 1 }
$data merge entity $(bone_bone12) { transformation: [-0.7093305851639355f,0.9899775922360483f,-0.5837786825012465f,0.11945521058047656f,0.8467191205427383f,1.103465841561088f,0.3744209558565578f,1.8624289984921232f,1.0148481915332561f,-0.2287083369236818f,-0.7204244566035847f,0.35608661351621007f,0f,0f,0f,1f], start_interpolation: 0, interpolation_duration: 1 }
$data merge entity $(bone_bone1) { transformation: [0.6106993892109208f,-0.8785483893264432f,0.7357210395076974f,0.3048610076775361f,-0.6104229910921737f,1.2531879335273997f,0.6729680486699764f,0.5303767859443212f,-0.5044105747934828f,-2.580246641480855f,0.0763449899799401f,1.5455781380346632f,0f,0f,0f,1f], start_interpolation: 0, interpolation_duration: 1 }
$data merge entity $(bone_2) { transformation: [0.7504663875521881f,-0.30298663983856694f,0.5873664079888319f,-0.03367310317981401f,-0.2588190451025206f,0.6830127018922192f,0.6830127018922194f,1.0426363123634856f,-0.6081224408345639f,-0.6645996878822805f,0.43415936223947416f,0.9097834908577335f,0f,0f,0f,1f], start_interpolation: 0, interpolation_duration: 1 }
$data merge entity $(bone_bone2) { transformation: [1.4510647732609323f,-0.3837114651049437f,0.660904027705274f,0.15378954417669494f,-0.023141524625886256f,1.913634654331585f,0.2904594978560801f,0.9203553114817696f,-1.376181490080137f,-0.43676987223050623f,0.6919820418682407f,0.7820675456141777f,0f,0f,0f,1f], start_interpolation: 0, interpolation_duration: 1 }
$data merge entity $(bone_1) { transformation: [0.7504663875521881f,0.002463192504609246f,0.660904027705274f,-0.03274940599058554f,-0.2588190451025206f,0.9212198336973717f,0.2904594978560801f,1.38809375f,-0.6081224408345639f,-0.38903463944136385f,0.6919820418682407f,0.763895501067222f,0f,0f,0f,1f], start_interpolation: 0, interpolation_duration: 1 }
$data merge entity $(bone_4) { transformation: [-0.8314524388917063f,-0.5500197578899932f,0.07851820038479412f,0.6971383291820044f,-0.32012574478122646f,0.35875619281885696f,-0.8768201079140374f,1.1255130373212734f,0.45409949283091966f,-0.7541699145714794f,-0.47436419612566594f,0.3224887308258896f,0f,0f,0f,1f], start_interpolation: 0, interpolation_duration: 1 }
$data merge entity $(bone_group5) { transformation: [-3.325809755566825f,-1.0923474103380515f,-1.5231936792345935f,0.7267494315031499f,-1.2805029791249058f,2.454378593726473f,-1.0672250889488555f,0.9164110764702418f,1.8163979713236786f,-0.2698200396282915f,-3.541314957054497f,0.5176112836791434f,0f,0f,0f,1f], start_interpolation: 0, interpolation_duration: 1 }
$data merge entity $(bone_group7) { transformation: [-3.325809755566825f,-1.0923474103380515f,-1.5231936792345935f,0.7267494315031499f,-1.2805029791249058f,2.454378593726473f,-1.0672250889488555f,0.9164110764702418f,1.8163979713236786f,-0.2698200396282915f,-3.541314957054497f,0.5176112836791434f,0f,0f,0f,1f], start_interpolation: 0, interpolation_duration: 1 }
$data merge entity $(bone_group6) { transformation: [-2.33406203130596f,-2.608905484894309f,-1.5231936792345935f,1.0893991043785989f,-2.3361374064070595f,1.485302723109399f,-1.0672250889488555f,0.9673797532484393f,1.7079568063629698f,0.6745279768936148f,-3.541314957054497f,0.34626794159660623f,0f,0f,0f,1f], start_interpolation: 0, interpolation_duration: 1 }
$data merge entity $(bone_group8) { transformation: [-2.33406203130596f,-2.608905484894309f,-1.5231936792345935f,1.0893991043785989f,-2.3361374064070595f,1.485302723109399f,-1.0672250889488555f,0.9673797532484393f,1.7079568063629698f,0.6745279768936148f,-3.541314957054497f,0.34626794159660623f,0f,0f,0f,1f], start_interpolation: 0, interpolation_duration: 1 }
$data merge entity $(bone_group9) { transformation: [-2.33406203130596f,-2.608905484894309f,-1.5231936792345935f,1.140602889238195f,-2.3361374064070595f,1.485302723109399f,-1.0672250889488555f,0.8523307566675108f,1.7079568063629698f,0.6745279768936148f,-3.541314957054497f,0.3589157559541824f,0f,0f,0f,1f], start_interpolation: 0, interpolation_duration: 1 }
$data merge entity $(bone_group10) { transformation: [-2.33406203130596f,-2.608905484894309f,-1.5231936792345935f,1.140602889238195f,-2.3361374064070595f,1.485302723109399f,-1.0672250889488555f,0.8523307566675108f,1.7079568063629698f,0.6745279768936148f,-3.541314957054497f,0.3589157559541824f,0f,0f,0f,1f], start_interpolation: 0, interpolation_duration: 1 }
$data merge entity $(bone_group11) { transformation: [-2.33406203130596f,-2.608905484894309f,-1.5231936792345935f,1.191806674097791f,-2.3361374064070595f,1.485302723109399f,-1.0672250889488555f,0.7372817600865825f,1.7079568063629698f,0.6745279768936148f,-3.541314957054497f,0.3715635703117586f,0f,0f,0f,1f], start_interpolation: 0, interpolation_duration: 1 }
$data merge entity $(bone_group12) { transformation: [-2.33406203130596f,-2.608905484894309f,-1.5231936792345935f,1.191806674097791f,-2.3361374064070595f,1.485302723109399f,-1.0672250889488555f,0.7372817600865825f,1.7079568063629698f,0.6745279768936148f,-3.541314957054497f,0.3715635703117586f,0f,0f,0f,1f], start_interpolation: 0, interpolation_duration: 1 }
$data merge entity $(bone_group13) { transformation: [-2.5262178236009825f,-1.9418714947374784f,-0.6092774716938374f,0.9204894633197075f,-1.8371595343202158f,1.994233263495711f,-0.4268900355795422f,0.9581753952822658f,1.6402330318391758f,0.23424931832128393f,-1.4165259828217989f,0.3687469417243062f,0f,0f,0f,1f], start_interpolation: 0, interpolation_duration: 1 }
$data merge entity $(bone_group14) { transformation: [-2.5262178236009825f,-1.9418714947374784f,-0.6092774716938374f,0.9204894633197075f,-1.8371595343202158f,1.994233263495711f,-0.4268900355795422f,0.9581753952822658f,1.6402330318391758f,0.23424931832128393f,-1.4165259828217989f,0.3687469417243062f,0f,0f,0f,1f], start_interpolation: 0, interpolation_duration: 1 }
$data merge entity $(bone_group15) { transformation: [-2.439110179054295f,-2.050215337174849f,-0.6092774716938374f,0.9806063027774468f,-1.9223981987420231f,1.9121994219353402f,-0.4268900355795422f,0.8879403135468436f,1.6284540816828255f,0.3055723248608537f,-1.4165259828217989f,0.3640557609830736f,0f,0f,0f,1f], start_interpolation: 0, interpolation_duration: 1 }
$data merge entity $(bone_group16) { transformation: [-2.439110179054295f,-2.050215337174849f,-0.6092774716938374f,0.9806063027774468f,-1.9223981987420231f,1.9121994219353402f,-0.4268900355795422f,0.8879403135468436f,1.6284540816828255f,0.3055723248608537f,-1.4165259828217989f,0.3640557609830736f,0f,0f,0f,1f], start_interpolation: 0, interpolation_duration: 1 }
$data merge entity $(bone_group17) { transformation: [-2.2511405879313817f,-2.2549961081388155f,-0.6092774716938374f,1.0936280332446398f,-2.0817420541083425f,1.737374882957965f,-0.4268900355795422f,0.8106516380406958f,1.5956249393219164f,0.4463386549294732f,-1.4165259828217989f,0.33873477909938954f,0f,0f,0f,1f], start_interpolation: 0, interpolation_duration: 1 }
$data merge entity $(bone_group18) { transformation: [-2.2511405879313817f,-2.2549961081388155f,-0.6092774716938374f,1.0936280332446398f,-2.0817420541083425f,1.737374882957965f,-0.4268900355795422f,0.8106516380406958f,1.5956249393219164f,0.4463386549294732f,-1.4165259828217989f,0.33873477909938954f,0f,0f,0f,1f], start_interpolation: 0, interpolation_duration: 1 }
$data merge entity $(bone_group19) { transformation: [-2.2511405879313817f,-2.2549961081388155f,-0.6092774716938374f,1.1448318181042358f,-2.0817420541083425f,1.737374882957965f,-0.4268900355795422f,0.6956026414597674f,1.5956249393219164f,0.4463386549294732f,-1.4165259828217989f,0.3513825934569657f,0f,0f,0f,1f], start_interpolation: 0, interpolation_duration: 1 }
$data merge entity $(bone_group20) { transformation: [-2.2511405879313817f,-2.2549961081388155f,-0.6092774716938374f,1.1448318181042358f,-2.0817420541083425f,1.737374882957965f,-0.4268900355795422f,0.6956026414597674f,1.5956249393219164f,0.4463386549294732f,-1.4165259828217989f,0.3513825934569657f,0f,0f,0f,1f], start_interpolation: 0, interpolation_duration: 1 }
$data merge entity $(bone_bone11) { transformation: [-0.8320786258510249f,-0.02292117007700223f,-0.38079841980864837f,0.5411951066985686f,0.08463586185123534f,1.4387267186025912f,-0.26680627223721387f,1.1690525646554555f,0.3323882237543452f,-0.4237216647061147f,-0.8853287392636242f,0.41173954830672665f,0f,0f,0f,1f], start_interpolation: 0, interpolation_duration: 1 }
$data merge entity $(bone_3) { transformation: [-0.8314524388917063f,-0.404573114940019f,-0.38079841980864837f,0.5889306363032064f,-0.32012574478122646f,0.9090291087875826f,-0.26680627223721387f,1.40371875f,0.45409949283091966f,-0.09993334801047832f,-0.8853287392636242f,0.3204875412372671f,0f,0f,0f,1f], start_interpolation: 0, interpolation_duration: 1 }
$data merge entity $(bone_8) { transformation: [-0.858811294696303f,0.10213978364474441f,-0.5020065982624774f,0.07136534792749445f,0.10292585654405173f,0.9943431028703695f,0.02623093267115842f,0.38963329335589975f,0.5018460203655428f,-0.02914203786852204f,-0.8644659122673007f,0.5718645127793198f,0f,0f,0f,1f], start_interpolation: 0, interpolation_duration: 1 }
$data merge entity $(bone_7) { transformation: [-0.858811294696303f,0.022138030107388976f,-0.5118135087363599f,0.08063363261655897f,0.10292585654405173f,0.9861504448599439f,-0.13005217475001338f,0.76309375f,0.5018460203655428f,-0.1643691203526352f,-0.8491957160265047f,0.5111306849215309f,0f,0f,0f,1f], start_interpolation: 0, interpolation_duration: 1 }