# This file was generated by Animated Java via MC-Build. It is not recommended to edit this file directly.
$data merge entity $(bone_layer) { transformation: [-0.8660721810781042f,-0.1201932665190647f,-0.4852551451000728f,0.2893474856864672f,-0.10576729285723568f,0.9927487865559174f,-0.05712378273018461f,1.3631815230758102f,0.4886023505103791f,0.0018508039417170566f,-0.8725046232545144f,0.4968822523043358f,0f,0f,0f,1f], start_interpolation: 0, interpolation_duration: 1 }
$data merge entity $(bone_head) { transformation: [-0.8660721810781042f,-0.1201932665190647f,-0.4852551451000728f,0.2893474856864672f,-0.10576729285723568f,0.9927487865559174f,-0.05712378273018461f,1.3631815230758102f,0.4886023505103791f,0.0018508039417170566f,-0.8725046232545144f,0.4968822523043358f,0f,0f,0f,1f], start_interpolation: 0, interpolation_duration: 1 }
$data merge entity $(bone_6) { transformation: [-0.6898464578358845f,-0.13672495230123133f,-0.7109276700407073f,0.35665569324347735f,-0.1028083263797115f,0.9905534967616125f,-0.09074259242684429f,0.3996476074917501f,0.7166186661246591f,0.010490827973409042f,-0.6973862845583836f,0.37439410725928746f,0f,0f,0f,1f], start_interpolation: 0, interpolation_duration: 1 }
$data merge entity $(bone_12) { transformation: [-0.6939663429185753f,-0.2227559221599951f,-0.6846827835128239f,0.27312222243347917f,-0.09621577799764178f,0.9711002071824936f,-0.2184191192968835f,0.7638101851851852f,0.7135497452599411f,-0.08569823074467696f,-0.6953434937401121f,0.3422572707300336f,0f,0f,0f,1f], start_interpolation: 0, interpolation_duration: 1 }
$data merge entity $(bone_group3) { transformation: [1.2066225842421225f,-0.11866529618877394f,0.2714336178376254f,-1.0339288039857233f,0.29879816824063254f,0.8165686070506624f,-0.38995514962149713f,1.6717237191162266f,-0.24256764958052035f,0.4362104462843226f,0.8035687103789011f,1.0301943364350132f,0f,0f,0f,1f], start_interpolation: 0, interpolation_duration: 1 }
$data merge entity $(bone_group1) { transformation: [1.2270331784078272f,-0.11371162601805249f,0.15860317591348994f,-0.9961141056626335f,0.25971940548515804f,0.8064519006496008f,-0.4362462795646778f,1.7028288901278823f,-0.1656811417362011f,0.455915901383591f,0.8121155955337718f,0.9797971849144916f,0f,0f,0f,1f], start_interpolation: 0, interpolation_duration: 1 }
$data merge entity $(bone_group4) { transformation: [1.1810936814224688f,-0.12662998312695434f,0.19417728499388862f,-1.0204302994984922f,0.276586402929537f,0.7784176011915319f,-0.41209755633334716f,1.6826401217843796f,-0.18144544690767012f,0.4425573040817492f,0.7816701098100348f,0.9941960730574083f,0f,0f,0f,1f], start_interpolation: 0, interpolation_duration: 1 }
$data merge entity $(bone_group2) { transformation: [1.1689156284845563f,-0.11495700568287477f,0.2629513172801996f,-1.0339288039857233f,0.28946072548311286f,0.7910508380803292f,-0.3777690511958254f,1.6717237191162266f,-0.2349874105311291f,0.4225788698379375f,0.7784571881795606f,1.0301943364350132f,0f,0f,0f,1f], start_interpolation: 0, interpolation_duration: 1 }
$data merge entity $(bone_10) { transformation: [-0.7970677517553695f,0.23190286104448143f,-0.5575877170015717f,0.21436930865259157f,0.010090539112551132f,0.9283123557972937f,0.3716642989237694f,1.062217709964325f,0.6038055814018771f,0.290615266483822f,-0.7422678672517613f,0.4554207690041502f,0f,0f,0f,1f], start_interpolation: 0, interpolation_duration: 1 }
$data merge entity $(bone_9) { transformation: [-0.7970677517553695f,0.23190286104448143f,-0.5575877170015717f,0.3013328815442721f,0.010090539112551132f,0.9283123557972937f,0.3716642989237694f,1.41033484338831f,0.6038055814018771f,0.290615266483822f,-0.7422678672517613f,0.5644014939355835f,0f,0f,0f,1f], start_interpolation: 0, interpolation_duration: 1 }
$data merge entity $(bone_bone12) { transformation: [-0.718416499983431f,0.9897211076616096f,-0.5790144352837401f,0.12048371018403631f,0.8476811344224187f,1.1047195624581128f,0.3718012507699227f,1.8630955017868054f,1.0076281193455643f,-0.22371146008068699f,-0.7256074101461291f,0.3377655227728464f,0f,0f,0f,1f], start_interpolation: 0, interpolation_duration: 1 }
$data merge entity $(bone_bone1) { transformation: [0.6144665026134586f,-0.8591655664012094f,0.7351275614177706f,0.29864241725501045f,-0.6104229910921737f,1.2531879335273997f,0.6729680486699764f,0.5310932211295066f,-0.49981465475920994f,-2.5867652643353263f,0.08186253058198023f,1.5307226502098172f,0f,0f,0f,1f], start_interpolation: 0, interpolation_duration: 1 }
$data merge entity $(bone_2) { transformation: [0.7550076575302153f,-0.2979920058400882f,0.5840926309466139f,-0.0351121667233935f,-0.2588190451025206f,0.6830127018922192f,0.6830127018922194f,1.043352747548671f,-0.6024750110693023f,-0.6668541171120496f,0.43855381371931124f,0.89240607102186f,0f,0f,0f,1f], start_interpolation: 0, interpolation_duration: 1 }
$data merge entity $(bone_bone2) { transformation: [1.4613486285028692f,-0.38042383449177175f,0.6556938866810025f,0.15330338359917686f,-0.023141524625886256f,1.913634654331585f,0.2904594978560801f,0.921071746666955f,-1.3652562601250982f,-0.4396363450532866f,0.6969209475072147f,0.766100143924163f,0f,0f,0f,1f], start_interpolation: 0, interpolation_duration: 1 }
$data merge entity $(bone_1) { transformation: [0.7550076575302153f,0.0053818249597352985f,0.6556938866810025f,-0.03309398236349276f,-0.2588190451025206f,0.9212198336973717f,0.2904594978560801f,1.3888101851851853f,-0.6024750110693023f,-0.38900521071405914f,0.6969209475072147f,0.7465291170040877f,0f,0f,0f,1f], start_interpolation: 0, interpolation_duration: 1 }
$data merge entity $(bone_4) { transformation: [-0.8329278017364773f,-0.547112405450205f,0.0830619822598147f,0.6985078986627682f,-0.3271435887519805f,0.3657632767526532f,-0.8713175642196347f,1.1266510786581163f,0.44632762566629736f,-0.7529178183451714f,-0.48363871783122697f,0.3075227261548738f,0f,0f,0f,1f], start_interpolation: 0, interpolation_duration: 1 }
$data merge entity $(bone_group5) { transformation: [-3.331711206945909f,-1.1004668614310382f,-1.4972484663207277f,0.7277603507202199f,-1.308574355007922f,2.45220107274604f,-1.0439060931131448f,0.9160614296383323f,1.7853105026651894f,-0.256286140310577f,-3.5592846330212873f,0.5010932606345337f,0f,0f,0f,1f], start_interpolation: 0, interpolation_duration: 1 }
$data merge entity $(bone_group7) { transformation: [-3.331711206945909f,-1.1004668614310382f,-1.4972484663207277f,0.7277603507202199f,-1.308574355007922f,2.45220107274604f,-1.0439060931131448f,0.9160614296383323f,1.7853105026651894f,-0.256286140310577f,-3.5592846330212873f,0.5010932606345337f,0f,0f,0f,1f], start_interpolation: 0, interpolation_duration: 1 }
$data merge entity $(bone_group6) { transformation: [-2.3351131125729516f,-2.618887861495163f,-1.4972484663207277f,1.0912441398091215f,-2.359359170550717f,1.4693812466815621f,-1.0439060931131448f,0.9698738622513317f,1.6742673191065083f,0.6707049431857719f,-3.5592846330212873f,0.3324074897732954f,0f,0f,0f,1f], start_interpolation: 0, interpolation_duration: 1 }
$data merge entity $(bone_group8) { transformation: [-2.3351131125729516f,-2.618887861495163f,-1.4972484663207277f,1.0912441398091215f,-2.359359170550717f,1.4693812466815621f,-1.0439060931131448f,0.9698738622513317f,1.6742673191065083f,0.6707049431857719f,-3.5592846330212873f,0.3324074897732954f,0f,0f,0f,1f], start_interpolation: 0, interpolation_duration: 1 }
$data merge entity $(bone_group9) { transformation: [-2.3351131125729516f,-2.618887861495163f,-1.4972484663207277f,1.1428285239387013f,-2.359359170550717f,1.4693812466815621f,-1.0439060931131448f,0.854926936966361f,1.6742673191065083f,0.6707049431857719f,-3.5592846330212873f,0.3444209026003537f,0f,0f,0f,1f], start_interpolation: 0, interpolation_duration: 1 }
$data merge entity $(bone_group10) { transformation: [-2.3351131125729516f,-2.618887861495163f,-1.4972484663207277f,1.1428285239387013f,-2.359359170550717f,1.4693812466815621f,-1.0439060931131448f,0.854926936966361f,1.6742673191065083f,0.6707049431857719f,-3.5592846330212873f,0.3444209026003537f,0f,0f,0f,1f], start_interpolation: 0, interpolation_duration: 1 }
$data merge entity $(bone_group11) { transformation: [-2.3351131125729516f,-2.618887861495163f,-1.4972484663207277f,1.1944129080682813f,-2.359359170550717f,1.4693812466815621f,-1.0439060931131448f,0.7399800116813904f,1.6742673191065083f,0.6707049431857719f,-3.5592846330212873f,0.35643431542741194f,0f,0f,0f,1f], start_interpolation: 0, interpolation_duration: 1 }
$data merge entity $(bone_group12) { transformation: [-2.3351131125729516f,-2.618887861495163f,-1.4972484663207277f,1.1944129080682813f,-2.359359170550717f,1.4693812466815621f,-1.0439060931131448f,0.7399800116813904f,1.6742673191065083f,0.6707049431857719f,-3.5592846330212873f,0.35643431542741194f,0f,0f,0f,1f], start_interpolation: 0, interpolation_duration: 1 }
$data merge entity $(bone_group13) { transformation: [-2.5288417403613543f,-1.951212293465296f,-0.5988993865282911f,0.9222383520189799f,-1.8605996734422692f,1.9845594218507832f,-0.41756243724525793f,0.9598183180445669f,1.6094795285905221f,0.23874346360454454f,-1.423713853208515f,0.35377153010029205f,0f,0f,0f,1f], start_interpolation: 0, interpolation_duration: 1 }
$data merge entity $(bone_group14) { transformation: [-2.5288417403613543f,-1.951212293465296f,-0.5988993865282911f,0.9222383520189799f,-1.8605996734422692f,1.9845594218507832f,-0.41756243724525793f,0.9598183180445669f,1.6094795285905221f,0.23874346360454454f,-1.423713853208515f,0.35377153010029205f,0f,0f,0f,1f], start_interpolation: 0, interpolation_duration: 1 }
$data merge entity $(bone_group15) { transformation: [-2.441324158509313f,-2.0596616991736143f,-0.5988993865282911f,0.9826626347583417f,-1.9453940609995208f,1.9015123431358485f,-0.41756243724525793f,0.8898619064855019f,1.5975338170908593f,0.3087207437425815f,-1.423713853208515f,0.34887103964235566f,0f,0f,0f,1f], start_interpolation: 0, interpolation_duration: 1 }
$data merge entity $(bone_group16) { transformation: [-2.441324158509313f,-2.0596616991736143f,-0.5988993865282911f,0.9826626347583417f,-1.9453940609995208f,1.9015123431358485f,-0.41756243724525793f,0.8898619064855019f,1.5975338170908593f,0.3087207437425815f,-1.423713853208515f,0.34887103964235566f,0f,0f,0f,1f], start_interpolation: 0, interpolation_duration: 1 }
$data merge entity $(bone_group17) { transformation: [-2.252522837829889f,-2.264599484902071f,-0.5988993865282911f,1.0961446445471879f,-2.103718969876737f,1.724724250264648f,-0.41756243724525793f,0.8132312683621232f,1.5645479328856884f,0.44678021450035565f,-1.423713853208515f,0.3236087792934618f,0f,0f,0f,1f], start_interpolation: 0, interpolation_duration: 1 }
$data merge entity $(bone_group18) { transformation: [-2.252522837829889f,-2.264599484902071f,-0.5988993865282911f,1.0961446445471879f,-2.103718969876737f,1.724724250264648f,-0.41756243724525793f,0.8132312683621232f,1.5645479328856884f,0.44678021450035565f,-1.423713853208515f,0.3236087792934618f,0f,0f,0f,1f], start_interpolation: 0, interpolation_duration: 1 }
$data merge entity $(bone_group19) { transformation: [-2.252522837829889f,-2.264599484902071f,-0.5988993865282911f,1.1477290286767678f,-2.103718969876737f,1.724724250264648f,-0.41756243724525793f,0.6982843430771526f,1.5645479328856884f,0.44678021450035565f,-1.423713853208515f,0.33562219212052014f,0f,0f,0f,1f], start_interpolation: 0, interpolation_duration: 1 }
$data merge entity $(bone_group20) { transformation: [-2.252522837829889f,-2.264599484902071f,-0.5988993865282911f,1.1477290286767678f,-2.103718969876737f,1.724724250264648f,-0.41756243724525793f,0.6982843430771526f,1.5645479328856884f,0.44678021450035565f,-1.423713853208515f,0.33562219212052014f,0f,0f,0f,1f], start_interpolation: 0, interpolation_duration: 1 }
$data merge entity $(bone_bone11) { transformation: [-0.8344258548381889f,-0.026074075906793004f,-0.37431211658018193f,0.5418495283737743f,0.07860481449900475f,1.4420791308988323f,-0.2609765232782862f,1.1688362798495255f,0.3279554480644201f,-0.41198048836282924f,-0.8898211582553218f,0.3961695045443721f,0f,0f,0f,1f], start_interpolation: 0, interpolation_duration: 1 }
$data merge entity $(bone_3) { transformation: [-0.8329278017364773f,-0.40758031904853265f,-0.37431211658018193f,0.5892047450883657f,-0.3271435887519805f,0.9082226195355703f,-0.2609765232782862f,1.4044351851851853f,0.44632762566629736f,-0.0949207927076211f,-0.8898211582553218f,0.3071500270152776f,0f,0f,0f,1f], start_interpolation: 0, interpolation_duration: 1 }
$data merge entity $(bone_8) { transformation: [-0.8609396524305558f,0.10287509365535509f,-0.4981963769219479f,0.07380191533809605f,0.10348792227373722f,0.9942783002315171f,0.02647473573409645f,0.3912866661560444f,0.4980694377456005f,-0.028764158150852204f,-0.866659943916675f,0.5584971241136649f,0f,0f,0f,1f], start_interpolation: 0, interpolation_duration: 1 }
$data merge entity $(bone_7) { transformation: [-0.8609396524305558f,0.019155793087906853f,-0.5083463095803165f,0.08180278882308901f,0.10348792227373722f,0.9849896066484052f,-0.13815109387219873f,0.7638101851851852f,0.4980694377456005f,-0.17154745811522082f,-0.849999002821761f,0.4949248320886143f,0f,0f,0f,1f], start_interpolation: 0, interpolation_duration: 1 }