# This file was generated by Animated Java via MC-Build. It is not recommended to edit this file directly.
$data merge entity $(bone_layer) { transformation: [-0.8671947852301687f,-0.1250399865800354f,-0.4820147365233415f,0.29019422113883236f,-0.10698422526270598f,0.9921405234043765f,-0.06489651272470892f,1.3653675436796966f,0.48634101206307934f,-0.004709944262333829f,-0.8737563942029296f,0.47857289297076594f,0f,0f,0f,1f], start_interpolation: 0, interpolation_duration: 1 }
$data merge entity $(bone_head) { transformation: [-0.8671947852301687f,-0.1250399865800354f,-0.4820147365233415f,0.29019422113883236f,-0.10698422526270598f,0.9921405234043765f,-0.06489651272470892f,1.3653675436796966f,0.48634101206307934f,-0.004709944262333829f,-0.8737563942029296f,0.47857289297076594f,0f,0f,0f,1f], start_interpolation: 0, interpolation_duration: 1 }
$data merge entity $(bone_6) { transformation: [-0.6962642577169484f,-0.12696730953999819f,-0.7064668327204338f,0.3588975923508072f,-0.1036928347667716f,0.9916988351720343f,-0.07603431025833818f,0.40007272515368275f,0.7102562069027614f,0.02031557596044238f,-0.7036500535987313f,0.3549237841381431f,0f,0f,0f,1f], start_interpolation: 0, interpolation_duration: 1 }
$data merge entity $(bone_12) { transformation: [-0.6995415675441333f,-0.21938448120753906f,-0.6800823808063226f,0.27662841189798004f,-0.09836475573135273f,0.9722103872445004f,-0.21244137488683776f,0.7646516203703704f,0.7077894956184418f,-0.08171543513435868f,-0.7016812791809357f,0.32428049596275854f,0f,0f,0f,1f], start_interpolation: 0, interpolation_duration: 1 }
$data merge entity $(bone_group3) { transformation: [1.2070193805618352f,-0.12202801234515248f,0.26632883207069324f,-1.0309023428226816f,0.3016969072564851f,0.8167332906330548f,-0.38928430311295253f,1.6684980641209153f,-0.23722804209818005f,0.43495929728944993f,0.8055220072989386f,1.0036223682207448f,0f,0f,0f,1f], start_interpolation: 0, interpolation_duration: 1 }
$data merge entity $(bone_group1) { transformation: [1.2239100981279147f,-0.11788694688055062f,0.17568268866517345f,-1.000469573076163f,0.2705807133735272f,0.8087618559074954f,-0.4269741192460031f,1.6935690068454572f,-0.1752778479419627f,0.4507162250467084f,0.8126899771743578f,0.9629535187325424f,0f,0f,0f,1f], start_interpolation: 0, interpolation_duration: 1 }
$data merge entity $(bone_group4) { transformation: [1.1791788701996053f,-0.12745995491716622f,0.20272031374030713f,-1.0198704146509825f,0.2820313373136316f,0.7811231840132181f,-0.40491816344315695f,1.677302739945148f,-0.18672614015136707f,0.437396888129783f,0.783024484581106f,0.9746936825705973f,0f,0f,0f,1f], start_interpolation: 0, interpolation_duration: 1 }
$data merge entity $(bone_group2) { transformation: [1.169300024919278f,-0.11821463695936647f,0.25800605606848415f,-1.0309023428226816f,0.29226887890472f,0.7912103753007719f,-0.3771191686406728f,1.6684980641209153f,-0.22981466578261192f,0.4213668192491547f,0.7803494445708469f,1.0036223682207448f,0f,0f,0f,1f], start_interpolation: 0, interpolation_duration: 1 }
$data merge entity $(bone_10) { transformation: [-0.799439275359386f,0.22738467571260307f,-0.5560513054241798f,0.21621328831377376f,0.008049497243243883f,0.9295713090023583f,0.3685544560492698f,1.0635107094200231f,0.600692975326823f,0.29016097382438677f,-0.7449661459840257f,0.4367811268500436f,0f,0f,0f,1f], start_interpolation: 0, interpolation_duration: 1 }
$data merge entity $(bone_9) { transformation: [-0.799439275359386f,0.22738467571260307f,-0.5560513054241798f,0.3014825417059999f,0.008049497243243883f,0.9295713090023583f,0.3685544560492698f,1.4120999502959075f,0.600692975326823f,0.29016097382438677f,-0.7449661459840257f,0.5455914920341887f,0f,0f,0f,1f], start_interpolation: 0, interpolation_duration: 1 }
$data merge entity $(bone_bone12) { transformation: [-0.729046422619197f,0.9893351622218336f,-0.5733749017712387f,0.1216887333412714f,0.848830737650674f,1.1062177545538754f,0.36864234900461734f,1.8638720120486645f,0.9989883345092496f,-0.21794085505310956f,-0.7316720853901564f,0.3161602589961161f,0f,0f,0f,1f], start_interpolation: 0, interpolation_duration: 1 }
$data merge entity $(bone_bone1) { transformation: [0.6188467026305153f,-0.8363392549825349f,0.7343777016680556f,0.29133049385274856f,-0.6104229910921737f,1.2531879335273997f,0.6729680486699764f,0.5319346563146917f,-0.4943809569445633f,-2.594235273416153f,0.08833683694851402f,1.513195050401415f,0f,0f,0f,1f], start_interpolation: 0, interpolation_duration: 1 }
$data merge entity $(bone_2) { transformation: [0.7602869804701979f,-0.29210453606798836f,0.5802056939879284f,-0.03678668695523228f,-0.2588190451025206f,0.6830127018922192f,0.6830127018922194f,1.0441941827338561f,-0.595798967118715f,-0.669453948425428f,0.4436834476491954f,0.871962414573016f,0f,0f,0f,1f], start_interpolation: 0, interpolation_duration: 1 }
$data merge entity $(bone_bone2) { transformation: [1.4733216819866437f,-0.37653526555298267f,0.6495276004880373f,0.15273447774499269f,-0.023141524625886256f,1.913634654331585f,0.2904594978560801f,0.9219131818521401f,-1.352326769396374f,-0.4429713348922028f,0.702671456876858f,0.7473215907870832f,0f,0f,0f,1f], start_interpolation: 0, interpolation_duration: 1 }
$data merge entity $(bone_1) { transformation: [0.7602869804701979f,0.008809286677192163f,0.6495276004880373f,-0.03348320445128522f,-0.2588190451025206f,0.9212198336973717f,0.2904594978560801f,1.3896516203703704f,-0.595798967118715f,-0.38894268789993447f,0.702671456876858f,0.7261089066105406f,0f,0f,0f,1f], start_interpolation: 0, interpolation_duration: 1 }
$data merge entity $(bone_4) { transformation: [-0.8344590212352175f,-0.5439104628206555f,0.08854123510197429f,0.7000878194936095f,-0.33557061062741533f,0.3740900275010631f,-0.8645513383295392f,1.1280337893361878f,0.43711612548876105f,-0.75114449991894f,-0.4946831643377604f,0.2898318603343835f,0f,0f,0f,1f], start_interpolation: 0, interpolation_duration: 1 }
$data merge entity $(bone_group5) { transformation: [-3.33783608494087f,-1.110628363438269f,-1.4668299891298795f,0.7289984707960607f,-1.3422824425096613f,2.449274806612826f,-1.0158073163429953f,0.9156801661442369f,1.7484645019550442f,-0.23991156707865544f,-3.5800202903130707f,0.4815174649136257f,0f,0f,0f,1f], start_interpolation: 0, interpolation_duration: 1 }
$data merge entity $(bone_group7) { transformation: [-3.33783608494087f,-1.110628363438269f,-1.4668299891298795f,0.7289984707960607f,-1.3422824425096613f,2.449274806612826f,-1.0158073163429953f,0.9156801661442369f,1.7484645019550442f,-0.23991156707865544f,-3.5800202903130707f,0.4815174649136257f,0f,0f,0f,1f], start_interpolation: 0, interpolation_duration: 1 }
$data merge entity $(bone_group6) { transformation: [-2.3353366615080526f,-2.630750419371512f,-1.4668299891298795f,1.093401449100905f,-2.3870880975736046f,1.449992982121095f,-1.0158073163429953f,0.9729169848149362f,1.6341704598477023f,0.666462739225672f,-3.5800202903130707f,0.31597125349149535f,0f,0f,0f,1f], start_interpolation: 0, interpolation_duration: 1 }
$data merge entity $(bone_group8) { transformation: [-2.3353366615080526f,-2.630750419371512f,-1.4668299891298795f,1.093401449100905f,-2.3870880975736046f,1.449992982121095f,-1.0158073163429953f,0.9729169848149362f,1.6341704598477023f,0.666462739225672f,-3.5800202903130707f,0.31597125349149535f,0f,0f,0f,1f], start_interpolation: 0, interpolation_duration: 1 }
$data merge entity $(bone_group9) { transformation: [-2.3353366615080526f,-2.630750419371512f,-1.4668299891298795f,1.145462153637074f,-2.3870880975736046f,1.449992982121095f,-1.0158073163429953f,0.85810722825496f,1.6341704598477023f,0.666462739225672f,-3.5800202903130707f,0.3272171081983073f,0f,0f,0f,1f], start_interpolation: 0, interpolation_duration: 1 }
$data merge entity $(bone_group10) { transformation: [-2.3353366615080526f,-2.630750419371512f,-1.4668299891298795f,1.145462153637074f,-2.3870880975736046f,1.449992982121095f,-1.0158073163429953f,0.85810722825496f,1.6341704598477023f,0.666462739225672f,-3.5800202903130707f,0.3272171081983073f,0f,0f,0f,1f], start_interpolation: 0, interpolation_duration: 1 }
$data merge entity $(bone_group11) { transformation: [-2.3353366615080526f,-2.630750419371512f,-1.4668299891298795f,1.1975228581732427f,-2.3870880975736046f,1.449992982121095f,-1.0158073163429953f,0.7432974716949836f,1.6341704598477023f,0.666462739225672f,-3.5800202903130707f,0.33846296290511924f,0f,0f,0f,1f], start_interpolation: 0, interpolation_duration: 1 }
$data merge entity $(bone_group12) { transformation: [-2.3353366615080526f,-2.630750419371512f,-1.4668299891298795f,1.1975228581732427f,-2.3870880975736046f,1.449992982121095f,-1.0158073163429953f,0.7432974716949836f,1.6341704598477023f,0.666462739225672f,-3.5800202903130707f,0.33846296290511924f,0f,0f,0f,1f], start_interpolation: 0, interpolation_duration: 1 }
$data merge entity $(bone_group13) { transformation: [-2.531043377744659f,-1.962561097875561f,-0.5867319956519518f,0.9242996996853379f,-1.8886529052300602f,1.9726459965753629f,-0.40632292653719815f,0.9618338180234185f,1.5729290095551838f,0.24438834616522495f,-1.4320081161252283f,0.3360275306490401f,0f,0f,0f,1f], start_interpolation: 0, interpolation_duration: 1 }
$data merge entity $(bone_group14) { transformation: [-2.531043377744659f,-1.962561097875561f,-0.5867319956519518f,0.9242996996853379f,-1.8886529052300602f,1.9726459965753629f,-0.40632292653719815f,0.9618338180234185f,1.5729290095551838f,0.24438834616522495f,-1.4320081161252283f,0.3360275306490401f,0f,0f,0f,1f], start_interpolation: 0, interpolation_duration: 1 }
$data merge entity $(bone_group15) { transformation: [-2.4430286725259664f,-2.07109573611063f,-0.5867319956519518f,0.9850994085358207f,-1.9729009360148009f,1.8883865920172904f,-0.40632292653719815f,0.892222151242933f,1.5607718597316647f,0.3127659423776613f,-1.4320081161252283f,0.33086811970832997f,0f,0f,0f,1f], start_interpolation: 0, interpolation_duration: 1 }
$data merge entity $(bone_group16) { transformation: [-2.4430286725259664f,-2.07109573611063f,-0.5867319956519518f,0.9850994085358207f,-1.9729009360148009f,1.8883865920172904f,-0.40632292653719815f,0.892222151242933f,1.5607718597316647f,0.3127659423776613f,-1.4320081161252283f,0.33086811970832997f,0f,0f,0f,1f], start_interpolation: 0, interpolation_duration: 1 }
$data merge entity $(bone_group17) { transformation: [-2.253224323674253f,-2.276138570061657f,-0.5867319956519518f,1.0991320129324627f,-2.129977188340173f,1.709251064469245f,-0.40632292653719815f,0.8163947730387313f,1.5275733035813814f,0.44760600423485164f,-1.4320081161252283f,0.305661436228681f,0f,0f,0f,1f], start_interpolation: 0, interpolation_duration: 1 }
$data merge entity $(bone_group18) { transformation: [-2.253224323674253f,-2.276138570061657f,-0.5867319956519518f,1.0991320129324627f,-2.129977188340173f,1.709251064469245f,-0.40632292653719815f,0.8163947730387313f,1.5275733035813814f,0.44760600423485164f,-1.4320081161252283f,0.305661436228681f,0f,0f,0f,1f], start_interpolation: 0, interpolation_duration: 1 }
$data merge entity $(bone_group19) { transformation: [-2.253224323674253f,-2.276138570061657f,-0.5867319956519518f,1.1511927174686316f,-2.129977188340173f,1.709251064469245f,-0.40632292653719815f,0.7015850164787549f,1.5275733035813814f,0.44760600423485164f,-1.4320081161252283f,0.31690729093549297f,0f,0f,0f,1f], start_interpolation: 0, interpolation_duration: 1 }
$data merge entity $(bone_group20) { transformation: [-2.253224323674253f,-2.276138570061657f,-0.5867319956519518f,1.1511927174686316f,-2.129977188340173f,1.709251064469245f,-0.40632292653719815f,0.7015850164787549f,1.5275733035813814f,0.44760600423485164f,-1.4320081161252283f,0.31690729093549297f,0f,0f,0f,1f], start_interpolation: 0, interpolation_duration: 1 }
$data merge entity $(bone_bone11) { transformation: [-0.8371063141496794f,-0.030219754143075872f,-0.3667074972824699f,0.5425997218740775f,0.07131885533762367f,1.4459478632463176f,-0.2539518290857488f,1.1685811402030848f,0.3227485703826887f,-0.39789639761241835f,-0.8950050725782677f,0.3777699007142866f,0f,0f,0f,1f], start_interpolation: 0, interpolation_duration: 1 }
$data merge entity $(bone_3) { transformation: [-0.8344590212352175f,-0.41134383831047f,-0.3667074972824699f,0.589429726785266f,-0.33557061062741533f,0.9071388172640096f,-0.2539518290857488f,1.4052766203703704f,0.43711612548876105f,-0.08885613595505756f,-0.8950050725782677f,0.29142160349079665f,0f,0f,0f,1f], start_interpolation: 0, interpolation_duration: 1 }
$data merge entity $(bone_8) { transformation: [-0.8633697914155939f,0.10375404754184543f,-0.49378912593300256f,0.07666944713891255f,0.10416407869355347f,0.9941997088522518f,0.026772815093316527f,0.3932934113896539f,0.49370279316702004f,-0.028320249588981272f,-0.8691694400301363f,0.5428777016014379f,0f,0f,0f,1f], start_interpolation: 0, interpolation_duration: 1 }
$data merge entity $(bone_7) { transformation: [-0.8633697914155939f,0.015605879690953034f,-0.5043303082207787f,0.08316594134327977f,0.10416407869355347f,0.9835036385903216f,-0.14788657001067135f,0.7646516203703704f,0.49370279316702004f,-0.18021389901633417f,-0.8507529033864142f,0.47588738006518f,0f,0f,0f,1f], start_interpolation: 0, interpolation_duration: 1 }