# This file was generated by Animated Java via MC-Build. It is not recommended to edit this file directly.
$data merge entity $(bone_layer) { transformation: [-1f,-7.024285468436541e-17f,1.0031719290535247e-16f,1.1481063742006436e-17f,0f,0.8191520442889918f,0.573576436351046f,1.446875f,-1.2246467991473532e-16f,0.573576436351046f,-0.8191520442889918f,-0.09375f,0f,0f,0f,1f], start_interpolation: 0, interpolation_duration: 1 }
$data merge entity $(bone_head) { transformation: [-1f,-7.024285468436541e-17f,1.0031719290535247e-16f,1.1481063742006436e-17f,0f,0.8191520442889918f,0.573576436351046f,1.446875f,-1.2246467991473532e-16f,0.573576436351046f,-0.8191520442889918f,-0.09375f,0f,0f,0f,1f], start_interpolation: 0, interpolation_duration: 1 }
$data merge entity $(bone_6) { transformation: [-0.9505296776483481f,-0.12175711861180688f,-0.28577707391790164f,0.18232450843681214f,-0.10151534538641528f,0.9912247327072757f,-0.08466501001279464f,0.36757604610748584f,0.29357787137453706f,-0.051465846313260954f,-0.9545487416064491f,-0.04383514477292913f,0f,0f,0f,1f], start_interpolation: 0, interpolation_duration: 1 }
$data merge entity $(bone_12) { transformation: [-0.9505296776483481f,-0.1695320224981657f,-0.26029257626257585f,0.11875000000000001f,-0.10151534538641528f,0.9614638770467046f,-0.25550312676246495f,0.728125f,0.29357787137453706f,-0.2164396139388556f,-0.9311100509376938f,-0.12499999999999999f,0f,0f,0f,1f], start_interpolation: 0, interpolation_duration: 1 }
$data merge entity $(bone_10) { transformation: [-1f,0f,1.2246467991473532e-16f,1.5308084989341915e-17f,0f,1f,0f,1.103125f,-1.2246467991473532e-16f,0f,-1f,-0.125f,0f,0f,0f,1f], start_interpolation: 0, interpolation_duration: 1 }
$data merge entity $(bone_9) { transformation: [-1f,0f,1.2246467991473532e-16f,1.5308084989341915e-17f,0f,1f,0f,1.478125f,-1.2246467991473532e-16f,0f,-1f,-0.125f,0f,0f,0f,1f], start_interpolation: 0, interpolation_duration: 1 }
$data merge entity $(bone_2) { transformation: [0.22360929364855603f,0.9290724956444666f,0.2946577364179615f,-0.5892832427214985f,-0.9735106769572355f,0.19809414594497043f,0.11417386387697465f,1.2786638157928398f,0.047705824007758246f,-0.3123827895055931f,0.9487576862278618f,-0.14576406703743147f,0f,0f,0f,1f], start_interpolation: 0, interpolation_duration: 1 }
$data merge entity $(bone_1) { transformation: [0.22360929364855603f,0.9743947517082076f,-0.023531928044568856f,-0.2543350468218021f,-0.9735106769572355f,0.22445788465395522f,0.0435387168728813f,1.3558212136426369f,0.047705824007758246f,0.013172921474467747f,0.9987745634003548f,-0.14123587528058318f,0f,0f,0f,1f], start_interpolation: 0, interpolation_duration: 1 }
$data merge entity $(bone_4) { transformation: [-0.17860344529931005f,-0.9782794658700571f,-0.10521452363724408f,0.6249797997012714f,-0.9839069711188899f,0.17815066919922573f,0.013762675885158414f,1.3019434990502903f,0.00528029458157729f,0.1059793645992647f,-0.9943543094733727f,-0.15724226172472422f,0f,0f,0f,1f], start_interpolation: 0, interpolation_duration: 1 }
$data merge entity $(bone_3) { transformation: [-0.17860344529931005f,-0.9782794658700571f,-0.10521452363724408f,0.258125f,-0.9839069711188899f,0.17815066919922573f,0.013762675885158414f,1.36875f,0.00528029458157729f,0.1059793645992647f,-0.9943543094733727f,-0.11749999999999997f,0f,0f,0f,1f], start_interpolation: 0, interpolation_duration: 1 }
$data merge entity $(bone_8) { transformation: [-0.9647660002915242f,0.10705278834605664f,0.24034613620532638f,-0.19335420393992114f,0.09108525970296766f,0.9928910073790141f,-0.0766219481005895f,0.3759145572713987f,-0.24684011048923515f,-0.05203026016868345f,-0.9676584169429011f,-0.012235325185981541f,0f,0f,0f,1f], start_interpolation: 0, interpolation_duration: 1 }
$data merge entity $(bone_7) { transformation: [-0.9647660002915242f,0.16561121050645647f,0.2044492397542262f,-0.13124999999999998f,0.09108525970296766f,0.9392278472762702f,-0.3309902209516563f,0.728125f,-0.24684011048923515f,-0.3007057995040493f,-0.9212198336978491f,-0.12500000000000003f,0f,0f,0f,1f], start_interpolation: 0, interpolation_duration: 1 }
$data merge entity $(item_display_item_display) { transformation: [-0.00001f,0f,1.2246467991473532e-21f,-7.654042494670958e-17f,0f,0.00001f,0f,1.3125f,-1.2246467991473532e-21f,0f,-0.00001f,0.625f,0f,0f,0f,1f], start_interpolation: 0, interpolation_duration: 1 }
$data merge entity $(block_display_block_display) { transformation: [-1f,0f,1.2246467991473532e-16f,-1.7604297737743202e-16f,0f,1f,0f,1.4375f,-1.2246467991473532e-16f,0f,-1f,1.4375f,0f,0f,0f,1f], start_interpolation: 0, interpolation_duration: 1 }
data modify entity @s data merge value {"locators":{},"cameras":{"camera":{"posx":-1.7604297737743202e-16,"posy":1.4375,"posz":1.4375,"roty":180,"rotx":0}}}