# This file was generated by Animated Java via MC-Build. It is not recommended to edit this file directly.
$data merge entity $(bone_layer) { transformation: [-1f,-1.0605752387249068e-16f,6.123233995736767e-17f,-7.654042494670958e-18f,0f,0.5000000000000001f,0.8660254037844386f,1.484375f,-1.2246467991473532e-16f,0.8660254037844386f,-0.5000000000000001f,0.0625f,0f,0f,0f,1f], start_interpolation: 0, interpolation_duration: 1 }
$data merge entity $(bone_head) { transformation: [-1f,-1.0605752387249068e-16f,6.123233995736767e-17f,-7.654042494670958e-18f,0f,0.5000000000000001f,0.8660254037844386f,1.484375f,-1.2246467991473532e-16f,0.8660254037844386f,-0.5000000000000001f,0.0625f,0f,0f,0f,1f], start_interpolation: 0, interpolation_duration: 1 }
$data merge entity $(bone_6) { transformation: [-0.9778618146237494f,-0.13568639651785253f,-0.15929680882160835f,0.17851380228373628f,-0.15525496189616986f,0.9808525239470246f,0.11757645628853719f,0.4264291843772288f,0.1402931513202508f,0.1397051468871192f,-0.9802042152663301f,0.009941652377556953f,0f,0f,0f,1f], start_interpolation: 0, interpolation_duration: 1 }
$data merge entity $(bone_12) { transformation: [-0.9778618146237494f,-0.17229204261978032f,-0.1187506781060712f,0.11875f,-0.15525496189616986f,0.9778618108043854f,-0.14029317794172044f,0.765625f,0.1402931513202508f,-0.11875070955692091f,-0.9829629192763891f,-0.031249999999999986f,0f,0f,0f,1f], start_interpolation: 0, interpolation_duration: 1 }
$data merge entity $(bone_10) { transformation: [-1f,-5.341834311772725e-18f,1.2234812067540777e-16f,1.871626020350434e-18f,0f,0.9990482215818577f,0.04361938736533602f,1.1335186224412739f,-1.2246467991473532e-16f,0.04361938736533602f,-0.9990482215818577f,-0.015282986259005718f,0f,0f,0f,1f], start_interpolation: 0, interpolation_duration: 1 }
$data merge entity $(bone_9) { transformation: [-1f,-2.6506208041798655e-17f,1.195617780139768e-16f,-7.654042494670958e-18f,0f,0.9762960071199334f,0.21643961393810288f,1.484375f,-1.2246467991473532e-16f,0.21643961393810288f,-0.9762960071199334f,0.0625f,0f,0f,0f,1f], start_interpolation: 0, interpolation_duration: 1 }
$data merge entity $(bone_2) { transformation: [0.9649599004627791f,-0.21201214989665465f,-0.14845250554968445f,-0.5416147602847478f,-0.25856022605741824f,-0.791240115236224f,-0.5540322932223232f,0.8625602493264122f,-4.168709894091493e-18f,0.5735764363510458f,-0.8191520442889919f,0.24062499999999992f,0f,0f,0f,1f], start_interpolation: 0, interpolation_duration: 1 }
$data merge entity $(bone_1) { transformation: [0.9659258262890682f,0.25881904510252074f,-4.1728827768683366e-18f,-0.375f,-0.25881904510252074f,0.9659258262890683f,-3.1696191514317643e-17f,1.484375f,-4.172882776868361e-18f,3.1696191514317656e-17f,1f,0.06249999999999995f,0f,0f,0f,1f], start_interpolation: 0, interpolation_duration: 1 }
$data merge entity $(bone_4) { transformation: [-0.9649599004627792f,-0.2182857686529254f,0.13906337156628346f,0.44672642772210075f,-0.25856022605741824f,0.8146535791819436f,-0.5189915681571986f,1.1583750336274394f,-1.181735053407291e-16f,-0.5372996083468239f,-0.8433914458128857f,0.03750000000000005f,0f,0f,0f,1f], start_interpolation: 0, interpolation_duration: 1 }
$data merge entity $(bone_3) { transformation: [-0.9659258262890683f,-0.25881904510252074f,1.2246467991473532e-16f,0.359375f,-0.25881904510252074f,0.9659258262890683f,0f,1.484375f,-1.1829179713786698e-16f,-3.169619151431765e-17f,-1f,0.06250000000000004f,0f,0f,0f,1f], start_interpolation: 0, interpolation_duration: 1 }
$data merge entity $(bone_8) { transformation: [-0.9638016737810065f,0.11230217474336396f,0.24181512600505684f,-0.19539822410138163f,0.14281089232096744f,0.9833323218234711f,0.11252819154216676f,0.3985185532914469f,-0.22514746867646462f,0.14298869327737934f,-0.9637753114411097f,0.010497600286234636f,0f,0f,0f,1f], start_interpolation: 0, interpolation_duration: 1 }
$data merge entity $(bone_7) { transformation: [-0.9638016737810065f,0.17106193093701771f,0.20450953376561581f,-0.13125f,0.14281089232096744f,0.9789505245561415f,-0.14581124615661345f,0.765625f,-0.22514746867646462f,-0.11132693409662574f,-0.9679436611152665f,-0.031250000000000014f,0f,0f,0f,1f], start_interpolation: 0, interpolation_duration: 1 }
data modify entity @s data merge value {"locators":{},"cameras":{"camera":{"posx":-2.831995723028254e-16,"posy":1.25,"posz":2.3125,"roty":180,"rotx":0}}}