# This file was generated by Animated Java via MC-Build. It is not recommended to edit this file directly.
$data merge entity $(bone_layer) { transformation: [-1f,-7.115039926700774e-17f,9.967556626758617e-17f,1.1481063742006436e-17f,0f,0.8139127651906181f,0.5809871002524598f,1.446875f,-1.2246467991473532e-16f,0.5809871002524598f,-0.8139127651906181f,-0.09375f,0f,0f,0f,1f], start_interpolation: 0, interpolation_duration: 1 }
$data merge entity $(bone_head) { transformation: [-1f,-7.115039926700774e-17f,9.967556626758617e-17f,1.1481063742006436e-17f,0f,0.8139127651906181f,0.5809871002524598f,1.446875f,-1.2246467991473532e-16f,0.5809871002524598f,-0.8139127651906181f,-0.09375f,0f,0f,0f,1f], start_interpolation: 0, interpolation_duration: 1 }
$data merge entity $(bone_2) { transformation: [0.22474121396995636f,0.9363041317443558f,0.26983610858527707f,-0.5883499461437847f,-0.9729373695222441f,0.20119791026326345f,0.11243557598766166f,1.2777481833011715f,0.05097614984377653f,-0.2878436620531069f,0.9563193586641843f,-0.15479268796177265f,0f,0f,0f,1f], start_interpolation: 0, interpolation_duration: 1 }
$data merge entity $(bone_1) { transformation: [0.22477332444487705f,0.9731302216088372f,-0.04994521408035693f,-0.25383643246574694f,-0.9730763804337346f,0.22685225754078947f,0.04074814217395406f,1.3557286468308178f,0.0509834331913753f,0.03944141275590962f,0.9979203698190743f,-0.14123470232692872f,0f,0f,0f,1f], start_interpolation: 0, interpolation_duration: 1 }
$data merge entity $(bone_4) { transformation: [-0.17857793052141016f,-0.9831891250591179f,-0.037946721764897384f,0.6175603925669271f,-0.9837664129801587f,0.1786749705361134f,0.0015254794560686895f,1.3032642573142639f,0.0052795402537799225f,0.03760849996217862f,-0.9992785994004507f,-0.16209585706674626f,0f,0f,0f,1f], start_interpolation: 0, interpolation_duration: 1 }
data modify entity @s data merge value {"locators":{},"cameras":{"camera":{"posx":-1.7665530077700568e-16,"posy":1.4375,"posz":1.4425,"roty":180,"rotx":0}}}