# This file was generated by Animated Java via MC-Build. It is not recommended to edit this file directly.
$data merge entity $(bone_layer) { transformation: [-1f,-8.575023757504552e-17f,8.743280038087438e-17f,-7.654042494670958e-18f,0f,0.7139429951701054f,0.7002038272157178f,1.484375f,-1.2246467991473532e-16f,0.7002038272157178f,-0.7139429951701054f,0.0625f,0f,0f,0f,1f], start_interpolation: 0, interpolation_duration: 1 }
$data merge entity $(bone_head) { transformation: [-1f,-8.575023757504552e-17f,8.743280038087438e-17f,-7.654042494670958e-18f,0f,0.7139429951701054f,0.7002038272157178f,1.484375f,-1.2246467991473532e-16f,0.7002038272157178f,-0.7139429951701054f,0.0625f,0f,0f,0f,1f], start_interpolation: 0, interpolation_duration: 1 }
$data merge entity $(bone_2) { transformation: [0.238658674053833f,-0.9288255747505249f,-0.2832154691411051f,-0.9087995207142334f,-0.936797720658499f,-0.14493678937349116f,-0.3156668202894026f,1.2725326498141705f,0.25189892391176943f,0.34099322394361675f,-0.9056177210101188f,0.042287608261577014f,0f,0f,0f,1f], start_interpolation: 0, interpolation_duration: 1 }
$data merge entity $(bone_1) { transformation: [0.23889757162545847f,0.9232950878542351f,-0.3007559326359158f,-0.260856157407297f,-0.9377354561146136f,0.2997843171638399f,0.1754467940092608f,1.434267343805493f,0.2521510749867562f,0.240115688631232f,0.9374242857192108f,0.029883381924198205f,0f,0f,0f,1f], start_interpolation: 0, interpolation_duration: 1 }
$data merge entity $(bone_4) { transformation: [-0.08505300056076683f,-0.987297025952943f,0.13414946844197506f,0.5422597422267035f,-0.995339897238429f,0.08326563081902849f,-0.01951780201085562f,1.3926082554406842f,0.008091727936833142f,-0.1353196854444439f,-0.9907688809815338f,-0.12525024288334763f,0f,0f,0f,1f], start_interpolation: 0, interpolation_duration: 1 }
$data merge entity $(bone_3) { transformation: [-0.08513813869946629f,-0.9047563230190224f,-0.41733379122219283f,0.2473378279883382f,-0.9963362334719009f,0.08071242813920598f,0.028277443570790067f,1.4191417638483965f,0.00809982776459774f,0.4182122665596646f,-0.9083132129883457f,0.03860422740524784f,0f,0f,0f,1f], start_interpolation: 0, interpolation_duration: 1 }
$data merge entity $(block_display_block_display) { transformation: [-1f,0f,1.2246467991473532e-16f,-2.9054913299729685e-16f,0f,1f,0f,1.2371399176954732f,-1.2246467991473532e-16f,0f,-1f,2.372513717421125f,0f,0f,0f,1f], start_interpolation: 0, interpolation_duration: 1 }
data modify entity @s data merge value {"locators":{},"cameras":{"camera":{"posx":-2.9054913299729685e-16,"posy":1.2371399176954732,"posz":2.372513717421125,"roty":180,"rotx":0}}}