# This file was generated by Animated Java via MC-Build. It is not recommended to edit this file directly.
$data merge entity $(bone_layer) { transformation: [-1f,-7.455177354798984e-17f,9.71577628780522e-17f,-7.654042494670958e-18f,0f,0.7933533402912352f,0.6087614290087207f,1.484375f,-1.2246467991473532e-16f,0.6087614290087207f,-0.7933533402912352f,0.0625f,0f,0f,0f,1f], start_interpolation: 0, interpolation_duration: 1 }
$data merge entity $(bone_head) { transformation: [-1f,-7.455177354798984e-17f,9.71577628780522e-17f,-7.654042494670958e-18f,0f,0.7933533402912352f,0.6087614290087207f,1.484375f,-1.2246467991473532e-16f,0.6087614290087207f,-0.7933533402912352f,0.0625f,0f,0f,0f,1f], start_interpolation: 0, interpolation_duration: 1 }
$data merge entity $(bone_2) { transformation: [0.2349383498380633f,-0.9318133514423407f,-0.27643677755242096f,-0.9086720972552285f,-0.9371103977304537f,-0.14313120570695168f,-0.31556072407459734f,1.2740054610097318f,0.25422248964408906f,0.3335226169642286f,-0.9077467363961983f,0.0373186214843816f,0f,0f,0f,1f], start_interpolation: 0, interpolation_duration: 1 }
$data merge entity $(bone_1) { transformation: [0.23517352336142472f,0.9218544334746547f,-0.30802243001589547f,-0.26036181035933803f,-0.9380484461766303f,0.2982444153234609f,0.1763955253229991f,1.4345798504260505f,0.25447696661069974f,0.2474564046685614f,0.9348833088964237f,0.030092592592592546f,0f,0f,0f,1f], start_interpolation: 0, interpolation_duration: 1 }
$data merge entity $(bone_4) { transformation: [-0.08048560960277995f,-0.9890126426141909f,0.1239479086943921f,0.539618472121358f,-0.9957140183115455f,0.0788443218208954f,-0.018742879500932473f,1.3943826518284699f,0.00875559162730568f,-0.12505025256231195f,-0.9921116975413102f,-0.12790685284932707f,0f,0f,0f,1f], start_interpolation: 0, interpolation_duration: 1 }
$data merge entity $(bone_3) { transformation: [-0.08056617577855851f,-0.9007219653785099f,-0.4268594996074151f,0.2462962962962963f,-0.9967107290405861f,0.07656716838980415f,0.026555438993749902f,1.4195601851851851f,0.008764355983288969f,0.42759491321745374f,-0.9039279707226435f,0.03900462962962967f,0f,0f,0f,1f], start_interpolation: 0, interpolation_duration: 1 }
$data merge entity $(block_display_block_display) { transformation: [-1f,0f,1.2246467991473532e-16f,-2.909809196880971e-16f,0f,1f,0f,1.2363843878600822f,-1.2246467991473532e-16f,0f,-1f,2.376039523319616f,0f,0f,0f,1f], start_interpolation: 0, interpolation_duration: 1 }
data modify entity @s data merge value {"locators":{},"cameras":{"camera":{"posx":-2.909809196880971e-16,"posy":1.2363843878600822,"posz":2.376039523319616,"roty":180,"rotx":0}}}