# This file was generated by Animated Java via MC-Build. It is not recommended to edit this file directly.
$data merge entity $(bone_layer) { transformation: [-1f,-6.225980534617567e-17f,1.0545764298937698e-16f,-7.654042494670958e-18f,0f,0.8611270046416706f,0.5083898915958738f,1.484375f,-1.2246467991473532e-16f,0.5083898915958738f,-0.8611270046416706f,0.0625f,0f,0f,0f,1f], start_interpolation: 0, interpolation_duration: 1 }
$data merge entity $(bone_head) { transformation: [-1f,-6.225980534617567e-17f,1.0545764298937698e-16f,-7.654042494670958e-18f,0f,0.8611270046416706f,0.5083898915958738f,1.484375f,-1.2246467991473532e-16f,0.5083898915958738f,-0.8611270046416706f,0.0625f,0f,0f,0f,1f], start_interpolation: 0, interpolation_duration: 1 }
$data merge entity $(bone_2) { transformation: [0.23332931577560695f,-0.9342492106533942f,-0.26949358825071235f,-0.9083988638137283f,-0.9370174513333402f,-0.14342094365791558f,-0.3157056982180136f,1.2742119937411922f,0.2560404778476607f,0.32651009986489343f,-0.9097819068350568f,0.032729821027337555f,0f,0f,0f,1f], start_interpolation: 0, interpolation_duration: 1 }
$data merge entity $(bone_1) { transformation: [0.2335628786542612f,0.9198673227504046f,-0.3151071091720045f,-0.26010582097189194f,-0.9379554067400804f,0.2985649085108449f,0.17634809432755805f,1.4350011492929524f,0.256296774622283f,0.2543680481937808f,0.9325282083542037f,0.03037266493899142f,0f,0f,0f,1f], start_interpolation: 0, interpolation_duration: 1 }
$data merge entity $(bone_4) { transformation: [-0.07846728643926147f,-0.9903121331733796f,0.11450952415569071f,0.5372484199328764f,-0.995869160122165f,0.07693745090014256f,-0.01840528620420434f,1.39552829981578f,0.00940749044287481f,-0.1155963128243227f,-0.993251636956808f,-0.13024736923117844f,0f,0f,0f,1f], start_interpolation: 0, interpolation_duration: 1 }
$data merge entity $(bone_3) { transformation: [-0.078545832271533f,-0.8967467042839734f,-0.43551796815815097f,0.2454843564409891f,-0.9968660261483133f,0.07477754102085932f,0.02581560129348573f,1.420120329877983f,0.009416907350225035f,0.43618077412319045f,-0.8998097877558632f,0.03945888672929492f,0f,0f,0f,1f], start_interpolation: 0, interpolation_duration: 1 }
$data merge entity $(block_display_block_display) { transformation: [-1f,0f,1.2246467991473532e-16f,-2.911370978528546e-16f,0f,1f,0f,1.2361111111111112f,-1.2246467991473532e-16f,0f,-1f,2.377314814814815f,0f,0f,0f,1f], start_interpolation: 0, interpolation_duration: 1 }
data modify entity @s data merge value {"locators":{},"cameras":{"camera":{"posx":-2.911370978528546e-16,"posy":1.2361111111111112,"posz":2.377314814814815,"roty":180,"rotx":0}}}