# This file was generated by Animated Java via MC-Build. It is not recommended to edit this file directly.
$data merge entity $(bone_layer) { transformation: [-1f,-5.008531009723622e-17f,1.1175446093593877e-16f,-7.654042494670958e-18f,0f,0.9125444251660689f,0.4089775936384888f,1.484375f,-1.2246467991473532e-16f,0.4089775936384888f,-0.9125444251660689f,0.0625f,0f,0f,0f,1f], start_interpolation: 0, interpolation_duration: 1 }
$data merge entity $(bone_head) { transformation: [-1f,-5.008531009723622e-17f,1.1175446093593877e-16f,-7.654042494670958e-18f,0f,0.9125444251660689f,0.4089775936384888f,1.484375f,-1.2246467991473532e-16f,0.4089775936384888f,-0.9125444251660689f,0.0625f,0f,0f,0f,1f], start_interpolation: 0, interpolation_duration: 1 }
$data merge entity $(bone_2) { transformation: [0.23363700246156338f,-0.936107580110471f,-0.2626918595337314f,-0.9080131854292077f,-0.9365843847038695f,-0.1455414695678259f,-0.3160227132050608f,1.2733056944052379f,0.2573410993402525f,0.320187880932048f,-0.9116592738919634f,0.02866141894972188f,0f,0f,0f,1f], start_interpolation: 0, interpolation_duration: 1 }
$data merge entity $(bone_1) { transformation: [0.23387087333489828f,0.9174882985717009f,-0.32174467608583235f,-0.2600693227958863f,-0.93752190661048f,0.3004837739714561f,0.1753914941076716f,1.4355005140114339f,0.2575986980382908f,0.26062372026328706f,0.930439781611417f,0.030703352769679254f,0f,0f,0f,1f], start_interpolation: 0, interpolation_duration: 1 }
$data merge entity $(bone_4) { transformation: [-0.07876777319435824f,-0.991220919038649f,0.10613340757770584f,0.5352220851766791f,-0.9958394425008849f,0.0773231163890335f,-0.018400244036398217f,1.3960860989740116f,0.010022108836421026f,-0.10724842810999163f,-0.994181638743819f,-0.13221686665966462f,0f,0f,0f,1f], start_interpolation: 0, interpolation_duration: 1 }
$data merge entity $(bone_3) { transformation: [-0.0788466198141724f,-0.8930126823519986f,-0.44307060351863525f,0.24490706997084546f,-0.9968362787796645f,0.07510009884034774f,0.026027071730815754f,1.4207817055393586f,0.010032140977398425f,0.4437209982778123f,-0.8961088281200845f,0.03994169096209915f,0f,0f,0f,1f], start_interpolation: 0, interpolation_duration: 1 }
$data merge entity $(block_display_block_display) { transformation: [-1f,0f,1.2246467991473532e-16f,-2.909625457863609e-16f,0f,1f,0f,1.2364165380658436f,-1.2246467991473532e-16f,0f,-1f,2.375889489026063f,0f,0f,0f,1f], start_interpolation: 0, interpolation_duration: 1 }
data modify entity @s data merge value {"locators":{},"cameras":{"camera":{"posx":-2.909625457863609e-16,"posy":1.2364165380658436,"posz":2.375889489026063,"roty":180,"rotx":0}}}