# This file was generated by Animated Java via MC-Build. It is not recommended to edit this file directly.
$data merge entity $(bone_layer) { transformation: [-1f,-3.942427236221154e-17f,1.1594535167624764e-16f,-7.654042494670958e-18f,0f,0.9467656450576061f,0.32192361413642084f,1.484375f,-1.2246467991473532e-16f,0.32192361413642084f,-0.9467656450576061f,0.0625f,0f,0f,0f,1f], start_interpolation: 0, interpolation_duration: 1 }
$data merge entity $(bone_head) { transformation: [-1f,-3.942427236221154e-17f,1.1594535167624764e-16f,-7.654042494670958e-18f,0f,0.9467656450576061f,0.32192361413642084f,1.484375f,-1.2246467991473532e-16f,0.32192361413642084f,-0.9467656450576061f,0.0625f,0f,0f,0f,1f], start_interpolation: 0, interpolation_duration: 1 }
$data merge entity $(bone_2) { transformation: [0.23566556587158274f,-0.9373580879634316f,-0.2563402282843698f,-0.9075460040238572f,-0.9358636348447033f,-0.14922254278147606f,-0.3164452198802571f,1.271440814719992f,0.2581123748247774f,0.3147895291387083f,-0.913319281619551f,0.025253500659177648f,0f,0f,0f,1f], start_interpolation: 0, interpolation_duration: 1 }
$data merge entity $(bone_1) { transformation: [0.23590146733892167f,0.9148695086188282f,-0.3276648896462468f,-0.26023344938224885f,-0.9368004352799832f,0.3037414724926887f,0.17362621445855161f,1.436047218186731f,0.2583707455703477f,0.2659979324872972f,0.9287032129512128f,0.031064409890940455f,0f,0f,0f,1f], start_interpolation: 0, interpolation_duration: 1 }
$data merge entity $(bone_4) { transformation: [-0.08115543122305104f,-0.9917543288987861f,0.09911586603816269f,0.5336086662147116f,-0.9956419957582396f,0.07977334507463958f,-0.018645263516278675f,1.3960940838163256f,0.01057413190527196f,-0.10029738045492859f,-0.9949012007470457f,-0.13376168761580917f,0f,0f,0f,1f], start_interpolation: 0, interpolation_duration: 1 }
$data merge entity $(bone_3) { transformation: [-0.08123666789094197f,-0.8896920333443964f,-0.44927573893266254f,0.24456949843429435f,-0.9966386343926322f,0.07729824962465037f,0.027136931310563356f,1.421503819781881f,0.010584716621893853f,0.44997007279204515f,-0.8929809053756724f,0.04042773458589788f,0f,0f,0f,1f], start_interpolation: 0, interpolation_duration: 1 }
$data merge entity $(block_display_block_display) { transformation: [-1f,0f,1.2246467991473532e-16f,-2.9040214178340744e-16f,0f,1f,0f,1.2373971193415638f,-1.2246467991473532e-16f,0f,-1f,2.3713134430727023f,0f,0f,0f,1f], start_interpolation: 0, interpolation_duration: 1 }
data modify entity @s data merge value {"locators":{},"cameras":{"camera":{"posx":-2.9040214178340744e-16,"posy":1.2373971193415638,"posz":2.3713134430727023,"roty":180,"rotx":0}}}