# This file was generated by Animated Java via MC-Build. It is not recommended to edit this file directly.
$data merge entity $(bone_layer) { transformation: [-1f,-3.169619151431765e-17f,1.1829179713786698e-16f,-7.654042494670958e-18f,0f,0.9659258262890683f,0.25881904510252074f,1.484375f,-1.2246467991473532e-16f,0.25881904510252074f,-0.9659258262890683f,0.0625f,0f,0f,0f,1f], start_interpolation: 0, interpolation_duration: 1 }
$data merge entity $(bone_head) { transformation: [-1f,-3.169619151431765e-17f,1.1829179713786698e-16f,-7.654042494670958e-18f,0f,0.9659258262890683f,0.25881904510252074f,1.484375f,-1.2246467991473532e-16f,0.25881904510252074f,-0.9659258262890683f,0.0625f,0f,0f,0f,1f], start_interpolation: 0, interpolation_duration: 1 }
$data merge entity $(bone_2) { transformation: [0.23921861726284974f,-0.9379683102142998f,-0.25074943507226755f,-0.907027439511015f,-0.9348982867814971f,-0.15418943347609937f,-0.3169228877174271f,1.2687708102429291f,0.2583421114101842f,0.31054962186106455f,-0.9147046540013808f,0.022646277177290987f,0f,0f,0f,1f], start_interpolation: 0, interpolation_duration: 1 }
$data merge entity $(bone_1) { transformation: [0.23945807533818791f,0.9121626261761243f,-0.3325946084391726f,-0.2605793342819074f,-0.9358341209023995f,0.3080840901747528f,0.17116860557949334f,1.436610535424079f,0.2586007121223065f,0.27026567815516395f,0.9274061326631204f,0.03143559010905945f,0f,0f,0f,1f], start_interpolation: 0, interpolation_duration: 1 }
$data merge entity $(bone_4) { transformation: [-0.08539765219911673f,-0.9919190094962077f,0.09375133158230081f,0.5324746272093558f,-0.9952820696359211f,0.08405511475951069f,-0.019083789488121755f,1.3955864084872431f,0.011038245336853162f,-0.09503376390961316f,-0.995412726865253f,-0.13482881381783737f,0f,0f,0f,1f], start_interpolation: 0, interpolation_duration: 1 }
$data merge entity $(bone_3) { transformation: [-0.08548313533445118f,-0.8869485612894555f,-0.4538886242240019f,0.2444767033797646f,-0.996278347983905f,0.0811450773827328f,0.029067675431856677f,1.422246180218119f,0.011049294631484647f,0.4546842047433753f,-0.8905841830197924f,0.04089170985854662f,0f,0f,0f,1f], start_interpolation: 0, interpolation_duration: 1 }
$data merge entity $(block_display_block_display) { transformation: [-1f,0f,1.2246467991473532e-16f,-2.894007641387857e-16f,0f,1f,0f,1.2391493055555556f,-1.2246467991473532e-16f,0f,-1f,2.363136574074074f,0f,0f,0f,1f], start_interpolation: 0, interpolation_duration: 1 }
data modify entity @s data merge value {"locators":{},"cameras":{"camera":{"posx":-2.894007641387857e-16,"posy":1.2391493055555556,"posz":2.363136574074074,"roty":180,"rotx":0}}}