# This file was generated by Animated Java via MC-Build. It is not recommended to edit this file directly.
$data merge entity $(bone_2) { transformation: [0.2440997443471952f,-0.9379051623773568f,-0.24623134006958602f,-0.9064874460676908f,-0.9337253815093927f,-0.16016429025983042f,-0.31742401744914184f,1.26544694066255f,0.25801788064933195f,0.30770327673177017f,-0.9157576755419431f,0.020980397763849704f,0f,0f,0f,1f], start_interpolation: 0, interpolation_duration: 1 }
$data merge entity $(bone_1) { transformation: [0.24434408843563082f,0.9095194256656665f,-0.33625939508563396f,-0.26108811104578944f,-0.9346600415509436f,0.3132658425291466f,0.1681520699619611f,1.4371597393287137f,0.2582761568061381f,0.27320125592921407f,0.9266361209148666f,0.03179664723032065f,0f,0f,0f,1f], start_interpolation: 0, interpolation_duration: 1 }
$data merge entity $(bone_4) { transformation: [-0.09126112076889932f,-0.9917130235573405f,0.0903327434505441f,0.5318838020551633f,-0.9947576063717624f,0.08993137151162313f,-0.01968743257717144f,1.3945926191733187f,0.011389135240496642f,-0.0917476284423549f,-0.9957170283063445f,-0.13536505214774908f,0f,0f,0f,1f], start_interpolation: 0, interpolation_duration: 1 }
$data merge entity $(bone_3) { transformation: [-0.09135247324214146f,-0.8849380284463652f,-0.4566611560468047f,0.24463374635568513f,-0.9957533597314938f,0.0864253992561923f,0.031715878465683495f,1.4229682944606414f,0.011400535776272914f,0.45761920433136105f,-0.889075188952625f,0.041308309037900906f,0f,0f,0f,1f], start_interpolation: 0, interpolation_duration: 1 }
$data merge entity $(block_display_block_display) { transformation: [-1f,0f,1.2246467991473532e-16f,-2.8790329114728716e-16f,0f,1f,0f,1.241769547325103f,-1.2246467991473532e-16f,0f,-1f,2.35090877914952f,0f,0f,0f,1f], start_interpolation: 0, interpolation_duration: 1 }
data modify entity @s data merge value {"locators":{},"cameras":{"camera":{"posx":-2.8790329114728716e-16,"posy":1.241769547325103,"posz":2.35090877914952,"roty":180,"rotx":0}}}