# This file was generated by Animated Java via MC-Build. It is not recommended to edit this file directly.
$data merge entity $(bone_2) { transformation: [0.2501128831915891f,-0.9371348976332051f,-0.24309756985830544f,-0.9059555087662303f,-0.9323788137398752f,-0.16686758567202348f,-0.3179366046304848f,1.2616171223356782f,0.2571269984863775f,0.30648555021402213f,-0.9164168740071437f,0.020397312158941833f,0f,0f,0f,1f], start_interpolation: 0, interpolation_duration: 1 }
$data merge entity $(bone_1) { transformation: [0.2503632464380271f,0.9070910049757215f,-0.33838462365353905f,-0.261740913224823f,-0.933312125865741f,0.31905086859831144f,0.16472710450510056f,1.4376641035058702f,0.25738438286924675f,0.2745768598021301f,0.9264776454487277f,0.03212733506100848f,0f,0f,0f,1f], start_interpolation: 0, interpolation_duration: 1 }
$data merge entity $(bone_4) { transformation: [-0.09851201489720875f,-0.9911245960637707f,0.08915144200428621f,0.5318970328804884f,-0.9940632718295136f,0.09716192346573584f,-0.020456788806691346f,1.393137245783703f,0.011601487856955533f,-0.09072814175252614f,-0.995807983589344f,-0.13531604543109393f,0f,0f,0f,1f], start_interpolation: 0, interpolation_duration: 1 }
$data merge entity $(bone_3) { transformation: [-0.09861062552273148f,-0.8838070409273935f,-0.4573412937196694f,0.2450456889104848f,-0.9950583301596733f,0.09293695972359683f,0.03495198273599967f,1.423629670122017f,0.011613100957913446f,0.4585279009226154f,-0.8886041300610985f,0.04165222438181625f,0f,0f,0f,1f], start_interpolation: 0, interpolation_duration: 1 }
$data merge entity $(block_display_block_display) { transformation: [-1f,0f,1.2246467991473532e-16f,-2.8585460110370324e-16f,0f,1f,0f,1.2453542952674896f,-1.2246467991473532e-16f,0f,-1f,2.3341799554183815f,0f,0f,0f,1f], start_interpolation: 0, interpolation_duration: 1 }
data modify entity @s data merge value {"locators":{},"cameras":{"camera":{"posx":-2.8585460110370324e-16,"posy":1.2453542952674896,"posz":2.3341799554183815,"roty":180,"rotx":0}}}