# This file was generated by Animated Java via MC-Build. It is not recommended to edit this file directly.
$data merge entity $(bone_2) { transformation: [0.2570625825808478f,-0.9356216925699959f,-0.24165784940370666f,-0.9054593807844017f,-0.9308918190597604f,-0.17401955039504047f,-0.31846804389297967f,1.2574250915033145f,0.25565650753398605f,0.3071306635176038f,-0.9166131074998626f,0.021039657166142256f,0f,0f,0f,1f], start_interpolation: 0, interpolation_duration: 1 }
$data merge entity $(bone_1) { transformation: [0.25731990248333114f,0.9050256702270747f,-0.33869603483950445f,-0.2625188743699356f,-0.9318236427024629f,0.3252142361601724f,0.1610602356246522f,1.4380929015607844f,0.25591241995394f,0.27416096882814955f,0.9270084123051574f,0.03240740740740736f,0f,0f,0f,1f], start_interpolation: 0, interpolation_duration: 1 }
$data merge entity $(bone_4) { transformation: [-0.10691620188518919f,-0.9901294818779625f,0.09049662094834465f,0.5325713452326761f,-0.9931939405409104f,0.10550408543970266f,-0.021420848909676667f,1.3912397466915198f,0.011649989152982067f,-0.09226319456646909f,-0.9956663642149014f,-0.1346251296567126f,0f,0f,0f,1f], start_interpolation: 0, interpolation_duration: 1 }
$data merge entity $(bone_3) { transformation: [-0.10702322511029949f,-0.8836905342552747f,-0.45567210684286774f,0.24571759259259257f,-0.99418812866958f,0.1004906568877828f,0.038621143053270496f,1.4241898148148149f,0.011661650803785853f,0.45715715847604266f,-0.8893094727678555f,0.04189814814814818f,0f,0f,0f,1f], start_interpolation: 0, interpolation_duration: 1 }
$data merge entity $(item_display_item_display) { transformation: [-0.00001f,0f,1.2246467991473532e-21f,-2.831995723028254e-16f,0f,0.00001f,0f,1.25f,-1.2246467991473532e-21f,0f,-0.00001f,2.3125f,0f,0f,0f,1f], start_interpolation: -1, interpolation_duration: 0 }
$data merge entity $(block_display_block_display) { transformation: [-1f,0f,1.2246467991473532e-16f,-2.831995723028254e-16f,0f,1f,0f,1.25f,-1.2246467991473532e-16f,0f,-1f,2.3125f,0f,0f,0f,1f], start_interpolation: 0, interpolation_duration: 1 }
data modify entity @s data merge value {"locators":{},"cameras":{"camera":{"posx":-2.831995723028254e-16,"posy":1.25,"posz":2.3125,"roty":180,"rotx":0}}}
execute on vehicle unless entity @s[tag=aj.transforms_only] at @s run function animated_java:stellar_animation/animations/ruins_of_the_finality_2/zzz/frames/zzz/1