# This file was generated by Animated Java via MC-Build. It is not recommended to edit this file directly.
$data merge entity $(bone_2) { transformation: [0.2647541872735486f,-0.9333248239848718f,-0.24221806937200918f,-0.9050228745863484f,-0.9292990522119963f,-0.18134150740149307f,-0.3190434790831182f,1.2530099329092514f,0.2535931621298339f,0.3098709902959001f,-0.9162650628089212f,0.023051624756784864f,0f,0f,0f,1f], start_interpolation: 0, interpolation_duration: 1 }
$data merge entity $(bone_1) { transformation: [0.26501920648002864f,0.9034655146030989f,-0.33691969980939573f,-0.26340312803205496f,-0.9302292814934897f,0.3315420882759148f,0.15733190253013332f,1.4384154070986916f,0.2538470091389729f,0.27171659431216727f,0.9282950976530013f,0.0326166180758017f,0f,0f,0f,1f], start_interpolation: 0, interpolation_duration: 1 }
$data merge entity $(bone_4) { transformation: [-0.11623946346323441f,-0.9886869441701998f,0.09465436992810339f,0.533958663577951f,-0.9921476314476977f,0.11471296075573628f,-0.022634999206507377f,1.3889148369696713f,0.01150932432868134f,-0.09663882792151868f,-0.9952528357479998f,-0.1332320725595904f,0f,0f,0f,1f], start_interpolation: 0, interpolation_duration: 1 }
$data merge entity $(bone_3) { transformation: [-0.11635581928251693f,-0.8847078671907139f,-0.4513904219740956f,0.24665451895043733f,-0.9931407722199176f,0.10890970603384431f,0.0425450641796119f,1.4246082361516035f,0.011520845173855196f,0.4532445980510738f,-0.891311732484208f,0.04202077259475222f,0f,0f,0f,1f], start_interpolation: 0, interpolation_duration: 1 }
$data merge entity $(item_display_item_display) { transformation: [-0.00001f,0f,1.2246467991473532e-21f,-2.681749703688417e-16f,0f,0.00001f,0f,1.2545438957475994f,-1.2246467991473532e-21f,0f,-0.00001f,2.189814814814815f,0f,0f,0f,1f], start_interpolation: 0, interpolation_duration: 1 }
$data merge entity $(block_display_block_display) { transformation: [-1f,0f,1.2246467991473532e-16f,-2.514494701027089e-16f,0f,1f,0f,1.3055555555555554f,-1.2246467991473532e-16f,0f,-1f,2.0532407407407414f,0f,0f,0f,1f], start_interpolation: 0, interpolation_duration: 1 }
data modify entity @s data merge value {"locators":{},"cameras":{"camera":{"posx":-2.514494701027089e-16,"posy":1.3055555555555554,"posz":2.0532407407407414,"roty":180,"rotx":0}}}