# This file was generated by Animated Java via MC-Build. It is not recommended to edit this file directly.
$data merge entity $(bone_layer) { transformation: [-1f,-7.294783261734883e-17f,9.836773629117342e-17f,1.1481063742006436e-17f,0f,0.8032335230015778f,0.595664257385378f,1.446875f,-1.2246467991473532e-16f,0.595664257385378f,-0.8032335230015778f,-0.09375f,0f,0f,0f,1f], start_interpolation: 0, interpolation_duration: 1 }
$data merge entity $(bone_head) { transformation: [-1f,-7.294783261734883e-17f,9.836773629117342e-17f,1.1481063742006436e-17f,0f,0.8032335230015778f,0.595664257385378f,1.446875f,-1.2246467991473532e-16f,0.595664257385378f,-0.8032335230015778f,-0.09375f,0f,0f,0f,1f], start_interpolation: 0, interpolation_duration: 1 }
$data merge entity $(bone_2) { transformation: [0.22668611307830416f,0.9468720635490541f,0.22807306954267326f,-0.5862463993733908f,-0.9720380280483972f,0.20650440224675676f,0.10935197109585554f,1.2762031527325355f,0.056428106706302175f,-0.24655471425844955f,0.9674837576759799f,-0.16980420233169807f,0f,0f,0f,1f], start_interpolation: 0, interpolation_duration: 1 }
$data merge entity $(bone_1) { transformation: [0.22675089904946116f,0.9694204738474101f,-0.09385081068229345f,-0.2530081114883436f,-0.9723158325719893f,0.23090084228192542f,0.03587091807211715f,1.3555753172669474f,0.056444233630196516f,0.08311886620352824f,0.9949398487199816f,-0.14123209207423523f,0f,0f,0f,1f], start_interpolation: 0, interpolation_duration: 1 }
$data merge entity $(bone_4) { transformation: [-0.17855241574351025f,-0.9834788230128114f,0.029499390036937773f,0.6101409854325828f,-0.9836258548414273f,0.1783596862667652f,-0.010718885131997534f,1.3045850155782375f,0.005278785925982554f,-0.030939085315440526f,-0.9995073243798545f,-0.16694945240876827f,0f,0f,0f,1f], start_interpolation: 0, interpolation_duration: 1 }
data modify entity @s data merge value {"locators":{},"cameras":{"camera":{"posx":-1.7787994757615304e-16,"posy":1.4375,"posz":1.4525,"roty":180,"rotx":0}}}