# This file was generated by Animated Java via MC-Build. It is not recommended to edit this file directly.
$data merge entity $(bone_2) { transformation: [0.2729939536985227f,-0.930194465014783f,-0.24507811658086864f,-0.9046627310757769f,-0.9276382593551916f,-0.18855703557625314f,-0.3197028208354554f,1.2485060133635566f,0.2509234166524098f,0.31493571024981704f,-0.9152741792069886f,0.02657924817704372f,0f,0f,0f,1f], start_interpolation: 0, interpolation_duration: 1 }
$data merge entity $(bone_1) { transformation: [0.2732672209194421f,0.9025417303392456f,-0.3327813861489324f,-0.2643748077621089f,-0.928566826181373f,0.3378308858235374f,0.153733346737576f,1.438600893724828f,0.25117459124365343f,0.2669994711229298f,0.9303884173471095f,0.03273472087247593f,0f,0f,0f,1f], start_interpolation: 0, interpolation_duration: 1 }
$data merge entity $(bone_4) { transformation: [-0.12624776239956798f,-0.9867343527052908f,0.10190630405438494f,0.5361040688750466f,-0.9909278918357679f,0.12454127892344033f,-0.02417761579374173f,1.3861732218290663f,0.011154177290267948f,-0.10413830724274559f,-0.9945001498685183f,-0.13107174423076615f,0f,0f,0f,1f], start_interpolation: 0, interpolation_duration: 1 }
$data merge entity $(bone_3) { transformation: [-0.12637413653610408f,-0.8869575296178505f,-0.4442250761370342f,0.2478615295324479f,-0.9919198116474153f,0.11802767279136361f,0.04652478604798474f,1.424844441744952f,0.01116534263290085f,0.44651518351524677f,-0.8947063909541695f,0.04199478997948389f,0f,0f,0f,1f], start_interpolation: 0, interpolation_duration: 1 }
$data merge entity $(item_display_item_display) { transformation: [-0.00001f,0f,1.2246467991473532e-21f,-2.471972242723361e-16f,0f,0.00001f,0f,1.2608882030178326f,-1.2246467991473532e-21f,0f,-0.00001f,2.0185185185185186f,0f,0f,0f,1f], start_interpolation: 0, interpolation_duration: 1 }
$data merge entity $(block_display_block_display) { transformation: [-1f,0f,1.2246467991473532e-16f,-2.0779307957754862e-16f,0f,1f,0f,1.3819444444444444f,-1.2246467991473532e-16f,0f,-1f,1.6967592592592595f,0f,0f,0f,1f], start_interpolation: 0, interpolation_duration: 1 }
data modify entity @s data merge value {"locators":{},"cameras":{"camera":{"posx":-2.0779307957754862e-16,"posy":1.3819444444444444,"posz":1.6967592592592595,"roty":180,"rotx":0}}}