# This file was generated by Animated Java via MC-Build. It is not recommended to edit this file directly.
$data merge entity $(bone_2) { transformation: [0.2815891011529502f,-0.9261661552542996f,-0.2505294552237999f,-0.9043845983681087f,-0.9259515476501002f,-0.19539292826525767f,-0.3204964693385526f,1.244043333566283f,0.24763341760807975f,0.3225489985186696f,-0.9135190229036219f,0.031770518518397364f,0f,0f,0f,1f], start_interpolation: 0, interpolation_duration: 1 }
$data merge entity $(bone_1) { transformation: [0.2818709721250753f,0.9023686915560715f,-0.3260053673985274f,-0.2654150471110251f,-0.9268784260761764f,0.3438857393743974f,0.15046255856349755f,1.4386186350444283f,0.24788129890698674f,0.25975631417601364f,0.9333174802273217f,0.03274146960371445f,0f,0f,0f,1f], start_interpolation: 0, interpolation_duration: 1 }
$data merge entity $(bone_4) { transformation: [-0.13670754575005437f,-0.9841804331266892f,0.11252772075235756f,0.5390435946023049f,-0.9895456278480578f,0.13473876047505537f,-0.026145252148321113f,1.3830227430245394f,0.010559230170315096f,-0.11504060794436033f,-0.993304554430503f,-0.12807278903554797f,0f,0f,0f,1f], start_interpolation: 0, interpolation_duration: 1 }
$data merge entity $(bone_3) { transformation: [-0.13684439014019456f,-0.8905104587238729f,-0.433894844162218f,0.24934368588705322f,-0.9905361640120699f,0.12768535174351492f,0.050344401221868756f,1.424857939207429f,0.010569799970285381f,0.4366778834032382f,-0.8995558378861515f,0.04179489256019871f,0f,0f,0f,1f], start_interpolation: 0, interpolation_duration: 1 }
$data merge entity $(item_display_item_display) { transformation: [-0.00001f,0f,1.2246467991473532e-21f,-2.2196723234545778e-16f,0f,0.00001f,0f,1.2685185185185186f,-1.2246467991473532e-21f,0f,-0.00001f,1.8125f,0f,0f,0f,1f], start_interpolation: 0, interpolation_duration: 1 }
$data merge entity $(block_display_block_display) { transformation: [-1f,0f,1.2246467991473532e-16f,-1.7604297737743202e-16f,0f,1f,0f,1.4375f,-1.2246467991473532e-16f,0f,-1f,1.4375f,0f,0f,0f,1f], start_interpolation: 0, interpolation_duration: 1 }
data modify entity @s data merge value {"locators":{},"cameras":{"camera":{"posx":-1.7604297737743202e-16,"posy":1.4375,"posz":1.4375,"roty":180,"rotx":0}}}