# This file was generated by Animated Java via MC-Build. It is not recommended to edit this file directly.
$data merge entity $(bone_2) { transformation: [0.2903477934395907f,-0.9211540274350776f,-0.25885238971165336f,-0.9041781567174458f,-0.9242862555219793f,-0.20157996491622088f,-0.3214797957827158f,1.239748274810924f,0.24370900003471235f,0.33292758294336533f,-0.9108491539459592f,0.03877521671616726f,0f,0f,0f,1f], start_interpolation: 0, interpolation_duration: 1 }
$data merge entity $(bone_1) { transformation: [0.29063843187146216f,0.9030368359102443f,-0.3163127801852337f,-0.2665049796297312f,-0.9252114669889683f,0.34951787597273776f,0.1477193139966045f,1.438437904662729f,0.24395295298770006f,0.24972330160543785f,0.937083363081354f,0.032616618075801705f,0f,0f,0f,1f], start_interpolation: 0, interpolation_duration: 1 }
$data merge entity $(bone_4) { transformation: [-0.14738606623410216f,-0.9808972235048941f,0.1267851483432879f,0.5428015490516664f,-0.9880203812254639f,0.1450510532516409f,-0.028646417294308578f,1.379469926791601f,0.00969916301160681f,-0.12961801136793905f,-0.9915164693214988f,-0.1241563901999172f,0f,0f,0f,1f], start_interpolation: 0, interpolation_duration: 1 }
$data merge entity $(bone_3) { transformation: [-0.1475335998339361f,-0.8954019380746805f,-0.42010618444881975f,0.25110604956268223f,-0.98900939061608f,0.13772652631135496f,0.05377573080319478f,1.4246082361516035f,0.0097088718834903f,0.42342268862486976f,-0.9058802153510344f,0.04139577259475222f,0f,0f,0f,1f], start_interpolation: 0, interpolation_duration: 1 }
$data merge entity $(item_display_item_display) { transformation: [-0.00001f,0f,1.2246467991473532e-21f,-1.9418589292035573e-16f,0f,0.00001f,0f,1.276920438957476f,-1.2246467991473532e-21f,0f,-0.00001f,1.5856481481481477f,0f,0f,0f,1f], start_interpolation: 0, interpolation_duration: 1 }
$data merge entity $(block_display_block_display) { transformation: [-1f,0f,1.2246467991473532e-16f,-1.713392585329703e-16f,0f,1f,0f,1.445730452674897f,-1.2246467991473532e-16f,0f,-1f,1.39909122085048f,0f,0f,0f,1f], start_interpolation: 0, interpolation_duration: 1 }
data modify entity @s data merge value {"locators":{},"cameras":{"camera":{"posx":-1.713392585329703e-16,"posy":1.4453875171467765,"posz":1.39909122085048,"roty":180,"rotx":0}}}