# This file was generated by Animated Java via MC-Build. It is not recommended to edit this file directly.
$data merge entity $(bone_2) { transformation: [0.29907904008402453f,-0.9150429038021478f,-0.27031286824022815f,-0.9040114293516999f,-0.9226954265214966f,-0.20685358218431787f,-0.32270645206333026f,1.235744670658176f,0.23913568880184397f,0.3462774606278163f,-0.9070785517585775f,0.0477443148968487f,0f,0f,0f,1f], start_interpolation: 0, interpolation_duration: 1 }
$data merge entity $(bone_1) { transformation: [0.29937841850252706f,0.9046043569267247f,-0.303419709254545f,-0.26762573886915497f,-0.9236190455670636f,0.3545413514767596f,0.14569930939719533f,1.4380279761849646f,0.23937506386570967f,0.23662499344367602f,0.9416518418593295f,0.03233992009502208f,0f,0f,0f,1f], start_interpolation: 0, interpolation_duration: 1 }
$data merge entity $(bone_4) { transformation: [-0.15805169327413424f,-0.9767108250364089f,0.14493305624778313f,0.5473873408742429f,-0.9863810535345414f,0.1552183775768356f,-0.03179393944684693f,1.3755218970689218f,0.008548653769274057f,-0.148132439118217f,-0.9889305105117989f,-0.11923524461719029f,0f,0f,0f,1f], start_interpolation: 0, interpolation_duration: 1 }
$data merge entity $(bone_3) { transformation: [-0.15820990317731154f,-0.9016220292269953f,-0.4025510439052675f,0.25315368210776373f,-0.9873684219564979f,0.14799272309385125f,0.05658403692209962f,1.4240548401900441f,0.008557210980254313f,0.40641834398051174f,-0.9136470345906988f,0.04077212234099992f,0f,0f,0f,1f], start_interpolation: 0, interpolation_duration: 1 }
$data merge entity $(item_display_item_display) { transformation: [-0.00001f,0f,1.2246467991473532e-21f,-1.6555410432917928e-16f,0f,0.00001f,0f,1.285579561042524f,-1.2246467991473532e-21f,0f,-0.00001f,1.3518518518518523f,0f,0f,0f,1f], start_interpolation: 0, interpolation_duration: 1 }
$data merge entity $(block_display_block_display) { transformation: [-1f,0f,1.2246467991473532e-16f,-1.6884040789685004e-16f,0f,1f,0f,1.4501028806584362f,-1.2246467991473532e-16f,0f,-1f,1.3786865569272977f,0f,0f,0f,1f], start_interpolation: 0, interpolation_duration: 1 }
data modify entity @s data merge value {"locators":{},"cameras":{"camera":{"posx":-1.6884040789685004e-16,"posy":1.4489026063100137,"posz":1.3786865569272977,"roty":180,"rotx":0}}}