# This file was generated by Animated Java via MC-Build. It is not recommended to edit this file directly.
$data merge entity $(bone_2) { transformation: [0.307592502772834f,-0.9076794111816326f,-0.285158601906053f,-0.9038243227189873f,-0.9212378888426436f,-0.21095461272176763f,-0.32422059712450446f,1.2321550779478214f,0.23389870542329388f,0.36278952284812943f,-0.9019787005019658f,0.05882876650532627f,0f,0f,0f,1f], start_interpolation: 0, interpolation_duration: 1 }
$data merge entity $(bone_1) { transformation: [0.30790040317601003f,0.9070876999045834f,-0.28703527031684234f,-0.26875845838022416f,-0.9221600488915351f,0.35876919695351f,0.14458736993836901f,1.4373581232163715f,0.23413283826155545f,0.22017394941079171f,0.9469452180820401f,0.031891129467660026f,0f,0f,0f,1f], start_interpolation: 0, interpolation_duration: 1 }
$data merge entity $(bone_4) { transformation: [-0.16847417898722963f,-0.9713910747074681f,0.1672093855946949f,0.5527917734721658f,-0.9846660809252551f,0.1649741304091681f,-0.03569591299004347f,1.3711885866127005f,0.0070823788290292206f,-0.17083008012176693f,-0.9852749987515425f,-0.1132128963695949f,0f,0f,0f,1f], start_interpolation: 0, interpolation_duration: 1 }
$data merge entity $(bone_3) { transformation: [-0.16864282180903867f,-0.9091044603392069f,-0.38090507852172883f,0.2554916450707267f,-0.9856517326579131f,0.1583171704366445f,0.05853490798992014f,1.42315725893532f,0.007089468297326547f,0.385311242680893f,-0.9227594408636344f,0.03989863405679735f,0f,0f,0f,1f], start_interpolation: 0, interpolation_duration: 1 }
$data merge entity $(item_display_item_display) { transformation: [-0.00001f,0f,1.2246467991473532e-21f,-1.3777276490407726e-16f,0f,0.00001f,0f,1.2939814814814814f,-1.2246467991473532e-21f,0f,-0.00001f,1.1250000000000002f,0f,0f,0f,1f], start_interpolation: 0, interpolation_duration: 1 }
$data merge entity $(block_display_block_display) { transformation: [-1f,0f,1.2246467991473532e-16f,-1.6810545182740288e-16f,0f,1f,0f,1.4513888888888888f,-1.2246467991473532e-16f,0f,-1f,1.3726851851851851f,0f,0f,0f,1f], start_interpolation: 0, interpolation_duration: 1 }
data modify entity @s data merge value {"locators":{},"cameras":{"camera":{"posx":-1.6810545182740288e-16,"posy":1.4490740740740742,"posz":1.3726851851851851,"roty":180,"rotx":0}}}