# This file was generated by Animated Java via MC-Build. It is not recommended to edit this file directly.
$data merge entity $(bone_2) { transformation: [0.4758702543473612f,-0.6049231176820199f,-0.6380924207815484f,-0.8166234625544497f,-0.8733403262262383f,-0.24822813836199392f,-0.4172909393179691f,1.1654613623522634f,0.09394240583690348f,0.75660479315109f,-0.6470752154921946f,0.3473955186572411f,0f,0f,0f,1f], start_interpolation: 0, interpolation_duration: 1 }
$data merge entity $(bone_1) { transformation: [0.4763466009483095f,0.8615187852613897f,0.17572506482209968f,-0.2933217717138665f,-0.8742145407670052f,0.4426848368848594f,0.1994469150018613f,1.414913244362185f,0.09403644227918266f,-0.24862726687546716f,0.9640236665608937f,0.015624999999999951f,0f,0f,0f,1f], start_interpolation: 0, interpolation_duration: 1 }
$data merge entity $(bone_4) { transformation: [-0.36617524099839327f,-0.6335842524597582f,0.68133553885777f,0.6282696140687256f,-0.9286198539456514f,0.2807143992580242f,-0.2390341665593523f,1.2661057422315947f,-0.03977260033900075f,-0.7209510531819869f,-0.6918414202016732f,0.06900139525523961f,0f,0f,0f,1f], start_interpolation: 0, interpolation_duration: 1 }
$data merge entity $(bone_3) { transformation: [-0.36654178278117444f,-0.9004408569073639f,0.23420799449961294f,0.31851562499999997f,-0.9295494033490004f,0.3651850871245701f,-0.05077163455451994f,1.390625f,-0.0398124127517525f,-0.23631782699100917f,-0.970859854169041f,0.013515625000000045f,0f,0f,0f,1f], start_interpolation: 0, interpolation_duration: 1 }
$data merge entity $(item_display_item_display) { transformation: [-0.00001f,0f,1.2246467991473532e-21f,-9.156502688069329e-17f,0f,0.00001f,0f,1.3079561042524006f,-1.2246467991473532e-21f,0f,-0.00001f,0.7476851851851851f,0f,0f,0f,1f], start_interpolation: 0, interpolation_duration: 1 }
$data merge entity $(block_display_block_display) { transformation: [-1f,0f,1.2246467991473532e-16f,-1.7016332882185488e-16f,0f,1f,0f,1.4477880658436213f,-1.2246467991473532e-16f,0f,-1f,1.3894890260631f,0f,0f,0f,1f], start_interpolation: 0, interpolation_duration: 1 }
data modify entity @s data merge value {"locators":{},"cameras":{"camera":{"posx":-1.7016332882185488e-16,"posy":1.4435013717421126,"posz":1.3894890260631,"roty":180,"rotx":0}}}