# This file was generated by Animated Java via MC-Build. It is not recommended to edit this file directly.
$data merge entity $(bone_2) { transformation: [0.617262105376307f,-0.11827047698990811f,-0.7773264552053041f,-0.5648092857102711f,-0.784465295883872f,-0.143207056758204f,-0.6023896730734719f,1.1648434393912832f,-0.04003364610222317f,0.9826005460853522f,-0.1813567308163445f,0.5780424160638963f,0f,0f,0f,1f], start_interpolation: 0, interpolation_duration: 1 }
$data merge entity $(bone_1) { transformation: [0.6178799853616687f,0.5427376410633666f,0.5689113961439305f,-0.3167592717138665f,-0.7852505464303023f,0.46282487527624616f,0.4113085388810195f,1.389522619362185f,-0.04007371982204521f,-0.7008772986753813f,0.712155256374005f,-5.603276157836638e-17f,0f,0f,0f,1f], start_interpolation: 0, interpolation_duration: 1 }
$data merge entity $(bone_4) { transformation: [-0.5552281039430643f,-0.05035294871721985f,0.8298004884205938f,0.5566273695842172f,-0.8268175958583792f,0.12734971354260483f,-0.546612664824007f,1.2141890175954806f,-0.07807314372279224f,-0.9905789372968201f,-0.11245329728799269f,0.23026883711502977f,0f,0f,0f,1f], start_interpolation: 0, interpolation_duration: 1 }
$data merge entity $(bone_3) { transformation: [-0.5557838878308952f,-0.48831872365394635f,0.6727920140404134f,0.375f,-0.8276452410994787f,0.401100429755907f,-0.3925834944760318f,1.359375f,-0.07815129501781005f,-0.7750246895284095f,-0.6270798240323409f,-0.015624999999999958f,0f,0f,0f,1f], start_interpolation: 0, interpolation_duration: 1 }
$data merge entity $(item_display_item_display) { transformation: [-0.00001f,0f,1.2246467991473532e-21f,-7.654042494670958e-17f,0f,0.00001f,0f,1.3125f,-1.2246467991473532e-21f,0f,-0.00001f,0.625f,0f,0f,0f,1f], start_interpolation: 0, interpolation_duration: 1 }
$data merge entity $(block_display_block_display) { transformation: [-1f,0f,1.2246467991473532e-16f,-1.7207421460241744e-16f,0f,1f,0f,1.4444444444444444f,-1.2246467991473532e-16f,0f,-1f,1.4050925925925926f,0f,0f,0f,1f], start_interpolation: 0, interpolation_duration: 1 }
data modify entity @s data merge value {"locators":{},"cameras":{"camera":{"posx":-1.7207421460241744e-16,"posy":1.4398148148148149,"posz":1.4050925925925926,"roty":180,"rotx":0}}}