# This file was generated by Animated Java via MC-Build. It is not recommended to edit this file directly.
$data merge entity $(bone_2) { transformation: [0.6139489537629444f,0.27979748719007513f,-0.7375805375620202f,-0.3053501336804564f,-0.7876618835096548f,0.18746255252208766f,-0.5858360371844498f,1.3454460055915898f,-0.025621074126762903f,0.9415790766388255f,0.3358140678198897f,0.6677184194505305f,0f,0f,0f,1f], start_interpolation: 0, interpolation_duration: 1 }
$data merge entity $(bone_1) { transformation: [0.6145635172802246f,0.1938621326380392f,0.7646758507741632f,-0.3167592717138665f,-0.7884503338434983f,0.1824614133681748f,0.5874128903026937f,1.358272619362185f,-0.025646720847610514f,-0.9639114617851161f,0.26498479116554097f,-5.603276157836638e-17f,0f,0f,0f,1f], start_interpolation: 0, interpolation_duration: 1 }
$data merge entity $(bone_4) { transformation: [-0.6801255653739207f,0.19535937910491066f,0.7059301645249659f,0.43366295495607743f,-0.7313158986140226f,-0.1490210737016341f,-0.6647544836473431f,1.2652294563544317f,-0.024642884554562126f,-0.9693438154692875f,0.24446692881555349f,0.26550862175816264f,0f,0f,0f,1f], start_interpolation: 0, interpolation_duration: 1 }
$data merge entity $(bone_3) { transformation: [-0.6808063717456663f,-0.21453157172307485f,0.7003419799815864f,0.34375f,-0.7320479465605831f,0.2314892249047028f,-0.6407172096092422f,1.359375f,-0.024667552106668794f,-0.9488882671247691f,-0.3146467358578786f,-0.04687499999999996f,0f,0f,0f,1f], start_interpolation: 0, interpolation_duration: 1 }
$data merge entity $(item_display_item_display) { transformation: [-0.5f,0f,6.123233995736766e-17f,-7.654042494670958e-17f,0f,0.00001f,0f,1.3125f,-6.123233995736766e-17f,0f,-0.5f,0.625f,0f,0f,0f,1f], start_interpolation: -1, interpolation_duration: 0 }
$data merge entity $(block_display_block_display) { transformation: [-1f,0f,1.2246467991473532e-16f,-1.7398510038298003e-16f,0f,1f,0f,1.4411008230452675f,-1.2246467991473532e-16f,0f,-1f,1.420696159122085f,0f,0f,0f,1f], start_interpolation: 0, interpolation_duration: 1 }
data modify entity @s data merge value {"locators":{},"cameras":{"camera":{"posx":-1.7398510038298003e-16,"posy":1.4368998628257887,"posz":1.420696159122085,"roty":180,"rotx":0}}}