# This file was generated by Animated Java via MC-Build. It is not recommended to edit this file directly.
$data merge entity $(bone_layer) { transformation: [-1f,-7.42801675587909e-17f,9.736557160545264e-17f,1.1481063742006436e-17f,0f,0.7950502273246649f,0.606543597799036f,1.446875f,-1.2246467991473532e-16f,0.606543597799036f,-0.7950502273246649f,-0.09375f,0f,0f,0f,1f], start_interpolation: 0, interpolation_duration: 1 }
$data merge entity $(bone_head) { transformation: [-1f,-7.42801675587909e-17f,9.736557160545264e-17f,1.1481063742006436e-17f,0f,0.7950502273246649f,0.606543597799036f,1.446875f,-1.2246467991473532e-16f,0.606543597799036f,-0.7950502273246649f,-0.09375f,0f,0f,0f,1f], start_interpolation: 0, interpolation_duration: 1 }
$data merge entity $(bone_2) { transformation: [0.2270546886833988f,0.9487613974167115f,0.21966738878759123f,-0.5857436667678173f,-0.9717415533242122f,0.20758499465970606f,0.10870565142090316f,1.2758917428135372f,0.057511413704225946f,-0.23824416207751714f,0.969499520191938f,-0.1727988973426096f,0f,0f,0f,1f], start_interpolation: 0, interpolation_duration: 1 }
$data merge entity $(bone_1) { transformation: [0.22715203955749486f,0.9684387308804426f,-0.10260787228837606f,-0.25284285302766507f,-0.9721581925495906f,0.23171796193099098f,0.03486021768808853f,1.3555447922273154f,0.057536072020806295f,0.09183251411795926f,0.994110853862481f,-0.1412314706145611f,0f,0f,0f,1f], start_interpolation: 0, interpolation_duration: 1 }
$data merge entity $(bone_4) { transformation: [-0.17852690096561033f,-0.9791471984535545f,0.09680688553905592f,0.6027215782982387f,-0.9834852967026961f,0.17720629789770462f,-0.022912882163574344f,1.305905773842211f,0.005278031598185185f,-0.09934128923033705f,-0.9950394096432493f,-0.1718030477507903f,0f,0f,0f,1f], start_interpolation: 0, interpolation_duration: 1 }
data modify entity @s data merge value {"locators":{},"cameras":{"camera":{"posx":-1.7879843267551357e-16,"posy":1.4375,"posz":1.46,"roty":180,"rotx":0}}}