# This file was generated by Animated Java via MC-Build. It is not recommended to edit this file directly.
$data merge entity $(bone_layer) { transformation: [-1f,-7.383757333408448e-17f,9.770164067584676e-17f,1.1481063742006436e-17f,0f,0.797794439538571f,0.6029295416890247f,1.446875f,-1.2246467991473532e-16f,0.6029295416890247f,-0.797794439538571f,-0.09375f,0f,0f,0f,1f], start_interpolation: 0, interpolation_duration: 1 }
$data merge entity $(bone_head) { transformation: [-1f,-7.383757333408448e-17f,9.770164067584676e-17f,1.1481063742006436e-17f,0f,0.797794439538571f,0.6029295416890247f,1.446875f,-1.2246467991473532e-16f,0.6029295416890247f,-0.797794439538571f,-0.09375f,0f,0f,0f,1f], start_interpolation: 0, interpolation_duration: 1 }
$data merge entity $(bone_2) { transformation: [0.2234815169093283f,0.9290724956444666f,0.2946577364179615f,-0.5892832427214985f,-0.9729543851418314f,0.19809414594497043f,0.11417386387697465f,1.2786638157928398f,0.04767856353689667f,-0.3123827895055931f,0.9487576862278618f,-0.14576406703743147f,0f,0f,0f,1f], start_interpolation: 0, interpolation_duration: 1 }
$data merge entity $(bone_1) { transformation: [0.22360929364855603f,0.9743947517082076f,-0.023531928044568856f,-0.2543350468218021f,-0.9735106769572355f,0.22445788465395522f,0.0435387168728813f,1.3558212136426369f,0.047705824007758246f,0.013172921474467747f,0.9987745634003548f,-0.14123587528058318f,0f,0f,0f,1f], start_interpolation: 0, interpolation_duration: 1 }
$data merge entity $(bone_4) { transformation: [-0.17850138618771044f,-0.9702146054892596f,0.16365948986397547f,0.5953021711638943f,-0.9833447385639649f,0.17522022514871752f,-0.034999212598066f,1.3072265321061847f,0.0052772772703878175f,-0.16727669291970437f,-0.9858958497199278f,-0.17665664309281232f,0f,0f,0f,1f], start_interpolation: 0, interpolation_duration: 1 }
data modify entity @s data merge value {"locators":{},"cameras":{"camera":{"posx":-1.7849227097572672e-16,"posy":1.4375,"posz":1.4575,"roty":180,"rotx":0}}}