# This file was generated by Animated Java via MC-Build. It is not recommended to edit this file directly.
$data merge entity $(bone_2) { transformation: [0.3156981914320049f,-0.8988623093680159f,-0.30361418055289646f,-0.9035214474622058f,-0.9199779411947138f,-0.2136303528180199f,-0.32604815407774207f,1.2291020572554354f,0.22798298103520123f,0.38263379509976037f,-0.8952714842938371f,0.07217746712801826f,0f,0f,0f,1f], start_interpolation: 0, interpolation_duration: 1 }
$data merge entity $(bone_1) { transformation: [0.31601420563764254f,0.910450837960308f,-0.26686006350254565f,-0.2698842717138665f,-0.9208988400347485f,0.3620092785278076f,0.14454967548365819f,1.436397619362185f,0.22821119222742867f,0.2000713720579464f,0.9528331951737337f,0.03124999999999995f,0f,0f,0f,1f], start_interpolation: 0, interpolation_duration: 1 }
$data merge entity $(bone_4) { transformation: [-0.17842484185401064f,-0.9646403266189938f,0.19382943426532911f,0.558982764547746f,-0.9829230641477711f,0.1740438294578063f,-0.040445242134444954f,1.3664851399737195f,0.0052750142869957065f,-0.1979337911728647f,-0.9802011695570807f,-0.10598361364106859f,0f,0f,0f,1f], start_interpolation: 0, interpolation_duration: 1 }
$data merge entity $(bone_3) { transformation: [-0.17860344529930994f,-0.9177138788734552f,-0.354826782881808f,0.258125f,-0.98390697111889f,0.1685182897195603f,0.059402510162838956f,1.421875f,0.005280294581577283f,0.35972603819161f,-0.9330430300560099f,0.038750000000000034f,0f,0f,0f,1f], start_interpolation: 0, interpolation_duration: 1 }
data modify entity @s data merge value {"locators":{},"cameras":{"camera":{"posx":-2.9005759437805064e-16,"posy":1.238,"posz":2.3685,"roty":180,"rotx":0}}}