# This file was generated by Animated Java via MC-Build. It is not recommended to edit this file directly.
$data merge entity $(bone_layer) { transformation: [-1f,-1.0779358163137705e-16f,5.812178236855982e-17f,-7.654042494670958e-18f,0f,0.4746003697476404f,0.8802013911801112f,1.484375f,-1.2246467991473532e-16f,0.8802013911801112f,-0.4746003697476404f,0.0625f,0f,0f,0f,1f], start_interpolation: 0, interpolation_duration: 1 }
$data merge entity $(bone_head) { transformation: [-1f,-1.0779358163137705e-16f,5.812178236855982e-17f,-7.654042494670958e-18f,0f,0.4746003697476404f,0.8802013911801112f,1.484375f,-1.2246467991473532e-16f,0.8802013911801112f,-0.4746003697476404f,0.0625f,0f,0f,0f,1f], start_interpolation: 0, interpolation_duration: 1 }
$data merge entity $(bone_2) { transformation: [0.29548452046687884f,-0.9055546113363518f,-0.3041132347749257f,-0.9055249988862263f,-0.9253941495598108f,-0.19413485924334797f,-0.32286536393713783f,1.2410997265775492f,0.2330999058878683f,0.3772035290317868f,-0.8962550402672614f,0.0678983431643293f,0f,0f,0f,1f], start_interpolation: 0, interpolation_duration: 1 }
$data merge entity $(bone_1) { transformation: [0.2957803007676465f,0.9162190965408871f,-0.27028980893034255f,-0.267563583272313f,-0.9263204700298406f,0.3442139316851912f,0.15312464216290445f,1.4354121182146238f,0.2333332391269953f,0.20508373013874867f,0.9505242044003306f,0.03060887053233987f,0f,0f,0f,1f], start_interpolation: 0, interpolation_duration: 1 }
$data merge entity $(bone_4) { transformation: [-0.1539605782940681f,-0.9704413981381962f,0.18572063478539125f,0.5566018844804912f,-0.9870497052914209f,0.15032197484205637f,-0.03441979399943782f,1.372856227306266f,0.005479015922160231f,-0.18880359281318543f,-0.9819995537656561f,-0.10927805878483968f,0f,0f,0f,1f], start_interpolation: 0, interpolation_duration: 1 }
$data merge entity $(bone_3) { transformation: [-0.15411469298705516f,-0.9182495981845658f,-0.3647825884542589f,0.25581220980455677f,-0.9880377430344554f,0.14527400953476644f,0.051738578382790446f,1.42059274106468f,0.005484500422582814f,0.36839264051766296f,-0.9296541199110229f,0.03829581038764715f,0f,0f,0f,1f], start_interpolation: 0, interpolation_duration: 1 }
$data merge entity $(block_display_block_display) { transformation: [-1f,0f,1.2246467991473532e-16f,-2.861853313349545e-16f,0f,1f,0f,1.244775591563786f,-1.2246467991473532e-16f,0f,-1f,2.336880572702332f,0f,0f,0f,1f], start_interpolation: 0, interpolation_duration: 1 }
data modify entity @s data merge value {"locators":{},"cameras":{"camera":{"posx":-2.861853313349545e-16,"posy":1.244775591563786,"posz":2.336880572702332,"roty":180,"rotx":0}}}