# This file was generated by Animated Java via MC-Build. It is not recommended to edit this file directly.
$data merge entity $(bone_layer) { transformation: [-1f,-7.024285468436541e-17f,1.0031719290535247e-16f,1.1481063742006436e-17f,0f,0.8191520442889918f,0.573576436351046f,1.446875f,-1.2246467991473532e-16f,0.573576436351046f,-0.8191520442889918f,-0.09375f,0f,0f,0f,1f], start_interpolation: 0, interpolation_duration: 1 }
$data merge entity $(bone_head) { transformation: [-1f,-7.024285468436541e-17f,1.0031719290535247e-16f,1.1481063742006436e-17f,0f,0.8191520442889918f,0.573576436351046f,1.446875f,-1.2246467991473532e-16f,0.573576436351046f,-0.8191520442889918f,-0.09375f,0f,0f,0f,1f], start_interpolation: 0, interpolation_duration: 1 }
$data merge entity $(bone_2) { transformation: [0.20042821985662632f,0.8188733889308386f,0.5377894125252982f,-0.5876950438015924f,-0.9785542879594666f,0.15140295664369963f,0.13468195194748464f,1.2943232821494575f,0.028843941768683778f,-0.5536456607077028f,0.8322519567987269f,-0.04282417165628527f,0f,0f,0f,1f], start_interpolation: 0, interpolation_duration: 1 }
$data merge entity $(bone_1) { transformation: [0.20057148520320003f,0.9372228390952002f,0.2852795632387892f,-0.26463319422749615f,-0.9792537549272717f,0.18321642410556016f,0.08656688396153617f,1.3575744494481237f,0.02886455931104881f,-0.29672393199117475f,0.9545269746840449f,-0.14184012648236394f,0f,0f,0f,1f], start_interpolation: 0, interpolation_duration: 1 }
$data merge entity $(bone_4) { transformation: [-0.15920120640643937f,-0.8770328921282843f,0.45324610974186236f,0.6054019936218548f,-0.9863839199353962f,0.13381336936497776f,-0.08803022686515027f,1.3157337038993744f,0.016543190355148826f,-0.46141877758094063f,-0.887027983302634f,-0.09443411329929409f,0f,0f,0f,1f], start_interpolation: 0, interpolation_duration: 1 }
$data merge entity $(bone_3) { transformation: [-0.15931500283703726f,-0.9783537943420156f,0.13207037127083432f,0.2689453125f,-0.9870889834950355f,0.155617383187463f,-0.03792846836644092f,1.3697265625f,0.01655501536612463f,-0.13640778257294378f,-0.990514436199574f,-0.11296874999999997f,0f,0f,0f,1f], start_interpolation: 0, interpolation_duration: 1 }
data modify entity @s data merge value {"locators":{},"cameras":{"camera":{"posx":-1.7604297737743202e-16,"posy":1.4375,"posz":1.4375,"roty":180,"rotx":0}}}