# This file was generated by Animated Java via MC-Build. It is not recommended to edit this file directly.
$data merge entity $(bone_layer) { transformation: [-1f,-7.455177354798984e-17f,9.71577628780522e-17f,-7.654042494670958e-18f,0f,0.7933533402912352f,0.6087614290087207f,1.484375f,-1.2246467991473532e-16f,0.6087614290087207f,-0.7933533402912352f,0.0625f,0f,0f,0f,1f], start_interpolation: 0, interpolation_duration: 1 }
$data merge entity $(bone_head) { transformation: [-1f,-7.455177354798984e-17f,9.71577628780522e-17f,-7.654042494670958e-18f,0f,0.7933533402912352f,0.6087614290087207f,1.484375f,-1.2246467991473532e-16f,0.6087614290087207f,-0.7933533402912352f,0.0625f,0f,0f,0f,1f], start_interpolation: 0, interpolation_duration: 1 }
$data merge entity $(bone_2) { transformation: [0.34506085324369895f,-0.7751577316820893f,-0.5289848834413741f,-0.891027702273725f,-0.9227504270715216f,-0.18116761423670058f,-0.33764545069435953f,1.2330583735296483f,0.16572765882029092f,0.6052344889092655f,-0.7785695490551364f,0.22679281132260615f,0f,0f,0f,1f], start_interpolation: 0, interpolation_duration: 1 }
$data merge entity $(bone_1) { transformation: [0.34540625950320214f,0.9383853048816782f,-0.011293160679197198f,-0.28493056801016275f,-0.9236741011726942f,0.3420692959203663f,0.17266948662505494f,1.4225087304732962f,0.1658935523726636f,-0.04920992146574209f,0.9849150790349968f,0.01967592592592588f,0f,0f,0f,1f], start_interpolation: 0, interpolation_duration: 1 }
$data merge entity $(bone_4) { transformation: [-0.2102323188638581f,-0.8404642048889652f,0.4993333199174675f,0.615432868472563f,-0.9764020441061039f,0.19187971704732296f,-0.08894738133706429f,1.3286817147743801f,-0.02103379115964707f,-0.506756444937999f,-0.861832117627023f,-0.01497946270663826f,0f,0f,0f,1f], start_interpolation: 0, interpolation_duration: 1 }
$data merge entity $(bone_3) { transformation: [-0.2104427616254836f,-0.9771319181414563f,-0.03044763748862462f,0.286412037037037f,-0.9773794235296335f,0.20962110513858934f,0.028079436272089274f,1.3987268518518519f,-0.021054846005652723f,0.035668008490456427f,-0.9991418751258516f,0.022037037037037077f,0f,0f,0f,1f], start_interpolation: 0, interpolation_duration: 1 }
data modify entity @s data merge value {"locators":{},"cameras":{"camera":{"posx":-2.831995723028254e-16,"posy":1.25,"posz":2.3125,"roty":180,"rotx":0}}}
execute on vehicle unless entity @s[tag=aj.transforms_only] at @s run function animated_java:stellar_animation/animations/ruins_of_the_finality_2/zzz/frames/zzz/0