# This file was generated by Animated Java via MC-Build. It is not recommended to edit this file directly.
$data merge entity $(bone_layer) { transformation: [-1f,-3.9364981230315354e-17f,1.15965495210237e-16f,1.1481063742006436e-17f,0f,0.9469301294951057f,0.3214394653031616f,1.446875f,-1.2246467991473532e-16f,0.3214394653031616f,-0.9469301294951057f,-0.09375f,0f,0f,0f,1f], start_interpolation: 0, interpolation_duration: 1 }
$data merge entity $(bone_head) { transformation: [-1f,-3.9364981230315354e-17f,1.15965495210237e-16f,1.1481063742006436e-17f,0f,0.9469301294951057f,0.3214394653031616f,1.446875f,-1.2246467991473532e-16f,0.3214394653031616f,-0.9469301294951057f,-0.09375f,0f,0f,0f,1f], start_interpolation: 0, interpolation_duration: 1 }
$data merge entity $(bone_2) { transformation: [0.18324646425892058f,0.4784985273099569f,0.8587212901434021f,-0.5265812638233185f,-0.9819260500524309f,0.10969247649841109f,0.14877428333025772f,1.3082055819672997f,-0.022987269185935414f,-0.8712099172770289f,0.49037124556199163f,0.08931033534343466f,0f,0f,0f,1f], start_interpolation: 0, interpolation_duration: 1 }
$data merge entity $(bone_1) { transformation: [0.18340366740240835f,0.7145746285074819f,0.6750897681617911f,-0.2767269242228604f,-0.9827684229864193f,0.14935286402058656f,0.10890339200242778f,1.3602262751743917f,-0.023006989462617658f,-0.6834301883164381f,0.7296532437628332f,-0.14105845911682324f,0f,0f,0f,1f], start_interpolation: 0, interpolation_duration: 1 }
$data merge entity $(bone_4) { transformation: [-0.1718523337636498f,-0.627684013236362f,0.7592291230941475f,0.5946771800141526f,-0.9842363399044942f,0.10515983504383589f,-0.1362256725217339f,1.3157002312340018f,0.00566141068850251f,-0.7713327353490501f,-0.6364068704780717f,0.006893558209335834f,0f,0f,0f,1f], start_interpolation: 0, interpolation_duration: 1 }
$data merge entity $(bone_3) { transformation: [-0.17199976213119084f,-0.8789100536399523f,0.4448968413435074f,0.286875f,-0.9850806947857391f,0.15085903089385122f,-0.08281049183656322f,1.36875f,0.005666267489207545f,-0.45250267447649883f,-0.8917450437228999f,-0.11374999999999996f,0f,0f,0f,1f], start_interpolation: 0, interpolation_duration: 1 }
data modify entity @s data merge value {"locators":{},"cameras":{"camera":{"posx":-1.5690787114075463e-16,"posy":1.4375,"posz":1.28125,"roty":180,"rotx":0}}}