# This file was generated by Animated Java via MC-Build. It is not recommended to edit this file directly.
$data merge entity $(bone_layer) { transformation: [-1f,-1.0943843525856647e-16f,5.4962047949245215e-17f,-7.654042494670958e-18f,0f,0.44879918020046217f,0.8936326403234123f,1.484375f,-1.2246467991473532e-16f,0.8936326403234123f,-0.44879918020046217f,0.0625f,0f,0f,0f,1f], start_interpolation: 0, interpolation_duration: 1 }
$data merge entity $(bone_head) { transformation: [-1f,-1.0943843525856647e-16f,5.4962047949245215e-17f,-7.654042494670958e-18f,0f,0.44879918020046217f,0.8936326403234123f,1.484375f,-1.2246467991473532e-16f,0.8936326403234123f,-0.44879918020046217f,0.0625f,0f,0f,0f,1f], start_interpolation: 0, interpolation_duration: 1 }
$data merge entity $(bone_2) { transformation: [0.2784306732459241f,-0.9114376389532333f,-0.3026590661687938f,-0.9069344604634444f,-0.9294828186181838f,-0.178149700424859f,-0.3203028289555183f,1.2510422792272902f,0.2377794147722163f,0.37086940361519205f,-0.8976656323091163f,0.06314721163240267f,0f,0f,0f,1f], start_interpolation: 0, interpolation_duration: 1 }
$data merge entity $(bone_1) { transformation: [0.2787093826285526f,0.9202041137929053f,-0.274855360132242f,-0.26559445118570596f,-0.9304132318500339f,0.32964984647795953f,0.1601942468237631f,1.4347197676819938f,0.23801743220442073f,0.21108142427904736f,0.9480465886712228f,0.030160079904977814f,0f,0f,0f,1f], start_interpolation: 0, interpolation_duration: 1 }
$data merge entity $(bone_4) { transformation: [-0.1333188471443839f,-0.975227540230492f,0.17641351577795533f,0.553902397877291f,-0.9900470585797949f,0.13027180032261082f,-0.02954232517224848f,1.3783838102872525f,0.0058229540259768795f,-0.1787750061297434f,-0.9838727166022434f,-0.11262559334923067f,0f,0f,0f,1f], start_interpolation: 0, interpolation_duration: 1 }
$data merge entity $(bone_3) { transformation: [-0.13345229944382775f,-0.9172854780861204f,-0.3752037252819757f,0.2536986421552748f,-0.9910380966764714f,0.12574320176743792f,0.04507924295227739f,1.4196951598099559f,0.005828782808785665f,0.3778571143985392f,-0.9258455737267297f,0.03804732210344458f,0f,0f,0f,1f], start_interpolation: 0, interpolation_duration: 1 }
$data merge entity $(block_display_block_display) { transformation: [-1f,0f,1.2246467991473532e-16f,-2.8716833507784e-16f,0f,1f,0f,1.2430555555555556f,-1.2246467991473532e-16f,0f,-1f,2.3449074074074074f,0f,0f,0f,1f], start_interpolation: 0, interpolation_duration: 1 }
data modify entity @s data merge value {"locators":{},"cameras":{"camera":{"posx":-2.8716833507784e-16,"posy":1.2430555555555556,"posz":2.3449074074074074,"roty":180,"rotx":0}}}