# This file was generated by Animated Java via MC-Build. It is not recommended to edit this file directly.
$data merge entity $(bone_layer) { transformation: [-1f,-3.169619151431765e-17f,1.1829179713786698e-16f,-7.654042494670958e-18f,0f,0.9659258262890683f,0.25881904510252074f,1.484375f,-1.2246467991473532e-16f,0.25881904510252074f,-0.9659258262890683f,0.0625f,0f,0f,0f,1f], start_interpolation: 0, interpolation_duration: 1 }
$data merge entity $(bone_head) { transformation: [-1f,-3.169619151431765e-17f,1.1829179713786698e-16f,-7.654042494670958e-18f,0f,0.9659258262890683f,0.25881904510252074f,1.484375f,-1.2246467991473532e-16f,0.25881904510252074f,-0.9659258262890683f,0.0625f,0f,0f,0f,1f], start_interpolation: 0, interpolation_duration: 1 }
$data merge entity $(bone_2) { transformation: [0.5054825381444954f,-0.4498215955161259f,-0.7359593352111711f,-0.7509712263563031f,-0.8603727167630132f,-0.2165367112299197f,-0.45976943659594915f,1.1661587556390227f,0.047404555486061546f,0.8664712256601815f,-0.4969667213081518f,0.44255649333404196f,0f,0f,0f,1f], start_interpolation: 0, interpolation_duration: 1 }
$data merge entity $(bone_1) { transformation: [0.5059885266711666f,0.7906012123220789f,0.34485552620191734f,-0.3034490865286813f,-0.8612339507137269f,0.4410894046534365f,0.252420718722737f,1.405147619362185f,0.047452007493555104f,-0.4247232748241331f,0.9040787835180601f,0.008101851851851812f,0f,0f,0f,1f], start_interpolation: 0, interpolation_duration: 1 }
$data merge entity $(bone_4) { transformation: [-0.4028821794157862f,-0.43948556693616675f,0.8026289742283047f,0.62059988779545f,-0.9123697165680167f,0.24816195227145915f,-0.32300125099704197f,1.2428911611306617f,-0.057170357693330155f,-0.8632891067884585f,-0.5014548051256119f,0.1345495789112735f,0f,0f,0f,1f], start_interpolation: 0, interpolation_duration: 1 }
$data merge entity $(bone_3) { transformation: [-0.40328546488066686f,-0.8019106012128705f,0.44079498803683903f,0.3389351851851852f,-0.9132829995675843f,0.38284611337821906f,-0.1390791723157278f,1.3755787037037037f,-0.057227585278608765f,-0.4586591775312084f,-0.8867675920722268f,0.0019212962962963515f,0f,0f,0f,1f], start_interpolation: 0, interpolation_duration: 1 }
data modify entity @s data merge value {"locators":{},"cameras":{"camera":{"posx":-2.5144947010270887e-16,"posy":1.3055555555555556,"posz":2.053240740740741,"roty":180,"rotx":0}}}