# This file was generated by Animated Java via MC-Build. It is not recommended to edit this file directly.
$data merge entity $(bone_layer) { transformation: [-1f,-5.341834311772723e-18f,1.223481206754078e-16f,1.1481063742006436e-17f,0f,0.9990482215818578f,0.043619387365336f,1.446875f,-1.2246467991473532e-16f,0.043619387365336f,-0.9990482215818578f,-0.09375f,0f,0f,0f,1f], start_interpolation: 0, interpolation_duration: 1 }
$data merge entity $(bone_head) { transformation: [-1f,-5.341834311772723e-18f,1.223481206754078e-16f,1.1481063742006436e-17f,0f,0.9990482215818578f,0.043619387365336f,1.446875f,-1.2246467991473532e-16f,0.043619387365336f,-0.9990482215818578f,-0.09375f,0f,0f,0f,1f], start_interpolation: 0, interpolation_duration: 1 }
$data merge entity $(bone_2) { transformation: [0.18492446937461338f,-0.3854442526837492f,0.9039729928779395f,-0.44904803736296f,-0.9698446727108314f,0.0710085099295466f,0.2290743970644992f,1.2962408908742948f,-0.15233269984129516f,-0.919994847589187f,-0.36105089496750603f,0.11237838795877389f,0f,0f,0f,1f], start_interpolation: 0, interpolation_duration: 1 }
$data merge entity $(bone_1) { transformation: [0.18510957895356694f,0.4060764380424473f,0.8948946140448001f,-0.28654590978575845f,-0.9708154881990304f,0.21686401536487993f,0.10240745438052584f,1.3654227448598306f,-0.1524851850263215f,-0.8877341523826713f,0.43436890201867445f,-0.1308066462477063f,0f,0f,0f,1f], start_interpolation: 0, interpolation_duration: 1 }
$data merge entity $(bone_4) { transformation: [-0.4121334500284415f,0.420894787622508f,0.8078696546574733f,0.4657128360750904f,-0.8938841137024617f,-0.02093824996567195f,-0.4460182990133243f,1.2484136383397977f,-0.17064058906959614f,-0.9068677783671547f,0.3852457631549968f,0.09770398915115897f,0f,0f,0f,1f], start_interpolation: 0, interpolation_duration: 1 }
$data merge entity $(bone_3) { transformation: [-0.41254599602446596f,-0.2736325526291865f,0.8688676696170808f,0.34375f,-0.8947788925950567f,0.30057698522870524f,-0.3301881423025164f,1.353125f,-0.1708114004700662f,-0.9136622472732789f,-0.3688424641727094f,-0.15624999999999994f,0f,0f,0f,1f], start_interpolation: 0, interpolation_duration: 1 }
$data merge entity $(item_display_item_display) { transformation: [-0.5f,0f,6.123233995736766e-17f,-7.654042494670958e-17f,0f,0.00001f,0f,1.3125f,-6.123233995736766e-17f,0f,-0.5f,0.625f,0f,0f,0f,1f], start_interpolation: 0, interpolation_duration: 1 }
data modify entity @s data merge value {"locators":{},"cameras":{"camera":{"posx":-1.3777276490407724e-16,"posy":1.4375,"posz":1.125,"roty":180,"rotx":0}}}