# This file was generated by Animated Java via MC-Build. It is not recommended to edit this file directly.
$data merge entity $(bone_layer) { transformation: [-1f,-1.0605752387249068e-16f,6.123233995736767e-17f,-7.654042494670958e-18f,0f,0.5000000000000001f,0.8660254037844386f,1.484375f,-1.2246467991473532e-16f,0.8660254037844386f,-0.5000000000000001f,0.0625f,0f,0f,0f,1f], start_interpolation: 0, interpolation_duration: 1 }
$data merge entity $(bone_head) { transformation: [-1f,-1.0605752387249068e-16f,6.123233995736767e-17f,-7.654042494670958e-18f,0f,0.5000000000000001f,0.8660254037844386f,1.484375f,-1.2246467991473532e-16f,0.8660254037844386f,-0.5000000000000001f,0.0625f,0f,0f,0f,1f], start_interpolation: 0, interpolation_duration: 1 }
$data merge entity $(bone_2) { transformation: [0.2643897238682557f,-0.9166407648302233f,-0.29954593692190223f,-0.9078781225669903f,-0.9324859660503004f,-0.16546469430364436f,-0.3183546541701153f,1.2590326143885116f,0.24201032422627144f,0.36385593741268596f,-0.8994012151658491f,0.05806794979746277f,0f,0f,0f,1f], start_interpolation: 0, interpolation_duration: 1 }
$data merge entity $(bone_1) { transformation: [0.26465437824650223f,0.9226806474124024f,-0.28038987671737897f,-0.2639580090049731f,-0.9334193854357362f,0.3181414706311478f,0.16587421607176553f,1.4342898413695297f,0.24225257680307452f,0.21782200888633876f,0.9454455359654464f,0.029883381924198205f,0f,0f,0f,1f], start_interpolation: 0, interpolation_duration: 1 }
$data merge entity $(bone_4) { transformation: [-0.11631410089301882f,-0.9791830091182337f,0.16626655107502264f,0.5510119023010742f,-0.992185755061553f,0.11372536842099595f,-0.02573219083123155f,1.3830892676085835f,0.006281511472962469f,-0.16812844860900283f,-0.9857450422642977f,-0.1159601660464804f,0f,0f,0f,1f], start_interpolation: 0, interpolation_duration: 1 }
$data merge entity $(bone_3) { transformation: [-0.11643053142444326f,-0.915169526549426f,-0.38588686039760606f,0.2517893586005831f,-0.9931789339955486f,0.1097408989537133f,0.03940228628261391f,1.4191417638483965f,0.006287799272234704f,0.3878423297838062f,-0.9217042859877465f,0.03797922740524784f,0f,0f,0f,1f], start_interpolation: 0, interpolation_duration: 1 }
$data merge entity $(block_display_block_display) { transformation: [-1f,0f,1.2246467991473532e-16f,-2.8815133882072554e-16f,0f,1f,0f,1.241335519547325f,-1.2246467991473532e-16f,0f,-1f,2.352934242112483f,0f,0f,0f,1f], start_interpolation: 0, interpolation_duration: 1 }
data modify entity @s data merge value {"locators":{},"cameras":{"camera":{"posx":-2.8815133882072554e-16,"posy":1.241335519547325,"posz":2.352934242112483,"roty":180,"rotx":0}}}