# This file was generated by Animated Java via MC-Build. It is not recommended to edit this file directly.
$data merge entity $(bone_layer) { transformation: [-1f,-1.017908570956068e-16f,6.808978806223685e-17f,-7.654042494670958e-18f,0f,0.5559953131763673f,0.83118542559763f,1.484375f,-1.2246467991473532e-16f,0.83118542559763f,-0.5559953131763673f,0.0625f,0f,0f,0f,1f], start_interpolation: 0, interpolation_duration: 1 }
$data merge entity $(bone_head) { transformation: [-1f,-1.017908570956068e-16f,6.808978806223685e-17f,-7.654042494670958e-18f,0f,0.5559953131763673f,0.83118542559763f,1.484375f,-1.2246467991473532e-16f,0.83118542559763f,-0.5559953131763673f,0.0625f,0f,0f,0f,1f], start_interpolation: 0, interpolation_duration: 1 }
$data merge entity $(bone_2) { transformation: [0.25319859833652053f,-0.9212470108476167f,-0.29506948869546556f,-0.9084554059793674f,-0.934603106155111f,-0.1558575108753544f,-0.3169793059328717f,1.2651892374751208f,0.24578141460582362f,0.3563879645948636f,-0.9013645857539063f,0.052803552205139596f,0f,0f,0f,1f], start_interpolation: 0, interpolation_duration: 1 }
$data merge entity $(bone_1) { transformation: [0.25345205038690743f,0.9238862780328188f,-0.28669880260883107f,-0.2626353902810422f,-0.9355386447999109f,0.30948285934534486f,0.1702580507857875f,1.4340916128824681f,0.2460274420478715f,0.22506555719188692f,0.9427703817607375f,0.029758530396285447f,0f,0f,0f,1f], start_interpolation: 0, interpolation_duration: 1 }
$data merge entity $(bone_4) { transformation: [-0.10274463083292296f,-0.9824479649658151f,0.15562259585146615f,0.5480428743475441f,-0.993678972569243f,0.10050332478705695f,-0.022878357266038228f,1.3870032257784624f,0.00682937103547263f,-0.157146676201808f,-0.9875516130457479f,-0.1192172569140435f,0f,0f,0f,1f], start_interpolation: 0, interpolation_duration: 1 }
$data merge entity $(bone_3) { transformation: [-0.1028474783112342f,-0.9122041694093548f,-0.39661814068094414f,0.2500894206889105f,-0.9946736462154584f,0.09705617679981904f,0.03470498623321161f,1.418892060792571f,0.006836207242715346f,0.3980749324652223f,-0.9173274303177373f,0.03806621855091246f,0f,0f,0f,1f], start_interpolation: 0, interpolation_duration: 1 }
$data merge entity $(block_display_block_display) { transformation: [-1f,0f,1.2246467991473532e-16f,-2.8907922085840254e-16f,0f,1f,0f,1.2397119341563787f,-1.2246467991473532e-16f,0f,-1f,2.3605109739368997f,0f,0f,0f,1f], start_interpolation: 0, interpolation_duration: 1 }
data modify entity @s data merge value {"locators":{},"cameras":{"camera":{"posx":-2.8907922085840254e-16,"posy":1.2397119341563787,"posz":2.3605109739368997,"roty":180,"rotx":0}}}