# This file was generated by Animated Java via MC-Build. It is not recommended to edit this file directly.
$data merge entity $(bone_layer) { transformation: [-1f,-9.498348788800573e-17f,7.730287740600377e-17f,-7.654042494670958e-18f,0f,0.6312258968040829f,0.7755990376501775f,1.484375f,-1.2246467991473532e-16f,0.7755990376501775f,-0.6312258968040829f,0.0625f,0f,0f,0f,1f], start_interpolation: 0, interpolation_duration: 1 }
$data merge entity $(bone_head) { transformation: [-1f,-9.498348788800573e-17f,7.730287740600377e-17f,-7.654042494670958e-18f,0f,0.6312258968040829f,0.7755990376501775f,1.484375f,-1.2246467991473532e-16f,0.7755990376501775f,-0.6312258968040829f,0.0625f,0f,0f,0f,1f], start_interpolation: 0, interpolation_duration: 1 }
$data merge entity $(bone_2) { transformation: [0.24468256503989902f,-0.9253026021117874f,-0.28952654097151576f,-0.9087428310492246f,-0.9359967395100622f,-0.1490954906381468f,-0.31611046601895604f,1.2696426913923677f,0.2490814043481129f,0.34869130932176307f,-0.903464750472506f,0.04749624984318974f,0f,0f,0f,1f], start_interpolation: 0, interpolation_duration: 1 }
$data merge entity $(bone_1) { transformation: [0.24492749253243146f,0.9240291197052815f,-0.2935655111528909f,-0.26160772856484094f,-0.9369336731832455f,0.3034453905429294f,0.1734248742643348f,1.434094355826044f,0.24933073508319611f,0.2325748930880794f,0.9400761158799544f,0.029765279127523976f,0f,0f,0f,1f], start_interpolation: 0, interpolation_duration: 1 }
$data merge entity $(bone_4) { transformation: [-0.09239765913131602f,-0.9851270899431654f,0.14481087302465567f,0.5450954090622471f,-0.9946900526790189f,0.09041627149439739f,-0.020852054123648215f,1.3901626255563082f,0.007441215523241431f,-0.14611473063713132f,-0.9892396084329931f,-0.12233417481351441f,0f,0f,0f,1f], start_interpolation: 0, interpolation_duration: 1 }
$data merge entity $(bone_3) { transformation: [-0.09249014928059662f,-0.9086545860571161f,-0.40717614802861857f,0.24860388996868588f,-0.9956857384174364f,0.08746011045453317f,0.0309941831866076f,1.418905558255048f,0.00744866418742886f,0.40828614024560206f,-0.9128236111567072f,0.03828298779829395f,0f,0f,0f,1f], start_interpolation: 0, interpolation_duration: 1 }
$data merge entity $(block_display_block_display) { transformation: [-1f,0f,1.2246467991473532e-16f,-2.898968594856625e-16f,0f,1f,0f,1.23828125f,-1.2246467991473532e-16f,0f,-1f,2.3671875f,0f,0f,0f,1f], start_interpolation: 0, interpolation_duration: 1 }
data modify entity @s data merge value {"locators":{},"cameras":{"camera":{"posx":-2.898968594856625e-16,"posy":1.23828125,"posz":2.3671875,"roty":180,"rotx":0}}}