# This file was generated by Animated Java via MC-Build. It is not recommended to edit this file directly.
$data merge entity $(bone_layer) {transformation: [-1.001f,0f,0f,0f,0f,1.001f,0f,1.3402f,0f,0f,-1.001f,0.0938f,0f,0f,0f,1f],start_interpolation: 0,interpolation_duration: 1}
$data merge entity $(bone_head) {transformation: [-1f,0f,0f,0f,0f,1f,0f,1.3402f,0f,0f,-1f,0.0938f,0f,0f,0f,1f],start_interpolation: 0,interpolation_duration: 1}
$data merge entity $(bone_6) {transformation: [-0.998f,-0.0105f,-0.0445f,0.1266f,-0.0242f,0.9466f,0.3214f,0.3927f,0.0387f,0.3217f,-0.945f,0.0379f,0f,0f,0f,1f],start_interpolation: 0,interpolation_duration: 1}
$data merge entity $(bone_12) {transformation: [-0.998f,-0.0275f,-0.0365f,0.1171f,-0.0242f,0.9959f,-0.0871f,0.7351f,0.0387f,-0.0862f,-0.9945f,0.0082f,0f,0f,0f,1f],start_interpolation: 0,interpolation_duration: 1}
$data merge entity $(bone_10) {transformation: [-0.999f,0f,0f,0f,0f,0.999f,0.0436f,1.0957f,0f,0.0436f,-0.998f,0.0301f,0f,0f,0f,1f],start_interpolation: 0,interpolation_duration: 1}
$data merge entity $(bone_9) {transformation: [-1f,0f,0f,0f,0f,0.9848f,0.1736f,1.4496f,0f,0.1736f,-0.9848f,0.0925f,0f,0f,0f,1f],start_interpolation: 0,interpolation_duration: 1}
$data merge entity $(bone_2) {transformation: [0.982f,0.0245f,0.1059f,-0.394f,-0.0391f,0.9795f,0.1379f,1.0348f,-0.1013f,-0.1406f,0.9738f,0.0139f,0f,0f,0f,1f],start_interpolation: 0,interpolation_duration: 1}
$data merge entity $(bone_1) {transformation: [0.983f,0.0669f,0.0856f,-0.3705f,-0.0391f,0.946f,-0.2889f,1.3582f,-0.1014f,0.2841f,0.942f,0.1175f,0f,0f,0f,1f],start_interpolation: 0,interpolation_duration: 1}
$data merge entity $(bone_4) {transformation: [-0.9843f,-0.0672f,0.059f,0.3723f,-0.0832f,0.97f,-0.226f,1.0486f,-0.0426f,-0.2255f,-0.9622f,0.0331f,0f,0f,0f,1f],start_interpolation: 0,interpolation_duration: 1}
$data merge entity $(bone_3) {transformation: [-0.9853f,-0.084f,0.0308f,0.346f,-0.0833f,0.9862f,0.1395f,1.3567f,-0.0426f,0.1372f,-0.9786f,0.076f,0f,0f,0f,1f],start_interpolation: 0,interpolation_duration: 1}
$data merge entity $(bone_8) {transformation: [-0.999f,-0.0013f,0.0024f,-0.1312f,-0.0009f,0.9588f,0.284f,0.4162f,-0.0027f,0.284f,-0.9578f,0.0888f,0f,0f,0f,1f],start_interpolation: 0,interpolation_duration: 1}
$data merge entity $(bone_7) {transformation: [-0.999f,-0.0003f,0.0027f,-0.1312f,-0.0009f,0.9919f,-0.1262f,0.7207f,-0.0027f,-0.1258f,-0.9911f,0.0312f,0f,0f,0f,1f],start_interpolation: 0,interpolation_duration: 1}