# This file was generated by Animated Java via MC-Build. It is not recommended to edit this file directly.
$data merge entity $(bone_layer) {transformation: [-1.001f,0f,0f,0f,0f,1.001f,0f,1.3457f,0f,0f,-1.001f,0.0938f,0f,0f,0f,1f],start_interpolation: 0,interpolation_duration: 1}
$data merge entity $(bone_head) {transformation: [-1f,0f,0f,0f,0f,1f,0f,1.3457f,0f,0f,-1f,0.0938f,0f,0f,0f,1f],start_interpolation: 0,interpolation_duration: 1}
$data merge entity $(bone_6) {transformation: [-0.9979f,-0.032f,-0.0337f,0.1356f,-0.0451f,0.8424f,0.537f,0.4072f,0.0113f,0.5374f,-0.8421f,0.0142f,0f,0f,0f,1f],start_interpolation: 0,interpolation_duration: 1}
$data merge entity $(bone_12) {transformation: [-0.9979f,-0.0451f,-0.0113f,0.1201f,-0.0451f,0.999f,0.0002f,0.7506f,0.0113f,0.0007f,-0.9989f,0.0145f,0f,0f,0f,1f],start_interpolation: 0,interpolation_duration: 1}
$data merge entity $(bone_10) {transformation: [-0.999f,0f,0f,0f,0f,0.999f,0.0436f,1.1012f,0f,0.0436f,-0.998f,0.0224f,0f,0f,0f,1f],start_interpolation: 0,interpolation_duration: 1}
$data merge entity $(bone_9) {transformation: [-1f,0f,0f,0f,0f,0.9848f,0.1736f,1.4551f,0f,0.1736f,-0.9848f,0.0848f,0f,0f,0f,1f],start_interpolation: 0,interpolation_duration: 1}
$data merge entity $(bone_2) {transformation: [0.98f,0.023f,0.1233f,-0.3952f,-0.0144f,0.9873f,-0.0685f,1.0483f,-0.1244f,0.0669f,0.9791f,-0.0582f,0f,0f,0f,1f],start_interpolation: 0,interpolation_duration: 1}
$data merge entity $(bone_1) {transformation: [0.981f,0.073f,0.102f,-0.3695f,-0.0144f,0.8659f,-0.4793f,1.3429f,-0.1246f,0.4744f,0.8591f,0.1103f,0f,0f,0f,1f],start_interpolation: 0,interpolation_duration: 1}
$data merge entity $(bone_4) {transformation: [-0.9848f,-0.0122f,0.0863f,0.3594f,-0.0444f,0.946f,-0.319f,1.0333f,-0.0778f,-0.3178f,-0.9333f,0.0745f,0f,0f,0f,1f],start_interpolation: 0,interpolation_duration: 1}
$data merge entity $(bone_3) {transformation: [-0.9858f,-0.0408f,0.077f,0.3466f,-0.0445f,0.9982f,0.021f,1.3452f,-0.0779f,0.0178f,-0.9858f,0.0801f,0f,0f,0f,1f],start_interpolation: 0,interpolation_duration: 1}
$data merge entity $(bone_8) {transformation: [-0.9988f,0.0139f,0.0192f,-0.1374f,0.0118f,0.9958f,-0.0902f,0.4249f,-0.0203f,-0.0899f,-0.9947f,0.1676f,0f,0f,0f,1f],start_interpolation: 0,interpolation_duration: 1}
$data merge entity $(bone_7) {transformation: [-0.9988f,0.0191f,0.0141f,-0.1312f,0.0118f,0.9226f,-0.3855f,0.7031f,-0.0203f,-0.3849f,-0.9217f,0.0312f,0f,0f,0f,1f],start_interpolation: 0,interpolation_duration: 1}