# This file was generated by Animated Java via MC-Build. It is not recommended to edit this file directly.
$data merge entity $(bone_layer) {transformation: [-1.001f,0f,0f,0f,0f,1.001f,0f,1.3456f,0f,0f,-1.001f,0.0938f,0f,0f,0f,1f],start_interpolation: 0,interpolation_duration: 1}
$data merge entity $(bone_head) {transformation: [-1f,0f,0f,0f,0f,1f,0f,1.3456f,0f,0f,-1f,0.0938f,0f,0f,0f,1f],start_interpolation: 0,interpolation_duration: 1}
$data merge entity $(bone_6) {transformation: [-0.9981f,-0.0247f,-0.0358f,0.1327f,-0.0386f,0.8806f,0.4723f,0.4024f,0.0198f,0.4727f,-0.8799f,0.0215f,0f,0f,0f,1f],start_interpolation: 0,interpolation_duration: 1}
$data merge entity $(bone_12) {transformation: [-0.9981f,-0.0392f,-0.0188f,0.1193f,-0.0386f,0.9989f,-0.0272f,0.7458f,0.0198f,-0.0265f,-0.9985f,0.0124f,0f,0f,0f,1f],start_interpolation: 0,interpolation_duration: 1}
$data merge entity $(bone_10) {transformation: [-0.999f,0f,0f,0f,0f,0.999f,0.0436f,1.101f,0f,0.0436f,-0.998f,0.0225f,0f,0f,0f,1f],start_interpolation: 0,interpolation_duration: 1}
$data merge entity $(bone_9) {transformation: [-1f,0f,0f,0f,0f,0.9848f,0.1736f,1.455f,0f,0.1736f,-0.9848f,0.0849f,0f,0f,0f,1f],start_interpolation: 0,interpolation_duration: 1}
$data merge entity $(bone_2) {transformation: [0.9807f,0.0239f,0.1182f,-0.395f,-0.0234f,0.9895f,-0.004f,1.0425f,-0.1181f,0.002f,0.9821f,-0.0361f,0f,0f,0f,1f],start_interpolation: 0,interpolation_duration: 1}
$data merge entity $(bone_1) {transformation: [0.9816f,0.0716f,0.097f,-0.3698f,-0.0235f,0.8951f,-0.4219f,1.3475f,-0.1183f,0.4168f,0.8892f,0.1128f,0f,0f,0f,1f],start_interpolation: 0,interpolation_duration: 1}
$data merge entity $(bone_4) {transformation: [-0.985f,-0.029f,0.0791f,0.3635f,-0.0558f,0.9547f,-0.2903f,1.0375f,-0.0673f,-0.2896f,-0.9433f,0.0617f,0f,0f,0f,1f],start_interpolation: 0,interpolation_duration: 1}
$data merge entity $(bone_3) {transformation: [-0.986f,-0.0546f,0.0642f,0.3464f,-0.0558f,0.9962f,0.0582f,1.3488f,-0.0674f,0.0549f,-0.9852f,0.0788f,0f,0f,0f,1f],start_interpolation: 0,interpolation_duration: 1}
$data merge entity $(bone_8) {transformation: [-0.9989f,0.0073f,0.0152f,-0.1352f,0.0074f,0.9995f,0.028f,0.4193f,-0.015f,0.0281f,-0.9985f,0.1438f,0f,0f,0f,1f],start_interpolation: 0,interpolation_duration: 1}
$data merge entity $(bone_7) {transformation: [-0.9989f,0.012f,0.0119f,-0.1312f,0.0074f,0.9518f,-0.3065f,0.708f,-0.015f,-0.306f,-0.9509f,0.0312f,0f,0f,0f,1f],start_interpolation: 0,interpolation_duration: 1}