# This file was generated by Animated Java via MC-Build. It is not recommended to edit this file directly.
$data merge entity $(bone_layer) {transformation: [-1.001f,0f,0f,0f,0f,1.001f,0f,1.345f,0f,0f,-1.001f,0.0938f,0f,0f,0f,1f],start_interpolation: 0,interpolation_duration: 1}
$data merge entity $(bone_head) {transformation: [-1f,0f,0f,0f,0f,1f,0f,1.345f,0f,0f,-1f,0.0938f,0f,0f,0f,1f],start_interpolation: 0,interpolation_duration: 1}
$data merge entity $(bone_6) {transformation: [-0.9977f,-0.0055f,-0.0499f,0.124f,-0.018f,0.9671f,0.2536f,0.3889f,0.0468f,0.2537f,-0.9651f,0.0451f,0f,0f,0f,1f],start_interpolation: 0,interpolation_duration: 1}
$data merge entity $(bone_12) {transformation: [-0.9977f,-0.0231f,-0.0445f,0.1161f,-0.018f,0.9935f,-0.1126f,0.7304f,0.0468f,-0.1118f,-0.9916f,0.0067f,0f,0f,0f,1f],start_interpolation: 0,interpolation_duration: 1}
$data merge entity $(bone_10) {transformation: [-0.999f,0f,0f,0f,0f,0.999f,0.0436f,1.1005f,0f,0.0436f,-0.998f,0.0233f,0f,0f,0f,1f],start_interpolation: 0,interpolation_duration: 1}
$data merge entity $(bone_9) {transformation: [-1f,0f,0f,0f,0f,0.9848f,0.1736f,1.4544f,0f,0.1736f,-0.9848f,0.0857f,0f,0f,0f,1f],start_interpolation: 0,interpolation_duration: 1}
$data merge entity $(bone_2) {transformation: [0.9827f,0.0242f,0.1f,-0.3933f,-0.0439f,0.9688f,0.1985f,1.0337f,-0.0929f,-0.2013f,0.9639f,0.0358f,0f,0f,0f,1f],start_interpolation: 0,interpolation_duration: 1}
$data merge entity $(bone_1) {transformation: [0.9836f,0.0642f,0.0804f,-0.3707f,-0.0439f,0.962f,-0.2295f,1.363f,-0.093f,0.2249f,0.9586f,0.1191f,0f,0f,0f,1f],start_interpolation: 0,interpolation_duration: 1}
$data merge entity $(bone_4) {transformation: [-0.9836f,-0.0841f,0.0485f,0.3759f,-0.0961f,0.9749f,-0.1982f,1.0541f,-0.0312f,-0.1971f,-0.9689f,0.0208f,0f,0f,0f,1f],start_interpolation: 0,interpolation_duration: 1}
$data merge entity $(bone_3) {transformation: [-0.9845f,-0.096f,0.0142f,0.3459f,-0.0962f,0.9795f,0.174f,1.3602f,-0.0313f,0.1728f,-0.9735f,0.0748f,0f,0f,0f,1f],start_interpolation: 0,interpolation_duration: 1}
$data merge entity $(bone_8) {transformation: [-0.999f,-0.0022f,-0.0041f,-0.13f,-0.004f,0.9211f,0.3891f,0.4152f,0.0028f,0.3891f,-0.9201f,0.0644f,0f,0f,0f,1f],start_interpolation: 0,interpolation_duration: 1}
$data merge entity $(bone_7) {transformation: [-0.999f,-0.0038f,-0.0027f,-0.1312f,-0.004f,0.9988f,-0.0471f,0.7234f,0.0028f,-0.0466f,-0.9979f,0.0312f,0f,0f,0f,1f],start_interpolation: 0,interpolation_duration: 1}