# This file was generated by Animated Java via MC-Build. It is not recommended to edit this file directly.
$data merge entity $(bone_layer) {transformation: [-1.001f,0f,0f,0f,0f,1.001f,0f,1.3387f,0f,0f,-1.001f,0.0938f,0f,0f,0f,1f],start_interpolation: 0,interpolation_duration: 1}
$data merge entity $(bone_head) {transformation: [-1f,0f,0f,0f,0f,1f,0f,1.3387f,0f,0f,-1f,0.0938f,0f,0f,0f,1f],start_interpolation: 0,interpolation_duration: 1}
$data merge entity $(bone_6) {transformation: [-0.9981f,-0.0192f,-0.0383f,0.1305f,-0.0334f,0.9076f,0.4184f,0.3987f,0.0267f,0.4188f,-0.9066f,0.0274f,0f,0f,0f,1f],start_interpolation: 0,interpolation_duration: 1}
$data merge entity $(bone_12) {transformation: [-0.9981f,-0.0347f,-0.0251f,0.1185f,-0.0334f,0.9982f,-0.0491f,0.7419f,0.0267f,-0.0483f,-0.9975f,0.0108f,0f,0f,0f,1f],start_interpolation: 0,interpolation_duration: 1}
$data merge entity $(bone_10) {transformation: [-0.999f,0f,0f,0f,0f,0.999f,0.0436f,1.0942f,0f,0.0436f,-0.998f,0.0321f,0f,0f,0f,1f],start_interpolation: 0,interpolation_duration: 1}
$data merge entity $(bone_9) {transformation: [-1f,0f,0f,0f,0f,0.9848f,0.1736f,1.4481f,0f,0.1736f,-0.9848f,0.0945f,0f,0f,0f,1f],start_interpolation: 0,interpolation_duration: 1}
$data merge entity $(bone_2) {transformation: [0.9812f,0.0243f,0.1139f,-0.3947f,-0.0298f,0.9882f,0.0479f,1.0388f,-0.1124f,-0.0502f,0.9814f,-0.018f,0f,0f,0f,1f],start_interpolation: 0,interpolation_duration: 1}
$data merge entity $(bone_1) {transformation: [0.9821f,0.0702f,0.093f,-0.37f,-0.0299f,0.9159f,-0.3743f,1.3513f,-0.1125f,0.3692f,0.9107f,0.1146f,0f,0f,0f,1f],start_interpolation: 0,interpolation_duration: 1}
$data merge entity $(bone_4) {transformation: [-0.9849f,-0.0428f,0.0725f,0.3667f,-0.0654f,0.9609f,-0.2669f,1.0413f,-0.0586f,-0.2665f,-0.9507f,0.0513f,0f,0f,0f,1f],start_interpolation: 0,interpolation_duration: 1}
$data merge entity $(bone_3) {transformation: [-0.9859f,-0.0656f,0.0528f,0.3462f,-0.0655f,0.9934f,0.0881f,1.3517f,-0.0586f,0.0849f,-0.9837f,0.0778f,0f,0f,0f,1f],start_interpolation: 0,interpolation_duration: 1}
$data merge entity $(bone_8) {transformation: [-0.999f,0.0031f,0.011f,-0.1336f,0.0041f,0.9924f,0.1226f,0.4186f,-0.0106f,0.1227f,-0.9914f,0.124f,0f,0f,0f,1f],start_interpolation: 0,interpolation_duration: 1}
$data merge entity $(bone_7) {transformation: [-0.999f,0.0069f,0.0092f,-0.1312f,0.0041f,0.9703f,-0.2415f,0.7142f,-0.0106f,-0.2411f,-0.9694f,0.0312f,0f,0f,0f,1f],start_interpolation: 0,interpolation_duration: 1}