# This file was generated by Animated Java via MC-Build. It is not recommended to edit this file directly.
$data merge entity $(bone_layer) {transformation: [-1.001f,0f,0f,0f,0f,1.001f,0f,1.331f,0f,0f,-1.001f,0.0938f,0f,0f,0f,1f],start_interpolation: 0,interpolation_duration: 1}
$data merge entity $(bone_head) {transformation: [-1f,0f,0f,0f,0f,1f,0f,1.331f,0f,0f,-1f,0.0938f,0f,0f,0f,1f],start_interpolation: 0,interpolation_duration: 1}
$data merge entity $(bone_6) {transformation: [-0.9981f,-0.0162f,-0.04f,0.1292f,-0.0305f,0.9213f,0.3876f,0.3967f,0.0306f,0.388f,-0.9201f,0.0307f,0f,0f,0f,1f],start_interpolation: 0,interpolation_duration: 1}
$data merge entity $(bone_12) {transformation: [-0.9981f,-0.0323f,-0.0287f,0.1181f,-0.0305f,0.9976f,-0.0614f,0.7397f,0.0306f,-0.0605f,-0.9967f,0.0099f,0f,0f,0f,1f],start_interpolation: 0,interpolation_duration: 1}
$data merge entity $(bone_10) {transformation: [-0.999f,0f,0f,0f,0f,0.999f,0.0436f,1.0865f,0f,0.0436f,-0.998f,0.0429f,0f,0f,0f,1f],start_interpolation: 0,interpolation_duration: 1}
$data merge entity $(bone_9) {transformation: [-1f,0f,0f,0f,0f,0.9848f,0.1736f,1.4404f,0f,0.1736f,-0.9848f,0.1053f,0f,0f,0f,1f],start_interpolation: 0,interpolation_duration: 1}
$data merge entity $(bone_2) {transformation: [0.9814f,0.0244f,0.1114f,-0.3945f,-0.0331f,0.9863f,0.0769f,1.0372f,-0.109f,-0.0794f,0.9799f,-0.0078f,0f,0f,0f,1f],start_interpolation: 0,interpolation_duration: 1}
$data merge entity $(bone_1) {transformation: [0.9824f,0.0692f,0.0906f,-0.3702f,-0.0331f,0.9264f,-0.3472f,1.3535f,-0.1091f,0.3421f,0.9216f,0.1156f,0f,0f,0f,1f],start_interpolation: 0,interpolation_duration: 1}
$data merge entity $(bone_4) {transformation: [-0.9848f,-0.0506f,0.0684f,0.3685f,-0.071f,0.9641f,-0.2538f,1.0435f,-0.0535f,-0.2534f,-0.9546f,0.0454f,0f,0f,0f,1f],start_interpolation: 0,interpolation_duration: 1}
$data merge entity $(bone_3) {transformation: [-0.9858f,-0.0716f,0.046f,0.3462f,-0.0711f,0.9914f,0.1047f,1.3533f,-0.0536f,0.1017f,-0.9824f,0.0772f,0f,0f,0f,1f],start_interpolation: 0,interpolation_duration: 1}
$data merge entity $(bone_8) {transformation: [-0.999f,0.0013f,0.0084f,-0.1327f,0.0024f,0.9845f,0.1752f,0.4017f,-0.0081f,0.1752f,-0.9835f,0.1128f,0f,0f,0f,1f],start_interpolation: 0,interpolation_duration: 1}
$data merge entity $(bone_7) {transformation: [-0.999f,0.0043f,0.0073f,-0.1312f,0.0024f,0.9788f,-0.2047f,0.7006f,-0.0081f,-0.2043f,-0.9779f,0.0312f,0f,0f,0f,1f],start_interpolation: 0,interpolation_duration: 1}