# This file was generated by Animated Java via MC-Build. It is not recommended to edit this file directly.
$data merge entity $(bone_layer) {transformation: [-1.001f,0f,0f,0f,0f,1.001f,0f,1.3283f,0f,0f,-1.001f,0.0938f,0f,0f,0f,1f],start_interpolation: 0,interpolation_duration: 1}
$data merge entity $(bone_head) {transformation: [-1f,0f,0f,0f,0f,1f,0f,1.3283f,0f,0f,-1f,0.0938f,0f,0f,0f,1f],start_interpolation: 0,interpolation_duration: 1}
$data merge entity $(bone_6) {transformation: [-0.997f,0.0019f,-0.063f,0.1192f,-0.0054f,0.9931f,0.117f,0.382f,0.0628f,0.1167f,-0.9902f,0.0596f,0f,0f,0f,1f],start_interpolation: 0,interpolation_duration: 1}
$data merge entity $(bone_12) {transformation: [-0.997f,-0.0156f,-0.061f,0.1138f,-0.0054f,0.9867f,-0.1624f,0.7212f,0.0628f,-0.1619f,-0.9838f,0.004f,0f,0f,0f,1f],start_interpolation: 0,interpolation_duration: 1}
$data merge entity $(bone_10) {transformation: [-0.999f,0f,0f,0f,0f,0.999f,0.0436f,1.0838f,0f,0.0436f,-0.998f,0.0467f,0f,0f,0f,1f],start_interpolation: 0,interpolation_duration: 1}
$data merge entity $(bone_9) {transformation: [-1f,0f,0f,0f,0f,0.9848f,0.1736f,1.4377f,0f,0.1736f,-0.9848f,0.1091f,0f,0f,0f,1f],start_interpolation: 0,interpolation_duration: 1}
$data merge entity $(bone_2) {transformation: [0.9839f,0.0231f,0.087f,-0.3916f,-0.0497f,0.937f,0.3156f,1.0356f,-0.0749f,-0.3182f,0.9334f,0.0792f,0f,0f,0f,1f],start_interpolation: 0,interpolation_duration: 1}
$data merge entity $(bone_1) {transformation: [0.9849f,0.0577f,0.0691f,-0.3714f,-0.0497f,0.9826f,-0.1099f,1.3727f,-0.075f,0.1061f,0.9804f,0.1218f,0f,0f,0f,1f],start_interpolation: 0,interpolation_duration: 1}
$data merge entity $(bone_4) {transformation: [-0.9809f,-0.1176f,0.0243f,0.3825f,-0.1233f,0.9814f,-0.1433f,1.0662f,-0.0078f,-0.14f,-0.9794f,-0.0034f,0f,0f,0f,1f],start_interpolation: 0,interpolation_duration: 1}
$data merge entity $(bone_3) {transformation: [-0.9819f,-0.118f,-0.0222f,0.3456f,-0.1234f,0.9622f,0.2405f,1.3668f,-0.0078f,0.2427f,-0.9591f,0.0725f,0f,0f,0f,1f],start_interpolation: 0,interpolation_duration: 1}
$data merge entity $(bone_8) {transformation: [-0.9989f,0.0013f,-0.0168f,-0.1288f,-0.009f,0.8141f,0.5805f,0.3898f,0.0143f,0.5805f,-0.813f,0.016f,0f,0f,0f,1f],start_interpolation: 0,interpolation_duration: 1}
$data merge entity $(bone_7) {transformation: [-0.9989f,-0.0071f,-0.0152f,-0.1312f,-0.009f,0.9939f,0.1088f,0.6993f,0.0143f,0.1094f,-0.993f,0.0312f,0f,0f,0f,1f],start_interpolation: 0,interpolation_duration: 1}