# This file was generated by Animated Java via MC-Build. It is not recommended to edit this file directly.
$data merge entity $(bone_layer) {transformation: [-1.001f,0f,0f,0f,0f,1.001f,0f,1.3282f,0f,0f,-1.001f,0.0938f,0f,0f,0f,1f],start_interpolation: 0,interpolation_duration: 1}
$data merge entity $(bone_head) {transformation: [-1f,0f,0f,0f,0f,1f,0f,1.3282f,0f,0f,-1f,0.0938f,0f,0f,0f,1f],start_interpolation: 0,interpolation_duration: 1}
$data merge entity $(bone_6) {transformation: [-0.9969f,0.0025f,-0.0646f,0.1186f,-0.004f,0.9948f,0.1014f,0.3813f,0.0646f,0.1011f,-0.9918f,0.0613f,0f,0f,0f,1f],start_interpolation: 0,interpolation_duration: 1}
$data merge entity $(bone_12) {transformation: [-0.9969f,-0.0148f,-0.063f,0.1135f,-0.004f,0.9858f,-0.1679f,0.7201f,0.0646f,-0.1675f,-0.9828f,0.0037f,0f,0f,0f,1f],start_interpolation: 0,interpolation_duration: 1}
$data merge entity $(bone_10) {transformation: [-0.999f,0f,0f,0f,0f,0.999f,0.0436f,1.0837f,0f,0.0436f,-0.998f,0.0468f,0f,0f,0f,1f],start_interpolation: 0,interpolation_duration: 1}
$data merge entity $(bone_9) {transformation: [-1f,0f,0f,0f,0f,0.9848f,0.1736f,1.4376f,0f,0.1736f,-0.9848f,0.1092f,0f,0f,0f,1f],start_interpolation: 0,interpolation_duration: 1}
$data merge entity $(bone_2) {transformation: [0.9841f,0.0229f,0.0855f,-0.3914f,-0.05f,0.9325f,0.3285f,1.0361f,-0.0728f,-0.3311f,0.9291f,0.084f,0f,0f,0f,1f],start_interpolation: 0,interpolation_duration: 1}
$data merge entity $(bone_1) {transformation: [0.985f,0.0569f,0.0678f,-0.3714f,-0.0501f,0.984f,-0.0963f,1.3738f,-0.0729f,0.0926f,0.982f,0.122f,0f,0f,0f,1f],start_interpolation: 0,interpolation_duration: 1}
$data merge entity $(bone_4) {transformation: [-0.9805f,-0.1213f,0.0213f,0.3832f,-0.1265f,0.9818f,-0.1371f,1.0676f,-0.0051f,-0.1335f,-0.9803f,-0.0061f,0f,0f,0f,1f],start_interpolation: 0,interpolation_duration: 1}
$data merge entity $(bone_3) {transformation: [-0.9815f,-0.1203f,-0.0266f,0.3456f,-0.1267f,0.9599f,0.2478f,1.3676f,-0.0051f,0.2505f,-0.9571f,0.0722f,0f,0f,0f,1f],start_interpolation: 0,interpolation_duration: 1}
$data merge entity $(bone_8) {transformation: [-0.9989f,0.0021f,-0.0181f,-0.1287f,-0.0095f,0.7995f,0.6004f,0.39f,0.0156f,0.6004f,-0.7984f,0.0106f,0f,0f,0f,1f],start_interpolation: 0,interpolation_duration: 1}
$data merge entity $(bone_7) {transformation: [-0.9989f,-0.0071f,-0.0167f,-0.1312f,-0.0095f,0.9918f,0.1262f,0.6993f,0.0156f,0.1268f,-0.9909f,0.0312f,0f,0f,0f,1f],start_interpolation: 0,interpolation_duration: 1}