# This file was generated by Animated Java via MC-Build. It is not recommended to edit this file directly.
$data merge entity $(bone_layer) {transformation: [-1.001f,0f,0f,0f,0f,1.001f,0f,1.3281f,0f,0f,-1.001f,0.0938f,0f,0f,0f,1f],start_interpolation: 0,interpolation_duration: 1}
$data merge entity $(bone_head) {transformation: [-1f,0f,0f,0f,0f,1f,0f,1.3281f,0f,0f,-1f,0.0938f,0f,0f,0f,1f],start_interpolation: 0,interpolation_duration: 1}
$data merge entity $(bone_6) {transformation: [-0.9968f,0.0029f,-0.0657f,0.1183f,-0.0031f,0.9958f,0.0916f,0.3808f,0.0657f,0.0912f,-0.9927f,0.0623f,0f,0f,0f,1f],start_interpolation: 0,interpolation_duration: 1}
$data merge entity $(bone_12) {transformation: [-0.9968f,-0.0144f,-0.0642f,0.1134f,-0.0031f,0.9852f,-0.1714f,0.7195f,0.0657f,-0.171f,-0.9821f,0.0035f,0f,0f,0f,1f],start_interpolation: 0,interpolation_duration: 1}
$data merge entity $(bone_10) {transformation: [-0.999f,0f,0f,0f,0f,0.999f,0.0436f,1.0836f,0f,0.0436f,-0.998f,0.0469f,0f,0f,0f,1f],start_interpolation: 0,interpolation_duration: 1}
$data merge entity $(bone_9) {transformation: [-1f,0f,0f,0f,0f,0.9848f,0.1736f,1.4375f,0f,0.1736f,-0.9848f,0.1093f,0f,0f,0f,1f],start_interpolation: 0,interpolation_duration: 1}
$data merge entity $(bone_2) {transformation: [0.9842f,0.0228f,0.0844f,-0.3913f,-0.0502f,0.9296f,0.3367f,1.0365f,-0.0715f,-0.3392f,0.9263f,0.0871f,0f,0f,0f,1f],start_interpolation: 0,interpolation_duration: 1}
$data merge entity $(bone_1) {transformation: [0.9851f,0.0564f,0.0669f,-0.3715f,-0.0503f,0.9848f,-0.0877f,1.3745f,-0.0715f,0.0841f,0.9828f,0.1221f,0f,0f,0f,1f],start_interpolation: 0,interpolation_duration: 1}
$data merge entity $(bone_4) {transformation: [-0.9802f,-0.1237f,0.0193f,0.3837f,-0.1286f,0.9821f,-0.1332f,1.0686f,-0.0034f,-0.1294f,-0.9809f,-0.0078f,0f,0f,0f,1f],start_interpolation: 0,interpolation_duration: 1}
$data merge entity $(bone_3) {transformation: [-0.9812f,-0.1217f,-0.0295f,0.3456f,-0.1287f,0.9584f,0.2524f,1.3681f,-0.0034f,0.2555f,-0.9559f,0.072f,0f,0f,0f,1f],start_interpolation: 0,interpolation_duration: 1}
$data merge entity $(bone_8) {transformation: [-0.9988f,0.0027f,-0.0189f,-0.1287f,-0.0098f,0.79f,0.6128f,0.3903f,0.0165f,0.6128f,-0.7889f,0.0072f,0f,0f,0f,1f],start_interpolation: 0,interpolation_duration: 1}
$data merge entity $(bone_7) {transformation: [-0.9988f,-0.0071f,-0.0177f,-0.1312f,-0.0098f,0.9904f,0.1372f,0.6992f,0.0165f,0.1378f,-0.9894f,0.0312f,0f,0f,0f,1f],start_interpolation: 0,interpolation_duration: 1}