# This file was generated by Animated Java via MC-Build. It is not recommended to edit this file directly.
$data merge entity $(bone_layer) {transformation: [-1.001f,0f,0f,0f,0f,1.001f,0f,1.3339f,0f,0f,-1.001f,0.0938f,0f,0f,0f,1f],start_interpolation: 0,interpolation_duration: 1}
$data merge entity $(bone_head) {transformation: [-1f,0f,0f,0f,0f,1f,0f,1.3339f,0f,0f,-1f,0.0938f,0f,0f,0f,1f],start_interpolation: 0,interpolation_duration: 1}
$data merge entity $(bone_6) {transformation: [-0.998f,-0.0306f,-0.034f,0.1351f,-0.0439f,0.8496f,0.5256f,0.4063f,0.0128f,0.526f,-0.8492f,0.0155f,0f,0f,0f,1f],start_interpolation: 0,interpolation_duration: 1}
$data merge entity $(bone_12) {transformation: [-0.998f,-0.044f,-0.0126f,0.12f,-0.0439f,0.999f,-0.0047f,0.7497f,0.0128f,-0.0041f,-0.9989f,0.0141f,0f,0f,0f,1f],start_interpolation: 0,interpolation_duration: 1}
$data merge entity $(bone_10) {transformation: [-0.999f,0f,0f,0f,0f,0.999f,0.0436f,1.0894f,0f,0.0436f,-0.998f,0.0389f,0f,0f,0f,1f],start_interpolation: 0,interpolation_duration: 1}
$data merge entity $(bone_9) {transformation: [-1f,0f,0f,0f,0f,0.9848f,0.1736f,1.4433f,0f,0.1736f,-0.9848f,0.1013f,0f,0f,0f,1f],start_interpolation: 0,interpolation_duration: 1}
$data merge entity $(bone_2) {transformation: [0.9802f,0.0232f,0.1224f,-0.3952f,-0.0161f,0.988f,-0.0569f,1.0472f,-0.1234f,0.0553f,0.9799f,-0.0542f,0f,0f,0f,1f],start_interpolation: 0,interpolation_duration: 1}
$data merge entity $(bone_1) {transformation: [0.9811f,0.0728f,0.1011f,-0.3696f,-0.0161f,0.8714f,-0.4692f,1.3438f,-0.1235f,0.4642f,0.8648f,0.1107f,0f,0f,0f,1f],start_interpolation: 0,interpolation_duration: 1}
$data merge entity $(bone_4) {transformation: [-0.9849f,-0.0152f,0.0851f,0.3601f,-0.0464f,0.9477f,-0.3139f,1.034f,-0.076f,-0.3128f,-0.9352f,0.0722f,0f,0f,0f,1f],start_interpolation: 0,interpolation_duration: 1}
$data merge entity $(bone_3) {transformation: [-0.9858f,-0.0433f,0.0748f,0.3466f,-0.0465f,0.9979f,0.0277f,1.3459f,-0.076f,0.0244f,-0.9858f,0.0798f,0f,0f,0f,1f],start_interpolation: 0,interpolation_duration: 1}
$data merge entity $(bone_8) {transformation: [-0.9988f,0.0126f,0.0186f,-0.137f,0.011f,0.9975f,-0.0691f,0.4221f,-0.0194f,-0.0688f,-0.9964f,0.1634f,0f,0f,0f,1f],start_interpolation: 0,interpolation_duration: 1}
$data merge entity $(bone_7) {transformation: [-0.9988f,0.0177f,0.0138f,-0.1312f,0.011f,0.9283f,-0.3715f,0.7024f,-0.0194f,-0.3709f,-0.9274f,0.0312f,0f,0f,0f,1f],start_interpolation: 0,interpolation_duration: 1}