# This file was generated by Animated Java via MC-Build. It is not recommended to edit this file directly.
$data merge entity $(bone_layer) {transformation: [-1.001f,0f,0f,0f,0f,1.001f,0f,1.3355f,0f,0f,-1.001f,0.0938f,0f,0f,0f,1f],start_interpolation: 0,interpolation_duration: 1}
$data merge entity $(bone_head) {transformation: [-1f,0f,0f,0f,0f,1f,0f,1.3355f,0f,0f,-1f,0.0938f,0f,0f,0f,1f],start_interpolation: 0,interpolation_duration: 1}
$data merge entity $(bone_6) {transformation: [-0.9979f,-0.0316f,-0.0338f,0.1355f,-0.0448f,0.8443f,0.534f,0.4069f,0.0117f,0.5344f,-0.844f,0.0145f,0f,0f,0f,1f],start_interpolation: 0,interpolation_duration: 1}
$data merge entity $(bone_12) {transformation: [-0.9979f,-0.0448f,-0.0116f,0.1201f,-0.0448f,0.999f,-0.001f,0.7503f,0.0117f,-0.0005f,-0.9989f,0.0144f,0f,0f,0f,1f],start_interpolation: 0,interpolation_duration: 1}
$data merge entity $(bone_10) {transformation: [-0.999f,0f,0f,0f,0f,0.999f,0.0436f,1.091f,0f,0.0436f,-0.998f,0.0366f,0f,0f,0f,1f],start_interpolation: 0,interpolation_duration: 1}
$data merge entity $(bone_9) {transformation: [-1f,0f,0f,0f,0f,0.9848f,0.1736f,1.4449f,0f,0.1736f,-0.9848f,0.099f,0f,0f,0f,1f],start_interpolation: 0,interpolation_duration: 1}
$data merge entity $(bone_2) {transformation: [0.9801f,0.0231f,0.1231f,-0.3952f,-0.0148f,0.9875f,-0.0655f,1.048f,-0.1242f,0.0639f,0.9793f,-0.0572f,0f,0f,0f,1f],start_interpolation: 0,interpolation_duration: 1}
$data merge entity $(bone_1) {transformation: [0.9811f,0.0729f,0.1018f,-0.3695f,-0.0149f,0.8673f,-0.4767f,1.3432f,-0.1243f,0.4718f,0.8606f,0.1104f,0f,0f,0f,1f],start_interpolation: 0,interpolation_duration: 1}
$data merge entity $(bone_4) {transformation: [-0.9848f,-0.013f,0.086f,0.3596f,-0.0449f,0.9465f,-0.3177f,1.0335f,-0.0773f,-0.3165f,-0.9338f,0.0739f,0f,0f,0f,1f],start_interpolation: 0,interpolation_duration: 1}
$data merge entity $(bone_3) {transformation: [-0.9858f,-0.0414f,0.0765f,0.3466f,-0.045f,0.9981f,0.0227f,1.3454f,-0.0774f,0.0195f,-0.9858f,0.08f,0f,0f,0f,1f],start_interpolation: 0,interpolation_duration: 1}
$data merge entity $(bone_8) {transformation: [-0.9988f,0.0136f,0.019f,-0.1373f,0.0116f,0.9963f,-0.0848f,0.4253f,-0.0201f,-0.0844f,-0.9952f,0.1665f,0f,0f,0f,1f],start_interpolation: 0,interpolation_duration: 1}
$data merge entity $(bone_7) {transformation: [-0.9988f,0.0187f,0.014f,-0.1312f,0.0116f,0.9241f,-0.3819f,0.7041f,-0.0201f,-0.3813f,-0.9232f,0.0312f,0f,0f,0f,1f],start_interpolation: 0,interpolation_duration: 1}