# This file was generated by Animated Java via MC-Build. It is not recommended to edit this file directly.
$data merge entity $(bone_layer) {transformation: [-1.001f,0f,0f,0f,0f,1.001f,0f,1.3366f,0f,0f,-1.001f,0.0938f,0f,0f,0f,1f],start_interpolation: 0,interpolation_duration: 1}
$data merge entity $(bone_head) {transformation: [-1f,0f,0f,0f,0f,1f,0f,1.3366f,0f,0f,-1f,0.0938f,0f,0f,0f,1f],start_interpolation: 0,interpolation_duration: 1}
$data merge entity $(bone_6) {transformation: [-0.998f,-0.0291f,-0.0344f,0.1345f,-0.0426f,0.8578f,0.5122f,0.4053f,0.0146f,0.5126f,-0.8574f,0.017f,0f,0f,0f,1f],start_interpolation: 0,interpolation_duration: 1}
$data merge entity $(bone_12) {transformation: [-0.998f,-0.0428f,-0.0142f,0.1198f,-0.0426f,0.999f,-0.0104f,0.7487f,0.0146f,-0.0098f,-0.9988f,0.0136f,0f,0f,0f,1f],start_interpolation: 0,interpolation_duration: 1}
$data merge entity $(bone_10) {transformation: [-0.999f,0f,0f,0f,0f,0.999f,0.0436f,1.092f,0f,0.0436f,-0.998f,0.0351f,0f,0f,0f,1f],start_interpolation: 0,interpolation_duration: 1}
$data merge entity $(bone_9) {transformation: [-1f,0f,0f,0f,0f,0.9848f,0.1736f,1.446f,0f,0.1736f,-0.9848f,0.0975f,0f,0f,0f,1f],start_interpolation: 0,interpolation_duration: 1}
$data merge entity $(bone_2) {transformation: [0.9803f,0.0234f,0.1214f,-0.3952f,-0.0181f,0.9887f,-0.0435f,1.0459f,-0.1221f,0.0417f,0.9808f,-0.0496f,0f,0f,0f,1f],start_interpolation: 0,interpolation_duration: 1}
$data merge entity $(bone_1) {transformation: [0.9813f,0.0725f,0.1001f,-0.3696f,-0.0181f,0.8777f,-0.4572f,1.3447f,-0.1222f,0.4523f,0.8712f,0.1113f,0f,0f,0f,1f],start_interpolation: 0,interpolation_duration: 1}
$data merge entity $(bone_4) {transformation: [-0.9849f,-0.0187f,0.0837f,0.361f,-0.0488f,0.9495f,-0.3079f,1.0349f,-0.0738f,-0.3069f,-0.9373f,0.0695f,0f,0f,0f,1f],start_interpolation: 0,interpolation_duration: 1}
$data merge entity $(bone_3) {transformation: [-0.9859f,-0.0462f,0.0722f,0.3465f,-0.0488f,0.9976f,0.0355f,1.3466f,-0.0739f,0.0322f,-0.9857f,0.0796f,0f,0f,0f,1f],start_interpolation: 0,interpolation_duration: 1}
$data merge entity $(bone_8) {transformation: [-0.9988f,0.0112f,0.0178f,-0.1365f,0.0101f,0.9989f,-0.0443f,0.4242f,-0.0183f,-0.0441f,-0.9979f,0.1584f,0f,0f,0f,1f],start_interpolation: 0,interpolation_duration: 1}
$data merge entity $(bone_7) {transformation: [-0.9988f,0.0162f,0.0134f,-0.1312f,0.0101f,0.9347f,-0.3551f,0.7067f,-0.0183f,-0.3545f,-0.9338f,0.0312f,0f,0f,0f,1f],start_interpolation: 0,interpolation_duration: 1}