# This file was generated by Animated Java via MC-Build. It is not recommended to edit this file directly.
$data merge entity $(bone_layer) {transformation: [-1.001f,0f,0f,0f,0f,1.001f,0f,1.3407f,0f,0f,-1.001f,0.0938f,0f,0f,0f,1f],start_interpolation: 0,interpolation_duration: 1}
$data merge entity $(bone_head) {transformation: [-1f,0f,0f,0f,0f,1f,0f,1.3407f,0f,0f,-1f,0.0938f,0f,0f,0f,1f],start_interpolation: 0,interpolation_duration: 1}
$data merge entity $(bone_6) {transformation: [-0.9979f,-0.0079f,-0.0471f,0.1253f,-0.0211f,0.9576f,0.2873f,0.3908f,0.0428f,0.2875f,-0.9558f,0.0415f,0f,0f,0f,1f],start_interpolation: 0,interpolation_duration: 1}
$data merge entity $(bone_12) {transformation: [-0.9979f,-0.0253f,-0.0405f,0.1166f,-0.0211f,0.9948f,-0.1f,0.7327f,0.0428f,-0.0991f,-0.9932f,0.0074f,0f,0f,0f,1f],start_interpolation: 0,interpolation_duration: 1}
$data merge entity $(bone_10) {transformation: [-0.999f,0f,0f,0f,0f,0.999f,0.0436f,1.0961f,0f,0.0436f,-0.998f,0.0294f,0f,0f,0f,1f],start_interpolation: 0,interpolation_duration: 1}
$data merge entity $(bone_9) {transformation: [-1f,0f,0f,0f,0f,0.9848f,0.1736f,1.4501f,0f,0.1736f,-0.9848f,0.0918f,0f,0f,0f,1f],start_interpolation: 0,interpolation_duration: 1}
$data merge entity $(bone_2) {transformation: [0.9824f,0.0244f,0.103f,-0.3937f,-0.0416f,0.9746f,0.1686f,1.0341f,-0.0971f,-0.1714f,0.9693f,0.025f,0f,0f,0f,1f],start_interpolation: 0,interpolation_duration: 1}
$data merge entity $(bone_1) {transformation: [0.9833f,0.0656f,0.083f,-0.3706f,-0.0417f,0.9545f,-0.2591f,1.3606f,-0.0972f,0.2543f,0.9509f,0.1183f,0f,0f,0f,1f],start_interpolation: 0,interpolation_duration: 1}
$data merge entity $(bone_4) {transformation: [-0.984f,-0.0757f,0.0538f,0.3741f,-0.0896f,0.9726f,-0.212f,1.0513f,-0.0369f,-0.2112f,-0.9657f,0.0269f,0f,0f,0f,1f],start_interpolation: 0,interpolation_duration: 1}
$data merge entity $(bone_3) {transformation: [-0.985f,-0.0901f,0.0225f,0.3459f,-0.0897f,0.983f,0.157f,1.3585f,-0.0369f,0.1552f,-0.9762f,0.0754f,0f,0f,0f,1f],start_interpolation: 0,interpolation_duration: 1}
$data merge entity $(bone_8) {transformation: [-0.999f,-0.002f,-0.0009f,-0.1306f,-0.0025f,0.9412f,0.3376f,0.4162f,0.0001f,0.3376f,-0.9402f,0.0765f,0f,0f,0f,1f],start_interpolation: 0,interpolation_duration: 1}
$data merge entity $(bone_7) {transformation: [-0.999f,-0.0022f,0.0001f,-0.1312f,-0.0025f,0.9962f,-0.0863f,0.7228f,0.0001f,-0.0859f,-0.9953f,0.0312f,0f,0f,0f,1f],start_interpolation: 0,interpolation_duration: 1}