# This file was generated by Animated Java via MC-Build. It is not recommended to edit this file directly.
$data merge entity $(bone_layer) {transformation: [-1.001f,0f,0f,0f,0f,1.001f,0f,1.3438f,0f,0f,-1.001f,0.0938f,0f,0f,0f,1f],start_interpolation: 0,interpolation_duration: 1}
$data merge entity $(bone_head) {transformation: [-1f,0f,0f,0f,0f,1f,0f,1.3438f,0f,0f,-1f,0.0938f,0f,0f,0f,1f],start_interpolation: 0,interpolation_duration: 1}
$data merge entity $(bone_6) {transformation: [-0.9968f,0.003f,-0.0661f,0.1182f,-0.0028f,0.9961f,0.0881f,0.3806f,0.0661f,0.0877f,-0.993f,0.0627f,0f,0f,0f,1f],start_interpolation: 0,interpolation_duration: 1}
$data merge entity $(bone_12) {transformation: [-0.9968f,-0.0142f,-0.0646f,0.1133f,-0.0028f,0.9849f,-0.1727f,0.7192f,0.0661f,-0.1723f,-0.9818f,0.0035f,0f,0f,0f,1f],start_interpolation: 0,interpolation_duration: 1}
$data merge entity $(bone_10) {transformation: [-0.999f,0f,0f,0f,0f,0.999f,0.0436f,1.0992f,0f,0.0436f,-0.998f,0.0251f,0f,0f,0f,1f],start_interpolation: 0,interpolation_duration: 1}
$data merge entity $(bone_9) {transformation: [-1f,0f,0f,0f,0f,0.9848f,0.1736f,1.4531f,0f,0.1736f,-0.9848f,0.0875f,0f,0f,0f,1f],start_interpolation: 0,interpolation_duration: 1}
$data merge entity $(bone_2) {transformation: [0.9842f,0.0228f,0.0841f,-0.3912f,-0.0503f,0.9286f,0.3395f,1.0366f,-0.071f,-0.342f,0.9253f,0.0882f,0f,0f,0f,1f],start_interpolation: 0,interpolation_duration: 1}
$data merge entity $(bone_1) {transformation: [0.9852f,0.0562f,0.0666f,-0.3715f,-0.0503f,0.9851f,-0.0847f,1.3747f,-0.071f,0.0811f,0.9831f,0.1222f,0f,0f,0f,1f],start_interpolation: 0,interpolation_duration: 1}
$data merge entity $(bone_4) {transformation: [-0.9802f,-0.1246f,0.0186f,0.3838f,-0.1293f,0.9822f,-0.1319f,1.0689f,-0.0028f,-0.128f,-0.9811f,-0.0084f,0f,0f,0f,1f],start_interpolation: 0,interpolation_duration: 1}
$data merge entity $(bone_3) {transformation: [-0.9811f,-0.1222f,-0.0305f,0.3456f,-0.1294f,0.9579f,0.254f,1.3682f,-0.0028f,0.2572f,-0.9554f,0.072f,0f,0f,0f,1f],start_interpolation: 0,interpolation_duration: 1}
$data merge entity $(bone_8) {transformation: [-0.9988f,0.0029f,-0.0192f,-0.1287f,-0.0099f,0.7867f,0.6171f,0.4255f,0.0168f,0.6171f,-0.7855f,0.006f,0f,0f,0f,1f],start_interpolation: 0,interpolation_duration: 1}
$data merge entity $(bone_7) {transformation: [-0.9988f,-0.0071f,-0.018f,-0.1312f,-0.0099f,0.9898f,0.1411f,0.7344f,0.0168f,0.1417f,-0.9889f,0.0312f,0f,0f,0f,1f],start_interpolation: 0,interpolation_duration: 1}