# This file was generated by Animated Java via MC-Build. It is not recommended to edit this file directly.
$data merge entity $(bone_layer) {transformation: [-1.001f,0f,0f,0f,0f,1.001f,0f,1.3445f,0f,0f,-1.001f,0.0938f,0f,0f,0f,1f],start_interpolation: 0,interpolation_duration: 1}
$data merge entity $(bone_head) {transformation: [-1f,0f,0f,0f,0f,1f,0f,1.3445f,0f,0f,-1f,0.0938f,0f,0f,0f,1f],start_interpolation: 0,interpolation_duration: 1}
$data merge entity $(bone_6) {transformation: [-0.9971f,0.001f,-0.0608f,0.1199f,-0.0073f,0.9905f,0.1374f,0.383f,0.0604f,0.1372f,-0.9877f,0.0574f,0f,0f,0f,1f],start_interpolation: 0,interpolation_duration: 1}
$data merge entity $(bone_12) {transformation: [-0.9971f,-0.0166f,-0.0585f,0.1142f,-0.0073f,0.9879f,-0.155f,0.7225f,0.0604f,-0.1545f,-0.9852f,0.0043f,0f,0f,0f,1f],start_interpolation: 0,interpolation_duration: 1}
$data merge entity $(bone_10) {transformation: [-0.999f,0f,0f,0f,0f,0.999f,0.0436f,1.0999f,0f,0.0436f,-0.998f,0.0241f,0f,0f,0f,1f],start_interpolation: 0,interpolation_duration: 1}
$data merge entity $(bone_9) {transformation: [-1f,0f,0f,0f,0f,0.9848f,0.1736f,1.4538f,0f,0.1736f,-0.9848f,0.0865f,0f,0f,0f,1f],start_interpolation: 0,interpolation_duration: 1}
$data merge entity $(bone_2) {transformation: [0.9837f,0.0233f,0.0891f,-0.3919f,-0.0491f,0.9426f,0.2985f,1.035f,-0.0777f,-0.3011f,0.9389f,0.0727f,0f,0f,0f,1f],start_interpolation: 0,interpolation_duration: 1}
$data merge entity $(bone_1) {transformation: [0.9847f,0.0588f,0.0709f,-0.3713f,-0.0492f,0.9805f,-0.1279f,1.3712f,-0.0778f,0.1239f,0.9781f,0.1214f,0f,0f,0f,1f],start_interpolation: 0,interpolation_duration: 1}
$data merge entity $(bone_4) {transformation: [-0.9814f,-0.1126f,0.0281f,0.3816f,-0.1191f,0.9807f,-0.1514f,1.0642f,-0.0114f,-0.1486f,-0.9781f,0.0002f,0f,0f,0f,1f],start_interpolation: 0,interpolation_duration: 1}
$data merge entity $(bone_3) {transformation: [-0.9824f,-0.1148f,-0.0165f,0.3457f,-0.1192f,0.9651f,0.2307f,1.3658f,-0.0114f,0.2323f,-0.9616f,0.0728f,0f,0f,0f,1f],start_interpolation: 0,interpolation_duration: 1}
$data merge entity $(bone_8) {transformation: [-0.9989f,0.0003f,-0.015f,-0.1289f,-0.0083f,0.8326f,0.5536f,0.4213f,0.0125f,0.5537f,-0.8315f,0.0232f,0f,0f,0f,1f],start_interpolation: 0,interpolation_duration: 1}
$data merge entity $(bone_7) {transformation: [-0.9989f,-0.0069f,-0.0133f,-0.1312f,-0.0083f,0.9962f,0.0858f,0.7311f,0.0125f,0.0863f,-0.9953f,0.0312f,0f,0f,0f,1f],start_interpolation: 0,interpolation_duration: 1}