# This file was generated by Animated Java via MC-Build. It is not recommended to edit this file directly.
$data merge entity $(bone_layer) {transformation: [-1.001f,0f,0f,0f,0f,1.001f,0f,1.3446f,0f,0f,-1.001f,0.0938f,0f,0f,0f,1f],start_interpolation: 0,interpolation_duration: 1}
$data merge entity $(bone_head) {transformation: [-1f,0f,0f,0f,0f,1f,0f,1.3446f,0f,0f,-1f,0.0938f,0f,0f,0f,1f],start_interpolation: 0,interpolation_duration: 1}
$data merge entity $(bone_6) {transformation: [-0.9973f,-0.0001f,-0.0583f,0.1207f,-0.0096f,0.9867f,0.1621f,0.3842f,0.0575f,0.162f,-0.9841f,0.0548f,0f,0f,0f,1f],start_interpolation: 0,interpolation_duration: 1}
$data merge entity $(bone_12) {transformation: [-0.9973f,-0.0179f,-0.0555f,0.1146f,-0.0096f,0.9892f,-0.1461f,0.7242f,0.0575f,-0.1455f,-0.9867f,0.0048f,0f,0f,0f,1f],start_interpolation: 0,interpolation_duration: 1}
$data merge entity $(bone_10) {transformation: [-0.999f,0f,0f,0f,0f,0.999f,0.0436f,1.1001f,0f,0.0436f,-0.998f,0.0239f,0f,0f,0f,1f],start_interpolation: 0,interpolation_duration: 1}
$data merge entity $(bone_9) {transformation: [-1f,0f,0f,0f,0f,0.9848f,0.1736f,1.454f,0f,0.1736f,-0.9848f,0.0863f,0f,0f,0f,1f],start_interpolation: 0,interpolation_duration: 1}
$data merge entity $(bone_2) {transformation: [0.9835f,0.0235f,0.0915f,-0.3922f,-0.0483f,0.949f,0.2776f,1.0344f,-0.081f,-0.2803f,0.945f,0.0649f,0f,0f,0f,1f],start_interpolation: 0,interpolation_duration: 1}
$data merge entity $(bone_1) {transformation: [0.9845f,0.06f,0.073f,-0.3712f,-0.0484f,0.9774f,-0.1494f,1.3694f,-0.0811f,0.1453f,0.9749f,0.121f,0f,0f,0f,1f],start_interpolation: 0,interpolation_duration: 1}
$data merge entity $(bone_4) {transformation: [-0.982f,-0.1065f,0.0327f,0.3804f,-0.1141f,0.9797f,-0.1613f,1.062f,-0.0157f,-0.1589f,-0.9763f,0.0045f,0f,0f,0f,1f],start_interpolation: 0,interpolation_duration: 1}
$data merge entity $(bone_3) {transformation: [-0.9829f,-0.111f,-0.0097f,0.3457f,-0.1142f,0.9685f,0.2189f,1.3646f,-0.0157f,0.2198f,-0.9645f,0.0732f,0f,0f,0f,1f],start_interpolation: 0,interpolation_duration: 1}
$data merge entity $(bone_8) {transformation: [-0.9989f,-0.0007f,-0.0127f,-0.129f,-0.0075f,0.8538f,0.5204f,0.4196f,0.0104f,0.5205f,-0.8527f,0.0319f,0f,0f,0f,1f],start_interpolation: 0,interpolation_duration: 1}
$data merge entity $(bone_7) {transformation: [-0.9989f,-0.0066f,-0.0109f,-0.1312f,-0.0075f,0.9982f,0.0579f,0.7295f,0.0104f,0.0584f,-0.9973f,0.0312f,0f,0f,0f,1f],start_interpolation: 0,interpolation_duration: 1}