# This file was generated by Animated Java via MC-Build. It is not recommended to edit this file directly.
$data merge entity $(bone_layer) {transformation: [-1.001f,0f,0f,0f,0f,1.001f,0f,1.3447f,0f,0f,-1.001f,0.0938f,0f,0f,0f,1f],start_interpolation: 0,interpolation_duration: 1}
$data merge entity $(bone_head) {transformation: [-1f,0f,0f,0f,0f,1f,0f,1.3447f,0f,0f,-1f,0.0938f,0f,0f,0f,1f],start_interpolation: 0,interpolation_duration: 1}
$data merge entity $(bone_6) {transformation: [-0.9975f,-0.0016f,-0.0556f,0.1217f,-0.0121f,0.9817f,0.1902f,0.3856f,0.0543f,0.1901f,-0.9793f,0.0518f,0f,0f,0f,1f],start_interpolation: 0,interpolation_duration: 1}
$data merge entity $(bone_12) {transformation: [-0.9975f,-0.0194f,-0.0521f,0.115f,-0.0121f,0.9906f,-0.1359f,0.7261f,0.0543f,-0.1352f,-0.9883f,0.0053f,0f,0f,0f,1f],start_interpolation: 0,interpolation_duration: 1}
$data merge entity $(bone_10) {transformation: [-0.999f,0f,0f,0f,0f,0.999f,0.0436f,1.1002f,0f,0.0436f,-0.998f,0.0237f,0f,0f,0f,1f],start_interpolation: 0,interpolation_duration: 1}
$data merge entity $(bone_9) {transformation: [-1f,0f,0f,0f,0f,0.9848f,0.1736f,1.4541f,0f,0.1736f,-0.9848f,0.0861f,0f,0f,0f,1f],start_interpolation: 0,interpolation_duration: 1}
$data merge entity $(bone_2) {transformation: [0.9832f,0.0238f,0.0942f,-0.3926f,-0.0472f,0.9558f,0.2537f,1.0339f,-0.0847f,-0.2564f,0.9515f,0.056f,0f,0f,0f,1f],start_interpolation: 0,interpolation_duration: 1}
$data merge entity $(bone_1) {transformation: [0.9842f,0.0613f,0.0753f,-0.371f,-0.0472f,0.9734f,-0.174f,1.3674f,-0.0848f,0.1698f,0.9707f,0.1205f,0f,0f,0f,1f],start_interpolation: 0,interpolation_duration: 1}
$data merge entity $(bone_4) {transformation: [-0.9825f,-0.0997f,0.0377f,0.379f,-0.1085f,0.9785f,-0.1725f,1.0595f,-0.0205f,-0.1707f,-0.9742f,0.0095f,0f,0f,0f,1f],start_interpolation: 0,interpolation_duration: 1}
$data merge entity $(bone_3) {transformation: [-0.9835f,-0.1065f,-0.0022f,0.3458f,-0.1086f,0.9721f,0.2053f,1.3633f,-0.0205f,0.2055f,-0.9675f,0.0737f,0f,0f,0f,1f],start_interpolation: 0,interpolation_duration: 1}
$data merge entity $(bone_8) {transformation: [-0.999f,-0.0015f,-0.0101f,-0.1293f,-0.0065f,0.8764f,0.4814f,0.4179f,0.0081f,0.4815f,-0.8754f,0.0418f,0f,0f,0f,1f],start_interpolation: 0,interpolation_duration: 1}
$data merge entity $(bone_7) {transformation: [-0.999f,-0.006f,-0.0083f,-0.1312f,-0.0065f,0.9996f,0.0259f,0.7276f,0.0081f,0.0264f,-0.9987f,0.0312f,0f,0f,0f,1f],start_interpolation: 0,interpolation_duration: 1}