# This file was generated by Animated Java via MC-Build. It is not recommended to edit this file directly.
$data merge entity $(bone_layer) {transformation: [-1.001f,0f,0f,0f,0f,1.001f,0f,1.3449f,0f,0f,-1.001f,0.0938f,0f,0f,0f,1f],start_interpolation: 0,interpolation_duration: 1}
$data merge entity $(bone_head) {transformation: [-1f,0f,0f,0f,0f,1f,0f,1.3449f,0f,0f,-1f,0.0938f,0f,0f,0f,1f],start_interpolation: 0,interpolation_duration: 1}
$data merge entity $(bone_6) {transformation: [-0.9976f,-0.0034f,-0.0527f,0.1228f,-0.015f,0.9752f,0.221f,0.3872f,0.0507f,0.221f,-0.9729f,0.0486f,0f,0f,0f,1f],start_interpolation: 0,interpolation_duration: 1}
$data merge entity $(bone_12) {transformation: [-0.9976f,-0.0212f,-0.0484f,0.1156f,-0.015f,0.9921f,-0.1247f,0.7282f,0.0507f,-0.1239f,-0.99f,0.006f,0f,0f,0f,1f],start_interpolation: 0,interpolation_duration: 1}
$data merge entity $(bone_10) {transformation: [-0.999f,0f,0f,0f,0f,0.999f,0.0436f,1.1003f,0f,0.0436f,-0.998f,0.0235f,0f,0f,0f,1f],start_interpolation: 0,interpolation_duration: 1}
$data merge entity $(bone_9) {transformation: [-1f,0f,0f,0f,0f,0.9848f,0.1736f,1.4543f,0f,0.1736f,-0.9848f,0.0859f,0f,0f,0f,1f],start_interpolation: 0,interpolation_duration: 1}
$data merge entity $(bone_2) {transformation: [0.983f,0.024f,0.097f,-0.3929f,-0.0457f,0.9625f,0.2271f,1.0337f,-0.0887f,-0.2298f,0.9579f,0.0463f,0f,0f,0f,1f],start_interpolation: 0,interpolation_duration: 1}
$data merge entity $(bone_1) {transformation: [0.9839f,0.0628f,0.0778f,-0.3709f,-0.0457f,0.9683f,-0.2009f,1.3653f,-0.0888f,0.1965f,0.9653f,0.1198f,0f,0f,0f,1f],start_interpolation: 0,interpolation_duration: 1}
$data merge entity $(bone_4) {transformation: [-0.9831f,-0.0921f,0.0431f,0.3775f,-0.1024f,0.9769f,-0.1849f,1.0568f,-0.0257f,-0.1835f,-0.9717f,0.015f,0f,0f,0f,1f],start_interpolation: 0,interpolation_duration: 1}
$data merge entity $(bone_3) {transformation: [-0.984f,-0.1015f,0.0059f,0.3458f,-0.1025f,0.9759f,0.1902f,1.3618f,-0.0258f,0.1897f,-0.9705f,0.0743f,0f,0f,0f,1f],start_interpolation: 0,interpolation_duration: 1}
$data merge entity $(bone_8) {transformation: [-0.999f,-0.002f,-0.0072f,-0.1296f,-0.0053f,0.8992f,0.4374f,0.4164f,0.0055f,0.4374f,-0.8982f,0.0527f,0f,0f,0f,1f],start_interpolation: 0,interpolation_duration: 1}
$data merge entity $(bone_7) {transformation: [-0.999f,-0.005f,-0.0056f,-0.1312f,-0.0053f,0.9999f,-0.0094f,0.7256f,0.0055f,-0.0089f,-0.999f,0.0312f,0f,0f,0f,1f],start_interpolation: 0,interpolation_duration: 1}