# This file was generated by Animated Java via MC-Build. It is not recommended to edit this file directly.
$data merge entity $(bone_layer) {transformation: [-1.001f,0f,0f,0f,0f,1.001f,0f,1.3453f,0f,0f,-1.001f,0.0938f,0f,0f,0f,1f],start_interpolation: 0,interpolation_duration: 1}
$data merge entity $(bone_head) {transformation: [-1f,0f,0f,0f,0f,1f,0f,1.3453f,0f,0f,-1f,0.0938f,0f,0f,0f,1f],start_interpolation: 0,interpolation_duration: 1}
$data merge entity $(bone_6) {transformation: [-0.998f,-0.0133f,-0.0421f,0.1279f,-0.0274f,0.9344f,0.3551f,0.3947f,0.0346f,0.3554f,-0.933f,0.0342f,0f,0f,0f,1f],start_interpolation: 0,interpolation_duration: 1}
$data merge entity $(bone_12) {transformation: [-0.998f,-0.0299f,-0.0325f,0.1176f,-0.0274f,0.9969f,-0.0741f,0.7374f,0.0346f,-0.0732f,-0.9957f,0.0091f,0f,0f,0f,1f],start_interpolation: 0,interpolation_duration: 1}
$data merge entity $(bone_10) {transformation: [-0.999f,0f,0f,0f,0f,0.999f,0.0436f,1.1008f,0f,0.0436f,-0.998f,0.0229f,0f,0f,0f,1f],start_interpolation: 0,interpolation_duration: 1}
$data merge entity $(bone_9) {transformation: [-1f,0f,0f,0f,0f,0.9848f,0.1736f,1.4547f,0f,0.1736f,-0.9848f,0.0853f,0f,0f,0f,1f],start_interpolation: 0,interpolation_duration: 1}
$data merge entity $(bone_2) {transformation: [0.9817f,0.0245f,0.1087f,-0.3943f,-0.0362f,0.9834f,0.1071f,1.0359f,-0.1052f,-0.1098f,0.9773f,0.0029f,0f,0f,0f,1f],start_interpolation: 0,interpolation_duration: 1}
$data merge entity $(bone_1) {transformation: [0.9827f,0.0681f,0.0882f,-0.3703f,-0.0362f,0.9366f,-0.3185f,1.3558f,-0.1054f,0.3136f,0.9322f,0.1165f,0f,0f,0f,1f],start_interpolation: 0,interpolation_duration: 1}
$data merge entity $(bone_4) {transformation: [-0.9846f,-0.0588f,0.0639f,0.3704f,-0.077f,0.9672f,-0.2401f,1.046f,-0.0482f,-0.2396f,-0.9584f,0.0394f,0f,0f,0f,1f],start_interpolation: 0,interpolation_duration: 1}
$data merge entity $(bone_3) {transformation: [-0.9856f,-0.0778f,0.0386f,0.3461f,-0.077f,0.989f,0.122f,1.355f,-0.0482f,0.1193f,-0.9807f,0.0766f,0f,0f,0f,1f],start_interpolation: 0,interpolation_duration: 1}
$data merge entity $(bone_8) {transformation: [-0.999f,-0.0002f,0.0055f,-0.1319f,0.0007f,0.9733f,0.2294f,0.4145f,-0.0054f,0.2294f,-0.9723f,0.1009f,0f,0f,0f,1f],start_interpolation: 0,interpolation_duration: 1}
$data merge entity $(bone_7) {transformation: [-0.999f,0.0019f,0.0051f,-0.1312f,0.0007f,0.9861f,-0.166f,0.7164f,-0.0054f,-0.1656f,-0.9852f,0.0312f,0f,0f,0f,1f],start_interpolation: 0,interpolation_duration: 1}