# This file was generated by Animated Java via MC-Build. It is not recommended to edit this file directly.
$data merge entity $(bone_layer) {transformation: [-1.001f,0f,0f,0f,0f,1.001f,0f,1.3455f,0f,0f,-1.001f,0.0938f,0f,0f,0f,1f],start_interpolation: 0,interpolation_duration: 1}
$data merge entity $(bone_head) {transformation: [-1f,0f,0f,0f,0f,1f,0f,1.3455f,0f,0f,-1f,0.0938f,0f,0f,0f,1f],start_interpolation: 0,interpolation_duration: 1}
$data merge entity $(bone_6) {transformation: [-0.9981f,-0.022f,-0.0369f,0.1317f,-0.0361f,0.8939f,0.4469f,0.4006f,0.0231f,0.4473f,-0.893f,0.0243f,0f,0f,0f,1f],start_interpolation: 0,interpolation_duration: 1}
$data merge entity $(bone_12) {transformation: [-0.9981f,-0.037f,-0.0218f,0.1189f,-0.0361f,0.9986f,-0.0376f,0.7439f,0.0231f,-0.0369f,-0.9981f,0.0116f,0f,0f,0f,1f],start_interpolation: 0,interpolation_duration: 1}
$data merge entity $(bone_10) {transformation: [-0.999f,0f,0f,0f,0f,0.999f,0.0436f,1.101f,0f,0.0436f,-0.998f,0.0226f,0f,0f,0f,1f],start_interpolation: 0,interpolation_duration: 1}
$data merge entity $(bone_9) {transformation: [-1f,0f,0f,0f,0f,0.9848f,0.1736f,1.4549f,0f,0.1736f,-0.9848f,0.085f,0f,0f,0f,1f],start_interpolation: 0,interpolation_duration: 1}
$data merge entity $(bone_2) {transformation: [0.9809f,0.0241f,0.1162f,-0.3949f,-0.0266f,0.9893f,0.0207f,1.0406f,-0.1155f,-0.0229f,0.9821f,-0.0275f,0f,0f,0f,1f],start_interpolation: 0,interpolation_duration: 1}
$data merge entity $(bone_1) {transformation: [0.9819f,0.071f,0.0951f,-0.3699f,-0.0266f,0.9053f,-0.3994f,1.3493f,-0.1156f,0.3943f,0.8998f,0.1137f,0f,0f,0f,1f],start_interpolation: 0,interpolation_duration: 1}
$data merge entity $(bone_4) {transformation: [-0.985f,-0.0356f,0.0761f,0.365f,-0.0603f,0.9578f,-0.2792f,1.0393f,-0.0632f,-0.2786f,-0.9469f,0.0567f,0f,0f,0f,1f],start_interpolation: 0,interpolation_duration: 1}
$data merge entity $(bone_3) {transformation: [-0.9859f,-0.0599f,0.0589f,0.3463f,-0.0604f,0.995f,0.0724f,1.3502f,-0.0633f,0.0691f,-0.9846f,0.0783f,0f,0f,0f,1f],start_interpolation: 0,interpolation_duration: 1}
$data merge entity $(bone_8) {transformation: [-0.9989f,0.0052f,0.0133f,-0.1344f,0.0058f,0.9973f,0.0731f,0.4177f,-0.0129f,0.0732f,-0.9962f,0.1344f,0f,0f,0f,1f],start_interpolation: 0,interpolation_duration: 1}
$data merge entity $(bone_7) {transformation: [-0.9989f,0.0095f,0.0107f,-0.1312f,0.0058f,0.9612f,-0.2757f,0.7099f,-0.0129f,-0.2753f,-0.9602f,0.0312f,0f,0f,0f,1f],start_interpolation: 0,interpolation_duration: 1}