# This file was generated by Animated Java via MC-Build. It is not recommended to edit this file directly.
$data merge entity $(bone_layer) {transformation: [-1.001f,0f,0f,0f,0f,1.001f,0f,1.3456f,0f,0f,-1.001f,0.0938f,0f,0f,0f,1f],start_interpolation: 0,interpolation_duration: 1}
$data merge entity $(bone_head) {transformation: [-1f,0f,0f,0f,0f,1f,0f,1.3456f,0f,0f,-1f,0.0938f,0f,0f,0f,1f],start_interpolation: 0,interpolation_duration: 1}
$data merge entity $(bone_6) {transformation: [-0.998f,-0.0271f,-0.035f,0.1337f,-0.0408f,0.8684f,0.4942f,0.404f,0.017f,0.4946f,-0.8678f,0.019f,0f,0f,0f,1f],start_interpolation: 0,interpolation_duration: 1}
$data merge entity $(bone_12) {transformation: [-0.998f,-0.0411f,-0.0162f,0.1196f,-0.0408f,0.999f,-0.018f,0.7474f,0.017f,-0.0174f,-0.9987f,0.013f,0f,0f,0f,1f],start_interpolation: 0,interpolation_duration: 1}
$data merge entity $(bone_10) {transformation: [-0.999f,0f,0f,0f,0f,0.999f,0.0436f,1.1011f,0f,0.0436f,-0.998f,0.0225f,0f,0f,0f,1f],start_interpolation: 0,interpolation_duration: 1}
$data merge entity $(bone_9) {transformation: [-1f,0f,0f,0f,0f,0.9848f,0.1736f,1.455f,0f,0.1736f,-0.9848f,0.0849f,0f,0f,0f,1f],start_interpolation: 0,interpolation_duration: 1}
$data merge entity $(bone_2) {transformation: [0.9804f,0.0236f,0.1199f,-0.3951f,-0.0205f,0.9893f,-0.0256f,1.0443f,-0.1203f,0.0237f,0.9816f,-0.0435f,0f,0f,0f,1f],start_interpolation: 0,interpolation_duration: 1}
$data merge entity $(bone_1) {transformation: [0.9814f,0.0721f,0.0987f,-0.3697f,-0.0206f,0.8857f,-0.4413f,1.346f,-0.1205f,0.4363f,0.8796f,0.112f,0f,0f,0f,1f],start_interpolation: 0,interpolation_duration: 1}
$data merge entity $(bone_4) {transformation: [-0.9849f,-0.0234f,0.0817f,0.3621f,-0.0519f,0.9519f,-0.2999f,1.0361f,-0.0709f,-0.2991f,-0.94f,0.066f,0f,0f,0f,1f],start_interpolation: 0,interpolation_duration: 1}
$data merge entity $(bone_3) {transformation: [-0.9859f,-0.05f,0.0686f,0.3465f,-0.052f,0.997f,0.0458f,1.3476f,-0.071f,0.0425f,-0.9856f,0.0792f,0f,0f,0f,1f],start_interpolation: 0,interpolation_duration: 1}
$data merge entity $(bone_8) {transformation: [-0.9988f,0.0094f,0.0167f,-0.1359f,0.0088f,0.9999f,-0.0116f,0.4209f,-0.0168f,-0.0114f,-0.9988f,0.1518f,0f,0f,0f,1f],start_interpolation: 0,interpolation_duration: 1}
$data merge entity $(bone_7) {transformation: [-0.9988f,0.0142f,0.0128f,-0.1312f,0.0088f,0.9428f,-0.3332f,0.7064f,-0.0168f,-0.3326f,-0.9418f,0.0312f,0f,0f,0f,1f],start_interpolation: 0,interpolation_duration: 1}