# This file was generated by Animated Java via MC-Build. It is not recommended to edit this file directly.
$data merge entity $(bone_head) {transformation: [-0.8516f,-0.0331f,-0.5232f,-0.1287f,-0.1158f,0.9852f,0.1262f,-1f,0.5113f,0.168f,-0.8428f,1.6954f,0f,0f,0f,1f],start_interpolation: 0,interpolation_duration: 1}
$data merge entity $(bone_10) {transformation: [-0.887f,-0.0402f,-0.46f,-0.0826f,0f,0.9962f,-0.0872f,-1.3145f,0.4617f,-0.0773f,-0.8836f,1.7163f,0f,0f,0f,1f],start_interpolation: 0,interpolation_duration: 1}
$data merge entity $(bone_9) {transformation: [-0.8963f,0.1972f,-0.4228f,-0.3144f,0f,0.9157f,0.427f,-2.3907f,0.4666f,0.3788f,-0.8123f,1.2711f,0f,0f,0f,1f],start_interpolation: 0,interpolation_duration: 1}
$data merge entity $(bone_bone14) {transformation: [-0.7959f,0.1195f,-0.5936f,-0.9705f,0.149f,0.9888f,-0.0006f,-1.3873f,0.5869f,-0.0889f,-0.8048f,1.9117f,0f,0f,0f,1f],start_interpolation: 0,interpolation_duration: 1}
$data merge entity $(bone_bone13) {transformation: [-0.8411f,0.4446f,-0.5181f,-0.8315f,0.4515f,0.9789f,0.1069f,-1.7278f,0.5121f,-0.1329f,-0.9454f,1.7792f,0f,0f,0f,1f],start_interpolation: 0,interpolation_duration: 1}
$data merge entity $(bone_bone16) {transformation: [-0.7123f,0.1601f,-0.6833f,-0.9906f,0.1744f,0.9835f,0.0487f,-0.8867f,0.6798f,-0.0845f,-0.7285f,1.9404f,0f,0f,0f,1f],start_interpolation: 0,interpolation_duration: 1}
$data merge entity $(bone_bone15) {transformation: [-1.103f,1.0122f,-0.5156f,-1.0968f,0.9844f,1.2103f,0.2701f,-1.3074f,0.5668f,-0.1324f,-1.4725f,1.766f,0f,0f,0f,1f],start_interpolation: 0,interpolation_duration: 1}
$data merge entity $(bone_bone18) {transformation: [-0.6023f,0.5055f,-0.6178f,-0.8273f,0.1295f,0.8256f,0.5493f,-0.2108f,0.7877f,0.2508f,-0.5627f,2.2816f,0f,0f,0f,1f],start_interpolation: 0,interpolation_duration: 1}
$data merge entity $(bone_bone17) {transformation: [-0.3127f,1.0767f,0.0929f,-1.0527f,0.8743f,0.1952f,0.6805f,-0.5916f,0.6352f,0.2613f,-0.891f,1.9475f,0f,0f,0f,1f],start_interpolation: 0,interpolation_duration: 1}
$data merge entity $(bone_bone19) {transformation: [-0.4399f,0.794f,-0.4196f,-0.7427f,0.8664f,0.4981f,0.034f,-1.0472f,0.236f,-0.3486f,-0.9071f,1.8259f,0f,0f,0f,1f],start_interpolation: 0,interpolation_duration: 1}
$data merge entity $(bone_bone20) {transformation: [-0.8498f,-0.2194f,-0.4793f,-0.8917f,-0.3649f,0.901f,0.2345f,-1.5354f,0.3804f,0.3742f,-0.8457f,1.7766f,0f,0f,0f,1f],start_interpolation: 0,interpolation_duration: 1}
$data merge entity $(item_display_item_display) {transformation: [-0.7401f,-0.6159f,0.2702f,0.0049f,-0.4708f,0.1875f,-0.8621f,-0.8846f,0.4803f,-0.7652f,-0.4287f,1.7604f,0f,0f,0f,1f],start_interpolation: 0,interpolation_duration: 1}
$data merge entity $(bone_2) {transformation: [-0.2702f,-0.9588f,-0.0878f,-0.2815f,0.8621f,-0.2003f,-0.4655f,-1.1819f,0.4287f,-0.2015f,0.8807f,2.1779f,0f,0f,0f,1f],start_interpolation: 0,interpolation_duration: 1}
$data merge entity $(bone_bone5) {transformation: [-0.734f,-0.5808f,-0.3519f,-0.4873f,0.2832f,0.2092f,-0.936f,-1.0963f,0.6173f,-0.7867f,0.011f,1.8759f,0f,0f,0f,1f],start_interpolation: 0,interpolation_duration: 1}
$data merge entity $(bone_bone6) {transformation: [0.3519f,-0.5808f,-0.734f,-0.4873f,0.936f,0.2092f,0.2832f,-1.0963f,-0.011f,-0.7867f,0.6173f,1.8759f,0f,0f,0f,1f],start_interpolation: 0,interpolation_duration: 1}
$data merge entity $(bone_bone7) {transformation: [-0.2702f,-0.5808f,-0.7679f,-0.429f,0.8621f,0.2092f,-0.4616f,-0.9739f,0.4287f,-0.7867f,0.4442f,2.1038f,0f,0f,0f,1f],start_interpolation: 0,interpolation_duration: 1}
$data merge entity $(bone_bone8) {transformation: [0.7679f,-0.5808f,-0.2702f,-0.2344f,0.4616f,0.2092f,0.8621f,-1.049f,-0.4442f,-0.7867f,0.4287f,1.9401f,0f,0f,0f,1f],start_interpolation: 0,interpolation_duration: 1}
$data merge entity $(bone_bone9) {transformation: [0.7679f,-0.5808f,-0.2702f,-0.5223f,0.4616f,0.2092f,0.8621f,-1.2221f,-0.4442f,-0.7867f,0.4287f,2.1067f,0f,0f,0f,1f],start_interpolation: 0,interpolation_duration: 1}
$data merge entity $(bone_1) {transformation: [-0.2702f,-0.5808f,-0.7679f,-0.4691f,0.8621f,0.2092f,-0.4616f,-1.1028f,0.4287f,-0.7867f,0.4442f,1.9005f,0f,0f,0f,1f],start_interpolation: 0,interpolation_duration: 1}
$data merge entity $(bone_4) {transformation: [-0.9188f,-0.3918f,0.048f,0.3045f,-0.3734f,0.8232f,-0.4277f,-1.3051f,0.1281f,-0.4109f,-0.9027f,1.3919f,0f,0f,0f,1f],start_interpolation: 0,interpolation_duration: 1}
$data merge entity $(bone_bone1) {transformation: [-0.9833f,-0.1273f,0.0077f,0.5009f,-0.1803f,0.6769f,-0.1803f,-0.9252f,0.0254f,-0.1251f,-0.9836f,1.4683f,0f,0f,0f,1f],start_interpolation: 0,interpolation_duration: 1}
$data merge entity $(bone_3) {transformation: [-0.9188f,-0.311f,-0.2431f,0.2041f,-0.3734f,0.8845f,0.2797f,-1.0142f,0.1281f,0.3477f,-0.9288f,1.5192f,0f,0f,0f,1f],start_interpolation: 0,interpolation_duration: 1}
$data merge entity $(bone_6) {transformation: [-0.8872f,0.364f,-0.2834f,-0.1939f,0.1015f,0.7532f,0.6499f,-1.9977f,0.4501f,0.5479f,-0.7052f,1.8457f,0f,0f,0f,1f],start_interpolation: 0,interpolation_duration: 1}
$data merge entity $(bone_5) {transformation: [-0.8872f,0.0769f,-0.4549f,-0.1758f,0.1015f,0.9944f,-0.0297f,-1.6719f,0.4501f,-0.0725f,-0.8901f,1.808f,0f,0f,0f,1f],start_interpolation: 0,interpolation_duration: 1}
$data merge entity $(bone_8) {transformation: [-0.7549f,0.089f,-0.6497f,0.1381f,-0.075f,0.9725f,0.2205f,-1.9718f,0.6515f,0.2152f,-0.7275f,1.7676f,0f,0f,0f,1f],start_interpolation: 0,interpolation_duration: 1}
$data merge entity $(bone_7) {transformation: [-0.7549f,-0.2477f,-0.6072f,0.0477f,-0.075f,0.9524f,-0.2953f,-1.6737f,0.6515f,-0.1774f,-0.7376f,1.6973f,0f,0f,0f,1f],start_interpolation: 0,interpolation_duration: 1}
$data merge entity $(bone_guide13) {transformation: [0.4866f,0.0278f,1.3051f,0.101f,-0.3913f,-0.8869f,0.3857f,-0.8736f,0.7811f,-0.4614f,-0.6307f,1.317f,0f,0f,0f,1f],start_interpolation: 0,interpolation_duration: 1}
$data merge entity $(bone_guide9) {transformation: [1.0618f,-0.4636f,0.7736f,-0.5256f,-0.4722f,-0.7195f,0.5897f,-1.7141f,0.0034f,-0.5792f,-0.9409f,1.1981f,0f,0f,0f,1f],start_interpolation: 0,interpolation_duration: 1}
$data merge entity $(bone_guide10) {transformation: [0.7936f,-0.3188f,1.0996f,-0.5752f,-0.6669f,-0.5499f,0.5842f,-1.8441f,0.177f,-0.7754f,-0.767f,1.0916f,0f,0f,0f,1f],start_interpolation: 0,interpolation_duration: 1}
$data merge entity $(bone_guide18) {transformation: [0.4642f,-0.1643f,1.3032f,0.0725f,-0.6997f,-0.6708f,0.3859f,-1.4166f,0.5432f,-0.7234f,-0.6344f,0.9926f,0f,0f,0f,1f],start_interpolation: 0,interpolation_duration: 1}
$data merge entity $(bone_guide21) {transformation: [0.4767f,-0.1232f,1.3032f,-0.0923f,-0.6386f,-0.7292f,0.3859f,-1.9043f,0.6042f,-0.6733f,-0.6344f,0.4556f,0f,0f,0f,1f],start_interpolation: 0,interpolation_duration: 1}
$data merge entity $(bone_guide22) {transformation: [0.4856f,-0.0812f,1.3032f,-0.148f,-0.5726f,-0.7821f,0.3859f,-2.0323f,0.6606f,-0.618f,-0.6344f,0.3711f,0f,0f,0f,1f],start_interpolation: 0,interpolation_duration: 1}
$data merge entity $(bone_guide23) {transformation: [0.8711f,-0.1046f,1.0821f,-0.6034f,-0.5745f,-0.549f,0.6759f,-1.9379f,0.2308f,-0.8335f,-0.6876f,0.9183f,0f,0f,0f,1f],start_interpolation: 0,interpolation_duration: 1}
$data merge entity $(bone_guide24) {transformation: [0.7622f,-0.2722f,1.1339f,-0.5721f,-0.6038f,-0.6927f,0.4939f,-2.0245f,0.3516f,-0.6756f,-0.8005f,0.705f,0f,0f,0f,1f],start_interpolation: 0,interpolation_duration: 1}
$data merge entity $(bone_guide25) {transformation: [1.2743f,-0.4377f,0.3542f,-0.7181f,-0.2235f,-0.762f,0.6766f,-2.0821f,-0.2902f,-0.545f,-0.9163f,0.8135f,0f,0f,0f,1f],start_interpolation: 0,interpolation_duration: 1}
$data merge entity $(bone_guide26) {transformation: [1.3364f,-0.3841f,-0.0852f,-0.7974f,0.02f,-0.8233f,0.6405f,-2.1332f,-0.5353f,-0.491f,-0.8326f,0.952f,0f,0f,0f,1f],start_interpolation: 0,interpolation_duration: 1}
$data merge entity $(bone_guide27) {transformation: [1.325f,-0.39f,0.1815f,-0.73f,-0.1035f,-0.7643f,0.7025f,-1.9617f,-0.3905f,-0.5617f,-0.8676f,1.0099f,0f,0f,0f,1f],start_interpolation: 0,interpolation_duration: 1}
$data merge entity $(bone_guide28) {transformation: [1.3305f,-0.4104f,-0.0451f,-0.695f,-0.0248f,-0.8495f,0.6051f,-1.9657f,-0.509f,-0.4437f,-0.8746f,1.0796f,0f,0f,0f,1f],start_interpolation: 0,interpolation_duration: 1}
$data merge entity $(bone_guide29) {transformation: [1.3305f,-0.412f,0.0269f,-0.6088f,-0.0248f,-0.7315f,0.7434f,-1.8764f,-0.509f,-0.5888f,-0.7842f,1.2026f,0f,0f,0f,1f],start_interpolation: 0,interpolation_duration: 1}
$data merge entity $(bone_guide30) {transformation: [1.3453f,-0.2947f,-0.2099f,-0.5863f,0.1411f,-0.8003f,0.6543f,-1.7031f,-0.5786f,-0.5512f,-0.763f,1.3588f,0f,0f,0f,1f],start_interpolation: 0,interpolation_duration: 1}
$data merge entity $(bone_guide46) {transformation: [0.4642f,-0.1643f,1.3032f,0.0255f,-0.6997f,-0.6708f,0.3859f,-1.5724f,0.5432f,-0.7234f,-0.6344f,0.7971f,0f,0f,0f,1f],start_interpolation: 0,interpolation_duration: 1}
$data merge entity $(bone_guide94) {transformation: [-0.4845f,-0.1351f,-1.2991f,-0.5682f,0.6934f,-0.6618f,-0.4118f,-1.7544f,-0.5334f,-0.7375f,0.6264f,1.0848f,0f,0f,0f,1f],start_interpolation: 0,interpolation_duration: 1}
$data merge entity $(bone_guide15) {transformation: [-0.15f,-0.0356f,-1.3846f,-0.1248f,0.7915f,-0.6202f,-0.2781f,-1.8873f,-0.6482f,-0.7902f,0.4197f,0.4883f,0f,0f,0f,1f],start_interpolation: 0,interpolation_duration: 1}
$data merge entity $(bone_guide19) {transformation: [0.7523f,0.1752f,-1.1594f,0.0546f,0.8447f,-0.5742f,0.2126f,-1.8453f,-0.6917f,-0.842f,-0.1829f,0.4391f,0f,0f,0f,1f],start_interpolation: 0,interpolation_duration: 1}
$data merge entity $(bone_guide43) {transformation: [1.0748f,0.2158f,-0.8597f,0.2192f,0.7191f,-0.6394f,0.4031f,-1.8215f,-0.633f,-0.7817f,-0.4573f,0.4594f,0f,0f,0f,1f],start_interpolation: 0,interpolation_duration: 1}
$data merge entity $(bone_guide44) {transformation: [0.9064f,0.14f,-1.0486f,0.1483f,0.7876f,-0.6018f,0.3254f,-1.6925f,-0.6907f,-0.8186f,-0.2717f,0.5843f,0f,0f,0f,1f],start_interpolation: 0,interpolation_duration: 1}
$data merge entity $(bone_guide45) {transformation: [0.0067f,-0.3017f,-1.36f,0.0066f,0.8436f,-0.6095f,-0.0727f,-1.7509f,-0.6561f,-0.738f,0.4957f,0.6227f,0f,0f,0f,1f],start_interpolation: 0,interpolation_duration: 1}
$data merge entity $(bone_guide47) {transformation: [1.032f,0.2757f,-0.8943f,0.1833f,0.749f,-0.6392f,0.3448f,-1.6965f,-0.6357f,-0.7761f,-0.4631f,0.6541f,0f,0f,0f,1f],start_interpolation: 0,interpolation_duration: 1}
$data merge entity $(bone_guide48) {transformation: [-0.0358f,-0.1507f,-1.3845f,0.0754f,0.8992f,-0.4983f,-0.1773f,-1.6447f,-0.5441f,-0.8568f,0.4366f,0.7763f,0f,0f,0f,1f],start_interpolation: 0,interpolation_duration: 1}
$data merge entity $(bone_guide42) {transformation: [0.3161f,0.1437f,-1.3491f,0.0681f,0.8946f,-0.5333f,-0.061f,-1.5322f,-0.671f,-0.8735f,0.0876f,0.9104f,0f,0f,0f,1f],start_interpolation: 0,interpolation_duration: 1}
$data merge entity $(bone_guide41) {transformation: [1.1667f,0.1161f,-0.7523f,0.2108f,0.6289f,-0.6743f,0.488f,-1.4588f,-0.6385f,-0.7503f,-0.5002f,0.9726f,0f,0f,0f,1f],start_interpolation: 0,interpolation_duration: 1}
$data merge entity $(bone_guide40) {transformation: [1.032f,0.1162f,-0.9286f,0.1882f,0.749f,-0.5696f,0.4506f,-1.6321f,-0.6357f,-0.8447f,-0.3213f,0.8164f,0f,0f,0f,1f],start_interpolation: 0,interpolation_duration: 1}
$data merge entity $(bone_guide91) {transformation: [-0.4845f,-0.1351f,-1.2991f,-0.6151f,0.6934f,-0.6618f,-0.4118f,-1.9103f,-0.5334f,-0.7375f,0.6264f,0.8893f,0f,0f,0f,1f],start_interpolation: 0,interpolation_duration: 1}
$data merge entity $(bone_guide61) {transformation: [-0.4845f,-0.1351f,-1.2991f,-0.5212f,0.6934f,-0.6618f,-0.4118f,-1.5986f,-0.5334f,-0.7375f,0.6264f,1.2803f,0f,0f,0f,1f],start_interpolation: 0,interpolation_duration: 1}
$data merge entity $(bone_guide90) {transformation: [-0.4944f,-0.0923f,-1.2991f,-0.6046f,0.6331f,-0.7197f,-0.4118f,-2.0614f,-0.5956f,-0.6882f,0.6264f,0.7038f,0f,0f,0f,1f],start_interpolation: 0,interpolation_duration: 1}
$data merge entity $(bone_guide92) {transformation: [-0.5006f,-0.0489f,-1.2991f,-0.579f,0.568f,-0.7722f,-0.4118f,-2.1645f,-0.6533f,-0.6337f,0.6264f,0.58f,0f,0f,0f,1f],start_interpolation: 0,interpolation_duration: 1}
$data merge entity $(bone_guide93) {transformation: [0.4642f,-0.1643f,1.3032f,-0.0214f,-0.6997f,-0.6708f,0.3859f,-1.7283f,0.5432f,-0.7234f,-0.6344f,0.6017f,0f,0f,0f,1f],start_interpolation: 0,interpolation_duration: 1}
$data merge entity $(bone_guide57) {transformation: [-0.5076f,0.0145f,-1.2973f,-0.4159f,0.4608f,-0.8404f,-0.412f,-1.1293f,-0.7281f,-0.5419f,0.6302f,1.4824f,0f,0f,0f,1f],start_interpolation: 0,interpolation_duration: 1}
$data merge entity $(bone_guide58) {transformation: [-0.5044f,0.0587f,-1.2973f,-0.5496f,0.3858f,-0.8774f,-0.412f,-1.073f,-0.7725f,-0.4764f,0.6302f,1.6322f,0f,0f,0f,1f],start_interpolation: 0,interpolation_duration: 1}
$data merge entity $(bone_guide17) {transformation: [0.4872f,-0.0147f,1.3051f,0.016f,-0.4671f,-0.8494f,0.3857f,-1.2198f,0.7379f,-0.5277f,-0.6307f,1.0897f,0f,0f,0f,1f],start_interpolation: 0,interpolation_duration: 1}
$data merge entity $(bone_guide89) {transformation: [-0.5076f,0.0145f,-1.2973f,-0.5127f,0.4608f,-0.8404f,-0.412f,-1.3819f,-0.7281f,-0.5419f,0.6302f,1.3459f,0f,0f,0f,1f],start_interpolation: 0,interpolation_duration: 1}
$data merge entity $(bone_guide11) {transformation: [0.4872f,-0.0147f,1.3051f,-0.0195f,-0.4671f,-0.8494f,0.3857f,-1.0767f,0.7379f,-0.5277f,-0.6307f,1.2185f,0f,0f,0f,1f],start_interpolation: 0,interpolation_duration: 1}
$data merge entity $(bone_guide60) {transformation: [-0.5076f,0.0145f,-1.2973f,-0.4668f,0.4608f,-0.8404f,-0.412f,-1.2138f,-0.7281f,-0.5419f,0.6302f,1.4352f,0f,0f,0f,1f],start_interpolation: 0,interpolation_duration: 1}
$data merge entity $(bone_guide12) {transformation: [0.4872f,-0.0147f,1.3051f,-0.0499f,-0.4671f,-0.8494f,0.3857f,-1.0171f,0.7379f,-0.5277f,-0.6307f,1.305f,0f,0f,0f,1f],start_interpolation: 0,interpolation_duration: 1}
$data merge entity $(bone_guide5) {transformation: [1.3492f,-0.2812f,0.203f,-0.5376f,-0.054f,-0.8608f,0.5869f,-1.268f,-0.2922f,-0.4711f,-0.9558f,1.5337f,0f,0f,0f,1f],start_interpolation: 0,interpolation_duration: 1}
$data merge entity $(bone_guide7) {transformation: [1.2926f,-0.237f,0.4623f,-0.5175f,-0.1432f,-0.849f,0.5891f,-1.5192f,-0.0935f,-0.5002f,-0.9808f,1.3047f,0f,0f,0f,1f],start_interpolation: 0,interpolation_duration: 1}
$data merge entity $(bone_guide6) {transformation: [0.4725f,-0.3446f,1.2644f,-0.3884f,-0.6398f,-0.7841f,0.2534f,-1.3357f,0.6062f,-0.5552f,-0.7383f,1.4084f,0f,0f,0f,1f],start_interpolation: 0,interpolation_duration: 1}
$data merge entity $(bone_guide31) {transformation: [1.3696f,-0.1454f,-0.2093f,-0.5984f,0.1715f,-0.9472f,0.4023f,-1.5387f,-0.5092f,-0.3359f,-0.9212f,1.4376f,0f,0f,0f,1f],start_interpolation: 0,interpolation_duration: 1}
$data merge entity $(bone_guide49) {transformation: [0.6551f,0.1467f,-1.2207f,0.0518f,0.7403f,-0.7314f,0.0732f,-1.3447f,-0.8502f,-0.686f,-0.1653f,1.0288f,0f,0f,0f,1f],start_interpolation: 0,interpolation_duration: 1}
$data merge entity $(bone_guide50) {transformation: [1.1424f,0.2655f,-0.7517f,0.1986f,0.5986f,-0.8212f,0.236f,-1.2944f,-0.7079f,-0.535f,-0.6584f,1.0514f,0f,0f,0f,1f],start_interpolation: 0,interpolation_duration: 1}
$data merge entity $(bone_guide39) {transformation: [1.1149f,0.4282f,-0.7171f,0.186f,0.6679f,-0.7836f,0.1683f,-1.1868f,-0.6586f,-0.535f,-0.7077f,1.1492f,0f,0f,0f,1f],start_interpolation: 0,interpolation_duration: 1}
$data merge entity $(bone_guide51) {transformation: [-0.4987f,0.131f,-1.2942f,-0.0224f,0.6318f,-0.6383f,-0.5309f,-1.2235f,-0.5935f,-0.7856f,0.5014f,1.2311f,0f,0f,0f,1f],start_interpolation: 0,interpolation_duration: 1}
$data merge entity $(bone_guide52) {transformation: [0.8699f,0.1957f,-1.0704f,0.113f,0.7342f,-0.7146f,0.1966f,-1.0685f,-0.783f,-0.7021f,-0.3388f,1.2185f,0f,0f,0f,1f],start_interpolation: 0,interpolation_duration: 1}
$data merge entity $(bone_guide38) {transformation: [1.1129f,0.3982f,-0.7373f,0.1874f,0.6873f,-0.7462f,0.2433f,-1.1025f,-0.6324f,-0.6128f,-0.6673f,1.2948f,0f,0f,0f,1f],start_interpolation: 0,interpolation_duration: 1}
$data merge entity $(bone_guide34) {transformation: [1.1149f,0.4282f,-0.7171f,0.2117f,0.6679f,-0.7836f,0.1683f,-1.1263f,-0.6586f,-0.535f,-0.7077f,1.2407f,0f,0f,0f,1f],start_interpolation: 0,interpolation_duration: 1}
$data merge entity $(bone_guide20) {transformation: [0.4872f,-0.0147f,1.3051f,0.0413f,-0.4671f,-0.8494f,0.3857f,-1.4038f,0.7379f,-0.5277f,-0.6307f,0.9364f,0f,0f,0f,1f],start_interpolation: 0,interpolation_duration: 1}
$data merge entity $(bone_guide97) {transformation: [-0.5076f,0.0145f,-1.2973f,-0.5524f,0.4608f,-0.8404f,-0.412f,-1.5858f,-0.7281f,-0.5419f,0.6302f,1.2241f,0f,0f,0f,1f],start_interpolation: 0,interpolation_duration: 1}
$data merge entity $(item_display_blade) {transformation: [0f,0f,0f,-0.375f,0f,0f,0f,-1.3437f,0f,0f,0f,0f,0f,0f,0f,1f],start_interpolation: 0,interpolation_duration: 1}