# This file was generated by Animated Java via MC-Build. It is not recommended to edit this file directly.
$data merge entity $(bone_head) {transformation: [-0.839f,-0.0398f,-0.5427f,-0.132f,-0.1204f,0.9862f,0.1138f,-1f,0.5306f,0.1608f,-0.8322f,1.6969f,0f,0f,0f,1f],start_interpolation: -1,interpolation_duration: 0}
$data merge entity $(bone_10) {transformation: [-0.8795f,-0.0415f,-0.4741f,-0.0852f,0f,0.9962f,-0.0872f,-1.3145f,0.4759f,-0.0767f,-0.8761f,1.7176f,0f,0f,0f,1f],start_interpolation: 0,interpolation_duration: 1}
$data merge entity $(bone_9) {transformation: [-0.8886f,0.2032f,-0.4358f,-0.324f,0f,0.9157f,0.427f,-2.3907f,0.4809f,0.3756f,-0.8054f,1.2762f,0f,0f,0f,1f],start_interpolation: 0,interpolation_duration: 1}
$data merge entity $(bone_bone14) {transformation: [-0.7863f,0.1181f,-0.6064f,-0.9698f,0.149f,0.9888f,-0.0006f,-1.3873f,0.5996f,-0.0908f,-0.7952f,1.9273f,0f,0f,0f,1f],start_interpolation: 0,interpolation_duration: 1}
$data merge entity $(bone_bone13) {transformation: [-0.8328f,0.4424f,-0.5332f,-0.8329f,0.4515f,0.9789f,0.1069f,-1.7278f,0.5255f,-0.1401f,-0.9369f,1.7925f,0f,0f,0f,1f],start_interpolation: 0,interpolation_duration: 1}
$data merge entity $(bone_bone16) {transformation: [-0.7013f,0.1588f,-0.6949f,-0.9894f,0.1744f,0.9835f,0.0487f,-0.8867f,0.6912f,-0.0871f,-0.7174f,1.9563f,0f,0f,0f,1f],start_interpolation: 0,interpolation_duration: 1}
$data merge entity $(bone_bone15) {transformation: [-1.0937f,1.0099f,-0.5392f,-1.0984f,0.9844f,1.2103f,0.2701f,-1.3074f,0.5845f,-0.1486f,-1.464f,1.7837f,0f,0f,0f,1f],start_interpolation: 0,interpolation_duration: 1}
$data merge entity $(bone_bone18) {transformation: [-0.5896f,0.5095f,-0.6267f,-0.8207f,0.1295f,0.8256f,0.5493f,-0.2108f,0.7972f,0.2427f,-0.5527f,2.2948f,0f,0f,0f,1f],start_interpolation: 0,interpolation_duration: 1}
$data merge entity $(bone_bone17) {transformation: [-0.3024f,1.0807f,0.0786f,-1.0514f,0.8743f,0.1952f,0.6805f,-0.5916f,0.6401f,0.244f,-0.8924f,1.9644f,0f,0f,0f,1f],start_interpolation: 0,interpolation_duration: 1}
$data merge entity $(bone_bone19) {transformation: [-0.4361f,0.7883f,-0.4341f,-0.7434f,0.8664f,0.4981f,0.034f,-1.0472f,0.2431f,-0.3613f,-0.9002f,1.8379f,0f,0f,0f,1f],start_interpolation: 0,interpolation_duration: 1}
$data merge entity $(bone_bone20) {transformation: [-0.8436f,-0.2133f,-0.4928f,-0.8932f,-0.3649f,0.901f,0.2345f,-1.5354f,0.394f,0.3776f,-0.8379f,1.7909f,0f,0f,0f,1f],start_interpolation: 0,interpolation_duration: 1}
$data merge entity $(item_display_item_display) {transformation: [-0.7323f,-0.6281f,0.2633f,0.0031f,-0.4708f,0.1875f,-0.8621f,-0.8846f,0.4921f,-0.7552f,-0.433f,1.7603f,0f,0f,0f,1f],start_interpolation: 0,interpolation_duration: 1}
$data merge entity $(bone_2) {transformation: [-0.2633f,-0.9619f,-0.0737f,-0.2766f,0.8621f,-0.2003f,-0.4655f,-1.1819f,0.433f,-0.1861f,0.882f,2.1823f,0f,0f,0f,1f],start_interpolation: 0,interpolation_duration: 1}
$data merge entity $(bone_bone5) {transformation: [-0.724f,-0.5934f,-0.3517f,-0.4872f,0.2832f,0.2092f,-0.936f,-1.0963f,0.629f,-0.7773f,0.0166f,1.8837f,0f,0f,0f,1f],start_interpolation: 0,interpolation_duration: 1}
$data merge entity $(bone_bone6) {transformation: [0.3517f,-0.5934f,-0.724f,-0.4872f,0.936f,0.2092f,0.2832f,-1.0963f,-0.0166f,-0.7773f,0.629f,1.8837f,0f,0f,0f,1f],start_interpolation: 0,interpolation_duration: 1}
$data merge entity $(bone_bone7) {transformation: [-0.2633f,-0.5934f,-0.7606f,-0.4253f,0.8621f,0.2092f,-0.4616f,-0.9739f,0.433f,-0.7773f,0.4565f,2.1106f,0f,0f,0f,1f],start_interpolation: 0,interpolation_duration: 1}
$data merge entity $(bone_bone8) {transformation: [0.7606f,-0.5934f,-0.2633f,-0.2333f,0.4616f,0.2092f,0.8621f,-1.049f,-0.4565f,-0.7773f,0.433f,1.9439f,0f,0f,0f,1f],start_interpolation: 0,interpolation_duration: 1}
$data merge entity $(bone_bone9) {transformation: [0.7606f,-0.5934f,-0.2633f,-0.5186f,0.4616f,0.2092f,0.8621f,-1.2221f,-0.4565f,-0.7773f,0.433f,2.1151f,0f,0f,0f,1f],start_interpolation: 0,interpolation_duration: 1}
$data merge entity $(bone_1) {transformation: [-0.2633f,-0.5934f,-0.7606f,-0.4687f,0.8621f,0.2092f,-0.4616f,-1.1028f,0.433f,-0.7773f,0.4565f,1.908f,0f,0f,0f,1f],start_interpolation: 0,interpolation_duration: 1}
$data merge entity $(bone_4) {transformation: [-0.9166f,-0.3983f,0.0335f,0.2967f,-0.3734f,0.8232f,-0.4277f,-1.3051f,0.1428f,-0.4045f,-0.9033f,1.387f,0f,0f,0f,1f],start_interpolation: 0,interpolation_duration: 1}
$data merge entity $(bone_bone1) {transformation: [-0.9828f,-0.1293f,-0.0081f,0.4943f,-0.1803f,0.6769f,-0.1803f,-0.9252f,0.0412f,-0.123f,-0.9836f,1.4603f,0f,0f,0f,1f],start_interpolation: 0,interpolation_duration: 1}
$data merge entity $(bone_3) {transformation: [-0.9166f,-0.3053f,-0.258f,0.1983f,-0.3734f,0.8845f,0.2797f,-1.0142f,0.1428f,0.3527f,-0.9248f,1.516f,0f,0f,0f,1f],start_interpolation: 0,interpolation_duration: 1}
$data merge entity $(bone_6) {transformation: [-0.8799f,0.3728f,-0.2947f,-0.1944f,0.1015f,0.7532f,0.6499f,-1.9977f,0.4642f,0.5419f,-0.7006f,1.8488f,0f,0f,0f,1f],start_interpolation: 0,interpolation_duration: 1}
$data merge entity $(bone_5) {transformation: [-0.8799f,0.0758f,-0.4691f,-0.1769f,0.1015f,0.9944f,-0.0297f,-1.6719f,0.4642f,-0.0737f,-0.8826f,1.8108f,0f,0f,0f,1f],start_interpolation: 0,interpolation_duration: 1}
$data merge entity $(bone_8) {transformation: [-0.7444f,0.0925f,-0.6613f,0.1364f,-0.075f,0.9725f,0.2205f,-1.9718f,0.6635f,0.2137f,-0.717f,1.7654f,0f,0f,0f,1f],start_interpolation: 0,interpolation_duration: 1}
$data merge entity $(bone_7) {transformation: [-0.7444f,-0.2506f,-0.6189f,0.0449f,-0.075f,0.9524f,-0.2953f,-1.6737f,0.6635f,-0.1734f,-0.7278f,1.6965f,0f,0f,0f,1f],start_interpolation: 0,interpolation_duration: 1}
$data merge entity $(bone_guide13) {transformation: [0.4866f,0.0278f,1.3051f,0.1042f,-0.3913f,-0.8869f,0.3857f,-0.8738f,0.7811f,-0.4614f,-0.6307f,1.3169f,0f,0f,0f,1f],start_interpolation: 0,interpolation_duration: 1}
$data merge entity $(bone_guide9) {transformation: [1.0618f,-0.4636f,0.7736f,-0.5224f,-0.4722f,-0.7195f,0.5897f,-1.7144f,0.0034f,-0.5792f,-0.9409f,1.198f,0f,0f,0f,1f],start_interpolation: 0,interpolation_duration: 1}
$data merge entity $(bone_guide10) {transformation: [0.7936f,-0.3188f,1.0996f,-0.572f,-0.6669f,-0.5499f,0.5842f,-1.8444f,0.177f,-0.7754f,-0.767f,1.0915f,0f,0f,0f,1f],start_interpolation: 0,interpolation_duration: 1}
$data merge entity $(bone_guide18) {transformation: [0.4642f,-0.1643f,1.3032f,0.0757f,-0.6997f,-0.6708f,0.3859f,-1.4168f,0.5432f,-0.7234f,-0.6344f,0.9925f,0f,0f,0f,1f],start_interpolation: 0,interpolation_duration: 1}
$data merge entity $(bone_guide21) {transformation: [0.4767f,-0.1232f,1.3032f,-0.089f,-0.6386f,-0.7292f,0.3859f,-1.9046f,0.6042f,-0.6733f,-0.6344f,0.4555f,0f,0f,0f,1f],start_interpolation: 0,interpolation_duration: 1}
$data merge entity $(bone_guide22) {transformation: [0.4856f,-0.0812f,1.3032f,-0.1447f,-0.5726f,-0.7821f,0.3859f,-2.0325f,0.6606f,-0.618f,-0.6344f,0.371f,0f,0f,0f,1f],start_interpolation: 0,interpolation_duration: 1}
$data merge entity $(bone_guide23) {transformation: [0.8711f,-0.1046f,1.0821f,-0.6002f,-0.5745f,-0.549f,0.6759f,-1.9381f,0.2308f,-0.8335f,-0.6876f,0.9182f,0f,0f,0f,1f],start_interpolation: 0,interpolation_duration: 1}
$data merge entity $(bone_guide24) {transformation: [0.7622f,-0.2722f,1.1339f,-0.5689f,-0.6038f,-0.6927f,0.4939f,-2.0247f,0.3516f,-0.6756f,-0.8005f,0.7049f,0f,0f,0f,1f],start_interpolation: 0,interpolation_duration: 1}
$data merge entity $(bone_guide25) {transformation: [1.2743f,-0.4377f,0.3542f,-0.7148f,-0.2235f,-0.762f,0.6766f,-2.0823f,-0.2902f,-0.545f,-0.9163f,0.8134f,0f,0f,0f,1f],start_interpolation: 0,interpolation_duration: 1}
$data merge entity $(bone_guide26) {transformation: [1.3364f,-0.3841f,-0.0852f,-0.7942f,0.02f,-0.8233f,0.6405f,-2.1334f,-0.5353f,-0.491f,-0.8326f,0.9519f,0f,0f,0f,1f],start_interpolation: 0,interpolation_duration: 1}
$data merge entity $(bone_guide27) {transformation: [1.325f,-0.39f,0.1815f,-0.7268f,-0.1035f,-0.7643f,0.7025f,-1.9619f,-0.3905f,-0.5617f,-0.8676f,1.0098f,0f,0f,0f,1f],start_interpolation: 0,interpolation_duration: 1}
$data merge entity $(bone_guide28) {transformation: [1.3305f,-0.4104f,-0.0451f,-0.6918f,-0.0248f,-0.8495f,0.6051f,-1.9659f,-0.509f,-0.4437f,-0.8746f,1.0795f,0f,0f,0f,1f],start_interpolation: 0,interpolation_duration: 1}
$data merge entity $(bone_guide29) {transformation: [1.3305f,-0.412f,0.0269f,-0.6056f,-0.0248f,-0.7315f,0.7434f,-1.8766f,-0.509f,-0.5888f,-0.7842f,1.2024f,0f,0f,0f,1f],start_interpolation: 0,interpolation_duration: 1}
$data merge entity $(bone_guide30) {transformation: [1.3453f,-0.2947f,-0.2099f,-0.583f,0.1411f,-0.8003f,0.6543f,-1.7033f,-0.5786f,-0.5512f,-0.763f,1.3586f,0f,0f,0f,1f],start_interpolation: 0,interpolation_duration: 1}
$data merge entity $(bone_guide46) {transformation: [0.4642f,-0.1643f,1.3032f,0.0288f,-0.6997f,-0.6708f,0.3859f,-1.5726f,0.5432f,-0.7234f,-0.6344f,0.797f,0f,0f,0f,1f],start_interpolation: 0,interpolation_duration: 1}
$data merge entity $(bone_guide94) {transformation: [-0.4845f,-0.1351f,-1.2991f,-0.5649f,0.6934f,-0.6618f,-0.4118f,-1.7546f,-0.5334f,-0.7375f,0.6264f,1.0847f,0f,0f,0f,1f],start_interpolation: 0,interpolation_duration: 1}
$data merge entity $(bone_guide15) {transformation: [-0.15f,-0.0356f,-1.3846f,-0.1216f,0.7915f,-0.6202f,-0.2781f,-1.8876f,-0.6482f,-0.7902f,0.4197f,0.4882f,0f,0f,0f,1f],start_interpolation: 0,interpolation_duration: 1}
$data merge entity $(bone_guide19) {transformation: [0.7523f,0.1752f,-1.1594f,0.0578f,0.8447f,-0.5742f,0.2126f,-1.8455f,-0.6917f,-0.842f,-0.1829f,0.439f,0f,0f,0f,1f],start_interpolation: 0,interpolation_duration: 1}
$data merge entity $(bone_guide43) {transformation: [1.0748f,0.2158f,-0.8597f,0.2224f,0.7191f,-0.6394f,0.4031f,-1.8218f,-0.633f,-0.7817f,-0.4573f,0.4593f,0f,0f,0f,1f],start_interpolation: 0,interpolation_duration: 1}
$data merge entity $(bone_guide44) {transformation: [0.9064f,0.14f,-1.0486f,0.1516f,0.7876f,-0.6018f,0.3254f,-1.6927f,-0.6907f,-0.8186f,-0.2717f,0.5842f,0f,0f,0f,1f],start_interpolation: 0,interpolation_duration: 1}
$data merge entity $(bone_guide45) {transformation: [0.0067f,-0.3017f,-1.36f,0.0098f,0.8436f,-0.6095f,-0.0727f,-1.7511f,-0.6561f,-0.738f,0.4957f,0.6226f,0f,0f,0f,1f],start_interpolation: 0,interpolation_duration: 1}
$data merge entity $(bone_guide47) {transformation: [1.032f,0.2757f,-0.8943f,0.1866f,0.749f,-0.6392f,0.3448f,-1.6967f,-0.6357f,-0.7761f,-0.4631f,0.6539f,0f,0f,0f,1f],start_interpolation: 0,interpolation_duration: 1}
$data merge entity $(bone_guide48) {transformation: [-0.0358f,-0.1507f,-1.3845f,0.0787f,0.8992f,-0.4983f,-0.1773f,-1.6449f,-0.5441f,-0.8568f,0.4366f,0.7762f,0f,0f,0f,1f],start_interpolation: 0,interpolation_duration: 1}
$data merge entity $(bone_guide42) {transformation: [0.3161f,0.1437f,-1.3491f,0.0713f,0.8946f,-0.5333f,-0.061f,-1.5324f,-0.671f,-0.8735f,0.0876f,0.9103f,0f,0f,0f,1f],start_interpolation: 0,interpolation_duration: 1}
$data merge entity $(bone_guide41) {transformation: [1.1667f,0.1161f,-0.7523f,0.214f,0.6289f,-0.6743f,0.488f,-1.459f,-0.6385f,-0.7503f,-0.5002f,0.9725f,0f,0f,0f,1f],start_interpolation: 0,interpolation_duration: 1}
$data merge entity $(bone_guide40) {transformation: [1.032f,0.1162f,-0.9286f,0.1915f,0.749f,-0.5696f,0.4506f,-1.6323f,-0.6357f,-0.8447f,-0.3213f,0.8163f,0f,0f,0f,1f],start_interpolation: 0,interpolation_duration: 1}
$data merge entity $(bone_guide91) {transformation: [-0.4845f,-0.1351f,-1.2991f,-0.6119f,0.6934f,-0.6618f,-0.4118f,-1.9105f,-0.5334f,-0.7375f,0.6264f,0.8892f,0f,0f,0f,1f],start_interpolation: 0,interpolation_duration: 1}
$data merge entity $(bone_guide61) {transformation: [-0.4845f,-0.1351f,-1.2991f,-0.518f,0.6934f,-0.6618f,-0.4118f,-1.5988f,-0.5334f,-0.7375f,0.6264f,1.2802f,0f,0f,0f,1f],start_interpolation: 0,interpolation_duration: 1}
$data merge entity $(bone_guide90) {transformation: [-0.4944f,-0.0923f,-1.2991f,-0.6014f,0.6331f,-0.7197f,-0.4118f,-2.0616f,-0.5956f,-0.6882f,0.6264f,0.7037f,0f,0f,0f,1f],start_interpolation: 0,interpolation_duration: 1}
$data merge entity $(bone_guide92) {transformation: [-0.5006f,-0.0489f,-1.2991f,-0.5758f,0.568f,-0.7722f,-0.4118f,-2.1647f,-0.6533f,-0.6337f,0.6264f,0.5799f,0f,0f,0f,1f],start_interpolation: 0,interpolation_duration: 1}
$data merge entity $(bone_guide93) {transformation: [0.4642f,-0.1643f,1.3032f,-0.0182f,-0.6997f,-0.6708f,0.3859f,-1.7285f,0.5432f,-0.7234f,-0.6344f,0.6016f,0f,0f,0f,1f],start_interpolation: 0,interpolation_duration: 1}
$data merge entity $(bone_guide57) {transformation: [-0.5076f,0.0145f,-1.2973f,-0.4127f,0.4608f,-0.8404f,-0.412f,-1.1295f,-0.7281f,-0.5419f,0.6302f,1.4823f,0f,0f,0f,1f],start_interpolation: 0,interpolation_duration: 1}
$data merge entity $(bone_guide58) {transformation: [-0.5044f,0.0587f,-1.2973f,-0.5464f,0.3858f,-0.8774f,-0.412f,-1.0733f,-0.7725f,-0.4764f,0.6302f,1.6321f,0f,0f,0f,1f],start_interpolation: 0,interpolation_duration: 1}
$data merge entity $(bone_guide17) {transformation: [0.4872f,-0.0147f,1.3051f,0.0192f,-0.4671f,-0.8494f,0.3857f,-1.2201f,0.7379f,-0.5277f,-0.6307f,1.0896f,0f,0f,0f,1f],start_interpolation: 0,interpolation_duration: 1}
$data merge entity $(bone_guide89) {transformation: [-0.5076f,0.0145f,-1.2973f,-0.5094f,0.4608f,-0.8404f,-0.412f,-1.3821f,-0.7281f,-0.5419f,0.6302f,1.3457f,0f,0f,0f,1f],start_interpolation: 0,interpolation_duration: 1}
$data merge entity $(bone_guide11) {transformation: [0.4872f,-0.0147f,1.3051f,-0.0163f,-0.4671f,-0.8494f,0.3857f,-1.0769f,0.7379f,-0.5277f,-0.6307f,1.2184f,0f,0f,0f,1f],start_interpolation: 0,interpolation_duration: 1}
$data merge entity $(bone_guide60) {transformation: [-0.5076f,0.0145f,-1.2973f,-0.4636f,0.4608f,-0.8404f,-0.412f,-1.2141f,-0.7281f,-0.5419f,0.6302f,1.4351f,0f,0f,0f,1f],start_interpolation: 0,interpolation_duration: 1}
$data merge entity $(bone_guide12) {transformation: [0.4872f,-0.0147f,1.3051f,-0.0467f,-0.4671f,-0.8494f,0.3857f,-1.0173f,0.7379f,-0.5277f,-0.6307f,1.3049f,0f,0f,0f,1f],start_interpolation: 0,interpolation_duration: 1}
$data merge entity $(bone_guide5) {transformation: [1.3492f,-0.2812f,0.203f,-0.5344f,-0.054f,-0.8608f,0.5869f,-1.2682f,-0.2922f,-0.4711f,-0.9558f,1.5336f,0f,0f,0f,1f],start_interpolation: 0,interpolation_duration: 1}
$data merge entity $(bone_guide7) {transformation: [1.2926f,-0.237f,0.4623f,-0.5143f,-0.1432f,-0.849f,0.5891f,-1.5194f,-0.0935f,-0.5002f,-0.9808f,1.3046f,0f,0f,0f,1f],start_interpolation: 0,interpolation_duration: 1}
$data merge entity $(bone_guide6) {transformation: [0.4725f,-0.3446f,1.2644f,-0.3852f,-0.6398f,-0.7841f,0.2534f,-1.336f,0.6062f,-0.5552f,-0.7383f,1.4083f,0f,0f,0f,1f],start_interpolation: 0,interpolation_duration: 1}
$data merge entity $(bone_guide31) {transformation: [1.3696f,-0.1454f,-0.2093f,-0.5952f,0.1715f,-0.9472f,0.4023f,-1.539f,-0.5092f,-0.3359f,-0.9212f,1.4375f,0f,0f,0f,1f],start_interpolation: 0,interpolation_duration: 1}
$data merge entity $(bone_guide49) {transformation: [0.6551f,0.1467f,-1.2207f,0.055f,0.7403f,-0.7314f,0.0732f,-1.3449f,-0.8502f,-0.686f,-0.1653f,1.0287f,0f,0f,0f,1f],start_interpolation: 0,interpolation_duration: 1}
$data merge entity $(bone_guide50) {transformation: [1.1424f,0.2655f,-0.7517f,0.2018f,0.5986f,-0.8212f,0.236f,-1.2946f,-0.7079f,-0.535f,-0.6584f,1.0513f,0f,0f,0f,1f],start_interpolation: 0,interpolation_duration: 1}
$data merge entity $(bone_guide39) {transformation: [1.1149f,0.4282f,-0.7171f,0.1892f,0.6679f,-0.7836f,0.1683f,-1.1871f,-0.6586f,-0.535f,-0.7077f,1.1491f,0f,0f,0f,1f],start_interpolation: 0,interpolation_duration: 1}
$data merge entity $(bone_guide51) {transformation: [-0.4987f,0.131f,-1.2942f,-0.0192f,0.6318f,-0.6383f,-0.5309f,-1.2238f,-0.5935f,-0.7856f,0.5014f,1.231f,0f,0f,0f,1f],start_interpolation: 0,interpolation_duration: 1}
$data merge entity $(bone_guide52) {transformation: [0.8699f,0.1957f,-1.0704f,0.1163f,0.7342f,-0.7146f,0.1966f,-1.0688f,-0.783f,-0.7021f,-0.3388f,1.2183f,0f,0f,0f,1f],start_interpolation: 0,interpolation_duration: 1}
$data merge entity $(bone_guide38) {transformation: [1.1129f,0.3982f,-0.7373f,0.1907f,0.6873f,-0.7462f,0.2433f,-1.1027f,-0.6324f,-0.6128f,-0.6673f,1.2947f,0f,0f,0f,1f],start_interpolation: 0,interpolation_duration: 1}
$data merge entity $(bone_guide34) {transformation: [1.1149f,0.4282f,-0.7171f,0.215f,0.6679f,-0.7836f,0.1683f,-1.1265f,-0.6586f,-0.535f,-0.7077f,1.2405f,0f,0f,0f,1f],start_interpolation: 0,interpolation_duration: 1}
$data merge entity $(bone_guide20) {transformation: [0.4872f,-0.0147f,1.3051f,0.0445f,-0.4671f,-0.8494f,0.3857f,-1.404f,0.7379f,-0.5277f,-0.6307f,0.9363f,0f,0f,0f,1f],start_interpolation: 0,interpolation_duration: 1}
$data merge entity $(bone_guide97) {transformation: [-0.5076f,0.0145f,-1.2973f,-0.5492f,0.4608f,-0.8404f,-0.412f,-1.586f,-0.7281f,-0.5419f,0.6302f,1.2239f,0f,0f,0f,1f],start_interpolation: 0,interpolation_duration: 1}
$data merge entity $(item_display_blade) {transformation: [0f,0f,0f,-0.374f,0f,0f,0f,-1.3378f,0f,0f,0f,0.003f,0f,0f,0f,1f],start_interpolation: 0,interpolation_duration: 1}