# This file was generated by Animated Java via MC-Build. It is not recommended to edit this file directly.
$data merge entity $(bone_head) {transformation: [-0.8124f,-0.0544f,-0.5805f,-0.1386f,-0.1296f,0.9876f,0.0889f,-1f,0.5685f,0.1474f,-0.8094f,1.7f,0f,0f,0f,1f],start_interpolation: 0,interpolation_duration: 1}
$data merge entity $(bone_10) {transformation: [-0.8637f,-0.0439f,-0.502f,-0.0902f,0f,0.9962f,-0.0872f,-1.3145f,0.5039f,-0.0753f,-0.8605f,1.7204f,0f,0f,0f,1f],start_interpolation: 0,interpolation_duration: 1}
$data merge entity $(bone_9) {transformation: [-0.8727f,0.2152f,-0.4615f,-0.3431f,0f,0.9157f,0.427f,-2.3907f,0.5092f,0.3688f,-0.791f,1.287f,0f,0f,0f,1f],start_interpolation: 0,interpolation_duration: 1}
$data merge entity $(bone_bone14) {transformation: [-0.7667f,0.1151f,-0.6316f,-0.9676f,0.149f,0.9888f,-0.0006f,-1.3873f,0.6245f,-0.0946f,-0.7753f,1.9584f,0f,0f,0f,1f],start_interpolation: 0,interpolation_duration: 1}
$data merge entity $(bone_bone13) {transformation: [-0.8155f,0.4376f,-0.563f,-0.8351f,0.4515f,0.9789f,0.1069f,-1.7278f,0.552f,-0.1542f,-0.9193f,1.8193f,0f,0f,0f,1f],start_interpolation: 0,interpolation_duration: 1}
$data merge entity $(bone_bone16) {transformation: [-0.6788f,0.1559f,-0.7176f,-0.9863f,0.1744f,0.9835f,0.0487f,-0.8867f,0.7133f,-0.0921f,-0.6947f,1.988f,0f,0f,0f,1f],start_interpolation: 0,interpolation_duration: 1}
$data merge entity $(bone_bone15) {transformation: [-1.0744f,1.0046f,-0.5859f,-1.1008f,0.9844f,1.2103f,0.2701f,-1.3074f,0.6193f,-0.181f,-1.4459f,1.819f,0f,0f,0f,1f],start_interpolation: 0,interpolation_duration: 1}
$data merge entity $(bone_bone18) {transformation: [-0.5637f,0.517f,-0.6442f,-0.8068f,0.1295f,0.8256f,0.5493f,-0.2108f,0.8158f,0.2262f,-0.5323f,2.3209f,0f,0f,0f,1f],start_interpolation: 0,interpolation_duration: 1}
$data merge entity $(bone_bone17) {transformation: [-0.2817f,1.088f,0.0499f,-1.048f,0.8743f,0.1952f,0.6805f,-0.5916f,0.6495f,0.2092f,-0.8944f,1.9981f,0f,0f,0f,1f],start_interpolation: 0,interpolation_duration: 1}
$data merge entity $(bone_bone19) {transformation: [-0.4281f,0.7762f,-0.4628f,-0.7442f,0.8664f,0.4981f,0.034f,-1.0472f,0.2569f,-0.3864f,-0.8858f,1.8617f,0f,0f,0f,1f],start_interpolation: 0,interpolation_duration: 1}
$data merge entity $(bone_bone20) {transformation: [-0.8305f,-0.2011f,-0.5195f,-0.8954f,-0.3649f,0.901f,0.2345f,-1.5354f,0.4209f,0.3843f,-0.8217f,1.8197f,0f,0f,0f,1f],start_interpolation: 0,interpolation_duration: 1}
$data merge entity $(item_display_item_display) {transformation: [-0.7161f,-0.652f,0.2492f,-0.0006f,-0.4708f,0.1875f,-0.8621f,-0.8846f,0.5153f,-0.7347f,-0.4412f,1.7603f,0f,0f,0f,1f],start_interpolation: 0,interpolation_duration: 1}
$data merge entity $(bone_2) {transformation: [-0.2492f,-0.9674f,-0.0453f,-0.2665f,0.8621f,-0.2003f,-0.4655f,-1.1819f,0.4412f,-0.1551f,0.8839f,2.1911f,0f,0f,0f,1f],start_interpolation: 0,interpolation_duration: 1}
$data merge entity $(bone_bone5) {transformation: [-0.7034f,-0.6181f,-0.351f,-0.4867f,0.2832f,0.2092f,-0.936f,-1.0963f,0.6519f,-0.7578f,0.0279f,1.8994f,0f,0f,0f,1f],start_interpolation: 0,interpolation_duration: 1}
$data merge entity $(bone_bone6) {transformation: [0.351f,-0.6181f,-0.7034f,-0.4867f,0.936f,0.2092f,0.2832f,-1.0963f,-0.0279f,-0.7578f,0.6519f,1.8994f,0f,0f,0f,1f],start_interpolation: 0,interpolation_duration: 1}
$data merge entity $(bone_bone7) {transformation: [-0.2492f,-0.6181f,-0.7456f,-0.4175f,0.8621f,0.2092f,-0.4616f,-0.9739f,0.4412f,-0.7578f,0.4807f,2.1242f,0f,0f,0f,1f],start_interpolation: 0,interpolation_duration: 1}
$data merge entity $(bone_bone8) {transformation: [0.7456f,-0.6181f,-0.2492f,-0.231f,0.4616f,0.2092f,0.8621f,-1.049f,-0.4807f,-0.7578f,0.4412f,1.9513f,0f,0f,0f,1f],start_interpolation: 0,interpolation_duration: 1}
$data merge entity $(bone_bone9) {transformation: [0.7456f,-0.6181f,-0.2492f,-0.5106f,0.4616f,0.2092f,0.8621f,-1.2221f,-0.4807f,-0.7578f,0.4412f,2.1316f,0f,0f,0f,1f],start_interpolation: 0,interpolation_duration: 1}
$data merge entity $(bone_1) {transformation: [-0.2492f,-0.6181f,-0.7456f,-0.4673f,0.8621f,0.2092f,-0.4616f,-1.1028f,0.4412f,-0.7578f,0.4807f,1.923f,0f,0f,0f,1f],start_interpolation: 0,interpolation_duration: 1}
$data merge entity $(bone_4) {transformation: [-0.9116f,-0.4111f,0.0044f,0.2809f,-0.3734f,0.8232f,-0.4277f,-1.3051f,0.1722f,-0.3915f,-0.9039f,1.3778f,0f,0f,0f,1f],start_interpolation: 0,interpolation_duration: 1}
$data merge entity $(bone_bone1) {transformation: [-0.9809f,-0.1332f,-0.0397f,0.4807f,-0.1803f,0.6769f,-0.1803f,-0.9252f,0.0727f,-0.1188f,-0.9828f,1.4447f,0f,0f,0f,1f],start_interpolation: 0,interpolation_duration: 1}
$data merge entity $(bone_3) {transformation: [-0.9116f,-0.2939f,-0.2876f,0.1867f,-0.3734f,0.8845f,0.2797f,-1.0142f,0.1722f,0.3623f,-0.916f,1.5098f,0f,0f,0f,1f],start_interpolation: 0,interpolation_duration: 1}
$data merge entity $(bone_6) {transformation: [-0.8645f,0.39f,-0.317f,-0.1951f,0.1015f,0.7532f,0.6499f,-1.9977f,0.4923f,0.5297f,-0.6907f,1.855f,0f,0f,0f,1f],start_interpolation: 0,interpolation_duration: 1}
$data merge entity $(bone_5) {transformation: [-0.8645f,0.0734f,-0.4972f,-0.1788f,0.1015f,0.9944f,-0.0297f,-1.6719f,0.4923f,-0.0761f,-0.8671f,1.8165f,0f,0f,0f,1f],start_interpolation: 0,interpolation_duration: 1}
$data merge entity $(bone_8) {transformation: [-0.7227f,0.0993f,-0.684f,0.1328f,-0.075f,0.9725f,0.2205f,-1.9718f,0.6871f,0.2107f,-0.6954f,1.7611f,0f,0f,0f,1f],start_interpolation: 0,interpolation_duration: 1}
$data merge entity $(bone_7) {transformation: [-0.7227f,-0.256f,-0.642f,0.0391f,-0.075f,0.9524f,-0.2953f,-1.6737f,0.6871f,-0.1652f,-0.7075f,1.6952f,0f,0f,0f,1f],start_interpolation: 0,interpolation_duration: 1}
$data merge entity $(bone_guide13) {transformation: [0.4866f,0.0278f,1.3051f,0.1107f,-0.3913f,-0.8869f,0.3857f,-0.8743f,0.7811f,-0.4614f,-0.6307f,1.3167f,0f,0f,0f,1f],start_interpolation: 0,interpolation_duration: 1}
$data merge entity $(bone_guide9) {transformation: [1.0618f,-0.4636f,0.7736f,-0.5159f,-0.4722f,-0.7195f,0.5897f,-1.7148f,0.0034f,-0.5792f,-0.9409f,1.1978f,0f,0f,0f,1f],start_interpolation: 0,interpolation_duration: 1}
$data merge entity $(bone_guide10) {transformation: [0.7936f,-0.3188f,1.0996f,-0.5655f,-0.6669f,-0.5499f,0.5842f,-1.8448f,0.177f,-0.7754f,-0.767f,1.0913f,0f,0f,0f,1f],start_interpolation: 0,interpolation_duration: 1}
$data merge entity $(bone_guide18) {transformation: [0.4642f,-0.1643f,1.3032f,0.0822f,-0.6997f,-0.6708f,0.3859f,-1.4173f,0.5432f,-0.7234f,-0.6344f,0.9923f,0f,0f,0f,1f],start_interpolation: 0,interpolation_duration: 1}
$data merge entity $(bone_guide21) {transformation: [0.4767f,-0.1232f,1.3032f,-0.0826f,-0.6386f,-0.7292f,0.3859f,-1.905f,0.6042f,-0.6733f,-0.6344f,0.4552f,0f,0f,0f,1f],start_interpolation: 0,interpolation_duration: 1}
$data merge entity $(bone_guide22) {transformation: [0.4856f,-0.0812f,1.3032f,-0.1383f,-0.5726f,-0.7821f,0.3859f,-2.033f,0.6606f,-0.618f,-0.6344f,0.3708f,0f,0f,0f,1f],start_interpolation: 0,interpolation_duration: 1}
$data merge entity $(bone_guide23) {transformation: [0.8711f,-0.1046f,1.0821f,-0.5937f,-0.5745f,-0.549f,0.6759f,-1.9386f,0.2308f,-0.8335f,-0.6876f,0.918f,0f,0f,0f,1f],start_interpolation: 0,interpolation_duration: 1}
$data merge entity $(bone_guide24) {transformation: [0.7622f,-0.2722f,1.1339f,-0.5625f,-0.6038f,-0.6927f,0.4939f,-2.0251f,0.3516f,-0.6756f,-0.8005f,0.7047f,0f,0f,0f,1f],start_interpolation: 0,interpolation_duration: 1}
$data merge entity $(bone_guide25) {transformation: [1.2743f,-0.4377f,0.3542f,-0.7084f,-0.2235f,-0.762f,0.6766f,-2.0828f,-0.2902f,-0.545f,-0.9163f,0.8132f,0f,0f,0f,1f],start_interpolation: 0,interpolation_duration: 1}
$data merge entity $(bone_guide26) {transformation: [1.3364f,-0.3841f,-0.0852f,-0.7877f,0.02f,-0.8233f,0.6405f,-2.1339f,-0.5353f,-0.491f,-0.8326f,0.9516f,0f,0f,0f,1f],start_interpolation: 0,interpolation_duration: 1}
$data merge entity $(bone_guide27) {transformation: [1.325f,-0.39f,0.1815f,-0.7203f,-0.1035f,-0.7643f,0.7025f,-1.9624f,-0.3905f,-0.5617f,-0.8676f,1.0096f,0f,0f,0f,1f],start_interpolation: 0,interpolation_duration: 1}
$data merge entity $(bone_guide28) {transformation: [1.3305f,-0.4104f,-0.0451f,-0.6853f,-0.0248f,-0.8495f,0.6051f,-1.9664f,-0.509f,-0.4437f,-0.8746f,1.0793f,0f,0f,0f,1f],start_interpolation: 0,interpolation_duration: 1}
$data merge entity $(bone_guide29) {transformation: [1.3305f,-0.412f,0.0269f,-0.5991f,-0.0248f,-0.7315f,0.7434f,-1.8771f,-0.509f,-0.5888f,-0.7842f,1.2022f,0f,0f,0f,1f],start_interpolation: 0,interpolation_duration: 1}
$data merge entity $(bone_guide30) {transformation: [1.3453f,-0.2947f,-0.2099f,-0.5766f,0.1411f,-0.8003f,0.6543f,-1.7038f,-0.5786f,-0.5512f,-0.763f,1.3584f,0f,0f,0f,1f],start_interpolation: 0,interpolation_duration: 1}
$data merge entity $(bone_guide46) {transformation: [0.4642f,-0.1643f,1.3032f,0.0352f,-0.6997f,-0.6708f,0.3859f,-1.5731f,0.5432f,-0.7234f,-0.6344f,0.7968f,0f,0f,0f,1f],start_interpolation: 0,interpolation_duration: 1}
$data merge entity $(bone_guide94) {transformation: [-0.4845f,-0.1351f,-1.2991f,-0.5585f,0.6934f,-0.6618f,-0.4118f,-1.7551f,-0.5334f,-0.7375f,0.6264f,1.0845f,0f,0f,0f,1f],start_interpolation: 0,interpolation_duration: 1}
$data merge entity $(bone_guide15) {transformation: [-0.15f,-0.0356f,-1.3846f,-0.1151f,0.7915f,-0.6202f,-0.2781f,-1.888f,-0.6482f,-0.7902f,0.4197f,0.488f,0f,0f,0f,1f],start_interpolation: 0,interpolation_duration: 1}
$data merge entity $(bone_guide19) {transformation: [0.7523f,0.1752f,-1.1594f,0.0643f,0.8447f,-0.5742f,0.2126f,-1.8459f,-0.6917f,-0.842f,-0.1829f,0.4388f,0f,0f,0f,1f],start_interpolation: 0,interpolation_duration: 1}
$data merge entity $(bone_guide43) {transformation: [1.0748f,0.2158f,-0.8597f,0.2289f,0.7191f,-0.6394f,0.4031f,-1.8222f,-0.633f,-0.7817f,-0.4573f,0.4591f,0f,0f,0f,1f],start_interpolation: 0,interpolation_duration: 1}
$data merge entity $(bone_guide44) {transformation: [0.9064f,0.14f,-1.0486f,0.158f,0.7876f,-0.6018f,0.3254f,-1.6931f,-0.6907f,-0.8186f,-0.2717f,0.584f,0f,0f,0f,1f],start_interpolation: 0,interpolation_duration: 1}
$data merge entity $(bone_guide45) {transformation: [0.0067f,-0.3017f,-1.36f,0.0162f,0.8436f,-0.6095f,-0.0727f,-1.7516f,-0.6561f,-0.738f,0.4957f,0.6224f,0f,0f,0f,1f],start_interpolation: 0,interpolation_duration: 1}
$data merge entity $(bone_guide47) {transformation: [1.032f,0.2757f,-0.8943f,0.193f,0.749f,-0.6392f,0.3448f,-1.6971f,-0.6357f,-0.7761f,-0.4631f,0.6537f,0f,0f,0f,1f],start_interpolation: 0,interpolation_duration: 1}
$data merge entity $(bone_guide48) {transformation: [-0.0358f,-0.1507f,-1.3845f,0.0851f,0.8992f,-0.4983f,-0.1773f,-1.6454f,-0.5441f,-0.8568f,0.4366f,0.776f,0f,0f,0f,1f],start_interpolation: 0,interpolation_duration: 1}
$data merge entity $(bone_guide42) {transformation: [0.3161f,0.1437f,-1.3491f,0.0778f,0.8946f,-0.5333f,-0.061f,-1.5328f,-0.671f,-0.8735f,0.0876f,0.9101f,0f,0f,0f,1f],start_interpolation: 0,interpolation_duration: 1}
$data merge entity $(bone_guide41) {transformation: [1.1667f,0.1161f,-0.7523f,0.2205f,0.6289f,-0.6743f,0.488f,-1.4595f,-0.6385f,-0.7503f,-0.5002f,0.9722f,0f,0f,0f,1f],start_interpolation: 0,interpolation_duration: 1}
$data merge entity $(bone_guide40) {transformation: [1.032f,0.1162f,-0.9286f,0.1979f,0.749f,-0.5696f,0.4506f,-1.6328f,-0.6357f,-0.8447f,-0.3213f,0.816f,0f,0f,0f,1f],start_interpolation: 0,interpolation_duration: 1}
$data merge entity $(bone_guide91) {transformation: [-0.4845f,-0.1351f,-1.2991f,-0.6054f,0.6934f,-0.6618f,-0.4118f,-1.9109f,-0.5334f,-0.7375f,0.6264f,0.889f,0f,0f,0f,1f],start_interpolation: 0,interpolation_duration: 1}
$data merge entity $(bone_guide61) {transformation: [-0.4845f,-0.1351f,-1.2991f,-0.5115f,0.6934f,-0.6618f,-0.4118f,-1.5993f,-0.5334f,-0.7375f,0.6264f,1.28f,0f,0f,0f,1f],start_interpolation: 0,interpolation_duration: 1}
$data merge entity $(bone_guide90) {transformation: [-0.4944f,-0.0923f,-1.2991f,-0.5949f,0.6331f,-0.7197f,-0.4118f,-2.0621f,-0.5956f,-0.6882f,0.6264f,0.7035f,0f,0f,0f,1f],start_interpolation: 0,interpolation_duration: 1}
$data merge entity $(bone_guide92) {transformation: [-0.5006f,-0.0489f,-1.2991f,-0.5693f,0.568f,-0.7722f,-0.4118f,-2.1651f,-0.6533f,-0.6337f,0.6264f,0.5797f,0f,0f,0f,1f],start_interpolation: 0,interpolation_duration: 1}
$data merge entity $(bone_guide93) {transformation: [0.4642f,-0.1643f,1.3032f,-0.0117f,-0.6997f,-0.6708f,0.3859f,-1.7289f,0.5432f,-0.7234f,-0.6344f,0.6013f,0f,0f,0f,1f],start_interpolation: 0,interpolation_duration: 1}
$data merge entity $(bone_guide57) {transformation: [-0.5076f,0.0145f,-1.2973f,-0.4062f,0.4608f,-0.8404f,-0.412f,-1.13f,-0.7281f,-0.5419f,0.6302f,1.482f,0f,0f,0f,1f],start_interpolation: 0,interpolation_duration: 1}
$data merge entity $(bone_guide58) {transformation: [-0.5044f,0.0587f,-1.2973f,-0.5399f,0.3858f,-0.8774f,-0.412f,-1.0737f,-0.7725f,-0.4764f,0.6302f,1.6319f,0f,0f,0f,1f],start_interpolation: 0,interpolation_duration: 1}
$data merge entity $(bone_guide17) {transformation: [0.4872f,-0.0147f,1.3051f,0.0257f,-0.4671f,-0.8494f,0.3857f,-1.2205f,0.7379f,-0.5277f,-0.6307f,1.0894f,0f,0f,0f,1f],start_interpolation: 0,interpolation_duration: 1}
$data merge entity $(bone_guide89) {transformation: [-0.5076f,0.0145f,-1.2973f,-0.503f,0.4608f,-0.8404f,-0.412f,-1.3826f,-0.7281f,-0.5419f,0.6302f,1.3455f,0f,0f,0f,1f],start_interpolation: 0,interpolation_duration: 1}
$data merge entity $(bone_guide11) {transformation: [0.4872f,-0.0147f,1.3051f,-0.0098f,-0.4671f,-0.8494f,0.3857f,-1.0774f,0.7379f,-0.5277f,-0.6307f,1.2182f,0f,0f,0f,1f],start_interpolation: 0,interpolation_duration: 1}
$data merge entity $(bone_guide60) {transformation: [-0.5076f,0.0145f,-1.2973f,-0.4572f,0.4608f,-0.8404f,-0.412f,-1.2145f,-0.7281f,-0.5419f,0.6302f,1.4349f,0f,0f,0f,1f],start_interpolation: 0,interpolation_duration: 1}
$data merge entity $(bone_guide12) {transformation: [0.4872f,-0.0147f,1.3051f,-0.0402f,-0.4671f,-0.8494f,0.3857f,-1.0178f,0.7379f,-0.5277f,-0.6307f,1.3047f,0f,0f,0f,1f],start_interpolation: 0,interpolation_duration: 1}
$data merge entity $(bone_guide5) {transformation: [1.3492f,-0.2812f,0.203f,-0.5279f,-0.054f,-0.8608f,0.5869f,-1.2687f,-0.2922f,-0.4711f,-0.9558f,1.5334f,0f,0f,0f,1f],start_interpolation: 0,interpolation_duration: 1}
$data merge entity $(bone_guide7) {transformation: [1.2926f,-0.237f,0.4623f,-0.5079f,-0.1432f,-0.849f,0.5891f,-1.5199f,-0.0935f,-0.5002f,-0.9808f,1.3043f,0f,0f,0f,1f],start_interpolation: 0,interpolation_duration: 1}
$data merge entity $(bone_guide6) {transformation: [0.4725f,-0.3446f,1.2644f,-0.3787f,-0.6398f,-0.7841f,0.2534f,-1.3364f,0.6062f,-0.5552f,-0.7383f,1.4081f,0f,0f,0f,1f],start_interpolation: 0,interpolation_duration: 1}
$data merge entity $(bone_guide31) {transformation: [1.3696f,-0.1454f,-0.2093f,-0.5888f,0.1715f,-0.9472f,0.4023f,-1.5394f,-0.5092f,-0.3359f,-0.9212f,1.4372f,0f,0f,0f,1f],start_interpolation: 0,interpolation_duration: 1}
$data merge entity $(bone_guide49) {transformation: [0.6551f,0.1467f,-1.2207f,0.0615f,0.7403f,-0.7314f,0.0732f,-1.3454f,-0.8502f,-0.686f,-0.1653f,1.0285f,0f,0f,0f,1f],start_interpolation: 0,interpolation_duration: 1}
$data merge entity $(bone_guide50) {transformation: [1.1424f,0.2655f,-0.7517f,0.2083f,0.5986f,-0.8212f,0.236f,-1.2951f,-0.7079f,-0.535f,-0.6584f,1.0511f,0f,0f,0f,1f],start_interpolation: 0,interpolation_duration: 1}
$data merge entity $(bone_guide39) {transformation: [1.1149f,0.4282f,-0.7171f,0.1957f,0.6679f,-0.7836f,0.1683f,-1.1875f,-0.6586f,-0.535f,-0.7077f,1.1489f,0f,0f,0f,1f],start_interpolation: 0,interpolation_duration: 1}
$data merge entity $(bone_guide51) {transformation: [-0.4987f,0.131f,-1.2942f,-0.0127f,0.6318f,-0.6383f,-0.5309f,-1.2242f,-0.5935f,-0.7856f,0.5014f,1.2308f,0f,0f,0f,1f],start_interpolation: 0,interpolation_duration: 1}
$data merge entity $(bone_guide52) {transformation: [0.8699f,0.1957f,-1.0704f,0.1227f,0.7342f,-0.7146f,0.1966f,-1.0692f,-0.783f,-0.7021f,-0.3388f,1.2181f,0f,0f,0f,1f],start_interpolation: 0,interpolation_duration: 1}
$data merge entity $(bone_guide38) {transformation: [1.1129f,0.3982f,-0.7373f,0.1971f,0.6873f,-0.7462f,0.2433f,-1.1032f,-0.6324f,-0.6128f,-0.6673f,1.2944f,0f,0f,0f,1f],start_interpolation: 0,interpolation_duration: 1}
$data merge entity $(bone_guide34) {transformation: [1.1149f,0.4282f,-0.7171f,0.2214f,0.6679f,-0.7836f,0.1683f,-1.1269f,-0.6586f,-0.535f,-0.7077f,1.2403f,0f,0f,0f,1f],start_interpolation: 0,interpolation_duration: 1}
$data merge entity $(bone_guide20) {transformation: [0.4872f,-0.0147f,1.3051f,0.051f,-0.4671f,-0.8494f,0.3857f,-1.4045f,0.7379f,-0.5277f,-0.6307f,0.9361f,0f,0f,0f,1f],start_interpolation: 0,interpolation_duration: 1}
$data merge entity $(bone_guide97) {transformation: [-0.5076f,0.0145f,-1.2973f,-0.5427f,0.4608f,-0.8404f,-0.412f,-1.5865f,-0.7281f,-0.5419f,0.6302f,1.2237f,0f,0f,0f,1f],start_interpolation: 0,interpolation_duration: 1}
$data merge entity $(item_display_blade) {transformation: [0f,0f,0f,-0.3728f,0f,0f,0f,-1.3307f,0f,0f,0f,0.0065f,0f,0f,0f,1f],start_interpolation: 0,interpolation_duration: 1}