# This file was generated by Animated Java via MC-Build. It is not recommended to edit this file directly.
$data merge entity $(bone_head) {transformation: [-0.7913f,-0.0662f,-0.6078f,-0.1435f,-0.1364f,0.9882f,0.07f,-1f,0.596f,0.1383f,-0.791f,1.7025f,0f,0f,0f,1f],start_interpolation: 0,interpolation_duration: 1}
$data merge entity $(bone_10) {transformation: [-0.8514f,-0.0457f,-0.5226f,-0.0939f,0f,0.9962f,-0.0872f,-1.3145f,0.5246f,-0.0742f,-0.8481f,1.7227f,0f,0f,0f,1f],start_interpolation: 0,interpolation_duration: 1}
$data merge entity $(bone_9) {transformation: [-0.8602f,0.224f,-0.4804f,-0.3571f,0f,0.9157f,0.427f,-2.3907f,0.53f,0.3635f,-0.7796f,1.2954f,0f,0f,0f,1f],start_interpolation: 0,interpolation_duration: 1}
$data merge entity $(bone_bone14) {transformation: [-0.7514f,0.1128f,-0.6501f,-0.9653f,0.149f,0.9888f,-0.0006f,-1.3873f,0.6428f,-0.0973f,-0.7598f,1.9817f,0f,0f,0f,1f],start_interpolation: 0,interpolation_duration: 1}
$data merge entity $(bone_bone13) {transformation: [-0.802f,0.4338f,-0.585f,-0.8362f,0.4515f,0.9789f,0.1069f,-1.7278f,0.5715f,-0.1647f,-0.9055f,1.8394f,0f,0f,0f,1f],start_interpolation: 0,interpolation_duration: 1}
$data merge entity $(bone_bone16) {transformation: [-0.6614f,0.1536f,-0.7341f,-0.9832f,0.1744f,0.9835f,0.0487f,-0.8867f,0.7295f,-0.0959f,-0.6773f,2.0118f,0f,0f,0f,1f],start_interpolation: 0,interpolation_duration: 1}
$data merge entity $(bone_bone15) {transformation: [-1.0592f,1f,-0.6206f,-1.1018f,0.9844f,1.2103f,0.2701f,-1.3074f,0.645f,-0.2051f,-1.4314f,1.8455f,0f,0f,0f,1f],start_interpolation: 0,interpolation_duration: 1}
$data merge entity $(bone_bone18) {transformation: [-0.5439f,0.5223f,-0.6568f,-0.7958f,0.1295f,0.8256f,0.5493f,-0.2108f,0.8291f,0.2137f,-0.5167f,2.3402f,0f,0f,0f,1f],start_interpolation: 0,interpolation_duration: 1}
$data merge entity $(bone_bone17) {transformation: [-0.266f,1.0927f,0.0283f,-1.0447f,0.8743f,0.1952f,0.6805f,-0.5916f,0.6561f,0.1829f,-0.8954f,2.0233f,0f,0f,0f,1f],start_interpolation: 0,interpolation_duration: 1}
$data merge entity $(bone_bone19) {transformation: [-0.4218f,0.7667f,-0.484f,-0.7443f,0.8664f,0.4981f,0.034f,-1.0472f,0.2672f,-0.405f,-0.8744f,1.8797f,0f,0f,0f,1f],start_interpolation: 0,interpolation_duration: 1}
$data merge entity $(bone_bone20) {transformation: [-0.8201f,-0.1918f,-0.5391f,-0.8965f,-0.3649f,0.901f,0.2345f,-1.5354f,0.4408f,0.389f,-0.8089f,1.8412f,0f,0f,0f,1f],start_interpolation: 0,interpolation_duration: 1}
$data merge entity $(item_display_item_display) {transformation: [-0.7035f,-0.6695f,0.2385f,-0.0034f,-0.4708f,0.1875f,-0.8621f,-0.8846f,0.5324f,-0.7188f,-0.4471f,1.7603f,0f,0f,0f,1f],start_interpolation: 0,interpolation_duration: 1}
$data merge entity $(bone_2) {transformation: [-0.2385f,-0.9708f,-0.024f,-0.2589f,0.8621f,-0.2003f,-0.4655f,-1.1819f,0.4471f,-0.1318f,0.8847f,2.1974f,0f,0f,0f,1f],start_interpolation: 0,interpolation_duration: 1}
$data merge entity $(bone_bone5) {transformation: [-0.6875f,-0.6361f,-0.3502f,-0.4859f,0.2832f,0.2092f,-0.936f,-1.0963f,0.6686f,-0.7427f,0.0364f,1.9111f,0f,0f,0f,1f],start_interpolation: 0,interpolation_duration: 1}
$data merge entity $(bone_bone6) {transformation: [0.3502f,-0.6361f,-0.6875f,-0.4859f,0.936f,0.2092f,0.2832f,-1.0963f,-0.0364f,-0.7427f,0.6686f,1.9111f,0f,0f,0f,1f],start_interpolation: 0,interpolation_duration: 1}
$data merge entity $(bone_bone7) {transformation: [-0.2385f,-0.6361f,-0.7338f,-0.4114f,0.8621f,0.2092f,-0.4616f,-0.9739f,0.4471f,-0.7427f,0.4985f,2.1342f,0f,0f,0f,1f],start_interpolation: 0,interpolation_duration: 1}
$data merge entity $(bone_bone8) {transformation: [0.7338f,-0.6361f,-0.2385f,-0.2291f,0.4616f,0.2092f,0.8621f,-1.049f,-0.4985f,-0.7427f,0.4471f,1.9569f,0f,0f,0f,1f],start_interpolation: 0,interpolation_duration: 1}
$data merge entity $(bone_bone9) {transformation: [0.7338f,-0.6361f,-0.2385f,-0.5042f,0.4616f,0.2092f,0.8621f,-1.2221f,-0.4985f,-0.7427f,0.4471f,2.1438f,0f,0f,0f,1f],start_interpolation: 0,interpolation_duration: 1}
$data merge entity $(bone_1) {transformation: [-0.2385f,-0.6361f,-0.7338f,-0.4661f,0.8621f,0.2092f,-0.4616f,-1.1028f,0.4471f,-0.7427f,0.4985f,1.9343f,0f,0f,0f,1f],start_interpolation: 0,interpolation_duration: 1}
$data merge entity $(bone_4) {transformation: [-0.9072f,-0.4204f,-0.0173f,0.2688f,-0.3734f,0.8232f,-0.4277f,-1.3051f,0.1941f,-0.3815f,-0.9038f,1.3711f,0f,0f,0f,1f],start_interpolation: 0,interpolation_duration: 1}
$data merge entity $(bone_bone1) {transformation: [-0.9789f,-0.136f,-0.0634f,0.4702f,-0.1803f,0.6769f,-0.1803f,-0.9252f,0.0963f,-0.1156f,-0.9816f,1.4332f,0f,0f,0f,1f],start_interpolation: 0,interpolation_duration: 1}
$data merge entity $(bone_3) {transformation: [-0.9072f,-0.285f,-0.3095f,0.1778f,-0.3734f,0.8845f,0.2797f,-1.0142f,0.1941f,0.3693f,-0.9088f,1.5054f,0f,0f,0f,1f],start_interpolation: 0,interpolation_duration: 1}
$data merge entity $(bone_6) {transformation: [-0.8524f,0.4026f,-0.3336f,-0.1956f,0.1015f,0.7532f,0.6499f,-1.9977f,0.5129f,0.5202f,-0.6829f,1.8598f,0f,0f,0f,1f],start_interpolation: 0,interpolation_duration: 1}
$data merge entity $(bone_5) {transformation: [-0.8524f,0.0715f,-0.518f,-0.1802f,0.1015f,0.9944f,-0.0297f,-1.6719f,0.5129f,-0.0779f,-0.8549f,1.8208f,0f,0f,0f,1f],start_interpolation: 0,interpolation_duration: 1}
$data merge entity $(bone_8) {transformation: [-0.7059f,0.1043f,-0.7005f,0.13f,-0.075f,0.9725f,0.2205f,-1.9718f,0.7043f,0.2082f,-0.6787f,1.7579f,0f,0f,0f,1f],start_interpolation: 0,interpolation_duration: 1}
$data merge entity $(bone_7) {transformation: [-0.7059f,-0.2599f,-0.6589f,0.0348f,-0.075f,0.9524f,-0.2953f,-1.6737f,0.7043f,-0.159f,-0.6919f,1.6943f,0f,0f,0f,1f],start_interpolation: 0,interpolation_duration: 1}
$data merge entity $(bone_guide13) {transformation: [0.4866f,0.0278f,1.3051f,0.1156f,-0.3913f,-0.8869f,0.3857f,-0.8746f,0.7811f,-0.4614f,-0.6307f,1.3165f,0f,0f,0f,1f],start_interpolation: 0,interpolation_duration: 1}
$data merge entity $(bone_guide9) {transformation: [1.0618f,-0.4636f,0.7736f,-0.5111f,-0.4722f,-0.7195f,0.5897f,-1.7152f,0.0034f,-0.5792f,-0.9409f,1.1976f,0f,0f,0f,1f],start_interpolation: 0,interpolation_duration: 1}
$data merge entity $(bone_guide10) {transformation: [0.7936f,-0.3188f,1.0996f,-0.5607f,-0.6669f,-0.5499f,0.5842f,-1.8452f,0.177f,-0.7754f,-0.767f,1.0911f,0f,0f,0f,1f],start_interpolation: 0,interpolation_duration: 1}
$data merge entity $(bone_guide18) {transformation: [0.4642f,-0.1643f,1.3032f,0.087f,-0.6997f,-0.6708f,0.3859f,-1.4176f,0.5432f,-0.7234f,-0.6344f,0.9921f,0f,0f,0f,1f],start_interpolation: 0,interpolation_duration: 1}
$data merge entity $(bone_guide21) {transformation: [0.4767f,-0.1232f,1.3032f,-0.0777f,-0.6386f,-0.7292f,0.3859f,-1.9054f,0.6042f,-0.6733f,-0.6344f,0.4551f,0f,0f,0f,1f],start_interpolation: 0,interpolation_duration: 1}
$data merge entity $(bone_guide22) {transformation: [0.4856f,-0.0812f,1.3032f,-0.1334f,-0.5726f,-0.7821f,0.3859f,-2.0334f,0.6606f,-0.618f,-0.6344f,0.3706f,0f,0f,0f,1f],start_interpolation: 0,interpolation_duration: 1}
$data merge entity $(bone_guide23) {transformation: [0.8711f,-0.1046f,1.0821f,-0.5889f,-0.5745f,-0.549f,0.6759f,-1.9389f,0.2308f,-0.8335f,-0.6876f,0.9178f,0f,0f,0f,1f],start_interpolation: 0,interpolation_duration: 1}
$data merge entity $(bone_guide24) {transformation: [0.7622f,-0.2722f,1.1339f,-0.5576f,-0.6038f,-0.6927f,0.4939f,-2.0255f,0.3516f,-0.6756f,-0.8005f,0.7045f,0f,0f,0f,1f],start_interpolation: 0,interpolation_duration: 1}
$data merge entity $(bone_guide25) {transformation: [1.2743f,-0.4377f,0.3542f,-0.7035f,-0.2235f,-0.762f,0.6766f,-2.0831f,-0.2902f,-0.545f,-0.9163f,0.813f,0f,0f,0f,1f],start_interpolation: 0,interpolation_duration: 1}
$data merge entity $(bone_guide26) {transformation: [1.3364f,-0.3841f,-0.0852f,-0.7829f,0.02f,-0.8233f,0.6405f,-2.1342f,-0.5353f,-0.491f,-0.8326f,0.9515f,0f,0f,0f,1f],start_interpolation: 0,interpolation_duration: 1}
$data merge entity $(bone_guide27) {transformation: [1.325f,-0.39f,0.1815f,-0.7155f,-0.1035f,-0.7643f,0.7025f,-1.9627f,-0.3905f,-0.5617f,-0.8676f,1.0094f,0f,0f,0f,1f],start_interpolation: 0,interpolation_duration: 1}
$data merge entity $(bone_guide28) {transformation: [1.3305f,-0.4104f,-0.0451f,-0.6805f,-0.0248f,-0.8495f,0.6051f,-1.9667f,-0.509f,-0.4437f,-0.8746f,1.0791f,0f,0f,0f,1f],start_interpolation: 0,interpolation_duration: 1}
$data merge entity $(bone_guide29) {transformation: [1.3305f,-0.412f,0.0269f,-0.5943f,-0.0248f,-0.7315f,0.7434f,-1.8774f,-0.509f,-0.5888f,-0.7842f,1.2021f,0f,0f,0f,1f],start_interpolation: 0,interpolation_duration: 1}
$data merge entity $(bone_guide30) {transformation: [1.3453f,-0.2947f,-0.2099f,-0.5717f,0.1411f,-0.8003f,0.6543f,-1.7041f,-0.5786f,-0.5512f,-0.763f,1.3583f,0f,0f,0f,1f],start_interpolation: 0,interpolation_duration: 1}
$data merge entity $(bone_guide46) {transformation: [0.4642f,-0.1643f,1.3032f,0.0401f,-0.6997f,-0.6708f,0.3859f,-1.5735f,0.5432f,-0.7234f,-0.6344f,0.7967f,0f,0f,0f,1f],start_interpolation: 0,interpolation_duration: 1}
$data merge entity $(bone_guide94) {transformation: [-0.4845f,-0.1351f,-1.2991f,-0.5536f,0.6934f,-0.6618f,-0.4118f,-1.7555f,-0.5334f,-0.7375f,0.6264f,1.0843f,0f,0f,0f,1f],start_interpolation: 0,interpolation_duration: 1}
$data merge entity $(bone_guide15) {transformation: [-0.15f,-0.0356f,-1.3846f,-0.1103f,0.7915f,-0.6202f,-0.2781f,-1.8884f,-0.6482f,-0.7902f,0.4197f,0.4878f,0f,0f,0f,1f],start_interpolation: 0,interpolation_duration: 1}
$data merge entity $(bone_guide19) {transformation: [0.7523f,0.1752f,-1.1594f,0.0691f,0.8447f,-0.5742f,0.2126f,-1.8463f,-0.6917f,-0.842f,-0.1829f,0.4386f,0f,0f,0f,1f],start_interpolation: 0,interpolation_duration: 1}
$data merge entity $(bone_guide43) {transformation: [1.0748f,0.2158f,-0.8597f,0.2338f,0.7191f,-0.6394f,0.4031f,-1.8226f,-0.633f,-0.7817f,-0.4573f,0.4589f,0f,0f,0f,1f],start_interpolation: 0,interpolation_duration: 1}
$data merge entity $(bone_guide44) {transformation: [0.9064f,0.14f,-1.0486f,0.1629f,0.7876f,-0.6018f,0.3254f,-1.6935f,-0.6907f,-0.8186f,-0.2717f,0.5838f,0f,0f,0f,1f],start_interpolation: 0,interpolation_duration: 1}
$data merge entity $(bone_guide45) {transformation: [0.0067f,-0.3017f,-1.36f,0.0211f,0.8436f,-0.6095f,-0.0727f,-1.7519f,-0.6561f,-0.738f,0.4957f,0.6223f,0f,0f,0f,1f],start_interpolation: 0,interpolation_duration: 1}
$data merge entity $(bone_guide47) {transformation: [1.032f,0.2757f,-0.8943f,0.1979f,0.749f,-0.6392f,0.3448f,-1.6975f,-0.6357f,-0.7761f,-0.4631f,0.6536f,0f,0f,0f,1f],start_interpolation: 0,interpolation_duration: 1}
$data merge entity $(bone_guide48) {transformation: [-0.0358f,-0.1507f,-1.3845f,0.09f,0.8992f,-0.4983f,-0.1773f,-1.6457f,-0.5441f,-0.8568f,0.4366f,0.7758f,0f,0f,0f,1f],start_interpolation: 0,interpolation_duration: 1}
$data merge entity $(bone_guide42) {transformation: [0.3161f,0.1437f,-1.3491f,0.0826f,0.8946f,-0.5333f,-0.061f,-1.5332f,-0.671f,-0.8735f,0.0876f,0.91f,0f,0f,0f,1f],start_interpolation: 0,interpolation_duration: 1}
$data merge entity $(bone_guide41) {transformation: [1.1667f,0.1161f,-0.7523f,0.2253f,0.6289f,-0.6743f,0.488f,-1.4598f,-0.6385f,-0.7503f,-0.5002f,0.9721f,0f,0f,0f,1f],start_interpolation: 0,interpolation_duration: 1}
$data merge entity $(bone_guide40) {transformation: [1.032f,0.1162f,-0.9286f,0.2028f,0.749f,-0.5696f,0.4506f,-1.6331f,-0.6357f,-0.8447f,-0.3213f,0.8159f,0f,0f,0f,1f],start_interpolation: 0,interpolation_duration: 1}
$data merge entity $(bone_guide91) {transformation: [-0.4845f,-0.1351f,-1.2991f,-0.6006f,0.6934f,-0.6618f,-0.4118f,-1.9113f,-0.5334f,-0.7375f,0.6264f,0.8888f,0f,0f,0f,1f],start_interpolation: 0,interpolation_duration: 1}
$data merge entity $(bone_guide61) {transformation: [-0.4845f,-0.1351f,-1.2991f,-0.5067f,0.6934f,-0.6618f,-0.4118f,-1.5996f,-0.5334f,-0.7375f,0.6264f,1.2798f,0f,0f,0f,1f],start_interpolation: 0,interpolation_duration: 1}
$data merge entity $(bone_guide90) {transformation: [-0.4944f,-0.0923f,-1.2991f,-0.5901f,0.6331f,-0.7197f,-0.4118f,-2.0624f,-0.5956f,-0.6882f,0.6264f,0.7033f,0f,0f,0f,1f],start_interpolation: 0,interpolation_duration: 1}
$data merge entity $(bone_guide92) {transformation: [-0.5006f,-0.0489f,-1.2991f,-0.5645f,0.568f,-0.7722f,-0.4118f,-2.1655f,-0.6533f,-0.6337f,0.6264f,0.5795f,0f,0f,0f,1f],start_interpolation: 0,interpolation_duration: 1}
$data merge entity $(bone_guide93) {transformation: [0.4642f,-0.1643f,1.3032f,-0.0069f,-0.6997f,-0.6708f,0.3859f,-1.7293f,0.5432f,-0.7234f,-0.6344f,0.6012f,0f,0f,0f,1f],start_interpolation: 0,interpolation_duration: 1}
$data merge entity $(bone_guide57) {transformation: [-0.5076f,0.0145f,-1.2973f,-0.4013f,0.4608f,-0.8404f,-0.412f,-1.1303f,-0.7281f,-0.5419f,0.6302f,1.4819f,0f,0f,0f,1f],start_interpolation: 0,interpolation_duration: 1}
$data merge entity $(bone_guide58) {transformation: [-0.5044f,0.0587f,-1.2973f,-0.5351f,0.3858f,-0.8774f,-0.412f,-1.0741f,-0.7725f,-0.4764f,0.6302f,1.6317f,0f,0f,0f,1f],start_interpolation: 0,interpolation_duration: 1}
$data merge entity $(bone_guide17) {transformation: [0.4872f,-0.0147f,1.3051f,0.0305f,-0.4671f,-0.8494f,0.3857f,-1.2209f,0.7379f,-0.5277f,-0.6307f,1.0892f,0f,0f,0f,1f],start_interpolation: 0,interpolation_duration: 1}
$data merge entity $(bone_guide89) {transformation: [-0.5076f,0.0145f,-1.2973f,-0.4981f,0.4608f,-0.8404f,-0.412f,-1.3829f,-0.7281f,-0.5419f,0.6302f,1.3454f,0f,0f,0f,1f],start_interpolation: 0,interpolation_duration: 1}
$data merge entity $(bone_guide11) {transformation: [0.4872f,-0.0147f,1.3051f,-0.005f,-0.4671f,-0.8494f,0.3857f,-1.0777f,0.7379f,-0.5277f,-0.6307f,1.218f,0f,0f,0f,1f],start_interpolation: 0,interpolation_duration: 1}
$data merge entity $(bone_guide60) {transformation: [-0.5076f,0.0145f,-1.2973f,-0.4523f,0.4608f,-0.8404f,-0.412f,-1.2149f,-0.7281f,-0.5419f,0.6302f,1.4347f,0f,0f,0f,1f],start_interpolation: 0,interpolation_duration: 1}
$data merge entity $(bone_guide12) {transformation: [0.4872f,-0.0147f,1.3051f,-0.0354f,-0.4671f,-0.8494f,0.3857f,-1.0182f,0.7379f,-0.5277f,-0.6307f,1.3045f,0f,0f,0f,1f],start_interpolation: 0,interpolation_duration: 1}
$data merge entity $(bone_guide5) {transformation: [1.3492f,-0.2812f,0.203f,-0.5231f,-0.054f,-0.8608f,0.5869f,-1.269f,-0.2922f,-0.4711f,-0.9558f,1.5332f,0f,0f,0f,1f],start_interpolation: 0,interpolation_duration: 1}
$data merge entity $(bone_guide7) {transformation: [1.2926f,-0.237f,0.4623f,-0.503f,-0.1432f,-0.849f,0.5891f,-1.5202f,-0.0935f,-0.5002f,-0.9808f,1.3042f,0f,0f,0f,1f],start_interpolation: 0,interpolation_duration: 1}
$data merge entity $(bone_guide6) {transformation: [0.4725f,-0.3446f,1.2644f,-0.3739f,-0.6398f,-0.7841f,0.2534f,-1.3368f,0.6062f,-0.5552f,-0.7383f,1.408f,0f,0f,0f,1f],start_interpolation: 0,interpolation_duration: 1}
$data merge entity $(bone_guide31) {transformation: [1.3696f,-0.1454f,-0.2093f,-0.5839f,0.1715f,-0.9472f,0.4023f,-1.5398f,-0.5092f,-0.3359f,-0.9212f,1.4371f,0f,0f,0f,1f],start_interpolation: 0,interpolation_duration: 1}
$data merge entity $(bone_guide49) {transformation: [0.6551f,0.1467f,-1.2207f,0.0663f,0.7403f,-0.7314f,0.0732f,-1.3457f,-0.8502f,-0.686f,-0.1653f,1.0283f,0f,0f,0f,1f],start_interpolation: 0,interpolation_duration: 1}
$data merge entity $(bone_guide50) {transformation: [1.1424f,0.2655f,-0.7517f,0.2131f,0.5986f,-0.8212f,0.236f,-1.2955f,-0.7079f,-0.535f,-0.6584f,1.0509f,0f,0f,0f,1f],start_interpolation: 0,interpolation_duration: 1}
$data merge entity $(bone_guide39) {transformation: [1.1149f,0.4282f,-0.7171f,0.2005f,0.6679f,-0.7836f,0.1683f,-1.1879f,-0.6586f,-0.535f,-0.7077f,1.1487f,0f,0f,0f,1f],start_interpolation: 0,interpolation_duration: 1}
$data merge entity $(bone_guide51) {transformation: [-0.4987f,0.131f,-1.2942f,-0.0079f,0.6318f,-0.6383f,-0.5309f,-1.2246f,-0.5935f,-0.7856f,0.5014f,1.2306f,0f,0f,0f,1f],start_interpolation: 0,interpolation_duration: 1}
$data merge entity $(bone_guide52) {transformation: [0.8699f,0.1957f,-1.0704f,0.1276f,0.7342f,-0.7146f,0.1966f,-1.0696f,-0.783f,-0.7021f,-0.3388f,1.218f,0f,0f,0f,1f],start_interpolation: 0,interpolation_duration: 1}
$data merge entity $(bone_guide38) {transformation: [1.1129f,0.3982f,-0.7373f,0.202f,0.6873f,-0.7462f,0.2433f,-1.1035f,-0.6324f,-0.6128f,-0.6673f,1.2943f,0f,0f,0f,1f],start_interpolation: 0,interpolation_duration: 1}
$data merge entity $(bone_guide34) {transformation: [1.1149f,0.4282f,-0.7171f,0.2263f,0.6679f,-0.7836f,0.1683f,-1.1273f,-0.6586f,-0.535f,-0.7077f,1.2402f,0f,0f,0f,1f],start_interpolation: 0,interpolation_duration: 1}
$data merge entity $(bone_guide20) {transformation: [0.4872f,-0.0147f,1.3051f,0.0558f,-0.4671f,-0.8494f,0.3857f,-1.4048f,0.7379f,-0.5277f,-0.6307f,0.9359f,0f,0f,0f,1f],start_interpolation: 0,interpolation_duration: 1}
$data merge entity $(bone_guide97) {transformation: [-0.5076f,0.0145f,-1.2973f,-0.5379f,0.4608f,-0.8404f,-0.412f,-1.5868f,-0.7281f,-0.5419f,0.6302f,1.2236f,0f,0f,0f,1f],start_interpolation: 0,interpolation_duration: 1}
$data merge entity $(item_display_blade) {transformation: [0f,0f,0f,-0.3715f,0f,0f,0f,-1.3225f,0f,0f,0f,0.0106f,0f,0f,0f,1f],start_interpolation: 0,interpolation_duration: 1}