# This file was generated by Animated Java via MC-Build. It is not recommended to edit this file directly.
$data merge entity $(bone_head) {transformation: [-0.7985f,-0.0622f,-0.5988f,-0.1419f,-0.1342f,0.988f,0.0763f,-1f,0.5869f,0.1412f,-0.7973f,1.7016f,0f,0f,0f,1f],start_interpolation: 0,interpolation_duration: 1}
$data merge entity $(bone_10) {transformation: [-0.8555f,-0.0451f,-0.5158f,-0.0926f,0f,0.9962f,-0.0872f,-1.3145f,0.5177f,-0.0746f,-0.8523f,1.7219f,0f,0f,0f,1f],start_interpolation: 0,interpolation_duration: 1}
$data merge entity $(bone_9) {transformation: [-0.8645f,0.2211f,-0.4741f,-0.3525f,0f,0.9157f,0.427f,-2.3907f,0.5231f,0.3653f,-0.7835f,1.2925f,0f,0f,0f,1f],start_interpolation: 0,interpolation_duration: 1}
$data merge entity $(bone_bone14) {transformation: [-0.7566f,0.1136f,-0.644f,-0.9661f,0.149f,0.9888f,-0.0006f,-1.3873f,0.6367f,-0.0964f,-0.765f,1.974f,0f,0f,0f,1f],start_interpolation: 0,interpolation_duration: 1}
$data merge entity $(bone_bone13) {transformation: [-0.8065f,0.4351f,-0.5777f,-0.8359f,0.4515f,0.9789f,0.1069f,-1.7278f,0.565f,-0.1612f,-0.9102f,1.8327f,0f,0f,0f,1f],start_interpolation: 0,interpolation_duration: 1}
$data merge entity $(bone_bone16) {transformation: [-0.6672f,0.1544f,-0.7287f,-0.9843f,0.1744f,0.9835f,0.0487f,-0.8867f,0.7241f,-0.0946f,-0.6831f,2.0039f,0f,0f,0f,1f],start_interpolation: 0,interpolation_duration: 1}
$data merge entity $(bone_bone15) {transformation: [-1.0643f,1.0016f,-0.6091f,-1.1016f,0.9844f,1.2103f,0.2701f,-1.3074f,0.6365f,-0.1971f,-1.4363f,1.8367f,0f,0f,0f,1f],start_interpolation: 0,interpolation_duration: 1}
$data merge entity $(bone_bone18) {transformation: [-0.5505f,0.5206f,-0.6526f,-0.7995f,0.1295f,0.8256f,0.5493f,-0.2108f,0.8247f,0.2179f,-0.5219f,2.3338f,0f,0f,0f,1f],start_interpolation: 0,interpolation_duration: 1}
$data merge entity $(bone_bone17) {transformation: [-0.2712f,1.0912f,0.0355f,-1.0459f,0.8743f,0.1952f,0.6805f,-0.5916f,0.6539f,0.1917f,-0.8951f,2.0149f,0f,0f,0f,1f],start_interpolation: 0,interpolation_duration: 1}
$data merge entity $(bone_bone19) {transformation: [-0.4239f,0.7699f,-0.477f,-0.7443f,0.8664f,0.4981f,0.034f,-1.0472f,0.2638f,-0.3989f,-0.8783f,1.8737f,0f,0f,0f,1f],start_interpolation: 0,interpolation_duration: 1}
$data merge entity $(bone_bone20) {transformation: [-0.8236f,-0.1949f,-0.5326f,-0.8962f,-0.3649f,0.901f,0.2345f,-1.5354f,0.4342f,0.3875f,-0.8132f,1.834f,0f,0f,0f,1f],start_interpolation: 0,interpolation_duration: 1}
$data merge entity $(item_display_item_display) {transformation: [-0.7077f,-0.6637f,0.2421f,-0.0025f,-0.4708f,0.1875f,-0.8621f,-0.8846f,0.5268f,-0.7241f,-0.4452f,1.7603f,0f,0f,0f,1f],start_interpolation: 0,interpolation_duration: 1}
$data merge entity $(bone_2) {transformation: [-0.2421f,-0.9697f,-0.0311f,-0.2614f,0.8621f,-0.2003f,-0.4655f,-1.1819f,0.4452f,-0.1395f,0.8845f,2.1953f,0f,0f,0f,1f],start_interpolation: 0,interpolation_duration: 1}
$data merge entity $(bone_bone5) {transformation: [-0.6929f,-0.6301f,-0.3505f,-0.4862f,0.2832f,0.2092f,-0.936f,-1.0963f,0.6631f,-0.7478f,0.0335f,1.9072f,0f,0f,0f,1f],start_interpolation: 0,interpolation_duration: 1}
$data merge entity $(bone_bone6) {transformation: [0.3505f,-0.6301f,-0.6929f,-0.4862f,0.936f,0.2092f,0.2832f,-1.0963f,-0.0335f,-0.7478f,0.6631f,1.9072f,0f,0f,0f,1f],start_interpolation: 0,interpolation_duration: 1}
$data merge entity $(bone_bone7) {transformation: [-0.2421f,-0.6301f,-0.7378f,-0.4135f,0.8621f,0.2092f,-0.4616f,-0.9739f,0.4452f,-0.7478f,0.4926f,2.1309f,0f,0f,0f,1f],start_interpolation: 0,interpolation_duration: 1}
$data merge entity $(bone_bone8) {transformation: [0.7378f,-0.6301f,-0.2421f,-0.2297f,0.4616f,0.2092f,0.8621f,-1.049f,-0.4926f,-0.7478f,0.4452f,1.955f,0f,0f,0f,1f],start_interpolation: 0,interpolation_duration: 1}
$data merge entity $(bone_bone9) {transformation: [0.7378f,-0.6301f,-0.2421f,-0.5064f,0.4616f,0.2092f,0.8621f,-1.2221f,-0.4926f,-0.7478f,0.4452f,2.1397f,0f,0f,0f,1f],start_interpolation: 0,interpolation_duration: 1}
$data merge entity $(bone_1) {transformation: [-0.2421f,-0.6301f,-0.7378f,-0.4665f,0.8621f,0.2092f,-0.4616f,-1.1028f,0.4452f,-0.7478f,0.4926f,1.9305f,0f,0f,0f,1f],start_interpolation: 0,interpolation_duration: 1}
$data merge entity $(bone_4) {transformation: [-0.9087f,-0.4174f,-0.0101f,0.2729f,-0.3734f,0.8232f,-0.4277f,-1.3051f,0.1868f,-0.3849f,-0.9039f,1.3733f,0f,0f,0f,1f],start_interpolation: 0,interpolation_duration: 1}
$data merge entity $(bone_bone1) {transformation: [-0.9796f,-0.1351f,-0.0555f,0.4738f,-0.1803f,0.6769f,-0.1803f,-0.9252f,0.0884f,-0.1167f,-0.982f,1.437f,0f,0f,0f,1f],start_interpolation: 0,interpolation_duration: 1}
$data merge entity $(bone_3) {transformation: [-0.9087f,-0.288f,-0.3022f,0.1808f,-0.3734f,0.8845f,0.2797f,-1.0142f,0.1868f,0.367f,-0.9113f,1.5068f,0f,0f,0f,1f],start_interpolation: 0,interpolation_duration: 1}
$data merge entity $(bone_6) {transformation: [-0.8565f,0.3985f,-0.3281f,-0.1954f,0.1015f,0.7532f,0.6499f,-1.9977f,0.5061f,0.5234f,-0.6855f,1.8582f,0f,0f,0f,1f],start_interpolation: 0,interpolation_duration: 1}
$data merge entity $(bone_5) {transformation: [-0.8565f,0.0721f,-0.5111f,-0.1797f,0.1015f,0.9944f,-0.0297f,-1.6719f,0.5061f,-0.0773f,-0.859f,1.8194f,0f,0f,0f,1f],start_interpolation: 0,interpolation_duration: 1}
$data merge entity $(bone_8) {transformation: [-0.7116f,0.1027f,-0.6951f,0.1309f,-0.075f,0.9725f,0.2205f,-1.9718f,0.6986f,0.209f,-0.6843f,1.759f,0f,0f,0f,1f],start_interpolation: 0,interpolation_duration: 1}
$data merge entity $(bone_7) {transformation: [-0.7116f,-0.2586f,-0.6533f,0.0362f,-0.075f,0.9524f,-0.2953f,-1.6737f,0.6986f,-0.1611f,-0.6971f,1.6946f,0f,0f,0f,1f],start_interpolation: 0,interpolation_duration: 1}
$data merge entity $(bone_guide13) {transformation: [0.4866f,0.0278f,1.3051f,0.1139f,-0.3913f,-0.8869f,0.3857f,-0.8745f,0.7811f,-0.4614f,-0.6307f,1.3165f,0f,0f,0f,1f],start_interpolation: 0,interpolation_duration: 1}
$data merge entity $(bone_guide9) {transformation: [1.0618f,-0.4636f,0.7736f,-0.5127f,-0.4722f,-0.7195f,0.5897f,-1.7151f,0.0034f,-0.5792f,-0.9409f,1.1977f,0f,0f,0f,1f],start_interpolation: 0,interpolation_duration: 1}
$data merge entity $(bone_guide10) {transformation: [0.7936f,-0.3188f,1.0996f,-0.5623f,-0.6669f,-0.5499f,0.5842f,-1.8451f,0.177f,-0.7754f,-0.767f,1.0912f,0f,0f,0f,1f],start_interpolation: 0,interpolation_duration: 1}
$data merge entity $(bone_guide18) {transformation: [0.4642f,-0.1643f,1.3032f,0.0854f,-0.6997f,-0.6708f,0.3859f,-1.4175f,0.5432f,-0.7234f,-0.6344f,0.9922f,0f,0f,0f,1f],start_interpolation: 0,interpolation_duration: 1}
$data merge entity $(bone_guide21) {transformation: [0.4767f,-0.1232f,1.3032f,-0.0793f,-0.6386f,-0.7292f,0.3859f,-1.9053f,0.6042f,-0.6733f,-0.6344f,0.4551f,0f,0f,0f,1f],start_interpolation: 0,interpolation_duration: 1}
$data merge entity $(bone_guide22) {transformation: [0.4856f,-0.0812f,1.3032f,-0.135f,-0.5726f,-0.7821f,0.3859f,-2.0332f,0.6606f,-0.618f,-0.6344f,0.3707f,0f,0f,0f,1f],start_interpolation: 0,interpolation_duration: 1}
$data merge entity $(bone_guide23) {transformation: [0.8711f,-0.1046f,1.0821f,-0.5905f,-0.5745f,-0.549f,0.6759f,-1.9388f,0.2308f,-0.8335f,-0.6876f,0.9179f,0f,0f,0f,1f],start_interpolation: 0,interpolation_duration: 1}
$data merge entity $(bone_guide24) {transformation: [0.7622f,-0.2722f,1.1339f,-0.5592f,-0.6038f,-0.6927f,0.4939f,-2.0254f,0.3516f,-0.6756f,-0.8005f,0.7046f,0f,0f,0f,1f],start_interpolation: 0,interpolation_duration: 1}
$data merge entity $(bone_guide25) {transformation: [1.2743f,-0.4377f,0.3542f,-0.7051f,-0.2235f,-0.762f,0.6766f,-2.083f,-0.2902f,-0.545f,-0.9163f,0.8131f,0f,0f,0f,1f],start_interpolation: 0,interpolation_duration: 1}
$data merge entity $(bone_guide26) {transformation: [1.3364f,-0.3841f,-0.0852f,-0.7845f,0.02f,-0.8233f,0.6405f,-2.1341f,-0.5353f,-0.491f,-0.8326f,0.9515f,0f,0f,0f,1f],start_interpolation: 0,interpolation_duration: 1}
$data merge entity $(bone_guide27) {transformation: [1.325f,-0.39f,0.1815f,-0.7171f,-0.1035f,-0.7643f,0.7025f,-1.9626f,-0.3905f,-0.5617f,-0.8676f,1.0095f,0f,0f,0f,1f],start_interpolation: 0,interpolation_duration: 1}
$data merge entity $(bone_guide28) {transformation: [1.3305f,-0.4104f,-0.0451f,-0.6821f,-0.0248f,-0.8495f,0.6051f,-1.9666f,-0.509f,-0.4437f,-0.8746f,1.0792f,0f,0f,0f,1f],start_interpolation: 0,interpolation_duration: 1}
$data merge entity $(bone_guide29) {transformation: [1.3305f,-0.412f,0.0269f,-0.5959f,-0.0248f,-0.7315f,0.7434f,-1.8773f,-0.509f,-0.5888f,-0.7842f,1.2021f,0f,0f,0f,1f],start_interpolation: 0,interpolation_duration: 1}
$data merge entity $(bone_guide30) {transformation: [1.3453f,-0.2947f,-0.2099f,-0.5733f,0.1411f,-0.8003f,0.6543f,-1.704f,-0.5786f,-0.5512f,-0.763f,1.3583f,0f,0f,0f,1f],start_interpolation: 0,interpolation_duration: 1}
$data merge entity $(bone_guide46) {transformation: [0.4642f,-0.1643f,1.3032f,0.0385f,-0.6997f,-0.6708f,0.3859f,-1.5733f,0.5432f,-0.7234f,-0.6344f,0.7967f,0f,0f,0f,1f],start_interpolation: 0,interpolation_duration: 1}
$data merge entity $(bone_guide94) {transformation: [-0.4845f,-0.1351f,-1.2991f,-0.5553f,0.6934f,-0.6618f,-0.4118f,-1.7553f,-0.5334f,-0.7375f,0.6264f,1.0844f,0f,0f,0f,1f],start_interpolation: 0,interpolation_duration: 1}
$data merge entity $(bone_guide15) {transformation: [-0.15f,-0.0356f,-1.3846f,-0.1119f,0.7915f,-0.6202f,-0.2781f,-1.8883f,-0.6482f,-0.7902f,0.4197f,0.4879f,0f,0f,0f,1f],start_interpolation: 0,interpolation_duration: 1}
$data merge entity $(bone_guide19) {transformation: [0.7523f,0.1752f,-1.1594f,0.0675f,0.8447f,-0.5742f,0.2126f,-1.8462f,-0.6917f,-0.842f,-0.1829f,0.4387f,0f,0f,0f,1f],start_interpolation: 0,interpolation_duration: 1}
$data merge entity $(bone_guide43) {transformation: [1.0748f,0.2158f,-0.8597f,0.2321f,0.7191f,-0.6394f,0.4031f,-1.8224f,-0.633f,-0.7817f,-0.4573f,0.4589f,0f,0f,0f,1f],start_interpolation: 0,interpolation_duration: 1}
$data merge entity $(bone_guide44) {transformation: [0.9064f,0.14f,-1.0486f,0.1613f,0.7876f,-0.6018f,0.3254f,-1.6934f,-0.6907f,-0.8186f,-0.2717f,0.5839f,0f,0f,0f,1f],start_interpolation: 0,interpolation_duration: 1}
$data merge entity $(bone_guide45) {transformation: [0.0067f,-0.3017f,-1.36f,0.0195f,0.8436f,-0.6095f,-0.0727f,-1.7518f,-0.6561f,-0.738f,0.4957f,0.6223f,0f,0f,0f,1f],start_interpolation: 0,interpolation_duration: 1}
$data merge entity $(bone_guide47) {transformation: [1.032f,0.2757f,-0.8943f,0.1963f,0.749f,-0.6392f,0.3448f,-1.6974f,-0.6357f,-0.7761f,-0.4631f,0.6536f,0f,0f,0f,1f],start_interpolation: 0,interpolation_duration: 1}
$data merge entity $(bone_guide48) {transformation: [-0.0358f,-0.1507f,-1.3845f,0.0884f,0.8992f,-0.4983f,-0.1773f,-1.6456f,-0.5441f,-0.8568f,0.4366f,0.7759f,0f,0f,0f,1f],start_interpolation: 0,interpolation_duration: 1}
$data merge entity $(bone_guide42) {transformation: [0.3161f,0.1437f,-1.3491f,0.081f,0.8946f,-0.5333f,-0.061f,-1.5331f,-0.671f,-0.8735f,0.0876f,0.91f,0f,0f,0f,1f],start_interpolation: 0,interpolation_duration: 1}
$data merge entity $(bone_guide41) {transformation: [1.1667f,0.1161f,-0.7523f,0.2237f,0.6289f,-0.6743f,0.488f,-1.4597f,-0.6385f,-0.7503f,-0.5002f,0.9721f,0f,0f,0f,1f],start_interpolation: 0,interpolation_duration: 1}
$data merge entity $(bone_guide40) {transformation: [1.032f,0.1162f,-0.9286f,0.2011f,0.749f,-0.5696f,0.4506f,-1.633f,-0.6357f,-0.8447f,-0.3213f,0.8159f,0f,0f,0f,1f],start_interpolation: 0,interpolation_duration: 1}
$data merge entity $(bone_guide91) {transformation: [-0.4845f,-0.1351f,-1.2991f,-0.6022f,0.6934f,-0.6618f,-0.4118f,-1.9112f,-0.5334f,-0.7375f,0.6264f,0.8889f,0f,0f,0f,1f],start_interpolation: 0,interpolation_duration: 1}
$data merge entity $(bone_guide61) {transformation: [-0.4845f,-0.1351f,-1.2991f,-0.5083f,0.6934f,-0.6618f,-0.4118f,-1.5995f,-0.5334f,-0.7375f,0.6264f,1.2798f,0f,0f,0f,1f],start_interpolation: 0,interpolation_duration: 1}
$data merge entity $(bone_guide90) {transformation: [-0.4944f,-0.0923f,-1.2991f,-0.5917f,0.6331f,-0.7197f,-0.4118f,-2.0623f,-0.5956f,-0.6882f,0.6264f,0.7034f,0f,0f,0f,1f],start_interpolation: 0,interpolation_duration: 1}
$data merge entity $(bone_guide92) {transformation: [-0.5006f,-0.0489f,-1.2991f,-0.5661f,0.568f,-0.7722f,-0.4118f,-2.1654f,-0.6533f,-0.6337f,0.6264f,0.5795f,0f,0f,0f,1f],start_interpolation: 0,interpolation_duration: 1}
$data merge entity $(bone_guide93) {transformation: [0.4642f,-0.1643f,1.3032f,-0.0085f,-0.6997f,-0.6708f,0.3859f,-1.7292f,0.5432f,-0.7234f,-0.6344f,0.6012f,0f,0f,0f,1f],start_interpolation: 0,interpolation_duration: 1}
$data merge entity $(bone_guide57) {transformation: [-0.5076f,0.0145f,-1.2973f,-0.403f,0.4608f,-0.8404f,-0.412f,-1.1302f,-0.7281f,-0.5419f,0.6302f,1.4819f,0f,0f,0f,1f],start_interpolation: 0,interpolation_duration: 1}
$data merge entity $(bone_guide58) {transformation: [-0.5044f,0.0587f,-1.2973f,-0.5367f,0.3858f,-0.8774f,-0.412f,-1.074f,-0.7725f,-0.4764f,0.6302f,1.6318f,0f,0f,0f,1f],start_interpolation: 0,interpolation_duration: 1}
$data merge entity $(bone_guide17) {transformation: [0.4872f,-0.0147f,1.3051f,0.0289f,-0.4671f,-0.8494f,0.3857f,-1.2208f,0.7379f,-0.5277f,-0.6307f,1.0893f,0f,0f,0f,1f],start_interpolation: 0,interpolation_duration: 1}
$data merge entity $(bone_guide89) {transformation: [-0.5076f,0.0145f,-1.2973f,-0.4997f,0.4608f,-0.8404f,-0.412f,-1.3828f,-0.7281f,-0.5419f,0.6302f,1.3454f,0f,0f,0f,1f],start_interpolation: 0,interpolation_duration: 1}
$data merge entity $(bone_guide11) {transformation: [0.4872f,-0.0147f,1.3051f,-0.0066f,-0.4671f,-0.8494f,0.3857f,-1.0776f,0.7379f,-0.5277f,-0.6307f,1.218f,0f,0f,0f,1f],start_interpolation: 0,interpolation_duration: 1}
$data merge entity $(bone_guide60) {transformation: [-0.5076f,0.0145f,-1.2973f,-0.4539f,0.4608f,-0.8404f,-0.412f,-1.2147f,-0.7281f,-0.5419f,0.6302f,1.4348f,0f,0f,0f,1f],start_interpolation: 0,interpolation_duration: 1}
$data merge entity $(bone_guide12) {transformation: [0.4872f,-0.0147f,1.3051f,-0.037f,-0.4671f,-0.8494f,0.3857f,-1.018f,0.7379f,-0.5277f,-0.6307f,1.3046f,0f,0f,0f,1f],start_interpolation: 0,interpolation_duration: 1}
$data merge entity $(bone_guide5) {transformation: [1.3492f,-0.2812f,0.203f,-0.5247f,-0.054f,-0.8608f,0.5869f,-1.2689f,-0.2922f,-0.4711f,-0.9558f,1.5333f,0f,0f,0f,1f],start_interpolation: 0,interpolation_duration: 1}
$data merge entity $(bone_guide7) {transformation: [1.2926f,-0.237f,0.4623f,-0.5046f,-0.1432f,-0.849f,0.5891f,-1.5201f,-0.0935f,-0.5002f,-0.9808f,1.3042f,0f,0f,0f,1f],start_interpolation: 0,interpolation_duration: 1}
$data merge entity $(bone_guide6) {transformation: [0.4725f,-0.3446f,1.2644f,-0.3755f,-0.6398f,-0.7841f,0.2534f,-1.3367f,0.6062f,-0.5552f,-0.7383f,1.408f,0f,0f,0f,1f],start_interpolation: 0,interpolation_duration: 1}
$data merge entity $(bone_guide31) {transformation: [1.3696f,-0.1454f,-0.2093f,-0.5855f,0.1715f,-0.9472f,0.4023f,-1.5397f,-0.5092f,-0.3359f,-0.9212f,1.4371f,0f,0f,0f,1f],start_interpolation: 0,interpolation_duration: 1}
$data merge entity $(bone_guide49) {transformation: [0.6551f,0.1467f,-1.2207f,0.0647f,0.7403f,-0.7314f,0.0732f,-1.3456f,-0.8502f,-0.686f,-0.1653f,1.0284f,0f,0f,0f,1f],start_interpolation: 0,interpolation_duration: 1}
$data merge entity $(bone_guide50) {transformation: [1.1424f,0.2655f,-0.7517f,0.2115f,0.5986f,-0.8212f,0.236f,-1.2953f,-0.7079f,-0.535f,-0.6584f,1.051f,0f,0f,0f,1f],start_interpolation: 0,interpolation_duration: 1}
$data merge entity $(bone_guide39) {transformation: [1.1149f,0.4282f,-0.7171f,0.1989f,0.6679f,-0.7836f,0.1683f,-1.1877f,-0.6586f,-0.535f,-0.7077f,1.1488f,0f,0f,0f,1f],start_interpolation: 0,interpolation_duration: 1}
$data merge entity $(bone_guide51) {transformation: [-0.4987f,0.131f,-1.2942f,-0.0095f,0.6318f,-0.6383f,-0.5309f,-1.2245f,-0.5935f,-0.7856f,0.5014f,1.2307f,0f,0f,0f,1f],start_interpolation: 0,interpolation_duration: 1}
$data merge entity $(bone_guide52) {transformation: [0.8699f,0.1957f,-1.0704f,0.126f,0.7342f,-0.7146f,0.1966f,-1.0694f,-0.783f,-0.7021f,-0.3388f,1.218f,0f,0f,0f,1f],start_interpolation: 0,interpolation_duration: 1}
$data merge entity $(bone_guide38) {transformation: [1.1129f,0.3982f,-0.7373f,0.2004f,0.6873f,-0.7462f,0.2433f,-1.1034f,-0.6324f,-0.6128f,-0.6673f,1.2943f,0f,0f,0f,1f],start_interpolation: 0,interpolation_duration: 1}
$data merge entity $(bone_guide34) {transformation: [1.1149f,0.4282f,-0.7171f,0.2246f,0.6679f,-0.7836f,0.1683f,-1.1272f,-0.6586f,-0.535f,-0.7077f,1.2402f,0f,0f,0f,1f],start_interpolation: 0,interpolation_duration: 1}
$data merge entity $(bone_guide20) {transformation: [0.4872f,-0.0147f,1.3051f,0.0542f,-0.4671f,-0.8494f,0.3857f,-1.4047f,0.7379f,-0.5277f,-0.6307f,0.9359f,0f,0f,0f,1f],start_interpolation: 0,interpolation_duration: 1}
$data merge entity $(bone_guide97) {transformation: [-0.5076f,0.0145f,-1.2973f,-0.5395f,0.4608f,-0.8404f,-0.412f,-1.5867f,-0.7281f,-0.5419f,0.6302f,1.2236f,0f,0f,0f,1f],start_interpolation: 0,interpolation_duration: 1}
$data merge entity $(item_display_blade) {transformation: [0f,0f,0f,-0.3699f,0f,0f,0f,-1.3134f,0f,0f,0f,0.0152f,0f,0f,0f,1f],start_interpolation: 0,interpolation_duration: 1}