# This file was generated by Animated Java via MC-Build. It is not recommended to edit this file directly.
$data merge entity $(bone_head) {transformation: [-1f,0f,0f,-0.1231f,0f,1f,0f,-1.0013f,0f,0f,-1f,1.5431f,0f,0f,0f,1f],start_interpolation: 0,interpolation_duration: 1}
$data merge entity $(bone_10) {transformation: [-1f,0f,0f,-0.1231f,0f,0.9962f,-0.0872f,-1.3157f,0f,-0.0872f,-0.9962f,1.3329f,0f,0f,0f,1f],start_interpolation: 0,interpolation_duration: 1}
$data merge entity $(bone_9) {transformation: [-1.0104f,0f,0f,-0.1231f,0f,0.9157f,0.427f,-2.392f,0f,0.427f,-0.9157f,0.8311f,0f,0f,0f,1f],start_interpolation: 0,interpolation_duration: 1}
$data merge entity $(bone_bone14) {transformation: [-0.9769f,0.1471f,-0.1549f,-1.0009f,0.149f,0.9888f,-0.0006f,-1.3886f,0.1531f,-0.0237f,-0.9879f,1.0963f,0f,0f,0f,1f],start_interpolation: 0,interpolation_duration: 1}
$data merge entity $(bone_bone13) {transformation: [-0.9825f,0.4557f,-0.0231f,-0.8164f,0.4515f,0.9789f,0.1069f,-1.7291f,0.0658f,0.0874f,-1.0778f,1.0429f,0f,0f,0f,1f],start_interpolation: 0,interpolation_duration: 1}
$data merge entity $(bone_bone16) {transformation: [-0.9458f,0.1811f,-0.2697f,-1.032f,0.1744f,0.9835f,0.0487f,-0.8879f,0.2741f,-0.001f,-0.9617f,1.1125f,0f,0f,0f,1f],start_interpolation: 0,interpolation_duration: 1}
$data merge entity $(bone_bone15) {transformation: [-1.2401f,0.959f,0.2225f,-1.0457f,0.9844f,1.2103f,0.2701f,-1.3087f,-0.0065f,0.3499f,-1.5442f,0.9088f,0f,0f,0f,1f],start_interpolation: 0,interpolation_duration: 1}
$data merge entity $(bone_bone18) {transformation: [-0.898f,0.3326f,-0.2881f,-1.0447f,0.1295f,0.8256f,0.5493f,-0.2121f,0.4205f,0.4559f,-0.7844f,1.4905f,0f,0f,0f,1f],start_interpolation: 0,interpolation_duration: 1}
$data merge entity $(bone_bone17) {transformation: [-0.5706f,0.8344f,0.4938f,-1.0904f,0.8743f,0.1952f,0.6805f,-0.5928f,0.4191f,0.729f,-0.7474f,1.0901f,0f,0f,0f,1f],start_interpolation: 0,interpolation_duration: 1}
$data merge entity $(bone_bone19) {transformation: [-0.4992f,0.8652f,0.0466f,-0.7593f,0.8664f,0.4981f,0.034f,-1.0484f,0.0062f,0.0574f,-0.9983f,1.1254f,0f,0f,0f,1f],start_interpolation: 0,interpolation_duration: 1}
$data merge entity $(bone_bone20) {transformation: [-0.9294f,-0.3674f,-0.0346f,-0.8687f,-0.3649f,0.901f,0.2345f,-1.5366f,-0.0549f,0.2306f,-0.9715f,1.0128f,0f,0f,0f,1f],start_interpolation: 0,interpolation_duration: 1}
$data merge entity $(item_display_item_display) {transformation: [0.0266f,0.31f,0.9504f,-0.5432f,0.5701f,0.7763f,-0.2692f,-1.5422f,-0.8212f,0.5489f,-0.156f,1.9096f,0f,0f,0f,1f],start_interpolation: 0,interpolation_duration: 1}
$data merge entity $(bone_2) {transformation: [-0.9504f,0.238f,-0.2004f,-0.5902f,0.2692f,0.952f,-0.1458f,-1.3817f,0.156f,-0.1925f,-0.9688f,1.3468f,0f,0f,0f,1f],start_interpolation: 0,interpolation_duration: 1}
$data merge entity $(bone_bone5) {transformation: [-0.7106f,0.3063f,0.6335f,-0.4745f,0.4376f,0.8974f,0.057f,-1.0506f,-0.551f,0.3177f,-0.7717f,1.4806f,0f,0f,0f,1f],start_interpolation: 0,interpolation_duration: 1}
$data merge entity $(bone_bone6) {transformation: [-0.6335f,0.3063f,-0.7106f,-0.4745f,-0.057f,0.8974f,0.4376f,-1.0506f,0.7717f,0.3177f,-0.551f,1.4806f,0f,0f,0f,1f],start_interpolation: 0,interpolation_duration: 1}
$data merge entity $(bone_bone7) {transformation: [-0.9504f,0.3063f,-0.0545f,-0.7101f,0.2692f,0.8974f,0.3497f,-1.1684f,0.156f,0.3177f,-0.9353f,1.4503f,0f,0f,0f,1f],start_interpolation: 0,interpolation_duration: 1}
$data merge entity $(bone_bone8) {transformation: [0.0545f,0.3063f,-0.9504f,-0.5217f,-0.3497f,0.8974f,0.2692f,-1.2845f,0.9353f,0.3177f,0.156f,1.5964f,0f,0f,0f,1f],start_interpolation: 0,interpolation_duration: 1}
$data merge entity $(bone_bone9) {transformation: [0.0545f,0.3063f,-0.9504f,-0.5421f,-0.3497f,0.8974f,0.2692f,-1.1533f,0.9353f,0.3177f,0.156f,1.2457f,0f,0f,0f,1f],start_interpolation: 0,interpolation_duration: 1}
$data merge entity $(bone_1) {transformation: [-0.9504f,0.3063f,-0.0545f,-0.484f,0.2692f,0.8974f,0.3497f,-1.0787f,0.156f,0.3177f,-0.9353f,1.4707f,0f,0f,0f,1f],start_interpolation: 0,interpolation_duration: 1}
$data merge entity $(bone_4) {transformation: [-0.8741f,-0.1578f,0.4593f,0.3701f,-0.3733f,0.8232f,-0.4277f,-1.3689f,-0.3107f,-0.5454f,-0.7785f,1.4427f,0f,0f,0f,1f],start_interpolation: 0,interpolation_duration: 1}
$data merge entity $(bone_bone1) {transformation: [-0.8839f,-0.0551f,0.461f,0.509f,-0.1802f,0.6769f,-0.1804f,-0.989f,-0.4315f,-0.1698f,-0.8689f,1.6012f,0f,0f,0f,1f],start_interpolation: 0,interpolation_duration: 1}
$data merge entity $(bone_3) {transformation: [-0.8741f,-0.4364f,0.2133f,0.2222f,-0.3733f,0.8845f,0.2797f,-1.078f,-0.3107f,0.1648f,-0.9361f,1.5092f,0f,0f,0f,1f],start_interpolation: 0,interpolation_duration: 1}
$data merge entity $(bone_6) {transformation: [-0.9948f,0.0699f,0.0742f,-0.2816f,0.1015f,0.7532f,0.6499f,-1.9989f,-0.0105f,0.6541f,-0.7564f,1.3963f,0f,0f,0f,1f],start_interpolation: 0,interpolation_duration: 1}
$data merge entity $(bone_5) {transformation: [-0.9948f,0.1017f,0.0075f,-0.2481f,0.1015f,0.9944f,-0.0297f,-1.6731f,-0.0105f,-0.0288f,-0.9995f,1.3713f,0f,0f,0f,1f],start_interpolation: 0,interpolation_duration: 1}
$data merge entity $(bone_8) {transformation: [-0.9705f,-0.0204f,-0.2404f,0.0489f,-0.075f,0.9725f,0.2205f,-1.973f,0.2293f,0.232f,-0.9453f,1.4804f,0f,0f,0f,1f],start_interpolation: 0,interpolation_duration: 1}
$data merge entity $(bone_7) {transformation: [-0.9705f,-0.1378f,-0.198f,0.0013f,-0.075f,0.9524f,-0.2953f,-1.675f,0.2293f,-0.2717f,-0.9347f,1.3763f,0f,0f,0f,1f],start_interpolation: 0,interpolation_duration: 1}
$data merge entity $(bone_guide13) {transformation: [-0.0102f,-0.0178f,1.4999f,0.25f,-0.4438f,-0.896f,-0.0137f,-0.9728f,0.8961f,-0.4439f,0.0008f,1.284f,0f,0f,0f,1f],start_interpolation: 0,interpolation_duration: 1}
$data merge entity $(bone_guide9) {transformation: [0.7941f,-0.35f,1.2235f,-0.4672f,-0.7292f,-0.6166f,0.2969f,-1.6291f,0.4336f,-0.7519f,-0.4966f,0.8738f,0f,0f,0f,1f],start_interpolation: 0,interpolation_duration: 1}
$data merge entity $(bone_guide10) {transformation: [0.4368f,-0.0969f,1.4317f,-0.5f,-0.8343f,-0.5055f,0.2203f,-1.7495f,0.4682f,-0.8604f,-0.2011f,0.7508f,0f,0f,0f,1f],start_interpolation: 0,interpolation_duration: 1}
$data merge entity $(bone_guide18) {transformation: [-0.0117f,-0.0168f,1.4999f,0.2172f,-0.753f,-0.6579f,-0.0133f,-1.5128f,0.658f,-0.753f,-0.0033f,0.955f,0f,0f,0f,1f],start_interpolation: 0,interpolation_duration: 1}
$data merge entity $(bone_guide21) {transformation: [-0.0102f,-0.0178f,1.4999f,0.1703f,-0.6928f,-0.7211f,-0.0133f,-1.9803f,0.7211f,-0.6928f,-0.0033f,0.3783f,0f,0f,0f,1f],start_interpolation: 0,interpolation_duration: 1}
$data merge entity $(bone_guide22) {transformation: [-0.0086f,-0.0186f,1.4999f,0.1234f,-0.6273f,-0.7787f,-0.0133f,-2.0955f,0.7788f,-0.6273f,-0.0033f,0.2727f,0f,0f,0f,1f],start_interpolation: 0,interpolation_duration: 1}
$data merge entity $(bone_guide23) {transformation: [0.5059f,0.1136f,1.4075f,-0.4766f,-0.7613f,-0.5645f,0.3192f,-1.8455f,0.5538f,-0.822f,-0.1327f,0.5781f,0f,0f,0f,1f],start_interpolation: 0,interpolation_duration: 1}
$data merge entity $(bone_guide24) {transformation: [0.3529f,-0.1364f,1.4515f,-0.3828f,-0.7522f,-0.6475f,0.122f,-1.9531f,0.6155f,-0.7566f,-0.2207f,0.3948f,0f,0f,0f,1f],start_interpolation: 0,interpolation_duration: 1}
$data merge entity $(bone_guide25) {transformation: [1.168f,-0.3532f,0.8724f,-0.5703f,-0.5667f,-0.6617f,0.4909f,-1.9627f,0.2692f,-0.7118f,-0.6487f,0.4284f,0f,0f,0f,1f],start_interpolation: 0,interpolation_duration: 1}
$data merge entity $(bone_guide26) {transformation: [1.3897f,-0.3457f,0.4464f,-0.7109f,-0.3668f,-0.7304f,0.5761f,-1.9809f,0.0846f,-0.6429f,-0.7613f,0.5176f,0f,0f,0f,1f],start_interpolation: 0,interpolation_duration: 1}
$data merge entity $(bone_guide27) {transformation: [1.2861f,-0.3055f,0.7089f,-0.6313f,-0.4719f,-0.6775f,0.5642f,-1.8288f,0.2053f,-0.7068f,-0.677f,0.6061f,0f,0f,0f,1f],start_interpolation: 0,interpolation_duration: 1}
$data merge entity $(bone_guide28) {transformation: [1.3616f,-0.3954f,0.4894f,-0.6313f,-0.4064f,-0.7453f,0.5285f,-1.8365f,0.1039f,-0.6124f,-0.7837f,0.6838f,0f,0f,0f,1f],start_interpolation: 0,interpolation_duration: 1}
$data merge entity $(bone_guide29) {transformation: [1.3616f,-0.3044f,0.5507f,-0.5844f,-0.4064f,-0.6422f,0.6499f,-1.7635f,0.1039f,-0.7392f,-0.6655f,0.8355f,0f,0f,0f,1f],start_interpolation: 0,interpolation_duration: 1}
$data merge entity $(bone_guide30) {transformation: [1.4478f,-0.2368f,0.3126f,-0.5844f,-0.2557f,-0.7359f,0.6269f,-1.5907f,0.0544f,-0.6584f,-0.7507f,0.9938f,0f,0f,0f,1f],start_interpolation: 0,interpolation_duration: 1}
$data merge entity $(bone_guide46) {transformation: [-0.0117f,-0.0168f,1.4999f,0.2172f,-0.753f,-0.6579f,-0.0133f,-1.6654f,0.658f,-0.753f,-0.0033f,0.7516f,0f,0f,0f,1f],start_interpolation: 0,interpolation_duration: 1}
$data merge entity $(bone_guide94) {transformation: [-0.0117f,0.0168f,-1.4999f,-0.4672f,0.753f,-0.6579f,-0.0133f,-1.6654f,-0.658f,-0.753f,-0.0033f,0.7516f,0f,0f,0f,1f],start_interpolation: 0,interpolation_duration: 1}
$data merge entity $(bone_guide15) {transformation: [0.3529f,0.1364f,-1.4515f,0.1328f,0.7522f,-0.6475f,0.122f,-1.9531f,-0.6155f,-0.7566f,-0.2207f,0.3948f,0f,0f,0f,1f],start_interpolation: 0,interpolation_duration: 1}
$data merge entity $(bone_guide19) {transformation: [1.168f,0.3532f,-0.8724f,0.3203f,0.5667f,-0.6617f,0.4909f,-1.9627f,-0.2692f,-0.7118f,-0.6487f,0.4284f,0f,0f,0f,1f],start_interpolation: 0,interpolation_duration: 1}
$data merge entity $(bone_guide43) {transformation: [1.3897f,0.3457f,-0.4464f,0.4609f,0.3668f,-0.7304f,0.5761f,-1.9809f,-0.0846f,-0.6429f,-0.7613f,0.5176f,0f,0f,0f,1f],start_interpolation: 0,interpolation_duration: 1}
$data merge entity $(bone_guide44) {transformation: [1.2861f,0.3055f,-0.7089f,0.3813f,0.4719f,-0.6775f,0.5642f,-1.8288f,-0.2053f,-0.7068f,-0.677f,0.6061f,0f,0f,0f,1f],start_interpolation: 0,interpolation_duration: 1}
$data merge entity $(bone_guide45) {transformation: [0.5059f,-0.1136f,-1.4075f,0.2266f,0.7613f,-0.5645f,0.3192f,-1.8455f,-0.5538f,-0.822f,-0.1327f,0.5781f,0f,0f,0f,1f],start_interpolation: 0,interpolation_duration: 1}
$data merge entity $(bone_guide47) {transformation: [1.3616f,0.3954f,-0.4894f,0.3813f,0.4064f,-0.7453f,0.5285f,-1.8365f,-0.1039f,-0.6124f,-0.7837f,0.6838f,0f,0f,0f,1f],start_interpolation: 0,interpolation_duration: 1}
$data merge entity $(bone_guide48) {transformation: [0.4368f,0.0969f,-1.4317f,0.25f,0.8343f,-0.5055f,0.2203f,-1.7495f,-0.4682f,-0.8604f,-0.2011f,0.7508f,0f,0f,0f,1f],start_interpolation: 0,interpolation_duration: 1}
$data merge entity $(bone_guide42) {transformation: [0.7941f,0.35f,-1.2235f,0.2172f,0.7292f,-0.6166f,0.2969f,-1.6291f,-0.4336f,-0.7519f,-0.4966f,0.8738f,0f,0f,0f,1f],start_interpolation: 0,interpolation_duration: 1}
$data merge entity $(bone_guide41) {transformation: [1.4478f,0.2368f,-0.3126f,0.3344f,0.2557f,-0.7359f,0.6269f,-1.5907f,-0.0544f,-0.6584f,-0.7507f,0.9938f,0f,0f,0f,1f],start_interpolation: 0,interpolation_duration: 1}
$data merge entity $(bone_guide40) {transformation: [1.3616f,0.3044f,-0.5507f,0.3344f,0.4064f,-0.6422f,0.6499f,-1.7635f,-0.1039f,-0.7392f,-0.6655f,0.8355f,0f,0f,0f,1f],start_interpolation: 0,interpolation_duration: 1}
$data merge entity $(bone_guide91) {transformation: [-0.0117f,0.0168f,-1.4999f,-0.4672f,0.753f,-0.6579f,-0.0133f,-1.8181f,-0.658f,-0.753f,-0.0033f,0.5481f,0f,0f,0f,1f],start_interpolation: 0,interpolation_duration: 1}
$data merge entity $(bone_guide61) {transformation: [-0.0117f,0.0168f,-1.4999f,-0.4672f,0.753f,-0.6579f,-0.0133f,-1.5128f,-0.658f,-0.753f,-0.0033f,0.955f,0f,0f,0f,1f],start_interpolation: 0,interpolation_duration: 1}
$data merge entity $(bone_guide90) {transformation: [-0.0102f,0.0178f,-1.4999f,-0.4203f,0.6928f,-0.7211f,-0.0133f,-1.9803f,-0.7211f,-0.6928f,-0.0033f,0.3783f,0f,0f,0f,1f],start_interpolation: 0,interpolation_duration: 1}
$data merge entity $(bone_guide92) {transformation: [-0.0086f,0.0186f,-1.4999f,-0.3734f,0.6273f,-0.7787f,-0.0133f,-2.0955f,-0.7788f,-0.6273f,-0.0033f,0.2727f,0f,0f,0f,1f],start_interpolation: 0,interpolation_duration: 1}
$data merge entity $(bone_guide93) {transformation: [-0.0117f,-0.0168f,1.4999f,0.2172f,-0.753f,-0.6579f,-0.0133f,-1.8181f,0.658f,-0.753f,-0.0033f,0.5481f,0f,0f,0f,1f],start_interpolation: 0,interpolation_duration: 1}
$data merge entity $(bone_guide57) {transformation: [-0.0117f,0.0168f,-1.4999f,-0.3359f,0.5202f,-0.8539f,-0.0137f,-1.0729f,-0.854f,-0.5203f,0.0008f,1.2029f,0f,0f,0f,1f],start_interpolation: 0,interpolation_duration: 1}
$data merge entity $(bone_guide58) {transformation: [-0.0102f,0.0178f,-1.4999f,-0.5f,0.4438f,-0.896f,-0.0137f,-0.9728f,-0.8961f,-0.4439f,0.0008f,1.284f,0f,0f,0f,1f],start_interpolation: 0,interpolation_duration: 1}
$data merge entity $(bone_guide17) {transformation: [-0.0117f,-0.0168f,1.4999f,0.1797f,-0.5202f,-0.8539f,-0.0137f,-1.3014f,0.854f,-0.5203f,0.0008f,1.0274f,0f,0f,0f,1f],start_interpolation: 0,interpolation_duration: 1}
$data merge entity $(bone_guide89) {transformation: [-0.0117f,0.0168f,-1.4999f,-0.4297f,0.5202f,-0.8539f,-0.0137f,-1.3014f,-0.854f,-0.5203f,0.0008f,1.0274f,0f,0f,0f,1f],start_interpolation: 0,interpolation_duration: 1}
$data merge entity $(bone_guide11) {transformation: [-0.0117f,-0.0168f,1.4999f,0.1328f,-0.5202f,-0.8539f,-0.0137f,-1.1447f,0.854f,-0.5203f,0.0008f,1.1349f,0f,0f,0f,1f],start_interpolation: 0,interpolation_duration: 1}
$data merge entity $(bone_guide60) {transformation: [-0.0117f,0.0168f,-1.4999f,-0.3828f,0.5202f,-0.8539f,-0.0137f,-1.1447f,-0.854f,-0.5203f,0.0008f,1.1349f,0f,0f,0f,1f],start_interpolation: 0,interpolation_duration: 1}
$data merge entity $(bone_guide12) {transformation: [-0.0117f,-0.0168f,1.4999f,0.0859f,-0.5202f,-0.8539f,-0.0137f,-1.0729f,0.854f,-0.5203f,0.0008f,1.2029f,0f,0f,0f,1f],start_interpolation: 0,interpolation_duration: 1}
$data merge entity $(bone_guide5) {transformation: [1.279f,-0.2749f,0.7339f,-0.5f,-0.423f,-0.7917f,0.4407f,-1.1711f,0.3066f,-0.5828f,-0.7526f,1.1916f,0f,0f,0f,1f],start_interpolation: 0,interpolation_duration: 1}
$data merge entity $(bone_guide7) {transformation: [1.1226f,-0.2211f,0.97f,-0.4531f,-0.4794f,-0.794f,0.3738f,-1.4354f,0.4584f,-0.5898f,-0.6649f,0.9821f,0f,0f,0f,1f],start_interpolation: 0,interpolation_duration: 1}
$data merge entity $(bone_guide6) {transformation: [-0.0151f,-0.2741f,1.4747f,-0.3359f,-0.6927f,-0.7077f,-0.1387f,-1.2844f,0.7211f,-0.6824f,-0.1195f,1.1387f,0f,0f,0f,1f],start_interpolation: 0,interpolation_duration: 1}
$data merge entity $(bone_guide31) {transformation: [1.4478f,-0.2368f,0.3126f,-0.5844f,-0.2275f,-0.8999f,0.3721f,-1.4233f,0.1288f,-0.4066f,-0.9045f,1.067f,0f,0f,0f,1f],start_interpolation: 0,interpolation_duration: 1}
$data merge entity $(bone_guide49) {transformation: [1.1226f,0.2211f,-0.97f,0.2031f,0.4794f,-0.794f,0.3738f,-1.4354f,-0.4584f,-0.5898f,-0.6649f,0.9821f,0f,0f,0f,1f],start_interpolation: 0,interpolation_duration: 1}
$data merge entity $(bone_guide50) {transformation: [1.4478f,0.2368f,-0.3126f,0.3344f,0.2275f,-0.8999f,0.3721f,-1.4233f,-0.1288f,-0.4066f,-0.9045f,1.067f,0f,0f,0f,1f],start_interpolation: 0,interpolation_duration: 1}
$data merge entity $(bone_guide39) {transformation: [1.4217f,0.388f,-0.2799f,0.3109f,0.3051f,-0.9057f,0.2943f,-1.3091f,-0.0929f,-0.3359f,-0.9373f,1.1548f,0f,0f,0f,1f],start_interpolation: 0,interpolation_duration: 1}
$data merge entity $(bone_guide51) {transformation: [-0.0151f,0.2741f,-1.4747f,0.0859f,0.6927f,-0.7077f,-0.1387f,-1.2844f,-0.7211f,-0.6824f,-0.1195f,1.1387f,0f,0f,0f,1f],start_interpolation: 0,interpolation_duration: 1}
$data merge entity $(bone_guide52) {transformation: [1.279f,0.2749f,-0.7339f,0.25f,0.423f,-0.7917f,0.4407f,-1.1711f,-0.3066f,-0.5828f,-0.7526f,1.1916f,0f,0f,0f,1f],start_interpolation: 0,interpolation_duration: 1}
$data merge entity $(bone_guide38) {transformation: [1.4141f,0.4046f,-0.2944f,0.2734f,0.3263f,-0.8678f,0.3748f,-1.2173f,-0.0692f,-0.4174f,-0.9061f,1.2907f,0f,0f,0f,1f],start_interpolation: 0,interpolation_duration: 1}
$data merge entity $(bone_guide34) {transformation: [1.4217f,0.388f,-0.2799f,0.3109f,0.3051f,-0.9057f,0.2943f,-1.2505f,-0.0929f,-0.3359f,-0.9373f,1.2511f,0f,0f,0f,1f],start_interpolation: 0,interpolation_duration: 1}
$data merge entity $(bone_guide20) {transformation: [-0.0117f,-0.0168f,1.4999f,0.2172f,-0.5202f,-0.8539f,-0.0137f,-1.4966f,0.854f,-0.5203f,0.0008f,0.8915f,0f,0f,0f,1f],start_interpolation: 0,interpolation_duration: 1}
$data merge entity $(bone_guide97) {transformation: [-0.0117f,0.0168f,-1.4999f,-0.4672f,0.5202f,-0.8539f,-0.0137f,-1.4966f,-0.854f,-0.5203f,0.0008f,0.8915f,0f,0f,0f,1f],start_interpolation: 0,interpolation_duration: 1}
$data merge entity $(item_display_blade) {transformation: [0f,0f,0f,-0.375f,0f,0f,0f,-1.3437f,0f,0f,0f,0f,0f,0f,0f,1f],start_interpolation: 0,interpolation_duration: 1}