# This file was generated by Animated Java via MC-Build. It is not recommended to edit this file directly.
$data merge entity $(bone_head) {transformation: [-0.9837f,-0.0565f,0.171f,-0.0262f,0.0294f,0.8863f,0.4622f,-1f,-0.1776f,0.4596f,-0.8702f,1.6671f,0f,0f,0f,1f],start_interpolation: 0,interpolation_duration: 1}
$data merge entity $(bone_10) {transformation: [-0.9998f,0.0016f,0.0177f,0.0032f,0f,0.9962f,-0.0872f,-1.3145f,-0.0178f,-0.0871f,-0.996f,1.6961f,0f,0f,0f,1f],start_interpolation: 0,interpolation_duration: 1}
$data merge entity $(bone_9) {transformation: [-1.0103f,-0.0076f,0.0163f,0.0121f,0f,0.9157f,0.427f,-2.3907f,-0.018f,0.427f,-0.9156f,1.1943f,0f,0f,0f,1f],start_interpolation: 0,interpolation_duration: 1}
$data merge entity $(bone_bone14) {transformation: [-0.9868f,-0.1609f,-0.0203f,-0.7983f,-0.158f,0.982f,-0.1031f,-1.2788f,0.0365f,-0.0985f,-0.9945f,1.3502f,0f,0f,0f,1f],start_interpolation: 0,interpolation_duration: 1}
$data merge entity $(bone_bone13) {transformation: [-1.0736f,0.1192f,0.0826f,-0.5132f,0.1222f,1.0758f,0.0354f,-1.5462f,-0.0781f,0.0444f,-1.0796f,1.3476f,0f,0f,0f,1f],start_interpolation: 0,interpolation_duration: 1}
$data merge entity $(bone_bone16) {transformation: [-0.9805f,-0.1301f,-0.1471f,-0.9829f,-0.1175f,0.9889f,-0.0911f,-0.8132f,0.1573f,-0.0721f,-0.9849f,1.3172f,0f,0f,0f,1f],start_interpolation: 0,interpolation_duration: 1}
$data merge entity $(bone_bone15) {transformation: [-1.4705f,0.4897f,0.3236f,-0.8412f,0.5421f,1.4678f,0.242f,-1.2274f,-0.2252f,0.3355f,-1.5309f,1.1525f,0f,0f,0f,1f],start_interpolation: 0,interpolation_duration: 1}
$data merge entity $(bone_bone18) {transformation: [-0.9403f,0.0031f,-0.3402f,-1.2499f,-0.1371f,0.9118f,0.3871f,-0.1562f,0.3114f,0.4106f,-0.857f,1.6285f,0f,0f,0f,1f],start_interpolation: 0,interpolation_duration: 1}
$data merge entity $(bone_bone17) {transformation: [-0.8593f,0.6347f,0.3526f,-1.1255f,0.6717f,0.4873f,0.7596f,-0.5532f,0.2759f,0.7908f,-0.7511f,1.262f,0f,0f,0f,1f],start_interpolation: 0,interpolation_duration: 1}
$data merge entity $(bone_bone19) {transformation: [-0.737f,0.6565f,0.1605f,-0.6782f,0.6642f,0.7475f,-0.0074f,-0.8788f,-0.1249f,0.1012f,-0.987f,1.373f,0f,0f,0f,1f],start_interpolation: 0,interpolation_duration: 1}
$data merge entity $(bone_bone20) {transformation: [-0.7582f,-0.6517f,0.0191f,-0.6176f,-0.6413f,0.7507f,0.1584f,-1.3819f,-0.1176f,0.1079f,-0.9872f,1.2947f,0f,0f,0f,1f],start_interpolation: 0,interpolation_duration: 1}
$data merge entity $(item_display_item_display) {transformation: [-0.4153f,0.6945f,0.5876f,-0.1848f,-0.2408f,0.5389f,-0.8072f,-1.0006f,-0.8772f,-0.4767f,-0.0566f,2.2981f,0f,0f,0f,1f],start_interpolation: 0,interpolation_duration: 1}
$data merge entity $(bone_2) {transformation: [-0.5876f,0.1974f,-0.7847f,-0.5523f,0.8072f,0.2108f,-0.5514f,-1.2408f,0.0566f,-0.9574f,-0.2832f,1.9083f,0f,0f,0f,1f],start_interpolation: 0,interpolation_duration: 1}
$data merge entity $(bone_bone5) {transformation: [-0.8677f,0.4958f,-0.0367f,-0.3564f,0.2735f,0.4144f,-0.868f,-1.0789f,-0.4151f,-0.7632f,-0.4951f,1.6322f,0f,0f,0f,1f],start_interpolation: 0,interpolation_duration: 1}
$data merge entity $(bone_bone6) {transformation: [0.0367f,0.4958f,-0.8677f,-0.3564f,0.868f,0.4144f,0.2735f,-1.0789f,0.4951f,-0.7632f,-0.4151f,1.6322f,0f,0f,0f,1f],start_interpolation: 0,interpolation_duration: 1}
$data merge entity $(bone_bone7) {transformation: [-0.5876f,0.4958f,-0.6395f,-0.5595f,0.8072f,0.4144f,-0.4204f,-1.0052f,0.0566f,-0.7632f,-0.6437f,1.7859f,0f,0f,0f,1f],start_interpolation: 0,interpolation_duration: 1}
$data merge entity $(bone_bone8) {transformation: [0.6395f,0.4958f,-0.5876f,-0.3294f,0.4204f,0.4144f,0.8072f,-1.0777f,0.6437f,-0.7632f,0.0566f,1.896f,0f,0f,0f,1f],start_interpolation: 0,interpolation_duration: 1}
$data merge entity $(bone_bone9) {transformation: [0.6395f,0.4958f,-0.5876f,-0.5693f,0.4204f,0.4144f,0.8072f,-1.2354f,0.6437f,-0.7632f,0.0566f,1.6546f,0f,0f,0f,1f],start_interpolation: 0,interpolation_duration: 1}
$data merge entity $(bone_1) {transformation: [-0.5876f,0.4958f,-0.6395f,-0.3719f,0.8072f,0.4144f,-0.4204f,-1.0918f,0.0566f,-0.7632f,-0.6437f,1.656f,0f,0f,0f,1f],start_interpolation: 0,interpolation_duration: 1}
$data merge entity $(bone_4) {transformation: [-0.8961f,-0.3828f,0.2245f,0.5057f,-0.4378f,0.6802f,-0.5879f,-1.3202f,0.0724f,-0.6251f,-0.7772f,1.569f,0f,0f,0f,1f],start_interpolation: 0,interpolation_duration: 1}
$data merge entity $(bone_bone1) {transformation: [-0.9632f,-0.1638f,0.1321f,0.6627f,-0.2625f,0.6469f,-0.2776f,-0.9187f,-0.0571f,-0.2114f,-0.9516f,1.6231f,0f,0f,0f,1f],start_interpolation: -1,interpolation_duration: 0}
$data merge entity $(bone_3) {transformation: [-0.8961f,-0.4148f,-0.1577f,0.3696f,-0.4378f,0.8844f,0.1617f,-1.0278f,0.0724f,0.214f,-0.9742f,1.6524f,0f,0f,0f,1f],start_interpolation: 0,interpolation_duration: 1}
$data merge entity $(bone_6) {transformation: [-0.9944f,0.0583f,0.0877f,-0.1564f,0.1015f,0.7532f,0.6499f,-1.9977f,-0.0281f,0.6552f,-0.7549f,1.7566f,0f,0f,0f,1f],start_interpolation: 0,interpolation_duration: 1}
$data merge entity $(bone_5) {transformation: [-0.9944f,0.1022f,0.0252f,-0.1225f,0.1015f,0.9944f,-0.0297f,-1.6719f,-0.0281f,-0.0269f,-0.9992f,1.7322f,0f,0f,0f,1f],start_interpolation: 0,interpolation_duration: 1}
$data merge entity $(bone_8) {transformation: [-0.9744f,-0.0245f,-0.2235f,0.1726f,-0.075f,0.9725f,0.2205f,-1.9718f,0.2119f,0.2316f,-0.9494f,1.8466f,0f,0f,0f,1f],start_interpolation: 0,interpolation_duration: 1}
$data merge entity $(bone_7) {transformation: [-0.9744f,-0.133f,-0.1813f,0.1268f,-0.075f,0.9525f,-0.2953f,-1.6737f,0.2119f,-0.2742f,-0.938f,1.7416f,0f,0f,0f,1f],start_interpolation: 0,interpolation_duration: 1}
$data merge entity $(bone_guide13) {transformation: [0.239f,-0.2013f,1.4224f,0.3441f,-0.5617f,-0.8268f,-0.0337f,-0.9835f,0.7921f,-0.5254f,-0.4638f,1.4512f,0f,0f,0f,1f],start_interpolation: 0,interpolation_duration: 1}
$data merge entity $(bone_guide9) {transformation: [0.9775f,-0.45f,1.1814f,-0.495f,-0.7405f,-0.5237f,0.4153f,-1.5634f,0.1007f,-0.7361f,-0.765f,1.1923f,0f,0f,0f,1f],start_interpolation: 0,interpolation_duration: 1}
$data merge entity $(bone_guide10) {transformation: [0.6146f,-0.2108f,1.46f,-0.5411f,-0.8652f,-0.388f,0.3099f,-1.6672f,0.2134f,-0.8924f,-0.5434f,1.0624f,0f,0f,0f,1f],start_interpolation: 0,interpolation_duration: 1}
$data merge entity $(bone_guide18) {transformation: [0.1668f,-0.0944f,1.5865f,0.2331f,-0.831f,-0.549f,0.0563f,-1.428f,0.5306f,-0.8321f,-0.4041f,1.1074f,0f,0f,0f,1f],start_interpolation: 0,interpolation_duration: 1}
$data merge entity $(bone_guide21) {transformation: [0.1744f,-0.0795f,1.5865f,0.1218f,-0.78f,-0.6193f,0.0563f,-1.8142f,0.6011f,-0.7827f,-0.4041f,0.4847f,0f,0f,0f,1f],start_interpolation: 0,interpolation_duration: 1}
$data merge entity $(bone_guide22) {transformation: [0.1807f,-0.064f,1.5865f,0.0634f,-0.723f,-0.685f,0.0563f,-1.9159f,0.667f,-0.7273f,-0.4041f,0.3764f,0f,0f,0f,1f],start_interpolation: 0,interpolation_duration: 1}
$data merge entity $(bone_guide23) {transformation: [0.6966f,0.0235f,1.4381f,-0.5386f,-0.8014f,-0.4416f,0.3972f,-1.7377f,0.2899f,-0.9198f,-0.4551f,0.8726f,0f,0f,0f,1f],start_interpolation: 0,interpolation_duration: 1}
$data merge entity $(bone_guide24) {transformation: [0.5448f,-0.2223f,1.4858f,-0.4625f,-0.8078f,-0.5438f,0.2165f,-1.8149f,0.3922f,-0.8022f,-0.5829f,0.6521f,0f,0f,0f,1f],start_interpolation: 0,interpolation_duration: 1}
$data merge entity $(bone_guide25) {transformation: [1.3303f,-0.4425f,0.767f,-0.6541f,-0.5412f,-0.5737f,0.6108f,-1.8375f,-0.1345f,-0.703f,-0.7905f,0.7333f,0f,0f,0f,1f],start_interpolation: 0,interpolation_duration: 1}
$data merge entity $(bone_guide26) {transformation: [1.5153f,-0.4167f,0.2897f,-0.7856f,-0.3092f,-0.6503f,0.6903f,-1.8739f,-0.3431f,-0.6482f,-0.7742f,0.8551f,0f,0f,0f,1f],start_interpolation: 0,interpolation_duration: 1}
$data merge entity $(bone_guide27) {transformation: [1.4359f,-0.3898f,0.5831f,-0.6986f,-0.4337f,-0.5877f,0.6794f,-1.7321f,-0.2138f,-0.7132f,-0.7635f,0.9437f,0f,0f,0f,1f],start_interpolation: 0,interpolation_duration: 1}
$data merge entity $(bone_guide28) {transformation: [1.4924f,-0.4626f,0.3353f,-0.6843f,-0.3521f,-0.6713f,0.6484f,-1.75f,-0.3229f,-0.6074f,-0.8148f,1.0185f,0f,0f,0f,1f],start_interpolation: 0,interpolation_duration: 1}
$data merge entity $(bone_guide29) {transformation: [1.4924f,-0.3974f,0.4105f,-0.6143f,-0.3521f,-0.5486f,0.7551f,-1.6962f,-0.3229f,-0.7397f,-0.697f,1.1654f,0f,0f,0f,1f],start_interpolation: 0,interpolation_duration: 1}
$data merge entity $(bone_guide30) {transformation: [1.5621f,-0.3038f,0.1458f,-0.6011f,-0.1929f,-0.6487f,0.7329f,-1.5469f,-0.3711f,-0.6931f,-0.7205f,1.3466f,0f,0f,0f,1f],start_interpolation: 0,interpolation_duration: 1}
$data merge entity $(bone_guide46) {transformation: [0.1668f,-0.0944f,1.5865f,0.2103f,-0.831f,-0.549f,0.0563f,-1.5514f,0.5306f,-0.8321f,-0.4041f,0.8853f,0f,0f,0f,1f],start_interpolation: 0,interpolation_duration: 1}
$data merge entity $(bone_guide94) {transformation: [-0.1916f,-0.0588f,-1.5854f,-0.5134f,0.8299f,-0.5475f,-0.0816f,-1.5828f,-0.5243f,-0.841f,0.3936f,1.0673f,0f,0f,0f,1f],start_interpolation: 0,interpolation_duration: 1}
$data merge entity $(bone_guide15) {transformation: [0.2014f,0.0661f,-1.5839f,0.0827f,0.8402f,-0.5312f,0.0831f,-1.7913f,-0.5799f,-0.8747f,0.1891f,0.515f,0f,0f,0f,1f],start_interpolation: 0,interpolation_duration: 1}
$data merge entity $(bone_guide19) {transformation: [1.1399f,0.3045f,-1.0779f,0.2877f,0.6485f,-0.5412f,0.5307f,-1.7966f,-0.4868f,-0.8909f,-0.3265f,0.4965f,0f,0f,0f,1f],start_interpolation: 0,interpolation_duration: 1}
$data merge entity $(bone_guide43) {transformation: [1.4236f,0.3145f,-0.6544f,0.4536f,0.4369f,-0.6186f,0.6493f,-1.82f,-0.396f,-0.8321f,-0.5367f,0.5435f,0f,0f,0f,1f],start_interpolation: 0,interpolation_duration: 1}
$data merge entity $(bone_guide44) {transformation: [1.284f,0.2562f,-0.9162f,0.372f,0.5519f,-0.5596f,0.6143f,-1.6856f,-0.4702f,-0.8757f,-0.3864f,0.6744f,0f,0f,0f,1f],start_interpolation: 0,interpolation_duration: 1}
$data merge entity $(bone_guide45) {transformation: [0.3733f,-0.2167f,-1.5386f,0.2049f,0.8479f,-0.4521f,0.2678f,-1.7054f,-0.5589f,-0.8594f,0.2936f,0.6856f,0f,0f,0f,1f],start_interpolation: 0,interpolation_duration: 1}
$data merge entity $(bone_guide47) {transformation: [1.3872f,0.3736f,-0.6998f,0.3863f,0.4772f,-0.635f,0.6034f,-1.7035f,-0.4013f,-0.8177f,-0.5545f,0.7492f,0f,0f,0f,1f],start_interpolation: 0,interpolation_duration: 1}
$data merge entity $(bone_guide48) {transformation: [0.3091f,-0.0058f,-1.5679f,0.2519f,0.9053f,-0.3791f,0.1783f,-1.6327f,-0.4457f,-0.9439f,0.2181f,0.8629f,0f,0f,0f,1f],start_interpolation: 0,interpolation_duration: 1}
$data merge entity $(bone_guide42) {transformation: [0.7019f,0.2902f,-1.406f,0.2287f,0.8135f,-0.4915f,0.3029f,-1.5319f,-0.5231f,-0.9222f,-0.1143f,1.0103f,0f,0f,0f,1f],start_interpolation: 0,interpolation_duration: 1}
$data merge entity $(bone_guide41) {transformation: [1.4998f,0.1971f,-0.5154f,0.3704f,0.326f,-0.6269f,0.7041f,-1.5047f,-0.399f,-0.8191f,-0.5542f,1.1022f,0f,0f,0f,1f],start_interpolation: 0,interpolation_duration: 1}
$data merge entity $(bone_guide40) {transformation: [1.3872f,0.2464f,-0.7541f,0.3572f,0.4772f,-0.5206f,0.7045f,-1.6539f,-0.4013f,-0.9016f,-0.4041f,0.921f,0f,0f,0f,1f],start_interpolation: 0,interpolation_duration: 1}
$data merge entity $(bone_guide91) {transformation: [-0.1916f,-0.0588f,-1.5854f,-0.5362f,0.8299f,-0.5475f,-0.0816f,-1.7062f,-0.5243f,-0.841f,0.3936f,0.8451f,0f,0f,0f,1f],start_interpolation: 0,interpolation_duration: 1}
$data merge entity $(bone_guide61) {transformation: [-0.1916f,-0.0588f,-1.5854f,-0.4906f,0.8299f,-0.5475f,-0.0816f,-1.4595f,-0.5243f,-0.841f,0.3936f,1.2894f,0f,0f,0f,1f],start_interpolation: 0,interpolation_duration: 1}
$data merge entity $(bone_guide90) {transformation: [-0.196f,-0.0418f,-1.5854f,-0.5028f,0.779f,-0.6177f,-0.0816f,-1.8414f,-0.5957f,-0.7921f,0.3936f,0.6418f,0f,0f,0f,1f],start_interpolation: 0,interpolation_duration: 1}
$data merge entity $(bone_guide92) {transformation: [-0.1989f,-0.0246f,-1.5854f,-0.462f,0.7222f,-0.6832f,-0.0816f,-1.9387f,-0.6624f,-0.7372f,0.3936f,0.5085f,0f,0f,0f,1f],start_interpolation: 0,interpolation_duration: 1}
$data merge entity $(bone_guide93) {transformation: [0.1668f,-0.0944f,1.5865f,0.1874f,-0.831f,-0.549f,0.0563f,-1.6748f,0.5306f,-0.8321f,-0.4041f,0.6631f,0f,0f,0f,1f],start_interpolation: 0,interpolation_duration: 1}
$data merge entity $(bone_guide57) {transformation: [-0.2428f,-0.1894f,-1.4234f,-0.2419f,0.6319f,-0.7752f,0.0064f,-1.0637f,-0.7361f,-0.6028f,0.4619f,1.543f,0f,0f,0f,1f],start_interpolation: 0,interpolation_duration: 1}
$data merge entity $(bone_guide58) {transformation: [-0.2584f,-0.1675f,-1.4234f,-0.3674f,0.5619f,-0.8273f,0.0064f,-0.9734f,-0.7858f,-0.5364f,0.4619f,1.6827f,0f,0f,0f,1f],start_interpolation: 0,interpolation_duration: 1}
$data merge entity $(bone_guide17) {transformation: [0.2206f,-0.2213f,1.4224f,0.1812f,-0.6316f,-0.7747f,-0.0337f,-1.273f,0.7433f,-0.5924f,-0.4638f,1.1897f,0f,0f,0f,1f],start_interpolation: 0,interpolation_duration: 1}
$data merge entity $(bone_guide89) {transformation: [-0.2428f,-0.1894f,-1.4234f,-0.3969f,0.6319f,-0.7752f,0.0064f,-1.2649f,-0.7361f,-0.6028f,0.4619f,1.3778f,0f,0f,0f,1f],start_interpolation: 0,interpolation_duration: 1}
$data merge entity $(bone_guide11) {transformation: [0.2206f,-0.2213f,1.4224f,0.1781f,-0.6316f,-0.7747f,-0.0337f,-1.1318f,0.7433f,-0.5924f,-0.4638f,1.3253f,0f,0f,0f,1f],start_interpolation: 0,interpolation_duration: 1}
$data merge entity $(bone_guide60) {transformation: [-0.2428f,-0.1894f,-1.4234f,-0.311f,0.6319f,-0.7752f,0.0064f,-1.1249f,-0.7361f,-0.6028f,0.4619f,1.4844f,0f,0f,0f,1f],start_interpolation: 0,interpolation_duration: 1}
$data merge entity $(bone_guide12) {transformation: [0.2206f,-0.2213f,1.4224f,0.1583f,-0.6316f,-0.7747f,-0.0337f,-1.0694f,0.7433f,-0.5924f,-0.4638f,1.4128f,0f,0f,0f,1f],start_interpolation: 0,interpolation_duration: 1}
$data merge entity $(bone_guide5) {transformation: [1.2836f,-0.4817f,0.4911f,-0.4064f,-0.478f,-0.7011f,0.5293f,-1.1572f,-0.1588f,-0.5639f,-0.8806f,1.5706f,0f,0f,0f,1f],start_interpolation: 0,interpolation_duration: 1}
$data merge entity $(bone_guide7) {transformation: [1.1784f,-0.433f,0.7381f,-0.4403f,-0.5524f,-0.7032f,0.4479f,-1.3912f,0.0255f,-0.5874f,-0.8792f,1.3255f,0f,0f,0f,1f],start_interpolation: 0,interpolation_duration: 1}
$data merge entity $(bone_guide6) {transformation: [0.1674f,-0.5068f,1.355f,-0.2731f,-0.7843f,-0.6044f,-0.1408f,-1.2644f,0.5975f,-0.6475f,-0.5851f,1.456f,0f,0f,0f,1f],start_interpolation: 0,interpolation_duration: 1}
$data merge entity $(bone_guide31) {transformation: [1.4003f,-0.3979f,0.0414f,-0.5382f,-0.2623f,-0.8328f,0.4877f,-1.389f,-0.354f,-0.4232f,-0.9024f,1.4476f,0f,0f,0f,1f],start_interpolation: 0,interpolation_duration: 1}
$data merge entity $(bone_guide49) {transformation: [0.9516f,-0.0135f,-1.1023f,0.1823f,0.5223f,-0.7091f,0.4739f,-1.4f,-0.7183f,-0.7238f,-0.2805f,1.123f,0f,0f,0f,1f],start_interpolation: 0,interpolation_duration: 1}
$data merge entity $(bone_guide50) {transformation: [1.3467f,0.0514f,-0.5518f,0.3334f,0.2236f,-0.8391f,0.4961f,-1.4013f,-0.5397f,-0.5693f,-0.7094f,1.1641f,0f,0f,0f,1f],start_interpolation: 0,interpolation_duration: 1}
$data merge entity $(bone_guide39) {transformation: [1.3371f,0.2161f,-0.535f,0.3441f,0.2959f,-0.8566f,0.4231f,-1.2998f,-0.488f,-0.55f,-0.7602f,1.2684f,0f,0f,0f,1f],start_interpolation: 0,interpolation_duration: 1}
$data merge entity $(bone_guide51) {transformation: [-0.1961f,0.0133f,-1.443f,0.1272f,0.7847f,-0.6117f,-0.1013f,-1.2701f,-0.5881f,-0.8167f,0.3251f,1.3258f,0f,0f,0f,1f],start_interpolation: 0,interpolation_duration: 1}
$data merge entity $(bone_guide52) {transformation: [1.1431f,0.0398f,-0.9014f,0.3051f,0.4437f,-0.7085f,0.549f,-1.1673f,-0.6306f,-0.7335f,-0.4276f,1.3392f,0f,0f,0f,1f],start_interpolation: 0,interpolation_duration: 1}
$data merge entity $(bone_guide38) {transformation: [1.3383f,0.2091f,-0.5348f,0.355f,0.3137f,-0.8081f,0.4987f,-1.2269f,-0.4607f,-0.6272f,-0.7162f,1.4196f,0f,0f,0f,1f],start_interpolation: 0,interpolation_duration: 1}
$data merge entity $(bone_guide34) {transformation: [1.3371f,0.2161f,-0.535f,0.3767f,0.2959f,-0.8566f,0.4231f,-1.2549f,-0.488f,-0.55f,-0.7602f,1.3665f,0f,0f,0f,1f],start_interpolation: 0,interpolation_duration: 1}
$data merge entity $(bone_guide20) {transformation: [0.2206f,-0.2213f,1.4224f,0.1647f,-0.6316f,-0.7747f,-0.0337f,-1.4484f,0.7433f,-0.5924f,-0.4638f,1.0256f,0f,0f,0f,1f],start_interpolation: 0,interpolation_duration: 1}
$data merge entity $(bone_guide97) {transformation: [-0.2428f,-0.1894f,-1.4234f,-0.4846f,0.6319f,-0.7752f,0.0064f,-1.4393f,-0.7361f,-0.6028f,0.4619f,1.2368f,0f,0f,0f,1f],start_interpolation: 0,interpolation_duration: 1}
$data merge entity $(item_display_blade) {transformation: [0f,0f,0f,-0.3664f,0f,0f,0f,-1.2924f,0f,0f,0f,0.0257f,0f,0f,0f,1f],start_interpolation: 0,interpolation_duration: 1}