# This file was generated by Animated Java via MC-Build. It is not recommended to edit this file directly.
$data merge entity $(bone_layer) {transformation: [-0.9987f,-0.0203f,-0.0469f,-0.0251f,-0.0026f,0.937f,-0.3494f,1.3567f,0.051f,-0.3488f,-0.9358f,-0.4458f,0f,0f,0f,1f],start_interpolation: 0,interpolation_duration: 1}
$data merge entity $(bone_head) {transformation: [-0.9987f,-0.0203f,-0.0469f,-0.0251f,-0.0026f,0.937f,-0.3494f,1.3567f,0.051f,-0.3488f,-0.9358f,-0.4458f,0f,0f,0f,1f],start_interpolation: 0,interpolation_duration: 1}
$data merge entity $(bone_6) {transformation: [-0.9973f,0.0403f,-0.0611f,0.209f,0.052f,0.9779f,-0.2023f,0.7075f,0.0516f,-0.2049f,-0.9774f,0.0168f,0f,0f,0f,1f],start_interpolation: 0,interpolation_duration: 1}
$data merge entity $(bone_12) {transformation: [-0.9903f,-0.1367f,-0.0268f,0.1652f,0.0569f,-0.2211f,-0.9736f,0.6424f,0.1272f,-0.9656f,0.2267f,-0.2955f,0f,0f,0f,1f],start_interpolation: 0,interpolation_duration: 1}
$data merge entity $(bone_10) {transformation: [-0.9896f,-0.0019f,0.1435f,0.0045f,-0.0529f,0.9342f,-0.3527f,1.043f,-0.1334f,-0.3566f,-0.9247f,-0.4398f,0f,0f,0f,1f],start_interpolation: 0,interpolation_duration: 1}
$data merge entity $(bone_9) {transformation: [-0.9887f,-0.0939f,0.1165f,-0.0278f,-0.1031f,0.9918f,-0.0759f,1.3708f,-0.1084f,-0.0871f,-0.9903f,-0.4574f,0f,0f,0f,1f],start_interpolation: 0,interpolation_duration: 1}
$data merge entity $(bone_2) {transformation: [0.9525f,-0.2177f,-0.2087f,-0.2487f,-0.1525f,-0.9452f,0.2885f,1.4251f,-0.2598f,-0.2432f,-0.9345f,-0.2434f,0f,0f,0f,1f],start_interpolation: 0,interpolation_duration: 1}
$data merge entity $(bone_1) {transformation: [0.9534f,-0.2948f,-0.0634f,-0.3408f,-0.1527f,-0.6533f,0.7415f,1.221f,-0.2601f,-0.6973f,-0.6679f,-0.4613f,0f,0f,0f,1f],start_interpolation: 0,interpolation_duration: 1}
$data merge entity $(bone_4) {transformation: [-0.9669f,0.2214f,0.1194f,0.3315f,-0.2468f,-0.9261f,-0.2853f,1.4383f,0.0474f,-0.3056f,0.951f,-0.2732f,0f,0f,0f,1f],start_interpolation: 0,interpolation_duration: 1}
$data merge entity $(bone_3) {transformation: [-0.963f,0.1008f,0.25f,0.3536f,-0.2665f,-0.497f,-0.8258f,1.3166f,0.041f,-0.8619f,0.5055f,-0.5449f,0f,0f,0f,1f],start_interpolation: 0,interpolation_duration: 1}
$data merge entity $(bone_8) {transformation: [-0.9956f,-0.0372f,0.0862f,-0.1219f,0.0303f,0.7413f,0.6705f,0.3795f,-0.0889f,0.6701f,-0.7369f,-0.3792f,0f,0f,0f,1f],start_interpolation: 0,interpolation_duration: 1}
$data merge entity $(bone_7) {transformation: [-0.9952f,0.0018f,0.0982f,-0.1201f,0.0237f,0.9747f,0.2223f,0.699f,-0.0953f,0.2235f,-0.97f,-0.3187f,0f,0f,0f,1f],start_interpolation: 0,interpolation_duration: 1}
$data merge entity $(item_display_item_display1) {transformation: [0.2576f,-0.0813f,-1.9817f,0.0251f,1.7793f,0.8924f,0.1947f,1.9077f,0.8763f,-1.788f,0.1872f,0.0135f,0f,0f,0f,1f],start_interpolation: 0,interpolation_duration: 1}
data modify entity @s data merge value {"cameras":{"camera3":{"px":2.2555000000000005,"py":1.2875,"pz":-0.5195000000000005,"ry":80.43999999999996,"rx":9.744649170627969e-17}},"locators":{}}