# This file was generated by Animated Java via MC-Build. It is not recommended to edit this file directly.
$data merge entity $(bone_layer) {transformation: [-0.9998f,0.0122f,0.0178f,-0.0137f,-0.0046f,0.6842f,-0.7293f,1.2628f,-0.0211f,-0.7292f,-0.6839f,-0.7048f,0f,0f,0f,1f],start_interpolation: 0,interpolation_duration: 1}
$data merge entity $(bone_head) {transformation: [-0.9998f,0.0122f,0.0178f,-0.0137f,-0.0046f,0.6842f,-0.7293f,1.2628f,-0.0211f,-0.7292f,-0.6839f,-0.7048f,0f,0f,0f,1f],start_interpolation: 0,interpolation_duration: 1}
$data merge entity $(bone_6) {transformation: [-0.9932f,-0.0744f,0.0895f,0.1693f,-0.1095f,0.8584f,-0.5013f,0.8693f,-0.0395f,-0.5076f,-0.8607f,-0.1f,0f,0f,0f,1f],start_interpolation: 0,interpolation_duration: 1}
$data merge entity $(bone_12) {transformation: [-0.9983f,0.0121f,0.0562f,0.1729f,-0.0452f,-0.7703f,-0.6361f,0.6253f,0.0356f,-0.6376f,0.7696f,-0.3101f,0f,0f,0f,1f],start_interpolation: 0,interpolation_duration: 1}
$data merge entity $(bone_10) {transformation: [-0.9792f,0.021f,0.2019f,0.0156f,-0.1078f,0.7889f,-0.6051f,0.9673f,-0.1719f,-0.6142f,-0.7702f,-0.5749f,0f,0f,0f,1f],start_interpolation: 0,interpolation_duration: 1}
$data merge entity $(bone_9) {transformation: [-0.9809f,-0.0824f,0.1761f,-0.0139f,-0.1554f,0.8768f,-0.4551f,1.2686f,-0.1169f,-0.4738f,-0.8728f,-0.7281f,0f,0f,0f,1f],start_interpolation: 0,interpolation_duration: 1}
$data merge entity $(bone_2) {transformation: [0.9612f,-0.2132f,-0.1696f,-0.2394f,-0.2306f,-0.9687f,-0.0914f,1.3843f,-0.1447f,0.1271f,-0.9813f,-0.559f,0f,0f,0f,1f],start_interpolation: 0,interpolation_duration: 1}
$data merge entity $(bone_1) {transformation: [0.9622f,-0.2707f,-0.0307f,-0.324f,-0.2308f,-0.8697f,0.4364f,1.1126f,-0.1448f,-0.4128f,-0.8992f,-0.688f,0f,0f,0f,1f],start_interpolation: 0,interpolation_duration: 1}
$data merge entity $(bone_4) {transformation: [-0.963f,0.2578f,0.0654f,0.3364f,-0.2508f,-0.9632f,0.0962f,1.4043f,0.0877f,0.0763f,0.9932f,-0.564f,0f,0f,0f,1f],start_interpolation: 0,interpolation_duration: 1}
$data merge entity $(bone_3) {transformation: [-0.961f,0.1556f,0.2286f,0.3755f,-0.262f,-0.7771f,-0.5723f,1.1915f,0.0886f,-0.6099f,0.7876f,-0.7696f,0f,0f,0f,1f],start_interpolation: 0,interpolation_duration: 1}
$data merge entity $(bone_8) {transformation: [-0.9937f,-0.085f,0.0726f,-0.0965f,-0.0428f,0.8893f,0.4552f,0.3471f,-0.1033f,0.4493f,-0.8874f,-0.3295f,0f,0f,0f,1f],start_interpolation: 0,interpolation_duration: 1}
$data merge entity $(bone_7) {transformation: [-0.9923f,-0.0465f,0.1145f,-0.1101f,-0.0563f,0.9948f,-0.0845f,0.6694f,-0.1099f,-0.0903f,-0.9898f,-0.3712f,0f,0f,0f,1f],start_interpolation: 0,interpolation_duration: 1}
$data merge entity $(item_display_item_display1) {transformation: [0.337f,0.1798f,-1.9632f,0.0809f,1.9641f,0.1411f,0.3501f,2.1023f,0.17f,-1.9869f,-0.1528f,-0.3683f,0f,0f,0f,1f],start_interpolation: 0,interpolation_duration: 1}
data modify entity @s data merge value {"cameras":{"camera3":{"px":2.513671875,"py":1.40576171875,"pz":-1.1323242187499998,"ry":65.42968749999993,"rx":6.353512344341799e-16}},"locators":{}}