# This file was generated by Animated Java via MC-Build. It is not recommended to edit this file directly.
$data merge entity $(bone_layer) {transformation: [-0.9941f,0.0297f,-0.1039f,0.0052f,-0.0016f,0.9572f,0.2895f,1.2952f,0.108f,0.288f,-0.9515f,-0.0162f,0f,0f,0f,1f],start_interpolation: 0,interpolation_duration: 1}
$data merge entity $(bone_head) {transformation: [-0.9941f,0.0297f,-0.1039f,0.0052f,-0.0016f,0.9572f,0.2895f,1.2952f,0.108f,0.288f,-0.9515f,-0.0162f,0f,0f,0f,1f],start_interpolation: 0,interpolation_duration: 1}
$data merge entity $(bone_6) {transformation: [-0.9963f,-0.0687f,-0.052f,0.1994f,-0.0545f,0.9702f,-0.2363f,0.6279f,0.0667f,-0.2326f,-0.9703f,0.0855f,0f,0f,0f,1f],start_interpolation: 0,interpolation_duration: 1}
$data merge entity $(bone_12) {transformation: [-0.9904f,-0.1243f,0.0601f,0.159f,-0.0551f,-0.0436f,-0.9975f,0.6201f,0.1266f,-0.9913f,0.0364f,-0.2338f,0f,0f,0f,1f],start_interpolation: 0,interpolation_duration: 1}
$data merge entity $(bone_10) {transformation: [-0.9992f,0.0302f,-0.0273f,0.0261f,0.0255f,0.9871f,0.1579f,1.0477f,0.0317f,0.1571f,-0.9871f,-0.1662f,0f,0f,0f,1f],start_interpolation: 0,interpolation_duration: 1}
$data merge entity $(bone_9) {transformation: [-0.9993f,-0.0042f,-0.0369f,0.0251f,-0.0211f,0.8825f,0.4699f,1.3177f,0.0306f,0.4704f,-0.8819f,-0.0117f,0f,0f,0f,1f],start_interpolation: 0,interpolation_duration: 1}
$data merge entity $(bone_2) {transformation: [0.9383f,-0.2776f,-0.202f,-0.2122f,0.0735f,-0.412f,0.9082f,1.1829f,-0.335f,-0.8678f,-0.3666f,0.2018f,0f,0f,0f,1f],start_interpolation: 0,interpolation_duration: 1}
$data merge entity $(bone_1) {transformation: [0.9392f,-0.3427f,-0.0216f,-0.3193f,0.0736f,0.1393f,0.9875f,1.2265f,-0.3354f,-0.9291f,0.156f,-0.0886f,0f,0f,0f,1f],start_interpolation: 0,interpolation_duration: 1}
$data merge entity $(bone_4) {transformation: [-0.9793f,0.1533f,0.125f,0.3582f,-0.1785f,-0.4153f,-0.892f,1.1683f,-0.0848f,-0.8967f,0.4344f,0.1147f,0f,0f,0f,1f],start_interpolation: 0,interpolation_duration: 1}
$data merge entity $(bone_3) {transformation: [-0.98f,0.03f,0.1968f,0.361f,-0.1794f,0.2957f,-0.9383f,1.2854f,-0.0864f,-0.9548f,-0.2844f,-0.1599f,0f,0f,0f,1f],start_interpolation: 0,interpolation_duration: 1}
$data merge entity $(bone_8) {transformation: [-0.9986f,0.0378f,0.0373f,-0.1319f,0.0531f,0.698f,0.7141f,0.3778f,0.0009f,0.7151f,-0.699f,-0.2633f,0f,0f,0f,1f],start_interpolation: 0,interpolation_duration: 1}
$data merge entity $(bone_7) {transformation: [-0.9992f,0.0352f,0.02f,-0.1202f,0.0385f,0.9795f,0.1977f,0.6986f,-0.0126f,0.1984f,-0.98f,-0.211f,0f,0f,0f,1f],start_interpolation: 0,interpolation_duration: 1}
$data merge entity $(item_display_item_display1) {transformation: [0.2033f,-0.1249f,-1.9857f,0.0012f,0.6447f,1.8925f,-0.053f,1.4938f,1.8823f,-0.6347f,0.2326f,0.815f,0f,0f,0f,1f],start_interpolation: 0,interpolation_duration: 1}
data modify entity @s data merge value {"cameras":{"camera3":{"px":2.455078125,"py":1.36181640625,"pz":-1.0297851562499998,"ry":68.47656250000001,"rx":4.892921999210441e-16}},"locators":{}}