# This file was generated by Animated Java via MC-Build. It is not recommended to edit this file directly.
$data merge entity $(bone_layer) {transformation: [-0.9007f,0.3147f,-0.2995f,0.0846f,-0.1005f,0.5198f,0.8483f,1.1543f,0.4227f,0.7942f,-0.4366f,0.279f,0f,0f,0f,1f],start_interpolation: 0,interpolation_duration: 1}
$data merge entity $(bone_head) {transformation: [-0.9007f,0.3147f,-0.2995f,0.0846f,-0.1005f,0.5198f,0.8483f,1.1543f,0.4227f,0.7942f,-0.4366f,0.279f,0f,0f,0f,1f],start_interpolation: 0,interpolation_duration: 1}
$data merge entity $(bone_6) {transformation: [-0.962f,-0.0939f,-0.2564f,0.2137f,-0.2513f,0.6718f,0.6968f,0.3359f,0.1069f,0.7348f,-0.6698f,-0.2462f,0f,0f,0f,1f],start_interpolation: 0,interpolation_duration: 1}
$data merge entity $(bone_12) {transformation: [-0.9627f,-0.1944f,-0.1882f,0.1523f,-0.2476f,0.9133f,0.3232f,0.6279f,0.109f,0.3578f,-0.9274f,-0.1253f,0f,0f,0f,1f],start_interpolation: 0,interpolation_duration: 1}
$data merge entity $(bone_10) {transformation: [-0.9409f,0.0392f,-0.3365f,-0.0112f,-0.0304f,0.9795f,0.1992f,0.9936f,0.3374f,0.1976f,-0.9204f,0.0557f,0f,0f,0f,1f],start_interpolation: 0,interpolation_duration: 1}
$data merge entity $(bone_9) {transformation: [-0.9404f,0.2623f,-0.2166f,0.0728f,-0.0278f,0.5754f,0.8174f,1.1488f,0.339f,0.7747f,-0.5338f,0.3014f,0f,0f,0f,1f],start_interpolation: 0,interpolation_duration: 1}
$data merge entity $(bone_2) {transformation: [0.6297f,-0.7666f,0.1222f,-0.0887f,0.1766f,0.2951f,0.939f,0.8093f,-0.7552f,-0.5703f,0.3215f,0.4201f,0f,0f,0f,1f],start_interpolation: 0,interpolation_duration: 1}
$data merge entity $(bone_1) {transformation: [0.6303f,-0.5056f,0.5891f,-0.2467f,0.1768f,0.8324f,0.5253f,1.0695f,-0.7559f,-0.227f,0.614f,0.3492f,0f,0f,0f,1f],start_interpolation: 0,interpolation_duration: 1}
$data merge entity $(bone_4) {transformation: [-0.9573f,0.128f,0.2555f,0.4416f,-0.1893f,0.3844f,-0.9035f,0.8946f,-0.2136f,-0.9142f,-0.3441f,0.2327f,0f,0f,0f,1f],start_interpolation: 0,interpolation_duration: 1}
$data merge entity $(bone_3) {transformation: [-0.9583f,-0.2496f,0.1392f,0.3632f,-0.2819f,0.9056f,-0.3169f,1.1733f,-0.047f,-0.3429f,-0.9382f,0.1602f,0f,0f,0f,1f],start_interpolation: 0,interpolation_duration: 1}
$data merge entity $(bone_8) {transformation: [-0.996f,-0.0077f,-0.0896f,-0.0606f,-0.003f,0.9987f,-0.0516f,0.3409f,0.0899f,-0.0511f,-0.9946f,0.1241f,0f,0f,0f,1f],start_interpolation: 0,interpolation_duration: 1}
$data merge entity $(bone_7) {transformation: [-0.9959f,-0.0433f,-0.0789f,-0.0756f,-0.002f,0.8872f,-0.4615f,0.6234f,0.0899f,-0.4594f,-0.8837f,-0.0363f,0f,0f,0f,1f],start_interpolation: 0,interpolation_duration: 1}
$data merge entity $(item_display_item_display1) {transformation: [-0.753f,0.5214f,-1.778f,0.2949f,-1.0778f,1.4378f,0.8781f,0.7903f,1.5071f,1.2887f,-0.2603f,0.8975f,0f,0f,0f,1f],start_interpolation: 0,interpolation_duration: 1}
data modify entity @s data merge value {"cameras":{"camera3":{"px":1.6874999999999998,"py":0.8634999999999999,"pz":1.0725000000000005,"ry":116.28,"rx":7.252397982759598e-16}},"locators":{}}