# This file was generated by Animated Java via MC-Build. It is not recommended to edit this file directly.
$data merge entity $(bone_layer) {transformation: [-0.8076f,0.4554f,-0.3747f,0.1388f,-0.0663f,0.5613f,0.825f,1.1919f,0.586f,0.6911f,-0.4231f,0.2082f,0f,0f,0f,1f],start_interpolation: 0,interpolation_duration: 1}
$data merge entity $(bone_head) {transformation: [-0.8076f,0.4554f,-0.3747f,0.1388f,-0.0663f,0.5613f,0.825f,1.1919f,0.586f,0.6911f,-0.4231f,0.2082f,0f,0f,0f,1f],start_interpolation: 0,interpolation_duration: 1}
$data merge entity $(bone_6) {transformation: [-0.9419f,0.0297f,-0.3344f,0.1906f,-0.2428f,0.6277f,0.7397f,0.3464f,0.2319f,0.7779f,-0.584f,-0.2829f,0f,0f,0f,1f],start_interpolation: 0,interpolation_duration: 1}
$data merge entity $(bone_12) {transformation: [-0.9421f,-0.134f,-0.3075f,0.1494f,-0.2416f,0.907f,0.345f,0.6361f,0.2327f,0.3994f,-0.8868f,-0.1488f,0f,0f,0f,1f],start_interpolation: 0,interpolation_duration: 1}
$data merge entity $(bone_10) {transformation: [-0.84f,0.0146f,-0.5424f,0.0098f,-0.0352f,0.9961f,0.0813f,1.006f,0.5415f,0.0873f,-0.8362f,0.0118f,0f,0f,0f,1f],start_interpolation: 0,interpolation_duration: 1}
$data merge entity $(bone_9) {transformation: [-0.8397f,0.3898f,-0.378f,0.1361f,-0.0342f,0.6567f,0.7534f,1.1881f,0.5419f,0.6456f,-0.5381f,0.2191f,0f,0f,0f,1f],start_interpolation: 0,interpolation_duration: 1}
$data merge entity $(bone_2) {transformation: [0.4344f,-0.8159f,0.3811f,-0.0687f,0.1575f,0.4857f,0.8598f,0.8166f,-0.8857f,-0.3138f,0.3398f,0.3465f,0f,0f,0f,1f],start_interpolation: 0,interpolation_duration: 1}
$data merge entity $(bone_1) {transformation: [0.4348f,-0.3353f,0.8357f,-0.1735f,0.1576f,0.9421f,0.296f,1.111f,-0.8866f,0.003f,0.4625f,0.3475f,0f,0f,0f,1f],start_interpolation: 0,interpolation_duration: 1}
$data merge entity $(bone_4) {transformation: [-0.9881f,-0.0215f,0.1459f,0.4695f,-0.1344f,0.5366f,-0.833f,0.9037f,-0.0603f,-0.8436f,-0.5336f,0.0391f,0f,0f,0f,1f],start_interpolation: 0,interpolation_duration: 1}
$data merge entity $(bone_3) {transformation: [-0.9437f,-0.3157f,-0.0988f,0.3789f,-0.3046f,0.9458f,-0.1126f,1.188f,0.129f,-0.0762f,-0.9887f,0.0474f,0f,0f,0f,1f],start_interpolation: 0,interpolation_duration: 1}
$data merge entity $(bone_8) {transformation: [-0.9922f,-0.0062f,-0.1247f,-0.0392f,-0.0034f,0.9997f,-0.0227f,0.3432f,0.1248f,-0.0221f,-0.9919f,0.1198f,0f,0f,0f,1f],start_interpolation: 0,interpolation_duration: 1}
$data merge entity $(bone_7) {transformation: [-0.9922f,-0.0577f,-0.1107f,-0.0593f,-0.0031f,0.8977f,-0.4406f,0.6295f,0.1249f,-0.4368f,-0.8908f,-0.0334f,0f,0f,0f,1f],start_interpolation: 0,interpolation_duration: 1}
$data merge entity $(item_display_item_display1) {transformation: [-0.9632f,0.7462f,-1.5861f,0.455f,-1.1842f,1.0573f,1.2165f,0.6759f,1.2923f,1.5249f,-0.0673f,0.7117f,0f,0f,0f,1f],start_interpolation: 0,interpolation_duration: 1}
data modify entity @s data merge value {"cameras":{"camera3":{"px":1.8775,"py":0.9095,"pz":0.7225000000000001,"ry":106.36,"rx":2.841005793912005e-16}},"locators":{}}