# This file was generated by Animated Java via MC-Build. It is not recommended to edit this file directly.
$data merge entity $(bone_layer) {transformation: [-0.9849f,-0.1215f,-0.1236f,-0.1021f,-0.171f,0.5635f,0.8082f,1.1384f,-0.0285f,0.8171f,-0.5758f,0.3134f,0f,0f,0f,1f],start_interpolation: 0,interpolation_duration: 1}
$data merge entity $(bone_head) {transformation: [-0.9849f,-0.1215f,-0.1236f,-0.1021f,-0.171f,0.5635f,0.8082f,1.1384f,-0.0285f,0.8171f,-0.5758f,0.3134f,0f,0f,0f,1f],start_interpolation: 0,interpolation_duration: 1}
$data merge entity $(bone_6) {transformation: [-0.9586f,-0.2845f,-0.0132f,0.232f,-0.2564f,0.8417f,0.4751f,0.3145f,-0.1241f,0.4588f,-0.8798f,-0.0982f,0f,0f,0f,1f],start_interpolation: 0,interpolation_duration: 1}
$data merge entity $(bone_12) {transformation: [-0.9586f,-0.253f,0.1308f,0.1497f,-0.2564f,0.9665f,-0.0094f,0.6256f,-0.1241f,-0.0426f,-0.9914f,-0.1057f,0f,0f,0f,1f],start_interpolation: 0,interpolation_duration: 1}
$data merge entity $(bone_10) {transformation: [-0.9709f,-0.1047f,0.2155f,-0.056f,-0.0113f,0.9184f,0.3954f,1.0111f,-0.2393f,0.3815f,-0.8929f,0.0568f,0f,0f,0f,1f],start_interpolation: 0,interpolation_duration: 1}
$data merge entity $(bone_9) {transformation: [-0.9709f,-0.2142f,0.1072f,-0.1233f,-0.0113f,0.4879f,0.8728f,1.1399f,-0.2393f,0.8462f,-0.4761f,0.3237f,0f,0f,0f,1f],start_interpolation: 0,interpolation_duration: 1}
$data merge entity $(bone_2) {transformation: [0.9469f,-0.1721f,-0.2682f,-0.3355f,0.1894f,-0.3721f,0.9086f,0.9878f,-0.2559f,-0.9121f,-0.3201f,0.5012f,0f,0f,0f,1f],start_interpolation: 0,interpolation_duration: 1}
$data merge entity $(bone_1) {transformation: [0.9479f,-0.2893f,-0.1338f,-0.4259f,0.1896f,0.1744f,0.9663f,1.0422f,-0.2562f,-0.9412f,0.2201f,0.207f,0f,0f,0f,1f],start_interpolation: 0,interpolation_duration: 1}
$data merge entity $(bone_4) {transformation: [-0.8691f,0.4842f,0.0933f,0.176f,-0.2517f,-0.2738f,-0.9282f,1.0592f,-0.4235f,-0.831f,0.3602f,0.5585f,0f,0f,0f,1f],start_interpolation: 0,interpolation_duration: 1}
$data merge entity $(bone_3) {transformation: [-0.8699f,0.294f,0.3959f,0.2509f,-0.252f,0.4252f,-0.8693f,1.2126f,-0.4239f,-0.856f,-0.2958f,0.3136f,0f,0f,0f,1f],start_interpolation: 0,interpolation_duration: 1}
$data merge entity $(bone_8) {transformation: [-0.9998f,0.0045f,-0.0194f,-0.1168f,0.0055f,0.9986f,-0.0523f,0.3582f,0.0192f,-0.0524f,-0.9984f,0.068f,0f,0f,0f,1f],start_interpolation: 0,interpolation_duration: 1}
$data merge entity $(bone_7) {transformation: [-0.9998f,-0.0041f,-0.0195f,-0.1184f,0.0055f,0.883f,-0.4694f,0.6393f,0.0192f,-0.4694f,-0.8828f,-0.0956f,0f,0f,0f,1f],start_interpolation: 0,interpolation_duration: 1}
$data merge entity $(item_display_item_display1) {transformation: [0f,0f,-2f,-0.125f,0f,2f,0f,1.2188f,2f,0f,0f,1.2188f,0f,0f,0f,1f],start_interpolation: 0,interpolation_duration: 1}
data modify entity @s data merge value {"cameras":{"camera3":{"px":1.3124999999999998,"py":0.8125,"pz":1.6875000000000002,"ry":135,"rx":2.0551465719261606e-15}},"locators":{}}