# This file was generated by Animated Java via MC-Build. It is not recommended to edit this file directly.
$data merge entity $(bone_layer) {transformation: [-0.964f,0.1371f,-0.2279f,0.0083f,-0.1352f,0.4853f,0.8638f,1.1194f,0.229f,0.8635f,-0.4493f,0.3336f,0f,0f,0f,1f],start_interpolation: 0,interpolation_duration: 1}
$data merge entity $(bone_head) {transformation: [-0.964f,0.1371f,-0.2279f,0.0083f,-0.1352f,0.4853f,0.8638f,1.1194f,0.229f,0.8635f,-0.4493f,0.3336f,0f,0f,0f,1f],start_interpolation: 0,interpolation_duration: 1}
$data merge entity $(bone_6) {transformation: [-0.9653f,-0.2106f,-0.1543f,0.2313f,-0.2601f,0.7254f,0.6372f,0.3239f,-0.0223f,0.6553f,-0.7551f,-0.1994f,0f,0f,0f,1f],start_interpolation: 0,interpolation_duration: 1}
$data merge entity $(bone_12) {transformation: [-0.9669f,-0.2498f,-0.0527f,0.1512f,-0.2545f,0.9274f,0.274f,0.6207f,-0.0195f,0.2784f,-0.9603f,-0.1038f,0f,0f,0f,1f],start_interpolation: 0,interpolation_duration: 1}
$data merge entity $(bone_10) {transformation: [-0.9952f,0.0113f,-0.0969f,-0.038f,-0.0198f,0.9492f,0.3142f,0.9852f,0.0956f,0.3146f,-0.9444f,0.0858f,0f,0f,0f,1f],start_interpolation: 0,interpolation_duration: 1}
$data merge entity $(bone_9) {transformation: [-0.995f,0.0778f,-0.0625f,-0.0131f,-0.0161f,0.4936f,0.8695f,1.1139f,0.0985f,0.8662f,-0.4899f,0.3575f,0f,0f,0f,1f],start_interpolation: 0,interpolation_duration: 1}
$data merge entity $(bone_2) {transformation: [0.8009f,-0.5855f,-0.1203f,-0.1613f,0.1945f,0.0655f,0.9787f,0.8306f,-0.5646f,-0.808f,0.1665f,0.4963f,0f,0f,0f,1f],start_interpolation: 0,interpolation_duration: 1}
$data merge entity $(bone_1) {transformation: [0.8017f,-0.5391f,0.2582f,-0.3298f,0.1947f,0.6439f,0.7399f,1.0318f,-0.5652f,-0.5429f,0.6211f,0.3267f,0f,0f,0f,1f],start_interpolation: 0,interpolation_duration: 1}
$data merge entity $(bone_4) {transformation: [-0.9114f,0.3043f,0.274f,0.3533f,-0.2283f,0.1767f,-0.9574f,0.908f,-0.3394f,-0.936f,-0.0916f,0.421f,0f,0f,0f,1f],start_interpolation: 0,interpolation_duration: 1}
$data merge entity $(bone_3) {transformation: [-0.9384f,-0.0714f,0.338f,0.3215f,-0.2568f,0.7988f,-0.5441f,1.1622f,-0.2312f,-0.5974f,-0.7679f,0.2676f,0f,0f,0f,1f],start_interpolation: 0,interpolation_duration: 1}
$data merge entity $(bone_8) {transformation: [-0.9986f,-0.0123f,-0.0523f,-0.0836f,-0.0082f,0.9968f,-0.0791f,0.3411f,0.0531f,-0.0786f,-0.9955f,0.1208f,0f,0f,0f,1f],start_interpolation: 0,interpolation_duration: 1}
$data merge entity $(bone_7) {transformation: [-0.9986f,-0.0314f,-0.0434f,-0.0943f,-0.0066f,0.8761f,-0.4821f,0.6198f,0.0532f,-0.4812f,-0.875f,-0.0465f,0f,0f,0f,1f],start_interpolation: 0,interpolation_duration: 1}
$data merge entity $(item_display_item_display1) {transformation: [-0.4813f,0.2682f,-1.9226f,0.1198f,-0.8383f,1.7579f,0.4551f,0.9261f,1.7509f,0.9154f,-0.3106f,1.0869f,0f,0f,0f,1f],start_interpolation: 0,interpolation_duration: 1}
data modify entity @s data merge value {"cameras":{"camera3":{"px":1.4899999999999995,"py":0.819,"pz":1.4300000000000004,"ry":126.52000000000001,"rx":1.3777366291997546e-15}},"locators":{}}