# This file was generated by Animated Java via MC-Build. It is not recommended to edit this file directly.
$data merge entity $(bone_layer) {transformation: [-0.9887f,-0.1239f,-0.0849f,-0.0882f,-0.1489f,0.732f,0.6649f,1.2223f,-0.0203f,0.67f,-0.7421f,0.2052f,0f,0f,0f,1f],start_interpolation: 0,interpolation_duration: 1}
$data merge entity $(bone_head) {transformation: [-0.9887f,-0.1239f,-0.0849f,-0.0882f,-0.1489f,0.732f,0.6649f,1.2223f,-0.0203f,0.67f,-0.7421f,0.2052f,0f,0f,0f,1f],start_interpolation: 0,interpolation_duration: 1}
$data merge entity $(bone_6) {transformation: [-0.9831f,-0.1748f,-0.0551f,0.2153f,-0.1829f,0.9162f,0.3566f,0.3416f,-0.0119f,0.3606f,-0.9326f,-0.042f,0f,0f,0f,1f],start_interpolation: 0,interpolation_duration: 1}
$data merge entity $(bone_12) {transformation: [-0.9805f,-0.1813f,0.0752f,0.1564f,-0.1961f,0.9229f,-0.3314f,0.6407f,-0.0093f,-0.3397f,-0.9405f,-0.1455f,0f,0f,0f,1f],start_interpolation: 0,interpolation_duration: 1}
$data merge entity $(bone_10) {transformation: [-0.9673f,-0.0968f,0.2345f,-0.0343f,-0.0229f,0.9539f,0.2992f,1.0486f,-0.2527f,0.284f,-0.9249f,-0.0291f,0f,0f,0f,1f],start_interpolation: 0,interpolation_duration: 1}
$data merge entity $(bone_9) {transformation: [-0.9658f,-0.2186f,0.1394f,-0.1043f,-0.0317f,0.6333f,0.7732f,1.2281f,-0.2573f,0.7424f,-0.6186f,0.2119f,0f,0f,0f,1f],start_interpolation: 0,interpolation_duration: 1}
$data merge entity $(bone_2) {transformation: [0.9619f,-0.1107f,-0.2461f,-0.3409f,0.1395f,-0.5761f,0.8054f,1.1355f,-0.2308f,-0.8099f,-0.5392f,0.406f,0f,0f,0f,1f],start_interpolation: 0,interpolation_duration: 1}
$data merge entity $(bone_1) {transformation: [0.9629f,-0.2242f,-0.1502f,-0.411f,0.1396f,-0.0626f,0.9882f,1.1159f,-0.231f,-0.9725f,-0.029f,0.1021f,0f,0f,0f,1f],start_interpolation: 0,interpolation_duration: 1}
$data merge entity $(bone_4) {transformation: [-0.8966f,0.4391f,0.0411f,0.1955f,-0.2762f,-0.4876f,-0.8281f,1.2049f,-0.3432f,-0.7546f,0.559f,0.4612f,0f,0f,0f,1f],start_interpolation: 0,interpolation_duration: 1}
$data merge entity $(bone_3) {transformation: [-0.8915f,0.3077f,0.3325f,0.2765f,-0.283f,0.1948f,-0.9391f,1.2921f,-0.3537f,-0.9313f,-0.0866f,0.1874f,0f,0f,0f,1f],start_interpolation: 0,interpolation_duration: 1}
$data merge entity $(bone_8) {transformation: [-0.9984f,0.0565f,0.0015f,-0.1347f,0.0551f,0.968f,0.245f,0.3528f,0.0124f,0.2447f,-0.9695f,-0.0625f,0f,0f,0f,1f],start_interpolation: 0,interpolation_duration: 1}
$data merge entity $(bone_7) {transformation: [-0.9985f,0.0502f,-0.0224f,-0.1186f,0.0537f,0.9784f,-0.1994f,0.6683f,0.0119f,-0.2003f,-0.9797f,-0.1399f,0f,0f,0f,1f],start_interpolation: 0,interpolation_duration: 1}
$data merge entity $(item_display_item_display1) {transformation: [0.0394f,0.0243f,-1.9995f,-0.1401f,0.5125f,1.9329f,0.0336f,1.3804f,1.9328f,-0.513f,0.0319f,1.0409f,0f,0f,0f,1f],start_interpolation: 0,interpolation_duration: 1}
data modify entity @s data merge value {"cameras":{"camera3":{"px":1.4394999999999998,"py":0.89,"pz":1.3645000000000003,"ry":127.36,"rx":1.4395589188545965e-15}},"locators":{}}