# This file was generated by Animated Java via MC-Build. It is not recommended to edit this file directly.
$data merge entity $(bone_layer) {transformation: [-0.985f,-0.0272f,-0.1706f,-0.0652f,-0.1619f,0.4897f,0.8567f,1.1079f,0.0602f,0.8715f,-0.4867f,0.3484f,0f,0f,0f,1f],start_interpolation: 0,interpolation_duration: 1}
$data merge entity $(bone_head) {transformation: [-0.985f,-0.0272f,-0.1706f,-0.0652f,-0.1619f,0.4897f,0.8567f,1.1079f,0.0602f,0.8715f,-0.4867f,0.3484f,0f,0f,0f,1f],start_interpolation: 0,interpolation_duration: 1}
$data merge entity $(bone_6) {transformation: [-0.9577f,-0.2816f,-0.0594f,0.2373f,-0.2653f,0.7837f,0.5617f,0.3142f,-0.1116f,0.5537f,-0.8252f,-0.1481f,0f,0f,0f,1f],start_interpolation: 0,interpolation_duration: 1}
$data merge entity $(bone_12) {transformation: [-0.9593f,-0.2744f,0.0661f,0.1486f,-0.26f,0.9503f,0.1714f,0.619f,-0.1099f,0.1473f,-0.983f,-0.0945f,0f,0f,0f,1f],start_interpolation: 0,interpolation_duration: 1}
$data merge entity $(bone_10) {transformation: [-0.993f,-0.0552f,0.104f,-0.0569f,-0.0104f,0.921f,0.3895f,0.9896f,-0.1173f,0.3857f,-0.9151f,0.0888f,0f,0f,0f,1f],start_interpolation: 0,interpolation_duration: 1}
$data merge entity $(bone_9) {transformation: [-0.9934f,-0.1054f,0.0454f,-0.0897f,-0.0072f,0.4517f,0.8921f,1.1053f,-0.1145f,0.8859f,-0.4495f,0.3658f,0f,0f,0f,1f],start_interpolation: 0,interpolation_duration: 1}
$data merge entity $(bone_2) {transformation: [0.9047f,-0.3429f,-0.2495f,-0.2648f,0.2022f,-0.1675f,0.9649f,0.8901f,-0.3723f,-0.9243f,-0.0823f,0.5294f,0f,0f,0f,1f],start_interpolation: 0,interpolation_duration: 1}
$data merge entity $(bone_1) {transformation: [0.9056f,-0.4239f,-0.0121f,-0.3973f,0.2024f,0.4069f,0.8908f,1.0172f,-0.3727f,-0.8091f,0.4543f,0.2766f,0f,0f,0f,1f],start_interpolation: 0,interpolation_duration: 1}
$data merge entity $(bone_4) {transformation: [-0.8765f,0.4383f,0.195f,0.2416f,-0.2436f,-0.0575f,-0.9681f,0.9619f,-0.4127f,-0.897f,0.1574f,0.5402f,0f,0f,0f,1f],start_interpolation: 0,interpolation_duration: 1}
$data merge entity $(bone_3) {transformation: [-0.8965f,0.1473f,0.4179f,0.2722f,-0.2428f,0.6256f,-0.7414f,1.1708f,-0.3706f,-0.7661f,-0.525f,0.3292f,0f,0f,0f,1f],start_interpolation: 0,interpolation_duration: 1}
$data merge entity $(bone_8) {transformation: [-0.9996f,-0.0125f,-0.0254f,-0.1032f,-0.0103f,0.9962f,-0.0868f,0.3466f,0.0264f,-0.0865f,-0.9959f,0.1037f,0f,0f,0f,1f],start_interpolation: 0,interpolation_duration: 1}
$data merge entity $(bone_7) {transformation: [-0.9996f,-0.0207f,-0.0187f,-0.1101f,-0.0089f,0.8716f,-0.4901f,0.6238f,0.0264f,-0.4897f,-0.8715f,-0.0663f,0f,0f,0f,1f],start_interpolation: 0,interpolation_duration: 1}
$data merge entity $(item_display_item_display1) {transformation: [-0.2022f,0.0674f,-1.9886f,-0.0327f,-0.455f,1.9443f,0.1121f,1.0725f,1.937f,0.4637f,-0.1812f,1.2155f,0f,0f,0f,1f],start_interpolation: 0,interpolation_duration: 1}
data modify entity @s data merge value {"cameras":{"camera3":{"px":1.3449999999999995,"py":0.7955,"pz":1.6750000000000005,"ry":133.84,"rx":1.955719352297817e-15}},"locators":{}}