# This file was generated by Animated Java via MC-Build. It is not recommended to edit this file directly.
$data merge entity $(bone_layer) {transformation: [-0.9974f,-0.0412f,-0.0595f,-0.0316f,-0.0416f,0.9991f,0.0059f,1.3707f,0.0592f,0.0084f,-0.9982f,-0.223f,0f,0f,0f,1f],start_interpolation: 0,interpolation_duration: 1}
$data merge entity $(bone_head) {transformation: [-0.9974f,-0.0412f,-0.0595f,-0.0316f,-0.0416f,0.9991f,0.0059f,1.3707f,0.0592f,0.0084f,-0.9982f,-0.223f,0f,0f,0f,1f],start_interpolation: 0,interpolation_duration: 1}
$data merge entity $(bone_6) {transformation: [-0.985f,0.1027f,-0.1389f,0.2161f,0.0917f,0.9923f,0.0835f,0.5377f,0.1464f,0.0695f,-0.9868f,0.0368f,0f,0f,0f,1f],start_interpolation: 0,interpolation_duration: 1}
$data merge entity $(bone_12) {transformation: [-0.9787f,-0.1621f,-0.1261f,0.1647f,0.0646f,0.3396f,-0.9383f,0.6529f,0.1949f,-0.9265f,-0.3219f,-0.2594f,0f,0f,0f,1f],start_interpolation: 0,interpolation_duration: 1}
$data merge entity $(bone_10) {transformation: [-0.9865f,-0.0226f,0.1624f,0.0018f,-0.0441f,0.9905f,-0.1305f,1.0764f,-0.1579f,-0.1359f,-0.9781f,-0.3137f,0f,0f,0f,1f],start_interpolation: 0,interpolation_duration: 1}
$data merge entity $(bone_9) {transformation: [-0.9847f,-0.1188f,0.1274f,-0.0384f,-0.085f,0.966f,0.2441f,1.3846f,-0.152f,0.2296f,-0.9613f,-0.2261f,0f,0f,0f,1f],start_interpolation: 0,interpolation_duration: 1}
$data merge entity $(bone_2) {transformation: [0.9537f,-0.211f,-0.2101f,-0.2572f,-0.0729f,-0.8499f,0.5219f,1.3868f,-0.2884f,-0.4829f,-0.8267f,-0.0063f,0f,0f,0f,1f],start_interpolation: 0,interpolation_duration: 1}
$data merge entity $(bone_1) {transformation: [0.9546f,-0.2898f,-0.0685f,-0.3477f,-0.073f,-0.4508f,0.8896f,1.2459f,-0.2887f,-0.8443f,-0.4515f,-0.2701f,0f,0f,0f,1f],start_interpolation: 0,interpolation_duration: 1}
$data merge entity $(bone_4) {transformation: [-0.9629f,0.2392f,0.117f,0.3192f,-0.2644f,-0.8111f,-0.5216f,1.4138f,-0.0298f,-0.5338f,0.8451f,-0.0277f,0f,0f,0f,1f],start_interpolation: 0,interpolation_duration: 1}
$data merge entity $(bone_3) {transformation: [-0.9582f,0.1171f,0.261f,0.3458f,-0.283f,-0.2542f,-0.9248f,1.3672f,-0.0419f,-0.96f,0.2767f,-0.3214f,0f,0f,0f,1f],start_interpolation: 0,interpolation_duration: 1}
$data merge entity $(bone_8) {transformation: [-0.9929f,-0.0007f,0.1193f,-0.1357f,0.0876f,0.6747f,0.7329f,0.3981f,-0.081f,0.7381f,-0.6698f,-0.3636f,0f,0f,0f,1f],start_interpolation: 0,interpolation_duration: 1}
$data merge entity $(bone_7) {transformation: [-0.9928f,0.0499f,0.109f,-0.1181f,0.0836f,0.9399f,0.3311f,0.7077f,-0.086f,0.3378f,-0.9373f,-0.2655f,0f,0f,0f,1f],start_interpolation: 0,interpolation_duration: 1}
$data merge entity $(item_display_item_display1) {transformation: [0.0738f,-0.1226f,-1.9949f,-0.0394f,1.5068f,1.3149f,-0.025f,1.7483f,1.313f,-1.502f,0.1409f,0.3545f,0f,0f,0f,1f],start_interpolation: 0,interpolation_duration: 1}
data modify entity @s data merge value {"cameras":{"camera3":{"px":1.9815,"py":1.1575000000000002,"pz":0.10650000000000005,"ry":96.12,"rx":3.998969701567719e-17}},"locators":{}}