# This file was generated by Animated Java via MC-Build. It is not recommended to edit this file directly.
$data merge entity $(bone_layer) {transformation: [-0.9947f,-0.0806f,-0.0643f,-0.0542f,-0.0992f,0.918f,0.3839f,1.3193f,0.028f,0.3883f,-0.9211f,0.0157f,0f,0f,0f,1f],start_interpolation: 0,interpolation_duration: 1}
$data merge entity $(bone_head) {transformation: [-0.9947f,-0.0806f,-0.0643f,-0.0542f,-0.0992f,0.918f,0.3839f,1.3193f,0.028f,0.3883f,-0.9211f,0.0157f,0f,0f,0f,1f],start_interpolation: 0,interpolation_duration: 1}
$data merge entity $(bone_6) {transformation: [-0.9921f,-0.0098f,-0.125f,0.2085f,-0.0384f,0.9729f,0.2281f,0.418f,0.1193f,0.2311f,-0.9656f,0.0112f,0f,0f,0f,1f],start_interpolation: 0,interpolation_duration: 1}
$data merge entity $(bone_12) {transformation: [-0.9882f,-0.1433f,-0.0541f,0.1627f,-0.066f,0.7171f,-0.6938f,0.6531f,0.1382f,-0.6821f,-0.7181f,-0.2038f,0f,0f,0f,1f],start_interpolation: 0,interpolation_duration: 1}
$data merge entity $(bone_10) {transformation: [-0.9774f,-0.058f,0.2035f,-0.01f,-0.0361f,0.9933f,0.1094f,1.0785f,-0.2085f,0.0996f,-0.9729f,-0.1637f,0f,0f,0f,1f],start_interpolation: 0,interpolation_duration: 1}
$data merge entity $(bone_9) {transformation: [-0.9751f,-0.1683f,0.1443f,-0.0655f,-0.0604f,0.828f,0.5575f,1.3296f,-0.2133f,0.5349f,-0.8175f,0.0188f,0f,0f,0f,1f],start_interpolation: 0,interpolation_duration: 1}
$data merge entity $(bone_2) {transformation: [0.9603f,-0.1639f,-0.2218f,-0.293f,0.038f,-0.7178f,0.6953f,1.2822f,-0.2729f,-0.6767f,-0.6837f,0.2286f,0f,0f,0f,1f],start_interpolation: 0,interpolation_duration: 1}
$data merge entity $(bone_1) {transformation: [0.9612f,-0.2559f,-0.1027f,-0.373f,0.038f,-0.246f,0.9685f,1.2053f,-0.2731f,-0.9349f,-0.2268f,-0.0635f,0f,0f,0f,1f],start_interpolation: 0,interpolation_duration: 1}
$data merge entity $(bone_4) {transformation: [-0.9403f,0.3279f,0.0806f,0.2683f,-0.2865f,-0.6505f,-0.7033f,1.3341f,-0.178f,-0.6851f,0.7063f,0.2419f,0f,0f,0f,1f],start_interpolation: 0,interpolation_duration: 1}
$data merge entity $(bone_3) {transformation: [-0.9343f,0.2054f,0.2914f,0.3201f,-0.3002f,-0.0124f,-0.9538f,1.3602f,-0.1923f,-0.9786f,0.0732f,-0.0509f,0f,0f,0f,1f],start_interpolation: 0,interpolation_duration: 1}
$data merge entity $(bone_8) {transformation: [-0.9948f,0.0563f,0.0849f,-0.1455f,0.0957f,0.8019f,0.5898f,0.3755f,-0.0349f,0.5949f,-0.8031f,-0.2434f,0f,0f,0f,1f],start_interpolation: 0,interpolation_duration: 1}
$data merge entity $(bone_7) {transformation: [-0.995f,0.0853f,0.0525f,-0.1171f,0.0929f,0.9818f,0.1659f,0.6967f,-0.0374f,0.17f,-0.9847f,-0.2005f,0f,0f,0f,1f],start_interpolation: 0,interpolation_duration: 1}
$data merge entity $(item_display_item_display1) {transformation: [-0.0051f,-0.0188f,-1.9999f,-0.1031f,1.0562f,1.6983f,-0.0186f,1.5648f,1.6984f,-1.0562f,0.0056f,0.7249f,0f,0f,0f,1f],start_interpolation: 0,interpolation_duration: 1}
data modify entity @s data merge value {"cameras":{"camera3":{"px":1.6860000000000002,"py":1.0150000000000001,"pz":0.7859999999999998,"ry":113.07999999999997,"rx":5.616286897240859e-16}},"locators":{}}