# This file was generated by Animated Java via MC-Build. It is not recommended to edit this file directly.
$data merge entity $(bone_layer) {transformation: [-0.9997f,-0.0069f,-0.0222f,-0.0049f,-0.0232f,0.3781f,0.9255f,0.9219f,0.002f,0.9257f,-0.3782f,0.4472f,0f,0f,0f,1f],start_interpolation: 0,interpolation_duration: 1}
$data merge entity $(bone_head) {transformation: [-0.9997f,-0.0069f,-0.0222f,-0.0049f,-0.0232f,0.3781f,0.9255f,0.9219f,0.002f,0.9257f,-0.3782f,0.4472f,0f,0f,0f,1f],start_interpolation: 0,interpolation_duration: 1}
$data merge entity $(bone_6) {transformation: [-0.9971f,-0.0637f,0.0412f,0.1776f,-0.0656f,0.9968f,-0.0468f,0.3728f,-0.0381f,-0.0493f,-0.9981f,0.1663f,0f,0f,0f,1f],start_interpolation: 0,interpolation_duration: 1}
$data merge entity $(bone_12) {transformation: [-0.9971f,-0.0345f,0.0676f,0.166f,-0.0756f,0.5322f,-0.8433f,0.5493f,-0.0069f,-0.8459f,-0.5332f,-0.1027f,0f,0f,0f,1f],start_interpolation: 0,interpolation_duration: 1}
$data merge entity $(bone_10) {transformation: [-0.9996f,0.0109f,-0.0273f,0.0297f,-0.0128f,0.6758f,0.737f,0.8633f,0.0265f,0.737f,-0.6753f,0.1921f,0f,0f,0f,1f],start_interpolation: 0,interpolation_duration: 1}
$data merge entity $(bone_9) {transformation: [-0.9993f,-0.0005f,-0.0372f,0.0298f,-0.0357f,0.2986f,0.9537f,0.9402f,0.0106f,0.9544f,-0.2984f,0.4693f,0f,0f,0f,1f],start_interpolation: 0,interpolation_duration: 1}
$data merge entity $(bone_2) {transformation: [0.9545f,-0.2164f,-0.2005f,-0.2327f,0.2902f,0.5722f,0.7669f,0.6894f,-0.0512f,-0.7911f,0.6096f,0.4399f,0f,0f,0f,1f],start_interpolation: 0,interpolation_duration: 1}
$data merge entity $(bone_1) {transformation: [0.9555f,-0.2902f,-0.0528f,-0.3234f,0.2905f,0.8947f,0.3394f,0.9689f,-0.0512f,-0.3396f,0.9392f,0.3338f,0f,0f,0f,1f],start_interpolation: 0,interpolation_duration: 1}
$data merge entity $(bone_4) {transformation: [-0.9608f,0.2548f,0.1004f,0.3195f,0.0462f,0.5123f,-0.8575f,0.6852f,-0.2696f,-0.8201f,-0.5045f,0.3949f,0f,0f,0f,1f],start_interpolation: 0,interpolation_duration: 1}
$data merge entity $(bone_3) {transformation: [-0.9618f,0.12f,0.2461f,0.3475f,0.0462f,0.9571f,-0.2861f,0.9783f,-0.2699f,-0.2638f,-0.926f,0.3455f,0f,0f,0f,1f],start_interpolation: 0,interpolation_duration: 1}
$data merge entity $(bone_8) {transformation: [-0.9924f,0.0033f,0.123f,-0.1333f,0.1054f,0.5386f,0.8359f,0.3092f,-0.0635f,0.8425f,-0.5349f,-0.1725f,0f,0f,0f,1f],start_interpolation: 0,interpolation_duration: 1}
$data merge entity $(bone_7) {transformation: [-0.9924f,0.0549f,0.11f,-0.1141f,0.0927f,0.922f,0.3759f,0.6136f,-0.0808f,0.3832f,-0.9201f,-0.0594f,0f,0f,0f,1f],start_interpolation: 0,interpolation_duration: 1}
$data merge entity $(item_display_item_display) {transformation: [0f,0f,0f,0f,0f,0f,0f,0f,0f,0f,0f,0f,0f,0f,0f,1f],start_interpolation: 0,interpolation_duration: 1}
$data merge entity $(item_display_item_display1) {transformation: [0.0357f,-0.1244f,-1.9958f,-0.0625f,-1.1891f,1.6035f,-0.1212f,0.4688f,1.6077f,1.1888f,-0.0453f,1.0938f,0f,0f,0f,1f],start_interpolation: 0,interpolation_duration: 1}
$data merge entity $(block_display_block_display) {transformation: [-1f,0f,0f,0f,0f,1f,0f,0f,0f,0f,-1f,0f,0f,0f,0f,1f],start_interpolation: 0,interpolation_duration: 1}
data modify entity @s data merge value {"cameras":{"camera3":{"px":2.4375,"py":1.375,"pz":-0.9374999999999997,"ry":70.00000000000001,"rx":4.2315934850178553e-16}},"locators":{}}