# This file was generated by Animated Java via MC-Build. It is not recommended to edit this file directly.
$data merge entity $(bone_layer) {transformation: [-0.9708f,0.2053f,-0.1239f,0.0796f,-0.0378f,0.3793f,0.9245f,0.9804f,0.2368f,0.9022f,-0.3605f,0.3998f,0f,0f,0f,1f],start_interpolation: 0,interpolation_duration: 1}
$data merge entity $(bone_head) {transformation: [-0.9708f,0.2053f,-0.1239f,0.0796f,-0.0378f,0.3793f,0.9245f,0.9804f,0.2368f,0.9022f,-0.3605f,0.3998f,0f,0f,0f,1f],start_interpolation: 0,interpolation_duration: 1}
$data merge entity $(bone_6) {transformation: [-0.9913f,-0.0996f,-0.0864f,0.2131f,-0.1199f,0.9531f,0.2779f,0.2884f,0.0547f,0.2858f,-0.9567f,0.0367f,0f,0f,0f,1f],start_interpolation: 0,interpolation_duration: 1}
$data merge entity $(bone_12) {transformation: [-0.9886f,-0.1504f,0.0028f,0.1647f,-0.1335f,0.8691f,-0.4762f,0.5711f,0.0692f,-0.4712f,-0.8793f,-0.1095f,0f,0f,0f,1f],start_interpolation: 0,interpolation_duration: 1}
$data merge entity $(bone_10) {transformation: [-0.9686f,0.1174f,-0.2191f,0.0349f,-0.0308f,0.8178f,0.5746f,0.8889f,0.2467f,0.5633f,-0.7885f,0.1571f,0f,0f,0f,1f],start_interpolation: 0,interpolation_duration: 1}
$data merge entity $(bone_9) {transformation: [-0.9699f,0.2033f,-0.1336f,0.0959f,-0.0462f,0.3854f,0.9216f,0.9886f,0.2389f,0.9001f,-0.3644f,0.4239f,0f,0f,0f,1f],start_interpolation: 0,interpolation_duration: 1}
$data merge entity $(bone_2) {transformation: [0.88f,-0.4613f,0.1063f,-0.1565f,0.2372f,0.6247f,0.7439f,0.6949f,-0.4091f,-0.6301f,0.6598f,0.4169f,0f,0f,0f,1f],start_interpolation: 0,interpolation_duration: 1}
$data merge entity $(bone_1) {transformation: [0.8809f,-0.3066f,0.3607f,-0.2523f,0.2374f,0.9453f,0.2237f,0.9903f,-0.4096f,-0.1114f,0.9055f,0.382f,0f,0f,0f,1f],start_interpolation: 0,interpolation_duration: 1}
$data merge entity $(bone_4) {transformation: [-0.9799f,0.1578f,0.1138f,0.4049f,0.0106f,0.6274f,-0.7786f,0.7202f,-0.1941f,-0.7625f,-0.6171f,0.2615f,0f,0f,0f,1f],start_interpolation: 0,interpolation_duration: 1}
$data merge entity $(bone_3) {transformation: [-0.9909f,-0.0485f,0.1254f,0.3866f,-0.0594f,0.9946f,-0.0848f,1.0181f,-0.1206f,-0.0915f,-0.9885f,0.2653f,0f,0f,0f,1f],start_interpolation: 0,interpolation_duration: 1}
$data merge entity $(bone_8) {transformation: [-0.9967f,0.0574f,0.057f,-0.1144f,0.0806f,0.7696f,0.6334f,0.2847f,-0.0075f,0.6359f,-0.7717f,-0.0652f,0f,0f,0f,1f],start_interpolation: 0,interpolation_duration: 1}
$data merge entity $(bone_7) {transformation: [-0.9974f,0.0666f,0.0259f,-0.0924f,0.0695f,0.9884f,0.1354f,0.6076f,-0.0166f,0.1368f,-0.9905f,-0.0331f,0f,0f,0f,1f],start_interpolation: 0,interpolation_duration: 1}
$data merge entity $(item_display_item_display1) {transformation: [-0.3301f,-0.548f,-1.8949f,0.1328f,-1.4479f,1.3721f,-0.1446f,0.4703f,1.3396f,1.348f,-0.6232f,0.948f,0f,0f,0f,1f],start_interpolation: 0,interpolation_duration: 1}
data modify entity @s data merge value {"cameras":{"camera3":{"px":2.4379695717505636,"py":1.376878287002254,"pz":-0.9367956423741545,"ry":70.00000000000001,"rx":4.2315934850178553e-16}},"locators":{}}