# This file was generated by Animated Java via MC-Build. It is not recommended to edit this file directly.
$data merge entity $(bone_layer) {transformation: [-0.9942f,0.0297f,-0.1038f,0.0052f,-0.0016f,0.9572f,0.2896f,1.2952f,0.1079f,0.288f,-0.9515f,-0.0162f,0f,0f,0f,1f],start_interpolation: 0,interpolation_duration: 1}
$data merge entity $(bone_head) {transformation: [-0.9942f,0.0297f,-0.1038f,0.0052f,-0.0016f,0.9572f,0.2896f,1.2952f,0.1079f,0.288f,-0.9515f,-0.0162f,0f,0f,0f,1f],start_interpolation: 0,interpolation_duration: 1}
$data merge entity $(bone_6) {transformation: [-0.9963f,-0.0686f,-0.0519f,0.1995f,-0.0545f,0.9702f,-0.2362f,0.63f,0.0666f,-0.2325f,-0.9703f,0.0848f,0f,0f,0f,1f],start_interpolation: 0,interpolation_duration: 1}
$data merge entity $(bone_12) {transformation: [-0.9904f,-0.1242f,0.0601f,0.1592f,-0.055f,-0.0435f,-0.9975f,0.6222f,0.1265f,-0.9913f,0.0363f,-0.2345f,0f,0f,0f,1f],start_interpolation: 0,interpolation_duration: 1}
$data merge entity $(bone_10) {transformation: [-0.9992f,0.0302f,-0.0272f,0.0261f,0.0255f,0.9871f,0.158f,1.0477f,0.0317f,0.1571f,-0.9871f,-0.1662f,0f,0f,0f,1f],start_interpolation: 0,interpolation_duration: 1}
$data merge entity $(bone_9) {transformation: [-0.9993f,-0.0042f,-0.0368f,0.0251f,-0.021f,0.8824f,0.4699f,1.3177f,0.0305f,0.4704f,-0.8819f,-0.0117f,0f,0f,0f,1f],start_interpolation: 0,interpolation_duration: 1}
$data merge entity $(bone_2) {transformation: [0.9383f,-0.2403f,-0.2453f,-0.2122f,0.0735f,-0.5569f,0.8273f,1.1829f,-0.335f,-0.795f,-0.5054f,0.2018f,0f,0f,0f,1f],start_interpolation: 0,interpolation_duration: 1}
$data merge entity $(bone_1) {transformation: [0.9392f,-0.3427f,-0.0216f,-0.3193f,0.0736f,0.1393f,0.9875f,1.2265f,-0.3354f,-0.9291f,0.156f,-0.0886f,0f,0f,0f,1f],start_interpolation: 0,interpolation_duration: 1}
$data merge entity $(bone_4) {transformation: [-0.9173f,0.3912f,0.0618f,0.3582f,-0.2688f,-0.5019f,-0.822f,1.1682f,-0.2902f,-0.7714f,0.5661f,0.1147f,0f,0f,0f,1f],start_interpolation: 0,interpolation_duration: 1}
$data merge entity $(bone_3) {transformation: [-0.98f,0.0301f,0.1968f,0.361f,-0.1793f,0.2958f,-0.9383f,1.2853f,-0.0864f,-0.9548f,-0.2844f,-0.1598f,0f,0f,0f,1f],start_interpolation: 0,interpolation_duration: 1}
$data merge entity $(bone_8) {transformation: [-0.9986f,0.0375f,0.0372f,-0.1349f,0.0528f,0.7003f,0.7119f,0.3777f,0.0006f,0.7129f,-0.7013f,-0.2644f,0f,0f,0f,1f],start_interpolation: 0,interpolation_duration: 1}
$data merge entity $(bone_7) {transformation: [-0.9992f,0.0353f,0.0201f,-0.1232f,0.0385f,0.9795f,0.1978f,0.6985f,-0.0127f,0.1984f,-0.98f,-0.2121f,0f,0f,0f,1f],start_interpolation: 0,interpolation_duration: 1}
$data merge entity $(item_display_item_display1) {transformation: [0.2032f,-0.1249f,-1.9857f,0.0012f,0.6448f,1.8925f,-0.053f,1.4938f,1.8823f,-0.6348f,0.2325f,0.815f,0f,0f,0f,1f],start_interpolation: 0,interpolation_duration: 1}
data modify entity @s data merge value {"cameras":{"camera3":{"px":2.432804282494365,"py":1.3609128474830954,"pz":-0.9539350112697217,"ry":70.00000000000001,"rx":4.2315934850178553e-16}},"locators":{}}