# This file was generated by Animated Java via MC-Build. It is not recommended to edit this file directly.
$data merge entity $(bone_layer) {transformation: [-0.9997f,-0.007f,-0.022f,-0.005f,-0.023f,0.3781f,0.9255f,0.9219f,0.0019f,0.9257f,-0.3782f,0.4472f,0f,0f,0f,1f],start_interpolation: 0,interpolation_duration: 1}
$data merge entity $(bone_head) {transformation: [-0.9997f,-0.007f,-0.022f,-0.005f,-0.023f,0.3781f,0.9255f,0.9219f,0.0019f,0.9257f,-0.3782f,0.4472f,0f,0f,0f,1f],start_interpolation: 0,interpolation_duration: 1}
$data merge entity $(bone_6) {transformation: [-0.9971f,-0.0635f,0.0413f,0.1775f,-0.0655f,0.9968f,-0.0466f,0.3727f,-0.0382f,-0.0492f,-0.9981f,0.1663f,0f,0f,0f,1f],start_interpolation: 0,interpolation_duration: 1}
$data merge entity $(bone_12) {transformation: [-0.9971f,-0.0344f,0.0676f,0.1661f,-0.0755f,0.5323f,-0.8432f,0.5493f,-0.007f,-0.8459f,-0.5334f,-0.1026f,0f,0f,0f,1f],start_interpolation: 0,interpolation_duration: 1}
$data merge entity $(bone_10) {transformation: [-0.9996f,0.0108f,-0.0271f,0.0297f,-0.0127f,0.6757f,0.737f,0.8632f,0.0263f,0.7371f,-0.6753f,0.1922f,0f,0f,0f,1f],start_interpolation: 0,interpolation_duration: 1}
$data merge entity $(bone_9) {transformation: [-0.9993f,-0.0006f,-0.0371f,0.0298f,-0.0356f,0.2986f,0.9537f,0.9401f,0.0105f,0.9544f,-0.2984f,0.4693f,0f,0f,0f,1f],start_interpolation: 0,interpolation_duration: 1}
$data merge entity $(bone_2) {transformation: [0.9545f,-0.1835f,-0.2309f,-0.2328f,0.2902f,0.4495f,0.8447f,0.6894f,-0.0512f,-0.8742f,0.4828f,0.4399f,0f,0f,0f,1f],start_interpolation: 0,interpolation_duration: 1}
$data merge entity $(bone_1) {transformation: [0.9555f,-0.2902f,-0.0529f,-0.3234f,0.2905f,0.8946f,0.3395f,0.9689f,-0.0512f,-0.3397f,0.9391f,0.3338f,0f,0f,0f,1f],start_interpolation: 0,interpolation_duration: 1}
$data merge entity $(bone_4) {transformation: [-0.8854f,0.462f,0.0319f,0.3195f,0.1545f,0.3602f,-0.92f,0.6851f,-0.4361f,-0.8104f,-0.3907f,0.3949f,0f,0f,0f,1f],start_interpolation: 0,interpolation_duration: 1}
$data merge entity $(bone_3) {transformation: [-0.9618f,0.1201f,0.2461f,0.3474f,0.0464f,0.9571f,-0.286f,0.9782f,-0.2699f,-0.2637f,-0.9261f,0.3456f,0f,0f,0f,1f],start_interpolation: 0,interpolation_duration: 1}
$data merge entity $(bone_8) {transformation: [-0.9924f,0.0032f,0.1231f,-0.1373f,0.1055f,0.5386f,0.8359f,0.3101f,-0.0636f,0.8426f,-0.5348f,-0.1742f,0f,0f,0f,1f],start_interpolation: 0,interpolation_duration: 1}
$data merge entity $(bone_7) {transformation: [-0.9924f,0.055f,0.1102f,-0.118f,0.0928f,0.922f,0.3759f,0.6145f,-0.0809f,0.3833f,-0.9201f,-0.0611f,0f,0f,0f,1f],start_interpolation: 0,interpolation_duration: 1}
$data merge entity $(item_display_item_display1) {transformation: [0.0357f,-0.1242f,-1.9958f,-0.0625f,-1.189f,1.6036f,-0.1211f,0.4688f,1.6078f,1.1887f,-0.0453f,1.0938f,0f,0f,0f,1f],start_interpolation: 0,interpolation_duration: 1}
data modify entity @s data merge value {"cameras":{"camera3":{"px":2.4375,"py":1.375,"pz":-0.9374999999999997,"ry":70.00000000000001,"rx":4.2315934850178553e-16}},"locators":{}}