# This file was generated by Animated Java via MC-Build. It is not recommended to edit this file directly.
$data merge entity $(bone_layer) {transformation: [-0.9997f,-0.0185f,-0.0168f,-0.0112f,-0.0219f,0.3213f,0.9467f,0.8867f,-0.0121f,0.9468f,-0.3216f,0.4695f,0f,0f,0f,1f],start_interpolation: 0,interpolation_duration: 1}
$data merge entity $(bone_head) {transformation: [-0.9997f,-0.0185f,-0.0168f,-0.0112f,-0.0219f,0.3213f,0.9467f,0.8867f,-0.0121f,0.9468f,-0.3216f,0.4695f,0f,0f,0f,1f],start_interpolation: 0,interpolation_duration: 1}
$data merge entity $(bone_6) {transformation: [-0.9966f,-0.0623f,0.0546f,0.1737f,-0.0643f,0.9973f,-0.0349f,0.3524f,-0.0523f,-0.0383f,-0.9979f,0.1685f,0f,0f,0f,1f],start_interpolation: 0,interpolation_duration: 1}
$data merge entity $(bone_12) {transformation: [-0.997f,-0.0232f,0.0737f,0.1658f,-0.0738f,0.5664f,-0.8208f,0.5399f,-0.0227f,-0.8238f,-0.5664f,-0.0931f,0f,0f,0f,1f],start_interpolation: 0,interpolation_duration: 1}
$data merge entity $(bone_10) {transformation: [-0.9997f,0.0027f,-0.0238f,0.0261f,-0.0166f,0.6417f,0.7667f,0.8429f,0.0174f,0.7669f,-0.6415f,0.2136f,0f,0f,0f,1f],start_interpolation: 0,interpolation_duration: 1}
$data merge entity $(bone_9) {transformation: [-0.9993f,-0.0078f,-0.0372f,0.0243f,-0.038f,0.2478f,0.9681f,0.9047f,0.0016f,0.9688f,-0.2479f,0.4929f,0f,0f,0f,1f],start_interpolation: 0,interpolation_duration: 1}
$data merge entity $(bone_2) {transformation: [0.9539f,-0.1795f,-0.2367f,-0.2377f,0.2961f,0.5232f,0.799f,0.6559f,-0.0195f,-0.8331f,0.5528f,0.4415f,0f,0f,0f,1f],start_interpolation: 0,interpolation_duration: 1}
$data merge entity $(bone_1) {transformation: [0.9549f,-0.29f,-0.064f,-0.3283f,0.2964f,0.9162f,0.2696f,0.9422f,-0.0196f,-0.2765f,0.9608f,0.3551f,0f,0f,0f,1f],start_interpolation: 0,interpolation_duration: 1}
$data merge entity $(bone_4) {transformation: [-0.8877f,0.4563f,0.0467f,0.3127f,0.1743f,0.4305f,-0.8856f,0.6509f,-0.4238f,-0.7788f,-0.4621f,0.4031f,0f,0f,0f,1f],start_interpolation: 0,interpolation_duration: 1}
$data merge entity $(bone_3) {transformation: [-0.9576f,0.1245f,0.26f,0.3415f,0.0659f,0.9726f,-0.2228f,0.9466f,-0.2806f,-0.1962f,-0.9395f,0.3742f,0f,0f,0f,1f],start_interpolation: 0,interpolation_duration: 1}
$data merge entity $(bone_8) {transformation: [-0.9912f,-0.0035f,0.1325f,-0.1382f,0.1111f,0.5233f,0.8448f,0.3023f,-0.0723f,0.8521f,-0.5183f,-0.1688f,0f,0f,0f,1f],start_interpolation: 0,interpolation_duration: 1}
$data merge entity $(bone_7) {transformation: [-0.991f,0.0549f,0.1217f,-0.1188f,0.0982f,0.9171f,0.3863f,0.6052f,-0.0904f,0.3948f,-0.9143f,-0.0519f,0f,0f,0f,1f],start_interpolation: 0,interpolation_duration: 1}
$data merge entity $(item_display_item_display1) {transformation: [0.0274f,-0.1184f,-1.9963f,-0.0647f,-1.2951f,1.5202f,-0.108f,0.4329f,1.5238f,1.2941f,-0.0558f,1.1035f,0f,0f,0f,1f],start_interpolation: 0,interpolation_duration: 1}
data modify entity @s data merge value {"cameras":{"camera3":{"px":2.5625,"py":1.75,"pz":-0.49999999999999967,"ry":70.00000000000001,"rx":4.2315934850178553e-16}},"locators":{}}

execute on vehicle \
    unless entity @s[tag=aj.transforms_only] at @s \
    positioned ^ ^-0.5 ^1.375 rotated ~ 0 run function animated_java:stellar_animation/animations/earthquake_axe2/zzz/frames/14_root_function