# This file was generated by Animated Java via MC-Build. It is not recommended to edit this file directly.
$data merge entity $(bone_layer) {transformation: [-0.9995f,-0.0267f,-0.0139f,-0.0156f,-0.0209f,0.2837f,0.9587f,0.8634f,-0.0217f,0.9585f,-0.2841f,0.4832f,0f,0f,0f,1f],start_interpolation: 0,interpolation_duration: 1}
$data merge entity $(bone_head) {transformation: [-0.9995f,-0.0267f,-0.0139f,-0.0156f,-0.0209f,0.2837f,0.9587f,0.8634f,-0.0217f,0.9585f,-0.2841f,0.4832f,0f,0f,0f,1f],start_interpolation: 0,interpolation_duration: 1}
$data merge entity $(bone_6) {transformation: [-0.9961f,-0.0615f,0.0637f,0.171f,-0.0633f,0.9976f,-0.0274f,0.3392f,-0.0619f,-0.0313f,-0.9976f,0.1697f,0f,0f,0f,1f],start_interpolation: 0,interpolation_duration: 1}
$data merge entity $(bone_12) {transformation: [-0.9968f,-0.0157f,0.0781f,0.1655f,-0.0724f,0.588f,-0.8056f,0.5335f,-0.0333f,-0.8087f,-0.5873f,-0.0869f,0f,0f,0f,1f],start_interpolation: 0,interpolation_duration: 1}
$data merge entity $(bone_10) {transformation: [-0.9998f,-0.0032f,-0.0217f,0.0235f,-0.019f,0.619f,0.7852f,0.8292f,0.0109f,0.7854f,-0.6189f,0.2272f,0f,0f,0f,1f],start_interpolation: 0,interpolation_duration: 1}
$data merge entity $(bone_9) {transformation: [-0.9992f,-0.013f,-0.0376f,0.0201f,-0.0395f,0.2145f,0.9759f,0.8811f,-0.0047f,0.9766f,-0.2148f,0.5073f,0f,0f,0f,1f],start_interpolation: 0,interpolation_duration: 1}
$data merge entity $(bone_2) {transformation: [0.9532f,-0.1784f,-0.2404f,-0.2411f,0.2991f,0.5732f,0.7627f,0.6345f,0.0017f,-0.7997f,0.6004f,0.4415f,0f,0f,0f,1f],start_interpolation: 0,interpolation_duration: 1}
$data merge entity $(bone_1) {transformation: [0.9541f,-0.2906f,-0.0718f,-0.3319f,0.2994f,0.9276f,0.2234f,0.9243f,0.0017f,-0.2347f,0.9721f,0.3682f,0f,0f,0f,1f],start_interpolation: 0,interpolation_duration: 1}
$data merge entity $(bone_4) {transformation: [-0.8924f,0.4453f,0.0605f,0.308f,0.1815f,0.481f,-0.8577f,0.6288f,-0.4106f,-0.7552f,-0.5106f,0.4078f,0f,0f,0f,1f],start_interpolation: 0,interpolation_duration: 1}
$data merge entity $(bone_3) {transformation: [-0.9546f,0.1267f,0.2697f,0.3372f,0.0789f,0.9803f,-0.1813f,0.9255f,-0.2874f,-0.1518f,-0.9457f,0.3923f,0f,0f,0f,1f],start_interpolation: 0,interpolation_duration: 1}
$data merge entity $(bone_8) {transformation: [-0.9903f,-0.0083f,0.1389f,-0.1387f,0.115f,0.5134f,0.8504f,0.2969f,-0.0783f,0.8581f,-0.5075f,-0.1654f,0f,0f,0f,1f],start_interpolation: 0,interpolation_duration: 1}
$data merge entity $(bone_7) {transformation: [-0.9901f,0.0547f,0.1296f,-0.1193f,0.102f,0.9139f,0.3929f,0.5989f,-0.0969f,0.4022f,-0.9104f,-0.046f,0f,0f,0f,1f],start_interpolation: 0,interpolation_duration: 1}
$data merge entity $(item_display_item_display1) {transformation: [0.0225f,-0.1144f,-1.9966f,-0.0662f,-1.3611f,1.462f,-0.0991f,0.4094f,1.4652f,1.3599f,-0.0614f,1.1099f,0f,0f,0f,1f],start_interpolation: 0,interpolation_duration: 1}
data modify entity @s data merge value {"cameras":{"camera3":{"px":2.3125,"py":1.8125,"pz":-1.1249999999999998,"ry":70.00000000000001,"rx":4.2315934850178553e-16}},"locators":{}}