# This file was generated by Animated Java via MC-Build. It is not recommended to edit this file directly.
$data merge entity $(bone_layer) {transformation: [-0.9994f,-0.0314f,-0.0124f,-0.0182f,-0.0203f,0.2631f,0.9645f,0.8506f,-0.027f,0.9642f,-0.2636f,0.4903f,0f,0f,0f,1f],start_interpolation: 0,interpolation_duration: 1}
$data merge entity $(bone_head) {transformation: [-0.9994f,-0.0314f,-0.0124f,-0.0182f,-0.0203f,0.2631f,0.9645f,0.8506f,-0.027f,0.9642f,-0.2636f,0.4903f,0f,0f,0f,1f],start_interpolation: 0,interpolation_duration: 1}
$data merge entity $(bone_6) {transformation: [-0.9958f,-0.061f,0.0688f,0.1695f,-0.0627f,0.9978f,-0.0234f,0.332f,-0.0672f,-0.0276f,-0.9974f,0.1703f,0f,0f,0f,1f],start_interpolation: 0,interpolation_duration: 1}
$data merge entity $(bone_12) {transformation: [-0.9967f,-0.0116f,0.0808f,0.1653f,-0.0716f,0.5996f,-0.7971f,0.53f,-0.0392f,-0.8002f,-0.5984f,-0.0836f,0f,0f,0f,1f],start_interpolation: 0,interpolation_duration: 1}
$data merge entity $(bone_10) {transformation: [-0.9998f,-0.0065f,-0.0205f,0.0219f,-0.0203f,0.6064f,0.7949f,0.8216f,0.0072f,0.7952f,-0.6064f,0.2345f,0f,0f,0f,1f],start_interpolation: 0,interpolation_duration: 1}
$data merge entity $(bone_9) {transformation: [-0.9992f,-0.016f,-0.0379f,0.0177f,-0.0403f,0.1963f,0.9797f,0.8682f,-0.0083f,0.9804f,-0.1968f,0.5149f,0f,0f,0f,1f],start_interpolation: 0,interpolation_duration: 1}
$data merge entity $(bone_2) {transformation: [0.9527f,-0.1797f,-0.2415f,-0.243f,0.3004f,0.6046f,0.7375f,0.6229f,0.0134f,-0.7759f,0.6307f,0.4413f,0f,0f,0f,1f],start_interpolation: 0,interpolation_duration: 1}
$data merge entity $(bone_1) {transformation: [0.9536f,-0.2912f,-0.0763f,-0.334f,0.3007f,0.9329f,0.1981f,0.9145f,0.0134f,-0.2118f,0.9772f,0.3751f,0f,0f,0f,1f],start_interpolation: 0,interpolation_duration: 1}
$data merge entity $(bone_4) {transformation: [-0.8991f,0.4299f,0.0722f,0.3054f,0.1788f,0.5156f,-0.8379f,0.6169f,-0.3971f,-0.7412f,-0.541f,0.4101f,0f,0f,0f,1f],start_interpolation: 0,interpolation_duration: 1}
$data merge entity $(bone_3) {transformation: [-0.9529f,0.1276f,0.2753f,0.3347f,0.0859f,0.9836f,-0.1586f,0.9138f,-0.291f,-0.1275f,-0.9482f,0.4019f,0f,0f,0f,1f],start_interpolation: 0,interpolation_duration: 1}
$data merge entity $(bone_8) {transformation: [-0.9898f,-0.011f,0.1424f,-0.1388f,0.1171f,0.5081f,0.8533f,0.2939f,-0.0817f,0.8613f,-0.5016f,-0.1635f,0f,0f,0f,1f],start_interpolation: 0,interpolation_duration: 1}
$data merge entity $(bone_7) {transformation: [-0.9895f,0.0546f,0.134f,-0.1194f,0.104f,0.9122f,0.3964f,0.5953f,-0.1006f,0.4062f,-0.9082f,-0.0428f,0f,0f,0f,1f],start_interpolation: 0,interpolation_duration: 1}
$data merge entity $(item_display_item_display1) {transformation: [0.0199f,-0.1121f,-1.9968f,-0.067f,-1.396f,1.4291f,-0.0941f,0.3967f,1.4321f,1.3946f,-0.0641f,1.1133f,0f,0f,0f,1f],start_interpolation: 0,interpolation_duration: 1}
data modify entity @s data merge value {"cameras":{"camera3":{"px":2.5625,"py":0.875,"pz":-0.49999999999999967,"ry":70.00000000000001,"rx":4.2315934850178553e-16}},"locators":{}}