# This file was generated by Animated Java via MC-Build. It is not recommended to edit this file directly.
$data merge entity $(bone_layer) {transformation: [-0.9994f,-0.0328f,-0.012f,-0.019f,-0.0201f,0.2569f,0.9662f,0.8468f,-0.0286f,0.9659f,-0.2574f,0.4925f,0f,0f,0f,1f],start_interpolation: 0,interpolation_duration: 1}
$data merge entity $(bone_head) {transformation: [-0.9994f,-0.0328f,-0.012f,-0.019f,-0.0201f,0.2569f,0.9662f,0.8468f,-0.0286f,0.9659f,-0.2574f,0.4925f,0f,0f,0f,1f],start_interpolation: 0,interpolation_duration: 1}
$data merge entity $(bone_6) {transformation: [-0.9957f,-0.0608f,0.0704f,0.1691f,-0.0625f,0.9978f,-0.0222f,0.3299f,-0.0689f,-0.0265f,-0.9973f,0.1704f,0f,0f,0f,1f],start_interpolation: 0,interpolation_duration: 1}
$data merge entity $(bone_12) {transformation: [-0.9966f,-0.0104f,0.0816f,0.1652f,-0.0713f,0.603f,-0.7945f,0.5289f,-0.0409f,-0.7977f,-0.6017f,-0.0826f,0f,0f,0f,1f],start_interpolation: 0,interpolation_duration: 1}
$data merge entity $(bone_10) {transformation: [-0.9998f,-0.0076f,-0.0202f,0.0215f,-0.0207f,0.6026f,0.7978f,0.8193f,0.0061f,0.798f,-0.6026f,0.2366f,0f,0f,0f,1f],start_interpolation: 0,interpolation_duration: 1}
$data merge entity $(bone_9) {transformation: [-0.9991f,-0.017f,-0.038f,0.017f,-0.0405f,0.1908f,0.9808f,0.8643f,-0.0094f,0.9815f,-0.1913f,0.5172f,0f,0f,0f,1f],start_interpolation: 0,interpolation_duration: 1}
$data merge entity $(bone_2) {transformation: [0.9525f,-0.1827f,-0.2399f,-0.2436f,0.3008f,0.6216f,0.7231f,0.6195f,0.017f,-0.7617f,0.6477f,0.4412f,0f,0f,0f,1f],start_interpolation: 0,interpolation_duration: 1}
$data merge entity $(bone_1) {transformation: [0.9534f,-0.2914f,-0.0776f,-0.3346f,0.3011f,0.9344f,0.1904f,0.9115f,0.017f,-0.2049f,0.9786f,0.3772f,0f,0f,0f,1f],start_interpolation: 0,interpolation_duration: 1}
$data merge entity $(bone_4) {transformation: [-0.9071f,0.411f,0.0814f,0.3046f,0.1689f,0.537f,-0.8264f,0.6133f,-0.383f,-0.7367f,-0.5571f,0.4107f,0f,0f,0f,1f],start_interpolation: 0,interpolation_duration: 1}
$data merge entity $(bone_3) {transformation: [-0.9523f,0.1279f,0.2769f,0.3339f,0.0881f,0.9845f,-0.1517f,0.9103f,-0.2921f,-0.1201f,-0.9488f,0.4047f,0f,0f,0f,1f],start_interpolation: 0,interpolation_duration: 1}
$data merge entity $(bone_8) {transformation: [-0.9896f,-0.0118f,0.1434f,-0.1386f,0.1178f,0.5064f,0.8542f,0.2929f,-0.0827f,0.8622f,-0.4998f,-0.1628f,0f,0f,0f,1f],start_interpolation: 0,interpolation_duration: 1}
$data merge entity $(bone_7) {transformation: [-0.9893f,0.0546f,0.1353f,-0.1191f,0.1047f,0.9116f,0.3974f,0.5942f,-0.1017f,0.4074f,-0.9076f,-0.0417f,0f,0f,0f,1f],start_interpolation: 0,interpolation_duration: 1}
$data merge entity $(item_display_item_display1) {transformation: [0.0191f,-0.1114f,-1.9968f,-0.0672f,-1.4064f,1.419f,-0.0927f,0.3928f,1.4219f,1.405f,-0.0648f,1.1144f,0f,0f,0f,1f],start_interpolation: 0,interpolation_duration: 1}
data modify entity @s data merge value {"cameras":{"camera3":{"px":2.5625,"py":1.75,"pz":-0.49999999999999967,"ry":70.00000000000001,"rx":4.2315934850178553e-16}},"locators":{}}