# This file was generated by Animated Java via MC-Build. It is not recommended to edit this file directly.
$data merge entity $(bone_layer) {transformation: [-0.9996f,-0.024f,-0.0149f,-0.0142f,-0.0213f,0.2957f,0.9551f,0.8709f,-0.0186f,0.955f,-0.2961f,0.4789f,0f,0f,0f,1f],start_interpolation: 0,interpolation_duration: 1}
$data merge entity $(bone_head) {transformation: [-0.9996f,-0.024f,-0.0149f,-0.0142f,-0.0213f,0.2957f,0.9551f,0.8709f,-0.0186f,0.955f,-0.2961f,0.4789f,0f,0f,0f,1f],start_interpolation: 0,interpolation_duration: 1}
$data merge entity $(bone_6) {transformation: [-0.9962f,-0.0618f,0.0607f,0.1719f,-0.0637f,0.9975f,-0.0298f,0.3434f,-0.0587f,-0.0336f,-0.9977f,0.1694f,0f,0f,0f,1f],start_interpolation: 0,interpolation_duration: 1}
$data merge entity $(bone_12) {transformation: [-0.9969f,-0.0182f,0.0767f,0.1656f,-0.073f,0.5812f,-0.8105f,0.5356f,-0.0298f,-0.8136f,-0.5807f,-0.0889f,0f,0f,0f,1f],start_interpolation: 0,interpolation_duration: 1}
$data merge entity $(bone_10) {transformation: [-0.9997f,-0.0012f,-0.0224f,0.0244f,-0.0183f,0.6262f,0.7794f,0.8336f,0.0131f,0.7796f,-0.6261f,0.2229f,0f,0f,0f,1f],start_interpolation: 0,interpolation_duration: 1}
$data merge entity $(bone_9) {transformation: [-0.9992f,-0.0113f,-0.0375f,0.0215f,-0.039f,0.2251f,0.9736f,0.8886f,-0.0026f,0.9743f,-0.2254f,0.5028f,0f,0f,0f,1f],start_interpolation: 0,interpolation_duration: 1}
$data merge entity $(bone_2) {transformation: [0.9534f,-0.1968f,-0.2245f,-0.24f,0.2982f,0.6163f,0.7287f,0.6412f,-0.0051f,-0.7625f,0.647f,0.4416f,0f,0f,0f,1f],start_interpolation: 0,interpolation_duration: 1}
$data merge entity $(bone_1) {transformation: [0.9544f,-0.2904f,-0.0693f,-0.3307f,0.2985f,0.9242f,0.2381f,0.93f,-0.0051f,-0.2479f,0.9688f,0.3641f,0f,0f,0f,1f],start_interpolation: 0,interpolation_duration: 1}
$data merge entity $(bone_4) {transformation: [-0.9334f,0.3433f,0.0953f,0.3095f,0.1159f,0.5461f,-0.8297f,0.6358f,-0.3365f,-0.7642f,-0.5501f,0.4063f,0f,0f,0f,1f],start_interpolation: 0,interpolation_duration: 1}
$data merge entity $(bone_3) {transformation: [-0.9555f,0.126f,0.2666f,0.3386f,0.0747f,0.9781f,-0.1945f,0.9323f,-0.2853f,-0.1659f,-0.944f,0.3866f,0f,0f,0f,1f],start_interpolation: 0,interpolation_duration: 1}
$data merge entity $(bone_8) {transformation: [-0.9906f,-0.0067f,0.1368f,-0.1363f,0.1137f,0.5166f,0.8487f,0.2981f,-0.0764f,0.8562f,-0.511f,-0.1655f,0f,0f,0f,1f],start_interpolation: 0,interpolation_duration: 1}
$data merge entity $(bone_7) {transformation: [-0.9904f,0.0548f,0.127f,-0.1169f,0.1007f,0.9149f,0.3908f,0.6003f,-0.0948f,0.3998f,-0.9117f,-0.0469f,0f,0f,0f,1f],start_interpolation: 0,interpolation_duration: 1}
$data merge entity $(item_display_item_display1) {transformation: [0.024f,-0.1158f,-1.9965f,-0.0657f,-1.3406f,1.4807f,-0.102f,0.4168f,1.484f,1.3394f,-0.0598f,1.1079f,0f,0f,0f,1f],start_interpolation: 0,interpolation_duration: 1}
data modify entity @s data merge value {"cameras":{"camera3":{"px":2.5619212962962963,"py":0.880931712962963,"pz":-0.5164930555555552,"ry":70.00000000000001,"rx":4.2315934850178553e-16}},"locators":{}}