# This file was generated by Animated Java via MC-Build. It is not recommended to edit this file directly.
$data merge entity $(bone_layer) {transformation: [-0.9994f,-0.0316f,-0.0124f,-0.0184f,-0.0203f,0.2622f,0.9648f,0.8501f,-0.0272f,0.9645f,-0.2627f,0.4907f,0f,0f,0f,1f],start_interpolation: 0,interpolation_duration: 1}
$data merge entity $(bone_head) {transformation: [-0.9994f,-0.0316f,-0.0124f,-0.0184f,-0.0203f,0.2622f,0.9648f,0.8501f,-0.0272f,0.9645f,-0.2627f,0.4907f,0f,0f,0f,1f],start_interpolation: 0,interpolation_duration: 1}
$data merge entity $(bone_6) {transformation: [-0.9957f,-0.061f,0.069f,0.1695f,-0.0627f,0.9978f,-0.0232f,0.3317f,-0.0675f,-0.0274f,-0.9973f,0.1703f,0f,0f,0f,1f],start_interpolation: 0,interpolation_duration: 1}
$data merge entity $(bone_12) {transformation: [-0.9967f,-0.0115f,0.0809f,0.1653f,-0.0716f,0.6001f,-0.7967f,0.5298f,-0.0394f,-0.7999f,-0.5989f,-0.0834f,0f,0f,0f,1f],start_interpolation: 0,interpolation_duration: 1}
$data merge entity $(bone_10) {transformation: [-0.9998f,-0.0067f,-0.0205f,0.0219f,-0.0203f,0.6058f,0.7954f,0.8212f,0.0071f,0.7956f,-0.6058f,0.2348f,0f,0f,0f,1f],start_interpolation: 0,interpolation_duration: 1}
$data merge entity $(bone_9) {transformation: [-0.9992f,-0.0162f,-0.0379f,0.0176f,-0.0403f,0.1955f,0.9799f,0.8676f,-0.0084f,0.9806f,-0.196f,0.5153f,0f,0f,0f,1f],start_interpolation: 0,interpolation_duration: 1}
$data merge entity $(bone_2) {transformation: [0.9526f,-0.1868f,-0.2362f,-0.2431f,0.3005f,0.6274f,0.7182f,0.6224f,0.014f,-0.7559f,0.6545f,0.4413f,0f,0f,0f,1f],start_interpolation: 0,interpolation_duration: 1}
$data merge entity $(bone_1) {transformation: [0.9536f,-0.2913f,-0.0764f,-0.3341f,0.3008f,0.9331f,0.1969f,0.914f,0.014f,-0.2108f,0.9774f,0.3754f,0f,0f,0f,1f],start_interpolation: 0,interpolation_duration: 1}
$data merge entity $(bone_4) {transformation: [-0.9158f,0.3896f,0.088f,0.3053f,0.1538f,0.5479f,-0.8223f,0.6163f,-0.3682f,-0.7403f,-0.5622f,0.4102f,0f,0f,0f,1f],start_interpolation: 0,interpolation_duration: 1}
$data merge entity $(bone_3) {transformation: [-0.9528f,0.1277f,0.2755f,0.3346f,0.0863f,0.9837f,-0.1576f,0.9133f,-0.2911f,-0.1264f,-0.9483f,0.4023f,0f,0f,0f,1f],start_interpolation: 0,interpolation_duration: 1}
$data merge entity $(bone_8) {transformation: [-0.9897f,-0.0111f,0.1425f,-0.138f,0.1172f,0.5078f,0.8535f,0.2935f,-0.0818f,0.8614f,-0.5013f,-0.163f,0f,0f,0f,1f],start_interpolation: 0,interpolation_duration: 1}
$data merge entity $(bone_7) {transformation: [-0.9895f,0.0546f,0.1342f,-0.1186f,0.1041f,0.9121f,0.3966f,0.5949f,-0.1007f,0.4063f,-0.9082f,-0.0423f,0f,0f,0f,1f],start_interpolation: 0,interpolation_duration: 1}
$data merge entity $(item_display_item_display1) {transformation: [0.0198f,-0.112f,-1.9968f,-0.067f,-1.3976f,1.4275f,-0.0939f,0.3961f,1.4305f,1.3963f,-0.0642f,1.1135f,0f,0f,0f,1f],start_interpolation: 0,interpolation_duration: 1}
data modify entity @s data merge value {"cameras":{"camera3":{"px":2.3125,"py":0.875,"pz":-1.1249999999999998,"ry":70.00000000000001,"rx":4.2315934850178553e-16}},"locators":{}}