# This file was generated by Animated Java via MC-Build. It is not recommended to edit this file directly.
$data merge entity $(bone_layer) {transformation: [-0.9997f,-0.0192f,-0.0167f,-0.0115f,-0.0219f,0.318f,0.9478f,0.8847f,-0.0129f,0.9479f,-0.3183f,0.4707f,0f,0f,0f,1f],start_interpolation: 0,interpolation_duration: 1}
$data merge entity $(bone_head) {transformation: [-0.9997f,-0.0192f,-0.0167f,-0.0115f,-0.0219f,0.318f,0.9478f,0.8847f,-0.0129f,0.9479f,-0.3183f,0.4707f,0f,0f,0f,1f],start_interpolation: 0,interpolation_duration: 1}
$data merge entity $(bone_6) {transformation: [-0.9965f,-0.0623f,0.0553f,0.1735f,-0.0643f,0.9973f,-0.0343f,0.3513f,-0.053f,-0.0377f,-0.9979f,0.1687f,0f,0f,0f,1f],start_interpolation: 0,interpolation_duration: 1}
$data merge entity $(bone_12) {transformation: [-0.997f,-0.0227f,0.074f,0.1657f,-0.0738f,0.5682f,-0.8195f,0.5393f,-0.0235f,-0.8225f,-0.5682f,-0.0925f,0f,0f,0f,1f],start_interpolation: 0,interpolation_duration: 1}
$data merge entity $(bone_10) {transformation: [-0.9997f,0.0022f,-0.0237f,0.0259f,-0.0168f,0.6397f,0.7684f,0.8417f,0.0169f,0.7686f,-0.6395f,0.2148f,0f,0f,0f,1f],start_interpolation: 0,interpolation_duration: 1}
$data merge entity $(bone_9) {transformation: [-0.9993f,-0.0082f,-0.0373f,0.0239f,-0.0382f,0.2449f,0.9688f,0.9026f,0.0012f,0.9695f,-0.245f,0.4942f,0f,0f,0f,1f],start_interpolation: 0,interpolation_duration: 1}
$data merge entity $(bone_2) {transformation: [0.9539f,-0.2021f,-0.218f,-0.238f,0.2964f,0.6043f,0.7395f,0.654f,-0.0177f,-0.7707f,0.6369f,0.4415f,0f,0f,0f,1f],start_interpolation: 0,interpolation_duration: 1}
$data merge entity $(bone_1) {transformation: [0.9548f,-0.2901f,-0.0647f,-0.3286f,0.2967f,0.9173f,0.2655f,0.9406f,-0.0177f,-0.2727f,0.9619f,0.3563f,0f,0f,0f,1f],start_interpolation: 0,interpolation_duration: 1}
$data merge entity $(bone_4) {transformation: [-0.9413f,0.3205f,0.0969f,0.3123f,0.0966f,0.5377f,-0.8376f,0.649f,-0.3202f,-0.7799f,-0.5377f,0.4035f,0f,0f,0f,1f],start_interpolation: 0,interpolation_duration: 1}
$data merge entity $(bone_3) {transformation: [-0.9573f,0.1246f,0.2608f,0.3412f,0.067f,0.9734f,-0.2192f,0.9448f,-0.2812f,-0.1924f,-0.9402f,0.3758f,0f,0f,0f,1f],start_interpolation: 0,interpolation_duration: 1}
$data merge entity $(bone_8) {transformation: [-0.9911f,-0.0039f,0.133f,-0.1354f,0.1114f,0.5225f,0.8453f,0.3011f,-0.0728f,0.8526f,-0.5174f,-0.1673f,0f,0f,0f,1f],start_interpolation: 0,interpolation_duration: 1}
$data merge entity $(bone_7) {transformation: [-0.991f,0.0548f,0.1223f,-0.1161f,0.0985f,0.9169f,0.3869f,0.6039f,-0.0909f,0.3954f,-0.914f,-0.0502f,0f,0f,0f,1f],start_interpolation: 0,interpolation_duration: 1}
$data merge entity $(item_display_item_display1) {transformation: [0.027f,-0.1182f,-1.9963f,-0.0649f,-1.3011f,1.5151f,-0.1073f,0.4308f,1.5187f,1.3002f,-0.0564f,1.1041f,0f,0f,0f,1f],start_interpolation: 0,interpolation_duration: 1}
data modify entity @s data merge value {"cameras":{"camera3":{"px":2.5439814814814814,"py":0.9537037037037036,"pz":-0.5833333333333329,"ry":70.00000000000001,"rx":4.2315934850178553e-16}},"locators":{}}