# This file was generated by Animated Java via MC-Build. It is not recommended to edit this file directly.
$data merge entity $(bone_layer) {transformation: [-0.9995f,-0.0284f,-0.0134f,-0.0166f,-0.0207f,0.2761f,0.9609f,0.8587f,-0.0236f,0.9607f,-0.2765f,0.4859f,0f,0f,0f,1f],start_interpolation: 0,interpolation_duration: 1}
$data merge entity $(bone_head) {transformation: [-0.9995f,-0.0284f,-0.0134f,-0.0166f,-0.0207f,0.2761f,0.9609f,0.8587f,-0.0236f,0.9607f,-0.2765f,0.4859f,0f,0f,0f,1f],start_interpolation: 0,interpolation_duration: 1}
$data merge entity $(bone_6) {transformation: [-0.996f,-0.0613f,0.0656f,0.1705f,-0.0632f,0.9977f,-0.0259f,0.3366f,-0.0638f,-0.03f,-0.9975f,0.1699f,0f,0f,0f,1f],start_interpolation: 0,interpolation_duration: 1}
$data merge entity $(bone_12) {transformation: [-0.9968f,-0.0143f,0.0791f,0.1654f,-0.0722f,0.5923f,-0.8025f,0.5322f,-0.0354f,-0.8056f,-0.5914f,-0.0857f,0f,0f,0f,1f],start_interpolation: 0,interpolation_duration: 1}
$data merge entity $(bone_10) {transformation: [-0.9998f,-0.0044f,-0.0213f,0.0229f,-0.0195f,0.6143f,0.7888f,0.8264f,0.0096f,0.7891f,-0.6142f,0.2299f,0f,0f,0f,1f],start_interpolation: 0,interpolation_duration: 1}
$data merge entity $(bone_9) {transformation: [-0.9992f,-0.0141f,-0.0377f,0.0193f,-0.0398f,0.2078f,0.9774f,0.8763f,-0.006f,0.9781f,-0.2081f,0.5102f,0f,0f,0f,1f],start_interpolation: 0,interpolation_duration: 1}
$data merge entity $(bone_2) {transformation: [0.953f,-0.1916f,-0.2308f,-0.2418f,0.2996f,0.6248f,0.7209f,0.6302f,0.006f,-0.7569f,0.6535f,0.4415f,0f,0f,0f,1f],start_interpolation: 0,interpolation_duration: 1}
$data merge entity $(bone_1) {transformation: [0.9539f,-0.2908f,-0.0734f,-0.3327f,0.2999f,0.9297f,0.214f,0.9207f,0.006f,-0.2262f,0.9741f,0.3708f,0f,0f,0f,1f],start_interpolation: 0,interpolation_duration: 1}
$data merge entity $(bone_4) {transformation: [-0.9248f,0.3667f,0.0925f,0.3071f,0.1355f,0.5502f,-0.8239f,0.6244f,-0.3527f,-0.7502f,-0.5591f,0.4086f,0f,0f,0f,1f],start_interpolation: 0,interpolation_duration: 1}
$data merge entity $(bone_3) {transformation: [-0.9539f,0.127f,0.2718f,0.3363f,0.0815f,0.9816f,-0.1729f,0.9212f,-0.2887f,-0.1428f,-0.9467f,0.3958f,0f,0f,0f,1f],start_interpolation: 0,interpolation_duration: 1}
$data merge entity $(bone_8) {transformation: [-0.9901f,-0.0092f,0.1401f,-0.1372f,0.1157f,0.5114f,0.8515f,0.2954f,-0.0795f,0.8593f,-0.5053f,-0.164f,0f,0f,0f,1f],start_interpolation: 0,interpolation_duration: 1}
$data merge entity $(bone_7) {transformation: [-0.9899f,0.0547f,0.1312f,-0.1178f,0.1027f,0.9133f,0.3942f,0.5971f,-0.0982f,0.4037f,-0.9096f,-0.0442f,0f,0f,0f,1f],start_interpolation: 0,interpolation_duration: 1}
$data merge entity $(item_display_item_display1) {transformation: [0.0215f,-0.1136f,-1.9967f,-0.0665f,-1.3742f,1.4498f,-0.0973f,0.4047f,1.4529f,1.373f,-0.0625f,1.1112f,0f,0f,0f,1f],start_interpolation: 0,interpolation_duration: 1}
data modify entity @s data merge value {"cameras":{"camera3":{"px":2.5625,"py":0.875,"pz":-0.49999999999999967,"ry":70.00000000000001,"rx":4.2315934850178553e-16}},"locators":{}}