# This file was generated by Animated Java via MC-Build. It is not recommended to edit this file directly.
$data merge entity $(bone_layer) {transformation: [-0.8446f,0.4586f,-0.2762f,0.1668f,-0.074f,0.4109f,0.9087f,1.0817f,0.5302f,0.7879f,-0.3131f,0.3105f,0f,0f,0f,1f],start_interpolation: 0,interpolation_duration: 1}
$data merge entity $(bone_head) {transformation: [-0.8446f,0.4586f,-0.2762f,0.1668f,-0.074f,0.4109f,0.9087f,1.0817f,0.5302f,0.7879f,-0.3131f,0.3105f,0f,0f,0f,1f],start_interpolation: 0,interpolation_duration: 1}
$data merge entity $(bone_6) {transformation: [-0.9637f,-0.0262f,-0.2657f,0.2127f,-0.198f,0.7379f,0.6452f,0.2928f,0.1792f,0.6744f,-0.7163f,-0.1901f,0f,0f,0f,1f],start_interpolation: 0,interpolation_duration: 1}
$data merge entity $(bone_12) {transformation: [-0.9625f,-0.1659f,-0.2148f,0.1607f,-0.2013f,0.9672f,0.1549f,0.6032f,0.182f,0.1923f,-0.9643f,-0.1222f,0f,0f,0f,1f],start_interpolation: 0,interpolation_duration: 1}
$data merge entity $(bone_10) {transformation: [-0.8488f,0.0959f,-0.52f,0.0434f,-0.0715f,0.9536f,0.2926f,0.9429f,0.5239f,0.2855f,-0.8025f,0.094f,0f,0f,0f,1f],start_interpolation: 0,interpolation_duration: 1}
$data merge entity $(bone_9) {transformation: [-0.8485f,0.4147f,-0.3287f,0.1725f,-0.0753f,0.5203f,0.8507f,1.0807f,0.5238f,0.7466f,-0.4102f,0.323f,0f,0f,0f,1f],start_interpolation: 0,interpolation_duration: 1}
$data merge entity $(bone_2) {transformation: [0.5601f,-0.6742f,0.4807f,-0.0981f,0.2291f,0.6843f,0.6922f,0.7301f,-0.7948f,-0.2779f,0.5383f,0.3705f,0f,0f,0f,1f],start_interpolation: 0,interpolation_duration: 1}
$data merge entity $(bone_1) {transformation: [0.5607f,-0.1763f,0.8091f,-0.1532f,0.2294f,0.9719f,0.0528f,1.0338f,-0.7956f,0.156f,0.5853f,0.4192f,0f,0f,0f,1f],start_interpolation: 0,interpolation_duration: 1}
$data merge entity $(bone_4) {transformation: [-0.9977f,0.0226f,0.0449f,0.4651f,-0.0142f,0.7303f,-0.6829f,0.8073f,-0.0481f,-0.6827f,-0.7291f,0.0642f,0f,0f,0f,1f],start_interpolation: 0,interpolation_duration: 1}
$data merge entity $(bone_3) {transformation: [-0.9741f,-0.196f,-0.1131f,0.4105f,-0.2107f,0.9679f,0.1368f,1.0904f,0.0827f,0.157f,-0.9841f,0.1415f,0f,0f,0f,1f],start_interpolation: 0,interpolation_duration: 1}
$data merge entity $(bone_8) {transformation: [-0.9964f,0.058f,-0.0617f,-0.0636f,0.0399f,0.9641f,0.2626f,0.2892f,0.0748f,0.2592f,-0.9629f,0.0698f,0f,0f,0f,1f],start_interpolation: 0,interpolation_duration: 1}
$data merge entity $(bone_7) {transformation: [-0.9967f,0.0193f,-0.079f,-0.0583f,0.0354f,0.9776f,-0.2073f,0.6043f,0.0732f,-0.2094f,-0.9751f,-0.0104f,0f,0f,0f,1f],start_interpolation: 0,interpolation_duration: 1}
$data merge entity $(item_display_item_display1) {transformation: [-1.231f,0.0962f,-1.5733f,0.3976f,-1.3105f,1.0468f,1.0894f,0.4858f,0.8759f,1.7015f,-0.5812f,0.7467f,0f,0f,0f,1f],start_interpolation: 0,interpolation_duration: 1}
data modify entity @s data merge value {"cameras":{"camera3":{"px":2.4391904583020287,"py":1.3817618332081143,"pz":-0.9349643125469569,"ry":70.00000000000001,"rx":4.2315934850178553e-16}},"locators":{}}