# This file was generated by Animated Java via MC-Build. It is not recommended to edit this file directly.
$data merge entity $(bone_layer) {transformation: [-0.9997f,-0.0145f,-0.0186f,-0.009f,-0.0224f,0.3402f,0.9401f,0.8984f,-0.0073f,0.9402f,-0.3404f,0.4623f,0f,0f,0f,1f],start_interpolation: 0,interpolation_duration: 1}
$data merge entity $(bone_head) {transformation: [-0.9997f,-0.0145f,-0.0186f,-0.009f,-0.0224f,0.3402f,0.9401f,0.8984f,-0.0073f,0.9402f,-0.3404f,0.4623f,0f,0f,0f,1f],start_interpolation: 0,interpolation_duration: 1}
$data merge entity $(bone_6) {transformation: [-0.9968f,-0.0628f,0.05f,0.175f,-0.0648f,0.9971f,-0.0388f,0.3592f,-0.0474f,-0.0419f,-0.998f,0.1679f,0f,0f,0f,1f],start_interpolation: 0,interpolation_duration: 1}
$data merge entity $(bone_12) {transformation: [-0.9971f,-0.0271f,0.0716f,0.1659f,-0.0745f,0.5551f,-0.8284f,0.543f,-0.0173f,-0.8313f,-0.5555f,-0.0963f,0f,0f,0f,1f],start_interpolation: 0,interpolation_duration: 1}
$data merge entity $(bone_10) {transformation: [-0.9997f,0.0056f,-0.0251f,0.0274f,-0.0154f,0.6531f,0.7571f,0.8497f,0.0206f,0.7572f,-0.6528f,0.2066f,0f,0f,0f,1f],start_interpolation: 0,interpolation_duration: 1}
$data merge entity $(bone_9) {transformation: [-0.9993f,-0.0053f,-0.0372f,0.0262f,-0.0372f,0.2647f,0.9636f,0.9165f,0.0048f,0.9643f,-0.2647f,0.4852f,0f,0f,0f,1f],start_interpolation: 0,interpolation_duration: 1}
$data merge entity $(bone_2) {transformation: [0.9542f,-0.207f,-0.2118f,-0.236f,0.2943f,0.5912f,0.7508f,0.6669f,-0.0301f,-0.7795f,0.6257f,0.4411f,0f,0f,0f,1f],start_interpolation: 0,interpolation_duration: 1}
$data merge entity $(bone_1) {transformation: [0.9551f,-0.29f,-0.0602f,-0.3266f,0.2946f,0.9096f,0.2928f,0.9511f,-0.0302f,-0.2974f,0.9543f,0.3482f,0f,0f,0f,1f],start_interpolation: 0,interpolation_duration: 1}
$data merge entity $(bone_4) {transformation: [-0.9482f,0.2991f,0.0979f,0.315f,0.0789f,0.5274f,-0.8459f,0.6622f,-0.3044f,-0.7952f,-0.5243f,0.4005f,0f,0f,0f,1f],start_interpolation: 0,interpolation_duration: 1}
$data merge entity $(bone_3) {transformation: [-0.959f,0.1231f,0.2553f,0.3436f,0.0593f,0.968f,-0.2439f,0.9572f,-0.2771f,-0.2187f,-0.9356f,0.3648f,0f,0f,0f,1f],start_interpolation: 0,interpolation_duration: 1}
$data merge entity $(bone_8) {transformation: [-0.9916f,-0.0012f,0.1293f,-0.1346f,0.1092f,0.5284f,0.8419f,0.3041f,-0.0693f,0.849f,-0.5238f,-0.1692f,0f,0f,0f,1f],start_interpolation: 0,interpolation_duration: 1}
$data merge entity $(bone_7) {transformation: [-0.9915f,0.0549f,0.1177f,-0.1153f,0.0963f,0.9188f,0.3829f,0.6075f,-0.0872f,0.391f,-0.9163f,-0.0535f,0f,0f,0f,1f],start_interpolation: 0,interpolation_duration: 1}
$data merge entity $(item_display_item_display1) {transformation: [0.0301f,-0.1205f,-1.9961f,-0.064f,-1.2607f,1.5485f,-0.1125f,0.4447f,1.5523f,1.26f,-0.0527f,1.1003f,0f,0f,0f,1f],start_interpolation: 0,interpolation_duration: 1}
data modify entity @s data merge value {"cameras":{"camera3":{"px":2.515625,"py":1.1250000000000002,"pz":-0.6796874999999999,"ry":70.00000000000001,"rx":4.2315934850178553e-16}},"locators":{}}