# This file was generated by Animated Java via MC-Build. It is not recommended to edit this file directly.
$data merge entity $(bone_layer) {transformation: [-0.9997f,-0.0106f,-0.0204f,-0.0069f,-0.0228f,0.3595f,0.9329f,0.9103f,-0.0026f,0.9331f,-0.3596f,0.4547f,0f,0f,0f,1f],start_interpolation: 0,interpolation_duration: 1}
$data merge entity $(bone_head) {transformation: [-0.9997f,-0.0106f,-0.0204f,-0.0069f,-0.0228f,0.3595f,0.9329f,0.9103f,-0.0026f,0.9331f,-0.3596f,0.4547f,0f,0f,0f,1f],start_interpolation: 0,interpolation_duration: 1}
$data merge entity $(bone_6) {transformation: [-0.997f,-0.0633f,0.0455f,0.1763f,-0.0652f,0.997f,-0.0428f,0.366f,-0.0427f,-0.0457f,-0.998f,0.1671f,0f,0f,0f,1f],start_interpolation: 0,interpolation_duration: 1}
$data merge entity $(bone_12) {transformation: [-0.9971f,-0.0309f,0.0695f,0.166f,-0.0751f,0.5436f,-0.836f,0.5462f,-0.012f,-0.8388f,-0.5443f,-0.0995f,0f,0f,0f,1f],start_interpolation: 0,interpolation_duration: 1}
$data merge entity $(bone_10) {transformation: [-0.9996f,0.0083f,-0.0262f,0.0286f,-0.0141f,0.6646f,0.747f,0.8566f,0.0236f,0.7471f,-0.6643f,0.1993f,0f,0f,0f,1f],start_interpolation: 0,interpolation_duration: 1}
$data merge entity $(bone_9) {transformation: [-0.9993f,-0.0028f,-0.0372f,0.0281f,-0.0365f,0.2819f,0.9588f,0.9285f,0.0078f,0.9594f,-0.2818f,0.4773f,0f,0f,0f,1f],start_interpolation: 0,interpolation_duration: 1}
$data merge entity $(bone_2) {transformation: [0.9544f,-0.2112f,-0.2066f,-0.2343f,0.2923f,0.5797f,0.7605f,0.6782f,-0.0408f,-0.787f,0.6156f,0.4406f,0f,0f,0f,1f],start_interpolation: 0,interpolation_duration: 1}
$data merge entity $(bone_1) {transformation: [0.9554f,-0.29f,-0.0564f,-0.325f,0.2926f,0.9023f,0.3165f,0.9602f,-0.0409f,-0.3189f,0.9469f,0.341f,0f,0f,0f,1f],start_interpolation: 0,interpolation_duration: 1}
$data merge entity $(bone_4) {transformation: [-0.9539f,0.2804f,0.0986f,0.3173f,0.064f,0.5179f,-0.853f,0.6738f,-0.29f,-0.8082f,-0.5125f,0.3978f,0f,0f,0f,1f],start_interpolation: 0,interpolation_duration: 1}
$data merge entity $(bone_3) {transformation: [-0.9604f,0.1216f,0.2506f,0.3456f,0.0527f,0.9627f,-0.2653f,0.9679f,-0.2735f,-0.2416f,-0.931f,0.3551f,0f,0f,0f,1f],start_interpolation: 0,interpolation_duration: 1}
$data merge entity $(bone_8) {transformation: [-0.992f,0.0011f,0.1261f,-0.1339f,0.1072f,0.5336f,0.8389f,0.3067f,-0.0663f,0.8457f,-0.5294f,-0.1708f,0f,0f,0f,1f],start_interpolation: 0,interpolation_duration: 1}
$data merge entity $(bone_7) {transformation: [-0.992f,0.0549f,0.1138f,-0.1147f,0.0945f,0.9204f,0.3794f,0.6106f,-0.0839f,0.3871f,-0.9182f,-0.0565f,0f,0f,0f,1f],start_interpolation: 0,interpolation_duration: 1}
$data merge entity $(item_display_item_display1) {transformation: [0.0329f,-0.1225f,-1.996f,-0.0632f,-1.2248f,1.5768f,-0.117f,0.4569f,1.5808f,1.2243f,-0.0491f,1.097f,0f,0f,0f,1f],start_interpolation: 0,interpolation_duration: 1}
data modify entity @s data merge value {"cameras":{"camera3":{"px":2.4837962962962963,"py":1.2268518518518516,"pz":-0.7847222222222218,"ry":70.00000000000001,"rx":4.2315934850178553e-16}},"locators":{}}