# This file was generated by Animated Java via MC-Build. It is not recommended to edit this file directly.
$data merge entity $(bone_layer) {transformation: [-0.9997f,-0.0079f,-0.0217f,-0.0055f,-0.0231f,0.373f,0.9275f,0.9187f,0.0008f,0.9278f,-0.3731f,0.4493f,0f,0f,0f,1f],start_interpolation: 0,interpolation_duration: 1}
$data merge entity $(bone_head) {transformation: [-0.9997f,-0.0079f,-0.0217f,-0.0055f,-0.0231f,0.373f,0.9275f,0.9187f,0.0008f,0.9278f,-0.3731f,0.4493f,0f,0f,0f,1f],start_interpolation: 0,interpolation_duration: 1}
$data merge entity $(bone_6) {transformation: [-0.9971f,-0.0636f,0.0424f,0.1772f,-0.0655f,0.9968f,-0.0457f,0.3709f,-0.0393f,-0.0483f,-0.9981f,0.1665f,0f,0f,0f,1f],start_interpolation: 0,interpolation_duration: 1}
$data merge entity $(bone_12) {transformation: [-0.9971f,-0.0335f,0.0681f,0.166f,-0.0755f,0.5353f,-0.8413f,0.5485f,-0.0083f,-0.844f,-0.5363f,-0.1018f,0f,0f,0f,1f],start_interpolation: 0,interpolation_duration: 1}
$data merge entity $(bone_10) {transformation: [-0.9996f,0.0102f,-0.027f,0.0294f,-0.0131f,0.6727f,0.7398f,0.8614f,0.0257f,0.7398f,-0.6723f,0.1941f,0f,0f,0f,1f],start_interpolation: 0,interpolation_duration: 1}
$data merge entity $(bone_9) {transformation: [-0.9993f,-0.0012f,-0.0372f,0.0294f,-0.0359f,0.294f,0.9551f,0.937f,0.0098f,0.9558f,-0.2938f,0.4715f,0f,0f,0f,1f],start_interpolation: 0,interpolation_duration: 1}
$data merge entity $(bone_2) {transformation: [0.9545f,-0.2145f,-0.2027f,-0.2332f,0.2908f,0.5724f,0.7665f,0.6863f,-0.0484f,-0.7914f,0.6094f,0.4401f,0f,0f,0f,1f],start_interpolation: 0,interpolation_duration: 1}
$data merge entity $(bone_1) {transformation: [0.9555f,-0.2902f,-0.0538f,-0.3239f,0.2911f,0.8968f,0.3331f,0.9665f,-0.0484f,-0.3339f,0.9414f,0.3358f,0f,0f,0f,1f],start_interpolation: 0,interpolation_duration: 1}
$data merge entity $(bone_4) {transformation: [-0.9581f,0.2653f,0.0993f,0.3189f,0.0528f,0.5119f,-0.8574f,0.6821f,-0.278f,-0.817f,-0.505f,0.3957f,0f,0f,0f,1f],start_interpolation: 0,interpolation_duration: 1}
$data merge entity $(bone_3) {transformation: [-0.9614f,0.1205f,0.2473f,0.3469f,0.048f,0.9587f,-0.2804f,0.9754f,-0.2709f,-0.2577f,-0.9275f,0.3482f,0f,0f,0f,1f],start_interpolation: 0,interpolation_duration: 1}
$data merge entity $(bone_8) {transformation: [-0.9923f,0.0027f,0.1238f,-0.1335f,0.1059f,0.5372f,0.8368f,0.3085f,-0.0643f,0.8434f,-0.5334f,-0.172f,0f,0f,0f,1f],start_interpolation: 0,interpolation_duration: 1}
$data merge entity $(bone_7) {transformation: [-0.9923f,0.0549f,0.1111f,-0.1142f,0.0932f,0.9216f,0.3768f,0.6127f,-0.0817f,0.3843f,-0.9196f,-0.0586f,0f,0f,0f,1f],start_interpolation: 0,interpolation_duration: 1}
$data merge entity $(item_display_item_display1) {transformation: [0.0349f,-0.1239f,-1.9959f,-0.0627f,-1.199f,1.5962f,-0.1201f,0.4655f,1.6004f,1.1986f,-0.0464f,1.0946f,0f,0f,0f,1f],start_interpolation: 0,interpolation_duration: 1}
data modify entity @s data merge value {"cameras":{"camera3":{"px":2.455439814814815,"py":1.3148148148148149,"pz":-0.8776041666666664,"ry":70.00000000000001,"rx":4.2315934850178553e-16}},"locators":{}}