# This file was generated by Animated Java via MC-Build. It is not recommended to edit this file directly.
$data merge entity $(bone_layer) {transformation: [-0.7287f,0.537f,-0.4249f,0.1669f,-0.0467f,0.5801f,0.8132f,1.2137f,0.6832f,0.6125f,-0.3976f,0.1599f,0f,0f,0f,1f],start_interpolation: 0,interpolation_duration: 1}
$data merge entity $(bone_head) {transformation: [-0.7287f,0.537f,-0.4249f,0.1669f,-0.0467f,0.5801f,0.8132f,1.2137f,0.6832f,0.6125f,-0.3976f,0.1599f,0f,0f,0f,1f],start_interpolation: 0,interpolation_duration: 1}
$data merge entity $(bone_6) {transformation: [-0.9203f,0.1148f,-0.3739f,0.1717f,-0.2383f,0.5934f,0.7688f,0.3542f,0.3101f,0.7967f,-0.5187f,-0.3067f,0f,0f,0f,1f],start_interpolation: 0,interpolation_duration: 1}
$data merge entity $(bone_12) {transformation: [-0.9203f,-0.0875f,-0.3812f,0.1459f,-0.2383f,0.8983f,0.3691f,0.641f,0.3101f,0.4306f,-0.8476f,-0.1628f,0f,0f,0f,1f],start_interpolation: 0,interpolation_duration: 1}
$data merge entity $(bone_10) {transformation: [-0.7479f,-0.0258f,-0.6633f,0.0207f,-0.0391f,0.9992f,0.0051f,1.0137f,0.6627f,0.0298f,-0.7483f,-0.0201f,0f,0f,0f,1f],start_interpolation: 0,interpolation_duration: 1}
$data merge entity $(bone_9) {transformation: [-0.7479f,0.4508f,-0.4873f,0.168f,-0.0391f,0.7029f,0.7102f,1.2112f,0.6627f,0.5502f,-0.5081f,0.1578f,0f,0f,0f,1f],start_interpolation: 0,interpolation_duration: 1}
$data merge entity $(bone_2) {transformation: [0.2889f,-0.7811f,0.5534f,-0.0762f,0.1525f,0.6083f,0.7789f,0.8291f,-0.9441f,-0.1408f,0.2952f,0.3091f,0f,0f,0f,1f],start_interpolation: 0,interpolation_duration: 1}
$data merge entity $(bone_1) {transformation: [0.2892f,-0.161f,0.9436f,-0.1265f,0.1527f,0.9809f,0.1206f,1.1356f,-0.945f,0.1092f,0.3082f,0.3432f,0f,0f,0f,1f],start_interpolation: 0,interpolation_duration: 1}
$data merge entity $(bone_4) {transformation: [-0.9935f,-0.1011f,0.0285f,0.4584f,-0.0861f,0.6303f,-0.7715f,0.914f,0.06f,-0.7697f,-0.6356f,-0.0876f,0f,0f,0f,1f],start_interpolation: 0,interpolation_duration: 1}
$data merge entity $(bone_3) {transformation: [-0.9169f,-0.2983f,-0.2652f,0.3782f,-0.3175f,0.9477f,0.0318f,1.1944f,0.2419f,0.1134f,-0.9637f,-0.0238f,0f,0f,0f,1f],start_interpolation: 0,interpolation_duration: 1}
$data merge entity $(bone_8) {transformation: [-0.9891f,-0.0074f,-0.1471f,-0.0242f,-0.0065f,1f,-0.0064f,0.344f,0.1472f,-0.0054f,-0.9891f,0.117f,0f,0f,0f,1f],start_interpolation: 0,interpolation_duration: 1}
$data merge entity $(bone_7) {transformation: [-0.9891f,-0.0689f,-0.1302f,-0.0482f,-0.0065f,0.9036f,-0.4284f,0.6323f,0.1472f,-0.4229f,-0.8942f,-0.0316f,0f,0f,0f,1f],start_interpolation: 0,interpolation_duration: 1}
$data merge entity $(item_display_item_display1) {transformation: [-1.058f,0.9176f,-1.4278f,0.5625f,-1.2384f,0.7331f,1.3888f,0.5938f,1.1606f,1.6188f,0.1803f,0.5938f,0f,0f,0f,1f],start_interpolation: 0,interpolation_duration: 1}
data modify entity @s data merge value {"cameras":{"camera3":{"px":2.434119083395943,"py":1.3648572501878287,"pz":-0.9493332081141995,"ry":70.00000000000001,"rx":4.2315934850178553e-16}},"locators":{}}