# This file was generated by Animated Java via MC-Build. It is not recommended to edit this file directly.
$data merge entity $(bone_layer) {transformation: [-0.8436f,0.2585f,-0.4706f,0.0288f,0.1082f,0.9403f,0.3226f,1.3386f,0.5259f,0.2212f,-0.8212f,-0.1653f,0f,0f,0f,1f],start_interpolation: 0,interpolation_duration: 1}
$data merge entity $(bone_head) {transformation: [-0.8436f,0.2585f,-0.4706f,0.0288f,0.1082f,0.9403f,0.3226f,1.3386f,0.5259f,0.2212f,-0.8212f,-0.1653f,0f,0f,0f,1f],start_interpolation: 0,interpolation_duration: 1}
$data merge entity $(bone_6) {transformation: [-0.8998f,0.1805f,-0.3972f,0.2008f,-0.0696f,0.8394f,0.539f,0.3718f,0.4307f,0.5127f,-0.7428f,-0.1729f,0f,0f,0f,1f],start_interpolation: 0,interpolation_duration: 1}
$data merge entity $(bone_12) {transformation: [-0.8947f,-0.2522f,-0.3687f,0.1219f,-0.1004f,0.9177f,-0.3843f,0.6696f,0.4353f,-0.3068f,-0.8464f,-0.2663f,0f,0f,0f,1f],start_interpolation: 0,interpolation_duration: 1}
$data merge entity $(bone_10) {transformation: [-0.8846f,-0.0215f,-0.4659f,-0.0499f,0.1207f,0.9544f,-0.2732f,1.0572f,0.4505f,-0.2979f,-0.8416f,-0.2507f,0f,0f,0f,1f],start_interpolation: 0,interpolation_duration: 1}
$data merge entity $(bone_9) {transformation: [-0.8864f,0.2258f,-0.404f,0.0288f,0.0979f,0.9447f,0.3131f,1.35f,0.4524f,0.238f,-0.8595f,-0.1599f,0f,0f,0f,1f],start_interpolation: 0,interpolation_duration: 1}
$data merge entity $(bone_2) {transformation: [0.5842f,-0.7991f,-0.1396f,-0.0791f,-0.1771f,-0.2938f,0.9393f,1.1224f,-0.7908f,-0.5245f,-0.3134f,0.1696f,0f,0f,0f,1f],start_interpolation: 0,interpolation_duration: 1}
$data merge entity $(bone_1) {transformation: [0.5847f,-0.6662f,0.463f,-0.2873f,-0.1773f,0.452f,0.8742f,1.2636f,-0.7916f,-0.5933f,0.1462f,-0.0158f,0f,0f,0f,1f],start_interpolation: 0,interpolation_duration: 1}
$data merge entity $(bone_4) {transformation: [-0.9395f,0.1129f,0.3206f,0.4164f,-0.3392f,-0.2698f,-0.9011f,1.1347f,-0.0152f,-0.9563f,0.292f,-0.1015f,0f,0f,0f,1f],start_interpolation: 0,interpolation_duration: 1}
$data merge entity $(bone_3) {transformation: [-0.9114f,-0.4016f,0.0896f,0.2944f,-0.303f,0.508f,-0.8063f,1.3107f,0.2783f,-0.762f,-0.5847f,-0.3095f,0f,0f,0f,1f],start_interpolation: 0,interpolation_duration: 1}
$data merge entity $(bone_8) {transformation: [-0.9851f,0.0442f,-0.1665f,-0.0954f,0.0051f,0.9736f,0.2281f,0.3847f,0.1722f,0.2239f,-0.9593f,-0.0734f,0f,0f,0f,1f],start_interpolation: 0,interpolation_duration: 1}
$data merge entity $(bone_7) {transformation: [-0.9852f,-0.0366f,-0.1673f,-0.1094f,0.0024f,0.9739f,-0.2272f,0.6983f,0.1713f,-0.2242f,-0.9594f,-0.1583f,0f,0f,0f,1f],start_interpolation: 0,interpolation_duration: 1}
$data merge entity $(item_display_item_display1) {transformation: [0.6331f,0.8918f,-1.6745f,0.2887f,1.0038f,1.3405f,1.0934f,1.5506f,1.6099f,-1.1865f,-0.0233f,0.5288f,0f,0f,0f,1f],start_interpolation: 0,interpolation_duration: 1}
data modify entity @s data merge value {"cameras":{"camera3":{"px":2.4445435762584524,"py":1.4031743050338092,"pz":-0.9269346356123213,"ry":70.00000000000001,"rx":4.2315934850178553e-16}},"locators":{}}