# This file was generated by Animated Java via MC-Build. It is not recommended to edit this file directly.
$data merge entity $(bone_layer) {transformation: [-0.7545f,0.4387f,-0.4882f,0.1062f,0.0336f,0.7687f,0.6388f,1.2895f,0.6555f,0.4655f,-0.5947f,0.0167f,0f,0f,0f,1f],start_interpolation: 0,interpolation_duration: 1}
$data merge entity $(bone_head) {transformation: [-0.7545f,0.4387f,-0.4882f,0.1062f,0.0336f,0.7687f,0.6388f,1.2895f,0.6555f,0.4655f,-0.5947f,0.0167f,0f,0f,0f,1f],start_interpolation: 0,interpolation_duration: 1}
$data merge entity $(bone_6) {transformation: [-0.8969f,0.1673f,-0.4094f,0.1734f,-0.1944f,0.6824f,0.7047f,0.3493f,0.3973f,0.7116f,-0.5795f,-0.2765f,0f,0f,0f,1f],start_interpolation: 0,interpolation_duration: 1}
$data merge entity $(bone_12) {transformation: [-0.8965f,-0.1408f,-0.4202f,0.1307f,-0.2052f,0.9723f,0.112f,0.6615f,0.3928f,0.1866f,-0.9005f,-0.2108f,0f,0f,0f,1f],start_interpolation: 0,interpolation_duration: 1}
$data merge entity $(bone_10) {transformation: [-0.7862f,-0.0453f,-0.6163f,-0.0162f,0.0489f,0.9896f,-0.1352f,1.0456f,0.616f,-0.1364f,-0.7759f,-0.124f,0f,0f,0f,1f],start_interpolation: 0,interpolation_duration: 1}
$data merge entity $(bone_9) {transformation: [-0.7879f,0.367f,-0.4945f,0.1074f,0.0408f,0.8324f,0.5527f,1.2912f,0.6145f,0.4153f,-0.6708f,0.0182f,0f,0f,0f,1f],start_interpolation: 0,interpolation_duration: 1}
$data merge entity $(bone_2) {transformation: [0.3566f,-0.8873f,0.2921f,-0.0589f,-0.0162f,0.3068f,0.9516f,0.9379f,-0.933f,-0.3445f,0.0951f,0.2532f,0f,0f,0f,1f],start_interpolation: 0,interpolation_duration: 1}
$data merge entity $(bone_1) {transformation: [0.357f,-0.422f,0.8334f,-0.1907f,-0.0162f,0.8892f,0.4572f,1.2158f,-0.934f,-0.1767f,0.3106f,0.1979f,0f,0f,0f,1f],start_interpolation: 0,interpolation_duration: 1}
$data merge entity $(bone_4) {transformation: [-0.9804f,-0.0866f,0.1717f,0.4483f,-0.1896f,0.2916f,-0.9375f,0.9899f,0.0311f,-0.9526f,-0.3026f,-0.1053f,0f,0f,0f,1f],start_interpolation: 0,interpolation_duration: 1}
$data merge entity $(bone_3) {transformation: [-0.9001f,-0.4025f,-0.1666f,0.334f,-0.3265f,0.8766f,-0.3536f,1.2612f,0.2884f,-0.2639f,-0.9205f,-0.1549f,0f,0f,0f,1f],start_interpolation: 0,interpolation_duration: 1}
$data merge entity $(bone_8) {transformation: [-0.9841f,-0.0099f,-0.1773f,-0.0427f,-0.0183f,0.9988f,0.0463f,0.3734f,0.1767f,0.0488f,-0.9831f,0.0526f,0f,0f,0f,1f],start_interpolation: 0,interpolation_duration: 1}
$data merge entity $(bone_7) {transformation: [-0.9841f,-0.0855f,-0.1556f,-0.0724f,-0.0191f,0.9223f,-0.3859f,0.6683f,0.1765f,-0.3768f,-0.9093f,-0.0812f,0f,0f,0f,1f],start_interpolation: 0,interpolation_duration: 1}
$data merge entity $(item_display_item_display1) {transformation: [-0.2073f,0.0257f,-1.9891f,0.4837f,-0.3957f,1.9593f,0.0666f,1.0564f,1.9495f,0.4004f,-0.198f,0.5573f,0f,0f,0f,1f],start_interpolation: 0,interpolation_duration: 1}
data modify entity @s data merge value {"cameras":{"camera3":{"px":2.432240796393689,"py":1.3592223891810669,"pz":-0.9559072126220883,"ry":70.00000000000001,"rx":4.2315934850178553e-16}},"locators":{}}