# This file was generated by Animated Java via MC-Build. It is not recommended to edit this file directly.
$data merge entity $(bone_layer) {transformation: [-0.9881f,0.0039f,-0.1536f,-0.0346f,0.063f,0.9221f,-0.3817f,1.3336f,0.1401f,-0.3869f,-0.9114f,-0.4947f,0f,0f,0f,1f],start_interpolation: 0,interpolation_duration: 1}
$data merge entity $(bone_head) {transformation: [-0.9881f,0.0039f,-0.1536f,-0.0346f,0.063f,0.9221f,-0.3817f,1.3336f,0.1401f,-0.3869f,-0.9114f,-0.4947f,0f,0f,0f,1f],start_interpolation: 0,interpolation_duration: 1}
$data merge entity $(bone_6) {transformation: [-0.973f,0.1577f,-0.1687f,0.2279f,0.1456f,0.9859f,0.0821f,0.6159f,0.1793f,0.0553f,-0.9822f,-0.0084f,0f,0f,0f,1f],start_interpolation: 0,interpolation_duration: 1}
$data merge entity $(bone_12) {transformation: [-0.9593f,-0.2434f,-0.1431f,0.1505f,0.1282f,0.0761f,-0.9888f,0.6466f,0.2515f,-0.9669f,-0.0418f,-0.3194f,0f,0f,0f,1f],start_interpolation: 0,interpolation_duration: 1}
$data merge entity $(bone_10) {transformation: [-0.9998f,0.0186f,-0.0014f,-0.0265f,0.0171f,0.8878f,-0.46f,1.0246f,-0.0073f,-0.4599f,-0.8879f,-0.4632f,0f,0f,0f,1f],start_interpolation: 0,interpolation_duration: 1}
$data merge entity $(bone_9) {transformation: [-0.9993f,-0.0336f,-0.0162f,-0.0374f,-0.0305f,0.9861f,-0.1634f,1.3518f,0.0215f,-0.1628f,-0.9864f,-0.5056f,0f,0f,0f,1f],start_interpolation: 0,interpolation_duration: 1}
$data merge entity $(bone_2) {transformation: [0.9263f,-0.1733f,-0.332f,-0.2582f,-0.1624f,-0.9849f,0.0599f,1.422f,-0.337f,-0.0016f,-0.9414f,-0.2438f,0f,0f,0f,1f],start_interpolation: 0,interpolation_duration: 1}
$data merge entity $(bone_1) {transformation: [0.9272f,-0.3551f,-0.1191f,-0.3692f,-0.1626f,-0.6681f,0.7261f,1.2132f,-0.3374f,-0.6539f,-0.6772f,-0.4482f,0f,0f,0f,1f],start_interpolation: 0,interpolation_duration: 1}
$data merge entity $(bone_4) {transformation: [-0.854f,0.5101f,0.0946f,0.3138f,-0.517f,-0.8516f,-0.0841f,1.4352f,0.0376f,-0.1209f,0.992f,-0.3216f,0f,0f,0f,1f],start_interpolation: 0,interpolation_duration: 1}
$data merge entity $(bone_3) {transformation: [-0.9543f,0.0376f,0.2964f,0.3157f,-0.2724f,-0.517f,-0.8115f,1.3071f,0.1227f,-0.8552f,0.5036f,-0.5912f,0f,0f,0f,1f],start_interpolation: 0,interpolation_duration: 1}
$data merge entity $(bone_8) {transformation: [-0.9971f,0.0553f,0.0525f,-0.1545f,0.0748f,0.843f,0.5326f,0.3713f,-0.0149f,0.535f,-0.8447f,-0.3157f,0f,0f,0f,1f],start_interpolation: 0,interpolation_duration: 1}
$data merge entity $(bone_7) {transformation: [-0.9975f,0.0659f,0.0236f,-0.1328f,0.0671f,0.9965f,0.0509f,0.6958f,-0.0202f,0.0523f,-0.9984f,-0.3112f,0f,0f,0f,1f],start_interpolation: 0,interpolation_duration: 1}
$data merge entity $(item_display_item_display1) {transformation: [0.0458f,-0.0536f,-1.9988f,-0.015f,1.3337f,1.4904f,-0.0094f,1.9281f,1.4897f,-1.3326f,0.0699f,0.0919f,0f,0f,0f,1f],start_interpolation: 0,interpolation_duration: 1}
data modify entity @s data merge value {"cameras":{"camera3":{"px":2.4467036063110443,"py":1.4118144252441773,"pz":-0.9236945905334332,"ry":70.00000000000001,"rx":4.2315934850178553e-16}},"locators":{}}