# This file was generated by Animated Java via MC-Build. It is not recommended to edit this file directly.
$data merge entity $(bone_layer) {transformation: [-0.9372f,0.0889f,-0.3373f,-0.0232f,0.1156f,0.9915f,-0.0599f,1.3483f,0.3291f,-0.0951f,-0.9395f,-0.347f,0f,0f,0f,1f],start_interpolation: 0,interpolation_duration: 1}
$data merge entity $(bone_head) {transformation: [-0.9372f,0.0889f,-0.3373f,-0.0232f,0.1156f,0.9915f,-0.0599f,1.3483f,0.3291f,-0.0951f,-0.9395f,-0.347f,0f,0f,0f,1f],start_interpolation: 0,interpolation_duration: 1}
$data merge entity $(bone_6) {transformation: [-0.9359f,0.1722f,-0.3075f,0.2244f,0.0737f,0.9488f,0.3071f,0.4756f,0.3446f,0.2647f,-0.9006f,-0.0607f,0f,0f,0f,1f],start_interpolation: 0,interpolation_duration: 1}
$data merge entity $(bone_12) {transformation: [-0.9235f,-0.2978f,-0.2418f,0.13f,0.0359f,0.5606f,-0.8273f,0.6612f,0.3819f,-0.7727f,-0.507f,-0.3062f,0f,0f,0f,1f],start_interpolation: 0,interpolation_duration: 1}
$data merge entity $(bone_10) {transformation: [-0.9718f,0.0111f,-0.2357f,-0.0543f,0.105f,0.9148f,-0.3899f,1.0463f,0.2113f,-0.4037f,-0.8902f,-0.3719f,0f,0f,0f,1f],start_interpolation: 0,interpolation_duration: 1}
$data merge entity $(bone_9) {transformation: [-0.9722f,0.0765f,-0.2215f,-0.0263f,0.0672f,0.9965f,0.0491f,1.3678f,0.2245f,0.0328f,-0.9739f,-0.347f,0f,0f,0f,1f],start_interpolation: 0,interpolation_duration: 1}
$data merge entity $(bone_2) {transformation: [0.809f,-0.4472f,-0.3798f,-0.1741f,-0.2039f,-0.8216f,0.5323f,1.3231f,-0.5495f,-0.3535f,-0.7566f,-0.0031f,0f,0f,0f,1f],start_interpolation: 0,interpolation_duration: 1}
$data merge entity $(bone_1) {transformation: [0.8098f,-0.5852f,0.0412f,-0.357f,-0.2041f,-0.2153f,0.955f,1.2558f,-0.55f,-0.7818f,-0.2938f,-0.2474f,0f,0f,0f,1f],start_interpolation: 0,interpolation_duration: 1}
$data merge entity $(bone_4) {transformation: [-0.882f,0.3817f,0.2734f,0.3531f,-0.469f,-0.7152f,-0.5178f,1.3205f,-0.002f,-0.5855f,0.8107f,-0.1723f,0f,0f,0f,1f],start_interpolation: 0,interpolation_duration: 1}
$data merge entity $(bone_3) {transformation: [-0.9368f,-0.1953f,0.2903f,0.286f,-0.2802f,-0.0778f,-0.9568f,1.3274f,0.2095f,-0.9776f,0.0181f,-0.4631f,0f,0f,0f,1f],start_interpolation: 0,interpolation_duration: 1}
$data merge entity $(bone_8) {transformation: [-0.9935f,0.0892f,-0.0708f,-0.1459f,0.0505f,0.9023f,0.4281f,0.3816f,0.1021f,0.4217f,-0.901f,-0.2159f,0f,0f,0f,1f],start_interpolation: 0,interpolation_duration: 1}
$data merge entity $(bone_7) {transformation: [-0.994f,0.0411f,-0.1012f,-0.1338f,0.0454f,0.9981f,-0.0406f,0.7055f,0.0993f,-0.045f,-0.994f,-0.2429f,0f,0f,0f,1f],start_interpolation: 0,interpolation_duration: 1}
$data merge entity $(item_display_item_display1) {transformation: [-0.0592f,0.7114f,-1.8682f,0.1148f,1.3716f,1.3742f,0.4799f,1.7935f,1.4543f,-1.2671f,-0.5286f,0.3254f,0f,0f,0f,1f],start_interpolation: 0,interpolation_duration: 1}
data modify entity @s data merge value {"cameras":{"camera3":{"px":2.429047708489857,"py":1.3496431254695718,"pz":-0.9670830202854993,"ry":70.00000000000001,"rx":4.2315934850178553e-16}},"locators":{}}