# This file was generated by Animated Java via MC-Build. It is not recommended to edit this file directly.
$data merge entity $(bone_layer) {transformation: [-0.9997f,-0.007f,-0.022f,-0.0226f,0.0068f,0.822f,-0.5695f,1.3145f,0.0221f,-0.5695f,-0.8217f,-0.5886f,0f,0f,0f,1f],start_interpolation: 0,interpolation_duration: 1}
$data merge entity $(bone_head) {transformation: [-0.9997f,-0.007f,-0.022f,-0.0226f,0.0068f,0.822f,-0.5695f,1.3145f,0.0221f,-0.5695f,-0.8217f,-0.5886f,0f,0f,0f,1f],start_interpolation: 0,interpolation_duration: 1}
$data merge entity $(bone_6) {transformation: [-0.9971f,-0.0635f,0.0413f,0.1793f,-0.0751f,0.9021f,-0.425f,0.828f,-0.0103f,-0.4269f,-0.9042f,-0.0564f,0f,0f,0f,1f],start_interpolation: 0,interpolation_duration: 1}
$data merge entity $(bone_12) {transformation: [-0.9971f,-0.0344f,0.0676f,0.1678f,-0.0324f,-0.6128f,-0.7896f,0.6357f,0.0685f,-0.7895f,0.6099f,-0.3144f,0f,0f,0f,1f],start_interpolation: 0,interpolation_duration: 1}
$data merge entity $(bone_10) {transformation: [-0.9882f,0.0087f,0.1526f,0.0077f,-0.0683f,0.8681f,-0.4918f,1.0059f,-0.1367f,-0.4964f,-0.8573f,-0.5148f,0f,0f,0f,1f],start_interpolation: 0,interpolation_duration: 1}
$data merge entity $(bone_9) {transformation: [-0.9882f,-0.086f,0.1264f,-0.0223f,-0.1197f,0.9496f,-0.2898f,1.3261f,-0.0951f,-0.3015f,-0.9487f,-0.6067f,0f,0f,0f,1f],start_interpolation: 0,interpolation_duration: 1}
$data merge entity $(bone_2) {transformation: [0.9545f,-0.1748f,-0.2376f,-0.2454f,-0.1991f,-0.9764f,-0.0831f,1.4117f,-0.2173f,0.1268f,-0.9678f,-0.4073f,0f,0f,0f,1f],start_interpolation: 0,interpolation_duration: 1}
$data merge entity $(bone_1) {transformation: [0.9555f,-0.2902f,-0.0529f,-0.336f,-0.1993f,-0.7672f,0.6097f,1.1719f,-0.2175f,-0.572f,-0.7909f,-0.586f,0f,0f,0f,1f],start_interpolation: 0,interpolation_duration: 1}
$data merge entity $(bone_4) {transformation: [-0.8606f,0.5078f,0.0056f,0.3315f,-0.5059f,-0.8598f,0.0653f,1.4213f,0.0379f,0.0534f,0.9979f,-0.4312f,0f,0f,0f,1f],start_interpolation: 0,interpolation_duration: 1}
$data merge entity $(bone_3) {transformation: [-0.9618f,0.1201f,0.2461f,0.3595f,-0.2642f,-0.6435f,-0.7184f,1.2527f,0.0721f,-0.756f,0.6506f,-0.6759f,0f,0f,0f,1f],start_interpolation: 0,interpolation_duration: 1}
$data merge entity $(bone_8) {transformation: [-0.9969f,-0.0545f,0.0574f,-0.1075f,-0.0169f,0.8549f,0.5185f,0.3604f,-0.0774f,0.5159f,-0.8531f,-0.3361f,0f,0f,0f,1f],start_interpolation: 0,interpolation_duration: 1}
$data merge entity $(bone_7) {transformation: [-0.9961f,-0.0282f,0.0841f,-0.1156f,-0.028f,0.9996f,0.0033f,0.6853f,-0.0842f,0.001f,-0.9964f,-0.3482f,0f,0f,0f,1f],start_interpolation: 0,interpolation_duration: 1}
$data merge entity $(item_display_item_display1) {transformation: [0.3409f,0.0653f,-1.9697f,0.065f,1.8925f,0.5467f,0.3456f,2.0194f,0.5496f,-1.9227f,0.0313f,-0.2144f,0f,0f,0f,1f],start_interpolation: 0,interpolation_duration: 1}
data modify entity @s data merge value {"cameras":{"camera3":{"px":2.446515777610819,"py":1.4110631104432758,"pz":-0.9239763335837713,"ry":70.00000000000001,"rx":4.2315934850178553e-16}},"locators":{}}