# This file was generated by Animated Java via MC-Build. It is not recommended to edit this file directly.
$data merge entity $(bone_6) {transformation: [-0.9971f,-0.0635f,0.0413f,0.1786f,-0.0751f,0.9021f,-0.425f,0.8236f,-0.0103f,-0.4269f,-0.9042f,-0.0502f,0f,0f,0f,1f],start_interpolation: 0,interpolation_duration: 1}
$data merge entity $(bone_12) {transformation: [-0.9971f,-0.0344f,0.0676f,0.1671f,-0.0324f,-0.6128f,-0.7896f,0.6313f,0.0685f,-0.7895f,0.6099f,-0.3081f,0f,0f,0f,1f],start_interpolation: 0,interpolation_duration: 1}
$data merge entity $(bone_2) {transformation: [0.9545f,-0.1774f,-0.2356f,-0.2454f,-0.1991f,-0.9773f,-0.0721f,1.4117f,-0.2173f,0.1159f,-0.9692f,-0.4073f,0f,0f,0f,1f],start_interpolation: 0,interpolation_duration: 1}
$data merge entity $(bone_4) {transformation: [-0.8683f,0.4943f,0.0139f,0.3315f,-0.4924f,-0.8683f,0.0561f,1.4213f,0.0398f,0.0419f,0.9983f,-0.4312f,0f,0f,0f,1f],start_interpolation: 0,interpolation_duration: 1}
$data merge entity $(bone_8) {transformation: [-0.997f,-0.0526f,0.0559f,-0.1087f,-0.0139f,0.84f,0.5425f,0.36f,-0.0755f,0.5401f,-0.8382f,-0.3365f,0f,0f,0f,1f],start_interpolation: 0,interpolation_duration: 1}
$data merge entity $(bone_7) {transformation: [-0.9961f,-0.0282f,0.0841f,-0.1168f,-0.028f,0.9996f,0.0033f,0.685f,-0.0842f,0.001f,-0.9964f,-0.3486f,0f,0f,0f,1f],start_interpolation: 0,interpolation_duration: 1}
data modify entity @s data merge value {"cameras":{"camera3":{"px":2.4451070623591287,"py":1.4054282494365138,"pz":-0.926089406461307,"ry":70.00000000000001,"rx":4.2315934850178553e-16}},"locators":{}}