# This file was generated by Animated Java via MC-Build. It is not recommended to edit this file directly.
$data merge entity $(bone_layer) {transformation: [0.9882f,0.0722f,-0.1349f,0.5625f,-0.0131f,0.9183f,0.3957f,1.2031f,0.1525f,-0.3893f,0.9084f,-4.1875f,0f,0f,0f,1f],start_interpolation: 0,interpolation_duration: 1}
$data merge entity $(bone_head) {transformation: [0.9882f,0.0722f,-0.1349f,0.5625f,-0.0131f,0.9183f,0.3957f,1.2031f,0.1525f,-0.3893f,0.9084f,-4.1875f,0f,0f,0f,1f],start_interpolation: 0,interpolation_duration: 1}
$data merge entity $(bone_6) {transformation: [0.834f,0.5515f,-0.0144f,0.3055f,-0.0048f,0.0333f,0.9994f,0.1204f,0.5517f,-0.8335f,0.0304f,-4.203f,0f,0f,0f,1f],start_interpolation: 0,interpolation_duration: 1}
$data merge entity $(bone_12) {transformation: [0.8197f,0.373f,-0.4347f,0.4454f,-0.1783f,0.8874f,0.4252f,0.4531f,0.5444f,-0.271f,0.7939f,-4.3046f,0f,0f,0f,1f],start_interpolation: 0,interpolation_duration: 1}
$data merge entity $(bone_group3) {transformation: [-0.9635f,0.0864f,0.6816f,1.1275f,0.2406f,0.9595f,-0.1812f,1.3721f,-0.6803f,-0.0574f,-0.6847f,-3.6025f,0f,0f,0f,1f],start_interpolation: 0,interpolation_duration: 1}
$data merge entity $(bone_group1) {transformation: [-0.1701f,0.4424f,-1.0843f,2.176f,0.0854f,0.8219f,0.5733f,1.2335f,0.9157f,0.0064f,-0.3106f,-4.3937f,0f,0f,0f,1f],start_interpolation: 0,interpolation_duration: 1}
$data merge entity $(bone_group4) {transformation: [-0.9013f,0.1342f,-0.6956f,1.9932f,0.1574f,0.9003f,0.3373f,1.3435f,0.4528f,0.1258f,-0.8103f,-3.8483f,0f,0f,0f,1f],start_interpolation: 0,interpolation_duration: 1}
$data merge entity $(bone_group2) {transformation: [-0.9334f,0.0837f,0.6603f,1.1275f,0.2331f,0.9295f,-0.1756f,1.3721f,-0.659f,-0.0556f,-0.6633f,-3.6025f,0f,0f,0f,1f],start_interpolation: 0,interpolation_duration: 1}
$data merge entity $(bone_10) {transformation: [0.9763f,0f,-0.2164f,0.5625f,0f,1f,0f,0.8281f,0.2164f,0f,0.9763f,-4.1875f,0f,0f,0f,1f],start_interpolation: 0,interpolation_duration: 1}
$data merge entity $(bone_9) {transformation: [0.9763f,0f,-0.2164f,0.5625f,0f,1f,0f,1.2031f,0.2164f,0f,0.9763f,-4.1875f,0f,0f,0f,1f],start_interpolation: 0,interpolation_duration: 1}
$data merge entity $(bone_bone12) {transformation: [0.8415f,-0.6457f,-0.7071f,0.2531f,0.9131f,1.19f,0f,1.5156f,0.8415f,-0.6457f,0.7071f,-3.8781f,0f,0f,0f,1f],start_interpolation: 0,interpolation_duration: 1}
$data merge entity $(bone_bone1) {transformation: [-0.5653f,-2.4747f,-0.0007f,1.5699f,-0.6104f,1.2532f,0.673f,0.3454f,-0.5548f,1.1426f,-0.7397f,-4.3396f,0f,0f,0f,1f],start_interpolation: 0,interpolation_duration: 1}
$data merge entity $(bone_2) {transformation: [-0.683f,-0.6294f,0.3706f,0.9729f,-0.2588f,0.683f,0.683f,0.8577f,-0.683f,0.3706f,-0.6294f,-3.9366f,0f,0f,0f,1f],start_interpolation: 0,interpolation_duration: 1}
$data merge entity $(bone_bone2) {transformation: [-1.5199f,-0.3944f,0.6193f,0.8263f,-0.0231f,1.9136f,0.2905f,0.7354f,-1.2998f,0.4271f,-0.7294f,-4.1098f,0f,0f,0f,1f],start_interpolation: 0,interpolation_duration: 1}
$data merge entity $(bone_1) {transformation: [-0.683f,-0.3872f,0.6193f,0.8277f,-0.2588f,0.9212f,0.2905f,1.2031f,-0.683f,0.0381f,-0.7294f,-3.9223f,0f,0f,0f,1f],start_interpolation: 0,interpolation_duration: 1}
$data merge entity $(bone_4) {transformation: [0.0281f,0.5303f,-0.8473f,0.0976f,-0.9627f,0.2427f,0.1199f,1.0501f,0.2692f,0.8123f,0.5173f,-4.3379f,0f,0f,0f,1f],start_interpolation: 0,interpolation_duration: 1}
$data merge entity $(bone_group5) {transformation: [0.1124f,2.2645f,-2.1753f,-0.0148f,-3.8507f,0.4569f,0.845f,0.8595f,1.0769f,1.3975f,3.2487f,-4.5215f,0f,0f,0f,1f],start_interpolation: 0,interpolation_duration: 1}
$data merge entity $(bone_group7) {transformation: [0.1124f,2.2645f,-2.1753f,-0.0148f,-3.8507f,0.4569f,0.845f,0.8595f,1.0769f,1.3975f,3.2487f,-4.5215f,0f,0f,0f,1f],start_interpolation: 0,interpolation_duration: 1}
$data merge entity $(bone_group6) {transformation: [-1.035f,2.0173f,-2.1753f,-0.0957f,-3.5632f,-1.5296f,0.845f,1.2263f,0.2339f,1.7487f,3.2487f,-4.6711f,0f,0f,0f,1f],start_interpolation: 0,interpolation_duration: 1}
$data merge entity $(bone_group8) {transformation: [-1.035f,2.0173f,-2.1753f,-0.0957f,-3.5632f,-1.5296f,0.845f,1.2263f,0.2339f,1.7487f,3.2487f,-4.6711f,0f,0f,0f,1f],start_interpolation: 0,interpolation_duration: 1}
$data merge entity $(bone_group9) {transformation: [-1.035f,2.0173f,-2.1753f,-0.2019f,-3.5632f,-1.5296f,0.845f,1.2049f,0.2339f,1.7487f,3.2487f,-4.7366f,0f,0f,0f,1f],start_interpolation: 0,interpolation_duration: 1}
$data merge entity $(bone_group10) {transformation: [-1.035f,2.0173f,-2.1753f,-0.2019f,-3.5632f,-1.5296f,0.845f,1.2049f,0.2339f,1.7487f,3.2487f,-4.7366f,0f,0f,0f,1f],start_interpolation: 0,interpolation_duration: 1}
$data merge entity $(bone_group11) {transformation: [-1.035f,2.0173f,-2.1753f,-0.308f,-3.5632f,-1.5296f,0.845f,1.1834f,0.2339f,1.7487f,3.2487f,-4.8021f,0f,0f,0f,1f],start_interpolation: 0,interpolation_duration: 1}
$data merge entity $(bone_group12) {transformation: [-1.035f,2.0173f,-2.1753f,-0.308f,-3.5632f,-1.5296f,0.845f,1.1834f,0.2339f,1.7487f,3.2487f,-4.8021f,0f,0f,0f,1f],start_interpolation: 0,interpolation_duration: 1}
$data merge entity $(bone_group13) {transformation: [-0.5845f,2.1901f,-0.8701f,-0.0685f,-3.4426f,-0.6064f,0.338f,1.0981f,0.5041f,1.6243f,1.2995f,-4.5618f,0f,0f,0f,1f],start_interpolation: 0,interpolation_duration: 1}
$data merge entity $(bone_group14) {transformation: [-0.5845f,2.1901f,-0.8701f,-0.0685f,-3.4426f,-0.6064f,0.338f,1.0981f,0.5041f,1.6243f,1.2995f,-4.5618f,0f,0f,0f,1f],start_interpolation: 0,interpolation_duration: 1}
$data merge entity $(bone_group15) {transformation: [-0.6795f,2.1626f,-0.8701f,-0.1429f,-3.4129f,-0.7559f,0.338f,1.1118f,0.4328f,1.6447f,1.2995f,-4.6151f,0f,0f,0f,1f],start_interpolation: 0,interpolation_duration: 1}
$data merge entity $(bone_group16) {transformation: [-0.6795f,2.1626f,-0.8701f,-0.1429f,-3.4129f,-0.7559f,0.338f,1.1118f,0.4328f,1.6447f,1.2995f,-4.6151f,0f,0f,0f,1f],start_interpolation: 0,interpolation_duration: 1}
$data merge entity $(bone_group17) {transformation: [-0.8654f,2.0951f,-0.8701f,-0.2403f,-3.334f,-1.0505f,0.338f,1.1703f,0.2878f,1.6762f,1.2995f,-4.6956f,0f,0f,0f,1f],start_interpolation: 0,interpolation_duration: 1}
$data merge entity $(bone_group18) {transformation: [-0.8654f,2.0951f,-0.8701f,-0.2403f,-3.334f,-1.0505f,0.338f,1.1703f,0.2878f,1.6762f,1.2995f,-4.6956f,0f,0f,0f,1f],start_interpolation: 0,interpolation_duration: 1}
$data merge entity $(bone_group19) {transformation: [-0.8654f,2.0951f,-0.8701f,-0.3464f,-3.334f,-1.0505f,0.338f,1.1489f,0.2878f,1.6762f,1.2995f,-4.7611f,0f,0f,0f,1f],start_interpolation: 0,interpolation_duration: 1}
$data merge entity $(bone_group20) {transformation: [-0.8654f,2.0951f,-0.8701f,-0.3464f,-3.334f,-1.0505f,0.338f,1.1489f,0.2878f,1.6762f,1.2995f,-4.7611f,0f,0f,0f,1f],start_interpolation: 0,interpolation_duration: 1}
$data merge entity $(bone_bone11) {transformation: [0.3419f,1.1224f,-0.5438f,0.1977f,-0.7209f,0.8403f,0.2113f,0.909f,0.4165f,0.533f,0.8122f,-4.2727f,0f,0f,0f,1f],start_interpolation: 0,interpolation_duration: 1}
$data merge entity $(bone_3) {transformation: [0.0281f,0.8387f,-0.5438f,0.3636f,-0.9627f,0.1692f,0.2113f,1.0938f,0.2692f,0.5176f,0.8122f,-4.2096f,0f,0f,0f,1f],start_interpolation: 0,interpolation_duration: 1}
$data merge entity $(bone_8) {transformation: [0.8621f,-0.1024f,-0.4963f,0.8585f,0.1678f,0.9818f,0.0888f,0.3758f,0.4782f,-0.1598f,0.8636f,-4.3101f,0f,0f,0f,1f],start_interpolation: 0,interpolation_duration: 1}
$data merge entity $(bone_7) {transformation: [0.8621f,-0.5059f,-0.0295f,0.6995f,0.1678f,0.3399f,-0.9254f,0.4531f,0.4782f,0.7928f,0.3779f,-4.0505f,0f,0f,0f,1f],start_interpolation: 0,interpolation_duration: 1}
execute on vehicle unless entity @s[tag=aj.transforms_only] at @s run function animated_java:kyle/animations/cutscene_attack_1/zzz/frames/0_root_commands