# This file was generated by Animated Java via MC-Build. It is not recommended to edit this file directly.
$data merge entity $(bone_layer) {transformation: [-0.8683f,-0.1287f,-0.479f,0.2912f,-0.1079f,0.9916f,-0.0709f,1.3679f,0.4841f,-0.0099f,-0.875f,0.4573f,0f,0f,0f,1f],start_interpolation: 0,interpolation_duration: 1}
$data merge entity $(bone_head) {transformation: [-0.8683f,-0.1287f,-0.479f,0.2912f,-0.1079f,0.9916f,-0.0709f,1.3679f,0.4841f,-0.0099f,-0.875f,0.4573f,0f,0f,0f,1f],start_interpolation: 0,interpolation_duration: 1}
$data merge entity $(bone_6) {transformation: [-0.7036f,-0.1156f,-0.7011f,0.3615f,-0.1047f,0.9928f,-0.0587f,0.4006f,0.7028f,0.0321f,-0.7106f,0.3323f,0f,0f,0f,1f],start_interpolation: 0,interpolation_duration: 1}
$data merge entity $(bone_12) {transformation: [-0.7059f,-0.2155f,-0.6747f,0.2807f,-0.1009f,0.9735f,-0.2054f,0.7656f,0.7011f,-0.0769f,-0.7089f,0.3035f,0f,0f,0f,1f],start_interpolation: 0,interpolation_duration: 1}
$data merge entity $(bone_group3) {transformation: [1.2074f,-0.1258f,0.2605f,-1.0272f,0.305f,0.817f,-0.3885f,1.6648f,-0.2312f,0.4334f,0.8078f,0.9729f,0f,0f,0f,1f],start_interpolation: 0,interpolation_duration: 1}
$data merge entity $(bone_group1) {transformation: [1.2198f,-0.1227f,0.1959f,-1.0055f,0.2831f,0.8114f,-0.4157f,1.6827f,-0.187f,0.4446f,0.8131f,0.9438f,0f,0f,0f,1f],start_interpolation: 0,interpolation_duration: 1}
$data merge entity $(bone_group4) {transformation: [1.1768f,-0.1284f,0.2129f,-1.0192f,0.2883f,0.7843f,-0.3963f,1.6711f,-0.1932f,0.4313f,0.7845f,0.9523f,0f,0f,0f,1f],start_interpolation: 0,interpolation_duration: 1}
$data merge entity $(bone_group2) {transformation: [1.1697f,-0.1219f,0.2523f,-1.0272f,0.2955f,0.7914f,-0.3763f,1.6648f,-0.224f,0.4199f,0.7825f,0.9729f,0f,0f,0f,1f],start_interpolation: 0,interpolation_duration: 1}
$data merge entity $(bone_10) {transformation: [-0.8021f,0.2221f,-0.5544f,0.2183f,0.0057f,0.931f,0.3649f,1.065f,0.5972f,0.2895f,-0.748f,0.4152f,0f,0f,0f,1f],start_interpolation: 0,interpolation_duration: 1}
$data merge entity $(bone_9) {transformation: [-0.8021f,0.2221f,-0.5544f,0.3017f,0.0057f,0.931f,0.3649f,1.4142f,0.5972f,0.2895f,-0.748f,0.5238f,0f,0f,0f,1f],start_interpolation: 0,interpolation_duration: 1}
$data merge entity $(bone_bone12) {transformation: [-0.7413f,0.9888f,-0.5668f,0.1231f,0.8502f,1.108f,0.3649f,1.8648f,0.9888f,-0.2114f,-0.7386f,0.2911f,0f,0f,0f,1f],start_interpolation: 0,interpolation_duration: 1}
$data merge entity $(bone_bone1) {transformation: [0.6239f,-0.8099f,0.7334f,0.2829f,-0.6104f,1.2532f,0.673f,0.5329f,-0.488f,-2.6026f,0.0958f,1.4928f,0f,0f,0f,1f],start_interpolation: 0,interpolation_duration: 1}
$data merge entity $(bone_2) {transformation: [0.7663f,-0.2853f,0.5757f,-0.0387f,-0.2588f,0.683f,0.683f,1.0452f,-0.588f,-0.6724f,0.4496f,0.8483f,0f,0f,0f,1f],start_interpolation: 0,interpolation_duration: 1}
$data merge entity $(bone_bone2) {transformation: [1.487f,-0.372f,0.6423f,0.1521f,-0.0231f,1.9136f,0.2905f,0.9229f,-1.3372f,-0.4468f,0.7093f,0.7256f,0f,0f,0f,1f],start_interpolation: 0,interpolation_duration: 1}
$data merge entity $(bone_1) {transformation: [0.7663f,0.0128f,0.6423f,-0.0339f,-0.2588f,0.9212f,0.2905f,1.3906f,-0.588f,-0.3888f,0.7093f,0.7025f,0f,0f,0f,1f],start_interpolation: 0,interpolation_duration: 1}
$data merge entity $(bone_4) {transformation: [-0.836f,-0.5405f,0.0951f,0.7019f,-0.3455f,0.3838f,-0.8564f,1.1297f,0.4264f,-0.7488f,-0.5075f,0.2693f,0f,0f,0f,1f],start_interpolation: 0,interpolation_duration: 1}
$data merge entity $(bone_group5) {transformation: [-3.3439f,-1.1231f,-1.4317f,0.7305f,-1.3819f,2.4454f,-0.9827f,0.9153f,1.7055f,-0.2206f,-3.6034f,0.4587f,0f,0f,0f,1f],start_interpolation: 0,interpolation_duration: 1}
$data merge entity $(bone_group7) {transformation: [-3.3439f,-1.1231f,-1.4317f,0.7305f,-1.3819f,2.4454f,-0.9827f,0.9153f,1.7055f,-0.2206f,-3.6034f,0.4587f,0f,0f,0f,1f],start_interpolation: 0,interpolation_duration: 1}
$data merge entity $(bone_group6) {transformation: [-2.3344f,-2.6446f,-1.4317f,1.0959f,-2.4195f,1.4268f,-0.9827f,0.9766f,1.5873f,0.6617f,-3.6034f,0.2968f,0f,0f,0f,1f],start_interpolation: 0,interpolation_duration: 1}
$data merge entity $(bone_group8) {transformation: [-2.3344f,-2.6446f,-1.4317f,1.0959f,-2.4195f,1.4268f,-0.9827f,0.9766f,1.5873f,0.6617f,-3.6034f,0.2968f,0f,0f,0f,1f],start_interpolation: 0,interpolation_duration: 1}
$data merge entity $(bone_group9) {transformation: [-2.3344f,-2.6446f,-1.4317f,1.1485f,-2.4195f,1.4268f,-0.9827f,0.8619f,1.5873f,0.6617f,-3.6034f,0.3072f,0f,0f,0f,1f],start_interpolation: 0,interpolation_duration: 1}
$data merge entity $(bone_group10) {transformation: [-2.3344f,-2.6446f,-1.4317f,1.1485f,-2.4195f,1.4268f,-0.9827f,0.8619f,1.5873f,0.6617f,-3.6034f,0.3072f,0f,0f,0f,1f],start_interpolation: 0,interpolation_duration: 1}
$data merge entity $(bone_group11) {transformation: [-2.3344f,-2.6446f,-1.4317f,1.2012f,-2.4195f,1.4268f,-0.9827f,0.7473f,1.5873f,0.6617f,-3.6034f,0.3175f,0f,0f,0f,1f],start_interpolation: 0,interpolation_duration: 1}
$data merge entity $(bone_group12) {transformation: [-2.3344f,-2.6446f,-1.4317f,1.2012f,-2.4195f,1.4268f,-0.9827f,0.7473f,1.5873f,0.6617f,-3.6034f,0.3175f,0f,0f,0f,1f],start_interpolation: 0,interpolation_duration: 1}
$data merge entity $(bone_group13) {transformation: [-2.5325f,-1.9761f,-0.5727f,0.9267f,-1.9215f,1.9582f,-0.3931f,0.9643f,1.5302f,0.2512f,-1.4414f,0.3154f,0f,0f,0f,1f],start_interpolation: 0,interpolation_duration: 1}
$data merge entity $(bone_group14) {transformation: [-2.5325f,-1.9761f,-0.5727f,0.9267f,-1.9215f,1.9582f,-0.3931f,0.9643f,1.5302f,0.2512f,-1.4414f,0.3154f,0f,0f,0f,1f],start_interpolation: 0,interpolation_duration: 1}
$data merge entity $(bone_group15) {transformation: [-2.4439f,-2.0847f,-0.5727f,0.988f,-2.0051f,1.8725f,-0.3931f,0.8951f,1.5178f,0.3177f,-1.4414f,0.3099f,0f,0f,0f,1f],start_interpolation: 0,interpolation_duration: 1}
$data merge entity $(bone_group16) {transformation: [-2.4439f,-2.0847f,-0.5727f,0.988f,-2.0051f,1.8725f,-0.3931f,0.8951f,1.5178f,0.3177f,-1.4414f,0.3099f,0f,0f,0f,1f],start_interpolation: 0,interpolation_duration: 1}
$data merge entity $(bone_group17) {transformation: [-2.2529f,-2.2898f,-0.5727f,1.1026f,-2.1607f,1.6907f,-0.3931f,0.8202f,1.4844f,0.4487f,-1.4414f,0.2847f,0f,0f,0f,1f],start_interpolation: 0,interpolation_duration: 1}
$data merge entity $(bone_group18) {transformation: [-2.2529f,-2.2898f,-0.5727f,1.1026f,-2.1607f,1.6907f,-0.3931f,0.8202f,1.4844f,0.4487f,-1.4414f,0.2847f,0f,0f,0f,1f],start_interpolation: 0,interpolation_duration: 1}
$data merge entity $(bone_group19) {transformation: [-2.2529f,-2.2898f,-0.5727f,1.1553f,-2.1607f,1.6907f,-0.3931f,0.7056f,1.4844f,0.4487f,-1.4414f,0.2951f,0f,0f,0f,1f],start_interpolation: 0,interpolation_duration: 1}
$data merge entity $(bone_group20) {transformation: [-2.2529f,-2.2898f,-0.5727f,1.1553f,-2.1607f,1.6907f,-0.3931f,0.7056f,1.4844f,0.4487f,-1.4414f,0.2951f,0f,0f,0f,1f],start_interpolation: 0,interpolation_duration: 1}
$data merge entity $(bone_bone11) {transformation: [-0.8401f,-0.0355f,-0.3579f,0.5435f,0.0627f,1.4503f,-0.2457f,1.1683f,0.3167f,-0.3814f,-0.9009f,0.3564f,0f,0f,0f,1f],start_interpolation: 0,interpolation_duration: 1}
$data merge entity $(bone_3) {transformation: [-0.836f,-0.416f,-0.3579f,0.5896f,-0.3455f,0.9057f,-0.2457f,1.4063f,0.4264f,-0.0817f,-0.9009f,0.2731f,0f,0f,0f,1f],start_interpolation: 0,interpolation_duration: 1}
$data merge entity $(bone_8) {transformation: [-0.8661f,0.1048f,-0.4887f,0.08f,0.105f,0.9941f,0.0271f,0.3957f,0.4887f,-0.0278f,-0.872f,0.5249f,0f,0f,0f,1f],start_interpolation: 0,interpolation_duration: 1}
$data merge entity $(bone_7) {transformation: [-0.8661f,0.0115f,-0.4997f,0.0847f,0.105f,0.9816f,-0.1593f,0.7656f,0.4887f,-0.1905f,-0.8514f,0.4539f,0f,0f,0f,1f],start_interpolation: 0,interpolation_duration: 1}