# This file was generated by Animated Java via MC-Build. It is not recommended to edit this file directly.
$data merge entity $(bone_layer) {transformation: [-0.9932f,-0.1113f,-0.0348f,0.3195f,-0.1084f,0.9913f,-0.0749f,1.4245f,0.0429f,-0.0707f,-0.9966f,-0.1192f,0f,0f,0f,1f],start_interpolation: 0,interpolation_duration: 1}
$data merge entity $(bone_head) {transformation: [-0.9932f,-0.1113f,-0.0348f,0.3195f,-0.1084f,0.9913f,-0.0749f,1.4245f,0.0429f,-0.0707f,-0.9966f,-0.1192f,0f,0f,0f,1f],start_interpolation: 0,interpolation_duration: 1}
$data merge entity $(bone_6) {transformation: [-0.947f,-0.1125f,-0.3009f,0.4407f,-0.1058f,0.9936f,-0.0385f,0.4547f,0.3033f,-0.0046f,-0.9529f,-0.2002f,0f,0f,0f,1f],start_interpolation: 0,interpolation_duration: 1}
$data merge entity $(bone_12) {transformation: [-0.9477f,-0.157f,-0.278f,0.3818f,-0.1037f,0.9749f,-0.1972f,0.8203f,0.302f,-0.158f,-0.9401f,-0.2594f,0f,0f,0f,1f],start_interpolation: 0,interpolation_duration: 1}
$data merge entity $(bone_group3) {transformation: [1.1809f,-0.3091f,-0.1347f,-1.0824f,0.3088f,0.8173f,-0.3875f,1.7142f,0.3384f,0.3281f,0.8383f,-0.2546f,0f,0f,0f,1f],start_interpolation: 0,interpolation_duration: 1}
$data merge entity $(bone_group1) {transformation: [1.1765f,-0.3102f,-0.1668f,-1.0651f,0.2973f,0.8144f,-0.4023f,1.7238f,0.3626f,0.3342f,0.8257f,-0.2634f,0f,0f,0f,1f],start_interpolation: 0,interpolation_duration: 1}
$data merge entity $(bone_group4) {transformation: [1.1401f,-0.3052f,-0.1498f,-1.0736f,0.2954f,0.788f,-0.3862f,1.7176f,0.3442f,0.3218f,0.8038f,-0.2624f,0f,0f,0f,1f],start_interpolation: 0,interpolation_duration: 1}
$data merge entity $(bone_group2) {transformation: [1.144f,-0.2994f,-0.1305f,-1.0824f,0.2992f,0.7917f,-0.3754f,1.7142f,0.3278f,0.3179f,0.8121f,-0.2546f,0f,0f,0f,1f],start_interpolation: 0,interpolation_duration: 1}
$data merge entity $(bone_10) {transformation: [-0.9852f,0.0645f,-0.1588f,0.2746f,0.003f,0.9327f,0.3606f,1.1203f,0.1714f,0.3547f,-0.9191f,-0.1891f,0f,0f,0f,1f],start_interpolation: 0,interpolation_duration: 1}
$data merge entity $(bone_9) {transformation: [-0.9852f,0.0645f,-0.1588f,0.2988f,0.003f,0.9327f,0.3606f,1.4701f,0.1714f,0.3547f,-0.9191f,-0.0561f,0f,0f,0f,1f],start_interpolation: 0,interpolation_duration: 1}
$data merge entity $(bone_bone12) {transformation: [-1.1119f,0.9752f,-0.167f,0.2459f,0.8517f,1.11f,0.3606f,1.9193f,0.537f,0.2587f,-0.9177f,-0.3467f,0f,0f,0f,1f],start_interpolation: 0,interpolation_duration: 1}
$data merge entity $(bone_bone1) {transformation: [0.7779f,0.4688f,0.6086f,-0.1603f,-0.6104f,1.2532f,0.673f,0.5876f,-0.1491f,-2.6851f,0.4203f,0.7996f,0f,0f,0f,1f],start_interpolation: 0,interpolation_duration: 1}
$data merge entity $(bone_2) {transformation: [0.9503f,0.0535f,0.3066f,-0.1518f,-0.2588f,0.683f,0.683f,1.0999f,-0.1729f,-0.7284f,0.6629f,0.0793f,0f,0f,0f,1f],start_interpolation: 0,interpolation_duration: 1}
$data merge entity $(bone_bone2) {transformation: [1.9337f,-0.1268f,0.2473f,0.0739f,-0.0231f,1.9136f,0.2905f,0.9776f,-0.5101f,-0.5674f,0.9244f,0.0574f,0f,0f,0f,1f],start_interpolation: 0,interpolation_duration: 1}
$data merge entity $(bone_1) {transformation: [0.9503f,0.189f,0.2473f,-0.0809f,-0.2588f,0.9212f,0.2905f,1.4453f,-0.1729f,-0.34f,0.9244f,-0.0482f,0f,0f,0f,1f],start_interpolation: 0,interpolation_duration: 1}
$data merge entity $(bone_4) {transformation: [-0.9341f,-0.1474f,0.3251f,0.7716f,-0.3569f,0.3947f,-0.8466f,1.1852f,-0.0035f,-0.9069f,-0.4214f,-0.103f,0f,0f,0f,1f],start_interpolation: 0,interpolation_duration: 1}
$data merge entity $(bone_group5) {transformation: [-3.7365f,-0.9299f,0.3752f,0.7136f,-1.4277f,2.4403f,-0.9442f,0.9685f,-0.0139f,-0.6857f,-3.8688f,0.0768f,0f,0f,0f,1f],start_interpolation: 0,interpolation_duration: 1}
$data merge entity $(bone_group7) {transformation: [-3.7365f,-0.9299f,0.3752f,0.7136f,-1.4277f,2.4403f,-0.9442f,0.9685f,-0.0139f,-0.6857f,-3.8688f,0.0768f,0f,0f,0f,1f],start_interpolation: 0,interpolation_duration: 1}
$data merge entity $(bone_group6) {transformation: [-2.771f,-2.6735f,0.3752f,1.1118f,-2.4566f,1.3995f,-0.9442f,1.0345f,0.3308f,-0.6008f,-3.8688f,0.0993f,0f,0f,0f,1f],start_interpolation: 0,interpolation_duration: 1}
$data merge entity $(bone_group8) {transformation: [-2.771f,-2.6735f,0.3752f,1.1118f,-2.4566f,1.3995f,-0.9442f,1.0345f,0.3308f,-0.6008f,-3.8688f,0.0993f,0f,0f,0f,1f],start_interpolation: 0,interpolation_duration: 1}
$data merge entity $(bone_group9) {transformation: [-2.771f,-2.6735f,0.3752f,1.1554f,-2.4566f,1.3995f,-0.9442f,0.9201f,0.3308f,-0.6008f,-3.8688f,0.1315f,0f,0f,0f,1f],start_interpolation: 0,interpolation_duration: 1}
$data merge entity $(bone_group10) {transformation: [-2.771f,-2.6735f,0.3752f,1.1554f,-2.4566f,1.3995f,-0.9442f,0.9201f,0.3308f,-0.6008f,-3.8688f,0.1315f,0f,0f,0f,1f],start_interpolation: 0,interpolation_duration: 1}
$data merge entity $(bone_group11) {transformation: [-2.771f,-2.6735f,0.3752f,1.199f,-2.4566f,1.3995f,-0.9442f,0.8057f,0.3308f,-0.6008f,-3.8688f,0.1636f,0f,0f,0f,1f],start_interpolation: 0,interpolation_duration: 1}
$data merge entity $(bone_group12) {transformation: [-2.771f,-2.6735f,0.3752f,1.199f,-2.4566f,1.3995f,-0.9442f,0.8057f,0.3308f,-0.6008f,-3.8688f,0.1636f,0f,0f,0f,1f],start_interpolation: 0,interpolation_duration: 1}
$data merge entity $(bone_group13) {transformation: [-2.9276f,-1.8981f,0.1501f,0.9529f,-1.9592f,1.941f,-0.3777f,1.0208f,0.1943f,-0.6578f,-1.5475f,0.0388f,0f,0f,0f,1f],start_interpolation: 0,interpolation_duration: 1}
$data merge entity $(bone_group14) {transformation: [-2.9276f,-1.8981f,0.1501f,0.9529f,-1.9592f,1.941f,-0.3777f,1.0208f,0.1943f,-0.6578f,-1.5475f,0.0388f,0f,0f,0f,1f],start_interpolation: 0,interpolation_duration: 1}
$data merge entity $(bone_group15) {transformation: [-2.842f,-2.0239f,0.1501f,1.0108f,-2.0421f,1.8537f,-0.3777f,0.9521f,0.2228f,-0.6487f,-1.5475f,0.0612f,0f,0f,0f,1f],start_interpolation: 0,interpolation_duration: 1}
$data merge entity $(bone_group16) {transformation: [-2.842f,-2.0239f,0.1501f,1.0108f,-2.0421f,1.8537f,-0.3777f,0.9521f,0.2228f,-0.6487f,-1.5475f,0.0612f,0f,0f,0f,1f],start_interpolation: 0,interpolation_duration: 1}
$data merge entity $(bone_group17) {transformation: [-2.6548f,-2.2639f,0.1501f,1.1252f,-2.1958f,1.6687f,-0.3777f,0.8784f,0.2784f,-0.6268f,-1.5475f,0.0903f,0f,0f,0f,1f],start_interpolation: 0,interpolation_duration: 1}
$data merge entity $(bone_group18) {transformation: [-2.6548f,-2.2639f,0.1501f,1.1252f,-2.1958f,1.6687f,-0.3777f,0.8784f,0.2784f,-0.6268f,-1.5475f,0.0903f,0f,0f,0f,1f],start_interpolation: 0,interpolation_duration: 1}
$data merge entity $(bone_group19) {transformation: [-2.6548f,-2.2639f,0.1501f,1.1688f,-2.1958f,1.6687f,-0.3777f,0.764f,0.2784f,-0.6268f,-1.5475f,0.1224f,0f,0f,0f,1f],start_interpolation: 0,interpolation_duration: 1}
$data merge entity $(bone_group20) {transformation: [-2.6548f,-2.2639f,0.1501f,1.1688f,-2.1958f,1.6687f,-0.3777f,0.764f,0.2784f,-0.6268f,-1.5475f,0.1224f,0f,0f,0f,1f],start_interpolation: 0,interpolation_duration: 1}
$data merge entity $(bone_bone11) {transformation: [-0.8929f,0.124f,0.0938f,0.5904f,0.0526f,1.455f,-0.236f,1.2216f,-0.0994f,-0.3431f,-0.9672f,-0.0972f,0f,0f,0f,1f],start_interpolation: 0,interpolation_duration: 1}
$data merge entity $(bone_3) {transformation: [-0.9341f,-0.3444f,0.0938f,0.6664f,-0.3569f,0.9038f,-0.236f,1.4609f,-0.0035f,-0.254f,-0.9672f,-0.1482f,0f,0f,0f,1f],start_interpolation: 0,interpolation_duration: 1}
$data merge entity $(bone_8) {transformation: [-0.9934f,0.107f,-0.0414f,0.1011f,0.1059f,0.994f,0.0276f,0.4521f,0.0441f,0.023f,-0.9988f,-0.1485f,0f,0f,0f,1f],start_interpolation: 0,interpolation_duration: 1}
$data merge entity $(bone_7) {transformation: [-0.9934f,0.0965f,-0.0621f,0.1374f,0.1059f,0.9793f,-0.1726f,0.8203f,0.0441f,-0.178f,-0.983f,-0.2149f,0f,0f,0f,1f],start_interpolation: 0,interpolation_duration: 1}