# This file was generated by Animated Java via MC-Build. It is not recommended to edit this file directly.
$data merge entity $(bone_layer) {transformation: [-0.1804f,0.1011f,-0.9784f,0.575f,-0.0658f,0.9912f,0.1146f,1.3227f,0.9814f,0.0851f,-0.1721f,-1.6676f,0f,0f,0f,1f],start_interpolation: 0,interpolation_duration: 1}
$data merge entity $(bone_head) {transformation: [-0.1804f,0.1011f,-0.9784f,0.575f,-0.0658f,0.9912f,0.1146f,1.3227f,0.9814f,0.0851f,-0.1721f,-1.6676f,0f,0f,0f,1f],start_interpolation: 0,interpolation_duration: 1}
$data merge entity $(bone_6) {transformation: [-0.2886f,0.6509f,-0.7022f,0.539f,-0.0953f,0.7102f,0.6975f,0.2791f,0.9527f,0.2682f,-0.1429f,-1.8862f,0f,0f,0f,1f],start_interpolation: 0,interpolation_duration: 1}
$data merge entity $(bone_12) {transformation: [-0.2611f,0.0865f,-0.9614f,0.5715f,-0.1781f,0.9746f,0.136f,0.6445f,0.9487f,0.2067f,-0.2391f,-1.8087f,0f,0f,0f,1f],start_interpolation: 0,interpolation_duration: 1}
$data merge entity $(bone_group3) {transformation: [0.6704f,0.1275f,0.7253f,0.0328f,0.3689f,0.8691f,-0.3242f,1.4621f,-0.9887f,0.3299f,0.5216f,-0.7109f,0f,0f,0f,1f],start_interpolation: 0,interpolation_duration: 1}
$data merge entity $(bone_group1) {transformation: [-0.2667f,-0.0328f,0.9589f,0.3316f,0.4503f,0.845f,0.2823f,1.2087f,-0.971f,0.3951f,-0.5094f,-0.0706f,0f,0f,0f,1f],start_interpolation: 0,interpolation_duration: 1}
$data merge entity $(bone_group4) {transformation: [0.0856f,0.0006f,0.9609f,0.1791f,0.3759f,0.8869f,0.0861f,1.3636f,-1.0992f,0.2177f,-0.139f,-0.3062f,0f,0f,0f,1f],start_interpolation: 0,interpolation_duration: 1}
$data merge entity $(bone_group2) {transformation: [0.6494f,0.1235f,0.7026f,0.0328f,0.3574f,0.8419f,-0.3141f,1.4621f,-0.9578f,0.3196f,0.5053f,-0.7109f,0f,0f,0f,1f],start_interpolation: 0,interpolation_duration: 1}
$data merge entity $(bone_10) {transformation: [-0.1536f,0.164f,-0.9744f,0.533f,-0.0506f,0.9835f,0.1736f,0.9763f,0.9868f,0.076f,-0.1428f,-1.6698f,0f,0f,0f,1f],start_interpolation: 0,interpolation_duration: 1}
$data merge entity $(bone_9) {transformation: [-0.1536f,0.164f,-0.9744f,0.5945f,-0.0506f,0.9835f,0.1736f,1.3452f,0.9868f,0.076f,-0.1428f,-1.6413f,0f,0f,0f,1f],start_interpolation: 0,interpolation_duration: 1}
$data merge entity $(bone_bone12) {transformation: [-0.3502f,0.5789f,-0.8925f,0.2553f,0.8981f,1.1704f,0.1808f,1.7316f,1.1493f,-0.7383f,-0.4132f,-1.7984f,0f,0f,0f,1f],start_interpolation: 0,interpolation_duration: 1}
$data merge entity $(bone_bone1) {transformation: [0.326f,-1.9254f,0.6941f,1.115f,-0.6104f,1.2532f,0.673f,0.4118f,-0.7219f,-1.9294f,-0.2556f,-0.7339f,0f,0f,0f,1f],start_interpolation: 0,interpolation_duration: 1}
$data merge entity $(bone_2) {transformation: [0.4058f,-0.5648f,0.7186f,0.531f,-0.2588f,0.683f,0.683f,0.9241f,-0.8765f,-0.4632f,0.131f,-1.1555f,0f,0f,0f,1f],start_interpolation: 0,interpolation_duration: 1}
$data merge entity $(bone_bone2) {transformation: [0.6964f,-0.5369f,0.8982f,0.6431f,-0.0231f,1.9136f,0.2905f,0.8018f,-1.8747f,-0.2231f,0.3301f,-1.3527f,0f,0f,0f,1f],start_interpolation: 0,interpolation_duration: 1}
$data merge entity $(bone_1) {transformation: [0.4058f,-0.1692f,0.8982f,0.4676f,-0.2588f,0.9212f,0.2905f,1.2695f,-0.8765f,-0.3503f,0.3301f,-1.2869f,0f,0f,0f,1f],start_interpolation: 0,interpolation_duration: 1}
$data merge entity $(bone_4) {transformation: [-0.4216f,-0.7898f,-0.4455f,0.7169f,-0.7533f,0.5786f,-0.3126f,1.0956f,0.5047f,0.2038f,-0.8389f,-2.1307f,0f,0f,0f,1f],start_interpolation: 0,interpolation_duration: 1}
$data merge entity $(bone_group5) {transformation: [-1.6865f,-0.9594f,-3.337f,0.8474f,-3.0134f,1.7532f,0.4167f,0.8398f,2.0187f,1.8154f,-2.1659f,-2.1442f,0f,0f,0f,1f],start_interpolation: 0,interpolation_duration: 1}
$data merge entity $(bone_group7) {transformation: [-1.6865f,-0.9594f,-3.337f,0.8474f,-3.0134f,1.7532f,0.4167f,0.8398f,2.0187f,1.8154f,-2.1659f,-2.1442f,0f,0f,0f,1f],start_interpolation: 0,interpolation_duration: 1}
$data merge entity $(bone_group6) {transformation: [-0.9809f,-1.6742f,-3.337f,1.0438f,-3.4862f,0.0116f,0.4167f,1.0838f,0.8405f,2.5816f,-2.1659f,-2.3998f,0f,0f,0f,1f],start_interpolation: 0,interpolation_duration: 1}
$data merge entity $(bone_group8) {transformation: [-0.9809f,-1.6742f,-3.337f,1.0438f,-3.4862f,0.0116f,0.4167f,1.0838f,0.8405f,2.5816f,-2.1659f,-2.3998f,0f,0f,0f,1f],start_interpolation: 0,interpolation_duration: 1}
$data merge entity $(bone_group9) {transformation: [-0.9809f,-1.6742f,-3.337f,1.0888f,-3.4862f,0.0116f,0.4167f,1.0016f,0.8405f,2.5816f,-2.1659f,-2.4849f,0f,0f,0f,1f],start_interpolation: 0,interpolation_duration: 1}
$data merge entity $(bone_group10) {transformation: [-0.9809f,-1.6742f,-3.337f,1.0888f,-3.4862f,0.0116f,0.4167f,1.0016f,0.8405f,2.5816f,-2.1659f,-2.4849f,0f,0f,0f,1f],start_interpolation: 0,interpolation_duration: 1}
$data merge entity $(bone_group11) {transformation: [-0.9809f,-1.6742f,-3.337f,1.1338f,-3.4862f,0.0116f,0.4167f,0.9194f,0.8405f,2.5816f,-2.1659f,-2.57f,0f,0f,0f,1f],start_interpolation: 0,interpolation_duration: 1}
$data merge entity $(bone_group12) {transformation: [-0.9809f,-1.6742f,-3.337f,1.1338f,-3.4862f,0.0116f,0.4167f,0.9194f,0.8405f,2.5816f,-2.1659f,-2.57f,0f,0f,0f,1f],start_interpolation: 0,interpolation_duration: 1}
$data merge entity $(bone_group13) {transformation: [-1.1591f,-1.3715f,-1.3348f,0.9195f,-3.1137f,0.8565f,0.1667f,1.0104f,1.1868f,2.2778f,-0.8664f,-2.3089f,0f,0f,0f,1f],start_interpolation: 0,interpolation_duration: 1}
$data merge entity $(bone_group14) {transformation: [-1.1591f,-1.3715f,-1.3348f,0.9195f,-3.1137f,0.8565f,0.1667f,1.0104f,1.1868f,2.2778f,-0.8664f,-2.3089f,0f,0f,0f,1f],start_interpolation: 0,interpolation_duration: 1}
$data merge entity $(bone_group15) {transformation: [-1.0982f,-1.4207f,-1.3348f,0.9631f,-3.1481f,0.7199f,0.1667f,0.9758f,1.0864f,2.3274f,-0.8664f,-2.3828f,0f,0f,0f,1f],start_interpolation: 0,interpolation_duration: 1}
$data merge entity $(bone_group16) {transformation: [-1.0982f,-1.4207f,-1.3348f,0.9631f,-3.1481f,0.7199f,0.1667f,0.9758f,1.0864f,2.3274f,-0.8664f,-2.3828f,0f,0f,0f,1f],start_interpolation: 0,interpolation_duration: 1}
$data merge entity $(bone_group17) {transformation: [-0.9702f,-1.511f,-1.3348f,1.0375f,-3.1989f,0.4428f,0.1667f,0.963f,0.8794f,2.4132f,-0.8664f,-2.4998f,0f,0f,0f,1f],start_interpolation: 0,interpolation_duration: 1}
$data merge entity $(bone_group18) {transformation: [-0.9702f,-1.511f,-1.3348f,1.0375f,-3.1989f,0.4428f,0.1667f,0.963f,0.8794f,2.4132f,-0.8664f,-2.4998f,0f,0f,0f,1f],start_interpolation: 0,interpolation_duration: 1}
$data merge entity $(bone_group19) {transformation: [-0.9702f,-1.511f,-1.3348f,1.0824f,-3.1989f,0.4428f,0.1667f,0.8808f,0.8794f,2.4132f,-0.8664f,-2.5849f,0f,0f,0f,1f],start_interpolation: 0,interpolation_duration: 1}
$data merge entity $(bone_group20) {transformation: [-0.9702f,-1.511f,-1.3348f,1.0824f,-3.1989f,0.4428f,0.1667f,0.8808f,0.8794f,2.4132f,-0.8664f,-2.5849f,0f,0f,0f,1f],start_interpolation: 0,interpolation_duration: 1}
$data merge entity $(bone_bone11) {transformation: [-0.4791f,-0.2158f,-0.8342f,0.6438f,-0.3675f,1.3603f,0.1042f,1.0356f,0.6674f,0.5942f,-0.5415f,-1.9719f,0f,0f,0f,1f],start_interpolation: 0,interpolation_duration: 1}
$data merge entity $(bone_3) {transformation: [-0.4216f,-0.3553f,-0.8342f,0.6375f,-0.7533f,0.6493f,0.1042f,1.2852f,0.5047f,0.6724f,-0.5415f,-1.9142f,0f,0f,0f,1f],start_interpolation: 0,interpolation_duration: 1}
$data merge entity $(bone_8) {transformation: [-0.3486f,0.0987f,-0.932f,0.6521f,0.1408f,0.9887f,0.052f,0.3968f,0.9266f,-0.1131f,-0.3586f,-1.4161f,0f,0f,0f,1f],start_interpolation: 0,interpolation_duration: 1}
$data merge entity $(bone_7) {transformation: [-0.3486f,-0.5732f,-0.7415f,0.4434f,0.1408f,0.7502f,-0.6461f,0.6445f,0.9266f,-0.3297f,-0.1808f,-1.5322f,0f,0f,0f,1f],start_interpolation: 0,interpolation_duration: 1}