# This file was generated by Animated Java via MC-Build. It is not recommended to edit this file directly.
$data merge entity $(bone_layer) {transformation: [-0.8159f,-0.2165f,0.5362f,0.5627f,0.0009f,0.9268f,0.3756f,1.2024f,-0.5782f,0.3069f,-0.7559f,-4.2354f,0f,0f,0f,1f],start_interpolation: 0,interpolation_duration: 1}
$data merge entity $(bone_head) {transformation: [-0.8159f,-0.2165f,0.5362f,0.5627f,0.0009f,0.9268f,0.3756f,1.2024f,-0.5782f,0.3069f,-0.7559f,-4.2354f,0f,0f,0f,1f],start_interpolation: 0,interpolation_duration: 1}
$data merge entity $(bone_6) {transformation: [-0.9946f,-0.0989f,0.0299f,0.7077f,-0.1021f,0.9857f,-0.1337f,0.0863f,-0.0162f,-0.1361f,-0.9906f,-4.1167f,0f,0f,0f,1f],start_interpolation: 0,interpolation_duration: 1}
$data merge entity $(bone_12) {transformation: [-0.9954f,-0.0848f,0.0457f,0.6759f,-0.0935f,0.9648f,-0.246f,0.4481f,-0.0233f,-0.2491f,-0.9682f,-4.2101f,0f,0f,0f,1f],start_interpolation: 0,interpolation_duration: 1}
$data merge entity $(bone_group3) {transformation: [1.0016f,-0.3962f,-0.4019f,-0.7232f,0.2901f,0.8179f,-0.3894f,1.3684f,0.7186f,0.2128f,0.7474f,-4.7034f,0f,0f,0f,1f],start_interpolation: 0,interpolation_duration: 1}
$data merge entity $(bone_group1) {transformation: [0.9433f,-0.4117f,-0.5122f,-0.6394f,0.2372f,0.8039f,-0.4496f,1.4095f,0.8071f,0.2354f,0.643f,-4.7114f,0f,0f,0f,1f],start_interpolation: 0,interpolation_duration: 1}
$data merge entity $(bone_group4) {transformation: [0.9283f,-0.4145f,-0.4548f,-0.6757f,0.2637f,0.7753f,-0.4224f,1.3827f,0.7564f,0.2125f,0.6589f,-4.723f,0f,0f,0f,1f],start_interpolation: 0,interpolation_duration: 1}
$data merge entity $(bone_group2) {transformation: [0.9703f,-0.3838f,-0.3894f,-0.7232f,0.281f,0.7923f,-0.3773f,1.3684f,0.6962f,0.2062f,0.724f,-4.7034f,0f,0f,0f,1f],start_interpolation: 0,interpolation_duration: 1}
$data merge entity $(bone_10) {transformation: [-0.9829f,-0.0563f,0.1752f,0.5539f,0.0133f,0.9279f,0.3727f,0.7465f,-0.1835f,0.3687f,-0.9113f,-4.1772f,0f,0f,0f,1f],start_interpolation: 0,interpolation_duration: 1}
$data merge entity $(bone_9) {transformation: [-0.9829f,-0.055f,0.1756f,0.5332f,0.0133f,0.9304f,0.3662f,1.0962f,-0.1835f,0.3623f,-0.9138f,-4.0413f,0f,0f,0f,1f],start_interpolation: 0,interpolation_duration: 1}
$data merge entity $(bone_bone12) {transformation: [-1.2182f,0.8462f,0.1488f,0.5765f,0.8608f,1.0897f,0.3781f,1.5522f,0.1577f,0.5887f,-0.9137f,-4.3265f,0f,0f,0f,1f],start_interpolation: 0,interpolation_duration: 1}
$data merge entity $(bone_bone1) {transformation: [0.7855f,1.3201f,0.4351f,-0.159f,-0.6093f,1.2815f,0.668f,0.3399f,0.1081f,-2.3696f,0.6037f,-3.5167f,0f,0f,0f,1f],start_interpolation: 0,interpolation_duration: 1}
$data merge entity $(bone_2) {transformation: [0.9552f,0.2875f,0.0702f,0.0838f,-0.2576f,0.6907f,0.6757f,0.8598f,0.1458f,-0.6635f,0.7339f,-4.189f,0f,0f,0f,1f],start_interpolation: 0,interpolation_duration: 1}
$data merge entity $(bone_bone2) {transformation: [1.9949f,0.0638f,-0.064f,0.3043f,-0.0224f,1.9071f,0.301f,0.7365f,0.1413f,-0.599f,0.9515f,-4.1365f,0f,0f,0f,1f],start_interpolation: 0,interpolation_duration: 1}
$data merge entity $(bone_1) {transformation: [0.9552f,0.289f,-0.064f,0.1919f,-0.2576f,0.9182f,0.301f,1.2026f,0.1458f,-0.271f,0.9515f,-4.2915f,0f,0f,0f,1f],start_interpolation: 0,interpolation_duration: 1}
$data merge entity $(bone_4) {transformation: [-0.8988f,0.2004f,0.3898f,1.0137f,-0.3083f,0.3429f,-0.8873f,0.8807f,-0.3115f,-0.9177f,-0.2464f,-4.0837f,0f,0f,0f,1f],start_interpolation: 0,interpolation_duration: 1}
$data merge entity $(bone_group5) {transformation: [-3.5953f,-0.4887f,1.5967f,0.8849f,-1.2333f,2.4527f,-1.1297f,0.6753f,-1.246f,-1.0177f,-3.4892f,-3.9291f,0f,0f,0f,1f],start_interpolation: 0,interpolation_duration: 1}
$data merge entity $(bone_group7) {transformation: [-3.5953f,-0.4887f,1.5967f,0.8849f,-1.2333f,2.4527f,-1.1297f,0.6753f,-1.246f,-1.0177f,-3.4892f,-3.9291f,0f,0f,0f,1f],start_interpolation: 0,interpolation_duration: 1}
$data merge entity $(bone_group6) {transformation: [-2.8693f,-2.2209f,1.5967f,1.2556f,-2.2944f,1.5074f,-1.1297f,0.7217f,-0.5702f,-1.5043f,-3.4892f,-3.7745f,0f,0f,0f,1f],start_interpolation: 0,interpolation_duration: 1}
$data merge entity $(bone_group8) {transformation: [-2.8693f,-2.2209f,1.5967f,1.2556f,-2.2944f,1.5074f,-1.1297f,0.7217f,-0.5702f,-1.5043f,-3.4892f,-3.7745f,0f,0f,0f,1f],start_interpolation: 0,interpolation_duration: 1}
$data merge entity $(bone_group9) {transformation: [-2.8693f,-2.2209f,1.5967f,1.2785f,-2.2944f,1.5074f,-1.1297f,0.6067f,-0.5702f,-1.5043f,-3.4892f,-3.7268f,0f,0f,0f,1f],start_interpolation: 0,interpolation_duration: 1}
$data merge entity $(bone_group10) {transformation: [-2.8693f,-2.2209f,1.5967f,1.2785f,-2.2944f,1.5074f,-1.1297f,0.6067f,-0.5702f,-1.5043f,-3.4892f,-3.7268f,0f,0f,0f,1f],start_interpolation: 0,interpolation_duration: 1}
$data merge entity $(bone_group11) {transformation: [-2.8693f,-2.2209f,1.5967f,1.3014f,-2.2944f,1.5074f,-1.1297f,0.4918f,-0.5702f,-1.5043f,-3.4892f,-3.6791f,0f,0f,0f,1f],start_interpolation: 0,interpolation_duration: 1}
$data merge entity $(bone_group12) {transformation: [-2.8693f,-2.2209f,1.5967f,1.3014f,-2.2944f,1.5074f,-1.1297f,0.4918f,-0.5702f,-1.5043f,-3.4892f,-3.6791f,0f,0f,0f,1f],start_interpolation: 0,interpolation_duration: 1}
$data merge entity $(bone_group13) {transformation: [-2.9391f,-1.4391f,0.6387f,1.1258f,-1.7962f,2.0054f,-0.4519f,0.7135f,-0.7635f,-1.3078f,-1.3957f,-3.885f,0f,0f,0f,1f],start_interpolation: 0,interpolation_duration: 1}
$data merge entity $(bone_group14) {transformation: [-2.9391f,-1.4391f,0.6387f,1.1258f,-1.7962f,2.0054f,-0.4519f,0.7135f,-0.7635f,-1.3078f,-1.3957f,-3.885f,0f,0f,0f,1f],start_interpolation: 0,interpolation_duration: 1}
$data merge entity $(bone_group15) {transformation: [-2.8735f,-1.5659f,0.6387f,1.1683f,-1.8819f,1.9251f,-0.4519f,0.643f,-0.7057f,-1.3399f,-1.3957f,-3.8427f,0f,0f,0f,1f],start_interpolation: 0,interpolation_duration: 1}
$data merge entity $(bone_group16) {transformation: [-2.8735f,-1.5659f,0.6387f,1.1683f,-1.8819f,1.9251f,-0.4519f,0.643f,-0.7057f,-1.3399f,-1.3957f,-3.8427f,0f,0f,0f,1f],start_interpolation: 0,interpolation_duration: 1}
$data merge entity $(bone_group17) {transformation: [-2.7261f,-1.8104f,0.6387f,1.2614f,-2.0425f,1.7537f,-0.4519f,0.5648f,-0.5862f,-1.3963f,-1.3957f,-3.7748f,0f,0f,0f,1f],start_interpolation: 0,interpolation_duration: 1}
$data merge entity $(bone_group18) {transformation: [-2.7261f,-1.8104f,0.6387f,1.2614f,-2.0425f,1.7537f,-0.4519f,0.5648f,-0.5862f,-1.3963f,-1.3957f,-3.7748f,0f,0f,0f,1f],start_interpolation: 0,interpolation_duration: 1}
$data merge entity $(bone_group19) {transformation: [-2.7261f,-1.8104f,0.6387f,1.2843f,-2.0425f,1.7537f,-0.4519f,0.4499f,-0.5862f,-1.3963f,-1.3957f,-3.7271f,0f,0f,0f,1f],start_interpolation: 0,interpolation_duration: 1}
$data merge entity $(bone_group20) {transformation: [-2.7261f,-1.8104f,0.6387f,1.2843f,-2.0425f,1.7537f,-0.4519f,0.4499f,-0.5862f,-1.3963f,-1.3957f,-3.7271f,0f,0f,0f,1f],start_interpolation: 0,interpolation_duration: 1}
$data merge entity $(bone_bone11) {transformation: [-0.802f,0.3237f,0.3992f,0.8438f,0.094f,1.4304f,-0.2824f,0.9266f,-0.3974f,-0.3149f,-0.8723f,-4.1405f,0f,0f,0f,1f],start_interpolation: 0,interpolation_duration: 1}
$data merge entity $(bone_3) {transformation: [-0.8988f,-0.181f,0.3992f,0.9475f,-0.3083f,0.9084f,-0.2824f,1.1593f,-0.3115f,-0.3769f,-0.8723f,-4.1683f,0f,0f,0f,1f],start_interpolation: 0,interpolation_duration: 1}
$data merge entity $(bone_8) {transformation: [-0.9484f,0.0922f,0.3033f,0.3877f,0.1023f,0.9946f,0.0176f,0.0729f,-0.3f,0.0478f,-0.9527f,-4.2228f,0f,0f,0f,1f],start_interpolation: 0,interpolation_duration: 1}
$data merge entity $(bone_7) {transformation: [-0.9484f,0.1294f,0.2894f,0.4357f,0.1023f,0.989f,-0.1068f,0.4481f,-0.3f,-0.0717f,-0.9512f,-4.2466f,0f,0f,0f,1f],start_interpolation: 0,interpolation_duration: 1}