# This file was generated by Animated Java via MC-Build. It is not recommended to edit this file directly.
$data merge entity $(bone_layer) {transformation: [-0.7909f,-0.2226f,0.5701f,0.5636f,0.001f,0.9311f,0.3649f,1.2009f,-0.612f,0.2891f,-0.7361f,-4.3312f,0f,0f,0f,1f],start_interpolation: 0,interpolation_duration: 1}
$data merge entity $(bone_head) {transformation: [-0.7909f,-0.2226f,0.5701f,0.5636f,0.001f,0.9311f,0.3649f,1.2009f,-0.612f,0.2891f,-0.7361f,-4.3312f,0f,0f,0f,1f],start_interpolation: 0,interpolation_duration: 1}
$data merge entity $(bone_6) {transformation: [-0.9943f,-0.0957f,0.047f,0.7027f,-0.1027f,0.978f,-0.1814f,0.0804f,-0.0286f,-0.1852f,-0.9823f,-4.1794f,0f,0f,0f,1f],start_interpolation: 0,interpolation_duration: 1}
$data merge entity $(bone_12) {transformation: [-0.9949f,-0.0787f,0.0623f,0.6732f,-0.0933f,0.9539f,-0.2853f,0.4381f,-0.037f,-0.2897f,-0.9564f,-4.288f,0f,0f,0f,1f],start_interpolation: 0,interpolation_duration: 1}
$data merge entity $(bone_group3) {transformation: [1.0031f,-0.3899f,-0.4045f,-0.7252f,0.2801f,0.8207f,-0.387f,1.3726f,0.7204f,0.2136f,0.7473f,-4.7936f,0f,0f,0f,1f],start_interpolation: 0,interpolation_duration: 1}
$data merge entity $(bone_group1) {transformation: [0.9362f,-0.4078f,-0.5282f,-0.6308f,0.2205f,0.8049f,-0.4531f,1.4181f,0.8189f,0.2388f,0.6289f,-4.8021f,0f,0f,0f,1f],start_interpolation: 0,interpolation_duration: 1}
$data merge entity $(bone_group4) {transformation: [0.924f,-0.4126f,-0.4654f,-0.6717f,0.2519f,0.7761f,-0.4249f,1.3883f,0.7652f,0.2138f,0.6502f,-4.8157f,0f,0f,0f,1f],start_interpolation: 0,interpolation_duration: 1}
$data merge entity $(bone_group2) {transformation: [0.9717f,-0.3777f,-0.3919f,-0.7252f,0.2713f,0.7951f,-0.3749f,1.3726f,0.6979f,0.207f,0.724f,-4.7936f,0f,0f,0f,1f],start_interpolation: 0,interpolation_duration: 1}
$data merge entity $(bone_10) {transformation: [-0.9784f,-0.0628f,0.1972f,0.5514f,0.0142f,0.9302f,0.3667f,0.7378f,-0.2064f,0.3616f,-0.9092f,-4.2605f,0f,0f,0f,1f],start_interpolation: 0,interpolation_duration: 1}
$data merge entity $(bone_9) {transformation: [-0.9784f,-0.0587f,0.1984f,0.5294f,0.0142f,0.9377f,0.3471f,1.0918f,-0.2064f,0.3424f,-0.9166f,-4.1319f,0f,0f,0f,1f],start_interpolation: 0,interpolation_duration: 1}
$data merge entity $(bone_bone12) {transformation: [-1.2007f,0.8547f,0.1859f,0.5784f,0.8898f,1.0632f,0.3817f,1.5516f,0.1286f,0.6237f,-0.9054f,-4.4175f,0f,0f,0f,1f],start_interpolation: 0,interpolation_duration: 1}
$data merge entity $(bone_bone1) {transformation: [0.7862f,1.3727f,0.4153f,-0.1724f,-0.607f,1.3378f,0.6578f,0.3292f,0.1158f,-2.3078f,0.6283f,-3.6287f,0f,0f,0f,1f],start_interpolation: 0,interpolation_duration: 1}
$data merge entity $(bone_2) {transformation: [0.9527f,0.3002f,0.0472f,0.0844f,-0.2552f,0.7059f,0.6607f,0.8643f,0.1651f,-0.6415f,0.7492f,-4.2837f,0f,0f,0f,1f],start_interpolation: 0,interpolation_duration: 1}
$data merge entity $(bone_bone2) {transformation: [1.9926f,0.0747f,-0.0773f,0.3034f,-0.021f,1.8935f,0.3219f,0.7389f,0.1704f,-0.6397f,0.9436f,-4.2269f,0f,0f,0f,1f],start_interpolation: 0,interpolation_duration: 1}
$data merge entity $(bone_1) {transformation: [0.9527f,0.2939f,-0.0773f,0.1938f,-0.2552f,0.9117f,0.3219f,1.2016f,0.1651f,-0.2869f,0.9436f,-4.3937f,0f,0f,0f,1f],start_interpolation: 0,interpolation_duration: 1}
$data merge entity $(bone_4) {transformation: [-0.8962f,0.2375f,0.3748f,1.0083f,-0.2926f,0.3186f,-0.9016f,0.8793f,-0.3336f,-0.9176f,-0.2161f,-4.1627f,0f,0f,0f,1f],start_interpolation: 0,interpolation_duration: 1}
$data merge entity $(bone_group5) {transformation: [-3.5846f,-0.3987f,1.6738f,0.87f,-1.1706f,2.445f,-1.2285f,0.6798f,-1.3343f,-1.0738f,-3.4189f,-4.0087f,0f,0f,0f,1f],start_interpolation: 0,interpolation_duration: 1}
$data merge entity $(bone_group7) {transformation: [-3.5846f,-0.3987f,1.6738f,0.87f,-1.1706f,2.445f,-1.2285f,0.6798f,-1.3343f,-1.0738f,-3.4189f,-4.0087f,0f,0f,0f,1f],start_interpolation: 0,interpolation_duration: 1}
$data merge entity $(bone_group6) {transformation: [-2.905f,-2.1376f,1.6738f,1.2369f,-2.2362f,1.5322f,-1.2285f,0.7201f,-0.6187f,-1.597f,-3.4189f,-3.8436f,0f,0f,0f,1f],start_interpolation: 0,interpolation_duration: 1}
$data merge entity $(bone_group8) {transformation: [-2.905f,-2.1376f,1.6738f,1.2369f,-2.2362f,1.5322f,-1.2285f,0.7201f,-0.6187f,-1.597f,-3.4189f,-3.8436f,0f,0f,0f,1f],start_interpolation: 0,interpolation_duration: 1}
$data merge entity $(bone_group9) {transformation: [-2.905f,-2.1376f,1.6738f,1.2556f,-2.2362f,1.5322f,-1.2285f,0.6055f,-0.6187f,-1.597f,-3.4189f,-3.7933f,0f,0f,0f,1f],start_interpolation: 0,interpolation_duration: 1}
$data merge entity $(bone_group10) {transformation: [-2.905f,-2.1376f,1.6738f,1.2556f,-2.2362f,1.5322f,-1.2285f,0.6055f,-0.6187f,-1.597f,-3.4189f,-3.7933f,0f,0f,0f,1f],start_interpolation: 0,interpolation_duration: 1}
$data merge entity $(bone_group11) {transformation: [-2.905f,-2.1376f,1.6738f,1.2742f,-2.2362f,1.5322f,-1.2285f,0.4909f,-0.6187f,-1.597f,-3.4189f,-3.7429f,0f,0f,0f,1f],start_interpolation: 0,interpolation_duration: 1}
$data merge entity $(bone_group12) {transformation: [-2.905f,-2.1376f,1.6738f,1.2742f,-2.2362f,1.5322f,-1.2285f,0.4909f,-0.6187f,-1.597f,-3.4189f,-3.7429f,0f,0f,0f,1f],start_interpolation: 0,interpolation_duration: 1}
$data merge entity $(bone_group13) {transformation: [-2.9569f,-1.3504f,0.6695f,1.1103f,-1.74f,2.015f,-0.4914f,0.7131f,-0.8224f,-1.3852f,-1.3676f,-3.9578f,0f,0f,0f,1f],start_interpolation: 0,interpolation_duration: 1}
$data merge entity $(bone_group14) {transformation: [-2.9569f,-1.3504f,0.6695f,1.1103f,-1.74f,2.015f,-0.4914f,0.7131f,-0.8224f,-1.3852f,-1.3676f,-3.9578f,0f,0f,0f,1f],start_interpolation: 0,interpolation_duration: 1}
$data merge entity $(bone_group15) {transformation: [-2.8952f,-1.4781f,0.6695f,1.1498f,-1.8262f,1.9372f,-0.4914f,0.6423f,-0.7612f,-1.4197f,-1.3676f,-3.9131f,0f,0f,0f,1f],start_interpolation: 0,interpolation_duration: 1}
$data merge entity $(bone_group16) {transformation: [-2.8952f,-1.4781f,0.6695f,1.1498f,-1.8262f,1.9372f,-0.4914f,0.6423f,-0.7612f,-1.4197f,-1.3676f,-3.9131f,0f,0f,0f,1f],start_interpolation: 0,interpolation_duration: 1}
$data merge entity $(bone_group17) {transformation: [-2.7554f,-1.7248f,0.6695f,1.2389f,-1.9881f,1.7707f,-0.4914f,0.5632f,-0.6346f,-1.4807f,-1.3676f,-3.841f,0f,0f,0f,1f],start_interpolation: 0,interpolation_duration: 1}
$data merge entity $(bone_group18) {transformation: [-2.7554f,-1.7248f,0.6695f,1.2389f,-1.9881f,1.7707f,-0.4914f,0.5632f,-0.6346f,-1.4807f,-1.3676f,-3.841f,0f,0f,0f,1f],start_interpolation: 0,interpolation_duration: 1}
$data merge entity $(bone_group19) {transformation: [-2.7554f,-1.7248f,0.6695f,1.2576f,-1.9881f,1.7707f,-0.4914f,0.4486f,-0.6346f,-1.4807f,-1.3676f,-3.7907f,0f,0f,0f,1f],start_interpolation: 0,interpolation_duration: 1}
$data merge entity $(bone_group20) {transformation: [-2.7554f,-1.7248f,0.6695f,1.2576f,-1.9881f,1.7707f,-0.4914f,0.4486f,-0.6346f,-1.4807f,-1.3676f,-3.7907f,0f,0f,0f,1f],start_interpolation: 0,interpolation_duration: 1}
$data merge entity $(bone_bone11) {transformation: [-0.7871f,0.3673f,0.4184f,0.8413f,0.1057f,1.4166f,-0.3071f,0.9281f,-0.4234f,-0.3292f,-0.8547f,-4.2254f,0f,0f,0f,1f],start_interpolation: 0,interpolation_duration: 1}
$data merge entity $(bone_3) {transformation: [-0.8962f,-0.1477f,0.4184f,0.9514f,-0.2926f,0.9056f,-0.3071f,1.1578f,-0.3336f,-0.3977f,-0.8547f,-4.2541f,0f,0f,0f,1f],start_interpolation: 0,interpolation_duration: 1}
$data merge entity $(bone_8) {transformation: [-0.9416f,0.0961f,0.3226f,0.3917f,0.1017f,0.9948f,0.0007f,0.061f,-0.3209f,0.0335f,-0.9465f,-4.3227f,0f,0f,0f,1f],start_interpolation: 0,interpolation_duration: 1}
$data merge entity $(bone_7) {transformation: [-0.9416f,0.1186f,0.3151f,0.4346f,0.1017f,0.9924f,-0.0694f,0.4381f,-0.3209f,-0.0333f,-0.9465f,-4.3289f,0f,0f,0f,1f],start_interpolation: 0,interpolation_duration: 1}