# This file was generated by Animated Java via MC-Build. It is not recommended to edit this file directly.
$data merge entity $(bone_layer) {transformation: [-0.8317f,-0.1981f,0.5187f,0.5621f,0.0006f,0.9339f,0.3576f,1.1998f,-0.5553f,0.2978f,-0.7765f,-4.4033f,0f,0f,0f,1f],start_interpolation: 0,interpolation_duration: 1}
$data merge entity $(bone_head) {transformation: [-0.8317f,-0.1981f,0.5187f,0.5621f,0.0006f,0.9339f,0.3576f,1.1998f,-0.5553f,0.2978f,-0.7765f,-4.4033f,0f,0f,0f,1f],start_interpolation: 0,interpolation_duration: 1}
$data merge entity $(bone_6) {transformation: [-0.9937f,-0.1114f,-0.0127f,0.713f,-0.1076f,0.9795f,-0.1705f,0.0744f,0.0314f,-0.168f,-0.9853f,-4.2438f,0f,0f,0f,1f],start_interpolation: 0,interpolation_duration: 1}
$data merge entity $(bone_12) {transformation: [-0.9945f,-0.1046f,0.0054f,0.6738f,-0.1015f,0.9498f,-0.2959f,0.4306f,0.0258f,-0.2948f,-0.9552f,-4.3544f,0f,0f,0f,1f],start_interpolation: 0,interpolation_duration: 1}
$data merge entity $(bone_group3) {transformation: [1.0606f,-0.3666f,-0.3475f,-0.7496f,0.2804f,0.8237f,-0.3826f,1.3641f,0.6329f,0.2414f,0.7774f,-4.7496f,0f,0f,0f,1f],start_interpolation: 0,interpolation_duration: 1}
$data merge entity $(bone_group1) {transformation: [1.0231f,-0.3764f,-0.4377f,-0.6869f,0.242f,0.8137f,-0.4275f,1.3942f,0.7037f,0.2594f,0.7075f,-4.7614f,0f,0f,0f,1f],start_interpolation: 0,interpolation_duration: 1}
$data merge entity $(bone_group4) {transformation: [1.0001f,-0.3775f,-0.3904f,-0.7151f,0.2593f,0.7857f,-0.4042f,1.3744f,0.661f,0.2408f,0.709f,-4.7672f,0f,0f,0f,1f],start_interpolation: 0,interpolation_duration: 1}
$data merge entity $(bone_group2) {transformation: [1.0275f,-0.3551f,-0.3366f,-0.7496f,0.2716f,0.798f,-0.3707f,1.3641f,0.6131f,0.2339f,0.7531f,-4.7496f,0f,0f,0f,1f],start_interpolation: 0,interpolation_duration: 1}
$data merge entity $(bone_10) {transformation: [-0.9903f,-0.0406f,0.1326f,0.553f,0.0088f,0.9359f,0.3522f,0.733f,-0.1384f,0.35f,-0.9265f,-4.324f,0f,0f,0f,1f],start_interpolation: 0,interpolation_duration: 1}
$data merge entity $(bone_9) {transformation: [-0.9903f,-0.0364f,0.1338f,0.5394f,0.0088f,0.9465f,0.3226f,1.0914f,-0.1384f,0.3207f,-0.937f,-4.2035f,0f,0f,0f,1f],start_interpolation: 0,interpolation_duration: 1}
$data merge entity $(bone_bone12) {transformation: [-1.175f,0.9046f,0.1506f,0.5728f,0.9148f,1.0483f,0.3737f,1.551f,0.1802f,0.577f,-0.9152f,-4.4976f,0f,0f,0f,1f],start_interpolation: 0,interpolation_duration: 1}
$data merge entity $(bone_bone1) {transformation: [0.7934f,1.2472f,0.4446f,-0.1336f,-0.6051f,1.3795f,0.6499f,0.3216f,0.0658f,-2.354f,0.6164f,-3.6625f,0f,0f,0f,1f],start_interpolation: 0,interpolation_duration: 1}
$data merge entity $(bone_2) {transformation: [0.9609f,0.2642f,0.0831f,0.0872f,-0.2534f,0.7171f,0.6493f,0.8679f,0.1119f,-0.6449f,0.756f,-4.3213f,0f,0f,0f,1f],start_interpolation: 0,interpolation_duration: 1}
$data merge entity $(bone_bone2) {transformation: [1.9992f,0.0362f,-0.0207f,0.3087f,-0.0202f,1.8826f,0.3375f,0.7409f,0.0511f,-0.6742f,0.9411f,-4.2769f,0f,0f,0f,1f],start_interpolation: 0,interpolation_duration: 1}
$data merge entity $(bone_1) {transformation: [0.9609f,0.2762f,-0.0207f,0.1893f,-0.2534f,0.9066f,0.3375f,1.2009f,0.1119f,-0.319f,0.9411f,-4.4445f,0f,0f,0f,1f],start_interpolation: 0,interpolation_duration: 1}
$data merge entity $(bone_4) {transformation: [-0.9076f,0.1796f,0.3795f,1.0171f,-0.3082f,0.329f,-0.8926f,0.8776f,-0.2851f,-0.9271f,-0.2432f,-4.262f,0f,0f,0f,1f],start_interpolation: 0,interpolation_duration: 1}
$data merge entity $(bone_group5) {transformation: [-3.6304f,-0.4948f,1.511f,0.8904f,-1.2326f,2.4349f,-1.2118f,0.6763f,-1.1406f,-1.0567f,-3.4998f,-4.1004f,0f,0f,0f,1f],start_interpolation: 0,interpolation_duration: 1}
$data merge entity $(bone_group7) {transformation: [-3.6304f,-0.4948f,1.511f,0.8904f,-1.2326f,2.4349f,-1.2118f,0.6763f,-1.1406f,-1.0567f,-3.4998f,-4.1004f,0f,0f,0f,1f],start_interpolation: 0,interpolation_duration: 1}
$data merge entity $(bone_group6) {transformation: [-2.8966f,-2.2437f,1.511f,1.2648f,-2.2849f,1.4923f,-1.2118f,0.7231f,-0.4594f,-1.4854f,-3.4998f,-3.955f,0f,0f,0f,1f],start_interpolation: 0,interpolation_duration: 1}
$data merge entity $(bone_group8) {transformation: [-2.8966f,-2.2437f,1.511f,1.2648f,-2.2849f,1.4923f,-1.2118f,0.7231f,-0.4594f,-1.4854f,-3.4998f,-3.955f,0f,0f,0f,1f],start_interpolation: 0,interpolation_duration: 1}
$data merge entity $(bone_group9) {transformation: [-2.8966f,-2.2437f,1.511f,1.288f,-2.2849f,1.4923f,-1.2118f,0.609f,-0.4594f,-1.4854f,-3.4998f,-3.9055f,0f,0f,0f,1f],start_interpolation: 0,interpolation_duration: 1}
$data merge entity $(bone_group10) {transformation: [-2.8966f,-2.2437f,1.511f,1.288f,-2.2849f,1.4923f,-1.2118f,0.609f,-0.4594f,-1.4854f,-3.4998f,-3.9055f,0f,0f,0f,1f],start_interpolation: 0,interpolation_duration: 1}
$data merge entity $(bone_group11) {transformation: [-2.8966f,-2.2437f,1.511f,1.3111f,-2.2849f,1.4923f,-1.2118f,0.4948f,-0.4594f,-1.4854f,-3.4998f,-3.8559f,0f,0f,0f,1f],start_interpolation: 0,interpolation_duration: 1}
$data merge entity $(bone_group12) {transformation: [-2.8966f,-2.2437f,1.511f,1.3111f,-2.2849f,1.4923f,-1.2118f,0.4948f,-0.4594f,-1.4854f,-3.4998f,-3.8559f,0f,0f,0f,1f],start_interpolation: 0,interpolation_duration: 1}
$data merge entity $(bone_group13) {transformation: [-2.9673f,-1.4544f,0.6044f,1.1325f,-1.7902f,1.9886f,-0.4847f,0.7136f,-0.6613f,-1.3164f,-1.3999f,-4.0624f,0f,0f,0f,1f],start_interpolation: 0,interpolation_duration: 1}
$data merge entity $(bone_group14) {transformation: [-2.9673f,-1.4544f,0.6044f,1.1325f,-1.7902f,1.9886f,-0.4847f,0.7136f,-0.6613f,-1.3164f,-1.3999f,-4.0624f,0f,0f,0f,1f],start_interpolation: 0,interpolation_duration: 1}
$data merge entity $(bone_group15) {transformation: [-2.9011f,-1.5824f,0.6044f,1.1755f,-1.8753f,1.9086f,-0.4847f,0.6437f,-0.6032f,-1.344f,-1.3999f,-4.0196f,0f,0f,0f,1f],start_interpolation: 0,interpolation_duration: 1}
$data merge entity $(bone_group16) {transformation: [-2.9011f,-1.5824f,0.6044f,1.1755f,-1.8753f,1.9086f,-0.4847f,0.6437f,-0.6032f,-1.344f,-1.3999f,-4.0196f,0f,0f,0f,1f],start_interpolation: 0,interpolation_duration: 1}
$data merge entity $(bone_group17) {transformation: [-2.7521f,-1.8292f,0.6044f,1.2695f,-2.0345f,1.7379f,-0.4847f,0.5662f,-0.4838f,-1.3915f,-1.3999f,-3.9522f,0f,0f,0f,1f],start_interpolation: 0,interpolation_duration: 1}
$data merge entity $(bone_group18) {transformation: [-2.7521f,-1.8292f,0.6044f,1.2695f,-2.0345f,1.7379f,-0.4847f,0.5662f,-0.4838f,-1.3915f,-1.3999f,-3.9522f,0f,0f,0f,1f],start_interpolation: 0,interpolation_duration: 1}
$data merge entity $(bone_group19) {transformation: [-2.7521f,-1.8292f,0.6044f,1.2927f,-2.0345f,1.7379f,-0.4847f,0.4521f,-0.4838f,-1.3915f,-1.3999f,-3.9027f,0f,0f,0f,1f],start_interpolation: 0,interpolation_duration: 1}
$data merge entity $(bone_group20) {transformation: [-2.7521f,-1.8292f,0.6044f,1.2927f,-2.0345f,1.7379f,-0.4847f,0.4521f,-0.4838f,-1.3915f,-1.3999f,-3.9027f,0f,0f,0f,1f],start_interpolation: 0,interpolation_duration: 1}
$data merge entity $(bone_bone11) {transformation: [-0.81f,0.3262f,0.3777f,0.8463f,0.0916f,1.4213f,-0.3029f,0.9234f,-0.3814f,-0.3513f,-0.8749f,-4.3159f,0f,0f,0f,1f],start_interpolation: 0,interpolation_duration: 1}
$data merge entity $(bone_3) {transformation: [-0.9076f,-0.1832f,0.3777f,0.9509f,-0.3082f,0.9018f,-0.3029f,1.1548f,-0.2851f,-0.3914f,-0.8749f,-4.3508f,0f,0f,0f,1f],start_interpolation: 0,interpolation_duration: 1}
$data merge entity $(bone_8) {transformation: [-0.9606f,0.1028f,0.2581f,0.3878f,0.1035f,0.9946f,-0.011f,0.0551f,-0.2578f,0.0161f,-0.9661f,-4.3733f,0f,0f,0f,1f],start_interpolation: 0,interpolation_duration: 1}
$data merge entity $(bone_7) {transformation: [-0.9606f,0.1186f,0.2512f,0.4306f,0.1035f,0.992f,-0.0728f,0.4306f,-0.2578f,-0.0439f,-0.9652f,-4.382f,0f,0f,0f,1f],start_interpolation: 0,interpolation_duration: 1}