# This file was generated by Animated Java via MC-Build. It is not recommended to edit this file directly.
$data merge entity $(bone_layer) {transformation: [-0.8885f,-0.1656f,0.428f,0.5597f,0.0002f,0.9325f,0.3612f,1.2001f,-0.4589f,0.321f,-0.8285f,-4.3795f,0f,0f,0f,1f],start_interpolation: 0,interpolation_duration: 1}
$data merge entity $(bone_head) {transformation: [-0.8885f,-0.1656f,0.428f,0.5597f,0.0002f,0.9325f,0.3612f,1.2001f,-0.4589f,0.321f,-0.8285f,-4.3795f,0f,0f,0f,1f],start_interpolation: 0,interpolation_duration: 1}
$data merge entity $(bone_6) {transformation: [-0.9883f,-0.122f,-0.0913f,0.7261f,-0.1115f,0.9875f,-0.1117f,0.0741f,0.1038f,-0.1002f,-0.9895f,-4.2468f,0f,0f,0f,1f],start_interpolation: 0,interpolation_duration: 1}
$data merge entity $(bone_12) {transformation: [-0.9887f,-0.1324f,-0.0696f,0.6764f,-0.1094f,0.9574f,-0.2673f,0.4331f,0.102f,-0.2567f,-0.9611f,-4.3431f,0f,0f,0f,1f],start_interpolation: 0,interpolation_duration: 1}
$data merge entity $(bone_group3) {transformation: [1.1089f,-0.3474f,-0.2855f,-0.7619f,0.2909f,0.8242f,-0.3803f,1.3517f,0.5386f,0.2668f,0.8031f,-4.6153f,0f,0f,0f,1f],start_interpolation: 0,interpolation_duration: 1}
$data merge entity $(bone_group1) {transformation: [1.0993f,-0.3498f,-0.3178f,-0.7415f,0.2786f,0.8211f,-0.3959f,1.3618f,0.5638f,0.2731f,0.7834f,-4.6214f,0f,0f,0f,1f],start_interpolation: 0,interpolation_duration: 1}
$data merge entity $(bone_group4) {transformation: [1.0669f,-0.3435f,-0.2959f,-0.7509f,0.2779f,0.7944f,-0.3799f,1.3552f,0.5387f,0.2616f,0.7654f,-4.6221f,0f,0f,0f,1f],start_interpolation: 0,interpolation_duration: 1}
$data merge entity $(bone_group2) {transformation: [1.0743f,-0.3365f,-0.2765f,-0.7619f,0.2818f,0.7984f,-0.3684f,1.3517f,0.5218f,0.2585f,0.778f,-4.6153f,0f,0f,0f,1f],start_interpolation: 0,interpolation_duration: 1}
$data merge entity $(bone_10) {transformation: [-0.9989f,-0.0132f,0.0445f,0.5569f,0.0029f,0.9391f,0.3436f,0.7367f,-0.0463f,0.3433f,-0.9381f,-4.3046f,0f,0f,0f,1f],start_interpolation: 0,interpolation_duration: 1}
$data merge entity $(bone_9) {transformation: [-0.9989f,-0.012f,0.0448f,0.5524f,0.0029f,0.9483f,0.3172f,1.0955f,-0.0463f,0.317f,-0.9473f,-4.1855f,0f,0f,0f,1f],start_interpolation: 0,interpolation_duration: 1}
$data merge entity $(bone_bone12) {transformation: [-1.1627f,0.9408f,0.076f,0.5637f,0.911f,1.06f,0.363f,1.5508f,0.2608f,0.4913f,-0.9287f,-4.4859f,0f,0f,0f,1f],start_interpolation: 0,interpolation_duration: 1}
$data merge entity $(bone_bone1) {transformation: [0.7956f,1.0633f,0.4913f,-0.078f,-0.6058f,1.3656f,0.6526f,0.3241f,0.0076f,-2.4504f,0.5769f,-3.5877f,0f,0f,0f,1f],start_interpolation: 0,interpolation_duration: 1}
$data merge entity $(bone_2) {transformation: [0.9664f,0.2144f,0.1417f,0.0919f,-0.254f,0.7134f,0.6531f,0.8667f,0.0389f,-0.6671f,0.7439f,-4.2645f,0f,0f,0f,1f],start_interpolation: 0,interpolation_duration: 1}
$data merge entity $(bone_bone2) {transformation: [1.9975f,-0.0132f,0.0494f,0.3162f,-0.0204f,1.8863f,0.3323f,0.7402f,-0.0975f,-0.6647f,0.9419f,-4.2369f,0f,0f,0f,1f],start_interpolation: 0,interpolation_duration: 1}
$data merge entity $(bone_1) {transformation: [0.9664f,0.2521f,0.0494f,0.1849f,-0.254f,0.9083f,0.3323f,1.2011f,0.0389f,-0.3337f,0.9419f,-4.3926f,0f,0f,0f,1f],start_interpolation: 0,interpolation_duration: 1}
$data merge entity $(bone_4) {transformation: [-0.916f,0.083f,0.3925f,1.0277f,-0.3391f,0.3626f,-0.868f,0.8775f,-0.2144f,-0.9282f,-0.304f,-4.2833f,0f,0f,0f,1f],start_interpolation: 0,interpolation_duration: 1}
$data merge entity $(bone_group5) {transformation: [-3.6639f,-0.6737f,1.2568f,0.9227f,-1.3564f,2.43f,-1.0956f,0.6688f,-0.8577f,-0.9651f,-3.6359f,-4.1156f,0f,0f,0f,1f],start_interpolation: 0,interpolation_duration: 1}
$data merge entity $(bone_group7) {transformation: [-3.6639f,-0.6737f,1.2568f,0.9227f,-1.3564f,2.43f,-1.0956f,0.6688f,-0.8577f,-0.9651f,-3.6359f,-4.1156f,0f,0f,0f,1f],start_interpolation: 0,interpolation_duration: 1}
$data merge entity $(bone_group6) {transformation: [-2.8362f,-2.4154f,1.2568f,1.3059f,-2.3897f,1.4262f,-1.0956f,0.7281f,-0.2603f,-1.2646f,-3.6359f,-4.001f,0f,0f,0f,1f],start_interpolation: 0,interpolation_duration: 1}
$data merge entity $(bone_group8) {transformation: [-2.8362f,-2.4154f,1.2568f,1.3059f,-2.3897f,1.4262f,-1.0956f,0.7281f,-0.2603f,-1.2646f,-3.6359f,-4.001f,0f,0f,0f,1f],start_interpolation: 0,interpolation_duration: 1}
$data merge entity $(bone_group9) {transformation: [-2.8362f,-2.4154f,1.2568f,1.3375f,-2.3897f,1.4262f,-1.0956f,0.6142f,-0.2603f,-1.2646f,-3.6359f,-3.9558f,0f,0f,0f,1f],start_interpolation: 0,interpolation_duration: 1}
$data merge entity $(bone_group10) {transformation: [-2.8362f,-2.4154f,1.2568f,1.3375f,-2.3897f,1.4262f,-1.0956f,0.6142f,-0.2603f,-1.2646f,-3.6359f,-3.9558f,0f,0f,0f,1f],start_interpolation: 0,interpolation_duration: 1}
$data merge entity $(bone_group11) {transformation: [-2.8362f,-2.4154f,1.2568f,1.3691f,-2.3897f,1.4262f,-1.0956f,0.5003f,-0.2603f,-1.2646f,-3.6359f,-3.9105f,0f,0f,0f,1f],start_interpolation: 0,interpolation_duration: 1}
$data merge entity $(bone_group12) {transformation: [-2.8362f,-2.4154f,1.2568f,1.3691f,-2.3897f,1.4262f,-1.0956f,0.5003f,-0.2603f,-1.2646f,-3.6359f,-3.9105f,0f,0f,0f,1f],start_interpolation: 0,interpolation_duration: 1}
$data merge entity $(bone_group13) {transformation: [-2.9423f,-1.6341f,0.5027f,1.1656f,-1.895f,1.9504f,-0.4383f,0.7151f,-0.446f,-1.1525f,-1.4544f,-4.0972f,0f,0f,0f,1f],start_interpolation: 0,interpolation_duration: 1}
$data merge entity $(bone_group14) {transformation: [-2.9423f,-1.6341f,0.5027f,1.1656f,-1.895f,1.9504f,-0.4383f,0.7151f,-0.446f,-1.1525f,-1.4544f,-4.0972f,0f,0f,0f,1f],start_interpolation: 0,interpolation_duration: 1}
$data merge entity $(bone_group15) {transformation: [-2.8683f,-1.7609f,0.5027f,1.2146f,-1.9783f,1.8659f,-0.4383f,0.6462f,-0.3953f,-1.1709f,-1.4544f,-4.0595f,0f,0f,0f,1f],start_interpolation: 0,interpolation_duration: 1}
$data merge entity $(bone_group16) {transformation: [-2.8683f,-1.7609f,0.5027f,1.2146f,-1.9783f,1.8659f,-0.4383f,0.6462f,-0.3953f,-1.1709f,-1.4544f,-4.0595f,0f,0f,0f,1f],start_interpolation: 0,interpolation_duration: 1}
$data merge entity $(bone_group17) {transformation: [-2.7039f,-2.0042f,0.5027f,1.3168f,-2.1334f,1.6864f,-0.4383f,0.5715f,-0.2917f,-1.2009f,-1.4544f,-4.0016f,0f,0f,0f,1f],start_interpolation: 0,interpolation_duration: 1}
$data merge entity $(bone_group18) {transformation: [-2.7039f,-2.0042f,0.5027f,1.3168f,-2.1334f,1.6864f,-0.4383f,0.5715f,-0.2917f,-1.2009f,-1.4544f,-4.0016f,0f,0f,0f,1f],start_interpolation: 0,interpolation_duration: 1}
$data merge entity $(bone_group19) {transformation: [-2.7039f,-2.0042f,0.5027f,1.3484f,-2.1334f,1.6864f,-0.4383f,0.4576f,-0.2917f,-1.2009f,-1.4544f,-3.9564f,0f,0f,0f,1f],start_interpolation: 0,interpolation_duration: 1}
$data merge entity $(bone_group20) {transformation: [-2.7039f,-2.0042f,0.5027f,1.3484f,-2.1334f,1.6864f,-0.4383f,0.4576f,-0.2917f,-1.2009f,-1.4544f,-3.9564f,0f,0f,0f,1f],start_interpolation: 0,interpolation_duration: 1}
$data merge entity $(bone_bone11) {transformation: [-0.8421f,0.2415f,0.3142f,0.8513f,0.0657f,1.4385f,-0.2739f,0.9175f,-0.3109f,-0.35f,-0.909f,-4.3219f,0f,0f,0f,1f],start_interpolation: 0,interpolation_duration: 1}
$data merge entity $(bone_3) {transformation: [-0.916f,-0.2495f,0.3142f,0.9438f,-0.3391f,0.9f,-0.2739f,1.1532f,-0.2144f,-0.3574f,-0.909f,-4.361f,0f,0f,0f,1f],start_interpolation: 0,interpolation_duration: 1}
$data merge entity $(bone_8) {transformation: [-0.9794f,0.1052f,0.1723f,0.383f,0.1058f,0.9944f,-0.0058f,0.0609f,-0.172f,0.0125f,-0.985f,-4.3233f,0f,0f,0f,1f],start_interpolation: 0,interpolation_duration: 1}
$data merge entity $(bone_7) {transformation: [-0.9794f,0.1233f,0.1599f,0.4283f,0.1058f,0.9879f,-0.1135f,0.4331f,-0.172f,-0.0943f,-0.9806f,-4.3524f,0f,0f,0f,1f],start_interpolation: 0,interpolation_duration: 1}