# This file was generated by Animated Java via MC-Build. It is not recommended to edit this file directly.
$data merge entity $(bone_layer) {transformation: [-0.9239f,-0.1464f,0.3536f,0.5625f,0f,0.9239f,0.3827f,1.2031f,-0.3827f,0.3536f,-0.8536f,-4.1875f,0f,0f,0f,1f],start_interpolation: 0,interpolation_duration: 1}
$data merge entity $(bone_head) {transformation: [-0.9239f,-0.1464f,0.3536f,0.5625f,0f,0.9239f,0.3827f,1.2031f,-0.3827f,0.3536f,-0.8536f,-4.1875f,0f,0f,0f,1f],start_interpolation: 0,interpolation_duration: 1}
$data merge entity $(bone_6) {transformation: [-0.9859f,-0.108f,-0.1276f,0.7295f,-0.1069f,0.9941f,-0.0153f,0.087f,0.1285f,-0.0015f,-0.9917f,-4.1224f,0f,0f,0f,1f],start_interpolation: 0,interpolation_duration: 1}
$data merge entity $(bone_12) {transformation: [-0.9859f,-0.1285f,-0.1069f,0.6813f,-0.1069f,0.9764f,-0.1877f,0.4531f,0.1285f,-0.1736f,-0.9764f,-4.1875f,0f,0f,0f,1f],start_interpolation: 0,interpolation_duration: 1}
$data merge entity $(bone_group3) {transformation: [1.1042f,-0.3617f,-0.2797f,-0.7558f,0.313f,0.8177f,-0.3864f,1.3412f,0.5358f,0.2677f,0.8022f,-4.4361f,0f,0f,0f,1f],start_interpolation: 0,interpolation_duration: 1}
$data merge entity $(bone_group1) {transformation: [1.1042f,-0.3617f,-0.2797f,-0.7558f,0.313f,0.8177f,-0.3864f,1.3412f,0.5358f,0.2677f,0.8022f,-4.4361f,0f,0f,0f,1f],start_interpolation: 0,interpolation_duration: 1}
$data merge entity $(bone_group4) {transformation: [1.0697f,-0.3504f,-0.271f,-0.7558f,0.3033f,0.7921f,-0.3744f,1.3412f,0.5191f,0.2594f,0.7771f,-4.4361f,0f,0f,0f,1f],start_interpolation: 0,interpolation_duration: 1}
$data merge entity $(bone_group2) {transformation: [1.0697f,-0.3504f,-0.271f,-0.7558f,0.3033f,0.7921f,-0.3744f,1.3412f,0.5191f,0.2594f,0.7771f,-4.4361f,0f,0f,0f,1f],start_interpolation: 0,interpolation_duration: 1}
$data merge entity $(bone_10) {transformation: [-1f,0f,0f,0.5625f,0f,0.9346f,0.3556f,0.7539f,0f,0.3556f,-0.9346f,-4.1383f,0f,0f,0f,1f],start_interpolation: 0,interpolation_duration: 1}
$data merge entity $(bone_9) {transformation: [-1f,0f,0f,0.5625f,0f,0.9346f,0.3556f,1.1044f,0f,0.3556f,-0.9346f,-4.005f,0f,0f,0f,1f],start_interpolation: 0,interpolation_duration: 1}
$data merge entity $(bone_bone12) {transformation: [-1.19f,0.9131f,0f,0.5625f,0.8535f,1.1122f,0.3556f,1.552f,0.3247f,0.4232f,-0.9346f,-4.3028f,0f,0f,0f,1f],start_interpolation: 0,interpolation_duration: 1}
$data merge entity $(bone_bone1) {transformation: [0.792f,0.9419f,0.5235f,-0.0423f,-0.6104f,1.2532f,0.673f,0.3454f,-0.0074f,-2.5578f,0.5225f,-3.3676f,0f,0f,0f,1f],start_interpolation: 0,interpolation_duration: 1}
$data merge entity $(bone_2) {transformation: [0.9659f,0.183f,0.183f,0.0949f,-0.2588f,0.683f,0.683f,0.8577f,0f,-0.7071f,0.7071f,-4.0747f,0f,0f,0f,1f],start_interpolation: 0,interpolation_duration: 1}
$data merge entity $(bone_bone2) {transformation: [1.9938f,-0.0231f,0.0778f,0.321f,-0.0231f,1.9136f,0.2905f,0.7354f,-0.1557f,-0.5809f,0.9537f,-4.0559f,0f,0f,0f,1f],start_interpolation: 0,interpolation_duration: 1}
$data merge entity $(bone_1) {transformation: [0.9659f,0.2468f,0.0778f,0.1875f,-0.2588f,0.9212f,0.2905f,1.2031f,0f,-0.3007f,0.9537f,-4.1875f,0f,0f,0f,1f],start_interpolation: 0,interpolation_duration: 1}
$data merge entity $(bone_4) {transformation: [-0.9132f,0.0058f,0.4074f,1.0374f,-0.37f,0.407f,-0.8351f,0.8816f,-0.1706f,-0.9134f,-0.3696f,-4.1265f,0f,0f,0f,1f],start_interpolation: 0,interpolation_duration: 1}
$data merge entity $(bone_group5) {transformation: [-3.653f,-0.8325f,1.0652f,0.952f,-1.4798f,2.4337f,-0.9001f,0.6623f,-0.6826f,-0.8209f,-3.749f,-3.9613f,0f,0f,0f,1f],start_interpolation: 0,interpolation_duration: 1}
$data merge entity $(bone_group7) {transformation: [-3.653f,-0.8325f,1.0652f,0.952f,-1.4798f,2.4337f,-0.9001f,0.6623f,-0.6826f,-0.8209f,-3.749f,-3.9613f,0f,0f,0f,1f],start_interpolation: 0,interpolation_duration: 1}
$data merge entity $(bone_group6) {transformation: [-2.7473f,-2.5475f,1.0652f,1.339f,-2.4984f,1.3678f,-0.9001f,0.7337f,-0.1807f,-1.0522f,-3.749f,-3.8685f,0f,0f,0f,1f],start_interpolation: 0,interpolation_duration: 1}
$data merge entity $(bone_group8) {transformation: [-2.7473f,-2.5475f,1.0652f,1.339f,-2.4984f,1.3678f,-0.9001f,0.7337f,-0.1807f,-1.0522f,-3.749f,-3.8685f,0f,0f,0f,1f],start_interpolation: 0,interpolation_duration: 1}
$data merge entity $(bone_group9) {transformation: [-2.7473f,-2.5475f,1.0652f,1.378f,-2.4984f,1.3678f,-0.9001f,0.6196f,-0.1807f,-1.0522f,-3.749f,-3.83f,0f,0f,0f,1f],start_interpolation: 0,interpolation_duration: 1}
$data merge entity $(bone_group10) {transformation: [-2.7473f,-2.5475f,1.0652f,1.378f,-2.4984f,1.3678f,-0.9001f,0.6196f,-0.1807f,-1.0522f,-3.749f,-3.83f,0f,0f,0f,1f],start_interpolation: 0,interpolation_duration: 1}
$data merge entity $(bone_group11) {transformation: [-2.7473f,-2.5475f,1.0652f,1.417f,-2.4984f,1.3678f,-0.9001f,0.5055f,-0.1807f,-1.0522f,-3.749f,-3.7915f,0f,0f,0f,1f],start_interpolation: 0,interpolation_duration: 1}
$data merge entity $(bone_group12) {transformation: [-2.7473f,-2.5475f,1.0652f,1.417f,-2.4984f,1.3678f,-0.9001f,0.5055f,-0.1807f,-1.0522f,-3.749f,-3.7915f,0f,0f,0f,1f],start_interpolation: 0,interpolation_duration: 1}
$data merge entity $(bone_group13) {transformation: [-2.8852f,-1.7826f,0.4261f,1.1934f,-2.002f,1.9206f,-0.36f,0.7183f,-0.3391f,-0.9676f,-1.4996f,-3.9562f,0f,0f,0f,1f],start_interpolation: 0,interpolation_duration: 1}
$data merge entity $(bone_group14) {transformation: [-2.8852f,-1.7826f,0.4261f,1.1934f,-2.002f,1.9206f,-0.36f,0.7183f,-0.3391f,-0.9676f,-1.4996f,-3.9562f,0f,0f,0f,1f],start_interpolation: 0,interpolation_duration: 1}
$data merge entity $(bone_group15) {transformation: [-2.8047f,-1.9068f,0.4261f,1.2475f,-2.0839f,1.8314f,-0.36f,0.6502f,-0.2965f,-0.9815f,-1.4996f,-3.9245f,0f,0f,0f,1f],start_interpolation: 0,interpolation_duration: 1}
$data merge entity $(bone_group16) {transformation: [-2.8047f,-1.9068f,0.4261f,1.2475f,-2.0839f,1.8314f,-0.36f,0.6502f,-0.2965f,-0.9815f,-1.4996f,-3.9245f,0f,0f,0f,1f],start_interpolation: 0,interpolation_duration: 1}
$data merge entity $(bone_group17) {transformation: [-2.6278f,-2.144f,0.4261f,1.3562f,-2.2356f,1.6429f,-0.36f,0.5778f,-0.2099f,-1.0036f,-1.4996f,-3.8762f,0f,0f,0f,1f],start_interpolation: 0,interpolation_duration: 1}
$data merge entity $(bone_group18) {transformation: [-2.6278f,-2.144f,0.4261f,1.3562f,-2.2356f,1.6429f,-0.36f,0.5778f,-0.2099f,-1.0036f,-1.4996f,-3.8762f,0f,0f,0f,1f],start_interpolation: 0,interpolation_duration: 1}
$data merge entity $(bone_group19) {transformation: [-2.6278f,-2.144f,0.4261f,1.3952f,-2.2356f,1.6429f,-0.36f,0.4637f,-0.2099f,-1.0036f,-1.4996f,-3.8377f,0f,0f,0f,1f],start_interpolation: 0,interpolation_duration: 1}
$data merge entity $(bone_group20) {transformation: [-2.6278f,-2.144f,0.4261f,1.3952f,-2.2356f,1.6429f,-0.36f,0.4637f,-0.2099f,-1.0036f,-1.4996f,-3.8377f,0f,0f,0f,1f],start_interpolation: 0,interpolation_duration: 1}
$data merge entity $(bone_bone11) {transformation: [-0.8622f,0.1597f,0.2663f,0.8574f,0.0411f,1.4599f,-0.225f,0.9154f,-0.2548f,-0.3051f,-0.9373f,-4.1524f,0f,0f,0f,1f],start_interpolation: 0,interpolation_duration: 1}
$data merge entity $(bone_3) {transformation: [-0.9132f,-0.3083f,0.2663f,0.9375f,-0.37f,0.9014f,-0.225f,1.1563f,-0.1706f,-0.304f,-0.9373f,-4.1875f,0f,0f,0f,1f],start_interpolation: 0,interpolation_duration: 1}
$data merge entity $(bone_8) {transformation: [-0.9859f,0.1024f,0.1322f,0.383f,0.1069f,0.9939f,0.0281f,0.087f,-0.1285f,0.0418f,-0.9908f,-4.1224f,0f,0f,0f,1f],start_interpolation: 0,interpolation_duration: 1}
$data merge entity $(bone_7) {transformation: [-0.9859f,0.1285f,0.1069f,0.4313f,0.1069f,0.9764f,-0.1877f,0.4531f,-0.1285f,-0.1736f,-0.9764f,-4.1875f,0f,0f,0f,1f],start_interpolation: 0,interpolation_duration: 1}