# This file was generated by Animated Java via MC-Build. It is not recommended to edit this file directly.
$data merge entity $(bone_layer) {transformation: [-0.9679f,-0.1197f,0.221f,0.581f,0.0003f,0.8788f,0.4773f,1.217f,-0.2514f,0.462f,-0.8505f,-3.2986f,0f,0f,0f,1f],start_interpolation: 0,interpolation_duration: 1}
$data merge entity $(bone_head) {transformation: [-0.9679f,-0.1197f,0.221f,0.581f,0.0003f,0.8788f,0.4773f,1.217f,-0.2514f,0.462f,-0.8505f,-3.2986f,0f,0f,0f,1f],start_interpolation: 0,interpolation_duration: 1}
$data merge entity $(bone_6) {transformation: [-0.9945f,-0.0492f,-0.0927f,0.724f,-0.0757f,0.948f,0.309f,0.1755f,0.0727f,0.3143f,-0.9465f,-3.5012f,0f,0f,0f,1f],start_interpolation: 0,interpolation_duration: 1}
$data merge entity $(bone_12) {transformation: [-0.9945f,-0.0645f,-0.0828f,0.6998f,-0.0757f,0.9873f,0.1397f,0.5457f,0.0727f,0.1452f,-0.9867f,-3.4468f,0f,0f,0f,1f],start_interpolation: 0,interpolation_duration: 1}
$data merge entity $(bone_group3) {transformation: [0.9513f,-0.4607f,-0.4093f,-0.6724f,0.3531f,0.7831f,-0.436f,1.3656f,0.7582f,0.2134f,0.7166f,-3.8656f,0f,0f,0f,1f],start_interpolation: 0,interpolation_duration: 1}
$data merge entity $(bone_group1) {transformation: [0.9513f,-0.4607f,-0.4093f,-0.6724f,0.3531f,0.7831f,-0.436f,1.3656f,0.7582f,0.2134f,0.7166f,-3.8656f,0f,0f,0f,1f],start_interpolation: 0,interpolation_duration: 1}
$data merge entity $(bone_group4) {transformation: [0.9216f,-0.4463f,-0.3965f,-0.6724f,0.342f,0.7587f,-0.4224f,1.3656f,0.7345f,0.2067f,0.6942f,-3.8656f,0f,0f,0f,1f],start_interpolation: 0,interpolation_duration: 1}
$data merge entity $(bone_group2) {transformation: [0.9216f,-0.4463f,-0.3965f,-0.6724f,0.342f,0.7587f,-0.4224f,1.3656f,0.7345f,0.2067f,0.6942f,-3.8656f,0f,0f,0f,1f],start_interpolation: 0,interpolation_duration: 1}
$data merge entity $(bone_10) {transformation: [-1f,0f,0f,0.581f,0f,0.9006f,0.4347f,0.838f,0f,0.4347f,-0.9006f,-3.357f,0f,0f,0f,1f],start_interpolation: 0,interpolation_duration: 1}
$data merge entity $(bone_9) {transformation: [-1f,0f,0f,0.581f,0f,0.837f,0.5472f,1.1383f,0f,0.5472f,-0.837f,-3.1563f,0f,0f,0f,1f],start_interpolation: 0,interpolation_duration: 1}
$data merge entity $(bone_bone12) {transformation: [-1.3394f,0.6457f,-0.1318f,0.581f,0.5645f,1.3117f,0.3061f,1.5665f,0.3706f,0.3355f,-0.9428f,-3.4433f,0f,0f,0f,1f],start_interpolation: 0,interpolation_duration: 1}
$data merge entity $(bone_bone1) {transformation: [0.7802f,0.7859f,0.568f,-0.0029f,-0.6227f,0.7142f,0.7454f,0.4663f,0.06f,-2.8057f,0.3489f,-2.4885f,0f,0f,0f,1f],start_interpolation: 0,interpolation_duration: 1}
$data merge entity $(bone_2) {transformation: [0.9596f,0.1453f,0.241f,0.0941f,-0.2812f,0.5299f,0.8001f,0.8299f,-0.0114f,-0.8355f,0.5493f,-3.2883f,0f,0f,0f,1f],start_interpolation: 0,interpolation_duration: 1}
$data merge entity $(bone_bone2) {transformation: [1.9981f,0.042f,0.0377f,0.3239f,-0.0485f,1.9916f,0.0884f,0.724f,-0.0715f,-0.1784f,0.9954f,-3.2644f,0f,0f,0f,1f],start_interpolation: 0,interpolation_duration: 1}
$data merge entity $(bone_1) {transformation: [0.9596f,0.2788f,0.0377f,0.206f,-0.2812f,0.9556f,0.0884f,1.2124f,-0.0114f,-0.0954f,0.9954f,-3.3032f,0f,0f,0f,1f],start_interpolation: 0,interpolation_duration: 1}
$data merge entity $(bone_4) {transformation: [-0.8862f,-0.1434f,0.4406f,1.0612f,-0.4452f,0.5269f,-0.724f,0.9076f,-0.1283f,-0.8377f,-0.5308f,-3.2994f,0f,0f,0f,1f],start_interpolation: 0,interpolation_duration: 1}
$data merge entity $(bone_group5) {transformation: [-3.5448f,-1.1601f,0.6933f,1.0182f,-1.7808f,2.4119f,-0.2469f,0.6593f,-0.5133f,-0.356f,-3.9317f,-3.161f,0f,0f,0f,1f],start_interpolation: 0,interpolation_duration: 1}
$data merge entity $(bone_group7) {transformation: [-3.5448f,-1.1601f,0.6933f,1.0182f,-1.7808f,2.4119f,-0.2469f,0.6593f,-0.5133f,-0.356f,-3.9317f,-3.161f,0f,0f,0f,1f],start_interpolation: 0,interpolation_duration: 1}
$data merge entity $(bone_group6) {transformation: [-2.4898f,-2.7771f,0.6933f,1.4046f,-2.7481f,1.1984f,-0.2469f,0.7611f,-0.2665f,-0.565f,-3.9317f,-3.0992f,0f,0f,0f,1f],start_interpolation: 0,interpolation_duration: 1}
$data merge entity $(bone_group8) {transformation: [-2.4898f,-2.7771f,0.6933f,1.4046f,-2.7481f,1.1984f,-0.2469f,0.7611f,-0.2665f,-0.565f,-3.9317f,-3.0992f,0f,0f,0f,1f],start_interpolation: 0,interpolation_duration: 1}
$data merge entity $(bone_group9) {transformation: [-2.4898f,-2.7771f,0.6933f,1.4589f,-2.7481f,1.1984f,-0.2469f,0.648f,-0.2665f,-0.565f,-3.9317f,-3.0825f,0f,0f,0f,1f],start_interpolation: 0,interpolation_duration: 1}
$data merge entity $(bone_group10) {transformation: [-2.4898f,-2.7771f,0.6933f,1.4589f,-2.7481f,1.1984f,-0.2469f,0.648f,-0.2665f,-0.565f,-3.9317f,-3.0825f,0f,0f,0f,1f],start_interpolation: 0,interpolation_duration: 1}
$data merge entity $(bone_group11) {transformation: [-2.4898f,-2.7771f,0.6933f,1.5133f,-2.7481f,1.1984f,-0.2469f,0.535f,-0.2665f,-0.565f,-3.9317f,-3.0659f,0f,0f,0f,1f],start_interpolation: 0,interpolation_duration: 1}
$data merge entity $(bone_group12) {transformation: [-2.4898f,-2.7771f,0.6933f,1.5133f,-2.7481f,1.1984f,-0.2469f,0.535f,-0.2665f,-0.565f,-3.9317f,-3.0659f,0f,0f,0f,1f],start_interpolation: 0,interpolation_duration: 1}
$data merge entity $(bone_group13) {transformation: [-2.6938f,-2.0658f,0.2773f,1.2518f,-2.2538f,1.8184f,-0.0988f,0.7414f,-0.3335f,-0.4785f,-1.5727f,-3.1726f,0f,0f,0f,1f],start_interpolation: 0,interpolation_duration: 1}
$data merge entity $(bone_group14) {transformation: [-2.6938f,-2.0658f,0.2773f,1.2518f,-2.2538f,1.8184f,-0.0988f,0.7414f,-0.3335f,-0.4785f,-1.5727f,-3.1726f,0f,0f,0f,1f],start_interpolation: 0,interpolation_duration: 1}
$data merge entity $(bone_group15) {transformation: [-2.6011f,-2.1813f,0.2773f,1.3157f,-2.331f,1.7183f,-0.0988f,0.6762f,-0.3123f,-0.4926f,-1.5727f,-3.1573f,0f,0f,0f,1f],start_interpolation: 0,interpolation_duration: 1}
$data merge entity $(bone_group16) {transformation: [-2.6011f,-2.1813f,0.2773f,1.3157f,-2.331f,1.7183f,-0.0988f,0.6762f,-0.3123f,-0.4926f,-1.5727f,-3.1573f,0f,0f,0f,1f],start_interpolation: 0,interpolation_duration: 1}
$data merge entity $(bone_group17) {transformation: [-2.4011f,-2.3997f,0.2773f,1.436f,-2.4718f,1.5086f,-0.0988f,0.6108f,-0.2682f,-0.5179f,-1.5727f,-3.1319f,0f,0f,0f,1f],start_interpolation: 0,interpolation_duration: 1}
$data merge entity $(bone_group18) {transformation: [-2.4011f,-2.3997f,0.2773f,1.436f,-2.4718f,1.5086f,-0.0988f,0.6108f,-0.2682f,-0.5179f,-1.5727f,-3.1319f,0f,0f,0f,1f],start_interpolation: 0,interpolation_duration: 1}
$data merge entity $(bone_group19) {transformation: [-2.4011f,-2.3997f,0.2773f,1.4904f,-2.4718f,1.5086f,-0.0988f,0.4978f,-0.2682f,-0.5179f,-1.5727f,-3.1153f,0f,0f,0f,1f],start_interpolation: 0,interpolation_duration: 1}
$data merge entity $(bone_group20) {transformation: [-2.4011f,-2.3997f,0.2773f,1.4904f,-2.4718f,1.5086f,-0.0988f,0.4978f,-0.2682f,-0.5179f,-1.5727f,-3.1153f,0f,0f,0f,1f],start_interpolation: 0,interpolation_duration: 1}
$data merge entity $(bone_bone11) {transformation: [-0.8863f,-0.0223f,0.1733f,0.877f,-0.0234f,1.4966f,-0.0617f,0.9238f,-0.1548f,-0.0979f,-0.9829f,-3.3011f,0f,0f,0f,1f],start_interpolation: 0,interpolation_duration: 1}
$data merge entity $(bone_3) {transformation: [-0.8862f,-0.4297f,0.1733f,0.9282f,-0.4452f,0.8933f,-0.0617f,1.1748f,-0.1283f,-0.1319f,-0.9829f,-3.3079f,0f,0f,0f,1f],start_interpolation: 0,interpolation_duration: 1}
$data merge entity $(bone_8) {transformation: [-0.9859f,0.0807f,0.1465f,0.3907f,0.1069f,0.9776f,0.1813f,0.2242f,-0.1285f,0.1944f,-0.9725f,-3.261f,0f,0f,0f,1f],start_interpolation: 0,interpolation_duration: 1}
$data merge entity $(bone_7) {transformation: [-0.9859f,0.1525f,0.0685f,0.4498f,0.1069f,0.8903f,-0.4427f,0.5457f,-0.1285f,-0.4291f,-0.8941f,-3.4468f,0f,0f,0f,1f],start_interpolation: 0,interpolation_duration: 1}