# This file was generated by Animated Java via MC-Build. It is not recommended to edit this file directly.
$data merge entity $(bone_layer) {transformation: [-0.998f,-0.0373f,0.0513f,0.6065f,0.0008f,0.801f,0.5987f,1.2361f,-0.0634f,0.5975f,-0.7994f,-2.0764f,0f,0f,0f,1f],start_interpolation: 0,interpolation_duration: 1}
$data merge entity $(bone_head) {transformation: [-0.998f,-0.0373f,0.0513f,0.6065f,0.0008f,0.801f,0.5987f,1.2361f,-0.0634f,0.5975f,-0.7994f,-2.0764f,0f,0f,0f,1f],start_interpolation: 0,interpolation_duration: 1}
$data merge entity $(bone_6) {transformation: [-0.9995f,-0.026f,-0.0188f,0.7361f,-0.0318f,0.7219f,0.6912f,0.3614f,-0.0044f,0.6915f,-0.7224f,-2.6366f,0f,0f,0f,1f],start_interpolation: 0,interpolation_duration: 1}
$data merge entity $(bone_12) {transformation: [-0.9995f,-0.0289f,-0.014f,0.7252f,-0.0318f,0.831f,0.5554f,0.673f,-0.0044f,0.5555f,-0.8315f,-2.4282f,0f,0f,0f,1f],start_interpolation: 0,interpolation_duration: 1}
$data merge entity $(bone_group3) {transformation: [0.6909f,-0.5394f,-0.5665f,-0.4706f,0.2845f,0.7453f,-0.5213f,1.5312f,1.0228f,0.1571f,0.5277f,-2.9968f,0f,0f,0f,1f],start_interpolation: 0,interpolation_duration: 1}
$data merge entity $(bone_group1) {transformation: [0.6909f,-0.5394f,-0.5665f,-0.4706f,0.2845f,0.7453f,-0.5213f,1.5312f,1.0228f,0.1571f,0.5277f,-2.9968f,0f,0f,0f,1f],start_interpolation: 0,interpolation_duration: 1}
$data merge entity $(bone_group4) {transformation: [0.6693f,-0.5226f,-0.5488f,-0.4706f,0.2756f,0.722f,-0.505f,1.5312f,0.9909f,0.1522f,0.5112f,-2.9968f,0f,0f,0f,1f],start_interpolation: 0,interpolation_duration: 1}
$data merge entity $(bone_group2) {transformation: [0.6693f,-0.5226f,-0.5488f,-0.4706f,0.2756f,0.722f,-0.505f,1.5312f,0.9909f,0.1522f,0.5112f,-2.9968f,0f,0f,0f,1f],start_interpolation: 0,interpolation_duration: 1}
$data merge entity $(bone_10) {transformation: [-1f,0f,0f,0.6065f,0f,0.8428f,0.5382f,0.9725f,0f,0.5382f,-0.8428f,-2.2576f,0f,0f,0f,1f],start_interpolation: 0,interpolation_duration: 1}
$data merge entity $(bone_9) {transformation: [-1f,0f,0f,0.6065f,0f,0.6407f,0.7678f,1.1849f,0f,0.7678f,-0.6407f,-1.9893f,0f,0f,0f,1f],start_interpolation: 0,interpolation_duration: 1}
$data merge entity $(bone_bone12) {transformation: [-1.4673f,0.2359f,-0.1355f,0.6065f,0.1973f,1.4618f,0.1817f,1.6194f,0.241f,0.2399f,-0.974f,-2.2887f,0f,0f,0f,1f],start_interpolation: 0,interpolation_duration: 1}
$data merge entity $(bone_bone1) {transformation: [0.7737f,0.5146f,0.6099f,0.0774f,-0.6165f,-0.0527f,0.7871f,0.6914f,0.1457f,-2.9551f,0.0922f,-1.354f,0f,0f,0f,1f],start_interpolation: 0,interpolation_duration: 1}
$data merge entity $(bone_2) {transformation: [0.9498f,0.0693f,0.305f,0.0999f,-0.3115f,0.2942f,0.9035f,0.8359f,-0.0271f,-0.9532f,0.3011f,-2.2257f,0f,0f,0f,1f],start_interpolation: 0,interpolation_duration: 1}
$data merge entity $(bone_bone2) {transformation: [1.9958f,0.1085f,-0.0359f,0.333f,-0.1204f,1.958f,-0.1949f,0.7403f,0.0492f,0.3932f,0.9802f,-2.18f,0f,0f,0f,1f],start_interpolation: 0,interpolation_duration: 1}
$data merge entity $(bone_1) {transformation: [0.9498f,0.3107f,-0.0359f,0.2315f,-0.3115f,0.93f,-0.1949f,1.2251f,-0.0271f,0.1963f,0.9802f,-2.0874f,0f,0f,0f,1f],start_interpolation: 0,interpolation_duration: 1}
$data merge entity $(bone_4) {transformation: [-0.8364f,-0.3555f,0.4172f,1.0781f,-0.5437f,0.635f,-0.5488f,0.9584f,-0.0698f,-0.6859f,-0.7244f,-2.1632f,0f,0f,0f,1f],start_interpolation: 0,interpolation_duration: 1}
$data merge entity $(bone_group5) {transformation: [-3.3455f,-1.48f,-0.0168f,1.0906f,-2.1748f,2.2372f,0.5345f,0.6865f,-0.2791f,0.3079f,-3.9641f,-2.0705f,0f,0f,0f,1f],start_interpolation: 0,interpolation_duration: 1}
$data merge entity $(bone_group7) {transformation: [-3.3455f,-1.48f,-0.0168f,1.0906f,-2.1748f,2.2372f,0.5345f,0.6865f,-0.2791f,0.3079f,-3.9641f,-2.0705f,0f,0f,0f,1f],start_interpolation: 0,interpolation_duration: 1}
$data merge entity $(bone_group6) {transformation: [-2.1573f,-2.9544f,-0.0168f,1.4671f,-3.002f,0.8501f,0.5345f,0.8326f,-0.3956f,0.1271f,-3.9641f,-2.0524f,0f,0f,0f,1f],start_interpolation: 0,interpolation_duration: 1}
$data merge entity $(bone_group8) {transformation: [-2.1573f,-2.9544f,-0.0168f,1.4671f,-3.002f,0.8501f,0.5345f,0.8326f,-0.3956f,0.1271f,-3.9641f,-2.0524f,0f,0f,0f,1f],start_interpolation: 0,interpolation_duration: 1}
$data merge entity $(bone_group9) {transformation: [-2.1573f,-2.9544f,-0.0168f,1.5365f,-3.002f,0.8501f,0.5345f,0.7278f,-0.3956f,0.1271f,-3.9641f,-2.0668f,0f,0f,0f,1f],start_interpolation: 0,interpolation_duration: 1}
$data merge entity $(bone_group10) {transformation: [-2.1573f,-2.9544f,-0.0168f,1.5365f,-3.002f,0.8501f,0.5345f,0.7278f,-0.3956f,0.1271f,-3.9641f,-2.0668f,0f,0f,0f,1f],start_interpolation: 0,interpolation_duration: 1}
$data merge entity $(bone_group11) {transformation: [-2.1573f,-2.9544f,-0.0168f,1.6059f,-3.002f,0.8501f,0.5345f,0.6229f,-0.3956f,0.1271f,-3.9641f,-2.0813f,0f,0f,0f,1f],start_interpolation: 0,interpolation_duration: 1}
$data merge entity $(bone_group12) {transformation: [-2.1573f,-2.9544f,-0.0168f,1.6059f,-3.002f,0.8501f,0.5345f,0.6229f,-0.3956f,0.1271f,-3.9641f,-2.0813f,0f,0f,0f,1f],start_interpolation: 0,interpolation_duration: 1}
$data merge entity $(bone_group13) {transformation: [-2.4266f,-2.3169f,-0.0067f,1.3068f,-2.5394f,1.5451f,0.2138f,0.8032f,-0.3321f,0.2181f,-1.5856f,-2.103f,0f,0f,0f,1f],start_interpolation: 0,interpolation_duration: 1}
$data merge entity $(bone_group14) {transformation: [-2.4266f,-2.3169f,-0.0067f,1.3068f,-2.5394f,1.5451f,0.2138f,0.8032f,-0.3321f,0.2181f,-1.5856f,-2.103f,0f,0f,0f,1f],start_interpolation: 0,interpolation_duration: 1}
$data merge entity $(bone_group15) {transformation: [-2.3232f,-2.4205f,-0.0067f,1.3797f,-2.6044f,1.4328f,0.2138f,0.7467f,-0.3413f,0.2034f,-1.5856f,-2.1109f,0f,0f,0f,1f],start_interpolation: 0,interpolation_duration: 1}
$data merge entity $(bone_group16) {transformation: [-2.3232f,-2.4205f,-0.0067f,1.3797f,-2.6044f,1.4328f,0.2138f,0.7467f,-0.3413f,0.2034f,-1.5856f,-2.1109f,0f,0f,0f,1f],start_interpolation: 0,interpolation_duration: 1}
$data merge entity $(bone_group17) {transformation: [-2.1034f,-2.6138f,-0.0067f,1.5094f,-2.7194f,1.2004f,0.2138f,0.6966f,-0.3578f,0.1729f,-1.5856f,-2.1182f,0f,0f,0f,1f],start_interpolation: 0,interpolation_duration: 1}
$data merge entity $(bone_group18) {transformation: [-2.1034f,-2.6138f,-0.0067f,1.5094f,-2.7194f,1.2004f,0.2138f,0.6966f,-0.3578f,0.1729f,-1.5856f,-2.1182f,0f,0f,0f,1f],start_interpolation: 0,interpolation_duration: 1}
$data merge entity $(bone_group19) {transformation: [-2.1034f,-2.6138f,-0.0067f,1.5788f,-2.7194f,1.2004f,0.2138f,0.5917f,-0.3578f,0.1729f,-1.5856f,-2.1327f,0f,0f,0f,1f],start_interpolation: 0,interpolation_duration: 1}
$data merge entity $(bone_group20) {transformation: [-2.1034f,-2.6138f,-0.0067f,1.5788f,-2.7194f,1.2004f,0.2138f,0.5917f,-0.3578f,0.1729f,-1.5856f,-2.1327f,0f,0f,0f,1f],start_interpolation: 0,interpolation_duration: 1}
$data merge entity $(bone_bone11) {transformation: [-0.8907f,-0.215f,-0.0042f,0.8962f,-0.1283f,1.4711f,0.1336f,0.947f,-0.0135f,0.1993f,-0.991f,-2.1324f,0f,0f,0f,1f],start_interpolation: 0,interpolation_duration: 1}
$data merge entity $(bone_3) {transformation: [-0.8364f,-0.5481f,-0.0042f,0.9155f,-0.5437f,0.8286f,0.1336f,1.2002f,-0.0698f,0.114f,-0.991f,-2.0984f,0f,0f,0f,1f],start_interpolation: 0,interpolation_duration: 1}
$data merge entity $(bone_8) {transformation: [-0.9859f,0.0479f,0.1602f,0.4121f,0.1069f,0.9171f,0.3841f,0.4713f,-0.1285f,0.3959f,-0.9093f,-2.1115f,0f,0f,0f,1f],start_interpolation: 0,interpolation_duration: 1}
$data merge entity $(bone_7) {transformation: [-0.9859f,0.167f,0.0082f,0.4752f,0.1069f,0.6675f,-0.7369f,0.673f,-0.1285f,-0.7256f,-0.676f,-2.4282f,0f,0f,0f,1f],start_interpolation: 0,interpolation_duration: 1}