# This file was generated by Animated Java via MC-Build. It is not recommended to edit this file directly.
$data merge entity $(bone_layer) {transformation: [-0.9972f,0.0519f,-0.0543f,0.625f,0.0012f,0.7338f,0.6794f,1.25f,0.0751f,0.6774f,-0.7318f,-1.1875f,0f,0f,0f,1f],start_interpolation: 0,interpolation_duration: 1}
$data merge entity $(bone_head) {transformation: [-0.9972f,0.0519f,-0.0543f,0.625f,0.0012f,0.7338f,0.6794f,1.25f,0.0751f,0.6774f,-0.7318f,-1.1875f,0f,0f,0f,1f],start_interpolation: 0,interpolation_duration: 1}
$data merge entity $(bone_6) {transformation: [-0.9982f,-0.0534f,0.0285f,0.7616f,0.0003f,0.4664f,0.8846f,0.5358f,-0.0605f,0.883f,-0.4655f,-1.9833f,0f,0f,0f,1f],start_interpolation: 0,interpolation_duration: 1}
$data merge entity $(bone_12) {transformation: [-0.9982f,-0.0477f,0.0374f,0.7438f,0.0003f,0.6129f,0.7902f,0.7656f,-0.0605f,0.7887f,-0.6118f,-1.6875f,0f,0f,0f,1f],start_interpolation: 0,interpolation_duration: 1}
$data merge entity $(bone_group3) {transformation: [0.4872f,-0.5665f,-0.6491f,-0.2912f,0.1508f,0.7277f,-0.5737f,1.7365f,1.1595f,0.1434f,0.3473f,-2.2692f,0f,0f,0f,1f],start_interpolation: 0,interpolation_duration: 1}
$data merge entity $(bone_group1) {transformation: [0.4872f,-0.5665f,-0.6491f,-0.2912f,0.1508f,0.7277f,-0.5737f,1.7365f,1.1595f,0.1434f,0.3473f,-2.2692f,0f,0f,0f,1f],start_interpolation: 0,interpolation_duration: 1}
$data merge entity $(bone_group4) {transformation: [0.472f,-0.5488f,-0.6288f,-0.2912f,0.146f,0.705f,-0.5558f,1.7365f,1.1232f,0.1389f,0.3365f,-2.2692f,0f,0f,0f,1f],start_interpolation: 0,interpolation_duration: 1}
$data merge entity $(bone_group2) {transformation: [0.472f,-0.5488f,-0.6288f,-0.2912f,0.146f,0.705f,-0.5558f,1.7365f,1.1232f,0.1389f,0.3365f,-2.2692f,0f,0f,0f,1f],start_interpolation: 0,interpolation_duration: 1}
$data merge entity $(bone_10) {transformation: [-1f,0f,0f,0.625f,0f,0.7934f,0.6088f,1.0783f,0f,0.6088f,-0.7934f,-1.4374f,0f,0f,0f,1f],start_interpolation: 0,interpolation_duration: 1}
$data merge entity $(bone_9) {transformation: [-1f,0f,0f,0.625f,0f,0.4617f,0.887f,1.2188f,0f,0.887f,-0.4617f,-1.1406f,0f,0f,0f,1f],start_interpolation: 0,interpolation_duration: 1}
$data merge entity $(bone_bone12) {transformation: [-1.4996f,0.0141f,-0.0197f,0.625f,0.0113f,1.4934f,0.0932f,1.6888f,0.0307f,0.1396f,-0.9955f,-1.4558f,0f,0f,0f,1f],start_interpolation: 0,interpolation_duration: 1}
$data merge entity $(bone_bone1) {transformation: [0.7761f,0.2932f,0.623f,0.1539f,-0.5986f,-0.5887f,0.7766f,0.8903f,0.1982f,-2.927f,-0.0938f,-0.5754f,0f,0f,0f,1f],start_interpolation: 0,interpolation_duration: 1}
$data merge entity $(bone_2) {transformation: [0.942f,0.0013f,0.3356f,0.1131f,-0.3334f,0.1185f,0.9353f,0.8771f,-0.0386f,-0.9929f,0.1121f,-1.4582f,0f,0f,0f,1f],start_interpolation: 0,interpolation_duration: 1}
$data merge entity $(bone_bone2) {transformation: [1.9853f,0.13f,-0.1021f,0.3456f,-0.2008f,1.827f,-0.3943f,0.7764f,0.1354f,0.8033f,0.9133f,-1.3902f,0f,0f,0f,1f],start_interpolation: 0,interpolation_duration: 1}
$data merge entity $(bone_1) {transformation: [0.942f,0.3197f,-0.1021f,0.25f,-0.3334f,0.8564f,-0.3943f,1.2344f,-0.0386f,0.4055f,0.9133f,-1.2031f,0f,0f,0f,1f],start_interpolation: 0,interpolation_duration: 1}
$data merge entity $(bone_4) {transformation: [-0.7915f,-0.5f,0.3515f,1.0767f,-0.6106f,0.6723f,-0.4186f,1.0029f,-0.027f,-0.546f,-0.8374f,-1.3349f,0f,0f,0f,1f],start_interpolation: 0,interpolation_duration: 1}
$data merge entity $(bone_group5) {transformation: [-3.166f,-1.5947f,-0.6282f,1.1241f,-2.4423f,2.0326f,0.9836f,0.7247f,-0.1081f,0.7844f,-3.826f,-1.2801f,0f,0f,0f,1f],start_interpolation: 0,interpolation_duration: 1}
$data merge entity $(bone_group7) {transformation: [-3.166f,-1.5947f,-0.6282f,1.1241f,-2.4423f,2.0326f,0.9836f,0.7247f,-0.1081f,0.7844f,-3.826f,-1.2801f,0f,0f,0f,1f],start_interpolation: 0,interpolation_duration: 1}
$data merge entity $(bone_group6) {transformation: [-1.9445f,-2.9641f,-0.6282f,1.4864f,-3.1314f,0.5392f,0.9836f,0.9036f,-0.4858f,0.6253f,-3.826f,-1.2936f,0f,0f,0f,1f],start_interpolation: 0,interpolation_duration: 1}
$data merge entity $(bone_group8) {transformation: [-1.9445f,-2.9641f,-0.6282f,1.4864f,-3.1314f,0.5392f,0.9836f,0.9036f,-0.4858f,0.6253f,-3.826f,-1.2936f,0f,0f,0f,1f],start_interpolation: 0,interpolation_duration: 1}
$data merge entity $(bone_group9) {transformation: [-1.9445f,-2.9641f,-0.6282f,1.5612f,-3.1314f,0.5392f,0.9836f,0.8083f,-0.4858f,0.6253f,-3.826f,-1.3304f,0f,0f,0f,1f],start_interpolation: 0,interpolation_duration: 1}
$data merge entity $(bone_group10) {transformation: [-1.9445f,-2.9641f,-0.6282f,1.5612f,-3.1314f,0.5392f,0.9836f,0.8083f,-0.4858f,0.6253f,-3.826f,-1.3304f,0f,0f,0f,1f],start_interpolation: 0,interpolation_duration: 1}
$data merge entity $(bone_group11) {transformation: [-1.9445f,-2.9641f,-0.6282f,1.6359f,-3.1314f,0.5392f,0.9836f,0.713f,-0.4858f,0.6253f,-3.826f,-1.3672f,0f,0f,0f,1f],start_interpolation: 0,interpolation_duration: 1}
$data merge entity $(bone_group12) {transformation: [-1.9445f,-2.9641f,-0.6282f,1.6359f,-3.1314f,0.5392f,0.9836f,0.713f,-0.4858f,0.6253f,-3.826f,-1.3672f,0f,0f,0f,1f],start_interpolation: 0,interpolation_duration: 1}
$data merge entity $(bone_group13) {transformation: [-2.238f,-2.3778f,-0.2513f,1.3234f,-2.7075f,1.2776f,0.3934f,0.8648f,-0.3286f,0.7189f,-1.5304f,-1.3259f,0f,0f,0f,1f],start_interpolation: 0,interpolation_duration: 1}
$data merge entity $(bone_group14) {transformation: [-2.238f,-2.3778f,-0.2513f,1.3234f,-2.7075f,1.2776f,0.3934f,0.8648f,-0.3286f,0.7189f,-1.5304f,-1.3259f,0f,0f,0f,1f],start_interpolation: 0,interpolation_duration: 1}
$data merge entity $(bone_group15) {transformation: [-2.1322f,-2.4731f,-0.2513f,1.3986f,-2.7607f,1.1583f,0.3934f,0.8168f,-0.3597f,0.7038f,-1.5304f,-1.3505f,0f,0f,0f,1f],start_interpolation: 0,interpolation_duration: 1}
$data merge entity $(bone_group16) {transformation: [-2.1322f,-2.4731f,-0.2513f,1.3986f,-2.7607f,1.1583f,0.3934f,0.8168f,-0.3597f,0.7038f,-1.5304f,-1.3505f,0f,0f,0f,1f],start_interpolation: 0,interpolation_duration: 1}
$data merge entity $(bone_group17) {transformation: [-1.9085f,-2.6495f,-0.2513f,1.5295f,-2.8511f,0.9133f,0.3934f,0.7807f,-0.4196f,0.6698f,-1.5304f,-1.3813f,0f,0f,0f,1f],start_interpolation: 0,interpolation_duration: 1}
$data merge entity $(bone_group18) {transformation: [-1.9085f,-2.6495f,-0.2513f,1.5295f,-2.8511f,0.9133f,0.3934f,0.7807f,-0.4196f,0.6698f,-1.5304f,-1.3813f,0f,0f,0f,1f],start_interpolation: 0,interpolation_duration: 1}
$data merge entity $(bone_group19) {transformation: [-1.9085f,-2.6495f,-0.2513f,1.6043f,-2.8511f,0.9133f,0.3934f,0.6854f,-0.4196f,0.6698f,-1.5304f,-1.4181f,0f,0f,0f,1f],start_interpolation: 0,interpolation_duration: 1}
$data merge entity $(bone_group20) {transformation: [-1.9085f,-2.6495f,-0.2513f,1.6043f,-2.8511f,0.9133f,0.3934f,0.6854f,-0.4196f,0.6698f,-1.5304f,-1.4181f,0f,0f,0f,1f],start_interpolation: 0,interpolation_duration: 1}
$data merge entity $(bone_bone11) {transformation: [-0.8703f,-0.3012f,-0.157f,0.9026f,-0.2117f,1.4105f,0.2459f,0.9704f,0.0885f,0.4121f,-0.9565f,-1.282f,0f,0f,0f,1f],start_interpolation: 0,interpolation_duration: 1}
$data merge entity $(bone_3) {transformation: [-0.7915f,-0.5906f,-0.157f,0.9063f,-0.6106f,0.7528f,0.2459f,1.2188f,-0.027f,0.2905f,-0.9565f,-1.2187f,0f,0f,0f,1f],start_interpolation: 0,interpolation_duration: 1}
$data merge entity $(bone_8) {transformation: [-0.9859f,0.0225f,0.1657f,0.436f,0.1069f,0.8467f,0.5212f,0.6819f,-0.1285f,0.5316f,-0.8372f,-1.3146f,0f,0f,0f,1f],start_interpolation: 0,interpolation_duration: 1}
$data merge entity $(bone_7) {transformation: [-0.9859f,0.1631f,-0.0369f,0.4938f,0.1069f,0.4455f,-0.8889f,0.7656f,-0.1285f,-0.8803f,-0.4566f,-1.6875f,0f,0f,0f,1f],start_interpolation: 0,interpolation_duration: 1}