# This file was generated by Animated Java via MC-Build. It is not recommended to edit this file directly.
$data merge entity $(bone_layer) {transformation: [-0.9943f,0.075f,-0.0758f,0.6324f,0.0012f,0.7189f,0.6951f,1.2511f,0.1066f,0.6911f,-0.7149f,-1.0383f,0f,0f,0f,1f],start_interpolation: 0,interpolation_duration: 1}
$data merge entity $(bone_head) {transformation: [-0.9943f,0.075f,-0.0758f,0.6324f,0.0012f,0.7189f,0.6951f,1.2511f,0.1066f,0.6911f,-0.7149f,-1.0383f,0f,0f,0f,1f],start_interpolation: 0,interpolation_duration: 1}
$data merge entity $(bone_6) {transformation: [-0.9976f,-0.0603f,0.0344f,0.7698f,0.0069f,0.4069f,0.9134f,0.5723f,-0.0691f,0.9115f,-0.4055f,-1.8783f,0f,0f,0f,1f],start_interpolation: 0,interpolation_duration: 1}
$data merge entity $(bone_12) {transformation: [-0.9976f,-0.0534f,0.0444f,0.7498f,0.0069f,0.5594f,0.8289f,0.782f,-0.0691f,0.8272f,-0.5576f,-1.5681f,0f,0f,0f,1f],start_interpolation: 0,interpolation_duration: 1}
$data merge entity $(bone_group3) {transformation: [0.4491f,-0.5697f,-0.6611f,-0.2529f,0.1156f,0.7247f,-0.5819f,1.783f,1.1787f,0.146f,0.3089f,-2.1374f,0f,0f,0f,1f],start_interpolation: 0,interpolation_duration: 1}
$data merge entity $(bone_group1) {transformation: [0.4491f,-0.5697f,-0.6611f,-0.2529f,0.1156f,0.7247f,-0.5819f,1.783f,1.1787f,0.146f,0.3089f,-2.1374f,0f,0f,0f,1f],start_interpolation: 0,interpolation_duration: 1}
$data merge entity $(bone_group4) {transformation: [0.435f,-0.5519f,-0.6404f,-0.2529f,0.112f,0.7021f,-0.5637f,1.783f,1.1419f,0.1414f,0.2993f,-2.1374f,0f,0f,0f,1f],start_interpolation: 0,interpolation_duration: 1}
$data merge entity $(bone_group2) {transformation: [0.435f,-0.5519f,-0.6404f,-0.2529f,0.112f,0.7021f,-0.5637f,1.783f,1.1419f,0.1414f,0.2993f,-2.1374f,0f,0f,0f,1f],start_interpolation: 0,interpolation_duration: 1}
$data merge entity $(bone_10) {transformation: [-1f,0.0019f,-0.0024f,0.6318f,0f,0.7824f,0.6228f,1.0979f,0.0031f,0.6228f,-0.7824f,-1.2991f,0f,0f,0f,1f],start_interpolation: 0,interpolation_duration: 1}
$data merge entity $(bone_9) {transformation: [-1f,0.0028f,-0.0013f,0.6328f,0f,0.4218f,0.9067f,1.223f,0.0031f,0.9067f,-0.4218f,-0.9986f,0f,0f,0f,1f],start_interpolation: 0,interpolation_duration: 1}
$data merge entity $(bone_bone12) {transformation: [-1.4998f,-0.0161f,0.0105f,0.6318f,-0.0148f,1.4955f,0.0767f,1.7039f,-0.0169f,0.1149f,-0.997f,-1.3166f,0f,0f,0f,1f],start_interpolation: 0,interpolation_duration: 1}
$data merge entity $(bone_bone1) {transformation: [0.7761f,0.2557f,0.6248f,0.172f,-0.5981f,-0.6426f,0.7722f,0.9186f,0.1997f,-2.9192f,-0.1153f,-0.4524f,0f,0f,0f,1f],start_interpolation: 0,interpolation_duration: 1}
$data merge entity $(bone_2) {transformation: [0.9402f,-0.0102f,0.3405f,0.1205f,-0.3379f,0.1006f,0.9358f,0.8897f,-0.0438f,-0.9949f,0.0911f,-1.3343f,0f,0f,0f,1f],start_interpolation: 0,interpolation_duration: 1}
$data merge entity $(bone_bone2) {transformation: [1.9821f,0.1321f,-0.1161f,0.3525f,-0.2216f,1.7837f,-0.4385f,0.7858f,0.1491f,0.8949f,0.8912f,-1.2622f,0f,0f,0f,1f],start_interpolation: 0,interpolation_duration: 1}
$data merge entity $(bone_1) {transformation: [0.9402f,0.3203f,-0.1161f,0.2576f,-0.3379f,0.8328f,-0.4385f,1.2346f,-0.0438f,0.4515f,0.8912f,-1.0537f,0f,0f,0f,1f],start_interpolation: 0,interpolation_duration: 1}
$data merge entity $(bone_4) {transformation: [-0.7814f,-0.5292f,0.3306f,1.0782f,-0.6238f,0.6759f,-0.3924f,1.0107f,-0.0158f,-0.5129f,-0.8583f,-1.1991f,0f,0f,0f,1f],start_interpolation: 0,interpolation_duration: 1}
$data merge entity $(bone_group5) {transformation: [-3.1257f,-1.6023f,-0.7716f,1.1321f,-2.4952f,1.9848f,1.0622f,0.7321f,-0.0631f,0.8851f,-3.7784f,-1.1527f,0f,0f,0f,1f],start_interpolation: 0,interpolation_duration: 1}
$data merge entity $(bone_group7) {transformation: [-3.1257f,-1.6023f,-0.7716f,1.1321f,-2.4952f,1.9848f,1.0622f,0.7321f,-0.0631f,0.8851f,-3.7784f,-1.1527f,0f,0f,0f,1f],start_interpolation: 0,interpolation_duration: 1}
$data merge entity $(bone_group6) {transformation: [-1.9058f,-2.9505f,-0.7716f,1.4907f,-3.1533f,0.4713f,1.0622f,0.9177f,-0.4972f,0.735f,-3.7784f,-1.1737f,0f,0f,0f,1f],start_interpolation: 0,interpolation_duration: 1}
$data merge entity $(bone_group8) {transformation: [-1.9058f,-2.9505f,-0.7716f,1.4907f,-3.1533f,0.4713f,1.0622f,0.9177f,-0.4972f,0.735f,-3.7784f,-1.1737f,0f,0f,0f,1f],start_interpolation: 0,interpolation_duration: 1}
$data merge entity $(bone_group9) {transformation: [-1.9058f,-2.9505f,-0.7716f,1.5658f,-3.1533f,0.4713f,1.0622f,0.8247f,-0.4972f,0.735f,-3.7784f,-1.2152f,0f,0f,0f,1f],start_interpolation: 0,interpolation_duration: 1}
$data merge entity $(bone_group10) {transformation: [-1.9058f,-2.9505f,-0.7716f,1.5658f,-3.1533f,0.4713f,1.0622f,0.8247f,-0.4972f,0.735f,-3.7784f,-1.2152f,0f,0f,0f,1f],start_interpolation: 0,interpolation_duration: 1}
$data merge entity $(bone_group11) {transformation: [-1.9058f,-2.9505f,-0.7716f,1.6409f,-3.1533f,0.4713f,1.0622f,0.7317f,-0.4972f,0.735f,-3.7784f,-1.2567f,0f,0f,0f,1f],start_interpolation: 0,interpolation_duration: 1}
$data merge entity $(bone_group12) {transformation: [-1.9058f,-2.9505f,-0.7716f,1.6409f,-3.1533f,0.4713f,1.0622f,0.7317f,-0.4972f,0.735f,-3.7784f,-1.2567f,0f,0f,0f,1f],start_interpolation: 0,interpolation_duration: 1}
$data merge entity $(bone_group13) {transformation: [-2.2011f,-2.374f,-0.3086f,1.3274f,-2.7385f,1.2176f,0.4249f,0.8768f,-0.3204f,0.8271f,-1.5114f,-1.2015f,0f,0f,0f,1f],start_interpolation: 0,interpolation_duration: 1}
$data merge entity $(bone_group14) {transformation: [-2.2011f,-2.374f,-0.3086f,1.3274f,-2.7385f,1.2176f,0.4249f,0.8768f,-0.3204f,0.8271f,-1.5114f,-1.2015f,0f,0f,0f,1f],start_interpolation: 0,interpolation_duration: 1}
$data merge entity $(bone_group15) {transformation: [-2.0955f,-2.4678f,-0.3086f,1.4026f,-2.7891f,1.097f,0.4249f,0.8308f,-0.3561f,0.8123f,-1.5114f,-1.2298f,0f,0f,0f,1f],start_interpolation: 0,interpolation_duration: 1}
$data merge entity $(bone_group16) {transformation: [-2.0955f,-2.4678f,-0.3086f,1.4026f,-2.7891f,1.097f,0.4249f,0.8308f,-0.3561f,0.8123f,-1.5114f,-1.2298f,0f,0f,0f,1f],start_interpolation: 0,interpolation_duration: 1}
$data merge entity $(bone_group17) {transformation: [-1.8724f,-2.641f,-0.3086f,1.533f,-2.874f,0.8498f,0.4249f,0.7978f,-0.4256f,0.7782f,-1.5114f,-1.2657f,0f,0f,0f,1f],start_interpolation: 0,interpolation_duration: 1}
$data merge entity $(bone_group18) {transformation: [-1.8724f,-2.641f,-0.3086f,1.533f,-2.874f,0.8498f,0.4249f,0.7978f,-0.4256f,0.7782f,-1.5114f,-1.2657f,0f,0f,0f,1f],start_interpolation: 0,interpolation_duration: 1}
$data merge entity $(bone_group19) {transformation: [-1.8724f,-2.641f,-0.3086f,1.6081f,-2.874f,0.8498f,0.4249f,0.7047f,-0.4256f,0.7782f,-1.5114f,-1.3072f,0f,0f,0f,1f],start_interpolation: 0,interpolation_duration: 1}
$data merge entity $(bone_group20) {transformation: [-1.8724f,-2.641f,-0.3086f,1.6081f,-2.874f,0.8498f,0.4249f,0.7047f,-0.4256f,0.7782f,-1.5114f,-1.3072f,0f,0f,0f,1f],start_interpolation: 0,interpolation_duration: 1}
$data merge entity $(bone_bone11) {transformation: [-0.8631f,-0.3114f,-0.1929f,0.9065f,-0.2292f,1.3948f,0.2655f,0.9739f,0.1118f,0.4557f,-0.9446f,-1.1413f,0f,0f,0f,1f],start_interpolation: 0,interpolation_duration: 1}
$data merge entity $(bone_3) {transformation: [-0.7814f,-0.5934f,-0.1929f,0.908f,-0.6238f,0.7351f,0.2655f,1.2207f,-0.0158f,0.3278f,-0.9446f,-1.0723f,0f,0f,0f,1f],start_interpolation: 0,interpolation_duration: 1}
$data merge entity $(bone_8) {transformation: [-0.9863f,0.0189f,0.1638f,0.4452f,0.1069f,0.8295f,0.5481f,0.7247f,-0.1255f,0.5581f,-0.8202f,-1.1876f,0f,0f,0f,1f],start_interpolation: 0,interpolation_duration: 1}
$data merge entity $(bone_7) {transformation: [-0.9863f,0.158f,-0.0472f,0.4998f,0.1069f,0.3949f,-0.9125f,0.782f,-0.1255f,-0.905f,-0.4064f,-1.5674f,0f,0f,0f,1f],start_interpolation: 0,interpolation_duration: 1}