# This file was generated by Animated Java via MC-Build. It is not recommended to edit this file directly.
$data merge entity $(bone_layer) {transformation: [-0.9912f,0.0945f,-0.0931f,0.6433f,0.0013f,0.7087f,0.7055f,1.2489f,0.1327f,0.6991f,-0.7026f,-0.9962f,0f,0f,0f,1f],start_interpolation: 0,interpolation_duration: 1}
$data merge entity $(bone_head) {transformation: [-0.9912f,0.0945f,-0.0931f,0.6433f,0.0013f,0.7087f,0.7055f,1.2489f,0.1327f,0.6991f,-0.7026f,-0.9962f,0f,0f,0f,1f],start_interpolation: 0,interpolation_duration: 1}
$data merge entity $(bone_6) {transformation: [-0.9975f,-0.0607f,0.0361f,0.7775f,0.0113f,0.3664f,0.9304f,0.5925f,-0.0697f,0.9285f,-0.3648f,-1.8639f,0f,0f,0f,1f],start_interpolation: 0,interpolation_duration: 1}
$data merge entity $(bone_12) {transformation: [-0.9975f,-0.0535f,0.046f,0.7574f,0.0113f,0.5224f,0.8526f,0.7884f,-0.0697f,0.851f,-0.5205f,-1.5448f,0f,0f,0f,1f],start_interpolation: 0,interpolation_duration: 1}
$data merge entity $(bone_group3) {transformation: [0.43f,-0.5708f,-0.667f,-0.2267f,0.0909f,0.7228f,-0.5867f,1.8104f,1.188f,0.1514f,0.2863f,-2.0984f,0f,0f,0f,1f],start_interpolation: 0,interpolation_duration: 1}
$data merge entity $(bone_group1) {transformation: [0.43f,-0.5708f,-0.667f,-0.2267f,0.0909f,0.7228f,-0.5867f,1.8104f,1.188f,0.1514f,0.2863f,-2.0984f,0f,0f,0f,1f],start_interpolation: 0,interpolation_duration: 1}
$data merge entity $(bone_group4) {transformation: [0.4166f,-0.553f,-0.6461f,-0.2267f,0.088f,0.7002f,-0.5684f,1.8104f,1.1508f,0.1466f,0.2774f,-2.0984f,0f,0f,0f,1f],start_interpolation: 0,interpolation_duration: 1}
$data merge entity $(bone_group2) {transformation: [0.4166f,-0.553f,-0.6461f,-0.2267f,0.088f,0.7002f,-0.5684f,1.8104f,1.1508f,0.1466f,0.2774f,-2.0984f,0f,0f,0f,1f],start_interpolation: 0,interpolation_duration: 1}
$data merge entity $(bone_10) {transformation: [-0.9999f,0.0064f,-0.0079f,0.6415f,0f,0.7749f,0.632f,1.1063f,0.0102f,0.632f,-0.7749f,-1.262f,0f,0f,0f,1f],start_interpolation: 0,interpolation_duration: 1}
$data merge entity $(bone_9) {transformation: [-0.9999f,0.0094f,-0.004f,0.6446f,0f,0.3947f,0.9188f,1.2213f,0.0102f,0.9188f,-0.3947f,-0.9595f,0f,0f,0f,1f],start_interpolation: 0,interpolation_duration: 1}
$data merge entity $(bone_bone12) {transformation: [-1.4991f,-0.0323f,0.0267f,0.6414f,-0.0296f,1.4964f,0.0659f,1.7101f,-0.0421f,0.0981f,-0.9975f,-1.2792f,0f,0f,0f,1f],start_interpolation: 0,interpolation_duration: 1}
$data merge entity $(bone_bone1) {transformation: [0.7755f,0.2323f,0.6266f,0.1882f,-0.6016f,-0.6313f,0.7706f,0.9198f,0.1915f,-2.9236f,-0.1166f,-0.4228f,0f,0f,0f,1f],start_interpolation: 0,interpolation_duration: 1}
$data merge entity $(bone_2) {transformation: [0.9387f,-0.0171f,0.3444f,0.1302f,-0.3409f,0.1048f,0.9343f,0.8947f,-0.0521f,-0.9943f,0.0925f,-1.3044f,0f,0f,0f,1f],start_interpolation: 0,interpolation_duration: 1}
$data merge entity $(bone_bone2) {transformation: [1.9808f,0.139f,-0.1195f,0.3622f,-0.235f,1.757f,-0.4631f,0.7889f,0.1455f,0.9454f,0.8782f,-1.2306f,0f,0f,0f,1f],start_interpolation: 0,interpolation_duration: 1}
$data merge entity $(bone_1) {transformation: [0.9387f,0.3235f,-0.1195f,0.2691f,-0.3409f,0.8181f,-0.4631f,1.2321f,-0.0521f,0.4754f,0.8782f,-1.0096f,0f,0f,0f,1f],start_interpolation: 0,interpolation_duration: 1}
$data merge entity $(bone_4) {transformation: [-0.7746f,-0.5506f,0.3113f,1.0845f,-0.6325f,0.6776f,-0.3752f,1.0128f,-0.0044f,-0.4875f,-0.8731f,-1.1681f,0f,0f,0f,1f],start_interpolation: 0,interpolation_duration: 1}
$data merge entity $(bone_group5) {transformation: [-3.0982f,-1.5995f,-0.8866f,1.1428f,-2.53f,1.9521f,1.1117f,0.7342f,-0.0176f,0.9598f,-3.7387f,-1.1276f,0f,0f,0f,1f],start_interpolation: 0,interpolation_duration: 1}
$data merge entity $(bone_group7) {transformation: [-3.0982f,-1.5995f,-0.8866f,1.1428f,-2.53f,1.9521f,1.1117f,0.7342f,-0.0176f,0.9598f,-3.7387f,-1.1276f,0f,0f,0f,1f],start_interpolation: 0,interpolation_duration: 1}
$data merge entity $(bone_group6) {transformation: [-1.8834f,-2.9343f,-0.8866f,1.4985f,-3.167f,0.4256f,1.1117f,0.9242f,-0.4951f,0.8224f,-3.7387f,-1.1555f,0f,0f,0f,1f],start_interpolation: 0,interpolation_duration: 1}
$data merge entity $(bone_group8) {transformation: [-1.8834f,-2.9343f,-0.8866f,1.4985f,-3.167f,0.4256f,1.1117f,0.9242f,-0.4951f,0.8224f,-3.7387f,-1.1555f,0f,0f,0f,1f],start_interpolation: 0,interpolation_duration: 1}
$data merge entity $(bone_group9) {transformation: [-1.8834f,-2.9343f,-0.8866f,1.5735f,-3.167f,0.4256f,1.1117f,0.8327f,-0.4951f,0.8224f,-3.7387f,-1.2005f,0f,0f,0f,1f],start_interpolation: 0,interpolation_duration: 1}
$data merge entity $(bone_group10) {transformation: [-1.8834f,-2.9343f,-0.8866f,1.5735f,-3.167f,0.4256f,1.1117f,0.8327f,-0.4951f,0.8224f,-3.7387f,-1.2005f,0f,0f,0f,1f],start_interpolation: 0,interpolation_duration: 1}
$data merge entity $(bone_group11) {transformation: [-1.8834f,-2.9343f,-0.8866f,1.6485f,-3.167f,0.4256f,1.1117f,0.7412f,-0.4951f,0.8224f,-3.7387f,-1.2454f,0f,0f,0f,1f],start_interpolation: 0,interpolation_duration: 1}
$data merge entity $(bone_group12) {transformation: [-1.8834f,-2.9343f,-0.8866f,1.6485f,-3.167f,0.4256f,1.1117f,0.7412f,-0.4951f,0.8224f,-3.7387f,-1.2454f,0f,0f,0f,1f],start_interpolation: 0,interpolation_duration: 1}
$data merge entity $(bone_group13) {transformation: [-2.1784f,-2.3639f,-0.3546f,1.335f,-2.7586f,1.177f,0.4447f,0.8818f,-0.3037f,0.9106f,-1.4955f,-1.1794f,0f,0f,0f,1f],start_interpolation: 0,interpolation_duration: 1}
$data merge entity $(bone_group14) {transformation: [-2.1784f,-2.3639f,-0.3546f,1.335f,-2.7586f,1.177f,0.4447f,0.8818f,-0.3037f,0.9106f,-1.4955f,-1.1794f,0f,0f,0f,1f],start_interpolation: 0,interpolation_duration: 1}
$data merge entity $(bone_group15) {transformation: [-2.0732f,-2.4567f,-0.3546f,1.4099f,-2.8073f,1.0556f,0.4447f,0.8372f,-0.3431f,0.8965f,-1.4955f,-1.2105f,0f,0f,0f,1f],start_interpolation: 0,interpolation_duration: 1}
$data merge entity $(bone_group16) {transformation: [-2.0732f,-2.4567f,-0.3546f,1.4099f,-2.8073f,1.0556f,0.4447f,0.8372f,-0.3431f,0.8965f,-1.4955f,-1.2105f,0f,0f,0f,1f],start_interpolation: 0,interpolation_duration: 1}
$data merge entity $(bone_group17) {transformation: [-1.8512f,-2.628f,-0.3546f,1.5396f,-2.8886f,0.8069f,0.4447f,0.8062f,-0.4199f,0.8631f,-1.4955f,-1.2505f,0f,0f,0f,1f],start_interpolation: 0,interpolation_duration: 1}
$data merge entity $(bone_group18) {transformation: [-1.8512f,-2.628f,-0.3546f,1.5396f,-2.8886f,0.8069f,0.4447f,0.8062f,-0.4199f,0.8631f,-1.4955f,-1.2505f,0f,0f,0f,1f],start_interpolation: 0,interpolation_duration: 1}
$data merge entity $(bone_group19) {transformation: [-1.8512f,-2.628f,-0.3546f,1.6146f,-2.8886f,0.8069f,0.4447f,0.7147f,-0.4199f,0.8631f,-1.4955f,-1.2954f,0f,0f,0f,1f],start_interpolation: 0,interpolation_duration: 1}
$data merge entity $(bone_group20) {transformation: [-1.8512f,-2.628f,-0.3546f,1.6146f,-2.8886f,0.8069f,0.4447f,0.7147f,-0.4199f,0.8631f,-1.4955f,-1.2954f,0f,0f,0f,1f],start_interpolation: 0,interpolation_duration: 1}
$data merge entity $(bone_bone11) {transformation: [-0.8571f,-0.3143f,-0.2217f,0.9149f,-0.2409f,1.3838f,0.2779f,0.9731f,0.1316f,0.486f,-0.9347f,-1.1063f,0f,0f,0f,1f],start_interpolation: 0,interpolation_duration: 1}
$data merge entity $(bone_3) {transformation: [-0.7746f,-0.5924f,-0.2217f,0.9156f,-0.6325f,0.723f,0.2779f,1.2188f,-0.0044f,0.3555f,-0.9347f,-1.0334f,0f,0f,0f,1f],start_interpolation: 0,interpolation_duration: 1}
$data merge entity $(bone_8) {transformation: [-0.9872f,0.0195f,0.1584f,0.4571f,0.1069f,0.8176f,0.5657f,0.7489f,-0.1185f,0.5754f,-0.8092f,-1.1585f,0f,0f,0f,1f],start_interpolation: 0,interpolation_duration: 1}
$data merge entity $(bone_7) {transformation: [-0.9872f,0.1496f,-0.0557f,0.5074f,0.1069f,0.3605f,-0.9266f,0.7884f,-0.1185f,-0.9207f,-0.3719f,-1.5422f,0f,0f,0f,1f],start_interpolation: 0,interpolation_duration: 1}