# This file was generated by Animated Java via MC-Build. It is not recommended to edit this file directly.
$data merge entity $(bone_layer) {transformation: [-0.9887f,0.1076f,-0.1048f,0.6543f,0.0013f,0.7036f,0.7106f,1.2451f,0.1502f,0.7024f,-0.6958f,-1.0268f,0f,0f,0f,1f],start_interpolation: 0,interpolation_duration: 1}
$data merge entity $(bone_head) {transformation: [-0.9887f,0.1076f,-0.1048f,0.6543f,0.0013f,0.7036f,0.7106f,1.2451f,0.1502f,0.7024f,-0.6958f,-1.0268f,0f,0f,0f,1f],start_interpolation: 0,interpolation_duration: 1}
$data merge entity $(bone_6) {transformation: [-0.9978f,-0.0567f,0.0353f,0.7832f,0.0135f,0.3459f,0.9382f,0.5987f,-0.0654f,0.9366f,-0.3443f,-1.9071f,0f,0f,0f,1f],start_interpolation: 0,interpolation_duration: 1}
$data merge entity $(bone_12) {transformation: [-0.9978f,-0.0497f,0.0446f,0.7645f,0.0135f,0.5035f,0.8639f,0.7875f,-0.0654f,0.8626f,-0.5017f,-1.5836f,0f,0f,0f,1f],start_interpolation: 0,interpolation_duration: 1}
$data merge entity $(bone_group3) {transformation: [0.4261f,-0.5706f,-0.6686f,-0.2127f,0.0781f,0.7218f,-0.5889f,1.8203f,1.1903f,0.1569f,0.278f,-2.1244f,0f,0f,0f,1f],start_interpolation: 0,interpolation_duration: 1}
$data merge entity $(bone_group1) {transformation: [0.4261f,-0.5706f,-0.6686f,-0.2127f,0.0781f,0.7218f,-0.5889f,1.8203f,1.1903f,0.1569f,0.278f,-2.1244f,0f,0f,0f,1f],start_interpolation: 0,interpolation_duration: 1}
$data merge entity $(bone_group4) {transformation: [0.4128f,-0.5527f,-0.6477f,-0.2127f,0.0757f,0.6992f,-0.5705f,1.8203f,1.1531f,0.152f,0.2693f,-2.1244f,0f,0f,0f,1f],start_interpolation: 0,interpolation_duration: 1}
$data merge entity $(bone_group2) {transformation: [0.4128f,-0.5527f,-0.6477f,-0.2127f,0.0757f,0.6992f,-0.5705f,1.8203f,1.1531f,0.152f,0.2693f,-2.1244f,0f,0f,0f,1f],start_interpolation: 0,interpolation_duration: 1}
$data merge entity $(bone_10) {transformation: [-0.9998f,0.0117f,-0.0141f,0.651f,0f,0.7712f,0.6366f,1.1065f,0.0183f,0.6365f,-0.771f,-1.2934f,0f,0f,0f,1f],start_interpolation: 0,interpolation_duration: 1}
$data merge entity $(bone_9) {transformation: [-0.9998f,0.0169f,-0.007f,0.6566f,0f,0.381f,0.9246f,1.2164f,0.0183f,0.9244f,-0.381f,-0.9901f,0f,0f,0f,1f],start_interpolation: 0,interpolation_duration: 1}
$data merge entity $(bone_bone12) {transformation: [-1.4988f,-0.0391f,0.0307f,0.6507f,-0.0362f,1.4968f,0.0606f,1.7093f,-0.0482f,0.0898f,-0.9977f,-1.3104f,0f,0f,0f,1f],start_interpolation: 0,interpolation_duration: 1}
$data merge entity $(bone_bone1) {transformation: [0.7742f,0.2248f,0.6284f,0.1992f,-0.6072f,-0.5757f,0.771f,0.9025f,0.1784f,-2.9356f,-0.1031f,-0.4563f,0f,0f,0f,1f],start_interpolation: 0,interpolation_duration: 1}
$data merge entity $(bone_2) {transformation: [0.9376f,-0.0188f,0.3471f,0.1394f,-0.3423f,0.1239f,0.9314f,0.8945f,-0.0605f,-0.9921f,0.1097f,-1.3381f,0f,0f,0f,1f],start_interpolation: 0,interpolation_duration: 1}
$data merge entity $(bone_bone2) {transformation: [1.9809f,0.1473f,-0.1167f,0.3718f,-0.2414f,1.7447f,-0.4738f,0.7878f,0.1338f,0.9666f,0.8729f,-1.2645f,0f,0f,0f,1f],start_interpolation: 0,interpolation_duration: 1}
$data merge entity $(bone_1) {transformation: [0.9376f,0.3275f,-0.1167f,0.2807f,-0.3423f,0.8114f,-0.4738f,1.2284f,-0.0605f,0.4842f,0.8729f,-1.0375f,0f,0f,0f,1f],start_interpolation: 0,interpolation_duration: 1}
$data merge entity $(bone_4) {transformation: [-0.771f,-0.5631f,0.2973f,1.0926f,-0.6368f,0.6783f,-0.3666f,1.011f,0.0048f,-0.472f,-0.8816f,-1.2063f,0f,0f,0f,1f],start_interpolation: 0,interpolation_duration: 1}
$data merge entity $(bone_group5) {transformation: [-3.0841f,-1.5923f,-0.9611f,1.1531f,-2.5472f,1.9355f,1.1356f,0.7324f,0.0192f,1.0041f,-3.713f,-1.169f,0f,0f,0f,1f],start_interpolation: 0,interpolation_duration: 1}
$data merge entity $(bone_group7) {transformation: [-3.0841f,-1.5923f,-0.9611f,1.1531f,-2.5472f,1.9355f,1.1356f,0.7324f,0.0192f,1.0041f,-3.713f,-1.169f,0f,0f,0f,1f],start_interpolation: 0,interpolation_duration: 1}
$data merge entity $(bone_group6) {transformation: [-1.8747f,-2.921f,-0.9611f,1.5073f,-3.1737f,0.4026f,1.1356f,0.9246f,-0.4854f,0.8792f,-3.713f,-1.2019f,0f,0f,0f,1f],start_interpolation: 0,interpolation_duration: 1}
$data merge entity $(bone_group8) {transformation: [-1.8747f,-2.921f,-0.9611f,1.5073f,-3.1737f,0.4026f,1.1356f,0.9246f,-0.4854f,0.8792f,-3.713f,-1.2019f,0f,0f,0f,1f],start_interpolation: 0,interpolation_duration: 1}
$data merge entity $(bone_group9) {transformation: [-1.8747f,-2.921f,-0.9611f,1.5819f,-3.1737f,0.4026f,1.1356f,0.8339f,-0.4854f,0.8792f,-3.713f,-1.249f,0f,0f,0f,1f],start_interpolation: 0,interpolation_duration: 1}
$data merge entity $(bone_group10) {transformation: [-1.8747f,-2.921f,-0.9611f,1.5819f,-3.1737f,0.4026f,1.1356f,0.8339f,-0.4854f,0.8792f,-3.713f,-1.249f,0f,0f,0f,1f],start_interpolation: 0,interpolation_duration: 1}
$data merge entity $(bone_group11) {transformation: [-1.8747f,-2.921f,-0.9611f,1.6566f,-3.1737f,0.4026f,1.1356f,0.7432f,-0.4854f,0.8792f,-3.713f,-1.296f,0f,0f,0f,1f],start_interpolation: 0,interpolation_duration: 1}
$data merge entity $(bone_group12) {transformation: [-1.8747f,-2.921f,-0.9611f,1.6566f,-3.1737f,0.4026f,1.1356f,0.7432f,-0.4854f,0.8792f,-3.713f,-1.296f,0f,0f,0f,1f],start_interpolation: 0,interpolation_duration: 1}
$data merge entity $(bone_group13) {transformation: [-2.1684f,-2.3533f,-0.3844f,1.3435f,-2.7684f,1.1566f,0.4543f,0.8815f,-0.2855f,0.9629f,-1.4852f,-1.2232f,0f,0f,0f,1f],start_interpolation: 0,interpolation_duration: 1}
$data merge entity $(bone_group14) {transformation: [-2.1684f,-2.3533f,-0.3844f,1.3435f,-2.7684f,1.1566f,0.4543f,0.8815f,-0.2855f,0.9629f,-1.4852f,-1.2232f,0f,0f,0f,1f],start_interpolation: 0,interpolation_duration: 1}
$data merge entity $(bone_group15) {transformation: [-2.0636f,-2.4456f,-0.3844f,1.4181f,-2.8162f,1.0347f,0.4543f,0.8375f,-0.3272f,0.9495f,-1.4852f,-1.256f,0f,0f,0f,1f],start_interpolation: 0,interpolation_duration: 1}
$data merge entity $(bone_group16) {transformation: [-2.0636f,-2.4456f,-0.3844f,1.4181f,-2.8162f,1.0347f,0.4543f,0.8375f,-0.3272f,0.9495f,-1.4852f,-1.256f,0f,0f,0f,1f],start_interpolation: 0,interpolation_duration: 1}
$data merge entity $(bone_group17) {transformation: [-1.8426f,-2.6162f,-0.3844f,1.5473f,-2.8957f,0.7853f,0.4543f,0.8076f,-0.4087f,0.9174f,-1.4852f,-1.2986f,0f,0f,0f,1f],start_interpolation: 0,interpolation_duration: 1}
$data merge entity $(bone_group18) {transformation: [-1.8426f,-2.6162f,-0.3844f,1.5473f,-2.8957f,0.7853f,0.4543f,0.8076f,-0.4087f,0.9174f,-1.4852f,-1.2986f,0f,0f,0f,1f],start_interpolation: 0,interpolation_duration: 1}
$data merge entity $(bone_group19) {transformation: [-1.8426f,-2.6162f,-0.3844f,1.6219f,-2.8957f,0.7853f,0.4543f,0.7169f,-0.4087f,0.9174f,-1.4852f,-1.3456f,0f,0f,0f,1f],start_interpolation: 0,interpolation_duration: 1}
$data merge entity $(bone_group20) {transformation: [-1.8426f,-2.6162f,-0.3844f,1.6219f,-2.8957f,0.7853f,0.4543f,0.7169f,-0.4087f,0.9174f,-1.4852f,-1.3456f,0f,0f,0f,1f],start_interpolation: 0,interpolation_duration: 1}
$data merge entity $(bone_bone11) {transformation: [-0.8532f,-0.313f,-0.2403f,0.9243f,-0.2468f,1.3782f,0.2839f,0.9698f,0.1454f,0.5025f,-0.9283f,-1.1417f,0f,0f,0f,1f],start_interpolation: 0,interpolation_duration: 1}
$data merge entity $(bone_3) {transformation: [-0.771f,-0.5898f,-0.2403f,0.925f,-0.6368f,0.7169f,0.2839f,1.2149f,0.0048f,0.3719f,-0.9283f,-1.0669f,0f,0f,0f,1f],start_interpolation: 0,interpolation_duration: 1}
$data merge entity $(bone_8) {transformation: [-0.9881f,0.0226f,0.1521f,0.4682f,0.1069f,0.8116f,0.5744f,0.757f,-0.1105f,0.5838f,-0.8043f,-1.1935f,0f,0f,0f,1f],start_interpolation: 0,interpolation_duration: 1}
$data merge entity $(bone_7) {transformation: [-0.9881f,0.141f,-0.0614f,0.5145f,0.1069f,0.3431f,-0.9332f,0.7875f,-0.1105f,-0.9287f,-0.3541f,-1.579f,0f,0f,0f,1f],start_interpolation: 0,interpolation_duration: 1}