# This file was generated by Animated Java via MC-Build. It is not recommended to edit this file directly.
$data merge entity $(bone_layer) {transformation: [-0.9877f,0.1119f,-0.109f,0.6615f,0.0013f,0.7036f,0.7106f,1.2415f,0.1562f,0.7017f,-0.6951f,-1.0958f,0f,0f,0f,1f],start_interpolation: 0,interpolation_duration: 1}
$data merge entity $(bone_head) {transformation: [-0.9877f,0.1119f,-0.109f,0.6615f,0.0013f,0.7036f,0.7106f,1.2415f,0.1562f,0.7017f,-0.6951f,-1.0958f,0f,0f,0f,1f],start_interpolation: 0,interpolation_duration: 1}
$data merge entity $(bone_6) {transformation: [-0.9981f,-0.051f,0.0332f,0.7855f,0.0135f,0.3459f,0.9382f,0.5932f,-0.0593f,0.9369f,-0.3445f,-1.9746f,0f,0f,0f,1f],start_interpolation: 0,interpolation_duration: 1}
$data merge entity $(bone_12) {transformation: [-0.9981f,-0.0445f,0.0415f,0.7689f,0.0135f,0.5035f,0.8639f,0.782f,-0.0593f,0.8628f,-0.502f,-1.651f,0f,0f,0f,1f],start_interpolation: 0,interpolation_duration: 1}
$data merge entity $(bone_group3) {transformation: [0.4334f,-0.5696f,-0.6668f,-0.2117f,0.0781f,0.7218f,-0.5889f,1.8148f,1.1877f,0.1604f,0.2821f,-2.1859f,0f,0f,0f,1f],start_interpolation: 0,interpolation_duration: 1}
$data merge entity $(bone_group1) {transformation: [0.4334f,-0.5696f,-0.6668f,-0.2117f,0.0781f,0.7218f,-0.5889f,1.8148f,1.1877f,0.1604f,0.2821f,-2.1859f,0f,0f,0f,1f],start_interpolation: 0,interpolation_duration: 1}
$data merge entity $(bone_group4) {transformation: [0.4198f,-0.5518f,-0.646f,-0.2117f,0.0757f,0.6992f,-0.5705f,1.8148f,1.1505f,0.1554f,0.2733f,-2.1859f,0f,0f,0f,1f],start_interpolation: 0,interpolation_duration: 1}
$data merge entity $(bone_group2) {transformation: [0.4198f,-0.5518f,-0.646f,-0.2117f,0.0757f,0.6992f,-0.5705f,1.8148f,1.1505f,0.1554f,0.2733f,-2.1859f,0f,0f,0f,1f],start_interpolation: 0,interpolation_duration: 1}
$data merge entity $(bone_10) {transformation: [-0.9997f,0.0155f,-0.0188f,0.6572f,0f,0.7712f,0.6366f,1.101f,0.0244f,0.6364f,-0.7709f,-1.3601f,0f,0f,0f,1f],start_interpolation: 0,interpolation_duration: 1}
$data merge entity $(bone_9) {transformation: [-0.9997f,0.0226f,-0.0093f,0.6646f,0f,0.381f,0.9246f,1.2109f,0.0244f,0.9243f,-0.3809f,-1.0568f,0f,0f,0f,1f],start_interpolation: 0,interpolation_duration: 1}
$data merge entity $(bone_bone12) {transformation: [-1.4991f,-0.0385f,0.0246f,0.6568f,-0.0362f,1.4968f,0.0606f,1.7038f,-0.0391f,0.09f,-0.9979f,-1.3771f,0f,0f,0f,1f],start_interpolation: 0,interpolation_duration: 1}
$data merge entity $(bone_bone1) {transformation: [0.7725f,0.235f,0.6302f,0.2018f,-0.6133f,-0.4964f,0.7723f,0.8759f,0.1648f,-2.9493f,-0.0798f,-0.5228f,0f,0f,0f,1f],start_interpolation: 0,interpolation_duration: 1}
$data merge entity $(bone_2) {transformation: [0.9372f,-0.0148f,0.3484f,0.1454f,-0.3423f,0.1508f,0.9274f,0.8918f,-0.0662f,-0.9885f,0.1362f,-1.4047f,0f,0f,0f,1f],start_interpolation: 0,interpolation_duration: 1}
$data merge entity $(bone_bone2) {transformation: [1.9815f,0.1527f,-0.1121f,0.3782f,-0.2419f,1.7427f,-0.4756f,0.785f,0.1227f,0.9694f,0.8725f,-1.3325f,0f,0f,0f,1f],start_interpolation: 0,interpolation_duration: 1}
$data merge entity $(bone_1) {transformation: [0.9372f,0.3302f,-0.1121f,0.2883f,-0.3423f,0.8103f,-0.4756f,1.2251f,-0.0662f,0.4841f,0.8725f,-1.1042f,0f,0f,0f,1f],start_interpolation: 0,interpolation_duration: 1}
$data merge entity $(bone_4) {transformation: [-0.771f,-0.566f,0.2919f,1.0992f,-0.6368f,0.6783f,-0.3666f,1.0072f,0.0095f,-0.4686f,-0.8834f,-1.2779f,0f,0f,0f,1f],start_interpolation: 0,interpolation_duration: 1}
$data merge entity $(bone_group5) {transformation: [-3.0839f,-1.5862f,-0.9837f,1.16f,-2.5472f,1.9355f,1.1356f,0.7285f,0.038f,1.0138f,-3.7071f,-1.241f,0f,0f,0f,1f],start_interpolation: 0,interpolation_duration: 1}
$data merge entity $(bone_group7) {transformation: [-3.0839f,-1.5862f,-0.9837f,1.16f,-2.5472f,1.9355f,1.1356f,0.7285f,0.038f,1.0138f,-3.7071f,-1.241f,0f,0f,0f,1f],start_interpolation: 0,interpolation_duration: 1}
$data merge entity $(bone_group6) {transformation: [-1.8776f,-2.9156f,-0.9837f,1.5139f,-3.1737f,0.4026f,1.1356f,0.9208f,-0.474f,0.897f,-3.7071f,-1.2761f,0f,0f,0f,1f],start_interpolation: 0,interpolation_duration: 1}
$data merge entity $(bone_group8) {transformation: [-1.8776f,-2.9156f,-0.9837f,1.5139f,-3.1737f,0.4026f,1.1356f,0.9208f,-0.474f,0.897f,-3.7071f,-1.2761f,0f,0f,0f,1f],start_interpolation: 0,interpolation_duration: 1}
$data merge entity $(bone_group9) {transformation: [-1.8776f,-2.9156f,-0.9837f,1.5883f,-3.1737f,0.4026f,1.1356f,0.8301f,-0.474f,0.897f,-3.7071f,-1.3236f,0f,0f,0f,1f],start_interpolation: 0,interpolation_duration: 1}
$data merge entity $(bone_group10) {transformation: [-1.8776f,-2.9156f,-0.9837f,1.5883f,-3.1737f,0.4026f,1.1356f,0.8301f,-0.474f,0.897f,-3.7071f,-1.3236f,0f,0f,0f,1f],start_interpolation: 0,interpolation_duration: 1}
$data merge entity $(bone_group11) {transformation: [-1.8776f,-2.9156f,-0.9837f,1.6626f,-3.1737f,0.4026f,1.1356f,0.7394f,-0.474f,0.897f,-3.7071f,-1.3711f,0f,0f,0f,1f],start_interpolation: 0,interpolation_duration: 1}
$data merge entity $(bone_group12) {transformation: [-1.8776f,-2.9156f,-0.9837f,1.6626f,-3.1737f,0.4026f,1.1356f,0.7394f,-0.474f,0.897f,-3.7071f,-1.3711f,0f,0f,0f,1f],start_interpolation: 0,interpolation_duration: 1}
$data merge entity $(bone_group13) {transformation: [-2.1701f,-2.3474f,-0.3935f,1.35f,-2.7684f,1.1566f,0.4543f,0.8777f,-0.2722f,0.9772f,-1.4828f,-1.2964f,0f,0f,0f,1f],start_interpolation: 0,interpolation_duration: 1}
$data merge entity $(bone_group14) {transformation: [-2.1701f,-2.3474f,-0.3935f,1.35f,-2.7684f,1.1566f,0.4543f,0.8777f,-0.2722f,0.9772f,-1.4828f,-1.2964f,0f,0f,0f,1f],start_interpolation: 0,interpolation_duration: 1}
$data merge entity $(bone_group15) {transformation: [-2.0656f,-2.4398f,-0.3935f,1.4244f,-2.8162f,1.0347f,0.4543f,0.8337f,-0.3146f,0.9644f,-1.4828f,-1.3296f,0f,0f,0f,1f],start_interpolation: 0,interpolation_duration: 1}
$data merge entity $(bone_group16) {transformation: [-2.0656f,-2.4398f,-0.3935f,1.4244f,-2.8162f,1.0347f,0.4543f,0.8337f,-0.3146f,0.9644f,-1.4828f,-1.3296f,0f,0f,0f,1f],start_interpolation: 0,interpolation_duration: 1}
$data merge entity $(bone_group17) {transformation: [-1.8451f,-2.6105f,-0.3935f,1.5533f,-2.8957f,0.7853f,0.4543f,0.8038f,-0.3975f,0.9333f,-1.4828f,-1.3729f,0f,0f,0f,1f],start_interpolation: 0,interpolation_duration: 1}
$data merge entity $(bone_group18) {transformation: [-1.8451f,-2.6105f,-0.3935f,1.5533f,-2.8957f,0.7853f,0.4543f,0.8038f,-0.3975f,0.9333f,-1.4828f,-1.3729f,0f,0f,0f,1f],start_interpolation: 0,interpolation_duration: 1}
$data merge entity $(bone_group19) {transformation: [-1.8451f,-2.6105f,-0.3935f,1.6277f,-2.8957f,0.7853f,0.4543f,0.713f,-0.3975f,0.9333f,-1.4828f,-1.4205f,0f,0f,0f,1f],start_interpolation: 0,interpolation_duration: 1}
$data merge entity $(bone_group20) {transformation: [-1.8451f,-2.6105f,-0.3935f,1.6277f,-2.8957f,0.7853f,0.4543f,0.713f,-0.3975f,0.9333f,-1.4828f,-1.4205f,0f,0f,0f,1f],start_interpolation: 0,interpolation_duration: 1}
$data merge entity $(bone_bone11) {transformation: [-0.8523f,-0.3099f,-0.2459f,0.9313f,-0.2468f,1.3782f,0.2839f,0.966f,0.1506f,0.5044f,-0.9268f,-1.2123f,0f,0f,0f,1f],start_interpolation: 0,interpolation_duration: 1}
$data merge entity $(bone_3) {transformation: [-0.771f,-0.5875f,-0.2459f,0.9325f,-0.6368f,0.7169f,0.2839f,1.2111f,0.0095f,0.3755f,-0.9268f,-1.1375f,0f,0f,0f,1f],start_interpolation: 0,interpolation_duration: 1}
$data merge entity $(bone_8) {transformation: [-0.9888f,0.0261f,0.1472f,0.4749f,0.1069f,0.8116f,0.5744f,0.7516f,-0.1044f,0.5837f,-0.8052f,-1.2592f,0f,0f,0f,1f],start_interpolation: 0,interpolation_duration: 1}
$data merge entity $(bone_7) {transformation: [-0.9888f,0.1353f,-0.0636f,0.5189f,0.1069f,0.3431f,-0.9332f,0.782f,-0.1044f,-0.9295f,-0.3537f,-1.6449f,0f,0f,0f,1f],start_interpolation: 0,interpolation_duration: 1}