# This file was generated by Animated Java via MC-Build. It is not recommended to edit this file directly.
$data merge entity $(bone_layer) {transformation: [-0.989f,0.1052f,-0.1039f,0.6611f,0.0013f,0.7087f,0.7055f,1.24f,0.1478f,0.6976f,-0.7011f,-1.1685f,0f,0f,0f,1f],start_interpolation: 0,interpolation_duration: 1}
$data merge entity $(bone_head) {transformation: [-0.989f,0.1052f,-0.1039f,0.6611f,0.0013f,0.7087f,0.7055f,1.24f,0.1478f,0.6976f,-0.7011f,-1.1685f,0f,0f,0f,1f],start_interpolation: 0,interpolation_duration: 1}
$data merge entity $(bone_6) {transformation: [-0.9985f,-0.0465f,0.0305f,0.7835f,0.0113f,0.3664f,0.9304f,0.5788f,-0.0545f,0.9293f,-0.3653f,-2.0327f,0f,0f,0f,1f],start_interpolation: 0,interpolation_duration: 1}
$data merge entity $(bone_12) {transformation: [-0.9985f,-0.0405f,0.0381f,0.7683f,0.0113f,0.5224f,0.8526f,0.7747f,-0.0545f,0.8518f,-0.5211f,-1.7133f,0f,0f,0f,1f],start_interpolation: 0,interpolation_duration: 1}
$data merge entity $(bone_group3) {transformation: [0.4481f,-0.5684f,-0.6625f,-0.2241f,0.0909f,0.7228f,-0.5867f,1.7967f,1.1813f,0.1601f,0.2965f,-2.2519f,0f,0f,0f,1f],start_interpolation: 0,interpolation_duration: 1}
$data merge entity $(bone_group1) {transformation: [0.4481f,-0.5684f,-0.6625f,-0.2241f,0.0909f,0.7228f,-0.5867f,1.7967f,1.1813f,0.1601f,0.2965f,-2.2519f,0f,0f,0f,1f],start_interpolation: 0,interpolation_duration: 1}
$data merge entity $(bone_group4) {transformation: [0.4341f,-0.5507f,-0.6418f,-0.2241f,0.088f,0.7002f,-0.5684f,1.7967f,1.1443f,0.1551f,0.2872f,-2.2519f,0f,0f,0f,1f],start_interpolation: 0,interpolation_duration: 1}
$data merge entity $(bone_group2) {transformation: [0.4341f,-0.5507f,-0.6418f,-0.2241f,0.088f,0.7002f,-0.5684f,1.7967f,1.1443f,0.1551f,0.2872f,-2.2519f,0f,0f,0f,1f],start_interpolation: 0,interpolation_duration: 1}
$data merge entity $(bone_10) {transformation: [-0.9997f,0.0161f,-0.0197f,0.6568f,0f,0.7749f,0.632f,1.0927f,0.0254f,0.6318f,-0.7747f,-1.4288f,0f,0f,0f,1f],start_interpolation: 0,interpolation_duration: 1}
$data merge entity $(bone_9) {transformation: [-0.9997f,0.0234f,-0.01f,0.6645f,0f,0.3947f,0.9188f,1.2076f,0.0254f,0.9185f,-0.3946f,-1.1264f,0f,0f,0f,1f],start_interpolation: 0,interpolation_duration: 1}
$data merge entity $(bone_bone12) {transformation: [-1.4996f,-0.0308f,0.0115f,0.6563f,-0.0296f,1.4964f,0.0659f,1.6964f,-0.0193f,0.0985f,-0.9978f,-1.4459f,0f,0f,0f,1f],start_interpolation: 0,interpolation_duration: 1}
$data merge entity $(bone_bone1) {transformation: [0.7706f,0.2643f,0.6312f,0.1933f,-0.6181f,-0.4139f,0.7739f,0.8494f,0.1553f,-2.9595f,-0.0519f,-0.5917f,0f,0f,0f,1f],start_interpolation: 0,interpolation_duration: 1}
$data merge entity $(bone_2) {transformation: [0.9378f,-0.0048f,0.3472f,0.1457f,-0.3409f,0.1783f,0.923f,0.8901f,-0.0664f,-0.984f,0.1656f,-1.4734f,0f,0f,0f,1f],start_interpolation: 0,interpolation_duration: 1}
$data merge entity $(bone_bone2) {transformation: [1.9821f,0.1508f,-0.1101f,0.3784f,-0.238f,1.7458f,-0.4732f,0.7833f,0.1209f,0.9641f,0.874f,-1.4034f,0f,0f,0f,1f],start_interpolation: 0,interpolation_duration: 1}
$data merge entity $(bone_1) {transformation: [0.9378f,0.3293f,-0.1101f,0.2881f,-0.3409f,0.8123f,-0.4732f,1.2239f,-0.0664f,0.4813f,0.874f,-1.1762f,0f,0f,0f,1f],start_interpolation: 0,interpolation_duration: 1}
$data merge entity $(bone_4) {transformation: [-0.7745f,-0.558f,0.298f,1.101f,-0.6325f,0.6776f,-0.3752f,1.0032f,0.0074f,-0.4791f,-0.8778f,-1.3472f,0f,0f,0f,1f],start_interpolation: 0,interpolation_duration: 1}
$data merge entity $(bone_group5) {transformation: [-3.0981f,-1.5846f,-0.9436f,1.1598f,-2.53f,1.9521f,1.1117f,0.7246f,0.0297f,0.9841f,-3.7248f,-1.3075f,0f,0f,0f,1f],start_interpolation: 0,interpolation_duration: 1}
$data merge entity $(bone_group7) {transformation: [-3.0981f,-1.5846f,-0.9436f,1.1598f,-2.53f,1.9521f,1.1117f,0.7246f,0.0297f,0.9841f,-3.7248f,-1.3075f,0f,0f,0f,1f],start_interpolation: 0,interpolation_duration: 1}
$data merge entity $(bone_group6) {transformation: [-1.8907f,-2.9214f,-0.9436f,1.5152f,-3.167f,0.4256f,1.1117f,0.9146f,-0.4663f,0.8671f,-3.7248f,-1.3408f,0f,0f,0f,1f],start_interpolation: 0,interpolation_duration: 1}
$data merge entity $(bone_group8) {transformation: [-1.8907f,-2.9214f,-0.9436f,1.5152f,-3.167f,0.4256f,1.1117f,0.9146f,-0.4663f,0.8671f,-3.7248f,-1.3408f,0f,0f,0f,1f],start_interpolation: 0,interpolation_duration: 1}
$data merge entity $(bone_group9) {transformation: [-1.8907f,-2.9214f,-0.9436f,1.5894f,-3.167f,0.4256f,1.1117f,0.8231f,-0.4663f,0.8671f,-3.7248f,-1.387f,0f,0f,0f,1f],start_interpolation: 0,interpolation_duration: 1}
$data merge entity $(bone_group10) {transformation: [-1.8907f,-2.9214f,-0.9436f,1.5894f,-3.167f,0.4256f,1.1117f,0.8231f,-0.4663f,0.8671f,-3.7248f,-1.387f,0f,0f,0f,1f],start_interpolation: 0,interpolation_duration: 1}
$data merge entity $(bone_group11) {transformation: [-1.8907f,-2.9214f,-0.9436f,1.6637f,-3.167f,0.4256f,1.1117f,0.7316f,-0.4663f,0.8671f,-3.7248f,-1.4331f,0f,0f,0f,1f],start_interpolation: 0,interpolation_duration: 1}
$data merge entity $(bone_group12) {transformation: [-1.8907f,-2.9214f,-0.9436f,1.6637f,-3.167f,0.4256f,1.1117f,0.7316f,-0.4663f,0.8671f,-3.7248f,-1.4331f,0f,0f,0f,1f],start_interpolation: 0,interpolation_duration: 1}
$data merge entity $(bone_group13) {transformation: [-2.1828f,-2.3498f,-0.3774f,1.3513f,-2.7586f,1.177f,0.4447f,0.8723f,-0.2704f,0.9466f,-1.4899f,-1.3623f,0f,0f,0f,1f],start_interpolation: 0,interpolation_duration: 1}
$data merge entity $(bone_group14) {transformation: [-2.1828f,-2.3498f,-0.3774f,1.3513f,-2.7586f,1.177f,0.4447f,0.8723f,-0.2704f,0.9466f,-1.4899f,-1.3623f,0f,0f,0f,1f],start_interpolation: 0,interpolation_duration: 1}
$data merge entity $(bone_group15) {transformation: [-2.0782f,-2.4427f,-0.3774f,1.4257f,-2.8073f,1.0556f,0.4447f,0.8276f,-0.3114f,0.9339f,-1.4899f,-1.3945f,0f,0f,0f,1f],start_interpolation: 0,interpolation_duration: 1}
$data merge entity $(bone_group16) {transformation: [-2.0782f,-2.4427f,-0.3774f,1.4257f,-2.8073f,1.0556f,0.4447f,0.8276f,-0.3114f,0.9339f,-1.4899f,-1.3945f,0f,0f,0f,1f],start_interpolation: 0,interpolation_duration: 1}
$data merge entity $(bone_group17) {transformation: [-1.8574f,-2.6146f,-0.3774f,1.5548f,-2.8886f,0.8069f,0.4447f,0.7966f,-0.3916f,0.9032f,-1.4899f,-1.4364f,0f,0f,0f,1f],start_interpolation: 0,interpolation_duration: 1}
$data merge entity $(bone_group18) {transformation: [-1.8574f,-2.6146f,-0.3774f,1.5548f,-2.8886f,0.8069f,0.4447f,0.7966f,-0.3916f,0.9032f,-1.4899f,-1.4364f,0f,0f,0f,1f],start_interpolation: 0,interpolation_duration: 1}
$data merge entity $(bone_group19) {transformation: [-1.8574f,-2.6146f,-0.3774f,1.6291f,-2.8886f,0.8069f,0.4447f,0.7051f,-0.3916f,0.9032f,-1.4899f,-1.4826f,0f,0f,0f,1f],start_interpolation: 0,interpolation_duration: 1}
$data merge entity $(bone_group20) {transformation: [-1.8574f,-2.6146f,-0.3774f,1.6291f,-2.8886f,0.8069f,0.4447f,0.7051f,-0.3916f,0.9032f,-1.4899f,-1.4826f,0f,0f,0f,1f],start_interpolation: 0,interpolation_duration: 1}
$data merge entity $(bone_bone11) {transformation: [-0.855f,-0.3069f,-0.2359f,0.9323f,-0.2409f,1.3838f,0.2779f,0.9635f,0.1447f,0.4908f,-0.9312f,-1.2828f,0f,0f,0f,1f],start_interpolation: 0,interpolation_duration: 1}
$data merge entity $(bone_3) {transformation: [-0.7745f,-0.5869f,-0.2359f,0.9341f,-0.6325f,0.723f,0.2779f,1.2092f,0.0074f,0.3645f,-0.9312f,-1.2099f,0f,0f,0f,1f],start_interpolation: 0,interpolation_duration: 1}
$data merge entity $(bone_8) {transformation: [-0.9889f,0.0283f,0.1461f,0.4739f,0.1069f,0.8176f,0.5657f,0.7353f,-0.1034f,0.575f,-0.8116f,-1.3225f,0f,0f,0f,1f],start_interpolation: 0,interpolation_duration: 1}
$data merge entity $(bone_7) {transformation: [-0.9889f,0.1355f,-0.0614f,0.5184f,0.1069f,0.3605f,-0.9266f,0.7747f,-0.1034f,-0.9229f,-0.371f,-1.7069f,0f,0f,0f,1f],start_interpolation: 0,interpolation_duration: 1}