# This file was generated by Animated Java via MC-Build. It is not recommended to edit this file directly.
$data merge entity $(bone_layer) {transformation: [-0.9926f,0.0855f,-0.0867f,0.6499f,0.0012f,0.7189f,0.6951f,1.2422f,0.1218f,0.6899f,-0.7136f,-1.2105f,0f,0f,0f,1f],start_interpolation: 0,interpolation_duration: 1}
$data merge entity $(bone_head) {transformation: [-0.9926f,0.0855f,-0.0867f,0.6499f,0.0012f,0.7189f,0.6951f,1.2422f,0.1218f,0.6899f,-0.7136f,-1.2105f,0f,0f,0f,1f],start_interpolation: 0,interpolation_duration: 1}
$data merge entity $(bone_6) {transformation: [-0.9985f,-0.0464f,0.0282f,0.776f,0.0069f,0.4069f,0.9134f,0.5586f,-0.0538f,0.9123f,-0.406f,-2.0472f,0f,0f,0f,1f],start_interpolation: 0,interpolation_duration: 1}
$data merge entity $(bone_12) {transformation: [-0.9985f,-0.0408f,0.0359f,0.7607f,0.0069f,0.5594f,0.8289f,0.7684f,-0.0538f,0.8279f,-0.5583f,-1.7367f,0f,0f,0f,1f],start_interpolation: 0,interpolation_duration: 1}
$data merge entity $(bone_group3) {transformation: [0.467f,-0.5674f,-0.6563f,-0.2506f,0.1156f,0.7247f,-0.5819f,1.7693f,1.1717f,0.1547f,0.319f,-2.2906f,0f,0f,0f,1f],start_interpolation: 0,interpolation_duration: 1}
$data merge entity $(bone_group1) {transformation: [0.467f,-0.5674f,-0.6563f,-0.2506f,0.1156f,0.7247f,-0.5819f,1.7693f,1.1717f,0.1547f,0.319f,-2.2906f,0f,0f,0f,1f],start_interpolation: 0,interpolation_duration: 1}
$data merge entity $(bone_group4) {transformation: [0.4524f,-0.5497f,-0.6358f,-0.2506f,0.112f,0.7021f,-0.5637f,1.7693f,1.1351f,0.1498f,0.309f,-2.2906f,0f,0f,0f,1f],start_interpolation: 0,interpolation_duration: 1}
$data merge entity $(bone_group2) {transformation: [0.4524f,-0.5497f,-0.6358f,-0.2506f,0.112f,0.7021f,-0.5637f,1.7693f,1.1351f,0.1498f,0.309f,-2.2906f,0f,0f,0f,1f],start_interpolation: 0,interpolation_duration: 1}
$data merge entity $(bone_10) {transformation: [-0.9998f,0.0114f,-0.0143f,0.6469f,0f,0.7824f,0.6228f,1.0842f,0.0183f,0.6227f,-0.7823f,-1.4659f,0f,0f,0f,1f],start_interpolation: 0,interpolation_duration: 1}
$data merge entity $(bone_9) {transformation: [-0.9998f,0.0166f,-0.0077f,0.6524f,0f,0.4218f,0.9067f,1.2094f,0.0183f,0.9065f,-0.4217f,-1.1654f,0f,0f,0f,1f],start_interpolation: 0,interpolation_duration: 1}
$data merge entity $(bone_bone12) {transformation: [-1.4999f,-0.0143f,-0.0048f,0.6465f,-0.0148f,1.4955f,0.0767f,1.6903f,0.006f,0.1151f,-0.997f,-1.4833f,0f,0f,0f,1f],start_interpolation: 0,interpolation_duration: 1}
$data merge entity $(bone_bone1) {transformation: [0.7691f,0.3142f,0.6305f,0.1711f,-0.6201f,-0.349f,0.7758f,0.8328f,0.1546f,-2.963f,-0.0245f,-0.6321f,0f,0f,0f,1f],start_interpolation: 0,interpolation_duration: 1}
$data merge entity $(bone_2) {transformation: [0.9394f,0.0112f,0.3427f,0.138f,-0.3379f,0.1997f,0.9198f,0.8925f,-0.0582f,-0.9798f,0.1913f,-1.5134f,0f,0f,0f,1f],start_interpolation: 0,interpolation_duration: 1}
$data merge entity $(bone_bone2) {transformation: [1.9819f,0.1374f,-0.1154f,0.3699f,-0.231f,1.7487f,-0.4714f,0.7856f,0.1371f,0.9609f,0.8744f,-1.4456f,0f,0f,0f,1f],start_interpolation: 0,interpolation_duration: 1}
$data merge entity $(bone_1) {transformation: [0.9394f,0.3228f,-0.1154f,0.2763f,-0.3379f,0.8146f,-0.4714f,1.2264f,-0.0582f,0.4818f,0.8744f,-1.2203f,0f,0f,0f,1f],start_interpolation: 0,interpolation_duration: 1}
$data merge entity $(bone_4) {transformation: [-0.7816f,-0.537f,0.3175f,1.0946f,-0.6238f,0.6759f,-0.3924f,1.0012f,-0.0039f,-0.5048f,-0.8633f,-1.3782f,0f,0f,0f,1f],start_interpolation: 0,interpolation_duration: 1}
$data merge entity $(bone_group5) {transformation: [-3.1263f,-1.5886f,-0.8291f,1.1492f,-2.4952f,1.9848f,1.0622f,0.7226f,-0.0154f,0.9095f,-3.7662f,-1.3326f,0f,0f,0f,1f],start_interpolation: 0,interpolation_duration: 1}
$data merge entity $(bone_group7) {transformation: [-3.1263f,-1.5886f,-0.8291f,1.1492f,-2.4952f,1.9848f,1.0622f,0.7226f,-0.0154f,0.9095f,-3.7662f,-1.3326f,0f,0f,0f,1f],start_interpolation: 0,interpolation_duration: 1}
$data merge entity $(bone_group6) {transformation: [-1.9132f,-2.9389f,-0.8291f,1.5074f,-3.1533f,0.4713f,1.0622f,0.9082f,-0.4681f,0.7799f,-3.7662f,-1.3591f,0f,0f,0f,1f],start_interpolation: 0,interpolation_duration: 1}
$data merge entity $(bone_group8) {transformation: [-1.9132f,-2.9389f,-0.8291f,1.5074f,-3.1533f,0.4713f,1.0622f,0.9082f,-0.4681f,0.7799f,-3.7662f,-1.3591f,0f,0f,0f,1f],start_interpolation: 0,interpolation_duration: 1}
$data merge entity $(bone_group9) {transformation: [-1.9132f,-2.9389f,-0.8291f,1.5819f,-3.1533f,0.4713f,1.0622f,0.8151f,-0.4681f,0.7799f,-3.7662f,-1.4017f,0f,0f,0f,1f],start_interpolation: 0,interpolation_duration: 1}
$data merge entity $(bone_group10) {transformation: [-1.9132f,-2.9389f,-0.8291f,1.5819f,-3.1533f,0.4713f,1.0622f,0.8151f,-0.4681f,0.7799f,-3.7662f,-1.4017f,0f,0f,0f,1f],start_interpolation: 0,interpolation_duration: 1}
$data merge entity $(bone_group11) {transformation: [-1.9132f,-2.9389f,-0.8291f,1.6563f,-3.1533f,0.4713f,1.0622f,0.7221f,-0.4681f,0.7799f,-3.7662f,-1.4444f,0f,0f,0f,1f],start_interpolation: 0,interpolation_duration: 1}
$data merge entity $(bone_group12) {transformation: [-1.9132f,-2.9389f,-0.8291f,1.6563f,-3.1533f,0.4713f,1.0622f,0.7221f,-0.4681f,0.7799f,-3.7662f,-1.4444f,0f,0f,0f,1f],start_interpolation: 0,interpolation_duration: 1}
$data merge entity $(bone_group13) {transformation: [-2.2058f,-2.3611f,-0.3317f,1.3437f,-2.7385f,1.2176f,0.4249f,0.8672f,-0.2867f,0.8632f,-1.5065f,-1.3844f,0f,0f,0f,1f],start_interpolation: 0,interpolation_duration: 1}
$data merge entity $(bone_group14) {transformation: [-2.2058f,-2.3611f,-0.3317f,1.3437f,-2.7385f,1.2176f,0.4249f,0.8672f,-0.2867f,0.8632f,-1.5065f,-1.3844f,0f,0f,0f,1f],start_interpolation: 0,interpolation_duration: 1}
$data merge entity $(bone_group15) {transformation: [-2.1007f,-2.4551f,-0.3317f,1.4185f,-2.7891f,1.097f,0.4249f,0.8213f,-0.3241f,0.8499f,-1.5065f,-1.4138f,0f,0f,0f,1f],start_interpolation: 0,interpolation_duration: 1}
$data merge entity $(bone_group16) {transformation: [-2.1007f,-2.4551f,-0.3317f,1.4185f,-2.7891f,1.097f,0.4249f,0.8213f,-0.3241f,0.8499f,-1.5065f,-1.4138f,0f,0f,0f,1f],start_interpolation: 0,interpolation_duration: 1}
$data merge entity $(bone_group17) {transformation: [-1.8787f,-2.6288f,-0.3317f,1.5483f,-2.874f,0.8498f,0.4249f,0.7882f,-0.3969f,0.8184f,-1.5065f,-1.4517f,0f,0f,0f,1f],start_interpolation: 0,interpolation_duration: 1}
$data merge entity $(bone_group18) {transformation: [-1.8787f,-2.6288f,-0.3317f,1.5483f,-2.874f,0.8498f,0.4249f,0.7882f,-0.3969f,0.8184f,-1.5065f,-1.4517f,0f,0f,0f,1f],start_interpolation: 0,interpolation_duration: 1}
$data merge entity $(bone_group19) {transformation: [-1.8787f,-2.6288f,-0.3317f,1.6228f,-2.874f,0.8498f,0.4249f,0.6952f,-0.3969f,0.8184f,-1.5065f,-1.4943f,0f,0f,0f,1f],start_interpolation: 0,interpolation_duration: 1}
$data merge entity $(bone_group20) {transformation: [-1.8787f,-2.6288f,-0.3317f,1.6228f,-2.874f,0.8498f,0.4249f,0.6952f,-0.3969f,0.8184f,-1.5065f,-1.4943f,0f,0f,0f,1f],start_interpolation: 0,interpolation_duration: 1}
$data merge entity $(bone_bone11) {transformation: [-0.8613f,-0.3044f,-0.2073f,0.9238f,-0.2292f,1.3948f,0.2655f,0.9643f,0.125f,0.4604f,-0.9416f,-1.3178f,0f,0f,0f,1f],start_interpolation: 0,interpolation_duration: 1}
$data merge entity $(bone_3) {transformation: [-0.7816f,-0.5884f,-0.2073f,0.9264f,-0.6238f,0.7351f,0.2655f,1.2111f,-0.0039f,0.3368f,-0.9416f,-1.2488f,0f,0f,0f,1f],start_interpolation: 0,interpolation_duration: 1}
$data merge entity $(bone_8) {transformation: [-0.9881f,0.0274f,0.1513f,0.462f,0.1069f,0.8295f,0.5481f,0.711f,-0.1105f,0.5578f,-0.8226f,-1.3515f,0f,0f,0f,1f],start_interpolation: 0,interpolation_duration: 1}
$data merge entity $(bone_7) {transformation: [-0.9881f,0.1442f,-0.0534f,0.5107f,0.1069f,0.3949f,-0.9125f,0.7684f,-0.1105f,-0.9073f,-0.4056f,-1.7321f,0f,0f,0f,1f],start_interpolation: 0,interpolation_duration: 1}