# This file was generated by Animated Java via MC-Build. It is not recommended to edit this file directly.
$data merge entity $(bone_layer) {transformation: [-0.9979f,-0.0396f,0.0518f,0.5536f,0.0032f,0.7634f,0.6459f,1.2738f,-0.0651f,0.6447f,-0.7616f,-1.0577f,0f,0f,0f,1f],start_interpolation: 0,interpolation_duration: 1}
$data merge entity $(bone_head) {transformation: [-0.9979f,-0.0396f,0.0518f,0.5536f,0.0032f,0.7634f,0.6459f,1.2738f,-0.0651f,0.6447f,-0.7616f,-1.0577f,0f,0f,0f,1f],start_interpolation: 0,interpolation_duration: 1}
$data merge entity $(bone_6) {transformation: [-0.9948f,-0.0899f,0.0482f,0.728f,-0.0161f,0.605f,0.796f,0.4904f,-0.1007f,0.7911f,-0.6033f,-1.7447f,0f,0f,0f,1f],start_interpolation: 0,interpolation_duration: 1}
$data merge entity $(bone_12) {transformation: [-0.9948f,-0.0802f,0.063f,0.698f,-0.0161f,0.7341f,0.6789f,0.7656f,-0.1007f,0.6743f,-0.7315f,-1.4918f,0f,0f,0f,1f],start_interpolation: 0,interpolation_duration: 1}
$data merge entity $(bone_group3) {transformation: [0.5147f,-0.5638f,-0.6399f,-0.3778f,0.2274f,0.7359f,-0.5491f,1.6711f,1.1348f,0.1083f,0.4002f,-2.1543f,0f,0f,0f,1f],start_interpolation: 0,interpolation_duration: 1}
$data merge entity $(bone_group1) {transformation: [0.5147f,-0.5638f,-0.6399f,-0.3778f,0.2274f,0.7359f,-0.5491f,1.6711f,1.1348f,0.1083f,0.4002f,-2.1543f,0f,0f,0f,1f],start_interpolation: 0,interpolation_duration: 1}
$data merge entity $(bone_group4) {transformation: [0.4986f,-0.5462f,-0.6199f,-0.3778f,0.2203f,0.7129f,-0.5319f,1.6711f,1.0994f,0.1049f,0.3877f,-2.1543f,0f,0f,0f,1f],start_interpolation: 0,interpolation_duration: 1}
$data merge entity $(bone_group2) {transformation: [0.4986f,-0.5462f,-0.6199f,-0.3778f,0.2203f,0.7129f,-0.5319f,1.6711f,1.0994f,0.1049f,0.3877f,-2.1543f,0f,0f,0f,1f],start_interpolation: 0,interpolation_duration: 1}
$data merge entity $(bone_10) {transformation: [-0.9976f,-0.0396f,0.0566f,0.5652f,0f,0.8195f,0.5731f,1.071f,-0.0691f,0.5717f,-0.8175f,-1.2934f,0f,0f,0f,1f],start_interpolation: 0,interpolation_duration: 1}
$data merge entity $(bone_9) {transformation: [-0.9976f,-0.0574f,0.0385f,0.5456f,0f,0.5568f,0.8307f,1.2489f,-0.0691f,0.8287f,-0.5555f,-1.0097f,0f,0f,0f,1f],start_interpolation: 0,interpolation_duration: 1}
$data merge entity $(bone_bone12) {transformation: [-1.4963f,0.1005f,-0.0212f,0.5668f,0.0952f,1.4828f,0.1369f,1.6973f,0.0452f,0.2029f,-0.9904f,-1.3161f,0f,0f,0f,1f],start_interpolation: 0,interpolation_duration: 1}
$data merge entity $(bone_bone1) {transformation: [0.7623f,0.5531f,0.6205f,0.0352f,-0.6061f,-0.3995f,0.7842f,0.894f,0.2272f,-2.9214f,0.0102f,-0.5033f,0f,0f,0f,1f],start_interpolation: 0,interpolation_duration: 1}
$data merge entity $(bone_2) {transformation: [0.9453f,0.0864f,0.3146f,0.0715f,-0.3254f,0.1816f,0.928f,0.9369f,0.0231f,-0.9796f,0.1998f,-1.3854f,0f,0f,0f,1f],start_interpolation: 0,interpolation_duration: 1}
$data merge entity $(bone_bone2) {transformation: [1.9631f,0.0219f,-0.1909f,0.2962f,-0.2114f,1.7258f,-0.4942f,0.8258f,0.3186f,1.0105f,0.8481f,-1.3215f,0f,0f,0f,1f],start_interpolation: 0,interpolation_duration: 1}
$data merge entity $(bone_1) {transformation: [0.9453f,0.2646f,-0.1909f,0.1756f,-0.3254f,0.8061f,-0.4942f,1.2599f,0.0231f,0.5293f,0.8481f,-1.0957f,0f,0f,0f,1f],start_interpolation: 0,interpolation_duration: 1}
$data merge entity $(bone_4) {transformation: [-0.8101f,-0.3839f,0.4432f,1.0193f,-0.5768f,0.6573f,-0.485f,1.0128f,-0.1051f,-0.6485f,-0.7539f,-1.1425f,0f,0f,0f,1f],start_interpolation: 0,interpolation_duration: 1}
$data merge entity $(bone_group5) {transformation: [-3.2403f,-1.5829f,-0.0367f,1.0443f,-2.3073f,2.1439f,0.7672f,0.7367f,-0.4206f,0.4338f,-3.9256f,-1.066f,0f,0f,0f,1f],start_interpolation: 0,interpolation_duration: 1}
$data merge entity $(bone_group7) {transformation: [-3.2403f,-1.5829f,-0.0367f,1.0443f,-2.3073f,2.1439f,0.7672f,0.7367f,-0.4206f,0.4338f,-3.9256f,-1.066f,0f,0f,0f,1f],start_interpolation: 0,interpolation_duration: 1}
$data merge entity $(bone_group6) {transformation: [-2.0147f,-2.991f,-0.0367f,1.4136f,-3.0701f,0.703f,0.7672f,0.8988f,-0.5811f,0.1654f,-3.9256f,-1.0377f,0f,0f,0f,1f],start_interpolation: 0,interpolation_duration: 1}
$data merge entity $(bone_group8) {transformation: [-2.0147f,-2.991f,-0.0367f,1.4136f,-3.0701f,0.703f,0.7672f,0.8988f,-0.5811f,0.1654f,-3.9256f,-1.0377f,0f,0f,0f,1f],start_interpolation: 0,interpolation_duration: 1}
$data merge entity $(bone_group9) {transformation: [-2.0147f,-2.991f,-0.0367f,1.4878f,-3.0701f,0.703f,0.7672f,0.7983f,-0.5811f,0.1654f,-3.9256f,-1.0581f,0f,0f,0f,1f],start_interpolation: 0,interpolation_duration: 1}
$data merge entity $(bone_group10) {transformation: [-2.0147f,-2.991f,-0.0367f,1.4878f,-3.0701f,0.703f,0.7672f,0.7983f,-0.5811f,0.1654f,-3.9256f,-1.0581f,0f,0f,0f,1f],start_interpolation: 0,interpolation_duration: 1}
$data merge entity $(bone_group11) {transformation: [-2.0147f,-2.991f,-0.0367f,1.562f,-3.0701f,0.703f,0.7672f,0.6978f,-0.5811f,0.1654f,-3.9256f,-1.0784f,0f,0f,0f,1f],start_interpolation: 0,interpolation_duration: 1}
$data merge entity $(bone_group12) {transformation: [-2.0147f,-2.991f,-0.0367f,1.562f,-3.0701f,0.703f,0.7672f,0.6978f,-0.5811f,0.1654f,-3.9256f,-1.0784f,0f,0f,0f,1f],start_interpolation: 0,interpolation_duration: 1}
$data merge entity $(bone_group13) {transformation: [-2.3053f,-2.3866f,-0.0147f,1.2549f,-2.6251f,1.4202f,0.3069f,0.8651f,-0.4915f,0.2999f,-1.5702f,-1.0906f,0f,0f,0f,1f],start_interpolation: 0,interpolation_duration: 1}
$data merge entity $(bone_group14) {transformation: [-2.3053f,-2.3866f,-0.0147f,1.2549f,-2.6251f,1.4202f,0.3069f,0.8651f,-0.4915f,0.2999f,-1.5702f,-1.0906f,0f,0f,0f,1f],start_interpolation: 0,interpolation_duration: 1}
$data merge entity $(bone_group15) {transformation: [-2.199f,-2.4849f,-0.0147f,1.3303f,-2.6846f,1.3044f,0.3069f,0.8125f,-0.5041f,0.2781f,-1.5702f,-1.1016f,0f,0f,0f,1f],start_interpolation: 0,interpolation_duration: 1}
$data merge entity $(bone_group16) {transformation: [-2.199f,-2.4849f,-0.0147f,1.3303f,-2.6846f,1.3044f,0.3069f,0.8125f,-0.5041f,0.2781f,-1.5702f,-1.1016f,0f,0f,0f,1f],start_interpolation: 0,interpolation_duration: 1}
$data merge entity $(bone_group17) {transformation: [-1.9741f,-2.6671f,-0.0147f,1.4623f,-2.7881f,1.0654f,0.3069f,0.769f,-0.5264f,0.2332f,-1.5702f,-1.1113f,0f,0f,0f,1f],start_interpolation: 0,interpolation_duration: 1}
$data merge entity $(bone_group18) {transformation: [-1.9741f,-2.6671f,-0.0147f,1.4623f,-2.7881f,1.0654f,0.3069f,0.769f,-0.5264f,0.2332f,-1.5702f,-1.1113f,0f,0f,0f,1f],start_interpolation: 0,interpolation_duration: 1}
$data merge entity $(bone_group19) {transformation: [-1.9741f,-2.6671f,-0.0147f,1.5364f,-2.7881f,1.0654f,0.3069f,0.6685f,-0.5264f,0.2332f,-1.5702f,-1.1317f,0f,0f,0f,1f],start_interpolation: 0,interpolation_duration: 1}
$data merge entity $(bone_group20) {transformation: [-1.9741f,-2.6671f,-0.0147f,1.5364f,-2.7881f,1.0654f,0.3069f,0.6685f,-0.5264f,0.2332f,-1.5702f,-1.1317f,0f,0f,0f,1f],start_interpolation: 0,interpolation_duration: 1}
$data merge entity $(bone_bone11) {transformation: [-0.8837f,-0.2835f,-0.0092f,0.838f,-0.1685f,1.4451f,0.1918f,0.9911f,-0.0247f,0.2851f,-0.9814f,-1.1132f,0f,0f,0f,1f],start_interpolation: 0,interpolation_duration: 1}
$data merge entity $(bone_3) {transformation: [-0.8101f,-0.5863f,-0.0092f,0.8455f,-0.5768f,0.794f,0.1918f,1.2425f,-0.1051f,0.1607f,-0.9814f,-1.0641f,0f,0f,0f,1f],start_interpolation: 0,interpolation_duration: 1}
$data merge entity $(bone_8) {transformation: [-0.9747f,0.0035f,0.2235f,0.3632f,0.1069f,0.8855f,0.4523f,0.619f,-0.1963f,0.4647f,-0.8634f,-1.1653f,0f,0f,0f,1f],start_interpolation: 0,interpolation_duration: 1}
$data merge entity $(bone_7) {transformation: [-0.9747f,0.2221f,0.0258f,0.4486f,0.1069f,0.5645f,-0.8184f,0.7656f,-0.1963f,-0.795f,-0.574f,-1.5091f,0f,0f,0f,1f],start_interpolation: 0,interpolation_duration: 1}