# This file was generated by Animated Java via MC-Build. It is not recommended to edit this file directly.
$data merge entity $(bone_layer) {transformation: [-0.9609f,-0.1596f,0.2261f,0.461f,0.0075f,0.8017f,0.5977f,1.3088f,-0.2767f,0.576f,-0.7692f,-0.8747f,0f,0f,0f,1f],start_interpolation: 0,interpolation_duration: 1}
$data merge entity $(bone_head) {transformation: [-0.9609f,-0.1596f,0.2261f,0.461f,0.0075f,0.8017f,0.5977f,1.3088f,-0.2767f,0.576f,-0.7692f,-0.8747f,0f,0f,0f,1f],start_interpolation: 0,interpolation_duration: 1}
$data merge entity $(bone_6) {transformation: [-0.985f,-0.1362f,0.106f,0.6737f,-0.0404f,0.7792f,0.6255f,0.4371f,-0.1678f,0.6118f,-0.773f,-1.3844f,0f,0f,0f,1f],start_interpolation: 0,interpolation_duration: 1}
$data merge entity $(bone_12) {transformation: [-0.985f,-0.1157f,0.1281f,0.6303f,-0.0404f,0.8759f,0.4807f,0.7656f,-0.1678f,0.4683f,-0.8675f,-1.2088f,0f,0f,0f,1f],start_interpolation: 0,interpolation_duration: 1}
$data merge entity $(bone_group3) {transformation: [0.5584f,-0.5495f,-0.6323f,-0.4877f,0.309f,0.7513f,-0.5048f,1.6047f,1.0941f,0.0683f,0.4653f,-1.9704f,0f,0f,0f,1f],start_interpolation: 0,interpolation_duration: 1}
$data merge entity $(bone_group1) {transformation: [0.5584f,-0.5495f,-0.6323f,-0.4877f,0.309f,0.7513f,-0.5048f,1.6047f,1.0941f,0.0683f,0.4653f,-1.9704f,0f,0f,0f,1f],start_interpolation: 0,interpolation_duration: 1}
$data merge entity $(bone_group4) {transformation: [0.541f,-0.5323f,-0.6126f,-0.4877f,0.2993f,0.7278f,-0.489f,1.6047f,1.0599f,0.0662f,0.4507f,-1.9704f,0f,0f,0f,1f],start_interpolation: 0,interpolation_duration: 1}
$data merge entity $(bone_group2) {transformation: [0.541f,-0.5323f,-0.6126f,-0.4877f,0.2993f,0.7278f,-0.489f,1.6047f,1.0599f,0.0662f,0.4507f,-1.9704f,0f,0f,0f,1f],start_interpolation: 0,interpolation_duration: 1}
$data merge entity $(bone_10) {transformation: [-0.9839f,-0.0925f,0.1526f,0.4863f,0f,0.8551f,0.5185f,1.0624f,-0.1785f,0.5102f,-0.8413f,-1.0801f,0f,0f,0f,1f],start_interpolation: 0,interpolation_duration: 1}
$data merge entity $(bone_9) {transformation: [-0.9839f,-0.1302f,0.1221f,0.4404f,0f,0.6841f,0.7294f,1.2932f,-0.1785f,0.7176f,-0.6732f,-0.8267f,0f,0f,0f,1f],start_interpolation: 0,interpolation_duration: 1}
$data merge entity $(bone_bone12) {transformation: [-1.4769f,0.2598f,0.0239f,0.4931f,0.2615f,1.4439f,0.2073f,1.7229f,0.0193f,0.3124f,-0.978f,-1.1174f,0f,0f,0f,1f],start_interpolation: 0,interpolation_duration: 1}
$data merge entity $(bone_bone1) {transformation: [0.7441f,0.7854f,0.6146f,-0.0937f,-0.585f,-0.5668f,0.7887f,0.9964f,0.3226f,-2.8393f,0.0126f,-0.3551f,0f,0f,0f,1f],start_interpolation: 0,interpolation_duration: 1}
$data merge entity $(bone_2) {transformation: [0.9417f,0.1634f,0.2941f,0.0126f,-0.3154f,0.1241f,0.9408f,0.9874f,0.1173f,-0.9787f,0.1684f,-1.2325f,0f,0f,0f,1f],start_interpolation: 0,interpolation_duration: 1}
$data merge entity $(bone_bone2) {transformation: [1.9197f,-0.1126f,-0.2749f,0.2319f,-0.1983f,1.6967f,-0.5201f,0.8723f,0.5249f,1.0529f,0.8087f,-1.1717f,0f,0f,0f,1f],start_interpolation: 0,interpolation_duration: 1}
$data merge entity $(bone_1) {transformation: [0.9417f,0.194f,-0.2749f,0.0814f,-0.3154f,0.7938f,-0.5201f,1.2984f,0.1173f,0.5764f,0.8087f,-0.9489f,0f,0f,0f,1f],start_interpolation: 0,interpolation_duration: 1}
$data merge entity $(bone_4) {transformation: [-0.8191f,-0.1811f,0.5442f,0.9293f,-0.525f,0.6191f,-0.5841f,1.0296f,-0.2311f,-0.7641f,-0.6022f,-0.861f,0f,0f,0f,1f],start_interpolation: 0,interpolation_duration: 1}
$data merge entity $(bone_group5) {transformation: [-3.2765f,-1.44f,0.8443f,0.9131f,-2.0999f,2.2825f,0.3953f,0.7609f,-0.9245f,-0.0806f,-3.8899f,-0.7599f,0f,0f,0f,1f],start_interpolation: 0,interpolation_duration: 1}
$data merge entity $(bone_group7) {transformation: [-3.2765f,-1.44f,0.8443f,0.9131f,-2.0999f,2.2825f,0.3953f,0.7609f,-0.9245f,-0.0806f,-3.8899f,-0.7599f,0f,0f,0f,1f],start_interpolation: 0,interpolation_duration: 1}
$data merge entity $(bone_group6) {transformation: [-2.1175f,-2.8854f,0.8443f,1.2816f,-2.9598f,0.9268f,0.3953f,0.8982f,-0.7604f,-0.5321f,-3.8899f,-0.666f,0f,0f,0f,1f],start_interpolation: 0,interpolation_duration: 1}
$data merge entity $(bone_group8) {transformation: [-2.1175f,-2.8854f,0.8443f,1.2816f,-2.9598f,0.9268f,0.3953f,0.8982f,-0.7604f,-0.5321f,-3.8899f,-0.666f,0f,0f,0f,1f],start_interpolation: 0,interpolation_duration: 1}
$data merge entity $(bone_group9) {transformation: [-2.1175f,-2.8854f,0.8443f,1.3491f,-2.9598f,0.9268f,0.3953f,0.7912f,-0.7604f,-0.5321f,-3.8899f,-0.6622f,0f,0f,0f,1f],start_interpolation: 0,interpolation_duration: 1}
$data merge entity $(bone_group10) {transformation: [-2.1175f,-2.8854f,0.8443f,1.3491f,-2.9598f,0.9268f,0.3953f,0.7912f,-0.7604f,-0.5321f,-3.8899f,-0.6622f,0f,0f,0f,1f],start_interpolation: 0,interpolation_duration: 1}
$data merge entity $(bone_group11) {transformation: [-2.1175f,-2.8854f,0.8443f,1.4166f,-2.9598f,0.9268f,0.3953f,0.6843f,-0.7604f,-0.5321f,-3.8899f,-0.6584f,0f,0f,0f,1f],start_interpolation: 0,interpolation_duration: 1}
$data merge entity $(bone_group12) {transformation: [-2.1175f,-2.8854f,0.8443f,1.4166f,-2.9598f,0.9268f,0.3953f,0.6843f,-0.7604f,-0.5321f,-3.8899f,-0.6584f,0f,0f,0f,1f],start_interpolation: 0,interpolation_duration: 1}
$data merge entity $(bone_group13) {transformation: [-2.3794f,-2.2601f,0.3377f,1.1349f,-2.4888f,1.6085f,0.1581f,0.871f,-0.7693f,-0.3271f,-1.5559f,-0.7488f,0f,0f,0f,1f],start_interpolation: 0,interpolation_duration: 1}
$data merge entity $(bone_group14) {transformation: [-2.3794f,-2.2601f,0.3377f,1.1349f,-2.4888f,1.6085f,0.1581f,0.871f,-0.7693f,-0.3271f,-1.5559f,-0.7488f,0f,0f,0f,1f],start_interpolation: 0,interpolation_duration: 1}
$data merge entity $(bone_group15) {transformation: [-2.2785f,-2.3618f,0.3377f,1.206f,-2.5566f,1.4985f,0.1581f,0.8124f,-0.7543f,-0.3604f,-1.5559f,-0.7393f,0f,0f,0f,1f],start_interpolation: 0,interpolation_duration: 1}
$data merge entity $(bone_group16) {transformation: [-2.2785f,-2.3618f,0.3377f,1.206f,-2.5566f,1.4985f,0.1581f,0.8124f,-0.7543f,-0.3604f,-1.5559f,-0.7393f,0f,0f,0f,1f],start_interpolation: 0,interpolation_duration: 1}
$data merge entity $(bone_group17) {transformation: [-2.064f,-2.5514f,0.3377f,1.3326f,-2.6774f,1.2699f,0.1581f,0.7589f,-0.7201f,-0.4247f,-1.5559f,-0.7173f,0f,0f,0f,1f],start_interpolation: 0,interpolation_duration: 1}
$data merge entity $(bone_group18) {transformation: [-2.064f,-2.5514f,0.3377f,1.3326f,-2.6774f,1.2699f,0.1581f,0.7589f,-0.7201f,-0.4247f,-1.5559f,-0.7173f,0f,0f,0f,1f],start_interpolation: 0,interpolation_duration: 1}
$data merge entity $(bone_group19) {transformation: [-2.064f,-2.5514f,0.3377f,1.4001f,-2.6774f,1.2699f,0.1581f,0.6519f,-0.7201f,-0.4247f,-1.5559f,-0.7135f,0f,0f,0f,1f],start_interpolation: 0,interpolation_duration: 1}
$data merge entity $(bone_group20) {transformation: [-2.064f,-2.5514f,0.3377f,1.4001f,-2.6774f,1.2699f,0.1581f,0.6519f,-0.7201f,-0.4247f,-1.5559f,-0.7135f,0f,0f,0f,1f],start_interpolation: 0,interpolation_duration: 1}
$data merge entity $(bone_bone11) {transformation: [-0.871f,-0.2058f,0.2111f,0.7447f,-0.1067f,1.482f,0.0988f,1.0238f,-0.1999f,0.1059f,-0.9725f,-0.8695f,0f,0f,0f,1f],start_interpolation: 0,interpolation_duration: 1}
$data merge entity $(bone_3) {transformation: [-0.8191f,-0.5334f,0.2111f,0.7643f,-0.525f,0.8454f,0.0988f,1.2775f,-0.2311f,-0.0299f,-0.9725f,-0.8395f,0f,0f,0f,1f],start_interpolation: 0,interpolation_duration: 1}
$data merge entity $(bone_8) {transformation: [-0.9472f,-0.0102f,0.3206f,0.2692f,0.1069f,0.9323f,0.3455f,0.536f,-0.3024f,0.3616f,-0.8819f,-0.9741f,0f,0f,0f,1f],start_interpolation: 0,interpolation_duration: 1}
$data merge entity $(bone_7) {transformation: [-0.9472f,0.2836f,0.1498f,0.3844f,0.1069f,0.7195f,-0.6862f,0.7656f,-0.3024f,-0.6339f,-0.7118f,-1.2534f,0f,0f,0f,1f],start_interpolation: 0,interpolation_duration: 1}