# This file was generated by Animated Java via MC-Build. It is not recommended to edit this file directly.
$data merge entity $(bone_layer) {transformation: [-0.8741f,-0.2524f,0.415f,0.3816f,0.0104f,0.8445f,0.5355f,1.3475f,-0.4856f,0.4724f,-0.7355f,-0.662f,0f,0f,0f,1f],start_interpolation: 0,interpolation_duration: 1}
$data merge entity $(bone_head) {transformation: [-0.8741f,-0.2524f,0.415f,0.3816f,0.0104f,0.8445f,0.5355f,1.3475f,-0.4856f,0.4724f,-0.7355f,-0.662f,0f,0f,0f,1f],start_interpolation: 0,interpolation_duration: 1}
$data merge entity $(bone_6) {transformation: [-0.9709f,-0.1505f,0.1861f,0.5962f,-0.0671f,0.9177f,0.3917f,0.4012f,-0.2297f,0.3678f,-0.9011f,-0.9657f,0f,0f,0f,1f],start_interpolation: 0,interpolation_duration: 1}
$data merge entity $(bone_12) {transformation: [-0.9709f,-0.1159f,0.2094f,0.5528f,-0.0671f,0.9717f,0.2264f,0.7656f,-0.2297f,0.2057f,-0.9513f,-0.8885f,0f,0f,0f,1f],start_interpolation: 0,interpolation_duration: 1}
$data merge entity $(bone_group3) {transformation: [0.6331f,-0.518f,-0.6206f,-0.6045f,0.3509f,0.7745f,-0.4522f,1.5811f,1.0395f,0.0541f,0.5306f,-1.7115f,0f,0f,0f,1f],start_interpolation: 0,interpolation_duration: 1}
$data merge entity $(bone_group1) {transformation: [0.6331f,-0.518f,-0.6206f,-0.6045f,0.3509f,0.7745f,-0.4522f,1.5811f,1.0395f,0.0541f,0.5306f,-1.7115f,0f,0f,0f,1f],start_interpolation: 0,interpolation_duration: 1}
$data merge entity $(bone_group4) {transformation: [0.6133f,-0.5019f,-0.6012f,-0.6045f,0.3399f,0.7503f,-0.438f,1.5811f,1.007f,0.0524f,0.514f,-1.7115f,0f,0f,0f,1f],start_interpolation: 0,interpolation_duration: 1}
$data merge entity $(bone_group2) {transformation: [0.6133f,-0.5019f,-0.6012f,-0.6045f,0.3399f,0.7503f,-0.438f,1.5811f,1.007f,0.0524f,0.514f,-1.7115f,0f,0f,0f,1f],start_interpolation: 0,interpolation_duration: 1}
$data merge entity $(bone_10) {transformation: [-0.9582f,-0.1303f,0.2546f,0.4095f,0f,0.8902f,0.4555f,1.0579f,-0.286f,0.4365f,-0.853f,-0.8236f,0f,0f,0f,1f],start_interpolation: 0,interpolation_duration: 1}
$data merge entity $(bone_9) {transformation: [-0.9582f,-0.1701f,0.2299f,0.3476f,0f,0.8039f,0.5948f,1.3424f,-0.286f,0.5699f,-0.7703f,-0.6163f,0f,0f,0f,1f],start_interpolation: 0,interpolation_duration: 1}
$data merge entity $(bone_bone12) {transformation: [-1.418f,0.4498f,0.128f,0.4298f,0.4869f,1.3531f,0.2844f,1.7684f,-0.0453f,0.4657f,-0.9501f,-0.8918f,0f,0f,0f,1f],start_interpolation: 0,interpolation_duration: 1}
$data merge entity $(bone_bone1) {transformation: [0.7139f,1.0297f,0.6104f,-0.2147f,-0.56f,-0.7308f,0.7919f,1.0978f,0.4205f,-2.7213f,0.0183f,-0.1784f,0f,0f,0f,1f],start_interpolation: 0,interpolation_duration: 1}
$data merge entity $(bone_2) {transformation: [0.9283f,0.2477f,0.2774f,-0.0326f,-0.3019f,0.0663f,0.951f,1.0369f,0.2172f,-0.9666f,0.1363f,-1.0412f,0f,0f,0f,1f],start_interpolation: 0,interpolation_duration: 1}
$data merge entity $(bone_bone2) {transformation: [1.8527f,-0.259f,-0.3538f,0.1852f,-0.1753f,1.6783f,-0.5368f,0.9196f,0.7328f,1.0565f,0.766f,-0.9845f,0f,0f,0f,1f],start_interpolation: 0,interpolation_duration: 1}
$data merge entity $(bone_1) {transformation: [0.9283f,0.1146f,-0.3538f,0.0033f,-0.3019f,0.7879f,-0.5368f,1.3398f,0.2172f,0.6051f,0.766f,-0.774f,0f,0f,0f,1f],start_interpolation: 0,interpolation_duration: 1}
$data merge entity $(bone_4) {transformation: [-0.8075f,0.055f,0.5873f,0.828f,-0.465f,0.5533f,-0.6911f,1.0529f,-0.363f,-0.8311f,-0.4212f,-0.5472f,0f,0f,0f,1f],start_interpolation: 0,interpolation_duration: 1}
$data merge entity $(bone_group5) {transformation: [-3.2299f,-1.1193f,1.6787f,0.7603f,-1.8599f,2.3897f,-0.0815f,0.7985f,-1.4521f,-0.5713f,-3.6298f,-0.4315f,0f,0f,0f,1f],start_interpolation: 0,interpolation_duration: 1}
$data merge entity $(bone_group7) {transformation: [-3.2299f,-1.1193f,1.6787f,0.7603f,-1.8599f,2.3897f,-0.0815f,0.7985f,-1.4521f,-0.5713f,-3.6298f,-0.4315f,0f,0f,0f,1f],start_interpolation: 0,interpolation_duration: 1}
$data merge entity $(bone_group6) {transformation: [-2.2376f,-2.5843f,1.6787f,1.1143f,-2.8056f,1.1396f,-0.0815f,0.9088f,-0.9719f,-1.2208f,-3.6298f,-0.2703f,0f,0f,0f,1f],start_interpolation: 0,interpolation_duration: 1}
$data merge entity $(bone_group8) {transformation: [-2.2376f,-2.5843f,1.6787f,1.1143f,-2.8056f,1.1396f,-0.0815f,0.9088f,-0.9719f,-1.2208f,-3.6298f,-0.2703f,0f,0f,0f,1f],start_interpolation: 0,interpolation_duration: 1}
$data merge entity $(bone_group9) {transformation: [-2.2376f,-2.5843f,1.6787f,1.1668f,-2.8056f,1.1396f,-0.0815f,0.7967f,-0.9719f,-1.2208f,-3.6298f,-0.2435f,0f,0f,0f,1f],start_interpolation: 0,interpolation_duration: 1}
$data merge entity $(bone_group10) {transformation: [-2.2376f,-2.5843f,1.6787f,1.1668f,-2.8056f,1.1396f,-0.0815f,0.7967f,-0.9719f,-1.2208f,-3.6298f,-0.2435f,0f,0f,0f,1f],start_interpolation: 0,interpolation_duration: 1}
$data merge entity $(bone_group11) {transformation: [-2.2376f,-2.5843f,1.6787f,1.2193f,-2.8056f,1.1396f,-0.0815f,0.6847f,-0.9719f,-1.2208f,-3.6298f,-0.2167f,0f,0f,0f,1f],start_interpolation: 0,interpolation_duration: 1}
$data merge entity $(bone_group12) {transformation: [-2.2376f,-2.5843f,1.6787f,1.2193f,-2.8056f,1.1396f,-0.0815f,0.6847f,-0.9719f,-1.2208f,-3.6298f,-0.2167f,0f,0f,0f,1f],start_interpolation: 0,interpolation_duration: 1}
$data merge entity $(bone_group13) {transformation: [-2.4358f,-1.9416f,0.6715f,0.986f,-2.315f,1.7758f,-0.0326f,0.8875f,-1.0746f,-0.9378f,-1.4519f,-0.3808f,0f,0f,0f,1f],start_interpolation: 0,interpolation_duration: 1}
$data merge entity $(bone_group14) {transformation: [-2.4358f,-1.9416f,0.6715f,0.986f,-2.315f,1.7758f,-0.0326f,0.8875f,-1.0746f,-0.9378f,-1.4519f,-0.3808f,0f,0f,0f,1f],start_interpolation: 0,interpolation_duration: 1}
$data merge entity $(bone_group15) {transformation: [-2.3488f,-2.046f,0.6715f,1.0463f,-2.3903f,1.6731f,-0.0326f,0.8236f,-1.0327f,-0.9838f,-1.4519f,-0.3515f,0f,0f,0f,1f],start_interpolation: 0,interpolation_duration: 1}
$data merge entity $(bone_group16) {transformation: [-2.3488f,-2.046f,0.6715f,1.0463f,-2.3903f,1.6731f,-0.0326f,0.8236f,-1.0327f,-0.9838f,-1.4519f,-0.3515f,0f,0f,0f,1f],start_interpolation: 0,interpolation_duration: 1}
$data merge entity $(bone_group17) {transformation: [-2.1615f,-2.2429f,0.6715f,1.1585f,-2.527f,1.4584f,-0.0326f,0.7608f,-0.943f,-1.07f,-1.4519f,-0.2982f,0f,0f,0f,1f],start_interpolation: 0,interpolation_duration: 1}
$data merge entity $(bone_group18) {transformation: [-2.1615f,-2.2429f,0.6715f,1.1585f,-2.527f,1.4584f,-0.0326f,0.7608f,-0.943f,-1.07f,-1.4519f,-0.2982f,0f,0f,0f,1f],start_interpolation: 0,interpolation_duration: 1}
$data merge entity $(bone_group19) {transformation: [-2.1615f,-2.2429f,0.6715f,1.211f,-2.527f,1.4584f,-0.0326f,0.6487f,-0.943f,-1.07f,-1.4519f,-0.2714f,0f,0f,0f,1f],start_interpolation: 0,interpolation_duration: 1}
$data merge entity $(bone_group20) {transformation: [-2.1615f,-2.2429f,0.6715f,1.211f,-2.527f,1.4584f,-0.0326f,0.6487f,-0.943f,-1.07f,-1.4519f,-0.2714f,0f,0f,0f,1f],start_interpolation: 0,interpolation_duration: 1}
$data merge entity $(bone_bone11) {transformation: [-0.8163f,-0.0517f,0.4197f,0.6499f,-0.0426f,1.498f,-0.0204f,1.0638f,-0.3766f,-0.0575f,-0.9074f,-0.5954f,0f,0f,0f,1f],start_interpolation: 0,interpolation_duration: 1}
$data merge entity $(bone_3) {transformation: [-0.8075f,-0.4145f,0.4197f,0.6918f,-0.465f,0.8851f,-0.0204f,1.3163f,-0.363f,-0.2116f,-0.9074f,-0.5817f,0f,0f,0f,1f],start_interpolation: 0,interpolation_duration: 1}
$data merge entity $(bone_8) {transformation: [-0.908f,0.0042f,0.419f,0.1933f,0.1069f,0.9692f,0.2219f,0.4626f,-0.4052f,0.2463f,-0.8804f,-0.7712f,0f,0f,0f,1f],start_interpolation: 0,interpolation_duration: 1}
$data merge entity $(bone_7) {transformation: [-0.908f,0.2916f,0.3009f,0.3132f,0.1069f,0.8556f,-0.5065f,0.7656f,-0.4052f,-0.4277f,-0.808f,-0.96f,0f,0f,0f,1f],start_interpolation: 0,interpolation_duration: 1}