# This file was generated by Animated Java via MC-Build. It is not recommended to edit this file directly.
$data merge entity $(bone_layer) {transformation: [-0.7762f,-0.2854f,0.5621f,0.3286f,0.0088f,0.8867f,0.4623f,1.3825f,-0.6304f,0.3638f,-0.6858f,-0.4428f,0f,0f,0f,1f],start_interpolation: 0,interpolation_duration: 1}
$data merge entity $(bone_head) {transformation: [-0.7762f,-0.2854f,0.5621f,0.3286f,0.0088f,0.8867f,0.4623f,1.3825f,-0.6304f,0.3638f,-0.6858f,-0.4428f,0f,0f,0f,1f],start_interpolation: 0,interpolation_duration: 1}
$data merge entity $(bone_6) {transformation: [-0.9625f,-0.1264f,0.2402f,0.5102f,-0.091f,0.984f,0.1533f,0.3923f,-0.2557f,0.1257f,-0.9585f,-0.5647f,0f,0f,0f,1f],start_interpolation: 0,interpolation_duration: 1}
$data merge entity $(bone_12) {transformation: [-0.9625f,-0.0828f,0.2585f,0.4791f,-0.091f,0.9957f,-0.0199f,0.7656f,-0.2557f,-0.0426f,-0.9658f,-0.5806f,0f,0f,0f,1f],start_interpolation: 0,interpolation_duration: 1}
$data merge entity $(bone_group3) {transformation: [0.735f,-0.4749f,-0.5935f,-0.7223f,0.3429f,0.7998f,-0.4094f,1.6088f,0.9729f,0.0768f,0.5927f,-1.3966f,0f,0f,0f,1f],start_interpolation: 0,interpolation_duration: 1}
$data merge entity $(bone_group1) {transformation: [0.735f,-0.4749f,-0.5935f,-0.7223f,0.3429f,0.7998f,-0.4094f,1.6088f,0.9729f,0.0768f,0.5927f,-1.3966f,0f,0f,0f,1f],start_interpolation: 0,interpolation_duration: 1}
$data merge entity $(bone_group4) {transformation: [0.712f,-0.46f,-0.575f,-0.7223f,0.3322f,0.7748f,-0.3966f,1.6088f,0.9425f,0.0744f,0.5741f,-1.3966f,0f,0f,0f,1f],start_interpolation: 0,interpolation_duration: 1}
$data merge entity $(bone_group2) {transformation: [0.712f,-0.46f,-0.575f,-0.7223f,0.3322f,0.7748f,-0.3966f,1.6088f,0.9425f,0.0744f,0.5741f,-1.3966f,0f,0f,0f,1f],start_interpolation: 0,interpolation_duration: 1}
$data merge entity $(bone_10) {transformation: [-0.9358f,-0.1398f,0.3236f,0.3439f,0f,0.918f,0.3966f,1.0603f,-0.3525f,0.3711f,-0.8591f,-0.5586f,0f,0f,0f,1f],start_interpolation: 0,interpolation_duration: 1}
$data merge entity $(bone_9) {transformation: [-0.9358f,-0.1609f,0.3136f,0.2841f,0f,0.8897f,0.4565f,1.3868f,-0.3525f,0.4272f,-0.8326f,-0.3999f,0f,0f,0f,1f],start_interpolation: 0,interpolation_duration: 1}
$data merge entity $(bone_bone12) {transformation: [-1.3186f,0.6037f,0.2554f,0.3862f,0.7067f,1.2224f,0.3375f,1.8225f,-0.1084f,0.6255f,-0.906f,-0.6708f,0f,0f,0f,1f],start_interpolation: 0,interpolation_duration: 1}
$data merge entity $(bone_bone1) {transformation: [0.6853f,1.2432f,0.5989f,-0.3129f,-0.5384f,-0.7967f,0.7998f,1.1546f,0.4905f,-2.6115f,0.0411f,0.0228f,0f,0f,0f,1f],start_interpolation: 0,interpolation_duration: 1}
$data merge entity $(bone_2) {transformation: [0.912f,0.3205f,0.2562f,-0.0645f,-0.2836f,0.0412f,0.9581f,1.0709f,0.2965f,-0.9464f,0.1285f,-0.8213f,0f,0f,0f,1f],start_interpolation: 0,interpolation_duration: 1}
$data merge entity $(bone_bone2) {transformation: [1.7898f,-0.3675f,-0.4067f,0.156f,-0.1341f,1.6912f,-0.5296f,0.9532f,0.8825f,1.0024f,0.7444f,-0.7686f,0f,0f,0f,1f],start_interpolation: 0,interpolation_duration: 1}
$data merge entity $(bone_1) {transformation: [0.912f,0.0541f,-0.4067f,-0.0484f,-0.2836f,0.7994f,-0.5296f,1.3739f,0.2965f,0.5983f,0.7444f,-0.581f,0f,0f,0f,1f],start_interpolation: 0,interpolation_duration: 1}
$data merge entity $(bone_4) {transformation: [-0.7901f,0.2448f,0.562f,0.7414f,-0.4089f,0.4727f,-0.7806f,1.0791f,-0.4568f,-0.8465f,-0.2734f,-0.2559f,0f,0f,0f,1f],start_interpolation: 0,interpolation_duration: 1}
$data merge entity $(bone_group5) {transformation: [-3.1602f,-0.7376f,2.1952f,0.6281f,-1.6354f,2.435f,-0.5586f,0.8437f,-1.8271f,-0.9037f,-3.2969f,-0.1358f,0f,0f,0f,1f],start_interpolation: 0,interpolation_duration: 1}
$data merge entity $(bone_group7) {transformation: [-3.1602f,-0.7376f,2.1952f,0.6281f,-1.6354f,2.435f,-0.5586f,0.8437f,-1.8271f,-0.9037f,-3.2969f,-0.1358f,0f,0f,0f,1f],start_interpolation: 0,interpolation_duration: 1}
$data merge entity $(bone_group6) {transformation: [-2.368f,-2.2189f,2.1952f,0.9634f,-2.6338f,1.291f,-0.5586f,0.9304f,-1.1305f,-1.6962f,-3.2969f,0.0728f,0f,0f,0f,1f],start_interpolation: 0,interpolation_duration: 1}
$data merge entity $(bone_group8) {transformation: [-2.368f,-2.2189f,2.1952f,0.9634f,-2.6338f,1.291f,-0.5586f,0.9304f,-1.1305f,-1.6962f,-3.2969f,0.0728f,0f,0f,0f,1f],start_interpolation: 0,interpolation_duration: 1}
$data merge entity $(bone_group9) {transformation: [-2.368f,-2.2189f,2.1952f,0.998f,-2.6338f,1.291f,-0.5586f,0.8163f,-1.1305f,-1.6962f,-3.2969f,0.1151f,0f,0f,0f,1f],start_interpolation: 0,interpolation_duration: 1}
$data merge entity $(bone_group10) {transformation: [-2.368f,-2.2189f,2.1952f,0.998f,-2.6338f,1.291f,-0.5586f,0.8163f,-1.1305f,-1.6962f,-3.2969f,0.1151f,0f,0f,0f,1f],start_interpolation: 0,interpolation_duration: 1}
$data merge entity $(bone_group11) {transformation: [-2.368f,-2.2189f,2.1952f,1.0326f,-2.6338f,1.291f,-0.5586f,0.7021f,-1.1305f,-1.6962f,-3.2969f,0.1575f,0f,0f,0f,1f],start_interpolation: 0,interpolation_duration: 1}
$data merge entity $(bone_group12) {transformation: [-2.368f,-2.2189f,2.1952f,1.0326f,-2.6338f,1.291f,-0.5586f,0.7021f,-1.1305f,-1.6962f,-3.2969f,0.1575f,0f,0f,0f,1f],start_interpolation: 0,interpolation_duration: 1}
$data merge entity $(bone_group13) {transformation: [-2.4908f,-1.5588f,0.8781f,0.852f,-2.136f,1.8797f,-0.2234f,0.9131f,-1.2965f,-1.3564f,-1.3187f,-0.0553f,0f,0f,0f,1f],start_interpolation: 0,interpolation_duration: 1}
$data merge entity $(bone_group14) {transformation: [-2.4908f,-1.5588f,0.8781f,0.852f,-2.136f,1.8797f,-0.2234f,0.9131f,-1.2965f,-1.3564f,-1.3187f,-0.0553f,0f,0f,0f,1f],start_interpolation: 0,interpolation_duration: 1}
$data merge entity $(bone_group15) {transformation: [-2.4204f,-1.6659f,0.8781f,0.8994f,-2.216f,1.7847f,-0.2234f,0.8461f,-1.2361f,-1.4116f,-1.3187f,-0.0124f,0f,0f,0f,1f],start_interpolation: 0,interpolation_duration: 1}
$data merge entity $(bone_group16) {transformation: [-2.4204f,-1.6659f,0.8781f,0.8994f,-2.216f,1.7847f,-0.2234f,0.8461f,-1.2361f,-1.4116f,-1.3187f,-0.0124f,0f,0f,0f,1f],start_interpolation: 0,interpolation_duration: 1}
$data merge entity $(bone_group17) {transformation: [-2.266f,-1.8705f,0.8781f,0.9942f,-2.3631f,1.5848f,-0.2234f,0.7768f,-1.1084f,-1.514f,-1.3187f,0.0624f,0f,0f,0f,1f],start_interpolation: 0,interpolation_duration: 1}
$data merge entity $(bone_group18) {transformation: [-2.266f,-1.8705f,0.8781f,0.9942f,-2.3631f,1.5848f,-0.2234f,0.7768f,-1.1084f,-1.514f,-1.3187f,0.0624f,0f,0f,0f,1f],start_interpolation: 0,interpolation_duration: 1}
$data merge entity $(bone_group19) {transformation: [-2.266f,-1.8705f,0.8781f,1.0288f,-2.3631f,1.5848f,-0.2234f,0.6627f,-1.1084f,-1.514f,-1.3187f,0.1048f,0f,0f,0f,1f],start_interpolation: 0,interpolation_duration: 1}
$data merge entity $(bone_group20) {transformation: [-2.266f,-1.8705f,0.8781f,1.0288f,-2.3631f,1.5848f,-0.2234f,0.6627f,-1.1084f,-1.514f,-1.3187f,0.1048f,0f,0f,0f,1f],start_interpolation: 0,interpolation_duration: 1}
$data merge entity $(bone_bone11) {transformation: [-0.7483f,0.1294f,0.5488f,0.5752f,0.0095f,1.4852f,-0.1396f,1.1042f,-0.4999f,-0.1655f,-0.8242f,-0.3328f,0f,0f,0f,1f],start_interpolation: 0,interpolation_duration: 1}
$data merge entity $(bone_3) {transformation: [-0.7901f,-0.2732f,0.5488f,0.6431f,-0.4089f,0.9018f,-0.1396f,1.3512f,-0.4568f,-0.3347f,-0.8242f,-0.3295f,0f,0f,0f,1f],start_interpolation: 0,interpolation_duration: 1}
$data merge entity $(bone_8) {transformation: [-0.8773f,0.0432f,0.4779f,0.1487f,0.1069f,0.9885f,0.107f,0.4174f,-0.4678f,0.145f,-0.8719f,-0.5675f,0f,0f,0f,1f],start_interpolation: 0,interpolation_duration: 1}
$data merge entity $(bone_7) {transformation: [-0.8773f,0.2414f,0.4147f,0.2452f,0.1069f,0.9409f,-0.3215f,0.7656f,-0.4678f,-0.2377f,-0.8513f,-0.6688f,0f,0f,0f,1f],start_interpolation: 0,interpolation_duration: 1}