# This file was generated by Animated Java via MC-Build. It is not recommended to edit this file directly.
$data merge entity $(bone_layer) {transformation: [-0.7373f,-0.2585f,0.6242f,0.2991f,0f,0.9239f,0.3827f,1.4063f,-0.6756f,0.2821f,-0.6812f,-0.2469f,0f,0f,0f,1f],start_interpolation: 0,interpolation_duration: 1}
$data merge entity $(bone_head) {transformation: [-0.7373f,-0.2585f,0.6242f,0.2991f,0f,0.9239f,0.3827f,1.4063f,-0.6756f,0.2821f,-0.6812f,-0.2469f,0f,0f,0f,1f],start_interpolation: 0,interpolation_duration: 1}
$data merge entity $(bone_6) {transformation: [-0.9704f,-0.101f,0.2192f,0.4471f,-0.1069f,0.9941f,-0.0153f,0.3995f,-0.2164f,-0.0383f,-0.9755f,-0.2567f,0f,0f,0f,1f],start_interpolation: 0,interpolation_duration: 1}
$data merge entity $(bone_12) {transformation: [-0.9704f,-0.0614f,0.2335f,0.4241f,-0.1069f,0.9764f,-0.1877f,0.7656f,-0.2164f,-0.2071f,-0.9541f,-0.3344f,0f,0f,0f,1f],start_interpolation: 0,interpolation_duration: 1}
$data merge entity $(bone_group3) {transformation: [0.8544f,-0.4315f,-0.5372f,-0.8413f,0.313f,0.8177f,-0.3864f,1.6537f,0.8812f,0.1279f,0.6582f,-1.0595f,0f,0f,0f,1f],start_interpolation: 0,interpolation_duration: 1}
$data merge entity $(bone_group1) {transformation: [0.8544f,-0.4315f,-0.5372f,-0.8413f,0.313f,0.8177f,-0.3864f,1.6537f,0.8812f,0.1279f,0.6582f,-1.0595f,0f,0f,0f,1f],start_interpolation: 0,interpolation_duration: 1}
$data merge entity $(bone_group4) {transformation: [0.8277f,-0.418f,-0.5204f,-0.8413f,0.3033f,0.7921f,-0.3744f,1.6537f,0.8537f,0.1239f,0.6376f,-1.0595f,0f,0f,0f,1f],start_interpolation: 0,interpolation_duration: 1}
$data merge entity $(bone_group2) {transformation: [0.8277f,-0.418f,-0.5204f,-0.8413f,0.3033f,0.7921f,-0.3744f,1.6537f,0.8537f,0.1239f,0.6376f,-1.0595f,0f,0f,0f,1f],start_interpolation: 0,interpolation_duration: 1}
$data merge entity $(bone_10) {transformation: [-0.9397f,-0.1216f,0.3197f,0.2957f,0f,0.9346f,0.3556f,1.0664f,-0.342f,0.3342f,-0.8783f,-0.3288f,0f,0f,0f,1f],start_interpolation: 0,interpolation_duration: 1}
$data merge entity $(bone_9) {transformation: [-0.9397f,-0.1216f,0.3197f,0.2501f,0f,0.9346f,0.3556f,1.4169f,-0.342f,0.3342f,-0.8783f,-0.2035f,0f,0f,0f,1f],start_interpolation: 0,interpolation_duration: 1}
$data merge entity $(bone_bone12) {transformation: [-1.2293f,0.7133f,0.3197f,0.3519f,0.8535f,1.1122f,0.3556f,1.8645f,-0.1019f,0.71f,-0.8783f,-0.4833f,0f,0f,0f,1f],start_interpolation: 0,interpolation_duration: 1}
$data merge entity $(bone_bone1) {transformation: [0.6824f,1.3923f,0.5648f,-0.3876f,-0.5281f,-0.6636f,0.8199f,1.1235f,0.5054f,-2.5732f,0.0942f,0.2429f,0f,0f,0f,1f],start_interpolation: 0,interpolation_duration: 1}
$data merge entity $(bone_2) {transformation: [0.9077f,0.3619f,0.2125f,-0.0975f,-0.2588f,0.0842f,0.9623f,1.0769f,0.3304f,-0.9284f,0.1701f,-0.5907f,0f,0f,0f,1f],start_interpolation: 0,interpolation_duration: 1}
$data merge entity $(bone_bone2) {transformation: [1.774f,-0.3933f,-0.4178f,0.1269f,-0.067f,1.75f,-0.483f,0.9599f,0.9211f,0.8848f,0.7695f,-0.5423f,0f,0f,0f,1f],start_interpolation: 0,interpolation_duration: 1}
$data merge entity $(bone_1) {transformation: [0.9077f,0.0396f,-0.4178f,-0.0826f,-0.2588f,0.8365f,-0.483f,1.3906f,0.3304f,0.5465f,0.7695f,-0.3858f,0f,0f,0f,1f],start_interpolation: 0,interpolation_duration: 1}
$data merge entity $(bone_4) {transformation: [-0.7998f,0.3178f,0.5092f,0.6951f,-0.37f,0.407f,-0.8351f,1.1004f,-0.4727f,-0.8563f,-0.2079f,-0.0378f,0f,0f,0f,1f],start_interpolation: 0,interpolation_duration: 1}
$data merge entity $(bone_group5) {transformation: [-3.1992f,-0.5016f,2.2832f,0.5584f,-1.4798f,2.4337f,-0.9001f,0.8811f,-1.8908f,-1.0561f,-3.1586f,0.0882f,0f,0f,0f,1f],start_interpolation: 0,interpolation_duration: 1}
$data merge entity $(bone_group7) {transformation: [-3.1992f,-0.5016f,2.2832f,0.5584f,-1.4798f,2.4337f,-0.9001f,0.8811f,-1.8908f,-1.0561f,-3.1586f,0.0882f,0f,0f,0f,1f],start_interpolation: 0,interpolation_duration: 1}
$data merge entity $(bone_group6) {transformation: [-2.5198f,-2.034f,2.2832f,0.8903f,-2.4984f,1.3678f,-0.9001f,0.9524f,-1.1094f,-1.86f,-3.1586f,0.3078f,0f,0f,0f,1f],start_interpolation: 0,interpolation_duration: 1}
$data merge entity $(bone_group8) {transformation: [-2.5198f,-2.034f,2.2832f,0.8903f,-2.4984f,1.3678f,-0.9001f,0.9524f,-1.1094f,-1.86f,-3.1586f,0.3078f,0f,0f,0f,1f],start_interpolation: 0,interpolation_duration: 1}
$data merge entity $(bone_group9) {transformation: [-2.5198f,-2.034f,2.2832f,0.9138f,-2.4984f,1.3678f,-0.9001f,0.8383f,-1.1094f,-1.86f,-3.1586f,0.3573f,0f,0f,0f,1f],start_interpolation: 0,interpolation_duration: 1}
$data merge entity $(bone_group10) {transformation: [-2.5198f,-2.034f,2.2832f,0.9138f,-2.4984f,1.3678f,-0.9001f,0.8383f,-1.1094f,-1.86f,-3.1586f,0.3573f,0f,0f,0f,1f],start_interpolation: 0,interpolation_duration: 1}
$data merge entity $(bone_group11) {transformation: [-2.5198f,-2.034f,2.2832f,0.9373f,-2.4984f,1.3678f,-0.9001f,0.7242f,-1.1094f,-1.86f,-3.1586f,0.4068f,0f,0f,0f,1f],start_interpolation: 0,interpolation_duration: 1}
$data merge entity $(bone_group12) {transformation: [-2.5198f,-2.034f,2.2832f,0.9373f,-2.4984f,1.3678f,-0.9001f,0.7242f,-1.1094f,-1.86f,-3.1586f,0.4068f,0f,0f,0f,1f],start_interpolation: 0,interpolation_duration: 1}
$data merge entity $(bone_group13) {transformation: [-2.5952f,-1.3442f,0.9133f,0.7835f,-2.002f,1.9206f,-0.36f,0.9371f,-1.3054f,-1.5189f,-1.2634f,0.1756f,0f,0f,0f,1f],start_interpolation: 0,interpolation_duration: 1}
$data merge entity $(bone_group14) {transformation: [-2.5952f,-1.3442f,0.9133f,0.7835f,-2.002f,1.9206f,-0.36f,0.9371f,-1.3054f,-1.5189f,-1.2634f,0.1756f,0f,0f,0f,1f],start_interpolation: 0,interpolation_duration: 1}
$data merge entity $(bone_group15) {transformation: [-2.5341f,-1.4561f,0.9133f,0.8235f,-2.0839f,1.8314f,-0.36f,0.869f,-1.2379f,-1.5744f,-1.2634f,0.2239f,0f,0f,0f,1f],start_interpolation: 0,interpolation_duration: 1}
$data merge entity $(bone_group16) {transformation: [-2.5341f,-1.4561f,0.9133f,0.8235f,-2.0839f,1.8314f,-0.36f,0.869f,-1.2379f,-1.5744f,-1.2634f,0.2239f,0f,0f,0f,1f],start_interpolation: 0,interpolation_duration: 1}
$data merge entity $(bone_group17) {transformation: [-2.3976f,-1.6714f,0.9133f,0.9091f,-2.2356f,1.6429f,-0.36f,0.7966f,-1.096f,-1.6763f,-1.2634f,0.3064f,0f,0f,0f,1f],start_interpolation: 0,interpolation_duration: 1}
$data merge entity $(bone_group18) {transformation: [-2.3976f,-1.6714f,0.9133f,0.9091f,-2.2356f,1.6429f,-0.36f,0.7966f,-1.096f,-1.6763f,-1.2634f,0.3064f,0f,0f,0f,1f],start_interpolation: 0,interpolation_duration: 1}
$data merge entity $(bone_group19) {transformation: [-2.3976f,-1.6714f,0.9133f,0.9326f,-2.2356f,1.6429f,-0.36f,0.6825f,-1.096f,-1.6763f,-1.2634f,0.3559f,0f,0f,0f,1f],start_interpolation: 0,interpolation_duration: 1}
$data merge entity $(bone_group20) {transformation: [-2.3976f,-1.6714f,0.9133f,0.9326f,-2.2356f,1.6429f,-0.36f,0.6825f,-1.096f,-1.6763f,-1.2634f,0.3559f,0f,0f,0f,1f],start_interpolation: 0,interpolation_duration: 1}
$data merge entity $(bone_bone11) {transformation: [-0.723f,0.2545f,0.5708f,0.5349f,0.0411f,1.4599f,-0.225f,1.1341f,-0.5343f,-0.2321f,-0.7897f,-0.1237f,0f,0f,0f,1f],start_interpolation: 0,interpolation_duration: 1}
$data merge entity $(bone_3) {transformation: [-0.7998f,-0.1858f,0.5708f,0.6221f,-0.37f,0.9014f,-0.225f,1.375f,-0.4727f,-0.3911f,-0.7897f,-0.1293f,0f,0f,0f,1f],start_interpolation: 0,interpolation_duration: 1}
$data merge entity $(bone_8) {transformation: [-0.8825f,0.0819f,0.4631f,0.1216f,0.1069f,0.9939f,0.0281f,0.3995f,-0.458f,0.0743f,-0.8858f,-0.3752f,0f,0f,0f,1f],start_interpolation: 0,interpolation_duration: 1}
$data merge entity $(bone_7) {transformation: [-0.8825f,0.1802f,0.4344f,0.1892f,0.1069f,0.9764f,-0.1877f,0.7656f,-0.458f,-0.1192f,-0.8809f,-0.4199f,0f,0f,0f,1f],start_interpolation: 0,interpolation_duration: 1}