# This file was generated by Animated Java via MC-Build. It is not recommended to edit this file directly.
$data merge entity $(bone_layer) {transformation: [-0.9562f,-0.0932f,0.2776f,0.2766f,-0.0646f,0.9918f,0.1102f,1.416f,-0.2856f,0.0875f,-0.9544f,0.1784f,0f,0f,0f,1f],start_interpolation: 0,interpolation_duration: 1}
$data merge entity $(bone_head) {transformation: [-0.9562f,-0.0932f,0.2776f,0.2766f,-0.0646f,0.9918f,0.1102f,1.416f,-0.2856f,0.0875f,-0.9544f,0.1784f,0f,0f,0f,1f],start_interpolation: 0,interpolation_duration: 1}
$data merge entity $(bone_6) {transformation: [-0.9593f,-0.116f,-0.2573f,0.4078f,-0.1093f,0.9932f,-0.0405f,0.4015f,0.2602f,-0.0107f,-0.9655f,0.1334f,0f,0f,0f,1f],start_interpolation: 0,interpolation_duration: 1}
$data merge entity $(bone_12) {transformation: [-0.9593f,-0.159f,-0.2332f,0.3482f,-0.1093f,0.9711f,-0.2123f,0.7656f,0.2602f,-0.1782f,-0.949f,0.0665f,0f,0f,0f,1f],start_interpolation: 0,interpolation_duration: 1}
$data merge entity $(bone_group3) {transformation: [1.1723f,-0.3141f,-0.1623f,-1.1093f,0.307f,0.8203f,-0.3836f,1.6621f,0.3687f,0.3157f,0.8353f,0.0219f,0f,0f,0f,1f],start_interpolation: 0,interpolation_duration: 1}
$data merge entity $(bone_group1) {transformation: [1.1723f,-0.3141f,-0.1623f,-1.1093f,0.307f,0.8203f,-0.3836f,1.6621f,0.3687f,0.3157f,0.8353f,0.0219f,0f,0f,0f,1f],start_interpolation: 0,interpolation_duration: 1}
$data merge entity $(bone_group4) {transformation: [1.1357f,-0.3043f,-0.1572f,-1.1093f,0.2974f,0.7946f,-0.3716f,1.6621f,0.3572f,0.3058f,0.8092f,0.0219f,0f,0f,0f,1f],start_interpolation: 0,interpolation_duration: 1}
$data merge entity $(bone_group2) {transformation: [1.1357f,-0.3043f,-0.1572f,-1.1093f,0.2974f,0.7946f,-0.3716f,1.6621f,0.3572f,0.3058f,0.8092f,0.0219f,0f,0f,0f,1f],start_interpolation: 0,interpolation_duration: 1}
$data merge entity $(bone_10) {transformation: [-0.9914f,0.0456f,-0.1223f,0.2366f,0f,0.937f,0.3495f,1.0676f,0.1305f,0.3465f,-0.9289f,0.1282f,0f,0f,0f,1f],start_interpolation: 0,interpolation_duration: 1}
$data merge entity $(bone_9) {transformation: [-0.9914f,0.0444f,-0.1227f,0.2532f,0f,0.9403f,0.3402f,1.4213f,0.1305f,0.3373f,-0.9323f,0.2548f,0f,0f,0f,1f],start_interpolation: 0,interpolation_duration: 1}
$data merge entity $(bone_bone12) {transformation: [-1.1255f,0.9782f,-0.108f,0.2141f,0.8746f,1.0949f,0.3567f,1.871f,0.4672f,0.307f,-0.928f,-0.0422f,0f,0f,0f,1f],start_interpolation: 0,interpolation_duration: 1}
$data merge entity $(bone_bone1) {transformation: [0.817f,0.9705f,0.4773f,-0.3479f,-0.4127f,-0.7502f,0.8759f,1.1182f,0.4027f,-2.7378f,-0.0708f,1.2257f,0f,0f,0f,1f],start_interpolation: 0,interpolation_duration: 1}
$data merge entity $(bone_2) {transformation: [0.9755f,0.1768f,0.1309f,-0.2096f,-0.1394f,0.0365f,0.9896f,1.0264f,0.1701f,-0.9836f,0.0602f,0.3576f,0f,0f,0f,1f],start_interpolation: 0,interpolation_duration: 1}
$data merge entity $(bone_bone2) {transformation: [1.9896f,-0.113f,-0.0849f,0.021f,0.1805f,1.7506f,0.4751f,0.9307f,0.0949f,-0.9605f,0.8758f,0.4263f,0f,0f,0f,1f],start_interpolation: 0,interpolation_duration: 1}
$data merge entity $(bone_1) {transformation: [0.9755f,0.2029f,-0.0849f,-0.1341f,-0.1394f,0.8688f,0.4751f,1.3457f,0.1701f,-0.4516f,0.8758f,0.1862f,0f,0f,0f,1f],start_interpolation: 0,interpolation_duration: 1}
$data merge entity $(bone_4) {transformation: [-0.9298f,-0.1034f,0.3531f,0.7243f,-0.3641f,0.3965f,-0.8427f,1.1037f,-0.0529f,-0.9122f,-0.4064f,0.2007f,0f,0f,0f,1f],start_interpolation: 0,interpolation_duration: 1}
$data merge entity $(bone_group5) {transformation: [-3.7194f,-0.9098f,0.5913f,0.6583f,-1.4565f,2.4312f,-0.9517f,0.8871f,-0.2118f,-0.7426f,-3.8399f,0.3778f,0f,0f,0f,1f],start_interpolation: 0,interpolation_duration: 1}
$data merge entity $(bone_group7) {transformation: [-3.7194f,-0.9098f,0.5913f,0.6583f,-1.4565f,2.4312f,-0.9517f,0.8871f,-0.2118f,-0.7426f,-3.8399f,0.3778f,0f,0f,0f,1f],start_interpolation: 0,interpolation_duration: 1}
$data merge entity $(bone_group6) {transformation: [-2.7662f,-2.6476f,0.5913f,1.0542f,-2.477f,1.3772f,-0.9517f,0.9562f,0.1879f,-0.749f,-3.8399f,0.4216f,0f,0f,0f,1f],start_interpolation: 0,interpolation_duration: 1}
$data merge entity $(bone_group8) {transformation: [-2.7662f,-2.6476f,0.5913f,1.0542f,-2.477f,1.3772f,-0.9517f,0.9562f,0.1879f,-0.749f,-3.8399f,0.4216f,0f,0f,0f,1f],start_interpolation: 0,interpolation_duration: 1}
$data merge entity $(bone_group9) {transformation: [-2.7662f,-2.6476f,0.5913f,1.0969f,-2.477f,1.3772f,-0.9517f,0.8422f,0.1879f,-0.749f,-3.8399f,0.4564f,0f,0f,0f,1f],start_interpolation: 0,interpolation_duration: 1}
$data merge entity $(bone_group10) {transformation: [-2.7662f,-2.6476f,0.5913f,1.0969f,-2.477f,1.3772f,-0.9517f,0.8422f,0.1879f,-0.749f,-3.8399f,0.4564f,0f,0f,0f,1f],start_interpolation: 0,interpolation_duration: 1}
$data merge entity $(bone_group11) {transformation: [-2.7662f,-2.6476f,0.5913f,1.1395f,-2.477f,1.3772f,-0.9517f,0.7282f,0.1879f,-0.749f,-3.8399f,0.4913f,0f,0f,0f,1f],start_interpolation: 0,interpolation_duration: 1}
$data merge entity $(bone_group12) {transformation: [-2.7662f,-2.6476f,0.5913f,1.1395f,-2.477f,1.3772f,-0.9517f,0.7282f,0.1879f,-0.749f,-3.8399f,0.4913f,0f,0f,0f,1f],start_interpolation: 0,interpolation_duration: 1}
$data merge entity $(bone_group13) {transformation: [-2.9189f,-1.8743f,0.2365f,0.8989f,-1.9813f,1.9245f,-0.3807f,0.9411f,0.0415f,-0.7656f,-1.536f,0.3526f,0f,0f,0f,1f],start_interpolation: 0,interpolation_duration: 1}
$data merge entity $(bone_group14) {transformation: [-2.9189f,-1.8743f,0.2365f,0.8989f,-1.9813f,1.9245f,-0.3807f,0.9411f,0.0415f,-0.7656f,-1.536f,0.3526f,0f,0f,0f,1f],start_interpolation: 0,interpolation_duration: 1}
$data merge entity $(bone_group15) {transformation: [-2.8344f,-1.9998f,0.2365f,0.956f,-2.0633f,1.8362f,-0.3807f,0.8729f,0.0749f,-0.763f,-1.536f,0.3783f,0f,0f,0f,1f],start_interpolation: 0,interpolation_duration: 1}
$data merge entity $(bone_group16) {transformation: [-2.8344f,-1.9998f,0.2365f,0.956f,-2.0633f,1.8362f,-0.3807f,0.8729f,0.0749f,-0.763f,-1.536f,0.3783f,0f,0f,0f,1f],start_interpolation: 0,interpolation_duration: 1}
$data merge entity $(bone_group17) {transformation: [-2.6493f,-2.2392f,0.2365f,1.0693f,-2.2155f,1.6494f,-0.3807f,0.8001f,0.1411f,-0.7536f,-1.536f,0.4138f,0f,0f,0f,1f],start_interpolation: 0,interpolation_duration: 1}
$data merge entity $(bone_group18) {transformation: [-2.6493f,-2.2392f,0.2365f,1.0693f,-2.2155f,1.6494f,-0.3807f,0.8001f,0.1411f,-0.7536f,-1.536f,0.4138f,0f,0f,0f,1f],start_interpolation: 0,interpolation_duration: 1}
$data merge entity $(bone_group19) {transformation: [-2.6493f,-2.2392f,0.2365f,1.1119f,-2.2155f,1.6494f,-0.3807f,0.6862f,0.1411f,-0.7536f,-1.536f,0.4486f,0f,0f,0f,1f],start_interpolation: 0,interpolation_duration: 1}
$data merge entity $(bone_group20) {transformation: [-2.6493f,-2.2392f,0.2365f,1.1119f,-2.2155f,1.6494f,-0.3807f,0.6862f,0.1411f,-0.7536f,-1.536f,0.4486f,0f,0f,0f,1f],start_interpolation: 0,interpolation_duration: 1}
$data merge entity $(bone_bone11) {transformation: [-0.8866f,0.1314f,0.1478f,0.5428f,0.0455f,1.455f,-0.2379f,1.1387f,-0.1478f,-0.3404f,-0.96f,0.1966f,0f,0f,0f,1f],start_interpolation: 0,interpolation_duration: 1}
$data merge entity $(bone_3) {transformation: [-0.9298f,-0.337f,0.1478f,0.6197f,-0.3641f,0.9004f,-0.2379f,1.3785f,-0.0529f,-0.2751f,-0.96f,0.149f,0f,0f,0f,1f],start_interpolation: 0,interpolation_duration: 1}
$data merge entity $(bone_8) {transformation: [-0.9943f,0.1069f,0.0005f,0.0609f,0.1069f,0.9941f,0.0163f,0.3978f,0.0012f,0.0163f,-0.9999f,0.1603f,0f,0f,0f,1f],start_interpolation: 0,interpolation_duration: 1}
$data merge entity $(bone_7) {transformation: [-0.9943f,0.1052f,-0.0192f,0.1003f,0.1069f,0.9801f,-0.1675f,0.7656f,0.0012f,-0.1686f,-0.9857f,0.0992f,0f,0f,0f,1f],start_interpolation: 0,interpolation_duration: 1}
execute on vehicle unless entity @s[tag=aj.transforms_only] at @s run function animated_java:kyle/animations/cutscene_attack_1/zzz/frames/31_root_commands