# This file was generated by Animated Java via MC-Build. It is not recommended to edit this file directly.
$data merge entity $(bone_layer) {transformation: [-0.9577f,-0.1588f,-0.2401f,0.2884f,-0.1305f,0.983f,-0.1294f,1.4063f,0.2566f,-0.0926f,-0.9621f,0.4551f,0f,0f,0f,1f],start_interpolation: 0,interpolation_duration: 1}
$data merge entity $(bone_head) {transformation: [-0.9577f,-0.1588f,-0.2401f,0.2884f,-0.1305f,0.983f,-0.1294f,1.4063f,0.2566f,-0.0926f,-0.9621f,0.4551f,0f,0f,0f,1f],start_interpolation: 0,interpolation_duration: 1}
$data merge entity $(bone_6) {transformation: [-0.6981f,-0.1212f,-0.7056f,0.3724f,-0.1111f,0.992f,-0.0605f,0.4032f,0.7073f,0.0362f,-0.706f,0.3353f,0f,0f,0f,1f],start_interpolation: 0,interpolation_duration: 1}
$data merge entity $(bone_12) {transformation: [-0.6981f,-0.2419f,-0.6739f,0.2817f,-0.1111f,0.9664f,-0.2318f,0.7656f,0.7073f,-0.0869f,-0.7015f,0.3027f,0f,0f,0f,1f],start_interpolation: 0,interpolation_duration: 1}
$data merge entity $(bone_group3) {transformation: [1.1973f,-0.1062f,0.2855f,-0.9971f,0.3019f,0.8223f,-0.3814f,1.6691f,-0.2824f,0.4286f,0.8026f,1.0027f,0f,0f,0f,1f],start_interpolation: 0,interpolation_duration: 1}
$data merge entity $(bone_group1) {transformation: [1.1973f,-0.1062f,0.2855f,-0.9971f,0.3019f,0.8223f,-0.3814f,1.6691f,-0.2824f,0.4286f,0.8026f,1.0027f,0f,0f,0f,1f],start_interpolation: 0,interpolation_duration: 1}
$data merge entity $(bone_group4) {transformation: [1.1599f,-0.1029f,0.2765f,-0.9971f,0.2924f,0.7966f,-0.3695f,1.6691f,-0.2736f,0.4152f,0.7775f,1.0027f,0f,0f,0f,1f],start_interpolation: 0,interpolation_duration: 1}
$data merge entity $(bone_group2) {transformation: [1.1599f,-0.1029f,0.2765f,-0.9971f,0.2924f,0.7966f,-0.3695f,1.6691f,-0.2736f,0.4152f,0.7775f,1.0027f,0f,0f,0f,1f],start_interpolation: 0,interpolation_duration: 1}
$data merge entity $(bone_10) {transformation: [-0.7934f,0.2098f,-0.5715f,0.2147f,0f,0.9388f,0.3446f,1.0687f,0.6088f,0.2734f,-0.7448f,0.4104f,0f,0f,0f,1f],start_interpolation: 0,interpolation_duration: 1}
$data merge entity $(bone_9) {transformation: [-0.7934f,0.1996f,-0.5751f,0.2896f,0f,0.9447f,0.3279f,1.4249f,0.6088f,0.2602f,-0.7495f,0.5081f,0f,0f,0f,1f],start_interpolation: 0,interpolation_duration: 1}
$data merge entity $(bone_bone12) {transformation: [-0.737f,1.0152f,-0.5482f,0.1063f,0.8912f,1.081f,0.3572f,1.8763f,0.9552f,-0.2252f,-0.7562f,0.2692f,0f,0f,0f,1f],start_interpolation: 0,interpolation_duration: 1}
$data merge entity $(bone_bone1) {transformation: [0.9258f,0.3965f,0.3543f,-0.0169f,-0.3214f,-0.6553f,0.9214f,1.3265f,0.1991f,-2.9006f,-0.1597f,1.8794f,0f,0f,0f,1f],start_interpolation: 0,interpolation_duration: 1}
$data merge entity $(bone_2) {transformation: [0.9978f,-0.0561f,0.0367f,-0.0706f,-0.0338f,0.0505f,0.9981f,1.246f,-0.0578f,-0.9971f,0.0485f,1.0009f,0f,0f,0f,1f],start_interpolation: 0,interpolation_duration: 1}
$data merge entity $(bone_bone2) {transformation: [1.8993f,-0.6216f,0.0391f,0.1823f,-0.0167f,0.1992f,0.995f,1.2317f,-0.6263f,-1.8905f,0.092f,1.0485f,0f,0f,0f,1f],start_interpolation: 0,interpolation_duration: 1}
$data merge entity $(bone_1) {transformation: [0.9978f,-0.0544f,0.0391f,-0.091f,-0.0338f,0.094f,0.995f,1.2813f,-0.0578f,-0.9941f,0.092f,0.6281f,0f,0f,0f,1f],start_interpolation: 0,interpolation_duration: 1}
$data merge entity $(bone_4) {transformation: [-0.8344f,-0.5409f,0.1061f,0.6721f,-0.3595f,0.3881f,-0.8486f,1.1064f,0.4179f,-0.7462f,-0.5183f,0.2287f,0f,0f,0f,1f],start_interpolation: 0,interpolation_duration: 1}
$data merge entity $(bone_group5) {transformation: [-3.3374f,-1.1582f,-1.3847f,0.7023f,-1.438f,2.4287f,-0.9928f,0.8918f,1.6715f,-0.2231f,-3.619f,0.4177f,0f,0f,0f,1f],start_interpolation: 0,interpolation_duration: 1}
$data merge entity $(bone_group7) {transformation: [-3.3374f,-1.1582f,-1.3847f,0.7023f,-1.438f,2.4287f,-0.9928f,0.8918f,1.6715f,-0.2231f,-3.619f,0.4177f,0f,0f,0f,1f],start_interpolation: 0,interpolation_duration: 1}
$data merge entity $(bone_group6) {transformation: [-2.3112f,-2.6717f,-1.3847f,1.0681f,-2.4597f,1.3844f,-0.9928f,0.9592f,1.5591f,0.6425f,-3.619f,0.2593f,0f,0f,0f,1f],start_interpolation: 0,interpolation_duration: 1}
$data merge entity $(bone_group8) {transformation: [-2.3112f,-2.6717f,-1.3847f,1.0681f,-2.4597f,1.3844f,-0.9928f,0.9592f,1.5591f,0.6425f,-3.619f,0.2593f,0f,0f,0f,1f],start_interpolation: 0,interpolation_duration: 1}
$data merge entity $(bone_group9) {transformation: [-2.3112f,-2.6717f,-1.3847f,1.1224f,-2.4597f,1.3844f,-0.9928f,0.8453f,1.5591f,0.6425f,-3.619f,0.2697f,0f,0f,0f,1f],start_interpolation: 0,interpolation_duration: 1}
$data merge entity $(bone_group10) {transformation: [-2.3112f,-2.6717f,-1.3847f,1.1224f,-2.4597f,1.3844f,-0.9928f,0.8453f,1.5591f,0.6425f,-3.619f,0.2697f,0f,0f,0f,1f],start_interpolation: 0,interpolation_duration: 1}
$data merge entity $(bone_group11) {transformation: [-2.3112f,-2.6717f,-1.3847f,1.1767f,-2.4597f,1.3844f,-0.9928f,0.7315f,1.5591f,0.6425f,-3.619f,0.2802f,0f,0f,0f,1f],start_interpolation: 0,interpolation_duration: 1}
$data merge entity $(bone_group12) {transformation: [-2.3112f,-2.6717f,-1.3847f,1.1767f,-2.4597f,1.3844f,-0.9928f,0.7315f,1.5591f,0.6425f,-3.619f,0.2802f,0f,0f,0f,1f],start_interpolation: 0,interpolation_duration: 1}
$data merge entity $(bone_group13) {transformation: [-2.5164f,-2.0078f,-0.5539f,0.899f,-1.9646f,1.9272f,-0.3971f,0.9442f,1.5018f,0.2396f,-1.4476f,0.2763f,0f,0f,0f,1f],start_interpolation: 0,interpolation_duration: 1}
$data merge entity $(bone_group14) {transformation: [-2.5164f,-2.0078f,-0.5539f,0.899f,-1.9646f,1.9272f,-0.3971f,0.9442f,1.5018f,0.2396f,-1.4476f,0.2763f,0f,0f,0f,1f],start_interpolation: 0,interpolation_duration: 1}
$data merge entity $(bone_group15) {transformation: [-2.4264f,-2.1157f,-0.5539f,0.9613f,-2.0468f,1.8396f,-0.3971f,0.876f,1.4899f,0.3049f,-1.4476f,0.2711f,0f,0f,0f,1f],start_interpolation: 0,interpolation_duration: 1}
$data merge entity $(bone_group16) {transformation: [-2.4264f,-2.1157f,-0.5539f,0.9613f,-2.0468f,1.8396f,-0.3971f,0.876f,1.4899f,0.3049f,-1.4476f,0.2711f,0f,0f,0f,1f],start_interpolation: 0,interpolation_duration: 1}
$data merge entity $(bone_group17) {transformation: [-2.2328f,-2.3191f,-0.5539f,1.0773f,-2.1994f,1.6543f,-0.3971f,0.803f,1.4577f,0.4335f,-1.4476f,0.2468f,0f,0f,0f,1f],start_interpolation: 0,interpolation_duration: 1}
$data merge entity $(bone_group18) {transformation: [-2.2328f,-2.3191f,-0.5539f,1.0773f,-2.1994f,1.6543f,-0.3971f,0.803f,1.4577f,0.4335f,-1.4476f,0.2468f,0f,0f,0f,1f],start_interpolation: 0,interpolation_duration: 1}
$data merge entity $(bone_group19) {transformation: [-2.2328f,-2.3191f,-0.5539f,1.1316f,-2.1994f,1.6543f,-0.3971f,0.6891f,1.4577f,0.4335f,-1.4476f,0.2572f,0f,0f,0f,1f],start_interpolation: 0,interpolation_duration: 1}
$data merge entity $(bone_group20) {transformation: [-2.2328f,-2.3191f,-0.5539f,1.1316f,-2.1994f,1.6543f,-0.3971f,0.6891f,1.4577f,0.4335f,-1.4476f,0.2572f,0f,0f,0f,1f],start_interpolation: 0,interpolation_duration: 1}
$data merge entity $(bone_bone11) {transformation: [-0.8437f,-0.0542f,-0.3462f,0.5123f,0.0489f,1.4508f,-0.2482f,1.1423f,0.3094f,-0.3772f,-0.9047f,0.3145f,0f,0f,0f,1f],start_interpolation: 0,interpolation_duration: 1}
$data merge entity $(bone_3) {transformation: [-0.8344f,-0.429f,-0.3462f,0.5556f,-0.3595f,0.8995f,-0.2482f,1.3812f,0.4179f,-0.0826f,-0.9047f,0.2324f,0f,0f,0f,1f],start_interpolation: 0,interpolation_duration: 1}
$data merge entity $(bone_8) {transformation: [-0.8604f,0.0961f,-0.5004f,0.0757f,0.1069f,0.9942f,0.007f,0.3965f,0.4982f,-0.0475f,-0.8658f,0.5209f,0f,0f,0f,1f],start_interpolation: 0,interpolation_duration: 1}
$data merge entity $(bone_7) {transformation: [-0.8604f,0.0152f,-0.5093f,0.0834f,0.1069f,0.9827f,-0.1514f,0.7656f,0.4982f,-0.1847f,-0.8472f,0.4549f,0f,0f,0f,1f],start_interpolation: 0,interpolation_duration: 1}