# This file was generated by Animated Java via MC-Build. It is not recommended to edit this file directly.
$data merge entity $(bone_layer) {transformation: [-0.9507f,-0.1678f,-0.2608f,0.2873f,-0.1339f,0.9807f,-0.1428f,1.4063f,0.2797f,-0.1008f,-0.9548f,0.4712f,0f,0f,0f,1f],start_interpolation: 0,interpolation_duration: 1}
$data merge entity $(bone_head) {transformation: [-0.9507f,-0.1678f,-0.2608f,0.2873f,-0.1339f,0.9807f,-0.1428f,1.4063f,0.2797f,-0.1008f,-0.9548f,0.4712f,0f,0f,0f,1f],start_interpolation: 0,interpolation_duration: 1}
$data merge entity $(bone_6) {transformation: [-0.6783f,-0.1323f,-0.7228f,0.3727f,-0.1126f,0.9908f,-0.0757f,0.4047f,0.7261f,0.03f,-0.6869f,0.3526f,0f,0f,0f,1f],start_interpolation: 0,interpolation_duration: 1}
$data merge entity $(bone_12) {transformation: [-0.6783f,-0.2558f,-0.6888f,0.2768f,-0.1126f,0.9626f,-0.2466f,0.7656f,0.7261f,-0.0897f,-0.6817f,0.319f,0f,0f,0f,1f],start_interpolation: 0,interpolation_duration: 1}
$data merge entity $(bone_group3) {transformation: [1.1878f,-0.0895f,0.3116f,-0.9794f,0.2978f,0.8238f,-0.3799f,1.6746f,-0.3238f,0.4295f,0.7936f,1.0578f,0f,0f,0f,1f],start_interpolation: 0,interpolation_duration: 1}
$data merge entity $(bone_group1) {transformation: [1.1878f,-0.0895f,0.3116f,-0.9794f,0.2978f,0.8238f,-0.3799f,1.6746f,-0.3238f,0.4295f,0.7936f,1.0578f,0f,0f,0f,1f],start_interpolation: 0,interpolation_duration: 1}
$data merge entity $(bone_group4) {transformation: [1.1507f,-0.0867f,0.3018f,-0.9794f,0.2885f,0.7981f,-0.368f,1.6746f,-0.3137f,0.416f,0.7688f,1.0578f,0f,0f,0f,1f],start_interpolation: 0,interpolation_duration: 1}
$data merge entity $(bone_group2) {transformation: [1.1507f,-0.0867f,0.3018f,-0.9794f,0.2885f,0.7981f,-0.368f,1.6746f,-0.3137f,0.416f,0.7688f,1.0578f,0f,0f,0f,1f],start_interpolation: 0,interpolation_duration: 1}
$data merge entity $(bone_10) {transformation: [-0.778f,0.2141f,-0.5907f,0.2115f,0f,0.9401f,0.3408f,1.0695f,0.6283f,0.2651f,-0.7314f,0.4272f,0f,0f,0f,1f],start_interpolation: 0,interpolation_duration: 1}
$data merge entity $(bone_9) {transformation: [-0.778f,0.2001f,-0.5956f,0.2867f,0f,0.9479f,0.3185f,1.4276f,0.6283f,0.2478f,-0.7375f,0.5202f,0f,0f,0f,1f],start_interpolation: 0,interpolation_duration: 1}
$data merge entity $(bone_bone12) {transformation: [-0.7103f,1.0203f,-0.5596f,0.0967f,0.9038f,1.0703f,0.3575f,1.8803f,0.9637f,-0.2519f,-0.7477f,0.285f,0f,0f,0f,1f],start_interpolation: 0,interpolation_duration: 1}
$data merge entity $(bone_bone1) {transformation: [0.9292f,0.3728f,0.3481f,-0.0032f,-0.3171f,-0.6483f,0.9234f,1.3403f,0.19f,-2.9053f,-0.1614f,1.9036f,0f,0f,0f,1f],start_interpolation: 0,interpolation_duration: 1}
$data merge entity $(bone_2) {transformation: [0.9973f,-0.0656f,0.0321f,-0.0646f,-0.0287f,0.052f,0.9982f,1.261f,-0.0671f,-0.9965f,0.05f,1.0254f,0f,0f,0f,1f],start_interpolation: 0,interpolation_duration: 1}
$data merge entity $(bone_bone2) {transformation: [1.8927f,-0.6433f,0.0317f,0.1889f,-0.0315f,0.1044f,0.9985f,1.2509f,-0.6456f,-1.8908f,0.0443f,1.0709f,0f,0f,0f,1f],start_interpolation: 0,interpolation_duration: 1}
$data merge entity $(bone_1) {transformation: [0.9973f,-0.0658f,0.0317f,-0.0892f,-0.0287f,0.0463f,0.9985f,1.2784f,-0.0671f,-0.9968f,0.0443f,0.6516f,0f,0f,0f,1f],start_interpolation: 0,interpolation_duration: 1}
$data merge entity $(bone_4) {transformation: [-0.8257f,-0.5559f,0.0959f,0.6632f,-0.3559f,0.3816f,-0.8531f,1.1084f,0.4376f,-0.7385f,-0.5129f,0.2336f,0f,0f,0f,1f],start_interpolation: 0,interpolation_duration: 1}
$data merge entity $(bone_group5) {transformation: [-3.3029f,-1.1631f,-1.4567f,0.6973f,-1.4238f,2.4266f,-1.0242f,0.8955f,1.7504f,-0.2209f,-3.5818f,0.4238f,0f,0f,0f,1f],start_interpolation: 0,interpolation_duration: 1}
$data merge entity $(bone_group7) {transformation: [-3.3029f,-1.1631f,-1.4567f,0.6973f,-1.4238f,2.4266f,-1.0242f,0.8955f,1.7504f,-0.2209f,-3.5818f,0.4238f,0f,0f,0f,1f],start_interpolation: 0,interpolation_duration: 1}
$data merge entity $(bone_group6) {transformation: [-2.2788f,-2.6587f,-1.4567f,1.0598f,-2.4463f,1.3896f,-1.0242f,0.9615f,1.6263f,0.6839f,-3.5818f,0.2575f,0f,0f,0f,1f],start_interpolation: 0,interpolation_duration: 1}
$data merge entity $(bone_group8) {transformation: [-2.2788f,-2.6587f,-1.4567f,1.0598f,-2.4463f,1.3896f,-1.0242f,0.9615f,1.6263f,0.6839f,-3.5818f,0.2575f,0f,0f,0f,1f],start_interpolation: 0,interpolation_duration: 1}
$data merge entity $(bone_group9) {transformation: [-2.2788f,-2.6587f,-1.4567f,1.1144f,-2.4463f,1.3896f,-1.0242f,0.8477f,1.6263f,0.6839f,-3.5818f,0.2679f,0f,0f,0f,1f],start_interpolation: 0,interpolation_duration: 1}
$data merge entity $(bone_group10) {transformation: [-2.2788f,-2.6587f,-1.4567f,1.1144f,-2.4463f,1.3896f,-1.0242f,0.8477f,1.6263f,0.6839f,-3.5818f,0.2679f,0f,0f,0f,1f],start_interpolation: 0,interpolation_duration: 1}
$data merge entity $(bone_group11) {transformation: [-2.2788f,-2.6587f,-1.4567f,1.1689f,-2.4463f,1.3896f,-1.0242f,0.734f,1.6263f,0.6839f,-3.5818f,0.2782f,0f,0f,0f,1f],start_interpolation: 0,interpolation_duration: 1}
$data merge entity $(bone_group12) {transformation: [-2.2788f,-2.6587f,-1.4567f,1.1689f,-2.4463f,1.3896f,-1.0242f,0.734f,1.6263f,0.6839f,-3.5818f,0.2782f,0f,0f,0f,1f],start_interpolation: 0,interpolation_duration: 1}
$data merge entity $(bone_group13) {transformation: [-2.4853f,-2.0031f,-0.5827f,0.8911f,-1.9518f,1.929f,-0.4097f,0.9467f,1.5688f,0.2631f,-1.4327f,0.278f,0f,0f,0f,1f],start_interpolation: 0,interpolation_duration: 1}
$data merge entity $(bone_group14) {transformation: [-2.4853f,-2.0031f,-0.5827f,0.8911f,-1.9518f,1.929f,-0.4097f,0.9467f,1.5688f,0.2631f,-1.4327f,0.278f,0f,0f,0f,1f],start_interpolation: 0,interpolation_duration: 1}
$data merge entity $(bone_group15) {transformation: [-2.3955f,-2.1096f,-0.5827f,0.9533f,-2.0341f,1.842f,-0.4097f,0.8784f,1.5559f,0.3313f,-1.4327f,0.2722f,0f,0f,0f,1f],start_interpolation: 0,interpolation_duration: 1}
$data merge entity $(bone_group16) {transformation: [-2.3955f,-2.1096f,-0.5827f,0.9533f,-2.0341f,1.842f,-0.4097f,0.8784f,1.5559f,0.3313f,-1.4327f,0.2722f,0f,0f,0f,1f],start_interpolation: 0,interpolation_duration: 1}
$data merge entity $(bone_group17) {transformation: [-2.2025f,-2.3104f,-0.5827f,1.0689f,-2.1869f,1.6577f,-0.4097f,0.8052f,1.5211f,0.4656f,-1.4327f,0.2462f,0f,0f,0f,1f],start_interpolation: 0,interpolation_duration: 1}
$data merge entity $(bone_group18) {transformation: [-2.2025f,-2.3104f,-0.5827f,1.0689f,-2.1869f,1.6577f,-0.4097f,0.8052f,1.5211f,0.4656f,-1.4327f,0.2462f,0f,0f,0f,1f],start_interpolation: 0,interpolation_duration: 1}
$data merge entity $(bone_group19) {transformation: [-2.2025f,-2.3104f,-0.5827f,1.1234f,-2.1869f,1.6577f,-0.4097f,0.6914f,1.5211f,0.4656f,-1.4327f,0.2566f,0f,0f,0f,1f],start_interpolation: 0,interpolation_duration: 1}
$data merge entity $(bone_group20) {transformation: [-2.2025f,-2.3104f,-0.5827f,1.1234f,-2.1869f,1.6577f,-0.4097f,0.6914f,1.5211f,0.4656f,-1.4327f,0.2566f,0f,0f,0f,1f],start_interpolation: 0,interpolation_duration: 1}
$data merge entity $(bone_bone11) {transformation: [-0.8374f,-0.0622f,-0.3642f,0.5052f,0.0515f,1.4475f,-0.256f,1.145f,0.3258f,-0.3886f,-0.8954f,0.3223f,0f,0f,0f,1f],start_interpolation: 0,interpolation_duration: 1}
$data merge entity $(bone_3) {transformation: [-0.8257f,-0.4308f,-0.3642f,0.5467f,-0.3559f,0.8987f,-0.256f,1.3832f,0.4376f,-0.0818f,-0.8954f,0.2373f,0f,0f,0f,1f],start_interpolation: 0,interpolation_duration: 1}
$data merge entity $(bone_8) {transformation: [-0.8478f,0.0911f,-0.5225f,0.0731f,0.1069f,0.9943f,-0.0001f,0.3957f,0.5194f,-0.056f,-0.8527f,0.5373f,0f,0f,0f,1f],start_interpolation: 0,interpolation_duration: 1}
$data merge entity $(bone_7) {transformation: [-0.8478f,0.0172f,-0.5301f,0.0823f,0.1069f,0.9845f,-0.139f,0.7656f,0.5194f,-0.1745f,-0.8365f,0.476f,0f,0f,0f,1f],start_interpolation: 0,interpolation_duration: 1}