# This file was generated by Animated Java via MC-Build. It is not recommended to edit this file directly.
$data merge entity $(bone_layer) {transformation: [-0.9452f,-0.1755f,-0.2753f,0.2863f,-0.1367f,0.9785f,-0.1545f,1.4064f,0.2965f,-0.1084f,-0.9488f,0.4835f,0f,0f,0f,1f],start_interpolation: 0,interpolation_duration: 1}
$data merge entity $(bone_head) {transformation: [-0.9452f,-0.1755f,-0.2753f,0.2863f,-0.1367f,0.9785f,-0.1545f,1.4064f,0.2965f,-0.1084f,-0.9488f,0.4835f,0f,0f,0f,1f],start_interpolation: 0,interpolation_duration: 1}
$data merge entity $(bone_6) {transformation: [-0.6628f,-0.1404f,-0.7355f,0.3727f,-0.1136f,0.9897f,-0.0866f,0.4057f,0.7402f,0.0262f,-0.6719f,0.3656f,0f,0f,0f,1f],start_interpolation: 0,interpolation_duration: 1}
$data merge entity $(bone_12) {transformation: [-0.6628f,-0.266f,-0.7f,0.2729f,-0.1136f,0.9597f,-0.2571f,0.7656f,0.7402f,-0.0909f,-0.6662f,0.3316f,0f,0f,0f,1f],start_interpolation: 0,interpolation_duration: 1}
$data merge entity $(bone_group3) {transformation: [1.1797f,-0.0768f,0.3311f,-0.9653f,0.2948f,0.8249f,-0.3788f,1.6787f,-0.3549f,0.4298f,0.7861f,1.0994f,0f,0f,0f,1f],start_interpolation: 0,interpolation_duration: 1}
$data merge entity $(bone_group1) {transformation: [1.1797f,-0.0768f,0.3311f,-0.9653f,0.2948f,0.8249f,-0.3788f,1.6787f,-0.3549f,0.4298f,0.7861f,1.0994f,0f,0f,0f,1f],start_interpolation: 0,interpolation_duration: 1}
$data merge entity $(bone_group4) {transformation: [1.1428f,-0.0744f,0.3208f,-0.9653f,0.2856f,0.7991f,-0.3669f,1.6787f,-0.3438f,0.4164f,0.7616f,1.0994f,0f,0f,0f,1f],start_interpolation: 0,interpolation_duration: 1}
$data merge entity $(bone_group2) {transformation: [1.1428f,-0.0744f,0.3208f,-0.9653f,0.2856f,0.7991f,-0.3669f,1.6787f,-0.3438f,0.4164f,0.7616f,1.0994f,0f,0f,0f,1f],start_interpolation: 0,interpolation_duration: 1}
$data merge entity $(bone_10) {transformation: [-0.7658f,0.2175f,-0.6052f,0.2091f,0f,0.9411f,0.3381f,1.0701f,0.6431f,0.2589f,-0.7207f,0.4402f,0f,0f,0f,1f],start_interpolation: 0,interpolation_duration: 1}
$data merge entity $(bone_9) {transformation: [-0.7658f,0.2005f,-0.6111f,0.2844f,0f,0.9502f,0.3117f,1.4296f,0.6431f,0.2387f,-0.7276f,0.5298f,0f,0f,0f,1f],start_interpolation: 0,interpolation_duration: 1}
$data merge entity $(bone_bone12) {transformation: [-0.6898f,1.0231f,-0.5686f,0.0894f,0.9128f,1.0626f,0.3575f,1.8832f,0.97f,-0.2724f,-0.7408f,0.2976f,0f,0f,0f,1f],start_interpolation: 0,interpolation_duration: 1}
$data merge entity $(bone_bone1) {transformation: [0.9316f,0.3598f,0.3431f,0.005f,-0.3129f,-0.6473f,0.9249f,1.3532f,0.185f,-2.9072f,-0.1635f,1.9213f,0f,0f,0f,1f],start_interpolation: 0,interpolation_duration: 1}
$data merge entity $(bone_2) {transformation: [0.9971f,-0.0713f,0.0279f,-0.0609f,-0.0243f,0.0515f,0.9984f,1.2734f,-0.0726f,-0.9961f,0.0496f,1.0435f,0f,0f,0f,1f],start_interpolation: 0,interpolation_duration: 1}
$data merge entity $(bone_bone2) {transformation: [1.8887f,-0.6561f,0.0247f,0.1929f,-0.0436f,0.0252f,0.9997f,1.2669f,-0.6565f,-1.8892f,0.0048f,1.0877f,0f,0f,0f,1f],start_interpolation: 0,interpolation_duration: 1}
$data merge entity $(bone_1) {transformation: [0.9971f,-0.0724f,0.0247f,-0.088f,-0.0243f,0.0065f,0.9997f,1.2758f,-0.0726f,-0.9974f,0.0048f,0.6695f,0f,0f,0f,1f],start_interpolation: 0,interpolation_duration: 1}
$data merge entity $(bone_4) {transformation: [-0.8186f,-0.5675f,0.0881f,0.6562f,-0.3534f,0.3768f,-0.8562f,1.1097f,0.4527f,-0.732f,-0.5091f,0.2376f,0f,0f,0f,1f],start_interpolation: 0,interpolation_duration: 1}
$data merge entity $(bone_group5) {transformation: [-3.2745f,-1.1672f,-1.5126f,0.6933f,-1.4136f,2.4249f,-1.0467f,0.898f,1.811f,-0.2176f,-3.552f,0.4286f,0f,0f,0f,1f],start_interpolation: 0,interpolation_duration: 1}
$data merge entity $(bone_group7) {transformation: [-3.2745f,-1.1672f,-1.5126f,0.6933f,-1.4136f,2.4249f,-1.0467f,0.898f,1.811f,-0.2176f,-3.552f,0.4286f,0f,0f,0f,1f],start_interpolation: 0,interpolation_duration: 1}
$data merge entity $(bone_group6) {transformation: [-2.2522f,-2.6481f,-1.5126f,1.0532f,-2.4367f,1.3932f,-1.0467f,0.963f,1.6771f,0.7171f,-3.552f,0.2561f,0f,0f,0f,1f],start_interpolation: 0,interpolation_duration: 1}
$data merge entity $(bone_group8) {transformation: [-2.2522f,-2.6481f,-1.5126f,1.0532f,-2.4367f,1.3932f,-1.0467f,0.963f,1.6771f,0.7171f,-3.552f,0.2561f,0f,0f,0f,1f],start_interpolation: 0,interpolation_duration: 1}
$data merge entity $(bone_group9) {transformation: [-2.2522f,-2.6481f,-1.5126f,1.1079f,-2.4367f,1.3932f,-1.0467f,0.8494f,1.6771f,0.7171f,-3.552f,0.2663f,0f,0f,0f,1f],start_interpolation: 0,interpolation_duration: 1}
$data merge entity $(bone_group10) {transformation: [-2.2522f,-2.6481f,-1.5126f,1.1079f,-2.4367f,1.3932f,-1.0467f,0.8494f,1.6771f,0.7171f,-3.552f,0.2663f,0f,0f,0f,1f],start_interpolation: 0,interpolation_duration: 1}
$data merge entity $(bone_group11) {transformation: [-2.2522f,-2.6481f,-1.5126f,1.1626f,-2.4367f,1.3932f,-1.0467f,0.7357f,1.6771f,0.7171f,-3.552f,0.2765f,0f,0f,0f,1f],start_interpolation: 0,interpolation_duration: 1}
$data merge entity $(bone_group12) {transformation: [-2.2522f,-2.6481f,-1.5126f,1.1626f,-2.4367f,1.3932f,-1.0467f,0.7357f,1.6771f,0.7171f,-3.552f,0.2765f,0f,0f,0f,1f],start_interpolation: 0,interpolation_duration: 1}
$data merge entity $(bone_group13) {transformation: [-2.4596f,-1.9994f,-0.605f,0.8848f,-1.9426f,1.9301f,-0.4187f,0.9483f,1.6199f,0.2826f,-1.4208f,0.2794f,0f,0f,0f,1f],start_interpolation: 0,interpolation_duration: 1}
$data merge entity $(bone_group14) {transformation: [-2.4596f,-1.9994f,-0.605f,0.8848f,-1.9426f,1.9301f,-0.4187f,0.9483f,1.6199f,0.2826f,-1.4208f,0.2794f,0f,0f,0f,1f],start_interpolation: 0,interpolation_duration: 1}
$data merge entity $(bone_group15) {transformation: [-2.3701f,-2.1047f,-0.605f,0.9469f,-2.0249f,1.8436f,-0.4187f,0.88f,1.606f,0.353f,-1.4208f,0.2731f,0f,0f,0f,1f],start_interpolation: 0,interpolation_duration: 1}
$data merge entity $(bone_group16) {transformation: [-2.3701f,-2.1047f,-0.605f,0.9469f,-2.0249f,1.8436f,-0.4187f,0.88f,1.606f,0.353f,-1.4208f,0.2731f,0f,0f,0f,1f],start_interpolation: 0,interpolation_duration: 1}
$data merge entity $(bone_group17) {transformation: [-2.1776f,-2.3033f,-0.605f,1.0621f,-2.1779f,1.6601f,-0.4187f,0.8067f,1.5691f,0.4916f,-1.4208f,0.2457f,0f,0f,0f,1f],start_interpolation: 0,interpolation_duration: 1}
$data merge entity $(bone_group18) {transformation: [-2.1776f,-2.3033f,-0.605f,1.0621f,-2.1779f,1.6601f,-0.4187f,0.8067f,1.5691f,0.4916f,-1.4208f,0.2457f,0f,0f,0f,1f],start_interpolation: 0,interpolation_duration: 1}
$data merge entity $(bone_group19) {transformation: [-2.1776f,-2.3033f,-0.605f,1.1168f,-2.1779f,1.6601f,-0.4187f,0.693f,1.5691f,0.4916f,-1.4208f,0.2559f,0f,0f,0f,1f],start_interpolation: 0,interpolation_duration: 1}
$data merge entity $(bone_group20) {transformation: [-2.1776f,-2.3033f,-0.605f,1.1168f,-2.1779f,1.6601f,-0.4187f,0.693f,1.5691f,0.4916f,-1.4208f,0.2559f,0f,0f,0f,1f],start_interpolation: 0,interpolation_duration: 1}
$data merge entity $(bone_bone11) {transformation: [-0.8322f,-0.0687f,-0.3781f,0.4996f,0.0533f,1.445f,-0.2617f,1.1468f,0.3386f,-0.3966f,-0.888f,0.3285f,0f,0f,0f,1f],start_interpolation: 0,interpolation_duration: 1}
$data merge entity $(bone_3) {transformation: [-0.8186f,-0.4323f,-0.3781f,0.5397f,-0.3534f,0.8981f,-0.2617f,1.3845f,0.4527f,-0.0806f,-0.888f,0.2414f,0f,0f,0f,1f],start_interpolation: 0,interpolation_duration: 1}
$data merge entity $(bone_8) {transformation: [-0.8377f,0.0872f,-0.5392f,0.0712f,0.1069f,0.9943f,-0.0053f,0.3952f,0.5356f,-0.0621f,-0.8422f,0.5501f,0f,0f,0f,1f],start_interpolation: 0,interpolation_duration: 1}
$data merge entity $(bone_7) {transformation: [-0.8377f,0.0188f,-0.5459f,0.0815f,0.1069f,0.9857f,-0.1302f,0.7656f,0.5356f,-0.1674f,-0.8277f,0.4923f,0f,0f,0f,1f],start_interpolation: 0,interpolation_duration: 1}