# This file was generated by Animated Java via MC-Build. It is not recommended to edit this file directly.
$data merge entity $(bone_layer) {transformation: [-0.9412f,-0.182f,-0.2846f,0.2856f,-0.139f,0.9765f,-0.1646f,1.4066f,0.3079f,-0.1153f,-0.9444f,0.4926f,0f,0f,0f,1f],start_interpolation: 0,interpolation_duration: 1}
$data merge entity $(bone_head) {transformation: [-0.9412f,-0.182f,-0.2846f,0.2856f,-0.139f,0.9765f,-0.1646f,1.4066f,0.3079f,-0.1153f,-0.9444f,0.4926f,0f,0f,0f,1f],start_interpolation: 0,interpolation_duration: 1}
$data merge entity $(bone_6) {transformation: [-0.6514f,-0.1457f,-0.7447f,0.3724f,-0.1142f,0.989f,-0.0936f,0.4065f,0.7501f,0.0241f,-0.6609f,0.3749f,0f,0f,0f,1f],start_interpolation: 0,interpolation_duration: 1}
$data merge entity $(bone_12) {transformation: [-0.6514f,-0.2728f,-0.708f,0.2701f,-0.1142f,0.9578f,-0.2639f,0.7656f,0.7501f,-0.091f,-0.655f,0.3408f,0f,0f,0f,1f],start_interpolation: 0,interpolation_duration: 1}
$data merge entity $(bone_group3) {transformation: [1.1734f,-0.068f,0.3449f,-0.9548f,0.2928f,0.8256f,-0.3781f,1.6813f,-0.3767f,0.43f,0.7805f,1.1292f,0f,0f,0f,1f],start_interpolation: 0,interpolation_duration: 1}
$data merge entity $(bone_group1) {transformation: [1.1734f,-0.068f,0.3449f,-0.9548f,0.2928f,0.8256f,-0.3781f,1.6813f,-0.3767f,0.43f,0.7805f,1.1292f,0f,0f,0f,1f],start_interpolation: 0,interpolation_duration: 1}
$data merge entity $(bone_group4) {transformation: [1.1367f,-0.0658f,0.3342f,-0.9548f,0.2837f,0.7998f,-0.3663f,1.6813f,-0.365f,0.4165f,0.7561f,1.1292f,0f,0f,0f,1f],start_interpolation: 0,interpolation_duration: 1}
$data merge entity $(bone_group2) {transformation: [1.1367f,-0.0658f,0.3342f,-0.9548f,0.2837f,0.7998f,-0.3663f,1.6813f,-0.365f,0.4165f,0.7561f,1.1292f,0f,0f,0f,1f],start_interpolation: 0,interpolation_duration: 1}
$data merge entity $(bone_10) {transformation: [-0.7567f,0.2199f,-0.6157f,0.2074f,0f,0.9417f,0.3364f,1.0706f,0.6538f,0.2545f,-0.7126f,0.4498f,0f,0f,0f,1f],start_interpolation: 0,interpolation_duration: 1}
$data merge entity $(bone_9) {transformation: [-0.7567f,0.2009f,-0.6221f,0.2828f,0f,0.9516f,0.3074f,1.4308f,0.6538f,0.2326f,-0.7201f,0.5371f,0f,0f,0f,1f],start_interpolation: 0,interpolation_duration: 1}
$data merge entity $(bone_bone12) {transformation: [-0.6751f,1.0241f,-0.5756f,0.0842f,0.9185f,1.0577f,0.3575f,1.885f,0.975f,-0.2874f,-0.7354f,0.3072f,0f,0f,0f,1f],start_interpolation: 0,interpolation_duration: 1}
$data merge entity $(bone_bone1) {transformation: [0.9332f,0.356f,0.3392f,0.0083f,-0.3089f,-0.6514f,0.926f,1.365f,0.1835f,-2.9067f,-0.166f,1.9336f,0f,0f,0f,1f],start_interpolation: 0,interpolation_duration: 1}
$data merge entity $(bone_2) {transformation: [0.997f,-0.0736f,0.0241f,-0.0591f,-0.0205f,0.0493f,0.9986f,1.2833f,-0.0747f,-0.9961f,0.0476f,1.0561f,0f,0f,0f,1f],start_interpolation: 0,interpolation_duration: 1}
$data merge entity $(bone_bone2) {transformation: [1.8871f,-0.6614f,0.0185f,0.1948f,-0.053f,-0.039f,0.9995f,1.2798f,-0.6603f,-1.8871f,-0.0272f,1.0997f,0f,0f,0f,1f],start_interpolation: 0,interpolation_duration: 1}
$data merge entity $(bone_1) {transformation: [0.997f,-0.0752f,0.0185f,-0.0873f,-0.0205f,-0.0257f,0.9995f,1.2737f,-0.0747f,-0.9968f,-0.0272f,0.6823f,0f,0f,0f,1f],start_interpolation: 0,interpolation_duration: 1}
$data merge entity $(bone_4) {transformation: [-0.8131f,-0.5763f,0.0823f,0.651f,-0.3518f,0.3738f,-0.8582f,1.1105f,0.4638f,-0.7268f,-0.5066f,0.2406f,0f,0f,0f,1f],start_interpolation: 0,interpolation_duration: 1}
$data merge entity $(bone_group5) {transformation: [-3.2525f,-1.1703f,-1.5541f,0.6904f,-1.4071f,2.4238f,-1.0613f,0.8995f,1.8552f,-0.2135f,-3.5296f,0.432f,0f,0f,0f,1f],start_interpolation: 0,interpolation_duration: 1}
$data merge entity $(bone_group7) {transformation: [-3.2525f,-1.1703f,-1.5541f,0.6904f,-1.4071f,2.4238f,-1.0613f,0.8995f,1.8552f,-0.2135f,-3.5296f,0.432f,0f,0f,0f,1f],start_interpolation: 0,interpolation_duration: 1}
$data merge entity $(bone_group6) {transformation: [-2.2316f,-2.6398f,-1.5541f,1.0482f,-2.4304f,1.3955f,-1.0613f,0.964f,1.7133f,0.7427f,-3.5296f,0.255f,0f,0f,0f,1f],start_interpolation: 0,interpolation_duration: 1}
$data merge entity $(bone_group8) {transformation: [-2.2316f,-2.6398f,-1.5541f,1.0482f,-2.4304f,1.3955f,-1.0613f,0.964f,1.7133f,0.7427f,-3.5296f,0.255f,0f,0f,0f,1f],start_interpolation: 0,interpolation_duration: 1}
$data merge entity $(bone_group9) {transformation: [-2.2316f,-2.6398f,-1.5541f,1.1031f,-2.4304f,1.3955f,-1.0613f,0.8503f,1.7133f,0.7427f,-3.5296f,0.265f,0f,0f,0f,1f],start_interpolation: 0,interpolation_duration: 1}
$data merge entity $(bone_group10) {transformation: [-2.2316f,-2.6398f,-1.5541f,1.1031f,-2.4304f,1.3955f,-1.0613f,0.8503f,1.7133f,0.7427f,-3.5296f,0.265f,0f,0f,0f,1f],start_interpolation: 0,interpolation_duration: 1}
$data merge entity $(bone_group11) {transformation: [-2.2316f,-2.6398f,-1.5541f,1.1579f,-2.4304f,1.3955f,-1.0613f,0.7367f,1.7133f,0.7427f,-3.5296f,0.2751f,0f,0f,0f,1f],start_interpolation: 0,interpolation_duration: 1}
$data merge entity $(bone_group12) {transformation: [-2.2316f,-2.6398f,-1.5541f,1.1579f,-2.4304f,1.3955f,-1.0613f,0.7367f,1.7133f,0.7427f,-3.5296f,0.2751f,0f,0f,0f,1f],start_interpolation: 0,interpolation_duration: 1}
$data merge entity $(bone_group13) {transformation: [-2.4398f,-1.9964f,-0.6217f,0.8801f,-1.9366f,1.9308f,-0.4245f,0.9493f,1.6566f,0.2985f,-1.4119f,0.2803f,0f,0f,0f,1f],start_interpolation: 0,interpolation_duration: 1}
$data merge entity $(bone_group14) {transformation: [-2.4398f,-1.9964f,-0.6217f,0.8801f,-1.9366f,1.9308f,-0.4245f,0.9493f,1.6566f,0.2985f,-1.4119f,0.2803f,0f,0f,0f,1f],start_interpolation: 0,interpolation_duration: 1}
$data merge entity $(bone_group15) {transformation: [-2.3504f,-2.1009f,-0.6217f,0.9422f,-2.019f,1.8445f,-0.4245f,0.881f,1.642f,0.3705f,-1.4119f,0.2735f,0f,0f,0f,1f],start_interpolation: 0,interpolation_duration: 1}
$data merge entity $(bone_group16) {transformation: [-2.3504f,-2.1009f,-0.6217f,0.9422f,-2.019f,1.8445f,-0.4245f,0.881f,1.642f,0.3705f,-1.4119f,0.2735f,0f,0f,0f,1f],start_interpolation: 0,interpolation_duration: 1}
$data merge entity $(bone_group17) {transformation: [-2.1584f,-2.2978f,-0.6217f,1.057f,-2.172f,1.6615f,-0.4245f,0.8076f,1.6034f,0.5122f,-1.4119f,0.2451f,0f,0f,0f,1f],start_interpolation: 0,interpolation_duration: 1}
$data merge entity $(bone_group18) {transformation: [-2.1584f,-2.2978f,-0.6217f,1.057f,-2.172f,1.6615f,-0.4245f,0.8076f,1.6034f,0.5122f,-1.4119f,0.2451f,0f,0f,0f,1f],start_interpolation: 0,interpolation_duration: 1}
$data merge entity $(bone_group19) {transformation: [-2.1584f,-2.2978f,-0.6217f,1.1119f,-2.172f,1.6615f,-0.4245f,0.6939f,1.6034f,0.5122f,-1.4119f,0.2551f,0f,0f,0f,1f],start_interpolation: 0,interpolation_duration: 1}
$data merge entity $(bone_group20) {transformation: [-2.1584f,-2.2978f,-0.6217f,1.1119f,-2.172f,1.6615f,-0.4245f,0.6939f,1.6034f,0.5122f,-1.4119f,0.2551f,0f,0f,0f,1f],start_interpolation: 0,interpolation_duration: 1}
$data merge entity $(bone_bone11) {transformation: [-0.8281f,-0.0738f,-0.3885f,0.4954f,0.0545f,1.4434f,-0.2653f,1.1479f,0.3482f,-0.4015f,-0.8824f,0.3332f,0f,0f,0f,1f],start_interpolation: 0,interpolation_duration: 1}
$data merge entity $(bone_3) {transformation: [-0.8131f,-0.4335f,-0.3885f,0.5345f,-0.3518f,0.8977f,-0.2653f,1.3853f,0.4638f,-0.0791f,-0.8824f,0.2447f,0f,0f,0f,1f],start_interpolation: 0,interpolation_duration: 1}
$data merge entity $(bone_8) {transformation: [-0.8301f,0.0845f,-0.5512f,0.0699f,0.1069f,0.9942f,-0.0085f,0.3949f,0.5473f,-0.066f,-0.8343f,0.5599f,0f,0f,0f,1f],start_interpolation: 0,interpolation_duration: 1}
$data merge entity $(bone_7) {transformation: [-0.8301f,0.0197f,-0.5573f,0.081f,0.1069f,0.9864f,-0.1245f,0.7656f,0.5473f,-0.1629f,-0.8209f,0.5042f,0f,0f,0f,1f],start_interpolation: 0,interpolation_duration: 1}