# This file was generated by Animated Java via MC-Build. It is not recommended to edit this file directly.
$data merge entity $(bone_layer) {transformation: [-0.9388f,-0.187f,-0.2893f,0.2852f,-0.1409f,0.9748f,-0.173f,1.4069f,0.3144f,-0.1216f,-0.9415f,0.4986f,0f,0f,0f,1f],start_interpolation: 0,interpolation_duration: 1}
$data merge entity $(bone_head) {transformation: [-0.9388f,-0.187f,-0.2893f,0.2852f,-0.1409f,0.9748f,-0.173f,1.4069f,0.3144f,-0.1216f,-0.9415f,0.4986f,0f,0f,0f,1f],start_interpolation: 0,interpolation_duration: 1}
$data merge entity $(bone_6) {transformation: [-0.6438f,-0.1484f,-0.7507f,0.3719f,-0.1146f,0.9887f,-0.0971f,0.4068f,0.7566f,0.0235f,-0.6535f,0.3808f,0f,0f,0f,1f],start_interpolation: 0,interpolation_duration: 1}
$data merge entity $(bone_12) {transformation: [-0.6438f,-0.2765f,-0.7135f,0.2682f,-0.1146f,0.9568f,-0.2673f,0.7656f,0.7566f,-0.0904f,-0.6476f,0.3469f,0f,0f,0f,1f],start_interpolation: 0,interpolation_duration: 1}
$data merge entity $(bone_group3) {transformation: [1.1691f,-0.0625f,0.3537f,-0.948f,0.2918f,0.8259f,-0.3777f,1.6826f,-0.3904f,0.4301f,0.7768f,1.1484f,0f,0f,0f,1f],start_interpolation: 0,interpolation_duration: 1}
$data merge entity $(bone_group1) {transformation: [1.1691f,-0.0625f,0.3537f,-0.948f,0.2918f,0.8259f,-0.3777f,1.6826f,-0.3904f,0.4301f,0.7768f,1.1484f,0f,0f,0f,1f],start_interpolation: 0,interpolation_duration: 1}
$data merge entity $(bone_group4) {transformation: [1.1326f,-0.0606f,0.3426f,-0.948f,0.2827f,0.8001f,-0.3659f,1.6826f,-0.3782f,0.4167f,0.7525f,1.1484f,0f,0f,0f,1f],start_interpolation: 0,interpolation_duration: 1}
$data merge entity $(bone_group2) {transformation: [1.1326f,-0.0606f,0.3426f,-0.948f,0.2827f,0.8001f,-0.3659f,1.6826f,-0.3782f,0.4167f,0.7525f,1.1484f,0f,0f,0f,1f],start_interpolation: 0,interpolation_duration: 1}
$data merge entity $(bone_10) {transformation: [-0.7505f,0.2217f,-0.6225f,0.2063f,0f,0.942f,0.3355f,1.0708f,0.6609f,0.2518f,-0.707f,0.4563f,0f,0f,0f,1f],start_interpolation: 0,interpolation_duration: 1}
$data merge entity $(bone_9) {transformation: [-0.7505f,0.2017f,-0.6293f,0.282f,0f,0.9523f,0.3052f,1.4314f,0.6609f,0.229f,-0.7147f,0.5423f,0f,0f,0f,1f],start_interpolation: 0,interpolation_duration: 1}
$data merge entity $(bone_bone12) {transformation: [-0.6654f,1.0238f,-0.5808f,0.081f,0.9214f,1.0552f,0.3575f,1.886f,0.9789f,-0.2973f,-0.7313f,0.314f,0f,0f,0f,1f],start_interpolation: 0,interpolation_duration: 1}
$data merge entity $(bone_bone1) {transformation: [0.9341f,0.3601f,0.3361f,0.0076f,-0.3051f,-0.6597f,0.9266f,1.3757f,0.1851f,-2.9043f,-0.1688f,1.9414f,0f,0f,0f,1f],start_interpolation: 0,interpolation_duration: 1}
$data merge entity $(bone_2) {transformation: [0.9971f,-0.0731f,0.0207f,-0.059f,-0.0174f,0.0458f,0.9988f,1.2909f,-0.074f,-0.9963f,0.0444f,1.0641f,0f,0f,0f,1f],start_interpolation: 0,interpolation_duration: 1}
$data merge entity $(bone_bone2) {transformation: [1.8875f,-0.6607f,0.0136f,0.195f,-0.0599f,-0.0893f,0.9986f,1.2897f,-0.6585f,-1.8856f,-0.052f,1.1078f,0f,0f,0f,1f],start_interpolation: 0,interpolation_duration: 1}
$data merge entity $(bone_1) {transformation: [0.9971f,-0.0748f,0.0136f,-0.087f,-0.0174f,-0.0509f,0.9986f,1.2718f,-0.074f,-0.9959f,-0.052f,0.6906f,0f,0f,0f,1f],start_interpolation: 0,interpolation_duration: 1}
$data merge entity $(bone_4) {transformation: [-0.8092f,-0.5823f,0.0782f,0.6475f,-0.3509f,0.3722f,-0.8592f,1.1107f,0.4712f,-0.7228f,-0.5056f,0.2426f,0f,0f,0f,1f],start_interpolation: 0,interpolation_duration: 1}
$data merge entity $(bone_group5) {transformation: [-3.2368f,-1.1724f,-1.5831f,0.6885f,-1.4037f,2.4232f,-1.0686f,0.9002f,1.8848f,-0.2087f,-3.5145f,0.4341f,0f,0f,0f,1f],start_interpolation: 0,interpolation_duration: 1}
$data merge entity $(bone_group7) {transformation: [-3.2368f,-1.1724f,-1.5831f,0.6885f,-1.4037f,2.4232f,-1.0686f,0.9002f,1.8848f,-0.2087f,-3.5145f,0.4341f,0f,0f,0f,1f],start_interpolation: 0,interpolation_duration: 1}
$data merge entity $(bone_group6) {transformation: [-2.217f,-2.6337f,-1.5831f,1.0448f,-2.4273f,1.3967f,-1.0686f,0.9643f,1.7366f,0.7617f,-3.5145f,0.2541f,0f,0f,0f,1f],start_interpolation: 0,interpolation_duration: 1}
$data merge entity $(bone_group8) {transformation: [-2.217f,-2.6337f,-1.5831f,1.0448f,-2.4273f,1.3967f,-1.0686f,0.9643f,1.7366f,0.7617f,-3.5145f,0.2541f,0f,0f,0f,1f],start_interpolation: 0,interpolation_duration: 1}
$data merge entity $(bone_group9) {transformation: [-2.217f,-2.6337f,-1.5831f,1.0998f,-2.4273f,1.3967f,-1.0686f,0.8507f,1.7366f,0.7617f,-3.5145f,0.2639f,0f,0f,0f,1f],start_interpolation: 0,interpolation_duration: 1}
$data merge entity $(bone_group10) {transformation: [-2.217f,-2.6337f,-1.5831f,1.0998f,-2.4273f,1.3967f,-1.0686f,0.8507f,1.7366f,0.7617f,-3.5145f,0.2639f,0f,0f,0f,1f],start_interpolation: 0,interpolation_duration: 1}
$data merge entity $(bone_group11) {transformation: [-2.217f,-2.6337f,-1.5831f,1.1548f,-2.4273f,1.3967f,-1.0686f,0.7371f,1.7366f,0.7617f,-3.5145f,0.2737f,0f,0f,0f,1f],start_interpolation: 0,interpolation_duration: 1}
$data merge entity $(bone_group12) {transformation: [-2.217f,-2.6337f,-1.5831f,1.1548f,-2.4273f,1.3967f,-1.0686f,0.7371f,1.7366f,0.7617f,-3.5145f,0.2737f,0f,0f,0f,1f],start_interpolation: 0,interpolation_duration: 1}
$data merge entity $(bone_group13) {transformation: [-2.4258f,-1.9941f,-0.6332f,0.8769f,-1.9336f,1.9312f,-0.4274f,0.9497f,1.6806f,0.3111f,-1.4058f,0.2809f,0f,0f,0f,1f],start_interpolation: 0,interpolation_duration: 1}
$data merge entity $(bone_group14) {transformation: [-2.4258f,-1.9941f,-0.6332f,0.8769f,-1.9336f,1.9312f,-0.4274f,0.9497f,1.6806f,0.3111f,-1.4058f,0.2809f,0f,0f,0f,1f],start_interpolation: 0,interpolation_duration: 1}
$data merge entity $(bone_group15) {transformation: [-2.3365f,-2.098f,-0.6332f,0.939f,-2.016f,1.845f,-0.4274f,0.8814f,1.6654f,0.3841f,-1.4058f,0.2737f,0f,0f,0f,1f],start_interpolation: 0,interpolation_duration: 1}
$data merge entity $(bone_group16) {transformation: [-2.3365f,-2.098f,-0.6332f,0.939f,-2.016f,1.845f,-0.4274f,0.8814f,1.6654f,0.3841f,-1.4058f,0.2737f,0f,0f,0f,1f],start_interpolation: 0,interpolation_duration: 1}
$data merge entity $(bone_group17) {transformation: [-2.1447f,-2.2937f,-0.6332f,1.0536f,-2.1691f,1.6623f,-0.4274f,0.8079f,1.6256f,0.5278f,-1.4058f,0.2444f,0f,0f,0f,1f],start_interpolation: 0,interpolation_duration: 1}
$data merge entity $(bone_group18) {transformation: [-2.1447f,-2.2937f,-0.6332f,1.0536f,-2.1691f,1.6623f,-0.4274f,0.8079f,1.6256f,0.5278f,-1.4058f,0.2444f,0f,0f,0f,1f],start_interpolation: 0,interpolation_duration: 1}
$data merge entity $(bone_group19) {transformation: [-2.1447f,-2.2937f,-0.6332f,1.1085f,-2.1691f,1.6623f,-0.4274f,0.6943f,1.6256f,0.5278f,-1.4058f,0.2542f,0f,0f,0f,1f],start_interpolation: 0,interpolation_duration: 1}
$data merge entity $(bone_group20) {transformation: [-2.1447f,-2.2937f,-0.6332f,1.1085f,-2.1691f,1.6623f,-0.4274f,0.6943f,1.6256f,0.5278f,-1.4058f,0.2542f,0f,0f,0f,1f],start_interpolation: 0,interpolation_duration: 1}
$data merge entity $(bone_bone11) {transformation: [-0.8252f,-0.0773f,-0.3958f,0.4927f,0.0551f,1.4426f,-0.2671f,1.1484f,0.355f,-0.4038f,-0.8786f,0.3365f,0f,0f,0f,1f],start_interpolation: 0,interpolation_duration: 1}
$data merge entity $(bone_3) {transformation: [-0.8092f,-0.4342f,-0.3958f,0.531f,-0.3509f,0.8975f,-0.2671f,1.3855f,0.4712f,-0.0773f,-0.8786f,0.2472f,0f,0f,0f,1f],start_interpolation: 0,interpolation_duration: 1}
$data merge entity $(bone_8) {transformation: [-0.8249f,0.083f,-0.5591f,0.0693f,0.1069f,0.9942f,-0.0102f,0.3947f,0.5551f,-0.0682f,-0.829f,0.5668f,0f,0f,0f,1f],start_interpolation: 0,interpolation_duration: 1}
$data merge entity $(bone_7) {transformation: [-0.8249f,0.0198f,-0.5649f,0.0806f,0.1069f,0.9868f,-0.1216f,0.7656f,0.5551f,-0.1607f,-0.8161f,0.5121f,0f,0f,0f,1f],start_interpolation: 0,interpolation_duration: 1}