# This file was generated by Animated Java via MC-Build. It is not recommended to edit this file directly.
$data merge entity $(bone_layer) {transformation: [-0.9378f,-0.1907f,-0.2902f,0.2849f,-0.1423f,0.9734f,-0.1798f,1.4072f,0.3167f,-0.1273f,-0.9399f,0.5019f,0f,0f,0f,1f],start_interpolation: 0,interpolation_duration: 1}
$data merge entity $(bone_head) {transformation: [-0.9378f,-0.1907f,-0.2902f,0.2849f,-0.1423f,0.9734f,-0.1798f,1.4072f,0.3167f,-0.1273f,-0.9399f,0.5019f,0f,0f,0f,1f],start_interpolation: 0,interpolation_duration: 1}
$data merge entity $(bone_6) {transformation: [-0.6397f,-0.1486f,-0.7541f,0.3711f,-0.1146f,0.9886f,-0.0976f,0.4069f,0.76f,0.024f,-0.6495f,0.3838f,0f,0f,0f,1f],start_interpolation: 0,interpolation_duration: 1}
$data merge entity $(bone_12) {transformation: [-0.6397f,-0.2773f,-0.7168f,0.2672f,-0.1146f,0.9566f,-0.2678f,0.7656f,0.76f,-0.0892f,-0.6438f,0.3504f,0f,0f,0f,1f],start_interpolation: 0,interpolation_duration: 1}
$data merge entity $(bone_group3) {transformation: [1.167f,-0.0601f,0.3579f,-0.9447f,0.2917f,0.826f,-0.3777f,1.6828f,-0.3969f,0.4304f,0.7748f,1.1585f,0f,0f,0f,1f],start_interpolation: 0,interpolation_duration: 1}
$data merge entity $(bone_group1) {transformation: [1.167f,-0.0601f,0.3579f,-0.9447f,0.2917f,0.826f,-0.3777f,1.6828f,-0.3969f,0.4304f,0.7748f,1.1585f,0f,0f,0f,1f],start_interpolation: 0,interpolation_duration: 1}
$data merge entity $(bone_group4) {transformation: [1.1305f,-0.0582f,0.3467f,-0.9447f,0.2825f,0.8002f,-0.3659f,1.6828f,-0.3845f,0.4169f,0.7506f,1.1585f,0f,0f,0f,1f],start_interpolation: 0,interpolation_duration: 1}
$data merge entity $(bone_group2) {transformation: [1.1305f,-0.0582f,0.3467f,-0.9447f,0.2825f,0.8002f,-0.3659f,1.6828f,-0.3845f,0.4169f,0.7506f,1.1585f,0f,0f,0f,1f],start_interpolation: 0,interpolation_duration: 1}
$data merge entity $(bone_10) {transformation: [-0.747f,0.223f,-0.6263f,0.2057f,0f,0.9421f,0.3354f,1.0708f,0.6648f,0.2506f,-0.7038f,0.46f,0f,0f,0f,1f],start_interpolation: 0,interpolation_duration: 1}
$data merge entity $(bone_9) {transformation: [-0.747f,0.2027f,-0.6331f,0.2819f,0f,0.9524f,0.3048f,1.4315f,0.6648f,0.2277f,-0.7115f,0.5455f,0f,0f,0f,1f],start_interpolation: 0,interpolation_duration: 1}
$data merge entity $(bone_bone12) {transformation: [-0.6602f,1.0226f,-0.5844f,0.0797f,0.9218f,1.0548f,0.3575f,1.8861f,0.982f,-0.3027f,-0.7285f,0.3183f,0f,0f,0f,1f],start_interpolation: 0,interpolation_duration: 1}
$data merge entity $(bone_bone1) {transformation: [0.9345f,0.3705f,0.334f,0.0036f,-0.3016f,-0.6712f,0.9268f,1.385f,0.1892f,-2.9004f,-0.1718f,1.9452f,0f,0f,0f,1f],start_interpolation: 0,interpolation_duration: 1}
$data merge entity $(bone_2) {transformation: [0.9974f,-0.0704f,0.0177f,-0.0602f,-0.0148f,0.0413f,0.999f,1.2963f,-0.071f,-0.9967f,0.0401f,1.0681f,0f,0f,0f,1f],start_interpolation: 0,interpolation_duration: 1}
$data merge entity $(bone_bone2) {transformation: [1.8896f,-0.6551f,0.0098f,0.1936f,-0.0646f,-0.1264f,0.9975f,1.2969f,-0.6522f,-1.8854f,-0.0703f,1.1125f,0f,0f,0f,1f],start_interpolation: 0,interpolation_duration: 1}
$data merge entity $(bone_1) {transformation: [0.9974f,-0.0719f,0.0098f,-0.0872f,-0.0148f,-0.0694f,0.9975f,1.2703f,-0.071f,-0.995f,-0.0703f,0.6949f,0f,0f,0f,1f],start_interpolation: 0,interpolation_duration: 1}
$data merge entity $(bone_4) {transformation: [-0.8068f,-0.586f,0.0757f,0.6457f,-0.3508f,0.372f,-0.8594f,1.1105f,0.4754f,-0.7199f,-0.5057f,0.2439f,0f,0f,0f,1f],start_interpolation: 0,interpolation_duration: 1}
$data merge entity $(bone_group5) {transformation: [-3.2272f,-1.1735f,-1.6009f,0.6876f,-1.4033f,2.4231f,-1.0696f,0.9f,1.9016f,-0.2034f,-3.5061f,0.4352f,0f,0f,0f,1f],start_interpolation: 0,interpolation_duration: 1}
$data merge entity $(bone_group7) {transformation: [-3.2272f,-1.1735f,-1.6009f,0.6876f,-1.4033f,2.4231f,-1.0696f,0.9f,1.9016f,-0.2034f,-3.5061f,0.4352f,0f,0f,0f,1f],start_interpolation: 0,interpolation_duration: 1}
$data merge entity $(bone_group6) {transformation: [-2.2081f,-2.6299f,-1.6009f,1.043f,-2.4268f,1.3969f,-1.0696f,0.9641f,1.7486f,0.7747f,-3.5061f,0.2534f,0f,0f,0f,1f],start_interpolation: 0,interpolation_duration: 1}
$data merge entity $(bone_group8) {transformation: [-2.2081f,-2.6299f,-1.6009f,1.043f,-2.4268f,1.3969f,-1.0696f,0.9641f,1.7486f,0.7747f,-3.5061f,0.2534f,0f,0f,0f,1f],start_interpolation: 0,interpolation_duration: 1}
$data merge entity $(bone_group9) {transformation: [-2.2081f,-2.6299f,-1.6009f,1.0981f,-2.4268f,1.3969f,-1.0696f,0.8505f,1.7486f,0.7747f,-3.5061f,0.2629f,0f,0f,0f,1f],start_interpolation: 0,interpolation_duration: 1}
$data merge entity $(bone_group10) {transformation: [-2.2081f,-2.6299f,-1.6009f,1.0981f,-2.4268f,1.3969f,-1.0696f,0.8505f,1.7486f,0.7747f,-3.5061f,0.2629f,0f,0f,0f,1f],start_interpolation: 0,interpolation_duration: 1}
$data merge entity $(bone_group11) {transformation: [-2.2081f,-2.6299f,-1.6009f,1.1531f,-2.4268f,1.3969f,-1.0696f,0.7369f,1.7486f,0.7747f,-3.5061f,0.2724f,0f,0f,0f,1f],start_interpolation: 0,interpolation_duration: 1}
$data merge entity $(bone_group12) {transformation: [-2.2081f,-2.6299f,-1.6009f,1.1531f,-2.4268f,1.3969f,-1.0696f,0.7369f,1.7486f,0.7747f,-3.5061f,0.2724f,0f,0f,0f,1f],start_interpolation: 0,interpolation_duration: 1}
$data merge entity $(bone_group13) {transformation: [-2.4171f,-1.9926f,-0.6404f,0.8753f,-1.9331f,1.9312f,-0.4278f,0.9495f,1.6934f,0.3207f,-1.4025f,0.281f,0f,0f,0f,1f],start_interpolation: 0,interpolation_duration: 1}
$data merge entity $(bone_group14) {transformation: [-2.4171f,-1.9926f,-0.6404f,0.8753f,-1.9331f,1.9312f,-0.4278f,0.9495f,1.6934f,0.3207f,-1.4025f,0.281f,0f,0f,0f,1f],start_interpolation: 0,interpolation_duration: 1}
$data merge entity $(bone_group15) {transformation: [-2.3279f,-2.0961f,-0.6404f,0.9373f,-2.0155f,1.845f,-0.4278f,0.8812f,1.6778f,0.3943f,-1.4025f,0.2735f,0f,0f,0f,1f],start_interpolation: 0,interpolation_duration: 1}
$data merge entity $(bone_group16) {transformation: [-2.3279f,-2.0961f,-0.6404f,0.9373f,-2.0155f,1.845f,-0.4278f,0.8812f,1.6778f,0.3943f,-1.4025f,0.2735f,0f,0f,0f,1f],start_interpolation: 0,interpolation_duration: 1}
$data merge entity $(bone_group17) {transformation: [-2.1364f,-2.291f,-0.6404f,1.0517f,-2.1687f,1.6624f,-0.4278f,0.8077f,1.6371f,0.539f,-1.4025f,0.2436f,0f,0f,0f,1f],start_interpolation: 0,interpolation_duration: 1}
$data merge entity $(bone_group18) {transformation: [-2.1364f,-2.291f,-0.6404f,1.0517f,-2.1687f,1.6624f,-0.4278f,0.8077f,1.6371f,0.539f,-1.4025f,0.2436f,0f,0f,0f,1f],start_interpolation: 0,interpolation_duration: 1}
$data merge entity $(bone_group19) {transformation: [-2.1364f,-2.291f,-0.6404f,1.1067f,-2.1687f,1.6624f,-0.4278f,0.6941f,1.6371f,0.539f,-1.4025f,0.2532f,0f,0f,0f,1f],start_interpolation: 0,interpolation_duration: 1}
$data merge entity $(bone_group20) {transformation: [-2.1364f,-2.291f,-0.6404f,1.1067f,-2.1687f,1.6624f,-0.4278f,0.6941f,1.6371f,0.539f,-1.4025f,0.2532f,0f,0f,0f,1f],start_interpolation: 0,interpolation_duration: 1}
$data merge entity $(bone_bone11) {transformation: [-0.8234f,-0.0794f,-0.4002f,0.4914f,0.0552f,1.4424f,-0.2674f,1.1482f,0.3591f,-0.4038f,-0.8765f,0.3385f,0f,0f,0f,1f],start_interpolation: 0,interpolation_duration: 1}
$data merge entity $(bone_3) {transformation: [-0.8068f,-0.4346f,-0.4002f,0.5291f,-0.3508f,0.8975f,-0.2674f,1.3853f,0.4754f,-0.0753f,-0.8765f,0.2489f,0f,0f,0f,1f],start_interpolation: 0,interpolation_duration: 1}
$data merge entity $(bone_8) {transformation: [-0.822f,0.0825f,-0.5635f,0.0693f,0.1069f,0.9942f,-0.0104f,0.3947f,0.5594f,-0.0688f,-0.8261f,0.5711f,0f,0f,0f,1f],start_interpolation: 0,interpolation_duration: 1}
$data merge entity $(bone_7) {transformation: [-0.822f,0.0192f,-0.5692f,0.0804f,0.1069f,0.9869f,-0.1212f,0.7656f,0.5594f,-0.1605f,-0.8132f,0.5166f,0f,0f,0f,1f],start_interpolation: 0,interpolation_duration: 1}