# This file was generated by Animated Java via MC-Build. It is not recommended to edit this file directly.
$data merge entity $(bone_layer) {transformation: [-0.938f,-0.193f,-0.2878f,0.2848f,-0.1433f,0.9722f,-0.185f,1.4075f,0.3156f,-0.1323f,-0.9396f,0.503f,0f,0f,0f,1f],start_interpolation: 0,interpolation_duration: 1}
$data merge entity $(bone_head) {transformation: [-0.938f,-0.193f,-0.2878f,0.2848f,-0.1433f,0.9722f,-0.185f,1.4075f,0.3156f,-0.1323f,-0.9396f,0.503f,0f,0f,0f,1f],start_interpolation: 0,interpolation_duration: 1}
$data merge entity $(bone_6) {transformation: [-0.6388f,-0.1468f,-0.7552f,0.3702f,-0.1144f,0.9888f,-0.0955f,0.4067f,0.7608f,0.0254f,-0.6485f,0.3843f,0f,0f,0f,1f],start_interpolation: 0,interpolation_duration: 1}
$data merge entity $(bone_12) {transformation: [-0.6388f,-0.2757f,-0.7183f,0.2668f,-0.1144f,0.9572f,-0.2657f,0.7656f,0.7608f,-0.0876f,-0.643f,0.3515f,0f,0f,0f,1f],start_interpolation: 0,interpolation_duration: 1}
$data merge entity $(bone_group3) {transformation: [1.1667f,-0.0602f,0.3583f,-0.9445f,0.2923f,0.8258f,-0.3779f,1.682f,-0.3972f,0.4308f,0.7745f,1.1605f,0f,0f,0f,1f],start_interpolation: 0,interpolation_duration: 1}
$data merge entity $(bone_group1) {transformation: [1.1667f,-0.0602f,0.3583f,-0.9445f,0.2923f,0.8258f,-0.3779f,1.682f,-0.3972f,0.4308f,0.7745f,1.1605f,0f,0f,0f,1f],start_interpolation: 0,interpolation_duration: 1}
$data merge entity $(bone_group4) {transformation: [1.1303f,-0.0583f,0.3471f,-0.9445f,0.2831f,0.8f,-0.3661f,1.682f,-0.3848f,0.4173f,0.7503f,1.1605f,0f,0f,0f,1f],start_interpolation: 0,interpolation_duration: 1}
$data merge entity $(bone_group2) {transformation: [1.1303f,-0.0583f,0.3471f,-0.9445f,0.2831f,0.8f,-0.3661f,1.682f,-0.3848f,0.4173f,0.7503f,1.1605f,0f,0f,0f,1f],start_interpolation: 0,interpolation_duration: 1}
$data merge entity $(bone_10) {transformation: [-0.7459f,0.2237f,-0.6273f,0.2057f,0f,0.9419f,0.3359f,1.0707f,0.666f,0.2506f,-0.7026f,0.4613f,0f,0f,0f,1f],start_interpolation: 0,interpolation_duration: 1}
$data merge entity $(bone_9) {transformation: [-0.7459f,0.2039f,-0.634f,0.2823f,0f,0.952f,0.3062f,1.4311f,0.666f,0.2284f,-0.7101f,0.5471f,0f,0f,0f,1f],start_interpolation: 0,interpolation_duration: 1}
$data merge entity $(bone_bone12) {transformation: [-0.6589f,1.0206f,-0.5866f,0.0799f,0.9201f,1.0563f,0.3575f,1.8855f,0.9846f,-0.3042f,-0.7267f,0.3204f,0f,0f,0f,1f],start_interpolation: 0,interpolation_duration: 1}
$data merge entity $(bone_bone1) {transformation: [0.9343f,0.3857f,0.3326f,-0.003f,-0.2985f,-0.6849f,0.9267f,1.393f,0.1951f,-2.8952f,-0.1749f,1.9457f,0f,0f,0f,1f],start_interpolation: 0,interpolation_duration: 1}
$data merge entity $(bone_2) {transformation: [0.9977f,-0.0657f,0.0152f,-0.0625f,-0.0129f,0.0361f,0.9993f,1.2997f,-0.0662f,-0.9972f,0.0352f,1.0687f,0f,0f,0f,1f],start_interpolation: 0,interpolation_duration: 1}
$data merge entity $(bone_bone2) {transformation: [1.8927f,-0.646f,0.0074f,0.1912f,-0.0672f,-0.1512f,0.9966f,1.3016f,-0.6427f,-1.8867f,-0.0824f,1.1143f,0f,0f,0f,1f],start_interpolation: 0,interpolation_duration: 1}
$data merge entity $(bone_1) {transformation: [0.9977f,-0.0671f,0.0074f,-0.0876f,-0.0129f,-0.0817f,0.9966f,1.2691f,-0.0662f,-0.9944f,-0.0824f,0.6958f,0f,0f,0f,1f],start_interpolation: 0,interpolation_duration: 1}
$data merge entity $(bone_4) {transformation: [-0.8057f,-0.5876f,0.0744f,0.6453f,-0.3513f,0.373f,-0.8588f,1.11f,0.4768f,-0.7181f,-0.507f,0.2443f,0f,0f,0f,1f],start_interpolation: 0,interpolation_duration: 1}
$data merge entity $(bone_group5) {transformation: [-3.2229f,-1.1737f,-1.6091f,0.6877f,-1.4053f,2.4235f,-1.0651f,0.8992f,1.9074f,-0.1977f,-3.5037f,0.4353f,0f,0f,0f,1f],start_interpolation: 0,interpolation_duration: 1}
$data merge entity $(bone_group7) {transformation: [-3.2229f,-1.1737f,-1.6091f,0.6877f,-1.4053f,2.4235f,-1.0651f,0.8992f,1.9074f,-0.1977f,-3.5037f,0.4353f,0f,0f,0f,1f],start_interpolation: 0,interpolation_duration: 1}
$data merge entity $(bone_group6) {transformation: [-2.2043f,-2.6279f,-1.6091f,1.0426f,-2.4287f,1.3962f,-1.0651f,0.9635f,1.7507f,0.7825f,-3.5037f,0.2527f,0f,0f,0f,1f],start_interpolation: 0,interpolation_duration: 1}
$data merge entity $(bone_group8) {transformation: [-2.2043f,-2.6279f,-1.6091f,1.0426f,-2.4287f,1.3962f,-1.0651f,0.9635f,1.7507f,0.7825f,-3.5037f,0.2527f,0f,0f,0f,1f],start_interpolation: 0,interpolation_duration: 1}
$data merge entity $(bone_group9) {transformation: [-2.2043f,-2.6279f,-1.6091f,1.0977f,-2.4287f,1.3962f,-1.0651f,0.8499f,1.7507f,0.7825f,-3.5037f,0.262f,0f,0f,0f,1f],start_interpolation: 0,interpolation_duration: 1}
$data merge entity $(bone_group10) {transformation: [-2.2043f,-2.6279f,-1.6091f,1.0977f,-2.4287f,1.3962f,-1.0651f,0.8499f,1.7507f,0.7825f,-3.5037f,0.262f,0f,0f,0f,1f],start_interpolation: 0,interpolation_duration: 1}
$data merge entity $(bone_group11) {transformation: [-2.2043f,-2.6279f,-1.6091f,1.1527f,-2.4287f,1.3962f,-1.0651f,0.7363f,1.7507f,0.7825f,-3.5037f,0.2713f,0f,0f,0f,1f],start_interpolation: 0,interpolation_duration: 1}
$data merge entity $(bone_group12) {transformation: [-2.2043f,-2.6279f,-1.6091f,1.1527f,-2.4287f,1.3962f,-1.0651f,0.7363f,1.7507f,0.7825f,-3.5037f,0.2713f,0f,0f,0f,1f],start_interpolation: 0,interpolation_duration: 1}
$data merge entity $(bone_group13) {transformation: [-2.4134f,-1.9916f,-0.6437f,0.8749f,-1.935f,1.931f,-0.426f,0.9489f,1.6966f,0.3277f,-1.4015f,0.2807f,0f,0f,0f,1f],start_interpolation: 0,interpolation_duration: 1}
$data merge entity $(bone_group14) {transformation: [-2.4134f,-1.9916f,-0.6437f,0.8749f,-1.935f,1.931f,-0.426f,0.9489f,1.6966f,0.3277f,-1.4015f,0.2807f,0f,0f,0f,1f],start_interpolation: 0,interpolation_duration: 1}
$data merge entity $(bone_group15) {transformation: [-2.3243f,-2.095f,-0.6437f,0.9369f,-2.0173f,1.8448f,-0.426f,0.8806f,1.6807f,0.4013f,-1.4015f,0.273f,0f,0f,0f,1f],start_interpolation: 0,interpolation_duration: 1}
$data merge entity $(bone_group16) {transformation: [-2.3243f,-2.095f,-0.6437f,0.9369f,-2.0173f,1.8448f,-0.426f,0.8806f,1.6807f,0.4013f,-1.4015f,0.273f,0f,0f,0f,1f],start_interpolation: 0,interpolation_duration: 1}
$data merge entity $(bone_group17) {transformation: [-2.1328f,-2.2896f,-0.6437f,1.0513f,-2.1705f,1.6619f,-0.426f,0.8071f,1.6393f,0.5463f,-1.4015f,0.2428f,0f,0f,0f,1f],start_interpolation: 0,interpolation_duration: 1}
$data merge entity $(bone_group18) {transformation: [-2.1328f,-2.2896f,-0.6437f,1.0513f,-2.1705f,1.6619f,-0.426f,0.8071f,1.6393f,0.5463f,-1.4015f,0.2428f,0f,0f,0f,1f],start_interpolation: 0,interpolation_duration: 1}
$data merge entity $(bone_group19) {transformation: [-2.1328f,-2.2896f,-0.6437f,1.1063f,-2.1705f,1.6619f,-0.426f,0.6935f,1.6393f,0.5463f,-1.4015f,0.2521f,0f,0f,0f,1f],start_interpolation: 0,interpolation_duration: 1}
$data merge entity $(bone_group20) {transformation: [-2.1328f,-2.2896f,-0.6437f,1.1063f,-2.1705f,1.6619f,-0.426f,0.6935f,1.6393f,0.5463f,-1.4015f,0.2521f,0f,0f,0f,1f],start_interpolation: 0,interpolation_duration: 1}
$data merge entity $(bone_bone11) {transformation: [-0.8226f,-0.0802f,-0.4023f,0.4912f,0.0548f,1.443f,-0.2663f,1.1475f,0.3611f,-0.4018f,-0.8759f,0.3394f,0f,0f,0f,1f],start_interpolation: 0,interpolation_duration: 1}
$data merge entity $(bone_3) {transformation: [-0.8057f,-0.4347f,-0.4023f,0.5288f,-0.3513f,0.8976f,-0.2663f,1.3848f,0.4768f,-0.0732f,-0.8759f,0.25f,0f,0f,0f,1f],start_interpolation: 0,interpolation_duration: 1}
$data merge entity $(bone_8) {transformation: [-0.8211f,0.083f,-0.5648f,0.0698f,0.1069f,0.9942f,-0.0094f,0.3948f,0.5607f,-0.0681f,-0.8252f,0.5732f,0f,0f,0f,1f],start_interpolation: 0,interpolation_duration: 1}
$data merge entity $(bone_7) {transformation: [-0.8211f,0.0179f,-0.5705f,0.0803f,0.1069f,0.9866f,-0.1229f,0.7656f,0.5607f,-0.1619f,-0.812f,0.518f,0f,0f,0f,1f],start_interpolation: 0,interpolation_duration: 1}