# This file was generated by Animated Java via MC-Build. It is not recommended to edit this file directly.
$data merge entity $(bone_layer) {transformation: [-0.9393f,-0.1941f,-0.283f,0.2849f,-0.1439f,0.9714f,-0.1886f,1.4078f,0.3115f,-0.1365f,-0.9404f,0.502f,0f,0f,0f,1f],start_interpolation: 0,interpolation_duration: 1}
$data merge entity $(bone_head) {transformation: [-0.9393f,-0.1941f,-0.283f,0.2849f,-0.1439f,0.9714f,-0.1886f,1.4078f,0.3115f,-0.1365f,-0.9404f,0.502f,0f,0f,0f,1f],start_interpolation: 0,interpolation_duration: 1}
$data merge entity $(bone_6) {transformation: [-0.6405f,-0.1433f,-0.7545f,0.3692f,-0.114f,0.9893f,-0.0911f,0.4062f,0.7594f,0.0277f,-0.65f,0.3826f,0f,0f,0f,1f],start_interpolation: 0,interpolation_duration: 1}
$data merge entity $(bone_12) {transformation: [-0.6405f,-0.2721f,-0.7181f,0.2671f,-0.114f,0.9584f,-0.2615f,0.7656f,0.7594f,-0.0856f,-0.6449f,0.3505f,0f,0f,0f,1f],start_interpolation: 0,interpolation_duration: 1}
$data merge entity $(bone_group3) {transformation: [1.1681f,-0.0626f,0.3555f,-0.9469f,0.2935f,0.8253f,-0.3783f,1.6804f,-0.3922f,0.4313f,0.7756f,1.1558f,0f,0f,0f,1f],start_interpolation: 0,interpolation_duration: 1}
$data merge entity $(bone_group1) {transformation: [1.1681f,-0.0626f,0.3555f,-0.9469f,0.2935f,0.8253f,-0.3783f,1.6804f,-0.3922f,0.4313f,0.7756f,1.1558f,0f,0f,0f,1f],start_interpolation: 0,interpolation_duration: 1}
$data merge entity $(bone_group4) {transformation: [1.1316f,-0.0606f,0.3444f,-0.9469f,0.2843f,0.7996f,-0.3665f,1.6804f,-0.3799f,0.4178f,0.7514f,1.1558f,0f,0f,0f,1f],start_interpolation: 0,interpolation_duration: 1}
$data merge entity $(bone_group2) {transformation: [1.1316f,-0.0606f,0.3444f,-0.9469f,0.2843f,0.7996f,-0.3665f,1.6804f,-0.3799f,0.4178f,0.7514f,1.1558f,0f,0f,0f,1f],start_interpolation: 0,interpolation_duration: 1}
$data merge entity $(bone_10) {transformation: [-0.7469f,0.2241f,-0.626f,0.2061f,0f,0.9415f,0.337f,1.0704f,0.6649f,0.2517f,-0.7032f,0.4606f,0f,0f,0f,1f],start_interpolation: 0,interpolation_duration: 1}
$data merge entity $(bone_9) {transformation: [-0.7469f,0.2054f,-0.6324f,0.2833f,0f,0.9511f,0.3089f,1.4304f,0.6649f,0.2307f,-0.7104f,0.5473f,0f,0f,0f,1f],start_interpolation: 0,interpolation_duration: 1}
$data merge entity $(bone_bone12) {transformation: [-0.6609f,1.018f,-0.5876f,0.0814f,0.9165f,1.0594f,0.3575f,1.8844f,0.9865f,-0.3022f,-0.7259f,0.3205f,0f,0f,0f,1f],start_interpolation: 0,interpolation_duration: 1}
$data merge entity $(bone_bone1) {transformation: [0.9336f,0.4043f,0.3321f,-0.0114f,-0.2958f,-0.6999f,0.9263f,1.3995f,0.2023f,-2.8891f,-0.1779f,1.9434f,0f,0f,0f,1f],start_interpolation: 0,interpolation_duration: 1}
$data merge entity $(bone_2) {transformation: [0.9981f,-0.0598f,0.0133f,-0.0654f,-0.0115f,0.0306f,0.9995f,1.3014f,-0.0602f,-0.9977f,0.0299f,1.0667f,0f,0f,0f,1f],start_interpolation: 0,interpolation_duration: 1}
$data merge entity $(bone_bone2) {transformation: [1.8966f,-0.6345f,0.0061f,0.1879f,-0.068f,-0.1648f,0.996f,1.304f,-0.631f,-1.8895f,-0.0889f,1.1137f,0f,0f,0f,1f],start_interpolation: 0,interpolation_duration: 1}
$data merge entity $(bone_1) {transformation: [0.9981f,-0.061f,0.0061f,-0.0883f,-0.0115f,-0.0884f,0.996f,1.2683f,-0.0602f,-0.9942f,-0.0889f,0.6938f,0f,0f,0f,1f],start_interpolation: 0,interpolation_duration: 1}
$data merge entity $(bone_4) {transformation: [-0.8058f,-0.5874f,0.0743f,0.6461f,-0.3523f,0.3749f,-0.8575f,1.1091f,0.4759f,-0.7172f,-0.5091f,0.2442f,0f,0f,0f,1f],start_interpolation: 0,interpolation_duration: 1}
$data merge entity $(bone_group5) {transformation: [-3.2234f,-1.1732f,-1.609f,0.6885f,-1.4093f,2.4242f,-1.056f,0.8979f,1.9036f,-0.1918f,-3.5065f,0.4346f,0f,0f,0f,1f],start_interpolation: 0,interpolation_duration: 1}
$data merge entity $(bone_group7) {transformation: [-3.2234f,-1.1732f,-1.609f,0.6885f,-1.4093f,2.4242f,-1.056f,0.8979f,1.9036f,-0.1918f,-3.5065f,0.4346f,0f,0f,0f,1f],start_interpolation: 0,interpolation_duration: 1}
$data merge entity $(bone_group6) {transformation: [-2.205f,-2.6277f,-1.609f,1.0435f,-2.4326f,1.3948f,-1.056f,0.9625f,1.7444f,0.7857f,-3.5065f,0.2522f,0f,0f,0f,1f],start_interpolation: 0,interpolation_duration: 1}
$data merge entity $(bone_group8) {transformation: [-2.205f,-2.6277f,-1.609f,1.0435f,-2.4326f,1.3948f,-1.056f,0.9625f,1.7444f,0.7857f,-3.5065f,0.2522f,0f,0f,0f,1f],start_interpolation: 0,interpolation_duration: 1}
$data merge entity $(bone_group9) {transformation: [-2.205f,-2.6277f,-1.609f,1.0985f,-2.4326f,1.3948f,-1.056f,0.8489f,1.7444f,0.7857f,-3.5065f,0.2612f,0f,0f,0f,1f],start_interpolation: 0,interpolation_duration: 1}
$data merge entity $(bone_group10) {transformation: [-2.205f,-2.6277f,-1.609f,1.0985f,-2.4326f,1.3948f,-1.056f,0.8489f,1.7444f,0.7857f,-3.5065f,0.2612f,0f,0f,0f,1f],start_interpolation: 0,interpolation_duration: 1}
$data merge entity $(bone_group11) {transformation: [-2.205f,-2.6277f,-1.609f,1.1535f,-2.4326f,1.3948f,-1.056f,0.7353f,1.7444f,0.7857f,-3.5065f,0.2702f,0f,0f,0f,1f],start_interpolation: 0,interpolation_duration: 1}
$data merge entity $(bone_group12) {transformation: [-2.205f,-2.6277f,-1.609f,1.1535f,-2.4326f,1.3948f,-1.056f,0.7353f,1.7444f,0.7857f,-3.5065f,0.2702f,0f,0f,0f,1f],start_interpolation: 0,interpolation_duration: 1}
$data merge entity $(bone_group13) {transformation: [-2.414f,-1.9912f,-0.6436f,0.8758f,-1.9387f,1.9306f,-0.4224f,0.9479f,1.6916f,0.3323f,-1.4026f,0.2801f,0f,0f,0f,1f],start_interpolation: 0,interpolation_duration: 1}
$data merge entity $(bone_group14) {transformation: [-2.414f,-1.9912f,-0.6436f,0.8758f,-1.9387f,1.9306f,-0.4224f,0.9479f,1.6916f,0.3323f,-1.4026f,0.2801f,0f,0f,0f,1f],start_interpolation: 0,interpolation_duration: 1}
$data merge entity $(bone_group15) {transformation: [-2.3249f,-2.0946f,-0.6436f,0.9377f,-2.021f,1.8442f,-0.4224f,0.8796f,1.6755f,0.4058f,-1.4026f,0.2723f,0f,0f,0f,1f],start_interpolation: 0,interpolation_duration: 1}
$data merge entity $(bone_group16) {transformation: [-2.3249f,-2.0946f,-0.6436f,0.9377f,-2.021f,1.8442f,-0.4224f,0.8796f,1.6755f,0.4058f,-1.4026f,0.2723f,0f,0f,0f,1f],start_interpolation: 0,interpolation_duration: 1}
$data merge entity $(bone_group17) {transformation: [-2.1334f,-2.2893f,-0.6436f,1.0521f,-2.1741f,1.6611f,-0.4224f,0.8061f,1.6337f,0.5502f,-1.4026f,0.2419f,0f,0f,0f,1f],start_interpolation: 0,interpolation_duration: 1}
$data merge entity $(bone_group18) {transformation: [-2.1334f,-2.2893f,-0.6436f,1.0521f,-2.1741f,1.6611f,-0.4224f,0.8061f,1.6337f,0.5502f,-1.4026f,0.2419f,0f,0f,0f,1f],start_interpolation: 0,interpolation_duration: 1}
$data merge entity $(bone_group19) {transformation: [-2.1334f,-2.2893f,-0.6436f,1.1071f,-2.1741f,1.6611f,-0.4224f,0.6925f,1.6337f,0.5502f,-1.4026f,0.2509f,0f,0f,0f,1f],start_interpolation: 0,interpolation_duration: 1}
$data merge entity $(bone_group20) {transformation: [-2.1334f,-2.2893f,-0.6436f,1.1071f,-2.1741f,1.6611f,-0.4224f,0.6925f,1.6337f,0.5502f,-1.4026f,0.2509f,0f,0f,0f,1f],start_interpolation: 0,interpolation_duration: 1}
$data merge entity $(bone_bone11) {transformation: [-0.8226f,-0.0798f,-0.4023f,0.492f,0.0541f,1.444f,-0.264f,1.1465f,0.3612f,-0.3982f,-0.8766f,0.3393f,0f,0f,0f,1f],start_interpolation: 0,interpolation_duration: 1}
$data merge entity $(bone_3) {transformation: [-0.8058f,-0.4345f,-0.4023f,0.5297f,-0.3523f,0.8979f,-0.264f,1.3839f,0.4759f,-0.071f,-0.8766f,0.2505f,0f,0f,0f,1f],start_interpolation: 0,interpolation_duration: 1}
$data merge entity $(bone_8) {transformation: [-0.8219f,0.0842f,-0.5634f,0.0707f,0.1069f,0.9942f,-0.0073f,0.395f,0.5595f,-0.0663f,-0.8262f,0.5734f,0f,0f,0f,1f],start_interpolation: 0,interpolation_duration: 1}
$data merge entity $(bone_7) {transformation: [-0.8219f,0.0161f,-0.5694f,0.0804f,0.1069f,0.9862f,-0.1265f,0.7656f,0.5595f,-0.1648f,-0.8123f,0.5167f,0f,0f,0f,1f],start_interpolation: 0,interpolation_duration: 1}