# This file was generated by Animated Java via MC-Build. It is not recommended to edit this file directly.
$data merge entity $(bone_layer) {transformation: [-0.9413f,-0.194f,-0.2763f,0.2851f,-0.1441f,0.971f,-0.1908f,1.4081f,0.3053f,-0.1397f,-0.942f,0.4995f,0f,0f,0f,1f],start_interpolation: 0,interpolation_duration: 1}
$data merge entity $(bone_head) {transformation: [-0.9413f,-0.194f,-0.2763f,0.2851f,-0.1441f,0.971f,-0.1908f,1.4081f,0.3053f,-0.1397f,-0.942f,0.4995f,0f,0f,0f,1f],start_interpolation: 0,interpolation_duration: 1}
$data merge entity $(bone_6) {transformation: [-0.6444f,-0.1383f,-0.752f,0.368f,-0.1134f,0.9899f,-0.0849f,0.4056f,0.7562f,0.0306f,-0.6536f,0.3791f,0f,0f,0f,1f],start_interpolation: 0,interpolation_duration: 1}
$data merge entity $(bone_12) {transformation: [-0.6444f,-0.2668f,-0.7166f,0.2679f,-0.1134f,0.9601f,-0.2555f,0.7656f,0.7562f,-0.0834f,-0.649f,0.3478f,0f,0f,0f,1f],start_interpolation: 0,interpolation_duration: 1}
$data merge entity $(bone_group3) {transformation: [1.1708f,-0.0668f,0.3499f,-0.9514f,0.2952f,0.8247f,-0.379f,1.678f,-0.3827f,0.4318f,0.7779f,1.1454f,0f,0f,0f,1f],start_interpolation: 0,interpolation_duration: 1}
$data merge entity $(bone_group1) {transformation: [1.1708f,-0.0668f,0.3499f,-0.9514f,0.2952f,0.8247f,-0.379f,1.678f,-0.3827f,0.4318f,0.7779f,1.1454f,0f,0f,0f,1f],start_interpolation: 0,interpolation_duration: 1}
$data merge entity $(bone_group4) {transformation: [1.1342f,-0.0647f,0.3389f,-0.9514f,0.286f,0.799f,-0.3671f,1.678f,-0.3708f,0.4183f,0.7536f,1.1454f,0f,0f,0f,1f],start_interpolation: 0,interpolation_duration: 1}
$data merge entity $(bone_group2) {transformation: [1.1342f,-0.0647f,0.3389f,-0.9514f,0.286f,0.799f,-0.3671f,1.678f,-0.3708f,0.4183f,0.7536f,1.1454f,0f,0f,0f,1f],start_interpolation: 0,interpolation_duration: 1}
$data merge entity $(bone_10) {transformation: [-0.7496f,0.2241f,-0.6228f,0.2069f,0f,0.941f,0.3385f,1.07f,0.6619f,0.2538f,-0.7053f,0.4581f,0f,0f,0f,1f],start_interpolation: 0,interpolation_duration: 1}
$data merge entity $(bone_9) {transformation: [-0.7496f,0.207f,-0.6287f,0.2846f,0f,0.9498f,0.3128f,1.4293f,0.6619f,0.2344f,-0.712f,0.5462f,0f,0f,0f,1f],start_interpolation: 0,interpolation_duration: 1}
$data merge entity $(bone_bone12) {transformation: [-0.6658f,1.0148f,-0.5876f,0.0841f,0.9114f,1.0638f,0.3575f,1.8827f,0.9879f,-0.2975f,-0.7259f,0.319f,0f,0f,0f,1f],start_interpolation: 0,interpolation_duration: 1}
$data merge entity $(bone_bone1) {transformation: [0.9325f,0.4245f,0.3322f,-0.0208f,-0.2936f,-0.7151f,0.9257f,1.4044f,0.2102f,-2.8824f,-0.1807f,1.9389f,0f,0f,0f,1f],start_interpolation: 0,interpolation_duration: 1}
$data merge entity $(bone_2) {transformation: [0.9985f,-0.0531f,0.012f,-0.0688f,-0.0107f,0.0251f,0.9996f,1.3014f,-0.0534f,-0.9983f,0.0245f,1.0623f,0f,0f,0f,1f],start_interpolation: 0,interpolation_duration: 1}
$data merge entity $(bone_bone2) {transformation: [1.9009f,-0.6215f,0.0058f,0.1842f,-0.0671f,-0.1678f,0.9959f,1.3043f,-0.618f,-1.8936f,-0.0902f,1.1111f,0f,0f,0f,1f],start_interpolation: 0,interpolation_duration: 1}
$data merge entity $(bone_1) {transformation: [0.9985f,-0.0542f,0.0058f,-0.0892f,-0.0107f,-0.0897f,0.9959f,1.2677f,-0.0534f,-0.9945f,-0.0902f,0.6894f,0f,0f,0f,1f],start_interpolation: 0,interpolation_duration: 1}
$data merge entity $(bone_4) {transformation: [-0.8069f,-0.5858f,0.0751f,0.648f,-0.3538f,0.3776f,-0.8557f,1.108f,0.4729f,-0.7171f,-0.5119f,0.2435f,0f,0f,0f,1f],start_interpolation: 0,interpolation_duration: 1}
$data merge entity $(bone_group5) {transformation: [-3.2278f,-1.1721f,-1.602f,0.6899f,-1.4151f,2.4252f,-1.0432f,0.8961f,1.8918f,-0.1857f,-3.5136f,0.4333f,0f,0f,0f,1f],start_interpolation: 0,interpolation_duration: 1}
$data merge entity $(bone_group7) {transformation: [-3.2278f,-1.1721f,-1.602f,0.6899f,-1.4151f,2.4252f,-1.0432f,0.8961f,1.8918f,-0.1857f,-3.5136f,0.4333f,0f,0f,0f,1f],start_interpolation: 0,interpolation_duration: 1}
$data merge entity $(bone_group6) {transformation: [-2.2093f,-2.6289f,-1.602f,1.0453f,-2.4381f,1.3928f,-1.0432f,0.9613f,1.7312f,0.7851f,-3.5136f,0.2519f,0f,0f,0f,1f],start_interpolation: 0,interpolation_duration: 1}
$data merge entity $(bone_group8) {transformation: [-2.2093f,-2.6289f,-1.602f,1.0453f,-2.4381f,1.3928f,-1.0432f,0.9613f,1.7312f,0.7851f,-3.5136f,0.2519f,0f,0f,0f,1f],start_interpolation: 0,interpolation_duration: 1}
$data merge entity $(bone_group9) {transformation: [-2.2093f,-2.6289f,-1.602f,1.1002f,-2.4381f,1.3928f,-1.0432f,0.8476f,1.7312f,0.7851f,-3.5136f,0.2606f,0f,0f,0f,1f],start_interpolation: 0,interpolation_duration: 1}
$data merge entity $(bone_group10) {transformation: [-2.2093f,-2.6289f,-1.602f,1.1002f,-2.4381f,1.3928f,-1.0432f,0.8476f,1.7312f,0.7851f,-3.5136f,0.2606f,0f,0f,0f,1f],start_interpolation: 0,interpolation_duration: 1}
$data merge entity $(bone_group11) {transformation: [-2.2093f,-2.6289f,-1.602f,1.1552f,-2.4381f,1.3928f,-1.0432f,0.7339f,1.7312f,0.7851f,-3.5136f,0.2693f,0f,0f,0f,1f],start_interpolation: 0,interpolation_duration: 1}
$data merge entity $(bone_group12) {transformation: [-2.2093f,-2.6289f,-1.602f,1.1552f,-2.4381f,1.3928f,-1.0432f,0.7339f,1.7312f,0.7851f,-3.5136f,0.2693f,0f,0f,0f,1f],start_interpolation: 0,interpolation_duration: 1}
$data merge entity $(bone_group13) {transformation: [-2.4181f,-1.9914f,-0.6408f,0.8775f,-1.9439f,1.93f,-0.4173f,0.9466f,1.6797f,0.3349f,-1.4054f,0.2794f,0f,0f,0f,1f],start_interpolation: 0,interpolation_duration: 1}
$data merge entity $(bone_group14) {transformation: [-2.4181f,-1.9914f,-0.6408f,0.8775f,-1.9439f,1.93f,-0.4173f,0.9466f,1.6797f,0.3349f,-1.4054f,0.2794f,0f,0f,0f,1f],start_interpolation: 0,interpolation_duration: 1}
$data merge entity $(bone_group15) {transformation: [-2.3289f,-2.095f,-0.6408f,0.9395f,-2.0262f,1.8434f,-0.4173f,0.8783f,1.6634f,0.4078f,-1.4054f,0.2714f,0f,0f,0f,1f],start_interpolation: 0,interpolation_duration: 1}
$data merge entity $(bone_group16) {transformation: [-2.3289f,-2.095f,-0.6408f,0.9395f,-2.0262f,1.8434f,-0.4173f,0.8783f,1.6634f,0.4078f,-1.4054f,0.2714f,0f,0f,0f,1f],start_interpolation: 0,interpolation_duration: 1}
$data merge entity $(bone_group17) {transformation: [-2.1375f,-2.29f,-0.6408f,1.0539f,-2.1792f,1.6598f,-0.4173f,0.8049f,1.6216f,0.5513f,-1.4054f,0.241f,0f,0f,0f,1f],start_interpolation: 0,interpolation_duration: 1}
$data merge entity $(bone_group18) {transformation: [-2.1375f,-2.29f,-0.6408f,1.0539f,-2.1792f,1.6598f,-0.4173f,0.8049f,1.6216f,0.5513f,-1.4054f,0.241f,0f,0f,0f,1f],start_interpolation: 0,interpolation_duration: 1}
$data merge entity $(bone_group19) {transformation: [-2.1375f,-2.29f,-0.6408f,1.1088f,-2.1792f,1.6598f,-0.4173f,0.6913f,1.6216f,0.5513f,-1.4054f,0.2497f,0f,0f,0f,1f],start_interpolation: 0,interpolation_duration: 1}
$data merge entity $(bone_group20) {transformation: [-2.1375f,-2.29f,-0.6408f,1.1088f,-2.1792f,1.6598f,-0.4173f,0.6913f,1.6216f,0.5513f,-1.4054f,0.2497f,0f,0f,0f,1f],start_interpolation: 0,interpolation_duration: 1}
$data merge entity $(bone_bone11) {transformation: [-0.8233f,-0.0786f,-0.4005f,0.4937f,0.0531f,1.4454f,-0.2608f,1.1451f,0.3596f,-0.3933f,-0.8784f,0.3384f,0f,0f,0f,1f],start_interpolation: 0,interpolation_duration: 1}
$data merge entity $(bone_3) {transformation: [-0.8069f,-0.4341f,-0.4005f,0.5316f,-0.3538f,0.8982f,-0.2608f,1.3828f,0.4729f,-0.0688f,-0.8784f,0.2505f,0f,0f,0f,1f],start_interpolation: 0,interpolation_duration: 1}
$data merge entity $(bone_8) {transformation: [-0.8242f,0.0861f,-0.5598f,0.072f,0.1069f,0.9943f,-0.0044f,0.3953f,0.5562f,-0.0635f,-0.8286f,0.5719f,0f,0f,0f,1f],start_interpolation: 0,interpolation_duration: 1}
$data merge entity $(bone_7) {transformation: [-0.8242f,0.0139f,-0.5662f,0.0805f,0.1069f,0.9855f,-0.1315f,0.7656f,0.5562f,-0.1689f,-0.8137f,0.5133f,0f,0f,0f,1f],start_interpolation: 0,interpolation_duration: 1}