# This file was generated by Animated Java via MC-Build. It is not recommended to edit this file directly.
$data merge entity $(bone_layer) {transformation: [-0.9439f,-0.1928f,-0.2682f,0.2854f,-0.144f,0.9709f,-0.1913f,1.4084f,0.2973f,-0.142f,-0.9442f,0.4955f,0f,0f,0f,1f],start_interpolation: 0,interpolation_duration: 1}
$data merge entity $(bone_head) {transformation: [-0.9439f,-0.1928f,-0.2682f,0.2854f,-0.144f,0.9709f,-0.1913f,1.4084f,0.2973f,-0.142f,-0.9442f,0.4955f,0f,0f,0f,1f],start_interpolation: 0,interpolation_duration: 1}
$data merge entity $(bone_6) {transformation: [-0.6501f,-0.1324f,-0.7483f,0.3668f,-0.1127f,0.9906f,-0.0773f,0.4048f,0.7515f,0.0341f,-0.6589f,0.3741f,0f,0f,0f,1f],start_interpolation: 0,interpolation_duration: 1}
$data merge entity $(bone_12) {transformation: [-0.6501f,-0.2603f,-0.7139f,0.2692f,-0.1127f,0.9621f,-0.2482f,0.7656f,0.7515f,-0.0809f,-0.6548f,0.3438f,0f,0f,0f,1f],start_interpolation: 0,interpolation_duration: 1}
$data merge entity $(bone_group3) {transformation: [1.1744f,-0.0725f,0.342f,-0.9576f,0.2973f,0.824f,-0.3797f,1.6752f,-0.3698f,0.4324f,0.781f,1.1304f,0f,0f,0f,1f],start_interpolation: 0,interpolation_duration: 1}
$data merge entity $(bone_group1) {transformation: [1.1744f,-0.0725f,0.342f,-0.9576f,0.2973f,0.824f,-0.3797f,1.6752f,-0.3698f,0.4324f,0.781f,1.1304f,0f,0f,0f,1f],start_interpolation: 0,interpolation_duration: 1}
$data merge entity $(bone_group4) {transformation: [1.1377f,-0.0702f,0.3314f,-0.9576f,0.288f,0.7982f,-0.3679f,1.6752f,-0.3582f,0.4189f,0.7566f,1.1304f,0f,0f,0f,1f],start_interpolation: 0,interpolation_duration: 1}
$data merge entity $(bone_group2) {transformation: [1.1377f,-0.0702f,0.3314f,-0.9576f,0.288f,0.7982f,-0.3679f,1.6752f,-0.3582f,0.4189f,0.7566f,1.1304f,0f,0f,0f,1f],start_interpolation: 0,interpolation_duration: 1}
$data merge entity $(bone_10) {transformation: [-0.7536f,0.2237f,-0.618f,0.2079f,0f,0.9403f,0.3404f,1.0696f,0.6573f,0.2565f,-0.7086f,0.4543f,0f,0f,0f,1f],start_interpolation: 0,interpolation_duration: 1}
$data merge entity $(bone_9) {transformation: [-0.7536f,0.2087f,-0.6233f,0.2863f,0f,0.9483f,0.3175f,1.4279f,0.6573f,0.2393f,-0.7147f,0.5441f,0f,0f,0f,1f],start_interpolation: 0,interpolation_duration: 1}
$data merge entity $(bone_bone12) {transformation: [-0.673f,1.0112f,-0.5867f,0.0875f,0.9052f,1.0691f,0.3575f,1.8807f,0.9888f,-0.2905f,-0.7266f,0.3162f,0f,0f,0f,1f],start_interpolation: 0,interpolation_duration: 1}
$data merge entity $(bone_bone1) {transformation: [0.9312f,0.445f,0.333f,-0.0306f,-0.292f,-0.7297f,0.925f,1.4074f,0.2182f,-2.8757f,-0.1832f,1.9326f,0f,0f,0f,1f],start_interpolation: 0,interpolation_duration: 1}
$data merge entity $(bone_2) {transformation: [0.9989f,-0.0462f,0.0113f,-0.0724f,-0.0104f,0.02f,0.9997f,1.2999f,-0.0464f,-0.9987f,0.0195f,1.0563f,0f,0f,0f,1f],start_interpolation: 0,interpolation_duration: 1}
$data merge entity $(bone_bone2) {transformation: [1.9053f,-0.6081f,0.0064f,0.1802f,-0.0648f,-0.1613f,0.9962f,1.3027f,-0.6048f,-1.8985f,-0.0867f,1.1069f,0f,0f,0f,1f],start_interpolation: 0,interpolation_duration: 1}
$data merge entity $(bone_1) {transformation: [0.9989f,-0.0471f,0.0064f,-0.0901f,-0.0104f,-0.0863f,0.9962f,1.2676f,-0.0464f,-0.9952f,-0.0867f,0.6831f,0f,0f,0f,1f],start_interpolation: 0,interpolation_duration: 1}
$data merge entity $(bone_4) {transformation: [-0.8088f,-0.583f,0.0767f,0.6507f,-0.3555f,0.3809f,-0.8535f,1.1068f,0.4684f,-0.7176f,-0.5153f,0.2424f,0f,0f,0f,1f],start_interpolation: 0,interpolation_duration: 1}
$data merge entity $(bone_group5) {transformation: [-3.2353f,-1.1706f,-1.5892f,0.6918f,-1.4221f,2.4264f,-1.0275f,0.894f,1.8737f,-0.1796f,-3.524f,0.4314f,0f,0f,0f,1f],start_interpolation: 0,interpolation_duration: 1}
$data merge entity $(bone_group7) {transformation: [-3.2353f,-1.1706f,-1.5892f,0.6918f,-1.4221f,2.4264f,-1.0275f,0.894f,1.8737f,-0.1796f,-3.524f,0.4314f,0f,0f,0f,1f],start_interpolation: 0,interpolation_duration: 1}
$data merge entity $(bone_group6) {transformation: [-2.2165f,-2.6314f,-1.5892f,1.0479f,-2.4448f,1.3903f,-1.0275f,0.9599f,1.7124f,0.7813f,-3.524f,0.2516f,0f,0f,0f,1f],start_interpolation: 0,interpolation_duration: 1}
$data merge entity $(bone_group8) {transformation: [-2.2165f,-2.6314f,-1.5892f,1.0479f,-2.4448f,1.3903f,-1.0275f,0.9599f,1.7124f,0.7813f,-3.524f,0.2516f,0f,0f,0f,1f],start_interpolation: 0,interpolation_duration: 1}
$data merge entity $(bone_group9) {transformation: [-2.2165f,-2.6314f,-1.5892f,1.1028f,-2.4448f,1.3903f,-1.0275f,0.8461f,1.7124f,0.7813f,-3.524f,0.26f,0f,0f,0f,1f],start_interpolation: 0,interpolation_duration: 1}
$data merge entity $(bone_group10) {transformation: [-2.2165f,-2.6314f,-1.5892f,1.1028f,-2.4448f,1.3903f,-1.0275f,0.8461f,1.7124f,0.7813f,-3.524f,0.26f,0f,0f,0f,1f],start_interpolation: 0,interpolation_duration: 1}
$data merge entity $(bone_group11) {transformation: [-2.2165f,-2.6314f,-1.5892f,1.1577f,-2.4448f,1.3903f,-1.0275f,0.7324f,1.7124f,0.7813f,-3.524f,0.2684f,0f,0f,0f,1f],start_interpolation: 0,interpolation_duration: 1}
$data merge entity $(bone_group12) {transformation: [-2.2165f,-2.6314f,-1.5892f,1.1577f,-2.4448f,1.3903f,-1.0275f,0.7324f,1.7124f,0.7813f,-3.524f,0.2684f,0f,0f,0f,1f],start_interpolation: 0,interpolation_duration: 1}
$data merge entity $(bone_group13) {transformation: [-2.425f,-1.992f,-0.6357f,0.8801f,-1.9503f,1.9292f,-0.411f,0.9451f,1.6623f,0.3358f,-1.4096f,0.2784f,0f,0f,0f,1f],start_interpolation: 0,interpolation_duration: 1}
$data merge entity $(bone_group14) {transformation: [-2.425f,-1.992f,-0.6357f,0.8801f,-1.9503f,1.9292f,-0.411f,0.9451f,1.6623f,0.3358f,-1.4096f,0.2784f,0f,0f,0f,1f],start_interpolation: 0,interpolation_duration: 1}
$data merge entity $(bone_group15) {transformation: [-2.3358f,-2.0959f,-0.6357f,0.942f,-2.0326f,1.8423f,-0.411f,0.8768f,1.646f,0.408f,-1.4096f,0.2704f,0f,0f,0f,1f],start_interpolation: 0,interpolation_duration: 1}
$data merge entity $(bone_group16) {transformation: [-2.3358f,-2.0959f,-0.6357f,0.942f,-2.0326f,1.8423f,-0.411f,0.8768f,1.646f,0.408f,-1.4096f,0.2704f,0f,0f,0f,1f],start_interpolation: 0,interpolation_duration: 1}
$data merge entity $(bone_group17) {transformation: [-2.1442f,-2.2915f,-0.6357f,1.0565f,-2.1854f,1.6582f,-0.411f,0.8036f,1.6042f,0.5499f,-1.4096f,0.2401f,0f,0f,0f,1f],start_interpolation: 0,interpolation_duration: 1}
$data merge entity $(bone_group18) {transformation: [-2.1442f,-2.2915f,-0.6357f,1.0565f,-2.1854f,1.6582f,-0.411f,0.8036f,1.6042f,0.5499f,-1.4096f,0.2401f,0f,0f,0f,1f],start_interpolation: 0,interpolation_duration: 1}
$data merge entity $(bone_group19) {transformation: [-2.1442f,-2.2915f,-0.6357f,1.1114f,-2.1854f,1.6582f,-0.411f,0.6898f,1.6042f,0.5499f,-1.4096f,0.2485f,0f,0f,0f,1f],start_interpolation: 0,interpolation_duration: 1}
$data merge entity $(bone_group20) {transformation: [-2.1442f,-2.2915f,-0.6357f,1.1114f,-2.1854f,1.6582f,-0.411f,0.6898f,1.6042f,0.5499f,-1.4096f,0.2485f,0f,0f,0f,1f],start_interpolation: 0,interpolation_duration: 1}
$data merge entity $(bone_bone11) {transformation: [-0.8246f,-0.0767f,-0.3973f,0.4961f,0.0518f,1.4471f,-0.2569f,1.1435f,0.3568f,-0.3874f,-0.881f,0.3368f,0f,0f,0f,1f],start_interpolation: 0,interpolation_duration: 1}
$data merge entity $(bone_3) {transformation: [-0.8088f,-0.4336f,-0.3973f,0.5344f,-0.3555f,0.8987f,-0.2569f,1.3816f,0.4684f,-0.0665f,-0.881f,0.2501f,0f,0f,0f,1f],start_interpolation: 0,interpolation_duration: 1}
$data merge entity $(bone_8) {transformation: [-0.8275f,0.0885f,-0.5544f,0.0736f,0.1069f,0.9943f,-0.0009f,0.3956f,0.5511f,-0.06f,-0.8323f,0.5691f,0f,0f,0f,1f],start_interpolation: 0,interpolation_duration: 1}
$data merge entity $(bone_7) {transformation: [-0.8275f,0.0114f,-0.5613f,0.0808f,0.1069f,0.9847f,-0.1376f,0.7656f,0.5511f,-0.1739f,-0.8161f,0.5081f,0f,0f,0f,1f],start_interpolation: 0,interpolation_duration: 1}