# This file was generated by Animated Java via MC-Build. It is not recommended to edit this file directly.
$data merge entity $(bone_layer) {transformation: [-0.9467f,-0.1908f,-0.2595f,0.2858f,-0.1435f,0.9712f,-0.1904f,1.4086f,0.2884f,-0.143f,-0.9468f,0.4906f,0f,0f,0f,1f],start_interpolation: 0,interpolation_duration: 1}
$data merge entity $(bone_head) {transformation: [-0.9467f,-0.1908f,-0.2595f,0.2858f,-0.1435f,0.9712f,-0.1904f,1.4086f,0.2884f,-0.143f,-0.9468f,0.4906f,0f,0f,0f,1f],start_interpolation: 0,interpolation_duration: 1}
$data merge entity $(bone_6) {transformation: [-0.657f,-0.1257f,-0.7434f,0.3656f,-0.1119f,0.9913f,-0.0688f,0.404f,0.7456f,0.038f,-0.6653f,0.3681f,0f,0f,0f,1f],start_interpolation: 0,interpolation_duration: 1}
$data merge entity $(bone_12) {transformation: [-0.657f,-0.2529f,-0.7102f,0.2707f,-0.1119f,0.9643f,-0.2399f,0.7656f,0.7456f,-0.0781f,-0.6618f,0.3388f,0f,0f,0f,1f],start_interpolation: 0,interpolation_duration: 1}
$data merge entity $(bone_group3) {transformation: [1.1786f,-0.0792f,0.3326f,-0.9649f,0.2996f,0.8231f,-0.3806f,1.6721f,-0.3542f,0.4328f,0.7846f,1.112f,0f,0f,0f,1f],start_interpolation: 0,interpolation_duration: 1}
$data merge entity $(bone_group1) {transformation: [1.1786f,-0.0792f,0.3326f,-0.9649f,0.2996f,0.8231f,-0.3806f,1.6721f,-0.3542f,0.4328f,0.7846f,1.112f,0f,0f,0f,1f],start_interpolation: 0,interpolation_duration: 1}
$data merge entity $(bone_group4) {transformation: [1.1418f,-0.0767f,0.3222f,-0.9649f,0.2903f,0.7974f,-0.3687f,1.6721f,-0.3432f,0.4193f,0.7601f,1.112f,0f,0f,0f,1f],start_interpolation: 0,interpolation_duration: 1}
$data merge entity $(bone_group2) {transformation: [1.1418f,-0.0767f,0.3222f,-0.9649f,0.2903f,0.7974f,-0.3687f,1.6721f,-0.3432f,0.4193f,0.7601f,1.112f,0f,0f,0f,1f],start_interpolation: 0,interpolation_duration: 1}
$data merge entity $(bone_10) {transformation: [-0.7586f,0.2231f,-0.6121f,0.2092f,0f,0.9395f,0.3425f,1.0691f,0.6515f,0.2598f,-0.7128f,0.4494f,0f,0f,0f,1f],start_interpolation: 0,interpolation_duration: 1}
$data merge entity $(bone_9) {transformation: [-0.7586f,0.2103f,-0.6166f,0.2881f,0f,0.9465f,0.3228f,1.4264f,0.6515f,0.2449f,-0.718f,0.5413f,0f,0f,0f,1f],start_interpolation: 0,interpolation_duration: 1}
$data merge entity $(bone_bone12) {transformation: [-0.682f,1.0073f,-0.5851f,0.0916f,0.8981f,1.0751f,0.3574f,1.8785f,0.9891f,-0.2818f,-0.728f,0.3124f,0f,0f,0f,1f],start_interpolation: 0,interpolation_duration: 1}
$data merge entity $(bone_bone1) {transformation: [0.9297f,0.4641f,0.3343f,-0.0399f,-0.2911f,-0.7425f,0.9241f,1.4085f,0.2257f,-2.8694f,-0.185f,1.925f,0f,0f,0f,1f],start_interpolation: 0,interpolation_duration: 1}
$data merge entity $(bone_2) {transformation: [0.9992f,-0.0395f,0.0113f,-0.0759f,-0.0107f,0.0155f,0.9998f,1.2971f,-0.0397f,-0.9991f,0.0151f,1.0489f,0f,0f,0f,1f],start_interpolation: 0,interpolation_duration: 1}
$data merge entity $(bone_bone2) {transformation: [1.9093f,-0.5952f,0.0075f,0.1764f,-0.0612f,-0.1459f,0.9969f,1.2994f,-0.5923f,-1.9038f,-0.0788f,1.1013f,0f,0f,0f,1f],start_interpolation: 0,interpolation_duration: 1}
$data merge entity $(bone_1) {transformation: [0.9992f,-0.0404f,0.0075f,-0.091f,-0.0107f,-0.0784f,0.9969f,1.2677f,-0.0397f,-0.9961f,-0.0788f,0.6754f,0f,0f,0f,1f],start_interpolation: 0,interpolation_duration: 1}
$data merge entity $(bone_4) {transformation: [-0.8112f,-0.5793f,0.079f,0.654f,-0.3575f,0.3845f,-0.8511f,1.1054f,0.4627f,-0.7187f,-0.5191f,0.241f,0f,0f,0f,1f],start_interpolation: 0,interpolation_duration: 1}
$data merge entity $(bone_group5) {transformation: [-3.245f,-1.1689f,-1.572f,0.6941f,-1.4301f,2.4277f,-1.0099f,0.8918f,1.8507f,-0.1736f,-3.5368f,0.4292f,0f,0f,0f,1f],start_interpolation: 0,interpolation_duration: 1}
$data merge entity $(bone_group7) {transformation: [-3.245f,-1.1689f,-1.572f,0.6941f,-1.4301f,2.4277f,-1.0099f,0.8918f,1.8507f,-0.1736f,-3.5368f,0.4292f,0f,0f,0f,1f],start_interpolation: 0,interpolation_duration: 1}
$data merge entity $(bone_group6) {transformation: [-2.2258f,-2.6348f,-1.572f,1.0511f,-2.4523f,1.3874f,-1.0099f,0.9584f,1.6895f,0.775f,-3.5368f,0.2515f,0f,0f,0f,1f],start_interpolation: 0,interpolation_duration: 1}
$data merge entity $(bone_group8) {transformation: [-2.2258f,-2.6348f,-1.572f,1.0511f,-2.4523f,1.3874f,-1.0099f,0.9584f,1.6895f,0.775f,-3.5368f,0.2515f,0f,0f,0f,1f],start_interpolation: 0,interpolation_duration: 1}
$data merge entity $(bone_group9) {transformation: [-2.2258f,-2.6348f,-1.572f,1.1059f,-2.4523f,1.3874f,-1.0099f,0.8446f,1.6895f,0.775f,-3.5368f,0.2596f,0f,0f,0f,1f],start_interpolation: 0,interpolation_duration: 1}
$data merge entity $(bone_group10) {transformation: [-2.2258f,-2.6348f,-1.572f,1.1059f,-2.4523f,1.3874f,-1.0099f,0.8446f,1.6895f,0.775f,-3.5368f,0.2596f,0f,0f,0f,1f],start_interpolation: 0,interpolation_duration: 1}
$data merge entity $(bone_group11) {transformation: [-2.2258f,-2.6348f,-1.572f,1.1607f,-2.4523f,1.3874f,-1.0099f,0.7308f,1.6895f,0.775f,-3.5368f,0.2678f,0f,0f,0f,1f],start_interpolation: 0,interpolation_duration: 1}
$data merge entity $(bone_group12) {transformation: [-2.2258f,-2.6348f,-1.572f,1.1607f,-2.4523f,1.3874f,-1.0099f,0.7308f,1.6895f,0.775f,-3.5368f,0.2678f,0f,0f,0f,1f],start_interpolation: 0,interpolation_duration: 1}
$data merge entity $(bone_group13) {transformation: [-2.4338f,-1.993f,-0.6288f,0.8831f,-1.9575f,1.9283f,-0.4039f,0.9435f,1.6407f,0.3353f,-1.4147f,0.2774f,0f,0f,0f,1f],start_interpolation: 0,interpolation_duration: 1}
$data merge entity $(bone_group14) {transformation: [-2.4338f,-1.993f,-0.6288f,0.8831f,-1.9575f,1.9283f,-0.4039f,0.9435f,1.6407f,0.3353f,-1.4147f,0.2774f,0f,0f,0f,1f],start_interpolation: 0,interpolation_duration: 1}
$data merge entity $(bone_group15) {transformation: [-2.3446f,-2.0973f,-0.6288f,0.9451f,-2.0398f,1.841f,-0.4039f,0.8753f,1.6245f,0.4065f,-1.4147f,0.2693f,0f,0f,0f,1f],start_interpolation: 0,interpolation_duration: 1}
$data merge entity $(bone_group16) {transformation: [-2.3446f,-2.0973f,-0.6288f,0.9451f,-2.0398f,1.841f,-0.4039f,0.8753f,1.6245f,0.4065f,-1.4147f,0.2693f,0f,0f,0f,1f],start_interpolation: 0,interpolation_duration: 1}
$data merge entity $(bone_group17) {transformation: [-2.1529f,-2.2936f,-0.6288f,1.0597f,-2.1925f,1.6563f,-0.4039f,0.8021f,1.5829f,0.5466f,-1.4147f,0.2393f,0f,0f,0f,1f],start_interpolation: 0,interpolation_duration: 1}
$data merge entity $(bone_group18) {transformation: [-2.1529f,-2.2936f,-0.6288f,1.0597f,-2.1925f,1.6563f,-0.4039f,0.8021f,1.5829f,0.5466f,-1.4147f,0.2393f,0f,0f,0f,1f],start_interpolation: 0,interpolation_duration: 1}
$data merge entity $(bone_group19) {transformation: [-2.1529f,-2.2936f,-0.6288f,1.1145f,-2.1925f,1.6563f,-0.4039f,0.6883f,1.5829f,0.5466f,-1.4147f,0.2474f,0f,0f,0f,1f],start_interpolation: 0,interpolation_duration: 1}
$data merge entity $(bone_group20) {transformation: [-2.1529f,-2.2936f,-0.6288f,1.1145f,-2.1925f,1.6563f,-0.4039f,0.6883f,1.5829f,0.5466f,-1.4147f,0.2474f,0f,0f,0f,1f],start_interpolation: 0,interpolation_duration: 1}
$data merge entity $(bone_bone11) {transformation: [-0.8264f,-0.0743f,-0.393f,0.499f,0.0504f,1.449f,-0.2525f,1.1418f,0.3529f,-0.3807f,-0.8842f,0.3349f,0f,0f,0f,1f],start_interpolation: 0,interpolation_duration: 1}
$data merge entity $(bone_3) {transformation: [-0.8112f,-0.4329f,-0.393f,0.5378f,-0.3575f,0.8991f,-0.2525f,1.3803f,0.4627f,-0.0643f,-0.8842f,0.2495f,0f,0f,0f,1f],start_interpolation: 0,interpolation_duration: 1}
$data merge entity $(bone_8) {transformation: [-0.8317f,0.0912f,-0.5476f,0.0753f,0.1069f,0.9943f,0.0031f,0.3961f,0.5448f,-0.056f,-0.8367f,0.5653f,0f,0f,0f,1f],start_interpolation: 0,interpolation_duration: 1}
$data merge entity $(bone_7) {transformation: [-0.8317f,0.0088f,-0.5551f,0.0811f,0.1069f,0.9837f,-0.1446f,0.7656f,0.5448f,-0.1796f,-0.8191f,0.5017f,0f,0f,0f,1f],start_interpolation: 0,interpolation_duration: 1}