# This file was generated by Animated Java via MC-Build. It is not recommended to edit this file directly.
$data merge entity $(bone_layer) {transformation: [-0.9496f,-0.188f,-0.2508f,0.2862f,-0.1427f,0.9717f,-0.188f,1.4087f,0.279f,-0.1427f,-0.9496f,0.485f,0f,0f,0f,1f],start_interpolation: 0,interpolation_duration: 1}
$data merge entity $(bone_head) {transformation: [-0.9496f,-0.188f,-0.2508f,0.2862f,-0.1427f,0.9717f,-0.188f,1.4087f,0.279f,-0.1427f,-0.9496f,0.485f,0f,0f,0f,1f],start_interpolation: 0,interpolation_duration: 1}
$data merge entity $(bone_6) {transformation: [-0.6646f,-0.1188f,-0.7377f,0.3644f,-0.1111f,0.992f,-0.0596f,0.4032f,0.7389f,0.0423f,-0.6725f,0.3613f,0f,0f,0f,1f],start_interpolation: 0,interpolation_duration: 1}
$data merge entity $(bone_12) {transformation: [-0.6646f,-0.2451f,-0.7058f,0.2725f,-0.1111f,0.9666f,-0.231f,0.7656f,0.7389f,-0.0751f,-0.6697f,0.3331f,0f,0f,0f,1f],start_interpolation: 0,interpolation_duration: 1}
$data merge entity $(bone_group3) {transformation: [1.1831f,-0.0865f,0.322f,-0.9727f,0.3021f,0.8222f,-0.3816f,1.6689f,-0.337f,0.4332f,0.7886f,1.0912f,0f,0f,0f,1f],start_interpolation: 0,interpolation_duration: 1}
$data merge entity $(bone_group1) {transformation: [1.1831f,-0.0865f,0.322f,-0.9727f,0.3021f,0.8222f,-0.3816f,1.6689f,-0.337f,0.4332f,0.7886f,1.0912f,0f,0f,0f,1f],start_interpolation: 0,interpolation_duration: 1}
$data merge entity $(bone_group4) {transformation: [1.1461f,-0.0838f,0.312f,-0.9727f,0.2926f,0.7965f,-0.3696f,1.6689f,-0.3265f,0.4196f,0.7639f,1.0912f,0f,0f,0f,1f],start_interpolation: 0,interpolation_duration: 1}
$data merge entity $(bone_group2) {transformation: [1.1461f,-0.0838f,0.312f,-0.9727f,0.2926f,0.7965f,-0.3696f,1.6689f,-0.3265f,0.4196f,0.7639f,1.0912f,0f,0f,0f,1f],start_interpolation: 0,interpolation_duration: 1}
$data merge entity $(bone_10) {transformation: [-0.7643f,0.2223f,-0.6054f,0.2106f,0f,0.9387f,0.3447f,1.0686f,0.6449f,0.2635f,-0.7174f,0.4438f,0f,0f,0f,1f],start_interpolation: 0,interpolation_duration: 1}
$data merge entity $(bone_9) {transformation: [-0.7643f,0.2118f,-0.6091f,0.2901f,0f,0.9445f,0.3284f,1.4248f,0.6449f,0.251f,-0.7219f,0.5381f,0f,0f,0f,1f],start_interpolation: 0,interpolation_duration: 1}
$data merge entity $(bone_bone12) {transformation: [-0.6921f,1.0032f,-0.583f,0.0959f,0.8906f,1.0815f,0.3572f,1.8761f,0.9889f,-0.272f,-0.7297f,0.308f,0f,0f,0f,1f],start_interpolation: 0,interpolation_duration: 1}
$data merge entity $(bone_bone1) {transformation: [0.9281f,0.4805f,0.336f,-0.0481f,-0.291f,-0.7525f,0.9233f,1.4075f,0.2322f,-2.8641f,-0.1862f,1.9167f,0f,0f,0f,1f],start_interpolation: 0,interpolation_duration: 1}
$data merge entity $(bone_2) {transformation: [0.9994f,-0.0336f,0.0119f,-0.079f,-0.0115f,0.0122f,0.9999f,1.2932f,-0.0337f,-0.9994f,0.0118f,1.0408f,0f,0f,0f,1f],start_interpolation: 0,interpolation_duration: 1}
$data merge entity $(bone_bone2) {transformation: [1.9128f,-0.5838f,0.0092f,0.173f,-0.0567f,-0.1226f,0.9977f,1.2945f,-0.5814f,-1.909f,-0.0669f,1.0947f,0f,0f,0f,1f],start_interpolation: 0,interpolation_duration: 1}
$data merge entity $(bone_1) {transformation: [0.9994f,-0.0344f,0.0092f,-0.0919f,-0.0115f,-0.0665f,0.9977f,1.2683f,-0.0337f,-0.9972f,-0.0669f,0.6669f,0f,0f,0f,1f],start_interpolation: 0,interpolation_duration: 1}
$data merge entity $(bone_4) {transformation: [-0.814f,-0.575f,0.0818f,0.6577f,-0.3596f,0.3884f,-0.8484f,1.1041f,0.4561f,-0.72f,-0.523f,0.2394f,0f,0f,0f,1f],start_interpolation: 0,interpolation_duration: 1}
$data merge entity $(bone_group5) {transformation: [-3.2561f,-1.1671f,-1.5518f,0.6966f,-1.4385f,2.4289f,-0.9911f,0.8895f,1.8244f,-0.1679f,-3.551f,0.4268f,0f,0f,0f,1f],start_interpolation: 0,interpolation_duration: 1}
$data merge entity $(bone_group7) {transformation: [-3.2561f,-1.1671f,-1.5518f,0.6966f,-1.4385f,2.4289f,-0.9911f,0.8895f,1.8244f,-0.1679f,-3.551f,0.4268f,0f,0f,0f,1f],start_interpolation: 0,interpolation_duration: 1}
$data merge entity $(bone_group6) {transformation: [-2.2363f,-2.6388f,-1.5518f,1.0547f,-2.4603f,1.3842f,-0.9911f,0.9569f,1.6639f,0.7668f,-3.551f,0.2515f,0f,0f,0f,1f],start_interpolation: 0,interpolation_duration: 1}
$data merge entity $(bone_group8) {transformation: [-2.2363f,-2.6388f,-1.5518f,1.0547f,-2.4603f,1.3842f,-0.9911f,0.9569f,1.6639f,0.7668f,-3.551f,0.2515f,0f,0f,0f,1f],start_interpolation: 0,interpolation_duration: 1}
$data merge entity $(bone_group9) {transformation: [-2.2363f,-2.6388f,-1.5518f,1.1094f,-2.4603f,1.3842f,-0.9911f,0.843f,1.6639f,0.7668f,-3.551f,0.2594f,0f,0f,0f,1f],start_interpolation: 0,interpolation_duration: 1}
$data merge entity $(bone_group10) {transformation: [-2.2363f,-2.6388f,-1.5518f,1.1094f,-2.4603f,1.3842f,-0.9911f,0.843f,1.6639f,0.7668f,-3.551f,0.2594f,0f,0f,0f,1f],start_interpolation: 0,interpolation_duration: 1}
$data merge entity $(bone_group11) {transformation: [-2.2363f,-2.6388f,-1.5518f,1.1641f,-2.4603f,1.3842f,-0.9911f,0.7291f,1.6639f,0.7668f,-3.551f,0.2672f,0f,0f,0f,1f],start_interpolation: 0,interpolation_duration: 1}
$data merge entity $(bone_group12) {transformation: [-2.2363f,-2.6388f,-1.5518f,1.1641f,-2.4603f,1.3842f,-0.9911f,0.7291f,1.6639f,0.7668f,-3.551f,0.2672f,0f,0f,0f,1f],start_interpolation: 0,interpolation_duration: 1}
$data merge entity $(bone_group13) {transformation: [-2.4439f,-1.9943f,-0.6207f,0.8865f,-1.9652f,1.9272f,-0.3964f,0.9419f,1.6164f,0.3336f,-1.4204f,0.2763f,0f,0f,0f,1f],start_interpolation: 0,interpolation_duration: 1}
$data merge entity $(bone_group14) {transformation: [-2.4439f,-1.9943f,-0.6207f,0.8865f,-1.9652f,1.9272f,-0.3964f,0.9419f,1.6164f,0.3336f,-1.4204f,0.2763f,0f,0f,0f,1f],start_interpolation: 0,interpolation_duration: 1}
$data merge entity $(bone_group15) {transformation: [-2.3546f,-2.099f,-0.6207f,0.9486f,-2.0473f,1.8396f,-0.3964f,0.8737f,1.6003f,0.4038f,-1.4204f,0.2683f,0f,0f,0f,1f],start_interpolation: 0,interpolation_duration: 1}
$data merge entity $(bone_group16) {transformation: [-2.3546f,-2.099f,-0.6207f,0.9486f,-2.0473f,1.8396f,-0.3964f,0.8737f,1.6003f,0.4038f,-1.4204f,0.2683f,0f,0f,0f,1f],start_interpolation: 0,interpolation_duration: 1}
$data merge entity $(bone_group17) {transformation: [-2.1627f,-2.2963f,-0.6207f,1.0633f,-2.1999f,1.6542f,-0.3964f,0.8007f,1.559f,0.5418f,-1.4204f,0.2385f,0f,0f,0f,1f],start_interpolation: 0,interpolation_duration: 1}
$data merge entity $(bone_group18) {transformation: [-2.1627f,-2.2963f,-0.6207f,1.0633f,-2.1999f,1.6542f,-0.3964f,0.8007f,1.559f,0.5418f,-1.4204f,0.2385f,0f,0f,0f,1f],start_interpolation: 0,interpolation_duration: 1}
$data merge entity $(bone_group19) {transformation: [-2.1627f,-2.2963f,-0.6207f,1.118f,-2.1999f,1.6542f,-0.3964f,0.6868f,1.559f,0.5418f,-1.4204f,0.2464f,0f,0f,0f,1f],start_interpolation: 0,interpolation_duration: 1}
$data merge entity $(bone_group20) {transformation: [-2.1627f,-2.2963f,-0.6207f,1.118f,-2.1999f,1.6542f,-0.3964f,0.6868f,1.559f,0.5418f,-1.4204f,0.2464f,0f,0f,0f,1f],start_interpolation: 0,interpolation_duration: 1}
$data merge entity $(bone_bone11) {transformation: [-0.8284f,-0.0716f,-0.3879f,0.5021f,0.0488f,1.4509f,-0.2478f,1.14f,0.3484f,-0.3737f,-0.8878f,0.3326f,0f,0f,0f,1f],start_interpolation: 0,interpolation_duration: 1}
$data merge entity $(bone_3) {transformation: [-0.814f,-0.4323f,-0.3879f,0.5415f,-0.3596f,0.8996f,-0.2478f,1.3789f,0.4561f,-0.0622f,-0.8878f,0.2487f,0f,0f,0f,1f],start_interpolation: 0,interpolation_duration: 1}
$data merge entity $(bone_8) {transformation: [-0.8364f,0.094f,-0.5399f,0.077f,0.1069f,0.9942f,0.0074f,0.3966f,0.5375f,-0.0516f,-0.8417f,0.5609f,0f,0f,0f,1f],start_interpolation: 0,interpolation_duration: 1}
$data merge entity $(bone_7) {transformation: [-0.8364f,0.0063f,-0.548f,0.0814f,0.1069f,0.9826f,-0.1519f,0.7656f,0.5375f,-0.1857f,-0.8226f,0.4943f,0f,0f,0f,1f],start_interpolation: 0,interpolation_duration: 1}