# This file was generated by Animated Java via MC-Build. It is not recommended to edit this file directly.
$data merge entity $(bone_layer) {transformation: [-0.9524f,-0.1846f,-0.2426f,0.2867f,-0.1417f,0.9727f,-0.1841f,1.4088f,0.2699f,-0.1409f,-0.9525f,0.4791f,0f,0f,0f,1f],start_interpolation: 0,interpolation_duration: 1}
$data merge entity $(bone_head) {transformation: [-0.9524f,-0.1846f,-0.2426f,0.2867f,-0.1417f,0.9727f,-0.1841f,1.4088f,0.2699f,-0.1409f,-0.9525f,0.4791f,0f,0f,0f,1f],start_interpolation: 0,interpolation_duration: 1}
$data merge entity $(bone_6) {transformation: [-0.6726f,-0.1118f,-0.7315f,0.3633f,-0.1102f,0.9926f,-0.0504f,0.4023f,0.7317f,0.0467f,-0.68f,0.3541f,0f,0f,0f,1f],start_interpolation: 0,interpolation_duration: 1}
$data merge entity $(bone_12) {transformation: [-0.6726f,-0.2371f,-0.7009f,0.2743f,-0.1102f,0.9688f,-0.222f,0.7656f,0.7317f,-0.0721f,-0.6778f,0.327f,0f,0f,0f,1f],start_interpolation: 0,interpolation_duration: 1}
$data merge entity $(bone_group3) {transformation: [1.1875f,-0.0942f,0.3109f,-0.9806f,0.3045f,0.8212f,-0.3826f,1.6656f,-0.3189f,0.4334f,0.7925f,1.0693f,0f,0f,0f,1f],start_interpolation: 0,interpolation_duration: 1}
$data merge entity $(bone_group1) {transformation: [1.1875f,-0.0942f,0.3109f,-0.9806f,0.3045f,0.8212f,-0.3826f,1.6656f,-0.3189f,0.4334f,0.7925f,1.0693f,0f,0f,0f,1f],start_interpolation: 0,interpolation_duration: 1}
$data merge entity $(bone_group4) {transformation: [1.1503f,-0.0912f,0.3012f,-0.9806f,0.2949f,0.7956f,-0.3706f,1.6656f,-0.309f,0.4198f,0.7678f,1.0693f,0f,0f,0f,1f],start_interpolation: 0,interpolation_duration: 1}
$data merge entity $(bone_group2) {transformation: [1.1503f,-0.0912f,0.3012f,-0.9806f,0.2949f,0.7956f,-0.3706f,1.6656f,-0.309f,0.4198f,0.7678f,1.0693f,0f,0f,0f,1f],start_interpolation: 0,interpolation_duration: 1}
$data merge entity $(bone_10) {transformation: [-0.7702f,0.2213f,-0.5982f,0.212f,0f,0.9379f,0.347f,1.0681f,0.6378f,0.2673f,-0.7223f,0.4379f,0f,0f,0f,1f],start_interpolation: 0,interpolation_duration: 1}
$data merge entity $(bone_9) {transformation: [-0.7702f,0.2131f,-0.6012f,0.292f,0f,0.9425f,0.3341f,1.4231f,0.6378f,0.2573f,-0.7259f,0.5345f,0f,0f,0f,1f],start_interpolation: 0,interpolation_duration: 1}
$data merge entity $(bone_bone12) {transformation: [-0.7028f,0.9989f,-0.5805f,0.1004f,0.8829f,1.088f,0.357f,1.8736f,0.9882f,-0.2616f,-0.7318f,0.3032f,0f,0f,0f,1f],start_interpolation: 0,interpolation_duration: 1}
$data merge entity $(bone_bone1) {transformation: [0.9267f,0.4927f,0.3381f,-0.0545f,-0.2918f,-0.7587f,0.9224f,1.4043f,0.237f,-2.8603f,-0.1864f,1.9082f,0f,0f,0f,1f],start_interpolation: 0,interpolation_duration: 1}
$data merge entity $(bone_2) {transformation: [0.9995f,-0.029f,0.0132f,-0.0815f,-0.0129f,0.0103f,0.9999f,1.2883f,-0.0291f,-0.9995f,0.0099f,1.0324f,0f,0f,0f,1f],start_interpolation: 0,interpolation_duration: 1}
$data merge entity $(bone_bone2) {transformation: [1.9155f,-0.5748f,0.0114f,0.1702f,-0.0514f,-0.0921f,0.9986f,1.2882f,-0.573f,-1.9134f,-0.0515f,1.0875f,0f,0f,0f,1f],start_interpolation: 0,interpolation_duration: 1}
$data merge entity $(bone_1) {transformation: [0.9995f,-0.0297f,0.0114f,-0.0927f,-0.0129f,-0.0511f,0.9986f,1.2691f,-0.0291f,-0.9983f,-0.0515f,0.658f,0f,0f,0f,1f],start_interpolation: 0,interpolation_duration: 1}
$data merge entity $(bone_4) {transformation: [-0.817f,-0.5704f,0.0848f,0.6615f,-0.3618f,0.3924f,-0.8457f,1.1028f,0.4491f,-0.7216f,-0.5269f,0.2379f,0f,0f,0f,1f],start_interpolation: 0,interpolation_duration: 1}
$data merge entity $(bone_group5) {transformation: [-3.2679f,-1.1654f,-1.5297f,0.6992f,-1.4471f,2.4301f,-0.972f,0.8872f,1.7964f,-0.1624f,-3.5658f,0.4243f,0f,0f,0f,1f],start_interpolation: 0,interpolation_duration: 1}
$data merge entity $(bone_group7) {transformation: [-3.2679f,-1.1654f,-1.5297f,0.6992f,-1.4471f,2.4301f,-0.972f,0.8872f,1.7964f,-0.1624f,-3.5658f,0.4243f,0f,0f,0f,1f],start_interpolation: 0,interpolation_duration: 1}
$data merge entity $(bone_group6) {transformation: [-2.2473f,-2.6432f,-1.5297f,1.0584f,-2.4683f,1.381f,-0.972f,0.9554f,1.6369f,0.7575f,-3.5658f,0.2516f,0f,0f,0f,1f],start_interpolation: 0,interpolation_duration: 1}
$data merge entity $(bone_group8) {transformation: [-2.2473f,-2.6432f,-1.5297f,1.0584f,-2.4683f,1.381f,-0.972f,0.9554f,1.6369f,0.7575f,-3.5658f,0.2516f,0f,0f,0f,1f],start_interpolation: 0,interpolation_duration: 1}
$data merge entity $(bone_group9) {transformation: [-2.2473f,-2.6432f,-1.5297f,1.113f,-2.4683f,1.381f,-0.972f,0.8415f,1.6369f,0.7575f,-3.5658f,0.2593f,0f,0f,0f,1f],start_interpolation: 0,interpolation_duration: 1}
$data merge entity $(bone_group10) {transformation: [-2.2473f,-2.6432f,-1.5297f,1.113f,-2.4683f,1.381f,-0.972f,0.8415f,1.6369f,0.7575f,-3.5658f,0.2593f,0f,0f,0f,1f],start_interpolation: 0,interpolation_duration: 1}
$data merge entity $(bone_group11) {transformation: [-2.2473f,-2.6432f,-1.5297f,1.1677f,-2.4683f,1.381f,-0.972f,0.7276f,1.6369f,0.7575f,-3.5658f,0.2669f,0f,0f,0f,1f],start_interpolation: 0,interpolation_duration: 1}
$data merge entity $(bone_group12) {transformation: [-2.2473f,-2.6432f,-1.5297f,1.1677f,-2.4683f,1.381f,-0.972f,0.7276f,1.6369f,0.7575f,-3.5658f,0.2669f,0f,0f,0f,1f],start_interpolation: 0,interpolation_duration: 1}
$data merge entity $(bone_group13) {transformation: [-2.4545f,-1.9959f,-0.6119f,0.8901f,-1.9729f,1.926f,-0.3888f,0.9404f,1.5908f,0.3312f,-1.4263f,0.2754f,0f,0f,0f,1f],start_interpolation: 0,interpolation_duration: 1}
$data merge entity $(bone_group14) {transformation: [-2.4545f,-1.9959f,-0.6119f,0.8901f,-1.9729f,1.926f,-0.3888f,0.9404f,1.5908f,0.3312f,-1.4263f,0.2754f,0f,0f,0f,1f],start_interpolation: 0,interpolation_duration: 1}
$data merge entity $(bone_group15) {transformation: [-2.3651f,-2.1011f,-0.6119f,0.9521f,-2.055f,1.8381f,-0.3888f,0.8722f,1.5748f,0.4003f,-1.4263f,0.2673f,0f,0f,0f,1f],start_interpolation: 0,interpolation_duration: 1}
$data merge entity $(bone_group16) {transformation: [-2.3651f,-2.1011f,-0.6119f,0.9521f,-2.055f,1.8381f,-0.3888f,0.8722f,1.5748f,0.4003f,-1.4263f,0.2673f,0f,0f,0f,1f],start_interpolation: 0,interpolation_duration: 1}
$data merge entity $(bone_group17) {transformation: [-2.173f,-2.2992f,-0.6119f,1.0671f,-2.2074f,1.652f,-0.3888f,0.7993f,1.5339f,0.536f,-1.4263f,0.2379f,0f,0f,0f,1f],start_interpolation: 0,interpolation_duration: 1}
$data merge entity $(bone_group18) {transformation: [-2.173f,-2.2992f,-0.6119f,1.0671f,-2.2074f,1.652f,-0.3888f,0.7993f,1.5339f,0.536f,-1.4263f,0.2379f,0f,0f,0f,1f],start_interpolation: 0,interpolation_duration: 1}
$data merge entity $(bone_group19) {transformation: [-2.173f,-2.2992f,-0.6119f,1.1217f,-2.2074f,1.652f,-0.3888f,0.6854f,1.5339f,0.536f,-1.4263f,0.2455f,0f,0f,0f,1f],start_interpolation: 0,interpolation_duration: 1}
$data merge entity $(bone_group20) {transformation: [-2.173f,-2.2992f,-0.6119f,1.1217f,-2.2074f,1.652f,-0.3888f,0.6854f,1.5339f,0.536f,-1.4263f,0.2455f,0f,0f,0f,1f],start_interpolation: 0,interpolation_duration: 1}
$data merge entity $(bone_bone11) {transformation: [-0.8306f,-0.0689f,-0.3824f,0.5053f,0.0472f,1.4529f,-0.243f,1.1383f,0.3434f,-0.3665f,-0.8915f,0.3303f,0f,0f,0f,1f],start_interpolation: 0,interpolation_duration: 1}
$data merge entity $(bone_3) {transformation: [-0.817f,-0.4316f,-0.3824f,0.5453f,-0.3618f,0.9f,-0.243f,1.3776f,0.4491f,-0.0602f,-0.8915f,0.2479f,0f,0f,0f,1f],start_interpolation: 0,interpolation_duration: 1}
$data merge entity $(bone_8) {transformation: [-0.8414f,0.0968f,-0.5317f,0.0787f,0.1069f,0.9942f,0.0117f,0.3971f,0.5298f,-0.047f,-0.8468f,0.556f,0f,0f,0f,1f],start_interpolation: 0,interpolation_duration: 1}
$data merge entity $(bone_7) {transformation: [-0.8414f,0.0039f,-0.5405f,0.0818f,0.1069f,0.9814f,-0.1594f,0.7656f,0.5298f,-0.1919f,-0.8261f,0.4865f,0f,0f,0f,1f],start_interpolation: 0,interpolation_duration: 1}