# This file was generated by Animated Java via MC-Build. It is not recommended to edit this file directly.
$data merge entity $(bone_layer) {transformation: [-0.9549f,-0.1808f,-0.2356f,0.2871f,-0.1403f,0.9738f,-0.1787f,1.4087f,0.2617f,-0.1375f,-0.9553f,0.4732f,0f,0f,0f,1f],start_interpolation: 0,interpolation_duration: 1}
$data merge entity $(bone_head) {transformation: [-0.9549f,-0.1808f,-0.2356f,0.2871f,-0.1403f,0.9738f,-0.1787f,1.4087f,0.2617f,-0.1375f,-0.9553f,0.4732f,0f,0f,0f,1f],start_interpolation: 0,interpolation_duration: 1}
$data merge entity $(bone_6) {transformation: [-0.6805f,-0.1052f,-0.7251f,0.3622f,-0.1094f,0.9931f,-0.0414f,0.4016f,0.7245f,0.0511f,-0.6874f,0.3469f,0f,0f,0f,1f],start_interpolation: 0,interpolation_duration: 1}
$data merge entity $(bone_12) {transformation: [-0.6805f,-0.2295f,-0.6958f,0.2762f,-0.1094f,0.9709f,-0.2132f,0.7656f,0.7245f,-0.069f,-0.6858f,0.321f,0f,0f,0f,1f],start_interpolation: 0,interpolation_duration: 1}
$data merge entity $(bone_group3) {transformation: [1.1915f,-0.1017f,0.2999f,-0.9883f,0.3067f,0.8203f,-0.3835f,1.6625f,-0.301f,0.4334f,0.7963f,1.0473f,0f,0f,0f,1f],start_interpolation: 0,interpolation_duration: 1}
$data merge entity $(bone_group1) {transformation: [1.1915f,-0.1017f,0.2999f,-0.9883f,0.3067f,0.8203f,-0.3835f,1.6625f,-0.301f,0.4334f,0.7963f,1.0473f,0f,0f,0f,1f],start_interpolation: 0,interpolation_duration: 1}
$data merge entity $(bone_group4) {transformation: [1.1543f,-0.0985f,0.2905f,-0.9883f,0.2971f,0.7947f,-0.3715f,1.6625f,-0.2916f,0.4199f,0.7714f,1.0473f,0f,0f,0f,1f],start_interpolation: 0,interpolation_duration: 1}
$data merge entity $(bone_group2) {transformation: [1.1543f,-0.0985f,0.2905f,-0.9883f,0.2971f,0.7947f,-0.3715f,1.6625f,-0.2916f,0.4199f,0.7714f,1.0473f,0f,0f,0f,1f],start_interpolation: 0,interpolation_duration: 1}
$data merge entity $(bone_10) {transformation: [-0.776f,0.2203f,-0.591f,0.2133f,0f,0.937f,0.3492f,1.0677f,0.6307f,0.271f,-0.7272f,0.432f,0f,0f,0f,1f],start_interpolation: 0,interpolation_duration: 1}
$data merge entity $(bone_9) {transformation: [-0.776f,0.2142f,-0.5932f,0.2937f,0f,0.9406f,0.3396f,1.4215f,0.6307f,0.2635f,-0.7299f,0.5309f,0f,0f,0f,1f],start_interpolation: 0,interpolation_duration: 1}
$data merge entity $(bone_bone12) {transformation: [-0.7136f,0.9947f,-0.5778f,0.1048f,0.8754f,1.0942f,0.3567f,1.8713f,0.9871f,-0.2513f,-0.7341f,0.2984f,0f,0f,0f,1f],start_interpolation: 0,interpolation_duration: 1}
$data merge entity $(bone_bone1) {transformation: [0.9254f,0.4992f,0.3404f,-0.0584f,-0.2935f,-0.7601f,0.9218f,1.3985f,0.2396f,-2.8589f,-0.1856f,1.8999f,0f,0f,0f,1f],start_interpolation: 0,interpolation_duration: 1}
$data merge entity $(bone_2) {transformation: [0.9995f,-0.0262f,0.0151f,-0.0832f,-0.0148f,0.0102f,0.9998f,1.2825f,-0.0263f,-0.9996f,0.0098f,1.024f,0f,0f,0f,1f],start_interpolation: 0,interpolation_duration: 1}
$data merge entity $(bone_bone2) {transformation: [1.9171f,-0.5692f,0.014f,0.1684f,-0.0455f,-0.0551f,0.9994f,1.2808f,-0.5681f,-1.9165f,-0.0329f,1.0799f,0f,0f,0f,1f],start_interpolation: 0,interpolation_duration: 1}
$data merge entity $(bone_1) {transformation: [0.9995f,-0.0268f,0.014f,-0.0932f,-0.0148f,-0.0325f,0.9994f,1.2703f,-0.0263f,-0.9991f,-0.0329f,0.6494f,0f,0f,0f,1f],start_interpolation: 0,interpolation_duration: 1}
$data merge entity $(bone_4) {transformation: [-0.8199f,-0.5657f,0.088f,0.6653f,-0.3639f,0.3962f,-0.843f,1.1017f,0.4421f,-0.7232f,-0.5307f,0.2364f,0f,0f,0f,1f],start_interpolation: 0,interpolation_duration: 1}
$data merge entity $(bone_group5) {transformation: [-3.2795f,-1.1639f,-1.5073f,0.7018f,-1.4554f,2.4312f,-0.9535f,0.8851f,1.7682f,-0.1575f,-3.5804f,0.422f,0f,0f,0f,1f],start_interpolation: 0,interpolation_duration: 1}
$data merge entity $(bone_group7) {transformation: [-3.2795f,-1.1639f,-1.5073f,0.7018f,-1.4554f,2.4312f,-0.9535f,0.8851f,1.7682f,-0.1575f,-3.5804f,0.422f,0f,0f,0f,1f],start_interpolation: 0,interpolation_duration: 1}
$data merge entity $(bone_group6) {transformation: [-2.2582f,-2.6477f,-1.5073f,1.0621f,-2.476f,1.3777f,-0.9535f,0.9541f,1.6101f,0.7477f,-3.5804f,0.2519f,0f,0f,0f,1f],start_interpolation: 0,interpolation_duration: 1}
$data merge entity $(bone_group8) {transformation: [-2.2582f,-2.6477f,-1.5073f,1.0621f,-2.476f,1.3777f,-0.9535f,0.9541f,1.6101f,0.7477f,-3.5804f,0.2519f,0f,0f,0f,1f],start_interpolation: 0,interpolation_duration: 1}
$data merge entity $(bone_group9) {transformation: [-2.2582f,-2.6477f,-1.5073f,1.1166f,-2.476f,1.3777f,-0.9535f,0.8402f,1.6101f,0.7477f,-3.5804f,0.2593f,0f,0f,0f,1f],start_interpolation: 0,interpolation_duration: 1}
$data merge entity $(bone_group10) {transformation: [-2.2582f,-2.6477f,-1.5073f,1.1166f,-2.476f,1.3777f,-0.9535f,0.8402f,1.6101f,0.7477f,-3.5804f,0.2593f,0f,0f,0f,1f],start_interpolation: 0,interpolation_duration: 1}
$data merge entity $(bone_group11) {transformation: [-2.2582f,-2.6477f,-1.5073f,1.1712f,-2.476f,1.3777f,-0.9535f,0.7262f,1.6101f,0.7477f,-3.5804f,0.2667f,0f,0f,0f,1f],start_interpolation: 0,interpolation_duration: 1}
$data merge entity $(bone_group12) {transformation: [-2.2582f,-2.6477f,-1.5073f,1.1712f,-2.476f,1.3777f,-0.9535f,0.7262f,1.6101f,0.7477f,-3.5804f,0.2667f,0f,0f,0f,1f],start_interpolation: 0,interpolation_duration: 1}
$data merge entity $(bone_group13) {transformation: [-2.4649f,-1.9976f,-0.6029f,0.8936f,-1.9803f,1.9248f,-0.3814f,0.939f,1.5651f,0.3283f,-1.4321f,0.2745f,0f,0f,0f,1f],start_interpolation: 0,interpolation_duration: 1}
$data merge entity $(bone_group14) {transformation: [-2.4649f,-1.9976f,-0.6029f,0.8936f,-1.9803f,1.9248f,-0.3814f,0.939f,1.5651f,0.3283f,-1.4321f,0.2745f,0f,0f,0f,1f],start_interpolation: 0,interpolation_duration: 1}
$data merge entity $(bone_group15) {transformation: [-2.3755f,-2.1032f,-0.6029f,0.9557f,-2.0624f,1.8365f,-0.3814f,0.8708f,1.5493f,0.3963f,-1.4321f,0.2665f,0f,0f,0f,1f],start_interpolation: 0,interpolation_duration: 1}
$data merge entity $(bone_group16) {transformation: [-2.3755f,-2.1032f,-0.6029f,0.9557f,-2.0624f,1.8365f,-0.3814f,0.8708f,1.5493f,0.3963f,-1.4321f,0.2665f,0f,0f,0f,1f],start_interpolation: 0,interpolation_duration: 1}
$data merge entity $(bone_group17) {transformation: [-2.1831f,-2.3022f,-0.6029f,1.0708f,-2.2146f,1.6498f,-0.3814f,0.7981f,1.5089f,0.5298f,-1.4321f,0.2374f,0f,0f,0f,1f],start_interpolation: 0,interpolation_duration: 1}
$data merge entity $(bone_group18) {transformation: [-2.1831f,-2.3022f,-0.6029f,1.0708f,-2.2146f,1.6498f,-0.3814f,0.7981f,1.5089f,0.5298f,-1.4321f,0.2374f,0f,0f,0f,1f],start_interpolation: 0,interpolation_duration: 1}
$data merge entity $(bone_group19) {transformation: [-2.1831f,-2.3022f,-0.6029f,1.1253f,-2.2146f,1.6498f,-0.3814f,0.6841f,1.5089f,0.5298f,-1.4321f,0.2448f,0f,0f,0f,1f],start_interpolation: 0,interpolation_duration: 1}
$data merge entity $(bone_group20) {transformation: [-2.1831f,-2.3022f,-0.6029f,1.1253f,-2.2146f,1.6498f,-0.3814f,0.6841f,1.5089f,0.5298f,-1.4321f,0.2448f,0f,0f,0f,1f],start_interpolation: 0,interpolation_duration: 1}
$data merge entity $(bone_bone11) {transformation: [-0.8327f,-0.0663f,-0.3768f,0.5086f,0.0457f,1.4548f,-0.2384f,1.1367f,0.3384f,-0.3595f,-0.8951f,0.328f,0f,0f,0f,1f],start_interpolation: 0,interpolation_duration: 1}
$data merge entity $(bone_3) {transformation: [-0.8199f,-0.4311f,-0.3768f,0.5491f,-0.3639f,0.9004f,-0.2384f,1.3765f,0.4421f,-0.0583f,-0.8951f,0.247f,0f,0f,0f,1f],start_interpolation: 0,interpolation_duration: 1}
$data merge entity $(bone_8) {transformation: [-0.8462f,0.0994f,-0.5235f,0.0803f,0.1069f,0.9941f,0.0159f,0.3977f,0.522f,-0.0425f,-0.8519f,0.5511f,0f,0f,0f,1f],start_interpolation: 0,interpolation_duration: 1}
$data merge entity $(bone_7) {transformation: [-0.8462f,0.0017f,-0.5329f,0.0822f,0.1069f,0.9802f,-0.1667f,0.7656f,0.522f,-0.198f,-0.8296f,0.4787f,0f,0f,0f,1f],start_interpolation: 0,interpolation_duration: 1}