# This file was generated by Animated Java via MC-Build. It is not recommended to edit this file directly.
$data merge entity $(bone_layer) {transformation: [-0.9569f,-0.1768f,-0.2304f,0.2875f,-0.1388f,0.9753f,-0.1718f,1.4086f,0.255f,-0.1324f,-0.9578f,0.4676f,0f,0f,0f,1f],start_interpolation: 0,interpolation_duration: 1}
$data merge entity $(bone_head) {transformation: [-0.9569f,-0.1768f,-0.2304f,0.2875f,-0.1388f,0.9753f,-0.1718f,1.4086f,0.255f,-0.1324f,-0.9578f,0.4676f,0f,0f,0f,1f],start_interpolation: 0,interpolation_duration: 1}
$data merge entity $(bone_6) {transformation: [-0.6879f,-0.0991f,-0.719f,0.3613f,-0.1086f,0.9935f,-0.0331f,0.4009f,0.7176f,0.0553f,-0.6942f,0.3401f,0f,0f,0f,1f],start_interpolation: 0,interpolation_duration: 1}
$data merge entity $(bone_12) {transformation: [-0.6879f,-0.2225f,-0.6909f,0.2779f,-0.1086f,0.9727f,-0.2051f,0.7656f,0.7176f,-0.0661f,-0.6933f,0.3153f,0f,0f,0f,1f],start_interpolation: 0,interpolation_duration: 1}
$data merge entity $(bone_group3) {transformation: [1.1951f,-0.1087f,0.2895f,-0.9952f,0.3088f,0.8195f,-0.3845f,1.6597f,-0.2842f,0.4333f,0.7997f,1.0265f,0f,0f,0f,1f],start_interpolation: 0,interpolation_duration: 1}
$data merge entity $(bone_group1) {transformation: [1.1951f,-0.1087f,0.2895f,-0.9952f,0.3088f,0.8195f,-0.3845f,1.6597f,-0.2842f,0.4333f,0.7997f,1.0265f,0f,0f,0f,1f],start_interpolation: 0,interpolation_duration: 1}
$data merge entity $(bone_group4) {transformation: [1.1578f,-0.1053f,0.2804f,-0.9952f,0.2991f,0.7939f,-0.3724f,1.6597f,-0.2753f,0.4198f,0.7747f,1.0265f,0f,0f,0f,1f],start_interpolation: 0,interpolation_duration: 1}
$data merge entity $(bone_group2) {transformation: [1.1578f,-0.1053f,0.2804f,-0.9952f,0.2991f,0.7939f,-0.3724f,1.6597f,-0.2753f,0.4198f,0.7747f,1.0265f,0f,0f,0f,1f],start_interpolation: 0,interpolation_duration: 1}
$data merge entity $(bone_10) {transformation: [-0.7815f,0.2192f,-0.5842f,0.2146f,0f,0.9363f,0.3512f,1.0673f,0.6239f,0.2745f,-0.7317f,0.4264f,0f,0f,0f,1f],start_interpolation: 0,interpolation_duration: 1}
$data merge entity $(bone_9) {transformation: [-0.7815f,0.2151f,-0.5857f,0.2953f,0f,0.9387f,0.3447f,1.42f,0.6239f,0.2694f,-0.7336f,0.5275f,0f,0f,0f,1f],start_interpolation: 0,interpolation_duration: 1}
$data merge entity $(bone_bone12) {transformation: [-0.7238f,0.9908f,-0.5752f,0.1088f,0.8685f,1.1f,0.3564f,1.8691f,0.9859f,-0.2416f,-0.7363f,0.2938f,0f,0f,0f,1f],start_interpolation: 0,interpolation_duration: 1}
$data merge entity $(bone_bone1) {transformation: [0.9245f,0.4986f,0.3429f,-0.059f,-0.2964f,-0.7556f,0.9212f,1.3902f,0.2395f,-2.8602f,-0.1836f,1.8924f,0f,0f,0f,1f],start_interpolation: 0,interpolation_duration: 1}
$data merge entity $(bone_2) {transformation: [0.9995f,-0.0257f,0.0177f,-0.0837f,-0.0174f,0.0123f,0.9998f,1.276f,-0.0259f,-0.9996f,0.0118f,1.0163f,0f,0f,0f,1f],start_interpolation: 0,interpolation_duration: 1}
$data merge entity $(bone_bone2) {transformation: [1.9174f,-0.5678f,0.0171f,0.1678f,-0.0393f,-0.0124f,0.9998f,1.2723f,-0.5675f,-1.9177f,-0.0115f,1.0723f,0f,0f,0f,1f],start_interpolation: 0,interpolation_duration: 1}
$data merge entity $(bone_1) {transformation: [0.9995f,-0.0261f,0.0171f,-0.0935f,-0.0174f,-0.0111f,0.9998f,1.2718f,-0.0259f,-0.9996f,-0.0115f,0.6415f,0f,0f,0f,1f],start_interpolation: 0,interpolation_duration: 1}
$data merge entity $(bone_4) {transformation: [-0.8226f,-0.5613f,0.0911f,0.6689f,-0.3658f,0.3997f,-0.8405f,1.1008f,0.4354f,-0.7247f,-0.5341f,0.2351f,0f,0f,0f,1f],start_interpolation: 0,interpolation_duration: 1}
$data merge entity $(bone_group5) {transformation: [-3.2903f,-1.1625f,-1.4857f,0.7042f,-1.4631f,2.4321f,-0.9365f,0.8833f,1.7416f,-0.1532f,-3.5938f,0.4199f,0f,0f,0f,1f],start_interpolation: 0,interpolation_duration: 1}
$data merge entity $(bone_group7) {transformation: [-3.2903f,-1.1625f,-1.4857f,0.7042f,-1.4631f,2.4321f,-0.9365f,0.8833f,1.7416f,-0.1532f,-3.5938f,0.4199f,0f,0f,0f,1f],start_interpolation: 0,interpolation_duration: 1}
$data merge entity $(bone_group6) {transformation: [-2.2682f,-2.652f,-1.4857f,1.0655f,-2.4831f,1.3747f,-0.9365f,0.953f,1.5848f,0.7381f,-3.5938f,0.2523f,0f,0f,0f,1f],start_interpolation: 0,interpolation_duration: 1}
$data merge entity $(bone_group8) {transformation: [-2.2682f,-2.652f,-1.4857f,1.0655f,-2.4831f,1.3747f,-0.9365f,0.953f,1.5848f,0.7381f,-3.5938f,0.2523f,0f,0f,0f,1f],start_interpolation: 0,interpolation_duration: 1}
$data merge entity $(bone_group9) {transformation: [-2.2682f,-2.652f,-1.4857f,1.12f,-2.4831f,1.3747f,-0.9365f,0.839f,1.5848f,0.7381f,-3.5938f,0.2595f,0f,0f,0f,1f],start_interpolation: 0,interpolation_duration: 1}
$data merge entity $(bone_group10) {transformation: [-2.2682f,-2.652f,-1.4857f,1.12f,-2.4831f,1.3747f,-0.9365f,0.839f,1.5848f,0.7381f,-3.5938f,0.2595f,0f,0f,0f,1f],start_interpolation: 0,interpolation_duration: 1}
$data merge entity $(bone_group11) {transformation: [-2.2682f,-2.652f,-1.4857f,1.1745f,-2.4831f,1.3747f,-0.9365f,0.725f,1.5848f,0.7381f,-3.5938f,0.2667f,0f,0f,0f,1f],start_interpolation: 0,interpolation_duration: 1}
$data merge entity $(bone_group12) {transformation: [-2.2682f,-2.652f,-1.4857f,1.1745f,-2.4831f,1.3747f,-0.9365f,0.725f,1.5848f,0.7381f,-3.5938f,0.2667f,0f,0f,0f,1f],start_interpolation: 0,interpolation_duration: 1}
$data merge entity $(bone_group13) {transformation: [-2.4747f,-1.9992f,-0.5943f,0.8969f,-1.9872f,1.9235f,-0.3746f,0.9379f,1.5409f,0.3253f,-1.4375f,0.2738f,0f,0f,0f,1f],start_interpolation: 0,interpolation_duration: 1}
$data merge entity $(bone_group14) {transformation: [-2.4747f,-1.9992f,-0.5943f,0.8969f,-1.9872f,1.9235f,-0.3746f,0.9379f,1.5409f,0.3253f,-1.4375f,0.2738f,0f,0f,0f,1f],start_interpolation: 0,interpolation_duration: 1}
$data merge entity $(bone_group15) {transformation: [-2.3851f,-2.1053f,-0.5943f,0.959f,-2.0692f,1.835f,-0.3746f,0.8697f,1.5253f,0.3922f,-1.4375f,0.2659f,0f,0f,0f,1f],start_interpolation: 0,interpolation_duration: 1}
$data merge entity $(bone_group16) {transformation: [-2.3851f,-2.1053f,-0.5943f,0.959f,-2.0692f,1.835f,-0.3746f,0.8697f,1.5253f,0.3922f,-1.4375f,0.2659f,0f,0f,0f,1f],start_interpolation: 0,interpolation_duration: 1}
$data merge entity $(bone_group17) {transformation: [-2.1925f,-2.3051f,-0.5943f,1.0743f,-2.2213f,1.6477f,-0.3746f,0.7971f,1.4853f,0.5236f,-1.4375f,0.2372f,0f,0f,0f,1f],start_interpolation: 0,interpolation_duration: 1}
$data merge entity $(bone_group18) {transformation: [-2.1925f,-2.3051f,-0.5943f,1.0743f,-2.2213f,1.6477f,-0.3746f,0.7971f,1.4853f,0.5236f,-1.4375f,0.2372f,0f,0f,0f,1f],start_interpolation: 0,interpolation_duration: 1}
$data merge entity $(bone_group19) {transformation: [-2.1925f,-2.3051f,-0.5943f,1.1288f,-2.2213f,1.6477f,-0.3746f,0.6831f,1.4853f,0.5236f,-1.4375f,0.2443f,0f,0f,0f,1f],start_interpolation: 0,interpolation_duration: 1}
$data merge entity $(bone_group20) {transformation: [-2.1925f,-2.3051f,-0.5943f,1.1288f,-2.2213f,1.6477f,-0.3746f,0.6831f,1.4853f,0.5236f,-1.4375f,0.2443f,0f,0f,0f,1f],start_interpolation: 0,interpolation_duration: 1}
$data merge entity $(bone_bone11) {transformation: [-0.8347f,-0.0639f,-0.3714f,0.5116f,0.0443f,1.4564f,-0.2341f,1.1354f,0.3336f,-0.3531f,-0.8985f,0.3259f,0f,0f,0f,1f],start_interpolation: 0,interpolation_duration: 1}
$data merge entity $(bone_3) {transformation: [-0.8226f,-0.4306f,-0.3714f,0.5526f,-0.3658f,0.9008f,-0.2341f,1.3755f,0.4354f,-0.0567f,-0.8985f,0.2463f,0f,0f,0f,1f],start_interpolation: 0,interpolation_duration: 1}
$data merge entity $(bone_8) {transformation: [-0.8507f,0.1018f,-0.5157f,0.0818f,0.1069f,0.9941f,0.0198f,0.3982f,0.5146f,-0.0383f,-0.8566f,0.5464f,0f,0f,0f,1f],start_interpolation: 0,interpolation_duration: 1}
$data merge entity $(bone_7) {transformation: [-0.8507f,-0.0001f,-0.5256f,0.0825f,0.1069f,0.979f,-0.1733f,0.7656f,0.5146f,-0.2037f,-0.8329f,0.4713f,0f,0f,0f,1f],start_interpolation: 0,interpolation_duration: 1}