# This file was generated by Animated Java via MC-Build. It is not recommended to edit this file directly.
$data merge entity $(bone_layer) {transformation: [-0.9584f,-0.1725f,-0.2276f,0.2879f,-0.137f,0.977f,-0.1634f,1.4082f,0.2505f,-0.1254f,-0.9599f,0.4626f,0f,0f,0f,1f],start_interpolation: 0,interpolation_duration: 1}
$data merge entity $(bone_head) {transformation: [-0.9584f,-0.1725f,-0.2276f,0.2879f,-0.137f,0.977f,-0.1634f,1.4082f,0.2505f,-0.1254f,-0.9599f,0.4626f,0f,0f,0f,1f],start_interpolation: 0,interpolation_duration: 1}
$data merge entity $(bone_6) {transformation: [-0.6943f,-0.094f,-0.7135f,0.3606f,-0.1079f,0.9938f,-0.0259f,0.4003f,0.7116f,0.059f,-0.7001f,0.3341f,0f,0f,0f,1f],start_interpolation: 0,interpolation_duration: 1}
$data merge entity $(bone_12) {transformation: [-0.6943f,-0.2165f,-0.6864f,0.2794f,-0.1079f,0.9742f,-0.1981f,0.7656f,0.7116f,-0.0635f,-0.6998f,0.3103f,0f,0f,0f,1f],start_interpolation: 0,interpolation_duration: 1}
$data merge entity $(bone_group3) {transformation: [1.1981f,-0.1148f,0.2803f,-1.0011f,0.3105f,0.8187f,-0.3853f,1.6573f,-0.2694f,0.4331f,0.8026f,1.0082f,0f,0f,0f,1f],start_interpolation: 0,interpolation_duration: 1}
$data merge entity $(bone_group1) {transformation: [1.1981f,-0.1148f,0.2803f,-1.0011f,0.3105f,0.8187f,-0.3853f,1.6573f,-0.2694f,0.4331f,0.8026f,1.0082f,0f,0f,0f,1f],start_interpolation: 0,interpolation_duration: 1}
$data merge entity $(bone_group4) {transformation: [1.1607f,-0.1112f,0.2715f,-1.0011f,0.3008f,0.7932f,-0.3732f,1.6573f,-0.261f,0.4196f,0.7775f,1.0082f,0f,0f,0f,1f],start_interpolation: 0,interpolation_duration: 1}
$data merge entity $(bone_group2) {transformation: [1.1607f,-0.1112f,0.2715f,-1.0011f,0.3008f,0.7932f,-0.3732f,1.6573f,-0.261f,0.4196f,0.7775f,1.0082f,0f,0f,0f,1f],start_interpolation: 0,interpolation_duration: 1}
$data merge entity $(bone_10) {transformation: [-0.7862f,0.2181f,-0.5782f,0.2158f,0f,0.9356f,0.353f,1.0669f,0.6179f,0.2775f,-0.7356f,0.4215f,0f,0f,0f,1f],start_interpolation: 0,interpolation_duration: 1}
$data merge entity $(bone_9) {transformation: [-0.7862f,0.2157f,-0.5791f,0.2967f,0f,0.9371f,0.3491f,1.4188f,0.6179f,0.2745f,-0.7368f,0.5244f,0f,0f,0f,1f],start_interpolation: 0,interpolation_duration: 1}
$data merge entity $(bone_bone12) {transformation: [-0.7328f,0.9873f,-0.5728f,0.1122f,0.8624f,1.1049f,0.3561f,1.8673f,0.9845f,-0.2331f,-0.7383f,0.2897f,0f,0f,0f,1f],start_interpolation: 0,interpolation_duration: 1}
$data merge entity $(bone_bone1) {transformation: [0.9241f,0.4894f,0.3455f,-0.0559f,-0.3005f,-0.744f,0.921f,1.379f,0.2359f,-2.8648f,-0.1801f,1.8863f,0f,0f,0f,1f],start_interpolation: 0,interpolation_duration: 1}
$data merge entity $(bone_2) {transformation: [0.9994f,-0.028f,0.021f,-0.083f,-0.0205f,0.017f,0.9996f,1.2689f,-0.0283f,-0.9995f,0.0164f,1.0097f,0f,0f,0f,1f],start_interpolation: 0,interpolation_duration: 1}
$data merge entity $(bone_bone2) {transformation: [1.9161f,-0.5715f,0.0209f,0.1686f,-0.0331f,0.0351f,0.9997f,1.263f,-0.5721f,-1.9163f,0.0121f,1.0651f,0f,0f,0f,1f],start_interpolation: 0,interpolation_duration: 1}
$data merge entity $(bone_1) {transformation: [0.9994f,-0.0281f,0.0209f,-0.0935f,-0.0205f,0.0127f,0.9997f,1.2737f,-0.0283f,-0.9995f,0.0121f,0.6349f,0f,0f,0f,1f],start_interpolation: 0,interpolation_duration: 1}
$data merge entity $(bone_4) {transformation: [-0.8249f,-0.5574f,0.0939f,0.672f,-0.3674f,0.4026f,-0.8384f,1.1001f,0.4295f,-0.7261f,-0.537f,0.234f,0f,0f,0f,1f],start_interpolation: 0,interpolation_duration: 1}
$data merge entity $(bone_group5) {transformation: [-3.2998f,-1.1615f,-1.4666f,0.7063f,-1.4698f,2.4328f,-0.9218f,0.8819f,1.718f,-0.1495f,-3.6055f,0.4181f,0f,0f,0f,1f],start_interpolation: 0,interpolation_duration: 1}
$data merge entity $(bone_group7) {transformation: [-3.2998f,-1.1615f,-1.4666f,0.7063f,-1.4698f,2.4328f,-0.9218f,0.8819f,1.718f,-0.1495f,-3.6055f,0.4181f,0f,0f,0f,1f],start_interpolation: 0,interpolation_duration: 1}
$data merge entity $(bone_group6) {transformation: [-2.2769f,-2.6557f,-1.4666f,1.0685f,-2.4893f,1.372f,-0.9218f,0.9523f,1.5626f,0.7295f,-3.6055f,0.2528f,0f,0f,0f,1f],start_interpolation: 0,interpolation_duration: 1}
$data merge entity $(bone_group8) {transformation: [-2.2769f,-2.6557f,-1.4666f,1.0685f,-2.4893f,1.372f,-0.9218f,0.9523f,1.5626f,0.7295f,-3.6055f,0.2528f,0f,0f,0f,1f],start_interpolation: 0,interpolation_duration: 1}
$data merge entity $(bone_group9) {transformation: [-2.2769f,-2.6557f,-1.4666f,1.123f,-2.4893f,1.372f,-0.9218f,0.8382f,1.5626f,0.7295f,-3.6055f,0.2598f,0f,0f,0f,1f],start_interpolation: 0,interpolation_duration: 1}
$data merge entity $(bone_group10) {transformation: [-2.2769f,-2.6557f,-1.4666f,1.123f,-2.4893f,1.372f,-0.9218f,0.8382f,1.5626f,0.7295f,-3.6055f,0.2598f,0f,0f,0f,1f],start_interpolation: 0,interpolation_duration: 1}
$data merge entity $(bone_group11) {transformation: [-2.2769f,-2.6557f,-1.4666f,1.1774f,-2.4893f,1.372f,-0.9218f,0.7242f,1.5626f,0.7295f,-3.6055f,0.2668f,0f,0f,0f,1f],start_interpolation: 0,interpolation_duration: 1}
$data merge entity $(bone_group12) {transformation: [-2.2769f,-2.6557f,-1.4666f,1.1774f,-2.4893f,1.372f,-0.9218f,0.7242f,1.5626f,0.7295f,-3.6055f,0.2668f,0f,0f,0f,1f],start_interpolation: 0,interpolation_duration: 1}
$data merge entity $(bone_group13) {transformation: [-2.4831f,-2.0007f,-0.5866f,0.8998f,-1.9931f,1.9225f,-0.3687f,0.937f,1.5196f,0.3223f,-1.4422f,0.2733f,0f,0f,0f,1f],start_interpolation: 0,interpolation_duration: 1}
$data merge entity $(bone_group14) {transformation: [-2.4831f,-2.0007f,-0.5866f,0.8998f,-1.9931f,1.9225f,-0.3687f,0.937f,1.5196f,0.3223f,-1.4422f,0.2733f,0f,0f,0f,1f],start_interpolation: 0,interpolation_duration: 1}
$data merge entity $(bone_group15) {transformation: [-2.3934f,-2.1072f,-0.5866f,0.962f,-2.0751f,1.8337f,-0.3687f,0.8689f,1.5041f,0.3883f,-1.4422f,0.2655f,0f,0f,0f,1f],start_interpolation: 0,interpolation_duration: 1}
$data merge entity $(bone_group16) {transformation: [-2.3934f,-2.1072f,-0.5866f,0.962f,-2.0751f,1.8337f,-0.3687f,0.8689f,1.5041f,0.3883f,-1.4422f,0.2655f,0f,0f,0f,1f],start_interpolation: 0,interpolation_duration: 1}
$data merge entity $(bone_group17) {transformation: [-2.2007f,-2.3077f,-0.5866f,1.0774f,-2.227f,1.6459f,-0.3687f,0.7963f,1.4645f,0.5179f,-1.4422f,0.2371f,0f,0f,0f,1f],start_interpolation: 0,interpolation_duration: 1}
$data merge entity $(bone_group18) {transformation: [-2.2007f,-2.3077f,-0.5866f,1.0774f,-2.227f,1.6459f,-0.3687f,0.7963f,1.4645f,0.5179f,-1.4422f,0.2371f,0f,0f,0f,1f],start_interpolation: 0,interpolation_duration: 1}
$data merge entity $(bone_group19) {transformation: [-2.2007f,-2.3077f,-0.5866f,1.1318f,-2.227f,1.6459f,-0.3687f,0.6823f,1.4645f,0.5179f,-1.4422f,0.2441f,0f,0f,0f,1f],start_interpolation: 0,interpolation_duration: 1}
$data merge entity $(bone_group20) {transformation: [-2.2007f,-2.3077f,-0.5866f,1.1318f,-2.227f,1.6459f,-0.3687f,0.6823f,1.4645f,0.5179f,-1.4422f,0.2441f,0f,0f,0f,1f],start_interpolation: 0,interpolation_duration: 1}
$data merge entity $(bone_bone11) {transformation: [-0.8365f,-0.0619f,-0.3666f,0.5142f,0.043f,1.4579f,-0.2304f,1.1344f,0.3293f,-0.3476f,-0.9014f,0.3241f,0f,0f,0f,1f],start_interpolation: 0,interpolation_duration: 1}
$data merge entity $(bone_3) {transformation: [-0.8249f,-0.4302f,-0.3666f,0.5558f,-0.3674f,0.901f,-0.2304f,1.3748f,0.4295f,-0.0554f,-0.9014f,0.2458f,0f,0f,0f,1f],start_interpolation: 0,interpolation_duration: 1}
$data merge entity $(bone_8) {transformation: [-0.8546f,0.1038f,-0.5088f,0.083f,0.1069f,0.994f,0.0231f,0.3987f,0.5081f,-0.0346f,-0.8606f,0.5423f,0f,0f,0f,1f],start_interpolation: 0,interpolation_duration: 1}
$data merge entity $(bone_7) {transformation: [-0.8546f,-0.0016f,-0.5192f,0.0829f,0.1069f,0.978f,-0.1791f,0.7656f,0.5081f,-0.2086f,-0.8357f,0.4648f,0f,0f,0f,1f],start_interpolation: 0,interpolation_duration: 1}