# This file was generated by Animated Java via MC-Build. It is not recommended to edit this file directly.
$data merge entity $(bone_layer) {transformation: [-0.9591f,-0.1681f,-0.2279f,0.2881f,-0.135f,0.9789f,-0.1536f,1.4078f,0.2489f,-0.1165f,-0.9615f,0.4587f,0f,0f,0f,1f],start_interpolation: 0,interpolation_duration: 1}
$data merge entity $(bone_head) {transformation: [-0.9591f,-0.1681f,-0.2279f,0.2881f,-0.135f,0.9789f,-0.1536f,1.4078f,0.2489f,-0.1165f,-0.9615f,0.4587f,0f,0f,0f,1f],start_interpolation: 0,interpolation_duration: 1}
$data merge entity $(bone_6) {transformation: [-0.6994f,-0.09f,-0.7091f,0.36f,-0.1074f,0.994f,-0.0203f,0.3999f,0.7067f,0.062f,-0.7048f,0.3293f,0f,0f,0f,1f],start_interpolation: 0,interpolation_duration: 1}
$data merge entity $(bone_12) {transformation: [-0.6994f,-0.2118f,-0.6827f,0.2806f,-0.1074f,0.9754f,-0.1926f,0.7656f,0.7067f,-0.0614f,-0.7049f,0.3063f,0f,0f,0f,1f],start_interpolation: 0,interpolation_duration: 1}
$data merge entity $(bone_group3) {transformation: [1.2003f,-0.1196f,0.273f,-1.0057f,0.3118f,0.8182f,-0.3859f,1.6554f,-0.2576f,0.4329f,0.8048f,0.9936f,0f,0f,0f,1f],start_interpolation: 0,interpolation_duration: 1}
$data merge entity $(bone_group1) {transformation: [1.2003f,-0.1196f,0.273f,-1.0057f,0.3118f,0.8182f,-0.3859f,1.6554f,-0.2576f,0.4329f,0.8048f,0.9936f,0f,0f,0f,1f],start_interpolation: 0,interpolation_duration: 1}
$data merge entity $(bone_group4) {transformation: [1.1628f,-0.1159f,0.2645f,-1.0057f,0.3021f,0.7926f,-0.3739f,1.6554f,-0.2496f,0.4194f,0.7796f,0.9936f,0f,0f,0f,1f],start_interpolation: 0,interpolation_duration: 1}
$data merge entity $(bone_group2) {transformation: [1.1628f,-0.1159f,0.2645f,-1.0057f,0.3021f,0.7926f,-0.3739f,1.6554f,-0.2496f,0.4194f,0.7796f,0.9936f,0f,0f,0f,1f],start_interpolation: 0,interpolation_duration: 1}
$data merge entity $(bone_10) {transformation: [-0.79f,0.2173f,-0.5733f,0.2166f,0f,0.9351f,0.3544f,1.0666f,0.6131f,0.28f,-0.7387f,0.4175f,0f,0f,0f,1f],start_interpolation: 0,interpolation_duration: 1}
$data merge entity $(bone_9) {transformation: [-0.79f,0.2161f,-0.5738f,0.2977f,0f,0.9358f,0.3525f,1.4178f,0.6131f,0.2785f,-0.7393f,0.522f,0f,0f,0f,1f],start_interpolation: 0,interpolation_duration: 1}
$data merge entity $(bone_bone12) {transformation: [-0.74f,0.9846f,-0.5708f,0.1149f,0.8577f,1.1088f,0.3559f,1.8658f,0.9833f,-0.2263f,-0.74f,0.2865f,0f,0f,0f,1f],start_interpolation: 0,interpolation_duration: 1}
$data merge entity $(bone_bone1) {transformation: [0.9242f,0.4704f,0.3482f,-0.0482f,-0.306f,-0.7242f,0.9209f,1.3648f,0.2285f,-2.873f,-0.1751f,1.8818f,0f,0f,0f,1f],start_interpolation: 0,interpolation_duration: 1}
$data merge entity $(bone_2) {transformation: [0.9991f,-0.0335f,0.0251f,-0.0807f,-0.0243f,0.0247f,0.9994f,1.2615f,-0.0341f,-0.9991f,0.0238f,1.0046f,0f,0f,0f,1f],start_interpolation: 0,interpolation_duration: 1}
$data merge entity $(bone_bone2) {transformation: [1.913f,-0.5812f,0.0256f,0.1712f,-0.0271f,0.0867f,0.999f,1.253f,-0.5829f,-1.9117f,0.0375f,1.0585f,0f,0f,0f,1f],start_interpolation: 0,interpolation_duration: 1}
$data merge entity $(bone_1) {transformation: [0.9991f,-0.0332f,0.0256f,-0.0931f,-0.0243f,0.0384f,0.999f,1.2758f,-0.0341f,-0.9987f,0.0375f,0.6301f,0f,0f,0f,1f],start_interpolation: 0,interpolation_duration: 1}
$data merge entity $(bone_4) {transformation: [-0.8268f,-0.5542f,0.0961f,0.6746f,-0.3687f,0.405f,-0.8367f,1.0998f,0.4248f,-0.7272f,-0.5392f,0.2334f,0f,0f,0f,1f],start_interpolation: 0,interpolation_duration: 1}
$data merge entity $(bone_group5) {transformation: [-3.3072f,-1.1607f,-1.4511f,0.7081f,-1.475f,2.4334f,-0.9102f,0.881f,1.6991f,-0.1468f,-3.6147f,0.4169f,0f,0f,0f,1f],start_interpolation: 0,interpolation_duration: 1}
$data merge entity $(bone_group7) {transformation: [-3.3072f,-1.1607f,-1.4511f,0.7081f,-1.475f,2.4334f,-0.9102f,0.881f,1.6991f,-0.1468f,-3.6147f,0.4169f,0f,0f,0f,1f],start_interpolation: 0,interpolation_duration: 1}
$data merge entity $(bone_group6) {transformation: [-2.2838f,-2.6588f,-1.4511f,1.071f,-2.4941f,1.3699f,-0.9102f,0.9518f,1.5448f,0.7224f,-3.6147f,0.2534f,0f,0f,0f,1f],start_interpolation: 0,interpolation_duration: 1}
$data merge entity $(bone_group8) {transformation: [-2.2838f,-2.6588f,-1.4511f,1.071f,-2.4941f,1.3699f,-0.9102f,0.9518f,1.5448f,0.7224f,-3.6147f,0.2534f,0f,0f,0f,1f],start_interpolation: 0,interpolation_duration: 1}
$data merge entity $(bone_group9) {transformation: [-2.2838f,-2.6588f,-1.4511f,1.1254f,-2.4941f,1.3699f,-0.9102f,0.8378f,1.5448f,0.7224f,-3.6147f,0.2603f,0f,0f,0f,1f],start_interpolation: 0,interpolation_duration: 1}
$data merge entity $(bone_group10) {transformation: [-2.2838f,-2.6588f,-1.4511f,1.1254f,-2.4941f,1.3699f,-0.9102f,0.8378f,1.5448f,0.7224f,-3.6147f,0.2603f,0f,0f,0f,1f],start_interpolation: 0,interpolation_duration: 1}
$data merge entity $(bone_group11) {transformation: [-2.2838f,-2.6588f,-1.4511f,1.1798f,-2.4941f,1.3699f,-0.9102f,0.7237f,1.5448f,0.7224f,-3.6147f,0.2671f,0f,0f,0f,1f],start_interpolation: 0,interpolation_duration: 1}
$data merge entity $(bone_group12) {transformation: [-2.2838f,-2.6588f,-1.4511f,1.1798f,-2.4941f,1.3699f,-0.9102f,0.7237f,1.5448f,0.7224f,-3.6147f,0.2671f,0f,0f,0f,1f],start_interpolation: 0,interpolation_duration: 1}
$data merge entity $(bone_group13) {transformation: [-2.4897f,-2.002f,-0.5804f,0.9022f,-1.9978f,1.9216f,-0.3641f,0.9366f,1.5025f,0.3198f,-1.4459f,0.2731f,0f,0f,0f,1f],start_interpolation: 0,interpolation_duration: 1}
$data merge entity $(bone_group14) {transformation: [-2.4897f,-2.002f,-0.5804f,0.9022f,-1.9978f,1.9216f,-0.3641f,0.9366f,1.5025f,0.3198f,-1.4459f,0.2731f,0f,0f,0f,1f],start_interpolation: 0,interpolation_duration: 1}
$data merge entity $(bone_group15) {transformation: [-2.4f,-2.1087f,-0.5804f,0.9644f,-2.0797f,1.8326f,-0.3641f,0.8685f,1.4872f,0.3851f,-1.4459f,0.2653f,0f,0f,0f,1f],start_interpolation: 0,interpolation_duration: 1}
$data merge entity $(bone_group16) {transformation: [-2.4f,-2.1087f,-0.5804f,0.9644f,-2.0797f,1.8326f,-0.3641f,0.8685f,1.4872f,0.3851f,-1.4459f,0.2653f,0f,0f,0f,1f],start_interpolation: 0,interpolation_duration: 1}
$data merge entity $(bone_group17) {transformation: [-2.2071f,-2.3098f,-0.5804f,1.0799f,-2.2315f,1.6444f,-0.3641f,0.796f,1.4479f,0.5132f,-1.4459f,0.2372f,0f,0f,0f,1f],start_interpolation: 0,interpolation_duration: 1}
$data merge entity $(bone_group18) {transformation: [-2.2071f,-2.3098f,-0.5804f,1.0799f,-2.2315f,1.6444f,-0.3641f,0.796f,1.4479f,0.5132f,-1.4459f,0.2372f,0f,0f,0f,1f],start_interpolation: 0,interpolation_duration: 1}
$data merge entity $(bone_group19) {transformation: [-2.2071f,-2.3098f,-0.5804f,1.1343f,-2.2315f,1.6444f,-0.3641f,0.6819f,1.4479f,0.5132f,-1.4459f,0.2441f,0f,0f,0f,1f],start_interpolation: 0,interpolation_duration: 1}
$data merge entity $(bone_group20) {transformation: [-2.2071f,-2.3098f,-0.5804f,1.1343f,-2.2315f,1.6444f,-0.3641f,0.6819f,1.4479f,0.5132f,-1.4459f,0.2441f,0f,0f,0f,1f],start_interpolation: 0,interpolation_duration: 1}
$data merge entity $(bone_bone11) {transformation: [-0.8379f,-0.0603f,-0.3628f,0.5164f,0.042f,1.459f,-0.2276f,1.1338f,0.3258f,-0.3432f,-0.9037f,0.3229f,0f,0f,0f,1f],start_interpolation: 0,interpolation_duration: 1}
$data merge entity $(bone_3) {transformation: [-0.8268f,-0.4299f,-0.3628f,0.5583f,-0.3687f,0.9012f,-0.2276f,1.3744f,0.4248f,-0.0544f,-0.9037f,0.2455f,0f,0f,0f,1f],start_interpolation: 0,interpolation_duration: 1}
$data merge entity $(bone_8) {transformation: [-0.8577f,0.1053f,-0.5032f,0.0839f,0.1069f,0.9939f,0.0258f,0.3991f,0.5029f,-0.0317f,-0.8638f,0.5389f,0f,0f,0f,1f],start_interpolation: 0,interpolation_duration: 1}
$data merge entity $(bone_7) {transformation: [-0.8577f,-0.0028f,-0.5141f,0.0831f,0.1069f,0.9772f,-0.1836f,0.7656f,0.5029f,-0.2125f,-0.8378f,0.4596f,0f,0f,0f,1f],start_interpolation: 0,interpolation_duration: 1}