# This file was generated by Animated Java via MC-Build. It is not recommended to edit this file directly.
$data merge entity $(bone_layer) {transformation: [-0.9589f,-0.1635f,-0.2319f,0.2883f,-0.1329f,0.9809f,-0.1423f,1.4071f,0.2507f,-0.1056f,-0.9623f,0.4561f,0f,0f,0f,1f],start_interpolation: 0,interpolation_duration: 1}
$data merge entity $(bone_head) {transformation: [-0.9589f,-0.1635f,-0.2319f,0.2883f,-0.1329f,0.9809f,-0.1423f,1.4071f,0.2507f,-0.1056f,-0.9623f,0.4561f,0f,0f,0f,1f],start_interpolation: 0,interpolation_duration: 1}
$data merge entity $(bone_6) {transformation: [-0.7027f,-0.0874f,-0.7061f,0.3597f,-0.1071f,0.9941f,-0.0166f,0.3996f,0.7034f,0.0639f,-0.7079f,0.3261f,0f,0f,0f,1f],start_interpolation: 0,interpolation_duration: 1}
$data merge entity $(bone_12) {transformation: [-0.7027f,-0.2087f,-0.6802f,0.2814f,-0.1071f,0.9761f,-0.189f,0.7656f,0.7034f,-0.06f,-0.7083f,0.3037f,0f,0f,0f,1f],start_interpolation: 0,interpolation_duration: 1}
$data merge entity $(bone_group3) {transformation: [1.2018f,-0.1228f,0.2682f,-1.0086f,0.3127f,0.8178f,-0.3863f,1.6542f,-0.2499f,0.4328f,0.8062f,0.9839f,0f,0f,0f,1f],start_interpolation: 0,interpolation_duration: 1}
$data merge entity $(bone_group1) {transformation: [1.2018f,-0.1228f,0.2682f,-1.0086f,0.3127f,0.8178f,-0.3863f,1.6542f,-0.2499f,0.4328f,0.8062f,0.9839f,0f,0f,0f,1f],start_interpolation: 0,interpolation_duration: 1}
$data merge entity $(bone_group4) {transformation: [1.1642f,-0.119f,0.2598f,-1.0086f,0.3029f,0.7922f,-0.3743f,1.6542f,-0.2421f,0.4192f,0.781f,0.9839f,0f,0f,0f,1f],start_interpolation: 0,interpolation_duration: 1}
$data merge entity $(bone_group2) {transformation: [1.1642f,-0.119f,0.2598f,-1.0086f,0.3029f,0.7922f,-0.3743f,1.6542f,-0.2421f,0.4192f,0.781f,0.9839f,0f,0f,0f,1f],start_interpolation: 0,interpolation_duration: 1}
$data merge entity $(bone_10) {transformation: [-0.7925f,0.2167f,-0.5701f,0.2172f,0f,0.9348f,0.3553f,1.0664f,0.6099f,0.2815f,-0.7408f,0.4149f,0f,0f,0f,1f],start_interpolation: 0,interpolation_duration: 1}
$data merge entity $(bone_9) {transformation: [-0.7925f,0.2164f,-0.5702f,0.2984f,0f,0.9349f,0.3548f,1.4171f,0.6099f,0.2812f,-0.7409f,0.5204f,0f,0f,0f,1f],start_interpolation: 0,interpolation_duration: 1}
$data merge entity $(bone_bone12) {transformation: [-0.7447f,0.9827f,-0.5695f,0.1167f,0.8546f,1.1113f,0.3557f,1.8649f,0.9824f,-0.2218f,-0.7411f,0.2843f,0f,0f,0f,1f],start_interpolation: 0,interpolation_duration: 1}
$data merge entity $(bone_bone1) {transformation: [0.9248f,0.4399f,0.3511f,-0.0354f,-0.3129f,-0.6951f,0.9211f,1.3474f,0.2164f,-2.885f,-0.1684f,1.8794f,0f,0f,0f,1f],start_interpolation: 0,interpolation_duration: 1}
$data merge entity $(bone_2) {transformation: [0.9986f,-0.0427f,0.0302f,-0.0766f,-0.0287f,0.0357f,0.9989f,1.2538f,-0.0438f,-0.9984f,0.0344f,1.0015f,0f,0f,0f,1f],start_interpolation: 0,interpolation_duration: 1}
$data merge entity $(bone_bone2) {transformation: [1.9076f,-0.5977f,0.0315f,0.1757f,-0.0215f,0.1417f,0.9974f,1.2425f,-0.6006f,-1.9033f,0.0643f,1.0529f,0f,0f,0f,1f],start_interpolation: 0,interpolation_duration: 1}
$data merge entity $(bone_1) {transformation: [0.9986f,-0.0418f,0.0315f,-0.0923f,-0.0287f,0.0656f,0.9974f,1.2784f,-0.0438f,-0.997f,0.0643f,0.6276f,0f,0f,0f,1f],start_interpolation: 0,interpolation_duration: 1}
$data merge entity $(bone_4) {transformation: [-0.828f,-0.5521f,0.0976f,0.6765f,-0.3696f,0.4065f,-0.8355f,1.0998f,0.4216f,-0.7279f,-0.5407f,0.2331f,0f,0f,0f,1f],start_interpolation: 0,interpolation_duration: 1}
$data merge entity $(bone_group5) {transformation: [-3.3121f,-1.1602f,-1.4408f,0.7094f,-1.4784f,2.4337f,-0.9027f,0.8807f,1.6866f,-0.1451f,-3.6207f,0.4163f,0f,0f,0f,1f],start_interpolation: 0,interpolation_duration: 1}
$data merge entity $(bone_group7) {transformation: [-3.3121f,-1.1602f,-1.4408f,0.7094f,-1.4784f,2.4337f,-0.9027f,0.8807f,1.6866f,-0.1451f,-3.6207f,0.4163f,0f,0f,0f,1f],start_interpolation: 0,interpolation_duration: 1}
$data merge entity $(bone_group6) {transformation: [-2.2883f,-2.6608f,-1.4408f,1.0728f,-2.4972f,1.3685f,-0.9027f,0.9519f,1.5331f,0.7177f,-3.6207f,0.254f,0f,0f,0f,1f],start_interpolation: 0,interpolation_duration: 1}
$data merge entity $(bone_group8) {transformation: [-2.2883f,-2.6608f,-1.4408f,1.0728f,-2.4972f,1.3685f,-0.9027f,0.9519f,1.5331f,0.7177f,-3.6207f,0.254f,0f,0f,0f,1f],start_interpolation: 0,interpolation_duration: 1}
$data merge entity $(bone_group9) {transformation: [-2.2883f,-2.6608f,-1.4408f,1.1272f,-2.4972f,1.3685f,-0.9027f,0.8378f,1.5331f,0.7177f,-3.6207f,0.2608f,0f,0f,0f,1f],start_interpolation: 0,interpolation_duration: 1}
$data merge entity $(bone_group10) {transformation: [-2.2883f,-2.6608f,-1.4408f,1.1272f,-2.4972f,1.3685f,-0.9027f,0.8378f,1.5331f,0.7177f,-3.6207f,0.2608f,0f,0f,0f,1f],start_interpolation: 0,interpolation_duration: 1}
$data merge entity $(bone_group11) {transformation: [-2.2883f,-2.6608f,-1.4408f,1.1816f,-2.4972f,1.3685f,-0.9027f,0.7237f,1.5331f,0.7177f,-3.6207f,0.2676f,0f,0f,0f,1f],start_interpolation: 0,interpolation_duration: 1}
$data merge entity $(bone_group12) {transformation: [-2.2883f,-2.6608f,-1.4408f,1.1816f,-2.4972f,1.3685f,-0.9027f,0.7237f,1.5331f,0.7177f,-3.6207f,0.2676f,0f,0f,0f,1f],start_interpolation: 0,interpolation_duration: 1}
$data merge entity $(bone_group13) {transformation: [-2.494f,-2.0029f,-0.5763f,0.904f,-2.0008f,1.921f,-0.3611f,0.9365f,1.4913f,0.3181f,-1.4483f,0.2732f,0f,0f,0f,1f],start_interpolation: 0,interpolation_duration: 1}
$data merge entity $(bone_group14) {transformation: [-2.494f,-2.0029f,-0.5763f,0.904f,-2.0008f,1.921f,-0.3611f,0.9365f,1.4913f,0.3181f,-1.4483f,0.2732f,0f,0f,0f,1f],start_interpolation: 0,interpolation_duration: 1}
$data merge entity $(bone_group15) {transformation: [-2.4043f,-2.1097f,-0.5763f,0.9662f,-2.0827f,1.8319f,-0.3611f,0.8684f,1.476f,0.3828f,-1.4483f,0.2654f,0f,0f,0f,1f],start_interpolation: 0,interpolation_duration: 1}
$data merge entity $(bone_group16) {transformation: [-2.4043f,-2.1097f,-0.5763f,0.9662f,-2.0827f,1.8319f,-0.3611f,0.8684f,1.476f,0.3828f,-1.4483f,0.2654f,0f,0f,0f,1f],start_interpolation: 0,interpolation_duration: 1}
$data merge entity $(bone_group17) {transformation: [-2.2113f,-2.3113f,-0.5763f,1.0818f,-2.2344f,1.6434f,-0.3611f,0.796f,1.437f,0.51f,-1.4483f,0.2375f,0f,0f,0f,1f],start_interpolation: 0,interpolation_duration: 1}
$data merge entity $(bone_group18) {transformation: [-2.2113f,-2.3113f,-0.5763f,1.0818f,-2.2344f,1.6434f,-0.3611f,0.796f,1.437f,0.51f,-1.4483f,0.2375f,0f,0f,0f,1f],start_interpolation: 0,interpolation_duration: 1}
$data merge entity $(bone_group19) {transformation: [-2.2113f,-2.3113f,-0.5763f,1.1362f,-2.2344f,1.6434f,-0.3611f,0.6819f,1.437f,0.51f,-1.4483f,0.2443f,0f,0f,0f,1f],start_interpolation: 0,interpolation_duration: 1}
$data merge entity $(bone_group20) {transformation: [-2.2113f,-2.3113f,-0.5763f,1.1362f,-2.2344f,1.6434f,-0.3611f,0.6819f,1.437f,0.51f,-1.4483f,0.2443f,0f,0f,0f,1f],start_interpolation: 0,interpolation_duration: 1}
$data merge entity $(bone_bone11) {transformation: [-0.8388f,-0.0593f,-0.3602f,0.518f,0.0414f,1.4597f,-0.2257f,1.1336f,0.3235f,-0.3403f,-0.9052f,0.3223f,0f,0f,0f,1f],start_interpolation: 0,interpolation_duration: 1}
$data merge entity $(bone_3) {transformation: [-0.828f,-0.4297f,-0.3602f,0.5601f,-0.3696f,0.9014f,-0.2257f,1.3745f,0.4216f,-0.0537f,-0.9052f,0.2455f,0f,0f,0f,1f],start_interpolation: 0,interpolation_duration: 1}
$data merge entity $(bone_8) {transformation: [-0.8597f,0.1063f,-0.4995f,0.0845f,0.1069f,0.9939f,0.0275f,0.3994f,0.4994f,-0.0298f,-0.8659f,0.5367f,0f,0f,0f,1f],start_interpolation: 0,interpolation_duration: 1}
$data merge entity $(bone_7) {transformation: [-0.8597f,-0.0034f,-0.5107f,0.0833f,0.1069f,0.9766f,-0.1866f,0.7656f,0.4994f,-0.215f,-0.8393f,0.4561f,0f,0f,0f,1f],start_interpolation: 0,interpolation_duration: 1}