# This file was generated by Animated Java via MC-Build. It is not recommended to edit this file directly.
$data merge entity $(bone_layer) {transformation: [-0.9577f,-0.1588f,-0.2401f,0.2884f,-0.1305f,0.983f,-0.1294f,1.4063f,0.2566f,-0.0926f,-0.9621f,0.4551f,0f,0f,0f,1f],start_interpolation: 0,interpolation_duration: 1}
$data merge entity $(bone_head) {transformation: [-0.9577f,-0.1588f,-0.2401f,0.2884f,-0.1305f,0.983f,-0.1294f,1.4063f,0.2566f,-0.0926f,-0.9621f,0.4551f,0f,0f,0f,1f],start_interpolation: 0,interpolation_duration: 1}
$data merge entity $(bone_6) {transformation: [-0.7039f,-0.0865f,-0.705f,0.3596f,-0.1069f,0.9941f,-0.0153f,0.3995f,0.7022f,0.0647f,-0.709f,0.325f,0f,0f,0f,1f],start_interpolation: 0,interpolation_duration: 1}
$data merge entity $(bone_12) {transformation: [-0.7039f,-0.2076f,-0.6793f,0.2817f,-0.1069f,0.9764f,-0.1877f,0.7656f,0.7022f,-0.0595f,-0.7095f,0.3027f,0f,0f,0f,1f],start_interpolation: 0,interpolation_duration: 1}
$data merge entity $(bone_group3) {transformation: [1.2023f,-0.124f,0.2664f,-1.0097f,0.313f,0.8176f,-0.3865f,1.6538f,-0.2471f,0.4327f,0.8067f,0.9804f,0f,0f,0f,1f],start_interpolation: 0,interpolation_duration: 1}
$data merge entity $(bone_group1) {transformation: [1.2023f,-0.124f,0.2664f,-1.0097f,0.313f,0.8176f,-0.3865f,1.6538f,-0.2471f,0.4327f,0.8067f,0.9804f,0f,0f,0f,1f],start_interpolation: 0,interpolation_duration: 1}
$data merge entity $(bone_group4) {transformation: [1.1647f,-0.1201f,0.2581f,-1.0097f,0.3032f,0.7921f,-0.3744f,1.6538f,-0.2394f,0.4192f,0.7815f,0.9804f,0f,0f,0f,1f],start_interpolation: 0,interpolation_duration: 1}
$data merge entity $(bone_group2) {transformation: [1.1647f,-0.1201f,0.2581f,-1.0097f,0.3032f,0.7921f,-0.3744f,1.6538f,-0.2394f,0.4192f,0.7815f,0.9804f,0f,0f,0f,1f],start_interpolation: 0,interpolation_duration: 1}
$data merge entity $(bone_10) {transformation: [-0.7934f,0.2165f,-0.569f,0.2174f,0f,0.9346f,0.3556f,1.0664f,0.6088f,0.2821f,-0.7415f,0.414f,0f,0f,0f,1f],start_interpolation: 0,interpolation_duration: 1}
$data merge entity $(bone_9) {transformation: [-0.7934f,0.2165f,-0.569f,0.2986f,0f,0.9346f,0.3556f,1.4169f,0.6088f,0.2821f,-0.7415f,0.5198f,0f,0f,0f,1f],start_interpolation: 0,interpolation_duration: 1}
$data merge entity $(bone_bone12) {transformation: [-0.7464f,0.9821f,-0.569f,0.1173f,0.8535f,1.1122f,0.3556f,1.8645f,0.9821f,-0.2202f,-0.7415f,0.2835f,0f,0f,0f,1f],start_interpolation: 0,interpolation_duration: 1}
$data merge entity $(bone_bone1) {transformation: [0.9258f,0.3966f,0.3542f,-0.0169f,-0.3213f,-0.6555f,0.9214f,1.3265f,0.1992f,-2.9005f,-0.1598f,1.8794f,0f,0f,0f,1f],start_interpolation: 0,interpolation_duration: 1}
$data merge entity $(bone_2) {transformation: [0.9978f,-0.0561f,0.0367f,-0.0706f,-0.0338f,0.0505f,0.9981f,1.246f,-0.0578f,-0.9971f,0.0485f,1.0009f,0f,0f,0f,1f],start_interpolation: 0,interpolation_duration: 1}
$data merge entity $(bone_bone2) {transformation: [1.8993f,-0.6216f,0.0391f,0.1823f,-0.0167f,0.1992f,0.995f,1.2317f,-0.6263f,-1.8905f,0.092f,1.0485f,0f,0f,0f,1f],start_interpolation: 0,interpolation_duration: 1}
$data merge entity $(bone_1) {transformation: [0.9978f,-0.0544f,0.0391f,-0.091f,-0.0338f,0.094f,0.995f,1.2813f,-0.0578f,-0.9941f,0.092f,0.6281f,0f,0f,0f,1f],start_interpolation: 0,interpolation_duration: 1}
$data merge entity $(bone_4) {transformation: [-0.8285f,-0.5514f,0.0982f,0.6774f,-0.3699f,0.4071f,-0.8351f,1.1004f,0.4205f,-0.7282f,-0.5412f,0.2335f,0f,0f,0f,1f],start_interpolation: 0,interpolation_duration: 1}
$data merge entity $(bone_group5) {transformation: [-3.3138f,-1.16f,-1.437f,0.7102f,-1.4796f,2.4338f,-0.8999f,0.8811f,1.682f,-0.1445f,-3.6228f,0.4165f,0f,0f,0f,1f],start_interpolation: 0,interpolation_duration: 1}
$data merge entity $(bone_group7) {transformation: [-3.3138f,-1.16f,-1.437f,0.7102f,-1.4796f,2.4338f,-0.8999f,0.8811f,1.682f,-0.1445f,-3.6228f,0.4165f,0f,0f,0f,1f],start_interpolation: 0,interpolation_duration: 1}
$data merge entity $(bone_group6) {transformation: [-2.2899f,-2.6615f,-1.437f,1.0738f,-2.4983f,1.3679f,-0.8999f,0.9524f,1.5289f,0.7159f,-3.6228f,0.2546f,0f,0f,0f,1f],start_interpolation: 0,interpolation_duration: 1}
$data merge entity $(bone_group8) {transformation: [-2.2899f,-2.6615f,-1.437f,1.0738f,-2.4983f,1.3679f,-0.8999f,0.9524f,1.5289f,0.7159f,-3.6228f,0.2546f,0f,0f,0f,1f],start_interpolation: 0,interpolation_duration: 1}
$data merge entity $(bone_group9) {transformation: [-2.2899f,-2.6615f,-1.437f,1.1281f,-2.4983f,1.3679f,-0.8999f,0.8383f,1.5289f,0.7159f,-3.6228f,0.2614f,0f,0f,0f,1f],start_interpolation: 0,interpolation_duration: 1}
$data merge entity $(bone_group10) {transformation: [-2.2899f,-2.6615f,-1.437f,1.1281f,-2.4983f,1.3679f,-0.8999f,0.8383f,1.5289f,0.7159f,-3.6228f,0.2614f,0f,0f,0f,1f],start_interpolation: 0,interpolation_duration: 1}
$data merge entity $(bone_group11) {transformation: [-2.2899f,-2.6615f,-1.437f,1.1825f,-2.4983f,1.3679f,-0.8999f,0.7242f,1.5289f,0.7159f,-3.6228f,0.2681f,0f,0f,0f,1f],start_interpolation: 0,interpolation_duration: 1}
$data merge entity $(bone_group12) {transformation: [-2.2899f,-2.6615f,-1.437f,1.1825f,-2.4983f,1.3679f,-0.8999f,0.7242f,1.5289f,0.7159f,-3.6228f,0.2681f,0f,0f,0f,1f],start_interpolation: 0,interpolation_duration: 1}
$data merge entity $(bone_group13) {transformation: [-2.4956f,-2.0032f,-0.5748f,0.9049f,-2.0019f,1.9207f,-0.36f,0.937f,1.4872f,0.3174f,-1.4491f,0.2736f,0f,0f,0f,1f],start_interpolation: 0,interpolation_duration: 1}
$data merge entity $(bone_group14) {transformation: [-2.4956f,-2.0032f,-0.5748f,0.9049f,-2.0019f,1.9207f,-0.36f,0.937f,1.4872f,0.3174f,-1.4491f,0.2736f,0f,0f,0f,1f],start_interpolation: 0,interpolation_duration: 1}
$data merge entity $(bone_group15) {transformation: [-2.4058f,-2.1101f,-0.5748f,0.9671f,-2.0838f,1.8316f,-0.36f,0.8689f,1.4719f,0.382f,-1.4491f,0.2659f,0f,0f,0f,1f],start_interpolation: 0,interpolation_duration: 1}
$data merge entity $(bone_group16) {transformation: [-2.4058f,-2.1101f,-0.5748f,0.9671f,-2.0838f,1.8316f,-0.36f,0.8689f,1.4719f,0.382f,-1.4491f,0.2659f,0f,0f,0f,1f],start_interpolation: 0,interpolation_duration: 1}
$data merge entity $(bone_group17) {transformation: [-2.2128f,-2.3118f,-0.5748f,1.0827f,-2.2355f,1.643f,-0.36f,0.7965f,1.433f,0.5089f,-1.4491f,0.238f,0f,0f,0f,1f],start_interpolation: 0,interpolation_duration: 1}
$data merge entity $(bone_group18) {transformation: [-2.2128f,-2.3118f,-0.5748f,1.0827f,-2.2355f,1.643f,-0.36f,0.7965f,1.433f,0.5089f,-1.4491f,0.238f,0f,0f,0f,1f],start_interpolation: 0,interpolation_duration: 1}
$data merge entity $(bone_group19) {transformation: [-2.2128f,-2.3118f,-0.5748f,1.1371f,-2.2355f,1.643f,-0.36f,0.6824f,1.433f,0.5089f,-1.4491f,0.2448f,0f,0f,0f,1f],start_interpolation: 0,interpolation_duration: 1}
$data merge entity $(bone_group20) {transformation: [-2.2128f,-2.3118f,-0.5748f,1.1371f,-2.2355f,1.643f,-0.36f,0.6824f,1.433f,0.5089f,-1.4491f,0.2448f,0f,0f,0f,1f],start_interpolation: 0,interpolation_duration: 1}
$data merge entity $(bone_bone11) {transformation: [-0.8392f,-0.0589f,-0.3593f,0.5189f,0.0411f,1.4599f,-0.225f,1.1341f,0.3226f,-0.3393f,-0.9057f,0.3225f,0f,0f,0f,1f],start_interpolation: 0,interpolation_duration: 1}
$data merge entity $(bone_3) {transformation: [-0.8285f,-0.4296f,-0.3593f,0.5611f,-0.3699f,0.9014f,-0.225f,1.375f,0.4205f,-0.0535f,-0.9057f,0.2459f,0f,0f,0f,1f],start_interpolation: 0,interpolation_duration: 1}
$data merge entity $(bone_8) {transformation: [-0.8605f,0.1067f,-0.4982f,0.0848f,0.1069f,0.9939f,0.0281f,0.3995f,0.4981f,-0.0291f,-0.8666f,0.5359f,0f,0f,0f,1f],start_interpolation: 0,interpolation_duration: 1}
$data merge entity $(bone_7) {transformation: [-0.8605f,-0.0037f,-0.5095f,0.0834f,0.1069f,0.9764f,-0.1877f,0.7656f,0.4981f,-0.216f,-0.8398f,0.4549f,0f,0f,0f,1f],start_interpolation: 0,interpolation_duration: 1}