# This file was generated by Animated Java via MC-Build. It is not recommended to edit this file directly.
$data merge entity $(bone_layer) {transformation: [-0.9532f,-0.1467f,-0.2644f,0.2884f,-0.1248f,0.9873f,-0.0979f,1.4041f,0.2754f,-0.0603f,-0.9594f,0.4551f,0f,0f,0f,1f],start_interpolation: 0,interpolation_duration: 1}
$data merge entity $(bone_head) {transformation: [-0.9532f,-0.1467f,-0.2644f,0.2884f,-0.1248f,0.9873f,-0.0979f,1.4041f,0.2754f,-0.0603f,-0.9594f,0.4551f,0f,0f,0f,1f],start_interpolation: 0,interpolation_duration: 1}
$data merge entity $(bone_6) {transformation: [-0.7039f,-0.0865f,-0.705f,0.3596f,-0.1069f,0.9941f,-0.0153f,0.3995f,0.7022f,0.0646f,-0.709f,0.325f,0f,0f,0f,1f],start_interpolation: 0,interpolation_duration: 1}
$data merge entity $(bone_12) {transformation: [-0.7039f,-0.2076f,-0.6793f,0.2817f,-0.1069f,0.9764f,-0.1877f,0.7656f,0.7022f,-0.0595f,-0.7095f,0.3027f,0f,0f,0f,1f],start_interpolation: 0,interpolation_duration: 1}
$data merge entity $(bone_group3) {transformation: [1.2023f,-0.124f,0.2664f,-1.0097f,0.313f,0.8176f,-0.3865f,1.6538f,-0.2471f,0.4327f,0.8067f,0.9804f,0f,0f,0f,1f],start_interpolation: 0,interpolation_duration: 1}
$data merge entity $(bone_group1) {transformation: [1.2023f,-0.124f,0.2664f,-1.0097f,0.313f,0.8176f,-0.3865f,1.6538f,-0.2471f,0.4327f,0.8067f,0.9804f,0f,0f,0f,1f],start_interpolation: 0,interpolation_duration: 1}
$data merge entity $(bone_group4) {transformation: [1.1647f,-0.1201f,0.2581f,-1.0097f,0.3032f,0.7921f,-0.3744f,1.6538f,-0.2394f,0.4192f,0.7815f,0.9804f,0f,0f,0f,1f],start_interpolation: 0,interpolation_duration: 1}
$data merge entity $(bone_group2) {transformation: [1.1647f,-0.1201f,0.2581f,-1.0097f,0.3032f,0.7921f,-0.3744f,1.6538f,-0.2394f,0.4192f,0.7815f,0.9804f,0f,0f,0f,1f],start_interpolation: 0,interpolation_duration: 1}
$data merge entity $(bone_bone1) {transformation: [0.9269f,0.2811f,0.3634f,0.0318f,-0.3427f,-0.5492f,0.9214f,1.2738f,0.1529f,-2.9359f,-0.1376f,1.88f,0f,0f,0f,1f],start_interpolation: 0,interpolation_duration: 1}
$data merge entity $(bone_2) {transformation: [0.9943f,-0.091f,0.0548f,-0.0547f,-0.0467f,0.0897f,0.9949f,1.228f,-0.0955f,-0.9918f,0.085f,1.0015f,0f,0f,0f,1f],start_interpolation: 0,interpolation_duration: 1}
$data merge entity $(bone_bone2) {transformation: [1.8759f,-0.6826f,0.0612f,0.1993f,-0.007f,0.3345f,0.9859f,1.2063f,-0.6934f,-1.8499f,0.1557f,1.0391f,0f,0f,0f,1f],start_interpolation: 0,interpolation_duration: 1}
$data merge entity $(bone_1) {transformation: [0.9943f,-0.0869f,0.0612f,-0.0873f,-0.0467f,0.1606f,0.9859f,1.2883f,-0.0955f,-0.9832f,0.1557f,0.6328f,0f,0f,0f,1f],start_interpolation: 0,interpolation_duration: 1}
$data merge entity $(bone_4) {transformation: [-0.8285f,-0.5514f,0.0982f,0.6786f,-0.3699f,0.4071f,-0.8351f,1.1024f,0.4205f,-0.7282f,-0.5412f,0.235f,0f,0f,0f,1f],start_interpolation: 0,interpolation_duration: 1}
$data merge entity $(bone_group5) {transformation: [-3.3138f,-1.16f,-1.437f,0.7114f,-1.4796f,2.4338f,-0.8999f,0.8831f,1.682f,-0.1445f,-3.6228f,0.4181f,0f,0f,0f,1f],start_interpolation: 0,interpolation_duration: 1}
$data merge entity $(bone_group7) {transformation: [-3.3138f,-1.16f,-1.437f,0.7114f,-1.4796f,2.4338f,-0.8999f,0.8831f,1.682f,-0.1445f,-3.6228f,0.4181f,0f,0f,0f,1f],start_interpolation: 0,interpolation_duration: 1}
$data merge entity $(bone_group6) {transformation: [-2.2899f,-2.6615f,-1.437f,1.075f,-2.4983f,1.3679f,-0.8999f,0.9544f,1.5289f,0.7159f,-3.6228f,0.2562f,0f,0f,0f,1f],start_interpolation: 0,interpolation_duration: 1}
$data merge entity $(bone_group8) {transformation: [-2.2899f,-2.6615f,-1.437f,1.075f,-2.4983f,1.3679f,-0.8999f,0.9544f,1.5289f,0.7159f,-3.6228f,0.2562f,0f,0f,0f,1f],start_interpolation: 0,interpolation_duration: 1}
$data merge entity $(bone_group9) {transformation: [-2.2899f,-2.6615f,-1.437f,1.1294f,-2.4983f,1.3679f,-0.8999f,0.8403f,1.5289f,0.7159f,-3.6228f,0.263f,0f,0f,0f,1f],start_interpolation: 0,interpolation_duration: 1}
$data merge entity $(bone_group10) {transformation: [-2.2899f,-2.6615f,-1.437f,1.1294f,-2.4983f,1.3679f,-0.8999f,0.8403f,1.5289f,0.7159f,-3.6228f,0.263f,0f,0f,0f,1f],start_interpolation: 0,interpolation_duration: 1}
$data merge entity $(bone_group11) {transformation: [-2.2899f,-2.6615f,-1.437f,1.1837f,-2.4983f,1.3679f,-0.8999f,0.7262f,1.5289f,0.7159f,-3.6228f,0.2697f,0f,0f,0f,1f],start_interpolation: 0,interpolation_duration: 1}
$data merge entity $(bone_group12) {transformation: [-2.2899f,-2.6615f,-1.437f,1.1837f,-2.4983f,1.3679f,-0.8999f,0.7262f,1.5289f,0.7159f,-3.6228f,0.2697f,0f,0f,0f,1f],start_interpolation: 0,interpolation_duration: 1}
$data merge entity $(bone_group13) {transformation: [-2.4956f,-2.0032f,-0.5748f,0.9061f,-2.0019f,1.9207f,-0.36f,0.939f,1.4872f,0.3175f,-1.4491f,0.2752f,0f,0f,0f,1f],start_interpolation: 0,interpolation_duration: 1}
$data merge entity $(bone_group14) {transformation: [-2.4956f,-2.0032f,-0.5748f,0.9061f,-2.0019f,1.9207f,-0.36f,0.939f,1.4872f,0.3175f,-1.4491f,0.2752f,0f,0f,0f,1f],start_interpolation: 0,interpolation_duration: 1}
$data merge entity $(bone_group15) {transformation: [-2.4058f,-2.1101f,-0.5748f,0.9683f,-2.0838f,1.8316f,-0.36f,0.8709f,1.4719f,0.382f,-1.4491f,0.2675f,0f,0f,0f,1f],start_interpolation: 0,interpolation_duration: 1}
$data merge entity $(bone_group16) {transformation: [-2.4058f,-2.1101f,-0.5748f,0.9683f,-2.0838f,1.8316f,-0.36f,0.8709f,1.4719f,0.382f,-1.4491f,0.2675f,0f,0f,0f,1f],start_interpolation: 0,interpolation_duration: 1}
$data merge entity $(bone_group17) {transformation: [-2.2128f,-2.3118f,-0.5748f,1.084f,-2.2355f,1.643f,-0.36f,0.7985f,1.433f,0.5089f,-1.4491f,0.2396f,0f,0f,0f,1f],start_interpolation: 0,interpolation_duration: 1}
$data merge entity $(bone_group18) {transformation: [-2.2128f,-2.3118f,-0.5748f,1.084f,-2.2355f,1.643f,-0.36f,0.7985f,1.433f,0.5089f,-1.4491f,0.2396f,0f,0f,0f,1f],start_interpolation: 0,interpolation_duration: 1}
$data merge entity $(bone_group19) {transformation: [-2.2128f,-2.3118f,-0.5748f,1.1383f,-2.2355f,1.643f,-0.36f,0.6845f,1.433f,0.5089f,-1.4491f,0.2464f,0f,0f,0f,1f],start_interpolation: 0,interpolation_duration: 1}
$data merge entity $(bone_group20) {transformation: [-2.2128f,-2.3118f,-0.5748f,1.1383f,-2.2355f,1.643f,-0.36f,0.6845f,1.433f,0.5089f,-1.4491f,0.2464f,0f,0f,0f,1f],start_interpolation: 0,interpolation_duration: 1}
$data merge entity $(bone_bone11) {transformation: [-0.8392f,-0.0589f,-0.3593f,0.5201f,0.0411f,1.4599f,-0.225f,1.1361f,0.3226f,-0.3393f,-0.9057f,0.324f,0f,0f,0f,1f],start_interpolation: 0,interpolation_duration: 1}
$data merge entity $(bone_3) {transformation: [-0.8285f,-0.4296f,-0.3593f,0.5623f,-0.3699f,0.9014f,-0.225f,1.377f,0.4205f,-0.0535f,-0.9057f,0.2475f,0f,0f,0f,1f],start_interpolation: 0,interpolation_duration: 1}
$data merge entity $(bone_8) {transformation: [-0.8605f,0.1067f,-0.4982f,0.0848f,0.1069f,0.9939f,0.0281f,0.3995f,0.4981f,-0.0291f,-0.8666f,0.5359f,0f,0f,0f,1f],start_interpolation: 0,interpolation_duration: 1}
$data merge entity $(bone_7) {transformation: [-0.8605f,-0.0037f,-0.5095f,0.0834f,0.1069f,0.9764f,-0.1877f,0.7656f,0.4981f,-0.216f,-0.8398f,0.4549f,0f,0f,0f,1f],start_interpolation: 0,interpolation_duration: 1}