# This file was generated by Animated Java via MC-Build. It is not recommended to edit this file directly.
$data merge entity $(bone_layer) {transformation: [-0.9464f,-0.1276f,-0.2967f,0.2884f,-0.1168f,0.9917f,-0.0539f,1.401f,0.3011f,-0.0163f,-0.9535f,0.4551f,0f,0f,0f,1f],start_interpolation: 0,interpolation_duration: 1}
$data merge entity $(bone_head) {transformation: [-0.9464f,-0.1276f,-0.2967f,0.2884f,-0.1168f,0.9917f,-0.0539f,1.401f,0.3011f,-0.0163f,-0.9535f,0.4551f,0f,0f,0f,1f],start_interpolation: 0,interpolation_duration: 1}
$data merge entity $(bone_6) {transformation: [-0.7039f,-0.0865f,-0.705f,0.3596f,-0.1069f,0.9941f,-0.0153f,0.3995f,0.7022f,0.0646f,-0.709f,0.325f,0f,0f,0f,1f],start_interpolation: 0,interpolation_duration: 1}
$data merge entity $(bone_12) {transformation: [-0.7039f,-0.2076f,-0.6793f,0.2817f,-0.1069f,0.9764f,-0.1877f,0.7656f,0.7022f,-0.0595f,-0.7095f,0.3027f,0f,0f,0f,1f],start_interpolation: 0,interpolation_duration: 1}
$data merge entity $(bone_group3) {transformation: [1.2023f,-0.124f,0.2664f,-1.0097f,0.313f,0.8176f,-0.3865f,1.6538f,-0.2471f,0.4327f,0.8067f,0.9804f,0f,0f,0f,1f],start_interpolation: 0,interpolation_duration: 1}
$data merge entity $(bone_group1) {transformation: [1.2023f,-0.124f,0.2664f,-1.0097f,0.313f,0.8176f,-0.3865f,1.6538f,-0.2471f,0.4327f,0.8067f,0.9804f,0f,0f,0f,1f],start_interpolation: 0,interpolation_duration: 1}
$data merge entity $(bone_group4) {transformation: [1.1647f,-0.1201f,0.2581f,-1.0097f,0.3032f,0.7921f,-0.3744f,1.6538f,-0.2394f,0.4192f,0.7815f,0.9804f,0f,0f,0f,1f],start_interpolation: 0,interpolation_duration: 1}
$data merge entity $(bone_group2) {transformation: [1.1647f,-0.1201f,0.2581f,-1.0097f,0.3032f,0.7921f,-0.3744f,1.6538f,-0.2394f,0.4192f,0.7815f,0.9804f,0f,0f,0f,1f],start_interpolation: 0,interpolation_duration: 1}
$data merge entity $(bone_bone1) {transformation: [0.9238f,0.1249f,0.3805f,0.0949f,-0.3724f,-0.3978f,0.9186f,1.2f,0.0887f,-2.9709f,-0.107f,1.8734f,0f,0f,0f,1f],start_interpolation: 0,interpolation_duration: 1}
$data merge entity $(bone_2) {transformation: [0.987f,-0.1363f,0.0851f,-0.035f,-0.0651f,0.1448f,0.9873f,1.2033f,-0.1469f,-0.98f,0.1341f,0.9992f,0f,0f,0f,1f],start_interpolation: 0,interpolation_duration: 1}
$data merge entity $(bone_bone2) {transformation: [1.8415f,-0.7546f,0.0995f,0.2196f,0.0048f,0.5211f,0.9655f,1.1712f,-0.7804f,-1.7774f,0.2408f,1.0224f,0f,0f,0f,1f],start_interpolation: 0,interpolation_duration: 1}
$data merge entity $(bone_1) {transformation: [0.987f,-0.1261f,0.0995f,-0.0823f,-0.0651f,0.2523f,0.9655f,1.2979f,-0.1469f,-0.9594f,0.2408f,0.6394f,0f,0f,0f,1f],start_interpolation: 0,interpolation_duration: 1}
$data merge entity $(bone_4) {transformation: [-0.8285f,-0.5514f,0.0982f,0.6803f,-0.3699f,0.4071f,-0.8351f,1.1051f,0.4205f,-0.7282f,-0.5412f,0.2372f,0f,0f,0f,1f],start_interpolation: 0,interpolation_duration: 1}
$data merge entity $(bone_group5) {transformation: [-3.3138f,-1.16f,-1.4371f,0.7131f,-1.4796f,2.4338f,-0.9f,0.8858f,1.682f,-0.1444f,-3.6228f,0.4203f,0f,0f,0f,1f],start_interpolation: 0,interpolation_duration: 1}
$data merge entity $(bone_group7) {transformation: [-3.3138f,-1.16f,-1.4371f,0.7131f,-1.4796f,2.4338f,-0.9f,0.8858f,1.682f,-0.1444f,-3.6228f,0.4203f,0f,0f,0f,1f],start_interpolation: 0,interpolation_duration: 1}
$data merge entity $(bone_group6) {transformation: [-2.2898f,-2.6615f,-1.4371f,1.0767f,-2.4983f,1.3679f,-0.9f,0.9571f,1.5289f,0.7159f,-3.6228f,0.2584f,0f,0f,0f,1f],start_interpolation: 0,interpolation_duration: 1}
$data merge entity $(bone_group8) {transformation: [-2.2898f,-2.6615f,-1.4371f,1.0767f,-2.4983f,1.3679f,-0.9f,0.9571f,1.5289f,0.7159f,-3.6228f,0.2584f,0f,0f,0f,1f],start_interpolation: 0,interpolation_duration: 1}
$data merge entity $(bone_group9) {transformation: [-2.2898f,-2.6615f,-1.4371f,1.131f,-2.4983f,1.3679f,-0.9f,0.843f,1.5289f,0.7159f,-3.6228f,0.2651f,0f,0f,0f,1f],start_interpolation: 0,interpolation_duration: 1}
$data merge entity $(bone_group10) {transformation: [-2.2898f,-2.6615f,-1.4371f,1.131f,-2.4983f,1.3679f,-0.9f,0.843f,1.5289f,0.7159f,-3.6228f,0.2651f,0f,0f,0f,1f],start_interpolation: 0,interpolation_duration: 1}
$data merge entity $(bone_group11) {transformation: [-2.2898f,-2.6615f,-1.4371f,1.1854f,-2.4983f,1.3679f,-0.9f,0.7289f,1.5289f,0.7159f,-3.6228f,0.2719f,0f,0f,0f,1f],start_interpolation: 0,interpolation_duration: 1}
$data merge entity $(bone_group12) {transformation: [-2.2898f,-2.6615f,-1.4371f,1.1854f,-2.4983f,1.3679f,-0.9f,0.7289f,1.5289f,0.7159f,-3.6228f,0.2719f,0f,0f,0f,1f],start_interpolation: 0,interpolation_duration: 1}
$data merge entity $(bone_group13) {transformation: [-2.4956f,-2.0032f,-0.5748f,0.9078f,-2.0019f,1.9207f,-0.36f,0.9418f,1.4872f,0.3175f,-1.4491f,0.2774f,0f,0f,0f,1f],start_interpolation: 0,interpolation_duration: 1}
$data merge entity $(bone_group14) {transformation: [-2.4956f,-2.0032f,-0.5748f,0.9078f,-2.0019f,1.9207f,-0.36f,0.9418f,1.4872f,0.3175f,-1.4491f,0.2774f,0f,0f,0f,1f],start_interpolation: 0,interpolation_duration: 1}
$data merge entity $(bone_group15) {transformation: [-2.4058f,-2.1101f,-0.5748f,0.97f,-2.0838f,1.8316f,-0.36f,0.8737f,1.4719f,0.382f,-1.4491f,0.2696f,0f,0f,0f,1f],start_interpolation: 0,interpolation_duration: 1}
$data merge entity $(bone_group16) {transformation: [-2.4058f,-2.1101f,-0.5748f,0.97f,-2.0838f,1.8316f,-0.36f,0.8737f,1.4719f,0.382f,-1.4491f,0.2696f,0f,0f,0f,1f],start_interpolation: 0,interpolation_duration: 1}
$data merge entity $(bone_group17) {transformation: [-2.2128f,-2.3118f,-0.5748f,1.0856f,-2.2355f,1.643f,-0.36f,0.8013f,1.433f,0.5089f,-1.4491f,0.2418f,0f,0f,0f,1f],start_interpolation: 0,interpolation_duration: 1}
$data merge entity $(bone_group18) {transformation: [-2.2128f,-2.3118f,-0.5748f,1.0856f,-2.2355f,1.643f,-0.36f,0.8013f,1.433f,0.5089f,-1.4491f,0.2418f,0f,0f,0f,1f],start_interpolation: 0,interpolation_duration: 1}
$data merge entity $(bone_group19) {transformation: [-2.2128f,-2.3118f,-0.5748f,1.14f,-2.2355f,1.643f,-0.36f,0.6872f,1.433f,0.5089f,-1.4491f,0.2485f,0f,0f,0f,1f],start_interpolation: 0,interpolation_duration: 1}
$data merge entity $(bone_group20) {transformation: [-2.2128f,-2.3118f,-0.5748f,1.14f,-2.2355f,1.643f,-0.36f,0.6872f,1.433f,0.5089f,-1.4491f,0.2485f,0f,0f,0f,1f],start_interpolation: 0,interpolation_duration: 1}
$data merge entity $(bone_bone11) {transformation: [-0.8392f,-0.0589f,-0.3593f,0.5218f,0.0411f,1.4599f,-0.225f,1.1389f,0.3227f,-0.3393f,-0.9057f,0.3262f,0f,0f,0f,1f],start_interpolation: 0,interpolation_duration: 1}
$data merge entity $(bone_3) {transformation: [-0.8285f,-0.4296f,-0.3593f,0.564f,-0.3699f,0.9014f,-0.225f,1.3798f,0.4205f,-0.0535f,-0.9057f,0.2497f,0f,0f,0f,1f],start_interpolation: 0,interpolation_duration: 1}
$data merge entity $(bone_8) {transformation: [-0.8605f,0.1067f,-0.4982f,0.0848f,0.1069f,0.9939f,0.0281f,0.3995f,0.4981f,-0.0291f,-0.8666f,0.5359f,0f,0f,0f,1f],start_interpolation: 0,interpolation_duration: 1}
$data merge entity $(bone_7) {transformation: [-0.8605f,-0.0037f,-0.5095f,0.0834f,0.1069f,0.9764f,-0.1877f,0.7656f,0.4981f,-0.216f,-0.8398f,0.4549f,0f,0f,0f,1f],start_interpolation: 0,interpolation_duration: 1}