# This file was generated by Animated Java via MC-Build. It is not recommended to edit this file directly.
$data merge entity $(bone_layer) {transformation: [-0.9373f,-0.1006f,-0.3336f,0.2884f,-0.1067f,0.9943f,0f,1.3974f,0.3317f,0.0356f,-0.9427f,0.4551f,0f,0f,0f,1f],start_interpolation: 0,interpolation_duration: 1}
$data merge entity $(bone_head) {transformation: [-0.9373f,-0.1006f,-0.3336f,0.2884f,-0.1067f,0.9943f,0f,1.3974f,0.3317f,0.0356f,-0.9427f,0.4551f,0f,0f,0f,1f],start_interpolation: 0,interpolation_duration: 1}
$data merge entity $(bone_6) {transformation: [-0.7039f,-0.0865f,-0.705f,0.3596f,-0.1069f,0.9941f,-0.0153f,0.3995f,0.7022f,0.0646f,-0.709f,0.325f,0f,0f,0f,1f],start_interpolation: 0,interpolation_duration: 1}
$data merge entity $(bone_12) {transformation: [-0.7039f,-0.2077f,-0.6793f,0.2817f,-0.1069f,0.9764f,-0.1877f,0.7656f,0.7022f,-0.0595f,-0.7095f,0.3027f,0f,0f,0f,1f],start_interpolation: 0,interpolation_duration: 1}
$data merge entity $(bone_group3) {transformation: [1.2023f,-0.124f,0.2664f,-1.0097f,0.313f,0.8176f,-0.3865f,1.6538f,-0.2471f,0.4327f,0.8067f,0.9804f,0f,0f,0f,1f],start_interpolation: 0,interpolation_duration: 1}
$data merge entity $(bone_group1) {transformation: [1.2023f,-0.124f,0.2664f,-1.0097f,0.313f,0.8176f,-0.3865f,1.6538f,-0.2471f,0.4327f,0.8067f,0.9804f,0f,0f,0f,1f],start_interpolation: 0,interpolation_duration: 1}
$data merge entity $(bone_group4) {transformation: [1.1647f,-0.1201f,0.2581f,-1.0097f,0.3032f,0.7921f,-0.3744f,1.6538f,-0.2394f,0.4192f,0.7815f,0.9804f,0f,0f,0f,1f],start_interpolation: 0,interpolation_duration: 1}
$data merge entity $(bone_group2) {transformation: [1.1647f,-0.1201f,0.2581f,-1.0097f,0.3032f,0.7921f,-0.3744f,1.6538f,-0.2394f,0.4192f,0.7815f,0.9804f,0f,0f,0f,1f],start_interpolation: 0,interpolation_duration: 1}
$data merge entity $(bone_bone1) {transformation: [0.9129f,-0.0563f,0.4077f,0.1633f,-0.408f,-0.2077f,0.9104f,1.1094f,0.0111f,-2.9923f,-0.0709f,1.8548f,0f,0f,0f,1f],start_interpolation: 0,interpolation_duration: 1}
$data merge entity $(bone_2) {transformation: [0.9742f,-0.1854f,0.129f,-0.0151f,-0.0883f,0.2127f,0.9731f,1.1739f,-0.2079f,-0.9594f,0.1908f,0.9915f,0f,0f,0f,1f],start_interpolation: 0,interpolation_duration: 1}
$data merge entity $(bone_bone2) {transformation: [1.7975f,-0.8194f,0.1562f,0.2386f,0.0165f,0.7441f,0.9282f,1.1292f,-0.8768f,-1.6658f,0.3378f,0.9969f,0f,0f,0f,1f],start_interpolation: 0,interpolation_duration: 1}
$data merge entity $(bone_1) {transformation: [0.9742f,-0.1631f,0.1562f,-0.0763f,-0.0883f,0.3615f,0.9282f,1.3095f,-0.2079f,-0.918f,0.3378f,0.6473f,0f,0f,0f,1f],start_interpolation: 0,interpolation_duration: 1}
$data merge entity $(bone_4) {transformation: [-0.8285f,-0.5514f,0.0982f,0.6823f,-0.3699f,0.4071f,-0.8351f,1.1084f,0.4205f,-0.7282f,-0.5412f,0.2399f,0f,0f,0f,1f],start_interpolation: 0,interpolation_duration: 1}
$data merge entity $(bone_group5) {transformation: [-3.3138f,-1.16f,-1.4371f,0.7151f,-1.4797f,2.4338f,-0.9f,0.8891f,1.6821f,-0.1444f,-3.6228f,0.4229f,0f,0f,0f,1f],start_interpolation: 0,interpolation_duration: 1}
$data merge entity $(bone_group7) {transformation: [-3.3138f,-1.16f,-1.4371f,0.7151f,-1.4797f,2.4338f,-0.9f,0.8891f,1.6821f,-0.1444f,-3.6228f,0.4229f,0f,0f,0f,1f],start_interpolation: 0,interpolation_duration: 1}
$data merge entity $(bone_group6) {transformation: [-2.2898f,-2.6615f,-1.4371f,1.0787f,-2.4983f,1.3679f,-0.9f,0.9604f,1.5289f,0.7159f,-3.6228f,0.261f,0f,0f,0f,1f],start_interpolation: 0,interpolation_duration: 1}
$data merge entity $(bone_group8) {transformation: [-2.2898f,-2.6615f,-1.4371f,1.0787f,-2.4983f,1.3679f,-0.9f,0.9604f,1.5289f,0.7159f,-3.6228f,0.261f,0f,0f,0f,1f],start_interpolation: 0,interpolation_duration: 1}
$data merge entity $(bone_group9) {transformation: [-2.2898f,-2.6615f,-1.4371f,1.1331f,-2.4983f,1.3679f,-0.9f,0.8463f,1.5289f,0.7159f,-3.6228f,0.2678f,0f,0f,0f,1f],start_interpolation: 0,interpolation_duration: 1}
$data merge entity $(bone_group10) {transformation: [-2.2898f,-2.6615f,-1.4371f,1.1331f,-2.4983f,1.3679f,-0.9f,0.8463f,1.5289f,0.7159f,-3.6228f,0.2678f,0f,0f,0f,1f],start_interpolation: 0,interpolation_duration: 1}
$data merge entity $(bone_group11) {transformation: [-2.2898f,-2.6615f,-1.4371f,1.1874f,-2.4983f,1.3679f,-0.9f,0.7323f,1.5289f,0.7159f,-3.6228f,0.2745f,0f,0f,0f,1f],start_interpolation: 0,interpolation_duration: 1}
$data merge entity $(bone_group12) {transformation: [-2.2898f,-2.6615f,-1.4371f,1.1874f,-2.4983f,1.3679f,-0.9f,0.7323f,1.5289f,0.7159f,-3.6228f,0.2745f,0f,0f,0f,1f],start_interpolation: 0,interpolation_duration: 1}
$data merge entity $(bone_group13) {transformation: [-2.4956f,-2.0032f,-0.5748f,0.9098f,-2.0019f,1.9207f,-0.36f,0.9451f,1.4872f,0.3175f,-1.4491f,0.28f,0f,0f,0f,1f],start_interpolation: 0,interpolation_duration: 1}
$data merge entity $(bone_group14) {transformation: [-2.4956f,-2.0032f,-0.5748f,0.9098f,-2.0019f,1.9207f,-0.36f,0.9451f,1.4872f,0.3175f,-1.4491f,0.28f,0f,0f,0f,1f],start_interpolation: 0,interpolation_duration: 1}
$data merge entity $(bone_group15) {transformation: [-2.4058f,-2.1101f,-0.5748f,0.972f,-2.0838f,1.8316f,-0.36f,0.877f,1.472f,0.382f,-1.4491f,0.2723f,0f,0f,0f,1f],start_interpolation: 0,interpolation_duration: 1}
$data merge entity $(bone_group16) {transformation: [-2.4058f,-2.1101f,-0.5748f,0.972f,-2.0838f,1.8316f,-0.36f,0.877f,1.472f,0.382f,-1.4491f,0.2723f,0f,0f,0f,1f],start_interpolation: 0,interpolation_duration: 1}
$data merge entity $(bone_group17) {transformation: [-2.2127f,-2.3118f,-0.5748f,1.0876f,-2.2355f,1.643f,-0.36f,0.8046f,1.4331f,0.5089f,-1.4491f,0.2444f,0f,0f,0f,1f],start_interpolation: 0,interpolation_duration: 1}
$data merge entity $(bone_group18) {transformation: [-2.2127f,-2.3118f,-0.5748f,1.0876f,-2.2355f,1.643f,-0.36f,0.8046f,1.4331f,0.5089f,-1.4491f,0.2444f,0f,0f,0f,1f],start_interpolation: 0,interpolation_duration: 1}
$data merge entity $(bone_group19) {transformation: [-2.2127f,-2.3118f,-0.5748f,1.142f,-2.2355f,1.643f,-0.36f,0.6905f,1.4331f,0.5089f,-1.4491f,0.2512f,0f,0f,0f,1f],start_interpolation: 0,interpolation_duration: 1}
$data merge entity $(bone_group20) {transformation: [-2.2127f,-2.3118f,-0.5748f,1.142f,-2.2355f,1.643f,-0.36f,0.6905f,1.4331f,0.5089f,-1.4491f,0.2512f,0f,0f,0f,1f],start_interpolation: 0,interpolation_duration: 1}
$data merge entity $(bone_bone11) {transformation: [-0.8392f,-0.0589f,-0.3593f,0.5238f,0.0411f,1.4599f,-0.225f,1.1422f,0.3227f,-0.3393f,-0.9057f,0.3289f,0f,0f,0f,1f],start_interpolation: 0,interpolation_duration: 1}
$data merge entity $(bone_3) {transformation: [-0.8285f,-0.4296f,-0.3593f,0.566f,-0.3699f,0.9014f,-0.225f,1.3831f,0.4205f,-0.0535f,-0.9057f,0.2523f,0f,0f,0f,1f],start_interpolation: 0,interpolation_duration: 1}
$data merge entity $(bone_8) {transformation: [-0.8605f,0.1067f,-0.4982f,0.0848f,0.1069f,0.9939f,0.0281f,0.3995f,0.4982f,-0.0291f,-0.8666f,0.5359f,0f,0f,0f,1f],start_interpolation: 0,interpolation_duration: 1}
$data merge entity $(bone_7) {transformation: [-0.8605f,-0.0037f,-0.5095f,0.0834f,0.1069f,0.9764f,-0.1877f,0.7656f,0.4982f,-0.216f,-0.8398f,0.4549f,0f,0f,0f,1f],start_interpolation: 0,interpolation_duration: 1}