# This file was generated by Animated Java via MC-Build. It is not recommended to edit this file directly.
$data merge entity $(bone_layer) {transformation: [-0.9128f,-0.0243f,-0.4077f,0.2884f,-0.0825f,0.9886f,0.1258f,1.3891f,0.4f,0.1485f,-0.9044f,0.4551f,0f,0f,0f,1f],start_interpolation: 0,interpolation_duration: 1}
$data merge entity $(bone_head) {transformation: [-0.9128f,-0.0243f,-0.4077f,0.2884f,-0.0825f,0.9886f,0.1258f,1.3891f,0.4f,0.1485f,-0.9044f,0.4551f,0f,0f,0f,1f],start_interpolation: 0,interpolation_duration: 1}
$data merge entity $(bone_6) {transformation: [-0.7039f,-0.0866f,-0.705f,0.3596f,-0.1069f,0.9941f,-0.0153f,0.3995f,0.7022f,0.0646f,-0.709f,0.325f,0f,0f,0f,1f],start_interpolation: 0,interpolation_duration: 1}
$data merge entity $(bone_12) {transformation: [-0.7039f,-0.2077f,-0.6793f,0.2817f,-0.1069f,0.9764f,-0.1877f,0.7656f,0.7022f,-0.0595f,-0.7095f,0.3027f,0f,0f,0f,1f],start_interpolation: 0,interpolation_duration: 1}
$data merge entity $(bone_group3) {transformation: [1.2022f,-0.124f,0.2664f,-1.0097f,0.313f,0.8176f,-0.3865f,1.6538f,-0.2471f,0.4327f,0.8067f,0.9804f,0f,0f,0f,1f],start_interpolation: 0,interpolation_duration: 1}
$data merge entity $(bone_group1) {transformation: [1.2022f,-0.124f,0.2664f,-1.0097f,0.313f,0.8176f,-0.3865f,1.6538f,-0.2471f,0.4327f,0.8067f,0.9804f,0f,0f,0f,1f],start_interpolation: 0,interpolation_duration: 1}
$data merge entity $(bone_group4) {transformation: [1.1647f,-0.1201f,0.2581f,-1.0097f,0.3032f,0.7921f,-0.3744f,1.6538f,-0.2394f,0.4191f,0.7815f,0.9804f,0f,0f,0f,1f],start_interpolation: 0,interpolation_duration: 1}
$data merge entity $(bone_group2) {transformation: [1.1647f,-0.1201f,0.2581f,-1.0097f,0.3032f,0.7921f,-0.3744f,1.6538f,-0.2394f,0.4191f,0.7815f,0.9804f,0f,0f,0f,1f],start_interpolation: 0,interpolation_duration: 1}
$data merge entity $(bone_bone1) {transformation: [0.8583f,-0.4209f,0.4936f,0.2785f,-0.4863f,0.2534f,0.8697f,0.9021f,-0.1637f,-2.9595f,0.0043f,1.773f,0f,0f,0f,1f],start_interpolation: 0,interpolation_duration: 1}
$data merge entity $(bone_2) {transformation: [0.9285f,-0.2698f,0.2551f,0.0105f,-0.1441f,0.3714f,0.9172f,1.1124f,-0.3422f,-0.8884f,0.3059f,0.9574f,0f,0f,0f,1f],start_interpolation: 0,interpolation_duration: 1}
$data merge entity $(bone_bone2) {transformation: [1.693f,-0.8565f,0.3163f,0.2548f,0.0302f,1.2262f,0.7899f,1.0391f,-1.0644f,-1.3277f,0.5255f,0.9205f,0f,0f,0f,1f],start_interpolation: 0,interpolation_duration: 1}
$data merge entity $(bone_1) {transformation: [0.9285f,-0.1946f,0.3163f,-0.0624f,-0.1441f,0.5961f,0.7899f,1.3359f,-0.3422f,-0.779f,0.5255f,0.6653f,0f,0f,0f,1f],start_interpolation: 0,interpolation_duration: 1}
$data merge entity $(bone_4) {transformation: [-0.8284f,-0.5514f,0.0982f,0.6869f,-0.3699f,0.407f,-0.8351f,1.116f,0.4205f,-0.7282f,-0.5412f,0.2459f,0f,0f,0f,1f],start_interpolation: 0,interpolation_duration: 1}
$data merge entity $(bone_group5) {transformation: [-3.3137f,-1.1601f,-1.4371f,0.7197f,-1.4797f,2.4338f,-0.9f,0.8967f,1.6821f,-0.1444f,-3.6228f,0.4289f,0f,0f,0f,1f],start_interpolation: 0,interpolation_duration: 1}
$data merge entity $(bone_group7) {transformation: [-3.3137f,-1.1601f,-1.4371f,0.7197f,-1.4797f,2.4338f,-0.9f,0.8967f,1.6821f,-0.1444f,-3.6228f,0.4289f,0f,0f,0f,1f],start_interpolation: 0,interpolation_duration: 1}
$data merge entity $(bone_group6) {transformation: [-2.2897f,-2.6615f,-1.4371f,1.0833f,-2.4984f,1.3679f,-0.9f,0.968f,1.529f,0.716f,-3.6228f,0.267f,0f,0f,0f,1f],start_interpolation: 0,interpolation_duration: 1}
$data merge entity $(bone_group8) {transformation: [-2.2897f,-2.6615f,-1.4371f,1.0833f,-2.4984f,1.3679f,-0.9f,0.968f,1.529f,0.716f,-3.6228f,0.267f,0f,0f,0f,1f],start_interpolation: 0,interpolation_duration: 1}
$data merge entity $(bone_group9) {transformation: [-2.2897f,-2.6615f,-1.4371f,1.1377f,-2.4984f,1.3679f,-0.9f,0.8539f,1.529f,0.716f,-3.6228f,0.2738f,0f,0f,0f,1f],start_interpolation: 0,interpolation_duration: 1}
$data merge entity $(bone_group10) {transformation: [-2.2897f,-2.6615f,-1.4371f,1.1377f,-2.4984f,1.3679f,-0.9f,0.8539f,1.529f,0.716f,-3.6228f,0.2738f,0f,0f,0f,1f],start_interpolation: 0,interpolation_duration: 1}
$data merge entity $(bone_group11) {transformation: [-2.2897f,-2.6615f,-1.4371f,1.1921f,-2.4984f,1.3679f,-0.9f,0.7398f,1.529f,0.716f,-3.6228f,0.2805f,0f,0f,0f,1f],start_interpolation: 0,interpolation_duration: 1}
$data merge entity $(bone_group12) {transformation: [-2.2897f,-2.6615f,-1.4371f,1.1921f,-2.4984f,1.3679f,-0.9f,0.7398f,1.529f,0.716f,-3.6228f,0.2805f,0f,0f,0f,1f],start_interpolation: 0,interpolation_duration: 1}
$data merge entity $(bone_group13) {transformation: [-2.4955f,-2.0032f,-0.5748f,0.9144f,-2.002f,1.9207f,-0.36f,0.9527f,1.4873f,0.3175f,-1.4491f,0.286f,0f,0f,0f,1f],start_interpolation: 0,interpolation_duration: 1}
$data merge entity $(bone_group14) {transformation: [-2.4955f,-2.0032f,-0.5748f,0.9144f,-2.002f,1.9207f,-0.36f,0.9527f,1.4873f,0.3175f,-1.4491f,0.286f,0f,0f,0f,1f],start_interpolation: 0,interpolation_duration: 1}
$data merge entity $(bone_group15) {transformation: [-2.4057f,-2.1102f,-0.5748f,0.9766f,-2.0838f,1.8315f,-0.36f,0.8846f,1.472f,0.3821f,-1.4491f,0.2783f,0f,0f,0f,1f],start_interpolation: 0,interpolation_duration: 1}
$data merge entity $(bone_group16) {transformation: [-2.4057f,-2.1102f,-0.5748f,0.9766f,-2.0838f,1.8315f,-0.36f,0.8846f,1.472f,0.3821f,-1.4491f,0.2783f,0f,0f,0f,1f],start_interpolation: 0,interpolation_duration: 1}
$data merge entity $(bone_group17) {transformation: [-2.2127f,-2.3118f,-0.5748f,1.0923f,-2.2355f,1.6429f,-0.36f,0.8122f,1.4331f,0.5089f,-1.4491f,0.2504f,0f,0f,0f,1f],start_interpolation: 0,interpolation_duration: 1}
$data merge entity $(bone_group18) {transformation: [-2.2127f,-2.3118f,-0.5748f,1.0923f,-2.2355f,1.6429f,-0.36f,0.8122f,1.4331f,0.5089f,-1.4491f,0.2504f,0f,0f,0f,1f],start_interpolation: 0,interpolation_duration: 1}
$data merge entity $(bone_group19) {transformation: [-2.2127f,-2.3118f,-0.5748f,1.1466f,-2.2355f,1.6429f,-0.36f,0.6981f,1.4331f,0.5089f,-1.4491f,0.2572f,0f,0f,0f,1f],start_interpolation: 0,interpolation_duration: 1}
$data merge entity $(bone_group20) {transformation: [-2.2127f,-2.3118f,-0.5748f,1.1466f,-2.2355f,1.6429f,-0.36f,0.6981f,1.4331f,0.5089f,-1.4491f,0.2572f,0f,0f,0f,1f],start_interpolation: 0,interpolation_duration: 1}
$data merge entity $(bone_bone11) {transformation: [-0.8392f,-0.0589f,-0.3593f,0.5284f,0.0411f,1.4599f,-0.225f,1.1497f,0.3227f,-0.3393f,-0.9057f,0.3349f,0f,0f,0f,1f],start_interpolation: 0,interpolation_duration: 1}
$data merge entity $(bone_3) {transformation: [-0.8284f,-0.4297f,-0.3593f,0.5706f,-0.3699f,0.9014f,-0.225f,1.3906f,0.4205f,-0.0535f,-0.9057f,0.2583f,0f,0f,0f,1f],start_interpolation: 0,interpolation_duration: 1}
$data merge entity $(bone_8) {transformation: [-0.8605f,0.1067f,-0.4982f,0.0848f,0.1069f,0.9939f,0.0281f,0.3995f,0.4982f,-0.0291f,-0.8666f,0.5359f,0f,0f,0f,1f],start_interpolation: 0,interpolation_duration: 1}
$data merge entity $(bone_7) {transformation: [-0.8605f,-0.0037f,-0.5095f,0.0834f,0.1069f,0.9764f,-0.1877f,0.7656f,0.4982f,-0.216f,-0.8397f,0.4549f,0f,0f,0f,1f],start_interpolation: 0,interpolation_duration: 1}