# This file was generated by Animated Java via MC-Build. It is not recommended to edit this file directly.
$data merge entity $(bone_layer) {transformation: [-0.8982f,0.022f,-0.4391f,0.2884f,-0.0695f,0.9791f,0.1913f,1.3848f,0.4341f,0.2023f,-0.8778f,0.4551f,0f,0f,0f,1f],start_interpolation: 0,interpolation_duration: 1}
$data merge entity $(bone_head) {transformation: [-0.8982f,0.022f,-0.4391f,0.2884f,-0.0695f,0.9791f,0.1913f,1.3848f,0.4341f,0.2023f,-0.8778f,0.4551f,0f,0f,0f,1f],start_interpolation: 0,interpolation_duration: 1}
$data merge entity $(bone_6) {transformation: [-0.7039f,-0.0866f,-0.705f,0.3596f,-0.1069f,0.9941f,-0.0153f,0.3995f,0.7022f,0.0646f,-0.709f,0.325f,0f,0f,0f,1f],start_interpolation: 0,interpolation_duration: 1}
$data merge entity $(bone_12) {transformation: [-0.7039f,-0.2077f,-0.6793f,0.2817f,-0.1069f,0.9764f,-0.1877f,0.7656f,0.7022f,-0.0595f,-0.7095f,0.3027f,0f,0f,0f,1f],start_interpolation: 0,interpolation_duration: 1}
$data merge entity $(bone_group3) {transformation: [1.2022f,-0.124f,0.2664f,-1.0097f,0.313f,0.8177f,-0.3865f,1.6538f,-0.2471f,0.4326f,0.8067f,0.9804f,0f,0f,0f,1f],start_interpolation: 0,interpolation_duration: 1}
$data merge entity $(bone_group1) {transformation: [1.2022f,-0.124f,0.2664f,-1.0097f,0.313f,0.8177f,-0.3865f,1.6538f,-0.2471f,0.4326f,0.8067f,0.9804f,0f,0f,0f,1f],start_interpolation: 0,interpolation_duration: 1}
$data merge entity $(bone_group4) {transformation: [1.1647f,-0.1201f,0.2581f,-1.0097f,0.3033f,0.7921f,-0.3744f,1.6538f,-0.2394f,0.4191f,0.7815f,0.9804f,0f,0f,0f,1f],start_interpolation: 0,interpolation_duration: 1}
$data merge entity $(bone_group2) {transformation: [1.1647f,-0.1201f,0.2581f,-1.0097f,0.3033f,0.7921f,-0.3744f,1.6538f,-0.2394f,0.4191f,0.7815f,0.9804f,0f,0f,0f,1f],start_interpolation: 0,interpolation_duration: 1}
$data merge entity $(bone_bone1) {transformation: [0.8147f,-0.5702f,0.5479f,0.3109f,-0.5232f,0.5002f,0.8357f,0.7995f,-0.2502f,-2.9025f,0.0364f,1.7137f,0f,0f,0f,1f],start_interpolation: 0,interpolation_duration: 1}
$data merge entity $(bone_2) {transformation: [0.8965f,-0.2951f,0.3304f,0.0113f,-0.1733f,0.4527f,0.8747f,1.0862f,-0.4077f,-0.8414f,0.3547f,0.9331f,0f,0f,0f,1f],start_interpolation: 0,interpolation_duration: 1}
$data merge entity $(bone_bone2) {transformation: [1.6399f,-0.8077f,0.4058f,0.2466f,0.0285f,1.4459f,0.6907f,0.999f,-1.1446f,-1.1211f,0.5985f,0.8743f,0f,0f,0f,1f],start_interpolation: 0,interpolation_duration: 1}
$data merge entity $(bone_1) {transformation: [0.8965f,-0.1779f,0.4058f,-0.0554f,-0.1733f,0.702f,0.6907f,1.3495f,-0.4077f,-0.6896f,0.5985f,0.6745f,0f,0f,0f,1f],start_interpolation: 0,interpolation_duration: 1}
$data merge entity $(bone_4) {transformation: [-0.8284f,-0.5514f,0.0982f,0.6893f,-0.3699f,0.407f,-0.8351f,1.1199f,0.4205f,-0.7282f,-0.5412f,0.2489f,0f,0f,0f,1f],start_interpolation: 0,interpolation_duration: 1}
$data merge entity $(bone_group5) {transformation: [-3.3137f,-1.1601f,-1.4371f,0.7221f,-1.4797f,2.4338f,-0.9f,0.9006f,1.6822f,-0.1444f,-3.6228f,0.432f,0f,0f,0f,1f],start_interpolation: 0,interpolation_duration: 1}
$data merge entity $(bone_group7) {transformation: [-3.3137f,-1.1601f,-1.4371f,0.7221f,-1.4797f,2.4338f,-0.9f,0.9006f,1.6822f,-0.1444f,-3.6228f,0.432f,0f,0f,0f,1f],start_interpolation: 0,interpolation_duration: 1}
$data merge entity $(bone_group6) {transformation: [-2.2897f,-2.6616f,-1.4371f,1.0857f,-2.4984f,1.3678f,-0.9f,0.9719f,1.529f,0.716f,-3.6228f,0.2701f,0f,0f,0f,1f],start_interpolation: 0,interpolation_duration: 1}
$data merge entity $(bone_group8) {transformation: [-2.2897f,-2.6616f,-1.4371f,1.0857f,-2.4984f,1.3678f,-0.9f,0.9719f,1.529f,0.716f,-3.6228f,0.2701f,0f,0f,0f,1f],start_interpolation: 0,interpolation_duration: 1}
$data merge entity $(bone_group9) {transformation: [-2.2897f,-2.6616f,-1.4371f,1.14f,-2.4984f,1.3678f,-0.9f,0.8578f,1.529f,0.716f,-3.6228f,0.2768f,0f,0f,0f,1f],start_interpolation: 0,interpolation_duration: 1}
$data merge entity $(bone_group10) {transformation: [-2.2897f,-2.6616f,-1.4371f,1.14f,-2.4984f,1.3678f,-0.9f,0.8578f,1.529f,0.716f,-3.6228f,0.2768f,0f,0f,0f,1f],start_interpolation: 0,interpolation_duration: 1}
$data merge entity $(bone_group11) {transformation: [-2.2897f,-2.6616f,-1.4371f,1.1944f,-2.4984f,1.3678f,-0.9f,0.7437f,1.529f,0.716f,-3.6228f,0.2836f,0f,0f,0f,1f],start_interpolation: 0,interpolation_duration: 1}
$data merge entity $(bone_group12) {transformation: [-2.2897f,-2.6616f,-1.4371f,1.1944f,-2.4984f,1.3678f,-0.9f,0.7437f,1.529f,0.716f,-3.6228f,0.2836f,0f,0f,0f,1f],start_interpolation: 0,interpolation_duration: 1}
$data merge entity $(bone_group13) {transformation: [-2.4955f,-2.0032f,-0.5749f,0.9168f,-2.002f,1.9207f,-0.36f,0.9565f,1.4873f,0.3175f,-1.4491f,0.2891f,0f,0f,0f,1f],start_interpolation: 0,interpolation_duration: 1}
$data merge entity $(bone_group14) {transformation: [-2.4955f,-2.0032f,-0.5749f,0.9168f,-2.002f,1.9207f,-0.36f,0.9565f,1.4873f,0.3175f,-1.4491f,0.2891f,0f,0f,0f,1f],start_interpolation: 0,interpolation_duration: 1}
$data merge entity $(bone_group15) {transformation: [-2.4057f,-2.1102f,-0.5749f,0.979f,-2.0838f,1.8315f,-0.36f,0.8885f,1.472f,0.3821f,-1.4491f,0.2813f,0f,0f,0f,1f],start_interpolation: 0,interpolation_duration: 1}
$data merge entity $(bone_group16) {transformation: [-2.4057f,-2.1102f,-0.5749f,0.979f,-2.0838f,1.8315f,-0.36f,0.8885f,1.472f,0.3821f,-1.4491f,0.2813f,0f,0f,0f,1f],start_interpolation: 0,interpolation_duration: 1}
$data merge entity $(bone_group17) {transformation: [-2.2126f,-2.3118f,-0.5749f,1.0946f,-2.2355f,1.6429f,-0.36f,0.8161f,1.4331f,0.5089f,-1.4491f,0.2535f,0f,0f,0f,1f],start_interpolation: 0,interpolation_duration: 1}
$data merge entity $(bone_group18) {transformation: [-2.2126f,-2.3118f,-0.5749f,1.0946f,-2.2355f,1.6429f,-0.36f,0.8161f,1.4331f,0.5089f,-1.4491f,0.2535f,0f,0f,0f,1f],start_interpolation: 0,interpolation_duration: 1}
$data merge entity $(bone_group19) {transformation: [-2.2126f,-2.3118f,-0.5749f,1.149f,-2.2355f,1.6429f,-0.36f,0.702f,1.4331f,0.5089f,-1.4491f,0.2602f,0f,0f,0f,1f],start_interpolation: 0,interpolation_duration: 1}
$data merge entity $(bone_group20) {transformation: [-2.2126f,-2.3118f,-0.5749f,1.149f,-2.2355f,1.6429f,-0.36f,0.702f,1.4331f,0.5089f,-1.4491f,0.2602f,0f,0f,0f,1f],start_interpolation: 0,interpolation_duration: 1}
$data merge entity $(bone_bone11) {transformation: [-0.8392f,-0.059f,-0.3593f,0.5308f,0.0411f,1.4599f,-0.225f,1.1536f,0.3227f,-0.3393f,-0.9057f,0.3379f,0f,0f,0f,1f],start_interpolation: 0,interpolation_duration: 1}
$data merge entity $(bone_3) {transformation: [-0.8284f,-0.4297f,-0.3593f,0.573f,-0.3699f,0.9014f,-0.225f,1.3945f,0.4205f,-0.0535f,-0.9057f,0.2614f,0f,0f,0f,1f],start_interpolation: 0,interpolation_duration: 1}
$data merge entity $(bone_8) {transformation: [-0.8605f,0.1067f,-0.4982f,0.0848f,0.1069f,0.9939f,0.0281f,0.3995f,0.4982f,-0.0291f,-0.8666f,0.5359f,0f,0f,0f,1f],start_interpolation: 0,interpolation_duration: 1}
$data merge entity $(bone_7) {transformation: [-0.8605f,-0.0037f,-0.5095f,0.0834f,0.1069f,0.9764f,-0.1877f,0.7656f,0.4982f,-0.216f,-0.8397f,0.4549f,0f,0f,0f,1f],start_interpolation: 0,interpolation_duration: 1}