# This file was generated by Animated Java via MC-Build. It is not recommended to edit this file directly.
$data merge entity $(bone_layer) {transformation: [-0.883f,0.0699f,-0.4641f,0.2884f,-0.0569f,0.9656f,0.2537f,1.3807f,0.4659f,0.2504f,-0.8487f,0.4551f,0f,0f,0f,1f],start_interpolation: 0,interpolation_duration: 1}
$data merge entity $(bone_head) {transformation: [-0.883f,0.0699f,-0.4641f,0.2884f,-0.0569f,0.9656f,0.2537f,1.3807f,0.4659f,0.2504f,-0.8487f,0.4551f,0f,0f,0f,1f],start_interpolation: 0,interpolation_duration: 1}
$data merge entity $(bone_6) {transformation: [-0.7039f,-0.0866f,-0.705f,0.3596f,-0.1069f,0.9941f,-0.0153f,0.3995f,0.7022f,0.0646f,-0.7091f,0.325f,0f,0f,0f,1f],start_interpolation: 0,interpolation_duration: 1}
$data merge entity $(bone_12) {transformation: [-0.7039f,-0.2077f,-0.6792f,0.2817f,-0.1069f,0.9764f,-0.1877f,0.7656f,0.7022f,-0.0595f,-0.7095f,0.3027f,0f,0f,0f,1f],start_interpolation: 0,interpolation_duration: 1}
$data merge entity $(bone_group3) {transformation: [1.2022f,-0.124f,0.2664f,-1.0097f,0.313f,0.8177f,-0.3865f,1.6538f,-0.2471f,0.4326f,0.8067f,0.9804f,0f,0f,0f,1f],start_interpolation: 0,interpolation_duration: 1}
$data merge entity $(bone_group1) {transformation: [1.2022f,-0.124f,0.2664f,-1.0097f,0.313f,0.8177f,-0.3865f,1.6538f,-0.2471f,0.4326f,0.8067f,0.9804f,0f,0f,0f,1f],start_interpolation: 0,interpolation_duration: 1}
$data merge entity $(bone_group4) {transformation: [1.1647f,-0.1201f,0.2581f,-1.0097f,0.3033f,0.7921f,-0.3744f,1.6538f,-0.2394f,0.4191f,0.7815f,0.9804f,0f,0f,0f,1f],start_interpolation: 0,interpolation_duration: 1}
$data merge entity $(bone_group2) {transformation: [1.1647f,-0.1201f,0.2581f,-1.0097f,0.3033f,0.7921f,-0.3744f,1.6538f,-0.2394f,0.4191f,0.7815f,0.9804f,0f,0f,0f,1f],start_interpolation: 0,interpolation_duration: 1}
$data merge entity $(bone_bone1) {transformation: [0.7638f,-0.6823f,0.6041f,0.3228f,-0.5551f,0.7382f,0.7945f,0.7069f,-0.3294f,-2.8266f,0.0617f,1.6492f,0f,0f,0f,1f],start_interpolation: 0,interpolation_duration: 1}
$data merge entity $(bone_2) {transformation: [0.8609f,-0.3065f,0.4062f,0.0039f,-0.201f,0.5286f,0.8248f,1.0663f,-0.4674f,-0.7916f,0.3934f,0.9073f,0f,0f,0f,1f],start_interpolation: 0,interpolation_duration: 1}
$data merge entity $(bone_bone2) {transformation: [1.5906f,-0.7163f,0.4891f,0.2279f,0.0204f,1.6293f,0.5799f,0.9667f,-1.2123f,-0.9123f,0.6515f,0.8278f,0f,0f,0f,1f],start_interpolation: 0,interpolation_duration: 1}
$data merge entity $(bone_1) {transformation: [0.8609f,-0.1401f,0.4891f,-0.0486f,-0.201f,0.7895f,0.5799f,1.3624f,-0.4674f,-0.5975f,0.6515f,0.6833f,0f,0f,0f,1f],start_interpolation: 0,interpolation_duration: 1}
$data merge entity $(bone_4) {transformation: [-0.8284f,-0.5514f,0.0982f,0.6916f,-0.3699f,0.407f,-0.8351f,1.1236f,0.4205f,-0.7282f,-0.5412f,0.2519f,0f,0f,0f,1f],start_interpolation: 0,interpolation_duration: 1}
$data merge entity $(bone_group5) {transformation: [-3.3137f,-1.1601f,-1.4372f,0.7244f,-1.4798f,2.4338f,-0.9001f,0.9043f,1.6822f,-0.1444f,-3.6228f,0.4349f,0f,0f,0f,1f],start_interpolation: 0,interpolation_duration: 1}
$data merge entity $(bone_group7) {transformation: [-3.3137f,-1.1601f,-1.4372f,0.7244f,-1.4798f,2.4338f,-0.9001f,0.9043f,1.6822f,-0.1444f,-3.6228f,0.4349f,0f,0f,0f,1f],start_interpolation: 0,interpolation_duration: 1}
$data merge entity $(bone_group6) {transformation: [-2.2897f,-2.6616f,-1.4372f,1.0879f,-2.4984f,1.3678f,-0.9001f,0.9756f,1.529f,0.716f,-3.6228f,0.273f,0f,0f,0f,1f],start_interpolation: 0,interpolation_duration: 1}
$data merge entity $(bone_group8) {transformation: [-2.2897f,-2.6616f,-1.4372f,1.0879f,-2.4984f,1.3678f,-0.9001f,0.9756f,1.529f,0.716f,-3.6228f,0.273f,0f,0f,0f,1f],start_interpolation: 0,interpolation_duration: 1}
$data merge entity $(bone_group9) {transformation: [-2.2897f,-2.6616f,-1.4372f,1.1423f,-2.4984f,1.3678f,-0.9001f,0.8615f,1.529f,0.716f,-3.6228f,0.2797f,0f,0f,0f,1f],start_interpolation: 0,interpolation_duration: 1}
$data merge entity $(bone_group10) {transformation: [-2.2897f,-2.6616f,-1.4372f,1.1423f,-2.4984f,1.3678f,-0.9001f,0.8615f,1.529f,0.716f,-3.6228f,0.2797f,0f,0f,0f,1f],start_interpolation: 0,interpolation_duration: 1}
$data merge entity $(bone_group11) {transformation: [-2.2897f,-2.6616f,-1.4372f,1.1967f,-2.4984f,1.3678f,-0.9001f,0.7474f,1.529f,0.716f,-3.6228f,0.2865f,0f,0f,0f,1f],start_interpolation: 0,interpolation_duration: 1}
$data merge entity $(bone_group12) {transformation: [-2.2897f,-2.6616f,-1.4372f,1.1967f,-2.4984f,1.3678f,-0.9001f,0.7474f,1.529f,0.716f,-3.6228f,0.2865f,0f,0f,0f,1f],start_interpolation: 0,interpolation_duration: 1}
$data merge entity $(bone_group13) {transformation: [-2.4954f,-2.0033f,-0.5749f,0.919f,-2.002f,1.9206f,-0.36f,0.9602f,1.4873f,0.3175f,-1.4491f,0.292f,0f,0f,0f,1f],start_interpolation: 0,interpolation_duration: 1}
$data merge entity $(bone_group14) {transformation: [-2.4954f,-2.0033f,-0.5749f,0.919f,-2.002f,1.9206f,-0.36f,0.9602f,1.4873f,0.3175f,-1.4491f,0.292f,0f,0f,0f,1f],start_interpolation: 0,interpolation_duration: 1}
$data merge entity $(bone_group15) {transformation: [-2.4057f,-2.1102f,-0.5749f,0.9813f,-2.0839f,1.8315f,-0.36f,0.8922f,1.4721f,0.3821f,-1.4491f,0.2843f,0f,0f,0f,1f],start_interpolation: 0,interpolation_duration: 1}
$data merge entity $(bone_group16) {transformation: [-2.4057f,-2.1102f,-0.5749f,0.9813f,-2.0839f,1.8315f,-0.36f,0.8922f,1.4721f,0.3821f,-1.4491f,0.2843f,0f,0f,0f,1f],start_interpolation: 0,interpolation_duration: 1}
$data merge entity $(bone_group17) {transformation: [-2.2126f,-2.3118f,-0.5749f,1.0969f,-2.2356f,1.6429f,-0.36f,0.8197f,1.4332f,0.5089f,-1.4491f,0.2564f,0f,0f,0f,1f],start_interpolation: 0,interpolation_duration: 1}
$data merge entity $(bone_group18) {transformation: [-2.2126f,-2.3118f,-0.5749f,1.0969f,-2.2356f,1.6429f,-0.36f,0.8197f,1.4332f,0.5089f,-1.4491f,0.2564f,0f,0f,0f,1f],start_interpolation: 0,interpolation_duration: 1}
$data merge entity $(bone_group19) {transformation: [-2.2126f,-2.3118f,-0.5749f,1.1513f,-2.2356f,1.6429f,-0.36f,0.7057f,1.4332f,0.5089f,-1.4491f,0.2631f,0f,0f,0f,1f],start_interpolation: 0,interpolation_duration: 1}
$data merge entity $(bone_group20) {transformation: [-2.2126f,-2.3118f,-0.5749f,1.1513f,-2.2356f,1.6429f,-0.36f,0.7057f,1.4332f,0.5089f,-1.4491f,0.2631f,0f,0f,0f,1f],start_interpolation: 0,interpolation_duration: 1}
$data merge entity $(bone_bone11) {transformation: [-0.8392f,-0.059f,-0.3593f,0.5331f,0.0411f,1.4599f,-0.225f,1.1573f,0.3227f,-0.3393f,-0.9057f,0.3409f,0f,0f,0f,1f],start_interpolation: 0,interpolation_duration: 1}
$data merge entity $(bone_3) {transformation: [-0.8284f,-0.4297f,-0.3593f,0.5752f,-0.3699f,0.9014f,-0.225f,1.3982f,0.4205f,-0.0535f,-0.9057f,0.2643f,0f,0f,0f,1f],start_interpolation: 0,interpolation_duration: 1}
$data merge entity $(bone_8) {transformation: [-0.8604f,0.1067f,-0.4983f,0.0848f,0.1069f,0.9939f,0.0281f,0.3995f,0.4982f,-0.0291f,-0.8666f,0.5359f,0f,0f,0f,1f],start_interpolation: 0,interpolation_duration: 1}
$data merge entity $(bone_7) {transformation: [-0.8604f,-0.0037f,-0.5095f,0.0834f,0.1069f,0.9764f,-0.1877f,0.7656f,0.4982f,-0.216f,-0.8397f,0.4549f,0f,0f,0f,1f],start_interpolation: 0,interpolation_duration: 1}