# This file was generated by Animated Java via MC-Build. It is not recommended to edit this file directly.
$data merge entity $(bone_layer) {transformation: [-0.8683f,0.1158f,-0.4822f,0.2884f,-0.0453f,0.9497f,0.3097f,1.3771f,0.4939f,0.2908f,-0.8195f,0.4551f,0f,0f,0f,1f],start_interpolation: 0,interpolation_duration: 1}
$data merge entity $(bone_head) {transformation: [-0.8683f,0.1158f,-0.4822f,0.2884f,-0.0453f,0.9497f,0.3097f,1.3771f,0.4939f,0.2908f,-0.8195f,0.4551f,0f,0f,0f,1f],start_interpolation: 0,interpolation_duration: 1}
$data merge entity $(bone_6) {transformation: [-0.7039f,-0.0866f,-0.705f,0.3596f,-0.1069f,0.9941f,-0.0153f,0.3995f,0.7022f,0.0646f,-0.7091f,0.325f,0f,0f,0f,1f],start_interpolation: 0,interpolation_duration: 1}
$data merge entity $(bone_12) {transformation: [-0.7039f,-0.2077f,-0.6792f,0.2817f,-0.1069f,0.9764f,-0.1877f,0.7656f,0.7022f,-0.0595f,-0.7095f,0.3027f,0f,0f,0f,1f],start_interpolation: 0,interpolation_duration: 1}
$data merge entity $(bone_group3) {transformation: [1.2022f,-0.124f,0.2664f,-1.0097f,0.313f,0.8177f,-0.3864f,1.6537f,-0.2471f,0.4326f,0.8067f,0.9804f,0f,0f,0f,1f],start_interpolation: 0,interpolation_duration: 1}
$data merge entity $(bone_group1) {transformation: [1.2022f,-0.124f,0.2664f,-1.0097f,0.313f,0.8177f,-0.3864f,1.6537f,-0.2471f,0.4326f,0.8067f,0.9804f,0f,0f,0f,1f],start_interpolation: 0,interpolation_duration: 1}
$data merge entity $(bone_group4) {transformation: [1.1647f,-0.1201f,0.2581f,-1.0097f,0.3033f,0.7921f,-0.3744f,1.6537f,-0.2394f,0.4191f,0.7815f,0.9804f,0f,0f,0f,1f],start_interpolation: 0,interpolation_duration: 1}
$data merge entity $(bone_group2) {transformation: [1.1647f,-0.1201f,0.2581f,-1.0097f,0.3033f,0.7921f,-0.3744f,1.6537f,-0.2394f,0.4191f,0.7815f,0.9804f,0f,0f,0f,1f],start_interpolation: 0,interpolation_duration: 1}
$data merge entity $(bone_bone1) {transformation: [0.7108f,-0.7553f,0.6568f,0.3174f,-0.5805f,0.952f,0.7499f,0.6299f,-0.3972f,-2.7429f,0.0794f,1.5866f,0f,0f,0f,1f],start_interpolation: 0,interpolation_duration: 1}
$data merge entity $(bone_2) {transformation: [0.8247f,-0.3055f,0.476f,-0.0094f,-0.2253f,0.5944f,0.772f,1.0535f,-0.5187f,-0.7439f,0.4214f,0.8831f,0f,0f,0f,1f],start_interpolation: 0,interpolation_duration: 1}
$data merge entity $(bone_bone2) {transformation: [1.5474f,-0.5977f,0.5586f,0.2023f,0.0071f,1.7675f,0.4679f,0.9438f,-1.267f,-0.7201f,0.6848f,0.7854f,0f,0f,0f,1f],start_interpolation: 0,interpolation_duration: 1}
$data merge entity $(bone_1) {transformation: [0.8247f,-0.0884f,0.5586f,-0.0426f,-0.2253f,0.8546f,0.4679f,1.374f,-0.5187f,-0.5118f,0.6848f,0.6911f,0f,0f,0f,1f],start_interpolation: 0,interpolation_duration: 1}
$data merge entity $(bone_4) {transformation: [-0.8284f,-0.5514f,0.0982f,0.6936f,-0.3699f,0.407f,-0.8351f,1.1269f,0.4206f,-0.7282f,-0.5412f,0.2545f,0f,0f,0f,1f],start_interpolation: 0,interpolation_duration: 1}
$data merge entity $(bone_group5) {transformation: [-3.3137f,-1.1602f,-1.4372f,0.7264f,-1.4798f,2.4338f,-0.9001f,0.9076f,1.6822f,-0.1444f,-3.6228f,0.4375f,0f,0f,0f,1f],start_interpolation: 0,interpolation_duration: 1}
$data merge entity $(bone_group7) {transformation: [-3.3137f,-1.1602f,-1.4372f,0.7264f,-1.4798f,2.4338f,-0.9001f,0.9076f,1.6822f,-0.1444f,-3.6228f,0.4375f,0f,0f,0f,1f],start_interpolation: 0,interpolation_duration: 1}
$data merge entity $(bone_group6) {transformation: [-2.2896f,-2.6616f,-1.4372f,1.0899f,-2.4984f,1.3678f,-0.9001f,0.9789f,1.5291f,0.716f,-3.6228f,0.2756f,0f,0f,0f,1f],start_interpolation: 0,interpolation_duration: 1}
$data merge entity $(bone_group8) {transformation: [-2.2896f,-2.6616f,-1.4372f,1.0899f,-2.4984f,1.3678f,-0.9001f,0.9789f,1.5291f,0.716f,-3.6228f,0.2756f,0f,0f,0f,1f],start_interpolation: 0,interpolation_duration: 1}
$data merge entity $(bone_group9) {transformation: [-2.2896f,-2.6616f,-1.4372f,1.1443f,-2.4984f,1.3678f,-0.9001f,0.8648f,1.5291f,0.716f,-3.6228f,0.2824f,0f,0f,0f,1f],start_interpolation: 0,interpolation_duration: 1}
$data merge entity $(bone_group10) {transformation: [-2.2896f,-2.6616f,-1.4372f,1.1443f,-2.4984f,1.3678f,-0.9001f,0.8648f,1.5291f,0.716f,-3.6228f,0.2824f,0f,0f,0f,1f],start_interpolation: 0,interpolation_duration: 1}
$data merge entity $(bone_group11) {transformation: [-2.2896f,-2.6616f,-1.4372f,1.1987f,-2.4984f,1.3678f,-0.9001f,0.7507f,1.5291f,0.716f,-3.6228f,0.2891f,0f,0f,0f,1f],start_interpolation: 0,interpolation_duration: 1}
$data merge entity $(bone_group12) {transformation: [-2.2896f,-2.6616f,-1.4372f,1.1987f,-2.4984f,1.3678f,-0.9001f,0.7507f,1.5291f,0.716f,-3.6228f,0.2891f,0f,0f,0f,1f],start_interpolation: 0,interpolation_duration: 1}
$data merge entity $(bone_group13) {transformation: [-2.4954f,-2.0033f,-0.5749f,0.921f,-2.002f,1.9206f,-0.36f,0.9636f,1.4874f,0.3175f,-1.4491f,0.2947f,0f,0f,0f,1f],start_interpolation: 0,interpolation_duration: 1}
$data merge entity $(bone_group14) {transformation: [-2.4954f,-2.0033f,-0.5749f,0.921f,-2.002f,1.9206f,-0.36f,0.9636f,1.4874f,0.3175f,-1.4491f,0.2947f,0f,0f,0f,1f],start_interpolation: 0,interpolation_duration: 1}
$data merge entity $(bone_group15) {transformation: [-2.4056f,-2.1102f,-0.5749f,0.9833f,-2.0839f,1.8315f,-0.36f,0.8955f,1.4721f,0.3821f,-1.4491f,0.2869f,0f,0f,0f,1f],start_interpolation: 0,interpolation_duration: 1}
$data merge entity $(bone_group16) {transformation: [-2.4056f,-2.1102f,-0.5749f,0.9833f,-2.0839f,1.8315f,-0.36f,0.8955f,1.4721f,0.3821f,-1.4491f,0.2869f,0f,0f,0f,1f],start_interpolation: 0,interpolation_duration: 1}
$data merge entity $(bone_group17) {transformation: [-2.2126f,-2.3118f,-0.5749f,1.0989f,-2.2356f,1.6429f,-0.36f,0.8231f,1.4332f,0.5089f,-1.4491f,0.259f,0f,0f,0f,1f],start_interpolation: 0,interpolation_duration: 1}
$data merge entity $(bone_group18) {transformation: [-2.2126f,-2.3118f,-0.5749f,1.0989f,-2.2356f,1.6429f,-0.36f,0.8231f,1.4332f,0.5089f,-1.4491f,0.259f,0f,0f,0f,1f],start_interpolation: 0,interpolation_duration: 1}
$data merge entity $(bone_group19) {transformation: [-2.2126f,-2.3118f,-0.5749f,1.1533f,-2.2356f,1.6429f,-0.36f,0.709f,1.4332f,0.5089f,-1.4491f,0.2658f,0f,0f,0f,1f],start_interpolation: 0,interpolation_duration: 1}
$data merge entity $(bone_group20) {transformation: [-2.2126f,-2.3118f,-0.5749f,1.1533f,-2.2356f,1.6429f,-0.36f,0.709f,1.4332f,0.5089f,-1.4491f,0.2658f,0f,0f,0f,1f],start_interpolation: 0,interpolation_duration: 1}
$data merge entity $(bone_bone11) {transformation: [-0.8392f,-0.059f,-0.3593f,0.5351f,0.0411f,1.4599f,-0.225f,1.1606f,0.3227f,-0.3393f,-0.9057f,0.3435f,0f,0f,0f,1f],start_interpolation: 0,interpolation_duration: 1}
$data merge entity $(bone_3) {transformation: [-0.8284f,-0.4297f,-0.3593f,0.5772f,-0.3699f,0.9014f,-0.225f,1.4015f,0.4206f,-0.0535f,-0.9057f,0.2669f,0f,0f,0f,1f],start_interpolation: 0,interpolation_duration: 1}
$data merge entity $(bone_8) {transformation: [-0.8604f,0.1066f,-0.4983f,0.0848f,0.1069f,0.9939f,0.0281f,0.3995f,0.4982f,-0.0291f,-0.8666f,0.5359f,0f,0f,0f,1f],start_interpolation: 0,interpolation_duration: 1}
$data merge entity $(bone_7) {transformation: [-0.8604f,-0.0037f,-0.5095f,0.0834f,0.1069f,0.9764f,-0.1877f,0.7656f,0.4982f,-0.216f,-0.8397f,0.4549f,0f,0f,0f,1f],start_interpolation: 0,interpolation_duration: 1}