# This file was generated by Animated Java via MC-Build. It is not recommended to edit this file directly.
$data merge entity $(bone_layer) {transformation: [-0.8554f,0.1557f,-0.494f,0.2884f,-0.0356f,0.9338f,0.356f,1.3741f,0.5167f,0.3221f,-0.7933f,0.4551f,0f,0f,0f,1f],start_interpolation: 0,interpolation_duration: 1}
$data merge entity $(bone_head) {transformation: [-0.8554f,0.1557f,-0.494f,0.2884f,-0.0356f,0.9338f,0.356f,1.3741f,0.5167f,0.3221f,-0.7933f,0.4551f,0f,0f,0f,1f],start_interpolation: 0,interpolation_duration: 1}
$data merge entity $(bone_6) {transformation: [-0.7039f,-0.0866f,-0.705f,0.3596f,-0.1069f,0.9941f,-0.0153f,0.3995f,0.7022f,0.0646f,-0.7091f,0.325f,0f,0f,0f,1f],start_interpolation: 0,interpolation_duration: 1}
$data merge entity $(bone_12) {transformation: [-0.7039f,-0.2077f,-0.6792f,0.2817f,-0.1069f,0.9764f,-0.1877f,0.7656f,0.7022f,-0.0595f,-0.7095f,0.3027f,0f,0f,0f,1f],start_interpolation: 0,interpolation_duration: 1}
$data merge entity $(bone_group3) {transformation: [1.2022f,-0.124f,0.2664f,-1.0097f,0.313f,0.8177f,-0.3864f,1.6537f,-0.2471f,0.4326f,0.8067f,0.9804f,0f,0f,0f,1f],start_interpolation: 0,interpolation_duration: 1}
$data merge entity $(bone_group1) {transformation: [1.2022f,-0.124f,0.2664f,-1.0097f,0.313f,0.8177f,-0.3864f,1.6537f,-0.2471f,0.4326f,0.8067f,0.9804f,0f,0f,0f,1f],start_interpolation: 0,interpolation_duration: 1}
$data merge entity $(bone_group4) {transformation: [1.1647f,-0.1201f,0.2581f,-1.0097f,0.3033f,0.7921f,-0.3744f,1.6537f,-0.2394f,0.4191f,0.7815f,0.9804f,0f,0f,0f,1f],start_interpolation: 0,interpolation_duration: 1}
$data merge entity $(bone_group2) {transformation: [1.1647f,-0.1201f,0.2581f,-1.0097f,0.3033f,0.7921f,-0.3744f,1.6537f,-0.2394f,0.4191f,0.7815f,0.9804f,0f,0f,0f,1f],start_interpolation: 0,interpolation_duration: 1}
$data merge entity $(bone_bone1) {transformation: [0.6619f,-0.7943f,0.7012f,0.3012f,-0.5988f,1.1276f,0.7072f,0.5716f,-0.4508f,-2.6642f,0.0902f,1.5326f,0f,0f,0f,1f],start_interpolation: 0,interpolation_duration: 1}
$data merge entity $(bone_2) {transformation: [0.7918f,-0.2965f,0.534f,-0.025f,-0.245f,0.6467f,0.7223f,1.0472f,-0.5595f,-0.7028f,0.4394f,0.8628f,0f,0f,0f,1f],start_interpolation: 0,interpolation_duration: 1}
$data merge entity $(bone_bone2) {transformation: [1.5123f,-0.4746f,0.6098f,0.175f,-0.0088f,1.8602f,0.3673f,0.9298f,-1.3087f,-0.5608f,0.7023f,0.7504f,0f,0f,0f,1f],start_interpolation: 0,interpolation_duration: 1}
$data merge entity $(bone_1) {transformation: [0.7918f,-0.0335f,0.6098f,-0.0376f,-0.245f,0.8973f,0.3673f,1.3836f,-0.5595f,-0.4402f,0.7023f,0.6977f,0f,0f,0f,1f],start_interpolation: 0,interpolation_duration: 1}
$data merge entity $(bone_4) {transformation: [-0.8284f,-0.5514f,0.0982f,0.6952f,-0.37f,0.407f,-0.8351f,1.1296f,0.4206f,-0.7282f,-0.5412f,0.2567f,0f,0f,0f,1f],start_interpolation: 0,interpolation_duration: 1}
$data merge entity $(bone_group5) {transformation: [-3.3136f,-1.1602f,-1.4372f,0.7281f,-1.4798f,2.4337f,-0.9001f,0.9103f,1.6822f,-0.1444f,-3.6227f,0.4397f,0f,0f,0f,1f],start_interpolation: 0,interpolation_duration: 1}
$data merge entity $(bone_group7) {transformation: [-3.3136f,-1.1602f,-1.4372f,0.7281f,-1.4798f,2.4337f,-0.9001f,0.9103f,1.6822f,-0.1444f,-3.6227f,0.4397f,0f,0f,0f,1f],start_interpolation: 0,interpolation_duration: 1}
$data merge entity $(bone_group6) {transformation: [-2.2896f,-2.6616f,-1.4372f,1.0916f,-2.4984f,1.3678f,-0.9001f,0.9816f,1.5291f,0.716f,-3.6227f,0.2778f,0f,0f,0f,1f],start_interpolation: 0,interpolation_duration: 1}
$data merge entity $(bone_group8) {transformation: [-2.2896f,-2.6616f,-1.4372f,1.0916f,-2.4984f,1.3678f,-0.9001f,0.9816f,1.5291f,0.716f,-3.6227f,0.2778f,0f,0f,0f,1f],start_interpolation: 0,interpolation_duration: 1}
$data merge entity $(bone_group9) {transformation: [-2.2896f,-2.6616f,-1.4372f,1.146f,-2.4984f,1.3678f,-0.9001f,0.8676f,1.5291f,0.716f,-3.6227f,0.2845f,0f,0f,0f,1f],start_interpolation: 0,interpolation_duration: 1}
$data merge entity $(bone_group10) {transformation: [-2.2896f,-2.6616f,-1.4372f,1.146f,-2.4984f,1.3678f,-0.9001f,0.8676f,1.5291f,0.716f,-3.6227f,0.2845f,0f,0f,0f,1f],start_interpolation: 0,interpolation_duration: 1}
$data merge entity $(bone_group11) {transformation: [-2.2896f,-2.6616f,-1.4372f,1.2004f,-2.4984f,1.3678f,-0.9001f,0.7535f,1.5291f,0.716f,-3.6227f,0.2913f,0f,0f,0f,1f],start_interpolation: 0,interpolation_duration: 1}
$data merge entity $(bone_group12) {transformation: [-2.2896f,-2.6616f,-1.4372f,1.2004f,-2.4984f,1.3678f,-0.9001f,0.7535f,1.5291f,0.716f,-3.6227f,0.2913f,0f,0f,0f,1f],start_interpolation: 0,interpolation_duration: 1}
$data merge entity $(bone_group13) {transformation: [-2.4954f,-2.0033f,-0.5749f,0.9227f,-2.002f,1.9206f,-0.36f,0.9663f,1.4874f,0.3175f,-1.4491f,0.2968f,0f,0f,0f,1f],start_interpolation: 0,interpolation_duration: 1}
$data merge entity $(bone_group14) {transformation: [-2.4954f,-2.0033f,-0.5749f,0.9227f,-2.002f,1.9206f,-0.36f,0.9663f,1.4874f,0.3175f,-1.4491f,0.2968f,0f,0f,0f,1f],start_interpolation: 0,interpolation_duration: 1}
$data merge entity $(bone_group15) {transformation: [-2.4056f,-2.1102f,-0.5749f,0.9849f,-2.0839f,1.8315f,-0.36f,0.8982f,1.4721f,0.3821f,-1.4491f,0.2891f,0f,0f,0f,1f],start_interpolation: 0,interpolation_duration: 1}
$data merge entity $(bone_group16) {transformation: [-2.4056f,-2.1102f,-0.5749f,0.9849f,-2.0839f,1.8315f,-0.36f,0.8982f,1.4721f,0.3821f,-1.4491f,0.2891f,0f,0f,0f,1f],start_interpolation: 0,interpolation_duration: 1}
$data merge entity $(bone_group17) {transformation: [-2.2125f,-2.3118f,-0.5749f,1.1006f,-2.2356f,1.6429f,-0.36f,0.8258f,1.4332f,0.509f,-1.4491f,0.2612f,0f,0f,0f,1f],start_interpolation: 0,interpolation_duration: 1}
$data merge entity $(bone_group18) {transformation: [-2.2125f,-2.3118f,-0.5749f,1.1006f,-2.2356f,1.6429f,-0.36f,0.8258f,1.4332f,0.509f,-1.4491f,0.2612f,0f,0f,0f,1f],start_interpolation: 0,interpolation_duration: 1}
$data merge entity $(bone_group19) {transformation: [-2.2125f,-2.3118f,-0.5749f,1.155f,-2.2356f,1.6429f,-0.36f,0.7117f,1.4332f,0.509f,-1.4491f,0.2679f,0f,0f,0f,1f],start_interpolation: 0,interpolation_duration: 1}
$data merge entity $(bone_group20) {transformation: [-2.2125f,-2.3118f,-0.5749f,1.155f,-2.2356f,1.6429f,-0.36f,0.7117f,1.4332f,0.509f,-1.4491f,0.2679f,0f,0f,0f,1f],start_interpolation: 0,interpolation_duration: 1}
$data merge entity $(bone_bone11) {transformation: [-0.8392f,-0.059f,-0.3593f,0.5368f,0.0411f,1.4599f,-0.225f,1.1634f,0.3227f,-0.3393f,-0.9057f,0.3457f,0f,0f,0f,1f],start_interpolation: 0,interpolation_duration: 1}
$data merge entity $(bone_3) {transformation: [-0.8284f,-0.4297f,-0.3593f,0.5789f,-0.37f,0.9014f,-0.225f,1.4043f,0.4206f,-0.0535f,-0.9057f,0.2691f,0f,0f,0f,1f],start_interpolation: 0,interpolation_duration: 1}
$data merge entity $(bone_8) {transformation: [-0.8604f,0.1066f,-0.4983f,0.0848f,0.1069f,0.9939f,0.0281f,0.3995f,0.4982f,-0.0291f,-0.8666f,0.5359f,0f,0f,0f,1f],start_interpolation: 0,interpolation_duration: 1}
$data merge entity $(bone_7) {transformation: [-0.8604f,-0.0037f,-0.5095f,0.0834f,0.1069f,0.9764f,-0.1877f,0.7656f,0.4982f,-0.216f,-0.8397f,0.4549f,0f,0f,0f,1f],start_interpolation: 0,interpolation_duration: 1}