# This file was generated by Animated Java via MC-Build. It is not recommended to edit this file directly.
$data merge entity $(bone_layer) {transformation: [0.7856f,0.2534f,-0.5645f,0.5625f,-0.0122f,0.9184f,0.3954f,1.2031f,0.6186f,-0.3037f,0.7246f,-4.1875f,0f,0f,0f,1f],start_interpolation: 0,interpolation_duration: 1}
$data merge entity $(bone_head) {transformation: [0.7856f,0.2534f,-0.5645f,0.5625f,-0.0122f,0.9184f,0.3954f,1.2031f,0.6186f,-0.3037f,0.7246f,-4.1875f,0f,0f,0f,1f],start_interpolation: 0,interpolation_duration: 1}
$data merge entity $(bone_6) {transformation: [0.5676f,0.801f,-0.1903f,0.3522f,-0.0386f,0.2568f,0.9657f,0.1079f,0.8224f,-0.5408f,0.1767f,-4.3091f,0f,0f,0f,1f],start_interpolation: 0,interpolation_duration: 1}
$data merge entity $(bone_12) {transformation: [0.5675f,0.3857f,-0.7274f,0.4968f,-0.1851f,0.9207f,0.3437f,0.4531f,0.8023f,-0.0604f,0.5939f,-4.3318f,0f,0f,0f,1f],start_interpolation: 0,interpolation_duration: 1}
$data merge entity $(bone_group3) {transformation: [-0.5637f,0.1936f,0.8823f,0.9362f,0.2994f,0.9336f,-0.2351f,1.3305f,-1.0405f,0.0158f,-0.337f,-3.3803f,0f,0f,0f,1f],start_interpolation: 0,interpolation_duration: 1}
$data merge entity $(bone_group1) {transformation: [-0.7794f,0.3644f,-0.6273f,2.0884f,0.1927f,0.8227f,0.5501f,1.1156f,0.4987f,0.2482f,-0.9413f,-3.5168f,0f,0f,0f,1f],start_interpolation: 0,interpolation_duration: 1}
$data merge entity $(bone_group4) {transformation: [-1.0249f,0.0872f,-0.0767f,1.6829f,0.2325f,0.898f,0.306f,1.2505f,-0.176f,0.1695f,-1.0311f,-3.251f,0f,0f,0f,1f],start_interpolation: 0,interpolation_duration: 1}
$data merge entity $(bone_group2) {transformation: [-0.5461f,0.1876f,0.8547f,0.9362f,0.2901f,0.9045f,-0.2278f,1.3305f,-1.0079f,0.0153f,-0.3265f,-3.3803f,0f,0f,0f,1f],start_interpolation: 0,interpolation_duration: 1}
$data merge entity $(bone_10) {transformation: [0.7878f,0.0503f,-0.6139f,0.5689f,-0.0256f,0.9985f,0.049f,0.8137f,0.6154f,-0.0229f,0.7879f,-4.1904f,0f,0f,0f,1f],start_interpolation: 0,interpolation_duration: 1}
$data merge entity $(bone_9) {transformation: [0.7878f,0.0503f,-0.6139f,0.5877f,-0.0256f,0.9985f,0.049f,1.1881f,0.6154f,-0.0229f,0.7879f,-4.199f,0f,0f,0f,1f],start_interpolation: 0,interpolation_duration: 1}
$data merge entity $(bone_bone12) {transformation: [0.539f,-0.3186f,-0.9087f,0.2059f,0.9117f,1.1882f,0.0552f,1.5243f,1.0622f,-0.8583f,0.4137f,-4.0251f,0f,0f,0f,1f],start_interpolation: 0,interpolation_duration: 1}
$data merge entity $(bone_bone1) {transformation: [-0.335f,-2.7182f,0.2586f,1.5593f,-0.6104f,1.2532f,0.673f,0.3454f,-0.7178f,0.2027f,-0.693f,-3.9768f,0f,0f,0f,1f],start_interpolation: 0,interpolation_duration: 1}
$data merge entity $(bone_2) {transformation: [-0.4003f,-0.7194f,0.5677f,0.8589f,-0.2588f,0.683f,0.683f,0.8577f,-0.8791f,0.1264f,-0.4596f,-3.8087f,0f,0f,0f,1f],start_interpolation: 0,interpolation_duration: 1}
$data merge entity $(bone_bone2) {transformation: [-0.9678f,-0.5191f,0.8357f,0.7823f,-0.0231f,1.9136f,0.2905f,0.7354f,-1.7501f,0.2618f,-0.466f,-4.0222f,0f,0f,0f,1f],start_interpolation: 0,interpolation_duration: 1}
$data merge entity $(bone_1) {transformation: [-0.4003f,-0.376f,0.8357f,0.7179f,-0.2588f,0.9212f,0.2905f,1.2031f,-0.8791f,-0.1f,-0.466f,-3.8462f,0f,0f,0f,1f],start_interpolation: 0,interpolation_duration: 1}
$data merge entity $(bone_4) {transformation: [-0.0104f,0.0447f,-0.9989f,0.2063f,-0.9213f,0.3879f,0.0269f,1.0128f,0.3887f,0.9206f,0.0372f,-4.5353f,0f,0f,0f,1f],start_interpolation: 0,interpolation_duration: 1}
$data merge entity $(bone_group5) {transformation: [-0.0415f,1.4051f,-3.4154f,0.1992f,-3.6852f,0.8829f,0.842f,0.7927f,1.555f,2.1298f,1.9043f,-4.7203f,0f,0f,0f,1f],start_interpolation: 0,interpolation_duration: 1}
$data merge entity $(bone_group7) {transformation: [-0.0415f,1.4051f,-3.4154f,0.1992f,-3.6852f,0.8829f,0.842f,0.7927f,1.555f,2.1298f,1.9043f,-4.7203f,0f,0f,0f,1f],start_interpolation: 0,interpolation_duration: 1}
$data merge entity $(bone_group6) {transformation: [-0.7385f,1.1961f,-3.4154f,0.1599f,-3.6329f,-1.078f,0.842f,1.13f,0.2817f,2.622f,1.9043f,-4.9398f,0f,0f,0f,1f],start_interpolation: 0,interpolation_duration: 1}
$data merge entity $(bone_group8) {transformation: [-0.7385f,1.1961f,-3.4154f,0.1599f,-3.6329f,-1.078f,0.842f,1.13f,0.2817f,2.622f,1.9043f,-4.9398f,0f,0f,0f,1f],start_interpolation: 0,interpolation_duration: 1}
$data merge entity $(bone_group9) {transformation: [-0.7385f,1.1961f,-3.4154f,0.0941f,-3.6329f,-1.078f,0.842f,1.0886f,0.2817f,2.622f,1.9043f,-5.0396f,0f,0f,0f,1f],start_interpolation: 0,interpolation_duration: 1}
$data merge entity $(bone_group10) {transformation: [-0.7385f,1.1961f,-3.4154f,0.0941f,-3.6329f,-1.078f,0.842f,1.0886f,0.2817f,2.622f,1.9043f,-5.0396f,0f,0f,0f,1f],start_interpolation: 0,interpolation_duration: 1}
$data merge entity $(bone_group11) {transformation: [-0.7385f,1.1961f,-3.4154f,0.0282f,-3.6329f,-1.078f,0.842f,1.0472f,0.2817f,2.622f,1.9043f,-5.1394f,0f,0f,0f,1f],start_interpolation: 0,interpolation_duration: 1}
$data merge entity $(bone_group12) {transformation: [-0.7385f,1.1961f,-3.4154f,0.0282f,-3.6329f,-1.078f,0.842f,1.0472f,0.2817f,2.622f,1.9043f,-5.1394f,0f,0f,0f,1f],start_interpolation: 0,interpolation_duration: 1}
$data merge entity $(bone_group13) {transformation: [-0.4581f,1.3289f,-1.3662f,0.1483f,-3.4286f,-0.1553f,0.3368f,1.0172f,0.6942f,2.4521f,0.7617f,-4.8122f,0f,0f,0f,1f],start_interpolation: 0,interpolation_duration: 1}
$data merge entity $(bone_group14) {transformation: [-0.4581f,1.3289f,-1.3662f,0.1483f,-3.4286f,-0.1553f,0.3368f,1.0172f,0.6942f,2.4521f,0.7617f,-4.8122f,0f,0f,0f,1f],start_interpolation: 0,interpolation_duration: 1}
$data merge entity $(bone_group15) {transformation: [-0.5157f,1.3076f,-1.3662f,0.103f,-3.4186f,-0.3047f,0.3368f,1.0158f,0.5866f,2.48f,0.7617f,-4.8929f,0f,0f,0f,1f],start_interpolation: 0,interpolation_duration: 1}
$data merge entity $(bone_group16) {transformation: [-0.5157f,1.3076f,-1.3662f,0.103f,-3.4186f,-0.3047f,0.3368f,1.0158f,0.5866f,2.48f,0.7617f,-4.8929f,0f,0f,0f,1f],start_interpolation: 0,interpolation_duration: 1}
$data merge entity $(bone_group17) {transformation: [-0.6277f,1.2577f,-1.3662f,0.0448f,-3.379f,-0.6015f,0.3368f,1.0531f,0.3682f,2.5217f,0.7617f,-5.0138f,0f,0f,0f,1f],start_interpolation: 0,interpolation_duration: 1}
$data merge entity $(bone_group18) {transformation: [-0.6277f,1.2577f,-1.3662f,0.0448f,-3.379f,-0.6015f,0.3368f,1.0531f,0.3682f,2.5217f,0.7617f,-5.0138f,0f,0f,0f,1f],start_interpolation: 0,interpolation_duration: 1}
$data merge entity $(bone_group19) {transformation: [-0.6277f,1.2577f,-1.3662f,-0.0211f,-3.379f,-0.6015f,0.3368f,1.0117f,0.3682f,2.5217f,0.7617f,-5.1136f,0f,0f,0f,1f],start_interpolation: 0,interpolation_duration: 1}
$data merge entity $(bone_group20) {transformation: [-0.6277f,1.2577f,-1.3662f,-0.0211f,-3.379f,-0.6015f,0.3368f,1.0117f,0.3682f,2.5217f,0.7617f,-5.1136f,0f,0f,0f,1f],start_interpolation: 0,interpolation_duration: 1}
$data merge entity $(bone_bone11) {transformation: [0.1895f,0.7141f,-0.8538f,0.2802f,-0.6271f,1.0286f,0.2105f,0.8929f,0.6171f,0.8259f,0.4761f,-4.4155f,0f,0f,0f,1f],start_interpolation: 0,interpolation_duration: 1}
$data merge entity $(bone_3) {transformation: [-0.0104f,0.5204f,-0.8538f,0.3875f,-0.9213f,0.327f,0.2105f,1.1033f,0.3887f,0.7888f,0.4761f,-4.316f,0f,0f,0f,1f],start_interpolation: 0,interpolation_duration: 1}
$data merge entity $(bone_8) {transformation: [0.5923f,-0.0342f,-0.805f,0.8873f,0.1605f,0.9841f,0.0764f,0.3222f,0.7895f,-0.1745f,0.5884f,-4.1796f,0f,0f,0f,1f],start_interpolation: 0,interpolation_duration: 1}
$data merge entity $(bone_7) {transformation: [0.5923f,-0.7467f,-0.3027f,0.6388f,0.1605f,0.4776f,-0.8638f,0.4531f,0.7895f,0.463f,0.4028f,-4.0198f,0f,0f,0f,1f],start_interpolation: 0,interpolation_duration: 1}