# This file was generated by Animated Java via MC-Build. It is not recommended to edit this file directly.
$data merge entity $(bone_layer) {transformation: [-0.8392f,0.2062f,-0.5033f,0.2884f,-0.0236f,0.9107f,0.4124f,1.3705f,0.5434f,0.3579f,-0.7594f,0.4551f,0f,0f,0f,1f],start_interpolation: 0,interpolation_duration: 1}
$data merge entity $(bone_head) {transformation: [-0.8392f,0.2062f,-0.5033f,0.2884f,-0.0236f,0.9107f,0.4124f,1.3705f,0.5434f,0.3579f,-0.7594f,0.4551f,0f,0f,0f,1f],start_interpolation: 0,interpolation_duration: 1}
$data merge entity $(bone_6) {transformation: [-0.7039f,-0.0866f,-0.705f,0.3596f,-0.1069f,0.9941f,-0.0153f,0.3995f,0.7022f,0.0646f,-0.7091f,0.325f,0f,0f,0f,1f],start_interpolation: 0,interpolation_duration: 1}
$data merge entity $(bone_12) {transformation: [-0.7039f,-0.2077f,-0.6792f,0.2817f,-0.1069f,0.9764f,-0.1877f,0.7656f,0.7022f,-0.0595f,-0.7095f,0.3027f,0f,0f,0f,1f],start_interpolation: 0,interpolation_duration: 1}
$data merge entity $(bone_group3) {transformation: [1.2022f,-0.124f,0.2664f,-1.0097f,0.313f,0.8177f,-0.3864f,1.6537f,-0.2471f,0.4326f,0.8067f,0.9804f,0f,0f,0f,1f],start_interpolation: 0,interpolation_duration: 1}
$data merge entity $(bone_group1) {transformation: [1.2022f,-0.124f,0.2664f,-1.0097f,0.313f,0.8177f,-0.3864f,1.6537f,-0.2471f,0.4326f,0.8067f,0.9804f,0f,0f,0f,1f],start_interpolation: 0,interpolation_duration: 1}
$data merge entity $(bone_group4) {transformation: [1.1647f,-0.1201f,0.2581f,-1.0097f,0.3033f,0.7921f,-0.3744f,1.6537f,-0.2394f,0.4191f,0.7815f,0.9804f,0f,0f,0f,1f],start_interpolation: 0,interpolation_duration: 1}
$data merge entity $(bone_group2) {transformation: [1.1647f,-0.1201f,0.2581f,-1.0097f,0.3033f,0.7921f,-0.3744f,1.6537f,-0.2394f,0.4191f,0.7815f,0.9804f,0f,0f,0f,1f],start_interpolation: 0,interpolation_duration: 1}
$data merge entity $(bone_bone1) {transformation: [0.5987f,-0.814f,0.7536f,0.2685f,-0.6169f,1.3315f,0.6499f,0.5102f,-0.5108f,-2.5621f,0.0983f,1.4676f,0f,0f,0f,1f],start_interpolation: 0,interpolation_duration: 1}
$data merge entity $(bone_2) {transformation: [0.7495f,-0.2761f,0.6016f,-0.0483f,-0.2674f,0.7051f,0.6567f,1.0451f,-0.6056f,-0.6531f,0.4547f,0.8393f,0f,0f,0f,1f],start_interpolation: 0,interpolation_duration: 1}
$data merge entity $(bone_bone2) {transformation: [1.471f,-0.3019f,0.6605f,0.1363f,-0.0335f,1.941f,0.2405f,0.92f,-1.3546f,-0.3759f,0.7113f,0.7102f,0f,0f,0f,1f],start_interpolation: 0,interpolation_duration: 1}
$data merge entity $(bone_1) {transformation: [0.7495f,0.0446f,0.6605f,-0.0316f,-0.2674f,0.9331f,0.2405f,1.3951f,-0.6056f,-0.3568f,0.7113f,0.7055f,0f,0f,0f,1f],start_interpolation: 0,interpolation_duration: 1}
$data merge entity $(bone_4) {transformation: [-0.8284f,-0.5515f,0.0982f,0.6972f,-0.37f,0.407f,-0.8351f,1.1329f,0.4206f,-0.7282f,-0.5412f,0.2593f,0f,0f,0f,1f],start_interpolation: 0,interpolation_duration: 1}
$data merge entity $(bone_group5) {transformation: [-3.3136f,-1.1602f,-1.4372f,0.7301f,-1.4798f,2.4337f,-0.9001f,0.9136f,1.6823f,-0.1444f,-3.6227f,0.4423f,0f,0f,0f,1f],start_interpolation: 0,interpolation_duration: 1}
$data merge entity $(bone_group7) {transformation: [-3.3136f,-1.1602f,-1.4372f,0.7301f,-1.4798f,2.4337f,-0.9001f,0.9136f,1.6823f,-0.1444f,-3.6227f,0.4423f,0f,0f,0f,1f],start_interpolation: 0,interpolation_duration: 1}
$data merge entity $(bone_group6) {transformation: [-2.2896f,-2.6616f,-1.4372f,1.0936f,-2.4984f,1.3678f,-0.9001f,0.9849f,1.5291f,0.7161f,-3.6227f,0.2804f,0f,0f,0f,1f],start_interpolation: 0,interpolation_duration: 1}
$data merge entity $(bone_group8) {transformation: [-2.2896f,-2.6616f,-1.4372f,1.0936f,-2.4984f,1.3678f,-0.9001f,0.9849f,1.5291f,0.7161f,-3.6227f,0.2804f,0f,0f,0f,1f],start_interpolation: 0,interpolation_duration: 1}
$data merge entity $(bone_group9) {transformation: [-2.2896f,-2.6616f,-1.4372f,1.148f,-2.4984f,1.3678f,-0.9001f,0.8708f,1.5291f,0.7161f,-3.6227f,0.2871f,0f,0f,0f,1f],start_interpolation: 0,interpolation_duration: 1}
$data merge entity $(bone_group10) {transformation: [-2.2896f,-2.6616f,-1.4372f,1.148f,-2.4984f,1.3678f,-0.9001f,0.8708f,1.5291f,0.7161f,-3.6227f,0.2871f,0f,0f,0f,1f],start_interpolation: 0,interpolation_duration: 1}
$data merge entity $(bone_group11) {transformation: [-2.2896f,-2.6616f,-1.4372f,1.2024f,-2.4984f,1.3678f,-0.9001f,0.7568f,1.5291f,0.7161f,-3.6227f,0.2939f,0f,0f,0f,1f],start_interpolation: 0,interpolation_duration: 1}
$data merge entity $(bone_group12) {transformation: [-2.2896f,-2.6616f,-1.4372f,1.2024f,-2.4984f,1.3678f,-0.9001f,0.7568f,1.5291f,0.7161f,-3.6227f,0.2939f,0f,0f,0f,1f],start_interpolation: 0,interpolation_duration: 1}
$data merge entity $(bone_group13) {transformation: [-2.4953f,-2.0033f,-0.5749f,0.9247f,-2.002f,1.9206f,-0.3601f,0.9696f,1.4874f,0.3175f,-1.4491f,0.2994f,0f,0f,0f,1f],start_interpolation: 0,interpolation_duration: 1}
$data merge entity $(bone_group14) {transformation: [-2.4953f,-2.0033f,-0.5749f,0.9247f,-2.002f,1.9206f,-0.3601f,0.9696f,1.4874f,0.3175f,-1.4491f,0.2994f,0f,0f,0f,1f],start_interpolation: 0,interpolation_duration: 1}
$data merge entity $(bone_group15) {transformation: [-2.4056f,-2.1102f,-0.5749f,0.9869f,-2.0839f,1.8314f,-0.3601f,0.9015f,1.4721f,0.3821f,-1.4491f,0.2917f,0f,0f,0f,1f],start_interpolation: 0,interpolation_duration: 1}
$data merge entity $(bone_group16) {transformation: [-2.4056f,-2.1102f,-0.5749f,0.9869f,-2.0839f,1.8314f,-0.3601f,0.9015f,1.4721f,0.3821f,-1.4491f,0.2917f,0f,0f,0f,1f],start_interpolation: 0,interpolation_duration: 1}
$data merge entity $(bone_group17) {transformation: [-2.2125f,-2.3119f,-0.5749f,1.1026f,-2.2356f,1.6428f,-0.3601f,0.8291f,1.4332f,0.509f,-1.4491f,0.2638f,0f,0f,0f,1f],start_interpolation: 0,interpolation_duration: 1}
$data merge entity $(bone_group18) {transformation: [-2.2125f,-2.3119f,-0.5749f,1.1026f,-2.2356f,1.6428f,-0.3601f,0.8291f,1.4332f,0.509f,-1.4491f,0.2638f,0f,0f,0f,1f],start_interpolation: 0,interpolation_duration: 1}
$data merge entity $(bone_group19) {transformation: [-2.2125f,-2.3119f,-0.5749f,1.157f,-2.2356f,1.6428f,-0.3601f,0.715f,1.4332f,0.509f,-1.4491f,0.2705f,0f,0f,0f,1f],start_interpolation: 0,interpolation_duration: 1}
$data merge entity $(bone_group20) {transformation: [-2.2125f,-2.3119f,-0.5749f,1.157f,-2.2356f,1.6428f,-0.3601f,0.715f,1.4332f,0.509f,-1.4491f,0.2705f,0f,0f,0f,1f],start_interpolation: 0,interpolation_duration: 1}
$data merge entity $(bone_bone11) {transformation: [-0.8392f,-0.059f,-0.3593f,0.5387f,0.0411f,1.4599f,-0.225f,1.1666f,0.3227f,-0.3393f,-0.9057f,0.3483f,0f,0f,0f,1f],start_interpolation: 0,interpolation_duration: 1}
$data merge entity $(bone_3) {transformation: [-0.8284f,-0.4297f,-0.3593f,0.5809f,-0.37f,0.9014f,-0.225f,1.4075f,0.4206f,-0.0535f,-0.9057f,0.2717f,0f,0f,0f,1f],start_interpolation: 0,interpolation_duration: 1}
$data merge entity $(bone_8) {transformation: [-0.8604f,0.1066f,-0.4983f,0.0848f,0.1069f,0.9939f,0.028f,0.3995f,0.4982f,-0.0292f,-0.8666f,0.5359f,0f,0f,0f,1f],start_interpolation: 0,interpolation_duration: 1}
$data merge entity $(bone_7) {transformation: [-0.8604f,-0.0037f,-0.5095f,0.0834f,0.1069f,0.9764f,-0.1877f,0.7656f,0.4982f,-0.216f,-0.8397f,0.4549f,0f,0f,0f,1f],start_interpolation: 0,interpolation_duration: 1}