# This file was generated by Animated Java via MC-Build. It is not recommended to edit this file directly.
$data merge entity $(bone_layer) {transformation: [-0.8352f,0.2211f,-0.5035f,0.2884f,-0.02f,0.9028f,0.4295f,1.3697f,0.5496f,0.3688f,-0.7496f,0.4551f,0f,0f,0f,1f],start_interpolation: 0,interpolation_duration: 1}
$data merge entity $(bone_head) {transformation: [-0.8352f,0.2211f,-0.5035f,0.2884f,-0.02f,0.9028f,0.4295f,1.3697f,0.5496f,0.3688f,-0.7496f,0.4551f,0f,0f,0f,1f],start_interpolation: 0,interpolation_duration: 1}
$data merge entity $(bone_6) {transformation: [-0.7039f,-0.0866f,-0.705f,0.3596f,-0.1069f,0.9941f,-0.0153f,0.3995f,0.7022f,0.0646f,-0.7091f,0.325f,0f,0f,0f,1f],start_interpolation: 0,interpolation_duration: 1}
$data merge entity $(bone_12) {transformation: [-0.7039f,-0.2077f,-0.6792f,0.2817f,-0.1069f,0.9764f,-0.1877f,0.7656f,0.7022f,-0.0595f,-0.7095f,0.3027f,0f,0f,0f,1f],start_interpolation: 0,interpolation_duration: 1}
$data merge entity $(bone_group3) {transformation: [1.2022f,-0.124f,0.2664f,-1.0097f,0.313f,0.8177f,-0.3864f,1.6537f,-0.2471f,0.4326f,0.8067f,0.9804f,0f,0f,0f,1f],start_interpolation: 0,interpolation_duration: 1}
$data merge entity $(bone_group1) {transformation: [1.2022f,-0.124f,0.2664f,-1.0097f,0.313f,0.8177f,-0.3864f,1.6537f,-0.2471f,0.4326f,0.8067f,0.9804f,0f,0f,0f,1f],start_interpolation: 0,interpolation_duration: 1}
$data merge entity $(bone_group4) {transformation: [1.1647f,-0.1201f,0.2581f,-1.0097f,0.3033f,0.7921f,-0.3744f,1.6537f,-0.2394f,0.4191f,0.7815f,0.9804f,0f,0f,0f,1f],start_interpolation: 0,interpolation_duration: 1}
$data merge entity $(bone_group2) {transformation: [1.1647f,-0.1201f,0.2581f,-1.0097f,0.3033f,0.7921f,-0.3744f,1.6537f,-0.2394f,0.4191f,0.7815f,0.9804f,0f,0f,0f,1f],start_interpolation: 0,interpolation_duration: 1}
$data merge entity $(bone_bone1) {transformation: [0.5838f,-0.8144f,0.7652f,0.2592f,-0.6204f,1.3764f,0.6361f,0.4978f,-0.5237f,-2.5382f,0.0994f,1.453f,0f,0f,0f,1f],start_interpolation: 0,interpolation_duration: 1}
$data merge entity $(bone_2) {transformation: [0.7396f,-0.2701f,0.6165f,-0.0542f,-0.2723f,0.7176f,0.641f,1.0456f,-0.6156f,-0.6419f,0.4572f,0.8342f,0f,0f,0f,1f],start_interpolation: 0,interpolation_duration: 1}
$data merge entity $(bone_bone2) {transformation: [1.4618f,-0.2595f,0.6701f,0.1267f,-0.04f,1.9545f,0.2111f,0.9188f,-1.3644f,-0.3353f,0.7117f,0.7014f,0f,0f,0f,1f],start_interpolation: 0,interpolation_duration: 1}
$data merge entity $(bone_1) {transformation: [0.7396f,0.0638f,0.6701f,-0.0303f,-0.2723f,0.9388f,0.2111f,1.3976f,-0.6156f,-0.3385f,0.7117f,0.7072f,0f,0f,0f,1f],start_interpolation: 0,interpolation_duration: 1}
$data merge entity $(bone_4) {transformation: [-0.8284f,-0.5515f,0.0982f,0.6977f,-0.37f,0.407f,-0.8351f,1.1336f,0.4206f,-0.7282f,-0.5412f,0.2598f,0f,0f,0f,1f],start_interpolation: 0,interpolation_duration: 1}
$data merge entity $(bone_group5) {transformation: [-3.3136f,-1.1602f,-1.4372f,0.7305f,-1.4798f,2.4337f,-0.9001f,0.9143f,1.6823f,-0.1444f,-3.6227f,0.4429f,0f,0f,0f,1f],start_interpolation: 0,interpolation_duration: 1}
$data merge entity $(bone_group7) {transformation: [-3.3136f,-1.1602f,-1.4372f,0.7305f,-1.4798f,2.4337f,-0.9001f,0.9143f,1.6823f,-0.1444f,-3.6227f,0.4429f,0f,0f,0f,1f],start_interpolation: 0,interpolation_duration: 1}
$data merge entity $(bone_group6) {transformation: [-2.2896f,-2.6616f,-1.4372f,1.094f,-2.4984f,1.3678f,-0.9001f,0.9857f,1.5291f,0.7161f,-3.6227f,0.2809f,0f,0f,0f,1f],start_interpolation: 0,interpolation_duration: 1}
$data merge entity $(bone_group8) {transformation: [-2.2896f,-2.6616f,-1.4372f,1.094f,-2.4984f,1.3678f,-0.9001f,0.9857f,1.5291f,0.7161f,-3.6227f,0.2809f,0f,0f,0f,1f],start_interpolation: 0,interpolation_duration: 1}
$data merge entity $(bone_group9) {transformation: [-2.2896f,-2.6616f,-1.4372f,1.1484f,-2.4984f,1.3678f,-0.9001f,0.8716f,1.5291f,0.7161f,-3.6227f,0.2877f,0f,0f,0f,1f],start_interpolation: 0,interpolation_duration: 1}
$data merge entity $(bone_group10) {transformation: [-2.2896f,-2.6616f,-1.4372f,1.1484f,-2.4984f,1.3678f,-0.9001f,0.8716f,1.5291f,0.7161f,-3.6227f,0.2877f,0f,0f,0f,1f],start_interpolation: 0,interpolation_duration: 1}
$data merge entity $(bone_group11) {transformation: [-2.2896f,-2.6616f,-1.4372f,1.2028f,-2.4984f,1.3678f,-0.9001f,0.7575f,1.5291f,0.7161f,-3.6227f,0.2945f,0f,0f,0f,1f],start_interpolation: 0,interpolation_duration: 1}
$data merge entity $(bone_group12) {transformation: [-2.2896f,-2.6616f,-1.4372f,1.2028f,-2.4984f,1.3678f,-0.9001f,0.7575f,1.5291f,0.7161f,-3.6227f,0.2945f,0f,0f,0f,1f],start_interpolation: 0,interpolation_duration: 1}
$data merge entity $(bone_group13) {transformation: [-2.4953f,-2.0033f,-0.5749f,0.9252f,-2.002f,1.9206f,-0.3601f,0.9703f,1.4874f,0.3175f,-1.4491f,0.3f,0f,0f,0f,1f],start_interpolation: 0,interpolation_duration: 1}
$data merge entity $(bone_group14) {transformation: [-2.4953f,-2.0033f,-0.5749f,0.9252f,-2.002f,1.9206f,-0.3601f,0.9703f,1.4874f,0.3175f,-1.4491f,0.3f,0f,0f,0f,1f],start_interpolation: 0,interpolation_duration: 1}
$data merge entity $(bone_group15) {transformation: [-2.4056f,-2.1102f,-0.5749f,0.9874f,-2.0839f,1.8314f,-0.3601f,0.9022f,1.4721f,0.3821f,-1.4491f,0.2922f,0f,0f,0f,1f],start_interpolation: 0,interpolation_duration: 1}
$data merge entity $(bone_group16) {transformation: [-2.4056f,-2.1102f,-0.5749f,0.9874f,-2.0839f,1.8314f,-0.3601f,0.9022f,1.4721f,0.3821f,-1.4491f,0.2922f,0f,0f,0f,1f],start_interpolation: 0,interpolation_duration: 1}
$data merge entity $(bone_group17) {transformation: [-2.2125f,-2.3119f,-0.5749f,1.103f,-2.2356f,1.6428f,-0.3601f,0.8298f,1.4332f,0.509f,-1.4491f,0.2644f,0f,0f,0f,1f],start_interpolation: 0,interpolation_duration: 1}
$data merge entity $(bone_group18) {transformation: [-2.2125f,-2.3119f,-0.5749f,1.103f,-2.2356f,1.6428f,-0.3601f,0.8298f,1.4332f,0.509f,-1.4491f,0.2644f,0f,0f,0f,1f],start_interpolation: 0,interpolation_duration: 1}
$data merge entity $(bone_group19) {transformation: [-2.2125f,-2.3119f,-0.5749f,1.1574f,-2.2356f,1.6428f,-0.3601f,0.7157f,1.4332f,0.509f,-1.4491f,0.2711f,0f,0f,0f,1f],start_interpolation: 0,interpolation_duration: 1}
$data merge entity $(bone_group20) {transformation: [-2.2125f,-2.3119f,-0.5749f,1.1574f,-2.2356f,1.6428f,-0.3601f,0.7157f,1.4332f,0.509f,-1.4491f,0.2711f,0f,0f,0f,1f],start_interpolation: 0,interpolation_duration: 1}
$data merge entity $(bone_bone11) {transformation: [-0.8392f,-0.059f,-0.3593f,0.5392f,0.0411f,1.4599f,-0.225f,1.1674f,0.3227f,-0.3393f,-0.9057f,0.3488f,0f,0f,0f,1f],start_interpolation: 0,interpolation_duration: 1}
$data merge entity $(bone_3) {transformation: [-0.8284f,-0.4297f,-0.3593f,0.5813f,-0.37f,0.9014f,-0.225f,1.4083f,0.4206f,-0.0535f,-0.9057f,0.2723f,0f,0f,0f,1f],start_interpolation: 0,interpolation_duration: 1}
$data merge entity $(bone_8) {transformation: [-0.8604f,0.1066f,-0.4983f,0.0848f,0.1069f,0.9939f,0.028f,0.3995f,0.4982f,-0.0292f,-0.8666f,0.5359f,0f,0f,0f,1f],start_interpolation: 0,interpolation_duration: 1}
$data merge entity $(bone_7) {transformation: [-0.8604f,-0.0037f,-0.5095f,0.0834f,0.1069f,0.9764f,-0.1877f,0.7656f,0.4982f,-0.216f,-0.8397f,0.4549f,0f,0f,0f,1f],start_interpolation: 0,interpolation_duration: 1}