# This file was generated by Animated Java via MC-Build. It is not recommended to edit this file directly.
$data merge entity $(bone_layer) {transformation: [-0.8334f,0.235f,-0.5003f,0.2884f,-0.0165f,0.8941f,0.4475f,1.3694f,0.5525f,0.3812f,-0.7413f,0.4551f,0f,0f,0f,1f],start_interpolation: 0,interpolation_duration: 1}
$data merge entity $(bone_head) {transformation: [-0.8334f,0.235f,-0.5003f,0.2884f,-0.0165f,0.8941f,0.4475f,1.3694f,0.5525f,0.3812f,-0.7413f,0.4551f,0f,0f,0f,1f],start_interpolation: 0,interpolation_duration: 1}
$data merge entity $(bone_6) {transformation: [-0.7039f,-0.0866f,-0.705f,0.3596f,-0.1069f,0.9941f,-0.0153f,0.3995f,0.7022f,0.0646f,-0.7091f,0.325f,0f,0f,0f,1f],start_interpolation: 0,interpolation_duration: 1}
$data merge entity $(bone_12) {transformation: [-0.7039f,-0.2077f,-0.6792f,0.2817f,-0.1069f,0.9764f,-0.1877f,0.7656f,0.7022f,-0.0595f,-0.7095f,0.3027f,0f,0f,0f,1f],start_interpolation: 0,interpolation_duration: 1}
$data merge entity $(bone_group3) {transformation: [1.2022f,-0.124f,0.2664f,-1.0097f,0.313f,0.8177f,-0.3864f,1.6537f,-0.2471f,0.4326f,0.8067f,0.9804f,0f,0f,0f,1f],start_interpolation: 0,interpolation_duration: 1}
$data merge entity $(bone_group1) {transformation: [1.2022f,-0.124f,0.2664f,-1.0097f,0.313f,0.8177f,-0.3864f,1.6537f,-0.2471f,0.4326f,0.8067f,0.9804f,0f,0f,0f,1f],start_interpolation: 0,interpolation_duration: 1}
$data merge entity $(bone_group4) {transformation: [1.1647f,-0.1201f,0.2581f,-1.0097f,0.3033f,0.7921f,-0.3744f,1.6537f,-0.2394f,0.4191f,0.7815f,0.9804f,0f,0f,0f,1f],start_interpolation: 0,interpolation_duration: 1}
$data merge entity $(bone_group2) {transformation: [1.1647f,-0.1201f,0.2581f,-1.0097f,0.3033f,0.7921f,-0.3744f,1.6537f,-0.2394f,0.4191f,0.7815f,0.9804f,0f,0f,0f,1f],start_interpolation: 0,interpolation_duration: 1}
$data merge entity $(bone_bone1) {transformation: [0.5786f,-0.8142f,0.7691f,0.2559f,-0.6215f,1.3916f,0.6313f,0.4936f,-0.5281f,-2.53f,0.0997f,1.448f,0f,0f,0f,1f],start_interpolation: 0,interpolation_duration: 1}
$data merge entity $(bone_2) {transformation: [0.7361f,-0.2679f,0.6216f,-0.0562f,-0.2739f,0.7218f,0.6356f,1.0458f,-0.6189f,-0.6381f,0.458f,0.8324f,0f,0f,0f,1f],start_interpolation: 0,interpolation_duration: 1}
$data merge entity $(bone_bone2) {transformation: [1.4586f,-0.2448f,0.6732f,0.1234f,-0.0423f,1.9587f,0.201f,0.9185f,-1.3677f,-0.3216f,0.7117f,0.6985f,0f,0f,0f,1f],start_interpolation: 0,interpolation_duration: 1}
$data merge entity $(bone_1) {transformation: [0.7361f,0.0705f,0.6732f,-0.0298f,-0.2739f,0.9405f,0.201f,1.3985f,-0.6189f,-0.3323f,0.7117f,0.7078f,0f,0f,0f,1f],start_interpolation: 0,interpolation_duration: 1}
$data merge entity $(bone_4) {transformation: [-0.8284f,-0.5515f,0.0982f,0.6978f,-0.37f,0.407f,-0.8351f,1.1339f,0.4206f,-0.7282f,-0.5412f,0.26f,0f,0f,0f,1f],start_interpolation: 0,interpolation_duration: 1}
$data merge entity $(bone_group5) {transformation: [-3.3136f,-1.1602f,-1.4372f,0.7307f,-1.4798f,2.4337f,-0.9001f,0.9146f,1.6823f,-0.1444f,-3.6227f,0.4431f,0f,0f,0f,1f],start_interpolation: 0,interpolation_duration: 1}
$data merge entity $(bone_group7) {transformation: [-3.3136f,-1.1602f,-1.4372f,0.7307f,-1.4798f,2.4337f,-0.9001f,0.9146f,1.6823f,-0.1444f,-3.6227f,0.4431f,0f,0f,0f,1f],start_interpolation: 0,interpolation_duration: 1}
$data merge entity $(bone_group6) {transformation: [-2.2896f,-2.6616f,-1.4372f,1.0942f,-2.4984f,1.3678f,-0.9001f,0.9859f,1.5291f,0.7161f,-3.6227f,0.2811f,0f,0f,0f,1f],start_interpolation: 0,interpolation_duration: 1}
$data merge entity $(bone_group8) {transformation: [-2.2896f,-2.6616f,-1.4372f,1.0942f,-2.4984f,1.3678f,-0.9001f,0.9859f,1.5291f,0.7161f,-3.6227f,0.2811f,0f,0f,0f,1f],start_interpolation: 0,interpolation_duration: 1}
$data merge entity $(bone_group9) {transformation: [-2.2896f,-2.6616f,-1.4372f,1.1486f,-2.4984f,1.3678f,-0.9001f,0.8718f,1.5291f,0.7161f,-3.6227f,0.2879f,0f,0f,0f,1f],start_interpolation: 0,interpolation_duration: 1}
$data merge entity $(bone_group10) {transformation: [-2.2896f,-2.6616f,-1.4372f,1.1486f,-2.4984f,1.3678f,-0.9001f,0.8718f,1.5291f,0.7161f,-3.6227f,0.2879f,0f,0f,0f,1f],start_interpolation: 0,interpolation_duration: 1}
$data merge entity $(bone_group11) {transformation: [-2.2896f,-2.6616f,-1.4372f,1.203f,-2.4984f,1.3678f,-0.9001f,0.7577f,1.5291f,0.7161f,-3.6227f,0.2947f,0f,0f,0f,1f],start_interpolation: 0,interpolation_duration: 1}
$data merge entity $(bone_group12) {transformation: [-2.2896f,-2.6616f,-1.4372f,1.203f,-2.4984f,1.3678f,-0.9001f,0.7577f,1.5291f,0.7161f,-3.6227f,0.2947f,0f,0f,0f,1f],start_interpolation: 0,interpolation_duration: 1}
$data merge entity $(bone_group13) {transformation: [-2.4953f,-2.0033f,-0.5749f,0.9253f,-2.002f,1.9206f,-0.3601f,0.9706f,1.4874f,0.3175f,-1.4491f,0.3002f,0f,0f,0f,1f],start_interpolation: 0,interpolation_duration: 1}
$data merge entity $(bone_group14) {transformation: [-2.4953f,-2.0033f,-0.5749f,0.9253f,-2.002f,1.9206f,-0.3601f,0.9706f,1.4874f,0.3175f,-1.4491f,0.3002f,0f,0f,0f,1f],start_interpolation: 0,interpolation_duration: 1}
$data merge entity $(bone_group15) {transformation: [-2.4056f,-2.1102f,-0.5749f,0.9875f,-2.0839f,1.8314f,-0.3601f,0.9025f,1.4721f,0.3821f,-1.4491f,0.2924f,0f,0f,0f,1f],start_interpolation: 0,interpolation_duration: 1}
$data merge entity $(bone_group16) {transformation: [-2.4056f,-2.1102f,-0.5749f,0.9875f,-2.0839f,1.8314f,-0.3601f,0.9025f,1.4721f,0.3821f,-1.4491f,0.2924f,0f,0f,0f,1f],start_interpolation: 0,interpolation_duration: 1}
$data merge entity $(bone_group17) {transformation: [-2.2125f,-2.3119f,-0.5749f,1.1032f,-2.2356f,1.6428f,-0.3601f,0.8301f,1.4332f,0.509f,-1.4491f,0.2645f,0f,0f,0f,1f],start_interpolation: 0,interpolation_duration: 1}
$data merge entity $(bone_group18) {transformation: [-2.2125f,-2.3119f,-0.5749f,1.1032f,-2.2356f,1.6428f,-0.3601f,0.8301f,1.4332f,0.509f,-1.4491f,0.2645f,0f,0f,0f,1f],start_interpolation: 0,interpolation_duration: 1}
$data merge entity $(bone_group19) {transformation: [-2.2125f,-2.3119f,-0.5749f,1.1576f,-2.2356f,1.6428f,-0.3601f,0.716f,1.4332f,0.509f,-1.4491f,0.2713f,0f,0f,0f,1f],start_interpolation: 0,interpolation_duration: 1}
$data merge entity $(bone_group20) {transformation: [-2.2125f,-2.3119f,-0.5749f,1.1576f,-2.2356f,1.6428f,-0.3601f,0.716f,1.4332f,0.509f,-1.4491f,0.2713f,0f,0f,0f,1f],start_interpolation: 0,interpolation_duration: 1}
$data merge entity $(bone_bone11) {transformation: [-0.8392f,-0.059f,-0.3593f,0.5393f,0.0411f,1.4599f,-0.225f,1.1676f,0.3227f,-0.3393f,-0.9057f,0.349f,0f,0f,0f,1f],start_interpolation: 0,interpolation_duration: 1}
$data merge entity $(bone_3) {transformation: [-0.8284f,-0.4297f,-0.3593f,0.5815f,-0.37f,0.9014f,-0.225f,1.4085f,0.4206f,-0.0535f,-0.9057f,0.2725f,0f,0f,0f,1f],start_interpolation: 0,interpolation_duration: 1}
$data merge entity $(bone_8) {transformation: [-0.8604f,0.1066f,-0.4983f,0.0848f,0.1069f,0.9939f,0.028f,0.3995f,0.4982f,-0.0292f,-0.8666f,0.5359f,0f,0f,0f,1f],start_interpolation: 0,interpolation_duration: 1}
$data merge entity $(bone_7) {transformation: [-0.8604f,-0.0037f,-0.5095f,0.0834f,0.1069f,0.9764f,-0.1877f,0.7656f,0.4982f,-0.216f,-0.8397f,0.4549f,0f,0f,0f,1f],start_interpolation: 0,interpolation_duration: 1}