# This file was generated by Animated Java via MC-Build. It is not recommended to edit this file directly.
$data merge entity $(bone_layer) {transformation: [-0.8368f,0.231f,-0.4964f,0.2884f,-0.0173f,0.8951f,0.4456f,1.3702f,0.5472f,0.3815f,-0.745f,0.4551f,0f,0f,0f,1f],start_interpolation: 0,interpolation_duration: 1}
$data merge entity $(bone_head) {transformation: [-0.8368f,0.231f,-0.4964f,0.2884f,-0.0173f,0.8951f,0.4456f,1.3702f,0.5472f,0.3815f,-0.745f,0.4551f,0f,0f,0f,1f],start_interpolation: 0,interpolation_duration: 1}
$data merge entity $(bone_6) {transformation: [-0.7039f,-0.0866f,-0.705f,0.3596f,-0.1069f,0.9941f,-0.0153f,0.3995f,0.7022f,0.0646f,-0.7091f,0.325f,0f,0f,0f,1f],start_interpolation: 0,interpolation_duration: 1}
$data merge entity $(bone_12) {transformation: [-0.7039f,-0.2077f,-0.6792f,0.2817f,-0.1069f,0.9764f,-0.1877f,0.7656f,0.7022f,-0.0595f,-0.7095f,0.3027f,0f,0f,0f,1f],start_interpolation: 0,interpolation_duration: 1}
$data merge entity $(bone_group3) {transformation: [1.2022f,-0.124f,0.2664f,-1.0097f,0.313f,0.8177f,-0.3864f,1.6537f,-0.2471f,0.4326f,0.8067f,0.9804f,0f,0f,0f,1f],start_interpolation: 0,interpolation_duration: 1}
$data merge entity $(bone_group1) {transformation: [1.2022f,-0.124f,0.2664f,-1.0097f,0.313f,0.8177f,-0.3864f,1.6537f,-0.2471f,0.4326f,0.8067f,0.9804f,0f,0f,0f,1f],start_interpolation: 0,interpolation_duration: 1}
$data merge entity $(bone_group4) {transformation: [1.1647f,-0.1201f,0.2581f,-1.0097f,0.3033f,0.7921f,-0.3744f,1.6537f,-0.2394f,0.4191f,0.7815f,0.9804f,0f,0f,0f,1f],start_interpolation: 0,interpolation_duration: 1}
$data merge entity $(bone_group2) {transformation: [1.1647f,-0.1201f,0.2581f,-1.0097f,0.3033f,0.7921f,-0.3744f,1.6537f,-0.2394f,0.4191f,0.7815f,0.9804f,0f,0f,0f,1f],start_interpolation: 0,interpolation_duration: 1}
$data merge entity $(bone_bone1) {transformation: [0.594f,-0.8143f,0.7573f,0.2656f,-0.6181f,1.3458f,0.6456f,0.5062f,-0.515f,-2.5545f,0.0987f,1.4629f,0f,0f,0f,1f],start_interpolation: 0,interpolation_duration: 1}
$data merge entity $(bone_2) {transformation: [0.7464f,-0.2743f,0.6064f,-0.0502f,-0.2689f,0.7092f,0.6517f,1.0452f,-0.6088f,-0.6495f,0.4555f,0.8376f,0f,0f,0f,1f],start_interpolation: 0,interpolation_duration: 1}
$data merge entity $(bone_bone2) {transformation: [1.4681f,-0.2885f,0.6636f,0.1333f,-0.0355f,1.9455f,0.2311f,0.9196f,-1.3577f,-0.3629f,0.7115f,0.7074f,0f,0f,0f,1f],start_interpolation: 0,interpolation_duration: 1}
$data merge entity $(bone_1) {transformation: [0.7464f,0.0506f,0.6636f,-0.0312f,-0.2689f,0.935f,0.2311f,1.3959f,-0.6088f,-0.351f,0.7115f,0.706f,0f,0f,0f,1f],start_interpolation: 0,interpolation_duration: 1}
$data merge entity $(bone_4) {transformation: [-0.8284f,-0.5515f,0.0982f,0.6974f,-0.37f,0.407f,-0.8351f,1.1331f,0.4206f,-0.7282f,-0.5412f,0.2594f,0f,0f,0f,1f],start_interpolation: 0,interpolation_duration: 1}
$data merge entity $(bone_group5) {transformation: [-3.3136f,-1.1602f,-1.4372f,0.7302f,-1.4798f,2.4337f,-0.9001f,0.9138f,1.6823f,-0.1444f,-3.6227f,0.4425f,0f,0f,0f,1f],start_interpolation: 0,interpolation_duration: 1}
$data merge entity $(bone_group7) {transformation: [-3.3136f,-1.1602f,-1.4372f,0.7302f,-1.4798f,2.4337f,-0.9001f,0.9138f,1.6823f,-0.1444f,-3.6227f,0.4425f,0f,0f,0f,1f],start_interpolation: 0,interpolation_duration: 1}
$data merge entity $(bone_group6) {transformation: [-2.2896f,-2.6616f,-1.4372f,1.0937f,-2.4984f,1.3678f,-0.9001f,0.9852f,1.5291f,0.7161f,-3.6227f,0.2806f,0f,0f,0f,1f],start_interpolation: 0,interpolation_duration: 1}
$data merge entity $(bone_group8) {transformation: [-2.2896f,-2.6616f,-1.4372f,1.0937f,-2.4984f,1.3678f,-0.9001f,0.9852f,1.5291f,0.7161f,-3.6227f,0.2806f,0f,0f,0f,1f],start_interpolation: 0,interpolation_duration: 1}
$data merge entity $(bone_group9) {transformation: [-2.2896f,-2.6616f,-1.4372f,1.1481f,-2.4984f,1.3678f,-0.9001f,0.8711f,1.5291f,0.7161f,-3.6227f,0.2873f,0f,0f,0f,1f],start_interpolation: 0,interpolation_duration: 1}
$data merge entity $(bone_group10) {transformation: [-2.2896f,-2.6616f,-1.4372f,1.1481f,-2.4984f,1.3678f,-0.9001f,0.8711f,1.5291f,0.7161f,-3.6227f,0.2873f,0f,0f,0f,1f],start_interpolation: 0,interpolation_duration: 1}
$data merge entity $(bone_group11) {transformation: [-2.2896f,-2.6616f,-1.4372f,1.2025f,-2.4984f,1.3678f,-0.9001f,0.757f,1.5291f,0.7161f,-3.6227f,0.2941f,0f,0f,0f,1f],start_interpolation: 0,interpolation_duration: 1}
$data merge entity $(bone_group12) {transformation: [-2.2896f,-2.6616f,-1.4372f,1.2025f,-2.4984f,1.3678f,-0.9001f,0.757f,1.5291f,0.7161f,-3.6227f,0.2941f,0f,0f,0f,1f],start_interpolation: 0,interpolation_duration: 1}
$data merge entity $(bone_group13) {transformation: [-2.4953f,-2.0033f,-0.5749f,0.9249f,-2.002f,1.9206f,-0.3601f,0.9698f,1.4874f,0.3175f,-1.4491f,0.2996f,0f,0f,0f,1f],start_interpolation: 0,interpolation_duration: 1}
$data merge entity $(bone_group14) {transformation: [-2.4953f,-2.0033f,-0.5749f,0.9249f,-2.002f,1.9206f,-0.3601f,0.9698f,1.4874f,0.3175f,-1.4491f,0.2996f,0f,0f,0f,1f],start_interpolation: 0,interpolation_duration: 1}
$data merge entity $(bone_group15) {transformation: [-2.4056f,-2.1102f,-0.5749f,0.9871f,-2.0839f,1.8314f,-0.3601f,0.9017f,1.4721f,0.3821f,-1.4491f,0.2918f,0f,0f,0f,1f],start_interpolation: 0,interpolation_duration: 1}
$data merge entity $(bone_group16) {transformation: [-2.4056f,-2.1102f,-0.5749f,0.9871f,-2.0839f,1.8314f,-0.3601f,0.9017f,1.4721f,0.3821f,-1.4491f,0.2918f,0f,0f,0f,1f],start_interpolation: 0,interpolation_duration: 1}
$data merge entity $(bone_group17) {transformation: [-2.2125f,-2.3119f,-0.5749f,1.1027f,-2.2356f,1.6428f,-0.3601f,0.8293f,1.4332f,0.509f,-1.4491f,0.264f,0f,0f,0f,1f],start_interpolation: 0,interpolation_duration: 1}
$data merge entity $(bone_group18) {transformation: [-2.2125f,-2.3119f,-0.5749f,1.1027f,-2.2356f,1.6428f,-0.3601f,0.8293f,1.4332f,0.509f,-1.4491f,0.264f,0f,0f,0f,1f],start_interpolation: 0,interpolation_duration: 1}
$data merge entity $(bone_group19) {transformation: [-2.2125f,-2.3119f,-0.5749f,1.1571f,-2.2356f,1.6428f,-0.3601f,0.7152f,1.4332f,0.509f,-1.4491f,0.2707f,0f,0f,0f,1f],start_interpolation: 0,interpolation_duration: 1}
$data merge entity $(bone_group20) {transformation: [-2.2125f,-2.3119f,-0.5749f,1.1571f,-2.2356f,1.6428f,-0.3601f,0.7152f,1.4332f,0.509f,-1.4491f,0.2707f,0f,0f,0f,1f],start_interpolation: 0,interpolation_duration: 1}
$data merge entity $(bone_bone11) {transformation: [-0.8392f,-0.059f,-0.3593f,0.5389f,0.0411f,1.4599f,-0.225f,1.1669f,0.3227f,-0.3393f,-0.9057f,0.3484f,0f,0f,0f,1f],start_interpolation: 0,interpolation_duration: 1}
$data merge entity $(bone_3) {transformation: [-0.8284f,-0.4297f,-0.3593f,0.581f,-0.37f,0.9014f,-0.225f,1.4078f,0.4206f,-0.0535f,-0.9057f,0.2719f,0f,0f,0f,1f],start_interpolation: 0,interpolation_duration: 1}
$data merge entity $(bone_8) {transformation: [-0.8604f,0.1066f,-0.4983f,0.0848f,0.1069f,0.9939f,0.028f,0.3995f,0.4982f,-0.0292f,-0.8666f,0.5359f,0f,0f,0f,1f],start_interpolation: 0,interpolation_duration: 1}
$data merge entity $(bone_7) {transformation: [-0.8604f,-0.0037f,-0.5095f,0.0834f,0.1069f,0.9764f,-0.1877f,0.7656f,0.4982f,-0.216f,-0.8397f,0.4549f,0f,0f,0f,1f],start_interpolation: 0,interpolation_duration: 1}