# This file was generated by Animated Java via MC-Build. It is not recommended to edit this file directly.
$data merge entity $(bone_layer) {transformation: [-0.8421f,0.2132f,-0.4954f,0.2884f,-0.0215f,0.9046f,0.4258f,1.3713f,0.5389f,0.3692f,-0.7571f,0.4551f,0f,0f,0f,1f],start_interpolation: 0,interpolation_duration: 1}
$data merge entity $(bone_head) {transformation: [-0.8421f,0.2132f,-0.4954f,0.2884f,-0.0215f,0.9046f,0.4258f,1.3713f,0.5389f,0.3692f,-0.7571f,0.4551f,0f,0f,0f,1f],start_interpolation: 0,interpolation_duration: 1}
$data merge entity $(bone_6) {transformation: [-0.7039f,-0.0866f,-0.705f,0.3596f,-0.1069f,0.9941f,-0.0153f,0.3995f,0.7022f,0.0646f,-0.7091f,0.325f,0f,0f,0f,1f],start_interpolation: 0,interpolation_duration: 1}
$data merge entity $(bone_12) {transformation: [-0.7039f,-0.2077f,-0.6792f,0.2817f,-0.1069f,0.9764f,-0.1877f,0.7656f,0.7022f,-0.0595f,-0.7095f,0.3027f,0f,0f,0f,1f],start_interpolation: 0,interpolation_duration: 1}
$data merge entity $(bone_group3) {transformation: [1.2022f,-0.124f,0.2664f,-1.0097f,0.313f,0.8177f,-0.3864f,1.6537f,-0.2471f,0.4326f,0.8067f,0.9804f,0f,0f,0f,1f],start_interpolation: 0,interpolation_duration: 1}
$data merge entity $(bone_group1) {transformation: [1.2022f,-0.124f,0.2664f,-1.0097f,0.313f,0.8177f,-0.3864f,1.6537f,-0.2471f,0.4326f,0.8067f,0.9804f,0f,0f,0f,1f],start_interpolation: 0,interpolation_duration: 1}
$data merge entity $(bone_group4) {transformation: [1.1647f,-0.1201f,0.2581f,-1.0097f,0.3033f,0.7921f,-0.3744f,1.6537f,-0.2394f,0.4191f,0.7815f,0.9804f,0f,0f,0f,1f],start_interpolation: 0,interpolation_duration: 1}
$data merge entity $(bone_group2) {transformation: [1.1647f,-0.1201f,0.2581f,-1.0097f,0.3033f,0.7921f,-0.3744f,1.6537f,-0.2394f,0.4191f,0.7815f,0.9804f,0f,0f,0f,1f],start_interpolation: 0,interpolation_duration: 1}
$data merge entity $(bone_bone1) {transformation: [0.614f,-0.812f,0.7414f,0.2774f,-0.6131f,1.2842f,0.664f,0.5238f,-0.4971f,-2.5868f,0.0969f,1.4828f,0f,0f,0f,1f],start_interpolation: 0,interpolation_duration: 1}
$data merge entity $(bone_2) {transformation: [0.7597f,-0.2818f,0.586f,-0.0424f,-0.2622f,0.6918f,0.6728f,1.045f,-0.595f,-0.6648f,0.4517f,0.8447f,0f,0f,0f,1f],start_interpolation: 0,interpolation_duration: 1}
$data merge entity $(bone_bone2) {transformation: [1.4807f,-0.3448f,0.6497f,0.146f,-0.0271f,1.9251f,0.2708f,0.9216f,-1.3442f,-0.4186f,0.7103f,0.7195f,0f,0f,0f,1f],start_interpolation: 0,interpolation_duration: 1}
$data merge entity $(bone_1) {transformation: [0.7597f,0.0251f,0.6497f,-0.033f,-0.2622f,0.9262f,0.2708f,1.3924f,-0.595f,-0.3761f,0.7103f,0.7036f,0f,0f,0f,1f],start_interpolation: 0,interpolation_duration: 1}
$data merge entity $(bone_4) {transformation: [-0.8284f,-0.5514f,0.0982f,0.6968f,-0.37f,0.407f,-0.8351f,1.1321f,0.4206f,-0.7282f,-0.5412f,0.2587f,0f,0f,0f,1f],start_interpolation: 0,interpolation_duration: 1}
$data merge entity $(bone_group5) {transformation: [-3.3136f,-1.1602f,-1.4372f,0.7296f,-1.4798f,2.4337f,-0.9001f,0.9128f,1.6823f,-0.1444f,-3.6227f,0.4417f,0f,0f,0f,1f],start_interpolation: 0,interpolation_duration: 1}
$data merge entity $(bone_group7) {transformation: [-3.3136f,-1.1602f,-1.4372f,0.7296f,-1.4798f,2.4337f,-0.9001f,0.9128f,1.6823f,-0.1444f,-3.6227f,0.4417f,0f,0f,0f,1f],start_interpolation: 0,interpolation_duration: 1}
$data merge entity $(bone_group6) {transformation: [-2.2896f,-2.6616f,-1.4372f,1.0931f,-2.4984f,1.3678f,-0.9001f,0.9842f,1.5291f,0.7161f,-3.6227f,0.2798f,0f,0f,0f,1f],start_interpolation: 0,interpolation_duration: 1}
$data merge entity $(bone_group8) {transformation: [-2.2896f,-2.6616f,-1.4372f,1.0931f,-2.4984f,1.3678f,-0.9001f,0.9842f,1.5291f,0.7161f,-3.6227f,0.2798f,0f,0f,0f,1f],start_interpolation: 0,interpolation_duration: 1}
$data merge entity $(bone_group9) {transformation: [-2.2896f,-2.6616f,-1.4372f,1.1475f,-2.4984f,1.3678f,-0.9001f,0.8701f,1.5291f,0.7161f,-3.6227f,0.2865f,0f,0f,0f,1f],start_interpolation: 0,interpolation_duration: 1}
$data merge entity $(bone_group10) {transformation: [-2.2896f,-2.6616f,-1.4372f,1.1475f,-2.4984f,1.3678f,-0.9001f,0.8701f,1.5291f,0.7161f,-3.6227f,0.2865f,0f,0f,0f,1f],start_interpolation: 0,interpolation_duration: 1}
$data merge entity $(bone_group11) {transformation: [-2.2896f,-2.6616f,-1.4372f,1.2019f,-2.4984f,1.3678f,-0.9001f,0.756f,1.5291f,0.7161f,-3.6227f,0.2933f,0f,0f,0f,1f],start_interpolation: 0,interpolation_duration: 1}
$data merge entity $(bone_group12) {transformation: [-2.2896f,-2.6616f,-1.4372f,1.2019f,-2.4984f,1.3678f,-0.9001f,0.756f,1.5291f,0.7161f,-3.6227f,0.2933f,0f,0f,0f,1f],start_interpolation: 0,interpolation_duration: 1}
$data merge entity $(bone_group13) {transformation: [-2.4954f,-2.0033f,-0.5749f,0.9242f,-2.002f,1.9206f,-0.36f,0.9688f,1.4874f,0.3175f,-1.4491f,0.2988f,0f,0f,0f,1f],start_interpolation: 0,interpolation_duration: 1}
$data merge entity $(bone_group14) {transformation: [-2.4954f,-2.0033f,-0.5749f,0.9242f,-2.002f,1.9206f,-0.36f,0.9688f,1.4874f,0.3175f,-1.4491f,0.2988f,0f,0f,0f,1f],start_interpolation: 0,interpolation_duration: 1}
$data merge entity $(bone_group15) {transformation: [-2.4056f,-2.1102f,-0.5749f,0.9865f,-2.0839f,1.8314f,-0.36f,0.9007f,1.4721f,0.3821f,-1.4491f,0.291f,0f,0f,0f,1f],start_interpolation: 0,interpolation_duration: 1}
$data merge entity $(bone_group16) {transformation: [-2.4056f,-2.1102f,-0.5749f,0.9865f,-2.0839f,1.8314f,-0.36f,0.9007f,1.4721f,0.3821f,-1.4491f,0.291f,0f,0f,0f,1f],start_interpolation: 0,interpolation_duration: 1}
$data merge entity $(bone_group17) {transformation: [-2.2125f,-2.3119f,-0.5749f,1.1021f,-2.2356f,1.6429f,-0.36f,0.8283f,1.4332f,0.509f,-1.4491f,0.2632f,0f,0f,0f,1f],start_interpolation: 0,interpolation_duration: 1}
$data merge entity $(bone_group18) {transformation: [-2.2125f,-2.3119f,-0.5749f,1.1021f,-2.2356f,1.6429f,-0.36f,0.8283f,1.4332f,0.509f,-1.4491f,0.2632f,0f,0f,0f,1f],start_interpolation: 0,interpolation_duration: 1}
$data merge entity $(bone_group19) {transformation: [-2.2125f,-2.3119f,-0.5749f,1.1565f,-2.2356f,1.6429f,-0.36f,0.7142f,1.4332f,0.509f,-1.4491f,0.2699f,0f,0f,0f,1f],start_interpolation: 0,interpolation_duration: 1}
$data merge entity $(bone_group20) {transformation: [-2.2125f,-2.3119f,-0.5749f,1.1565f,-2.2356f,1.6429f,-0.36f,0.7142f,1.4332f,0.509f,-1.4491f,0.2699f,0f,0f,0f,1f],start_interpolation: 0,interpolation_duration: 1}
$data merge entity $(bone_bone11) {transformation: [-0.8392f,-0.059f,-0.3593f,0.5383f,0.0411f,1.4599f,-0.225f,1.1659f,0.3227f,-0.3393f,-0.9057f,0.3477f,0f,0f,0f,1f],start_interpolation: 0,interpolation_duration: 1}
$data merge entity $(bone_3) {transformation: [-0.8284f,-0.4297f,-0.3593f,0.5804f,-0.37f,0.9014f,-0.225f,1.4068f,0.4206f,-0.0535f,-0.9057f,0.2711f,0f,0f,0f,1f],start_interpolation: 0,interpolation_duration: 1}
$data merge entity $(bone_8) {transformation: [-0.8604f,0.1066f,-0.4983f,0.0848f,0.1069f,0.9939f,0.028f,0.3995f,0.4982f,-0.0291f,-0.8666f,0.5359f,0f,0f,0f,1f],start_interpolation: 0,interpolation_duration: 1}
$data merge entity $(bone_7) {transformation: [-0.8604f,-0.0037f,-0.5095f,0.0834f,0.1069f,0.9764f,-0.1877f,0.7656f,0.4982f,-0.216f,-0.8397f,0.4549f,0f,0f,0f,1f],start_interpolation: 0,interpolation_duration: 1}