# This file was generated by Animated Java via MC-Build. It is not recommended to edit this file directly.
$data merge entity $(bone_layer) {transformation: [-0.8443f,0.2004f,-0.497f,0.2884f,-0.0247f,0.9119f,0.4096f,1.3717f,0.5353f,0.3581f,-0.765f,0.4551f,0f,0f,0f,1f],start_interpolation: 0,interpolation_duration: 1}
$data merge entity $(bone_head) {transformation: [-0.8443f,0.2004f,-0.497f,0.2884f,-0.0247f,0.9119f,0.4096f,1.3717f,0.5353f,0.3581f,-0.765f,0.4551f,0f,0f,0f,1f],start_interpolation: 0,interpolation_duration: 1}
$data merge entity $(bone_6) {transformation: [-0.7039f,-0.0866f,-0.705f,0.3596f,-0.1069f,0.9941f,-0.0153f,0.3995f,0.7022f,0.0646f,-0.7091f,0.325f,0f,0f,0f,1f],start_interpolation: 0,interpolation_duration: 1}
$data merge entity $(bone_12) {transformation: [-0.7039f,-0.2077f,-0.6792f,0.2817f,-0.1069f,0.9764f,-0.1877f,0.7656f,0.7022f,-0.0595f,-0.7095f,0.3027f,0f,0f,0f,1f],start_interpolation: 0,interpolation_duration: 1}
$data merge entity $(bone_group3) {transformation: [1.2022f,-0.124f,0.2664f,-1.0097f,0.313f,0.8177f,-0.3864f,1.6537f,-0.2471f,0.4326f,0.8067f,0.9804f,0f,0f,0f,1f],start_interpolation: 0,interpolation_duration: 1}
$data merge entity $(bone_group1) {transformation: [1.2022f,-0.124f,0.2664f,-1.0097f,0.313f,0.8177f,-0.3864f,1.6537f,-0.2471f,0.4326f,0.8067f,0.9804f,0f,0f,0f,1f],start_interpolation: 0,interpolation_duration: 1}
$data merge entity $(bone_group4) {transformation: [1.1647f,-0.1201f,0.2581f,-1.0097f,0.3033f,0.7921f,-0.3744f,1.6537f,-0.2394f,0.4191f,0.7815f,0.9804f,0f,0f,0f,1f],start_interpolation: 0,interpolation_duration: 1}
$data merge entity $(bone_group2) {transformation: [1.1647f,-0.1201f,0.2581f,-1.0097f,0.3033f,0.7921f,-0.3744f,1.6537f,-0.2394f,0.4191f,0.7815f,0.9804f,0f,0f,0f,1f],start_interpolation: 0,interpolation_duration: 1}
$data merge entity $(bone_bone1) {transformation: [0.6211f,-0.8105f,0.7357f,0.2814f,-0.6112f,1.2619f,0.6705f,0.5303f,-0.4906f,-2.5982f,0.0961f,1.49f,0f,0f,0f,1f],start_interpolation: 0,interpolation_duration: 1}
$data merge entity $(bone_2) {transformation: [0.7645f,-0.2843f,0.5786f,-0.0397f,-0.2598f,0.6855f,0.6801f,1.0451f,-0.59f,-0.6703f,0.4502f,0.8473f,0f,0f,0f,1f],start_interpolation: 0,interpolation_duration: 1}
$data merge entity $(bone_bone2) {transformation: [1.4853f,-0.3644f,0.6444f,0.1504f,-0.0242f,1.9169f,0.285f,0.9225f,-1.3392f,-0.4389f,0.7096f,0.7238f,0f,0f,0f,1f],start_interpolation: 0,interpolation_duration: 1}
$data merge entity $(bone_1) {transformation: [0.7645f,0.0162f,0.6444f,-0.0337f,-0.2598f,0.9227f,0.285f,1.3911f,-0.59f,-0.3853f,0.7096f,0.7028f,0f,0f,0f,1f],start_interpolation: 0,interpolation_duration: 1}
$data merge entity $(bone_4) {transformation: [-0.8284f,-0.5514f,0.0982f,0.6966f,-0.37f,0.407f,-0.8351f,1.1318f,0.4206f,-0.7282f,-0.5412f,0.2584f,0f,0f,0f,1f],start_interpolation: 0,interpolation_duration: 1}
$data merge entity $(bone_group5) {transformation: [-3.3136f,-1.1602f,-1.4372f,0.7294f,-1.4798f,2.4337f,-0.9001f,0.9125f,1.6823f,-0.1444f,-3.6227f,0.4414f,0f,0f,0f,1f],start_interpolation: 0,interpolation_duration: 1}
$data merge entity $(bone_group7) {transformation: [-3.3136f,-1.1602f,-1.4372f,0.7294f,-1.4798f,2.4337f,-0.9001f,0.9125f,1.6823f,-0.1444f,-3.6227f,0.4414f,0f,0f,0f,1f],start_interpolation: 0,interpolation_duration: 1}
$data merge entity $(bone_group6) {transformation: [-2.2896f,-2.6616f,-1.4372f,1.0929f,-2.4984f,1.3678f,-0.9001f,0.9838f,1.5291f,0.7161f,-3.6227f,0.2795f,0f,0f,0f,1f],start_interpolation: 0,interpolation_duration: 1}
$data merge entity $(bone_group8) {transformation: [-2.2896f,-2.6616f,-1.4372f,1.0929f,-2.4984f,1.3678f,-0.9001f,0.9838f,1.5291f,0.7161f,-3.6227f,0.2795f,0f,0f,0f,1f],start_interpolation: 0,interpolation_duration: 1}
$data merge entity $(bone_group9) {transformation: [-2.2896f,-2.6616f,-1.4372f,1.1473f,-2.4984f,1.3678f,-0.9001f,0.8697f,1.5291f,0.7161f,-3.6227f,0.2862f,0f,0f,0f,1f],start_interpolation: 0,interpolation_duration: 1}
$data merge entity $(bone_group10) {transformation: [-2.2896f,-2.6616f,-1.4372f,1.1473f,-2.4984f,1.3678f,-0.9001f,0.8697f,1.5291f,0.7161f,-3.6227f,0.2862f,0f,0f,0f,1f],start_interpolation: 0,interpolation_duration: 1}
$data merge entity $(bone_group11) {transformation: [-2.2896f,-2.6616f,-1.4372f,1.2017f,-2.4984f,1.3678f,-0.9001f,0.7556f,1.5291f,0.7161f,-3.6227f,0.293f,0f,0f,0f,1f],start_interpolation: 0,interpolation_duration: 1}
$data merge entity $(bone_group12) {transformation: [-2.2896f,-2.6616f,-1.4372f,1.2017f,-2.4984f,1.3678f,-0.9001f,0.7556f,1.5291f,0.7161f,-3.6227f,0.293f,0f,0f,0f,1f],start_interpolation: 0,interpolation_duration: 1}
$data merge entity $(bone_group13) {transformation: [-2.4954f,-2.0033f,-0.5749f,0.924f,-2.002f,1.9206f,-0.36f,0.9685f,1.4874f,0.3175f,-1.4491f,0.2985f,0f,0f,0f,1f],start_interpolation: 0,interpolation_duration: 1}
$data merge entity $(bone_group14) {transformation: [-2.4954f,-2.0033f,-0.5749f,0.924f,-2.002f,1.9206f,-0.36f,0.9685f,1.4874f,0.3175f,-1.4491f,0.2985f,0f,0f,0f,1f],start_interpolation: 0,interpolation_duration: 1}
$data merge entity $(bone_group15) {transformation: [-2.4056f,-2.1102f,-0.5749f,0.9863f,-2.0839f,1.8314f,-0.36f,0.9004f,1.4721f,0.3821f,-1.4491f,0.2908f,0f,0f,0f,1f],start_interpolation: 0,interpolation_duration: 1}
$data merge entity $(bone_group16) {transformation: [-2.4056f,-2.1102f,-0.5749f,0.9863f,-2.0839f,1.8314f,-0.36f,0.9004f,1.4721f,0.3821f,-1.4491f,0.2908f,0f,0f,0f,1f],start_interpolation: 0,interpolation_duration: 1}
$data merge entity $(bone_group17) {transformation: [-2.2125f,-2.3119f,-0.5749f,1.1019f,-2.2356f,1.6429f,-0.36f,0.828f,1.4332f,0.509f,-1.4491f,0.2629f,0f,0f,0f,1f],start_interpolation: 0,interpolation_duration: 1}
$data merge entity $(bone_group18) {transformation: [-2.2125f,-2.3119f,-0.5749f,1.1019f,-2.2356f,1.6429f,-0.36f,0.828f,1.4332f,0.509f,-1.4491f,0.2629f,0f,0f,0f,1f],start_interpolation: 0,interpolation_duration: 1}
$data merge entity $(bone_group19) {transformation: [-2.2125f,-2.3119f,-0.5749f,1.1563f,-2.2356f,1.6429f,-0.36f,0.7139f,1.4332f,0.509f,-1.4491f,0.2696f,0f,0f,0f,1f],start_interpolation: 0,interpolation_duration: 1}
$data merge entity $(bone_group20) {transformation: [-2.2125f,-2.3119f,-0.5749f,1.1563f,-2.2356f,1.6429f,-0.36f,0.7139f,1.4332f,0.509f,-1.4491f,0.2696f,0f,0f,0f,1f],start_interpolation: 0,interpolation_duration: 1}
$data merge entity $(bone_bone11) {transformation: [-0.8392f,-0.059f,-0.3593f,0.5381f,0.0411f,1.4599f,-0.225f,1.1655f,0.3227f,-0.3393f,-0.9057f,0.3474f,0f,0f,0f,1f],start_interpolation: 0,interpolation_duration: 1}
$data merge entity $(bone_3) {transformation: [-0.8284f,-0.4297f,-0.3593f,0.5802f,-0.37f,0.9014f,-0.225f,1.4064f,0.4206f,-0.0535f,-0.9057f,0.2708f,0f,0f,0f,1f],start_interpolation: 0,interpolation_duration: 1}
$data merge entity $(bone_8) {transformation: [-0.8604f,0.1066f,-0.4983f,0.0848f,0.1069f,0.9939f,0.0281f,0.3995f,0.4982f,-0.0291f,-0.8666f,0.5359f,0f,0f,0f,1f],start_interpolation: 0,interpolation_duration: 1}
$data merge entity $(bone_7) {transformation: [-0.8604f,-0.0037f,-0.5095f,0.0834f,0.1069f,0.9764f,-0.1877f,0.7656f,0.4982f,-0.216f,-0.8397f,0.4549f,0f,0f,0f,1f],start_interpolation: 0,interpolation_duration: 1}