# This file was generated by Animated Java via MC-Build. It is not recommended to edit this file directly.
$data merge entity $(bone_layer) {transformation: [0.1458f,0.3912f,-0.9087f,0.5625f,-0.0098f,0.919f,0.394f,1.2031f,0.9893f,-0.0486f,0.1378f,-4.1875f,0f,0f,0f,1f],start_interpolation: 0,interpolation_duration: 1}
$data merge entity $(bone_head) {transformation: [0.1458f,0.3912f,-0.9087f,0.5625f,-0.0098f,0.919f,0.394f,1.2031f,0.9893f,-0.0486f,0.1378f,-4.1875f,0f,0f,0f,1f],start_interpolation: 0,interpolation_duration: 1}
$data merge entity $(bone_6) {transformation: [0.0491f,0.8256f,-0.5621f,0.4914f,-0.0789f,0.5643f,0.8218f,0.0933f,0.9957f,0.004f,0.0929f,-4.3962f,0f,0f,0f,1f],start_interpolation: 0,interpolation_duration: 1}
$data merge entity $(bone_12) {transformation: [0.0714f,0.2291f,-0.9708f,0.5774f,-0.1844f,0.9595f,0.2129f,0.4531f,0.9803f,0.1638f,0.1108f,-4.3348f,0f,0f,0f,1f],start_interpolation: 0,interpolation_duration: 1}
$data merge entity $(bone_group3) {transformation: [0.2147f,0.2134f,0.8829f,0.4578f,0.3547f,0.8912f,-0.2978f,1.2846f,-1.17f,0.2191f,0.2235f,-3.1815f,0f,0f,0f,1f],start_interpolation: 0,interpolation_duration: 1}
$data merge entity $(bone_group1) {transformation: [-0.7842f,0.1096f,0.4942f,1.1522f,0.3731f,0.8357f,0.4136f,1.0201f,-0.562f,0.4009f,-0.9951f,-2.6415f,0f,0f,0f,1f],start_interpolation: 0,interpolation_duration: 1}
$data merge entity $(bone_group4) {transformation: [-0.492f,0.0324f,0.7579f,0.828f,0.3367f,0.894f,0.1846f,1.1796f,-0.9626f,0.1946f,-0.642f,-2.7807f,0f,0f,0f,1f],start_interpolation: 0,interpolation_duration: 1}
$data merge entity $(bone_group2) {transformation: [0.2079f,0.2067f,0.8553f,0.4578f,0.3436f,0.8633f,-0.2885f,1.2846f,-1.1334f,0.2123f,0.2165f,-3.1815f,0f,0f,0f,1f],start_interpolation: 0,interpolation_duration: 1}
$data merge entity $(bone_10) {transformation: [0.2475f,0.1356f,-0.9594f,0.5799f,-0.0472f,0.9907f,0.1278f,0.7945f,0.9677f,0.0137f,0.2516f,-4.1857f,0f,0f,0f,1f],start_interpolation: 0,interpolation_duration: 1}
$data merge entity $(bone_9) {transformation: [0.2475f,0.1356f,-0.9594f,0.6308f,-0.0472f,0.9907f,0.1278f,1.166f,0.9677f,0.0137f,0.2516f,-4.1806f,0f,0f,0f,1f],start_interpolation: 0,interpolation_duration: 1}
$data merge entity $(bone_bone12) {transformation: [0.0044f,0.253f,-0.9857f,0.2419f,0.9046f,1.1789f,0.1363f,1.5352f,1.1965f,-0.8923f,-0.0994f,-4.2198f,0f,0f,0f,1f],start_interpolation: 0,interpolation_duration: 1}
$data merge entity $(bone_bone1) {transformation: [0.0721f,-2.4504f,0.5724f,1.3175f,-0.6104f,1.2532f,0.673f,0.3454f,-0.7888f,-1.1938f,-0.4685f,-3.5034f,0f,0f,0f,1f],start_interpolation: 0,interpolation_duration: 1}
$data merge entity $(bone_2) {transformation: [0.0969f,-0.6852f,0.7219f,0.6278f,-0.2588f,0.683f,0.683f,0.8577f,-0.961f,-0.2531f,-0.1111f,-3.711f,0f,0f,0f,1f],start_interpolation: 0,interpolation_duration: 1}
$data merge entity $(bone_bone2) {transformation: [0.0452f,-0.5803f,0.9567f,0.6692f,-0.0231f,1.9136f,0.2905f,0.7354f,-1.9994f,-0.0353f,0.0183f,-3.934f,0f,0f,0f,1f],start_interpolation: 0,interpolation_duration: 1}
$data merge entity $(bone_1) {transformation: [0.0969f,-0.2744f,0.9567f,0.5249f,-0.2588f,0.9212f,0.2905f,1.2031f,-0.961f,-0.2758f,0.0183f,-3.8144f,0f,0f,0f,1f],start_interpolation: 0,interpolation_duration: 1}
$data merge entity $(bone_4) {transformation: [-0.2239f,-0.5971f,-0.7703f,0.4955f,-0.8242f,0.5378f,-0.1774f,0.9607f,0.5202f,0.5951f,-0.6126f,-4.6864f,0f,0f,0f,1f],start_interpolation: 0,interpolation_duration: 1}
$data merge entity $(bone_group5) {transformation: [-0.8956f,-0.1554f,-3.8917f,0.6037f,-3.2967f,1.4688f,0.63f,0.712f,2.0808f,2.2602f,-0.6769f,-4.7821f,0f,0f,0f,1f],start_interpolation: 0,interpolation_duration: 1}
$data merge entity $(bone_group7) {transformation: [-0.8956f,-0.1554f,-3.8917f,0.6037f,-3.2967f,1.4688f,0.63f,0.712f,2.0808f,2.2602f,-0.6769f,-4.7821f,0f,0f,0f,1f],start_interpolation: 0,interpolation_duration: 1}
$data merge entity $(bone_group6) {transformation: [-0.6979f,-0.5823f,-3.8917f,0.6971f,-3.5894f,-0.3763f,0.63f,0.9928f,0.6719f,2.9978f,-0.6769f,-5.0576f,0f,0f,0f,1f],start_interpolation: 0,interpolation_duration: 1}
$data merge entity $(bone_group8) {transformation: [-0.6979f,-0.5823f,-3.8917f,0.6971f,-3.5894f,-0.3763f,0.63f,0.9928f,0.6719f,2.9978f,-0.6769f,-5.0576f,0f,0f,0f,1f],start_interpolation: 0,interpolation_duration: 1}
$data merge entity $(bone_group9) {transformation: [-0.6979f,-0.5823f,-3.8917f,0.7044f,-3.5894f,-0.3763f,0.63f,0.924f,0.6719f,2.9978f,-0.6769f,-5.1636f,0f,0f,0f,1f],start_interpolation: 0,interpolation_duration: 1}
$data merge entity $(bone_group10) {transformation: [-0.6979f,-0.5823f,-3.8917f,0.7044f,-3.5894f,-0.3763f,0.63f,0.924f,0.6719f,2.9978f,-0.6769f,-5.1636f,0f,0f,0f,1f],start_interpolation: 0,interpolation_duration: 1}
$data merge entity $(bone_group11) {transformation: [-0.6979f,-0.5823f,-3.8917f,0.7116f,-3.5894f,-0.3763f,0.63f,0.8551f,0.6719f,2.9978f,-0.6769f,-5.2695f,0f,0f,0f,1f],start_interpolation: 0,interpolation_duration: 1}
$data merge entity $(bone_group12) {transformation: [-0.6979f,-0.5823f,-3.8917f,0.7116f,-3.5894f,-0.3763f,0.63f,0.8551f,0.6719f,2.9978f,-0.6769f,-5.2695f,0f,0f,0f,1f],start_interpolation: 0,interpolation_duration: 1}
$data merge entity $(bone_group13) {transformation: [-0.722f,-0.3906f,-1.5567f,0.6138f,-3.2714f,0.5086f,0.252f,0.905f,1.1064f,2.7187f,-0.2708f,-4.9373f,0f,0f,0f,1f],start_interpolation: 0,interpolation_duration: 1}
$data merge entity $(bone_group14) {transformation: [-0.722f,-0.3906f,-1.5567f,0.6138f,-3.2714f,0.5086f,0.252f,0.905f,1.1064f,2.7187f,-0.2708f,-4.9373f,0f,0f,0f,1f],start_interpolation: 0,interpolation_duration: 1}
$data merge entity $(bone_group15) {transformation: [-0.7043f,-0.4217f,-1.5567f,0.6254f,-3.2904f,0.3654f,0.252f,0.8817f,0.9868f,2.7644f,-0.2708f,-5.0261f,0f,0f,0f,1f],start_interpolation: 0,interpolation_duration: 1}
$data merge entity $(bone_group16) {transformation: [-0.7043f,-0.4217f,-1.5567f,0.6254f,-3.2904f,0.3654f,0.252f,0.8817f,0.9868f,2.7644f,-0.2708f,-5.0261f,0f,0f,0f,1f],start_interpolation: 0,interpolation_duration: 1}
$data merge entity $(bone_group17) {transformation: [-0.6648f,-0.4815f,-1.5567f,0.6501f,-3.3098f,0.0773f,0.252f,0.8866f,0.7421f,2.8399f,-0.2708f,-5.1631f,0f,0f,0f,1f],start_interpolation: 0,interpolation_duration: 1}
$data merge entity $(bone_group18) {transformation: [-0.6648f,-0.4815f,-1.5567f,0.6501f,-3.3098f,0.0773f,0.252f,0.8866f,0.7421f,2.8399f,-0.2708f,-5.1631f,0f,0f,0f,1f],start_interpolation: 0,interpolation_duration: 1}
$data merge entity $(bone_group19) {transformation: [-0.6648f,-0.4815f,-1.5567f,0.6573f,-3.3098f,0.0773f,0.252f,0.8177f,0.7421f,2.8399f,-0.2708f,-5.2691f,0f,0f,0f,1f],start_interpolation: 0,interpolation_duration: 1}
$data merge entity $(bone_group20) {transformation: [-0.6648f,-0.4815f,-1.5567f,0.6573f,-3.3098f,0.0773f,0.252f,0.8177f,0.7421f,2.8399f,-0.2708f,-5.2691f,0f,0f,0f,1f],start_interpolation: 0,interpolation_duration: 1}
$data merge entity $(bone_bone11) {transformation: [-0.2045f,0.0637f,-0.9729f,0.4855f,-0.4653f,1.262f,0.1575f,0.878f,0.7427f,0.8082f,-0.1692f,-4.5214f,0f,0f,0f,1f],start_interpolation: 0,interpolation_duration: 1}
$data merge entity $(bone_3) {transformation: [-0.2239f,-0.0575f,-0.9729f,0.5088f,-0.8242f,0.544f,0.1575f,1.1172f,0.5202f,0.8371f,-0.1692f,-4.4326f,0f,0f,0f,1f],start_interpolation: 0,interpolation_duration: 1}
$data merge entity $(bone_8) {transformation: [0.0237f,0.0571f,-0.9981f,0.8089f,0.1483f,0.9871f,0.06f,0.2452f,0.9887f,-0.1494f,0.0149f,-3.9932f,0f,0f,0f,1f],start_interpolation: 0,interpolation_duration: 1}
$data merge entity $(bone_7) {transformation: [0.0237f,-0.7456f,-0.666f,0.5454f,0.1483f,0.6615f,-0.7352f,0.4531f,0.9887f,-0.0814f,0.1262f,-4.0181f,0f,0f,0f,1f],start_interpolation: 0,interpolation_duration: 1}