# This file was generated by Animated Java via MC-Build. It is not recommended to edit this file directly.
$data merge entity $(bone_layer) {transformation: [-0.8459f,0.18f,-0.502f,0.2884f,-0.0299f,0.9238f,0.3816f,1.3718f,0.5325f,0.3378f,-0.7761f,0.4559f,0f,0f,0f,1f],start_interpolation: 0,interpolation_duration: 1}
$data merge entity $(bone_head) {transformation: [-0.8459f,0.18f,-0.502f,0.2884f,-0.0299f,0.9238f,0.3816f,1.3718f,0.5325f,0.3378f,-0.7761f,0.4559f,0f,0f,0f,1f],start_interpolation: 0,interpolation_duration: 1}
$data merge entity $(bone_6) {transformation: [-0.7037f,-0.0871f,-0.7052f,0.3595f,-0.1069f,0.9941f,-0.0161f,0.3995f,0.7024f,0.0641f,-0.7089f,0.3258f,0f,0f,0f,1f],start_interpolation: 0,interpolation_duration: 1}
$data merge entity $(bone_12) {transformation: [-0.7037f,-0.2078f,-0.6794f,0.2816f,-0.1068f,0.9763f,-0.188f,0.7656f,0.7024f,-0.0597f,-0.7093f,0.3034f,0f,0f,0f,1f],start_interpolation: 0,interpolation_duration: 1}
$data merge entity $(bone_group3) {transformation: [1.2022f,-0.1239f,0.2666f,-1.0099f,0.3129f,0.8177f,-0.3865f,1.6539f,-0.2472f,0.4327f,0.8066f,0.9814f,0f,0f,0f,1f],start_interpolation: 0,interpolation_duration: 1}
$data merge entity $(bone_group1) {transformation: [1.2025f,-0.1238f,0.2655f,-1.0095f,0.3125f,0.8176f,-0.387f,1.6542f,-0.2465f,0.4329f,0.8068f,0.9809f,0f,0f,0f,1f],start_interpolation: 0,interpolation_duration: 1}
$data merge entity $(bone_group4) {transformation: [1.1648f,-0.1201f,0.2576f,-1.0098f,0.303f,0.792f,-0.3747f,1.654f,-0.239f,0.4194f,0.7815f,0.981f,0f,0f,0f,1f],start_interpolation: 0,interpolation_duration: 1}
$data merge entity $(bone_group2) {transformation: [1.1647f,-0.12f,0.2583f,-1.0099f,0.3031f,0.7921f,-0.3744f,1.6539f,-0.2395f,0.4192f,0.7814f,0.9814f,0f,0f,0f,1f],start_interpolation: 0,interpolation_duration: 1}
$data merge entity $(bone_10) {transformation: [-0.7933f,0.2167f,-0.569f,0.2174f,0.0001f,0.9346f,0.3558f,1.0663f,0.6088f,0.2822f,-0.7414f,0.4147f,0f,0f,0f,1f],start_interpolation: 0,interpolation_duration: 1}
$data merge entity $(bone_9) {transformation: [-0.7933f,0.2167f,-0.569f,0.2986f,0.0001f,0.9346f,0.3558f,1.4168f,0.6088f,0.2822f,-0.7414f,0.5206f,0f,0f,0f,1f],start_interpolation: 0,interpolation_duration: 1}
$data merge entity $(bone_bone12) {transformation: [-0.746f,0.9821f,-0.5692f,0.1173f,0.8534f,1.1122f,0.3558f,1.8645f,0.9824f,-0.2204f,-0.7413f,0.2844f,0f,0f,0f,1f],start_interpolation: 0,interpolation_duration: 1}
$data merge entity $(bone_bone1) {transformation: [0.6237f,-0.8108f,0.7335f,0.2832f,-0.6104f,1.2532f,0.673f,0.5329f,-0.4883f,-2.6023f,0.0956f,1.4935f,0f,0f,0f,1f],start_interpolation: 0,interpolation_duration: 1}
$data merge entity $(bone_2) {transformation: [0.7661f,-0.2855f,0.5758f,-0.0386f,-0.2588f,0.683f,0.683f,1.0451f,-0.5883f,-0.6723f,0.4494f,0.8491f,0f,0f,0f,1f],start_interpolation: 0,interpolation_duration: 1}
$data merge entity $(bone_bone2) {transformation: [1.4866f,-0.3722f,0.6426f,0.1521f,-0.0231f,1.9136f,0.2905f,0.9229f,-1.3378f,-0.4467f,0.709f,0.7263f,0f,0f,0f,1f],start_interpolation: 0,interpolation_duration: 1}
$data merge entity $(bone_1) {transformation: [0.7661f,0.0126f,0.6426f,-0.0339f,-0.2588f,0.9212f,0.2905f,1.3906f,-0.5883f,-0.3888f,0.709f,0.7033f,0f,0f,0f,1f],start_interpolation: 0,interpolation_duration: 1}
$data merge entity $(bone_4) {transformation: [-0.8284f,-0.5515f,0.098f,0.6964f,-0.3695f,0.4066f,-0.8355f,1.1315f,0.421f,-0.7283f,-0.5406f,0.259f,0f,0f,0f,1f],start_interpolation: 0,interpolation_duration: 1}
$data merge entity $(bone_group5) {transformation: [-3.3136f,-1.1596f,-1.4384f,0.7292f,-1.4781f,2.434f,-0.9015f,0.9123f,1.6838f,-0.1453f,-3.6219f,0.4422f,0f,0f,0f,1f],start_interpolation: 0,interpolation_duration: 1}
$data merge entity $(bone_group7) {transformation: [-3.3136f,-1.1596f,-1.4384f,0.7292f,-1.4781f,2.434f,-0.9015f,0.9123f,1.6838f,-0.1453f,-3.6219f,0.4422f,0f,0f,0f,1f],start_interpolation: 0,interpolation_duration: 1}
$data merge entity $(bone_group6) {transformation: [-2.2898f,-2.661f,-1.4384f,1.0927f,-2.4971f,1.3688f,-0.9015f,0.9835f,1.5309f,0.7161f,-3.6219f,0.2801f,0f,0f,0f,1f],start_interpolation: 0,interpolation_duration: 1}
$data merge entity $(bone_group8) {transformation: [-2.2898f,-2.661f,-1.4384f,1.0927f,-2.4971f,1.3688f,-0.9015f,0.9835f,1.5309f,0.7161f,-3.6219f,0.2801f,0f,0f,0f,1f],start_interpolation: 0,interpolation_duration: 1}
$data merge entity $(bone_group9) {transformation: [-2.2898f,-2.661f,-1.4384f,1.1471f,-2.4971f,1.3688f,-0.9015f,0.8694f,1.5309f,0.7161f,-3.6219f,0.2869f,0f,0f,0f,1f],start_interpolation: 0,interpolation_duration: 1}
$data merge entity $(bone_group10) {transformation: [-2.2898f,-2.661f,-1.4384f,1.1471f,-2.4971f,1.3688f,-0.9015f,0.8694f,1.5309f,0.7161f,-3.6219f,0.2869f,0f,0f,0f,1f],start_interpolation: 0,interpolation_duration: 1}
$data merge entity $(bone_group11) {transformation: [-2.2898f,-2.661f,-1.4384f,1.2015f,-2.4971f,1.3688f,-0.9015f,0.7553f,1.5309f,0.7161f,-3.6219f,0.2937f,0f,0f,0f,1f],start_interpolation: 0,interpolation_duration: 1}
$data merge entity $(bone_group12) {transformation: [-2.2898f,-2.661f,-1.4384f,1.2015f,-2.4971f,1.3688f,-0.9015f,0.7553f,1.5309f,0.7161f,-3.6219f,0.2937f,0f,0f,0f,1f],start_interpolation: 0,interpolation_duration: 1}
$data merge entity $(bone_group13) {transformation: [-2.4955f,-2.0027f,-0.5753f,0.9239f,-2.0007f,1.9213f,-0.3606f,0.9682f,1.489f,0.3171f,-1.4488f,0.2992f,0f,0f,0f,1f],start_interpolation: 0,interpolation_duration: 1}
$data merge entity $(bone_group14) {transformation: [-2.4955f,-2.0027f,-0.5753f,0.9239f,-2.0007f,1.9213f,-0.3606f,0.9682f,1.489f,0.3171f,-1.4488f,0.2992f,0f,0f,0f,1f],start_interpolation: 0,interpolation_duration: 1}
$data merge entity $(bone_group15) {transformation: [-2.4058f,-2.1097f,-0.5753f,0.9861f,-2.0826f,1.8322f,-0.3606f,0.9001f,1.4738f,0.3818f,-1.4488f,0.2914f,0f,0f,0f,1f],start_interpolation: 0,interpolation_duration: 1}
$data merge entity $(bone_group16) {transformation: [-2.4058f,-2.1097f,-0.5753f,0.9861f,-2.0826f,1.8322f,-0.3606f,0.9001f,1.4738f,0.3818f,-1.4488f,0.2914f,0f,0f,0f,1f],start_interpolation: 0,interpolation_duration: 1}
$data merge entity $(bone_group17) {transformation: [-2.2127f,-2.3113f,-0.5753f,1.1017f,-2.2343f,1.6437f,-0.3606f,0.8277f,1.4349f,0.5087f,-1.4488f,0.2636f,0f,0f,0f,1f],start_interpolation: 0,interpolation_duration: 1}
$data merge entity $(bone_group18) {transformation: [-2.2127f,-2.3113f,-0.5753f,1.1017f,-2.2343f,1.6437f,-0.3606f,0.8277f,1.4349f,0.5087f,-1.4488f,0.2636f,0f,0f,0f,1f],start_interpolation: 0,interpolation_duration: 1}
$data merge entity $(bone_group19) {transformation: [-2.2127f,-2.3113f,-0.5753f,1.156f,-2.2343f,1.6437f,-0.3606f,0.7136f,1.4349f,0.5087f,-1.4488f,0.2704f,0f,0f,0f,1f],start_interpolation: 0,interpolation_duration: 1}
$data merge entity $(bone_group20) {transformation: [-2.2127f,-2.3113f,-0.5753f,1.156f,-2.2343f,1.6437f,-0.3606f,0.7136f,1.4349f,0.5087f,-1.4488f,0.2704f,0f,0f,0f,1f],start_interpolation: 0,interpolation_duration: 1}
$data merge entity $(bone_bone11) {transformation: [-0.8391f,-0.0587f,-0.3596f,0.538f,0.0415f,1.4598f,-0.2254f,1.1654f,0.3229f,-0.34f,-0.9055f,0.348f,0f,0f,0f,1f],start_interpolation: 0,interpolation_duration: 1}
$data merge entity $(bone_3) {transformation: [-0.8284f,-0.4295f,-0.3596f,0.5802f,-0.3695f,0.9015f,-0.2254f,1.4062f,0.421f,-0.0538f,-0.9055f,0.2713f,0f,0f,0f,1f],start_interpolation: 0,interpolation_duration: 1}
$data merge entity $(bone_8) {transformation: [-0.8604f,0.1066f,-0.4984f,0.0846f,0.1069f,0.9939f,0.028f,0.3994f,0.4984f,-0.0292f,-0.8665f,0.5365f,0f,0f,0f,1f],start_interpolation: 0,interpolation_duration: 1}
$data merge entity $(bone_7) {transformation: [-0.8604f,-0.0035f,-0.5097f,0.0833f,0.1069f,0.9765f,-0.1872f,0.7656f,0.4984f,-0.2156f,-0.8397f,0.4557f,0f,0f,0f,1f],start_interpolation: 0,interpolation_duration: 1}