# This file was generated by Animated Java via MC-Build. It is not recommended to edit this file directly.
$data merge entity $(bone_layer) {transformation: [-0.8462f,0.1733f,-0.5038f,0.2883f,-0.0316f,0.9276f,0.3722f,1.3715f,0.5319f,0.3309f,-0.7795f,0.458f,0f,0f,0f,1f],start_interpolation: 0,interpolation_duration: 1}
$data merge entity $(bone_head) {transformation: [-0.8462f,0.1733f,-0.5038f,0.2883f,-0.0316f,0.9276f,0.3722f,1.3715f,0.5319f,0.3309f,-0.7795f,0.458f,0f,0f,0f,1f],start_interpolation: 0,interpolation_duration: 1}
$data merge entity $(bone_6) {transformation: [-0.703f,-0.0885f,-0.7057f,0.3593f,-0.1068f,0.9941f,-0.0182f,0.3994f,0.7032f,0.0626f,-0.7083f,0.3281f,0f,0f,0f,1f],start_interpolation: 0,interpolation_duration: 1}
$data merge entity $(bone_12) {transformation: [-0.7031f,-0.2083f,-0.6799f,0.2812f,-0.1065f,0.9762f,-0.1889f,0.7655f,0.7031f,-0.0604f,-0.7086f,0.3055f,0f,0f,0f,1f],start_interpolation: 0,interpolation_duration: 1}
$data merge entity $(bone_group3) {transformation: [1.2023f,-0.1235f,0.2671f,-1.0104f,0.3125f,0.8176f,-0.3866f,1.6543f,-0.2477f,0.4329f,0.8064f,0.9844f,0f,0f,0f,1f],start_interpolation: 0,interpolation_duration: 1}
$data merge entity $(bone_group1) {transformation: [1.2032f,-0.1233f,0.2628f,-1.0091f,0.3111f,0.8173f,-0.3884f,1.6555f,-0.2447f,0.4336f,0.8069f,0.9824f,0f,0f,0f,1f],start_interpolation: 0,interpolation_duration: 1}
$data merge entity $(bone_group4) {transformation: [1.1652f,-0.1201f,0.2562f,-1.0099f,0.3023f,0.7916f,-0.3758f,1.6548f,-0.2379f,0.4201f,0.7814f,0.983f,0f,0f,0f,1f],start_interpolation: 0,interpolation_duration: 1}
$data merge entity $(bone_group2) {transformation: [1.1647f,-0.1197f,0.2588f,-1.0104f,0.3028f,0.7921f,-0.3745f,1.6543f,-0.2399f,0.4193f,0.7812f,0.9844f,0f,0f,0f,1f],start_interpolation: 0,interpolation_duration: 1}
$data merge entity $(bone_10) {transformation: [-0.7931f,0.2172f,-0.569f,0.2171f,0.0004f,0.9344f,0.3562f,1.0662f,0.6091f,0.2823f,-0.7412f,0.4169f,0f,0f,0f,1f],start_interpolation: 0,interpolation_duration: 1}
$data merge entity $(bone_9) {transformation: [-0.7931f,0.2172f,-0.569f,0.2986f,0.0004f,0.9344f,0.3562f,1.4166f,0.6091f,0.2823f,-0.7412f,0.5228f,0f,0f,0f,1f],start_interpolation: 0,interpolation_duration: 1}
$data merge entity $(bone_bone12) {transformation: [-0.7448f,0.9822f,-0.5698f,0.1172f,0.8532f,1.112f,0.3562f,1.8644f,0.9835f,-0.2209f,-0.7405f,0.287f,0f,0f,0f,1f],start_interpolation: 0,interpolation_duration: 1}
$data merge entity $(bone_bone1) {transformation: [0.6232f,-0.8134f,0.7336f,0.284f,-0.6104f,1.2532f,0.673f,0.5328f,-0.4889f,-2.6015f,0.0948f,1.4955f,0f,0f,0f,1f],start_interpolation: 0,interpolation_duration: 1}
$data merge entity $(bone_2) {transformation: [0.7655f,-0.2862f,0.5763f,-0.0384f,-0.2588f,0.683f,0.683f,1.045f,-0.5891f,-0.672f,0.4488f,0.8514f,0f,0f,0f,1f],start_interpolation: 0,interpolation_duration: 1}
$data merge entity $(bone_bone2) {transformation: [1.4852f,-0.3726f,0.6433f,0.1522f,-0.0231f,1.9136f,0.2905f,0.9228f,-1.3393f,-0.4463f,0.7084f,0.7285f,0f,0f,0f,1f],start_interpolation: 0,interpolation_duration: 1}
$data merge entity $(bone_1) {transformation: [0.7655f,0.0122f,0.6433f,-0.0339f,-0.2588f,0.9212f,0.2905f,1.3905f,-0.5891f,-0.3888f,0.7084f,0.7056f,0f,0f,0f,1f],start_interpolation: 0,interpolation_duration: 1}
$data merge entity $(bone_4) {transformation: [-0.8284f,-0.5517f,0.0973f,0.6963f,-0.3683f,0.4055f,-0.8366f,1.1314f,0.4221f,-0.7288f,-0.5391f,0.2611f,0f,0f,0f,1f],start_interpolation: 0,interpolation_duration: 1}
$data merge entity $(bone_group5) {transformation: [-3.3134f,-1.1579f,-1.4417f,0.7291f,-1.4733f,2.4346f,-0.9056f,0.9124f,1.6884f,-0.1479f,-3.6196f,0.4446f,0f,0f,0f,1f],start_interpolation: 0,interpolation_duration: 1}
$data merge entity $(bone_group7) {transformation: [-3.3134f,-1.1579f,-1.4417f,0.7291f,-1.4733f,2.4346f,-0.9056f,0.9124f,1.6884f,-0.1479f,-3.6196f,0.4446f,0f,0f,0f,1f],start_interpolation: 0,interpolation_duration: 1}
$data merge entity $(bone_group6) {transformation: [-2.2905f,-2.6595f,-1.4417f,1.0925f,-2.4932f,1.3718f,-0.9056f,0.983f,1.5361f,0.7161f,-3.6196f,0.2821f,0f,0f,0f,1f],start_interpolation: 0,interpolation_duration: 1}
$data merge entity $(bone_group8) {transformation: [-2.2905f,-2.6595f,-1.4417f,1.0925f,-2.4932f,1.3718f,-0.9056f,0.983f,1.5361f,0.7161f,-3.6196f,0.2821f,0f,0f,0f,1f],start_interpolation: 0,interpolation_duration: 1}
$data merge entity $(bone_group9) {transformation: [-2.2905f,-2.6595f,-1.4417f,1.1468f,-2.4932f,1.3718f,-0.9056f,0.8689f,1.5361f,0.7161f,-3.6196f,0.2891f,0f,0f,0f,1f],start_interpolation: 0,interpolation_duration: 1}
$data merge entity $(bone_group10) {transformation: [-2.2905f,-2.6595f,-1.4417f,1.1468f,-2.4932f,1.3718f,-0.9056f,0.8689f,1.5361f,0.7161f,-3.6196f,0.2891f,0f,0f,0f,1f],start_interpolation: 0,interpolation_duration: 1}
$data merge entity $(bone_group11) {transformation: [-2.2905f,-2.6595f,-1.4417f,1.2011f,-2.4932f,1.3718f,-0.9056f,0.7548f,1.5361f,0.7161f,-3.6196f,0.296f,0f,0f,0f,1f],start_interpolation: 0,interpolation_duration: 1}
$data merge entity $(bone_group12) {transformation: [-2.2905f,-2.6595f,-1.4417f,1.2011f,-2.4932f,1.3718f,-0.9056f,0.7548f,1.5361f,0.7161f,-3.6196f,0.296f,0f,0f,0f,1f],start_interpolation: 0,interpolation_duration: 1}
$data merge entity $(bone_group13) {transformation: [-2.4959f,-2.0011f,-0.5767f,0.9236f,-1.9967f,1.9232f,-0.3622f,0.9679f,1.4937f,0.3158f,-1.4478f,0.3014f,0f,0f,0f,1f],start_interpolation: 0,interpolation_duration: 1}
$data merge entity $(bone_group14) {transformation: [-2.4959f,-2.0011f,-0.5767f,0.9236f,-1.9967f,1.9232f,-0.3622f,0.9679f,1.4937f,0.3158f,-1.4478f,0.3014f,0f,0f,0f,1f],start_interpolation: 0,interpolation_duration: 1}
$data merge entity $(bone_group15) {transformation: [-2.4062f,-2.108f,-0.5767f,0.9858f,-2.0787f,1.8343f,-0.3622f,0.8997f,1.4785f,0.3807f,-1.4478f,0.2937f,0f,0f,0f,1f],start_interpolation: 0,interpolation_duration: 1}
$data merge entity $(bone_group16) {transformation: [-2.4062f,-2.108f,-0.5767f,0.9858f,-2.0787f,1.8343f,-0.3622f,0.8997f,1.4785f,0.3807f,-1.4478f,0.2937f,0f,0f,0f,1f],start_interpolation: 0,interpolation_duration: 1}
$data merge entity $(bone_group17) {transformation: [-2.2133f,-2.3097f,-0.5767f,1.1013f,-2.2307f,1.6461f,-0.3622f,0.8272f,1.4397f,0.5081f,-1.4478f,0.2658f,0f,0f,0f,1f],start_interpolation: 0,interpolation_duration: 1}
$data merge entity $(bone_group18) {transformation: [-2.2133f,-2.3097f,-0.5767f,1.1013f,-2.2307f,1.6461f,-0.3622f,0.8272f,1.4397f,0.5081f,-1.4478f,0.2658f,0f,0f,0f,1f],start_interpolation: 0,interpolation_duration: 1}
$data merge entity $(bone_group19) {transformation: [-2.2133f,-2.3097f,-0.5767f,1.1556f,-2.2307f,1.6461f,-0.3622f,0.713f,1.4397f,0.5081f,-1.4478f,0.2728f,0f,0f,0f,1f],start_interpolation: 0,interpolation_duration: 1}
$data merge entity $(bone_group20) {transformation: [-2.2133f,-2.3097f,-0.5767f,1.1556f,-2.2307f,1.6461f,-0.3622f,0.713f,1.4397f,0.5081f,-1.4478f,0.2728f,0f,0f,0f,1f],start_interpolation: 0,interpolation_duration: 1}
$data merge entity $(bone_bone11) {transformation: [-0.8388f,-0.0579f,-0.3604f,0.5379f,0.0425f,1.4593f,-0.2264f,1.1654f,0.3234f,-0.3421f,-0.9049f,0.3502f,0f,0f,0f,1f],start_interpolation: 0,interpolation_duration: 1}
$data merge entity $(bone_3) {transformation: [-0.8284f,-0.4289f,-0.3604f,0.5802f,-0.3683f,0.9017f,-0.2264f,1.4061f,0.4221f,-0.0548f,-0.9049f,0.2732f,0f,0f,0f,1f],start_interpolation: 0,interpolation_duration: 1}
$data merge entity $(bone_8) {transformation: [-0.8601f,0.1065f,-0.4988f,0.0843f,0.1068f,0.9939f,0.028f,0.3991f,0.4987f,-0.0292f,-0.8663f,0.5382f,0f,0f,0f,1f],start_interpolation: 0,interpolation_duration: 1}
$data merge entity $(bone_7) {transformation: [-0.8601f,-0.003f,-0.51f,0.0832f,0.1068f,0.9768f,-0.1858f,0.7655f,0.4987f,-0.2143f,-0.8398f,0.4578f,0f,0f,0f,1f],start_interpolation: 0,interpolation_duration: 1}