# This file was generated by Animated Java via MC-Build. It is not recommended to edit this file directly.
$data merge entity $(bone_layer) {transformation: [-0.8466f,0.1656f,-0.5058f,0.2882f,-0.0336f,0.9319f,0.3612f,1.371f,0.5312f,0.3228f,-0.7834f,0.4614f,0f,0f,0f,1f],start_interpolation: 0,interpolation_duration: 1}
$data merge entity $(bone_head) {transformation: [-0.8466f,0.1656f,-0.5058f,0.2882f,-0.0336f,0.9319f,0.3612f,1.371f,0.5312f,0.3228f,-0.7834f,0.4614f,0f,0f,0f,1f],start_interpolation: 0,interpolation_duration: 1}
$data merge entity $(bone_6) {transformation: [-0.7018f,-0.0906f,-0.7066f,0.3589f,-0.1066f,0.9941f,-0.0216f,0.3994f,0.7043f,0.0602f,-0.7073f,0.3318f,0f,0f,0f,1f],start_interpolation: 0,interpolation_duration: 1}
$data merge entity $(bone_12) {transformation: [-0.7021f,-0.209f,-0.6807f,0.2805f,-0.1061f,0.976f,-0.1903f,0.7653f,0.7041f,-0.0614f,-0.7075f,0.3087f,0f,0f,0f,1f],start_interpolation: 0,interpolation_duration: 1}
$data merge entity $(bone_group3) {transformation: [1.2023f,-0.123f,0.2679f,-1.0113f,0.3119f,0.8175f,-0.3867f,1.655f,-0.2483f,0.4331f,0.8061f,0.989f,0f,0f,0f,1f],start_interpolation: 0,interpolation_duration: 1}
$data merge entity $(bone_group1) {transformation: [1.2044f,-0.1225f,0.2586f,-1.0083f,0.3088f,0.8168f,-0.3908f,1.6576f,-0.2419f,0.4347f,0.8072f,0.9847f,0f,0f,0f,1f],start_interpolation: 0,interpolation_duration: 1}
$data merge entity $(bone_group4) {transformation: [1.1659f,-0.12f,0.2539f,-1.0102f,0.3012f,0.791f,-0.3776f,1.6559f,-0.2361f,0.4213f,0.7813f,0.986f,0f,0f,0f,1f],start_interpolation: 0,interpolation_duration: 1}
$data merge entity $(bone_group2) {transformation: [1.1647f,-0.1192f,0.2596f,-1.0113f,0.3022f,0.792f,-0.3746f,1.655f,-0.2406f,0.4196f,0.7809f,0.989f,0f,0f,0f,1f],start_interpolation: 0,interpolation_duration: 1}
$data merge entity $(bone_10) {transformation: [-0.7928f,0.2181f,-0.569f,0.2168f,0.0008f,0.9341f,0.3569f,1.0659f,0.6094f,0.2825f,-0.7408f,0.4203f,0f,0f,0f,1f],start_interpolation: 0,interpolation_duration: 1}
$data merge entity $(bone_9) {transformation: [-0.7928f,0.2181f,-0.569f,0.2986f,0.0008f,0.9341f,0.3569f,1.4162f,0.6094f,0.2825f,-0.7408f,0.5262f,0f,0f,0f,1f],start_interpolation: 0,interpolation_duration: 1}
$data merge entity $(bone_bone12) {transformation: [-0.7428f,0.9824f,-0.5708f,0.117f,0.853f,1.1116f,0.3569f,1.8643f,0.9852f,-0.2218f,-0.7394f,0.291f,0f,0f,0f,1f],start_interpolation: 0,interpolation_duration: 1}
$data merge entity $(bone_bone1) {transformation: [0.6224f,-0.8175f,0.7337f,0.2853f,-0.6104f,1.2532f,0.673f,0.5326f,-0.4899f,-2.6002f,0.0937f,1.4987f,0f,0f,0f,1f],start_interpolation: 0,interpolation_duration: 1}
$data merge entity $(bone_2) {transformation: [0.7646f,-0.2872f,0.577f,-0.0382f,-0.2588f,0.683f,0.683f,1.0449f,-0.5903f,-0.6716f,0.4479f,0.8551f,0f,0f,0f,1f],start_interpolation: 0,interpolation_duration: 1}
$data merge entity $(bone_bone2) {transformation: [1.4831f,-0.3733f,0.6444f,0.1523f,-0.0231f,1.9136f,0.2905f,0.9226f,-1.3416f,-0.4457f,0.7074f,0.7319f,0f,0f,0f,1f],start_interpolation: 0,interpolation_duration: 1}
$data merge entity $(bone_1) {transformation: [0.7646f,0.0116f,0.6444f,-0.0338f,-0.2588f,0.9212f,0.2905f,1.3903f,-0.5903f,-0.3889f,0.7074f,0.7093f,0f,0f,0f,1f],start_interpolation: 0,interpolation_duration: 1}
$data merge entity $(bone_4) {transformation: [-0.8283f,-0.552f,0.0962f,0.6961f,-0.3664f,0.4037f,-0.8383f,1.131f,0.4239f,-0.7296f,-0.5366f,0.2645f,0f,0f,0f,1f],start_interpolation: 0,interpolation_duration: 1}
$data merge entity $(bone_group5) {transformation: [-3.3132f,-1.1553f,-1.4469f,0.7288f,-1.4657f,2.4356f,-0.9121f,0.9124f,1.6955f,-0.1521f,-3.6159f,0.4484f,0f,0f,0f,1f],start_interpolation: 0,interpolation_duration: 1}
$data merge entity $(bone_group7) {transformation: [-3.3132f,-1.1553f,-1.4469f,0.7288f,-1.4657f,2.4356f,-0.9121f,0.9124f,1.6955f,-0.1521f,-3.6159f,0.4484f,0f,0f,0f,1f],start_interpolation: 0,interpolation_duration: 1}
$data merge entity $(bone_group6) {transformation: [-2.2916f,-2.6571f,-1.4469f,1.0922f,-2.4871f,1.3765f,-0.9121f,0.9823f,1.5444f,0.716f,-3.6159f,0.2854f,0f,0f,0f,1f],start_interpolation: 0,interpolation_duration: 1}
$data merge entity $(bone_group8) {transformation: [-2.2916f,-2.6571f,-1.4469f,1.0922f,-2.4871f,1.3765f,-0.9121f,0.9823f,1.5444f,0.716f,-3.6159f,0.2854f,0f,0f,0f,1f],start_interpolation: 0,interpolation_duration: 1}
$data merge entity $(bone_group9) {transformation: [-2.2916f,-2.6571f,-1.4469f,1.1463f,-2.4871f,1.3765f,-0.9121f,0.8681f,1.5444f,0.716f,-3.6159f,0.2925f,0f,0f,0f,1f],start_interpolation: 0,interpolation_duration: 1}
$data merge entity $(bone_group10) {transformation: [-2.2916f,-2.6571f,-1.4469f,1.1463f,-2.4871f,1.3765f,-0.9121f,0.8681f,1.5444f,0.716f,-3.6159f,0.2925f,0f,0f,0f,1f],start_interpolation: 0,interpolation_duration: 1}
$data merge entity $(bone_group11) {transformation: [-2.2916f,-2.6571f,-1.4469f,1.2005f,-2.4871f,1.3765f,-0.9121f,0.754f,1.5444f,0.716f,-3.6159f,0.2997f,0f,0f,0f,1f],start_interpolation: 0,interpolation_duration: 1}
$data merge entity $(bone_group12) {transformation: [-2.2916f,-2.6571f,-1.4469f,1.2005f,-2.4871f,1.3765f,-0.9121f,0.754f,1.5444f,0.716f,-3.6159f,0.2997f,0f,0f,0f,1f],start_interpolation: 0,interpolation_duration: 1}
$data merge entity $(bone_group13) {transformation: [-2.4964f,-1.9985f,-0.5788f,0.9233f,-1.9905f,1.9262f,-0.3648f,0.9674f,1.501f,0.3138f,-1.4464f,0.3049f,0f,0f,0f,1f],start_interpolation: 0,interpolation_duration: 1}
$data merge entity $(bone_group14) {transformation: [-2.4964f,-1.9985f,-0.5788f,0.9233f,-1.9905f,1.9262f,-0.3648f,0.9674f,1.501f,0.3138f,-1.4464f,0.3049f,0f,0f,0f,1f],start_interpolation: 0,interpolation_duration: 1}
$data merge entity $(bone_group15) {transformation: [-2.4069f,-2.1055f,-0.5788f,0.9853f,-2.0726f,1.8376f,-0.3648f,0.8992f,1.4859f,0.379f,-1.4464f,0.2973f,0f,0f,0f,1f],start_interpolation: 0,interpolation_duration: 1}
$data merge entity $(bone_group16) {transformation: [-2.4069f,-2.1055f,-0.5788f,0.9853f,-2.0726f,1.8376f,-0.3648f,0.8992f,1.4859f,0.379f,-1.4464f,0.2973f,0f,0f,0f,1f],start_interpolation: 0,interpolation_duration: 1}
$data merge entity $(bone_group17) {transformation: [-2.2142f,-2.3072f,-0.5788f,1.1008f,-2.2249f,1.6499f,-0.3648f,0.8264f,1.4472f,0.5071f,-1.4464f,0.2694f,0f,0f,0f,1f],start_interpolation: 0,interpolation_duration: 1}
$data merge entity $(bone_group18) {transformation: [-2.2142f,-2.3072f,-0.5788f,1.1008f,-2.2249f,1.6499f,-0.3648f,0.8264f,1.4472f,0.5071f,-1.4464f,0.2694f,0f,0f,0f,1f],start_interpolation: 0,interpolation_duration: 1}
$data merge entity $(bone_group19) {transformation: [-2.2142f,-2.3072f,-0.5788f,1.1549f,-2.2249f,1.6499f,-0.3648f,0.7122f,1.4472f,0.5071f,-1.4464f,0.2766f,0f,0f,0f,1f],start_interpolation: 0,interpolation_duration: 1}
$data merge entity $(bone_group20) {transformation: [-2.2142f,-2.3072f,-0.5788f,1.1549f,-2.2249f,1.6499f,-0.3648f,0.7122f,1.4472f,0.5071f,-1.4464f,0.2766f,0f,0f,0f,1f],start_interpolation: 0,interpolation_duration: 1}
$data merge entity $(bone_bone11) {transformation: [-0.8384f,-0.0566f,-0.3617f,0.5378f,0.0442f,1.4586f,-0.228f,1.1655f,0.3243f,-0.3453f,-0.904f,0.3537f,0f,0f,0f,1f],start_interpolation: 0,interpolation_duration: 1}
$data merge entity $(bone_3) {transformation: [-0.8283f,-0.4279f,-0.3617f,0.5803f,-0.3664f,0.9021f,-0.228f,1.406f,0.4239f,-0.0563f,-0.904f,0.2761f,0f,0f,0f,1f],start_interpolation: 0,interpolation_duration: 1}
$data merge entity $(bone_8) {transformation: [-0.8598f,0.1063f,-0.4994f,0.0837f,0.1067f,0.9939f,0.0279f,0.3986f,0.4994f,-0.0293f,-0.8659f,0.5408f,0f,0f,0f,1f],start_interpolation: 0,interpolation_duration: 1}
$data merge entity $(bone_7) {transformation: [-0.8598f,-0.0021f,-0.5106f,0.083f,0.1067f,0.9772f,-0.1836f,0.7653f,0.4994f,-0.2123f,-0.84f,0.4612f,0f,0f,0f,1f],start_interpolation: 0,interpolation_duration: 1}