# This file was generated by Animated Java via MC-Build. It is not recommended to edit this file directly.
$data merge entity $(bone_layer) {transformation: [-0.847f,0.1568f,-0.5079f,0.288f,-0.0358f,0.9365f,0.3488f,1.3704f,0.5304f,0.3137f,-0.7876f,0.4658f,0f,0f,0f,1f],start_interpolation: 0,interpolation_duration: 1}
$data merge entity $(bone_head) {transformation: [-0.847f,0.1568f,-0.5079f,0.288f,-0.0358f,0.9365f,0.3488f,1.3704f,0.5304f,0.3137f,-0.7876f,0.4658f,0f,0f,0f,1f],start_interpolation: 0,interpolation_duration: 1}
$data merge entity $(bone_6) {transformation: [-0.7003f,-0.0936f,-0.7077f,0.3584f,-0.1064f,0.994f,-0.0261f,0.3993f,0.7059f,0.057f,-0.706f,0.3366f,0f,0f,0f,1f],start_interpolation: 0,interpolation_duration: 1}
$data merge entity $(bone_12) {transformation: [-0.7009f,-0.21f,-0.6817f,0.2796f,-0.1054f,0.9757f,-0.1921f,0.7651f,0.7054f,-0.0628f,-0.706f,0.313f,0f,0f,0f,1f],start_interpolation: 0,interpolation_duration: 1}
$data merge entity $(bone_group3) {transformation: [1.2023f,-0.1223f,0.269f,-1.0125f,0.3111f,0.8175f,-0.3869f,1.6559f,-0.2492f,0.4335f,0.8056f,0.9952f,0f,0f,0f,1f],start_interpolation: 0,interpolation_duration: 1}
$data merge entity $(bone_group1) {transformation: [1.2059f,-0.1214f,0.253f,-1.0072f,0.3058f,0.8162f,-0.3939f,1.6604f,-0.2382f,0.4362f,0.8075f,0.9878f,0f,0f,0f,1f],start_interpolation: 0,interpolation_duration: 1}
$data merge entity $(bone_group4) {transformation: [1.1667f,-0.12f,0.2508f,-1.0105f,0.2996f,0.7902f,-0.3799f,1.6575f,-0.2338f,0.4228f,0.7812f,0.99f,0f,0f,0f,1f],start_interpolation: 0,interpolation_duration: 1}
$data merge entity $(bone_group2) {transformation: [1.1647f,-0.1185f,0.2606f,-1.0125f,0.3014f,0.7919f,-0.3749f,1.6559f,-0.2414f,0.4199f,0.7804f,0.9952f,0f,0f,0f,1f],start_interpolation: 0,interpolation_duration: 1}
$data merge entity $(bone_10) {transformation: [-0.7925f,0.2193f,-0.5691f,0.2164f,0.0014f,0.9338f,0.3579f,1.0656f,0.6099f,0.2829f,-0.7403f,0.4247f,0f,0f,0f,1f],start_interpolation: 0,interpolation_duration: 1}
$data merge entity $(bone_9) {transformation: [-0.7925f,0.2193f,-0.5691f,0.2986f,0.0014f,0.9338f,0.3579f,1.4157f,0.6099f,0.2829f,-0.7403f,0.5308f,0f,0f,0f,1f],start_interpolation: 0,interpolation_duration: 1}
$data merge entity $(bone_bone12) {transformation: [-0.7402f,0.9826f,-0.5722f,0.1169f,0.8526f,1.1112f,0.3579f,1.8641f,0.9875f,-0.2229f,-0.7379f,0.2964f,0f,0f,0f,1f],start_interpolation: 0,interpolation_duration: 1}
$data merge entity $(bone_bone1) {transformation: [0.6214f,-0.823f,0.7339f,0.2871f,-0.6104f,1.2532f,0.673f,0.5324f,-0.4912f,-2.5985f,0.0921f,1.5029f,0f,0f,0f,1f],start_interpolation: 0,interpolation_duration: 1}
$data merge entity $(bone_2) {transformation: [0.7633f,-0.2887f,0.5779f,-0.0378f,-0.2588f,0.683f,0.683f,1.0447f,-0.5919f,-0.6709f,0.4467f,0.86f,0f,0f,0f,1f],start_interpolation: 0,interpolation_duration: 1}
$data merge entity $(bone_bone2) {transformation: [1.4803f,-0.3742f,0.6459f,0.1524f,-0.0231f,1.9136f,0.2905f,0.9224f,-1.3447f,-0.4449f,0.706f,0.7363f,0f,0f,0f,1f],start_interpolation: 0,interpolation_duration: 1}
$data merge entity $(bone_1) {transformation: [0.7633f,0.0108f,0.6459f,-0.0337f,-0.2588f,0.9212f,0.2905f,1.3901f,-0.5919f,-0.3889f,0.706f,0.7142f,0f,0f,0f,1f],start_interpolation: 0,interpolation_duration: 1}
$data merge entity $(bone_4) {transformation: [-0.8282f,-0.5524f,0.0948f,0.6958f,-0.3639f,0.4013f,-0.8405f,1.1306f,0.4262f,-0.7306f,-0.5334f,0.269f,0f,0f,0f,1f],start_interpolation: 0,interpolation_duration: 1}
$data merge entity $(bone_group5) {transformation: [-3.3128f,-1.1518f,-1.4538f,0.7285f,-1.4555f,2.4369f,-0.9207f,0.9125f,1.7049f,-0.1576f,-3.6109f,0.4535f,0f,0f,0f,1f],start_interpolation: 0,interpolation_duration: 1}
$data merge entity $(bone_group7) {transformation: [-3.3128f,-1.1518f,-1.4538f,0.7285f,-1.4555f,2.4369f,-0.9207f,0.9125f,1.7049f,-0.1576f,-3.6109f,0.4535f,0f,0f,0f,1f],start_interpolation: 0,interpolation_duration: 1}
$data merge entity $(bone_group6) {transformation: [-2.2931f,-2.6539f,-1.4538f,1.0917f,-2.479f,1.3827f,-0.9207f,0.9814f,1.5553f,0.716f,-3.6109f,0.2897f,0f,0f,0f,1f],start_interpolation: 0,interpolation_duration: 1}
$data merge entity $(bone_group8) {transformation: [-2.2931f,-2.6539f,-1.4538f,1.0917f,-2.479f,1.3827f,-0.9207f,0.9814f,1.5553f,0.716f,-3.6109f,0.2897f,0f,0f,0f,1f],start_interpolation: 0,interpolation_duration: 1}
$data merge entity $(bone_group9) {transformation: [-2.2931f,-2.6539f,-1.4538f,1.1457f,-2.479f,1.3827f,-0.9207f,0.8671f,1.5553f,0.716f,-3.6109f,0.2971f,0f,0f,0f,1f],start_interpolation: 0,interpolation_duration: 1}
$data merge entity $(bone_group10) {transformation: [-2.2931f,-2.6539f,-1.4538f,1.1457f,-2.479f,1.3827f,-0.9207f,0.8671f,1.5553f,0.716f,-3.6109f,0.2971f,0f,0f,0f,1f],start_interpolation: 0,interpolation_duration: 1}
$data merge entity $(bone_group11) {transformation: [-2.2931f,-2.6539f,-1.4538f,1.1997f,-2.479f,1.3827f,-0.9207f,0.7529f,1.5553f,0.716f,-3.6109f,0.3045f,0f,0f,0f,1f],start_interpolation: 0,interpolation_duration: 1}
$data merge entity $(bone_group12) {transformation: [-2.2931f,-2.6539f,-1.4538f,1.1997f,-2.479f,1.3827f,-0.9207f,0.7529f,1.5553f,0.716f,-3.6109f,0.3045f,0f,0f,0f,1f],start_interpolation: 0,interpolation_duration: 1}
$data merge entity $(bone_group13) {transformation: [-2.4972f,-1.9951f,-0.5815f,0.9228f,-1.9822f,1.9302f,-0.3683f,0.9668f,1.5108f,0.3111f,-1.4444f,0.3095f,0f,0f,0f,1f],start_interpolation: 0,interpolation_duration: 1}
$data merge entity $(bone_group14) {transformation: [-2.4972f,-1.9951f,-0.5815f,0.9228f,-1.9822f,1.9302f,-0.3683f,0.9668f,1.5108f,0.3111f,-1.4444f,0.3095f,0f,0f,0f,1f],start_interpolation: 0,interpolation_duration: 1}
$data merge entity $(bone_group15) {transformation: [-2.4078f,-2.1021f,-0.5815f,0.9848f,-2.0645f,1.8419f,-0.3683f,0.8984f,1.4958f,0.3767f,-1.4444f,0.302f,0f,0f,0f,1f],start_interpolation: 0,interpolation_duration: 1}
$data merge entity $(bone_group16) {transformation: [-2.4078f,-2.1021f,-0.5815f,0.9848f,-2.0645f,1.8419f,-0.3683f,0.8984f,1.4958f,0.3767f,-1.4444f,0.302f,0f,0f,0f,1f],start_interpolation: 0,interpolation_duration: 1}
$data merge entity $(bone_group17) {transformation: [-2.2154f,-2.3039f,-0.5815f,1.1f,-2.2171f,1.655f,-0.3683f,0.8254f,1.4573f,0.5057f,-1.4444f,0.2742f,0f,0f,0f,1f],start_interpolation: 0,interpolation_duration: 1}
$data merge entity $(bone_group18) {transformation: [-2.2154f,-2.3039f,-0.5815f,1.1f,-2.2171f,1.655f,-0.3683f,0.8254f,1.4573f,0.5057f,-1.4444f,0.2742f,0f,0f,0f,1f],start_interpolation: 0,interpolation_duration: 1}
$data merge entity $(bone_group19) {transformation: [-2.2154f,-2.3039f,-0.5815f,1.154f,-2.2171f,1.655f,-0.3683f,0.7111f,1.4573f,0.5057f,-1.4444f,0.2816f,0f,0f,0f,1f],start_interpolation: 0,interpolation_duration: 1}
$data merge entity $(bone_group20) {transformation: [-2.2154f,-2.3039f,-0.5815f,1.154f,-2.2171f,1.655f,-0.3683f,0.7111f,1.4573f,0.5057f,-1.4444f,0.2816f,0f,0f,0f,1f],start_interpolation: 0,interpolation_duration: 1}
$data merge entity $(bone_bone11) {transformation: [-0.8378f,-0.0549f,-0.3635f,0.5378f,0.0465f,1.4577f,-0.2302f,1.1656f,0.3255f,-0.3495f,-0.9027f,0.3583f,0f,0f,0f,1f],start_interpolation: 0,interpolation_duration: 1}
$data merge entity $(bone_3) {transformation: [-0.8282f,-0.4266f,-0.3635f,0.5805f,-0.3639f,0.9026f,-0.2302f,1.4058f,0.4262f,-0.0584f,-0.9027f,0.2799f,0f,0f,0f,1f],start_interpolation: 0,interpolation_duration: 1}
$data merge entity $(bone_8) {transformation: [-0.8593f,0.106f,-0.5003f,0.0829f,0.1064f,0.9939f,0.0278f,0.398f,0.5002f,-0.0293f,-0.8654f,0.5443f,0f,0f,0f,1f],start_interpolation: 0,interpolation_duration: 1}
$data merge entity $(bone_7) {transformation: [-0.8593f,-0.0009f,-0.5114f,0.0827f,0.1064f,0.9778f,-0.1807f,0.7651f,0.5002f,-0.2097f,-0.8401f,0.4658f,0f,0f,0f,1f],start_interpolation: 0,interpolation_duration: 1}