# This file was generated by Animated Java via MC-Build. It is not recommended to edit this file directly.
$data merge entity $(bone_layer) {transformation: [-0.8475f,0.1471f,-0.5101f,0.2879f,-0.0383f,0.9414f,0.3352f,1.3697f,0.5295f,0.3036f,-0.7922f,0.4711f,0f,0f,0f,1f],start_interpolation: 0,interpolation_duration: 1}
$data merge entity $(bone_head) {transformation: [-0.8475f,0.1471f,-0.5101f,0.2879f,-0.0383f,0.9414f,0.3352f,1.3697f,0.5295f,0.3036f,-0.7922f,0.4711f,0f,0f,0f,1f],start_interpolation: 0,interpolation_duration: 1}
$data merge entity $(bone_6) {transformation: [-0.6985f,-0.0971f,-0.709f,0.3578f,-0.1061f,0.9939f,-0.0316f,0.3992f,0.7077f,0.0532f,-0.7045f,0.3424f,0f,0f,0f,1f],start_interpolation: 0,interpolation_duration: 1}
$data merge entity $(bone_12) {transformation: [-0.6993f,-0.2111f,-0.6829f,0.2786f,-0.1047f,0.9753f,-0.1944f,0.7649f,0.7071f,-0.0644f,-0.7042f,0.3182f,0f,0f,0f,1f],start_interpolation: 0,interpolation_duration: 1}
$data merge entity $(bone_group3) {transformation: [1.2024f,-0.1214f,0.2703f,-1.0139f,0.3101f,0.8174f,-0.3872f,1.6571f,-0.2502f,0.4339f,0.8051f,1.0027f,0f,0f,0f,1f],start_interpolation: 0,interpolation_duration: 1}
$data merge entity $(bone_group1) {transformation: [1.2076f,-0.1201f,0.2462f,-1.006f,0.302f,0.8154f,-0.3976f,1.6638f,-0.2337f,0.438f,0.8078f,0.9915f,0f,0f,0f,1f],start_interpolation: 0,interpolation_duration: 1}
$data merge entity $(bone_group4) {transformation: [1.1678f,-0.1199f,0.2471f,-1.011f,0.2978f,0.7892f,-0.3827f,1.6594f,-0.2309f,0.4246f,0.7811f,0.9949f,0f,0f,0f,1f],start_interpolation: 0,interpolation_duration: 1}
$data merge entity $(bone_group2) {transformation: [1.1648f,-0.1176f,0.2618f,-1.0139f,0.3004f,0.7918f,-0.3751f,1.6571f,-0.2424f,0.4203f,0.7799f,1.0027f,0f,0f,0f,1f],start_interpolation: 0,interpolation_duration: 1}
$data merge entity $(bone_10) {transformation: [-0.7921f,0.2208f,-0.5691f,0.2159f,0.0021f,0.9333f,0.3591f,1.0651f,0.6104f,0.2832f,-0.7397f,0.4301f,0f,0f,0f,1f],start_interpolation: 0,interpolation_duration: 1}
$data merge entity $(bone_9) {transformation: [-0.7921f,0.2208f,-0.5691f,0.2987f,0.0021f,0.9333f,0.3591f,1.4151f,0.6104f,0.2832f,-0.7397f,0.5363f,0f,0f,0f,1f],start_interpolation: 0,interpolation_duration: 1}
$data merge entity $(bone_bone12) {transformation: [-0.737f,0.9829f,-0.5738f,0.1166f,0.8522f,1.1107f,0.3591f,1.8639f,0.9902f,-0.2243f,-0.7361f,0.3028f,0f,0f,0f,1f],start_interpolation: 0,interpolation_duration: 1}
$data merge entity $(bone_bone1) {transformation: [0.6201f,-0.8295f,0.7341f,0.2892f,-0.6104f,1.2532f,0.673f,0.5322f,-0.4928f,-2.5964f,0.0903f,1.508f,0f,0f,0f,1f],start_interpolation: 0,interpolation_duration: 1}
$data merge entity $(bone_2) {transformation: [0.7618f,-0.2904f,0.579f,-0.0373f,-0.2588f,0.683f,0.683f,1.0444f,-0.5938f,-0.6702f,0.4452f,0.8659f,0f,0f,0f,1f],start_interpolation: 0,interpolation_duration: 1}
$data merge entity $(bone_bone2) {transformation: [1.4769f,-0.3754f,0.6477f,0.1526f,-0.0231f,1.9136f,0.2905f,0.9222f,-1.3485f,-0.444f,0.7044f,0.7417f,0f,0f,0f,1f],start_interpolation: 0,interpolation_duration: 1}
$data merge entity $(bone_1) {transformation: [0.7618f,0.0098f,0.6477f,-0.0336f,-0.2588f,0.9212f,0.2905f,1.3899f,-0.5938f,-0.3889f,0.7044f,0.72f,0f,0f,0f,1f],start_interpolation: 0,interpolation_duration: 1}
$data merge entity $(bone_4) {transformation: [-0.8281f,-0.5528f,0.0931f,0.6955f,-0.3608f,0.3984f,-0.8433f,1.1301f,0.4291f,-0.7319f,-0.5294f,0.2744f,0f,0f,0f,1f],start_interpolation: 0,interpolation_duration: 1}
$data merge entity $(bone_group5) {transformation: [-3.3123f,-1.1476f,-1.4622f,0.7281f,-1.4432f,2.4384f,-0.9311f,0.9127f,1.7163f,-0.1643f,-3.6049f,0.4596f,0f,0f,0f,1f],start_interpolation: 0,interpolation_duration: 1}
$data merge entity $(bone_group7) {transformation: [-3.3123f,-1.1476f,-1.4622f,0.7281f,-1.4432f,2.4384f,-0.9311f,0.9127f,1.7163f,-0.1643f,-3.6049f,0.4596f,0f,0f,0f,1f],start_interpolation: 0,interpolation_duration: 1}
$data merge entity $(bone_group6) {transformation: [-2.2948f,-2.65f,-1.4622f,1.0911f,-2.4691f,1.3901f,-0.9311f,0.9802f,1.5685f,0.7158f,-3.6049f,0.295f,0f,0f,0f,1f],start_interpolation: 0,interpolation_duration: 1}
$data merge entity $(bone_group8) {transformation: [-2.2948f,-2.65f,-1.4622f,1.0911f,-2.4691f,1.3901f,-0.9311f,0.9802f,1.5685f,0.7158f,-3.6049f,0.295f,0f,0f,0f,1f],start_interpolation: 0,interpolation_duration: 1}
$data merge entity $(bone_group9) {transformation: [-2.2948f,-2.65f,-1.4622f,1.1449f,-2.4691f,1.3901f,-0.9311f,0.8659f,1.5685f,0.7158f,-3.6049f,0.3027f,0f,0f,0f,1f],start_interpolation: 0,interpolation_duration: 1}
$data merge entity $(bone_group10) {transformation: [-2.2948f,-2.65f,-1.4622f,1.1449f,-2.4691f,1.3901f,-0.9311f,0.8659f,1.5685f,0.7158f,-3.6049f,0.3027f,0f,0f,0f,1f],start_interpolation: 0,interpolation_duration: 1}
$data merge entity $(bone_group11) {transformation: [-2.2948f,-2.65f,-1.4622f,1.1987f,-2.4691f,1.3901f,-0.9311f,0.7516f,1.5685f,0.7158f,-3.6049f,0.3104f,0f,0f,0f,1f],start_interpolation: 0,interpolation_duration: 1}
$data merge entity $(bone_group12) {transformation: [-2.2948f,-2.65f,-1.4622f,1.1987f,-2.4691f,1.3901f,-0.9311f,0.7516f,1.5685f,0.7158f,-3.6049f,0.3104f,0f,0f,0f,1f],start_interpolation: 0,interpolation_duration: 1}
$data merge entity $(bone_group13) {transformation: [-2.498f,-1.9909f,-0.5849f,0.9223f,-1.972f,1.935f,-0.3724f,0.966f,1.5226f,0.3078f,-1.4419f,0.3151f,0f,0f,0f,1f],start_interpolation: 0,interpolation_duration: 1}
$data merge entity $(bone_group14) {transformation: [-2.498f,-1.9909f,-0.5849f,0.9223f,-1.972f,1.935f,-0.3724f,0.966f,1.5226f,0.3078f,-1.4419f,0.3151f,0f,0f,0f,1f],start_interpolation: 0,interpolation_duration: 1}
$data merge entity $(bone_group15) {transformation: [-2.4088f,-2.098f,-0.5849f,0.9841f,-2.0546f,1.8471f,-0.3724f,0.8975f,1.5077f,0.3739f,-1.4419f,0.3077f,0f,0f,0f,1f],start_interpolation: 0,interpolation_duration: 1}
$data merge entity $(bone_group16) {transformation: [-2.4088f,-2.098f,-0.5849f,0.9841f,-2.0546f,1.8471f,-0.3724f,0.8975f,1.5077f,0.3739f,-1.4419f,0.3077f,0f,0f,0f,1f],start_interpolation: 0,interpolation_duration: 1}
$data merge entity $(bone_group17) {transformation: [-2.2168f,-2.2999f,-0.5849f,1.0991f,-2.2077f,1.661f,-0.3724f,0.8242f,1.4694f,0.5039f,-1.4419f,0.28f,0f,0f,0f,1f],start_interpolation: 0,interpolation_duration: 1}
$data merge entity $(bone_group18) {transformation: [-2.2168f,-2.2999f,-0.5849f,1.0991f,-2.2077f,1.661f,-0.3724f,0.8242f,1.4694f,0.5039f,-1.4419f,0.28f,0f,0f,0f,1f],start_interpolation: 0,interpolation_duration: 1}
$data merge entity $(bone_group19) {transformation: [-2.2168f,-2.2999f,-0.5849f,1.1529f,-2.2077f,1.661f,-0.3724f,0.7099f,1.4694f,0.5039f,-1.4419f,0.2877f,0f,0f,0f,1f],start_interpolation: 0,interpolation_duration: 1}
$data merge entity $(bone_group20) {transformation: [-2.2168f,-2.2999f,-0.5849f,1.1529f,-2.2077f,1.661f,-0.3724f,0.7099f,1.4694f,0.5039f,-1.4419f,0.2877f,0f,0f,0f,1f],start_interpolation: 0,interpolation_duration: 1}
$data merge entity $(bone_bone11) {transformation: [-0.8371f,-0.0529f,-0.3656f,0.5377f,0.0492f,1.4565f,-0.2328f,1.1657f,0.3268f,-0.3547f,-0.9012f,0.3639f,0f,0f,0f,1f],start_interpolation: 0,interpolation_duration: 1}
$data merge entity $(bone_3) {transformation: [-0.8281f,-0.425f,-0.3656f,0.5807f,-0.3608f,0.9031f,-0.2328f,1.4055f,0.4291f,-0.0609f,-0.9012f,0.2845f,0f,0f,0f,1f],start_interpolation: 0,interpolation_duration: 1}
$data merge entity $(bone_8) {transformation: [-0.8588f,0.1057f,-0.5013f,0.082f,0.1062f,0.994f,0.0277f,0.3973f,0.5012f,-0.0294f,-0.8648f,0.5485f,0f,0f,0f,1f],start_interpolation: 0,interpolation_duration: 1}
$data merge entity $(bone_7) {transformation: [-0.8588f,0.0005f,-0.5123f,0.0823f,0.1062f,0.9784f,-0.1771f,0.7649f,0.5012f,-0.2065f,-0.8403f,0.4712f,0f,0f,0f,1f],start_interpolation: 0,interpolation_duration: 1}