# This file was generated by Animated Java via MC-Build. It is not recommended to edit this file directly.
$data merge entity $(bone_layer) {transformation: [-0.848f,0.1366f,-0.5122f,0.2877f,-0.041f,0.9464f,0.3203f,1.3688f,0.5285f,0.2926f,-0.7969f,0.4772f,0f,0f,0f,1f],start_interpolation: 0,interpolation_duration: 1}
$data merge entity $(bone_head) {transformation: [-0.848f,0.1366f,-0.5122f,0.2877f,-0.041f,0.9464f,0.3203f,1.3688f,0.5285f,0.2926f,-0.7969f,0.4772f,0f,0f,0f,1f],start_interpolation: 0,interpolation_duration: 1}
$data merge entity $(bone_6) {transformation: [-0.6964f,-0.1012f,-0.7105f,0.3571f,-0.1058f,0.9937f,-0.0379f,0.399f,0.7098f,0.0488f,-0.7027f,0.349f,0f,0f,0f,1f],start_interpolation: 0,interpolation_duration: 1}
$data merge entity $(bone_12) {transformation: [-0.6976f,-0.2125f,-0.6843f,0.2774f,-0.1038f,0.9749f,-0.1969f,0.7646f,0.7089f,-0.0663f,-0.7021f,0.3241f,0f,0f,0f,1f],start_interpolation: 0,interpolation_duration: 1}
$data merge entity $(bone_group3) {transformation: [1.2024f,-0.1205f,0.2718f,-1.0155f,0.3089f,0.8173f,-0.3875f,1.6584f,-0.2514f,0.4344f,0.8044f,1.0112f,0f,0f,0f,1f],start_interpolation: 0,interpolation_duration: 1}
$data merge entity $(bone_group1) {transformation: [1.2096f,-0.1186f,0.2383f,-1.0045f,0.2977f,0.8145f,-0.4019f,1.6677f,-0.2285f,0.4401f,0.8082f,0.9957f,0f,0f,0f,1f],start_interpolation: 0,interpolation_duration: 1}
$data merge entity $(bone_group4) {transformation: [1.1689f,-0.1198f,0.2428f,-1.0114f,0.2956f,0.7881f,-0.3859f,1.6617f,-0.2277f,0.4268f,0.7809f,1.0004f,0f,0f,0f,1f],start_interpolation: 0,interpolation_duration: 1}
$data merge entity $(bone_group2) {transformation: [1.1648f,-0.1167f,0.2633f,-1.0155f,0.2993f,0.7917f,-0.3754f,1.6584f,-0.2436f,0.4208f,0.7793f,1.0112f,0f,0f,0f,1f],start_interpolation: 0,interpolation_duration: 1}
$data merge entity $(bone_10) {transformation: [-0.7916f,0.2224f,-0.5692f,0.2153f,0.0029f,0.9328f,0.3604f,1.0647f,0.6111f,0.2836f,-0.739f,0.4363f,0f,0f,0f,1f],start_interpolation: 0,interpolation_duration: 1}
$data merge entity $(bone_9) {transformation: [-0.7916f,0.2224f,-0.5692f,0.2987f,0.0029f,0.9328f,0.3604f,1.4145f,0.6111f,0.2836f,-0.739f,0.5427f,0f,0f,0f,1f],start_interpolation: 0,interpolation_duration: 1}
$data merge entity $(bone_bone12) {transformation: [-0.7334f,0.9833f,-0.5756f,0.1164f,0.8518f,1.11f,0.3604f,1.8637f,0.9933f,-0.2259f,-0.734f,0.3102f,0f,0f,0f,1f],start_interpolation: 0,interpolation_duration: 1}
$data merge entity $(bone_bone1) {transformation: [0.6187f,-0.8371f,0.7344f,0.2916f,-0.6104f,1.2532f,0.673f,0.5319f,-0.4946f,-2.594f,0.0881f,1.5138f,0f,0f,0f,1f],start_interpolation: 0,interpolation_duration: 1}
$data merge entity $(bone_2) {transformation: [0.7601f,-0.2923f,0.5803f,-0.0367f,-0.2588f,0.683f,0.683f,1.0442f,-0.596f,-0.6694f,0.4435f,0.8726f,0f,0f,0f,1f],start_interpolation: 0,interpolation_duration: 1}
$data merge entity $(bone_bone2) {transformation: [1.4729f,-0.3767f,0.6497f,0.1528f,-0.0231f,1.9136f,0.2905f,0.9219f,-1.3527f,-0.4429f,0.7025f,0.7479f,0f,0f,0f,1f],start_interpolation: 0,interpolation_duration: 1}
$data merge entity $(bone_1) {transformation: [0.7601f,0.0087f,0.6497f,-0.0335f,-0.2588f,0.9212f,0.2905f,1.3896f,-0.596f,-0.3889f,0.7025f,0.7268f,0f,0f,0f,1f],start_interpolation: 0,interpolation_duration: 1}
$data merge entity $(bone_4) {transformation: [-0.8279f,-0.5534f,0.0912f,0.6951f,-0.3573f,0.3951f,-0.8463f,1.1296f,0.4323f,-0.7333f,-0.5248f,0.2806f,0f,0f,0f,1f],start_interpolation: 0,interpolation_duration: 1}
$data merge entity $(bone_group5) {transformation: [-3.3117f,-1.1428f,-1.4718f,0.7277f,-1.429f,2.4402f,-0.943f,0.9128f,1.7293f,-0.1721f,-3.5978f,0.4667f,0f,0f,0f,1f],start_interpolation: 0,interpolation_duration: 1}
$data merge entity $(bone_group7) {transformation: [-3.3117f,-1.1428f,-1.4718f,0.7277f,-1.429f,2.4402f,-0.943f,0.9128f,1.7293f,-0.1721f,-3.5978f,0.4667f,0f,0f,0f,1f],start_interpolation: 0,interpolation_duration: 1}
$data merge entity $(bone_group6) {transformation: [-2.2966f,-2.6456f,-1.4718f,1.0905f,-2.4577f,1.3987f,-0.943f,0.9789f,1.5837f,0.7156f,-3.5978f,0.3009f,0f,0f,0f,1f],start_interpolation: 0,interpolation_duration: 1}
$data merge entity $(bone_group8) {transformation: [-2.2966f,-2.6456f,-1.4718f,1.0905f,-2.4577f,1.3987f,-0.943f,0.9789f,1.5837f,0.7156f,-3.5978f,0.3009f,0f,0f,0f,1f],start_interpolation: 0,interpolation_duration: 1}
$data merge entity $(bone_group9) {transformation: [-2.2966f,-2.6456f,-1.4718f,1.1441f,-2.4577f,1.3987f,-0.943f,0.8645f,1.5837f,0.7156f,-3.5978f,0.309f,0f,0f,0f,1f],start_interpolation: 0,interpolation_duration: 1}
$data merge entity $(bone_group10) {transformation: [-2.2966f,-2.6456f,-1.4718f,1.1441f,-2.4577f,1.3987f,-0.943f,0.8645f,1.5837f,0.7156f,-3.5978f,0.309f,0f,0f,0f,1f],start_interpolation: 0,interpolation_duration: 1}
$data merge entity $(bone_group11) {transformation: [-2.2966f,-2.6456f,-1.4718f,1.1976f,-2.4577f,1.3987f,-0.943f,0.7501f,1.5837f,0.7156f,-3.5978f,0.3171f,0f,0f,0f,1f],start_interpolation: 0,interpolation_duration: 1}
$data merge entity $(bone_group12) {transformation: [-2.2966f,-2.6456f,-1.4718f,1.1976f,-2.4577f,1.3987f,-0.943f,0.7501f,1.5837f,0.7156f,-3.5978f,0.3171f,0f,0f,0f,1f],start_interpolation: 0,interpolation_duration: 1}
$data merge entity $(bone_group13) {transformation: [-2.4989f,-1.9862f,-0.5887f,0.9216f,-1.9604f,1.9405f,-0.3772f,0.9651f,1.5361f,0.3039f,-1.4391f,0.3215f,0f,0f,0f,1f],start_interpolation: 0,interpolation_duration: 1}
$data merge entity $(bone_group14) {transformation: [-2.4989f,-1.9862f,-0.5887f,0.9216f,-1.9604f,1.9405f,-0.3772f,0.9651f,1.5361f,0.3039f,-1.4391f,0.3215f,0f,0f,0f,1f],start_interpolation: 0,interpolation_duration: 1}
$data merge entity $(bone_group15) {transformation: [-2.4099f,-2.0933f,-0.5887f,0.9833f,-2.0431f,1.8531f,-0.3772f,0.8965f,1.5214f,0.3706f,-1.4391f,0.3143f,0f,0f,0f,1f],start_interpolation: 0,interpolation_duration: 1}
$data merge entity $(bone_group16) {transformation: [-2.4099f,-2.0933f,-0.5887f,0.9833f,-2.0431f,1.8531f,-0.3772f,0.8965f,1.5214f,0.3706f,-1.4391f,0.3143f,0f,0f,0f,1f],start_interpolation: 0,interpolation_duration: 1}
$data merge entity $(bone_group17) {transformation: [-2.2183f,-2.2954f,-0.5887f,1.0981f,-2.1969f,1.668f,-0.3772f,0.8228f,1.4833f,0.5018f,-1.4391f,0.2866f,0f,0f,0f,1f],start_interpolation: 0,interpolation_duration: 1}
$data merge entity $(bone_group18) {transformation: [-2.2183f,-2.2954f,-0.5887f,1.0981f,-2.1969f,1.668f,-0.3772f,0.8228f,1.4833f,0.5018f,-1.4391f,0.2866f,0f,0f,0f,1f],start_interpolation: 0,interpolation_duration: 1}
$data merge entity $(bone_group19) {transformation: [-2.2183f,-2.2954f,-0.5887f,1.1517f,-2.1969f,1.668f,-0.3772f,0.7084f,1.4833f,0.5018f,-1.4391f,0.2947f,0f,0f,0f,1f],start_interpolation: 0,interpolation_duration: 1}
$data merge entity $(bone_group20) {transformation: [-2.2183f,-2.2954f,-0.5887f,1.1517f,-2.1969f,1.668f,-0.3772f,0.7084f,1.4833f,0.5018f,-1.4391f,0.2947f,0f,0f,0f,1f],start_interpolation: 0,interpolation_duration: 1}
$data merge entity $(bone_bone11) {transformation: [-0.8363f,-0.0506f,-0.3679f,0.5376f,0.0523f,1.4551f,-0.2358f,1.1659f,0.3284f,-0.3607f,-0.8995f,0.3703f,0f,0f,0f,1f],start_interpolation: 0,interpolation_duration: 1}
$data merge entity $(bone_3) {transformation: [-0.8279f,-0.4233f,-0.3679f,0.5809f,-0.3573f,0.9038f,-0.2358f,1.4053f,0.4323f,-0.0637f,-0.8995f,0.2898f,0f,0f,0f,1f],start_interpolation: 0,interpolation_duration: 1}
$data merge entity $(bone_8) {transformation: [-0.8582f,0.1054f,-0.5024f,0.0809f,0.1059f,0.994f,0.0276f,0.3965f,0.5023f,-0.0296f,-0.8642f,0.5533f,0f,0f,0f,1f],start_interpolation: 0,interpolation_duration: 1}
$data merge entity $(bone_7) {transformation: [-0.8582f,0.0021f,-0.5133f,0.0819f,0.1059f,0.9792f,-0.173f,0.7646f,0.5023f,-0.2028f,-0.8406f,0.4774f,0f,0f,0f,1f],start_interpolation: 0,interpolation_duration: 1}