# This file was generated by Animated Java via MC-Build. It is not recommended to edit this file directly.
$data merge entity $(bone_layer) {transformation: [-0.8485f,0.1253f,-0.5142f,0.2875f,-0.0439f,0.9516f,0.3043f,1.3679f,0.5274f,0.2808f,-0.8019f,0.4839f,0f,0f,0f,1f],start_interpolation: 0,interpolation_duration: 1}
$data merge entity $(bone_head) {transformation: [-0.8485f,0.1253f,-0.5142f,0.2875f,-0.0439f,0.9516f,0.3043f,1.3679f,0.5274f,0.2808f,-0.8019f,0.4839f,0f,0f,0f,1f],start_interpolation: 0,interpolation_duration: 1}
$data merge entity $(bone_6) {transformation: [-0.6941f,-0.1058f,-0.7121f,0.3564f,-0.1054f,0.9934f,-0.0448f,0.3989f,0.7122f,0.044f,-0.7006f,0.3563f,0f,0f,0f,1f],start_interpolation: 0,interpolation_duration: 1}
$data merge entity $(bone_12) {transformation: [-0.6956f,-0.214f,-0.6858f,0.2761f,-0.1028f,0.9744f,-0.1997f,0.7643f,0.711f,-0.0684f,-0.6999f,0.3307f,0f,0f,0f,1f],start_interpolation: 0,interpolation_duration: 1}
$data merge entity $(bone_group3) {transformation: [1.2024f,-0.1194f,0.2734f,-1.0172f,0.3077f,0.8172f,-0.3878f,1.6599f,-0.2527f,0.4349f,0.8038f,1.0205f,0f,0f,0f,1f],start_interpolation: 0,interpolation_duration: 1}
$data merge entity $(bone_group1) {transformation: [1.2118f,-0.117f,0.2296f,-1.0029f,0.2929f,0.8135f,-0.4066f,1.6721f,-0.2227f,0.4424f,0.8085f,1.0003f,0f,0f,0f,1f],start_interpolation: 0,interpolation_duration: 1}
$data merge entity $(bone_group4) {transformation: [1.1702f,-0.1198f,0.2381f,-1.012f,0.2932f,0.7868f,-0.3894f,1.6642f,-0.224f,0.4291f,0.7806f,1.0064f,0f,0f,0f,1f],start_interpolation: 0,interpolation_duration: 1}
$data merge entity $(bone_group2) {transformation: [1.1649f,-0.1156f,0.2648f,-1.0172f,0.298f,0.7916f,-0.3757f,1.6599f,-0.2448f,0.4213f,0.7786f,1.0205f,0f,0f,0f,1f],start_interpolation: 0,interpolation_duration: 1}
$data merge entity $(bone_10) {transformation: [-0.791f,0.2242f,-0.5692f,0.2147f,0.0038f,0.9322f,0.3619f,1.0641f,0.6117f,0.2841f,-0.7383f,0.4431f,0f,0f,0f,1f],start_interpolation: 0,interpolation_duration: 1}
$data merge entity $(bone_9) {transformation: [-0.791f,0.2242f,-0.5692f,0.2988f,0.0038f,0.9322f,0.3619f,1.4137f,0.6117f,0.2841f,-0.7383f,0.5496f,0f,0f,0f,1f],start_interpolation: 0,interpolation_duration: 1}
$data merge entity $(bone_bone12) {transformation: [-0.7294f,0.9836f,-0.5775f,0.1162f,0.8512f,1.1093f,0.3619f,1.8634f,0.9967f,-0.2276f,-0.7317f,0.3183f,0f,0f,0f,1f],start_interpolation: 0,interpolation_duration: 1}
$data merge entity $(bone_bone1) {transformation: [0.6171f,-0.8453f,0.7347f,0.2942f,-0.6104f,1.2532f,0.673f,0.5316f,-0.4965f,-2.5913f,0.0858f,1.5201f,0f,0f,0f,1f],start_interpolation: 0,interpolation_duration: 1}
$data merge entity $(bone_2) {transformation: [0.7582f,-0.2944f,0.5817f,-0.0361f,-0.2588f,0.683f,0.683f,1.0439f,-0.5984f,-0.6684f,0.4417f,0.88f,0f,0f,0f,1f],start_interpolation: 0,interpolation_duration: 1}
$data merge entity $(bone_bone2) {transformation: [1.4686f,-0.3781f,0.652f,0.153f,-0.0231f,1.9136f,0.2905f,0.9216f,-1.3574f,-0.4417f,0.7004f,0.7547f,0f,0f,0f,1f],start_interpolation: 0,interpolation_duration: 1}
$data merge entity $(bone_1) {transformation: [0.7582f,0.0075f,0.652f,-0.0333f,-0.2588f,0.9212f,0.2905f,1.3893f,-0.5984f,-0.389f,0.7004f,0.7341f,0f,0f,0f,1f],start_interpolation: 0,interpolation_duration: 1}
$data merge entity $(bone_4) {transformation: [-0.8277f,-0.554f,0.0891f,0.6947f,-0.3533f,0.3913f,-0.8497f,1.129f,0.4359f,-0.7348f,-0.5196f,0.2874f,0f,0f,0f,1f],start_interpolation: 0,interpolation_duration: 1}
$data merge entity $(bone_group5) {transformation: [-3.311f,-1.1376f,-1.4824f,0.7272f,-1.4133f,2.442f,-0.9563f,0.913f,1.7436f,-0.1808f,-3.59f,0.4744f,0f,0f,0f,1f],start_interpolation: 0,interpolation_duration: 1}
$data merge entity $(bone_group7) {transformation: [-3.311f,-1.1376f,-1.4824f,0.7272f,-1.4133f,2.442f,-0.9563f,0.913f,1.7436f,-0.1808f,-3.59f,0.4744f,0f,0f,0f,1f],start_interpolation: 0,interpolation_duration: 1}
$data merge entity $(bone_group6) {transformation: [-2.2986f,-2.6406f,-1.4824f,1.0898f,-2.4449f,1.4082f,-0.9563f,0.9775f,1.6004f,0.7153f,-3.59f,0.3075f,0f,0f,0f,1f],start_interpolation: 0,interpolation_duration: 1}
$data merge entity $(bone_group8) {transformation: [-2.2986f,-2.6406f,-1.4824f,1.0898f,-2.4449f,1.4082f,-0.9563f,0.9775f,1.6004f,0.7153f,-3.59f,0.3075f,0f,0f,0f,1f],start_interpolation: 0,interpolation_duration: 1}
$data merge entity $(bone_group9) {transformation: [-2.2986f,-2.6406f,-1.4824f,1.1431f,-2.4449f,1.4082f,-0.9563f,0.863f,1.6004f,0.7153f,-3.59f,0.316f,0f,0f,0f,1f],start_interpolation: 0,interpolation_duration: 1}
$data merge entity $(bone_group10) {transformation: [-2.2986f,-2.6406f,-1.4824f,1.1431f,-2.4449f,1.4082f,-0.9563f,0.863f,1.6004f,0.7153f,-3.59f,0.316f,0f,0f,0f,1f],start_interpolation: 0,interpolation_duration: 1}
$data merge entity $(bone_group11) {transformation: [-2.2986f,-2.6406f,-1.4824f,1.1964f,-2.4449f,1.4082f,-0.9563f,0.7485f,1.6004f,0.7153f,-3.59f,0.3245f,0f,0f,0f,1f],start_interpolation: 0,interpolation_duration: 1}
$data merge entity $(bone_group12) {transformation: [-2.2986f,-2.6406f,-1.4824f,1.1964f,-2.4449f,1.4082f,-0.9563f,0.7485f,1.6004f,0.7153f,-3.59f,0.3245f,0f,0f,0f,1f],start_interpolation: 0,interpolation_duration: 1}
$data merge entity $(bone_group13) {transformation: [-2.4999f,-1.981f,-0.593f,0.921f,-1.9474f,1.9465f,-0.3825f,0.9642f,1.551f,0.2995f,-1.436f,0.3286f,0f,0f,0f,1f],start_interpolation: 0,interpolation_duration: 1}
$data merge entity $(bone_group14) {transformation: [-2.4999f,-1.981f,-0.593f,0.921f,-1.9474f,1.9465f,-0.3825f,0.9642f,1.551f,0.2995f,-1.436f,0.3286f,0f,0f,0f,1f],start_interpolation: 0,interpolation_duration: 1}
$data merge entity $(bone_group15) {transformation: [-2.4111f,-2.0881f,-0.593f,0.9824f,-2.0305f,1.8597f,-0.3825f,0.8954f,1.5364f,0.3669f,-1.436f,0.3215f,0f,0f,0f,1f],start_interpolation: 0,interpolation_duration: 1}
$data merge entity $(bone_group16) {transformation: [-2.4111f,-2.0881f,-0.593f,0.9824f,-2.0305f,1.8597f,-0.3825f,0.8954f,1.5364f,0.3669f,-1.436f,0.3215f,0f,0f,0f,1f],start_interpolation: 0,interpolation_duration: 1}
$data merge entity $(bone_group17) {transformation: [-2.2199f,-2.2903f,-0.593f,1.0971f,-2.1848f,1.6756f,-0.3825f,0.8213f,1.4986f,0.4994f,-1.436f,0.2939f,0f,0f,0f,1f],start_interpolation: 0,interpolation_duration: 1}
$data merge entity $(bone_group18) {transformation: [-2.2199f,-2.2903f,-0.593f,1.0971f,-2.1848f,1.6756f,-0.3825f,0.8213f,1.4986f,0.4994f,-1.436f,0.2939f,0f,0f,0f,1f],start_interpolation: 0,interpolation_duration: 1}
$data merge entity $(bone_group19) {transformation: [-2.2199f,-2.2903f,-0.593f,1.1504f,-2.1848f,1.6756f,-0.3825f,0.7068f,1.4986f,0.4994f,-1.436f,0.3024f,0f,0f,0f,1f],start_interpolation: 0,interpolation_duration: 1}
$data merge entity $(bone_group20) {transformation: [-2.2199f,-2.2903f,-0.593f,1.1504f,-2.1848f,1.6756f,-0.3825f,0.7068f,1.4986f,0.4994f,-1.436f,0.3024f,0f,0f,0f,1f],start_interpolation: 0,interpolation_duration: 1}
$data merge entity $(bone_bone11) {transformation: [-0.8354f,-0.048f,-0.3706f,0.5375f,0.0558f,1.4535f,-0.2391f,1.166f,0.3301f,-0.3673f,-0.8975f,0.3773f,0f,0f,0f,1f],start_interpolation: 0,interpolation_duration: 1}
$data merge entity $(bone_3) {transformation: [-0.8277f,-0.4213f,-0.3706f,0.5812f,-0.3533f,0.9044f,-0.2391f,1.4049f,0.4359f,-0.0669f,-0.8975f,0.2956f,0f,0f,0f,1f],start_interpolation: 0,interpolation_duration: 1}
$data merge entity $(bone_8) {transformation: [-0.8575f,0.105f,-0.5036f,0.0797f,0.1056f,0.994f,0.0274f,0.3956f,0.5035f,-0.0297f,-0.8635f,0.5586f,0f,0f,0f,1f],start_interpolation: 0,interpolation_duration: 1}
$data merge entity $(bone_7) {transformation: [-0.8575f,0.004f,-0.5144f,0.0815f,0.1056f,0.98f,-0.1684f,0.7643f,0.5035f,-0.1988f,-0.8408f,0.4843f,0f,0f,0f,1f],start_interpolation: 0,interpolation_duration: 1}