# This file was generated by Animated Java via MC-Build. It is not recommended to edit this file directly.
$data merge entity $(bone_layer) {transformation: [-0.8491f,0.1134f,-0.516f,0.2872f,-0.0469f,0.9567f,0.2874f,1.3669f,0.5262f,0.2682f,-0.807f,0.4911f,0f,0f,0f,1f],start_interpolation: 0,interpolation_duration: 1}
$data merge entity $(bone_head) {transformation: [-0.8491f,0.1134f,-0.516f,0.2872f,-0.0469f,0.9567f,0.2874f,1.3669f,0.5262f,0.2682f,-0.807f,0.4911f,0f,0f,0f,1f],start_interpolation: 0,interpolation_duration: 1}
$data merge entity $(bone_6) {transformation: [-0.6916f,-0.1107f,-0.7138f,0.3556f,-0.105f,0.9931f,-0.0523f,0.3988f,0.7146f,0.0388f,-0.6984f,0.3642f,0f,0f,0f,1f],start_interpolation: 0,interpolation_duration: 1}
$data merge entity $(bone_12) {transformation: [-0.6936f,-0.2156f,-0.6874f,0.2747f,-0.1018f,0.9739f,-0.2028f,0.764f,0.7132f,-0.0707f,-0.6974f,0.3376f,0f,0f,0f,1f],start_interpolation: 0,interpolation_duration: 1}
$data merge entity $(bone_group3) {transformation: [1.2025f,-0.1182f,0.2751f,-1.0191f,0.3062f,0.817f,-0.3882f,1.6615f,-0.2541f,0.4354f,0.803f,1.0305f,0f,0f,0f,1f],start_interpolation: 0,interpolation_duration: 1}
$data merge entity $(bone_group1) {transformation: [1.214f,-0.1153f,0.2201f,-1.0011f,0.2876f,0.8124f,-0.4116f,1.6768f,-0.2165f,0.4449f,0.8088f,1.0052f,0f,0f,0f,1f],start_interpolation: 0,interpolation_duration: 1}
$data merge entity $(bone_group4) {transformation: [1.1716f,-0.1198f,0.2329f,-1.0126f,0.2906f,0.7855f,-0.3932f,1.6669f,-0.22f,0.4316f,0.7804f,1.0128f,0f,0f,0f,1f],start_interpolation: 0,interpolation_duration: 1}
$data merge entity $(bone_group2) {transformation: [1.1649f,-0.1145f,0.2665f,-1.0191f,0.2967f,0.7915f,-0.3761f,1.6615f,-0.2462f,0.4218f,0.7779f,1.0305f,0f,0f,0f,1f],start_interpolation: 0,interpolation_duration: 1}
$data merge entity $(bone_10) {transformation: [-0.7905f,0.2262f,-0.5692f,0.214f,0.0048f,0.9316f,0.3635f,1.0636f,0.6125f,0.2846f,-0.7375f,0.4503f,0f,0f,0f,1f],start_interpolation: 0,interpolation_duration: 1}
$data merge entity $(bone_9) {transformation: [-0.7905f,0.2262f,-0.5692f,0.2988f,0.0048f,0.9316f,0.3635f,1.4129f,0.6125f,0.2846f,-0.7375f,0.5571f,0f,0f,0f,1f],start_interpolation: 0,interpolation_duration: 1}
$data merge entity $(bone_bone12) {transformation: [-0.7251f,0.984f,-0.5796f,0.1159f,0.8507f,1.1086f,0.3635f,1.8631f,1.0003f,-0.2295f,-0.7293f,0.3269f,0f,0f,0f,1f],start_interpolation: 0,interpolation_duration: 1}
$data merge entity $(bone_bone1) {transformation: [0.6154f,-0.8541f,0.735f,0.297f,-0.6104f,1.2532f,0.673f,0.5313f,-0.4986f,-2.5884f,0.0833f,1.5269f,0f,0f,0f,1f],start_interpolation: 0,interpolation_duration: 1}
$data merge entity $(bone_2) {transformation: [0.7562f,-0.2967f,0.5832f,-0.0355f,-0.2588f,0.683f,0.683f,1.0435f,-0.601f,-0.6674f,0.4397f,0.8879f,0f,0f,0f,1f],start_interpolation: 0,interpolation_duration: 1}
$data merge entity $(bone_bone2) {transformation: [1.464f,-0.3796f,0.6543f,0.1532f,-0.0231f,1.9136f,0.2905f,0.9213f,-1.3624f,-0.4404f,0.6982f,0.762f,0f,0f,0f,1f],start_interpolation: 0,interpolation_duration: 1}
$data merge entity $(bone_1) {transformation: [0.7562f,0.0061f,0.6543f,-0.0332f,-0.2588f,0.9212f,0.2905f,1.389f,-0.601f,-0.389f,0.6982f,0.742f,0f,0f,0f,1f],start_interpolation: 0,interpolation_duration: 1}
$data merge entity $(bone_4) {transformation: [-0.8275f,-0.5547f,0.0868f,0.6943f,-0.3491f,0.3872f,-0.8533f,1.1283f,0.4397f,-0.7365f,-0.5141f,0.2947f,0f,0f,0f,1f],start_interpolation: 0,interpolation_duration: 1}
$data merge entity $(bone_group5) {transformation: [-3.3101f,-1.132f,-1.4937f,0.7267f,-1.3963f,2.4439f,-0.9705f,0.9132f,1.7589f,-0.1902f,-3.5815f,0.4827f,0f,0f,0f,1f],start_interpolation: 0,interpolation_duration: 1}
$data merge entity $(bone_group7) {transformation: [-3.3101f,-1.132f,-1.4937f,0.7267f,-1.3963f,2.4439f,-0.9705f,0.9132f,1.7589f,-0.1902f,-3.5815f,0.4827f,0f,0f,0f,1f],start_interpolation: 0,interpolation_duration: 1}
$data merge entity $(bone_group6) {transformation: [-2.3006f,-2.6353f,-1.4937f,1.0891f,-2.4312f,1.4183f,-0.9705f,0.9759f,1.6183f,0.7148f,-3.5815f,0.3146f,0f,0f,0f,1f],start_interpolation: 0,interpolation_duration: 1}
$data merge entity $(bone_group8) {transformation: [-2.3006f,-2.6353f,-1.4937f,1.0891f,-2.4312f,1.4183f,-0.9705f,0.9759f,1.6183f,0.7148f,-3.5815f,0.3146f,0f,0f,0f,1f],start_interpolation: 0,interpolation_duration: 1}
$data merge entity $(bone_group9) {transformation: [-2.3006f,-2.6353f,-1.4937f,1.1421f,-2.4312f,1.4183f,-0.9705f,0.8614f,1.6183f,0.7148f,-3.5815f,0.3235f,0f,0f,0f,1f],start_interpolation: 0,interpolation_duration: 1}
$data merge entity $(bone_group10) {transformation: [-2.3006f,-2.6353f,-1.4937f,1.1421f,-2.4312f,1.4183f,-0.9705f,0.8614f,1.6183f,0.7148f,-3.5815f,0.3235f,0f,0f,0f,1f],start_interpolation: 0,interpolation_duration: 1}
$data merge entity $(bone_group11) {transformation: [-2.3006f,-2.6353f,-1.4937f,1.1952f,-2.4312f,1.4183f,-0.9705f,0.7468f,1.6183f,0.7148f,-3.5815f,0.3324f,0f,0f,0f,1f],start_interpolation: 0,interpolation_duration: 1}
$data merge entity $(bone_group12) {transformation: [-2.3006f,-2.6353f,-1.4937f,1.1952f,-2.4312f,1.4183f,-0.9705f,0.7468f,1.6183f,0.7148f,-3.5815f,0.3324f,0f,0f,0f,1f],start_interpolation: 0,interpolation_duration: 1}
$data merge entity $(bone_group13) {transformation: [-2.5008f,-1.9754f,-0.5975f,0.9203f,-1.9334f,1.9529f,-0.3882f,0.9632f,1.5669f,0.2947f,-1.4326f,0.3361f,0f,0f,0f,1f],start_interpolation: 0,interpolation_duration: 1}
$data merge entity $(bone_group14) {transformation: [-2.5008f,-1.9754f,-0.5975f,0.9203f,-1.9334f,1.9529f,-0.3882f,0.9632f,1.5669f,0.2947f,-1.4326f,0.3361f,0f,0f,0f,1f],start_interpolation: 0,interpolation_duration: 1}
$data merge entity $(bone_group15) {transformation: [-2.4122f,-2.0826f,-0.5975f,0.9815f,-2.0168f,1.8667f,-0.3882f,0.8942f,1.5526f,0.3627f,-1.4326f,0.3293f,0f,0f,0f,1f],start_interpolation: 0,interpolation_duration: 1}
$data merge entity $(bone_group16) {transformation: [-2.4122f,-2.0826f,-0.5975f,0.9815f,-2.0168f,1.8667f,-0.3882f,0.8942f,1.5526f,0.3627f,-1.4326f,0.3293f,0f,0f,0f,1f],start_interpolation: 0,interpolation_duration: 1}
$data merge entity $(bone_group17) {transformation: [-2.2216f,-2.2849f,-0.5975f,1.0959f,-2.1718f,1.6838f,-0.3882f,0.8197f,1.5151f,0.4967f,-1.4326f,0.3018f,0f,0f,0f,1f],start_interpolation: 0,interpolation_duration: 1}
$data merge entity $(bone_group18) {transformation: [-2.2216f,-2.2849f,-0.5975f,1.0959f,-2.1718f,1.6838f,-0.3882f,0.8197f,1.5151f,0.4967f,-1.4326f,0.3018f,0f,0f,0f,1f],start_interpolation: 0,interpolation_duration: 1}
$data merge entity $(bone_group19) {transformation: [-2.2216f,-2.2849f,-0.5975f,1.149f,-2.1718f,1.6838f,-0.3882f,0.7051f,1.5151f,0.4967f,-1.4326f,0.3107f,0f,0f,0f,1f],start_interpolation: 0,interpolation_duration: 1}
$data merge entity $(bone_group20) {transformation: [-2.2216f,-2.2849f,-0.5975f,1.149f,-2.1718f,1.6838f,-0.3882f,0.7051f,1.5151f,0.4967f,-1.4326f,0.3107f,0f,0f,0f,1f],start_interpolation: 0,interpolation_duration: 1}
$data merge entity $(bone_bone11) {transformation: [-0.8344f,-0.0454f,-0.3734f,0.5374f,0.0595f,1.4518f,-0.2426f,1.1662f,0.3319f,-0.3745f,-0.8954f,0.3848f,0f,0f,0f,1f],start_interpolation: 0,interpolation_duration: 1}
$data merge entity $(bone_3) {transformation: [-0.8275f,-0.4192f,-0.3734f,0.5815f,-0.3491f,0.9051f,-0.2426f,1.4046f,0.4397f,-0.0704f,-0.8954f,0.3018f,0f,0f,0f,1f],start_interpolation: 0,interpolation_duration: 1}
$data merge entity $(bone_8) {transformation: [-0.8568f,0.1046f,-0.5049f,0.0784f,0.1053f,0.9941f,0.0273f,0.3946f,0.5048f,-0.0298f,-0.8627f,0.5642f,0f,0f,0f,1f],start_interpolation: 0,interpolation_duration: 1}
$data merge entity $(bone_7) {transformation: [-0.8568f,0.006f,-0.5156f,0.081f,0.1053f,0.9809f,-0.1635f,0.764f,0.5048f,-0.1944f,-0.8411f,0.4916f,0f,0f,0f,1f],start_interpolation: 0,interpolation_duration: 1}