# This file was generated by Animated Java via MC-Build. It is not recommended to edit this file directly.
$data merge entity $(bone_layer) {transformation: [-0.8497f,0.1009f,-0.5176f,0.287f,-0.0501f,0.9617f,0.2696f,1.3658f,0.525f,0.255f,-0.812f,0.4986f,0f,0f,0f,1f],start_interpolation: 0,interpolation_duration: 1}
$data merge entity $(bone_head) {transformation: [-0.8497f,0.1009f,-0.5176f,0.287f,-0.0501f,0.9617f,0.2696f,1.3658f,0.525f,0.255f,-0.812f,0.4986f,0f,0f,0f,1f],start_interpolation: 0,interpolation_duration: 1}
$data merge entity $(bone_6) {transformation: [-0.689f,-0.116f,-0.7155f,0.3547f,-0.1046f,0.9927f,-0.0602f,0.3986f,0.7172f,0.0334f,-0.6961f,0.3723f,0f,0f,0f,1f],start_interpolation: 0,interpolation_duration: 1}
$data merge entity $(bone_12) {transformation: [-0.6914f,-0.2173f,-0.689f,0.2733f,-0.1006f,0.9734f,-0.206f,0.7637f,0.7154f,-0.0731f,-0.6948f,0.3449f,0f,0f,0f,1f],start_interpolation: 0,interpolation_duration: 1}
$data merge entity $(bone_group3) {transformation: [1.2026f,-0.1169f,0.2769f,-1.0211f,0.3048f,0.8169f,-0.3886f,1.6632f,-0.2555f,0.436f,0.8023f,1.0409f,0f,0f,0f,1f],start_interpolation: 0,interpolation_duration: 1}
$data merge entity $(bone_group1) {transformation: [1.2163f,-0.1135f,0.2102f,-0.9992f,0.282f,0.8112f,-0.4167f,1.6818f,-0.21f,0.4475f,0.8091f,1.0103f,0f,0f,0f,1f],start_interpolation: 0,interpolation_duration: 1}
$data merge entity $(bone_group4) {transformation: [1.173f,-0.1197f,0.2275f,-1.0132f,0.2878f,0.784f,-0.3971f,1.6698f,-0.2159f,0.4343f,0.78f,1.0194f,0f,0f,0f,1f],start_interpolation: 0,interpolation_duration: 1}
$data merge entity $(bone_group2) {transformation: [1.165f,-0.1133f,0.2682f,-1.0211f,0.2952f,0.7914f,-0.3764f,1.6632f,-0.2475f,0.4223f,0.7772f,1.0409f,0f,0f,0f,1f],start_interpolation: 0,interpolation_duration: 1}
$data merge entity $(bone_10) {transformation: [-0.7899f,0.2283f,-0.5691f,0.2133f,0.0059f,0.9309f,0.3652f,1.063f,0.6132f,0.2851f,-0.7367f,0.4579f,0f,0f,0f,1f],start_interpolation: 0,interpolation_duration: 1}
$data merge entity $(bone_9) {transformation: [-0.7899f,0.2283f,-0.5691f,0.2989f,0.0059f,0.9309f,0.3652f,1.4121f,0.6132f,0.2851f,-0.7367f,0.5648f,0f,0f,0f,1f],start_interpolation: 0,interpolation_duration: 1}
$data merge entity $(bone_bone12) {transformation: [-0.7205f,0.9845f,-0.5818f,0.1157f,0.8501f,1.1078f,0.3652f,1.8628f,1.0041f,-0.2314f,-0.7267f,0.336f,0f,0f,0f,1f],start_interpolation: 0,interpolation_duration: 1}
$data merge entity $(bone_bone1) {transformation: [0.6137f,-0.8633f,0.7353f,0.3f,-0.6104f,1.2532f,0.673f,0.5309f,-0.5008f,-2.5854f,0.0807f,1.5339f,0f,0f,0f,1f],start_interpolation: 0,interpolation_duration: 1}
$data merge entity $(bone_2) {transformation: [0.754f,-0.2991f,0.5848f,-0.0348f,-0.2588f,0.683f,0.683f,1.0432f,-0.6037f,-0.6664f,0.4376f,0.8961f,0f,0f,0f,1f],start_interpolation: 0,interpolation_duration: 1}
$data merge entity $(bone_bone2) {transformation: [1.4591f,-0.3811f,0.6568f,0.1534f,-0.0231f,1.9136f,0.2905f,0.9209f,-1.3676f,-0.439f,0.6959f,0.7695f,0f,0f,0f,1f],start_interpolation: 0,interpolation_duration: 1}
$data merge entity $(bone_1) {transformation: [0.754f,0.0048f,0.6568f,-0.033f,-0.2588f,0.9212f,0.2905f,1.3887f,-0.6037f,-0.389f,0.6959f,0.7503f,0f,0f,0f,1f],start_interpolation: 0,interpolation_duration: 1}
$data merge entity $(bone_4) {transformation: [-0.8273f,-0.5554f,0.0845f,0.6939f,-0.3446f,0.3829f,-0.8571f,1.1277f,0.4437f,-0.7382f,-0.5082f,0.3024f,0f,0f,0f,1f],start_interpolation: 0,interpolation_duration: 1}
$data merge entity $(bone_group5) {transformation: [-3.309f,-1.1262f,-1.5056f,0.7263f,-1.3785f,2.4458f,-0.9855f,0.9134f,1.7749f,-0.2001f,-3.5724f,0.4914f,0f,0f,0f,1f],start_interpolation: 0,interpolation_duration: 1}
$data merge entity $(bone_group7) {transformation: [-3.309f,-1.1262f,-1.5056f,0.7263f,-1.3785f,2.4458f,-0.9855f,0.9134f,1.7749f,-0.2001f,-3.5724f,0.4914f,0f,0f,0f,1f],start_interpolation: 0,interpolation_duration: 1}
$data merge entity $(bone_group6) {transformation: [-2.3026f,-2.6298f,-1.5056f,1.0883f,-2.4167f,1.4289f,-0.9855f,0.9744f,1.6371f,0.7141f,-3.5724f,0.322f,0f,0f,0f,1f],start_interpolation: 0,interpolation_duration: 1}
$data merge entity $(bone_group8) {transformation: [-2.3026f,-2.6298f,-1.5056f,1.0883f,-2.4167f,1.4289f,-0.9855f,0.9744f,1.6371f,0.7141f,-3.5724f,0.322f,0f,0f,0f,1f],start_interpolation: 0,interpolation_duration: 1}
$data merge entity $(bone_group9) {transformation: [-2.3026f,-2.6298f,-1.5056f,1.1411f,-2.4167f,1.4289f,-0.9855f,0.8597f,1.6371f,0.7141f,-3.5724f,0.3314f,0f,0f,0f,1f],start_interpolation: 0,interpolation_duration: 1}
$data merge entity $(bone_group10) {transformation: [-2.3026f,-2.6298f,-1.5056f,1.1411f,-2.4167f,1.4289f,-0.9855f,0.8597f,1.6371f,0.7141f,-3.5724f,0.3314f,0f,0f,0f,1f],start_interpolation: 0,interpolation_duration: 1}
$data merge entity $(bone_group11) {transformation: [-2.3026f,-2.6298f,-1.5056f,1.1939f,-2.4167f,1.4289f,-0.9855f,0.7451f,1.6371f,0.7141f,-3.5724f,0.3408f,0f,0f,0f,1f],start_interpolation: 0,interpolation_duration: 1}
$data merge entity $(bone_group12) {transformation: [-2.3026f,-2.6298f,-1.5056f,1.1939f,-2.4167f,1.4289f,-0.9855f,0.7451f,1.6371f,0.7141f,-3.5724f,0.3408f,0f,0f,0f,1f],start_interpolation: 0,interpolation_duration: 1}
$data merge entity $(bone_group13) {transformation: [-2.5017f,-1.9696f,-0.6022f,0.9195f,-1.9186f,1.9595f,-0.3942f,0.9622f,1.5836f,0.2895f,-1.429f,0.344f,0f,0f,0f,1f],start_interpolation: 0,interpolation_duration: 1}
$data merge entity $(bone_group14) {transformation: [-2.5017f,-1.9696f,-0.6022f,0.9195f,-1.9186f,1.9595f,-0.3942f,0.9622f,1.5836f,0.2895f,-1.429f,0.344f,0f,0f,0f,1f],start_interpolation: 0,interpolation_duration: 1}
$data merge entity $(bone_group15) {transformation: [-2.4134f,-2.0768f,-0.6022f,0.9806f,-2.0023f,1.8739f,-0.3942f,0.8929f,1.5695f,0.3583f,-1.429f,0.3374f,0f,0f,0f,1f],start_interpolation: 0,interpolation_duration: 1}
$data merge entity $(bone_group16) {transformation: [-2.4134f,-2.0768f,-0.6022f,0.9806f,-2.0023f,1.8739f,-0.3942f,0.8929f,1.5695f,0.3583f,-1.429f,0.3374f,0f,0f,0f,1f],start_interpolation: 0,interpolation_duration: 1}
$data merge entity $(bone_group17) {transformation: [-2.2232f,-2.2793f,-0.6022f,1.0947f,-2.158f,1.6923f,-0.3942f,0.818f,1.5323f,0.4937f,-1.429f,0.31f,0f,0f,0f,1f],start_interpolation: 0,interpolation_duration: 1}
$data merge entity $(bone_group18) {transformation: [-2.2232f,-2.2793f,-0.6022f,1.0947f,-2.158f,1.6923f,-0.3942f,0.818f,1.5323f,0.4937f,-1.429f,0.31f,0f,0f,0f,1f],start_interpolation: 0,interpolation_duration: 1}
$data merge entity $(bone_group19) {transformation: [-2.2232f,-2.2793f,-0.6022f,1.1475f,-2.158f,1.6923f,-0.3942f,0.7034f,1.5323f,0.4937f,-1.429f,0.3194f,0f,0f,0f,1f],start_interpolation: 0,interpolation_duration: 1}
$data merge entity $(bone_group20) {transformation: [-2.2232f,-2.2793f,-0.6022f,1.1475f,-2.158f,1.6923f,-0.3942f,0.7034f,1.5323f,0.4937f,-1.429f,0.3194f,0f,0f,0f,1f],start_interpolation: 0,interpolation_duration: 1}
$data merge entity $(bone_bone11) {transformation: [-0.8334f,-0.0426f,-0.3764f,0.5373f,0.0634f,1.4499f,-0.2464f,1.1664f,0.3337f,-0.382f,-0.8931f,0.3927f,0f,0f,0f,1f],start_interpolation: 0,interpolation_duration: 1}
$data merge entity $(bone_3) {transformation: [-0.8273f,-0.4171f,-0.3764f,0.5818f,-0.3446f,0.9058f,-0.2464f,1.4043f,0.4437f,-0.0741f,-0.8931f,0.3083f,0f,0f,0f,1f],start_interpolation: 0,interpolation_duration: 1}
$data merge entity $(bone_8) {transformation: [-0.8561f,0.1041f,-0.5063f,0.077f,0.1049f,0.9941f,0.0271f,0.3936f,0.5061f,-0.0299f,-0.8619f,0.57f,0f,0f,0f,1f],start_interpolation: 0,interpolation_duration: 1}
$data merge entity $(bone_7) {transformation: [-0.8561f,0.0081f,-0.5168f,0.0805f,0.1049f,0.9818f,-0.1583f,0.7637f,0.5061f,-0.1898f,-0.8413f,0.4992f,0f,0f,0f,1f],start_interpolation: 0,interpolation_duration: 1}