# This file was generated by Animated Java via MC-Build. It is not recommended to edit this file directly.
$data merge entity $(bone_layer) {transformation: [-0.6382f,0.2974f,-0.7101f,0.5625f,-0.0061f,0.9204f,0.3909f,1.2031f,0.7698f,0.2538f,-0.5856f,-4.1875f,0f,0f,0f,1f],start_interpolation: 0,interpolation_duration: 1}
$data merge entity $(bone_head) {transformation: [-0.6382f,0.2974f,-0.7101f,0.5625f,-0.0061f,0.9204f,0.3909f,1.2031f,0.7698f,0.2538f,-0.5856f,-4.1875f,0f,0f,0f,1f],start_interpolation: 0,interpolation_duration: 1}
$data merge entity $(bone_6) {transformation: [-0.5217f,0.4208f,-0.7421f,0.6616f,-0.1069f,0.8308f,0.5462f,0.084f,0.8464f,0.3642f,-0.3885f,-4.3582f,0f,0f,0f,1f],start_interpolation: 0,interpolation_duration: 1}
$data merge entity $(bone_12) {transformation: [-0.4968f,-0.0343f,-0.8672f,0.6488f,-0.1674f,0.9842f,0.0569f,0.4531f,0.8516f,0.1734f,-0.4947f,-4.2931f,0f,0f,0f,1f],start_interpolation: 0,interpolation_duration: 1}
$data merge entity $(bone_group3) {transformation: [0.9597f,0.0235f,0.5358f,-0.2139f,0.3717f,0.8499f,-0.3455f,1.2675f,-0.7223f,0.3908f,0.6956f,-3.34f,0f,0f,0f,1f],start_interpolation: 0,interpolation_duration: 1}
$data merge entity $(bone_group1) {transformation: [0.3241f,-0.1106f,1.0447f,-0.1905f,0.4906f,0.8511f,0.1212f,1.0513f,-1.0103f,0.367f,0.0543f,-2.8122f,0f,0f,0f,1f],start_interpolation: 0,interpolation_duration: 1}
$data merge entity $(bone_group4) {transformation: [0.5794f,-0.0287f,0.8931f,-0.2035f,0.3944f,0.8736f,-0.0266f,1.1859f,-0.9636f,0.2545f,0.3062f,-3.0219f,0f,0f,0f,1f],start_interpolation: 0,interpolation_duration: 1}
$data merge entity $(bone_group2) {transformation: [0.9297f,0.0228f,0.519f,-0.2139f,0.36f,0.8233f,-0.3347f,1.2675f,-0.6997f,0.3786f,0.6738f,-3.34f,0f,0f,0f,1f],start_interpolation: 0,interpolation_duration: 1}
$data merge entity $(bone_10) {transformation: [-0.4585f,0.1742f,-0.8715f,0.5854f,-0.0476f,0.9744f,0.2198f,0.7761f,0.8874f,0.1423f,-0.4385f,-4.1688f,0f,0f,0f,1f],start_interpolation: 0,interpolation_duration: 1}
$data merge entity $(bone_9) {transformation: [-0.4585f,0.1742f,-0.8715f,0.6507f,-0.0476f,0.9744f,0.2198f,1.1415f,0.8874f,0.1423f,-0.4385f,-4.1155f,0f,0f,0f,1f],start_interpolation: 0,interpolation_duration: 1}
$data merge entity $(bone_bone12) {transformation: [-0.5937f,0.7849f,-0.7547f,0.375f,0.8897f,1.1595f,0.2249f,1.5444f,1.0516f,-0.5379f,-0.6164f,-4.3407f,0f,0f,0f,1f],start_interpolation: 0,interpolation_duration: 1}
$data merge entity $(bone_bone1) {transformation: [0.4953f,-1.3852f,0.7359f,0.8149f,-0.6104f,1.2532f,0.673f,0.3454f,-0.6181f,-2.3475f,-0.075f,-3.2004f,0f,0f,0f,1f],start_interpolation: 0,interpolation_duration: 1}
$data merge entity $(bone_2) {transformation: [0.611f,-0.4319f,0.6634f,0.3541f,-0.2588f,0.683f,0.683f,0.8577f,-0.7481f,-0.589f,0.3056f,-3.754f,0f,0f,0f,1f],start_interpolation: 0,interpolation_duration: 1}
$data merge entity $(bone_bone2) {transformation: [1.1407f,-0.4646f,0.7879f,0.5116f,-0.0231f,1.9136f,0.2905f,0.7354f,-1.6427f,-0.3495f,0.543f,-3.9172f,0f,0f,0f,1f],start_interpolation: 0,interpolation_duration: 1}
$data merge entity $(bone_1) {transformation: [0.611f,-0.0768f,0.7879f,0.3253f,-0.2588f,0.9212f,0.2905f,1.2031f,-0.7481f,-0.3814f,0.543f,-3.8971f,0f,0f,0f,1f],start_interpolation: 0,interpolation_duration: 1}
$data merge entity $(bone_4) {transformation: [-0.5882f,-0.7939f,-0.154f,0.8407f,-0.6716f,0.5856f,-0.4539f,0.9142f,0.4505f,-0.1635f,-0.8777f,-4.6008f,0f,0f,0f,1f],start_interpolation: 0,interpolation_duration: 1}
$data merge entity $(bone_group5) {transformation: [-2.3528f,-1.357f,-2.5343f,0.9563f,-2.6864f,1.998f,0.146f,0.6576f,1.802f,1.2069f,-3.0913f,-4.5418f,0f,0f,0f,1f],start_interpolation: 0,interpolation_duration: 1}
$data merge entity $(bone_group7) {transformation: [-2.3528f,-1.357f,-2.5343f,0.9563f,-2.6864f,1.998f,0.146f,0.6576f,1.802f,1.2069f,-3.0913f,-4.5418f,0f,0f,0f,1f],start_interpolation: 0,interpolation_duration: 1}
$data merge entity $(bone_group6) {transformation: [-1.3591f,-2.3516f,-2.5343f,1.2308f,-3.3255f,0.3871f,0.146f,0.8617f,0.9571f,1.9462f,-3.0913f,-4.7572f,0f,0f,0f,1f],start_interpolation: 0,interpolation_duration: 1}
$data merge entity $(bone_group8) {transformation: [-1.3591f,-2.3516f,-2.5343f,1.2308f,-3.3255f,0.3871f,0.146f,0.8617f,0.9571f,1.9462f,-3.0913f,-4.7572f,0f,0f,0f,1f],start_interpolation: 0,interpolation_duration: 1}
$data merge entity $(bone_group9) {transformation: [-1.3591f,-2.3516f,-2.5343f,1.2945f,-3.3255f,0.3871f,0.146f,0.7681f,0.9571f,1.9462f,-3.0913f,-4.8138f,0f,0f,0f,1f],start_interpolation: 0,interpolation_duration: 1}
$data merge entity $(bone_group10) {transformation: [-1.3591f,-2.3516f,-2.5343f,1.2945f,-3.3255f,0.3871f,0.146f,0.7681f,0.9571f,1.9462f,-3.0913f,-4.8138f,0f,0f,0f,1f],start_interpolation: 0,interpolation_duration: 1}
$data merge entity $(bone_group11) {transformation: [-1.3591f,-2.3516f,-2.5343f,1.3581f,-3.3255f,0.3871f,0.146f,0.6744f,0.9571f,1.9462f,-3.0913f,-4.8704f,0f,0f,0f,1f],start_interpolation: 0,interpolation_duration: 1}
$data merge entity $(bone_group12) {transformation: [-1.3591f,-2.3516f,-2.5343f,1.3581f,-3.3255f,0.3871f,0.146f,0.6744f,0.9571f,1.9462f,-3.0913f,-4.8704f,0f,0f,0f,1f],start_interpolation: 0,interpolation_duration: 1}
$data merge entity $(bone_group13) {transformation: [-1.6115f,-1.9309f,-1.0137f,1.0818f,-2.9067f,1.1785f,0.0584f,0.803f,1.1838f,1.6387f,-1.2365f,-4.6985f,0f,0f,0f,1f],start_interpolation: 0,interpolation_duration: 1}
$data merge entity $(bone_group14) {transformation: [-1.6115f,-1.9309f,-1.0137f,1.0818f,-2.9067f,1.1785f,0.0584f,0.803f,1.1838f,1.6387f,-1.2365f,-4.6985f,0f,0f,0f,1f],start_interpolation: 0,interpolation_duration: 1}
$data merge entity $(bone_group15) {transformation: [-1.5257f,-1.9994f,-1.0137f,1.1433f,-2.9553f,1.0506f,0.0584f,0.758f,1.1112f,1.6888f,-1.2365f,-4.751f,0f,0f,0f,1f],start_interpolation: 0,interpolation_duration: 1}
$data merge entity $(bone_group16) {transformation: [-1.5257f,-1.9994f,-1.0137f,1.1433f,-2.9553f,1.0506f,0.0584f,0.758f,1.1112f,1.6888f,-1.2365f,-4.751f,0f,0f,0f,1f],start_interpolation: 0,interpolation_duration: 1}
$data merge entity $(bone_group17) {transformation: [-1.3457f,-2.1248f,-1.0137f,1.2478f,-3.0357f,0.789f,0.0584f,0.7283f,0.9598f,1.7792f,-1.2365f,-4.8381f,0f,0f,0f,1f],start_interpolation: 0,interpolation_duration: 1}
$data merge entity $(bone_group18) {transformation: [-1.3457f,-2.1248f,-1.0137f,1.2478f,-3.0357f,0.789f,0.0584f,0.7283f,0.9598f,1.7792f,-1.2365f,-4.8381f,0f,0f,0f,1f],start_interpolation: 0,interpolation_duration: 1}
$data merge entity $(bone_group19) {transformation: [-1.3457f,-2.1248f,-1.0137f,1.3114f,-3.0357f,0.789f,0.0584f,0.6346f,0.9598f,1.7792f,-1.2365f,-4.8947f,0f,0f,0f,1f],start_interpolation: 0,interpolation_duration: 1}
$data merge entity $(bone_group20) {transformation: [-1.3457f,-2.1248f,-1.0137f,1.3114f,-3.0357f,0.789f,0.0584f,0.6346f,0.9598f,1.7792f,-1.2365f,-4.8947f,0f,0f,0f,1f],start_interpolation: 0,interpolation_duration: 1}
$data merge entity $(bone_bone11) {transformation: [-0.6709f,-0.3104f,-0.6336f,0.7215f,-0.2664f,1.4318f,0.0365f,0.8775f,0.5375f,0.3221f,-0.7728f,-4.4644f,0f,0f,0f,1f],start_interpolation: 0,interpolation_duration: 1}
$data merge entity $(bone_3) {transformation: [-0.5882f,-0.5026f,-0.6336f,0.7113f,-0.6716f,0.74f,0.0365f,1.1328f,0.4505f,0.447f,-0.7728f,-4.444f,0f,0f,0f,1f],start_interpolation: 0,interpolation_duration: 1}
$data merge entity $(bone_8) {transformation: [-0.609f,0.1172f,-0.7844f,0.6016f,0.1329f,0.9901f,0.0448f,0.1687f,0.7819f,-0.0769f,-0.6186f,-3.9126f,0f,0f,0f,1f],start_interpolation: 0,interpolation_duration: 1}
$data merge entity $(bone_7) {transformation: [-0.609f,-0.3662f,-0.7035f,0.4646f,0.1329f,0.8274f,-0.5457f,0.4531f,0.7819f,-0.4258f,-0.4552f,-4.0676f,0f,0f,0f,1f],start_interpolation: 0,interpolation_duration: 1}