# This file was generated by Animated Java via MC-Build. It is not recommended to edit this file directly.
$data merge entity $(bone_layer) {transformation: [-0.8503f,0.0879f,-0.5189f,0.2868f,-0.0533f,0.9665f,0.2511f,1.3647f,0.5236f,0.2412f,-0.8171f,0.5062f,0f,0f,0f,1f],start_interpolation: 0,interpolation_duration: 1}
$data merge entity $(bone_head) {transformation: [-0.8503f,0.0879f,-0.5189f,0.2868f,-0.0533f,0.9665f,0.2511f,1.3647f,0.5236f,0.2412f,-0.8171f,0.5062f,0f,0f,0f,1f],start_interpolation: 0,interpolation_duration: 1}
$data merge entity $(bone_6) {transformation: [-0.6863f,-0.1214f,-0.7171f,0.3539f,-0.1041f,0.9922f,-0.0683f,0.3985f,0.7198f,0.0278f,-0.6936f,0.3807f,0f,0f,0f,1f],start_interpolation: 0,interpolation_duration: 1}
$data merge entity $(bone_12) {transformation: [-0.6892f,-0.2191f,-0.6907f,0.2718f,-0.0995f,0.9728f,-0.2093f,0.7633f,0.7177f,-0.0755f,-0.6922f,0.3524f,0f,0f,0f,1f],start_interpolation: 0,interpolation_duration: 1}
$data merge entity $(bone_group3) {transformation: [1.2026f,-0.1156f,0.2787f,-1.0231f,0.3032f,0.8168f,-0.3889f,1.6651f,-0.257f,0.4365f,0.8015f,1.0515f,0f,0f,0f,1f],start_interpolation: 0,interpolation_duration: 1}
$data merge entity $(bone_group1) {transformation: [1.2186f,-0.1117f,0.1998f,-0.9973f,0.2762f,0.81f,-0.422f,1.6869f,-0.2032f,0.4501f,0.8093f,1.0155f,0f,0f,0f,1f],start_interpolation: 0,interpolation_duration: 1}
$data merge entity $(bone_group4) {transformation: [1.1744f,-0.1198f,0.2218f,-1.0139f,0.2849f,0.7825f,-0.4011f,1.6727f,-0.2115f,0.437f,0.7797f,1.0261f,0f,0f,0f,1f],start_interpolation: 0,interpolation_duration: 1}
$data merge entity $(bone_group2) {transformation: [1.165f,-0.112f,0.27f,-1.0231f,0.2937f,0.7913f,-0.3768f,1.6651f,-0.2489f,0.4229f,0.7764f,1.0515f,0f,0f,0f,1f],start_interpolation: 0,interpolation_duration: 1}
$data merge entity $(bone_10) {transformation: [-0.7893f,0.2304f,-0.5691f,0.2126f,0.007f,0.9302f,0.3669f,1.0624f,0.6139f,0.2856f,-0.7359f,0.4656f,0f,0f,0f,1f],start_interpolation: 0,interpolation_duration: 1}
$data merge entity $(bone_9) {transformation: [-0.7893f,0.2304f,-0.5691f,0.299f,0.007f,0.9302f,0.3669f,1.4112f,0.6139f,0.2856f,-0.7359f,0.5727f,0f,0f,0f,1f],start_interpolation: 0,interpolation_duration: 1}
$data merge entity $(bone_bone12) {transformation: [-0.7159f,0.9849f,-0.584f,0.1155f,0.8494f,1.107f,0.367f,1.8625f,1.0079f,-0.2334f,-0.7241f,0.3452f,0f,0f,0f,1f],start_interpolation: 0,interpolation_duration: 1}
$data merge entity $(bone_bone1) {transformation: [0.6118f,-0.8727f,0.7355f,0.303f,-0.6104f,1.2532f,0.673f,0.5306f,-0.503f,-2.5822f,0.078f,1.5411f,0f,0f,0f,1f],start_interpolation: 0,interpolation_duration: 1}
$data merge entity $(bone_2) {transformation: [0.7518f,-0.3015f,0.5864f,-0.0341f,-0.2588f,0.683f,0.683f,1.0429f,-0.6064f,-0.6653f,0.4355f,0.9045f,0f,0f,0f,1f],start_interpolation: 0,interpolation_duration: 1}
$data merge entity $(bone_bone2) {transformation: [1.4542f,-0.3827f,0.6593f,0.1536f,-0.0231f,1.9136f,0.2905f,0.9206f,-1.3729f,-0.4376f,0.6935f,0.7772f,0f,0f,0f,1f],start_interpolation: 0,interpolation_duration: 1}
$data merge entity $(bone_1) {transformation: [0.7518f,0.0033f,0.6593f,-0.0329f,-0.2588f,0.9212f,0.2905f,1.3883f,-0.6064f,-0.389f,0.6935f,0.7587f,0f,0f,0f,1f],start_interpolation: 0,interpolation_duration: 1}
$data merge entity $(bone_4) {transformation: [-0.827f,-0.5562f,0.0821f,0.6935f,-0.34f,0.3784f,-0.8609f,1.127f,0.4478f,-0.7399f,-0.5021f,0.3102f,0f,0f,0f,1f],start_interpolation: 0,interpolation_duration: 1}
$data merge entity $(bone_group5) {transformation: [-3.3079f,-1.1203f,-1.5177f,0.7258f,-1.36f,2.4476f,-1.001f,0.9137f,1.7911f,-0.2105f,-3.563f,0.5003f,0f,0f,0f,1f],start_interpolation: 0,interpolation_duration: 1}
$data merge entity $(bone_group7) {transformation: [-3.3079f,-1.1203f,-1.5177f,0.7258f,-1.36f,2.4476f,-1.001f,0.9137f,1.7911f,-0.2105f,-3.563f,0.5003f,0f,0f,0f,1f],start_interpolation: 0,interpolation_duration: 1}
$data merge entity $(bone_group6) {transformation: [-2.3046f,-2.6241f,-1.5177f,1.0875f,-2.4016f,1.4397f,-1.001f,0.9728f,1.6564f,0.7133f,-3.563f,0.3296f,0f,0f,0f,1f],start_interpolation: 0,interpolation_duration: 1}
$data merge entity $(bone_group8) {transformation: [-2.3046f,-2.6241f,-1.5177f,1.0875f,-2.4016f,1.4397f,-1.001f,0.9728f,1.6564f,0.7133f,-3.563f,0.3296f,0f,0f,0f,1f],start_interpolation: 0,interpolation_duration: 1}
$data merge entity $(bone_group9) {transformation: [-2.3046f,-2.6241f,-1.5177f,1.1401f,-2.4016f,1.4397f,-1.001f,0.858f,1.6564f,0.7133f,-3.563f,0.3395f,0f,0f,0f,1f],start_interpolation: 0,interpolation_duration: 1}
$data merge entity $(bone_group10) {transformation: [-2.3046f,-2.6241f,-1.5177f,1.1401f,-2.4016f,1.4397f,-1.001f,0.858f,1.6564f,0.7133f,-3.563f,0.3395f,0f,0f,0f,1f],start_interpolation: 0,interpolation_duration: 1}
$data merge entity $(bone_group11) {transformation: [-2.3046f,-2.6241f,-1.5177f,1.1926f,-2.4016f,1.4397f,-1.001f,0.7433f,1.6564f,0.7133f,-3.563f,0.3493f,0f,0f,0f,1f],start_interpolation: 0,interpolation_duration: 1}
$data merge entity $(bone_group12) {transformation: [-2.3046f,-2.6241f,-1.5177f,1.1926f,-2.4016f,1.4397f,-1.001f,0.7433f,1.6564f,0.7133f,-3.563f,0.3493f,0f,0f,0f,1f],start_interpolation: 0,interpolation_duration: 1}
$data merge entity $(bone_group13) {transformation: [-2.5025f,-1.9636f,-0.6071f,0.9188f,-1.9034f,1.9663f,-0.4004f,0.9611f,1.6007f,0.284f,-1.4252f,0.3521f,0f,0f,0f,1f],start_interpolation: 0,interpolation_duration: 1}
$data merge entity $(bone_group14) {transformation: [-2.5025f,-1.9636f,-0.6071f,0.9188f,-1.9034f,1.9663f,-0.4004f,0.9611f,1.6007f,0.284f,-1.4252f,0.3521f,0f,0f,0f,1f],start_interpolation: 0,interpolation_duration: 1}
$data merge entity $(bone_group15) {transformation: [-2.4144f,-2.0709f,-0.6071f,0.9797f,-1.9873f,1.8814f,-0.4004f,0.8917f,1.5868f,0.3536f,-1.4252f,0.3457f,0f,0f,0f,1f],start_interpolation: 0,interpolation_duration: 1}
$data merge entity $(bone_group16) {transformation: [-2.4144f,-2.0709f,-0.6071f,0.9797f,-1.9873f,1.8814f,-0.4004f,0.8917f,1.5868f,0.3536f,-1.4252f,0.3457f,0f,0f,0f,1f],start_interpolation: 0,interpolation_duration: 1}
$data merge entity $(bone_group17) {transformation: [-2.2247f,-2.2735f,-0.6071f,1.0935f,-2.1437f,1.701f,-0.4004f,0.8163f,1.5499f,0.4905f,-1.4252f,0.3184f,0f,0f,0f,1f],start_interpolation: 0,interpolation_duration: 1}
$data merge entity $(bone_group18) {transformation: [-2.2247f,-2.2735f,-0.6071f,1.0935f,-2.1437f,1.701f,-0.4004f,0.8163f,1.5499f,0.4905f,-1.4252f,0.3184f,0f,0f,0f,1f],start_interpolation: 0,interpolation_duration: 1}
$data merge entity $(bone_group19) {transformation: [-2.2247f,-2.2735f,-0.6071f,1.146f,-2.1437f,1.701f,-0.4004f,0.7016f,1.5499f,0.4905f,-1.4252f,0.3283f,0f,0f,0f,1f],start_interpolation: 0,interpolation_duration: 1}
$data merge entity $(bone_group20) {transformation: [-2.2247f,-2.2735f,-0.6071f,1.146f,-2.1437f,1.701f,-0.4004f,0.7016f,1.5499f,0.4905f,-1.4252f,0.3283f,0f,0f,0f,1f],start_interpolation: 0,interpolation_duration: 1}
$data merge entity $(bone_bone11) {transformation: [-0.8324f,-0.0398f,-0.3794f,0.5372f,0.0675f,1.4479f,-0.2502f,1.1667f,0.3356f,-0.3898f,-0.8907f,0.4007f,0f,0f,0f,1f],start_interpolation: 0,interpolation_duration: 1}
$data merge entity $(bone_3) {transformation: [-0.827f,-0.4149f,-0.3794f,0.5822f,-0.34f,0.9065f,-0.2502f,1.4039f,0.4478f,-0.0779f,-0.8907f,0.3149f,0f,0f,0f,1f],start_interpolation: 0,interpolation_duration: 1}
$data merge entity $(bone_8) {transformation: [-0.8553f,0.1037f,-0.5076f,0.0756f,0.1045f,0.9942f,0.0269f,0.3926f,0.5075f,-0.03f,-0.8611f,0.5759f,0f,0f,0f,1f],start_interpolation: 0,interpolation_duration: 1}
$data merge entity $(bone_7) {transformation: [-0.8553f,0.0103f,-0.518f,0.08f,0.1045f,0.9827f,-0.153f,0.7633f,0.5075f,-0.185f,-0.8416f,0.507f,0f,0f,0f,1f],start_interpolation: 0,interpolation_duration: 1}