# This file was generated by Animated Java via MC-Build. It is not recommended to edit this file directly.
$data merge entity $(bone_layer) {transformation: [-0.8509f,0.0746f,-0.5199f,0.2866f,-0.0567f,0.9711f,0.232f,1.3636f,0.5222f,0.2269f,-0.8221f,0.5138f,0f,0f,0f,1f],start_interpolation: 0,interpolation_duration: 1}
$data merge entity $(bone_head) {transformation: [-0.8509f,0.0746f,-0.5199f,0.2866f,-0.0567f,0.9711f,0.232f,1.3636f,0.5222f,0.2269f,-0.8221f,0.5138f,0f,0f,0f,1f],start_interpolation: 0,interpolation_duration: 1}
$data merge entity $(bone_6) {transformation: [-0.6836f,-0.1269f,-0.7187f,0.3531f,-0.1037f,0.9917f,-0.0765f,0.3984f,0.7225f,0.0222f,-0.6911f,0.389f,0f,0f,0f,1f],start_interpolation: 0,interpolation_duration: 1}
$data merge entity $(bone_12) {transformation: [-0.6869f,-0.2209f,-0.6923f,0.2703f,-0.0983f,0.9722f,-0.2126f,0.763f,0.72f,-0.078f,-0.6895f,0.3598f,0f,0f,0f,1f],start_interpolation: 0,interpolation_duration: 1}
$data merge entity $(bone_group3) {transformation: [1.2027f,-0.1143f,0.2805f,-1.0252f,0.3016f,0.8167f,-0.3893f,1.6669f,-0.2584f,0.4371f,0.8007f,1.0621f,0f,0f,0f,1f],start_interpolation: 0,interpolation_duration: 1}
$data merge entity $(bone_group1) {transformation: [1.2208f,-0.1099f,0.1893f,-0.9953f,0.2703f,0.8087f,-0.4272f,1.6922f,-0.1963f,0.4529f,0.8095f,1.0206f,0f,0f,0f,1f],start_interpolation: 0,interpolation_duration: 1}
$data merge entity $(bone_group4) {transformation: [1.1758f,-0.1198f,0.2161f,-1.0146f,0.2819f,0.781f,-0.4051f,1.6758f,-0.2071f,0.4397f,0.7793f,1.0327f,0f,0f,0f,1f],start_interpolation: 0,interpolation_duration: 1}
$data merge entity $(bone_group2) {transformation: [1.1651f,-0.1108f,0.2717f,-1.0252f,0.2922f,0.7912f,-0.3771f,1.6669f,-0.2503f,0.4234f,0.7757f,1.0621f,0f,0f,0f,1f],start_interpolation: 0,interpolation_duration: 1}
$data merge entity $(bone_10) {transformation: [-0.7888f,0.2325f,-0.569f,0.2119f,0.0081f,0.9295f,0.3686f,1.0618f,0.6146f,0.2862f,-0.7351f,0.4734f,0f,0f,0f,1f],start_interpolation: 0,interpolation_duration: 1}
$data merge entity $(bone_9) {transformation: [-0.7888f,0.2325f,-0.569f,0.2991f,0.0081f,0.9295f,0.3686f,1.4104f,0.6146f,0.2862f,-0.7351f,0.5807f,0f,0f,0f,1f],start_interpolation: 0,interpolation_duration: 1}
$data merge entity $(bone_bone12) {transformation: [-0.7112f,0.9854f,-0.5862f,0.1153f,0.8488f,1.1062f,0.3687f,1.8622f,1.0118f,-0.2353f,-0.7214f,0.3545f,0f,0f,0f,1f],start_interpolation: 0,interpolation_duration: 1}
$data merge entity $(bone_bone1) {transformation: [0.61f,-0.8821f,0.7358f,0.306f,-0.6104f,1.2532f,0.673f,0.5302f,-0.5052f,-2.5791f,0.0753f,1.5483f,0f,0f,0f,1f],start_interpolation: 0,interpolation_duration: 1}
$data merge entity $(bone_2) {transformation: [0.7496f,-0.3039f,0.588f,-0.0334f,-0.2588f,0.683f,0.683f,1.0425f,-0.6091f,-0.6642f,0.4334f,0.9129f,0f,0f,0f,1f],start_interpolation: 0,interpolation_duration: 1}
$data merge entity $(bone_bone2) {transformation: [1.4492f,-0.3843f,0.6618f,0.1539f,-0.0231f,1.9136f,0.2905f,0.9202f,-1.3782f,-0.4362f,0.6911f,0.785f,0f,0f,0f,1f],start_interpolation: 0,interpolation_duration: 1}
$data merge entity $(bone_1) {transformation: [0.7496f,0.0019f,0.6618f,-0.0327f,-0.2588f,0.9212f,0.2905f,1.388f,-0.6091f,-0.389f,0.6911f,0.767f,0f,0f,0f,1f],start_interpolation: 0,interpolation_duration: 1}
$data merge entity $(bone_4) {transformation: [-0.8267f,-0.557f,0.0798f,0.6931f,-0.3353f,0.3738f,-0.8648f,1.1263f,0.4518f,-0.7416f,-0.4958f,0.318f,0f,0f,0f,1f],start_interpolation: 0,interpolation_duration: 1}
$data merge entity $(bone_group5) {transformation: [-3.3067f,-1.1143f,-1.5298f,0.7254f,-1.3413f,2.4494f,-1.0166f,0.914f,1.8074f,-0.221f,-3.5533f,0.5092f,0f,0f,0f,1f],start_interpolation: 0,interpolation_duration: 1}
$data merge entity $(bone_group7) {transformation: [-3.3067f,-1.1143f,-1.5298f,0.7254f,-1.3413f,2.4494f,-1.0166f,0.914f,1.8074f,-0.221f,-3.5533f,0.5092f,0f,0f,0f,1f],start_interpolation: 0,interpolation_duration: 1}
$data merge entity $(bone_group6) {transformation: [-2.3065f,-2.6184f,-1.5298f,1.0868f,-2.3863f,1.4506f,-1.0166f,0.9712f,1.6758f,0.7123f,-3.5533f,0.3372f,0f,0f,0f,1f],start_interpolation: 0,interpolation_duration: 1}
$data merge entity $(bone_group8) {transformation: [-2.3065f,-2.6184f,-1.5298f,1.0868f,-2.3863f,1.4506f,-1.0166f,0.9712f,1.6758f,0.7123f,-3.5533f,0.3372f,0f,0f,0f,1f],start_interpolation: 0,interpolation_duration: 1}
$data merge entity $(bone_group9) {transformation: [-2.3065f,-2.6184f,-1.5298f,1.139f,-2.3863f,1.4506f,-1.0166f,0.8563f,1.6758f,0.7123f,-3.5533f,0.3476f,0f,0f,0f,1f],start_interpolation: 0,interpolation_duration: 1}
$data merge entity $(bone_group10) {transformation: [-2.3065f,-2.6184f,-1.5298f,1.139f,-2.3863f,1.4506f,-1.0166f,0.8563f,1.6758f,0.7123f,-3.5533f,0.3476f,0f,0f,0f,1f],start_interpolation: 0,interpolation_duration: 1}
$data merge entity $(bone_group11) {transformation: [-2.3065f,-2.6184f,-1.5298f,1.1913f,-2.3863f,1.4506f,-1.0166f,0.7415f,1.6758f,0.7123f,-3.5533f,0.3579f,0f,0f,0f,1f],start_interpolation: 0,interpolation_duration: 1}
$data merge entity $(bone_group12) {transformation: [-2.3065f,-2.6184f,-1.5298f,1.1913f,-2.3863f,1.4506f,-1.0166f,0.7415f,1.6758f,0.7123f,-3.5533f,0.3579f,0f,0f,0f,1f],start_interpolation: 0,interpolation_duration: 1}
$data merge entity $(bone_group13) {transformation: [-2.5032f,-1.9577f,-0.6119f,0.9181f,-1.8878f,1.973f,-0.4067f,0.9601f,1.6178f,0.2784f,-1.4213f,0.3603f,0f,0f,0f,1f],start_interpolation: 0,interpolation_duration: 1}
$data merge entity $(bone_group14) {transformation: [-2.5032f,-1.9577f,-0.6119f,0.9181f,-1.8878f,1.973f,-0.4067f,0.9601f,1.6178f,0.2784f,-1.4213f,0.3603f,0f,0f,0f,1f],start_interpolation: 0,interpolation_duration: 1}
$data merge entity $(bone_group15) {transformation: [-2.4154f,-2.065f,-0.6119f,0.9788f,-1.9721f,1.8888f,-0.4067f,0.8905f,1.6042f,0.3487f,-1.4213f,0.354f,0f,0f,0f,1f],start_interpolation: 0,interpolation_duration: 1}
$data merge entity $(bone_group16) {transformation: [-2.4154f,-2.065f,-0.6119f,0.9788f,-1.9721f,1.8888f,-0.4067f,0.8905f,1.6042f,0.3487f,-1.4213f,0.354f,0f,0f,0f,1f],start_interpolation: 0,interpolation_duration: 1}
$data merge entity $(bone_group17) {transformation: [-2.2263f,-2.2677f,-0.6119f,1.0923f,-2.1292f,1.7097f,-0.4067f,0.8146f,1.5677f,0.4871f,-1.4213f,0.3269f,0f,0f,0f,1f],start_interpolation: 0,interpolation_duration: 1}
$data merge entity $(bone_group18) {transformation: [-2.2263f,-2.2677f,-0.6119f,1.0923f,-2.1292f,1.7097f,-0.4067f,0.8146f,1.5677f,0.4871f,-1.4213f,0.3269f,0f,0f,0f,1f],start_interpolation: 0,interpolation_duration: 1}
$data merge entity $(bone_group19) {transformation: [-2.2263f,-2.2677f,-0.6119f,1.1446f,-2.1292f,1.7097f,-0.4067f,0.6998f,1.5677f,0.4871f,-1.4213f,0.3372f,0f,0f,0f,1f],start_interpolation: 0,interpolation_duration: 1}
$data merge entity $(bone_group20) {transformation: [-2.2263f,-2.2677f,-0.6119f,1.1446f,-2.1292f,1.7097f,-0.4067f,0.6998f,1.5677f,0.4871f,-1.4213f,0.3372f,0f,0f,0f,1f],start_interpolation: 0,interpolation_duration: 1}
$data merge entity $(bone_bone11) {transformation: [-0.8313f,-0.037f,-0.3825f,0.5372f,0.0715f,1.4458f,-0.2542f,1.1669f,0.3374f,-0.3977f,-0.8883f,0.4087f,0f,0f,0f,1f],start_interpolation: 0,interpolation_duration: 1}
$data merge entity $(bone_3) {transformation: [-0.8267f,-0.4127f,-0.3825f,0.5825f,-0.3353f,0.9072f,-0.2542f,1.4036f,0.4518f,-0.0819f,-0.8883f,0.3214f,0f,0f,0f,1f],start_interpolation: 0,interpolation_duration: 1}
$data merge entity $(bone_8) {transformation: [-0.8546f,0.1032f,-0.509f,0.0742f,0.1041f,0.9942f,0.0268f,0.3916f,0.5088f,-0.0301f,-0.8604f,0.5818f,0f,0f,0f,1f],start_interpolation: 0,interpolation_duration: 1}
$data merge entity $(bone_7) {transformation: [-0.8546f,0.0126f,-0.5192f,0.0795f,0.1041f,0.9835f,-0.1476f,0.763f,0.5088f,-0.1802f,-0.8418f,0.5148f,0f,0f,0f,1f],start_interpolation: 0,interpolation_duration: 1}