# This file was generated by Animated Java via MC-Build. It is not recommended to edit this file directly.
$data merge entity $(bone_layer) {transformation: [-0.8516f,0.0609f,-0.5206f,0.2864f,-0.0601f,0.9753f,0.2125f,1.3626f,0.5207f,0.2122f,-0.827f,0.5213f,0f,0f,0f,1f],start_interpolation: 0,interpolation_duration: 1}
$data merge entity $(bone_head) {transformation: [-0.8516f,0.0609f,-0.5206f,0.2864f,-0.0601f,0.9753f,0.2125f,1.3626f,0.5207f,0.2122f,-0.827f,0.5213f,0f,0f,0f,1f],start_interpolation: 0,interpolation_duration: 1}
$data merge entity $(bone_6) {transformation: [-0.681f,-0.1324f,-0.7203f,0.3523f,-0.1032f,0.9911f,-0.0846f,0.3983f,0.725f,0.0167f,-0.6885f,0.3973f,0f,0f,0f,1f],start_interpolation: 0,interpolation_duration: 1}
$data merge entity $(bone_12) {transformation: [-0.6848f,-0.2227f,-0.6939f,0.2688f,-0.0971f,0.9716f,-0.2159f,0.7626f,0.7223f,-0.0805f,-0.6869f,0.3671f,0f,0f,0f,1f],start_interpolation: 0,interpolation_duration: 1}
$data merge entity $(bone_group3) {transformation: [1.2028f,-0.1131f,0.2822f,-1.0273f,0.3f,0.8166f,-0.3897f,1.6688f,-0.2597f,0.4376f,0.7999f,1.0724f,0f,0f,0f,1f],start_interpolation: 0,interpolation_duration: 1}
$data merge entity $(bone_group1) {transformation: [1.2229f,-0.1081f,0.1788f,-0.9933f,0.2643f,0.8074f,-0.4324f,1.6974f,-0.1894f,0.4555f,0.8096f,1.0255f,0f,0f,0f,1f],start_interpolation: 0,interpolation_duration: 1}
$data merge entity $(bone_group4) {transformation: [1.1772f,-0.1199f,0.2103f,-1.0153f,0.2789f,0.7795f,-0.4091f,1.6789f,-0.2026f,0.4424f,0.779f,1.0391f,0f,0f,0f,1f],start_interpolation: 0,interpolation_duration: 1}
$data merge entity $(bone_group2) {transformation: [1.1652f,-0.1095f,0.2734f,-1.0273f,0.2906f,0.7911f,-0.3775f,1.6688f,-0.2516f,0.4239f,0.775f,1.0724f,0f,0f,0f,1f],start_interpolation: 0,interpolation_duration: 1}
$data merge entity $(bone_10) {transformation: [-0.7883f,0.2347f,-0.5688f,0.2112f,0.0092f,0.9288f,0.3704f,1.0612f,0.6153f,0.2867f,-0.7343f,0.4809f,0f,0f,0f,1f],start_interpolation: 0,interpolation_duration: 1}
$data merge entity $(bone_9) {transformation: [-0.7883f,0.2347f,-0.5688f,0.2992f,0.0092f,0.9288f,0.3704f,1.4095f,0.6153f,0.2867f,-0.7343f,0.5884f,0f,0f,0f,1f],start_interpolation: 0,interpolation_duration: 1}
$data merge entity $(bone_bone12) {transformation: [-0.7066f,0.9859f,-0.5883f,0.1151f,0.8482f,1.1053f,0.3705f,1.8619f,1.0155f,-0.2372f,-0.7188f,0.3636f,0f,0f,0f,1f],start_interpolation: 0,interpolation_duration: 1}
$data merge entity $(bone_bone1) {transformation: [0.6082f,-0.8912f,0.7361f,0.3089f,-0.6104f,1.2532f,0.673f,0.5299f,-0.5074f,-2.5759f,0.0727f,1.5553f,0f,0f,0f,1f],start_interpolation: 0,interpolation_duration: 1}
$data merge entity $(bone_2) {transformation: [0.7475f,-0.3062f,0.5895f,-0.0327f,-0.2588f,0.683f,0.683f,1.0422f,-0.6118f,-0.6631f,0.4313f,0.9211f,0f,0f,0f,1f],start_interpolation: 0,interpolation_duration: 1}
$data merge entity $(bone_bone2) {transformation: [1.4443f,-0.3859f,0.6643f,0.1541f,-0.0231f,1.9136f,0.2905f,0.9199f,-1.3833f,-0.4349f,0.6887f,0.7925f,0f,0f,0f,1f],start_interpolation: 0,interpolation_duration: 1}
$data merge entity $(bone_1) {transformation: [0.7475f,0.0006f,0.6643f,-0.0325f,-0.2588f,0.9212f,0.2905f,1.3876f,-0.6118f,-0.389f,0.6887f,0.7752f,0f,0f,0f,1f],start_interpolation: 0,interpolation_duration: 1}
$data merge entity $(bone_4) {transformation: [-0.8264f,-0.5578f,0.0775f,0.6928f,-0.3307f,0.3693f,-0.8685f,1.1257f,0.4558f,-0.7433f,-0.4896f,0.3257f,0f,0f,0f,1f],start_interpolation: 0,interpolation_duration: 1}
$data merge entity $(bone_group5) {transformation: [-3.3054f,-1.1085f,-1.5418f,0.725f,-1.3227f,2.451f,-1.0322f,0.9144f,1.8234f,-0.2316f,-3.5437f,0.5179f,0f,0f,0f,1f],start_interpolation: 0,interpolation_duration: 1}
$data merge entity $(bone_group7) {transformation: [-3.3054f,-1.1085f,-1.5418f,0.725f,-1.3227f,2.451f,-1.0322f,0.9144f,1.8234f,-0.2316f,-3.5437f,0.5179f,0f,0f,0f,1f],start_interpolation: 0,interpolation_duration: 1}
$data merge entity $(bone_group6) {transformation: [-2.3083f,-2.6127f,-1.5418f,1.0861f,-2.371f,1.4613f,-1.0322f,0.9696f,1.6949f,0.7111f,-3.5437f,0.3447f,0f,0f,0f,1f],start_interpolation: 0,interpolation_duration: 1}
$data merge entity $(bone_group8) {transformation: [-2.3083f,-2.6127f,-1.5418f,1.0861f,-2.371f,1.4613f,-1.0322f,0.9696f,1.6949f,0.7111f,-3.5437f,0.3447f,0f,0f,0f,1f],start_interpolation: 0,interpolation_duration: 1}
$data merge entity $(bone_group9) {transformation: [-2.3083f,-2.6127f,-1.5418f,1.1381f,-2.371f,1.4613f,-1.0322f,0.8547f,1.6949f,0.7111f,-3.5437f,0.3556f,0f,0f,0f,1f],start_interpolation: 0,interpolation_duration: 1}
$data merge entity $(bone_group10) {transformation: [-2.3083f,-2.6127f,-1.5418f,1.1381f,-2.371f,1.4613f,-1.0322f,0.8547f,1.6949f,0.7111f,-3.5437f,0.3556f,0f,0f,0f,1f],start_interpolation: 0,interpolation_duration: 1}
$data merge entity $(bone_group11) {transformation: [-2.3083f,-2.6127f,-1.5418f,1.19f,-2.371f,1.4613f,-1.0322f,0.7398f,1.6949f,0.7111f,-3.5437f,0.3664f,0f,0f,0f,1f],start_interpolation: 0,interpolation_duration: 1}
$data merge entity $(bone_group12) {transformation: [-2.3083f,-2.6127f,-1.5418f,1.19f,-2.371f,1.4613f,-1.0322f,0.7398f,1.6949f,0.7111f,-3.5437f,0.3664f,0f,0f,0f,1f],start_interpolation: 0,interpolation_duration: 1}
$data merge entity $(bone_group13) {transformation: [-2.5039f,-1.9518f,-0.6167f,0.9174f,-1.8723f,1.9796f,-0.4129f,0.9591f,1.6347f,0.2726f,-1.4175f,0.3683f,0f,0f,0f,1f],start_interpolation: 0,interpolation_duration: 1}
$data merge entity $(bone_group14) {transformation: [-2.5039f,-1.9518f,-0.6167f,0.9174f,-1.8723f,1.9796f,-0.4129f,0.9591f,1.6347f,0.2726f,-1.4175f,0.3683f,0f,0f,0f,1f],start_interpolation: 0,interpolation_duration: 1}
$data merge entity $(bone_group15) {transformation: [-2.4163f,-2.0592f,-0.6167f,0.9779f,-1.9569f,1.8961f,-0.4129f,0.8893f,1.6213f,0.3436f,-1.4175f,0.3623f,0f,0f,0f,1f],start_interpolation: 0,interpolation_duration: 1}
$data merge entity $(bone_group16) {transformation: [-2.4163f,-2.0592f,-0.6167f,0.9779f,-1.9569f,1.8961f,-0.4129f,0.8893f,1.6213f,0.3436f,-1.4175f,0.3623f,0f,0f,0f,1f],start_interpolation: 0,interpolation_duration: 1}
$data merge entity $(bone_group17) {transformation: [-2.2277f,-2.2619f,-0.6167f,1.0912f,-2.1147f,1.7183f,-0.4129f,0.813f,1.5852f,0.4836f,-1.4175f,0.3352f,0f,0f,0f,1f],start_interpolation: 0,interpolation_duration: 1}
$data merge entity $(bone_group18) {transformation: [-2.2277f,-2.2619f,-0.6167f,1.0912f,-2.1147f,1.7183f,-0.4129f,0.813f,1.5852f,0.4836f,-1.4175f,0.3352f,0f,0f,0f,1f],start_interpolation: 0,interpolation_duration: 1}
$data merge entity $(bone_group19) {transformation: [-2.2277f,-2.2619f,-0.6167f,1.1432f,-2.1147f,1.7183f,-0.4129f,0.6981f,1.5852f,0.4836f,-1.4175f,0.3461f,0f,0f,0f,1f],start_interpolation: 0,interpolation_duration: 1}
$data merge entity $(bone_group20) {transformation: [-2.2277f,-2.2619f,-0.6167f,1.1432f,-2.1147f,1.7183f,-0.4129f,0.6981f,1.5852f,0.4836f,-1.4175f,0.3461f,0f,0f,0f,1f],start_interpolation: 0,interpolation_duration: 1}
$data merge entity $(bone_bone11) {transformation: [-0.8302f,-0.0343f,-0.3854f,0.5372f,0.0756f,1.4437f,-0.258f,1.1672f,0.3392f,-0.4056f,-0.8859f,0.4165f,0f,0f,0f,1f],start_interpolation: 0,interpolation_duration: 1}
$data merge entity $(bone_3) {transformation: [-0.8264f,-0.4106f,-0.3854f,0.5829f,-0.3307f,0.9078f,-0.258f,1.4032f,0.4558f,-0.0858f,-0.8859f,0.3279f,0f,0f,0f,1f],start_interpolation: 0,interpolation_duration: 1}
$data merge entity $(bone_8) {transformation: [-0.8539f,0.1028f,-0.5103f,0.0727f,0.1038f,0.9942f,0.0266f,0.3906f,0.5101f,-0.0302f,-0.8596f,0.5875f,0f,0f,0f,1f],start_interpolation: 0,interpolation_duration: 1}
$data merge entity $(bone_7) {transformation: [-0.8539f,0.0148f,-0.5203f,0.0791f,0.1038f,0.9844f,-0.1422f,0.7626f,0.5101f,-0.1754f,-0.8421f,0.5224f,0f,0f,0f,1f],start_interpolation: 0,interpolation_duration: 1}