# This file was generated by Animated Java via MC-Build. It is not recommended to edit this file directly.
$data merge entity $(bone_layer) {transformation: [-0.8524f,0.0471f,-0.5208f,0.2862f,-0.0636f,0.9792f,0.1926f,1.3615f,0.5191f,0.1973f,-0.8316f,0.5285f,0f,0f,0f,1f],start_interpolation: 0,interpolation_duration: 1}
$data merge entity $(bone_head) {transformation: [-0.8524f,0.0471f,-0.5208f,0.2862f,-0.0636f,0.9792f,0.1926f,1.3615f,0.5191f,0.1973f,-0.8316f,0.5285f,0f,0f,0f,1f],start_interpolation: 0,interpolation_duration: 1}
$data merge entity $(bone_6) {transformation: [-0.6784f,-0.1378f,-0.7217f,0.3515f,-0.1027f,0.9904f,-0.0925f,0.3982f,0.7275f,0.0113f,-0.686f,0.4052f,0f,0f,0f,1f],start_interpolation: 0,interpolation_duration: 1}
$data merge entity $(bone_12) {transformation: [-0.6827f,-0.2244f,-0.6954f,0.2674f,-0.096f,0.971f,-0.2191f,0.7623f,0.7244f,-0.0829f,-0.6844f,0.3741f,0f,0f,0f,1f],start_interpolation: 0,interpolation_duration: 1}
$data merge entity $(bone_group3) {transformation: [1.2029f,-0.1118f,0.2839f,-1.0293f,0.2984f,0.8166f,-0.39f,1.6707f,-0.261f,0.4381f,0.7992f,1.0823f,0f,0f,0f,1f],start_interpolation: 0,interpolation_duration: 1}
$data merge entity $(bone_group1) {transformation: [1.2248f,-0.1065f,0.1685f,-0.9913f,0.2584f,0.8062f,-0.4374f,1.7026f,-0.1826f,0.4582f,0.8096f,1.0301f,0f,0f,0f,1f],start_interpolation: 0,interpolation_duration: 1}
$data merge entity $(bone_group4) {transformation: [1.1785f,-0.12f,0.2046f,-1.0161f,0.2759f,0.7781f,-0.413f,1.6819f,-0.1982f,0.445f,0.7786f,1.0452f,0f,0f,0f,1f],start_interpolation: 0,interpolation_duration: 1}
$data merge entity $(bone_group2) {transformation: [1.1653f,-0.1083f,0.275f,-1.0293f,0.2891f,0.791f,-0.3778f,1.6707f,-0.2528f,0.4244f,0.7743f,1.0823f,0f,0f,0f,1f],start_interpolation: 0,interpolation_duration: 1}
$data merge entity $(bone_10) {transformation: [-0.7878f,0.2367f,-0.5686f,0.2105f,0.0103f,0.9282f,0.372f,1.0607f,0.6159f,0.2872f,-0.7336f,0.4882f,0f,0f,0f,1f],start_interpolation: 0,interpolation_duration: 1}
$data merge entity $(bone_9) {transformation: [-0.7878f,0.2367f,-0.5686f,0.2993f,0.0103f,0.9282f,0.372f,1.4087f,0.6159f,0.2872f,-0.7336f,0.5959f,0f,0f,0f,1f],start_interpolation: 0,interpolation_duration: 1}
$data merge entity $(bone_bone12) {transformation: [-0.7022f,0.9864f,-0.5903f,0.115f,0.8475f,1.1045f,0.3722f,1.8616f,1.0191f,-0.239f,-0.7162f,0.3723f,0f,0f,0f,1f],start_interpolation: 0,interpolation_duration: 1}
$data merge entity $(bone_bone1) {transformation: [0.6065f,-0.9f,0.7363f,0.3117f,-0.6104f,1.2532f,0.673f,0.5296f,-0.5095f,-2.5729f,0.0702f,1.562f,0f,0f,0f,1f],start_interpolation: 0,interpolation_duration: 1}
$data merge entity $(bone_2) {transformation: [0.7454f,-0.3085f,0.591f,-0.0321f,-0.2588f,0.683f,0.683f,1.0418f,-0.6143f,-0.6621f,0.4293f,0.929f,0f,0f,0f,1f],start_interpolation: 0,interpolation_duration: 1}
$data merge entity $(bone_bone2) {transformation: [1.4396f,-0.3873f,0.6666f,0.1543f,-0.0231f,1.9136f,0.2905f,0.9196f,-1.3882f,-0.4336f,0.6865f,0.7997f,0f,0f,0f,1f],start_interpolation: 0,interpolation_duration: 1}
$data merge entity $(bone_1) {transformation: [0.7454f,-0.0008f,0.6666f,-0.0324f,-0.2588f,0.9212f,0.2905f,1.3873f,-0.6143f,-0.389f,0.6865f,0.7831f,0f,0f,0f,1f],start_interpolation: 0,interpolation_duration: 1}
$data merge entity $(bone_4) {transformation: [-0.826f,-0.5586f,0.0753f,0.6925f,-0.3261f,0.3647f,-0.8721f,1.1251f,0.4597f,-0.745f,-0.4834f,0.333f,0f,0f,0f,1f],start_interpolation: 0,interpolation_duration: 1}
$data merge entity $(bone_group5) {transformation: [-3.3042f,-1.1029f,-1.5532f,0.7246f,-1.3044f,2.4525f,-1.0473f,0.9147f,1.8387f,-0.2421f,-3.5342f,0.5264f,0f,0f,0f,1f],start_interpolation: 0,interpolation_duration: 1}
$data merge entity $(bone_group7) {transformation: [-3.3042f,-1.1029f,-1.5532f,0.7246f,-1.3044f,2.4525f,-1.0473f,0.9147f,1.8387f,-0.2421f,-3.5342f,0.5264f,0f,0f,0f,1f],start_interpolation: 0,interpolation_duration: 1}
$data merge entity $(bone_group6) {transformation: [-2.31f,-2.6073f,-1.5532f,1.0854f,-2.3559f,1.4717f,-1.0473f,0.9681f,1.7134f,0.7097f,-3.5342f,0.352f,0f,0f,0f,1f],start_interpolation: 0,interpolation_duration: 1}
$data merge entity $(bone_group8) {transformation: [-2.31f,-2.6073f,-1.5532f,1.0854f,-2.3559f,1.4717f,-1.0473f,0.9681f,1.7134f,0.7097f,-3.5342f,0.352f,0f,0f,0f,1f],start_interpolation: 0,interpolation_duration: 1}
$data merge entity $(bone_group9) {transformation: [-2.31f,-2.6073f,-1.5532f,1.1371f,-2.3559f,1.4717f,-1.0473f,0.8531f,1.7134f,0.7097f,-3.5342f,0.3633f,0f,0f,0f,1f],start_interpolation: 0,interpolation_duration: 1}
$data merge entity $(bone_group10) {transformation: [-2.31f,-2.6073f,-1.5532f,1.1371f,-2.3559f,1.4717f,-1.0473f,0.8531f,1.7134f,0.7097f,-3.5342f,0.3633f,0f,0f,0f,1f],start_interpolation: 0,interpolation_duration: 1}
$data merge entity $(bone_group11) {transformation: [-2.31f,-2.6073f,-1.5532f,1.1888f,-2.3559f,1.4717f,-1.0473f,0.7382f,1.7134f,0.7097f,-3.5342f,0.3747f,0f,0f,0f,1f],start_interpolation: 0,interpolation_duration: 1}
$data merge entity $(bone_group12) {transformation: [-2.31f,-2.6073f,-1.5532f,1.1888f,-2.3559f,1.4717f,-1.0473f,0.7382f,1.7134f,0.7097f,-3.5342f,0.3747f,0f,0f,0f,1f],start_interpolation: 0,interpolation_duration: 1}
$data merge entity $(bone_group13) {transformation: [-2.5045f,-1.9461f,-0.6213f,0.9168f,-1.8572f,1.986f,-0.4189f,0.9582f,1.651f,0.2667f,-1.4137f,0.376f,0f,0f,0f,1f],start_interpolation: 0,interpolation_duration: 1}
$data merge entity $(bone_group14) {transformation: [-2.5045f,-1.9461f,-0.6213f,0.9168f,-1.8572f,1.986f,-0.4189f,0.9582f,1.651f,0.2667f,-1.4137f,0.376f,0f,0f,0f,1f],start_interpolation: 0,interpolation_duration: 1}
$data merge entity $(bone_group15) {transformation: [-2.4172f,-2.0535f,-0.6213f,0.9771f,-1.942f,1.9031f,-0.4189f,0.8882f,1.6378f,0.3385f,-1.4137f,0.3702f,0f,0f,0f,1f],start_interpolation: 0,interpolation_duration: 1}
$data merge entity $(bone_group16) {transformation: [-2.4172f,-2.0535f,-0.6213f,0.9771f,-1.942f,1.9031f,-0.4189f,0.8882f,1.6378f,0.3385f,-1.4137f,0.3702f,0f,0f,0f,1f],start_interpolation: 0,interpolation_duration: 1}
$data merge entity $(bone_group17) {transformation: [-2.229f,-2.2564f,-0.6213f,1.0901f,-2.1005f,1.7266f,-0.4189f,0.8114f,1.6021f,0.48f,-1.4137f,0.3433f,0f,0f,0f,1f],start_interpolation: 0,interpolation_duration: 1}
$data merge entity $(bone_group18) {transformation: [-2.229f,-2.2564f,-0.6213f,1.0901f,-2.1005f,1.7266f,-0.4189f,0.8114f,1.6021f,0.48f,-1.4137f,0.3433f,0f,0f,0f,1f],start_interpolation: 0,interpolation_duration: 1}
$data merge entity $(bone_group19) {transformation: [-2.229f,-2.2564f,-0.6213f,1.1418f,-2.1005f,1.7266f,-0.4189f,0.6965f,1.6021f,0.48f,-1.4137f,0.3547f,0f,0f,0f,1f],start_interpolation: 0,interpolation_duration: 1}
$data merge entity $(bone_group20) {transformation: [-2.229f,-2.2564f,-0.6213f,1.1418f,-2.1005f,1.7266f,-0.4189f,0.6965f,1.6021f,0.48f,-1.4137f,0.3547f,0f,0f,0f,1f],start_interpolation: 0,interpolation_duration: 1}
$data merge entity $(bone_bone11) {transformation: [-0.8292f,-0.0317f,-0.3883f,0.5372f,0.0795f,1.4416f,-0.2618f,1.1675f,0.3408f,-0.4133f,-0.8835f,0.4241f,0f,0f,0f,1f],start_interpolation: 0,interpolation_duration: 1}
$data merge entity $(bone_3) {transformation: [-0.826f,-0.4085f,-0.3883f,0.5833f,-0.3261f,0.9083f,-0.2618f,1.4029f,0.4597f,-0.0897f,-0.8835f,0.334f,0f,0f,0f,1f],start_interpolation: 0,interpolation_duration: 1}
$data merge entity $(bone_8) {transformation: [-0.8532f,0.1023f,-0.5114f,0.0713f,0.1034f,0.9943f,0.0264f,0.3896f,0.5112f,-0.0303f,-0.8589f,0.593f,0f,0f,0f,1f],start_interpolation: 0,interpolation_duration: 1}
$data merge entity $(bone_7) {transformation: [-0.8532f,0.0171f,-0.5213f,0.0786f,0.1034f,0.9852f,-0.137f,0.7623f,0.5112f,-0.1708f,-0.8423f,0.5297f,0f,0f,0f,1f],start_interpolation: 0,interpolation_duration: 1}