# This file was generated by Animated Java via MC-Build. It is not recommended to edit this file directly.
$data merge entity $(bone_layer) {transformation: [-0.8531f,0.0332f,-0.5207f,0.2861f,-0.0671f,0.9827f,0.1725f,1.3605f,0.5174f,0.1821f,-0.8361f,0.5352f,0f,0f,0f,1f],start_interpolation: 0,interpolation_duration: 1}
$data merge entity $(bone_head) {transformation: [-0.8531f,0.0332f,-0.5207f,0.2861f,-0.0671f,0.9827f,0.1725f,1.3605f,0.5174f,0.1821f,-0.8361f,0.5352f,0f,0f,0f,1f],start_interpolation: 0,interpolation_duration: 1}
$data merge entity $(bone_6) {transformation: [-0.676f,-0.143f,-0.7229f,0.3509f,-0.1022f,0.9897f,-0.1001f,0.3981f,0.7298f,0.0062f,-0.6837f,0.4126f,0f,0f,0f,1f],start_interpolation: 0,interpolation_duration: 1}
$data merge entity $(bone_12) {transformation: [-0.6807f,-0.2261f,-0.6968f,0.2661f,-0.0948f,0.9704f,-0.2222f,0.762f,0.7264f,-0.0852f,-0.682f,0.3806f,0f,0f,0f,1f],start_interpolation: 0,interpolation_duration: 1}
$data merge entity $(bone_group3) {transformation: [1.203f,-0.1106f,0.2854f,-1.0312f,0.2969f,0.8165f,-0.3904f,1.6726f,-0.2621f,0.4385f,0.7986f,1.0915f,0f,0f,0f,1f],start_interpolation: 0,interpolation_duration: 1}
$data merge entity $(bone_group1) {transformation: [1.2266f,-0.1049f,0.1585f,-0.9895f,0.2527f,0.8049f,-0.4421f,1.7075f,-0.176f,0.4607f,0.8096f,1.0343f,0f,0f,0f,1f],start_interpolation: 0,interpolation_duration: 1}
$data merge entity $(bone_group4) {transformation: [1.1798f,-0.1201f,0.1991f,-1.0168f,0.273f,0.7767f,-0.4166f,1.6848f,-0.1939f,0.4475f,0.7782f,1.0508f,0f,0f,0f,1f],start_interpolation: 0,interpolation_duration: 1}
$data merge entity $(bone_group2) {transformation: [1.1654f,-0.1072f,0.2765f,-1.0312f,0.2876f,0.791f,-0.3782f,1.6726f,-0.2539f,0.4248f,0.7736f,1.0915f,0f,0f,0f,1f],start_interpolation: 0,interpolation_duration: 1}
$data merge entity $(bone_10) {transformation: [-0.7874f,0.2387f,-0.5684f,0.2099f,0.0114f,0.9275f,0.3736f,1.0601f,0.6164f,0.2877f,-0.733f,0.495f,0f,0f,0f,1f],start_interpolation: 0,interpolation_duration: 1}
$data merge entity $(bone_9) {transformation: [-0.7874f,0.2387f,-0.5684f,0.2994f,0.0114f,0.9275f,0.3736f,1.4079f,0.6164f,0.2877f,-0.733f,0.6029f,0f,0f,0f,1f],start_interpolation: 0,interpolation_duration: 1}
$data merge entity $(bone_bone12) {transformation: [-0.698f,0.9868f,-0.5922f,0.1149f,0.8469f,1.1038f,0.3738f,1.8613f,1.0225f,-0.2406f,-0.7138f,0.3805f,0f,0f,0f,1f],start_interpolation: 0,interpolation_duration: 1}
$data merge entity $(bone_bone1) {transformation: [0.6049f,-0.9082f,0.7366f,0.3144f,-0.6104f,1.2532f,0.673f,0.5293f,-0.5114f,-2.57f,0.0679f,1.5682f,0f,0f,0f,1f],start_interpolation: 0,interpolation_duration: 1}
$data merge entity $(bone_2) {transformation: [0.7434f,-0.3106f,0.5923f,-0.0314f,-0.2588f,0.683f,0.683f,1.0415f,-0.6167f,-0.6611f,0.4274f,0.9364f,0f,0f,0f,1f],start_interpolation: 0,interpolation_duration: 1}
$data merge entity $(bone_bone2) {transformation: [1.4351f,-0.3887f,0.6688f,0.1545f,-0.0231f,1.9136f,0.2905f,0.9193f,-1.3928f,-0.4323f,0.6843f,0.8065f,0f,0f,0f,1f],start_interpolation: 0,interpolation_duration: 1}
$data merge entity $(bone_1) {transformation: [0.7434f,-0.002f,0.6688f,-0.0322f,-0.2588f,0.9212f,0.2905f,1.387f,-0.6167f,-0.389f,0.6843f,0.7905f,0f,0f,0f,1f],start_interpolation: 0,interpolation_duration: 1}
$data merge entity $(bone_4) {transformation: [-0.8257f,-0.5593f,0.0732f,0.6922f,-0.3217f,0.3604f,-0.8756f,1.1245f,0.4633f,-0.7466f,-0.4775f,0.34f,0f,0f,0f,1f],start_interpolation: 0,interpolation_duration: 1}
$data merge entity $(bone_group5) {transformation: [-3.303f,-1.0976f,-1.564f,0.7243f,-1.287f,2.4539f,-1.0619f,0.9151f,1.8531f,-0.2522f,-3.5251f,0.5344f,0f,0f,0f,1f],start_interpolation: 0,interpolation_duration: 1}
$data merge entity $(bone_group7) {transformation: [-3.303f,-1.0976f,-1.564f,0.7243f,-1.287f,2.4539f,-1.0619f,0.9151f,1.8531f,-0.2522f,-3.5251f,0.5344f,0f,0f,0f,1f],start_interpolation: 0,interpolation_duration: 1}
$data merge entity $(bone_group6) {transformation: [-2.3117f,-2.6021f,-1.564f,1.0848f,-2.3415f,1.4817f,-1.0619f,0.9667f,1.7309f,0.7081f,-3.5251f,0.3588f,0f,0f,0f,1f],start_interpolation: 0,interpolation_duration: 1}
$data merge entity $(bone_group8) {transformation: [-2.3117f,-2.6021f,-1.564f,1.0848f,-2.3415f,1.4817f,-1.0619f,0.9667f,1.7309f,0.7081f,-3.5251f,0.3588f,0f,0f,0f,1f],start_interpolation: 0,interpolation_duration: 1}
$data merge entity $(bone_group9) {transformation: [-2.3117f,-2.6021f,-1.564f,1.1363f,-2.3415f,1.4817f,-1.0619f,0.8517f,1.7309f,0.7081f,-3.5251f,0.3707f,0f,0f,0f,1f],start_interpolation: 0,interpolation_duration: 1}
$data merge entity $(bone_group10) {transformation: [-2.3117f,-2.6021f,-1.564f,1.1363f,-2.3415f,1.4817f,-1.0619f,0.8517f,1.7309f,0.7081f,-3.5251f,0.3707f,0f,0f,0f,1f],start_interpolation: 0,interpolation_duration: 1}
$data merge entity $(bone_group11) {transformation: [-2.3117f,-2.6021f,-1.564f,1.1877f,-2.3415f,1.4817f,-1.0619f,0.7366f,1.7309f,0.7081f,-3.5251f,0.3825f,0f,0f,0f,1f],start_interpolation: 0,interpolation_duration: 1}
$data merge entity $(bone_group12) {transformation: [-2.3117f,-2.6021f,-1.564f,1.1877f,-2.3415f,1.4817f,-1.0619f,0.7366f,1.7309f,0.7081f,-3.5251f,0.3825f,0f,0f,0f,1f],start_interpolation: 0,interpolation_duration: 1}
$data merge entity $(bone_group13) {transformation: [-2.505f,-1.9407f,-0.6256f,0.9162f,-1.8426f,1.992f,-0.4247f,0.9573f,1.6664f,0.261f,-1.41f,0.3833f,0f,0f,0f,1f],start_interpolation: 0,interpolation_duration: 1}
$data merge entity $(bone_group14) {transformation: [-2.505f,-1.9407f,-0.6256f,0.9162f,-1.8426f,1.992f,-0.4247f,0.9573f,1.6664f,0.261f,-1.41f,0.3833f,0f,0f,0f,1f],start_interpolation: 0,interpolation_duration: 1}
$data merge entity $(bone_group15) {transformation: [-2.418f,-2.0481f,-0.6256f,0.9763f,-1.9277f,1.9098f,-0.4247f,0.8871f,1.6535f,0.3334f,-1.41f,0.3778f,0f,0f,0f,1f],start_interpolation: 0,interpolation_duration: 1}
$data merge entity $(bone_group16) {transformation: [-2.418f,-2.0481f,-0.6256f,0.9763f,-1.9277f,1.9098f,-0.4247f,0.8871f,1.6535f,0.3334f,-1.41f,0.3778f,0f,0f,0f,1f],start_interpolation: 0,interpolation_duration: 1}
$data merge entity $(bone_group17) {transformation: [-2.2303f,-2.2511f,-0.6256f,1.0891f,-2.0868f,1.7345f,-0.4247f,0.81f,1.6181f,0.4763f,-1.41f,0.351f,0f,0f,0f,1f],start_interpolation: 0,interpolation_duration: 1}
$data merge entity $(bone_group18) {transformation: [-2.2303f,-2.2511f,-0.6256f,1.0891f,-2.0868f,1.7345f,-0.4247f,0.81f,1.6181f,0.4763f,-1.41f,0.351f,0f,0f,0f,1f],start_interpolation: 0,interpolation_duration: 1}
$data merge entity $(bone_group19) {transformation: [-2.2303f,-2.2511f,-0.6256f,1.1406f,-2.0868f,1.7345f,-0.4247f,0.6949f,1.6181f,0.4763f,-1.41f,0.3628f,0f,0f,0f,1f],start_interpolation: 0,interpolation_duration: 1}
$data merge entity $(bone_group20) {transformation: [-2.2303f,-2.2511f,-0.6256f,1.1406f,-2.0868f,1.7345f,-0.4247f,0.6949f,1.6181f,0.4763f,-1.41f,0.3628f,0f,0f,0f,1f],start_interpolation: 0,interpolation_duration: 1}
$data merge entity $(bone_bone11) {transformation: [-0.8282f,-0.0292f,-0.391f,0.5373f,0.0833f,1.4395f,-0.2655f,1.1677f,0.3424f,-0.4207f,-0.8813f,0.4312f,0f,0f,0f,1f],start_interpolation: 0,interpolation_duration: 1}
$data merge entity $(bone_3) {transformation: [-0.8257f,-0.4065f,-0.391f,0.5837f,-0.3217f,0.9089f,-0.2655f,1.4026f,0.4633f,-0.0934f,-0.8813f,0.3398f,0f,0f,0f,1f],start_interpolation: 0,interpolation_duration: 1}
$data merge entity $(bone_8) {transformation: [-0.8526f,0.1019f,-0.5125f,0.07f,0.1031f,0.9943f,0.0263f,0.3887f,0.5123f,-0.0304f,-0.8583f,0.598f,0f,0f,0f,1f],start_interpolation: 0,interpolation_duration: 1}
$data merge entity $(bone_7) {transformation: [-0.8526f,0.0192f,-0.5222f,0.0782f,0.1031f,0.9859f,-0.1319f,0.762f,0.5123f,-0.1663f,-0.8426f,0.5365f,0f,0f,0f,1f],start_interpolation: 0,interpolation_duration: 1}