# This file was generated by Animated Java via MC-Build. It is not recommended to edit this file directly.
$data merge entity $(bone_layer) {transformation: [-0.8539f,0.0193f,-0.5201f,0.2859f,-0.0705f,0.9858f,0.1524f,1.3596f,0.5157f,0.1668f,-0.8404f,0.5413f,0f,0f,0f,1f],start_interpolation: 0,interpolation_duration: 1}
$data merge entity $(bone_head) {transformation: [-0.8539f,0.0193f,-0.5201f,0.2859f,-0.0705f,0.9858f,0.1524f,1.3596f,0.5157f,0.1668f,-0.8404f,0.5413f,0f,0f,0f,1f],start_interpolation: 0,interpolation_duration: 1}
$data merge entity $(bone_6) {transformation: [-0.6738f,-0.1478f,-0.7239f,0.3502f,-0.1018f,0.989f,-0.1072f,0.398f,0.7318f,0.0014f,-0.6815f,0.4194f,0f,0f,0f,1f],start_interpolation: 0,interpolation_duration: 1}
$data merge entity $(bone_12) {transformation: [-0.679f,-0.2277f,-0.698f,0.2649f,-0.0938f,0.9698f,-0.2251f,0.7617f,0.7282f,-0.0874f,-0.6798f,0.3866f,0f,0f,0f,1f],start_interpolation: 0,interpolation_duration: 1}
$data merge entity $(bone_group3) {transformation: [1.2031f,-0.1096f,0.2868f,-1.0331f,0.2955f,0.8164f,-0.3907f,1.6743f,-0.2631f,0.4389f,0.798f,1.0998f,0f,0f,0f,1f],start_interpolation: 0,interpolation_duration: 1}
$data merge entity $(bone_group1) {transformation: [1.2283f,-0.1035f,0.1491f,-0.9877f,0.2473f,0.8038f,-0.4464f,1.7122f,-0.1697f,0.463f,0.8096f,1.038f,0f,0f,0f,1f],start_interpolation: 0,interpolation_duration: 1}
$data merge entity $(bone_group4) {transformation: [1.181f,-0.1203f,0.1939f,-1.0175f,0.2703f,0.7754f,-0.42f,1.6876f,-0.1897f,0.4498f,0.7778f,1.0556f,0f,0f,0f,1f],start_interpolation: 0,interpolation_duration: 1}
$data merge entity $(bone_group2) {transformation: [1.1655f,-0.1061f,0.2778f,-1.0331f,0.2862f,0.7909f,-0.3785f,1.6743f,-0.2548f,0.4252f,0.773f,1.0998f,0f,0f,0f,1f],start_interpolation: 0,interpolation_duration: 1}
$data merge entity $(bone_10) {transformation: [-0.787f,0.2405f,-0.5681f,0.2094f,0.0124f,0.9269f,0.3751f,1.0596f,0.6168f,0.2882f,-0.7325f,0.5012f,0f,0f,0f,1f],start_interpolation: 0,interpolation_duration: 1}
$data merge entity $(bone_9) {transformation: [-0.787f,0.2405f,-0.5681f,0.2995f,0.0124f,0.9269f,0.3751f,1.4072f,0.6168f,0.2882f,-0.7325f,0.6092f,0f,0f,0f,1f],start_interpolation: 0,interpolation_duration: 1}
$data merge entity $(bone_bone12) {transformation: [-0.6941f,0.9873f,-0.5939f,0.1149f,0.8464f,1.103f,0.3753f,1.8611f,1.0256f,-0.2421f,-0.7117f,0.3879f,0f,0f,0f,1f],start_interpolation: 0,interpolation_duration: 1}
$data merge entity $(bone_bone1) {transformation: [0.6034f,-0.9156f,0.7367f,0.3168f,-0.6104f,1.2532f,0.673f,0.529f,-0.5132f,-2.5673f,0.0657f,1.5739f,0f,0f,0f,1f],start_interpolation: 0,interpolation_duration: 1}
$data merge entity $(bone_2) {transformation: [0.7416f,-0.3125f,0.5936f,-0.0309f,-0.2588f,0.683f,0.683f,1.0413f,-0.6189f,-0.6602f,0.4257f,0.9431f,0f,0f,0f,1f],start_interpolation: 0,interpolation_duration: 1}
$data merge entity $(bone_bone2) {transformation: [1.4311f,-0.39f,0.6708f,0.1547f,-0.0231f,1.9136f,0.2905f,0.919f,-1.3969f,-0.4312f,0.6824f,0.8127f,0f,0f,0f,1f],start_interpolation: 0,interpolation_duration: 1}
$data merge entity $(bone_1) {transformation: [0.7416f,-0.0031f,0.6708f,-0.0321f,-0.2588f,0.9212f,0.2905f,1.3867f,-0.6189f,-0.389f,0.6824f,0.7972f,0f,0f,0f,1f],start_interpolation: 0,interpolation_duration: 1}
$data merge entity $(bone_4) {transformation: [-0.8255f,-0.5599f,0.0714f,0.692f,-0.3176f,0.3563f,-0.8787f,1.124f,0.4666f,-0.7481f,-0.4719f,0.3464f,0f,0f,0f,1f],start_interpolation: 0,interpolation_duration: 1}
$data merge entity $(bone_group5) {transformation: [-3.3019f,-1.0927f,-1.5738f,0.724f,-1.2706f,2.4551f,-1.0755f,0.9154f,1.8663f,-0.2618f,-3.5166f,0.5417f,0f,0f,0f,1f],start_interpolation: 0,interpolation_duration: 1}
$data merge entity $(bone_group7) {transformation: [-3.3019f,-1.0927f,-1.5738f,0.724f,-1.2706f,2.4551f,-1.0755f,0.9154f,1.8663f,-0.2618f,-3.5166f,0.5417f,0f,0f,0f,1f],start_interpolation: 0,interpolation_duration: 1}
$data merge entity $(bone_group6) {transformation: [-2.3132f,-2.5973f,-1.5738f,1.0843f,-2.3279f,1.4909f,-1.0755f,0.9654f,1.7472f,0.7064f,-3.5166f,0.3652f,0f,0f,0f,1f],start_interpolation: 0,interpolation_duration: 1}
$data merge entity $(bone_group8) {transformation: [-2.3132f,-2.5973f,-1.5738f,1.0843f,-2.3279f,1.4909f,-1.0755f,0.9654f,1.7472f,0.7064f,-3.5166f,0.3652f,0f,0f,0f,1f],start_interpolation: 0,interpolation_duration: 1}
$data merge entity $(bone_group9) {transformation: [-2.3132f,-2.5973f,-1.5738f,1.1355f,-2.3279f,1.4909f,-1.0755f,0.8503f,1.7472f,0.7064f,-3.5166f,0.3774f,0f,0f,0f,1f],start_interpolation: 0,interpolation_duration: 1}
$data merge entity $(bone_group10) {transformation: [-2.3132f,-2.5973f,-1.5738f,1.1355f,-2.3279f,1.4909f,-1.0755f,0.8503f,1.7472f,0.7064f,-3.5166f,0.3774f,0f,0f,0f,1f],start_interpolation: 0,interpolation_duration: 1}
$data merge entity $(bone_group11) {transformation: [-2.3132f,-2.5973f,-1.5738f,1.1868f,-2.3279f,1.4909f,-1.0755f,0.7352f,1.7472f,0.7064f,-3.5166f,0.3897f,0f,0f,0f,1f],start_interpolation: 0,interpolation_duration: 1}
$data merge entity $(bone_group12) {transformation: [-2.3132f,-2.5973f,-1.5738f,1.1868f,-2.3279f,1.4909f,-1.0755f,0.7352f,1.7472f,0.7064f,-3.5166f,0.3897f,0f,0f,0f,1f],start_interpolation: 0,interpolation_duration: 1}
$data merge entity $(bone_group13) {transformation: [-2.5056f,-1.9357f,-0.6295f,0.9157f,-1.8288f,1.9976f,-0.4302f,0.9565f,1.6806f,0.2554f,-1.4066f,0.39f,0f,0f,0f,1f],start_interpolation: 0,interpolation_duration: 1}
$data merge entity $(bone_group14) {transformation: [-2.5056f,-1.9357f,-0.6295f,0.9157f,-1.8288f,1.9976f,-0.4302f,0.9565f,1.6806f,0.2554f,-1.4066f,0.39f,0f,0f,0f,1f],start_interpolation: 0,interpolation_duration: 1}
$data merge entity $(bone_group15) {transformation: [-2.4188f,-2.0432f,-0.6295f,0.9757f,-1.9142f,1.9159f,-0.4302f,0.8862f,1.6679f,0.3284f,-1.4066f,0.3847f,0f,0f,0f,1f],start_interpolation: 0,interpolation_duration: 1}
$data merge entity $(bone_group16) {transformation: [-2.4188f,-2.0432f,-0.6295f,0.9757f,-1.9142f,1.9159f,-0.4302f,0.8862f,1.6679f,0.3284f,-1.4066f,0.3847f,0f,0f,0f,1f],start_interpolation: 0,interpolation_duration: 1}
$data merge entity $(bone_group17) {transformation: [-2.2315f,-2.2462f,-0.6295f,1.0882f,-2.0739f,1.7418f,-0.4302f,0.8086f,1.6329f,0.4726f,-1.4066f,0.358f,0f,0f,0f,1f],start_interpolation: 0,interpolation_duration: 1}
$data merge entity $(bone_group18) {transformation: [-2.2315f,-2.2462f,-0.6295f,1.0882f,-2.0739f,1.7418f,-0.4302f,0.8086f,1.6329f,0.4726f,-1.4066f,0.358f,0f,0f,0f,1f],start_interpolation: 0,interpolation_duration: 1}
$data merge entity $(bone_group19) {transformation: [-2.2315f,-2.2462f,-0.6295f,1.1395f,-2.0739f,1.7418f,-0.4302f,0.6935f,1.6329f,0.4726f,-1.4066f,0.3703f,0f,0f,0f,1f],start_interpolation: 0,interpolation_duration: 1}
$data merge entity $(bone_group20) {transformation: [-2.2315f,-2.2462f,-0.6295f,1.1395f,-2.0739f,1.7418f,-0.4302f,0.6935f,1.6329f,0.4726f,-1.4066f,0.3703f,0f,0f,0f,1f],start_interpolation: 0,interpolation_duration: 1}
$data merge entity $(bone_bone11) {transformation: [-0.8273f,-0.0269f,-0.3934f,0.5374f,0.0868f,1.4375f,-0.2689f,1.168f,0.3437f,-0.4276f,-0.8792f,0.4377f,0f,0f,0f,1f],start_interpolation: 0,interpolation_duration: 1}
$data merge entity $(bone_3) {transformation: [-0.8255f,-0.4047f,-0.3934f,0.5841f,-0.3176f,0.9093f,-0.2689f,1.4023f,0.4666f,-0.097f,-0.8792f,0.3451f,0f,0f,0f,1f],start_interpolation: 0,interpolation_duration: 1}
$data merge entity $(bone_8) {transformation: [-0.8521f,0.1015f,-0.5135f,0.0688f,0.1027f,0.9944f,0.0261f,0.3879f,0.5132f,-0.0305f,-0.8577f,0.6025f,0f,0f,0f,1f],start_interpolation: 0,interpolation_duration: 1}
$data merge entity $(bone_7) {transformation: [-0.8521f,0.0213f,-0.523f,0.0778f,0.1027f,0.9865f,-0.1272f,0.7617f,0.5132f,-0.1621f,-0.8428f,0.5427f,0f,0f,0f,1f],start_interpolation: 0,interpolation_duration: 1}