# This file was generated by Animated Java via MC-Build. It is not recommended to edit this file directly.
$data merge entity $(bone_layer) {transformation: [-0.8547f,0.0055f,-0.5192f,0.2858f,-0.074f,0.9884f,0.1323f,1.3587f,0.5139f,0.1515f,-0.8444f,0.5467f,0f,0f,0f,1f],start_interpolation: 0,interpolation_duration: 1}
$data merge entity $(bone_head) {transformation: [-0.8547f,0.0055f,-0.5192f,0.2858f,-0.074f,0.9884f,0.1323f,1.3587f,0.5139f,0.1515f,-0.8444f,0.5467f,0f,0f,0f,1f],start_interpolation: 0,interpolation_duration: 1}
$data merge entity $(bone_6) {transformation: [-0.6719f,-0.1523f,-0.7248f,0.3497f,-0.1013f,0.9883f,-0.1137f,0.398f,0.7337f,-0.003f,-0.6795f,0.4254f,0f,0f,0f,1f],start_interpolation: 0,interpolation_duration: 1}
$data merge entity $(bone_12) {transformation: [-0.6774f,-0.2291f,-0.699f,0.2638f,-0.0928f,0.9693f,-0.2278f,0.7615f,0.7297f,-0.0894f,-0.6779f,0.3918f,0f,0f,0f,1f],start_interpolation: 0,interpolation_duration: 1}
$data merge entity $(bone_group3) {transformation: [1.2032f,-0.1086f,0.2879f,-1.0348f,0.2941f,0.8164f,-0.391f,1.676f,-0.2638f,0.4392f,0.7975f,1.107f,0f,0f,0f,1f],start_interpolation: 0,interpolation_duration: 1}
$data merge entity $(bone_group1) {transformation: [1.2297f,-0.1023f,0.1404f,-0.9861f,0.2423f,0.8027f,-0.4503f,1.7164f,-0.1639f,0.4652f,0.8095f,1.041f,0f,0f,0f,1f],start_interpolation: 0,interpolation_duration: 1}
$data merge entity $(bone_group4) {transformation: [1.182f,-0.1206f,0.189f,-1.0181f,0.2678f,0.7742f,-0.4231f,1.6902f,-0.1858f,0.4519f,0.7775f,1.0598f,0f,0f,0f,1f],start_interpolation: 0,interpolation_duration: 1}
$data merge entity $(bone_group2) {transformation: [1.1656f,-0.1052f,0.2789f,-1.0348f,0.285f,0.7908f,-0.3788f,1.676f,-0.2556f,0.4255f,0.7725f,1.107f,0f,0f,0f,1f],start_interpolation: 0,interpolation_duration: 1}
$data merge entity $(bone_10) {transformation: [-0.7868f,0.2421f,-0.5678f,0.2089f,0.0134f,0.9263f,0.3765f,1.0592f,0.6171f,0.2886f,-0.732f,0.5066f,0f,0f,0f,1f],start_interpolation: 0,interpolation_duration: 1}
$data merge entity $(bone_9) {transformation: [-0.7868f,0.2421f,-0.5678f,0.2997f,0.0134f,0.9263f,0.3765f,1.4066f,0.6171f,0.2886f,-0.732f,0.6148f,0f,0f,0f,1f],start_interpolation: 0,interpolation_duration: 1}
$data merge entity $(bone_bone12) {transformation: [-0.6907f,0.9877f,-0.5953f,0.1149f,0.8459f,1.1023f,0.3767f,1.8609f,1.0283f,-0.2433f,-0.7097f,0.3945f,0f,0f,0f,1f],start_interpolation: 0,interpolation_duration: 1}
$data merge entity $(bone_bone1) {transformation: [0.6021f,-0.9221f,0.7369f,0.3189f,-0.6104f,1.2532f,0.673f,0.5288f,-0.5147f,-2.565f,0.0639f,1.5789f,0f,0f,0f,1f],start_interpolation: 0,interpolation_duration: 1}
$data merge entity $(bone_2) {transformation: [0.7401f,-0.3142f,0.5946f,-0.0304f,-0.2588f,0.683f,0.683f,1.041f,-0.6207f,-0.6594f,0.4242f,0.9489f,0f,0f,0f,1f],start_interpolation: 0,interpolation_duration: 1}
$data merge entity $(bone_bone2) {transformation: [1.4276f,-0.3911f,0.6725f,0.1549f,-0.0231f,1.9136f,0.2905f,0.9187f,-1.4006f,-0.4302f,0.6807f,0.818f,0f,0f,0f,1f],start_interpolation: 0,interpolation_duration: 1}
$data merge entity $(bone_1) {transformation: [0.7401f,-0.0041f,0.6725f,-0.0319f,-0.2588f,0.9212f,0.2905f,1.3865f,-0.6207f,-0.389f,0.6807f,0.803f,0f,0f,0f,1f],start_interpolation: 0,interpolation_duration: 1}
$data merge entity $(bone_4) {transformation: [-0.8253f,-0.5604f,0.0698f,0.6918f,-0.3139f,0.3525f,-0.8816f,1.1235f,0.4695f,-0.7495f,-0.4668f,0.352f,0f,0f,0f,1f],start_interpolation: 0,interpolation_duration: 1}
$data merge entity $(bone_group5) {transformation: [-3.3011f,-1.0882f,-1.5824f,0.7238f,-1.2556f,2.4561f,-1.0879f,0.9158f,1.8779f,-0.2707f,-3.5089f,0.5482f,0f,0f,0f,1f],start_interpolation: 0,interpolation_duration: 1}
$data merge entity $(bone_group7) {transformation: [-3.3011f,-1.0882f,-1.5824f,0.7238f,-1.2556f,2.4561f,-1.0879f,0.9158f,1.8779f,-0.2707f,-3.5089f,0.5482f,0f,0f,0f,1f],start_interpolation: 0,interpolation_duration: 1}
$data merge entity $(bone_group6) {transformation: [-2.3147f,-2.5929f,-1.5824f,1.0839f,-2.3154f,1.4993f,-1.0879f,0.9642f,1.7617f,0.7045f,-3.5089f,0.3708f,0f,0f,0f,1f],start_interpolation: 0,interpolation_duration: 1}
$data merge entity $(bone_group8) {transformation: [-2.3147f,-2.5929f,-1.5824f,1.0839f,-2.3154f,1.4993f,-1.0879f,0.9642f,1.7617f,0.7045f,-3.5089f,0.3708f,0f,0f,0f,1f],start_interpolation: 0,interpolation_duration: 1}
$data merge entity $(bone_group9) {transformation: [-2.3147f,-2.5929f,-1.5824f,1.1349f,-2.3154f,1.4993f,-1.0879f,0.8491f,1.7617f,0.7045f,-3.5089f,0.3835f,0f,0f,0f,1f],start_interpolation: 0,interpolation_duration: 1}
$data merge entity $(bone_group10) {transformation: [-2.3147f,-2.5929f,-1.5824f,1.1349f,-2.3154f,1.4993f,-1.0879f,0.8491f,1.7617f,0.7045f,-3.5089f,0.3835f,0f,0f,0f,1f],start_interpolation: 0,interpolation_duration: 1}
$data merge entity $(bone_group11) {transformation: [-2.3147f,-2.5929f,-1.5824f,1.1859f,-2.3154f,1.4993f,-1.0879f,0.734f,1.7617f,0.7045f,-3.5089f,0.3962f,0f,0f,0f,1f],start_interpolation: 0,interpolation_duration: 1}
$data merge entity $(bone_group12) {transformation: [-2.3147f,-2.5929f,-1.5824f,1.1859f,-2.3154f,1.4993f,-1.0879f,0.734f,1.7617f,0.7045f,-3.5089f,0.3962f,0f,0f,0f,1f],start_interpolation: 0,interpolation_duration: 1}
$data merge entity $(bone_group13) {transformation: [-2.5062f,-1.9312f,-0.6329f,0.9153f,-1.8163f,2.0026f,-0.4351f,0.9558f,1.6933f,0.25f,-1.4036f,0.396f,0f,0f,0f,1f],start_interpolation: 0,interpolation_duration: 1}
$data merge entity $(bone_group14) {transformation: [-2.5062f,-1.9312f,-0.6329f,0.9153f,-1.8163f,2.0026f,-0.4351f,0.9558f,1.6933f,0.25f,-1.4036f,0.396f,0f,0f,0f,1f],start_interpolation: 0,interpolation_duration: 1}
$data merge entity $(bone_group15) {transformation: [-2.4196f,-2.0387f,-0.6329f,0.9751f,-1.9019f,1.9215f,-0.4351f,0.8853f,1.6808f,0.3236f,-1.4036f,0.3909f,0f,0f,0f,1f],start_interpolation: 0,interpolation_duration: 1}
$data merge entity $(bone_group16) {transformation: [-2.4196f,-2.0387f,-0.6329f,0.9751f,-1.9019f,1.9215f,-0.4351f,0.8853f,1.6808f,0.3236f,-1.4036f,0.3909f,0f,0f,0f,1f],start_interpolation: 0,interpolation_duration: 1}
$data merge entity $(bone_group17) {transformation: [-2.2327f,-2.2418f,-0.6329f,1.0875f,-2.0621f,1.7484f,-0.4351f,0.8074f,1.6462f,0.4689f,-1.4036f,0.3644f,0f,0f,0f,1f],start_interpolation: 0,interpolation_duration: 1}
$data merge entity $(bone_group18) {transformation: [-2.2327f,-2.2418f,-0.6329f,1.0875f,-2.0621f,1.7484f,-0.4351f,0.8074f,1.6462f,0.4689f,-1.4036f,0.3644f,0f,0f,0f,1f],start_interpolation: 0,interpolation_duration: 1}
$data merge entity $(bone_group19) {transformation: [-2.2327f,-2.2418f,-0.6329f,1.1385f,-2.0621f,1.7484f,-0.4351f,0.6923f,1.6462f,0.4689f,-1.4036f,0.377f,0f,0f,0f,1f],start_interpolation: 0,interpolation_duration: 1}
$data merge entity $(bone_group20) {transformation: [-2.2327f,-2.2418f,-0.6329f,1.1385f,-2.0621f,1.7484f,-0.4351f,0.6923f,1.6462f,0.4689f,-1.4036f,0.377f,0f,0f,0f,1f],start_interpolation: 0,interpolation_duration: 1}
$data merge entity $(bone_bone11) {transformation: [-0.8265f,-0.0248f,-0.3956f,0.5375f,0.09f,1.4357f,-0.272f,1.1683f,0.3448f,-0.4339f,-0.8772f,0.4434f,0f,0f,0f,1f],start_interpolation: 0,interpolation_duration: 1}
$data merge entity $(bone_3) {transformation: [-0.8253f,-0.403f,-0.3956f,0.5846f,-0.3139f,0.9097f,-0.272f,1.4021f,0.4695f,-0.1003f,-0.8772f,0.3497f,0f,0f,0f,1f],start_interpolation: 0,interpolation_duration: 1}
$data merge entity $(bone_8) {transformation: [-0.8517f,0.1012f,-0.5142f,0.0677f,0.1024f,0.9944f,0.026f,0.3872f,0.514f,-0.0305f,-0.8573f,0.6064f,0f,0f,0f,1f],start_interpolation: 0,interpolation_duration: 1}
$data merge entity $(bone_7) {transformation: [-0.8517f,0.0232f,-0.5236f,0.0775f,0.1024f,0.9871f,-0.1229f,0.7615f,0.514f,-0.1583f,-0.8431f,0.5481f,0f,0f,0f,1f],start_interpolation: 0,interpolation_duration: 1}