# This file was generated by Animated Java via MC-Build. It is not recommended to edit this file directly.
$data merge entity $(bone_layer) {transformation: [-0.8555f,-0.0081f,-0.5178f,0.2858f,-0.0774f,0.9906f,0.1124f,1.358f,0.512f,0.1362f,-0.8481f,0.5511f,0f,0f,0f,1f],start_interpolation: 0,interpolation_duration: 1}
$data merge entity $(bone_head) {transformation: [-0.8555f,-0.0081f,-0.5178f,0.2858f,-0.0774f,0.9906f,0.1124f,1.358f,0.512f,0.1362f,-0.8481f,0.5511f,0f,0f,0f,1f],start_interpolation: 0,interpolation_duration: 1}
$data merge entity $(bone_6) {transformation: [-0.6703f,-0.1563f,-0.7255f,0.3493f,-0.101f,0.9877f,-0.1194f,0.398f,0.7352f,-0.0068f,-0.6778f,0.4304f,0f,0f,0f,1f],start_interpolation: 0,interpolation_duration: 1}
$data merge entity $(bone_12) {transformation: [-0.6762f,-0.2304f,-0.6998f,0.2629f,-0.0919f,0.9688f,-0.2301f,0.7613f,0.731f,-0.0912f,-0.6763f,0.3962f,0f,0f,0f,1f],start_interpolation: 0,interpolation_duration: 1}
$data merge entity $(bone_group3) {transformation: [1.2033f,-0.1078f,0.2888f,-1.0364f,0.293f,0.8163f,-0.3912f,1.6774f,-0.2643f,0.4395f,0.797f,1.113f,0f,0f,0f,1f],start_interpolation: 0,interpolation_duration: 1}
$data merge entity $(bone_group1) {transformation: [1.2309f,-0.1013f,0.1326f,-0.9848f,0.2379f,0.8018f,-0.4537f,1.7202f,-0.1586f,0.467f,0.8094f,1.0432f,0f,0f,0f,1f],start_interpolation: 0,interpolation_duration: 1}
$data merge entity $(bone_group4) {transformation: [1.183f,-0.1208f,0.1846f,-1.0187f,0.2656f,0.7731f,-0.4258f,1.6924f,-0.1823f,0.4537f,0.7772f,1.0629f,0f,0f,0f,1f],start_interpolation: 0,interpolation_duration: 1}
$data merge entity $(bone_group2) {transformation: [1.1657f,-0.1045f,0.2798f,-1.0364f,0.2838f,0.7908f,-0.379f,1.6774f,-0.2561f,0.4258f,0.7721f,1.113f,0f,0f,0f,1f],start_interpolation: 0,interpolation_duration: 1}
$data merge entity $(bone_10) {transformation: [-0.7867f,0.2435f,-0.5673f,0.2085f,0.0142f,0.9258f,0.3777f,1.0588f,0.6172f,0.2891f,-0.7318f,0.5111f,0f,0f,0f,1f],start_interpolation: 0,interpolation_duration: 1}
$data merge entity $(bone_9) {transformation: [-0.7867f,0.2435f,-0.5673f,0.2998f,0.0142f,0.9258f,0.3777f,1.406f,0.6172f,0.2891f,-0.7318f,0.6195f,0f,0f,0f,1f],start_interpolation: 0,interpolation_duration: 1}
$data merge entity $(bone_bone12) {transformation: [-0.6878f,0.9882f,-0.5965f,0.115f,0.8454f,1.1018f,0.378f,1.8607f,1.0306f,-0.2443f,-0.7081f,0.4f,0f,0f,0f,1f],start_interpolation: 0,interpolation_duration: 1}
$data merge entity $(bone_bone1) {transformation: [0.601f,-0.9275f,0.737f,0.3206f,-0.6104f,1.2532f,0.673f,0.5286f,-0.5159f,-2.5631f,0.0623f,1.583f,0f,0f,0f,1f],start_interpolation: 0,interpolation_duration: 1}
$data merge entity $(bone_2) {transformation: [0.7388f,-0.3156f,0.5955f,-0.03f,-0.2588f,0.683f,0.683f,1.0408f,-0.6223f,-0.6587f,0.4229f,0.9537f,0f,0f,0f,1f],start_interpolation: 0,interpolation_duration: 1}
$data merge entity $(bone_bone2) {transformation: [1.4246f,-0.392f,0.674f,0.155f,-0.0231f,1.9136f,0.2905f,0.9185f,-1.4035f,-0.4294f,0.6793f,0.8225f,0f,0f,0f,1f],start_interpolation: 0,interpolation_duration: 1}
$data merge entity $(bone_1) {transformation: [0.7388f,-0.0049f,0.674f,-0.0318f,-0.2588f,0.9212f,0.2905f,1.3863f,-0.6223f,-0.389f,0.6793f,0.8079f,0f,0f,0f,1f],start_interpolation: 0,interpolation_duration: 1}
$data merge entity $(bone_4) {transformation: [-0.8251f,-0.5608f,0.0684f,0.6918f,-0.3106f,0.3491f,-0.8841f,1.1232f,0.4719f,-0.7508f,-0.4622f,0.3568f,0f,0f,0f,1f],start_interpolation: 0,interpolation_duration: 1}
$data merge entity $(bone_group5) {transformation: [-3.3005f,-1.0843f,-1.5895f,0.7237f,-1.2423f,2.457f,-1.0988f,0.9161f,1.8877f,-0.2788f,-3.5023f,0.5537f,0f,0f,0f,1f],start_interpolation: 0,interpolation_duration: 1}
$data merge entity $(bone_group7) {transformation: [-3.3005f,-1.0843f,-1.5895f,0.7237f,-1.2423f,2.457f,-1.0988f,0.9161f,1.8877f,-0.2788f,-3.5023f,0.5537f,0f,0f,0f,1f],start_interpolation: 0,interpolation_duration: 1}
$data merge entity $(bone_group6) {transformation: [-2.3162f,-2.5892f,-1.5895f,1.0836f,-2.3044f,1.5066f,-1.0988f,0.9632f,1.7741f,0.7024f,-3.5023f,0.3756f,0f,0f,0f,1f],start_interpolation: 0,interpolation_duration: 1}
$data merge entity $(bone_group8) {transformation: [-2.3162f,-2.5892f,-1.5895f,1.0836f,-2.3044f,1.5066f,-1.0988f,0.9632f,1.7741f,0.7024f,-3.5023f,0.3756f,0f,0f,0f,1f],start_interpolation: 0,interpolation_duration: 1}
$data merge entity $(bone_group9) {transformation: [-2.3162f,-2.5892f,-1.5895f,1.1344f,-2.3044f,1.5066f,-1.0988f,0.8481f,1.7741f,0.7024f,-3.5023f,0.3887f,0f,0f,0f,1f],start_interpolation: 0,interpolation_duration: 1}
$data merge entity $(bone_group10) {transformation: [-2.3162f,-2.5892f,-1.5895f,1.1344f,-2.3044f,1.5066f,-1.0988f,0.8481f,1.7741f,0.7024f,-3.5023f,0.3887f,0f,0f,0f,1f],start_interpolation: 0,interpolation_duration: 1}
$data merge entity $(bone_group11) {transformation: [-2.3162f,-2.5892f,-1.5895f,1.1852f,-2.3044f,1.5066f,-1.0988f,0.7329f,1.7741f,0.7024f,-3.5023f,0.4017f,0f,0f,0f,1f],start_interpolation: 0,interpolation_duration: 1}
$data merge entity $(bone_group12) {transformation: [-2.3162f,-2.5892f,-1.5895f,1.1852f,-2.3044f,1.5066f,-1.0988f,0.7329f,1.7741f,0.7024f,-3.5023f,0.4017f,0f,0f,0f,1f],start_interpolation: 0,interpolation_duration: 1}
$data merge entity $(bone_group13) {transformation: [-2.5069f,-1.9273f,-0.6358f,0.915f,-1.8052f,2.007f,-0.4395f,0.9552f,1.7041f,0.245f,-1.4009f,0.4011f,0f,0f,0f,1f],start_interpolation: 0,interpolation_duration: 1}
$data merge entity $(bone_group14) {transformation: [-2.5069f,-1.9273f,-0.6358f,0.915f,-1.8052f,2.007f,-0.4395f,0.9552f,1.7041f,0.245f,-1.4009f,0.4011f,0f,0f,0f,1f],start_interpolation: 0,interpolation_duration: 1}
$data merge entity $(bone_group15) {transformation: [-2.4205f,-2.0348f,-0.6358f,0.9747f,-1.891f,1.9264f,-0.4395f,0.8846f,1.6918f,0.3191f,-1.4009f,0.3961f,0f,0f,0f,1f],start_interpolation: 0,interpolation_duration: 1}
$data merge entity $(bone_group16) {transformation: [-2.4205f,-2.0348f,-0.6358f,0.9747f,-1.891f,1.9264f,-0.4395f,0.8846f,1.6918f,0.3191f,-1.4009f,0.3961f,0f,0f,0f,1f],start_interpolation: 0,interpolation_duration: 1}
$data merge entity $(bone_group17) {transformation: [-2.2339f,-2.238f,-0.6358f,1.0869f,-2.0517f,1.7542f,-0.4395f,0.8064f,1.6575f,0.4653f,-1.4009f,0.3698f,0f,0f,0f,1f],start_interpolation: 0,interpolation_duration: 1}
$data merge entity $(bone_group18) {transformation: [-2.2339f,-2.238f,-0.6358f,1.0869f,-2.0517f,1.7542f,-0.4395f,0.8064f,1.6575f,0.4653f,-1.4009f,0.3698f,0f,0f,0f,1f],start_interpolation: 0,interpolation_duration: 1}
$data merge entity $(bone_group19) {transformation: [-2.2339f,-2.238f,-0.6358f,1.1377f,-2.0517f,1.7542f,-0.4395f,0.6912f,1.6575f,0.4653f,-1.4009f,0.3828f,0f,0f,0f,1f],start_interpolation: 0,interpolation_duration: 1}
$data merge entity $(bone_group20) {transformation: [-2.2339f,-2.238f,-0.6358f,1.1377f,-2.0517f,1.7542f,-0.4395f,0.6912f,1.6575f,0.4653f,-1.4009f,0.3828f,0f,0f,0f,1f],start_interpolation: 0,interpolation_duration: 1}
$data merge entity $(bone_bone11) {transformation: [-0.8258f,-0.0229f,-0.3974f,0.5376f,0.0928f,1.434f,-0.2747f,1.1685f,0.3457f,-0.4395f,-0.8756f,0.4482f,0f,0f,0f,1f],start_interpolation: 0,interpolation_duration: 1}
$data merge entity $(bone_3) {transformation: [-0.8251f,-0.4016f,-0.3974f,0.585f,-0.3106f,0.91f,-0.2747f,1.4019f,0.4719f,-0.1032f,-0.8756f,0.3535f,0f,0f,0f,1f],start_interpolation: 0,interpolation_duration: 1}
$data merge entity $(bone_8) {transformation: [-0.8514f,0.1009f,-0.5148f,0.0667f,0.1022f,0.9944f,0.0259f,0.3866f,0.5145f,-0.0305f,-0.8569f,0.6095f,0f,0f,0f,1f],start_interpolation: 0,interpolation_duration: 1}
$data merge entity $(bone_7) {transformation: [-0.8514f,0.0249f,-0.524f,0.0772f,0.1022f,0.9876f,-0.1191f,0.7613f,0.5145f,-0.1549f,-0.8434f,0.5526f,0f,0f,0f,1f],start_interpolation: 0,interpolation_duration: 1}