# This file was generated by Animated Java via MC-Build. It is not recommended to edit this file directly.
$data merge entity $(bone_layer) {transformation: [-0.8563f,-0.0214f,-0.516f,0.2858f,-0.0807f,0.9924f,0.0928f,1.3574f,0.5101f,0.1212f,-0.8515f,0.5545f,0f,0f,0f,1f],start_interpolation: 0,interpolation_duration: 1}
$data merge entity $(bone_head) {transformation: [-0.8563f,-0.0214f,-0.516f,0.2858f,-0.0807f,0.9924f,0.0928f,1.3574f,0.5101f,0.1212f,-0.8515f,0.5545f,0f,0f,0f,1f],start_interpolation: 0,interpolation_duration: 1}
$data merge entity $(bone_6) {transformation: [-0.6691f,-0.1596f,-0.7259f,0.349f,-0.1006f,0.9871f,-0.1242f,0.398f,0.7363f,-0.0101f,-0.6765f,0.4342f,0f,0f,0f,1f],start_interpolation: 0,interpolation_duration: 1}
$data merge entity $(bone_12) {transformation: [-0.6752f,-0.2314f,-0.7004f,0.2622f,-0.0912f,0.9684f,-0.232f,0.7611f,0.7319f,-0.0928f,-0.675f,0.3994f,0f,0f,0f,1f],start_interpolation: 0,interpolation_duration: 1}
$data merge entity $(bone_group3) {transformation: [1.2035f,-0.1072f,0.2895f,-1.0377f,0.292f,0.8163f,-0.3915f,1.6787f,-0.2645f,0.4397f,0.7968f,1.1173f,0f,0f,0f,1f],start_interpolation: 0,interpolation_duration: 1}
$data merge entity $(bone_group1) {transformation: [1.232f,-0.1005f,0.1259f,-0.9837f,0.2342f,0.801f,-0.4565f,1.7235f,-0.154f,0.4686f,0.8093f,1.0445f,0f,0f,0f,1f],start_interpolation: 0,interpolation_duration: 1}
$data merge entity $(bone_group4) {transformation: [1.1838f,-0.1211f,0.1808f,-1.0193f,0.2637f,0.7722f,-0.4281f,1.6944f,-0.179f,0.4552f,0.7769f,1.065f,0f,0f,0f,1f],start_interpolation: 0,interpolation_duration: 1}
$data merge entity $(bone_group2) {transformation: [1.1659f,-0.1039f,0.2804f,-1.0377f,0.2828f,0.7908f,-0.3792f,1.6787f,-0.2563f,0.426f,0.7719f,1.1173f,0f,0f,0f,1f],start_interpolation: 0,interpolation_duration: 1}
$data merge entity $(bone_10) {transformation: [-0.7867f,0.2446f,-0.5669f,0.2082f,0.0149f,0.9254f,0.3787f,1.0585f,0.6172f,0.2895f,-0.7316f,0.5145f,0f,0f,0f,1f],start_interpolation: 0,interpolation_duration: 1}
$data merge entity $(bone_9) {transformation: [-0.7867f,0.2446f,-0.5669f,0.2999f,0.0149f,0.9254f,0.3787f,1.4055f,0.6172f,0.2895f,-0.7316f,0.623f,0f,0f,0f,1f],start_interpolation: 0,interpolation_duration: 1}
$data merge entity $(bone_bone12) {transformation: [-0.6856f,0.9886f,-0.5973f,0.1151f,0.845f,1.1013f,0.379f,1.8605f,1.0324f,-0.2449f,-0.7068f,0.4043f,0f,0f,0f,1f],start_interpolation: 0,interpolation_duration: 1}
$data merge entity $(bone_bone1) {transformation: [0.6002f,-0.9316f,0.7371f,0.3219f,-0.6104f,1.2532f,0.673f,0.5284f,-0.5169f,-2.5616f,0.0612f,1.5861f,0f,0f,0f,1f],start_interpolation: 0,interpolation_duration: 1}
$data merge entity $(bone_2) {transformation: [0.7378f,-0.3166f,0.5962f,-0.0297f,-0.2588f,0.683f,0.683f,1.0407f,-0.6235f,-0.6582f,0.422f,0.9574f,0f,0f,0f,1f],start_interpolation: 0,interpolation_duration: 1}
$data merge entity $(bone_bone2) {transformation: [1.4224f,-0.3926f,0.675f,0.1551f,-0.0231f,1.9136f,0.2905f,0.9184f,-1.4058f,-0.4288f,0.6782f,0.8258f,0f,0f,0f,1f],start_interpolation: 0,interpolation_duration: 1}
$data merge entity $(bone_1) {transformation: [0.7378f,-0.0056f,0.675f,-0.0317f,-0.2588f,0.9212f,0.2905f,1.3861f,-0.6235f,-0.389f,0.6782f,0.8115f,0f,0f,0f,1f],start_interpolation: 0,interpolation_duration: 1}
$data merge entity $(bone_4) {transformation: [-0.8251f,-0.561f,0.0674f,0.6918f,-0.3078f,0.3463f,-0.8862f,1.1229f,0.4738f,-0.7519f,-0.4584f,0.3605f,0f,0f,0f,1f],start_interpolation: 0,interpolation_duration: 1}
$data merge entity $(bone_group5) {transformation: [-3.3003f,-1.0809f,-1.5949f,0.7236f,-1.2312f,2.4576f,-1.108f,0.9164f,1.8953f,-0.2857f,-3.497f,0.5581f,0f,0f,0f,1f],start_interpolation: 0,interpolation_duration: 1}
$data merge entity $(bone_group7) {transformation: [-3.3003f,-1.0809f,-1.5949f,0.7236f,-1.2312f,2.4576f,-1.108f,0.9164f,1.8953f,-0.2857f,-3.497f,0.5581f,0f,0f,0f,1f],start_interpolation: 0,interpolation_duration: 1}
$data merge entity $(bone_group6) {transformation: [-2.3177f,-2.5863f,-1.5949f,1.0834f,-2.2951f,1.5128f,-1.108f,0.9624f,1.7842f,0.7002f,-3.497f,0.3794f,0f,0f,0f,1f],start_interpolation: 0,interpolation_duration: 1}
$data merge entity $(bone_group8) {transformation: [-2.3177f,-2.5863f,-1.5949f,1.0834f,-2.2951f,1.5128f,-1.108f,0.9624f,1.7842f,0.7002f,-3.497f,0.3794f,0f,0f,0f,1f],start_interpolation: 0,interpolation_duration: 1}
$data merge entity $(bone_group9) {transformation: [-2.3177f,-2.5863f,-1.5949f,1.134f,-2.2951f,1.5128f,-1.108f,0.8472f,1.7842f,0.7002f,-3.497f,0.3928f,0f,0f,0f,1f],start_interpolation: 0,interpolation_duration: 1}
$data merge entity $(bone_group10) {transformation: [-2.3177f,-2.5863f,-1.5949f,1.134f,-2.2951f,1.5128f,-1.108f,0.8472f,1.7842f,0.7002f,-3.497f,0.3928f,0f,0f,0f,1f],start_interpolation: 0,interpolation_duration: 1}
$data merge entity $(bone_group11) {transformation: [-2.3177f,-2.5863f,-1.5949f,1.1847f,-2.2951f,1.5128f,-1.108f,0.732f,1.7842f,0.7002f,-3.497f,0.4062f,0f,0f,0f,1f],start_interpolation: 0,interpolation_duration: 1}
$data merge entity $(bone_group12) {transformation: [-2.3177f,-2.5863f,-1.5949f,1.1847f,-2.2951f,1.5128f,-1.108f,0.732f,1.7842f,0.7002f,-3.497f,0.4062f,0f,0f,0f,1f],start_interpolation: 0,interpolation_duration: 1}
$data merge entity $(bone_group13) {transformation: [-2.5078f,-1.9241f,-0.6379f,0.9148f,-1.7958f,2.0107f,-0.4432f,0.9547f,1.7127f,0.2404f,-1.3988f,0.4051f,0f,0f,0f,1f],start_interpolation: 0,interpolation_duration: 1}
$data merge entity $(bone_group14) {transformation: [-2.5078f,-1.9241f,-0.6379f,0.9148f,-1.7958f,2.0107f,-0.4432f,0.9547f,1.7127f,0.2404f,-1.3988f,0.4051f,0f,0f,0f,1f],start_interpolation: 0,interpolation_duration: 1}
$data merge entity $(bone_group15) {transformation: [-2.4215f,-2.0316f,-0.6379f,0.9744f,-1.8818f,1.9304f,-0.4432f,0.884f,1.7006f,0.3149f,-1.3988f,0.4004f,0f,0f,0f,1f],start_interpolation: 0,interpolation_duration: 1}
$data merge entity $(bone_group16) {transformation: [-2.4215f,-2.0316f,-0.6379f,0.9744f,-1.8818f,1.9304f,-0.4432f,0.884f,1.7006f,0.3149f,-1.3988f,0.4004f,0f,0f,0f,1f],start_interpolation: 0,interpolation_duration: 1}
$data merge entity $(bone_group17) {transformation: [-2.2352f,-2.2349f,-0.6379f,1.0864f,-2.0429f,1.7591f,-0.4432f,0.8056f,1.6667f,0.4619f,-1.3988f,0.3741f,0f,0f,0f,1f],start_interpolation: 0,interpolation_duration: 1}
$data merge entity $(bone_group18) {transformation: [-2.2352f,-2.2349f,-0.6379f,1.0864f,-2.0429f,1.7591f,-0.4432f,0.8056f,1.6667f,0.4619f,-1.3988f,0.3741f,0f,0f,0f,1f],start_interpolation: 0,interpolation_duration: 1}
$data merge entity $(bone_group19) {transformation: [-2.2352f,-2.2349f,-0.6379f,1.1371f,-2.0429f,1.7591f,-0.4432f,0.6904f,1.6667f,0.4619f,-1.3988f,0.3875f,0f,0f,0f,1f],start_interpolation: 0,interpolation_duration: 1}
$data merge entity $(bone_group20) {transformation: [-2.2352f,-2.2349f,-0.6379f,1.1371f,-2.0429f,1.7591f,-0.4432f,0.6904f,1.6667f,0.4619f,-1.3988f,0.3875f,0f,0f,0f,1f],start_interpolation: 0,interpolation_duration: 1}
$data merge entity $(bone_bone11) {transformation: [-0.8253f,-0.0212f,-0.3987f,0.5378f,0.0952f,1.4326f,-0.277f,1.1688f,0.3462f,-0.4442f,-0.8742f,0.4519f,0f,0f,0f,1f],start_interpolation: 0,interpolation_duration: 1}
$data merge entity $(bone_3) {transformation: [-0.8251f,-0.4003f,-0.3987f,0.5854f,-0.3078f,0.9102f,-0.277f,1.4018f,0.4738f,-0.1058f,-0.8742f,0.3564f,0f,0f,0f,1f],start_interpolation: 0,interpolation_duration: 1}
$data merge entity $(bone_8) {transformation: [-0.8512f,0.1006f,-0.5151f,0.0659f,0.1019f,0.9945f,0.0258f,0.3861f,0.5148f,-0.0305f,-0.8568f,0.6118f,0f,0f,0f,1f],start_interpolation: 0,interpolation_duration: 1}
$data merge entity $(bone_7) {transformation: [-0.8512f,0.0264f,-0.5242f,0.0771f,0.1019f,0.988f,-0.1158f,0.7611f,0.5148f,-0.152f,-0.8437f,0.5559f,0f,0f,0f,1f],start_interpolation: 0,interpolation_duration: 1}