# This file was generated by Animated Java via MC-Build. It is not recommended to edit this file directly.
$data merge entity $(bone_layer) {transformation: [-0.8572f,-0.0343f,-0.5139f,0.2858f,-0.084f,0.9937f,0.0737f,1.357f,0.5081f,0.1064f,-0.8547f,0.5567f,0f,0f,0f,1f],start_interpolation: 0,interpolation_duration: 1}
$data merge entity $(bone_head) {transformation: [-0.8572f,-0.0343f,-0.5139f,0.2858f,-0.084f,0.9937f,0.0737f,1.357f,0.5081f,0.1064f,-0.8547f,0.5567f,0f,0f,0f,1f],start_interpolation: 0,interpolation_duration: 1}
$data merge entity $(bone_6) {transformation: [-0.6683f,-0.1622f,-0.726f,0.3488f,-0.1004f,0.9867f,-0.128f,0.398f,0.7371f,-0.0127f,-0.6757f,0.4368f,0f,0f,0f,1f],start_interpolation: 0,interpolation_duration: 1}
$data merge entity $(bone_12) {transformation: [-0.6747f,-0.2322f,-0.7006f,0.2618f,-0.0906f,0.9681f,-0.2335f,0.761f,0.7325f,-0.0941f,-0.6742f,0.4015f,0f,0f,0f,1f],start_interpolation: 0,interpolation_duration: 1}
$data merge entity $(bone_group3) {transformation: [1.2037f,-0.1069f,0.2898f,-1.0389f,0.2912f,0.8163f,-0.3916f,1.6797f,-0.2644f,0.4399f,0.7966f,1.12f,0f,0f,0f,1f],start_interpolation: 0,interpolation_duration: 1}
$data merge entity $(bone_group1) {transformation: [1.2328f,-0.1f,0.1204f,-0.9829f,0.2312f,0.8003f,-0.4587f,1.726f,-0.15f,0.4698f,0.8092f,1.0448f,0f,0f,0f,1f],start_interpolation: 0,interpolation_duration: 1}
$data merge entity $(bone_group4) {transformation: [1.1845f,-0.1215f,0.1776f,-1.0199f,0.2623f,0.7715f,-0.4299f,1.6959f,-0.1762f,0.4563f,0.7768f,1.0658f,0f,0f,0f,1f],start_interpolation: 0,interpolation_duration: 1}
$data merge entity $(bone_group2) {transformation: [1.1661f,-0.1035f,0.2807f,-1.0389f,0.2821f,0.7907f,-0.3794f,1.6797f,-0.2562f,0.4261f,0.7717f,1.12f,0f,0f,0f,1f],start_interpolation: 0,interpolation_duration: 1}
$data merge entity $(bone_10) {transformation: [-0.7868f,0.2454f,-0.5663f,0.2081f,0.0154f,0.9251f,0.3795f,1.0583f,0.617f,0.2898f,-0.7316f,0.5167f,0f,0f,0f,1f],start_interpolation: 0,interpolation_duration: 1}
$data merge entity $(bone_9) {transformation: [-0.7868f,0.2454f,-0.5663f,0.3001f,0.0154f,0.9251f,0.3795f,1.4052f,0.617f,0.2898f,-0.7316f,0.6254f,0f,0f,0f,1f],start_interpolation: 0,interpolation_duration: 1}
$data merge entity $(bone_bone12) {transformation: [-0.684f,0.9889f,-0.5978f,0.1153f,0.8447f,1.1009f,0.3798f,1.8605f,1.0337f,-0.2452f,-0.706f,0.4071f,0f,0f,0f,1f],start_interpolation: 0,interpolation_duration: 1}
$data merge entity $(bone_bone1) {transformation: [0.5997f,-0.9341f,0.7372f,0.3227f,-0.6104f,1.2532f,0.673f,0.5283f,-0.5175f,-2.5606f,0.0604f,1.588f,0f,0f,0f,1f],start_interpolation: 0,interpolation_duration: 1}
$data merge entity $(bone_2) {transformation: [0.7371f,-0.3173f,0.5966f,-0.0295f,-0.2588f,0.683f,0.683f,1.0406f,-0.6242f,-0.6579f,0.4214f,0.9597f,0f,0f,0f,1f],start_interpolation: 0,interpolation_duration: 1}
$data merge entity $(bone_bone2) {transformation: [1.421f,-0.3931f,0.6757f,0.1552f,-0.0231f,1.9136f,0.2905f,0.9183f,-1.4072f,-0.4284f,0.6775f,0.828f,0f,0f,0f,1f],start_interpolation: 0,interpolation_duration: 1}
$data merge entity $(bone_1) {transformation: [0.7371f,-0.0059f,0.6757f,-0.0317f,-0.2588f,0.9212f,0.2905f,1.386f,-0.6242f,-0.389f,0.6775f,0.8138f,0f,0f,0f,1f],start_interpolation: 0,interpolation_duration: 1}
$data merge entity $(bone_4) {transformation: [-0.8251f,-0.561f,0.0666f,0.6919f,-0.3056f,0.3441f,-0.8878f,1.1227f,0.4751f,-0.7529f,-0.4554f,0.363f,0f,0f,0f,1f],start_interpolation: 0,interpolation_duration: 1}
$data merge entity $(bone_group5) {transformation: [-3.3006f,-1.0782f,-1.5982f,0.7236f,-1.2225f,2.4581f,-1.1152f,0.9167f,1.9004f,-0.2914f,-3.4931f,0.5611f,0f,0f,0f,1f],start_interpolation: 0,interpolation_duration: 1}
$data merge entity $(bone_group7) {transformation: [-3.3006f,-1.0782f,-1.5982f,0.7236f,-1.2225f,2.4581f,-1.1152f,0.9167f,1.9004f,-0.2914f,-3.4931f,0.5611f,0f,0f,0f,1f],start_interpolation: 0,interpolation_duration: 1}
$data merge entity $(bone_group6) {transformation: [-2.3193f,-2.5841f,-1.5982f,1.0833f,-2.2878f,1.5176f,-1.1152f,0.9618f,1.7915f,0.6978f,-3.4931f,0.3821f,0f,0f,0f,1f],start_interpolation: 0,interpolation_duration: 1}
$data merge entity $(bone_group8) {transformation: [-2.3193f,-2.5841f,-1.5982f,1.0833f,-2.2878f,1.5176f,-1.1152f,0.9618f,1.7915f,0.6978f,-3.4931f,0.3821f,0f,0f,0f,1f],start_interpolation: 0,interpolation_duration: 1}
$data merge entity $(bone_group9) {transformation: [-2.3193f,-2.5841f,-1.5982f,1.1339f,-2.2878f,1.5176f,-1.1152f,0.8466f,1.7915f,0.6978f,-3.4931f,0.3958f,0f,0f,0f,1f],start_interpolation: 0,interpolation_duration: 1}
$data merge entity $(bone_group10) {transformation: [-2.3193f,-2.5841f,-1.5982f,1.1339f,-2.2878f,1.5176f,-1.1152f,0.8466f,1.7915f,0.6978f,-3.4931f,0.3958f,0f,0f,0f,1f],start_interpolation: 0,interpolation_duration: 1}
$data merge entity $(bone_group11) {transformation: [-2.3193f,-2.5841f,-1.5982f,1.1844f,-2.2878f,1.5176f,-1.1152f,0.7313f,1.7915f,0.6978f,-3.4931f,0.4095f,0f,0f,0f,1f],start_interpolation: 0,interpolation_duration: 1}
$data merge entity $(bone_group12) {transformation: [-2.3193f,-2.5841f,-1.5982f,1.1844f,-2.2878f,1.5176f,-1.1152f,0.7313f,1.7915f,0.6978f,-3.4931f,0.4095f,0f,0f,0f,1f],start_interpolation: 0,interpolation_duration: 1}
$data merge entity $(bone_group13) {transformation: [-2.5088f,-1.9216f,-0.6393f,0.9148f,-1.7885f,2.0135f,-0.4461f,0.9543f,1.7189f,0.2364f,-1.3973f,0.4079f,0f,0f,0f,1f],start_interpolation: 0,interpolation_duration: 1}
$data merge entity $(bone_group14) {transformation: [-2.5088f,-1.9216f,-0.6393f,0.9148f,-1.7885f,2.0135f,-0.4461f,0.9543f,1.7189f,0.2364f,-1.3973f,0.4079f,0f,0f,0f,1f],start_interpolation: 0,interpolation_duration: 1}
$data merge entity $(bone_group15) {transformation: [-2.4226f,-2.0292f,-0.6393f,0.9743f,-1.8746f,1.9336f,-0.4461f,0.8836f,1.7069f,0.3111f,-1.3973f,0.4033f,0f,0f,0f,1f],start_interpolation: 0,interpolation_duration: 1}
$data merge entity $(bone_group16) {transformation: [-2.4226f,-2.0292f,-0.6393f,0.9743f,-1.8746f,1.9336f,-0.4461f,0.8836f,1.7069f,0.3111f,-1.3973f,0.4033f,0f,0f,0f,1f],start_interpolation: 0,interpolation_duration: 1}
$data merge entity $(bone_group17) {transformation: [-2.2365f,-2.2326f,-0.6393f,1.0862f,-2.036f,1.7629f,-0.4461f,0.8049f,1.6733f,0.4587f,-1.3973f,0.3772f,0f,0f,0f,1f],start_interpolation: 0,interpolation_duration: 1}
$data merge entity $(bone_group18) {transformation: [-2.2365f,-2.2326f,-0.6393f,1.0862f,-2.036f,1.7629f,-0.4461f,0.8049f,1.6733f,0.4587f,-1.3973f,0.3772f,0f,0f,0f,1f],start_interpolation: 0,interpolation_duration: 1}
$data merge entity $(bone_group19) {transformation: [-2.2365f,-2.2326f,-0.6393f,1.1367f,-2.036f,1.7629f,-0.4461f,0.6897f,1.6733f,0.4587f,-1.3973f,0.3909f,0f,0f,0f,1f],start_interpolation: 0,interpolation_duration: 1}
$data merge entity $(bone_group20) {transformation: [-2.2365f,-2.2326f,-0.6393f,1.1367f,-2.036f,1.7629f,-0.4461f,0.6897f,1.6733f,0.4587f,-1.3973f,0.3909f,0f,0f,0f,1f],start_interpolation: 0,interpolation_duration: 1}
$data merge entity $(bone_bone11) {transformation: [-0.825f,-0.0198f,-0.3996f,0.538f,0.097f,1.4314f,-0.2788f,1.169f,0.3465f,-0.4479f,-0.8733f,0.4544f,0f,0f,0f,1f],start_interpolation: 0,interpolation_duration: 1}
$data merge entity $(bone_3) {transformation: [-0.8251f,-0.3994f,-0.3996f,0.5858f,-0.3056f,0.9104f,-0.2788f,1.4017f,0.4751f,-0.1079f,-0.8733f,0.3583f,0f,0f,0f,1f],start_interpolation: 0,interpolation_duration: 1}
$data merge entity $(bone_8) {transformation: [-0.8512f,0.1004f,-0.5151f,0.0653f,0.1018f,0.9945f,0.0257f,0.3857f,0.5149f,-0.0305f,-0.8567f,0.613f,0f,0f,0f,1f],start_interpolation: 0,interpolation_duration: 1}
$data merge entity $(bone_7) {transformation: [-0.8512f,0.0275f,-0.5241f,0.077f,0.1018f,0.9883f,-0.1133f,0.761f,0.5149f,-0.1498f,-0.8441f,0.558f,0f,0f,0f,1f],start_interpolation: 0,interpolation_duration: 1}