# This file was generated by Animated Java via MC-Build. It is not recommended to edit this file directly.
$data merge entity $(bone_layer) {transformation: [-0.9927f,0.0446f,-0.1125f,0.5625f,-0.0024f,0.9223f,0.3865f,1.2031f,0.1209f,0.384f,-0.9154f,-4.1875f,0f,0f,0f,1f],start_interpolation: 0,interpolation_duration: 1}
$data merge entity $(bone_head) {transformation: [-0.9927f,0.0446f,-0.1125f,0.5625f,-0.0024f,0.9223f,0.3865f,1.2031f,0.1209f,0.384f,-0.9154f,-4.1875f,0f,0f,0f,1f],start_interpolation: 0,interpolation_duration: 1}
$data merge entity $(bone_6) {transformation: [-0.8785f,0.0069f,-0.4777f,0.7413f,-0.1137f,0.9682f,0.2229f,0.0831f,0.464f,0.2502f,-0.8498f,-4.2265f,0f,0f,0f,1f],start_interpolation: 0,interpolation_duration: 1}
$data merge entity $(bone_12) {transformation: [-0.8697f,-0.1623f,-0.4661f,0.6804f,-0.1365f,0.9866f,-0.0889f,0.4531f,0.4743f,-0.0137f,-0.8802f,-4.2316f,0f,0f,0f,1f],start_interpolation: 0,interpolation_duration: 1}
$data merge entity $(bone_group3) {transformation: [1.2161f,-0.2259f,0.0541f,-0.6728f,0.3484f,0.8256f,-0.3733f,1.2947f,0.017f,0.3729f,0.8557f,-3.8999f,0f,0f,0f,1f],start_interpolation: 0,interpolation_duration: 1}
$data merge entity $(bone_group1) {transformation: [1.1448f,-0.2468f,0.4016f,-0.8126f,0.4401f,0.8427f,-0.1961f,1.1963f,-0.2429f,0.3165f,0.844f,-3.7461f,0f,0f,0f,1f],start_interpolation: 0,interpolation_duration: 1}
$data merge entity $(bone_group4) {transformation: [1.1542f,-0.1866f,0.2675f,-0.7431f,0.3667f,0.8318f,-0.2407f,1.2593f,-0.1585f,0.3054f,0.8364f,-3.7966f,0f,0f,0f,1f],start_interpolation: 0,interpolation_duration: 1}
$data merge entity $(bone_group2) {transformation: [1.1781f,-0.2188f,0.0524f,-0.6728f,0.3375f,0.7998f,-0.3616f,1.2947f,0.0165f,0.3612f,0.829f,-3.8999f,0f,0f,0f,1f],start_interpolation: 0,interpolation_duration: 1}
$data merge entity $(bone_10) {transformation: [-0.9043f,0.1064f,-0.4134f,0.5769f,-0.0261f,0.9529f,0.3023f,0.7621f,0.4261f,0.2842f,-0.8589f,-4.1491f,0f,0f,0f,1f],start_interpolation: 0,interpolation_duration: 1}
$data merge entity $(bone_9) {transformation: [-0.9043f,0.1064f,-0.4134f,0.6167f,-0.0261f,0.9529f,0.3023f,1.1194f,0.4261f,0.2842f,-0.8589f,-4.0426f,0f,0f,0f,1f],start_interpolation: 0,interpolation_duration: 1}
$data merge entity $(bone_bone12) {transformation: [-1.0174f,0.9818f,-0.334f,0.5039f,0.8701f,1.1339f,0.3034f,1.5499f,0.6766f,0.0181f,-0.8924f,-4.3442f,0f,0f,0f,1f],start_interpolation: 0,interpolation_duration: 1}
$data merge entity $(bone_bone1) {transformation: [0.7392f,-0.0145f,0.6735f,0.2834f,-0.6104f,1.2532f,0.673f,0.3454f,-0.2846f,-2.7257f,0.3058f,-3.2076f,0f,0f,0f,1f],start_interpolation: 0,interpolation_duration: 1}
$data merge entity $(bone_2) {transformation: [0.9046f,-0.0765f,0.4193f,0.1641f,-0.2588f,0.683f,0.683f,0.8577f,-0.3386f,-0.7264f,0.5981f,-3.918f,0f,0f,0f,1f],start_interpolation: 0,interpolation_duration: 1}
$data merge entity $(bone_bone2) {transformation: [1.8127f,-0.2253f,0.4072f,0.3824f,-0.0231f,1.9136f,0.2905f,0.7354f,-0.8447f,-0.5359f,0.8659f,-3.9796f,0f,0f,0f,1f],start_interpolation: 0,interpolation_duration: 1}
$data merge entity $(bone_1) {transformation: [0.9046f,0.1258f,0.4072f,0.2113f,-0.2588f,0.9212f,0.2905f,1.2031f,-0.3386f,-0.3682f,0.8659f,-4.056f,0f,0f,0f,1f],start_interpolation: 0,interpolation_duration: 1}
$data merge entity $(bone_4) {transformation: [-0.8549f,-0.4207f,0.3036f,1.0245f,-0.5002f,0.5129f,-0.6976f,0.8884f,0.1378f,-0.7482f,-0.649f,-4.3413f,0f,0f,0f,1f],start_interpolation: 0,interpolation_duration: 1}
$data merge entity $(bone_group5) {transformation: [-3.4195f,-1.3779f,-0.3741f,1.0376f,-2.0009f,2.3181f,-0.4505f,0.6471f,0.5511f,-0.1336f,-3.9569f,-4.1854f,0f,0f,0f,1f],start_interpolation: 0,interpolation_duration: 1}
$data merge entity $(bone_group7) {transformation: [-3.4195f,-1.3779f,-0.3741f,1.0376f,-2.0009f,2.3181f,-0.4505f,0.6471f,0.5511f,-0.1336f,-3.9569f,-4.1854f,0f,0f,0f,1f],start_interpolation: 0,interpolation_duration: 1}
$data merge entity $(bone_group6) {transformation: [-2.2724f,-2.9031f,-0.3741f,1.4184f,-2.8918f,1.0071f,-0.4505f,0.7735f,0.5441f,0.1598f,-3.9569f,-4.2358f,0f,0f,0f,1f],start_interpolation: 0,interpolation_duration: 1}
$data merge entity $(bone_group8) {transformation: [-2.2724f,-2.9031f,-0.3741f,1.4184f,-2.8918f,1.0071f,-0.4505f,0.7735f,0.5441f,0.1598f,-3.9569f,-4.2358f,0f,0f,0f,1f],start_interpolation: 0,interpolation_duration: 1}
$data merge entity $(bone_group9) {transformation: [-2.2724f,-2.9031f,-0.3741f,1.4829f,-2.8918f,1.0071f,-0.4505f,0.6649f,0.5441f,0.1598f,-3.9569f,-4.2296f,0f,0f,0f,1f],start_interpolation: 0,interpolation_duration: 1}
$data merge entity $(bone_group10) {transformation: [-2.2724f,-2.9031f,-0.3741f,1.4829f,-2.8918f,1.0071f,-0.4505f,0.6649f,0.5441f,0.1598f,-3.9569f,-4.2296f,0f,0f,0f,1f],start_interpolation: 0,interpolation_duration: 1}
$data merge entity $(bone_group11) {transformation: [-2.2724f,-2.9031f,-0.3741f,1.5475f,-2.8918f,1.0071f,-0.4505f,0.5562f,0.5441f,0.1598f,-3.9569f,-4.2233f,0f,0f,0f,1f],start_interpolation: 0,interpolation_duration: 1}
$data merge entity $(bone_group12) {transformation: [-2.2724f,-2.9031f,-0.3741f,1.5475f,-2.8918f,1.0071f,-0.4505f,0.5562f,0.5441f,0.1598f,-3.9569f,-4.2233f,0f,0f,0f,1f],start_interpolation: 0,interpolation_duration: 1}
$data merge entity $(bone_group13) {transformation: [-2.5207f,-2.2396f,-0.1496f,1.2532f,-2.4145f,1.6693f,-0.1802f,0.741f,0.5132f,0.0217f,-1.5828f,-4.2639f,0f,0f,0f,1f],start_interpolation: 0,interpolation_duration: 1}
$data merge entity $(bone_group14) {transformation: [-2.5207f,-2.2396f,-0.1496f,1.2532f,-2.4145f,1.6693f,-0.1802f,0.741f,0.5132f,0.0217f,-1.5828f,-4.2639f,0f,0f,0f,1f],start_interpolation: 0,interpolation_duration: 1}
$data merge entity $(bone_group15) {transformation: [-2.4206f,-2.3474f,-0.1496f,1.3233f,-2.485f,1.5624f,-0.1802f,0.6805f,0.5118f,0.0441f,-1.5828f,-4.2636f,0f,0f,0f,1f],start_interpolation: 0,interpolation_duration: 1}
$data merge entity $(bone_group16) {transformation: [-2.4206f,-2.3474f,-0.1496f,1.3233f,-2.485f,1.5624f,-0.1802f,0.6805f,0.5118f,0.0441f,-1.5828f,-4.2636f,0f,0f,0f,1f],start_interpolation: 0,interpolation_duration: 1}
$data merge entity $(bone_group17) {transformation: [-2.2068f,-2.5495f,-0.1496f,1.4502f,-2.6117f,1.3398f,-0.1802f,0.6235f,0.506f,0.0885f,-1.5828f,-4.2692f,0f,0f,0f,1f],start_interpolation: 0,interpolation_duration: 1}
$data merge entity $(bone_group18) {transformation: [-2.2068f,-2.5495f,-0.1496f,1.4502f,-2.6117f,1.3398f,-0.1802f,0.6235f,0.506f,0.0885f,-1.5828f,-4.2692f,0f,0f,0f,1f],start_interpolation: 0,interpolation_duration: 1}
$data merge entity $(bone_group19) {transformation: [-2.2068f,-2.5495f,-0.1496f,1.5148f,-2.6117f,1.3398f,-0.1802f,0.5148f,0.506f,0.0885f,-1.5828f,-4.2629f,0f,0f,0f,1f],start_interpolation: 0,interpolation_duration: 1}
$data merge entity $(bone_group20) {transformation: [-2.2068f,-2.5495f,-0.1496f,1.5148f,-2.6117f,1.3398f,-0.1802f,0.5148f,0.506f,0.0885f,-1.5828f,-4.2629f,0f,0f,0f,1f],start_interpolation: 0,interpolation_duration: 1}
$data merge entity $(bone_bone11) {transformation: [-0.8914f,-0.1519f,-0.0935f,0.846f,-0.0815f,1.4843f,-0.1126f,0.8942f,0.0936f,-0.1546f,-0.9892f,-4.2935f,0f,0f,0f,1f],start_interpolation: 0,interpolation_duration: 1}
$data merge entity $(bone_3) {transformation: [-0.8549f,-0.5103f,-0.0935f,0.8759f,-0.5002f,0.8585f,-0.1126f,1.1468f,0.1378f,-0.0495f,-0.9892f,-4.3251f,0f,0f,0f,1f],start_interpolation: 0,interpolation_duration: 1}
$data merge entity $(bone_8) {transformation: [-0.9515f,0.1225f,-0.2821f,0.4293f,0.1177f,0.9925f,0.0339f,0.1138f,0.2841f,-0.0009f,-0.9588f,-4.0023f,0f,0f,0f,1f],start_interpolation: 0,interpolation_duration: 1}
$data merge entity $(bone_7) {transformation: [-0.9515f,0.0079f,-0.3074f,0.4307f,0.1177f,0.9329f,-0.3404f,0.4531f,0.2841f,-0.36f,-0.8886f,-4.1382f,0f,0f,0f,1f],start_interpolation: 0,interpolation_duration: 1}