# This file was generated by Animated Java via MC-Build. It is not recommended to edit this file directly.
$data merge entity $(bone_layer) {transformation: [-0.8581f,-0.0467f,-0.5114f,0.2859f,-0.0871f,0.9947f,0.0552f,1.3567f,0.5061f,0.0919f,-0.8576f,0.5575f,0f,0f,0f,1f],start_interpolation: 0,interpolation_duration: 1}
$data merge entity $(bone_head) {transformation: [-0.8581f,-0.0467f,-0.5114f,0.2859f,-0.0871f,0.9947f,0.0552f,1.3567f,0.5061f,0.0919f,-0.8576f,0.5575f,0f,0f,0f,1f],start_interpolation: 0,interpolation_duration: 1}
$data merge entity $(bone_6) {transformation: [-0.668f,-0.1639f,-0.7259f,0.3489f,-0.1002f,0.9864f,-0.1305f,0.398f,0.7374f,-0.0145f,-0.6753f,0.4379f,0f,0f,0f,1f],start_interpolation: 0,interpolation_duration: 1}
$data merge entity $(bone_12) {transformation: [-0.6745f,-0.2327f,-0.7006f,0.2616f,-0.0903f,0.9679f,-0.2346f,0.761f,0.7327f,-0.095f,-0.6739f,0.4023f,0f,0f,0f,1f],start_interpolation: 0,interpolation_duration: 1}
$data merge entity $(bone_group3) {transformation: [1.2039f,-0.1068f,0.2897f,-1.0398f,0.2907f,0.8162f,-0.3917f,1.6804f,-0.264f,0.4399f,0.7966f,1.1207f,0f,0f,0f,1f],start_interpolation: 0,interpolation_duration: 1}
$data merge entity $(bone_group1) {transformation: [1.2334f,-0.0999f,0.1165f,-0.9824f,0.2292f,0.7999f,-0.4602f,1.7278f,-0.1469f,0.4705f,0.8092f,1.0439f,0f,0f,0f,1f],start_interpolation: 0,interpolation_duration: 1}
$data merge entity $(bone_group4) {transformation: [1.185f,-0.1219f,0.1752f,-1.0203f,0.2613f,0.771f,-0.4311f,1.697f,-0.1739f,0.4571f,0.7768f,1.0653f,0f,0f,0f,1f],start_interpolation: 0,interpolation_duration: 1}
$data merge entity $(bone_group2) {transformation: [1.1663f,-0.1035f,0.2807f,-1.0398f,0.2816f,0.7907f,-0.3795f,1.6804f,-0.2557f,0.4262f,0.7717f,1.1207f,0f,0f,0f,1f],start_interpolation: 0,interpolation_duration: 1}
$data merge entity $(bone_10) {transformation: [-0.7871f,0.2459f,-0.5657f,0.208f,0.0158f,0.9248f,0.38f,1.0582f,0.6166f,0.2902f,-0.7318f,0.5175f,0f,0f,0f,1f],start_interpolation: 0,interpolation_duration: 1}
$data merge entity $(bone_9) {transformation: [-0.7871f,0.2459f,-0.5657f,0.3002f,0.0158f,0.9248f,0.38f,1.405f,0.6166f,0.2902f,-0.7318f,0.6263f,0f,0f,0f,1f],start_interpolation: 0,interpolation_duration: 1}
$data merge entity $(bone_bone12) {transformation: [-0.6834f,0.9893f,-0.5979f,0.1155f,0.8445f,1.1006f,0.3804f,1.8604f,1.0343f,-0.245f,-0.7056f,0.4083f,0f,0f,0f,1f],start_interpolation: 0,interpolation_duration: 1}
$data merge entity $(bone_bone1) {transformation: [0.5995f,-0.935f,0.7372f,0.323f,-0.6104f,1.2532f,0.673f,0.5283f,-0.5177f,-2.5603f,0.0602f,1.5887f,0f,0f,0f,1f],start_interpolation: 0,interpolation_duration: 1}
$data merge entity $(bone_2) {transformation: [0.7369f,-0.3175f,0.5968f,-0.0294f,-0.2588f,0.683f,0.683f,1.0405f,-0.6245f,-0.6578f,0.4211f,0.9605f,0f,0f,0f,1f],start_interpolation: 0,interpolation_duration: 1}
$data merge entity $(bone_bone2) {transformation: [1.4205f,-0.3932f,0.6759f,0.1552f,-0.0231f,1.9136f,0.2905f,0.9183f,-1.4077f,-0.4282f,0.6773f,0.8287f,0f,0f,0f,1f],start_interpolation: 0,interpolation_duration: 1}
$data merge entity $(bone_1) {transformation: [0.7369f,-0.0061f,0.6759f,-0.0317f,-0.2588f,0.9212f,0.2905f,1.386f,-0.6245f,-0.389f,0.6773f,0.8147f,0f,0f,0f,1f],start_interpolation: 0,interpolation_duration: 1}
$data merge entity $(bone_4) {transformation: [-0.8254f,-0.5607f,0.0663f,0.6921f,-0.3041f,0.3426f,-0.8889f,1.1226f,0.4757f,-0.7538f,-0.4533f,0.3642f,0f,0f,0f,1f],start_interpolation: 0,interpolation_duration: 1}
$data merge entity $(bone_group5) {transformation: [-3.3014f,-1.0763f,-1.5994f,0.7237f,-1.2165f,2.4585f,-1.1201f,0.9169f,1.9028f,-0.2957f,-3.491f,0.5627f,0f,0f,0f,1f],start_interpolation: 0,interpolation_duration: 1}
$data merge entity $(bone_group7) {transformation: [-3.3014f,-1.0763f,-1.5994f,0.7237f,-1.2165f,2.4585f,-1.1201f,0.9169f,1.9028f,-0.2957f,-3.491f,0.5627f,0f,0f,0f,1f],start_interpolation: 0,interpolation_duration: 1}
$data merge entity $(bone_group6) {transformation: [-2.3209f,-2.5828f,-1.5994f,1.0834f,-2.2828f,1.5208f,-1.1201f,0.9614f,1.7957f,0.6954f,-3.491f,0.3836f,0f,0f,0f,1f],start_interpolation: 0,interpolation_duration: 1}
$data merge entity $(bone_group8) {transformation: [-2.3209f,-2.5828f,-1.5994f,1.0834f,-2.2828f,1.5208f,-1.1201f,0.9614f,1.7957f,0.6954f,-3.491f,0.3836f,0f,0f,0f,1f],start_interpolation: 0,interpolation_duration: 1}
$data merge entity $(bone_group9) {transformation: [-2.3209f,-2.5828f,-1.5994f,1.1338f,-2.2828f,1.5208f,-1.1201f,0.8462f,1.7957f,0.6954f,-3.491f,0.3974f,0f,0f,0f,1f],start_interpolation: 0,interpolation_duration: 1}
$data merge entity $(bone_group10) {transformation: [-2.3209f,-2.5828f,-1.5994f,1.1338f,-2.2828f,1.5208f,-1.1201f,0.8462f,1.7957f,0.6954f,-3.491f,0.3974f,0f,0f,0f,1f],start_interpolation: 0,interpolation_duration: 1}
$data merge entity $(bone_group11) {transformation: [-2.3209f,-2.5828f,-1.5994f,1.1843f,-2.2828f,1.5208f,-1.1201f,0.7309f,1.7957f,0.6954f,-3.491f,0.4113f,0f,0f,0f,1f],start_interpolation: 0,interpolation_duration: 1}
$data merge entity $(bone_group12) {transformation: [-2.3209f,-2.5828f,-1.5994f,1.1843f,-2.2828f,1.5208f,-1.1201f,0.7309f,1.7957f,0.6954f,-3.491f,0.4113f,0f,0f,0f,1f],start_interpolation: 0,interpolation_duration: 1}
$data merge entity $(bone_group13) {transformation: [-2.5101f,-1.92f,-0.6398f,0.9149f,-1.7835f,2.0154f,-0.448f,0.9541f,1.7222f,0.233f,-1.3964f,0.4094f,0f,0f,0f,1f],start_interpolation: 0,interpolation_duration: 1}
$data merge entity $(bone_group14) {transformation: [-2.5101f,-1.92f,-0.6398f,0.9149f,-1.7835f,2.0154f,-0.448f,0.9541f,1.7222f,0.233f,-1.3964f,0.4094f,0f,0f,0f,1f],start_interpolation: 0,interpolation_duration: 1}
$data merge entity $(bone_group15) {transformation: [-2.4239f,-2.0277f,-0.6398f,0.9743f,-1.8697f,1.9357f,-0.448f,0.8833f,1.7104f,0.3079f,-1.3964f,0.4049f,0f,0f,0f,1f],start_interpolation: 0,interpolation_duration: 1}
$data merge entity $(bone_group16) {transformation: [-2.4239f,-2.0277f,-0.6398f,0.9743f,-1.8697f,1.9357f,-0.448f,0.8833f,1.7104f,0.3079f,-1.3964f,0.4049f,0f,0f,0f,1f],start_interpolation: 0,interpolation_duration: 1}
$data merge entity $(bone_group17) {transformation: [-2.238f,-2.2312f,-0.6398f,1.0861f,-2.0313f,1.7654f,-0.448f,0.8045f,1.6771f,0.4558f,-1.3964f,0.3789f,0f,0f,0f,1f],start_interpolation: 0,interpolation_duration: 1}
$data merge entity $(bone_group18) {transformation: [-2.238f,-2.2312f,-0.6398f,1.0861f,-2.0313f,1.7654f,-0.448f,0.8045f,1.6771f,0.4558f,-1.3964f,0.3789f,0f,0f,0f,1f],start_interpolation: 0,interpolation_duration: 1}
$data merge entity $(bone_group19) {transformation: [-2.238f,-2.2312f,-0.6398f,1.1366f,-2.0313f,1.7654f,-0.448f,0.6893f,1.6771f,0.4558f,-1.3964f,0.3928f,0f,0f,0f,1f],start_interpolation: 0,interpolation_duration: 1}
$data merge entity $(bone_group20) {transformation: [-2.238f,-2.2312f,-0.6398f,1.1366f,-2.0313f,1.7654f,-0.448f,0.6893f,1.6771f,0.4558f,-1.3964f,0.3928f,0f,0f,0f,1f],start_interpolation: 0,interpolation_duration: 1}
$data merge entity $(bone_bone11) {transformation: [-0.8248f,-0.0187f,-0.3999f,0.5383f,0.0983f,1.4306f,-0.28f,1.1691f,0.3464f,-0.4504f,-0.8728f,0.4556f,0f,0f,0f,1f],start_interpolation: 0,interpolation_duration: 1}
$data merge entity $(bone_3) {transformation: [-0.8254f,-0.3986f,-0.3999f,0.5863f,-0.3041f,0.9105f,-0.28f,1.4016f,0.4757f,-0.1095f,-0.8728f,0.359f,0f,0f,0f,1f],start_interpolation: 0,interpolation_duration: 1}
$data merge entity $(bone_8) {transformation: [-0.8514f,0.1003f,-0.5149f,0.065f,0.1016f,0.9945f,0.0257f,0.3855f,0.5146f,-0.0305f,-0.8569f,0.6131f,0f,0f,0f,1f],start_interpolation: 0,interpolation_duration: 1}
$data merge entity $(bone_7) {transformation: [-0.8514f,0.0284f,-0.5238f,0.077f,0.1016f,0.9885f,-0.1116f,0.761f,0.5146f,-0.1483f,-0.8445f,0.5587f,0f,0f,0f,1f],start_interpolation: 0,interpolation_duration: 1}