# This file was generated by Animated Java via MC-Build. It is not recommended to edit this file directly.
$data merge entity $(bone_layer) {transformation: [-0.859f,-0.0586f,-0.5086f,0.2861f,-0.0901f,0.9952f,0.0374f,1.3566f,0.504f,0.078f,-0.8602f,0.5568f,0f,0f,0f,1f],start_interpolation: 0,interpolation_duration: 1}
$data merge entity $(bone_head) {transformation: [-0.859f,-0.0586f,-0.5086f,0.2861f,-0.0901f,0.9952f,0.0374f,1.3566f,0.504f,0.078f,-0.8602f,0.5568f,0f,0f,0f,1f],start_interpolation: 0,interpolation_duration: 1}
$data merge entity $(bone_6) {transformation: [-0.6683f,-0.1648f,-0.7254f,0.349f,-0.1001f,0.9862f,-0.1318f,0.3981f,0.7371f,-0.0154f,-0.6756f,0.4374f,0f,0f,0f,1f],start_interpolation: 0,interpolation_duration: 1}
$data merge entity $(bone_12) {transformation: [-0.6749f,-0.2329f,-0.7002f,0.2617f,-0.0901f,0.9678f,-0.2351f,0.761f,0.7324f,-0.0956f,-0.6741f,0.4016f,0f,0f,0f,1f],start_interpolation: 0,interpolation_duration: 1}
$data merge entity $(bone_group3) {transformation: [1.2042f,-0.107f,0.2893f,-1.0404f,0.2904f,0.8162f,-0.3918f,1.6808f,-0.2631f,0.4399f,0.7967f,1.1192f,0f,0f,0f,1f],start_interpolation: 0,interpolation_duration: 1}
$data merge entity $(bone_group1) {transformation: [1.2337f,-0.1f,0.1141f,-0.9823f,0.2283f,0.7997f,-0.4609f,1.7287f,-0.1448f,0.4709f,0.8092f,1.0417f,0f,0f,0f,1f],start_interpolation: 0,interpolation_duration: 1}
$data merge entity $(bone_group4) {transformation: [1.1853f,-0.1223f,0.1736f,-1.0207f,0.2608f,0.7708f,-0.4316f,1.6976f,-0.1722f,0.4574f,0.7768f,1.0633f,0f,0f,0f,1f],start_interpolation: 0,interpolation_duration: 1}
$data merge entity $(bone_group2) {transformation: [1.1665f,-0.1036f,0.2802f,-1.0404f,0.2813f,0.7907f,-0.3795f,1.6808f,-0.2549f,0.4261f,0.7718f,1.1192f,0f,0f,0f,1f],start_interpolation: 0,interpolation_duration: 1}
$data merge entity $(bone_10) {transformation: [-0.7876f,0.246f,-0.565f,0.2081f,0.016f,0.9247f,0.3803f,1.0582f,0.616f,0.2905f,-0.7322f,0.5167f,0f,0f,0f,1f],start_interpolation: 0,interpolation_duration: 1}
$data merge entity $(bone_9) {transformation: [-0.7876f,0.246f,-0.565f,0.3004f,0.016f,0.9247f,0.3803f,1.405f,0.616f,0.2905f,-0.7322f,0.6256f,0f,0f,0f,1f],start_interpolation: 0,interpolation_duration: 1}
$data merge entity $(bone_bone12) {transformation: [-0.6836f,0.9896f,-0.5976f,0.1158f,0.8444f,1.1005f,0.3806f,1.8605f,1.0342f,-0.2444f,-0.7057f,0.4077f,0f,0f,0f,1f],start_interpolation: 0,interpolation_duration: 1}
$data merge entity $(bone_bone1) {transformation: [0.5997f,-0.9341f,0.7372f,0.3227f,-0.6104f,1.2532f,0.673f,0.5283f,-0.5175f,-2.5607f,0.0604f,1.588f,0f,0f,0f,1f],start_interpolation: 0,interpolation_duration: 1}
$data merge entity $(bone_2) {transformation: [0.7372f,-0.3173f,0.5966f,-0.0295f,-0.2588f,0.683f,0.683f,1.0406f,-0.6242f,-0.6579f,0.4214f,0.9597f,0f,0f,0f,1f],start_interpolation: 0,interpolation_duration: 1}
$data merge entity $(bone_bone2) {transformation: [1.421f,-0.3931f,0.6757f,0.1552f,-0.0231f,1.9136f,0.2905f,0.9183f,-1.4072f,-0.4284f,0.6775f,0.8279f,0f,0f,0f,1f],start_interpolation: 0,interpolation_duration: 1}
$data merge entity $(bone_1) {transformation: [0.7372f,-0.0059f,0.6757f,-0.0317f,-0.2588f,0.9212f,0.2905f,1.386f,-0.6242f,-0.389f,0.6775f,0.8138f,0f,0f,0f,1f],start_interpolation: 0,interpolation_duration: 1}
$data merge entity $(bone_4) {transformation: [-0.8257f,-0.5602f,0.0664f,0.6924f,-0.3034f,0.3418f,-0.8894f,1.1226f,0.4755f,-0.7546f,-0.4522f,0.3639f,0f,0f,0f,1f],start_interpolation: 0,interpolation_duration: 1}
$data merge entity $(bone_group5) {transformation: [-3.3028f,-1.0753f,-1.5981f,0.7238f,-1.2137f,2.4586f,-1.1224f,0.9171f,1.9022f,-0.2983f,-3.4909f,0.5626f,0f,0f,0f,1f],start_interpolation: 0,interpolation_duration: 1}
$data merge entity $(bone_group7) {transformation: [-3.3028f,-1.0753f,-1.5981f,0.7238f,-1.2137f,2.4586f,-1.1224f,0.9171f,1.9022f,-0.2983f,-3.4909f,0.5626f,0f,0f,0f,1f],start_interpolation: 0,interpolation_duration: 1}
$data merge entity $(bone_group6) {transformation: [-2.3227f,-2.5826f,-1.5981f,1.0836f,-2.2804f,1.5224f,-1.1224f,0.9613f,1.7965f,0.6928f,-3.4909f,0.3836f,0f,0f,0f,1f],start_interpolation: 0,interpolation_duration: 1}
$data merge entity $(bone_group8) {transformation: [-2.3227f,-2.5826f,-1.5981f,1.0836f,-2.2804f,1.5224f,-1.1224f,0.9613f,1.7965f,0.6928f,-3.4909f,0.3836f,0f,0f,0f,1f],start_interpolation: 0,interpolation_duration: 1}
$data merge entity $(bone_group9) {transformation: [-2.3227f,-2.5826f,-1.5981f,1.134f,-2.2804f,1.5224f,-1.1224f,0.846f,1.7965f,0.6928f,-3.4909f,0.3976f,0f,0f,0f,1f],start_interpolation: 0,interpolation_duration: 1}
$data merge entity $(bone_group10) {transformation: [-2.3227f,-2.5826f,-1.5981f,1.134f,-2.2804f,1.5224f,-1.1224f,0.846f,1.7965f,0.6928f,-3.4909f,0.3976f,0f,0f,0f,1f],start_interpolation: 0,interpolation_duration: 1}
$data merge entity $(bone_group11) {transformation: [-2.3227f,-2.5826f,-1.5981f,1.1844f,-2.2804f,1.5224f,-1.1224f,0.7308f,1.7965f,0.6928f,-3.4909f,0.4116f,0f,0f,0f,1f],start_interpolation: 0,interpolation_duration: 1}
$data merge entity $(bone_group12) {transformation: [-2.3227f,-2.5826f,-1.5981f,1.1844f,-2.2804f,1.5224f,-1.1224f,0.7308f,1.7965f,0.6928f,-3.4909f,0.4116f,0f,0f,0f,1f],start_interpolation: 0,interpolation_duration: 1}
$data merge entity $(bone_group13) {transformation: [-2.5116f,-1.9194f,-0.6392f,0.9151f,-1.7811f,2.0164f,-0.449f,0.9541f,1.7224f,0.2303f,-1.3964f,0.4094f,0f,0f,0f,1f],start_interpolation: 0,interpolation_duration: 1}
$data merge entity $(bone_group14) {transformation: [-2.5116f,-1.9194f,-0.6392f,0.9151f,-1.7811f,2.0164f,-0.449f,0.9541f,1.7224f,0.2303f,-1.3964f,0.4094f,0f,0f,0f,1f],start_interpolation: 0,interpolation_duration: 1}
$data merge entity $(bone_group15) {transformation: [-2.4255f,-2.0271f,-0.6392f,0.9745f,-1.8674f,1.9368f,-0.449f,0.8832f,1.7107f,0.3052f,-1.3964f,0.405f,0f,0f,0f,1f],start_interpolation: 0,interpolation_duration: 1}
$data merge entity $(bone_group16) {transformation: [-2.4255f,-2.0271f,-0.6392f,0.9745f,-1.8674f,1.9368f,-0.449f,0.8832f,1.7107f,0.3052f,-1.3964f,0.405f,0f,0f,0f,1f],start_interpolation: 0,interpolation_duration: 1}
$data merge entity $(bone_group17) {transformation: [-2.2396f,-2.2308f,-0.6392f,1.0863f,-2.0291f,1.7666f,-0.449f,0.8044f,1.6776f,0.4532f,-1.3964f,0.3791f,0f,0f,0f,1f],start_interpolation: 0,interpolation_duration: 1}
$data merge entity $(bone_group18) {transformation: [-2.2396f,-2.2308f,-0.6392f,1.0863f,-2.0291f,1.7666f,-0.449f,0.8044f,1.6776f,0.4532f,-1.3964f,0.3791f,0f,0f,0f,1f],start_interpolation: 0,interpolation_duration: 1}
$data merge entity $(bone_group19) {transformation: [-2.2396f,-2.2308f,-0.6392f,1.1367f,-2.0291f,1.7666f,-0.449f,0.6892f,1.6776f,0.4532f,-1.3964f,0.3931f,0f,0f,0f,1f],start_interpolation: 0,interpolation_duration: 1}
$data merge entity $(bone_group20) {transformation: [-2.2396f,-2.2308f,-0.6392f,1.1367f,-2.0291f,1.7666f,-0.449f,0.6892f,1.6776f,0.4532f,-1.3964f,0.3931f,0f,0f,0f,1f],start_interpolation: 0,interpolation_duration: 1}
$data merge entity $(bone_bone11) {transformation: [-0.825f,-0.018f,-0.3995f,0.5386f,0.0989f,1.4303f,-0.2806f,1.1693f,0.3459f,-0.4516f,-0.8727f,0.4551f,0f,0f,0f,1f],start_interpolation: 0,interpolation_duration: 1}
$data merge entity $(bone_3) {transformation: [-0.8257f,-0.3982f,-0.3995f,0.5867f,-0.3034f,0.9106f,-0.2806f,1.4017f,0.4755f,-0.1105f,-0.8727f,0.3584f,0f,0f,0f,1f],start_interpolation: 0,interpolation_duration: 1}
$data merge entity $(bone_8) {transformation: [-0.8517f,0.1003f,-0.5143f,0.0649f,0.1016f,0.9945f,0.0257f,0.3855f,0.514f,-0.0304f,-0.8572f,0.6119f,0f,0f,0f,1f],start_interpolation: 0,interpolation_duration: 1}
$data merge entity $(bone_7) {transformation: [-0.8517f,0.0289f,-0.5232f,0.0771f,0.1016f,0.9886f,-0.1108f,0.761f,0.514f,-0.1475f,-0.845f,0.5579f,0f,0f,0f,1f],start_interpolation: 0,interpolation_duration: 1}