# This file was generated by Animated Java via MC-Build. It is not recommended to edit this file directly.
$data merge entity $(bone_layer) {transformation: [-0.8599f,-0.0699f,-0.5056f,0.2863f,-0.093f,0.9955f,0.0204f,1.3568f,0.5019f,0.0646f,-0.8625f,0.5545f,0f,0f,0f,1f],start_interpolation: 0,interpolation_duration: 1}
$data merge entity $(bone_head) {transformation: [-0.8599f,-0.0699f,-0.5056f,0.2863f,-0.093f,0.9955f,0.0204f,1.3568f,0.5019f,0.0646f,-0.8625f,0.5545f,0f,0f,0f,1f],start_interpolation: 0,interpolation_duration: 1}
$data merge entity $(bone_6) {transformation: [-0.6691f,-0.1646f,-0.7247f,0.3494f,-0.1002f,0.9862f,-0.1315f,0.3982f,0.7363f,-0.0154f,-0.6764f,0.4351f,0f,0f,0f,1f],start_interpolation: 0,interpolation_duration: 1}
$data merge entity $(bone_12) {transformation: [-0.6757f,-0.2327f,-0.6995f,0.2621f,-0.0901f,0.9678f,-0.235f,0.7611f,0.7316f,-0.0958f,-0.6749f,0.3992f,0f,0f,0f,1f],start_interpolation: 0,interpolation_duration: 1}
$data merge entity $(bone_group3) {transformation: [1.2044f,-0.1075f,0.2884f,-1.0407f,0.2905f,0.8162f,-0.3918f,1.6809f,-0.2618f,0.4398f,0.7971f,1.1154f,0f,0f,0f,1f],start_interpolation: 0,interpolation_duration: 1}
$data merge entity $(bone_group1) {transformation: [1.2338f,-0.1006f,0.1136f,-0.9827f,0.2285f,0.7997f,-0.4608f,1.7286f,-0.1437f,0.4707f,0.8094f,1.0381f,0f,0f,0f,1f],start_interpolation: 0,interpolation_duration: 1}
$data merge entity $(bone_group4) {transformation: [1.1854f,-0.1228f,0.173f,-1.021f,0.2609f,0.7708f,-0.4315f,1.6976f,-0.1711f,0.4572f,0.777f,1.0596f,0f,0f,0f,1f],start_interpolation: 0,interpolation_duration: 1}
$data merge entity $(bone_group2) {transformation: [1.1668f,-0.1041f,0.2793f,-1.0407f,0.2814f,0.7907f,-0.3795f,1.6809f,-0.2536f,0.426f,0.7722f,1.1154f,0f,0f,0f,1f],start_interpolation: 0,interpolation_duration: 1}
$data merge entity $(bone_10) {transformation: [-0.7882f,0.2456f,-0.5642f,0.2084f,0.0159f,0.9248f,0.3802f,1.0583f,0.6152f,0.2907f,-0.7328f,0.5143f,0f,0f,0f,1f],start_interpolation: 0,interpolation_duration: 1}
$data merge entity $(bone_9) {transformation: [-0.7882f,0.2456f,-0.5642f,0.3005f,0.0159f,0.9248f,0.3802f,1.4051f,0.6152f,0.2907f,-0.7328f,0.6233f,0f,0f,0f,1f],start_interpolation: 0,interpolation_duration: 1}
$data merge entity $(bone_bone12) {transformation: [-0.6848f,0.9898f,-0.5968f,0.1162f,0.8444f,1.1005f,0.3806f,1.8606f,1.0334f,-0.2433f,-0.7064f,0.4051f,0f,0f,0f,1f],start_interpolation: 0,interpolation_duration: 1}
$data merge entity $(bone_bone1) {transformation: [0.6003f,-0.9311f,0.7371f,0.3218f,-0.6104f,1.2532f,0.673f,0.5284f,-0.5168f,-2.5618f,0.0613f,1.5857f,0f,0f,0f,1f],start_interpolation: 0,interpolation_duration: 1}
$data merge entity $(bone_2) {transformation: [0.7379f,-0.3165f,0.5961f,-0.0297f,-0.2588f,0.683f,0.683f,1.0407f,-0.6233f,-0.6583f,0.4221f,0.957f,0f,0f,0f,1f],start_interpolation: 0,interpolation_duration: 1}
$data merge entity $(bone_bone2) {transformation: [1.4227f,-0.3926f,0.6749f,0.1551f,-0.0231f,1.9136f,0.2905f,0.9184f,-1.4055f,-0.4288f,0.6783f,0.8254f,0f,0f,0f,1f],start_interpolation: 0,interpolation_duration: 1}
$data merge entity $(bone_1) {transformation: [0.7379f,-0.0055f,0.6749f,-0.0318f,-0.2588f,0.9212f,0.2905f,1.3861f,-0.6233f,-0.389f,0.6783f,0.8111f,0f,0f,0f,1f],start_interpolation: 0,interpolation_duration: 1}
$data merge entity $(bone_4) {transformation: [-0.8262f,-0.5593f,0.0669f,0.6929f,-0.3036f,0.342f,-0.8893f,1.1227f,0.4745f,-0.7551f,-0.4524f,0.362f,0f,0f,0f,1f],start_interpolation: 0,interpolation_duration: 1}
$data merge entity $(bone_group5) {transformation: [-3.3049f,-1.0751f,-1.594f,0.724f,-1.2143f,2.4586f,-1.1219f,0.9171f,1.8982f,-0.2991f,-3.4929f,0.5606f,0f,0f,0f,1f],start_interpolation: 0,interpolation_duration: 1}
$data merge entity $(bone_group7) {transformation: [-3.3049f,-1.0751f,-1.594f,0.724f,-1.2143f,2.4586f,-1.1219f,0.9171f,1.8982f,-0.2991f,-3.4929f,0.5606f,0f,0f,0f,1f],start_interpolation: 0,interpolation_duration: 1}
$data merge entity $(bone_group6) {transformation: [-2.3246f,-2.5835f,-1.594f,1.0841f,-2.2809f,1.522f,-1.1219f,0.9614f,1.7934f,0.6901f,-3.4929f,0.3821f,0f,0f,0f,1f],start_interpolation: 0,interpolation_duration: 1}
$data merge entity $(bone_group8) {transformation: [-2.3246f,-2.5835f,-1.594f,1.0841f,-2.2809f,1.522f,-1.1219f,0.9614f,1.7934f,0.6901f,-3.4929f,0.3821f,0f,0f,0f,1f],start_interpolation: 0,interpolation_duration: 1}
$data merge entity $(bone_group9) {transformation: [-2.3246f,-2.5835f,-1.594f,1.1345f,-2.2809f,1.522f,-1.1219f,0.8462f,1.7934f,0.6901f,-3.4929f,0.3961f,0f,0f,0f,1f],start_interpolation: 0,interpolation_duration: 1}
$data merge entity $(bone_group10) {transformation: [-2.3246f,-2.5835f,-1.594f,1.1345f,-2.2809f,1.522f,-1.1219f,0.8462f,1.7934f,0.6901f,-3.4929f,0.3961f,0f,0f,0f,1f],start_interpolation: 0,interpolation_duration: 1}
$data merge entity $(bone_group11) {transformation: [-2.3246f,-2.5835f,-1.594f,1.1849f,-2.2809f,1.522f,-1.1219f,0.7309f,1.7934f,0.6901f,-3.4929f,0.4102f,0f,0f,0f,1f],start_interpolation: 0,interpolation_duration: 1}
$data merge entity $(bone_group12) {transformation: [-2.3246f,-2.5835f,-1.594f,1.1849f,-2.2809f,1.522f,-1.1219f,0.7309f,1.7934f,0.6901f,-3.4929f,0.4102f,0f,0f,0f,1f],start_interpolation: 0,interpolation_duration: 1}
$data merge entity $(bone_group13) {transformation: [-2.5134f,-1.9198f,-0.6376f,0.9155f,-1.7816f,2.0162f,-0.4488f,0.9542f,1.7192f,0.2285f,-1.3972f,0.4077f,0f,0f,0f,1f],start_interpolation: 0,interpolation_duration: 1}
$data merge entity $(bone_group14) {transformation: [-2.5134f,-1.9198f,-0.6376f,0.9155f,-1.7816f,2.0162f,-0.4488f,0.9542f,1.7192f,0.2285f,-1.3972f,0.4077f,0f,0f,0f,1f],start_interpolation: 0,interpolation_duration: 1}
$data merge entity $(bone_group15) {transformation: [-2.4273f,-2.0276f,-0.6376f,0.9749f,-1.8679f,1.9365f,-0.4488f,0.8834f,1.7076f,0.3033f,-1.3972f,0.4033f,0f,0f,0f,1f],start_interpolation: 0,interpolation_duration: 1}
$data merge entity $(bone_group16) {transformation: [-2.4273f,-2.0276f,-0.6376f,0.9749f,-1.8679f,1.9365f,-0.4488f,0.8834f,1.7076f,0.3033f,-1.3972f,0.4033f,0f,0f,0f,1f],start_interpolation: 0,interpolation_duration: 1}
$data merge entity $(bone_group17) {transformation: [-2.2414f,-2.2314f,-0.6376f,1.0868f,-2.0295f,1.7664f,-0.4488f,0.8046f,1.6747f,0.4509f,-1.3972f,0.3776f,0f,0f,0f,1f],start_interpolation: 0,interpolation_duration: 1}
$data merge entity $(bone_group18) {transformation: [-2.2414f,-2.2314f,-0.6376f,1.0868f,-2.0295f,1.7664f,-0.4488f,0.8046f,1.6747f,0.4509f,-1.3972f,0.3776f,0f,0f,0f,1f],start_interpolation: 0,interpolation_duration: 1}
$data merge entity $(bone_group19) {transformation: [-2.2414f,-2.2314f,-0.6376f,1.1372f,-2.0295f,1.7664f,-0.4488f,0.6893f,1.6747f,0.4509f,-1.3972f,0.3916f,0f,0f,0f,1f],start_interpolation: 0,interpolation_duration: 1}
$data merge entity $(bone_group20) {transformation: [-2.2414f,-2.2314f,-0.6376f,1.1372f,-2.0295f,1.7664f,-0.4488f,0.6893f,1.6747f,0.4509f,-1.3972f,0.3916f,0f,0f,0f,1f],start_interpolation: 0,interpolation_duration: 1}
$data merge entity $(bone_bone11) {transformation: [-0.8254f,-0.0176f,-0.3985f,0.5389f,0.0987f,1.4304f,-0.2805f,1.1694f,0.3449f,-0.4514f,-0.8732f,0.4531f,0f,0f,0f,1f],start_interpolation: 0,interpolation_duration: 1}
$data merge entity $(bone_3) {transformation: [-0.8262f,-0.3982f,-0.3985f,0.5871f,-0.3036f,0.9106f,-0.2805f,1.4018f,0.4745f,-0.1108f,-0.8732f,0.3564f,0f,0f,0f,1f],start_interpolation: 0,interpolation_duration: 1}
$data merge entity $(bone_8) {transformation: [-0.8523f,0.1003f,-0.5133f,0.0651f,0.1016f,0.9945f,0.0257f,0.3856f,0.5131f,-0.0303f,-0.8578f,0.6094f,0f,0f,0f,1f],start_interpolation: 0,interpolation_duration: 1}
$data merge entity $(bone_7) {transformation: [-0.8523f,0.029f,-0.5222f,0.0773f,0.1016f,0.9886f,-0.111f,0.7611f,0.5131f,-0.1477f,-0.8455f,0.5553f,0f,0f,0f,1f],start_interpolation: 0,interpolation_duration: 1}