# This file was generated by Animated Java via MC-Build. It is not recommended to edit this file directly.
$data merge entity $(bone_layer) {transformation: [-0.8609f,-0.0805f,-0.5024f,0.2866f,-0.0956f,0.9954f,0.0044f,1.3571f,0.4997f,0.0519f,-0.8646f,0.5503f,0f,0f,0f,1f],start_interpolation: 0,interpolation_duration: 1}
$data merge entity $(bone_head) {transformation: [-0.8609f,-0.0805f,-0.5024f,0.2866f,-0.0956f,0.9954f,0.0044f,1.3571f,0.4997f,0.0519f,-0.8646f,0.5503f,0f,0f,0f,1f],start_interpolation: 0,interpolation_duration: 1}
$data merge entity $(bone_6) {transformation: [-0.6707f,-0.1632f,-0.7236f,0.35f,-0.1003f,0.9865f,-0.1296f,0.3983f,0.7349f,-0.0144f,-0.678f,0.4308f,0f,0f,0f,1f],start_interpolation: 0,interpolation_duration: 1}
$data merge entity $(bone_12) {transformation: [-0.6771f,-0.2322f,-0.6983f,0.2629f,-0.0904f,0.968f,-0.2342f,0.7613f,0.7303f,-0.0955f,-0.6764f,0.395f,0f,0f,0f,1f],start_interpolation: 0,interpolation_duration: 1}
$data merge entity $(bone_group3) {transformation: [1.2047f,-0.1084f,0.287f,-1.0407f,0.2908f,0.8162f,-0.3917f,1.6805f,-0.2599f,0.4395f,0.7976f,1.1089f,0f,0f,0f,1f],start_interpolation: 0,interpolation_duration: 1}
$data merge entity $(bone_group1) {transformation: [1.2337f,-0.1015f,0.1151f,-0.9835f,0.23f,0.8001f,-0.4597f,1.7275f,-0.1438f,0.4699f,0.8096f,1.0329f,0f,0f,0f,1f],start_interpolation: 0,interpolation_duration: 1}
$data merge entity $(bone_group4) {transformation: [1.1854f,-0.1233f,0.1734f,-1.0212f,0.2616f,0.7712f,-0.4306f,1.697f,-0.1707f,0.4564f,0.7774f,1.0541f,0f,0f,0f,1f],start_interpolation: 0,interpolation_duration: 1}
$data merge entity $(bone_group2) {transformation: [1.1671f,-0.105f,0.278f,-1.0407f,0.2818f,0.7907f,-0.3795f,1.6805f,-0.2518f,0.4258f,0.7727f,1.1089f,0f,0f,0f,1f],start_interpolation: 0,interpolation_duration: 1}
$data merge entity $(bone_10) {transformation: [-0.7891f,0.2447f,-0.5634f,0.2089f,0.0157f,0.9249f,0.3798f,1.0586f,0.614f,0.2909f,-0.7337f,0.51f,0f,0f,0f,1f],start_interpolation: 0,interpolation_duration: 1}
$data merge entity $(bone_9) {transformation: [-0.7891f,0.2447f,-0.5634f,0.3007f,0.0157f,0.9249f,0.3798f,1.4054f,0.614f,0.2909f,-0.7337f,0.6191f,0f,0f,0f,1f],start_interpolation: 0,interpolation_duration: 1}
$data merge entity $(bone_bone12) {transformation: [-0.6872f,0.99f,-0.5954f,0.1166f,0.8446f,1.1007f,0.3802f,1.8608f,1.0317f,-0.2416f,-0.7078f,0.4003f,0f,0f,0f,1f],start_interpolation: 0,interpolation_duration: 1}
$data merge entity $(bone_bone1) {transformation: [0.6013f,-0.9258f,0.737f,0.3201f,-0.6104f,1.2532f,0.673f,0.5286f,-0.5155f,-2.5637f,0.0628f,1.5817f,0f,0f,0f,1f],start_interpolation: 0,interpolation_duration: 1}
$data merge entity $(bone_2) {transformation: [0.7392f,-0.3151f,0.5952f,-0.0301f,-0.2588f,0.683f,0.683f,1.0409f,-0.6218f,-0.6589f,0.4233f,0.9522f,0f,0f,0f,1f],start_interpolation: 0,interpolation_duration: 1}
$data merge entity $(bone_bone2) {transformation: [1.4255f,-0.3917f,0.6735f,0.155f,-0.0231f,1.9136f,0.2905f,0.9186f,-1.4026f,-0.4296f,0.6797f,0.8211f,0f,0f,0f,1f],start_interpolation: 0,interpolation_duration: 1}
$data merge entity $(bone_1) {transformation: [0.7392f,-0.0047f,0.6735f,-0.0319f,-0.2588f,0.9212f,0.2905f,1.3863f,-0.6218f,-0.389f,0.6797f,0.8063f,0f,0f,0f,1f],start_interpolation: 0,interpolation_duration: 1}
$data merge entity $(bone_4) {transformation: [-0.8269f,-0.5582f,0.068f,0.6934f,-0.3047f,0.3431f,-0.8885f,1.1229f,0.4726f,-0.7554f,-0.4538f,0.3583f,0f,0f,0f,1f],start_interpolation: 0,interpolation_duration: 1}
$data merge entity $(bone_group5) {transformation: [-3.3077f,-1.076f,-1.5868f,0.7243f,-1.2187f,2.4584f,-1.1183f,0.9172f,1.8905f,-0.2979f,-3.4973f,0.5567f,0f,0f,0f,1f],start_interpolation: 0,interpolation_duration: 1}
$data merge entity $(bone_group7) {transformation: [-3.3077f,-1.076f,-1.5868f,0.7243f,-1.2187f,2.4584f,-1.1183f,0.9172f,1.8905f,-0.2979f,-3.4973f,0.5567f,0f,0f,0f,1f],start_interpolation: 0,interpolation_duration: 1}
$data merge entity $(bone_group6) {transformation: [-2.3265f,-2.5857f,-1.5868f,1.0847f,-2.2846f,1.5196f,-1.1183f,0.9619f,1.7861f,0.6873f,-3.4973f,0.3789f,0f,0f,0f,1f],start_interpolation: 0,interpolation_duration: 1}
$data merge entity $(bone_group8) {transformation: [-2.3265f,-2.5857f,-1.5868f,1.0847f,-2.2846f,1.5196f,-1.1183f,0.9619f,1.7861f,0.6873f,-3.4973f,0.3789f,0f,0f,0f,1f],start_interpolation: 0,interpolation_duration: 1}
$data merge entity $(bone_group9) {transformation: [-2.3265f,-2.5857f,-1.5868f,1.1351f,-2.2846f,1.5196f,-1.1183f,0.8467f,1.7861f,0.6873f,-3.4973f,0.3929f,0f,0f,0f,1f],start_interpolation: 0,interpolation_duration: 1}
$data merge entity $(bone_group10) {transformation: [-2.3265f,-2.5857f,-1.5868f,1.1351f,-2.2846f,1.5196f,-1.1183f,0.8467f,1.7861f,0.6873f,-3.4973f,0.3929f,0f,0f,0f,1f],start_interpolation: 0,interpolation_duration: 1}
$data merge entity $(bone_group11) {transformation: [-2.3265f,-2.5857f,-1.5868f,1.1856f,-2.2846f,1.5196f,-1.1183f,0.7314f,1.7861f,0.6873f,-3.4973f,0.4068f,0f,0f,0f,1f],start_interpolation: 0,interpolation_duration: 1}
$data merge entity $(bone_group12) {transformation: [-2.3265f,-2.5857f,-1.5868f,1.1856f,-2.2846f,1.5196f,-1.1183f,0.7314f,1.7861f,0.6873f,-3.4973f,0.4068f,0f,0f,0f,1f],start_interpolation: 0,interpolation_duration: 1}
$data merge entity $(bone_group13) {transformation: [-2.5156f,-1.9214f,-0.6347f,0.9161f,-1.7853f,2.0147f,-0.4473f,0.9545f,1.7123f,0.2276f,-1.3989f,0.4042f,0f,0f,0f,1f],start_interpolation: 0,interpolation_duration: 1}
$data merge entity $(bone_group14) {transformation: [-2.5156f,-1.9214f,-0.6347f,0.9161f,-1.7853f,2.0147f,-0.4473f,0.9545f,1.7123f,0.2276f,-1.3989f,0.4042f,0f,0f,0f,1f],start_interpolation: 0,interpolation_duration: 1}
$data merge entity $(bone_group15) {transformation: [-2.4294f,-2.0293f,-0.6347f,0.9755f,-1.8715f,1.935f,-0.4473f,0.8837f,1.7007f,0.302f,-1.3989f,0.3998f,0f,0f,0f,1f],start_interpolation: 0,interpolation_duration: 1}
$data merge entity $(bone_group16) {transformation: [-2.4294f,-2.0293f,-0.6347f,0.9755f,-1.8715f,1.935f,-0.4473f,0.8837f,1.7007f,0.302f,-1.3989f,0.3998f,0f,0f,0f,1f],start_interpolation: 0,interpolation_duration: 1}
$data merge entity $(bone_group17) {transformation: [-2.2433f,-2.2333f,-0.6347f,1.0875f,-2.033f,1.7645f,-0.4473f,0.805f,1.6679f,0.4491f,-1.3989f,0.3742f,0f,0f,0f,1f],start_interpolation: 0,interpolation_duration: 1}
$data merge entity $(bone_group18) {transformation: [-2.2433f,-2.2333f,-0.6347f,1.0875f,-2.033f,1.7645f,-0.4473f,0.805f,1.6679f,0.4491f,-1.3989f,0.3742f,0f,0f,0f,1f],start_interpolation: 0,interpolation_duration: 1}
$data merge entity $(bone_group19) {transformation: [-2.2433f,-2.2333f,-0.6347f,1.1379f,-2.033f,1.7645f,-0.4473f,0.6898f,1.6679f,0.4491f,-1.3989f,0.3882f,0f,0f,0f,1f],start_interpolation: 0,interpolation_duration: 1}
$data merge entity $(bone_group20) {transformation: [-2.2433f,-2.2333f,-0.6347f,1.1379f,-2.033f,1.7645f,-0.4473f,0.6898f,1.6679f,0.4491f,-1.3989f,0.3882f,0f,0f,0f,1f],start_interpolation: 0,interpolation_duration: 1}
$data merge entity $(bone_bone11) {transformation: [-0.8261f,-0.0176f,-0.3967f,0.5392f,0.0978f,1.4309f,-0.2796f,1.1694f,0.3435f,-0.4496f,-0.8743f,0.4491f,0f,0f,0f,1f],start_interpolation: 0,interpolation_duration: 1}
$data merge entity $(bone_3) {transformation: [-0.8269f,-0.3985f,-0.3967f,0.5875f,-0.3047f,0.9105f,-0.2796f,1.402f,0.4726f,-0.1103f,-0.8743f,0.3529f,0f,0f,0f,1f],start_interpolation: 0,interpolation_duration: 1}
$data merge entity $(bone_8) {transformation: [-0.8531f,0.1005f,-0.512f,0.0656f,0.1017f,0.9945f,0.0257f,0.3859f,0.5117f,-0.0301f,-0.8586f,0.6054f,0f,0f,0f,1f],start_interpolation: 0,interpolation_duration: 1}
$data merge entity $(bone_7) {transformation: [-0.8531f,0.0286f,-0.521f,0.0777f,0.1017f,0.9885f,-0.1122f,0.7613f,0.5117f,-0.1487f,-0.8462f,0.5509f,0f,0f,0f,1f],start_interpolation: 0,interpolation_duration: 1}