# This file was generated by Animated Java via MC-Build. It is not recommended to edit this file directly.
$data merge entity $(bone_layer) {transformation: [-0.8619f,-0.0903f,-0.499f,0.287f,-0.0981f,0.9951f,-0.0105f,1.3578f,0.4976f,0.0399f,-0.8665f,0.5442f,0f,0f,0f,1f],start_interpolation: 0,interpolation_duration: 1}
$data merge entity $(bone_head) {transformation: [-0.8619f,-0.0903f,-0.499f,0.287f,-0.0981f,0.9951f,-0.0105f,1.3578f,0.4976f,0.0399f,-0.8665f,0.5442f,0f,0f,0f,1f],start_interpolation: 0,interpolation_duration: 1}
$data merge entity $(bone_6) {transformation: [-0.6729f,-0.1607f,-0.7221f,0.3508f,-0.1005f,0.9869f,-0.126f,0.3985f,0.7329f,-0.0122f,-0.6803f,0.4245f,0f,0f,0f,1f],start_interpolation: 0,interpolation_duration: 1}
$data merge entity $(bone_12) {transformation: [-0.6791f,-0.2312f,-0.6966f,0.2641f,-0.091f,0.9683f,-0.2327f,0.7616f,0.7284f,-0.0947f,-0.6786f,0.3889f,0f,0f,0f,1f],start_interpolation: 0,interpolation_duration: 1}
$data merge entity $(bone_group3) {transformation: [1.2051f,-0.1096f,0.2851f,-1.0403f,0.2916f,0.8163f,-0.3915f,1.6797f,-0.2576f,0.4392f,0.7983f,1.0997f,0f,0f,0f,1f],start_interpolation: 0,interpolation_duration: 1}
$data merge entity $(bone_group1) {transformation: [1.2332f,-0.1029f,0.1188f,-0.9849f,0.2328f,0.8007f,-0.4575f,1.7252f,-0.1451f,0.4685f,0.8099f,1.0261f,0f,0f,0f,1f],start_interpolation: 0,interpolation_duration: 1}
$data merge entity $(bone_group4) {transformation: [1.1851f,-0.1239f,0.1749f,-1.0213f,0.2631f,0.7719f,-0.4289f,1.6956f,-0.171f,0.455f,0.7779f,1.0466f,0f,0f,0f,1f],start_interpolation: 0,interpolation_duration: 1}
$data merge entity $(bone_group2) {transformation: [1.1674f,-0.1062f,0.2762f,-1.0403f,0.2825f,0.7908f,-0.3793f,1.6797f,-0.2496f,0.4255f,0.7734f,1.0997f,0f,0f,0f,1f],start_interpolation: 0,interpolation_duration: 1}
$data merge entity $(bone_10) {transformation: [-0.7902f,0.2433f,-0.5624f,0.2095f,0.0151f,0.9252f,0.3791f,1.059f,0.6126f,0.291f,-0.7348f,0.5037f,0f,0f,0f,1f],start_interpolation: 0,interpolation_duration: 1}
$data merge entity $(bone_9) {transformation: [-0.7902f,0.2433f,-0.5624f,0.3008f,0.0151f,0.9252f,0.3791f,1.4059f,0.6126f,0.291f,-0.7348f,0.6129f,0f,0f,0f,1f],start_interpolation: 0,interpolation_duration: 1}
$data merge entity $(bone_bone12) {transformation: [-0.6907f,0.9901f,-0.5935f,0.1172f,0.8449f,1.1011f,0.3794f,1.861f,1.0291f,-0.2394f,-0.7098f,0.3933f,0f,0f,0f,1f],start_interpolation: 0,interpolation_duration: 1}
$data merge entity $(bone_bone1) {transformation: [0.6029f,-0.9181f,0.7368f,0.3176f,-0.6104f,1.2532f,0.673f,0.5289f,-0.5137f,-2.5664f,0.065f,1.5758f,0f,0f,0f,1f],start_interpolation: 0,interpolation_duration: 1}
$data merge entity $(bone_2) {transformation: [0.741f,-0.3132f,0.594f,-0.0307f,-0.2588f,0.683f,0.683f,1.0412f,-0.6196f,-0.6599f,0.4251f,0.9453f,0f,0f,0f,1f],start_interpolation: 0,interpolation_duration: 1}
$data merge entity $(bone_bone2) {transformation: [1.4297f,-0.3904f,0.6715f,0.1548f,-0.0231f,1.9136f,0.2905f,0.9189f,-1.3983f,-0.4308f,0.6817f,0.8147f,0f,0f,0f,1f],start_interpolation: 0,interpolation_duration: 1}
$data merge entity $(bone_1) {transformation: [0.741f,-0.0035f,0.6715f,-0.032f,-0.2588f,0.9212f,0.2905f,1.3866f,-0.6196f,-0.389f,0.6817f,0.7994f,0f,0f,0f,1f],start_interpolation: 0,interpolation_duration: 1}
$data merge entity $(bone_4) {transformation: [-0.8278f,-0.5567f,0.0696f,0.6941f,-0.3068f,0.3453f,-0.8869f,1.1233f,0.4697f,-0.7556f,-0.4566f,0.3526f,0f,0f,0f,1f],start_interpolation: 0,interpolation_duration: 1}
$data merge entity $(bone_group5) {transformation: [-3.3112f,-1.078f,-1.5765f,0.7247f,-1.2272f,2.4579f,-1.1113f,0.9171f,1.8788f,-0.2945f,-3.5042f,0.5506f,0f,0f,0f,1f],start_interpolation: 0,interpolation_duration: 1}
$data merge entity $(bone_group7) {transformation: [-3.3112f,-1.078f,-1.5765f,0.7247f,-1.2272f,2.4579f,-1.1113f,0.9171f,1.8788f,-0.2945f,-3.5042f,0.5506f,0f,0f,0f,1f],start_interpolation: 0,interpolation_duration: 1}
$data merge entity $(bone_group6) {transformation: [-2.3286f,-2.5892f,-1.5765f,1.0855f,-2.2917f,1.515f,-1.1113f,0.9627f,1.7743f,0.6844f,-3.5042f,0.3739f,0f,0f,0f,1f],start_interpolation: 0,interpolation_duration: 1}
$data merge entity $(bone_group8) {transformation: [-2.3286f,-2.5892f,-1.5765f,1.0855f,-2.2917f,1.515f,-1.1113f,0.9627f,1.7743f,0.6844f,-3.5042f,0.3739f,0f,0f,0f,1f],start_interpolation: 0,interpolation_duration: 1}
$data merge entity $(bone_group9) {transformation: [-2.3286f,-2.5892f,-1.5765f,1.136f,-2.2917f,1.515f,-1.1113f,0.8475f,1.7743f,0.6844f,-3.5042f,0.3877f,0f,0f,0f,1f],start_interpolation: 0,interpolation_duration: 1}
$data merge entity $(bone_group10) {transformation: [-2.3286f,-2.5892f,-1.5765f,1.136f,-2.2917f,1.515f,-1.1113f,0.8475f,1.7743f,0.6844f,-3.5042f,0.3877f,0f,0f,0f,1f],start_interpolation: 0,interpolation_duration: 1}
$data merge entity $(bone_group11) {transformation: [-2.3286f,-2.5892f,-1.5765f,1.1866f,-2.2917f,1.515f,-1.1113f,0.7322f,1.7743f,0.6844f,-3.5042f,0.4015f,0f,0f,0f,1f],start_interpolation: 0,interpolation_duration: 1}
$data merge entity $(bone_group12) {transformation: [-2.3286f,-2.5892f,-1.5765f,1.1866f,-2.2917f,1.515f,-1.1113f,0.7322f,1.7743f,0.6844f,-3.5042f,0.4015f,0f,0f,0f,1f],start_interpolation: 0,interpolation_duration: 1}
$data merge entity $(bone_group13) {transformation: [-2.518f,-1.9243f,-0.6306f,0.9168f,-1.7925f,2.012f,-0.4445f,0.9551f,1.7012f,0.2276f,-1.4017f,0.3987f,0f,0f,0f,1f],start_interpolation: 0,interpolation_duration: 1}
$data merge entity $(bone_group14) {transformation: [-2.518f,-1.9243f,-0.6306f,0.9168f,-1.7925f,2.012f,-0.4445f,0.9551f,1.7012f,0.2276f,-1.4017f,0.3987f,0f,0f,0f,1f],start_interpolation: 0,interpolation_duration: 1}
$data merge entity $(bone_group15) {transformation: [-2.4317f,-2.0323f,-0.6306f,0.9764f,-1.8785f,1.9319f,-0.4445f,0.8843f,1.6897f,0.3016f,-1.4017f,0.3943f,0f,0f,0f,1f],start_interpolation: 0,interpolation_duration: 1}
$data merge entity $(bone_group16) {transformation: [-2.4317f,-2.0323f,-0.6306f,0.9764f,-1.8785f,1.9319f,-0.4445f,0.8843f,1.6897f,0.3016f,-1.4017f,0.3943f,0f,0f,0f,1f],start_interpolation: 0,interpolation_duration: 1}
$data merge entity $(bone_group17) {transformation: [-2.2453f,-2.2365f,-0.6306f,1.0885f,-2.0397f,1.7608f,-0.4445f,0.8058f,1.657f,0.4477f,-1.4017f,0.3688f,0f,0f,0f,1f],start_interpolation: 0,interpolation_duration: 1}
$data merge entity $(bone_group18) {transformation: [-2.2453f,-2.2365f,-0.6306f,1.0885f,-2.0397f,1.7608f,-0.4445f,0.8058f,1.657f,0.4477f,-1.4017f,0.3688f,0f,0f,0f,1f],start_interpolation: 0,interpolation_duration: 1}
$data merge entity $(bone_group19) {transformation: [-2.2453f,-2.2365f,-0.6306f,1.139f,-2.0397f,1.7608f,-0.4445f,0.6906f,1.657f,0.4477f,-1.4017f,0.3826f,0f,0f,0f,1f],start_interpolation: 0,interpolation_duration: 1}
$data merge entity $(bone_group20) {transformation: [-2.2453f,-2.2365f,-0.6306f,1.139f,-2.0397f,1.7608f,-0.4445f,0.6906f,1.657f,0.4477f,-1.4017f,0.3826f,0f,0f,0f,1f],start_interpolation: 0,interpolation_duration: 1}
$data merge entity $(bone_bone11) {transformation: [-0.8271f,-0.018f,-0.3941f,0.5397f,0.096f,1.432f,-0.2778f,1.1694f,0.3416f,-0.446f,-0.8761f,0.4432f,0f,0f,0f,1f],start_interpolation: 0,interpolation_duration: 1}
$data merge entity $(bone_3) {transformation: [-0.8278f,-0.3993f,-0.3941f,0.5879f,-0.3068f,0.9103f,-0.2778f,1.4023f,0.4697f,-0.1091f,-0.8761f,0.3476f,0f,0f,0f,1f],start_interpolation: 0,interpolation_duration: 1}
$data merge entity $(bone_8) {transformation: [-0.8541f,0.1007f,-0.5102f,0.0665f,0.1019f,0.9945f,0.0258f,0.3865f,0.51f,-0.03f,-0.8597f,0.5997f,0f,0f,0f,1f],start_interpolation: 0,interpolation_duration: 1}
$data merge entity $(bone_7) {transformation: [-0.8541f,0.0278f,-0.5193f,0.0782f,0.1019f,0.9882f,-0.1147f,0.7616f,0.51f,-0.1509f,-0.8469f,0.5444f,0f,0f,0f,1f],start_interpolation: 0,interpolation_duration: 1}