# This file was generated by Animated Java via MC-Build. It is not recommended to edit this file directly.
$data merge entity $(bone_layer) {transformation: [-0.8629f,-0.0992f,-0.4956f,0.2874f,-0.1004f,0.9947f,-0.0243f,1.3587f,0.4953f,0.0288f,-0.8682f,0.5359f,0f,0f,0f,1f],start_interpolation: 0,interpolation_duration: 1}
$data merge entity $(bone_head) {transformation: [-0.8629f,-0.0992f,-0.4956f,0.2874f,-0.1004f,0.9947f,-0.0243f,1.3587f,0.4953f,0.0288f,-0.8682f,0.5359f,0f,0f,0f,1f],start_interpolation: 0,interpolation_duration: 1}
$data merge entity $(bone_6) {transformation: [-0.6759f,-0.1568f,-0.7201f,0.3518f,-0.1009f,0.9876f,-0.1204f,0.3987f,0.73f,-0.0087f,-0.6833f,0.4158f,0f,0f,0f,1f],start_interpolation: 0,interpolation_duration: 1}
$data merge entity $(bone_12) {transformation: [-0.6818f,-0.2298f,-0.6945f,0.2656f,-0.0918f,0.9687f,-0.2305f,0.762f,0.7258f,-0.0934f,-0.6816f,0.3808f,0f,0f,0f,1f],start_interpolation: 0,interpolation_duration: 1}
$data merge entity $(bone_group3) {transformation: [1.2054f,-0.1112f,0.2826f,-1.0394f,0.2928f,0.8163f,-0.3913f,1.6784f,-0.2548f,0.4387f,0.7993f,1.0874f,0f,0f,0f,1f],start_interpolation: 0,interpolation_duration: 1}
$data merge entity $(bone_group1) {transformation: [1.2324f,-0.1048f,0.1248f,-0.9868f,0.2372f,0.8016f,-0.4543f,1.7216f,-0.1479f,0.4665f,0.8104f,1.0175f,0f,0f,0f,1f],start_interpolation: 0,interpolation_duration: 1}
$data merge entity $(bone_group4) {transformation: [1.1846f,-0.1245f,0.1777f,-1.0213f,0.2653f,0.7729f,-0.4263f,1.6936f,-0.1722f,0.453f,0.7786f,1.037f,0f,0f,0f,1f],start_interpolation: 0,interpolation_duration: 1}
$data merge entity $(bone_group2) {transformation: [1.1678f,-0.1077f,0.2738f,-1.0394f,0.2836f,0.7908f,-0.3791f,1.6784f,-0.2468f,0.425f,0.7743f,1.0874f,0f,0f,0f,1f],start_interpolation: 0,interpolation_duration: 1}
$data merge entity $(bone_10) {transformation: [-0.7916f,0.2414f,-0.5614f,0.2104f,0.0143f,0.9257f,0.3779f,1.0595f,0.6109f,0.2911f,-0.7362f,0.4953f,0f,0f,0f,1f],start_interpolation: 0,interpolation_duration: 1}
$data merge entity $(bone_9) {transformation: [-0.7916f,0.2414f,-0.5614f,0.3009f,0.0143f,0.9257f,0.3779f,1.4067f,0.6109f,0.2911f,-0.7362f,0.6044f,0f,0f,0f,1f],start_interpolation: 0,interpolation_duration: 1}
$data merge entity $(bone_bone12) {transformation: [-0.6956f,0.9902f,-0.591f,0.1178f,0.8453f,1.1017f,0.3782f,1.8614f,1.0255f,-0.2365f,-0.7126f,0.3836f,0f,0f,0f,1f],start_interpolation: 0,interpolation_duration: 1}
$data merge entity $(bone_bone1) {transformation: [0.6049f,-0.9078f,0.7365f,0.3143f,-0.6104f,1.2532f,0.673f,0.5293f,-0.5113f,-2.5701f,0.068f,1.568f,0f,0f,0f,1f],start_interpolation: 0,interpolation_duration: 1}
$data merge entity $(bone_2) {transformation: [0.7435f,-0.3105f,0.5923f,-0.0315f,-0.2588f,0.683f,0.683f,1.0416f,-0.6166f,-0.6611f,0.4275f,0.9361f,0f,0f,0f,1f],start_interpolation: 0,interpolation_duration: 1}
$data merge entity $(bone_bone2) {transformation: [1.4353f,-0.3887f,0.6687f,0.1545f,-0.0231f,1.9136f,0.2905f,0.9193f,-1.3926f,-0.4324f,0.6844f,0.8062f,0f,0f,0f,1f],start_interpolation: 0,interpolation_duration: 1}
$data merge entity $(bone_1) {transformation: [0.7435f,-0.002f,0.6687f,-0.0322f,-0.2588f,0.9212f,0.2905f,1.387f,-0.6166f,-0.389f,0.6844f,0.7902f,0f,0f,0f,1f],start_interpolation: 0,interpolation_duration: 1}
$data merge entity $(bone_4) {transformation: [-0.8289f,-0.5548f,0.0719f,0.695f,-0.31f,0.3486f,-0.8845f,1.1239f,0.4657f,-0.7554f,-0.4609f,0.3449f,0f,0f,0f,1f],start_interpolation: 0,interpolation_duration: 1}
$data merge entity $(bone_group5) {transformation: [-3.3154f,-1.0813f,-1.5626f,0.7253f,-1.2401f,2.4571f,-1.1006f,0.9169f,1.8628f,-0.2888f,-3.5138f,0.5422f,0f,0f,0f,1f],start_interpolation: 0,interpolation_duration: 1}
$data merge entity $(bone_group7) {transformation: [-3.3154f,-1.0813f,-1.5626f,0.7253f,-1.2401f,2.4571f,-1.1006f,0.9169f,1.8628f,-0.2888f,-3.5138f,0.5422f,0f,0f,0f,1f],start_interpolation: 0,interpolation_duration: 1}
$data merge entity $(bone_group6) {transformation: [-2.3306f,-2.5942f,-1.5626f,1.0865f,-2.3025f,1.5079f,-1.1006f,0.9638f,1.7576f,0.6813f,-3.5138f,0.3669f,0f,0f,0f,1f],start_interpolation: 0,interpolation_duration: 1}
$data merge entity $(bone_group8) {transformation: [-2.3306f,-2.5942f,-1.5626f,1.0865f,-2.3025f,1.5079f,-1.1006f,0.9638f,1.7576f,0.6813f,-3.5138f,0.3669f,0f,0f,0f,1f],start_interpolation: 0,interpolation_duration: 1}
$data merge entity $(bone_group9) {transformation: [-2.3306f,-2.5942f,-1.5626f,1.1372f,-2.3025f,1.5079f,-1.1006f,0.8486f,1.7576f,0.6813f,-3.5138f,0.3804f,0f,0f,0f,1f],start_interpolation: 0,interpolation_duration: 1}
$data merge entity $(bone_group10) {transformation: [-2.3306f,-2.5942f,-1.5626f,1.1372f,-2.3025f,1.5079f,-1.1006f,0.8486f,1.7576f,0.6813f,-3.5138f,0.3804f,0f,0f,0f,1f],start_interpolation: 0,interpolation_duration: 1}
$data merge entity $(bone_group11) {transformation: [-2.3306f,-2.5942f,-1.5626f,1.1879f,-2.3025f,1.5079f,-1.1006f,0.7335f,1.7576f,0.6813f,-3.5138f,0.3939f,0f,0f,0f,1f],start_interpolation: 0,interpolation_duration: 1}
$data merge entity $(bone_group12) {transformation: [-2.3306f,-2.5942f,-1.5626f,1.1879f,-2.3025f,1.5079f,-1.1006f,0.7335f,1.7576f,0.6813f,-3.5138f,0.3939f,0f,0f,0f,1f],start_interpolation: 0,interpolation_duration: 1}
$data merge entity $(bone_group13) {transformation: [-2.5206f,-1.9285f,-0.625f,0.9178f,-1.8033f,2.0078f,-0.4403f,0.9558f,1.6858f,0.2287f,-1.4055f,0.391f,0f,0f,0f,1f],start_interpolation: 0,interpolation_duration: 1}
$data merge entity $(bone_group14) {transformation: [-2.5206f,-1.9285f,-0.625f,0.9178f,-1.8033f,2.0078f,-0.4403f,0.9558f,1.6858f,0.2287f,-1.4055f,0.391f,0f,0f,0f,1f],start_interpolation: 0,interpolation_duration: 1}
$data merge entity $(bone_group15) {transformation: [-2.4341f,-2.0367f,-0.625f,0.9775f,-1.8892f,1.9272f,-0.4403f,0.8852f,1.6742f,0.302f,-1.4055f,0.3866f,0f,0f,0f,1f],start_interpolation: 0,interpolation_duration: 1}
$data merge entity $(bone_group16) {transformation: [-2.4341f,-2.0367f,-0.625f,0.9775f,-1.8892f,1.9272f,-0.4403f,0.8852f,1.6742f,0.302f,-1.4055f,0.3866f,0f,0f,0f,1f],start_interpolation: 0,interpolation_duration: 1}
$data merge entity $(bone_group17) {transformation: [-2.2473f,-2.2411f,-0.625f,1.0898f,-2.05f,1.7552f,-0.4403f,0.807f,1.6415f,0.4468f,-1.4055f,0.3612f,0f,0f,0f,1f],start_interpolation: 0,interpolation_duration: 1}
$data merge entity $(bone_group18) {transformation: [-2.2473f,-2.2411f,-0.625f,1.0898f,-2.05f,1.7552f,-0.4403f,0.807f,1.6415f,0.4468f,-1.4055f,0.3612f,0f,0f,0f,1f],start_interpolation: 0,interpolation_duration: 1}
$data merge entity $(bone_group19) {transformation: [-2.2473f,-2.2411f,-0.625f,1.1405f,-2.05f,1.7552f,-0.4403f,0.6918f,1.6415f,0.4468f,-1.4055f,0.3747f,0f,0f,0f,1f],start_interpolation: 0,interpolation_duration: 1}
$data merge entity $(bone_group20) {transformation: [-2.2473f,-2.2411f,-0.625f,1.1405f,-2.05f,1.7552f,-0.4403f,0.6918f,1.6415f,0.4468f,-1.4055f,0.3747f,0f,0f,0f,1f],start_interpolation: 0,interpolation_duration: 1}
$data merge entity $(bone_bone11) {transformation: [-0.8284f,-0.019f,-0.3906f,0.5401f,0.0933f,1.4337f,-0.2752f,1.1693f,0.3392f,-0.4406f,-0.8785f,0.4351f,0f,0f,0f,1f],start_interpolation: 0,interpolation_duration: 1}
$data merge entity $(bone_3) {transformation: [-0.8289f,-0.4005f,-0.3906f,0.5883f,-0.31f,0.91f,-0.2752f,1.4026f,0.4657f,-0.107f,-0.8785f,0.3406f,0f,0f,0f,1f],start_interpolation: 0,interpolation_duration: 1}
$data merge entity $(bone_8) {transformation: [-0.8554f,0.1011f,-0.508f,0.0677f,0.1021f,0.9944f,0.0259f,0.3873f,0.5078f,-0.0297f,-0.861f,0.5924f,0f,0f,0f,1f],start_interpolation: 0,interpolation_duration: 1}
$data merge entity $(bone_7) {transformation: [-0.8554f,0.0264f,-0.5173f,0.0788f,0.1021f,0.9877f,-0.1184f,0.762f,0.5078f,-0.1541f,-0.8476f,0.5357f,0f,0f,0f,1f],start_interpolation: 0,interpolation_duration: 1}