# This file was generated by Animated Java via MC-Build. It is not recommended to edit this file directly.
$data merge entity $(bone_layer) {transformation: [-0.8639f,-0.1072f,-0.4921f,0.288f,-0.1025f,0.9941f,-0.0367f,1.3598f,0.4931f,0.0187f,-0.8698f,0.5254f,0f,0f,0f,1f],start_interpolation: 0,interpolation_duration: 1}
$data merge entity $(bone_head) {transformation: [-0.8639f,-0.1072f,-0.4921f,0.288f,-0.1025f,0.9941f,-0.0367f,1.3598f,0.4931f,0.0187f,-0.8698f,0.5254f,0f,0f,0f,1f],start_interpolation: 0,interpolation_duration: 1}
$data merge entity $(bone_6) {transformation: [-0.6797f,-0.1516f,-0.7177f,0.3531f,-0.1014f,0.9884f,-0.1128f,0.399f,0.7264f,-0.0039f,-0.6872f,0.4047f,0f,0f,0f,1f],start_interpolation: 0,interpolation_duration: 1}
$data merge entity $(bone_12) {transformation: [-0.6851f,-0.228f,-0.6918f,0.2677f,-0.0929f,0.9694f,-0.2274f,0.7625f,0.7225f,-0.0915f,-0.6853f,0.3704f,0f,0f,0f,1f],start_interpolation: 0,interpolation_duration: 1}
$data merge entity $(bone_group3) {transformation: [1.2058f,-0.1133f,0.2795f,-1.0381f,0.2943f,0.8164f,-0.3909f,1.6767f,-0.2513f,0.438f,0.8005f,1.0719f,0f,0f,0f,1f],start_interpolation: 0,interpolation_duration: 1}
$data merge entity $(bone_group1) {transformation: [1.2311f,-0.1072f,0.1333f,-0.9893f,0.243f,0.8029f,-0.4497f,1.7168f,-0.1521f,0.4638f,0.8109f,1.0069f,0f,0f,0f,1f],start_interpolation: 0,interpolation_duration: 1}
$data merge entity $(bone_group4) {transformation: [1.1837f,-0.1252f,0.1817f,-1.0211f,0.2682f,0.7743f,-0.4227f,1.6908f,-0.1742f,0.4503f,0.7794f,1.0252f,0f,0f,0f,1f],start_interpolation: 0,interpolation_duration: 1}
$data merge entity $(bone_group2) {transformation: [1.1681f,-0.1097f,0.2708f,-1.0381f,0.2851f,0.7909f,-0.3787f,1.6767f,-0.2435f,0.4244f,0.7754f,1.0719f,0f,0f,0f,1f],start_interpolation: 0,interpolation_duration: 1}
$data merge entity $(bone_10) {transformation: [-0.7931f,0.2389f,-0.5602f,0.2115f,0.0132f,0.9264f,0.3763f,1.0602f,0.6089f,0.2911f,-0.7379f,0.4845f,0f,0f,0f,1f],start_interpolation: 0,interpolation_duration: 1}
$data merge entity $(bone_9) {transformation: [-0.7931f,0.2389f,-0.5602f,0.3011f,0.0132f,0.9264f,0.3763f,1.4076f,0.6089f,0.2911f,-0.7379f,0.5937f,0f,0f,0f,1f],start_interpolation: 0,interpolation_duration: 1}
$data merge entity $(bone_bone12) {transformation: [-0.7017f,0.9901f,-0.5877f,0.1186f,0.8459f,1.1024f,0.3765f,1.8619f,1.0208f,-0.233f,-0.7161f,0.3713f,0f,0f,0f,1f],start_interpolation: 0,interpolation_duration: 1}
$data merge entity $(bone_bone1) {transformation: [0.6075f,-0.8947f,0.7362f,0.31f,-0.6104f,1.2532f,0.673f,0.5298f,-0.5082f,-2.5747f,0.0717f,1.5579f,0f,0f,0f,1f],start_interpolation: 0,interpolation_duration: 1}
$data merge entity $(bone_2) {transformation: [0.7466f,-0.3071f,0.5901f,-0.0325f,-0.2588f,0.683f,0.683f,1.042f,-0.6128f,-0.6627f,0.4305f,0.9243f,0f,0f,0f,1f],start_interpolation: 0,interpolation_duration: 1}
$data merge entity $(bone_bone2) {transformation: [1.4424f,-0.3864f,0.6652f,0.1542f,-0.0231f,1.9136f,0.2905f,0.9198f,-1.3852f,-0.4344f,0.6878f,0.7954f,0f,0f,0f,1f],start_interpolation: 0,interpolation_duration: 1}
$data merge entity $(bone_1) {transformation: [0.7466f,0f,0.6652f,-0.0325f,-0.2588f,0.9212f,0.2905f,1.3875f,-0.6128f,-0.389f,0.6878f,0.7784f,0f,0f,0f,1f],start_interpolation: 0,interpolation_duration: 1}
$data merge entity $(bone_4) {transformation: [-0.8301f,-0.5526f,0.0748f,0.696f,-0.3144f,0.353f,-0.8812f,1.1246f,0.4605f,-0.755f,-0.4668f,0.3349f,0f,0f,0f,1f],start_interpolation: 0,interpolation_duration: 1}
$data merge entity $(bone_group5) {transformation: [-3.3203f,-1.086f,-1.5449f,0.7259f,-1.2578f,2.456f,-1.086f,0.9167f,1.8421f,-0.2806f,-3.5262f,0.5313f,0f,0f,0f,1f],start_interpolation: 0,interpolation_duration: 1}
$data merge entity $(bone_group7) {transformation: [-3.3203f,-1.086f,-1.5449f,0.7259f,-1.2578f,2.456f,-1.086f,0.9167f,1.8421f,-0.2806f,-3.5262f,0.5313f,0f,0f,0f,1f],start_interpolation: 0,interpolation_duration: 1}
$data merge entity $(bone_group6) {transformation: [-2.3325f,-2.6007f,-1.5449f,1.0878f,-2.3173f,1.498f,-1.086f,0.9654f,1.7356f,0.678f,-3.5262f,0.3577f,0f,0f,0f,1f],start_interpolation: 0,interpolation_duration: 1}
$data merge entity $(bone_group8) {transformation: [-2.3325f,-2.6007f,-1.5449f,1.0878f,-2.3173f,1.498f,-1.086f,0.9654f,1.7356f,0.678f,-3.5262f,0.3577f,0f,0f,0f,1f],start_interpolation: 0,interpolation_duration: 1}
$data merge entity $(bone_group9) {transformation: [-2.3325f,-2.6007f,-1.5449f,1.1387f,-2.3173f,1.498f,-1.086f,0.8503f,1.7356f,0.678f,-3.5262f,0.3709f,0f,0f,0f,1f],start_interpolation: 0,interpolation_duration: 1}
$data merge entity $(bone_group10) {transformation: [-2.3325f,-2.6007f,-1.5449f,1.1387f,-2.3173f,1.498f,-1.086f,0.8503f,1.7356f,0.678f,-3.5262f,0.3709f,0f,0f,0f,1f],start_interpolation: 0,interpolation_duration: 1}
$data merge entity $(bone_group11) {transformation: [-2.3325f,-2.6007f,-1.5449f,1.1897f,-2.3173f,1.498f,-1.086f,0.7351f,1.7356f,0.678f,-3.5262f,0.384f,0f,0f,0f,1f],start_interpolation: 0,interpolation_duration: 1}
$data merge entity $(bone_group12) {transformation: [-2.3325f,-2.6007f,-1.5449f,1.1897f,-2.3173f,1.498f,-1.086f,0.7351f,1.7356f,0.678f,-3.5262f,0.384f,0f,0f,0f,1f],start_interpolation: 0,interpolation_duration: 1}
$data merge entity $(bone_group13) {transformation: [-2.5234f,-1.9344f,-0.618f,0.919f,-1.8181f,2.0019f,-0.4344f,0.9569f,1.6655f,0.2309f,-1.4105f,0.3811f,0f,0f,0f,1f],start_interpolation: 0,interpolation_duration: 1}
$data merge entity $(bone_group14) {transformation: [-2.5234f,-1.9344f,-0.618f,0.919f,-1.8181f,2.0019f,-0.4344f,0.9569f,1.6655f,0.2309f,-1.4105f,0.3811f,0f,0f,0f,1f],start_interpolation: 0,interpolation_duration: 1}
$data merge entity $(bone_group15) {transformation: [-2.4366f,-2.0426f,-0.618f,0.9789f,-1.9037f,1.9207f,-0.4344f,0.8864f,1.6539f,0.3033f,-1.4105f,0.3766f,0f,0f,0f,1f],start_interpolation: 0,interpolation_duration: 1}
$data merge entity $(bone_group16) {transformation: [-2.4366f,-2.0426f,-0.618f,0.9789f,-1.9037f,1.9207f,-0.4344f,0.8864f,1.6539f,0.3033f,-1.4105f,0.3766f,0f,0f,0f,1f],start_interpolation: 0,interpolation_duration: 1}
$data merge entity $(bone_group17) {transformation: [-2.2493f,-2.2472f,-0.618f,1.0915f,-2.0639f,1.7475f,-0.4344f,0.8086f,1.6212f,0.4463f,-1.4105f,0.3512f,0f,0f,0f,1f],start_interpolation: 0,interpolation_duration: 1}
$data merge entity $(bone_group18) {transformation: [-2.2493f,-2.2472f,-0.618f,1.0915f,-2.0639f,1.7475f,-0.4344f,0.8086f,1.6212f,0.4463f,-1.4105f,0.3512f,0f,0f,0f,1f],start_interpolation: 0,interpolation_duration: 1}
$data merge entity $(bone_group19) {transformation: [-2.2493f,-2.2472f,-0.618f,1.1424f,-2.0639f,1.7475f,-0.4344f,0.6935f,1.6212f,0.4463f,-1.4105f,0.3644f,0f,0f,0f,1f],start_interpolation: 0,interpolation_duration: 1}
$data merge entity $(bone_group20) {transformation: [-2.2493f,-2.2472f,-0.618f,1.1424f,-2.0639f,1.7475f,-0.4344f,0.6935f,1.6212f,0.4463f,-1.4105f,0.3644f,0f,0f,0f,1f],start_interpolation: 0,interpolation_duration: 1}
$data merge entity $(bone_bone11) {transformation: [-0.8301f,-0.0206f,-0.3862f,0.5406f,0.0895f,1.4359f,-0.2715f,1.1692f,0.3361f,-0.4332f,-0.8815f,0.4247f,0f,0f,0f,1f],start_interpolation: 0,interpolation_duration: 1}
$data merge entity $(bone_3) {transformation: [-0.8301f,-0.4022f,-0.3862f,0.5886f,-0.3144f,0.9096f,-0.2715f,1.4031f,0.4605f,-0.1039f,-0.8815f,0.3316f,0f,0f,0f,1f],start_interpolation: 0,interpolation_duration: 1}
$data merge entity $(bone_8) {transformation: [-0.857f,0.1015f,-0.5053f,0.0693f,0.1025f,0.9944f,0.026f,0.3883f,0.5051f,-0.0295f,-0.8626f,0.5831f,0f,0f,0f,1f],start_interpolation: 0,interpolation_duration: 1}
$data merge entity $(bone_7) {transformation: [-0.857f,0.0246f,-0.5148f,0.0796f,0.1025f,0.987f,-0.1235f,0.7625f,0.5051f,-0.1586f,-0.8484f,0.5247f,0f,0f,0f,1f],start_interpolation: 0,interpolation_duration: 1}