# This file was generated by Animated Java via MC-Build. It is not recommended to edit this file directly.
$data merge entity $(bone_layer) {transformation: [-0.865f,-0.1142f,-0.4886f,0.2886f,-0.1043f,0.9934f,-0.0477f,1.3613f,0.4909f,0.0097f,-0.8712f,0.5124f,0f,0f,0f,1f],start_interpolation: 0,interpolation_duration: 1}
$data merge entity $(bone_head) {transformation: [-0.865f,-0.1142f,-0.4886f,0.2886f,-0.1043f,0.9934f,-0.0477f,1.3613f,0.4909f,0.0097f,-0.8712f,0.5124f,0f,0f,0f,1f],start_interpolation: 0,interpolation_duration: 1}
$data merge entity $(bone_6) {transformation: [-0.6843f,-0.1449f,-0.7146f,0.3547f,-0.102f,0.9894f,-0.1029f,0.3993f,0.722f,0.0025f,-0.6919f,0.3909f,0f,0f,0f,1f],start_interpolation: 0,interpolation_duration: 1}
$data merge entity $(bone_12) {transformation: [-0.6892f,-0.2256f,-0.6886f,0.2701f,-0.0944f,0.9701f,-0.2234f,0.7631f,0.7184f,-0.0889f,-0.6899f,0.3576f,0f,0f,0f,1f],start_interpolation: 0,interpolation_duration: 1}
$data merge entity $(bone_group3) {transformation: [1.2062f,-0.1157f,0.2758f,-1.0363f,0.2963f,0.8164f,-0.3905f,1.6745f,-0.2473f,0.4372f,0.8019f,1.0529f,0f,0f,0f,1f],start_interpolation: 0,interpolation_duration: 1}
$data merge entity $(bone_group1) {transformation: [1.2294f,-0.1102f,0.1445f,-0.9924f,0.2505f,0.8045f,-0.4438f,1.7106f,-0.158f,0.4602f,0.8115f,0.9944f,0f,0f,0f,1f],start_interpolation: 0,interpolation_duration: 1}
$data merge entity $(bone_group4) {transformation: [1.1826f,-0.1259f,0.1872f,-1.0208f,0.272f,0.7762f,-0.418f,1.6871f,-0.1773f,0.4468f,0.7805f,1.011f,0f,0f,0f,1f],start_interpolation: 0,interpolation_duration: 1}
$data merge entity $(bone_group2) {transformation: [1.1685f,-0.1121f,0.2672f,-1.0363f,0.2871f,0.7909f,-0.3783f,1.6745f,-0.2395f,0.4236f,0.7768f,1.0529f,0f,0f,0f,1f],start_interpolation: 0,interpolation_duration: 1}
$data merge entity $(bone_10) {transformation: [-0.795f,0.2357f,-0.559f,0.2128f,0.0118f,0.9273f,0.3742f,1.0611f,0.6065f,0.2909f,-0.7399f,0.4713f,0f,0f,0f,1f],start_interpolation: 0,interpolation_duration: 1}
$data merge entity $(bone_9) {transformation: [-0.795f,0.2357f,-0.559f,0.3012f,0.0118f,0.9273f,0.3742f,1.4089f,0.6065f,0.2909f,-0.7399f,0.5804f,0f,0f,0f,1f],start_interpolation: 0,interpolation_duration: 1}
$data merge entity $(bone_bone12) {transformation: [-0.7093f,0.99f,-0.5838f,0.1195f,0.8467f,1.1035f,0.3744f,1.8624f,1.0148f,-0.2287f,-0.7204f,0.3561f,0f,0f,0f,1f],start_interpolation: 0,interpolation_duration: 1}
$data merge entity $(bone_bone1) {transformation: [0.6107f,-0.8785f,0.7357f,0.3049f,-0.6104f,1.2532f,0.673f,0.5304f,-0.5044f,-2.5802f,0.0763f,1.5456f,0f,0f,0f,1f],start_interpolation: 0,interpolation_duration: 1}
$data merge entity $(bone_2) {transformation: [0.7505f,-0.303f,0.5874f,-0.0337f,-0.2588f,0.683f,0.683f,1.0426f,-0.6081f,-0.6646f,0.4342f,0.9098f,0f,0f,0f,1f],start_interpolation: 0,interpolation_duration: 1}
$data merge entity $(bone_bone2) {transformation: [1.4511f,-0.3837f,0.6609f,0.1538f,-0.0231f,1.9136f,0.2905f,0.9204f,-1.3762f,-0.4368f,0.692f,0.7821f,0f,0f,0f,1f],start_interpolation: 0,interpolation_duration: 1}
$data merge entity $(bone_1) {transformation: [0.7505f,0.0025f,0.6609f,-0.0327f,-0.2588f,0.9212f,0.2905f,1.3881f,-0.6081f,-0.389f,0.692f,0.7639f,0f,0f,0f,1f],start_interpolation: 0,interpolation_duration: 1}
$data merge entity $(bone_4) {transformation: [-0.8315f,-0.55f,0.0785f,0.6971f,-0.3201f,0.3588f,-0.8768f,1.1255f,0.4541f,-0.7542f,-0.4744f,0.3225f,0f,0f,0f,1f],start_interpolation: 0,interpolation_duration: 1}
$data merge entity $(bone_group5) {transformation: [-3.3258f,-1.0923f,-1.5232f,0.7267f,-1.2805f,2.4544f,-1.0672f,0.9164f,1.8164f,-0.2698f,-3.5413f,0.5176f,0f,0f,0f,1f],start_interpolation: 0,interpolation_duration: 1}
$data merge entity $(bone_group7) {transformation: [-3.3258f,-1.0923f,-1.5232f,0.7267f,-1.2805f,2.4544f,-1.0672f,0.9164f,1.8164f,-0.2698f,-3.5413f,0.5176f,0f,0f,0f,1f],start_interpolation: 0,interpolation_duration: 1}
$data merge entity $(bone_group6) {transformation: [-2.3341f,-2.6089f,-1.5232f,1.0894f,-2.3361f,1.4853f,-1.0672f,0.9674f,1.708f,0.6745f,-3.5413f,0.3463f,0f,0f,0f,1f],start_interpolation: 0,interpolation_duration: 1}
$data merge entity $(bone_group8) {transformation: [-2.3341f,-2.6089f,-1.5232f,1.0894f,-2.3361f,1.4853f,-1.0672f,0.9674f,1.708f,0.6745f,-3.5413f,0.3463f,0f,0f,0f,1f],start_interpolation: 0,interpolation_duration: 1}
$data merge entity $(bone_group9) {transformation: [-2.3341f,-2.6089f,-1.5232f,1.1406f,-2.3361f,1.4853f,-1.0672f,0.8523f,1.708f,0.6745f,-3.5413f,0.3589f,0f,0f,0f,1f],start_interpolation: 0,interpolation_duration: 1}
$data merge entity $(bone_group10) {transformation: [-2.3341f,-2.6089f,-1.5232f,1.1406f,-2.3361f,1.4853f,-1.0672f,0.8523f,1.708f,0.6745f,-3.5413f,0.3589f,0f,0f,0f,1f],start_interpolation: 0,interpolation_duration: 1}
$data merge entity $(bone_group11) {transformation: [-2.3341f,-2.6089f,-1.5232f,1.1918f,-2.3361f,1.4853f,-1.0672f,0.7373f,1.708f,0.6745f,-3.5413f,0.3716f,0f,0f,0f,1f],start_interpolation: 0,interpolation_duration: 1}
$data merge entity $(bone_group12) {transformation: [-2.3341f,-2.6089f,-1.5232f,1.1918f,-2.3361f,1.4853f,-1.0672f,0.7373f,1.708f,0.6745f,-3.5413f,0.3716f,0f,0f,0f,1f],start_interpolation: 0,interpolation_duration: 1}
$data merge entity $(bone_group13) {transformation: [-2.5262f,-1.9419f,-0.6093f,0.9205f,-1.8372f,1.9942f,-0.4269f,0.9582f,1.6402f,0.2342f,-1.4165f,0.3687f,0f,0f,0f,1f],start_interpolation: 0,interpolation_duration: 1}
$data merge entity $(bone_group14) {transformation: [-2.5262f,-1.9419f,-0.6093f,0.9205f,-1.8372f,1.9942f,-0.4269f,0.9582f,1.6402f,0.2342f,-1.4165f,0.3687f,0f,0f,0f,1f],start_interpolation: 0,interpolation_duration: 1}
$data merge entity $(bone_group15) {transformation: [-2.4391f,-2.0502f,-0.6093f,0.9806f,-1.9224f,1.9122f,-0.4269f,0.8879f,1.6285f,0.3056f,-1.4165f,0.3641f,0f,0f,0f,1f],start_interpolation: 0,interpolation_duration: 1}
$data merge entity $(bone_group16) {transformation: [-2.4391f,-2.0502f,-0.6093f,0.9806f,-1.9224f,1.9122f,-0.4269f,0.8879f,1.6285f,0.3056f,-1.4165f,0.3641f,0f,0f,0f,1f],start_interpolation: 0,interpolation_duration: 1}
$data merge entity $(bone_group17) {transformation: [-2.2511f,-2.255f,-0.6093f,1.0936f,-2.0817f,1.7374f,-0.4269f,0.8107f,1.5956f,0.4463f,-1.4165f,0.3387f,0f,0f,0f,1f],start_interpolation: 0,interpolation_duration: 1}
$data merge entity $(bone_group18) {transformation: [-2.2511f,-2.255f,-0.6093f,1.0936f,-2.0817f,1.7374f,-0.4269f,0.8107f,1.5956f,0.4463f,-1.4165f,0.3387f,0f,0f,0f,1f],start_interpolation: 0,interpolation_duration: 1}
$data merge entity $(bone_group19) {transformation: [-2.2511f,-2.255f,-0.6093f,1.1448f,-2.0817f,1.7374f,-0.4269f,0.6956f,1.5956f,0.4463f,-1.4165f,0.3514f,0f,0f,0f,1f],start_interpolation: 0,interpolation_duration: 1}
$data merge entity $(bone_group20) {transformation: [-2.2511f,-2.255f,-0.6093f,1.1448f,-2.0817f,1.7374f,-0.4269f,0.6956f,1.5956f,0.4463f,-1.4165f,0.3514f,0f,0f,0f,1f],start_interpolation: 0,interpolation_duration: 1}
$data merge entity $(bone_bone11) {transformation: [-0.8321f,-0.0229f,-0.3808f,0.5412f,0.0846f,1.4387f,-0.2668f,1.1691f,0.3324f,-0.4237f,-0.8853f,0.4117f,0f,0f,0f,1f],start_interpolation: 0,interpolation_duration: 1}
$data merge entity $(bone_3) {transformation: [-0.8315f,-0.4046f,-0.3808f,0.5889f,-0.3201f,0.909f,-0.2668f,1.4037f,0.4541f,-0.0999f,-0.8853f,0.3205f,0f,0f,0f,1f],start_interpolation: 0,interpolation_duration: 1}
$data merge entity $(bone_8) {transformation: [-0.8588f,0.1021f,-0.502f,0.0714f,0.1029f,0.9943f,0.0262f,0.3896f,0.5018f,-0.0291f,-0.8645f,0.5719f,0f,0f,0f,1f],start_interpolation: 0,interpolation_duration: 1}
$data merge entity $(bone_7) {transformation: [-0.8588f,0.0221f,-0.5118f,0.0806f,0.1029f,0.9862f,-0.1301f,0.7631f,0.5018f,-0.1644f,-0.8492f,0.5111f,0f,0f,0f,1f],start_interpolation: 0,interpolation_duration: 1}