# This file was generated by Animated Java via MC-Build. It is not recommended to edit this file directly.
$data merge entity $(bone_layer) {transformation: [-0.8661f,-0.1202f,-0.4853f,0.2893f,-0.1058f,0.9927f,-0.0571f,1.3632f,0.4886f,0.0019f,-0.8725f,0.4969f,0f,0f,0f,1f],start_interpolation: 0,interpolation_duration: 1}
$data merge entity $(bone_head) {transformation: [-0.8661f,-0.1202f,-0.4853f,0.2893f,-0.1058f,0.9927f,-0.0571f,1.3632f,0.4886f,0.0019f,-0.8725f,0.4969f,0f,0f,0f,1f],start_interpolation: 0,interpolation_duration: 1}
$data merge entity $(bone_6) {transformation: [-0.6898f,-0.1367f,-0.7109f,0.3567f,-0.1028f,0.9906f,-0.0907f,0.3996f,0.7166f,0.0105f,-0.6974f,0.3744f,0f,0f,0f,1f],start_interpolation: 0,interpolation_duration: 1}
$data merge entity $(bone_12) {transformation: [-0.694f,-0.2228f,-0.6847f,0.2731f,-0.0962f,0.9711f,-0.2184f,0.7638f,0.7135f,-0.0857f,-0.6953f,0.3423f,0f,0f,0f,1f],start_interpolation: 0,interpolation_duration: 1}
$data merge entity $(bone_group3) {transformation: [1.2066f,-0.1187f,0.2714f,-1.0339f,0.2988f,0.8166f,-0.39f,1.6717f,-0.2426f,0.4362f,0.8036f,1.0302f,0f,0f,0f,1f],start_interpolation: 0,interpolation_duration: 1}
$data merge entity $(bone_group1) {transformation: [1.227f,-0.1137f,0.1586f,-0.9961f,0.2597f,0.8065f,-0.4362f,1.7028f,-0.1657f,0.4559f,0.8121f,0.9798f,0f,0f,0f,1f],start_interpolation: 0,interpolation_duration: 1}
$data merge entity $(bone_group4) {transformation: [1.1811f,-0.1266f,0.1942f,-1.0204f,0.2766f,0.7784f,-0.4121f,1.6826f,-0.1814f,0.4426f,0.7817f,0.9942f,0f,0f,0f,1f],start_interpolation: 0,interpolation_duration: 1}
$data merge entity $(bone_group2) {transformation: [1.1689f,-0.115f,0.263f,-1.0339f,0.2895f,0.7911f,-0.3778f,1.6717f,-0.235f,0.4226f,0.7785f,1.0302f,0f,0f,0f,1f],start_interpolation: 0,interpolation_duration: 1}
$data merge entity $(bone_10) {transformation: [-0.7971f,0.2319f,-0.5576f,0.2144f,0.0101f,0.9283f,0.3717f,1.0622f,0.6038f,0.2906f,-0.7423f,0.4554f,0f,0f,0f,1f],start_interpolation: 0,interpolation_duration: 1}
$data merge entity $(bone_9) {transformation: [-0.7971f,0.2319f,-0.5576f,0.3013f,0.0101f,0.9283f,0.3717f,1.4103f,0.6038f,0.2906f,-0.7423f,0.5644f,0f,0f,0f,1f],start_interpolation: 0,interpolation_duration: 1}
$data merge entity $(bone_bone12) {transformation: [-0.7184f,0.9897f,-0.579f,0.1205f,0.8477f,1.1047f,0.3718f,1.8631f,1.0076f,-0.2237f,-0.7256f,0.3378f,0f,0f,0f,1f],start_interpolation: 0,interpolation_duration: 1}
$data merge entity $(bone_bone1) {transformation: [0.6145f,-0.8592f,0.7351f,0.2986f,-0.6104f,1.2532f,0.673f,0.5311f,-0.4998f,-2.5868f,0.0819f,1.5307f,0f,0f,0f,1f],start_interpolation: 0,interpolation_duration: 1}
$data merge entity $(bone_2) {transformation: [0.755f,-0.298f,0.5841f,-0.0351f,-0.2588f,0.683f,0.683f,1.0434f,-0.6025f,-0.6669f,0.4386f,0.8924f,0f,0f,0f,1f],start_interpolation: 0,interpolation_duration: 1}
$data merge entity $(bone_bone2) {transformation: [1.4613f,-0.3804f,0.6557f,0.1533f,-0.0231f,1.9136f,0.2905f,0.9211f,-1.3653f,-0.4396f,0.6969f,0.7661f,0f,0f,0f,1f],start_interpolation: 0,interpolation_duration: 1}
$data merge entity $(bone_1) {transformation: [0.755f,0.0054f,0.6557f,-0.0331f,-0.2588f,0.9212f,0.2905f,1.3888f,-0.6025f,-0.389f,0.6969f,0.7465f,0f,0f,0f,1f],start_interpolation: 0,interpolation_duration: 1}
$data merge entity $(bone_4) {transformation: [-0.8329f,-0.5471f,0.0831f,0.6985f,-0.3271f,0.3658f,-0.8713f,1.1267f,0.4463f,-0.7529f,-0.4836f,0.3075f,0f,0f,0f,1f],start_interpolation: 0,interpolation_duration: 1}
$data merge entity $(bone_group5) {transformation: [-3.3317f,-1.1005f,-1.4972f,0.7278f,-1.3086f,2.4522f,-1.0439f,0.9161f,1.7853f,-0.2563f,-3.5593f,0.5011f,0f,0f,0f,1f],start_interpolation: 0,interpolation_duration: 1}
$data merge entity $(bone_group7) {transformation: [-3.3317f,-1.1005f,-1.4972f,0.7278f,-1.3086f,2.4522f,-1.0439f,0.9161f,1.7853f,-0.2563f,-3.5593f,0.5011f,0f,0f,0f,1f],start_interpolation: 0,interpolation_duration: 1}
$data merge entity $(bone_group6) {transformation: [-2.3351f,-2.6189f,-1.4972f,1.0912f,-2.3594f,1.4694f,-1.0439f,0.9699f,1.6743f,0.6707f,-3.5593f,0.3324f,0f,0f,0f,1f],start_interpolation: 0,interpolation_duration: 1}
$data merge entity $(bone_group8) {transformation: [-2.3351f,-2.6189f,-1.4972f,1.0912f,-2.3594f,1.4694f,-1.0439f,0.9699f,1.6743f,0.6707f,-3.5593f,0.3324f,0f,0f,0f,1f],start_interpolation: 0,interpolation_duration: 1}
$data merge entity $(bone_group9) {transformation: [-2.3351f,-2.6189f,-1.4972f,1.1428f,-2.3594f,1.4694f,-1.0439f,0.8549f,1.6743f,0.6707f,-3.5593f,0.3444f,0f,0f,0f,1f],start_interpolation: 0,interpolation_duration: 1}
$data merge entity $(bone_group10) {transformation: [-2.3351f,-2.6189f,-1.4972f,1.1428f,-2.3594f,1.4694f,-1.0439f,0.8549f,1.6743f,0.6707f,-3.5593f,0.3444f,0f,0f,0f,1f],start_interpolation: 0,interpolation_duration: 1}
$data merge entity $(bone_group11) {transformation: [-2.3351f,-2.6189f,-1.4972f,1.1944f,-2.3594f,1.4694f,-1.0439f,0.74f,1.6743f,0.6707f,-3.5593f,0.3564f,0f,0f,0f,1f],start_interpolation: 0,interpolation_duration: 1}
$data merge entity $(bone_group12) {transformation: [-2.3351f,-2.6189f,-1.4972f,1.1944f,-2.3594f,1.4694f,-1.0439f,0.74f,1.6743f,0.6707f,-3.5593f,0.3564f,0f,0f,0f,1f],start_interpolation: 0,interpolation_duration: 1}
$data merge entity $(bone_group13) {transformation: [-2.5288f,-1.9512f,-0.5989f,0.9222f,-1.8606f,1.9846f,-0.4176f,0.9598f,1.6095f,0.2387f,-1.4237f,0.3538f,0f,0f,0f,1f],start_interpolation: 0,interpolation_duration: 1}
$data merge entity $(bone_group14) {transformation: [-2.5288f,-1.9512f,-0.5989f,0.9222f,-1.8606f,1.9846f,-0.4176f,0.9598f,1.6095f,0.2387f,-1.4237f,0.3538f,0f,0f,0f,1f],start_interpolation: 0,interpolation_duration: 1}
$data merge entity $(bone_group15) {transformation: [-2.4413f,-2.0597f,-0.5989f,0.9827f,-1.9454f,1.9015f,-0.4176f,0.8899f,1.5975f,0.3087f,-1.4237f,0.3489f,0f,0f,0f,1f],start_interpolation: 0,interpolation_duration: 1}
$data merge entity $(bone_group16) {transformation: [-2.4413f,-2.0597f,-0.5989f,0.9827f,-1.9454f,1.9015f,-0.4176f,0.8899f,1.5975f,0.3087f,-1.4237f,0.3489f,0f,0f,0f,1f],start_interpolation: 0,interpolation_duration: 1}
$data merge entity $(bone_group17) {transformation: [-2.2525f,-2.2646f,-0.5989f,1.0961f,-2.1037f,1.7247f,-0.4176f,0.8132f,1.5645f,0.4468f,-1.4237f,0.3236f,0f,0f,0f,1f],start_interpolation: 0,interpolation_duration: 1}
$data merge entity $(bone_group18) {transformation: [-2.2525f,-2.2646f,-0.5989f,1.0961f,-2.1037f,1.7247f,-0.4176f,0.8132f,1.5645f,0.4468f,-1.4237f,0.3236f,0f,0f,0f,1f],start_interpolation: 0,interpolation_duration: 1}
$data merge entity $(bone_group19) {transformation: [-2.2525f,-2.2646f,-0.5989f,1.1477f,-2.1037f,1.7247f,-0.4176f,0.6983f,1.5645f,0.4468f,-1.4237f,0.3356f,0f,0f,0f,1f],start_interpolation: 0,interpolation_duration: 1}
$data merge entity $(bone_group20) {transformation: [-2.2525f,-2.2646f,-0.5989f,1.1477f,-2.1037f,1.7247f,-0.4176f,0.6983f,1.5645f,0.4468f,-1.4237f,0.3356f,0f,0f,0f,1f],start_interpolation: 0,interpolation_duration: 1}
$data merge entity $(bone_bone11) {transformation: [-0.8344f,-0.0261f,-0.3743f,0.5418f,0.0786f,1.4421f,-0.261f,1.1688f,0.328f,-0.412f,-0.8898f,0.3962f,0f,0f,0f,1f],start_interpolation: 0,interpolation_duration: 1}
$data merge entity $(bone_3) {transformation: [-0.8329f,-0.4076f,-0.3743f,0.5892f,-0.3271f,0.9082f,-0.261f,1.4044f,0.4463f,-0.0949f,-0.8898f,0.3072f,0f,0f,0f,1f],start_interpolation: 0,interpolation_duration: 1}
$data merge entity $(bone_8) {transformation: [-0.8609f,0.1029f,-0.4982f,0.0738f,0.1035f,0.9943f,0.0265f,0.3913f,0.4981f,-0.0288f,-0.8667f,0.5585f,0f,0f,0f,1f],start_interpolation: 0,interpolation_duration: 1}
$data merge entity $(bone_7) {transformation: [-0.8609f,0.0192f,-0.5083f,0.0818f,0.1035f,0.985f,-0.1382f,0.7638f,0.4981f,-0.1715f,-0.85f,0.4949f,0f,0f,0f,1f],start_interpolation: 0,interpolation_duration: 1}