# This file was generated by Animated Java via MC-Build. It is not recommended to edit this file directly.
$data merge entity $(bone_layer) {transformation: [-0.8672f,-0.125f,-0.482f,0.2902f,-0.107f,0.9921f,-0.0649f,1.3654f,0.4863f,-0.0047f,-0.8738f,0.4786f,0f,0f,0f,1f],start_interpolation: 0,interpolation_duration: 1}
$data merge entity $(bone_head) {transformation: [-0.8672f,-0.125f,-0.482f,0.2902f,-0.107f,0.9921f,-0.0649f,1.3654f,0.4863f,-0.0047f,-0.8738f,0.4786f,0f,0f,0f,1f],start_interpolation: 0,interpolation_duration: 1}
$data merge entity $(bone_6) {transformation: [-0.6963f,-0.127f,-0.7065f,0.3589f,-0.1037f,0.9917f,-0.076f,0.4001f,0.7103f,0.0203f,-0.7037f,0.3549f,0f,0f,0f,1f],start_interpolation: 0,interpolation_duration: 1}
$data merge entity $(bone_12) {transformation: [-0.6995f,-0.2194f,-0.6801f,0.2766f,-0.0984f,0.9722f,-0.2124f,0.7647f,0.7078f,-0.0817f,-0.7017f,0.3243f,0f,0f,0f,1f],start_interpolation: 0,interpolation_duration: 1}
$data merge entity $(bone_group3) {transformation: [1.207f,-0.122f,0.2663f,-1.0309f,0.3017f,0.8167f,-0.3893f,1.6685f,-0.2372f,0.435f,0.8055f,1.0036f,0f,0f,0f,1f],start_interpolation: 0,interpolation_duration: 1}
$data merge entity $(bone_group1) {transformation: [1.2239f,-0.1179f,0.1757f,-1.0005f,0.2706f,0.8088f,-0.427f,1.6936f,-0.1753f,0.4507f,0.8127f,0.963f,0f,0f,0f,1f],start_interpolation: 0,interpolation_duration: 1}
$data merge entity $(bone_group4) {transformation: [1.1792f,-0.1275f,0.2027f,-1.0199f,0.282f,0.7811f,-0.4049f,1.6773f,-0.1867f,0.4374f,0.783f,0.9747f,0f,0f,0f,1f],start_interpolation: 0,interpolation_duration: 1}
$data merge entity $(bone_group2) {transformation: [1.1693f,-0.1182f,0.258f,-1.0309f,0.2923f,0.7912f,-0.3771f,1.6685f,-0.2298f,0.4214f,0.7803f,1.0036f,0f,0f,0f,1f],start_interpolation: 0,interpolation_duration: 1}
$data merge entity $(bone_10) {transformation: [-0.7994f,0.2274f,-0.5561f,0.2162f,0.008f,0.9296f,0.3686f,1.0635f,0.6007f,0.2902f,-0.745f,0.4368f,0f,0f,0f,1f],start_interpolation: 0,interpolation_duration: 1}
$data merge entity $(bone_9) {transformation: [-0.7994f,0.2274f,-0.5561f,0.3015f,0.008f,0.9296f,0.3686f,1.4121f,0.6007f,0.2902f,-0.745f,0.5456f,0f,0f,0f,1f],start_interpolation: 0,interpolation_duration: 1}
$data merge entity $(bone_bone12) {transformation: [-0.729f,0.9893f,-0.5734f,0.1217f,0.8488f,1.1062f,0.3686f,1.8639f,0.999f,-0.2179f,-0.7317f,0.3162f,0f,0f,0f,1f],start_interpolation: 0,interpolation_duration: 1}
$data merge entity $(bone_bone1) {transformation: [0.6188f,-0.8363f,0.7344f,0.2913f,-0.6104f,1.2532f,0.673f,0.5319f,-0.4944f,-2.5942f,0.0883f,1.5132f,0f,0f,0f,1f],start_interpolation: 0,interpolation_duration: 1}
$data merge entity $(bone_2) {transformation: [0.7603f,-0.2921f,0.5802f,-0.0368f,-0.2588f,0.683f,0.683f,1.0442f,-0.5958f,-0.6695f,0.4437f,0.872f,0f,0f,0f,1f],start_interpolation: 0,interpolation_duration: 1}
$data merge entity $(bone_bone2) {transformation: [1.4733f,-0.3765f,0.6495f,0.1527f,-0.0231f,1.9136f,0.2905f,0.9219f,-1.3523f,-0.443f,0.7027f,0.7473f,0f,0f,0f,1f],start_interpolation: 0,interpolation_duration: 1}
$data merge entity $(bone_1) {transformation: [0.7603f,0.0088f,0.6495f,-0.0335f,-0.2588f,0.9212f,0.2905f,1.3897f,-0.5958f,-0.3889f,0.7027f,0.7261f,0f,0f,0f,1f],start_interpolation: 0,interpolation_duration: 1}
$data merge entity $(bone_4) {transformation: [-0.8345f,-0.5439f,0.0885f,0.7001f,-0.3356f,0.3741f,-0.8646f,1.128f,0.4371f,-0.7511f,-0.4947f,0.2898f,0f,0f,0f,1f],start_interpolation: 0,interpolation_duration: 1}
$data merge entity $(bone_group5) {transformation: [-3.3378f,-1.1106f,-1.4668f,0.729f,-1.3423f,2.4493f,-1.0158f,0.9157f,1.7485f,-0.2399f,-3.58f,0.4815f,0f,0f,0f,1f],start_interpolation: 0,interpolation_duration: 1}
$data merge entity $(bone_group7) {transformation: [-3.3378f,-1.1106f,-1.4668f,0.729f,-1.3423f,2.4493f,-1.0158f,0.9157f,1.7485f,-0.2399f,-3.58f,0.4815f,0f,0f,0f,1f],start_interpolation: 0,interpolation_duration: 1}
$data merge entity $(bone_group6) {transformation: [-2.3353f,-2.6308f,-1.4668f,1.0934f,-2.3871f,1.45f,-1.0158f,0.9729f,1.6342f,0.6665f,-3.58f,0.316f,0f,0f,0f,1f],start_interpolation: 0,interpolation_duration: 1}
$data merge entity $(bone_group8) {transformation: [-2.3353f,-2.6308f,-1.4668f,1.0934f,-2.3871f,1.45f,-1.0158f,0.9729f,1.6342f,0.6665f,-3.58f,0.316f,0f,0f,0f,1f],start_interpolation: 0,interpolation_duration: 1}
$data merge entity $(bone_group9) {transformation: [-2.3353f,-2.6308f,-1.4668f,1.1455f,-2.3871f,1.45f,-1.0158f,0.8581f,1.6342f,0.6665f,-3.58f,0.3272f,0f,0f,0f,1f],start_interpolation: 0,interpolation_duration: 1}
$data merge entity $(bone_group10) {transformation: [-2.3353f,-2.6308f,-1.4668f,1.1455f,-2.3871f,1.45f,-1.0158f,0.8581f,1.6342f,0.6665f,-3.58f,0.3272f,0f,0f,0f,1f],start_interpolation: 0,interpolation_duration: 1}
$data merge entity $(bone_group11) {transformation: [-2.3353f,-2.6308f,-1.4668f,1.1975f,-2.3871f,1.45f,-1.0158f,0.7433f,1.6342f,0.6665f,-3.58f,0.3385f,0f,0f,0f,1f],start_interpolation: 0,interpolation_duration: 1}
$data merge entity $(bone_group12) {transformation: [-2.3353f,-2.6308f,-1.4668f,1.1975f,-2.3871f,1.45f,-1.0158f,0.7433f,1.6342f,0.6665f,-3.58f,0.3385f,0f,0f,0f,1f],start_interpolation: 0,interpolation_duration: 1}
$data merge entity $(bone_group13) {transformation: [-2.531f,-1.9626f,-0.5867f,0.9243f,-1.8887f,1.9726f,-0.4063f,0.9618f,1.5729f,0.2444f,-1.432f,0.336f,0f,0f,0f,1f],start_interpolation: 0,interpolation_duration: 1}
$data merge entity $(bone_group14) {transformation: [-2.531f,-1.9626f,-0.5867f,0.9243f,-1.8887f,1.9726f,-0.4063f,0.9618f,1.5729f,0.2444f,-1.432f,0.336f,0f,0f,0f,1f],start_interpolation: 0,interpolation_duration: 1}
$data merge entity $(bone_group15) {transformation: [-2.443f,-2.0711f,-0.5867f,0.9851f,-1.9729f,1.8884f,-0.4063f,0.8922f,1.5608f,0.3128f,-1.432f,0.3309f,0f,0f,0f,1f],start_interpolation: 0,interpolation_duration: 1}
$data merge entity $(bone_group16) {transformation: [-2.443f,-2.0711f,-0.5867f,0.9851f,-1.9729f,1.8884f,-0.4063f,0.8922f,1.5608f,0.3128f,-1.432f,0.3309f,0f,0f,0f,1f],start_interpolation: 0,interpolation_duration: 1}
$data merge entity $(bone_group17) {transformation: [-2.2532f,-2.2761f,-0.5867f,1.0991f,-2.13f,1.7093f,-0.4063f,0.8164f,1.5276f,0.4476f,-1.432f,0.3057f,0f,0f,0f,1f],start_interpolation: 0,interpolation_duration: 1}
$data merge entity $(bone_group18) {transformation: [-2.2532f,-2.2761f,-0.5867f,1.0991f,-2.13f,1.7093f,-0.4063f,0.8164f,1.5276f,0.4476f,-1.432f,0.3057f,0f,0f,0f,1f],start_interpolation: 0,interpolation_duration: 1}
$data merge entity $(bone_group19) {transformation: [-2.2532f,-2.2761f,-0.5867f,1.1512f,-2.13f,1.7093f,-0.4063f,0.7016f,1.5276f,0.4476f,-1.432f,0.3169f,0f,0f,0f,1f],start_interpolation: 0,interpolation_duration: 1}
$data merge entity $(bone_group20) {transformation: [-2.2532f,-2.2761f,-0.5867f,1.1512f,-2.13f,1.7093f,-0.4063f,0.7016f,1.5276f,0.4476f,-1.432f,0.3169f,0f,0f,0f,1f],start_interpolation: 0,interpolation_duration: 1}
$data merge entity $(bone_bone11) {transformation: [-0.8371f,-0.0302f,-0.3667f,0.5426f,0.0713f,1.4459f,-0.254f,1.1686f,0.3227f,-0.3979f,-0.895f,0.3778f,0f,0f,0f,1f],start_interpolation: 0,interpolation_duration: 1}
$data merge entity $(bone_3) {transformation: [-0.8345f,-0.4113f,-0.3667f,0.5894f,-0.3356f,0.9071f,-0.254f,1.4053f,0.4371f,-0.0889f,-0.895f,0.2914f,0f,0f,0f,1f],start_interpolation: 0,interpolation_duration: 1}
$data merge entity $(bone_8) {transformation: [-0.8634f,0.1038f,-0.4938f,0.0767f,0.1042f,0.9942f,0.0268f,0.3933f,0.4937f,-0.0283f,-0.8692f,0.5429f,0f,0f,0f,1f],start_interpolation: 0,interpolation_duration: 1}
$data merge entity $(bone_7) {transformation: [-0.8634f,0.0156f,-0.5043f,0.0832f,0.1042f,0.9835f,-0.1479f,0.7647f,0.4937f,-0.1802f,-0.8508f,0.4759f,0f,0f,0f,1f],start_interpolation: 0,interpolation_duration: 1}